VTuber ID,Video Type,Title,Publish Time,URL,Thumbnail URL
20181f161f2c42d49003d8dee458dd5e,upcoming,【游戏台】【R6】今日份祸害队员咯！！！！,1970-01-01T00:00:00Z,https://www.youtube.com/watch?v=RXdz1BpHePQ,https://i.ytimg.com/vi/RXdz1BpHePQ/mqdefault_live.jpg
84111bbae2be41ea96c8b2f6c755f00c,upcoming,「冰菓こおり Hyouka Koori Ch.」直播,1970-01-01T00:00:00Z,https://www.youtube.com/watch?v=4ev4U8yTjm0,https://i.ytimg.com/vi/4ev4U8yTjm0/mqdefault_live.jpg
aab094af87d74f3cbcb332bdac03fa23,upcoming,【雜談】假日嘛~我們就亂聊亂唱?【赫姆‧謝普蘇】,1970-01-01T00:00:00Z,https://www.youtube.com/watch?v=BL5jUWj7UvE,https://i.ytimg.com/vi/BL5jUWj7UvE/mqdefault_live.jpg
838f883ea01f431f97bfe9dbf3064422,upcoming,【原神】熾烈的還魂詩-拯救納塔最終章,1970-01-01T00:00:00Z,https://www.youtube.com/watch?v=_SNFnJsxyDc,https://i.ytimg.com/vi/_SNFnJsxyDc/mqdefault_live.jpg
81699719ffc04e4e92bb3207ab8a7a83,upcoming,「逆恩Neon ch.」直播,1970-01-01T00:00:00Z,https://www.youtube.com/watch?v=bsR3clYxS8I,https://i.ytimg.com/vi/bsR3clYxS8I/mqdefault_live.jpg
fc7fa0c5a7604cc8a420ee89472fcac3,upcoming,「青逸 Silas ch.」直播,1970-01-01T00:00:00Z,https://www.youtube.com/watch?v=Bmi2qWqmx08,https://i.ytimg.com/vi/Bmi2qWqmx08/mqdefault_live.jpg
0b1217df534d441bbdeb11d5f2a6465b,upcoming,【合唱歌回】和充滿春天氣息的櫻花精靈  #Miumi,1970-01-01T00:00:00Z,https://www.youtube.com/watch?v=8mRevGDO4oY,https://i.ytimg.com/vi/8mRevGDO4oY/mqdefault_live.jpg
23ec5ecfb8c14ea893576783f1790643,upcoming,【早安台】🖤上班上課早起辛苦了🖤陪大家聊聊天囉 ~~ 【劫羅】 #vtuber #台v #星軌工作室,1970-01-01T00:00:00Z,https://www.youtube.com/watch?v=YZNU3K3JmWE,https://i.ytimg.com/vi/YZNU3K3JmWE/mqdefault_live.jpg
fe0305c914c549879b315b6dc3204748,upcoming,「安露 • 書拉密 あんず • シュラム  将棋系Vtuber 」直播,1970-01-01T00:00:00Z,https://www.youtube.com/watch?v=AIEBI_TIJOU,https://i.ytimg.com/vi/AIEBI_TIJOU/mqdefault_live.jpg
93785f5e8b614be98bf8e096f5b1f997,upcoming,【 練習說話主播 】玩玩小品遊戲 -2,1970-01-01T00:00:00Z,https://www.youtube.com/watch?v=clI-2o_F9QU,https://i.ytimg.com/vi/clI-2o_F9QU/mqdefault_live.jpg
af9a2d0fab684be9b9da09e251f6bae6,upcoming,「豆豆果柴 doudouguochai」直播,1970-01-01T00:00:00Z,https://www.youtube.com/watch?v=5fJaVJly-eI,https://i.ytimg.com/vi/5fJaVJly-eI/mqdefault_live.jpg
f42c6f5877f14a38aef3f3b515769149,upcoming,【蘇丹的遊戲】跟風爆紅新作！(初見大歓迎) #台V #vtuber,1970-01-01T00:00:00Z,https://www.youtube.com/watch?v=NmGe4y2nLdM,https://i.ytimg.com/vi/NmGe4y2nLdM/mqdefault_live.jpg
f0b85b56d1d84085aca5ab7f592bd7da,upcoming,【】,1970-01-01T00:00:00Z,https://www.youtube.com/watch?v=yLNNWeyQ570,https://i.ytimg.com/vi/yLNNWeyQ570/mqdefault_live.jpg
36497373f4734ce49ea8cb6a703f050b,upcoming,「ORI ch. 禮」直播,1970-01-01T00:00:00Z,https://www.youtube.com/watch?v=B29cQxeVEUo,https://i.ytimg.com/vi/B29cQxeVEUo/mqdefault_live.jpg
4b53aa789e544bd9aaecc9fbc79e4bbe,upcoming,🦜喉が治ってきたので寝る前に歌います…！【ゲリラ歌枠】💡,1970-01-01T00:00:00Z,https://www.youtube.com/watch?v=QRCf6NDyVnc,https://i.ytimg.com/vi/QRCf6NDyVnc/mqdefault_live.jpg
8ae0f370cf124faa953a09089a427fd9,upcoming,「早安呦、可悠悠🪻Koyoyo Ch.」直播,1970-01-01T00:00:00Z,https://www.youtube.com/watch?v=HBw8AaXyMuQ,https://i.ytimg.com/vi/HBw8AaXyMuQ/mqdefault_live.jpg
899e5f40cf7f49a8808969866758779e,upcoming,[ 遊戲台 ] 心結系?PicoPark @jiuxiao_ch,1970-01-01T00:00:00Z,https://www.youtube.com/watch?v=dyHN4Jv-HTs,https://i.ytimg.com/vi/dyHN4Jv-HTs/mqdefault_live.jpg
4c4ebb91c8a346b2876d1ccd1a32dead,upcoming,「黛鶇 / Mayuzumi Tsugumi」直播,1970-01-01T00:00:00Z,https://www.youtube.com/watch?v=grJ145s2sHE,https://i.ytimg.com/vi/grJ145s2sHE/mqdefault_live.jpg
9e5e58a212584007b1ab1f22f5c59438,upcoming,『黑歷史 #初配信』入侵學園的可疑份子？【水凪ゆい】嗚嗚你們不要再看初配信了啦！,1970-01-01T00:00:00Z,https://www.youtube.com/watch?v=X8C6YUmQCIQ,https://i.ytimg.com/vi/X8C6YUmQCIQ/mqdefault_live.jpg
340d9b553db042bdb8294ba2f9fd6990,upcoming,03/23 突發魔物獵人,1970-01-01T00:00:00Z,https://www.youtube.com/watch?v=MuNFIB2ObrE,https://i.ytimg.com/vi/MuNFIB2ObrE/mqdefault_live.jpg
803435ca691f43a4b02360926fee23d1,upcoming,【柚香】#星穹鐵道  | #柚柚TV #直播紀錄 | #0505,1970-01-01T00:00:00Z,https://www.youtube.com/watch?v=s3uOo_nIY20,https://i.ytimg.com/vi/s3uOo_nIY20/mqdefault_live.jpg
e7e219a17a7644cd9d28a2ab871f5f7c,upcoming,【蕾蕾】下雨天舔耳復健 👂3dio ASMR💖｜耳舐め｜Ear Licking💦,1970-01-01T00:00:00Z,https://www.youtube.com/watch?v=rPKybkR8sTE,https://i.ytimg.com/vi/rPKybkR8sTE/mqdefault_live.jpg
20aa88e16d77400b9bc4e72df1b2a588,upcoming,【雜談】測試｜若禾Nyaka #初見歡迎 #vtuber,1970-01-01T00:00:00Z,https://www.youtube.com/watch?v=OtZ3ZsoTqgA,https://i.ytimg.com/vi/OtZ3ZsoTqgA/mqdefault_live.jpg
018244f1ad404c9eaa4ddf747c3bafa0,upcoming,【優米雅的鍊金工房 追憶之鍊金術士與幻創之地】瑪那控制塔！ (Switch),1970-01-01T00:00:00Z,https://www.youtube.com/watch?v=RtFv721jOyg,https://i.ytimg.com/vi/RtFv721jOyg/mqdefault_live.jpg
1a39f2817a8d4b2d941677c2a07e896a,upcoming,【突發工作雜談台】今天適合還債配horoyoi喝呵呵呵呵(?,1970-01-01T00:00:00Z,https://www.youtube.com/watch?v=YbgCxMY-oyk,https://i.ytimg.com/vi/YbgCxMY-oyk/mqdefault_live.jpg
2683fa864bd24112b6f7d04afb096a4e,upcoming,【 突發 】無聊練練歌！！快來陪崽崽聊聊天、聽聽歌吧！！！#兔崽崽吵什麼吵 #vtuber #台v,1970-01-01T00:00:00Z,https://www.youtube.com/watch?v=W5em6XDUE7Q,https://i.ytimg.com/vi/W5em6XDUE7Q/mqdefault_live.jpg
626750f4e7a745619c171c44fb1efcc0,upcoming,【天使Vtuber小雪Yukichan】#台灣Vtuber #Vtuber,1970-01-01T00:00:00Z,https://www.youtube.com/watch?v=8Q2GjVdEwSk,https://i.ytimg.com/vi/8Q2GjVdEwSk/mqdefault_live.jpg
b572cb7de27446e3bcda5135f6a23d8a,upcoming,「真夜 幽禰 Mayo Yuune ch.」直播,1970-01-01T00:00:00Z,https://www.youtube.com/watch?v=XOF2JRrusvE,https://i.ytimg.com/vi/XOF2JRrusvE/mqdefault_live.jpg
25027be34ca844c885f40d5c26507898,upcoming,直播測試(ﾉ◕ヮ◕)ﾉ*:･ﾟ✧,1970-01-01T00:00:00Z,https://www.youtube.com/watch?v=q_heUEQNiyA,https://i.ytimg.com/vi/q_heUEQNiyA/mqdefault_live.jpg
2ca270e6e6644bc0957fc5c49f0ca4f2,upcoming,「唄音UtaTone ch.」直播,1970-01-01T00:00:00Z,https://www.youtube.com/watch?v=MCXJTwnLr6U,https://i.ytimg.com/vi/MCXJTwnLr6U/mqdefault_live.jpg
df02d1a89bc74c928c825773996bbb7b,upcoming,「MoMiAモミア」直播,1970-01-01T00:00:00Z,https://www.youtube.com/watch?v=NPo9SCG-XbY,https://i.ytimg.com/vi/NPo9SCG-XbY/mqdefault_live.jpg
f110fd69b66941bab04de9ada563c6ac,upcoming,「Aoi Hinamori Ch.」直播,1970-01-01T00:00:00Z,https://www.youtube.com/watch?v=ouUZx8URVvY,https://i.ytimg.com/vi/ouUZx8URVvY/mqdefault_live.jpg
506d9c6fdbd34c8aa5fda64d90d96ac2,upcoming,【幻塔】誤打誤開,1970-01-01T00:00:00Z,https://www.youtube.com/watch?v=dfZPcuqE_Pw,https://i.ytimg.com/vi/dfZPcuqE_Pw/mqdefault_live.jpg
dc0868efeac540bfac9b383bd65a82e6,upcoming,◈用還沒恢復的嗓子清唱你熟悉的中文歌之ファースト縦型配信（o´・ェ・｀o） 初アカペラ歌枠配信～🌟,1970-01-01T00:00:00Z,https://www.youtube.com/watch?v=wvVPvk1BYBc,https://i.ytimg.com/vi/wvVPvk1BYBc/mqdefault_live.jpg
6695a7e8f824489881f2c321501a36a6,upcoming,【畫圖閒聊台】突發~不曉得為什麼，畫圖的時候就好想吃點甜的呢~【南瓜男Pumpkin man】,1970-01-01T00:00:00Z,https://www.youtube.com/watch?v=mOpED-_5eLU,https://i.ytimg.com/vi/mOpED-_5eLU/mqdefault_live.jpg
9948190bc88442f4a0757eed54fb24f0,upcoming,「宮祈緣」直播,1970-01-01T00:00:00Z,https://www.youtube.com/watch?v=ykfLXdtPIbs,https://i.ytimg.com/vi/ykfLXdtPIbs/mqdefault_live.jpg
63f727e673b9460abd6f7079bcbb1865,upcoming,《 第五人格 / Identity V 》05 / 08 - 今天好熱，感覺要融化了都 【穎兒Yinger】,1970-01-01T00:00:00Z,https://www.youtube.com/watch?v=PjgLwa6pRrs,https://i.ytimg.com/vi/PjgLwa6pRrs/mqdefault_live.jpg
07c204505d544b28bb52426d0665a59c,upcoming,幽櫻雪梓 SakuraYukizusa ch【準備中】 Live Stream,1970-01-01T00:00:00Z,https://www.youtube.com/watch?v=XMFJEbLdB5I,https://i.ytimg.com/vi/XMFJEbLdB5I/mqdefault_live.jpg
8a86c4d0f4ce462a92c6bf09c027e432,upcoming,【Pokemon TCG Pocket】【ポケポケ】觀眾參加型！ 快來把右手舉高高，讓我認識你！,1970-01-01T00:00:00Z,https://www.youtube.com/watch?v=NNna_dR_mY0,https://i.ytimg.com/vi/NNna_dR_mY0/mqdefault_live.jpg
60234dcffd2b42f097a78aaf121d410f,upcoming,【突發】突發!!!! 來做周表啦🫣🫣【#vtuber 】【#狐狼播播】,1970-01-01T00:00:00Z,https://www.youtube.com/watch?v=YGSJFTfif7I,https://i.ytimg.com/vi/YGSJFTfif7I/mqdefault_live.jpg
bd7947d2357941039893b911b18f3b4c,upcoming,05/08【世紀帝國2】張飛打岳飛！ (Road to 1429!),1970-01-01T00:00:00Z,https://www.youtube.com/watch?v=lh5x6vz8ggY,https://i.ytimg.com/vi/lh5x6vz8ggY/mqdefault_live.jpg
6baf9b6a84a44ab3a6979d98bff7ee21,upcoming,「諾恪里 Nokori」直播,1970-01-01T00:00:00Z,https://www.youtube.com/watch?v=oSjebk2tLoM,https://i.ytimg.com/vi/oSjebk2tLoM/mqdefault_live.jpg
a667c79cb8284de29d5843dc3eafcc57,upcoming,「巴巴鼬戈 / Baba Yoger Ch.」直播,1970-01-01T00:00:00Z,https://www.youtube.com/watch?v=HwVxvdm8MM0,https://i.ytimg.com/vi/HwVxvdm8MM0/mqdefault_live.jpg
f227226fd52e4fbe801b4c89acfe4887,upcoming,「土芒果社-緒莉亞」直播,1970-01-01T00:00:00Z,https://www.youtube.com/watch?v=HShvC6qV6SA,https://i.ytimg.com/vi/HShvC6qV6SA/mqdefault_live.jpg
d33940525b7f4b9db9ce85e08b4c175e,upcoming,【歌回台】 Let's sing a little,1970-01-01T00:00:00Z,https://www.youtube.com/watch?v=sCB_zR-Ysho,https://i.ytimg.com/vi/sCB_zR-Ysho/mqdefault_live.jpg
9fb51e14ba1c499eb6383a7a166a4d52,upcoming,#突發 #楓之谷Artal │回來要做個牢吧！對吧！陪我坐牢吧！│ 20250508│ #vtuber #成陽 #初見歡迎,1970-01-01T00:00:00Z,https://www.youtube.com/watch?v=FzRk7AJVwtU,https://i.ytimg.com/vi/FzRk7AJVwtU/mqdefault_live.jpg
65ab938b60074946af1ea65a002c70df,upcoming,不想開學 嗚嗚嗚嗚嗚,1970-01-01T00:00:00Z,https://www.youtube.com/watch?v=LN62D76cch4,https://i.ytimg.com/vi/LN62D76cch4/mqdefault_live.jpg
407d2bd02ef04b9ea28e5189383942be,upcoming,「瑯&曇 Shishi&Kumori Ch. ⟣Phoebus⟢」直播,1970-01-01T00:00:00Z,https://www.youtube.com/watch?v=mF2v1nMAUog,https://i.ytimg.com/vi/mF2v1nMAUog/mqdefault_live.jpg
accbad7e89df4174a13b68edcae74068,upcoming,【雜談】來跟小鯨研究一下台灣與小漁港的都市傳說！🐳【神子澤小鯨 ／芥川組】#一閃一閃亮鯨鯨#初見歡迎#台v,1970-01-01T00:00:00Z,https://www.youtube.com/watch?v=0FPzLJdwIGw,https://i.ytimg.com/vi/0FPzLJdwIGw/mqdefault_live.jpg
a429c3010da544bab919814a3ea472a4,upcoming,炸台了,1970-01-01T00:00:00Z,https://www.youtube.com/watch?v=PzCpWj6Cu3s,https://i.ytimg.com/vi/PzCpWj6Cu3s/mqdefault_live.jpg
bac6a676ace94e759d9faaaed94ce1b1,upcoming,紂煮乃一夜 / Hitoyo Chuunino Live Stream,1970-01-01T00:00:00Z,https://www.youtube.com/watch?v=GIdyJo176y8,https://i.ytimg.com/vi/GIdyJo176y8/mqdefault_live.jpg
cd4c94db2aed435794cc7e55999016e7,upcoming,【生嚿叉燒好過生你】死人時間遊戲台 2【猫村彌音】,1970-01-01T00:00:00Z,https://www.youtube.com/watch?v=SqIUEwnM4uc,https://i.ytimg.com/vi/SqIUEwnM4uc/mqdefault_live.jpg
8796ee6fb25b4b40a8ad9a188059951a,upcoming,「天藍朵朵Vtuber BlueDoDo」直播,1970-01-01T00:00:00Z,https://www.youtube.com/watch?v=4AVO81Iff2A,https://i.ytimg.com/vi/4AVO81Iff2A/mqdefault_live.jpg
5c5880d994854afbbea0a35716bce186,upcoming,apex 來拿場冠軍吧 #apex,1970-01-01T00:00:00Z,https://www.youtube.com/watch?v=6Q1FJHXRZ7g,https://i.ytimg.com/vi/6Q1FJHXRZ7g/mqdefault_live.jpg
0b0668c6206c4500bdcbc281ee58680c,upcoming,「YukiNyanko 雪雪芙芙 ch.」直播,1970-01-01T00:00:00Z,https://www.youtube.com/watch?v=-5smNziGD1w,https://i.ytimg.com/vi/-5smNziGD1w/mqdefault_live.jpg
4307c0486d204edc9d2be8d0c76949d5,upcoming,「莎庫菈」直播,1970-01-01T00:00:00Z,https://www.youtube.com/watch?v=sCk4j4UQDJE,https://i.ytimg.com/vi/sCk4j4UQDJE/mqdefault_live.jpg
734477be3c5d42afbdde5356c6a6e8ee,upcoming,【#傳說對決 ]爽啊!30抽出赤鬼伯伯|免費貝殼幣|觀眾場啟動!!![#雪魚子],1970-01-01T00:00:00Z,https://www.youtube.com/watch?v=7kTB-HYkiDQ,https://i.ytimg.com/vi/7kTB-HYkiDQ/mqdefault_live.jpg
c587658ad4fe44b09137591c094ab297,upcoming,【遊戲】出差回來小玩一下遊戲•ZZZ｜黒崎くも Kumo,1970-01-01T00:00:00Z,https://www.youtube.com/watch?v=gyU-I3Qw6_g,https://i.ytimg.com/vi/gyU-I3Qw6_g/mqdefault_live.jpg
fd5a1e004f224586aa65f9c5b374cc4a,upcoming,「芙蕾亞Freya」直播,1970-01-01T00:00:00Z,https://www.youtube.com/watch?v=-UhFh2ufGzg,https://i.ytimg.com/vi/-UhFh2ufGzg/mqdefault_live.jpg
ea31f43c943742be847e205495fc64ad,upcoming,荻野いのり Live Stream,1970-01-01T00:00:00Z,https://www.youtube.com/watch?v=JjTHsK6rk_U,https://i.ytimg.com/vi/JjTHsK6rk_U/mqdefault_live.jpg
9643c650b1804107b85de1f08010aa9d,upcoming,【楓谷Artale】純刀賊37~ 重開繞了一圈又想回去打老鼠。 中文/日本語OK  | 2025.05.06 | #初見歡迎  #遊戲人,1970-01-01T00:00:00Z,https://www.youtube.com/watch?v=EPBrNXrm_UA,https://i.ytimg.com/vi/EPBrNXrm_UA/mqdefault_live.jpg
3a13b2827ef048859006a3acb74c175a,upcoming,「嫣苒」直播,1970-01-01T00:00:00Z,https://www.youtube.com/watch?v=ewr7xrzi3EU,https://i.ytimg.com/vi/ewr7xrzi3EU/mqdefault_live.jpg
c61d5dd825d5423fac8fd1bc0596d1ff,upcoming,「火吻怪盜卡門FireKiss ch.」直播,1970-01-01T00:00:00Z,https://www.youtube.com/watch?v=azWDIYnhFwo,https://i.ytimg.com/vi/azWDIYnhFwo/mqdefault_live.jpg
0f11420beab0442eae0208ac63d4474c,upcoming,尼爾:自動人形 Day.02 | 拜託來找我聊天:3,1970-01-01T00:00:00Z,https://www.youtube.com/watch?v=TIE6fc04bws,https://i.ytimg.com/vi/TIE6fc04bws/mqdefault_live.jpg
07930a961f0b4078a14f0a57f0a93965,upcoming,【九日】Low% pt.7 天道圍毆中心【鶴目瑞羽】,1970-01-01T00:00:00Z,https://www.youtube.com/watch?v=3wBJzUZqLbc,https://i.ytimg.com/vi/3wBJzUZqLbc/mqdefault_live.jpg
031e5c207b634c6ab08dbc0a361ba52e,upcoming,「常闇やみや Yami ch.」直播,1970-01-01T00:00:00Z,https://www.youtube.com/watch?v=kLGEUMoixO0,https://i.ytimg.com/vi/kLGEUMoixO0/mqdefault_live.jpg
53707f0116dc4fca8614ac7139e40b83,upcoming,【】【喪屍迪】#台灣vtuber,1970-01-01T00:00:00Z,https://www.youtube.com/watch?v=70kEX0c2okI,https://i.ytimg.com/vi/70kEX0c2okI/mqdefault_live.jpg
853afd5eb42e4f61bb0f9478aa8c1661,upcoming,「日野玗」直播,1970-01-01T00:00:00Z,https://www.youtube.com/watch?v=KTDyGNh9q24,https://i.ytimg.com/vi/KTDyGNh9q24/mqdefault_live.jpg
c8be762bd62e4e7ba7405f23f670c271,upcoming,「奏星絃」直播,1970-01-01T00:00:00Z,https://www.youtube.com/watch?v=5Y0YqLsdbjY,https://i.ytimg.com/vi/5Y0YqLsdbjY/mqdefault_live.jpg
cb52afa541704e6e8f1098a20679135c,upcoming,test,1970-01-01T00:00:00Z,https://www.youtube.com/watch?v=C_TYIr4CrOo,https://i.ytimg.com/vi/C_TYIr4CrOo/mqdefault_live.jpg
1db7ec043f284eaea0bd2213ecce2bad,upcoming,【王者榮耀Honor of King】也也也也也也還是王者農藥！,1970-01-01T00:00:00Z,https://www.youtube.com/watch?v=_BmZNbonVIw,https://i.ytimg.com/vi/_BmZNbonVIw/mqdefault_live.jpg
2a897c484c05483f9a46467e8f448314,upcoming,【突發雜談】來聊聊台中行，跟我發炎的雙手| @edrain1109 |,1970-01-01T00:00:00Z,https://www.youtube.com/watch?v=Tm6VJd1qj2c,https://i.ytimg.com/vi/Tm6VJd1qj2c/mqdefault_live.jpg
a2188c1a225e4f93a64e3385fa02d779,upcoming,【璃墨 リモ】速唱一下 ！,1970-01-01T00:00:00Z,https://www.youtube.com/watch?v=ThtoEczkpCM,https://i.ytimg.com/vi/ThtoEczkpCM/mqdefault_live.jpg
20b9316c0979495fbff724be3442d4a4,upcoming,【怪物猎人物语2：毁灭之翼 Monster Hunter Stories2】EP16 [城 游音Yune] #游音,1970-01-01T00:00:00Z,https://www.youtube.com/watch?v=nhPj7a6laUo,https://i.ytimg.com/vi/nhPj7a6laUo/mqdefault_live.jpg
8881d23b0a3c426590c8a2509e363ec1,upcoming,【GTAV RP#赤紫都】Day４，再努力值個班【布莉姬】,1970-01-01T00:00:00Z,https://www.youtube.com/watch?v=Xe0SMlAMkVQ,https://i.ytimg.com/vi/Xe0SMlAMkVQ/mqdefault_live.jpg
2885972c2d0943e6b697bdc5e72c1d4a,upcoming,【日籍台V】情人節🍫💖和日本人妻Vtuber一起享受餐後的台灣巧克力吧🍫💖#shorts #初見歡迎 #降落歡迎 #vtuber #烈芝麻 【中文字幕/EN Subtitle】,1970-01-01T00:00:00Z,https://www.youtube.com/watch?v=7R1SV8t7JYE,https://i.ytimg.com/vi/7R1SV8t7JYE/mqdefault_live.jpg
9ad37d3249e24861bc8cb84368883258,upcoming,▲読む配信▼ 魔女之家 - 艾琳的日記 - 3   _夏賀円那｜#vtuber  #初見者歡迎  #初見大歓迎 #初見さん優先,1970-01-01T00:00:00Z,https://www.youtube.com/watch?v=ORG7gnglj4k,https://i.ytimg.com/vi/ORG7gnglj4k/mqdefault_live.jpg
d9171721f30c421cb182deba2fddf18c,upcoming,「空明蒼翠𖤓kuu mei sou sui」直播,1970-01-01T00:00:00Z,https://www.youtube.com/watch?v=RFxvhjOOijs,https://i.ytimg.com/vi/RFxvhjOOijs/mqdefault_live.jpg
869d9d9067b64dd78418cc258cb6607b,upcoming,測試4,1970-01-01T00:00:00Z,https://www.youtube.com/watch?v=FHSrwRsD5zM,https://i.ytimg.com/vi/FHSrwRsD5zM/mqdefault_live.jpg
36890ed250164897a7ab1066b83ad547,upcoming,「EVI ch. 伊」直播,1970-01-01T00:00:00Z,https://www.youtube.com/watch?v=sqEcCyyIcZE,https://i.ytimg.com/vi/sqEcCyyIcZE/mqdefault_live.jpg
aef2ed42d49343f28394b6335695b5ac,upcoming,【秧雲】5/8《WRC10，七龍珠 異戰2，對馬戰鬼，維納斯假期》感謝訂閱~感謝掛台~⎝༼ ◓﹃◔༽⎠@yuncream,1970-01-01T00:00:00Z,https://www.youtube.com/watch?v=wvqnLQzuVhA,https://i.ytimg.com/vi/wvqnLQzuVhA/mqdefault_live.jpg
e93182ff3a954e0e92567136dc3659ed,upcoming,【突發】 心血來潮想打槍戰!! 臨時抓了一隻企鵝來一起Apex #新人Vtuber #reality #台灣Vtuber  #魔希玖玖#迷因  #迷幻系 #vtuber,1970-01-01T00:00:00Z,https://www.youtube.com/watch?v=lfTlREFN7Mo,https://i.ytimg.com/vi/lfTlREFN7Mo/mqdefault_live.jpg
c747687c19704747b4cae2d4d5715aa0,upcoming,【涅婭】 今天是測試直播中，如果斷線請到圖期找我,1970-01-01T00:00:00Z,https://www.youtube.com/watch?v=BonhIgwZ1Bo,https://i.ytimg.com/vi/BonhIgwZ1Bo/mqdefault_live.jpg
b683189bcb63413d87c8d6a6c9d44f4c,upcoming,【遊戲】.....爛砲兵的特戰打不開 改雜談(#`皿´)【桐咲kiri_saki】,1970-01-01T00:00:00Z,https://www.youtube.com/watch?v=tCrlFSzFsD4,https://i.ytimg.com/vi/tCrlFSzFsD4/mqdefault_live.jpg
160f90709224412f9cfc2aaa88e89a57,upcoming,【突發】逃離塔科夫全新任務''轟炸區'' #pve,1970-01-01T00:00:00Z,https://www.youtube.com/watch?v=LEEP_yc5UaU,https://i.ytimg.com/vi/LEEP_yc5UaU/mqdefault_live.jpg
aa9fa329d639488dbb860b8f8b3235f8,upcoming,Miyasaka ch. 宮榊リエ  Live Stream,1970-01-01T00:00:00Z,https://www.youtube.com/watch?v=SAH5OEjKK-I,https://i.ytimg.com/vi/SAH5OEjKK-I/mqdefault_live.jpg
8814a6eccdd04fa6bf2f8201f12bf8ae,upcoming,想到甚麼做甚麼｜歡迎訂閱聊天｜#台灣vtuber,1970-01-01T00:00:00Z,https://www.youtube.com/watch?v=SaCVjfQOXMU,https://i.ytimg.com/vi/SaCVjfQOXMU/mqdefault_live.jpg
40aa59fe29c64def89ab5fdce90b89ae,upcoming,真.意義不明 [廢片] x 真意義【HKVTuber】的即時串流,1970-01-01T00:00:00Z,https://www.youtube.com/watch?v=4J5wcX_QmYw,https://i.ytimg.com/vi/4J5wcX_QmYw/mqdefault_live.jpg
b21dcc4162384eee9edd3ca7251795f2,upcoming,【突發】唱唱歌聊聊天！繼續測試一下應急用電腦的狀況如何，再卡爛就真的無期限休息( •̀ ω •́ )✧【Noah諾亞】,1970-01-01T00:00:00Z,https://www.youtube.com/watch?v=zbhPb91zAd8,https://i.ytimg.com/vi/zbhPb91zAd8/mqdefault_live.jpg
a5a59537edc54be3919408276c556bd7,upcoming,睡不着随便玩玩（ 帕克 ）,1970-01-01T00:00:00Z,https://www.youtube.com/watch?v=wNlVQIUo8is,https://i.ytimg.com/vi/wNlVQIUo8is/mqdefault_live.jpg
451162e7f4c041edb3447732eba1937a,upcoming,「綾月Ayazuki」直播,1970-01-01T00:00:00Z,https://www.youtube.com/watch?v=6ByCZfPPQVU,https://i.ytimg.com/vi/6ByCZfPPQVU/mqdefault_live.jpg
40fca873cd074b01baa8f9b006f50d00,upcoming,【Elden Ring DLC】回來了! 一切都回來了!,1970-01-01T00:00:00Z,https://www.youtube.com/watch?v=Imt76yeEAW4,https://i.ytimg.com/vi/Imt76yeEAW4/mqdefault_live.jpg
1058d6e9f351455389e8a7a716ea26ff,upcoming,【 #崩壊スターレイル￤崩壊：星穹鐵道 】星鐵LIVE一起看、周邊開箱！,1970-01-01T00:00:00Z,https://www.youtube.com/watch?v=wMEEUX8t698,https://i.ytimg.com/vi/wMEEUX8t698/mqdefault_live.jpg
af132d32a46342178ed398b3c4243e80,upcoming,突发Apex(っ °Д °;)っ[#vtuber ],1970-01-01T00:00:00Z,https://www.youtube.com/watch?v=Lzxy83tX3fY,https://i.ytimg.com/vi/Lzxy83tX3fY/mqdefault_live.jpg
40a4357f990e4fd8ad2ac18c26603925,upcoming,《神社仕事中》TW/YT  二轉 該不會又要打五天,1970-01-01T00:00:00Z,https://www.youtube.com/watch?v=1-4UFBYps1Y,https://i.ytimg.com/vi/1-4UFBYps1Y/mqdefault_live.jpg
40bb881e52be4d8b9c66a60be89e0504,upcoming,【新人畢業】回歸初心，在修仙中尋求星爆是否搞錯了什麼【EX】｜畢業｜突發連動｜TRPG｜新人畢業｜#台V #男V #新人vtuber #台V #免費遊戲 #dnd5e #畢業 #新人畢業,1970-01-01T00:00:00Z,https://www.youtube.com/watch?v=nExdpXQnrkk,https://i.ytimg.com/vi/nExdpXQnrkk/mqdefault_live.jpg
fcf160e0e39147b4b4037d1e4d18f076,upcoming,【突發麥塊】我好像很久沒有開台? 那就來雜談吧 順便蓋蓋地圖繪【夜楓月宸】,1970-01-01T00:00:00Z,https://www.youtube.com/watch?v=z6Jl2prSe7A,https://i.ytimg.com/vi/z6Jl2prSe7A/mqdefault_live.jpg
41e1aa0eab8d4ec5a4010833581f5b92,upcoming,週表放置區,1970-01-01T00:00:00Z,https://www.youtube.com/watch?v=IaYEjcw4JxU,https://i.ytimg.com/vi/IaYEjcw4JxU/mqdefault_live.jpg
b0e88b4d4e5d41c4b5edd07540dc3637,upcoming,【】【柚鈴Yuurei / Vsupport】,1970-01-01T00:00:00Z,https://www.youtube.com/watch?v=Z9XSCHPQwxg,https://i.ytimg.com/vi/Z9XSCHPQwxg/mqdefault_live.jpg
25b1a8ceab1d439491fb4e98013cd0fc,upcoming,「畢姆 ch. 」直播,1970-01-01T00:00:00Z,https://www.youtube.com/watch?v=tl9P8HFM3aU,https://i.ytimg.com/vi/tl9P8HFM3aU/mqdefault_live.jpg
82d5f7612b7645f3a77dd954a0e30b24,upcoming,「Suzuran Ch.花崎すずらん【HKVTUBER】」直播,1970-01-01T00:00:00Z,https://www.youtube.com/watch?v=HgDpFyuNjRU,https://i.ytimg.com/vi/HgDpFyuNjRU/mqdefault_live.jpg
b0f523194beb4abca2b433e9e41d912c,upcoming,「Haini ch. 海霓」直播,1970-01-01T00:00:00Z,https://www.youtube.com/watch?v=hsETTXpmDT0,https://i.ytimg.com/vi/hsETTXpmDT0/mqdefault_live.jpg
5efdd7a401eb430ba20cb6f391fbbce3,upcoming,「墨水匣 Moshuixia」直播,1970-01-01T00:00:00Z,https://www.youtube.com/watch?v=LIps9Hs4a4g,https://i.ytimg.com/vi/LIps9Hs4a4g/mqdefault_live.jpg
a1608f0690584f07bf7aaf84ed9e4d8f,upcoming,【繪圖安價】和雞米花們一起創造出究極的OC吧！！！,1970-01-01T00:00:00Z,https://www.youtube.com/watch?v=Y4U2kHYNjEo,https://i.ytimg.com/vi/Y4U2kHYNjEo/mqdefault_live.jpg
238b751368474f798a737e7cf1f4a87b,upcoming,今日副本：⚔️魔物獵人 荒野⚔️ | 誰打歷戰纏蛙會貓車！！！| 20250405 FT. @mecokuma @Ashe_ch @kuro777,1970-01-01T00:00:00Z,https://www.youtube.com/watch?v=vINiUUr2U94,https://i.ytimg.com/vi/vINiUUr2U94/mqdefault_live.jpg
905304e606344aba8c84b83717453f5e,upcoming,【巔峰極速】一起賽車｜新世紀福音戰士｜巔峰合作ＥＶＡ｜邁向１０００訂閱歡迎各位訂閱｜ #VTube #初見歡迎  #巔峰極速 #EVA  #新世紀福音戰士,1970-01-01T00:00:00Z,https://www.youtube.com/watch?v=lIDQ5jBISB8,https://i.ytimg.com/vi/lIDQ5jBISB8/mqdefault_live.jpg
e6a9746af2a84387b6ed5a7d3a4434da,upcoming,擠在一起的狗狗！究竟是狗狗先擠在一起還是吉比的腦袋先擠在一起呢？【#遊戲直播 】,1970-01-01T00:00:00Z,https://www.youtube.com/watch?v=IL3z9FfF98I,https://i.ytimg.com/vi/IL3z9FfF98I/mqdefault_live.jpg
92e03a33b1e640f6aa94211011de5d24,upcoming,Yamato 大和 Ch Live Stream,1970-01-01T00:00:00Z,https://www.youtube.com/watch?v=18zkYqJi6Wc,https://i.ytimg.com/vi/18zkYqJi6Wc/mqdefault_live.jpg
dfcc58f964d84bacaf7c65f494de6b97,upcoming,「伊諾雅」直播,1970-01-01T00:00:00Z,https://www.youtube.com/watch?v=3UAW055ijng,https://i.ytimg.com/vi/3UAW055ijng/mqdefault_live.jpg
96ff628d2280470b833174c32200a749,upcoming,Alfa Ch. 艾爾法・戴蒙 のライブ配信,1970-01-01T00:00:00Z,https://www.youtube.com/watch?v=romp3vMtpMQ,https://i.ytimg.com/vi/romp3vMtpMQ/mqdefault_live.jpg
df49a373151f4d21a118829e7ee471c0,upcoming,「可愛の棉棉兔」直播,1970-01-01T00:00:00Z,https://www.youtube.com/watch?v=1iAQrTGs23g,https://i.ytimg.com/vi/1iAQrTGs23g/mqdefault_live.jpg
554ca19c3d924cacac1f680675b9fdd2,upcoming,原神2.8活動開跑中【圖奇原神掉寶】【玥語ほしぞら】,1970-01-01T00:00:00Z,https://www.youtube.com/watch?v=_eQlPqDlrY0,https://i.ytimg.com/vi/_eQlPqDlrY0/mqdefault_live.jpg
af04c9cb9b56499bb305a49ba7fd2eef,upcoming,「糖子 とう し 」直播,1970-01-01T00:00:00Z,https://www.youtube.com/watch?v=cpweZYhhBPA,https://i.ytimg.com/vi/cpweZYhhBPA/mqdefault_live.jpg
1551bebc6c26453e9893f342c68002bd,upcoming,「七音 Clio」直播,1970-01-01T00:00:00Z,https://www.youtube.com/watch?v=OOveu32-tMc,https://i.ytimg.com/vi/OOveu32-tMc/mqdefault_live.jpg
d1d879cfccf7411296dcc765ca40e39c,upcoming,【緣伊】0424 櫻花祭-測試|| #降落星球 #vtuber  || @yuanyi0122,1970-01-01T00:00:00Z,https://www.youtube.com/watch?v=yNC112tYQfc,https://i.ytimg.com/vi/yNC112tYQfc/mqdefault_live.jpg
2760c9a44c20464d8e140e6367ed1cdf,upcoming,您的外送已送達。,1970-01-01T00:00:00Z,https://www.youtube.com/watch?v=wEKeEPpwfx8,https://i.ytimg.com/vi/wEKeEPpwfx8/mqdefault_live.jpg
424043d4c55449cd9317bc0923c13299,upcoming,《初見歡迎》路過的新朋友來跟我打個招呼好嗎｜中文｜おばけ．嵐  LanVTuber,1970-01-01T00:00:00Z,https://www.youtube.com/watch?v=X20-1Q5n4y8,https://i.ytimg.com/vi/X20-1Q5n4y8/mqdefault_live.jpg
1307131312c54a11ab326e62474efc8a,upcoming,「艾Ai【浪海數位 RiyarDigital所屬】」直播,1970-01-01T00:00:00Z,https://www.youtube.com/watch?v=rrJSzYEXi5Q,https://i.ytimg.com/vi/rrJSzYEXi5Q/mqdefault_live.jpg
ec332c6e824044698204e6dba3e5fbfc,upcoming,【來Threads聊聊】有關魔物獵人荒野的大小事！ft.  @GokusaiAmae0430   【麵茶白白／Baibai】#baibailive #粉們來看 #初見大歡迎,1970-01-01T00:00:00Z,https://www.youtube.com/watch?v=DW_b6AJlljA,https://i.ytimg.com/vi/DW_b6AJlljA/mqdefault_live.jpg
1eef7c0894a547a2bff186f6a735145a,upcoming,【#千訂耐久】見證奇蹟的時刻。 / もうすぐ千人になっちゃうよ。 #台湾vtuber #初見歓迎,1970-01-01T00:00:00Z,https://www.youtube.com/watch?v=-3Bk8JNsyUU,https://i.ytimg.com/vi/-3Bk8JNsyUU/mqdefault_live.jpg
906fcc288c6840858711cb82b4ebf5f0,upcoming,🔥✨ 鳳凰浴火重生，迎接財富能量！開啟你的富貴冥想 🍀💰有求必應的超強磁場，靈驗100%～顯化大師專用～吸引力法則～冥想音樂～能量音樂～顯化～正念冥想～777Hz～無廣告,1970-01-01T00:00:00Z,https://www.youtube.com/watch?v=m9U659WsOJE,https://i.ytimg.com/vi/m9U659WsOJE/mqdefault_live.jpg
8968a24fb6bf4f08b1611e694c98eb40,upcoming,阿剛剛電腦藍屏了???【骸詩】,1970-01-01T00:00:00Z,https://www.youtube.com/watch?v=I03hY4_7IgA,https://i.ytimg.com/vi/I03hY4_7IgA/mqdefault_live.jpg
e0c7d57886cc4835a4ff3617bd5e922c,upcoming,✨本週週表✨,1970-01-01T00:00:00Z,https://www.youtube.com/watch?v=edjo3Ph7uzk,https://i.ytimg.com/vi/edjo3Ph7uzk/mqdefault_live.jpg
8c1fe8acf675446ebb2fd046e6396983,upcoming,【PUBG】日常 w/ friends,1970-01-01T00:00:00Z,https://www.youtube.com/watch?v=6tvzkD7XKTQ,https://i.ytimg.com/vi/6tvzkD7XKTQ/mqdefault_live.jpg
566e5b6f438a4cacb3e4036eb9ffe9b8,upcoming,來 說好的 聽我媽打空靈鼓囉！,1970-01-01T00:00:00Z,https://www.youtube.com/watch?v=j7tvYValxyI,https://i.ytimg.com/vi/j7tvYValxyI/mqdefault_live.jpg
74beedbc5f694a2c94fe73545ba4037d,upcoming,【工作臺】加班啊啊啊啊啊啊啊！！[夜見可奈] (CN/EN/JP OK)  #初見歡迎 #歡迎降落,1970-01-01T00:00:00Z,https://www.youtube.com/watch?v=EATTtuk6nmc,https://i.ytimg.com/vi/EATTtuk6nmc/mqdefault_live.jpg
faa4994019724702a9da315a8c3641bc,upcoming,【遊戲玩玩樂】快來跟我一起玩遊戲吧☂️今天來玩「GARTIC PHONE」 #初見大歡迎,1970-01-01T00:00:00Z,https://www.youtube.com/watch?v=P80Au3m_kk4,https://i.ytimg.com/vi/P80Au3m_kk4/mqdefault_live.jpg
453cbd84364b42d8ac11cef8d3d63bd1,upcoming,【夢川夏蕊】【畫圖台/雜談】獨角獸突襲直播!!!,1970-01-01T00:00:00Z,https://www.youtube.com/watch?v=JRJlStqyXoo,https://i.ytimg.com/vi/JRJlStqyXoo/mqdefault_live.jpg
02e7729df0424fbbb21b77ccd543b0be,upcoming,「映聲INSETVOICE」直播,1970-01-01T00:00:00Z,https://www.youtube.com/watch?v=uUkhwg1jZQU,https://i.ytimg.com/vi/uUkhwg1jZQU/mqdefault_live.jpg
334133534368487780dfa99b7c9f5949,upcoming,Koao Ch.  Live Stream,1970-01-01T00:00:00Z,https://www.youtube.com/watch?v=4wWZvYBQENk,https://i.ytimg.com/vi/4wWZvYBQENk/mqdefault_live.jpg
405cf0a502a6496bacfe7e49647e7e28,upcoming,[Altic_Sou]合奏團體討伐戰！年獸狂潮來襲！ -  SP1 災難樂隊[TW/EN] !斗內,2025-02-08T12:00:00Z,https://www.youtube.com/watch?v=9V4yevKldRE,https://i.ytimg.com/vi/9V4yevKldRE/mqdefault_live.jpg
c321746bebe740cb98625ca4cf6fb9a7,upcoming,🍓親簽拍立得🍓2月份親簽拍立得✨來收藏專屬小精靈的2月吧🩷【莓果花夕 berihanayu Ch.】,2025-02-19T13:00:00Z,https://www.youtube.com/watch?v=2S54S8BTeGQ,https://i.ytimg.com/vi/2S54S8BTeGQ/mqdefault_live.jpg
405cf0a502a6496bacfe7e49647e7e28,upcoming,[Altic_Sou]Monster Hunter:Wilds 魔物獵人：荒野 -  EP2 遲來的戰士[TW/EN] !斗內,2025-02-28T07:50:00Z,https://www.youtube.com/watch?v=kUyzEOI9UKo,https://i.ytimg.com/vi/kUyzEOI9UKo/mqdefault_live.jpg
a725f6babc5f44779d7389886c6cd7b7,upcoming,遊戲    聽媽媽的話 媽媽APEX英雄 可以做跟不能做!,2025-03-09T12:30:00Z,https://www.youtube.com/watch?v=cfoaXw35hA8,https://i.ytimg.com/vi/cfoaXw35hA8/mqdefault_live.jpg
b3c1a09b09a54b9a8078d3310d151efe,upcoming,【ꕥ夜貓子安安收集❣️ꕥ💜】💜工作也好雜談也好！總之就是妹妹想見你了(´；ω；`)💕#中文vtuber #vtuber  #天使直播ഒ,2025-03-10T16:00:00Z,https://www.youtube.com/watch?v=QjURGcNb1_8,https://i.ytimg.com/vi/QjURGcNb1_8/mqdefault_live.jpg
d3a3eab7a3e34ea98784c44e3691c726,upcoming,【MyGO二選一】 還真是高高在上呢 p.s.未睇套野【女巫星芽@HK Vtuber】,2025-03-14T12:00:00Z,https://www.youtube.com/watch?v=Tfl55usfwLc,https://i.ytimg.com/vi/Tfl55usfwLc/mqdefault_live.jpg
11dd1f817a6b4c80a066aedd8e0fa419,upcoming,【會員】會員！MVP！｜艾麗Ellie,2025-03-21T12:00:00Z,https://www.youtube.com/watch?v=fjpdTV6PHsk,https://i.ytimg.com/vi/fjpdTV6PHsk/mqdefault_live.jpg
0a67a8d822094ca3a59963f0fac8798a,upcoming,【📢早安里好💫】おはラジオ！吃吃早餐٩(๑•̀ω•́๑)۶  #台V #早安台,2025-03-26T00:45:00Z,https://www.youtube.com/watch?v=eU_2L6nO8sE,https://i.ytimg.com/vi/eU_2L6nO8sE/mqdefault_live.jpg
52ff14aabd804801a6e589681fc2fb4d,upcoming,殘月 EclipseYuki Eng/中,2025-04-01T02:08:04Z,https://www.youtube.com/watch?v=vFmknrvVj4E,https://i.ytimg.com/vi/vFmknrvVj4E/mqdefault_live.jpg
9e213402f2f54c42866d4f62545921b4,upcoming,❤ 魔法少女幼希 ❤ 變小了？兒童節快樂！#初見歡迎 #降落歡迎 #台灣Vtuber,2025-04-04T11:00:00Z,https://www.youtube.com/watch?v=a9VqmcJ7ckY,https://i.ytimg.com/vi/a9VqmcJ7ckY/mqdefault_live.jpg
52ff14aabd804801a6e589681fc2fb4d,upcoming,殘月 EclipseYuki Eng/中 努力前進. Mic On 初見歡迎,2025-04-10T15:19:35Z,https://www.youtube.com/watch?v=jIpG-qbB3As,https://i.ytimg.com/vi/jIpG-qbB3As/mqdefault_live.jpg
52ff14aabd804801a6e589681fc2fb4d,upcoming,殘月 EclipseYuki Eng/中 努力前進. Mic On 初見歡迎,2025-04-13T11:58:05Z,https://www.youtube.com/watch?v=H5T0dTay9CY,https://i.ytimg.com/vi/H5T0dTay9CY/mqdefault_live.jpg
d33940525b7f4b9db9ce85e08b4c175e,upcoming,【CHITCHAT】Yapping session ft @SarugakuLeonJr,2025-04-24T13:00:00Z,https://www.youtube.com/watch?v=CfBdzK6ph0M,https://i.ytimg.com/vi/CfBdzK6ph0M/mqdefault_live.jpg
6df15d678de844d1a7f08226c02d6183,upcoming,【貓貓很會談談】偷偷跟小魚乾們說貓貓的童年男神是豪炎寺修也...【貓語諾伊可🌸noiko🩷】,2025-04-30T09:29:52Z,https://www.youtube.com/watch?v=1uds0xrmKe8,https://i.ytimg.com/vi/1uds0xrmKe8/mqdefault_live.jpg
696e947cd8624e609553d6786d21f11c,upcoming,【咕咕披薩】這次有拜師一定沒問題的吧！ | 夢見ルノ#初見歡迎,2025-05-02T02:00:00Z,https://www.youtube.com/watch?v=5JII2ARTmHk,https://i.ytimg.com/vi/5JII2ARTmHk/mqdefault_live.jpg
36497373f4734ce49ea8cb6a703f050b,upcoming,【突發】昨天手癢亂點技能...要賺錢補救了ಥ_ಥ《Artale #2》｜ORI 禮,2025-05-03T03:00:00Z,https://www.youtube.com/watch?v=eRYiJrnOWcs,https://i.ytimg.com/vi/eRYiJrnOWcs/mqdefault_live.jpg
3a8f78d98fd344cb9d32358e5c96eace,upcoming,【萬訂特慶】什麼?什麼書💖 芭芭萬訂一堆福利鴨! 滿滿都給你! #萬訂感謝 #初見安安,2025-05-04T13:00:00Z,https://www.youtube.com/watch?v=5JTMyJU13UA,https://i.ytimg.com/vi/5JTMyJU13UA/mqdefault_live.jpg
93785f5e8b614be98bf8e096f5b1f997,live,【音樂台】工作 / 陪伴 / 療癒 Piano Jazz Lofi | 作業用BGM | Study / Work / Relax / Walk / Playlist【冬蜜 DonBee】,2025-05-04T18:44:34Z,https://www.youtube.com/watch?v=yn5r-WDGVNE,https://i.ytimg.com/vi/yn5r-WDGVNE/mqdefault_live.jpg
aa182728aa6d44c4ae37caa7cdb8ed29,upcoming,【雨欣同學】雨欣居然有害怕穎桐的時候？《雨欣同學最淘氣了》重新修稿！,2025-05-05T13:00:00Z,https://www.youtube.com/watch?v=G9mYbDraiOY,https://i.ytimg.com/vi/G9mYbDraiOY/mqdefault_live.jpg
70d5f64a7e324d7584d7e5116d6dc5a2,upcoming,4/28-5/4 本週週表喲(❀❛ᴗ❛)✧,2025-05-05T23:30:00Z,https://www.youtube.com/watch?v=Db55mYXsMjs,https://i.ytimg.com/vi/Db55mYXsMjs/mqdefault_live.jpg
637a5867616a436ba0f7cdd36057f55a,upcoming,✨星的一週✨05/05～05/11周表,2025-05-06T09:26:56Z,https://www.youtube.com/watch?v=t_1Kzyuf7W0,https://i.ytimg.com/vi/t_1Kzyuf7W0/mqdefault_live.jpg
8267ea37c12a471a8a038f501832e099,upcoming,【雜談】鵝氣預報 - 難得放早上 跟我道早安就要?!【萊菈 希格娜斯】 #初見歡迎 #時事 #天氣,2025-05-07T01:30:00Z,https://www.youtube.com/watch?v=lC9Q1n5LK44,https://i.ytimg.com/vi/lC9Q1n5LK44/mqdefault_live.jpg
9e05802075c343a3bf2778550d5157da,upcoming,【雜談】3月推特回顧 part.2  #初見歡迎  #花川夢姬 #降落歡迎,2025-05-07T12:00:00Z,https://www.youtube.com/watch?v=gFsJGoeJXG8,https://i.ytimg.com/vi/gFsJGoeJXG8/mqdefault_live.jpg
6cd8cdc530d14e2d9d0a9cd20cb6b05c,upcoming,【花式射擊模擬器】射不中就......??《Nanashi Yuki》#魚兒魚兒水中游,2025-05-07T13:00:00Z,https://www.youtube.com/watch?v=qPtSd98Kw6s,https://i.ytimg.com/vi/qPtSd98Kw6s/mqdefault_live.jpg
887b37336c9c4730809ace8b5e38df17,live,【掉寶中🎁】Drop看台領獎勵˖⁺ 露露陪你掛好整晚｜🎀自主訂閱救援露‿✦ !MP !魔法工坊,2025-05-07T22:19:34Z,https://www.twitch.tv/isyourlulu,https://static-cdn.jtvnw.net/previews-ttv/live_user_isyourlulu-{width}x{height}.jpg
bf03fd8b5b55481590ea63338c5cdd20,live,【Artale再啟】5/9 加班Day129 楓之谷 !加班 !週邊 / RO巴基利 / 揪團10人+2分 / !DC / @komorikuma_vtuber,2025-05-07T22:30:04Z,https://www.twitch.tv/komorikuma_vtuber,https://static-cdn.jtvnw.net/previews-ttv/live_user_komorikuma_vtuber-{width}x{height}.jpg
572c03fa49b54d4b95935321b4722b68,live,稍微來刷存在喵~ ｜ 不是歌回的 Cover Song 鑑賞 ft. @ChiwaBots ｜ !指令 !簽到 !好感度 (!點數),2025-05-08T00:00:15Z,https://www.twitch.tv/chiwa1024,https://static-cdn.jtvnw.net/previews-ttv/live_user_chiwa1024-{width}x{height}.jpg
843d99233b474827a2f0bc417ffd3852,live,【抹茶】05/08｜加班Day82 鴨力測試一下 可以瓦了嗎 ♡ 好想下班台｜ @isuzumaccha ｜!魔儲 !委託 !加班 !聯名 🍵 #茶室營業中,2025-05-08T05:08:31Z,https://www.twitch.tv/isuzumaccha,https://static-cdn.jtvnw.net/previews-ttv/live_user_isuzumaccha-{width}x{height}.jpg
ebe5c5f9d67f44f3bc5e70b413ce9df7,live,【0508】33號遠征 加班day40  !加班 !魔儲 !手機殼 !深度 !抖內  @ekorru  !抖內 !指令 !YT !dc !晚餐 可以用7tv唷【依可露】,2025-05-08T09:03:31Z,https://www.twitch.tv/ekorru,https://static-cdn.jtvnw.net/previews-ttv/live_user_ekorru-{width}x{height}.jpg
19234cc590224c45912a14487f756dc5,live,5/8【今天沒運動】睡死了 |!鴿子鴿子 !綠界會員 !生日周邊,2025-05-08T09:47:36Z,https://www.twitch.tv/venomdianh,https://static-cdn.jtvnw.net/previews-ttv/live_user_venomdianh-{width}x{height}.jpg
1618171723d84cbe8b57cd69fa6f477f,upcoming,【赤紫都 GTA RP】Day4  逃跑計畫日常 #初見歡迎 #赤紫都,2025-05-08T12:00:00Z,https://www.youtube.com/watch?v=Rio9p8cYOoo,https://i.ytimg.com/vi/Rio9p8cYOoo/mqdefault_live.jpg
26b00f5ff5bf4b5a8dcb6c5c34e1b4f6,live,【 不戒髒話了:) 】05/08 依舊是沒rp的日子(´-ωก`) ft.｜!dc !簽到 !愛拉拉 !愛豬豬｜歡迎掛忠誠點數💜｜ @yidhra0727 ｜💖 @mutuer,2025-05-08T12:20:23Z,https://www.twitch.tv/yidhra0727,https://static-cdn.jtvnw.net/previews-ttv/live_user_yidhra0727-{width}x{height}.jpg
6cd8cdc530d14e2d9d0a9cd20cb6b05c,upcoming,「雜談」我家惡鄰居所做的奇葩事《Nanashi Yuki》#魚兒魚兒水中游,2025-05-08T12:30:00Z,https://www.youtube.com/watch?v=D3iMVpxlI2c,https://i.ytimg.com/vi/D3iMVpxlI2c/mqdefault_live.jpg
6c7336d4605540c6871de5f96874129c,live,♡ o5.o7.₊ 喵嗚  |四周年周邊預購♡ |!活動 !簽到 | @mibao1013,2025-05-08T12:44:58Z,https://www.twitch.tv/mibao1013,https://static-cdn.jtvnw.net/previews-ttv/live_user_mibao1013-{width}x{height}.jpg
f6a8c59d8b8d4e009d4e147ec268cd73,upcoming,〖4月┊リクエスト歌枠〗おいしい歌を注文してね～♩※概要欄にルールあり〖#Ellise /vtuber〗,2025-05-08T13:00:00Z,https://www.youtube.com/watch?v=by3Y1Z65lPk,https://i.ytimg.com/vi/by3Y1Z65lPk/mqdefault_live.jpg
99f6f80397b34d0b9a0cfd40f3801a35,live,【💜 24HR帕魯】0100 哄睡琴雜／0300 黑魂3／1500 帕魯or楓谷／1700 33號遠征隊 ｜@cocor0_0303 | !深度會員 !胖可盟 !新片 !cover !魔儲 !YT !DC !歌單 !吃,2025-05-08T13:06:35Z,https://www.twitch.tv/cocor0_0303,https://static-cdn.jtvnw.net/previews-ttv/live_user_cocor0_0303-{width}x{height}.jpg
fe569b0c059e406daf57eb2acd11cc21,upcoming,【被詛咒的數位相機 Cursed digicam】究竟相機裡拍到的是人是鬼?!【嘟比💫Vtuber】,2025-05-08T14:00:00Z,https://www.youtube.com/watch?v=Qzwl15w-5hI,https://i.ytimg.com/vi/Qzwl15w-5hI/mqdefault_live.jpg
2a20316d245d406193331300bb44fdec,live,【加班台Day 29】5/9 晚安 !加班 !斗內 !入場券 !旅費 ✞,2025-05-08T14:15:52Z,https://www.twitch.tv/cocoroshiya,https://static-cdn.jtvnw.net/previews-ttv/live_user_cocoroshiya-{width}x{height}.jpg
7a570b5273ae4e359a6491aba1313011,live,【可洛依】 ✦ 5/9 ✦ 今天晚上跟v朋朋連動鐵軌2   ♡ 拼紫勾歡迎掛台 ♡  | @chloelancemay |,2025-05-08T16:00:27Z,https://www.twitch.tv/chloelancemay,https://static-cdn.jtvnw.net/previews-ttv/live_user_chloelancemay-{width}x{height}.jpg
5bbd1c2531594775a4b74928e630dd59,live,[ 5/9 ] 今天想開久一點看看 ⭐掛台感謝⭐ !周邊 !rp !魔儲 !指令 !uid @minamoto__kenta,2025-05-08T23:27:27Z,https://www.twitch.tv/minamoto__kenta,https://static-cdn.jtvnw.net/previews-ttv/live_user_minamoto__kenta-{width}x{height}.jpg
c0c033c9c8014562b58a7124b6b22fb0,live,【★3D募資放置PLAY宣傳★】DIKA豚足姬 (·⚇·)致敬白沙屯媽祖進香Day8，豬豬3D化募資放置PLAY宣傳中，歡迎大家528一起群聚豬豬頻道力拼最台3D展演www👁🐽👁,2025-05-09T01:45:07Z,https://www.youtube.com/watch?v=38mGU3zgNG0,https://i.ytimg.com/vi/38mGU3zgNG0/mqdefault_live.jpg
3d786b116dbc437e8684d7b46567a1e5,live,【#24hr輪播】5/7~5/20 全天唱歌輪播，上班、通勤、助眠BGM 🎙️ 百百波美 ⌇ BarkBarkPomi｜影音抖內開放中｜!YT !DC !抖內 !周邊 !深度會員 !魔物小隊 !百吃百喝,2025-05-09T02:24:56Z,https://www.twitch.tv/barkbarkpomi,https://static-cdn.jtvnw.net/previews-ttv/live_user_barkbarkpomi-{width}x{height}.jpg
e63fe9e27be44403b222fb0319c027b6,live,☆拚紫勾中☆ 5/9 社畜一下要去轉職了 |!布丁 !拚勾 !揪團 !訂閱,2025-05-09T02:29:59Z,https://www.twitch.tv/hitomiohlala,https://static-cdn.jtvnw.net/previews-ttv/live_user_hitomiohlala-{width}x{height}.jpg
70d5f64a7e324d7584d7e5116d6dc5a2,live,陪你上班✨耐久自製小玩具！沒做完不下播！【手露出注意】【霸王花信徒專屬浮力🌺】,2025-05-09T02:32:23Z,https://www.youtube.com/watch?v=BmaXSpYo9sM,https://i.ytimg.com/vi/BmaXSpYo9sM/mqdefault_live.jpg
352894d7c4eb4c9f87e248eae450183a,live,【AI Vtuber】 星期五的優必醬像隻快樂小貓?  #縱型配信 #直式配信  #aivtuber #ai #vtuber #初見歡迎,2025-05-09T02:48:26Z,https://www.youtube.com/watch?v=gX91r4_XwHA,https://i.ytimg.com/vi/gX91r4_XwHA/mqdefault_live.jpg
a9396c8dd95e43b29c694b14afa07ac4,live,美日崩｜Q版V皮建模募資中｜課金參考dc群💰『儲值專區྾♧』❦｜乾爹斗錢錢，涅米嘴甜甜,2025-05-09T02:56:58Z,https://www.twitch.tv/mihiru0110,https://static-cdn.jtvnw.net/previews-ttv/live_user_mihiru0110-{width}x{height}.jpg
e58a5a6f40e040d79bbcd139824d6fc7,live,5/9  ₍ᐢ.‸.ᐢ₎⑅ o【雨咩】什麼我們要出合唱COVER了?  兩週年大躍進活動  !活動 !cover !生日 | DC可下載訂閱桌布.專屬鼠標唷~ | 自主訂閱加強版請求支援~雨寶們♡ | !簽到 !魔儲 輸入優惠碼領取折價卷 | @yumie0306,2025-05-09T03:24:22Z,https://www.twitch.tv/yumie0306,https://static-cdn.jtvnw.net/previews-ttv/live_user_yumie0306-{width}x{height}.jpg
e18c43e19e9b4fc8af0cdc24c33ae476,live,05/09 | 觀眾場 肝要沒了.. 加班Day57 !dc !加班 |感謝掛台<3 音量留10%,2025-05-09T04:02:23Z,https://www.twitch.tv/hedgehog259,https://static-cdn.jtvnw.net/previews-ttv/live_user_hedgehog259-{width}x{height}.jpg
00d9cb7b0bcd451999f4fd33dd84be6c,live,【阿楓轟炸】5/9_貓車就贈訂！這週先魔物獵人～下週隻狼！留言「!紫勾」「!限定」 ✅拚勾中！過紫勾就在玩隻狼期間露手！掛台感謝～,2025-05-09T04:04:42Z,https://www.twitch.tv/maple_1206,https://static-cdn.jtvnw.net/previews-ttv/live_user_maple_1206-{width}x{height}.jpg
00d9cb7b0bcd451999f4fd33dd84be6c,live,【魔物獵人 荒野Monster Hunter Wilds】這週每天中午12點都是荒野【阿楓轟炸MapleBomb】#vtuber #台V,2025-05-09T04:04:49Z,https://www.youtube.com/watch?v=KcnmX5_DTu8,https://i.ytimg.com/vi/KcnmX5_DTu8/mqdefault_live.jpg
1756e5a7f5a04ff6a7b5f482201b5cfc,live,【iZ4】🐬 5/9－加班 Day3. 還生日轉盤的債==... 先從咒開始－!轉盤、!加班、!LINE、!聯名、!週邊,2025-05-09T04:08:55Z,https://www.twitch.tv/kiyomi425alice,https://static-cdn.jtvnw.net/previews-ttv/live_user_kiyomi425alice-{width}x{height}.jpg
7aca9b05fe654223a3702531383002a8,live,【貓卷】午安~ 過敏貓今天想35!,2025-05-09T04:14:41Z,https://www.twitch.tv/elfindill,https://static-cdn.jtvnw.net/previews-ttv/live_user_elfindill-{width}x{height}.jpg
5c7beefaa54444e3b0443d7abd93c1f7,live,2025•05•09 萬五幫的覺醒 │ !周邊 #三毛毛毛 !貼圖 │ @san_mou,2025-05-09T04:18:32Z,https://www.twitch.tv/san_mou,https://static-cdn.jtvnw.net/previews-ttv/live_user_san_mou-{width}x{height}.jpg
c163cb7f683c453fa8a994ebbb09ede8,upcoming,【聊唱】2025/05/09 #19   歡迎點歌,2025-05-09T05:00:00Z,https://www.youtube.com/watch?v=KQEETJbf-aY,https://i.ytimg.com/vi/KQEETJbf-aY/mqdefault_live.jpg
824c0c36956f4a73bb3ec479dd8e4da8,live,05/09 🌼 -  距離生日還有4天.. 時數告急 !加班 !抖內 !貼圖 //  @shimizusachiko 【EN/中文】,2025-05-09T05:05:58Z,https://www.twitch.tv/shimizusachiko,https://static-cdn.jtvnw.net/previews-ttv/live_user_shimizusachiko-{width}x{height}.jpg
1a95bb88e451498ca3491b69af964588,live,5/9 勤奮開台第三天 | !簽到 !台規 !DC | @hsuanhsuandesu ฅ'ω'ฅ,2025-05-09T05:06:11Z,https://www.twitch.tv/hsuanhsuandesu,https://static-cdn.jtvnw.net/previews-ttv/live_user_hsuanhsuandesu-{width}x{height}.jpg
caf08c74dd7b4919bca49eef394d5475,live,【ZZZ絕區零】晚餐後再一起看崩鐵前瞻吧 ʕ⸝⸝⸝OⰙOʔ ｜感謝揪團！感謝追隨！感謝掛台～  !簽到 !DC !YT !IG !X !bsky,2025-05-09T05:32:51Z,https://www.twitch.tv/molilyqq,https://static-cdn.jtvnw.net/previews-ttv/live_user_molilyqq-{width}x{height}.jpg
c6af4f23c6ce4adab5301d79b0bd343a,live,"初見魂2我覺得捲捲薯條超級好吃,我可以吃100個",2025-05-09T05:50:50Z,https://www.twitch.tv/konodino,https://static-cdn.jtvnw.net/previews-ttv/live_user_konodino-{width}x{height}.jpg
d1dd83b6e8a24df4b61f766cff45113c,live,🔴《工作台》#歡迎點歌➤ 初見歡迎！！四點會去開會唷！！∷ Feat. @kazeimo,2025-05-09T05:56:45Z,https://www.twitch.tv/kazeimo,https://static-cdn.jtvnw.net/previews-ttv/live_user_kazeimo-{width}x{height}.jpg
ebe5c5f9d67f44f3bc5e70b413ce9df7,live,【加班DAY41】周末工作／休息前不如來聽個歌？【依可露】#vtuber,2025-05-09T06:03:01Z,https://www.youtube.com/watch?v=anSrxz9DKpU,https://i.ytimg.com/vi/anSrxz9DKpU/mqdefault_live.jpg
b0a7d70ae76549f5b4418e56ee4ad43f,live,【遊戲】小遊戲太難鬼轉暖暖~ #無限暖暖,2025-05-09T06:05:02Z,https://www.youtube.com/watch?v=BTuMus0TeG0,https://i.ytimg.com/vi/BTuMus0TeG0/mqdefault_live.jpg
8b810380ed254a5e8a85b65552ba4e61,live,【 七兔 Nayomi 🐇】✧ ₊⁺  5/9 弄回原本的解析度ㄌOvOb｜ !魔儲,2025-05-09T06:09:04Z,https://www.twitch.tv/nayomi0204,https://static-cdn.jtvnw.net/previews-ttv/live_user_nayomi0204-{width}x{height}.jpg
9e5e58a212584007b1ab1f22f5c59438,live,『楓之谷Artale』✧*｡🌊0509 方舟日常清本？沒事玩楓谷✨【水凪ゆい】,2025-05-09T06:11:53Z,https://www.youtube.com/watch?v=6lmPuFUBgl8,https://i.ytimg.com/vi/6lmPuFUBgl8/mqdefault_live.jpg
f6a4e7aa8d0c4e5cb39d199845ec4d02,live,5/9 小小旅團【杏仁ミル @vtuber_amiru】!眼鏡,2025-05-09T06:13:48Z,https://www.twitch.tv/vtuber_amiru,https://static-cdn.jtvnw.net/previews-ttv/live_user_vtuber_amiru-{width}x{height}.jpg
757f1b20f7bd459ebd8949da907dceea,live,【71.狐音電台】騎著腳踏車穿越到終極系列 2000-2010【稻荷七櫻Nao】,2025-05-09T06:31:16Z,https://www.youtube.com/watch?v=YMHo4Kn0O8I,https://i.ytimg.com/vi/YMHo4Kn0O8I/mqdefault_live.jpg
1d1e155c827e4ed2a0596c256983c22d,live,5/9 D4 坐牢一時爽 一直坐牢一直爽w ∥ !募資 !line貼圖 !dc ∥ @riikiyuki,2025-05-09T06:47:09Z,https://www.twitch.tv/riikiyuki,https://static-cdn.jtvnw.net/previews-ttv/live_user_riikiyuki-{width}x{height}.jpg
ae4eaef845fc4daaa8106a51a590e145,live,【魔物獵人 荒野】菜！鳥！挑！戰！歷戰王煌雷龍！ 【史黛菈埃蕾諾亞 / Stella Eleanor】,2025-05-09T06:59:23Z,https://www.youtube.com/watch?v=_PpbwjUCzeU,https://i.ytimg.com/vi/_PpbwjUCzeU/mqdefault_live.jpg
eafb808b078844fdab1d8ed561dbd462,live,【陪你下班❤️就醬畫】可能偷吃個午飯🌟畫畫復健台｜柳葉魚子醬｜#初見歡迎｜#vtuber #台v #台灣vtuber,2025-05-09T07:01:03Z,https://www.youtube.com/watch?v=hY-xmR7OYHs,https://i.ytimg.com/vi/hY-xmR7OYHs/mqdefault_live.jpg
08a612f1ecf84b619a8899a5caed28c1,live,【５月耐久配信⚡】忠誠點掛台、１２ｈｒ🍊雑談親簽限定小卡😼✨加班ㄉ第八天，習慣一天一橘貓了嗎？😼✨｜!dc !周邊 @nerukozwz,2025-05-09T07:01:22Z,https://www.twitch.tv/nerukozwz,https://static-cdn.jtvnw.net/previews-ttv/live_user_nerukozwz-{width}x{height}.jpg
08a612f1ecf84b619a8899a5caed28c1,live,【５月耐久配信⚡】雑談親簽限定小卡😼✨加班ㄉ第八天，習慣一天一橘貓了嗎？🍊 ⟢ neruねる ⟣ #初見大歓迎 #雑談 #shorts #台灣vtuber #vtuber,2025-05-09T07:01:23Z,https://www.youtube.com/watch?v=6xelXIyMqhc,https://i.ytimg.com/vi/6xelXIyMqhc/mqdefault_live.jpg
637b3a1eb03443248ebd1caba56e6b5a,live,°• * GAME .° 休閒系遊戲推薦 神椿工作室發行 #百合文本 #解謎冒險｜白星優米,2025-05-09T07:17:55Z,https://www.youtube.com/watch?v=mAZTh3KxW8M,https://i.ytimg.com/vi/mAZTh3KxW8M/mqdefault_live.jpg
c2b9638d8dd54888a91caa8a67366907,live,【ꜱᴀᴋᴜʀɪɴ】觀眾同樂 要玩就先追隨uwu | 同接努力中 | !mepay魔儲 | @sakurin0617,2025-05-09T07:21:00Z,https://www.twitch.tv/sakurin0617,https://static-cdn.jtvnw.net/previews-ttv/live_user_sakurin0617-{width}x{height}.jpg
b4b4fcedc8264cb5b90584935aebf110,live,【 參加型 】玩玩帥太刀 ♪ 【 夜夢ムース 】,2025-05-09T07:21:16Z,https://www.youtube.com/watch?v=LoJQWmD7dhI,https://i.ytimg.com/vi/LoJQWmD7dhI/mqdefault_live.jpg
61e81c6f534247b486b8125bd34fa960,live,【BLUE】再苦也要讓自己開開心心  @blue_kao !驢子,2025-05-09T07:24:18Z,https://www.twitch.tv/blue_kao,https://static-cdn.jtvnw.net/previews-ttv/live_user_blue_kao-{width}x{height}.jpg
9d9c6477329245cbb2557895f4f15686,live,/ᐠ. ̫ .ᐟ\ 5/9 晚上七點請求雞丸 ٩꒰ᐛ ( ᐖ ꒱۶《無盡夢迴》一起來參加無盡的睡衣轟趴！🌙#無盡夢迴 #夢境將至 #捕夢者集結 #無盡的睡衣轟趴,2025-05-09T07:29:09Z,https://www.twitch.tv/iitifox,https://static-cdn.jtvnw.net/previews-ttv/live_user_iitifox-{width}x{height}.jpg
af9a2d0fab684be9b9da09e251f6bae6,live,【突發！】停電讓柴很躁，所以要打花枝壓驚【豆豆果柴.Vtuber】,2025-05-09T07:30:05Z,https://www.youtube.com/watch?v=qM5Po6X8Bc4,https://i.ytimg.com/vi/qM5Po6X8Bc4/mqdefault_live.jpg
9be839573d1a4944a93740ca42fa65d4,live,ଘ【尋光旅程】5/9 AOE2被雞排報打，轉戰戰旗,2025-05-09T07:32:51Z,https://www.twitch.tv/sariel_0041,https://static-cdn.jtvnw.net/previews-ttv/live_user_sariel_0041-{width}x{height}.jpg
4eddb3c50fd84042a1d5a4be600fbb5e,live,【雜】今天是裝潢工！周邊抽獎進行中！ !簽到  #菲菲冒險中 #Vtuber,2025-05-09T07:41:16Z,https://www.twitch.tv/sylphainsel,https://static-cdn.jtvnw.net/previews-ttv/live_user_sylphainsel-{width}x{height}.jpg
bf277797951346fe991c27c79a6c5081,live,05/09【白兔】早開早陪伴兔寶 晚上學麻將 明天公休看牙醫｜ @rabbit1102 ｜,2025-05-09T07:42:24Z,https://www.twitch.tv/rabbit1102,https://static-cdn.jtvnw.net/previews-ttv/live_user_rabbit1102-{width}x{height}.jpg
3809ec8a42634d11aa1b7b8f99755c6a,live,【花花】5/9  不要斷線  !預購花T   貼紙上架!  | !委託 | !周邊 | !LINE貼圖,2025-05-09T07:46:36Z,https://www.twitch.tv/mayberuu,https://static-cdn.jtvnw.net/previews-ttv/live_user_mayberuu-{width}x{height}.jpg
accb26f2db2746e898b68ab07dd3c5bc,live,【VTuber薰雪珞】N.1491突發、「懷舊的楓之谷，懷舊的感人升級速度，把好友拖來一起坐牢w！」Online Game：MapleStory Worlds Artale。FT.落落。,2025-05-09T07:47:31Z,https://www.youtube.com/watch?v=LmIdm1QUgd4,https://i.ytimg.com/vi/LmIdm1QUgd4/mqdefault_live.jpg
7a160bd129144664804dd3fc08fceeb1,live,[兔森] Artale 繁中服  day9 5/9 | @usamori  | 喜歡的話幫我按個追隨~5%音量幫我掛台(ﾉ>ω<)ﾉ,2025-05-09T07:50:51Z,https://www.twitch.tv/usamori,https://static-cdn.jtvnw.net/previews-ttv/live_user_usamori-{width}x{height}.jpg
0d717ed7ec134fb6ac94ce9dc4e25658,live,【Spiritfarer】靈魂擺渡打工萬事屋再啟動【希洛萊昂 Shiro Leon】#萊覲見 #初見歓迎,2025-05-09T07:58:41Z,https://www.youtube.com/watch?v=bM6XKJmi_9w,https://i.ytimg.com/vi/bM6XKJmi_9w/mqdefault_live.jpg
b7b1cb60f1c24c0ea4fb1f506d3e247a,live,0509｜!布丁 好吃工商🍮｜晚上9:30觀眾場！｜ !委託 !dc @hanamorilunaria,2025-05-09T07:59:32Z,https://www.twitch.tv/hanamorilunaria,https://static-cdn.jtvnw.net/previews-ttv/live_user_hanamorilunaria-{width}x{height}.jpg
0ab147ded84b484eac14de7a46c9cf4e,live,【歌回】唱一些最近聽的歌陪伴大家下班  #初見歡迎 #男V #凱利斯,2025-05-09T08:00:20Z,https://www.youtube.com/watch?v=7Lw94tddmzU,https://i.ytimg.com/vi/7Lw94tddmzU/mqdefault_live.jpg
6dfe72bb90994dceb7b753908876307d,live,聊天ONLY❗辣妹陪聊駕到❗前往朝九晚五的最後一哩路哦哦哦哦哦哦哦哦哦哦 #惑莉Desu,2025-05-09T08:00:39Z,https://www.youtube.com/watch?v=96rGgFziWYw,https://i.ytimg.com/vi/96rGgFziWYw/mqdefault_live.jpg
1257fb7258eb49ad8cf58ed64b800056,live,🐾5/9✨【遊戲台｜APEX復健🎶】【中/日/Baby EN】 嗚安nya！儲值找魔儲！ 🐾 !點歌 周邊賣場開放中,2025-05-09T08:02:02Z,https://www.twitch.tv/nekoshimanola,https://static-cdn.jtvnw.net/previews-ttv/live_user_nekoshimanola-{width}x{height}.jpg
9b33b75521bd43bca3346790ac65559c,live,⋆  𝓓𝓮𝓪𝓻 ⋆⁵ᐟ⁹ 💟 工作臺唷 一起沃客吧 |誕生日周邊預購中  !YT,2025-05-09T08:08:04Z,https://www.twitch.tv/mtow9140,https://static-cdn.jtvnw.net/previews-ttv/live_user_mtow9140-{width}x{height}.jpg
9b33b75521bd43bca3346790ac65559c,live,⋆ 𝓓𝓮𝓪𝓻 ⋆⁵ᐟ⁹ 💟初見 【虛擬無限計畫】2D橫板像素風動作遊戲  | 歡迎打招呼 | 誕生日周邊預購中,2025-05-09T08:08:40Z,https://www.youtube.com/watch?v=Lt-BWEA0RCU,https://i.ytimg.com/vi/Lt-BWEA0RCU/mqdefault_live.jpg
849624dcb99b4abf814b0b748669b6ff,live,【#歌回】突發一下下，就想唱一下歌 :3--鬼轉 | 阿斯厄太 A Si E Tai,2025-05-09T08:15:24Z,https://www.youtube.com/watch?v=KfAOmhB26iA,https://i.ytimg.com/vi/KfAOmhB26iA/mqdefault_live.jpg
bafb134fd2f849898d6242d1f5f683cc,live,【Minecraft】療癒的午後☁️上班上課日的陪伴【涅默Nemesis】,2025-05-09T08:18:07Z,https://www.youtube.com/watch?v=elczqzu1cSI,https://i.ytimg.com/vi/elczqzu1cSI/mqdefault_live.jpg
76165d25983b463eaa1da66c86a32b7c,live,【日常】睡著又起來的夜彩  @yorurovtuber 【靛之森Ainomori】|【夜彩Yoruro】可用7TV貼圖 感謝揪團: @Brian8787xd @illey1061,2025-05-09T08:18:27Z,https://www.twitch.tv/yorurovtuber,https://static-cdn.jtvnw.net/previews-ttv/live_user_yorurovtuber-{width}x{height}.jpg
2f0a0ee6478c45ae8af28953b4c370be,live,｛虎打MC｝開心週五👻突然變成要玩麥塊 今天要幹點什麼呢｛愉快販｝#初見歡迎,2025-05-09T08:25:08Z,https://www.youtube.com/watch?v=tHI-TICPtzA,https://i.ytimg.com/vi/tHI-TICPtzA/mqdefault_live.jpg
c377cbfa47984f0ba9242b1f6e3dfc75,live,【設計分享】 2025/5/9 Figma 又更新了 / 專業操作 / Sites 分享,2025-05-09T08:35:29Z,https://www.twitch.tv/may_logger,https://static-cdn.jtvnw.net/previews-ttv/live_user_may_logger-{width}x{height}.jpg
f146e7f1a1164dbfab960ea34873afb5,live,【雜談】只是一個人在說話 2025/05/08 【笠真守 KasaMamoru】,2025-05-09T08:35:44Z,https://www.youtube.com/watch?v=vF5hQVYCAZI,https://i.ytimg.com/vi/vF5hQVYCAZI/mqdefault_live.jpg
e0c7d57886cc4835a4ff3617bd5e922c,live,【歌枠】那些耳熟能詳的英文歌？ #吉他彈唱 #初見歡迎【莉貝蕾茨・貝兒】,2025-05-09T08:55:45Z,https://www.youtube.com/watch?v=xQ6QmIH5G7Y,https://i.ytimg.com/vi/xQ6QmIH5G7Y/mqdefault_live.jpg
7c96bbca1c184d70a39ef2a65a0d788c,live,"5/9 晚上21:00有連動~今天是失眠的死魚眼系,此狼已無反應 ✧*｡٩(ˊᗜˋ*)و✧*｡",2025-05-09T08:58:34Z,https://www.twitch.tv/madwolf0126,https://static-cdn.jtvnw.net/previews-ttv/live_user_madwolf0126-{width}x{height}.jpg
7c96bbca1c184d70a39ef2a65a0d788c,live,5/9 晚上21:00有聯動喔 ✧*｡٩(ˊᗜˋ*)و✧*｡.歡迎追隨YT/Twitch~ ( ～'ω')～,2025-05-09T08:58:44Z,https://www.youtube.com/watch?v=2SKO3zUobSA,https://i.ytimg.com/vi/2SKO3zUobSA/mqdefault_live.jpg
809ddec4aec2402ea41adeba2f8520ec,live,繼續探索這個充滿善意的世界｜隻狼：暗影雙死 Sekiro:Shadows Die Twice｜05/09｜,2025-05-09T09:01:26Z,https://www.twitch.tv/arthurblue5566,https://static-cdn.jtvnw.net/previews-ttv/live_user_arthurblue5566-{width}x{height}.jpg
81699719ffc04e4e92bb3207ab8a7a83,live,【突發歌回】突然想逆，陪你下班下課!唱歌給你聽!#初見歡迎| NEON逆恩,2025-05-09T09:01:33Z,https://www.youtube.com/watch?v=wMbUXyJjFlQ,https://i.ytimg.com/vi/wMbUXyJjFlQ/mqdefault_live.jpg
310862830fb648b78cca7e581e2622a7,live,♦ 2025.05.09 ♦ 今天抽了兩大管的雪｜ @ayaakahane ｜!勞動加班 !RP人設 !周邊 !3D紀念鼠標【赤羽亞矢】,2025-05-09T09:01:50Z,https://www.twitch.tv/ayaakahane,https://static-cdn.jtvnw.net/previews-ttv/live_user_ayaakahane-{width}x{height}.jpg
c40a8ff66b3348dc8459766b74846feb,live,茂鼠俱樂部 | 初見 Newbie |,2025-05-09T09:02:44Z,https://www.twitch.tv/moyamon53,https://static-cdn.jtvnw.net/previews-ttv/live_user_moyamon53-{width}x{height}.jpg
6c0758764e674c6db2f985710fcfbd7b,live,【👑企劃】🌲蘋果森林寄出的便條紙―只為你輕聲留下的話語🍎✨#降落歡迎 #初見歡迎－森花艾波🍎 #vtuber #台灣vtuber #雜談,2025-05-09T09:05:32Z,https://www.youtube.com/watch?v=C2Gw0sxNjWA,https://i.ytimg.com/vi/C2Gw0sxNjWA/mqdefault_live.jpg
d3e4f9bdbb6c42fc97b60148cefdb6e0,live,紫勾審核中求救˚‧º·(˚ ˃̣̣̥⌓˂̣̣̥ )‧º·˚.ᐟ.ᐟ|0509| !dc  !twitter !cover| @mo__mochi 追隨跟自主訂閱歡迎/ᐠ .ᆺ. ᐟ\ﾉ,2025-05-09T09:07:23Z,https://www.twitch.tv/mo__mochi,https://static-cdn.jtvnw.net/previews-ttv/live_user_mo__mochi-{width}x{height}.jpg
192d2decee72410e8346c135c4ac6e00,live,【歌回】許久不見的唱歌~ 我懷念的 是無話不說【九十九真淵／芥川組】,2025-05-09T09:08:41Z,https://www.youtube.com/watch?v=4pRQFrhZLmQ,https://i.ytimg.com/vi/4pRQFrhZLmQ/mqdefault_live.jpg
342f808864164047acc8ddffe88c9618,live,5/9 逆 - 【猜拳問答】你可能想知道或不想知道的逆...？｜五月訂閱者福利DC領取.ᐟ.ᐟ｜印象募集中｜!魔儲 !DC,2025-05-09T09:09:09Z,https://www.twitch.tv/nee606,https://static-cdn.jtvnw.net/previews-ttv/live_user_nee606-{width}x{height}.jpg
dadb89bee9044261848ad444625d94f7,live,【鬼轉突發】你沒玩過的雙人成行 #TW #REPO #老還顛,2025-05-09T09:14:12Z,https://www.youtube.com/watch?v=CoXyuFJQQvA,https://i.ytimg.com/vi/CoXyuFJQQvA/mqdefault_live.jpg
8402646577b24bd5918bda8690e790b4,live,今天會不會又坐牢呢？【光與影 33號遠征隊】,2025-05-09T09:22:55Z,https://www.twitch.tv/lunariawhite,https://static-cdn.jtvnw.net/previews-ttv/live_user_lunariawhite-{width}x{height}.jpg
4077520d348749e49598cd5fa1058b6a,live,【小野寺芽依】放假時在做什麼 有沒有空 可以來R6嗎~ 05/09,2025-05-09T09:23:56Z,https://www.twitch.tv/raimontatsuya,https://static-cdn.jtvnw.net/previews-ttv/live_user_raimontatsuya-{width}x{height}.jpg
4077520d348749e49598cd5fa1058b6a,live,【小野寺芽依】放假時在做什麼 有沒有空 可以來R6嗎~    05/09,2025-05-09T09:24:04Z,https://www.youtube.com/watch?v=Jf6K8QpT0RI,https://i.ytimg.com/vi/Jf6K8QpT0RI/mqdefault_live.jpg
8c494e45ce5b462aa744d46bbdc54021,live,【泰勒 】遊俠玩起來好爽 •̀ ω •́ )y 但是也好累喔...｜暗黑破壞神4 S8【Mr.Taylor Channel】,2025-05-09T09:26:50Z,https://www.twitch.tv/mrtaylorchannel,https://static-cdn.jtvnw.net/previews-ttv/live_user_mrtaylorchannel-{width}x{height}.jpg
17610c1e36214c0f8002456d8b0bcf36,live,【華吧Happy Hour】華總真係好鍾意返工 (◔౪◔)【華宮ヒトミ | HKVtuber】,2025-05-09T09:30:38Z,https://www.youtube.com/watch?v=c_KdVqQ4Mik,https://i.ytimg.com/vi/c_KdVqQ4Mik/mqdefault_live.jpg
dc3e05e0c12b4e0a93dc230f30925ee0,live,【土司喵】101 來了！ @toast_meow,2025-05-09T09:31:33Z,https://www.twitch.tv/toast_meow,https://static-cdn.jtvnw.net/previews-ttv/live_user_toast_meow-{width}x{height}.jpg
e9569c3f60c541ab83899c09079feaa2,live,今天你想來點可可愛愛菜鳥泡槍怪嗎(*☻-☻*)//掛台是好雷寶第一守則//新形象募資計畫啟動///掛台請開5%音量 @leinuoke,2025-05-09T09:33:11Z,https://www.twitch.tv/leinuoke,https://static-cdn.jtvnw.net/previews-ttv/live_user_leinuoke-{width}x{height}.jpg
ac2b3c839ed14b12af1acecf322a15bd,live,【夜見愛夢】快閃雜談！畫完妝就出門ᕕ ( ᐛ ) ᕗ【雜談配信】#台V #Vtuber #TWvtuber,2025-05-09T09:41:03Z,https://www.youtube.com/watch?v=Sh6Uf5EhVHI,https://i.ytimg.com/vi/Sh6Uf5EhVHI/mqdefault_live.jpg
8c4d0ef0e1ee405e93be5d03974307ce,live,【遊戲】桃桃蒎蒎的Repo時間!! 初見大歡迎!!會有觀眾場!!,2025-05-09T09:51:39Z,https://www.youtube.com/watch?v=ADn61uA1PEs,https://i.ytimg.com/vi/ADn61uA1PEs/mqdefault_live.jpg
9c913230c732455c9604dae9ebcfa64e,live,【小宇實況】好好玩 5/9【純聊天】歡迎聊天、掛台 !周邊 !魔儲 #初見歡迎,2025-05-09T09:55:19Z,https://www.twitch.tv/amosyui,https://static-cdn.jtvnw.net/previews-ttv/live_user_amosyui-{width}x{height}.jpg
00de1290ff0a4edda4db0385a6ba3300,live,【5/9】用剛睡醒的聲音來現場演唱(?,2025-05-09T10:00:07Z,https://www.twitch.tv/saki_sen1130,https://static-cdn.jtvnw.net/previews-ttv/live_user_saki_sen1130-{width}x{height}.jpg
d2b1ba87da034210bbe54bfa1c01bc41,live,【絨絨鼠】˖ ࣪✧⊹今天玩MHWs 魔物獵人-荒野.ᐟ ♡⊹.【Vtuber】✤┊ 被濕氣放倒了 öㅅö┊✤,2025-05-09T10:00:28Z,https://www.twitch.tv/mz_fuwafuwa,https://static-cdn.jtvnw.net/previews-ttv/live_user_mz_fuwafuwa-{width}x{height}.jpg
30a4362c1143491ea0ed5383c4882251,live,【香港Vtuber/Tier list】排排心中最愛嘅Marvel電影/影集排行!! [神白ウノ ],2025-05-09T10:00:29Z,https://www.youtube.com/watch?v=4DZn7Z5rT5Y,https://i.ytimg.com/vi/4DZn7Z5rT5Y/mqdefault_live.jpg
54ea240f1bf1471981684464081645e7,live,【椰子】最頂的JRPG!?│ 隨時都很累 │掛台感謝呦  @coconut_ru,2025-05-09T10:01:18Z,https://www.twitch.tv/coconut_ru,https://static-cdn.jtvnw.net/previews-ttv/live_user_coconut_ru-{width}x{height}.jpg
2a5241b8ebc54be98263c9ea2924b7e9,live,｛瑞克斯｝2025.05.09 (五) 今天要做甚麼呢？［今天內容：純聊天 ],2025-05-09T10:01:43Z,https://www.twitch.tv/rexer_1119,https://static-cdn.jtvnw.net/previews-ttv/live_user_rexer_1119-{width}x{height}.jpg
4a64836a88024358a7401530fed8e0f8,live,【EPO】5/9🍎蘇一下：四周目｜近期活動：5/10創集繪活俠翁Z02🍎 !簽到,2025-05-09T10:02:00Z,https://www.twitch.tv/epo_live,https://static-cdn.jtvnw.net/previews-ttv/live_user_epo_live-{width}x{height}.jpg
00c158176a504c9bb865b32276e79eb1,live,【晚餐雜談】【一起吃飯吧 #86】晚餐但是楓寶!!!!!!!!!!!初見歡迎💜【Silvia Clione / 瑟薇亞】#滴魚工作室 #vtuber #瑟薇亞克萊歐尼 #楓之谷 #artale,2025-05-09T10:03:21Z,https://www.youtube.com/watch?v=Jo7KopYLHAM,https://i.ytimg.com/vi/Jo7KopYLHAM/mqdefault_live.jpg
4e5f0c7c5f1f49c2b1d249b10225cabb,live,【劉小魚🎮】早安晚安~晚上8點又來打殭屍啦!Ft.很多人🩵 | 減班抽獎活動進行中 | @test40228 !減班抽獎 !計畫 !推特 !IG !DC !指令,2025-05-09T10:04:53Z,https://www.twitch.tv/test40228,https://static-cdn.jtvnw.net/previews-ttv/live_user_test40228-{width}x{height}.jpg
828ab4c66f5f43f298d237374a266b7e,live,璃璃兒🐈 05 / 09 等等來看點故事囉｜!魔儲 @0lilier0,2025-05-09T10:06:19Z,https://www.twitch.tv/0lilier0,https://static-cdn.jtvnw.net/previews-ttv/live_user_0lilier0-{width}x{height}.jpg
3750eae778e9453eaeee75956a8dabc6,live,｜✦小打台 ✦小打小鬧｜芒化抽選無期限暫停，感謝各位組員這些年的支持。｜,2025-05-09T10:11:30Z,https://www.twitch.tv/mangxiang782,https://static-cdn.jtvnw.net/previews-ttv/live_user_mangxiang782-{width}x{height}.jpg
89036aadc62d496aa73c0a0076d67f41,live,【加班台Day253】先A一下等等巧克團!!【紅葉谷いつき】!加班 !DC,2025-05-09T10:17:45Z,https://www.twitch.tv/ooouuo,https://static-cdn.jtvnw.net/previews-ttv/live_user_ooouuo-{width}x{height}.jpg
334133534368487780dfa99b7c9f5949,live,炮友、迷戀、精神疾病與依附理論｜暈船的心理學與解方【 #學習 #雜談 】,2025-05-09T10:28:53Z,https://www.youtube.com/watch?v=jMMtiEKMBIA,https://i.ytimg.com/vi/jMMtiEKMBIA/mqdefault_live.jpg
34edb431f7da4a43b2a6a9d79d2858d1,upcoming,【雜談】打招呼100人.ᐟ .ᐟ 雲端逛街~阻止我買買買ʕ◦`꒳´◦ʔ｜初見歡迎~♡ 【解語JIEYU】,2025-05-09T10:30:00Z,https://www.youtube.com/watch?v=EGuFoKU02L8,https://i.ytimg.com/vi/EGuFoKU02L8/mqdefault_live.jpg
87df5b92303e4410884b8c52ff2c4e0d,live,5/9 他們打架我吃肉！【MH荒野：參加型】來替嗷嗚決定用什麼武器吧！,2025-05-09T10:31:42Z,https://www.twitch.tv/vankaku,https://static-cdn.jtvnw.net/previews-ttv/live_user_vankaku-{width}x{height}.jpg
f7c48554816643cdb8d343e6e9e6d313,live,【RELIVE_諾櫻NOE🌸】･ﾟ･驢子RP･ﾟ･˙ 晚點RP  唐門 張希希 ❤ !魔儲 !人設 󠀀!驢子,2025-05-09T10:36:14Z,https://www.twitch.tv/re_noe_,https://static-cdn.jtvnw.net/previews-ttv/live_user_re_noe_-{width}x{height}.jpg
2463286fd3154219afa631c73d178147,upcoming,眼見為憑...毛骨悚然★游戲直播★猛鬼大廈#2,2025-05-09T10:45:00Z,https://www.youtube.com/watch?v=IOYGcijjL34,https://i.ytimg.com/vi/IOYGcijjL34/mqdefault_live.jpg
4d96aeef13f949e19026682e337db138,live,【芮德G碧露】5/9  成功開啟荒野啦!!來打個歷戰煌雷龍!! 歡迎觀眾加加~ | 旗袍4.0募資中~| !魔儲,2025-05-09T10:45:15Z,https://www.twitch.tv/redgreenbluee,https://static-cdn.jtvnw.net/previews-ttv/live_user_redgreenbluee-{width}x{height}.jpg
8ae0f370cf124faa953a09089a427fd9,live,【自行車】#1 三重蘆洲環狀自行車道（夜）,2025-05-09T10:46:12Z,https://www.twitch.tv/koyoyo4444,https://static-cdn.jtvnw.net/previews-ttv/live_user_koyoyo4444-{width}x{height}.jpg
729621ce509b4641ad8cde76dec037d0,upcoming,✧歌回#122✧固定週五快樂歌回！一起來玩耍吧一臉笑容地up pull pull【圖奇雙開】希妮·亞里絲🤍SinnieAris✨ #哥勢,2025-05-09T11:00:00Z,https://www.youtube.com/watch?v=RC6uTN5o6iM,https://i.ytimg.com/vi/RC6uTN5o6iM/mqdefault_live.jpg
091ac99f10804fe3b417a0f285731b4e,upcoming,『烏瑪咪x搽米無限系』挑戰魚拓！將魚拓完後就....🤤｜#Vtuber #vtuber中文,2025-05-09T11:00:00Z,https://www.youtube.com/watch?v=eeRzUkGjtyk,https://i.ytimg.com/vi/eeRzUkGjtyk/mqdefault_live.jpg
58588863643843439cebc85ef72654bb,upcoming,【A Little to the Left 】回來了，邊玩遊戲邊聊聊【Projectvb所屬/森星祈】#降落歡迎,2025-05-09T11:00:00Z,https://www.youtube.com/watch?v=OUj-1XtRdYk,https://i.ytimg.com/vi/OUj-1XtRdYk/mqdefault_live.jpg
14392ae1c106403ab690e8a6dea7c534,upcoming,【台V】重返未來:1999-真的要認真推主線了......還有賺水滴((【浮士德Faust🐏】,2025-05-09T11:00:00Z,https://www.youtube.com/watch?v=eXpRXOLIK5I,https://i.ytimg.com/vi/eXpRXOLIK5I/mqdefault_live.jpg
f0b85b56d1d84085aca5ab7f592bd7da,upcoming,【遊戲】路痴騎士第四回【新人Vtuber】Hollow Knight,2025-05-09T11:00:00Z,https://www.youtube.com/watch?v=Yqt40ZbXHYk,https://i.ytimg.com/vi/Yqt40ZbXHYk/mqdefault_live.jpg
8ae0f370cf124faa953a09089a427fd9,upcoming,【Nintendo Switch Sports｜運動】#23 延時加賽！傷停補時。,2025-05-09T11:00:00Z,https://www.youtube.com/watch?v=AyidYrYSG68,https://i.ytimg.com/vi/AyidYrYSG68/mqdefault_live.jpg
a31f3ab4cad841018b196b4de8186823,upcoming,【母親節片片鑑賞】紅標警告了?!說好的感人母親節呢?ฅ^•ﻌ•^ฅ｜亞彌奈 Ayana,2025-05-09T11:00:00Z,https://www.youtube.com/watch?v=D0rkW9sOUn8,https://i.ytimg.com/vi/D0rkW9sOUn8/mqdefault_live.jpg
ea4c1a67c2e445ad8028768616ceb659,upcoming,【🥞#3DX初配信】灰妲別跑啊，你最喜歡的3DX要登場了我準備了很棒的企劃喔【洛可洛斯特 / VTUBER】FT.灰妲,2025-05-09T11:00:00Z,https://www.youtube.com/watch?v=UE-RRZKi7mI,https://i.ytimg.com/vi/UE-RRZKi7mI/mqdefault_live.jpg
13a4e83f2bbc4d18bb27520a4dceef72,upcoming,【Spiit Fiction】跟胡仔繼續冒險 今天沒有效果只有技術  ᐠ( ᐛ )ᐟ @胡子Huzi,2025-05-09T11:00:00Z,https://www.youtube.com/watch?v=p2nD8wYHo6k,https://i.ytimg.com/vi/p2nD8wYHo6k/mqdefault_live.jpg
15c9a54b946a40c38c07ea2f9efddfa5,upcoming,【一家都是豹】母親節就是要聽媽媽瘋狂豹怨小時候的自己 Ft. 豹媽 ｜煌Kirali,2025-05-09T11:00:00Z,https://www.youtube.com/watch?v=B8yBoB1ZqWw,https://i.ytimg.com/vi/B8yBoB1ZqWw/mqdefault_live.jpg
058021ae015448cda91651a6bd41cdc6,upcoming,🎮崩壞：星穹鐵道🎮星期厄是公休日?✨立繪骨架的重疊性是在暗示要有救世隊了嗎?✨#vtuber #台灣vtuber  #崩坏星穹铁道 #starrail,2025-05-09T11:00:00Z,https://www.youtube.com/watch?v=jrXZBqQ-1uY,https://i.ytimg.com/vi/jrXZBqQ-1uY/mqdefault_live.jpg
191998e9f0ec4d67a19da194af311636,upcoming,ʚ minecraft ɞ 到MIX米克斯伺服器蓋房子｜鬼塚夏實 #vtuber  #新人Vtuber #鬼塚夏實,2025-05-09T11:00:00Z,https://www.youtube.com/watch?v=nGkyGJcR1W0,https://i.ytimg.com/vi/nGkyGJcR1W0/mqdefault_live.jpg
49eca1ea30a8425a8967677070c95627,upcoming,〖節奏魔女 舞動的骷髏〗節奏遊戲＋美少女＝神作✨？！炒雞期待的厲害遊戲(∩^o^)⊃━☆ﾟ｜米菈,2025-05-09T11:00:00Z,https://www.youtube.com/watch?v=6Mugd5T0ckY,https://i.ytimg.com/vi/6Mugd5T0ckY/mqdefault_live.jpg
0715c3b900ad423fa1b981cf4fc15c8f,upcoming,《遊戲》跟布丁們同居的時間到了！！但為什麼有那麼多煞風景的喪屍呢? 初見桑歡迎~,2025-05-09T11:00:00Z,https://www.youtube.com/watch?v=ACHoOUWXfp4,https://i.ytimg.com/vi/ACHoOUWXfp4/mqdefault_live.jpg
160f90709224412f9cfc2aaa88e89a57,upcoming,【教學】🐲炎上的處理教戰守則🖕🤡架怎麼吵才不會自貶身價,2025-05-09T11:00:00Z,https://www.youtube.com/watch?v=tajltSMO-HM,https://i.ytimg.com/vi/tajltSMO-HM/mqdefault_live.jpg
a85d79e2323b4869a6f784c51218cd37,upcoming,【星穹鐵道】一起看前瞻直播！突然覺得好像不是很在意風堇小妹XD比較想知道Saber卡池消息哈哈哈,2025-05-09T11:00:00Z,https://www.youtube.com/watch?v=YxVNR94m4P8,https://i.ytimg.com/vi/YxVNR94m4P8/mqdefault_live.jpg
92e03a33b1e640f6aa94211011de5d24,upcoming,【#耐久 Minecraft】你訂閲我來挖鑽石 耐久挑戰！ #馬來西亞vtuber  #初見歓迎,2025-05-09T11:00:00Z,https://www.youtube.com/watch?v=fDxXvJWQQYw,https://i.ytimg.com/vi/fDxXvJWQQYw/mqdefault_live.jpg
7c06b9e316ce4ac18ce836cd72442bbe,upcoming,【女僕小浠】女僕日來幫主人繪製專屬蛋包飯！今天限時收單！【浠Mizuki】#初見歓迎,2025-05-09T11:00:00Z,https://www.youtube.com/watch?v=gyyFT-D5mmo,https://i.ytimg.com/vi/gyyFT-D5mmo/mqdefault_live.jpg
a168211aa3dd451cb33e09b80df0ea0a,upcoming,【節奏魔女】新遊戲!一起跟著節奏跳躍吧!｜神崎アルファ,2025-05-09T11:00:00Z,https://www.youtube.com/watch?v=KXNZzpMkYaA,https://i.ytimg.com/vi/KXNZzpMkYaA/mqdefault_live.jpg
30f59fd702d5417c9225bc729bf7ec32,upcoming,【遊戲雜談】人中之龍８外傳 Pirates in Hawaii｜EP7｜繼續慢慢推主線 ※劇透注意 🗡️🐦🔥日和茜 Hiyori Akane,2025-05-09T11:00:00Z,https://www.youtube.com/watch?v=mQBxXHpFWEg,https://i.ytimg.com/vi/mQBxXHpFWEg/mqdefault_live.jpg
5ba11a0bf35147d499259ad5608a7de1,upcoming,【崩壞：星穹鐵道】第一次自己看崩鐵前瞻！灰寶～你準備抽芭...風堇了嗎？【蝦拉拉】,2025-05-09T11:15:00Z,https://www.youtube.com/watch?v=QyFqNdGftbg,https://i.ytimg.com/vi/QyFqNdGftbg/mqdefault_live.jpg
7c18bc597298484c8f2925759fc1ac4a,upcoming,星期五晚✨咩都搞搞💜,2025-05-09T11:30:00Z,https://www.youtube.com/watch?v=nSgF1Ocsl8s,https://i.ytimg.com/vi/nSgF1Ocsl8s/mqdefault_live.jpg
0bfd032de03c48a4bd7d1f4505335a7d,upcoming,#宇宙紀念日2025 | 初見也歡迎！05月09日生日快樂！【庫路路/Kururun Ch.】,2025-05-09T11:30:00Z,https://www.youtube.com/watch?v=ft99lVqTDUk,https://i.ytimg.com/vi/ft99lVqTDUk/mqdefault_live.jpg
58c4453bedb9463ab1dcb522d4d50faf,upcoming,《日本旅遊雜談》在花落之際的名古屋之旅，春天的日本天氣也太多變了！ ～五千訂閱衝刺中～,2025-05-09T11:30:00Z,https://www.youtube.com/watch?v=-LFHzXXRSfg,https://i.ytimg.com/vi/-LFHzXXRSfg/mqdefault_live.jpg
38ecb20931514383b2d93885136c6b68,upcoming,【蘇丹的遊戲】聽說是O癖大集合?!精神時光屋?!  #初見歡迎 【極彩天繪】,2025-05-09T11:30:00Z,https://www.youtube.com/watch?v=6UAmsHJWtCo,https://i.ytimg.com/vi/6UAmsHJWtCo/mqdefault_live.jpg
95f3f004ed9641139567827519f6b35e,upcoming,【同時視聴】完全初見で葬送のフリーレン18～21話見るよ！【melco＊芽心】,2025-05-09T11:30:00Z,https://www.youtube.com/watch?v=luj8u525bcg,https://i.ytimg.com/vi/luj8u525bcg/mqdefault_live.jpg
e72542ff8bb14e47929b037c626c320a,upcoming,🔴勝利女神：妮姬丨妮姬們動起來就是哪裏怪怪的？🌸05/09 Ft.LD Shop【三日月るり】,2025-05-09T11:30:00Z,https://www.youtube.com/watch?v=A02u4ymmM5I,https://i.ytimg.com/vi/A02u4ymmM5I/mqdefault_live.jpg
608b617ad99c4f18b97d10560e254b4b,upcoming,【歌雜】《隨選》 不知道要唱什麼耶 好像好久沒開台了【清梅 ChingMeii】#初見大歡迎 #vtuber,2025-05-09T12:00:00Z,https://www.youtube.com/watch?v=P8FnNIgIN0I,https://i.ytimg.com/vi/P8FnNIgIN0I/mqdefault_live.jpg
0641a9c8b9a94994aaa33e0c86fef75b,upcoming,【金猴爺】新機台上線！【庫洛姆Kuromu】#台灣Vtuber #庫洛姆,2025-05-09T12:00:00Z,https://www.youtube.com/watch?v=fD23zJR_Tgo,https://i.ytimg.com/vi/fD23zJR_Tgo/mqdefault_live.jpg
fc7fa0c5a7604cc8a420ee89472fcac3,upcoming,【(中)初配信】禁忌魔法解放♡今天開始你是我的魔藥試驗品♡ #黑魔法學習中 #新人vtuber #初配信 #男V #台V,2025-05-09T12:00:00Z,https://www.youtube.com/watch?v=a8nPdsqlfPM,https://i.ytimg.com/vi/a8nPdsqlfPM/mqdefault_live.jpg
32a08f858ffb4d6aba0624647cf8cf2d,upcoming,【Astral party】姊妹局來了！哪一位姊妹能笑到最後呢？FT.薇婭、茵茵、邦邦,2025-05-09T12:00:00Z,https://www.youtube.com/watch?v=uxsEjExX2HE,https://i.ytimg.com/vi/uxsEjExX2HE/mqdefault_live.jpg
ba5ed25718a7421cb15cd0ec62df723e,upcoming,🔪🔍 誰殺了那頭鹿？危機四伏的鐘樓，謎團全都交給偵探助教解決吧！【 劇本殺 】,2025-05-09T12:00:00Z,https://www.youtube.com/watch?v=8oqkBixe2Rc,https://i.ytimg.com/vi/8oqkBixe2Rc/mqdefault_live.jpg
9f975d473431409190e397bdc946d5b0,upcoming,【觀眾場 || 雀魂🀄】繼續挑戰國士無雙！！我就不信惹！！！#馬來西亞vtuber #新人vtuber #降落歡迎 #初見歡迎,2025-05-09T12:00:00Z,https://www.youtube.com/watch?v=y90eOb7GqEY,https://i.ytimg.com/vi/y90eOb7GqEY/mqdefault_live.jpg
6f9d63518a69442a88ac602a3b37bf18,upcoming,【遊戲直播】《節奏魔女》給我一個tempo！遊戲白癡也有出頭天！？#Rhythm Witch: Dancing Skulls,2025-05-09T12:00:00Z,https://www.youtube.com/watch?v=rI2hkZ-v5B8,https://i.ytimg.com/vi/rI2hkZ-v5B8/mqdefault_live.jpg
532b143e82d6452fac9a18d1d025a2af,upcoming,【#碧血狂殺2/#reddeadredemption2】EP.16 線上模式⚡故事跳到線上，瞬間變成窮鬼了✨✨【BillCh / 碧兒Ch】,2025-05-09T12:00:00Z,https://www.youtube.com/watch?v=QW1dX5DSu8M,https://i.ytimg.com/vi/QW1dX5DSu8M/mqdefault_live.jpg
03f5b3fed856438c9a53d30fdfadd9b7,upcoming,【遊戲】5000訂閱感謝拔旗恐怖遊戲一起返校，有人說我會發出很多怪聲但應該是他們耳朵業障重 pt.1【毬呢Showey】#初見歡迎,2025-05-09T12:00:00Z,https://www.youtube.com/watch?v=0YrFqsi4yjI,https://i.ytimg.com/vi/0YrFqsi4yjI/mqdefault_live.jpg
42d6fec229134d0d9e6aa75299f45fe7,upcoming,【沙發骰子】神秘偶像使用偶像光波 @MischeifFu,2025-05-09T12:00:00Z,https://www.youtube.com/watch?v=Xlzv4O9kSrk,https://i.ytimg.com/vi/Xlzv4O9kSrk/mqdefault_live.jpg
5d2231ea88fd474d8a11e5a759899216,upcoming,【楓之谷Artale】懷舊服｜阿郡也想回到最初的感動！綠水靈！菇菇寶貝！我來啦！【十六月OctJun】,2025-05-09T12:00:00Z,https://www.youtube.com/watch?v=FcyUIrwHHQ0,https://i.ytimg.com/vi/FcyUIrwHHQ0/mqdefault_live.jpg
55be1972142c44799f83ce3db4f14fbd,upcoming,【Larp劇本殺｜誰殺了那頭鹿】鐘樓謎團謎謎謎...誰是兇手？！ | 有・柚実yuzzmi,2025-05-09T12:00:00Z,https://www.youtube.com/watch?v=ePCI4y0jW74,https://i.ytimg.com/vi/ePCI4y0jW74/mqdefault_live.jpg
788611c913b04d999011628637657bee,upcoming,慶祝 🎉 直男來玩心跳文學社啦 △ 米婭,2025-05-09T12:00:00Z,https://www.youtube.com/watch?v=a1OgtbgiMVA,https://i.ytimg.com/vi/a1OgtbgiMVA/mqdefault_live.jpg
cb94019fb4714e168b47d6757995efc3,upcoming,⚕︎這個工廠也太大了吧！！！反正一點都不恐怖啦 - Poppy Playtime 3【涅爾菲/Alluria】,2025-05-09T12:00:00Z,https://www.youtube.com/watch?v=PSC_C2uRfRc,https://i.ytimg.com/vi/PSC_C2uRfRc/mqdefault_live.jpg
6baf9b6a84a44ab3a6979d98bff7ee21,upcoming,【歌雜】 吟唱吧~日文歌回 !! 會變練歌大會嗎 ? 不知道 | ❆ 諾恪里Nokori,2025-05-09T12:00:00Z,https://www.youtube.com/watch?v=1Yol9L5QKnY,https://i.ytimg.com/vi/1Yol9L5QKnY/mqdefault_live.jpg
42b8bd7bed2a4ddd930cfd223657e9ca,upcoming,這周都感冒休息喔~  這個5/10撤下,2025-05-09T12:00:00Z,https://www.youtube.com/watch?v=XyFmkVq6pVo,https://i.ytimg.com/vi/XyFmkVq6pVo/mqdefault_live.jpg
9c64ee54cc094bf7931398eaf0c072d6,upcoming,❮ 犬飼征二 ❯ 昨天我生日! ❮ ANNIVERSARY ❯,2025-05-09T12:00:00Z,https://www.youtube.com/watch?v=8_3cauXT3U0,https://i.ytimg.com/vi/8_3cauXT3U0/mqdefault_live.jpg
139f3f1818a2420aa35d5471adaf1a73,upcoming,🐰【Monster Hunter Wilds】#15 終於到大集會所啦～歡迎來跟我玩啦！目前使用斬擊斧～魔物獵人荒野【愛庫娃ErosEkwa】,2025-05-09T12:00:00Z,https://www.youtube.com/watch?v=qCZ5dC4WDjg,https://i.ytimg.com/vi/qCZ5dC4WDjg/mqdefault_live.jpg
031e5c207b634c6ab08dbc0a361ba52e,upcoming,【CS2】CS2啟動!!!! #新人vtuber #台v,2025-05-09T12:00:00Z,https://www.youtube.com/watch?v=Vj4lZN7HA7Y,https://i.ytimg.com/vi/Vj4lZN7HA7Y/mqdefault_live.jpg
c0c35f0471774be2b33163ae20f2d6bb,upcoming,【MHWs / モンハンワイルズ #8】每週一次狩獵時間🔥主線進入第六章🎮觀眾參加OK🍖第六章に入るだよ🎮 視聴者参加型🍖【薬袋アルマ／Vtuber】,2025-05-09T12:00:00Z,https://www.youtube.com/watch?v=IfTYKyQxrFU,https://i.ytimg.com/vi/IfTYKyQxrFU/mqdefault_live.jpg
d4bea738b4d548b788ddb590b62cc2bd,upcoming,【初配信】從海裡傳來美妙歌聲？沒想到竟是……,2025-05-09T12:00:00Z,https://www.youtube.com/watch?v=6xD5bkwoQt0,https://i.ytimg.com/vi/6xD5bkwoQt0/mqdefault_live.jpg
6af8929143294c72b25a7108e79e2faf,upcoming,【遊戲回】No More Room in Hell 2 FT.厄倫蒂兒 劉小魚 瓦肝達 猫夜凜 大鴉 阿冰 朧｜艾斯珀達 Espada,2025-05-09T12:00:00Z,https://www.youtube.com/watch?v=zfijuff20AI,https://i.ytimg.com/vi/zfijuff20AI/mqdefault_live.jpg
5ee3c46f62cf4b34accc313fb437581b,upcoming,【歌枠】挖掘一些超久沒唱的歌🎤｜優芬妮Euphony  #vtuber #初見歡迎 #聽妮唱唱,2025-05-09T12:00:00Z,https://www.youtube.com/watch?v=hticYy-mXYU,https://i.ytimg.com/vi/hticYy-mXYU/mqdefault_live.jpg
9a7b7c9c31da44aca5a68395a2e69488,upcoming,【無声透明Vtuber】悪魔城ドラキュラ ドミナス コレクション 蒼月の十字架 #8【バ美肉、バ美声不使用】【Castlevania Dominus Collection】,2025-05-09T12:00:00Z,https://www.youtube.com/watch?v=PlT0QYrJbuE,https://i.ytimg.com/vi/PlT0QYrJbuE/mqdefault_live.jpg
22c8ee785f7446e5978bab336fda92cb,upcoming,【Larp劇本殺】相信我，我真的是無辜的😧『染・鐘樓謎團』【誰殺了那頭鹿】【迷子羽根/Vtuber】ft.很多V朋朋、拉普拉斯推理聚場,2025-05-09T12:00:00Z,https://www.youtube.com/watch?v=tK4Nq6GAStI,https://i.ytimg.com/vi/tK4Nq6GAStI/mqdefault_live.jpg
2c42a2d77b4c481bae57dc00a66c2f16,upcoming,【奇怪網站】和葵葵一起看各種莫名其妙的網站!【真黑/香港VTuber】@HasukiAoi,2025-05-09T12:00:00Z,https://www.youtube.com/watch?v=8CP1BqBUT1A,https://i.ytimg.com/vi/8CP1BqBUT1A/mqdefault_live.jpg
05be4fb717614738a87daac46157ddb1,upcoming,【Larp劇本殺】🌕鐘樓怪事頻發🏰夜魔謎團恐懼再現🥀【誰殺了那頭鹿】【藥師寺丹】ft. 很多V朋朋(詳見資訊欄)、拉普拉斯推理聚場 #藥師寺丹 #台v #vtuber,2025-05-09T12:00:00Z,https://www.youtube.com/watch?v=g57nrEQ8DiQ,https://i.ytimg.com/vi/g57nrEQ8DiQ/mqdefault_live.jpg
f985903969ad4e8b839e919aabe94480,upcoming,【  The Last of Us Part II  】艾莉的旅程開始了，我準備好了嗎？ EP01【瑟菲娜 | Senfina】,2025-05-09T12:00:00Z,https://www.youtube.com/watch?v=FoAPDoV9hnY,https://i.ytimg.com/vi/FoAPDoV9hnY/mqdefault_live.jpg
ca8d038d311e4cccb2deded15cee89cd,upcoming,「master duel」打打RANK (20250509 #masterduel,2025-05-09T12:00:00Z,https://www.youtube.com/watch?v=cBZ0O5i-aSQ,https://i.ytimg.com/vi/cBZ0O5i-aSQ/mqdefault_live.jpg
8309d31b418642db83f0cf56b38fc9ad,upcoming,【Larp劇本殺】🌕染鐘樓謎團殺人事件！喜歡推理的你！進來一起當柯南就對了！ 🥀【誰殺了那頭鹿】【狸野梨】ft. 很多V朋朋、拉普拉斯推理聚場｜狸野梨 Rieri,2025-05-09T12:00:00Z,https://www.youtube.com/watch?v=wKVrjPgQgC4,https://i.ytimg.com/vi/wKVrjPgQgC4/mqdefault_live.jpg
b8ce93818de34a93901147e5d9857170,upcoming,【 台灣VT x 新月特別合作企劃 】富二代染上怪病_求神問藥卻看見了禁忌之物｜#B1俱樂部｜#新月創作獎,2025-05-09T12:00:00Z,https://www.youtube.com/watch?v=OiCHlgQUu8g,https://i.ytimg.com/vi/OiCHlgQUu8g/mqdefault_live.jpg
220353f9b2634c84953cc7d243fbc6a0,upcoming,【一致為止大挑戰】這些人之間有鴻溝嗎?【回家部/庚庚】#終われまテン,2025-05-09T12:00:00Z,https://www.youtube.com/watch?v=ggAwNfzlFqE,https://i.ytimg.com/vi/ggAwNfzlFqE/mqdefault_live.jpg
bf197e3d2cd6400db5f7e397427965e5,upcoming,【Larp劇本殺】🌕鐘樓怪事頻發🏰夜魔謎團恐懼再現🥀【誰殺了那頭鹿】【葵栗鹿鹿】ft. 很多V朋朋(詳見資訊欄)、拉普拉斯推理聚場,2025-05-09T12:00:00Z,https://www.youtube.com/watch?v=RcfO6FR0Gqg,https://i.ytimg.com/vi/RcfO6FR0Gqg/mqdefault_live.jpg
7cbd1f537c3d4e67b38b9f9e31cb93d6,upcoming,୨〖會員啟動〗❥ 唱一點歌 聊一點天 你們順便加一點會員？〖南珂ℕ𝕒𝕟𝕜〗୧,2025-05-09T12:00:00Z,https://www.youtube.com/watch?v=_4Pex1LkDcM,https://i.ytimg.com/vi/_4Pex1LkDcM/mqdefault_live.jpg
bdcf0d95e6544ebaaddbfba94839cd6b,upcoming,【光遇】光遇雜遊~大家一起做任務#克拉拉on air#台v#個人勢vtuber#多多,2025-05-09T12:00:00Z,https://www.youtube.com/watch?v=32Yd3jUklmY,https://i.ytimg.com/vi/32Yd3jUklmY/mqdefault_live.jpg
14148e0fda054494b7cd2f9f38bb765a,upcoming,【#歌回】拚600訂！半周年慶祝歌回～來回顧這段時間出的原創曲們！｜原創曲《原點》快去聽聽看！【哈露瑪琪 Harumaki】,2025-05-09T12:00:00Z,https://www.youtube.com/watch?v=dNWEEDj9nAc,https://i.ytimg.com/vi/dNWEEDj9nAc/mqdefault_live.jpg
504678b9fa2f4506879ba42b27a13dff,upcoming,【遊戲】不同的星球#3 三周目！和紅葉一起來看最後的結局🍁#初見歓迎  #不同的星球 #games 【葉月尋 HazukiHiro】,2025-05-09T12:00:00Z,https://www.youtube.com/watch?v=U8kq7ZvPV5A,https://i.ytimg.com/vi/U8kq7ZvPV5A/mqdefault_live.jpg
6bd49f94afb144e995247388ca8c42a8,upcoming,【STRAY】好久沒在這邊開遊戲台了唷╰(*°▽°*)╯ 【橙Yuzumi】,2025-05-09T12:00:00Z,https://www.youtube.com/watch?v=vGjAjLPkljQ,https://i.ytimg.com/vi/vGjAjLPkljQ/mqdefault_live.jpg
fa5a7cdc259543259af42bb23f1e4041,upcoming,【515 原神5.6 】愛可菲遇到515?今天直播要抽出來嗎?到底誰比較可愛,2025-05-09T12:00:00Z,https://www.youtube.com/watch?v=pbnSNpjZi5g,https://i.ytimg.com/vi/pbnSNpjZi5g/mqdefault_live.jpg
554ca19c3d924cacac1f680675b9fdd2,upcoming,貓咪生日暨四周年歡樂會,2025-05-09T12:00:00Z,https://www.youtube.com/watch?v=wfbkYnUhpfM,https://i.ytimg.com/vi/wfbkYnUhpfM/mqdefault_live.jpg
89036aadc62d496aa73c0a0076d67f41,upcoming,【Minecraft】亡國之戰!!【紅葉谷いつき/紅葉谷幾月】,2025-05-09T12:00:00Z,https://www.youtube.com/watch?v=HdCad_60alQ,https://i.ytimg.com/vi/HdCad_60alQ/mqdefault_live.jpg
dad6fb7439d744739755a9a7c6c18d20,upcoming,✦ VTUBER 不就開台而已，壓力是在大什麼？？？ ✦ 【角蓮Caren】,2025-05-09T12:00:00Z,https://www.youtube.com/watch?v=YV64xL9YGAs,https://i.ytimg.com/vi/YV64xL9YGAs/mqdefault_live.jpg
c0ce3bfbf1434af3a2a7bd7b2c38e7e7,upcoming,【鬥陣特攻2】冬村FM⛄ 鬥技場再再再再億場💥 希望可以像壓路機直接把對面壓扁扁🚜【遊戲】,2025-05-09T12:00:00Z,https://www.youtube.com/watch?v=AjGPIlwaGmU,https://i.ytimg.com/vi/AjGPIlwaGmU/mqdefault_live.jpg
8c1fe8acf675446ebb2fd046e6396983,upcoming,【蓮線放映室】喪屍宇宙:新血新希望,2025-05-09T12:00:00Z,https://www.youtube.com/watch?v=Fen_V2Ee9Pk,https://i.ytimg.com/vi/Fen_V2Ee9Pk/mqdefault_live.jpg
703ae2c7ccc9431382a5b0f2c35e6ec1,upcoming,【阿蕾成果發表會】今天要來演唱4月大家點的歌曲!!現在就來讓各位家長看看成果!!  #singing #karaoke 【蕾米利亞レミリア】,2025-05-09T12:00:00Z,https://www.youtube.com/watch?v=jZucd9AGIes,https://i.ytimg.com/vi/jZucd9AGIes/mqdefault_live.jpg
664e1b310cf343b78623f99b31e40fae,upcoming,🔴LIVE - 迪鹿畫給你專屬小天使頭貼 第6回 #vtuber #迪鹿DeluCat,2025-05-09T12:00:32Z,https://www.youtube.com/watch?v=_EFrr71fO2s,https://i.ytimg.com/vi/_EFrr71fO2s/mqdefault_live.jpg
44b22851b9df4612bec834e2cfde9489,upcoming,[惡魔獵人5 #4] 決戰瑟瑟守門員Vergil｜打完主線用Vergil令惡魔5月哭L咗！  [香港Vtuber],2025-05-09T12:30:00Z,https://www.youtube.com/watch?v=1v28f_yOtMM,https://i.ytimg.com/vi/1v28f_yOtMM/mqdefault_live.jpg
13992a4fb59649ada3a2adf027b5b35a,upcoming,【星光咖啡館與死神之蝶】喜歡瑟瑟的老婆！ 明月栞那線 part 4,2025-05-09T12:30:00Z,https://www.youtube.com/watch?v=72ZPx4zroj4,https://i.ytimg.com/vi/72ZPx4zroj4/mqdefault_live.jpg
ef67b676c0334ef182151f473469c1f1,upcoming,【 這３小 IG 幹片💥 】來看看大家傳的怪東西後睡覺！｜小丑VTuber🤡｜尼皮NiPi ✖️🔴✖️｜,2025-05-09T12:30:00Z,https://www.youtube.com/watch?v=ckLB5JvdmXA,https://i.ytimg.com/vi/ckLB5JvdmXA/mqdefault_live.jpg
687568c1c9254c8ab34e7b6efbdd6dbc,upcoming,版權音樂電台，學園偶像大師歌曲評論｜学園アイドルマスター,2025-05-09T12:30:00Z,https://www.youtube.com/watch?v=JFhRclWlfQ0,https://i.ytimg.com/vi/JFhRclWlfQ0/mqdefault_live.jpg
f2a403cb46354371837550730a397bd1,upcoming,🔴「祝我生日快樂」生日！✨五周目~~🥺可以為冰冰慶祝嗎？| #小林冰 #香港vtuber #vtuber,2025-05-09T12:30:00Z,https://www.youtube.com/watch?v=cJI1VSEoCaQ,https://i.ytimg.com/vi/cJI1VSEoCaQ/mqdefault_live.jpg
dbfaa5f3d01142df8a05c4946a0a22dc,upcoming,【酒雜配信🍷】邊喝邊唱那首奇怪的歌 來一起喝酒然後隨便聽聽就好了...？【星野EE】 #初見歡迎 #降落歡迎,2025-05-09T12:30:00Z,https://www.youtube.com/watch?v=8DyzA670cqE,https://i.ytimg.com/vi/8DyzA670cqE/mqdefault_live.jpg
5298121274154e4b9154e8ac47d98beb,upcoming,【The Coffin of Andy and Leyley】安迪與莉莉的棺材#1【瞳夜 Hitomiya】,2025-05-09T12:30:00Z,https://www.youtube.com/watch?v=Q_cy4F5Jw9M,https://i.ytimg.com/vi/Q_cy4F5Jw9M/mqdefault_live.jpg
def76c5c31fe4466b5ae6e6940ae6e58,upcoming,▶遊戲直播◁ 人中之龍8 外傳 🏴‍☠️ 金銀島篇 讓莫提默海盜團血流成河【NAGISA凪砂 / HKVtuber】,2025-05-09T12:30:00Z,https://www.youtube.com/watch?v=b1iw6fOlqnU,https://i.ytimg.com/vi/b1iw6fOlqnU/mqdefault_live.jpg
956591dc2e40411688b8f8e3079bc5e3,upcoming,【無限暖暖 】小石田村的兇手到底是誰啊 貓頭鷹結束了還沒找到兇手🥺,2025-05-09T12:30:00Z,https://www.youtube.com/watch?v=P1By66l5nYg,https://i.ytimg.com/vi/P1By66l5nYg/mqdefault_live.jpg
e3451dd6f3c0444c888eb6f67704613a,upcoming,【#遊戲｜#鳴潮 ❆22】伴星任務：布萊特，很有魅力又很帥的船長，這次看完劇情也會想抽抽嗎 🤍【#亞雪｜Ashe】,2025-05-09T12:30:00Z,https://www.youtube.com/watch?v=60EftYUkr0Q,https://i.ytimg.com/vi/60EftYUkr0Q/mqdefault_live.jpg
02dadd7977b8412b99f101241de4cb3f,upcoming,【星座狗狗大揭密】如何追十二星座-金牛座篇,2025-05-09T12:30:00Z,https://www.youtube.com/watch?v=wEXP-4TwTrI,https://i.ytimg.com/vi/wEXP-4TwTrI/mqdefault_live.jpg
4f20b9493001401f81b7a451bf856fba,upcoming,🐱【Undertale】Pt.2 喔不羊媽別丟下窩 拜託帶窩一起走好嘛 ^⦁᎑-^ ੭｜地域傳說 地下傳說｜0509【歐逼Ob.】🩷,2025-05-09T12:30:00Z,https://www.youtube.com/watch?v=H_drEnLx6m8,https://i.ytimg.com/vi/H_drEnLx6m8/mqdefault_live.jpg
5d8a211269e449868dc84cc422ae0ec7,upcoming,【莉子歌回】小唱，聽說接下來的幾天都會下雨【莉莉姆】,2025-05-09T12:30:00Z,https://www.youtube.com/watch?v=ybpsA6K7Z0c,https://i.ytimg.com/vi/ybpsA6K7Z0c/mqdefault_live.jpg
312fdd3c5e6d4aefa73fd3860ecc5613,upcoming,【#直式】充實的一周！ #shorts #周邊開賣,2025-05-09T12:30:00Z,https://www.youtube.com/watch?v=POxDuv7X9Lk,https://i.ytimg.com/vi/POxDuv7X9Lk/mqdefault_live.jpg
6559d42f66684b8f80b4cd4589addd85,upcoming,【 勝利女神妮姬 】跟觀眾賭嬴了! 來賭老婆!〖鴨鴨伊比．AhiruIbi 〗,2025-05-09T12:30:00Z,https://www.youtube.com/watch?v=j89S1vpzB4Q,https://i.ytimg.com/vi/j89S1vpzB4Q/mqdefault_live.jpg
365db081229a4efeb4630f19587a96b2,upcoming,【#Doloctown】修理東西不專業，修理你 可以,2025-05-09T12:30:51Z,https://www.youtube.com/watch?v=21qAAUA82Lk,https://i.ytimg.com/vi/21qAAUA82Lk/mqdefault_live.jpg
e2049fd03bea4bf6bfee472e4674021c,upcoming,【小周末雜談！】洗錢錢💱洗錢錢💰聊聊跨國洗錢,2025-05-09T13:00:00Z,https://www.youtube.com/watch?v=irnBytDr9Rg,https://i.ytimg.com/vi/irnBytDr9Rg/mqdefault_live.jpg
0b8d1c0fa1b14df6821e85def645425e,upcoming,【樂詅躍 工作】沒有什麼地方是我們不能進的，包括你的心房 #初見歡迎【護】— 電話詅【Danwariing】,2025-05-09T13:00:00Z,https://www.youtube.com/watch?v=w0uA_QWTa_E,https://i.ytimg.com/vi/w0uA_QWTa_E/mqdefault_live.jpg
4d8babea181e44df9855f3aafc06eb2c,upcoming,【VALORANT同樂場】終於可以跟大家一起打瓦了✨ #初見歡迎🖤🤍,2025-05-09T13:00:00Z,https://www.youtube.com/watch?v=LFnW63FdxgI,https://i.ytimg.com/vi/LFnW63FdxgI/mqdefault_live.jpg
936b23e5e87144108c5d3f09f194c8b8,upcoming,【閒聊雜談】努力撐過這週的你辛苦啦 終於可以拋開煩惱大聊特聊了,2025-05-09T13:00:00Z,https://www.youtube.com/watch?v=7B-jqIpr7Tw,https://i.ytimg.com/vi/7B-jqIpr7Tw/mqdefault_live.jpg
aa182728aa6d44c4ae37caa7cdb8ed29,upcoming,【鳴潮】在銀行街惹事生非！是想被莫塔里做成聲骸嗎？,2025-05-09T13:00:00Z,https://www.youtube.com/watch?v=OolErVIwEiM,https://i.ytimg.com/vi/OolErVIwEiM/mqdefault_live.jpg
ffaf6da580a44e11bba9715e3c854958,upcoming,【隨意玩】咕咕披薩 #2 好啦再挑戰一次看看【阿迦列斯．凱薩】,2025-05-09T13:00:00Z,https://www.youtube.com/watch?v=Iepc48d_FHA,https://i.ytimg.com/vi/Iepc48d_FHA/mqdefault_live.jpg
8e84dbdebec446bab8c82b3f0467f398,upcoming,【女僕日活動】期待已久的女僕好冷現身啦，各位主人大小姐歡迎回來【好冷又好爽】,2025-05-09T13:00:00Z,https://www.youtube.com/watch?v=3ZUhmmEBkl8,https://i.ytimg.com/vi/3ZUhmmEBkl8/mqdefault_live.jpg
656455380d524045b9f75d6082563f94,upcoming,【生日紀念新衣發表】2.0系列之三 #海韻星歌 🌊潮汐隨月而動，星光隨歌而起。🌌 #周邊發佈 #新衣批露 #新衣裝【朵璃安Dorian】 #台灣Vtuber,2025-05-09T13:00:00Z,https://www.youtube.com/watch?v=66xBiyq1zhk,https://i.ytimg.com/vi/66xBiyq1zhk/mqdefault_live.jpg
1f28ef7a3c88413d846f01c6d9c36e2d,upcoming,【雜談】來看看我是什麼MBTI~【赤羽 紅/ Akabane Aka】,2025-05-09T13:00:00Z,https://www.youtube.com/watch?v=6Z2uaGmflO4,https://i.ytimg.com/vi/6Z2uaGmflO4/mqdefault_live.jpg
118c05e7f751446abee5fc827fda0215,upcoming,[推坑] TEVI #02 【獅子山 Rio】,2025-05-09T13:00:00Z,https://www.youtube.com/watch?v=MmSgF9sGmuU,https://i.ytimg.com/vi/MmSgF9sGmuU/mqdefault_live.jpg
0fbdfcc1b9cf41fdb840cf2f546d9324,upcoming,【RPG MAKER MZ】做遊戲時間,2025-05-09T13:00:00Z,https://www.youtube.com/watch?v=jYf6-1KJYPI,https://i.ytimg.com/vi/jYf6-1KJYPI/mqdefault_live.jpg
e911a56d410b4949aee1d3a8dc84f4ad,upcoming,【電馭叛客2077_Cyberpunk 2077】工欲利事，器先利之，大幹一票，邁向巔峰！｜門奈佳 玉月,2025-05-09T13:00:00Z,https://www.youtube.com/watch?v=WV3C-TB5CQ0,https://i.ytimg.com/vi/WV3C-TB5CQ0/mqdefault_live.jpg
16b8db1818764f81addb322d109b5da3,upcoming,【格局解析】「逢府看相」：為何看到天府就要看天相？天府與天相的組合，究竟是怎麼在盤上形成影響的呢？,2025-05-09T13:00:00Z,https://www.youtube.com/watch?v=lX2Fh5gmCIg,https://i.ytimg.com/vi/lX2Fh5gmCIg/mqdefault_live.jpg
43e557d175ce462b97c4c406954d8c04,upcoming,🎄【🦸Marvel Rivals】睡著了就改明天開 \ 初見歡迎！/【⭐一隻阿橋 | 粵語 | HKVtuber🐿️】【09.05.2025】🎄,2025-05-09T13:00:00Z,https://www.youtube.com/watch?v=MGpdK5v0hl0,https://i.ytimg.com/vi/MGpdK5v0hl0/mqdefault_live.jpg
0dc64e677ea0451095971685f0618966,upcoming,【忘憂相談室 #2 】投稿型節目【泳彤 HK Vtuber】,2025-05-09T13:00:00Z,https://www.youtube.com/watch?v=QcXGC6aLIsg,https://i.ytimg.com/vi/QcXGC6aLIsg/mqdefault_live.jpg
97a56c6914ab431d9b670456d11b22ed,upcoming,【雀魂】我的段位分只有…200多…拜託讓我…升級…,2025-05-09T13:00:00Z,https://www.youtube.com/watch?v=G8vs0walcoY,https://i.ytimg.com/vi/G8vs0walcoY/mqdefault_live.jpg
a9b855767b2d432c9f263e3427ff33a6,upcoming,【原神】我的廚藝距離廚神還差一個愛可菲! ❚ #gaming Stream ∷ 埃穆亞Oumua,2025-05-09T13:00:00Z,https://www.youtube.com/watch?v=zNxehGniL0E,https://i.ytimg.com/vi/zNxehGniL0E/mqdefault_live.jpg
4de233ea7dfc4a7da1738ab627babd48,upcoming,【PTCG LIVE】CL愛知結束，一堆酷情報也出來啦😭 CL愛知終わりに、新カード情報いっぱい出た😭 [日本語/EN⭕] #ptcgl #ポケカ #PTCG,2025-05-09T13:00:00Z,https://www.youtube.com/watch?v=w0oq_HEnhGM,https://i.ytimg.com/vi/w0oq_HEnhGM/mqdefault_live.jpg
c04f006e69e04000a68cd0c41f888eb2,upcoming,【 酒砸 】微醺雜談🍻看你們的棉花糖投稿✨(沒有人要走迷宮) | Rluo Ch. 阿洛,2025-05-09T13:00:00Z,https://www.youtube.com/watch?v=IN2y_Tjxl48,https://i.ytimg.com/vi/IN2y_Tjxl48/mqdefault_live.jpg
03c9d83a4c534b65a5743b381eb2ce33,upcoming,【#與諾遊戲】雀魂觀衆場，我們一起來打日麻吧！ #莫諾Live  #初見歓迎 #歡迎降落,2025-05-09T13:00:00Z,https://www.youtube.com/watch?v=e83t8ldPXPQ,https://i.ytimg.com/vi/e83t8ldPXPQ/mqdefault_live.jpg
1c5619a4ece046dd8ba68ed343489ca3,upcoming,【李聽】絕地台灣外交官💕解救中國受災地區😳「今天跟聽粉講一件事情。」,2025-05-09T13:00:00Z,https://www.youtube.com/watch?v=x5o55GQ_Aeg,https://i.ytimg.com/vi/x5o55GQ_Aeg/mqdefault_live.jpg
f7c8264349654390a5e39810dc012a38,upcoming,◖都市傳說解體中心🌟05◗ 第五章！這遊戲不恐怖，恐怖的是主任的來電 ※暴雷注意【星見遙】,2025-05-09T13:00:00Z,https://www.youtube.com/watch?v=mMsZtATccfk,https://i.ytimg.com/vi/mMsZtATccfk/mqdefault_live.jpg
43864254e678407fae3dc899f7155912,upcoming,❤️今天我生日，簡單小慶祝！小虎新型態+歌回｜Shiro Ch. 席蘿シロ,2025-05-09T13:00:00Z,https://www.youtube.com/watch?v=IxdYxUNp__4,https://i.ytimg.com/vi/IxdYxUNp__4/mqdefault_live.jpg
2a2b7990365f4a1bb1d8acf1ae0f2f32,upcoming,Stream 9/5/25 不是哥布林但也想談戀愛 (哥布林也想談戀愛),2025-05-09T13:00:00Z,https://www.youtube.com/watch?v=bGBSZ6_vMUo,https://i.ytimg.com/vi/bGBSZ6_vMUo/mqdefault_live.jpg
d792696470b54bd4947a59b10759a636,upcoming,【直播】作業台...看看是誰作業永遠做不完啦０３【五斂子】,2025-05-09T13:00:00Z,https://www.youtube.com/watch?v=9yry84TiOcs,https://i.ytimg.com/vi/9yry84TiOcs/mqdefault_live.jpg
58bb51ba1bba485a98cbf859fb5687f4,upcoming,【一小時速聊】我要成為水電法師,2025-05-09T13:00:00Z,https://www.youtube.com/watch?v=0iJdPqZtmDE,https://i.ytimg.com/vi/0iJdPqZtmDE/mqdefault_live.jpg
89742766181f469b807f397325a2a6bf,upcoming,【雜談】一起看最近的IG迷因 我就問我的演算法到底怎麼了 | 初見 醬肉大歡迎  | 朝著萬訂邁進中 | 達克涅絲,2025-05-09T13:00:00Z,https://www.youtube.com/watch?v=406zYUDqnqo,https://i.ytimg.com/vi/406zYUDqnqo/mqdefault_live.jpg
43b63a022b664691827cd276aff6e4f4,upcoming,〖GTA V〗良好垃圾員工！！www #gta5  #rikurikustream   #malaysiavtuber,2025-05-09T13:00:00Z,https://www.youtube.com/watch?v=0jwXdGgHcQA,https://i.ytimg.com/vi/0jwXdGgHcQA/mqdefault_live.jpg
acc708b79f1c4e388466b407387e7cb5,upcoming,【火線獵殺:野境 (EP.06)】噩夢要我們與他決一死戰，但在徹底剷除玻利維亞的毒梟前你就先坐冷板凳吧  FT.湯泉@yuizumi_TW​,2025-05-09T13:00:00Z,https://www.youtube.com/watch?v=RqhLmGf2BJA,https://i.ytimg.com/vi/RqhLmGf2BJA/mqdefault_live.jpg
95e5788cabf340e397e2726def426229,upcoming,【節奏魔女 舞動的骷髏】妮首次挑戰肉鴿節奏遊戲，究竟是打節奏還是被節奏打呢？【杜邊優妮】,2025-05-09T13:00:00Z,https://www.youtube.com/watch?v=58Ayub0g5mY,https://i.ytimg.com/vi/58Ayub0g5mY/mqdefault_live.jpg
e7f01ae0c78b4daeaaf8f3fe39946e8d,upcoming,【#天月麻雀】一周一次的皇雀會成員的大集合！不服來戰！,2025-05-09T13:00:00Z,https://www.youtube.com/watch?v=8dqwdFgYgUw,https://i.ytimg.com/vi/8dqwdFgYgUw/mqdefault_live.jpg
4d44c28a73394954a4d1bf2a1b2c162c,upcoming,【熱線邁阿密】很熱很熱，是個什麼樣的遊戲呢？【紅梅】,2025-05-09T13:00:00Z,https://www.youtube.com/watch?v=JDlq9kMoXcw,https://i.ytimg.com/vi/JDlq9kMoXcw/mqdefault_live.jpg
e39607950249427da8b60fa012115e44,upcoming,😈就算沒錢吃飯，也得把推抽回家✨世界計劃WXS World Link開抽！【PIRO】 #プロセカ,2025-05-09T13:00:00Z,https://www.youtube.com/watch?v=OoHs-rUjRv0,https://i.ytimg.com/vi/OoHs-rUjRv0/mqdefault_live.jpg
4571c7a211b945f3b608c0066f7e73e4,upcoming,【節奏魔女 舞動的骷髏】跟著音樂動咨動🎶類倖存者×音樂節奏💀看直播抽一組遊戲序號😍【#咨播惹】,2025-05-09T13:00:00Z,https://www.youtube.com/watch?v=TsNmk6IIsY4,https://i.ytimg.com/vi/TsNmk6IIsY4/mqdefault_live.jpg
5226367de740445789ec9b65a84d65c5,upcoming,【原神】5.6版本「悖理」【柚晞Yuzuki】,2025-05-09T13:00:00Z,https://www.youtube.com/watch?v=o5WZh7HEyMI,https://i.ytimg.com/vi/o5WZh7HEyMI/mqdefault_live.jpg
0999b4ac6dbf496aacc1d48be59c4df0,upcoming,【🔴 #連動 】EZ就是一塊小蛋糕吧？Emissary Zero｜蓓爾妲Beta,2025-05-09T13:00:00Z,https://www.youtube.com/watch?v=w7jXf_FEFMY,https://i.ytimg.com/vi/w7jXf_FEFMY/mqdefault_live.jpg
ba59bb31bbcd4cf3a481c4cf72918fb0,upcoming,🔴準備驗眼!! 超現實錯覺測試🔥 / Superliminal【米亞Mya】,2025-05-09T13:00:00Z,https://www.youtube.com/watch?v=KDjdaSRjDbA,https://i.ytimg.com/vi/KDjdaSRjDbA/mqdefault_live.jpg
e78cffa246c24a1c88031151cad8c385,upcoming,【複製文鑑賞】你好，我是蕉バナ，我沒有直播烙跑，請給我你私藏的複製文，我承諾讓你出現在我的直播上，謝謝。,2025-05-09T13:00:00Z,https://www.youtube.com/watch?v=4_4qXtO3XuE,https://i.ytimg.com/vi/4_4qXtO3XuE/mqdefault_live.jpg
75e0561f549f4775b90601a9d308340a,upcoming,【HoloEarth】🌲『讓我想起某藍色的東東』-#1【中二艾露🌱】,2025-05-09T13:00:00Z,https://www.youtube.com/watch?v=jy9zOZGJlUw,https://i.ytimg.com/vi/jy9zOZGJlUw/mqdefault_live.jpg
9a496e9b261f401dba4991a9f4c7048e,upcoming,【後室清潔小隊🔹】我們是去破壞的!  - 悠蜜Yomiii #馬來西亞vtuber #马来西亚vtuber,2025-05-09T13:00:00Z,https://www.youtube.com/watch?v=gIuD_E-eg-Y,https://i.ytimg.com/vi/gIuD_E-eg-Y/mqdefault_live.jpg
1eef7c0894a547a2bff186f6a735145a,upcoming,【#歌雜 】今年3歲歲~ / お疲れ様です。 #台湾vtuber #初見歓迎,2025-05-09T13:00:00Z,https://www.youtube.com/watch?v=_47Qx5MFIiE,https://i.ytimg.com/vi/_47Qx5MFIiE/mqdefault_live.jpg
5fc94cdcf7594a3ba5ce001ba405d3be,upcoming,【晚間放鬆】,2025-05-09T13:00:00Z,https://www.youtube.com/watch?v=dzH7jO1Y4uE,https://i.ytimg.com/vi/dzH7jO1Y4uE/mqdefault_live.jpg
b84f2dfff8ce4ca1af82bfc44405f1e7,upcoming,【繪圖】又到了換房間的時候了 ! 太多豹徒不知道房間放不放的下,2025-05-09T13:00:00Z,https://www.youtube.com/watch?v=sri7UA56r04,https://i.ytimg.com/vi/sri7UA56r04/mqdefault_live.jpg
ed3f69b9de7c43f3a32b4e7dfdb5bfd0,upcoming,【二選一拉】諧音梗是台灣人的靈魂,2025-05-09T13:00:00Z,https://www.youtube.com/watch?v=qTo2sh78rkM,https://i.ytimg.com/vi/qTo2sh78rkM/mqdefault_live.jpg
a39733d216994010b34bf5033be01589,upcoming,【如果系列】如果我有一個億｜珂賽特Cosette #初見歓迎,2025-05-09T13:00:00Z,https://www.youtube.com/watch?v=x_XFDwjpTNQ,https://i.ytimg.com/vi/x_XFDwjpTNQ/mqdefault_live.jpg
58304450990a433b88acd02b889b74e6,upcoming,【殘酷二選一】來進行一場價值觀的辯證吧！雖然題目感覺很瞎就是了owo｜塔瓦Tawa #初見歡迎,2025-05-09T13:00:00Z,https://www.youtube.com/watch?v=IF0YsOq7oRs,https://i.ytimg.com/vi/IF0YsOq7oRs/mqdefault_live.jpg
e63047f70b0b4a7eba70e7d8cbd507ec,upcoming,【GTA online】GTA6延遲了！我們又可以慢慢來了x「Shiya紫夜/ 馬來西亞vtuber」ft.Sora、陸、Gin  #初見歓迎,2025-05-09T13:00:00Z,https://www.youtube.com/watch?v=CjlzHNdKE_8,https://i.ytimg.com/vi/CjlzHNdKE_8/mqdefault_live.jpg
2d3604fab1b34dc4a8639a7d1fbeddf2,upcoming,【#雜談 】一起乾杯！來試試便利商店調酒【里森】,2025-05-09T13:00:00Z,https://www.youtube.com/watch?v=_RtEHJhG6Vc,https://i.ytimg.com/vi/_RtEHJhG6Vc/mqdefault_live.jpg
328a6a5742504b9d977f40660c118239,upcoming,Day 452 #雜談 【MirageFeathers】#0 這是一個需要驚世智慧的遊戲嗎,2025-05-09T13:00:13Z,https://www.youtube.com/watch?v=WpB6iyjlSHE,https://i.ytimg.com/vi/WpB6iyjlSHE/mqdefault_live.jpg
20aa88e16d77400b9bc4e72df1b2a588,upcoming,【禾平相談室】小心翼翼地過完了一天，希望你今天也睡得好。｜若禾Nyaka #初見歓迎 #vtuber,2025-05-09T13:30:00Z,https://www.youtube.com/watch?v=BaNb9KqWF4w,https://i.ytimg.com/vi/BaNb9KqWF4w/mqdefault_live.jpg
5535c9524eb046c38e172ebfa06b302f,upcoming,【R.E.P.O.】PlayOne陪玩初體驗！聲音好聽的小哥哥，究竟是誰撩誰？情緒價值給好給滿🤣 ▹璐洛洛,2025-05-09T13:30:00Z,https://www.youtube.com/watch?v=bTwnX1U08k0,https://i.ytimg.com/vi/bTwnX1U08k0/mqdefault.jpg
38fcf8bc7f3f45d68bab44577c019c84,upcoming,【遊戲&抽抽】跟著可愛魔女一起董次董次！《節奏魔女 舞動的骷髏》初體驗＆序號抽抽！✨⏱🌟🎶｜療癒祭司西西莉⏱🌟🎶,2025-05-09T13:30:00Z,https://www.youtube.com/watch?v=4pW-X2mZsbw,https://i.ytimg.com/vi/4pW-X2mZsbw/mqdefault_live.jpg
d837e8fda137492c9d77882b98ff863a,upcoming,【觀眾投稿】求救！新家什麼都沒有、可以分享你家必買(怪)東西嗎？ ✧  真理果Marika,2025-05-09T13:30:00Z,https://www.youtube.com/watch?v=HOkFDYQ1EL8,https://i.ytimg.com/vi/HOkFDYQ1EL8/mqdefault_live.jpg
8774553046cb47a9b5165c15feb01e84,upcoming,📄【#陪伴台💫】嚴重支氣管炎，只好禁麥了💎 #gogh 💧⌇ パパ 𖥻 帕比咪帕比波,2025-05-09T13:30:00Z,https://www.youtube.com/watch?v=DHOH3nXAfBQ,https://i.ytimg.com/vi/DHOH3nXAfBQ/mqdefault_live.jpg
bac1f0b8e8d149d4a48cfd30d7d7ad74,upcoming,【房間鑑賞】薯99最私密的房間ooxx絕密流出❤︎ !偷窺薯99房間❤️【陳凱婷】,2025-05-09T13:30:00Z,https://www.youtube.com/watch?v=t32XxSrzFcw,https://i.ytimg.com/vi/t32XxSrzFcw/mqdefault_live.jpg
c4ffb821927d406682f3f17edfdf3bcd,upcoming,手作台~我是兔口販子!!!♡【Lalune 萊露琳】5/9晚上 9:30 #lalune #萌元氣 #手工  #vtuber,2025-05-09T13:30:00Z,https://www.youtube.com/watch?v=jkD7qaITXs8,https://i.ytimg.com/vi/jkD7qaITXs8/mqdefault_live.jpg
0e17da7ad6e94a73a2ce539bb6ea293d,upcoming,【雜談】多雨的一週大家過得如何呢？來和心泉說說吧！｜心泉 Kokomi,2025-05-09T13:30:00Z,https://www.youtube.com/watch?v=BHjrC-RhEnI,https://i.ytimg.com/vi/BHjrC-RhEnI/mqdefault_live.jpg
ec198b33036c436591c01ee93976b6a3,upcoming,[Holoearth]Survival in HoloEarth,2025-05-09T13:45:00Z,https://www.youtube.com/watch?v=wfxMnzjskF4,https://i.ytimg.com/vi/wfxMnzjskF4/mqdefault_live.jpg
0591345aa6634a73ac41f08af6d4e06e,upcoming,"【MISIDE】I HAVE CUTE GF NOW, I CAN FIX HER",2025-05-09T14:00:00Z,https://www.youtube.com/watch?v=diiMxlul18A,https://i.ytimg.com/vi/diiMxlul18A/mqdefault_live.jpg
512e1f38a37942cc8b7cb8aed597a810,upcoming,【#企劃 】召集有趣的靈魂來大展身手吧！！！｜#初見歓迎 【#絡綺rouki 】,2025-05-09T14:00:00Z,https://www.youtube.com/watch?v=Fj-4ioXAPpE,https://i.ytimg.com/vi/Fj-4ioXAPpE/mqdefault_live.jpg
507d48eff3d44b6cba7b707e321e01e7,upcoming,✦R.E.P.O✦ 本氣質要撿垃圾了 ft. 玥貓、落依、三千一瞬【夏喵可Meowko】,2025-05-09T14:00:00Z,https://www.youtube.com/watch?v=k41gFPeq1Vw,https://i.ytimg.com/vi/k41gFPeq1Vw/mqdefault_live.jpg
6eec62ae2c9849de8ca895cef44ec952,upcoming,【#メイドの日】雲端女僕咖啡廳💙開張拉🤍主人們歡迎歸宅 FT. @Topa1120.channel,2025-05-09T14:00:00Z,https://www.youtube.com/watch?v=37aByGuhksk,https://i.ytimg.com/vi/37aByGuhksk/mqdefault_live.jpg
cd42e06c40534d9eac7e30a434e47d43,upcoming,【開箱】鏡頭警告! 吉伊卡哇卡包VOL.2 抽抽雜談!! 7-11門市都有販售，也可到ibon訂購整盒!! 超划算!! ♡ 嗷嗚~ #vtuber,2025-05-09T14:00:00Z,https://www.youtube.com/watch?v=6s53b6yzzL4,https://i.ytimg.com/vi/6s53b6yzzL4/mqdefault_live.jpg
773a7694afcf4666960b05a4faf1a1fa,upcoming,[ #歌枠 ] 第一次歌回 ! 想到什麼就唱什麼｜牧野Maki,2025-05-09T14:00:00Z,https://www.youtube.com/watch?v=qFlEnTi1l0k,https://i.ytimg.com/vi/qFlEnTi1l0k/mqdefault_live.jpg
7aba821c721e45bcb3d113652e9e8fb2,upcoming,【恐怖遊戲】希望今天去打工順利!!!不知道打工能喝酒嗎?| 克克米伊,2025-05-09T14:00:00Z,https://www.youtube.com/watch?v=g_BWrOhob3o,https://i.ytimg.com/vi/g_BWrOhob3o/mqdefault_live.jpg
98181ce64b3d45a9aa295c446e1bae9e,upcoming,《悠悠會客室》EP.01｜聲音太好聽是種困擾？Ft. BeiYue 杯玥 #yuunanalive #悠配信 ｜Yuunana悠77,2025-05-09T14:00:00Z,https://www.youtube.com/watch?v=390Pq2YSRQs,https://i.ytimg.com/vi/390Pq2YSRQs/mqdefault_live.jpg
2ceecb98e47845eab5e3d8d33bd53895,upcoming,【歌回】與歌共舞・與星星相伴 vol.39 ✨初見大歡迎！【阿爾法德Alphard】,2025-05-09T14:00:00Z,https://www.youtube.com/watch?v=0_p6jxRiua4,https://i.ytimg.com/vi/0_p6jxRiua4/mqdefault_live.jpg
e0f419006f244a51804050ede1d1a5aa,upcoming,一周目🎲【苏丹的游戏】全中文直播,2025-05-09T14:00:00Z,https://www.youtube.com/watch?v=26S_0VOr-h8,https://i.ytimg.com/vi/26S_0VOr-h8/mqdefault_live.jpg
36f4fa8dbd7740c3ae5ac02b890fa502,upcoming,【《DARK SOULS™: REMASTERED》｜禁指導廚】為什麼不是鐘來找我，是我去找鐘？它哪根蔥，笑死根本找不到｜月上零韻,2025-05-09T14:00:00Z,https://www.youtube.com/watch?v=bTQ0XAUckaw,https://i.ytimg.com/vi/bTQ0XAUckaw/mqdefault_live.jpg
6c3a22611ac24eb19cec3bd7c78a8705,upcoming,【MHWilds】隨便打打 歡迎參加,2025-05-09T14:00:00Z,https://www.youtube.com/watch?v=nGF3ymIlbr0,https://i.ytimg.com/vi/nGF3ymIlbr0/mqdefault_live.jpg
40aa59fe29c64def89ab5fdce90b89ae,upcoming,[ Roblox The Mimic ] 2人小隊 ! book 2 的第三章 + book 1 的全章節 | 真意義【HKvtuber】,2025-05-09T14:00:00Z,https://www.youtube.com/watch?v=BiDI8L09j7E,https://i.ytimg.com/vi/BiDI8L09j7E/mqdefault_live.jpg
370f66a57c0341b0adef5bcbad64ff90,upcoming,【雜談】染上神奇寶貝力（喜）,2025-05-09T14:00:00Z,https://www.youtube.com/watch?v=M30aZRx4nlE,https://i.ytimg.com/vi/M30aZRx4nlE/mqdefault_live.jpg
1204e14e13fb4e1e9dcbd47e1a8dc7b2,upcoming,【Minecraft】蓋房的第二天，來蓋小牧場 | 趙錦漓LilyZhao,2025-05-09T14:00:00Z,https://www.youtube.com/watch?v=J6IxDhROWjY,https://i.ytimg.com/vi/J6IxDhROWjY/mqdefault_live.jpg
a246e7561e5f40799a48eeca69951b7b,upcoming,【紙嫁衣2 奘鈴村】這村子不只詭異，還超難懂…#2《日野羽》#紙嫁衣,2025-05-09T14:00:00Z,https://www.youtube.com/watch?v=VUMTEXat3Jc,https://i.ytimg.com/vi/VUMTEXat3Jc/mqdefault_live.jpg
6aefa292dc61441e98c787efb0067922,upcoming,【ASMR舒眠向】甜蜜紓壓耳部放鬆♡用溫暖的感覺陪你入睡｜梵天/Water Sounds /囁き/マッサージ【羽芝扉扉 Uchi Fifi】,2025-05-09T14:00:00Z,https://www.youtube.com/watch?v=2-mxe250CCA,https://i.ytimg.com/vi/2-mxe250CCA/mqdefault_live.jpg
c805a5c2c4fb4a068a65267452aa4da5,upcoming,「雀魂三麻觀眾場」 #村下緋雨 #雀魂 #觀眾場,2025-05-09T14:00:00Z,https://www.youtube.com/watch?v=JePDSzEXPcI,https://i.ytimg.com/vi/JePDSzEXPcI/mqdefault_live.jpg
209a528363cd411886ec9e5d086ff1bc,upcoming,【節奏魔女 舞動的骷髏】台灣開發！Roguelike節奏天國，跟著節奏砍怪💀留言抽序號！,2025-05-09T14:00:00Z,https://www.youtube.com/watch?v=jCs0wRsWCOY,https://i.ytimg.com/vi/jCs0wRsWCOY/mqdefault_live.jpg
20327c35cc9d4deba93299b790d7d721,upcoming,✦吉他伴睡歌回✦今晚唱點唱過的歌 來回憶一下你們第一次的出現 - RiN凜 #初見歡迎 #雜談 #歌回 #吉他 #哄睡,2025-05-09T14:00:00Z,https://www.youtube.com/watch?v=eNcJne__MjE,https://i.ytimg.com/vi/eNcJne__MjE/mqdefault_live.jpg
eb38f509e8464ba19ba8579e0b99e262,upcoming,【療心台】有跟這周的自己 說一個你很棒了嗎?【  月村 徊 /Tsukimura Modoru】 #新人vtuber #台v #初見歡迎,2025-05-09T14:00:00Z,https://www.youtube.com/watch?v=COR5yNbxA90,https://i.ytimg.com/vi/COR5yNbxA90/mqdefault_live.jpg
5bbfc7c1b6584cef8c75f2f9044387d2,upcoming,EP7【百日戰記-最終防衛學園】第二輪我又偷玩了億點點ww【焰焰 Homura】The Hundred Line,2025-05-09T14:00:00Z,https://www.youtube.com/watch?v=bQgOnJRUtSY,https://i.ytimg.com/vi/bQgOnJRUtSY/mqdefault_live.jpg
c379e3f4f1eb41869ec465481b182e50,upcoming,🦪參加型遊戲回🦪你畫我猜！歡迎牡蠣國會員和你的靈魂畫手主播一起玩你畫我猜！ #降落歡迎 #初見歡迎 #Vtuber,2025-05-09T14:00:50Z,https://www.youtube.com/watch?v=sXPprymO270,https://i.ytimg.com/vi/sXPprymO270/mqdefault_live.jpg
ad2a1148ff4747229694f9aa2c3645d9,upcoming,【節奏魔女 舞動的骷髏】肉鴿節奏遊戲！最適合喜歡音樂又想挑戰倖存的你✨直播尾聲抽遊戲｜ 鶇 Tsugumi,2025-05-09T14:15:00Z,https://www.youtube.com/watch?v=vjjIHpw8fgw,https://i.ytimg.com/vi/vjjIHpw8fgw/mqdefault_live.jpg
d33940525b7f4b9db9ce85e08b4c175e,upcoming,【THANK YOU KENTARO PAPA】 Let's talk and sing,2025-05-09T14:30:00Z,https://www.youtube.com/watch?v=adAmtbf_PEc,https://i.ytimg.com/vi/adAmtbf_PEc/mqdefault_live.jpg
7ef2dc851df94f5aa7f632c736b4307e,upcoming,【酒樓點心】神級點心誰屬! 月月最喜愛的點心是?,2025-05-09T14:30:00Z,https://www.youtube.com/watch?v=e4FA-V_Vu9k,https://i.ytimg.com/vi/e4FA-V_Vu9k/mqdefault_live.jpg
9fb51e14ba1c499eb6383a7a166a4d52,upcoming,#水族   │魚魚的新家！│20250509│ #vtuber #成陽 #vtuber成陽,2025-05-09T14:30:00Z,https://www.youtube.com/watch?v=fz8RK8J3RB8,https://i.ytimg.com/vi/fz8RK8J3RB8/mqdefault_live.jpg
869d9d9067b64dd78418cc258cb6607b,upcoming,【雜談】不管是美夢還是惡夢，醒來後都想好好記住的呀【黛儚‧卡索】,2025-05-09T14:30:00Z,https://www.youtube.com/watch?v=grqUttTaLPQ,https://i.ytimg.com/vi/grqUttTaLPQ/mqdefault_live.jpg
cc882664d9794fb88b06a5a0aa1591ae,upcoming,🔴【毘盧遮那戰姬 ～源平飛花夢想～ #2】超強聲優陣容💗穿越平安時代溝靚仔的乙女遊戲🌸 【月川MoonRiver 香港VTuber HKVTuber 中文VTuber】ビルシャナ戦姫 ～源平飛花夢想～,2025-05-09T14:30:00Z,https://www.youtube.com/watch?v=mvnsegGskeA,https://i.ytimg.com/vi/mvnsegGskeA/mqdefault_live.jpg
43acb25e255340d09b50283f0308d1ff,upcoming,【不/存在的你，和我】#2,2025-05-09T14:30:00Z,https://www.youtube.com/watch?v=SHBEJZtthYc,https://i.ytimg.com/vi/SHBEJZtthYc/mqdefault_live.jpg
4e48e10b3c2f439c934b1db25679b972,upcoming,深宵細聽 # 176【香港VTuber/凌仲】,2025-05-09T14:30:00Z,https://www.youtube.com/watch?v=ojDa6n-ZGYc,https://i.ytimg.com/vi/ojDa6n-ZGYc/mqdefault_live.jpg
175cfc69dbb34f1a8987f24a935db17f,upcoming,【酒雜轉盤】放著人的下酒菜不吃吃貓零食...轉盤  †MAYÜ,2025-05-09T14:30:00Z,https://www.youtube.com/watch?v=4vvfyONgIm0,https://i.ytimg.com/vi/4vvfyONgIm0/mqdefault_live.jpg
ffaf6da580a44e11bba9715e3c854958,upcoming,【連動】R.E.P.O 一起去撿垃圾囉!! feat. 仙杜波拉、殤狐ゆいと﹑默夜【阿迦列斯．凱薩】,2025-05-09T15:00:00Z,https://www.youtube.com/watch?v=hP1VuXzxmAU,https://i.ytimg.com/vi/hP1VuXzxmAU/mqdefault_live.jpg
2c6d5a00eabf47e2affcc8fa6ec64f9c,upcoming,[輕聲細語] 又是案經的夜晚...[橘Mika],2025-05-09T15:00:00Z,https://www.youtube.com/watch?v=E-LTq-Z-X4o,https://i.ytimg.com/vi/E-LTq-Z-X4o/mqdefault_live.jpg
018244f1ad404c9eaa4ddf747c3bafa0,upcoming,【R.E.P.O】男人幫來拾荒了！ft. @Mokuya @ArckerresKaiser 殤狐 (PC),2025-05-09T15:00:00Z,https://www.youtube.com/watch?v=Uz2bNoxBD8Q,https://i.ytimg.com/vi/Uz2bNoxBD8Q/mqdefault_live.jpg
8282a91b3aae44d3a075d08507665f4e,upcoming,【 ✧ 雪愛貓貓姬 𝑯𝒊𝒎𝒆 ✧ 𝟚𝟘𝟚𝟝.𝟘𝟝.𝟘𝟡 從零開始的日本語配信挑戰! 𝐄𝐏.𝟏 ( 𝟓分鐘篇 )✨|| 𝔾𝕄𝕋+𝟠  𝟚𝟛:𝟘𝟘 - 𝟚𝟜:𝟘𝟘 】🐈💖||✧𝑴𝒊𝒊𝒓𝒂𝒄𝒍𝒆 𝑳𝒐𝒗𝒆✧,2025-05-09T15:00:00Z,https://www.youtube.com/watch?v=vFmdyaYN-mA,https://i.ytimg.com/vi/vFmdyaYN-mA/mqdefault_live.jpg
7da08de1840847b99c6fe9a44a1ca0ac,upcoming,【PowerWash Simulator】馬上力量洗，這次有先載好遊戲啦｜#王鎂鳳 #遊戲,2025-05-09T15:00:00Z,https://www.youtube.com/watch?v=BphDclECce8,https://i.ytimg.com/vi/BphDclECce8/mqdefault_live.jpg
d13fdb8fdd3049e5bf80b5ab0fa8a1a6,upcoming,《🎭今天有星鐵3.3前瞻直播｜魔術師那刻夏抽抽時間！今天的命運，藏在牌裡♥ #外星貓Vtuber直播 #雜談注意》,2025-05-09T15:00:00Z,https://www.youtube.com/watch?v=psF_6t6sLIs,https://i.ytimg.com/vi/psF_6t6sLIs/mqdefault_live.jpg
3197e5649c65405cbbe6e5f1a44cf8e1,upcoming,【深夜歌雜】今天來輕輕唱歌😴【白月心宿】,2025-05-09T15:00:00Z,https://www.youtube.com/watch?v=f6Hj6mUgBSg,https://i.ytimg.com/vi/f6Hj6mUgBSg/mqdefault_live.jpg
d5fdf5fc55d14476908e416e6d43c121,upcoming,【ASMR】把你的耳朵吃掉...♡❄️囁き／舔耳／脳舐め／耳舐め／無廣告／広告なし 【雪之下織雪／芥川組】,2025-05-09T15:00:00Z,https://www.youtube.com/watch?v=kpIm21auL28,https://i.ytimg.com/vi/kpIm21auL28/mqdefault_live.jpg
9715832a3f2b4469a59c5d277aa4fc34,upcoming,【深夜談心雜談】晚上總是抒發情緒的好時間 #阿弗開播啦,2025-05-09T15:30:00Z,https://www.youtube.com/watch?v=-UAvTTOQqRc,https://i.ytimg.com/vi/-UAvTTOQqRc/mqdefault_live.jpg
14b8fa0f43664c31a5d634b20f9112d9,upcoming,【依週回顧】又到了一週回顧的時間啦！這週大家都很乖！,2025-05-09T15:30:00Z,https://www.youtube.com/watch?v=2gKEEy6TEPQ,https://i.ytimg.com/vi/2gKEEy6TEPQ/mqdefault_live.jpg
c28d59f83d9345de91d208cf7732bac5,upcoming,【深夜歌回】唱歌讓自己爽一下(???),2025-05-09T15:30:00Z,https://www.youtube.com/watch?v=0uIl-V90vtY,https://i.ytimg.com/vi/0uIl-V90vtY/mqdefault_live.jpg
7f4f30df30ec405bb0968c585b243fa5,upcoming,【雜談】回過神發現被遊戲綁架了好久，讓我們好好聊聊天吧！｜#悠在這漓 │花奈悠漓Yuuuri,2025-05-09T15:59:00Z,https://www.youtube.com/watch?v=8tvyxKJxQDU,https://i.ytimg.com/vi/8tvyxKJxQDU/mqdefault_live.jpg
60ae2b3fd2254689bb65c216a0a09605,upcoming,揭露真相之後的和解,2025-05-09T16:00:00Z,https://www.youtube.com/watch?v=4yGuahY2arE,https://i.ytimg.com/vi/4yGuahY2arE/mqdefault.jpg
6aefa292dc61441e98c787efb0067922,upcoming,【朝歌回】早上8點起床聽歌♡一整天就從扉扉開始吧【羽芝扉扉 Uchi Fifi】,2025-05-10T00:00:00Z,https://www.youtube.com/watch?v=3bp52gW2aro,https://i.ytimg.com/vi/3bp52gW2aro/mqdefault_live.jpg
a5f7302f9f1a4fcdb2471c4bc52a05fb,upcoming,玖點早安｜星期六還早起的朋友進來揮揮手☀️【玖璐】#初見歡迎 #早安 #雜談 #降落歡迎,2025-05-10T01:00:00Z,https://www.youtube.com/watch?v=U3WS-a1zPMQ,https://i.ytimg.com/vi/U3WS-a1zPMQ/mqdefault_live.jpg
976e0cf401784d3f874dc85b2b2c5839,upcoming,[ 朝九晚五：#UntilThen P2 ] 呀c8 天將勝過青梅 [ ReliveLupo］,2025-05-10T01:30:00Z,https://www.youtube.com/watch?v=mTNL5oZnLhQ,https://i.ytimg.com/vi/mTNL5oZnLhQ/mqdefault_live.jpg
f2dc08b1c55843d9a3d1e0461ebf57c1,upcoming,【讀書台/雜談】學習心音聽診！我的心撲通撲通的狂跳～,2025-05-10T02:00:00Z,https://www.youtube.com/watch?v=OQw3EnsVrVc,https://i.ytimg.com/vi/OQw3EnsVrVc/mqdefault_live.jpg
6bd49f94afb144e995247388ca8c42a8,upcoming,【早橙電台】おはよう🔆下禮拜是快樂休息週！大家掰餔 (●ˇ∀ˇ●) 【橙Yuzumi】,2025-05-10T02:00:00Z,https://www.youtube.com/watch?v=xCmQyvax3o0,https://i.ytimg.com/vi/xCmQyvax3o0/mqdefault_live.jpg
80d6517a96e74265a4d24f86b9c295c5,upcoming,【姬安殿堂】早晨來聊聊最近的趣事 | 姬乃 Himeno #初見歓迎 #新人VTUBER,2025-05-10T02:00:00Z,https://www.youtube.com/watch?v=Ul182xiBeSQ,https://i.ytimg.com/vi/Ul182xiBeSQ/mqdefault_live.jpg
191998e9f0ec4d67a19da194af311636,upcoming,ʚ 無限暖暖 ɞ 哪滋咪晚上要健身環，就由姊接我幫他挖石頭吧:D｜鬼塚魅華 #vtuber  #新人Vtuber,2025-05-10T03:00:00Z,https://www.youtube.com/watch?v=sZTA5IHtiF8,https://i.ytimg.com/vi/sZTA5IHtiF8/mqdefault_live.jpg
17c335762a694402b8cb9a96b2865572,upcoming,【參滴耐久加班台01】為了促進買氣開始無情坐牢!!!,2025-05-10T03:00:00Z,https://www.youtube.com/watch?v=5i17QDpAwGM,https://i.ytimg.com/vi/5i17QDpAwGM/mqdefault_live.jpg
058021ae015448cda91651a6bd41cdc6,upcoming,👀同時視聴👀一起來看《笨蛋，測驗，召喚獸 》S1✨轉盤推坑規則請看資訊欄📜#Vtuber #同時視聴,2025-05-10T04:00:00Z,https://www.youtube.com/watch?v=ZwbcsXXhKl8,https://i.ytimg.com/vi/ZwbcsXXhKl8/mqdefault_live.jpg
521efecabae94dd6b1d21bc5e8543fcb,upcoming,[投稿雜談台]認真懺悔嘅一日 砂糖奈月 hkvtuber twvtuber 粵語中文vtuber,2025-05-10T04:30:00Z,https://www.youtube.com/watch?v=xO3Ki-gYIHk,https://i.ytimg.com/vi/xO3Ki-gYIHk/mqdefault_live.jpg
7c0acdc8fe2449deb487cbb827b51723,upcoming,【線下互動Day 1】第一次見面很緊張！一起猜歌聊天！苑夢動漫嘉年華2025:異世界【紀伊透 Kii Tooru | 馬來西亞Vtuber】,2025-05-10T04:45:00Z,https://www.youtube.com/watch?v=lLyvXzq4QUk,https://i.ytimg.com/vi/lLyvXzq4QUk/mqdefault_live.jpg
58c4453bedb9463ab1dcb522d4d50faf,upcoming,【歌枠】有多少喜歡，就唱多少首排行榜的歌✨ 高評価の数だけランキング曲を歌う✨ ～五千訂閱衝刺歌回～,2025-05-10T05:00:00Z,https://www.youtube.com/watch?v=BtNVthGn_Pk,https://i.ytimg.com/vi/BtNVthGn_Pk/mqdefault_live.jpg
c8ef4e3182b74ecd994c837a75624390,upcoming,驚見台灣男V洗錢！洗錢錢模擬器｜寶箱怪火舌,2025-05-10T05:00:00Z,https://www.youtube.com/watch?v=n_Pncd3H3_s,https://i.ytimg.com/vi/n_Pncd3H3_s/mqdefault_live.jpg
6ac39c9c814e4dfe9c2294345a2a3e9c,upcoming,楓之谷世界 EP.2：從LV.23 努力的二轉之旅  把握經驗加倍打超級綠水靈！ - Artale繁中服 #vtuber #台v #maplestoryworlds  #楓之谷世界,2025-05-10T06:00:00Z,https://www.youtube.com/watch?v=uZBIX2YnUgY,https://i.ytimg.com/vi/uZBIX2YnUgY/mqdefault_live.jpg
ca8d038d311e4cccb2deded15cee89cd,upcoming,「LOL」ARAM (20250506 #LOL,2025-05-10T06:00:00Z,https://www.youtube.com/watch?v=7K-vxCyCMjA,https://i.ytimg.com/vi/7K-vxCyCMjA/mqdefault_live.jpg
36f4fa8dbd7740c3ae5ac02b890fa502,upcoming,【寫作台】獨立樂團全新定義：我獨立一個人拿Keyboard讓舞台上充滿交♂響💦樂┌（  ┌ ^ o^ ）  ┐，順便寫ㄍ巨龍幹山脈｜月上零韻,2025-05-10T06:00:00Z,https://www.youtube.com/watch?v=NCxKjtcwl-U,https://i.ytimg.com/vi/NCxKjtcwl-U/mqdefault_live.jpg
c506f1ab266f47e2be683220533a4790,upcoming,🔴LIVE【Miss蜜絲】FUN心好好玩《天月麻雀》鏡雅歌POWER! | 2025/05/10,2025-05-10T06:00:00Z,https://www.youtube.com/watch?v=63fnmSPcEqY,https://i.ytimg.com/vi/63fnmSPcEqY/mqdefault_live.jpg
107ad23090e649b8935850f3d78ded99,upcoming,【TouchNothing】電流急急棒小遊戲挑戰🦊遊戲Gaming【Le² Hooni 狐泥】個人勢Vtuber,2025-05-10T06:00:00Z,https://www.youtube.com/watch?v=Ud7rlPh2Cts,https://i.ytimg.com/vi/Ud7rlPh2Cts/mqdefault_live.jpg
9d0fb5c59ea745f09934f3cfd932c393,upcoming,【節奏魔女：舞動的骷髏 | Rhythm Witch: Beat Death】我終於熬到遊戲正式上市啦！！！！【秋篠響】,2025-05-10T06:30:00Z,https://www.youtube.com/watch?v=zQdwMVPJgI8,https://i.ytimg.com/vi/zQdwMVPJgI8/mqdefault_live.jpg
239947732521428d946087065b7c8e17,upcoming,【歌枠】摳欸破2萬訂閱辣.ᐟ.ᐟ.ᐟ🥳🎉✨️💐‪ #初見歓迎 ✧ 心咲KOE【KARAOKE】,2025-05-10T07:00:00Z,https://www.youtube.com/watch?v=lAaEr-ble2s,https://i.ytimg.com/vi/lAaEr-ble2s/mqdefault_live.jpg
7c18bc597298484c8f2925759fc1ac4a,upcoming,【Lies of P】 #4 第七章 博覽會,2025-05-10T07:00:00Z,https://www.youtube.com/watch?v=7qrFVNGA_5g,https://i.ytimg.com/vi/7qrFVNGA_5g/mqdefault_live.jpg
94c7cb6122bd4dcab2d8660ddc5f5508,upcoming,【#マリオ&ルイージRPGブラザーシップ】デンキュー島から✨#8 【中国語字幕】,2025-05-10T07:00:00Z,https://www.youtube.com/watch?v=jxG4hmro1h0,https://i.ytimg.com/vi/jxG4hmro1h0/mqdefault_live.jpg
efe550a729e14dbab790a3f73205d8ed,upcoming,【#線下互動 】苑夢動漫嘉年華2025:異世界 攤位蜜祁互動!! | #MalaysiaVtuber #馬來西亞Vtuber【秋月イノリ | 秋月祁】,2025-05-10T07:00:00Z,https://www.youtube.com/watch?v=1V2LHE5tON0,https://i.ytimg.com/vi/1V2LHE5tON0/mqdefault_live.jpg
d1694c709e0f489fbd07fc9bc67c0a66,upcoming,【吉他歌回】這一定會是尼午後最療癒的時光~💧詩雨蔻達,2025-05-10T07:00:00Z,https://www.youtube.com/watch?v=sd9dmHcf1-Y,https://i.ytimg.com/vi/sd9dmHcf1-Y/mqdefault_live.jpg
ed3f69b9de7c43f3a32b4e7dfdb5bfd0,upcoming,【星穹鐵道】開始鐵道之旅 ＃ 2,2025-05-10T07:00:00Z,https://www.youtube.com/watch?v=voxu575PB3s,https://i.ytimg.com/vi/voxu575PB3s/mqdefault_live.jpg
192d2decee72410e8346c135c4ac6e00,upcoming,【One Hand Clapping 單手拍】拍手！小小淵的聲音探險記【九十九真淵／芥川組】,2025-05-10T07:05:00Z,https://www.youtube.com/watch?v=SYGSUw4Z8H4,https://i.ytimg.com/vi/SYGSUw4Z8H4/mqdefault_live.jpg
891c39f050e048aebafaafc90a1c4cbd,upcoming,【#遊戲王Master Duel】展示實力的時間到了!!! 來解釋卡牌效果吧~ | 帕可帕米Pami #初見歡迎 #降落歡迎 #中文vtuber,2025-05-10T07:30:00Z,https://www.youtube.com/watch?v=cwPO4Hc_yBE,https://i.ytimg.com/vi/cwPO4Hc_yBE/mqdefault_live.jpg
9f649d90164140bdb0e38f7e835c183b,upcoming,【見聲環02】歌聲鑑賞即將繼續😈｜⭐穆恩佐 Munzel,2025-05-10T08:00:00Z,https://www.youtube.com/watch?v=2GQY1GrdohQ,https://i.ytimg.com/vi/2GQY1GrdohQ/mqdefault_live.jpg
4b53aa789e544bd9aaecc9fbc79e4bbe,upcoming,【#花唄弾き語り歌枠リレー】あたたかい弾き語りで、あなたの心に光を灯します💡【 #歌枠 #vsinger #あのねホタルちゃん 】,2025-05-10T09:00:00Z,https://www.youtube.com/watch?v=r4EkGR86v5o,https://i.ytimg.com/vi/r4EkGR86v5o/mqdefault_live.jpg
c379e3f4f1eb41869ec465481b182e50,upcoming,💗女僕日企劃💗歡迎主人歸宅～您要先洗澡？先吃蛋包飯？還是要先...吃我呢？(っ˘ڡ˘ς) #降落歡迎 #初見歡迎 #Vtuber #女僕日,2025-05-10T09:00:03Z,https://www.youtube.com/watch?v=7cqoEtn8ozk,https://i.ytimg.com/vi/7cqoEtn8ozk/mqdefault_live.jpg
3681a0b4e4bd48888473b1884f6ee420,upcoming,VTuber恐怖遊戲尖叫合集❗️千萬別外放這影片,2025-05-10T10:00:00Z,https://www.youtube.com/watch?v=_gdq4YQpI9Q,https://i.ytimg.com/vi/_gdq4YQpI9Q/mqdefault.jpg
049cb6d09a3b4db49962aa5b8e468a3f,upcoming,【歌回剪輯】打上花火 ft.黛比Devilith Violus | 夏木日葵Himari,2025-05-10T10:00:00Z,https://www.youtube.com/watch?v=E3NprNR4ilo,https://i.ytimg.com/vi/E3NprNR4ilo/mqdefault.jpg
e810dcd23c334fd184d254718517764e,upcoming,【SH2 RE】又唔記打到邊【香港Vtuber】,2025-05-10T10:30:00Z,https://www.youtube.com/watch?v=lO7jniG9XGw,https://i.ytimg.com/vi/lO7jniG9XGw/mqdefault_live.jpg
319383cd0cd4438990dbb916862cdbfc,upcoming,【#繪圖台 】突發新形象...？這形狀怎麼像...順便畫一下畫🍰【哈比】,2025-05-10T10:30:00Z,https://www.youtube.com/watch?v=jGQmWBcD2e4,https://i.ytimg.com/vi/jGQmWBcD2e4/mqdefault_live.jpg
6926325d2c1c4c4e87f7be69ab675d53,upcoming,【初見歡迎】試吃香菜&榴槤洋芋片、清新紅柚沙士 【長夜漫漫我們談談】 #上癮中 #VTUBER,2025-05-10T11:00:00Z,https://www.youtube.com/watch?v=K_U7LTSEoTU,https://i.ytimg.com/vi/K_U7LTSEoTU/mqdefault_live.jpg
626750f4e7a745619c171c44fb1efcc0,upcoming,【節奏魔女 舞動的骷髏】我要成為死靈法師對抗牛頭人了 steam上架試玩 20分鐘爽快節奏戰鬥【天使Vtuber小雪Yukichan】#台灣Vtuber #Vtuber,2025-05-10T11:00:00Z,https://www.youtube.com/watch?v=mE87ibGO9nE,https://i.ytimg.com/vi/mE87ibGO9nE/mqdefault_live.jpg
191998e9f0ec4d67a19da194af311636,upcoming,【健身環大冒險】健身環逃兵，今天一定完健身環｜鬼塚夏實｜ #vtuber  #新人Vtuber,2025-05-10T11:00:00Z,https://www.youtube.com/watch?v=f7lK6rEGxSk,https://i.ytimg.com/vi/f7lK6rEGxSk/mqdefault_live.jpg
b4bf821f6a6a440996f4fd9cddaf250b,upcoming,【三寶印象】你存在~我深深的腦海裡~【SETSU 褻君】,2025-05-10T11:00:00Z,https://www.youtube.com/watch?v=iwkYg57bFmA,https://i.ytimg.com/vi/iwkYg57bFmA/mqdefault_live.jpg
fad69c2a625446829ef410d9ef277c8f,upcoming,【PainT】繪畫💜好久沒練習了~ 我的畫畫技巧真的有點生疏了啦😣 #初見さん大歓迎 #歡迎初見 #歡迎降落 #繪畫,2025-05-10T11:30:00Z,https://www.youtube.com/watch?v=gFYtMMLB4Rg,https://i.ytimg.com/vi/gFYtMMLB4Rg/mqdefault_live.jpg
a85d79e2323b4869a6f784c51218cd37,upcoming,【星穹鐵道】錢包跟身體都要燃燒殆盡了(||´ロ｀)ｏ感冒越來越嚴重...雖然不知道能撐多久但還是有開看號,2025-05-10T11:30:00Z,https://www.youtube.com/watch?v=pwgzinXaSM8,https://i.ytimg.com/vi/pwgzinXaSM8/mqdefault_live.jpg
7c06b9e316ce4ac18ce836cd72442bbe,upcoming,【重大発表歌枠】回歸初心再出發🎤跟你們一起迎接新消息✨初心に返ってリスタート🎵重大発表あり🔥【浠Mizuki Karaoke】#初見歓迎,2025-05-10T11:30:00Z,https://www.youtube.com/watch?v=_ptgmELzs80,https://i.ytimg.com/vi/_ptgmELzs80/mqdefault_live.jpg
32a08f858ffb4d6aba0624647cf8cf2d,upcoming,【手作】奶茶會員禮繼續趕工！#露手預警,2025-05-10T12:00:00Z,https://www.youtube.com/watch?v=CvMWBfjeP8g,https://i.ytimg.com/vi/CvMWBfjeP8g/mqdefault_live.jpg
aa182728aa6d44c4ae37caa7cdb8ed29,upcoming,【絕區零】繩網有一筆兩億丁尼的單！月城馬麻，這個委託來源真的可靠嗎？,2025-05-10T12:00:00Z,https://www.youtube.com/watch?v=snRGjWURHmQ,https://i.ytimg.com/vi/snRGjWURHmQ/mqdefault_live.jpg
8ae0f370cf124faa953a09089a427fd9,upcoming,【Nintendo Switch Sports｜運動】#24 扣殺！媽媽友小教室！,2025-05-10T12:00:00Z,https://www.youtube.com/watch?v=sU6yj1Iv_SI,https://i.ytimg.com/vi/sU6yj1Iv_SI/mqdefault_live.jpg
2c6d5a00eabf47e2affcc8fa6ec64f9c,upcoming,[雀魂友人場] 歡迎++[橘Mika],2025-05-10T12:00:00Z,https://www.youtube.com/watch?v=S5aU2ygJeI4,https://i.ytimg.com/vi/S5aU2ygJeI4/mqdefault_live.jpg
c6dab598fcee4b6b9bff76d2e8ffc8e6,upcoming,【東方春櫻宴品書鑑賞雜談】東方眾們! 帶著你的購買必備清單吧! ft.白澤尸尸@konandhaku,2025-05-10T12:00:00Z,https://www.youtube.com/watch?v=opWcuf2cjYI,https://i.ytimg.com/vi/opWcuf2cjYI/mqdefault_live.jpg
3e6a09fe4ef744f987e27ae0f06cdf09,upcoming,【這次是真的】應該沒有人會發現我上個月也開了一次女僕台吧 #初見歓迎【知花Chika】,2025-05-10T12:00:00Z,https://www.youtube.com/watch?v=lbgqIOh79GA,https://i.ytimg.com/vi/lbgqIOh79GA/mqdefault_live.jpg
0b0f8cd64c904508910707412b2c307f,upcoming,【黑森町綺譚 #3】第三章 妖怪映畫｜妖怪怨靈四起的劇院，悲慟的號哭化為腐蝕一切的雨｜庫恩伊くんい feat.露比艾比,2025-05-10T12:00:00Z,https://www.youtube.com/watch?v=89Ues1b9oA0,https://i.ytimg.com/vi/89Ues1b9oA0/mqdefault_live.jpg
4766ec1a407f4271bca77fb81487e81a,upcoming,奶雞🐔死亡擱淺 pt.05,2025-05-10T12:00:00Z,https://www.youtube.com/watch?v=zQzw4ANQIcU,https://i.ytimg.com/vi/zQzw4ANQIcU/mqdefault_live.jpg
d837e8fda137492c9d77882b98ff863a,upcoming,【節奏魔女 舞動的骷髏】全新動作類音遊！超愛玩肉鴿遊戲的果終於可以秀了？ ✧  真理果Marika,2025-05-10T12:00:00Z,https://www.youtube.com/watch?v=xJbtgpxHWYs,https://i.ytimg.com/vi/xJbtgpxHWYs/mqdefault_live.jpg
2913f17e61014f7691e016fae8468404,upcoming,【Nagalive】Minecraft x 狼人殺 長期聯動企劃 FT.封面上的人,2025-05-10T12:00:00Z,https://www.youtube.com/watch?v=jWvVkxniR74,https://i.ytimg.com/vi/jWvVkxniR74/mqdefault_live.jpg
0825b7bbb6134dbc98a132cc1782fb1f,upcoming,【\新衣裝披露 New Outfit Reveal/ #二點琳╰(*°▽°*)╯】🦇🌕艾琳妮雅·裴利 Arrynia Vaeri,2025-05-10T12:00:00Z,https://www.youtube.com/watch?v=29mWNC3q-E0,https://i.ytimg.com/vi/29mWNC3q-E0/mqdefault_live.jpg
f985903969ad4e8b839e919aabe94480,upcoming,【傳說對決】戰鬥請求已發送✅ 傳說對決觀眾場啟動！-多多參加月月拿造型✧積分活動場✧【瑟菲娜 | Senfina】#衝分之路,2025-05-10T12:00:00Z,https://www.youtube.com/watch?v=ZPRN-oDzBHQ,https://i.ytimg.com/vi/ZPRN-oDzBHQ/mqdefault_live.jpg
a9faef4b712b4649ba60c7e8e262175a,upcoming,AT LAST – A Graduation Song by ROEY,2025-05-10T12:00:00Z,https://www.youtube.com/watch?v=5BjudAsGk2o,https://i.ytimg.com/vi/5BjudAsGk2o/mqdefault.jpg
bdcf0d95e6544ebaaddbfba94839cd6b,upcoming,【雀魂】觀眾場~米亞雜遊#克拉拉on air#台v#個人勢vtuber#多多,2025-05-10T12:00:00Z,https://www.youtube.com/watch?v=KQGcfbV2R-s,https://i.ytimg.com/vi/KQGcfbV2R-s/mqdefault_live.jpg
c90914afde364f5e982414615662f5a7,upcoming,【永恆天空/氧氣計劃｜Forever Skies #2】抓到了小寵物繼續探險！ #朝西哈拉 Ft.@shalala1120 @asasiokoyake @KuroiHaku,2025-05-10T12:00:00Z,https://www.youtube.com/watch?v=z1jMVNqZ974,https://i.ytimg.com/vi/z1jMVNqZ974/mqdefault_live.jpg
a168211aa3dd451cb33e09b80df0ea0a,upcoming,【遊戲王 Master Duel】觀眾打打｜神崎アルファ,2025-05-10T12:00:00Z,https://www.youtube.com/watch?v=k1_JHMqsQ_Q,https://i.ytimg.com/vi/k1_JHMqsQ_Q/mqdefault_live.jpg
0c2cb722c6ab4e3890139c922c80d4d8,upcoming,【國軍online】你各位啊？讓克洛學長來教你們什麼是當兵｜BØ 不 feat.@kageura_kuro1220,2025-05-10T12:00:00Z,https://www.youtube.com/watch?v=D89FwmNorkE,https://i.ytimg.com/vi/D89FwmNorkE/mqdefault_live.jpg
3bc6afb820df4f59b2c6ff1c25d1eed3,upcoming,🌹【Minecraft】今日開始是㉦狼#01 w/很多人 2025-05-10【香港Vtuber】,2025-05-10T12:00:48Z,https://www.youtube.com/watch?v=hRKoAeyp_RE,https://i.ytimg.com/vi/hRKoAeyp_RE/mqdefault_live.jpg
7f7e1579979c49249dc65783d457e890,upcoming,《女僕日特別企劃》一日女僕特訓班！在嚴厲關主的考核下學員們是否能順利畢業呢？ feat. 星野EE、湯泉爺爺、銫希恩、謙Yuzuru、犀牛梅森,2025-05-10T12:30:00Z,https://www.youtube.com/watch?v=qvouEl_ilcI,https://i.ytimg.com/vi/qvouEl_ilcI/mqdefault_live.jpg
5b85294949544a5f8855715acadf66a5,upcoming,【 #連動 】女僕日特別企劃！卯貓要去上一日女僕特訓班囉～希望可以順利畢業💙｜銫希恩Cesium☄️,2025-05-10T12:30:00Z,https://www.youtube.com/watch?v=wBKwWEJw_JI,https://i.ytimg.com/vi/wBKwWEJw_JI/mqdefault_live.jpg
e3451dd6f3c0444c888eb6f67704613a,upcoming,【#雜談｜#蒲鯨漫談】透過心理測驗，認識自己與彼此 🩵【#亞雪｜Ashe】,2025-05-10T12:30:00Z,https://www.youtube.com/watch?v=LB804AAuaik,https://i.ytimg.com/vi/LB804AAuaik/mqdefault_live.jpg
02dadd7977b8412b99f101241de4cb3f,upcoming,【柏德之門3 V朋聯動】一起在DND的世界裡探索囉！#4,2025-05-10T12:30:00Z,https://www.youtube.com/watch?v=FMYvxVGla8o,https://i.ytimg.com/vi/FMYvxVGla8o/mqdefault_live.jpg
532b143e82d6452fac9a18d1d025a2af,upcoming,【JOJO的奇妙冒險 群星之戰 重製版】你的下一句話是...✨✨【BillCh / 碧兒Ch】,2025-05-10T13:00:00Z,https://www.youtube.com/watch?v=2i-I4T14Ik4,https://i.ytimg.com/vi/2i-I4T14Ik4/mqdefault_live.jpg
58588863643843439cebc85ef72654bb,upcoming,【用日文聊天吧#11 】日文會話練習 w/※米花※【Projectvb所屬/森星祈】,2025-05-10T13:00:00Z,https://www.youtube.com/watch?v=b-e4EEmdUuY,https://i.ytimg.com/vi/b-e4EEmdUuY/mqdefault_live.jpg
1f28ef7a3c88413d846f01c6d9c36e2d,upcoming,【Valorant】Aka x Iwa = Awa？【赤羽 紅/ Akabane Aka】,2025-05-10T13:00:00Z,https://www.youtube.com/watch?v=rFAynW_HYrY,https://i.ytimg.com/vi/rFAynW_HYrY/mqdefault_live.jpg
73675987096b486287784fc466b881be,upcoming,【同時視聴】Netflix 同步觀看「JoJo的奇妙冒險：星辰遠征軍」 ⭐【猫田貝莉 馬來西亞 Vtuber】,2025-05-10T13:00:00Z,https://www.youtube.com/watch?v=byH9RW_hEB0,https://i.ytimg.com/vi/byH9RW_hEB0/mqdefault_live.jpg
626750f4e7a745619c171c44fb1efcc0,upcoming,這次真的出不去了...｜SCP 5K 最致命任務！FT.aria軍武動漫雜談  悠蜜Yomiii【天使Vtuber小雪Yukichan】#台灣Vtube #Vtuber,2025-05-10T13:00:00Z,https://www.youtube.com/watch?v=x-nGORmsYDs,https://i.ytimg.com/vi/x-nGORmsYDs/mqdefault_live.jpg
0fbdfcc1b9cf41fdb840cf2f546d9324,upcoming,【動畫欣賞台】】EVA全集(今天看)視聽(無分享畫面和聲音)，請觀眾自行尋找片源一同觀看。,2025-05-10T13:00:00Z,https://www.youtube.com/watch?v=8U0o6boHDOo,https://i.ytimg.com/vi/8U0o6boHDOo/mqdefault_live.jpg
f1cd5373408f4509b94caed34d4c05e9,upcoming,【一周年】一個讚一個問題 ! 至於是什摸樣的問題...嘿嘿 ( ?  ✦,2025-05-10T13:00:00Z,https://www.youtube.com/watch?v=lad6dGfXPCE,https://i.ytimg.com/vi/lad6dGfXPCE/mqdefault_live.jpg
2a2b7990365f4a1bb1d8acf1ae0f2f32,upcoming,Stream 10/5/25 ...THE NETHER (Minecraft),2025-05-10T13:00:00Z,https://www.youtube.com/watch?v=FZoWl5sesbk,https://i.ytimg.com/vi/FZoWl5sesbk/mqdefault_live.jpg
d792696470b54bd4947a59b10759a636,upcoming,【遊戲】DORONKO WANKO！博美搗蛋...！Ｐ！Ｙ！派！對！【五斂子】,2025-05-10T13:00:00Z,https://www.youtube.com/watch?v=MzSGON5q-Ko,https://i.ytimg.com/vi/MzSGON5q-Ko/mqdefault_live.jpg
7d2aa4176f60423bb1532ac37ed55e28,upcoming,【雜談】聊聊喜歡看的經典電影【骨頭Man】,2025-05-10T13:00:00Z,https://www.youtube.com/watch?v=XuYGq0Q7LxY,https://i.ytimg.com/vi/XuYGq0Q7LxY/mqdefault_live.jpg
220353f9b2634c84953cc7d243fbc6a0,upcoming,【Yu-Gi-Oh!  Master Duel】閃刀?練唄【回家部/庚庚】【觀眾場】,2025-05-10T13:00:00Z,https://www.youtube.com/watch?v=YNJ7DmK_NGI,https://i.ytimg.com/vi/YNJ7DmK_NGI/mqdefault_live.jpg
09664b7d99674030ae184672ac8c8ee7,upcoming,【Minecraft/麥塊】來去洞窟探險囉！【Project.vb所屬/那米訥芙瀰】,2025-05-10T13:00:00Z,https://www.youtube.com/watch?v=6tv2R0RXxKQ,https://i.ytimg.com/vi/6tv2R0RXxKQ/mqdefault_live.jpg
e290f49c193149708cd72747639d5ced,upcoming,【新衣裝??】兩週年記念配信,2025-05-10T13:00:00Z,https://www.youtube.com/watch?v=v34LOeg9Lu0,https://i.ytimg.com/vi/v34LOeg9Lu0/mqdefault_live.jpg
126103200de947a7a3c2ac3971eef633,upcoming,🍓【中文歌回】 窩終於開口唱歌ㄌ，不保證還有下次〜　 ⋆͛♥⋆͛ 岩井莉莉,2025-05-10T13:00:00Z,https://www.youtube.com/watch?v=f9nXkIcd_lI,https://i.ytimg.com/vi/f9nXkIcd_lI/mqdefault_live.jpg
e099cf09b8674b988f17828aab2f7d86,upcoming,【YT初配】終於要以完整樣貌來和大家見面了！ - ̗̀( ˶'ᵕ'˶) ̖́- 【日陽ʜɪɴᴀᴛᴀ】#vtuber,2025-05-10T13:00:00Z,https://www.youtube.com/watch?v=8TsauMb3cxs,https://i.ytimg.com/vi/8TsauMb3cxs/mqdefault_live.jpg
3c1783f6914f414b830c836829d1afa2,upcoming,「APEX」新的一季開始啦！二話不說先來排一個晚上吧！#個人勢 #apex,2025-05-10T13:00:00Z,https://www.youtube.com/watch?v=6tY6Smtjcic,https://i.ytimg.com/vi/6tY6Smtjcic/mqdefault_live.jpg
6559d42f66684b8f80b4cd4589addd85,upcoming,【 節奏魔女 舞動的骷髏 】魔女伊比節奏大師 | 推廣合作〖鴨鴨伊比．AhiruIbi 〗,2025-05-10T13:00:00Z,https://www.youtube.com/watch?v=3L42PQlqII8,https://i.ytimg.com/vi/3L42PQlqII8/mqdefault_live.jpg
090be1be8d29429183e190e22fc4be22,upcoming,【端午節｜食材轉盤】天堂？地獄？黑暗粽子食材轉盤！想吃狐親手做的粽子嗎❤️｜Ness9s奈斯糖,2025-05-10T13:00:00Z,https://www.youtube.com/watch?v=6IVpNgrUwBc,https://i.ytimg.com/vi/6IVpNgrUwBc/mqdefault_live.jpg
bbd618a3874d4ae2ba5af36a23bc1914,upcoming,水平線｜Misuzu (cover),2025-05-10T13:15:00Z,https://www.youtube.com/watch?v=9or99wgJ-VY,https://i.ytimg.com/vi/9or99wgJ-VY/mqdefault.jpg
0641a9c8b9a94994aaa33e0c86fef75b,upcoming,【神秘偵探事務所#2】TRPG!來到了奇怪的鎮上接下來還會遇到什麼呢! ft.帕豹、神崎、鳥居、熊頭、三毛【庫洛姆Kuromu】#台灣Vtuber #庫洛姆,2025-05-10T14:00:00Z,https://www.youtube.com/watch?v=57LdOTjH-fo,https://i.ytimg.com/vi/57LdOTjH-fo/mqdefault_live.jpg
8282a91b3aae44d3a075d08507665f4e,upcoming,【 ✧ 日向啾啾蘿 𝑹𝒐𝒍𝒍 ✧ 𝟚𝟘𝟚𝟝.𝟘𝟝.𝟙𝟘 𝔻𝕖𝕒𝕕 𝕀𝕤𝕝𝕒𝕟𝕕 𝔻𝕖𝕗𝕚𝕟𝕚𝕥𝕚𝕧𝕖 𝔼𝕕𝕚𝕥𝕚𝕠𝕟✨✨|| 𝔾𝕄𝕋+𝟠  𝟚𝟚:𝟘𝟘 】🐤💖 || ✧ 𝑴𝒊𝒊𝒓𝒂𝒄𝒍𝒆 𝑳𝒐𝒗𝒆 ✧,2025-05-10T14:00:00Z,https://www.youtube.com/watch?v=ACWUi0CCQ30,https://i.ytimg.com/vi/ACWUi0CCQ30/mqdefault_live.jpg
d78d72ce0aac4c9d9c5c16604209ced3,upcoming,【Unpacking】🧹年廿八過咗幾個月，喺時候洗埋餘下嘅邋遢！澤宅負責執屋，黑澤負責打機！🧹【黑澤 ⧔ 香港Vtuber】,2025-05-10T14:00:00Z,https://www.youtube.com/watch?v=ZN7zLx5CKPI,https://i.ytimg.com/vi/ZN7zLx5CKPI/mqdefault_live.jpg
645fc774332a469ebd03f1a822ebe2be,upcoming,【會員限定】做手工 ♪ 順便討論下星期比比廚房食譜！【紡霊拉比】,2025-05-10T14:00:00Z,https://www.youtube.com/watch?v=aoo2KUj2ztk,https://i.ytimg.com/vi/aoo2KUj2ztk/mqdefault_live.jpg
302b50b5cf4844d58868013404b1ec3f,upcoming,【???台｜事故物件鑑定士試験】轉工前做個預習【香港Vtuber/魔物26號】,2025-05-10T14:00:00Z,https://www.youtube.com/watch?v=ZK4qvys9XPg,https://i.ytimg.com/vi/ZK4qvys9XPg/mqdefault_live.jpg
1eec022f916a46b58f5124936afdabe3,upcoming,【#赤紫都 EP.3】夏希今天想要買腳踏車🍕｜ 珂卡 Quokka🎗️,2025-05-10T14:00:00Z,https://www.youtube.com/watch?v=19ZvWDL25mo,https://i.ytimg.com/vi/19ZvWDL25mo/mqdefault_live.jpg
0f47fc0a871843cb8bff547164959e59,upcoming,【安價懲罰轉盤】氣質失敗 把懲罰小公主的機會交給蘿威納LA👑【夏蘿 Chero】,2025-05-10T14:00:00Z,https://www.youtube.com/watch?v=Al61Fv_s6SU,https://i.ytimg.com/vi/Al61Fv_s6SU/mqdefault_live.jpg
a246e7561e5f40799a48eeca69951b7b,upcoming,【FRAMED Collection】小島秀夫激推的解謎神作！特別的漫畫式解謎！《落羽澄漣》#FRAMED Collection,2025-05-10T14:00:00Z,https://www.youtube.com/watch?v=V2R4Wa3UOa4,https://i.ytimg.com/vi/V2R4Wa3UOa4/mqdefault_live.jpg
6cd8cdc530d14e2d9d0a9cd20cb6b05c,upcoming,「雜談」孝順父母天經地義? 子女有義務孝順父母嗎?《Nanashi Yuki》#魚兒魚兒水中游,2025-05-10T14:00:00Z,https://www.youtube.com/watch?v=L41VVA642HA,https://i.ytimg.com/vi/L41VVA642HA/mqdefault_live.jpg
93bad1d4b0c54c8781e3775d13a62c38,upcoming,【AI陪玩THIEF2】小偷模擬器開偷！帶著AI賺錢他卻出賣我!? 今天到底能不能笑著下播🤡,2025-05-10T14:00:00Z,https://www.youtube.com/watch?v=rXl61IHbIRM,https://i.ytimg.com/vi/rXl61IHbIRM/mqdefault_live.jpg
1cfadb0d2e154a258c3177ff8264336f,upcoming,【超美麗3D cosplay】找數！唱唱GURA的歌！！💙🦈,2025-05-10T14:00:11Z,https://www.youtube.com/watch?v=nEuL2kohf9w,https://i.ytimg.com/vi/nEuL2kohf9w/mqdefault_live.jpg
7caa52181a744f68be9e3995c7adec24,upcoming,【#赤紫都 】 EP.3 大學生打工日記！ ｜伊洛菈Elora,2025-05-10T14:30:00Z,https://www.youtube.com/watch?v=E8dozFsOwbc,https://i.ytimg.com/vi/E8dozFsOwbc/mqdefault_live.jpg
14b8fa0f43664c31a5d634b20f9112d9,upcoming,【魔物獵人 荒野】全成就的最後一隻！到底要殺多少隻護兇爪... 才能遇到小金,2025-05-10T14:30:00Z,https://www.youtube.com/watch?v=Ij9cjw1Ymmw,https://i.ytimg.com/vi/Ij9cjw1Ymmw/mqdefault_live.jpg
c7a3d726bb4243cabb70dfd1e9545cd0,upcoming,【殘酷二選一】所有香港零食都很好吃！！（嘉頓雜餅除外😡）【夢姬(ありす)/香港VTuber】,2025-05-10T15:00:00Z,https://www.youtube.com/watch?v=H2viPhbsraE,https://i.ytimg.com/vi/H2viPhbsraE/mqdefault_live.jpg
d13fdb8fdd3049e5bf80b5ab0fa8a1a6,upcoming,《🌠 #新企劃｜普通的我，也值得被記住嗎？》— 艾德里娜的許願室 #風中拾光 #雜談,2025-05-10T15:00:00Z,https://www.youtube.com/watch?v=kr0E6Qw4qaw,https://i.ytimg.com/vi/kr0E6Qw4qaw/mqdefault_live.jpg
0471d5082a2e419786e141d6424c9150,upcoming,【雜談】SAMO爸爸是NPC還是GM? 嚇瘋!! #vtuber,2025-05-10T15:00:00Z,https://www.youtube.com/watch?v=r6uxc-xZlK4,https://i.ytimg.com/vi/r6uxc-xZlK4/mqdefault_live.jpg
a4e31a26718d42d692f6613fafb810f5,upcoming,[imagineDR] 凡人研究社 #1 凡人房間觀察記,2025-05-10T15:00:06Z,https://www.youtube.com/watch?v=WIl_lVmUYjM,https://i.ytimg.com/vi/WIl_lVmUYjM/mqdefault_live.jpg
6aefa292dc61441e98c787efb0067922,upcoming,【特別企劃】24HR耐久加班中♡精靈妖精的女子會時間 ft. @sakura-0327 【羽芝扉扉 Uchi Fifi】,2025-05-10T16:00:00Z,https://www.youtube.com/watch?v=pUKG2H-BAxE,https://i.ytimg.com/vi/pUKG2H-BAxE/mqdefault_live.jpg
58c4453bedb9463ab1dcb522d4d50faf,upcoming,挑戰和100人說早安！祝天下的媽媽們母親節快樂～一起聊聊關於媽媽的回憶吧 🥰～五千訂閱衝刺中～,2025-05-11T01:00:00Z,https://www.youtube.com/watch?v=uerIyTC3b5E,https://i.ytimg.com/vi/uerIyTC3b5E/mqdefault_live.jpg
936b23e5e87144108c5d3f09f194c8b8,upcoming,【早安嘎嘎】早安早安 早起的蔥鴨有餅吃嗎? 按下訂閱並且成為會員解鎖更高階福利吧!,2025-05-11T02:00:00Z,https://www.youtube.com/watch?v=5LsPXcxnwlk,https://i.ytimg.com/vi/5LsPXcxnwlk/mqdefault_live.jpg
0471d5082a2e419786e141d6424c9150,upcoming,【遊戲】系好安全帶，蘿希帶你上路了!! Feat.SAMO君(在後座) | #vtuber  #gaming #backseatdriver,2025-05-11T02:00:00Z,https://www.youtube.com/watch?v=yKdOSzFhoio,https://i.ytimg.com/vi/yKdOSzFhoio/mqdefault_live.jpg
e3451dd6f3c0444c888eb6f67704613a,upcoming,【#遊戲｜#慟哭奇機 ❆02】機械少女們面對流淚悲鳴殘酷命運的最後，又將面臨何種結局 ❤️【#亞雪｜Ashe】,2025-05-11T02:00:00Z,https://www.youtube.com/watch?v=h_DfcbToq5A,https://i.ytimg.com/vi/h_DfcbToq5A/mqdefault_live.jpg
93bad1d4b0c54c8781e3775d13a62c38,upcoming,【AI KTV 點歌台】瘋狂K歌中！周末讓小芙陪你一整天！ |@feuera1225,2025-05-11T02:00:00Z,https://www.youtube.com/watch?v=NStYF0Jb3kA,https://i.ytimg.com/vi/NStYF0Jb3kA/mqdefault_live.jpg
0641a9c8b9a94994aaa33e0c86fef75b,upcoming,【神秘偵探事務所#3】TRPG!最終章!神秘謎團的真相是....? ft.帕豹、神崎、鳥居、熊頭、三毛【庫洛姆Kuromu】#台灣Vtuber #庫洛姆,2025-05-11T03:30:00Z,https://www.youtube.com/watch?v=CQw3ELeuFvc,https://i.ytimg.com/vi/CQw3ELeuFvc/mqdefault_live.jpg
ffaf6da580a44e11bba9715e3c854958,upcoming,【隨意玩】魔物獵人荒野 #28 【阿迦列斯．凱薩】,2025-05-11T05:00:00Z,https://www.youtube.com/watch?v=QV9blnMIy34,https://i.ytimg.com/vi/QV9blnMIy34/mqdefault_live.jpg
0fbdfcc1b9cf41fdb840cf2f546d9324,upcoming,【看書台】一起看書充實自己- 小說- 狼與辛香料 1(part5),2025-05-11T05:30:00Z,https://www.youtube.com/watch?v=ef30qpLcMgg,https://i.ytimg.com/vi/ef30qpLcMgg/mqdefault_live.jpg
c8ef4e3182b74ecd994c837a75624390,upcoming,#哪有可能 因為感覺很E很好聊就邀來尬聊？ ft.@MolilyQQ  ｜哪有可能Now Calling Ep.13,2025-05-11T05:30:00Z,https://www.youtube.com/watch?v=mzQ2SD-W4k0,https://i.ytimg.com/vi/mzQ2SD-W4k0/mqdefault_live.jpg
7c0acdc8fe2449deb487cbb827b51723,upcoming,【線下互動Day 2 】分享你的戰利品！一起猜歌聊天！ 苑夢動漫嘉年華2025:異世界【紀伊透 Kii Tooru | 馬來西亞Vtuber】,2025-05-11T05:30:00Z,https://www.youtube.com/watch?v=eCgVwfpDWLA,https://i.ytimg.com/vi/eCgVwfpDWLA/mqdefault_live.jpg
f2a403cb46354371837550730a397bd1,upcoming,🔴雪米糍親子活動日💙多人遊戲一起玩！🎮 | #小林冰 #香港vtuber #vtuber,2025-05-11T06:00:00Z,https://www.youtube.com/watch?v=achiezzIKtg,https://i.ytimg.com/vi/achiezzIKtg/mqdefault_live.jpg
17610c1e36214c0f8002456d8b0bcf36,upcoming,【嘩嘩臨開工】開放投稿DIU臭你老細 (not 華總) (･ω´･ ) 【華宮ヒトミ | HKVtuber】,2025-05-11T06:00:00Z,https://www.youtube.com/watch?v=UYP4mAh6IvQ,https://i.ytimg.com/vi/UYP4mAh6IvQ/mqdefault_live.jpg
0fbdfcc1b9cf41fdb840cf2f546d9324,upcoming,【巴哈姆特動漫瘋】【動畫派對】【懷舊動漫鑑賞】水星領航員第三季EP6~13 同步視聽,2025-05-11T06:30:00Z,https://www.youtube.com/watch?v=oGwzy1-dOJM,https://i.ytimg.com/vi/oGwzy1-dOJM/mqdefault_live.jpg
7d2aa4176f60423bb1532ac37ed55e28,upcoming,【雜談】挖賽這企劃太扯了吧讓粉絲自己想企劃【骨頭Man】,2025-05-11T07:00:00Z,https://www.youtube.com/watch?v=ZyS1NoWoE2E,https://i.ytimg.com/vi/ZyS1NoWoE2E/mqdefault_live.jpg
ed3f69b9de7c43f3a32b4e7dfdb5bfd0,upcoming,【星穹鐵道】開始鐵道之旅 ＃ 3,2025-05-11T07:00:00Z,https://www.youtube.com/watch?v=0AoNmy1rOAE,https://i.ytimg.com/vi/0AoNmy1rOAE/mqdefault_live.jpg
6ac39c9c814e4dfe9c2294345a2a3e9c,upcoming,健起來！還債倒數26小時 #vtuber #台v #健身環大冒險 #ringfitadventure,2025-05-11T08:00:00Z,https://www.youtube.com/watch?v=6wyqz4NyD7g,https://i.ytimg.com/vi/6wyqz4NyD7g/mqdefault_live.jpg
80d6517a96e74265a4d24f86b9c295c5,upcoming,【歌雜】溫柔的歌溫柔地唱 | 姬乃 Himeno #初見歓迎 #新人VTUBER,2025-05-11T08:00:00Z,https://www.youtube.com/watch?v=mLDRL96LPJo,https://i.ytimg.com/vi/mLDRL96LPJo/mqdefault_live.jpg
f2ad5f187c9141ab8830b8eaf81c3aee,upcoming,【陛! 爆唔到機】真係跳了~【皇咲レイナ | HKVtuber】,2025-05-11T08:00:00Z,https://www.youtube.com/watch?v=Z0yd55dbCoA,https://i.ytimg.com/vi/Z0yd55dbCoA/mqdefault_live.jpg
6559d42f66684b8f80b4cd4589addd85,upcoming,【 吃播 】榴槤料理 | 自制榴槤印度咖哩 + 榴槤冰淇淋〖鴨鴨伊比．AhiruIbi 〗,2025-05-11T08:30:00Z,https://www.youtube.com/watch?v=dDZ9QDnsJ3g,https://i.ytimg.com/vi/dDZ9QDnsJ3g/mqdefault_live.jpg
0f47fc0a871843cb8bff547164959e59,upcoming,【母親節特別企劃】特別嘉賓親媽登場 請媽咪來幫你們解答QA👑【夏蘿 Chero】,2025-05-11T10:00:00Z,https://www.youtube.com/watch?v=GeH40zYDLHo,https://i.ytimg.com/vi/GeH40zYDLHo/mqdefault_live.jpg
0d717ed7ec134fb6ac94ce9dc4e25658,upcoming,【歌ってみた】???? ／希洛萊昂 【Cover】,2025-05-11T11:00:00Z,https://www.youtube.com/watch?v=-ddVFG87Bm8,https://i.ytimg.com/vi/-ddVFG87Bm8/mqdefault.jpg
a052e4ff345b41919ab0f13a5b10ff02,upcoming,【縱向雜談】來分享幾個自己做過的蠢事+#鬱兔  #台v #penana,2025-05-11T11:00:00Z,https://www.youtube.com/watch?v=0nJiWGOvLew,https://i.ytimg.com/vi/0nJiWGOvLew/mqdefault_live.jpg
1eec022f916a46b58f5124936afdabe3,upcoming,【恐怖遊戲】🔴Reflection⚠️都說把人關在地下室...那主播帶你參觀一下👀 #初見歡迎 #高同接募集｜ 珂卡 Quokka🎗️,2025-05-11T11:00:00Z,https://www.youtube.com/watch?v=85Jr3AIoC-0,https://i.ytimg.com/vi/85Jr3AIoC-0/mqdefault_live.jpg
aa182728aa6d44c4ae37caa7cdb8ed29,upcoming,【崩壞：星穹鐵道】初次邂逅流螢！姬車長馬麻，請問我可以在列車上養薩姆嗎？,2025-05-11T12:00:00Z,https://www.youtube.com/watch?v=PT2a1Cxq-nc,https://i.ytimg.com/vi/PT2a1Cxq-nc/mqdefault_live.jpg
0fbdfcc1b9cf41fdb840cf2f546d9324,upcoming,【告別回憶9】EP.3攻略撰寫台,2025-05-11T12:00:00Z,https://www.youtube.com/watch?v=y-8S1yLTlLY,https://i.ytimg.com/vi/y-8S1yLTlLY/mqdefault_live.jpg
43e557d175ce462b97c4c406954d8c04,upcoming,🎄【☀️The Spell Brigade】無盡模式啟動 \ 初見歡迎！/【⭐一隻阿橋 | 粵語 | HKVtuber🐿️】【11.05.2025】🎄,2025-05-11T12:00:00Z,https://www.youtube.com/watch?v=DfN_dbing2M,https://i.ytimg.com/vi/DfN_dbing2M/mqdefault_live.jpg
7ee1b473a5584a1a85973acfa45e0e1d,upcoming,📜雙影奇境📜EP2 不會再變成豬了吧?!真的太地獄了!【安納希塔Anahita】,2025-05-11T12:00:00Z,https://www.youtube.com/watch?v=TC34Zn_EMQc,https://i.ytimg.com/vi/TC34Zn_EMQc/mqdefault_live.jpg
fad69c2a625446829ef410d9ef277c8f,upcoming,【Singing Stream】清唱歌回💜康復之後的第一次清唱~ 我不會唱得太難聽吧🥹 #shorts #縦型配信 #初見さん大歓迎 #歌枠 #初見歓迎,2025-05-11T12:00:00Z,https://www.youtube.com/watch?v=azBoayXbMpg,https://i.ytimg.com/vi/azBoayXbMpg/mqdefault_live.jpg
74f214b764314c5aa446eb9981c94935,upcoming,【introduce】可公開訊息揭露！連帶新衣裝一起！,2025-05-11T12:00:00Z,https://www.youtube.com/watch?v=4yW3wPHPoA0,https://i.ytimg.com/vi/4yW3wPHPoA0/mqdefault_live.jpg
5efdd7a401eb430ba20cb6f391fbbce3,upcoming,【初配信】 天才仿生人Vtuber，降臨！/ 墨水匣/ #台灣vtuber,2025-05-11T12:00:00Z,https://www.youtube.com/watch?v=QzbuKgTuRXk,https://i.ytimg.com/vi/QzbuKgTuRXk/mqdefault_live.jpg
fa5a7cdc259543259af42bb23f1e4041,upcoming,【515 重大告知 】三年了...差不多該準備,2025-05-11T12:00:00Z,https://www.youtube.com/watch?v=N52jdbEdEhE,https://i.ytimg.com/vi/N52jdbEdEhE/mqdefault_live.jpg
9d0fb5c59ea745f09934f3cfd932c393,upcoming,【萬訂台詞回】讓我看看你們腦袋裡都裝啥【秋篠響】,2025-05-11T12:30:00Z,https://www.youtube.com/watch?v=zNXfM6_gOiI,https://i.ytimg.com/vi/zNXfM6_gOiI/mqdefault_live.jpg
cdb5c89f61c94949a989457cf549b7e4,upcoming,🍓健身環 ♥ˎˊ˗  畢業＃２ ♡.゜〖莓芊時戀💖┊RingFit Adventure〗,2025-05-11T12:30:00Z,https://www.youtube.com/watch?v=bVjfeJoxGyE,https://i.ytimg.com/vi/bVjfeJoxGyE/mqdefault_live.jpg
d23e5f9f3abf4b36b79c04f5265a8efc,upcoming,【R.E.P.O.】聽說是保衛戰:D Ft.很多人【Noire_Black】,2025-05-11T12:30:00Z,https://www.youtube.com/watch?v=FREfPSEVg1s,https://i.ytimg.com/vi/FREfPSEVg1s/mqdefault_live.jpg
f0a395b14fa34e64ba1aaedb906c7dd3,upcoming,【傳說對決】觀眾場 | 要和諾菈一起玩傳說嗎？排位、自訂都有喔！ |✧ 諾菈 Nolla 傳說對決直播 Arena of Valor,2025-05-11T13:00:00Z,https://www.youtube.com/watch?v=ZLPLlDrSnME,https://i.ytimg.com/vi/ZLPLlDrSnME/mqdefault_live.jpg
9fb51e14ba1c499eb6383a7a166a4d52,upcoming,#雜談 # 婚禮  │中式婚禮：傳統習俗介紹│20250511│ #vtuber #成陽,2025-05-11T13:00:00Z,https://www.youtube.com/watch?v=YO-8B6E6vfg,https://i.ytimg.com/vi/YO-8B6E6vfg/mqdefault_live.jpg
c4470a1419984fb8aec0851f225b177a,upcoming,五周年特別直播！5.0新衣發表 + 頻道回顧！,2025-05-11T13:00:00Z,https://www.youtube.com/watch?v=cCYkxlx5-aA,https://i.ytimg.com/vi/cCYkxlx5-aA/mqdefault_live.jpg
58bb51ba1bba485a98cbf859fb5687f4,upcoming,【互動直播】隨機角色扮演,2025-05-11T13:00:00Z,https://www.youtube.com/watch?v=xFH2ySsb00U,https://i.ytimg.com/vi/xFH2ySsb00U/mqdefault_live.jpg
0999b4ac6dbf496aacc1d48be59c4df0,upcoming,【🔴 #歌雜 】抱著老大來唱歌唱歌！ ｜蓓爾妲Beta,2025-05-11T13:00:00Z,https://www.youtube.com/watch?v=WocTvNgulnA,https://i.ytimg.com/vi/WocTvNgulnA/mqdefault_live.jpg
3c1783f6914f414b830c836829d1afa2,upcoming,「歌回」唱吧！不要想那麼多～唱了、聽了、明天繼續面對人生！ #歡迎降落#雜談#歌回 #降落大歡迎 #降落歡迎,2025-05-11T13:00:00Z,https://www.youtube.com/watch?v=-dtEtKAkGj8,https://i.ytimg.com/vi/-dtEtKAkGj8/mqdefault_live.jpg
8282a91b3aae44d3a075d08507665f4e,upcoming,【 ✧ 雪愛貓貓姬 𝑯𝒊𝒎𝒆 ✧ 𝟚𝟘𝟚𝟝.𝟘𝟝.𝟙𝟙 勞動貓貓打工經驗談 (下集) ✨✨|| 𝔾𝕄𝕋+𝟠  𝟚𝟙:𝟛𝟘 - 𝟚𝟛:𝟛𝟘 】 喵🐈💖 || ✧ 𝑴𝒊𝒊𝒓𝒂𝒄𝒍𝒆 𝑳𝒐𝒗𝒆 ✧,2025-05-11T13:30:00Z,https://www.youtube.com/watch?v=UQFYDArXyTc,https://i.ytimg.com/vi/UQFYDArXyTc/mqdefault_live.jpg
eafe564c8d9945c8af2ed66ff4cd773a,upcoming,周表!!✨5/8    5/11 兩天直播喔!  #愛烏吉烏,2025-05-11T13:30:00Z,https://www.youtube.com/watch?v=AKavYO8jueM,https://i.ytimg.com/vi/AKavYO8jueM/mqdefault_live.jpg
1cfadb0d2e154a258c3177ff8264336f,upcoming,首次公開！Vtuber中之人的真實面孔🔥！,2025-05-11T14:00:00Z,https://www.youtube.com/watch?v=ubgOvAB7poM,https://i.ytimg.com/vi/ubgOvAB7poM/mqdefault_live.jpg
dba1db65ba874e18a33d8465d52d8f2e,upcoming,模仿反向聲音！？但身為音樂人的我來模仿聲音肯定輕輕鬆鬆吧｜模仿聲音秀｜｜ #初見歡迎 ｜西山CCC,2025-05-11T14:00:00Z,https://www.youtube.com/watch?v=tH2ED69H-vQ,https://i.ytimg.com/vi/tH2ED69H-vQ/mqdefault_live.jpg
bac1f0b8e8d149d4a48cfd30d7d7ad74,upcoming,來自未來的凱婷(媽媽)的全肯定！溫柔地包容着你的一切♡撫摸你的心靈！♥︎【陳凱婷】,2025-05-11T14:00:00Z,https://www.youtube.com/watch?v=8GKOBbldkkw,https://i.ytimg.com/vi/8GKOBbldkkw/mqdefault_live.jpg
36f4fa8dbd7740c3ae5ac02b890fa502,upcoming,【煩惱抒寫室｜初見歡迎】還有67遍，為什麼剛領薪水繳完房租、電信、零雜就沒了五分之四？｜月上零韻,2025-05-11T14:00:00Z,https://www.youtube.com/watch?v=pJ-g_Gg2oBY,https://i.ytimg.com/vi/pJ-g_Gg2oBY/mqdefault_live.jpg
58304450990a433b88acd02b889b74e6,upcoming,【月初公告】這次來討論我們的會員禮跟周邊吧owo 此外來聽聽塔瓦的本月反省事項｜塔瓦Tawa #初見歡迎,2025-05-11T14:30:00Z,https://www.youtube.com/watch?v=dCQE3vhfFJQ,https://i.ytimg.com/vi/dCQE3vhfFJQ/mqdefault_live.jpg
2d6886120def4c148c70514433d77e1e,upcoming,【歌回】週末深夜歌回🌸累了就來休息吧，祝你一夜好夢🌙【伴睡歌回 94｜Vtuber｜Singing Stream】 #ACGlive #綾音Ring,2025-05-11T15:00:00Z,https://www.youtube.com/watch?v=rNl8H_QZL5k,https://i.ytimg.com/vi/rNl8H_QZL5k/mqdefault_live.jpg
d13fdb8fdd3049e5bf80b5ab0fa8a1a6,upcoming,《⌛命運石之門 #06｜世界線正在偏移中……我尾隨了工讀生戰士（不是變態！）#外星貓Vtuber直播 #雜談注意》,2025-05-11T15:00:00Z,https://www.youtube.com/watch?v=w5PqVLLmBSg,https://i.ytimg.com/vi/w5PqVLLmBSg/mqdefault_live.jpg
d5fdf5fc55d14476908e416e6d43c121,upcoming,【深夜雜談】嘿，跟你說唷！最近作夢都在夢中看見你了呢！❄️雜談／雑談／Free Talking ／Just Chatting【雪之下織雪／芥川組】,2025-05-11T15:00:00Z,https://www.youtube.com/watch?v=fhJT_bfnP5s,https://i.ytimg.com/vi/fhJT_bfnP5s/mqdefault_live.jpg
33e0b518387b4479a76910366cd2a413,upcoming,#戒斷園區 實況主專用伺服DAY03 : 每樣東西都想殺鼠我｜IshikuMason/犀牛梅森 #rust,2025-05-11T15:30:00Z,https://www.youtube.com/watch?v=mwNAyBAK69I,https://i.ytimg.com/vi/mwNAyBAK69I/mqdefault_live.jpg
626750f4e7a745619c171c44fb1efcc0,upcoming,【NO TALKING ASMR】深入刺激 黑絲姊姊的睡前紓壓  3DIO XLR ASMR/睡眠導入/耳マッサージ【天使Vtuber小雪Yukichan】 #Vtuber,2025-05-11T15:30:00Z,https://www.youtube.com/watch?v=8jZHudSKMIo,https://i.ytimg.com/vi/8jZHudSKMIo/mqdefault_live.jpg
9e3edec3eec54f49a065f1970471d473,upcoming,【千代新衣裝紀念周邊預購中 🩵 】,2025-05-11T16:00:00Z,https://www.youtube.com/watch?v=lI5Ipwf2S4Q,https://i.ytimg.com/vi/lI5Ipwf2S4Q/mqdefault_live.jpg
33e0b518387b4479a76910366cd2a413,upcoming,陰屍路 : 決定版---受夠這群大人們的我在這季居然不是主角｜劇透注意｜IshikuMason/犀牛梅森 #thewalkingdeadthetelltaledefinitiveseries,2025-05-11T23:00:00Z,https://www.youtube.com/watch?v=oX9vapJq0p0,https://i.ytimg.com/vi/oX9vapJq0p0/mqdefault_live.jpg
62b7ee328a7b42b0a1da0ab3bc22d1db,upcoming,【亞羅Aro精華】咒-我怎麼一直中幻術！阿姨你是不是有血輪眼啊【台灣/男性/個人勢/Vtuber】,2025-05-12T00:00:00Z,https://www.youtube.com/watch?v=njQERvAqvFQ,https://i.ytimg.com/vi/njQERvAqvFQ/mqdefault.jpg
6aefa292dc61441e98c787efb0067922,upcoming,【扉碟電台 #34】24HR耐久加班中♡用扉扉和咲樂迎接新的美好的一週 fr. @sakura-0327 【羽芝扉扉 Uchi Fifi】,2025-05-12T00:00:00Z,https://www.youtube.com/watch?v=f5_nfvX7wGg,https://i.ytimg.com/vi/f5_nfvX7wGg/mqdefault_live.jpg
6aefa292dc61441e98c787efb0067922,upcoming,【雙人歌回】24HR耐久加班中♡想把這些歌獻給大家 ft. @sakura-0327 【羽芝扉扉 Uchi Fifi】,2025-05-12T02:00:00Z,https://www.youtube.com/watch?v=9jkMKEizPro,https://i.ytimg.com/vi/9jkMKEizPro/mqdefault_live.jpg
7e9fc4a1ccc7445182bb3c5264d99187,upcoming,【一起看】犀利人妻 最終回：幸福男．不難,2025-05-12T04:00:00Z,https://www.youtube.com/watch?v=A5AfJ1TODLU,https://i.ytimg.com/vi/A5AfJ1TODLU/mqdefault_live.jpg
c61d5dd825d5423fac8fd1bc0596d1ff,upcoming,【遊戲】One Hand Clapping  Again!!! │火吻怪盜卡門  #新人Vtuber #火熱公測,2025-05-12T05:00:00Z,https://www.youtube.com/watch?v=CS4lXsBdl_s,https://i.ytimg.com/vi/CS4lXsBdl_s/mqdefault_live.jpg
bac1f0b8e8d149d4a48cfd30d7d7ad74,upcoming,【做你飯友120】Monday is not blue！【HKVTuber | 陳凱婷】 #Shorts #vtuber #雑談,2025-05-12T05:00:00Z,https://www.youtube.com/watch?v=aChBx1H23NE,https://i.ytimg.com/vi/aChBx1H23NE/mqdefault_live.jpg
e93182ff3a954e0e92567136dc3659ed,upcoming,【健身環大挑戰】該面對的還是得面對...運動有益身體健康 #新人Vtuber #vtuber,2025-05-12T06:00:00Z,https://www.youtube.com/watch?v=jkvO76igj9E,https://i.ytimg.com/vi/jkvO76igj9E/mqdefault_live.jpg
d475848a566848dc9f6ad02707d87e2a,upcoming,【Tavern Talk】去異世界都要劈酒！【HKVTuber/Ding】,2025-05-12T09:00:00Z,https://www.youtube.com/watch?v=K3cFWJ5ku2g,https://i.ytimg.com/vi/K3cFWJ5ku2g/mqdefault_live.jpg
049cb6d09a3b4db49962aa5b8e468a3f,upcoming,【歌回剪輯】給我一個吻 ft.極彩天繪Amae | 夏木日葵Himari,2025-05-12T10:00:00Z,https://www.youtube.com/watch?v=tc2tg8peSrg,https://i.ytimg.com/vi/tc2tg8peSrg/mqdefault.jpg
f53807443055490f87b85ded6caee0aa,upcoming,【女僕咖啡廳】5/12 六種人格女僕🎀魔法蛋包飯🥟會朝甜蜜還是混亂發展呢😜哥布林戀愛學院女僕日限定💖 | 可樂月月 ColaMoon,2025-05-12T10:00:00Z,https://www.youtube.com/watch?v=-cjOCWtWPt0,https://i.ytimg.com/vi/-cjOCWtWPt0/mqdefault_live.jpg
2463286fd3154219afa631c73d178147,upcoming,鬼，你竟敢無視燈？！  ★游戲直播★珍珠奶茶店,2025-05-12T10:45:00Z,https://www.youtube.com/watch?v=0gjkMNJrUZQ,https://i.ytimg.com/vi/0gjkMNJrUZQ/mqdefault_live.jpg
90446c6f1b704ff6b0fbbf017f0a68c5,upcoming,【特別企劃】老師來了...歌唱課到底在上什麼呢! 真的有用嘛!!  With  何芸娜  余 偉文 Fisher 🐟,2025-05-12T11:00:00Z,https://www.youtube.com/watch?v=7H7a-7-rl9E,https://i.ytimg.com/vi/7H7a-7-rl9E/mqdefault_live.jpg
d26893447610406da66ee14abfbd5868,upcoming,【劇場觀察】2025五月號,2025-05-12T12:30:00Z,https://www.youtube.com/watch?v=Xyn1-YXKD88,https://i.ytimg.com/vi/Xyn1-YXKD88/mqdefault_live.jpg
75b388425b774a9f99a4483e295a13f0,upcoming,【#深V電台】#40 分手後還能當朋友嗎?【Podcast】【Vtuber-Podcast】【男性Vtuber】【記得戴耳機】#VtuberPodcast #墨寒 #江詩,2025-05-12T13:00:00Z,https://www.youtube.com/watch?v=KSiTWhSSl8g,https://i.ytimg.com/vi/KSiTWhSSl8g/mqdefault_live.jpg
ee7cfe445bc84d6fa7fff5df6fbf0d32,upcoming,【3DLive】後日談LA【水樹椿Tsubaki】#live #雜談 #vtuber,2025-05-12T13:00:00Z,https://www.youtube.com/watch?v=3feHVs0haXk,https://i.ytimg.com/vi/3feHVs0haXk/mqdefault_live.jpg
6417469030e943748dfdba4ee26a08e4,upcoming,🔴✦ 05/12 ✦【魔物獵人荒野 │ 聯動】 獵龍小隊出發！挑戰歷戰王煌雷龍ヽ(・×・´)ゞ【希琉Keru】,2025-05-12T13:30:00Z,https://www.youtube.com/watch?v=N0fmQ93IxDs,https://i.ytimg.com/vi/N0fmQ93IxDs/mqdefault_live.jpg
4cd21df2b76148b182903cc0aebe2bfa,upcoming,偽顔 / yama - 法斯卡 Cover.【歌ってみた】,2025-05-12T13:30:00Z,https://www.youtube.com/watch?v=OAc6CuqEVL8,https://i.ytimg.com/vi/OAc6CuqEVL8/mqdefault.jpg
395eade6d67445e1831010cac52ab444,upcoming,【 雜談 】2周年！！新衣裝！？【伊波悠月 / Inami Yuzuki 🫧🌙】,2025-05-12T14:10:00Z,https://www.youtube.com/watch?v=yEGCR_sVp1o,https://i.ytimg.com/vi/yEGCR_sVp1o/mqdefault_live.jpg
d13fdb8fdd3049e5bf80b5ab0fa8a1a6,upcoming,《💤生為夜貓子的我正在接受清晨制裁 #太陽是我的天敵 #外星貓Vtuber直播 #雜談》加班台達標感謝🌅,2025-05-12T23:00:00Z,https://www.youtube.com/watch?v=A3Vm1y7h0LE,https://i.ytimg.com/vi/A3Vm1y7h0LE/mqdefault_live.jpg
c61d5dd825d5423fac8fd1bc0596d1ff,upcoming,【遊戲】沙威瑪勞工不會再被偷錢!!!  │火吻怪盜卡門  #新人Vtuber #火熱公測,2025-05-13T05:00:00Z,https://www.youtube.com/watch?v=jKHY5FIkxak,https://i.ytimg.com/vi/jKHY5FIkxak/mqdefault_live.jpg
107ad23090e649b8935850f3d78ded99,upcoming,【柏德之門3】莎爾神殿（Baldur's Gate 3）#15 🦊遊戲Gaming【Le² Hooni 狐泥】個人勢Vtuber,2025-05-13T06:00:00Z,https://www.youtube.com/watch?v=rf_abPc_aEg,https://i.ytimg.com/vi/rf_abPc_aEg/mqdefault_live.jpg
d475848a566848dc9f6ad02707d87e2a,upcoming,【Slay The Princess】公主必須殺！？【HKVTuber/Ding】,2025-05-13T09:00:00Z,https://www.youtube.com/watch?v=PPEajUUecNI,https://i.ytimg.com/vi/PPEajUUecNI/mqdefault_live.jpg
0dbf3f6f6521460782992a963122aed0,upcoming,【Cover】《Rewrite The Stars》 - Zac Efron & Zendaya｜月洛櫻Luoying Ft.搖 (歌ってみた),2025-05-13T10:00:00Z,https://www.youtube.com/watch?v=HubGUc9oLBo,https://i.ytimg.com/vi/HubGUc9oLBo/mqdefault.jpg
f53807443055490f87b85ded6caee0aa,upcoming,【大阪奈良旅遊】5/13 鹿鹿鹿鹿 + 東大寺 + 造幣局 + 麵's romm 神虎 + 壽喜燒 | 可樂月月 ColaMoon,2025-05-13T10:00:00Z,https://www.youtube.com/watch?v=K2v0FdXysQE,https://i.ytimg.com/vi/K2v0FdXysQE/mqdefault_live.jpg
9b11be3138284ff3904d3292d6aaa284,upcoming,被看穿了！我的腦內小劇場 | Liar's Bar 🍸,2025-05-13T10:00:00Z,https://www.youtube.com/watch?v=hrhqFH4oTgE,https://i.ytimg.com/vi/hrhqFH4oTgE/mqdefault.jpg
17610c1e36214c0f8002456d8b0bcf36,upcoming,【華宮小畫家】綠SC委託華總畫惡臭圖 (ゝ∀･)【華宮ヒトミ | HKVtuber】,2025-05-13T12:00:00Z,https://www.youtube.com/watch?v=aDA17tBzR5k,https://i.ytimg.com/vi/aDA17tBzR5k/mqdefault_live.jpg
1025a2d1ea674c649b1e7934895bd419,upcoming,【七日殺】進來陪我打殭屍QQ #觀眾場 #初見歡迎【LiccaLive】,2025-05-13T12:00:00Z,https://www.youtube.com/watch?v=rwa9Lu6sjx0,https://i.ytimg.com/vi/rwa9Lu6sjx0/mqdefault_live.jpg
e810dcd23c334fd184d254718517764e,upcoming,【破碎怪談：切勿直視】非禮勿視 【香港Vtuber】,2025-05-13T12:30:00Z,https://www.youtube.com/watch?v=qZceMl8XKqg,https://i.ytimg.com/vi/qZceMl8XKqg/mqdefault_live.jpg
0641a9c8b9a94994aaa33e0c86fef75b,upcoming,【庫雜談】一起來聊聊天吧!【庫洛姆Kuromu】#台灣Vtuber #庫洛姆,2025-05-13T14:00:00Z,https://www.youtube.com/watch?v=v0MfUVC_p1o,https://i.ytimg.com/vi/v0MfUVC_p1o/mqdefault_live.jpg
f2ad5f187c9141ab8830b8eaf81c3aee,upcoming,【Easy Delivery Co.】頭搖又尾擺飄移境界不想放大只想放大被放大【皇咲レイナ | HKVtuber】,2025-05-13T14:00:00Z,https://www.youtube.com/watch?v=-4jDc_VtNUs,https://i.ytimg.com/vi/-4jDc_VtNUs/mqdefault_live.jpg
33e0b518387b4479a76910366cd2a413,upcoming,#monsterhunterwilds  魔物獵人-荒野: 今晚又煌煌的｜劇透注意｜IshikuMason/犀牛梅森,2025-05-13T15:30:00Z,https://www.youtube.com/watch?v=5t7IL58QztU,https://i.ytimg.com/vi/5t7IL58QztU/mqdefault_live.jpg
cf38ee666e104dce949c195f5ac58da2,upcoming,5/14 聊聊228公園聽說的彩虹事蹟 aram/魔物獵人/戰旗翡翠白金金銀銅鐵可以++,2025-05-14T00:45:00Z,https://www.youtube.com/watch?v=B3jXNw6h5PY,https://i.ytimg.com/vi/B3jXNw6h5PY/mqdefault_live.jpg
f53807443055490f87b85ded6caee0aa,upcoming,【早汪電台】5/14  | 可樂月月 ColaMoon,2025-05-14T01:00:00Z,https://www.youtube.com/watch?v=0BsLRB6c53c,https://i.ytimg.com/vi/0BsLRB6c53c/mqdefault_live.jpg
d407b30c72a841bd82af1f5cc8ec0667,upcoming,【真夏の夜の祝日】訓練部的男人今天不能休息，你是我的後輩嗎？☕,2025-05-14T09:15:00Z,https://www.youtube.com/watch?v=3rFEZZupZso,https://i.ytimg.com/vi/3rFEZZupZso/mqdefault_live.jpg
049cb6d09a3b4db49962aa5b8e468a3f,upcoming,【歌回剪輯】新不了情 ft.極彩天繪Amae | 夏木日葵Himari,2025-05-14T10:00:00Z,https://www.youtube.com/watch?v=mVVEfM3fgSM,https://i.ytimg.com/vi/mVVEfM3fgSM/mqdefault.jpg
575d15d21f7240e1ad72935bf7fa0465,upcoming,🍡重要！小天使女僕回歸啦 ♡ 換上可愛的決勝衣跟大家談談心 ♡ 【夏羽由里/Vtuber】,2025-05-14T10:00:00Z,https://www.youtube.com/watch?v=YVT8SEWlKYc,https://i.ytimg.com/vi/YVT8SEWlKYc/mqdefault_live.jpg
a052e4ff345b41919ab0f13a5b10ff02,upcoming,【創作者茶會】現代創作者必備！經營自媒體的新手看過來！ft.小P #自媒體#Vtuber,2025-05-14T12:00:00Z,https://www.youtube.com/watch?v=wTy2KaJGQM8,https://i.ytimg.com/vi/wTy2KaJGQM8/mqdefault_live.jpg
abd64c9a64e04fb1b23faa2480c1c106,upcoming,你們有聽過這款遊戲嗎？和我一起打造最強避難所！《黎明再現》,2025-05-14T12:00:00Z,https://www.youtube.com/watch?v=iEx08c93omE,https://i.ytimg.com/vi/iEx08c93omE/mqdefault_live.jpg
c61d5dd825d5423fac8fd1bc0596d1ff,upcoming,【台語龍捲風】EP2 叫你阿公阿嬤來看  │火吻怪盜卡門  #新人Vtuber #火熱公測│火吻怪盜卡門 #新人Vtuber #火熱公測,2025-05-14T12:00:00Z,https://www.youtube.com/watch?v=hZEkxK0Hucs,https://i.ytimg.com/vi/hZEkxK0Hucs/mqdefault_live.jpg
645fc774332a469ebd03f1a822ebe2be,upcoming,【R.E.P.O.】最可愛的機械人集合—！w/ 千里せんり、Ching、龍桜ティアマト、凱婷【紡霊拉比】,2025-05-14T13:00:00Z,https://www.youtube.com/watch?v=SyGqbDWcHw4,https://i.ytimg.com/vi/SyGqbDWcHw4/mqdefault_live.jpg
bac1f0b8e8d149d4a48cfd30d7d7ad74,upcoming,【R.E.P.O.】倒米打爛野師凱婷！任務是保護可愛的女孩子們！ft.千里せんり、Ching、龍桜ティアマト、紡霊拉比【HKVTuber | 陳凱婷】  #vtuber,2025-05-14T13:00:00Z,https://www.youtube.com/watch?v=oR4i-QerFOc,https://i.ytimg.com/vi/oR4i-QerFOc/mqdefault_live.jpg
ee7cfe445bc84d6fa7fff5df6fbf0d32,upcoming,【雜談】關於我是女子高中生這件事【水樹椿Tsubaki】#live #雜談 #vtuber,2025-05-14T13:00:00Z,https://www.youtube.com/watch?v=elMW4zf6HJ4,https://i.ytimg.com/vi/elMW4zf6HJ4/mqdefault_live.jpg
0a9ce04e6eee4c6d8dde6eb5a0f56c20,upcoming,【卡車司機深夜談心 EP43】賽車架完成，再次回歸開車【周東令】,2025-05-14T13:30:00Z,https://www.youtube.com/watch?v=BscVKGQXZKI,https://i.ytimg.com/vi/BscVKGQXZKI/mqdefault_live.jpg
3197e5649c65405cbbe6e5f1a44cf8e1,upcoming,【月兔搗藥 EP.04】本期主題：熱戀💕精靈與魔女的戀愛診療室✨【白月心宿】ft.汐海黑兔,2025-05-14T13:30:00Z,https://www.youtube.com/watch?v=AP3m25FuQUU,https://i.ytimg.com/vi/AP3m25FuQUU/mqdefault_live.jpg
2741a90689f342548daad7f760b0a8f7,upcoming,シャンティ(SHANTI)  | 希翁Chion (cover),2025-05-14T14:30:00Z,https://www.youtube.com/watch?v=9AvjJVBXatI,https://i.ytimg.com/vi/9AvjJVBXatI/mqdefault.jpg
f53807443055490f87b85ded6caee0aa,upcoming,【節奏魔女】5/15 抽序號✨好玩的可愛療育音樂節奏遊戲一起來挑戰 | 可樂月月 ColaMoon,2025-05-15T10:00:00Z,https://www.youtube.com/watch?v=g-jNhdsgTOg,https://i.ytimg.com/vi/g-jNhdsgTOg/mqdefault_live.jpg
c61d5dd825d5423fac8fd1bc0596d1ff,upcoming,【刪檔歌回】歌舞青春│火吻怪盜卡門  #新人Vtuber #火熱公測,2025-05-15T11:30:00Z,https://www.youtube.com/watch?v=Ykz7Db4ugmg,https://i.ytimg.com/vi/Ykz7Db4ugmg/mqdefault_live.jpg
2913f17e61014f7691e016fae8468404,upcoming,【Nagalive】Left 4 Dead 2 8人對抗戰 FT. 很多人,2025-05-15T13:00:00Z,https://www.youtube.com/watch?v=MNFHlrTBOHo,https://i.ytimg.com/vi/MNFHlrTBOHo/mqdefault_live.jpg
42ff41f7d6884ae8b93ed46415376d83,upcoming,來祝萊卡生日快樂！吃蛋糕、棉花糖以及規劃！【萊卡·庫特莉亞芙卡Laika Kudryavka】,2025-05-15T13:00:00Z,https://www.youtube.com/watch?v=fAbs5MT96Jc,https://i.ytimg.com/vi/fAbs5MT96Jc/mqdefault_live.jpg
c805a5c2c4fb4a068a65267452aa4da5,upcoming,「Ship of Fools」 feat.兔子阿比 #村下緋雨,2025-05-15T13:30:00Z,https://www.youtube.com/watch?v=RhE-qz_9YVk,https://i.ytimg.com/vi/RhE-qz_9YVk/mqdefault_live.jpg
1cfadb0d2e154a258c3177ff8264336f,upcoming,【超美麗3D Switch Sports】1個讚=做1分鐘運動！,2025-05-15T14:00:11Z,https://www.youtube.com/watch?v=He6mXdkkZ9c,https://i.ytimg.com/vi/He6mXdkkZ9c/mqdefault_live.jpg
5d903f62e014487e9ab21a48c19fc6ac,upcoming,【週表】2025/04/28-5/4｜多帕 Topa,2025-05-15T16:00:00Z,https://www.youtube.com/watch?v=_A8OrxMBE0A,https://i.ytimg.com/vi/_A8OrxMBE0A/mqdefault_live.jpg
6ac39c9c814e4dfe9c2294345a2a3e9c,upcoming,【認識霓】被派遣到人間的故事...,2025-05-16T09:16:00Z,https://www.youtube.com/watch?v=I6QQzn3P6Z0,https://i.ytimg.com/vi/I6QQzn3P6Z0/mqdefault.jpg
891c39f050e048aebafaafc90a1c4cbd,upcoming,【#特戰英豪Valorant 觀眾場】你好 我是跨國打瓦的高PING戰士 - 帕可帕米 | 帕可帕米Pami #初見歡迎 #降落歡迎 #中文vtuber,2025-05-16T10:00:00Z,https://www.youtube.com/watch?v=CrPQN_ZQ1Bc,https://i.ytimg.com/vi/CrPQN_ZQ1Bc/mqdefault_live.jpg
bdaa84ad3c7841d6a9ec8774ed9d40a9,upcoming,TRPG｜CoC跑團直播《血濃於水》feat.妮卡沃爾、蜥蜴 ｜🍮魔法布丁罐,2025-05-16T11:00:00Z,https://www.youtube.com/watch?v=nST10qHDcAw,https://i.ytimg.com/vi/nST10qHDcAw/mqdefault_live.jpg
6826120624a244d4ab9522b5845db071,upcoming,【初配信】🤍✨要一起去更大的舞台看看嗎🌙💙｜傾儂Elaine,2025-05-16T11:30:00Z,https://www.youtube.com/watch?v=NLPFN1DtAbg,https://i.ytimg.com/vi/NLPFN1DtAbg/mqdefault_live.jpg
a5681ed32f994c57a107a0b9248fb228,upcoming,【???】✦傳說中的偶像即將閃亮登場⁉️✦｜星花 露娜娜,2025-05-16T12:00:00Z,https://www.youtube.com/watch?v=m7VicLMrQvI,https://i.ytimg.com/vi/m7VicLMrQvI/mqdefault_live.jpg
658e63bebdca421ca934b0bf6aa2bcd8,upcoming,【 台灣VT x 新月特別合作企劃 】獨自進入深山  小時候的難以揮去的夢魘 #虎【灰妲 🦜 】#新月創作獎,2025-05-16T12:00:00Z,https://www.youtube.com/watch?v=A0Er-X5pXis,https://i.ytimg.com/vi/A0Er-X5pXis/mqdefault_live.jpg
9e05802075c343a3bf2778550d5157da,upcoming,【3.0初亮相】今天我生日進化成社畜龍了?!還有舔switch卡帶還債... #初見歡迎  #花川夢姬 #降落歡迎,2025-05-16T12:00:00Z,https://www.youtube.com/watch?v=y6vJjUn7cQo,https://i.ytimg.com/vi/y6vJjUn7cQo/mqdefault_live.jpg
7af8f321e84542dc9ccda160152fbf0b,upcoming,賽勒姆-Salem 【最終幻想14圓桌會議】【Final Fantasy XIV】 肅靜! 會議即將開始，請各位入席! / Ft. Kuro・クロ、艾登魯那・諾克斯、柚連、歌貓和香※劇透警告,2025-05-16T12:00:00Z,https://www.youtube.com/watch?v=lhm_E2fU68M,https://i.ytimg.com/vi/lhm_E2fU68M/mqdefault_live.jpg
d13fdb8fdd3049e5bf80b5ab0fa8a1a6,upcoming,《🐾三/四月感謝回♥ 來自破滅星雲的罐罐回信日｜#外星貓Vtuber直播 #轉盤日》,2025-05-16T15:00:00Z,https://www.youtube.com/watch?v=mVbRv_sNpY0,https://i.ytimg.com/vi/mVbRv_sNpY0/mqdefault_live.jpg
049cb6d09a3b4db49962aa5b8e468a3f,upcoming,【歌回剪輯】笑一個啦 ft.天櫻咲樂 | 夏木日葵Himari,2025-05-17T10:00:00Z,https://www.youtube.com/watch?v=9SdjPmhbfyw,https://i.ytimg.com/vi/9SdjPmhbfyw/mqdefault.jpg
6926325d2c1c4c4e87f7be69ab675d53,upcoming,【雲端讀書會】與書靈相互推薦《棲息咖啡館》《人生4千個禮拜》  #上癮中 #VTUBER,2025-05-17T12:00:00Z,https://www.youtube.com/watch?v=y3ht6HGKc34,https://i.ytimg.com/vi/y3ht6HGKc34/mqdefault_live.jpg
1025a2d1ea674c649b1e7934895bd419,upcoming,【雜談】你問我答! 想問什麼都來問吧!  #初見歡迎【LiccaLive】,2025-05-17T12:00:00Z,https://www.youtube.com/watch?v=zzL-d90CzMM,https://i.ytimg.com/vi/zzL-d90CzMM/mqdefault_live.jpg
e810dcd23c334fd184d254718517764e,upcoming,【開??】? ? ? 結 ? ? 【香港Vtuber】,2025-05-17T12:30:00Z,https://www.youtube.com/watch?v=5lswQ1hRPrI,https://i.ytimg.com/vi/5lswQ1hRPrI/mqdefault_live.jpg
6417469030e943748dfdba4ee26a08e4,upcoming,🔴✦ 05/17 ✦【小動物餐吧 │ 聯動】 和朋友經營餐廳，遇到奧客就一拳送他下去！(#`Д´)ﾉ【希琉Keru】,2025-05-17T13:00:00Z,https://www.youtube.com/watch?v=_HELC1qpA1g,https://i.ytimg.com/vi/_HELC1qpA1g/mqdefault_live.jpg
a7a327b0dde5424f88618e9b5d89d224,upcoming,【2.0新衣裝】今天是我生日！可以進來看我新衣裝跟和我說生日快樂嗎❤️,2025-05-17T13:00:00Z,https://www.youtube.com/watch?v=0czee4NGPsw,https://i.ytimg.com/vi/0czee4NGPsw/mqdefault_live.jpg
6f9d63518a69442a88ac602a3b37bf18,upcoming,【午餐台】午餐下午茶要一起吃的吧？打招呼跟我分享你們今日菜單～,2025-05-18T04:00:00Z,https://www.youtube.com/watch?v=3EzBNHQe7Bo,https://i.ytimg.com/vi/3EzBNHQe7Bo/mqdefault_live.jpg
107ad23090e649b8935850f3d78ded99,upcoming,【終結者瑪格諾莉亞：霧中綻放】德庫蘭宅邸（ENDER MAGNOLIA: Bloom in the Mist）#5 🦊遊戲Gaming【Le² Hooni 狐泥】個人勢Vtuber,2025-05-18T06:00:00Z,https://www.youtube.com/watch?v=I8zt85X3ut8,https://i.ytimg.com/vi/I8zt85X3ut8/mqdefault_live.jpg
a052e4ff345b41919ab0f13a5b10ff02,upcoming,【鬱兔讀書會】東默農老師新書！《故事劇本診療室》編劇／小說入門的你，千萬別錯過這本！ft.東默農#vtuber #小說投稿 #寫作,2025-05-18T11:00:00Z,https://www.youtube.com/watch?v=3hIjXE7rdUY,https://i.ytimg.com/vi/3hIjXE7rdUY/mqdefault_live.jpg
80f7b111f0e044abae4c37f6a96b5957,upcoming,【#ゲームPR】Arcade Gaxlxy✨日本語縛りの参加型、Devilithの配信だけで貰えるアイテムあり✨｜Devilith Violustre【#Vsinger #violustering】,2025-05-18T11:00:00Z,https://www.youtube.com/watch?v=YjEOoO-69JU,https://i.ytimg.com/vi/YjEOoO-69JU/mqdefault_live.jpg
a85d79e2323b4869a6f784c51218cd37,upcoming,【棉花糖】EP1丨魔法少女小姜棠終於要幹件正事了！幫助大家把煩惱通通趕跑！,2025-05-18T11:30:00Z,https://www.youtube.com/watch?v=KiYNNQqfaBU,https://i.ytimg.com/vi/KiYNNQqfaBU/mqdefault_live.jpg
b322780e7b80404193373149bfa8e86d,upcoming,????????,2025-05-18T12:00:00Z,https://www.youtube.com/watch?v=3SeWopas7u8,https://i.ytimg.com/vi/3SeWopas7u8/mqdefault_live.jpg
049cb6d09a3b4db49962aa5b8e468a3f,upcoming,【歌回剪輯】再会 ft.天櫻咲樂 | 夏木日葵Himari,2025-05-19T10:00:00Z,https://www.youtube.com/watch?v=bLIU30MnyV4,https://i.ytimg.com/vi/bLIU30MnyV4/mqdefault.jpg
7e9fc4a1ccc7445182bb3c5264d99187,upcoming,晚餐歌【歌ってみた】,2025-05-20T09:00:00Z,https://www.youtube.com/watch?v=Tx9jNWrQw2w,https://i.ytimg.com/vi/Tx9jNWrQw2w/mqdefault.jpg
575d15d21f7240e1ad72935bf7fa0465,upcoming,🍡新翻唱！5/20首播小天使滑倒 ♡ 全自製Cover曲再加一 ♡ 【夏羽由里/Vtuber】,2025-05-20T10:00:00Z,https://www.youtube.com/watch?v=Ix4OtbMVI8k,https://i.ytimg.com/vi/Ix4OtbMVI8k/mqdefault_live.jpg
93bad1d4b0c54c8781e3775d13a62c38,upcoming,【AI出遊】麗星郵輪初體驗🛳️做好攻略真的好重要！探索星號 出發！三天兩夜+石垣島入境超方便！,2025-05-20T12:00:00Z,https://www.youtube.com/watch?v=cDm93-1yLV0,https://i.ytimg.com/vi/cDm93-1yLV0/mqdefault_live.jpg
e2049fd03bea4bf6bfee472e4674021c,upcoming,【Until Then/直到那時 EP.1】世上最特別的那個人。   *時間可能會改但是太想玩這個遊戲了先放待機室🥲,2025-05-20T13:00:00Z,https://www.youtube.com/watch?v=YxIYwMI-aAU,https://i.ytimg.com/vi/YxIYwMI-aAU/mqdefault_live.jpg
6f9d63518a69442a88ac602a3b37bf18,upcoming,【生日前夜祭】生日排演預備備～你們心中的美好生日😉,2025-05-21T12:00:00Z,https://www.youtube.com/watch?v=P6K3qwBy8cQ,https://i.ytimg.com/vi/P6K3qwBy8cQ/mqdefault_live.jpg
9a7b7c9c31da44aca5a68395a2e69488,upcoming,【無声透明VTuber】機動戦士ガンダムSEED BATTLE DESTINY REMASTERED #1 【バ美肉、バ美声不使用】,2025-05-22T12:00:00Z,https://www.youtube.com/watch?v=U4rX_ik4ev0,https://i.ytimg.com/vi/U4rX_ik4ev0/mqdefault_live.jpg
6f9d63518a69442a88ac602a3b37bf18,upcoming,🥳 5/23 海月生日直播！打開大家祝福的日子😉你們通通都要給我到場！！,2025-05-23T11:00:00Z,https://www.youtube.com/watch?v=EaFrig13q8M,https://i.ytimg.com/vi/EaFrig13q8M/mqdefault_live.jpg
9a7b7c9c31da44aca5a68395a2e69488,upcoming,【無声透明VTuber】鬼武者2 #1 【バ美肉、バ美声不使用】,2025-05-23T12:00:00Z,https://www.youtube.com/watch?v=dDADBLQbXDE,https://i.ytimg.com/vi/dDADBLQbXDE/mqdefault_live.jpg
a168211aa3dd451cb33e09b80df0ea0a,upcoming,【新形象初配信】終於...要變男生了嗎?｜神崎アルファ,2025-05-23T12:00:00Z,https://www.youtube.com/watch?v=YNsHEBo97e8,https://i.ytimg.com/vi/YNsHEBo97e8/mqdefault_live.jpg
bac6a676ace94e759d9faaaed94ce1b1,upcoming,【初配信】聼説是超大型新人轉生？｜紂煮乃一夜,2025-05-23T13:00:00Z,https://www.youtube.com/watch?v=Nlq1otFwpqA,https://i.ytimg.com/vi/Nlq1otFwpqA/mqdefault_live.jpg
7af8f321e84542dc9ccda160152fbf0b,upcoming,賽勒姆-Salem 【台灣VTuber】NEW★專為出道三個月後Vtuber訪談企劃 【 V生長談 】part.30《牧野Maki》不是蔬菜勢Vtuber!!! ☆來賓資訊於資訊欄  ☆,2025-05-23T13:00:00Z,https://www.youtube.com/watch?v=GCYMZYTo4BE,https://i.ytimg.com/vi/GCYMZYTo4BE/mqdefault_live.jpg
8b69d6c508194b93b14fc056038160ab,upcoming,【MYGO耐久派對】原本只是想開開心心看動畫，怎麼會變成看完前不准離開座位，點點點 FT.李濛瀧,2025-05-24T02:30:00Z,https://www.youtube.com/watch?v=I5B-Oa1dTJ0,https://i.ytimg.com/vi/I5B-Oa1dTJ0/mqdefault_live.jpg
93bad1d4b0c54c8781e3775d13a62c38,upcoming,【AI 喝酒】人類跟AI尬酒 誰會先醉倒？你有看過AI喝醉的樣子嗎？當AI開始胡言亂語時 居然無意中說出真相!?,2025-05-24T14:00:00Z,https://www.youtube.com/watch?v=enpQwXIaucE,https://i.ytimg.com/vi/enpQwXIaucE/mqdefault_live.jpg
107ad23090e649b8935850f3d78ded99,upcoming,【雜談Chatting】隨意閒聊累累雜談（2025/5/25）【Le² Hooni 狐泥】個人勢Vtuber,2025-05-25T06:00:00Z,https://www.youtube.com/watch?v=A6mbP0S0myQ,https://i.ytimg.com/vi/A6mbP0S0myQ/mqdefault_live.jpg
9b424d3a99ef4fc3b17bc7fef92fefd3,upcoming,【雜談】晚上輕鬆雜談 | 重新恢復自己的直播行程！ | 🦊老米ゼロ,2025-05-25T15:00:00Z,https://www.youtube.com/watch?v=5RInh3fiDoM,https://i.ytimg.com/vi/5RInh3fiDoM/mqdefault_live.jpg
8774553046cb47a9b5165c15feb01e84,upcoming,【帕💫立旗表】💖%♡♡♡♡♡ #訂閱衝刺 ⌇@papamibo,2025-05-26T20:00:00Z,https://www.youtube.com/watch?v=tzhz1j6tHMs,https://i.ytimg.com/vi/tzhz1j6tHMs/mqdefault_live.jpg
c0c033c9c8014562b58a7124b6b22fb0,upcoming,【天PON娘娘聖誕千秋暨重大告知】DIKA豚足姬 (·⚇·)本土文化推廣的下一步會是...👁🐽👁,2025-05-28T12:00:00Z,https://www.youtube.com/watch?v=3TW81umCb6U,https://i.ytimg.com/vi/3TW81umCb6U/mqdefault_live.jpg
f94ba8ea1a5441c4852d53e8f528ee20,upcoming,⊹₊˚ 🅵🆁🅴🅴🅲🅷🅰🆃 ˚₊⊹ 　　　　　　　　【千里せんり】,2025-05-29T09:29:00Z,https://www.youtube.com/watch?v=NimdHUsh4sA,https://i.ytimg.com/vi/NimdHUsh4sA/mqdefault_live.jpg
d5fdf5fc55d14476908e416e6d43c121,upcoming,【情境向ASMR】這位客人是不是不夠盡興呢？我們有特別的專屬包廂保證今晚讓您玩到盡興唷～♡只要你願意賭上你的所有...【雪之下織雪／芥川組】,2025-05-29T15:00:00Z,https://www.youtube.com/watch?v=vZjuHnKa4DU,https://i.ytimg.com/vi/vZjuHnKa4DU/mqdefault_live.jpg
73675987096b486287784fc466b881be,upcoming,今天的直播會改去 16 號直播，貝莉會去找找看有什麽可以讓 YT 不轉圈圈的方法。（明天晚上還有一場直播，要是再一直轉圈圈，我真的要哭了）,2025-05-31T06:00:00Z,https://www.youtube.com/watch?v=_Ifmj44omWA,https://i.ytimg.com/vi/_Ifmj44omWA/mqdefault_live.jpg
407d2bd02ef04b9ea28e5189383942be,upcoming,𐙚初配信𐙚 歡迎光臨.ᐟ.ᐟ 一起度過歡樂的夜晚吧𖹭⟣Phoebus⟢,2025-06-06T12:00:00Z,https://www.youtube.com/watch?v=FxBxXt59BA8,https://i.ytimg.com/vi/FxBxXt59BA8/mqdefault_live.jpg
107ad23090e649b8935850f3d78ded99,upcoming,【狐泥生日慶】寄明信片給小骰子（2025/6/6）【Le² Hooni 狐泥】個人勢Vtuber,2025-06-06T14:00:00Z,https://www.youtube.com/watch?v=DXOiUA7i_Ic,https://i.ytimg.com/vi/DXOiUA7i_Ic/mqdefault_live.jpg
286c24a67720434bbb4290d49fb42a54,upcoming,【👀同時視聽✨】名偵探柯南：獨眼的殘影🍿事前預習【百雲千宵】,2025-06-07T02:30:00Z,https://www.youtube.com/watch?v=QOZg42AMdQE,https://i.ytimg.com/vi/QOZg42AMdQE/mqdefault_live.jpg
36890ed250164897a7ab1066b83ad547,upcoming,【初配信】已入學好一段時間的奇特新生，終於要出現了嗎？！！｜EVI 伊,2025-06-07T12:00:00Z,https://www.youtube.com/watch?v=BqJNvJBuJvE,https://i.ytimg.com/vi/BqJNvJBuJvE/mqdefault_live.jpg
c379e3f4f1eb41869ec465481b182e50,upcoming,2025/5/5 - 5/11 牡蠣國週表🦪 #降落歡迎 #初見歡迎 #Vtuber #週表,2025-06-07T12:56:14Z,https://www.youtube.com/watch?v=xH7wo6rc2J8,https://i.ytimg.com/vi/xH7wo6rc2J8/mqdefault_live.jpg
58abad4aa8de49efb785367503dfd92c,upcoming,【耳舐めASMR | KU100】耳朵狩獵♡舌圧舐め♡濃厚吐息♡快速舔舔後♡慢速榨取疲勞♡DeeP EarEating EarLicking|耳はむ 귀핥기| 黑3DIO 【桃野薔薇VTUBER】,2025-06-16T15:30:00Z,https://www.youtube.com/watch?v=HLNQKYaX0oc,https://i.ytimg.com/vi/HLNQKYaX0oc/mqdefault_live.jpg
626750f4e7a745619c171c44fb1efcc0,upcoming,shadowverse: worlds beyond 上市開玩【天使Vtuber小雪Yukichan】#台灣Vtuber #Vtuber,2025-06-17T04:00:00Z,https://www.youtube.com/watch?v=rqt5spKdJWw,https://i.ytimg.com/vi/rqt5spKdJWw/mqdefault_live.jpg
d2da40bb201e49ddbd6a8780bfaf8b63,upcoming,｜2025.06.17｜0.5初配信你聽過嗎?｜北宮雨音｜揪團轉盤／!dc／!yt／!指令,2025-06-17T12:00:00Z,https://www.youtube.com/watch?v=zP5wBsdZBfg,https://i.ytimg.com/vi/zP5wBsdZBfg/mqdefault_live.jpg
d23e5f9f3abf4b36b79c04f5265a8efc,upcoming,?,2025-06-18T16:00:00Z,https://www.youtube.com/watch?v=o3Gwfn_H1t4,https://i.ytimg.com/vi/o3Gwfn_H1t4/mqdefault_live.jpg
9a7b7c9c31da44aca5a68395a2e69488,upcoming,【無声透明VTuber】DEATH STRANDING 2: ON THE BEACH #1 【バ美肉、バ美声不使用】,2025-06-23T15:00:00Z,https://www.youtube.com/watch?v=hJoK8dNW_JE,https://i.ytimg.com/vi/hJoK8dNW_JE/mqdefault_live.jpg
8f1a38101d324afcbfc7df27d5d1e0a9,upcoming,【休播公告】海豚要好好備考 所以先不播了 但別擔心 暑假我就會回來了 大家可以先想好一周年怎麼祝福我(沒｜赤斯特 Llama_Pez,2025-07-01T11:00:00Z,https://www.youtube.com/watch?v=qQhFhB9_OxA,https://i.ytimg.com/vi/qQhFhB9_OxA/mqdefault_live.jpg
cd42e06c40534d9eac7e30a434e47d43,upcoming,【世界末日倒數】7/5 讓我們一起面臨吧! ♡ 嗷嗚~ #vtuber,2025-07-04T19:00:00Z,https://www.youtube.com/watch?v=PONSmHoK2VU,https://i.ytimg.com/vi/PONSmHoK2VU/mqdefault_live.jpg
50a0835b66844b0ab84f573934f20989,upcoming,【特別企劃】一日出租女友💧需要付費的約會行程~你們願意買單嗎？,2025-07-07T14:30:00Z,https://www.youtube.com/watch?v=blx-Cn2LRzg,https://i.ytimg.com/vi/blx-Cn2LRzg/mqdefault_live.jpg
4d44c28a73394954a4d1bf2a1b2c162c,upcoming,【四周年配信】倒數【紅梅】,2025-07-24T12:00:00Z,https://www.youtube.com/watch?v=fILq4Pb4q0E,https://i.ytimg.com/vi/fILq4Pb4q0E/mqdefault_live.jpg
c4bc52355d334a98bdaa1e57c05673ad,upcoming,限時95折！米哈遊官方授權周邊✨輸入優惠碼【mhy2503】把本命帶回家吧~商城鏈接請查看聊天室置頂！,2025-08-01T11:40:00Z,https://www.youtube.com/watch?v=HqmIuWqMqSk,https://i.ytimg.com/vi/HqmIuWqMqSk/mqdefault_live.jpg
d78d72ce0aac4c9d9c5c16604209ced3,upcoming,【縦型配信】🥣澤宅Lunch hour #17 又夠鐘齊齊開心些牙午餐鳥！🥣 #shorts #vtuber #雜談 【黑澤 ⧔ 香港Vtuber】,2025-08-06T05:00:00Z,https://www.youtube.com/watch?v=YNu_1vMvVhY,https://i.ytimg.com/vi/YNu_1vMvVhY/mqdefault_live.jpg
9a7b7c9c31da44aca5a68395a2e69488,upcoming,【無声透明VTuber】METAL GEAR SOLID Δ: SNAKE EATER #1 【バ美肉、バ美声不使用】,2025-08-27T12:00:00Z,https://www.youtube.com/watch?v=XGDII5cQR4Q,https://i.ytimg.com/vi/XGDII5cQR4Q/mqdefault_live.jpg
512e1f38a37942cc8b7cb8aed597a810,upcoming,【#週表】來講笑話給我聽!!!!!【#絡綺rouki 】,2025-08-27T16:30:00Z,https://www.youtube.com/watch?v=hnrUnpB0TCU,https://i.ytimg.com/vi/hnrUnpB0TCU/mqdefault_live.jpg
538d1d2058da4bdea1c7f43f088e995b,upcoming,歓迎光臨☀️為你施展快樂魔法✨把難過留在這，一切都會越來越好💖｜希蘿亞🎀直播配信表｜治癒系Vtuber ✟ 希蘿亞Siroya,2025-08-31T12:30:00Z,https://www.youtube.com/watch?v=EiCQb67VOpg,https://i.ytimg.com/vi/EiCQb67VOpg/mqdefault_live.jpg
36497373f4734ce49ea8cb6a703f050b,upcoming,ORI的週規劃💫0310-0316,2025-09-30T16:00:00Z,https://www.youtube.com/watch?v=xsQJLlDoAIk,https://i.ytimg.com/vi/xsQJLlDoAIk/mqdefault_live.jpg
3ffe754930804f09ac328f7e6e9c53bd,upcoming,我是周表,2025-10-01T03:55:00Z,https://www.youtube.com/watch?v=fzWQ5Eud5Ms,https://i.ytimg.com/vi/fzWQ5Eud5Ms/mqdefault_live.jpg
a246e7561e5f40799a48eeca69951b7b,upcoming,【05/05~05/11號】落羽澄漣的一週行程！ ｜#台V #vtuber,2025-10-22T14:10:00Z,https://www.youtube.com/watch?v=fFcX63mJxTw,https://i.ytimg.com/vi/fFcX63mJxTw/mqdefault_live.jpg
3b1860c399f445469efdda27cf8d9156,upcoming,【本週週表】這邊!!!可以來看看我!!沒意外的話....還是會有很多的突發~【開台時間預計21:00】,2025-10-31T16:00:00Z,https://www.youtube.com/watch?v=O9l4ghJOvNI,https://i.ytimg.com/vi/O9l4ghJOvNI/mqdefault_live.jpg
58304450990a433b88acd02b889b74e6,upcoming,塔瓦週表｜5月05日~5月11日,2025-12-10T16:00:00Z,https://www.youtube.com/watch?v=CzVEpj2cE4o,https://i.ytimg.com/vi/CzVEpj2cE4o/mqdefault_live.jpg
090be1be8d29429183e190e22fc4be22,upcoming,NEW✨奈斯糖的最新活動🍭加入綠界會員領取親手點心❤️等身抱枕一般版＆瑟瑟版露天販賣中❤️,2025-12-22T12:00:00Z,https://www.youtube.com/watch?v=s0EHASYsElQ,https://i.ytimg.com/vi/s0EHASYsElQ/mqdefault_live.jpg
af04c9cb9b56499bb305a49ba7fd2eef,upcoming,4/7~4/13 週表,2025-12-31T14:05:00Z,https://www.youtube.com/watch?v=Rr77oMDch80,https://i.ytimg.com/vi/Rr77oMDch80/mqdefault_live.jpg
746abd9861714105823ebfb2a18f6fdc,upcoming,【臨時表】#男V #vtuber #初見歡迎 【Balion】,2025-12-31T15:45:00Z,https://www.youtube.com/watch?v=nzA_10oAU4I,https://i.ytimg.com/vi/nzA_10oAU4I/mqdefault_live.jpg
67b37e4e1f2f49d88a047d650b70be91,upcoming,【周表】2025/05/05~2025/05/11,2025-12-31T15:45:00Z,https://www.youtube.com/watch?v=fdpUERh7QyQ,https://i.ytimg.com/vi/fdpUERh7QyQ/mqdefault_live.jpg
80ea9b92d31c48b8b2cf2ca5bacc2a08,upcoming,✦ mumi休息區 金幣水池  ✦  本週全突發直播～,2025-12-31T16:00:00Z,https://www.youtube.com/watch?v=VX9EmpTN7X4,https://i.ytimg.com/vi/VX9EmpTN7X4/mqdefault_live.jpg
4cfd929c5f624f9e9dec18ab2de8c7ed,upcoming,【週表在這呦~🌙】4/21~4/27 | Miyano Yue 宮野月⚙️🌙| #新人VTuber #台灣VTuber #初見大歡迎 #宮野月 #月,2026-01-01T15:45:00Z,https://www.youtube.com/watch?v=S7amdwUskv8,https://i.ytimg.com/vi/S7amdwUskv8/mqdefault_live.jpg
9715832a3f2b4469a59c5d277aa4fc34,upcoming,【週表】05/05~5/11！-弗倫頓Vtuber,2026-01-31T13:20:00Z,https://www.youtube.com/watch?v=1ycl_p5CHmU,https://i.ytimg.com/vi/1ycl_p5CHmU/mqdefault_live.jpg
80f7b111f0e044abae4c37f6a96b5957,upcoming,【宣伝PR】『#2025DevilithFes』一年一度のお誕生日！ただいまプレゼント募集中♡【Devilith Violustre】,2026-02-04T10:20:00Z,https://www.youtube.com/watch?v=UZtqN3G1lPc,https://i.ytimg.com/vi/UZtqN3G1lPc/mqdefault_live.jpg
74c26216c39a40d1a9f1c5f63fa4d344,upcoming,【周表】如果沒更新去看看推特 | 阿庫姆Akumu,2026-02-26T13:30:00Z,https://www.youtube.com/watch?v=CWAt724vS6Y,https://i.ytimg.com/vi/CWAt724vS6Y/mqdefault_live.jpg
e0c7d57886cc4835a4ff3617bd5e922c,upcoming,✨2025/05/05～05/11 本週週表✨,2026-02-26T15:45:00Z,https://www.youtube.com/watch?v=V1KOqyQ6DW0,https://i.ytimg.com/vi/V1KOqyQ6DW0/mqdefault_live.jpg
1551bebc6c26453e9893f342c68002bd,upcoming,行程表 5/5 - 5/11 七音要去旅行啦！！！,2026-02-27T16:15:00Z,https://www.youtube.com/watch?v=XXPGTfTyRiM,https://i.ytimg.com/vi/XXPGTfTyRiM/mqdefault_live.jpg
4c3cae772e974f8fb8e04f4cc9c8cd8d,upcoming,𝕥  𝕠 𝕚 𝕝 𝕖 𝕥　૮ ◞ ⸝⸝ ◟ ྀིა,2026-02-28T11:10:00Z,https://www.youtube.com/watch?v=jf3JI6zW4iI,https://i.ytimg.com/vi/jf3JI6zW4iI/mqdefault_live.jpg
a5681ed32f994c57a107a0b9248fb228,upcoming,✦ 𝟒/𝟐𝟏~𝟒/𝟐𝟕週表✦,2026-02-28T15:50:00Z,https://www.youtube.com/watch?v=S6eBV3OMN9A,https://i.ytimg.com/vi/S6eBV3OMN9A/mqdefault_live.jpg
99f95450781349058c1c4098d6fe9f41,upcoming,⭐麻里星玥2025情人節周邊⭐ 與你一起過白色情人節! -套組含(流沙磚、水玉光胸章、親簽明信片),2026-03-13T21:20:00Z,https://www.youtube.com/watch?v=VU35M_TpkdE,https://i.ytimg.com/vi/VU35M_TpkdE/mqdefault_live.jpg
5fbcb045887b4a87878773dbf5f63e26,upcoming,【5/5-5/11】神社週表 #八上菟比 #TubiShow,2026-03-15T20:40:00Z,https://www.youtube.com/watch?v=wZ4r0r7eQY0,https://i.ytimg.com/vi/wZ4r0r7eQY0/mqdefault_live.jpg
da189f9d282e4c31a4a8024d11fe368d,upcoming,【雜談】X-煮飯白噪音台-專用聊天室【囧囧龍】,2026-03-17T13:29:00Z,https://www.youtube.com/watch?v=agjwvdENNKQ,https://i.ytimg.com/vi/agjwvdENNKQ/mqdefault_live.jpg
40bb881e52be4d8b9c66a60be89e0504,upcoming,本周周表 05/05~05/11｜Gin ne銀禰💫｜#台灣Vtuber #vtuebr #男性Vtuber #台V #星爆,2026-03-24T16:00:00Z,https://www.youtube.com/watch?v=TVNCXrNvzCY,https://i.ytimg.com/vi/TVNCXrNvzCY/mqdefault_live.jpg
988d1a83ff6c4f82af6be42946987c36,upcoming,【聯盟戰棋】某天開完台就會再開這個台👀｜奇諾可 Chinoko,2026-03-31T15:00:00Z,https://www.youtube.com/watch?v=tA037Vw8VlY,https://i.ytimg.com/vi/tA037Vw8VlY/mqdefault_live.jpg
cdb5c89f61c94949a989457cf549b7e4,upcoming,🦄🌈UNICORN 𝘅 莓芊時戀🌈🦄三星IPHONE手機殼、airpods殼、隨行水杯、行動電源✨現在就把小熊貓帶回家❣❣,2026-04-01T14:45:00Z,https://www.youtube.com/watch?v=Qg5AtLSMmmw,https://i.ytimg.com/vi/Qg5AtLSMmmw/mqdefault_live.jpg
eafb808b078844fdab1d8ed561dbd462,upcoming,周表05/05~05/11❤️流放結束🌟改過自新｜柳葉魚子醬｜#初見歡迎｜#vtuber #台v #台灣vtuber,2026-04-04T09:20:00Z,https://www.youtube.com/watch?v=5HCk2y-V_N8,https://i.ytimg.com/vi/5HCk2y-V_N8/mqdefault_live.jpg
afb80b53c4a543e28eb165f036bc8e4f,upcoming,【Schedule】每周行程表 │ 固定一、四上傳Shorts，二、五中午12點直播 ，不定期突襲直播！│ 喬伊 Joey ✧,2026-04-05T04:00:00Z,https://www.youtube.com/watch?v=EwdPFSmIO4k,https://i.ytimg.com/vi/EwdPFSmIO4k/mqdefault_live.jpg
7cbd1f537c3d4e67b38b9f9e31cb93d6,upcoming,୨〖是周表唷〗❥ 5/5~5/11〖南珂ℕ𝕒𝕟𝕜〗୧,2026-04-11T12:00:00Z,https://www.youtube.com/watch?v=YJrY4zboafI,https://i.ytimg.com/vi/YJrY4zboafI/mqdefault_live.jpg
94595065e7aa498d93067274eb755301,upcoming,【夢娜值班表】05.05~05.11行程表🩷 | 夢娜緹婭MonaTia,2026-04-21T16:05:00Z,https://www.youtube.com/watch?v=9ZqR63HWj-I,https://i.ytimg.com/vi/9ZqR63HWj-I/mqdefault_live.jpg
370f66a57c0341b0adef5bcbad64ff90,upcoming,【公告】5/5~5/11週表,2026-04-27T14:00:00Z,https://www.youtube.com/watch?v=PV00G3ncYzI,https://i.ytimg.com/vi/PV00G3ncYzI/mqdefault_live.jpg
caf08c74dd7b4919bca49eef394d5475,upcoming,［ 05/05 - 05/11 ］莉莉週表,2026-04-27T18:55:00Z,https://www.youtube.com/watch?v=rkHqjfaIU1o,https://i.ytimg.com/vi/rkHqjfaIU1o/mqdefault_live.jpg
46145dc9eaab4a84898468905a4759b0,upcoming,【2025 - 5月 力天使行事曆】【青羽ミ​】,2026-05-01T06:00:00Z,https://www.youtube.com/watch?v=kUnL96Bpsi8,https://i.ytimg.com/vi/kUnL96Bpsi8/mqdefault_live.jpg
c8ef4e3182b74ecd994c837a75624390,upcoming,【週表】火舌的本週行程在這裡！你們也可以在這裡聊天,2026-05-02T13:20:00Z,https://www.youtube.com/watch?v=6p6Aj8pmf4M,https://i.ytimg.com/vi/6p6Aj8pmf4M/mqdefault_live.jpg
07c204505d544b28bb52426d0665a59c,upcoming,🔹 #周表 🔹 5/05~5/11 🔹【幽櫻雪梓SakuraYukizusa】 #新人Vtuber #貨真價食,2026-05-03T15:00:00Z,https://www.youtube.com/watch?v=T1rknCqt7kY,https://i.ytimg.com/vi/T1rknCqt7kY/mqdefault_live.jpg
95e5788cabf340e397e2726def426229,upcoming,【5/5-5/11】直播行程表丨杜邊優妮,2026-05-04T17:50:00Z,https://www.youtube.com/watch?v=6gksOEFPkIg,https://i.ytimg.com/vi/6gksOEFPkIg/mqdefault_live.jpg
fd7a69505569429fb845ac056825f3a9,upcoming,【起司行程表】05/05－05/11🫐🧀Weekly Schedule,2026-05-06T14:35:00Z,https://www.youtube.com/watch?v=g6Ck8eOtZmA,https://i.ytimg.com/vi/g6Ck8eOtZmA/mqdefault_live.jpg
a3ce195c0069494c99849d0b1a10a7fd,upcoming,【本日活動延期！】雲際線PICOPARK2-帶著芳芳的意志前進！#本日圖奇YT雙開｜ #悠白 #Ubye,2026-05-08T12:00:00Z,https://www.youtube.com/watch?v=ZQfES_-MzaQ,https://i.ytimg.com/vi/ZQfES_-MzaQ/mqdefault_live.jpg
f53807443055490f87b85ded6caee0aa,upcoming,【周表】5/12-5/18 | 可樂月月 ColaMoon,2026-05-08T12:45:00Z,https://www.youtube.com/watch?v=PhW1xRsGlV8,https://i.ytimg.com/vi/PhW1xRsGlV8/mqdefault_live.jpg
b3f711673fea4ec5b6f87c023353594d,upcoming,天月麻雀｜快下載來陪茵茵玩｜新手麻將初體驗！搞懂日、台、港、川麻｜艾茵莉思Aynlice｜#天月麻雀 #AmatsukiMahjong #麻將 #麻雀 #vtuber #twvtuber #台V,2026-05-11T21:12:00Z,https://www.youtube.com/watch?v=fcAIw0rftL4,https://i.ytimg.com/vi/fcAIw0rftL4/mqdefault_live.jpg
4d9730dc400443e6b8edb719febd5f46,upcoming,₍ᐢ..ᐢ₎ 阿兔周表 ₍ᐢ..ᐢ₎ 【5/4 ~ 5/10 】❤,2026-05-16T00:50:00Z,https://www.youtube.com/watch?v=cw_tNJl-ciw,https://i.ytimg.com/vi/cw_tNJl-ciw/mqdefault_live.jpg
1eec022f916a46b58f5124936afdabe3,upcoming,【WEEKLY SCHEDULE】05.05 - 05.11 🌵｜ 珂卡 Quokka🎗️,2026-05-20T10:05:00Z,https://www.youtube.com/watch?v=OSfeHSlDo2Q,https://i.ytimg.com/vi/OSfeHSlDo2Q/mqdefault_live.jpg
a188f157d0384e0db5ae73605240d68b,upcoming,0505-0511｜這禮拜有四天不在家,2026-05-25T16:00:00Z,https://www.youtube.com/watch?v=QCWL48qWt9M,https://i.ytimg.com/vi/QCWL48qWt9M/mqdefault_live.jpg
a42c38cc7c0b4812b9bc79ab5f2d84f3,upcoming,(時間未定)【從0開始做視覺小說遊戲|#00】🎬前導集|先用Project Aphotic當例子來做一點經驗分享吧🖥️ #MuYouAwake,2026-06-11T08:00:00Z,https://www.youtube.com/watch?v=6TXmGwuUA9c,https://i.ytimg.com/vi/6TXmGwuUA9c/mqdefault_live.jpg
20aa88e16d77400b9bc4e72df1b2a588,upcoming,【周表】WEEEEEEEE｜若禾Nyaka #初見歡迎 #vtuber,2026-06-24T12:00:00Z,https://www.youtube.com/watch?v=TxSky6JOZM0,https://i.ytimg.com/vi/TxSky6JOZM0/mqdefault_live.jpg
a42c38cc7c0b4812b9bc79ab5f2d84f3,upcoming,(時間未定)【RPY製作筆記|#02】🛠️把Project Aphotic.Demo版拆開看看吧🛠️,2026-07-04T11:35:00Z,https://www.youtube.com/watch?v=YOqda0drhXs,https://i.ytimg.com/vi/YOqda0drhXs/mqdefault_live.jpg
1525e7221c00410886c8df3cdaab176e,upcoming,4/28~5/4周表,2026-08-30T22:25:00Z,https://www.youtube.com/watch?v=BU_a3YCTywo,https://i.ytimg.com/vi/BU_a3YCTywo/mqdefault_live.jpg
2f607aefde1d4264814d4e9282dd5cb0,upcoming,【立旗500訂閱】靜靜的不說話....等待時機來臨的那天★｜一顆糖💣,2026-12-04T13:00:00Z,https://www.youtube.com/watch?v=YGjoBhW1uKY,https://i.ytimg.com/vi/YGjoBhW1uKY/mqdefault_live.jpg
f48eb9c6edaa4e45b2a1ebad1e9304ff,upcoming,不定期配信中🍺,2026-12-19T23:15:00Z,https://www.youtube.com/watch?v=C_Umsp3_oyc,https://i.ytimg.com/vi/C_Umsp3_oyc/mqdefault_live.jpg
e3451dd6f3c0444c888eb6f67704613a,upcoming,【雪鯨的活動指南】聽說雪鯨會在這時間出沒，希望能與雪鯨留下美好回憶 💙【#亞雪｜Ashe】,2026-12-21T13:00:00Z,https://www.youtube.com/watch?v=uavC2oYxAAw,https://i.ytimg.com/vi/uavC2oYxAAw/mqdefault_live.jpg
accbad7e89df4174a13b68edcae74068,upcoming,【週表】𝟘𝟝/𝟘𝟝-𝟘𝟝/𝟙𝟙🐳 小鯨日程表與日常聊天室，人類你要回來陪我了嗎？ 【神子澤小鯨／芥川組】,2026-12-28T16:29:00Z,https://www.youtube.com/watch?v=MqbtaE6Y7XE,https://i.ytimg.com/vi/MqbtaE6Y7XE/mqdefault_live.jpg
8796ee6fb25b4b40a8ad9a188059951a,upcoming,☁️0505-0511本週週表☁️僅供參考🩵,2026-12-30T23:00:00Z,https://www.youtube.com/watch?v=oZlXqij2-XA,https://i.ytimg.com/vi/oZlXqij2-XA/mqdefault_live.jpg
9124a5ccacc44fb68b5b1d5697e3fb90,upcoming,【周表】忘憂茶齋開店時間| 瑟格羲💜🍵,2026-12-31T11:25:00Z,https://www.youtube.com/watch?v=tbr4C74evOU,https://i.ytimg.com/vi/tbr4C74evOU/mqdefault_live.jpg
a39733d216994010b34bf5033be01589,upcoming,給你們看本周的行程表｜珂賽特Cosette,2026-12-31T12:00:00Z,https://www.youtube.com/watch?v=rcXe5j6F5v8,https://i.ytimg.com/vi/rcXe5j6F5v8/mqdefault_live.jpg
8ae0f370cf124faa953a09089a427fd9,upcoming,【雜談】#Ｎ 軍旅回憶🇹🇼🪖🫡,2027-01-01T12:00:00Z,https://www.youtube.com/watch?v=xf3KREVrtIE,https://i.ytimg.com/vi/xf3KREVrtIE/mqdefault_live.jpg
6dc75ab227e34c928598bde8f2d324bf,upcoming,【週表】0505-0511 🦁️,2027-01-22T13:00:00Z,https://www.youtube.com/watch?v=6GmYdMmB6jI,https://i.ytimg.com/vi/6GmYdMmB6jI/mqdefault_live.jpg
4c3e3e5338ae44feae581bbdffa8b811,upcoming,2025.05.05 — 05.11 周表,2027-01-22T17:23:00Z,https://www.youtube.com/watch?v=_tBjRDG6M2M,https://i.ytimg.com/vi/_tBjRDG6M2M/mqdefault_live.jpg
a4e31a26718d42d692f6613fafb810f5,upcoming,[imagineDR] TIMETABLE,2027-02-18T15:46:19Z,https://www.youtube.com/watch?v=cs6U96mrywI,https://i.ytimg.com/vi/cs6U96mrywI/mqdefault_live.jpg
0ab147ded84b484eac14de7a46c9cf4e,upcoming,【週表放置區】0505 - 0511,2027-02-27T16:40:00Z,https://www.youtube.com/watch?v=tjOd8YJutS0,https://i.ytimg.com/vi/tjOd8YJutS0/mqdefault_live.jpg
8faff7aecb9d4e12917ea0144696e2de,upcoming,【✧週計畫表✧】05/05－05/11的計劃表在這裡優✨【黑薔薇優璃愛】,2027-02-27T22:50:00Z,https://www.youtube.com/watch?v=F3J0V7_88Is,https://i.ytimg.com/vi/F3J0V7_88Is/mqdefault_live.jpg
1c6ebd51e0fc4ebab88347e853335c87,upcoming,【每週安排】5/5-5/11 💞本週挑戰日文歌！還有超慢跑台一起努力【舒穆祿梅緋／芥川組】,2027-02-28T14:00:00Z,https://www.youtube.com/watch?v=fsId7L36mUU,https://i.ytimg.com/vi/fsId7L36mUU/mqdefault_live.jpg
8a0b024373544f31b54e5a6cadb124dc,upcoming,【哈魯週表】250505-250511 | Haru 哈魯 🦴💜,2027-02-28T15:59:00Z,https://www.youtube.com/watch?v=cZtDIZ--lDs,https://i.ytimg.com/vi/cZtDIZ--lDs/mqdefault_live.jpg
2a3824dd5c0a46f597b27dd183283aea,upcoming,【繭眠的本周時間表】04/28～05/04,2027-03-01T06:40:00Z,https://www.youtube.com/watch?v=66TIlT4dFrg,https://i.ytimg.com/vi/66TIlT4dFrg/mqdefault_live.jpg
81699719ffc04e4e92bb3207ab8a7a83,upcoming,【週表】演出時間!! NEON逆恩,2027-03-02T22:45:00Z,https://www.youtube.com/watch?v=cxXbAqqm4iA,https://i.ytimg.com/vi/cxXbAqqm4iA/mqdefault_live.jpg
675071ddbd4844119d341bbfd6a0ee2a,upcoming,【#週表】5/5~5/11 記得跟愛你的媽媽說聲辛苦了！🤖🔌 #伊莉西亞Alicia,2027-03-03T13:50:00Z,https://www.youtube.com/watch?v=J8QJmH6n1OI,https://i.ytimg.com/vi/J8QJmH6n1OI/mqdefault_live.jpg
3cf7289a95834ae1a25d4cb2909a1a9e,upcoming,這東西是乖乖是不是？？？？YT大人求求了別卡了我難得放假讓我說個話吧我真的很那個(省略100字)꙳⭑歐伊•綺雅絲米的綠色乖乖,2027-03-06T11:45:00Z,https://www.youtube.com/watch?v=JsjIS9SeyvU,https://i.ytimg.com/vi/JsjIS9SeyvU/mqdefault_live.jpg
9ad37d3249e24861bc8cb84368883258,upcoming,【Free Chat】慣用手受傷暫休中(可能)  _夏賀円那｜MEPay魔儲 #初見さん大歓迎 #初見歡迎 #台灣Vtuber,2027-03-08T05:05:00Z,https://www.youtube.com/watch?v=3jZRXc6YDqU,https://i.ytimg.com/vi/3jZRXc6YDqU/mqdefault_live.jpg
dc0868efeac540bfac9b383bd65a82e6,upcoming,5/5~5/11✨weekly schedule◈RuckyデPON樂奇◈不肯認輸第九周 #台V #新人Vtuber,2027-03-10T07:10:00Z,https://www.youtube.com/watch?v=Nj3kAKcj11k,https://i.ytimg.com/vi/Nj3kAKcj11k/mqdefault_live.jpg
e93182ff3a954e0e92567136dc3659ed,upcoming,【4/28~5/4 本週週表來囉】  #新人Vtuber #vtuber  #玖玖乘法表,2027-03-10T08:50:00Z,https://www.youtube.com/watch?v=T5-ceLLz_FM,https://i.ytimg.com/vi/T5-ceLLz_FM/mqdefault_live.jpg
ac1ce1eeaffa4e58a8155c20d8f85ff3,upcoming,【周表】 |  玥華Getsuka,2027-03-12T17:50:00Z,https://www.youtube.com/watch?v=S0pLdEQvF1U,https://i.ytimg.com/vi/S0pLdEQvF1U/mqdefault_live.jpg
3a8fe50b02d04b45af3974ed979c52eb,upcoming,周表存放區｜露比艾比,2027-03-23T12:20:00Z,https://www.youtube.com/watch?v=ro0Ekgl9deg,https://i.ytimg.com/vi/ro0Ekgl9deg/mqdefault_live.jpg
1225d23bc1814140bc0093c1407f06b3,upcoming,本週週表,2027-03-25T15:35:00Z,https://www.youtube.com/watch?v=6MuLzMjKYXM,https://i.ytimg.com/vi/6MuLzMjKYXM/mqdefault_live.jpg
c61d5dd825d5423fac8fd1bc0596d1ff,upcoming,【週表】火吻怪盜卡門 Show Time!  @firekiss0418,2027-03-30T16:20:00Z,https://www.youtube.com/watch?v=yqAVmA2NSh8,https://i.ytimg.com/vi/yqAVmA2NSh8/mqdefault_live.jpg
9099b86c3fe84a138b0bc1f258bca138,upcoming,【週行程】5/5~5/11 週行程公佈欄，邀約請至推特或DC私訊【千羽哮月 / 個人勢Vtuber】,2027-03-31T08:50:00Z,https://www.youtube.com/watch?v=645-EnxE2CI,https://i.ytimg.com/vi/645-EnxE2CI/mqdefault_live.jpg
e0823adb7a574647b6e395e70038509d,upcoming,周表!!!!!,2027-03-31T12:10:00Z,https://www.youtube.com/watch?v=i0S5etaOeZM,https://i.ytimg.com/vi/i0S5etaOeZM/mqdefault_live.jpg
4e4409ece7ee4c99b122c637919f70a5,upcoming,【週表】03/23 - 03/29,2027-04-01T06:45:00Z,https://www.youtube.com/watch?v=wCPWy_-uqc0,https://i.ytimg.com/vi/wCPWy_-uqc0/mqdefault_live.jpg
fceadce7c37f4cc08bc747aa79c3cf9e,upcoming,【#周表】周表及自由聊天室【長嶋蕾】,2027-04-06T14:00:00Z,https://www.youtube.com/watch?v=3LRqZNFUMjA,https://i.ytimg.com/vi/3LRqZNFUMjA/mqdefault_live.jpg
bd16ea1e11d9475eb53a108ba90ea6a3,upcoming,【YT/twitch開台 預定安排】今晚2130MH荒野 要農鎧玉 😇【星合 豊 &  ゆたか/澳門VTuber 】,2027-04-15T10:30:00Z,https://www.youtube.com/watch?v=Nw0IcwwuOCc,https://i.ytimg.com/vi/Nw0IcwwuOCc/mqdefault_live.jpg
6ac39c9c814e4dfe9c2294345a2a3e9c,upcoming,霓的開台行程表  #vtuber #台v #週表,2027-04-17T07:05:00Z,https://www.youtube.com/watch?v=-kqcuK18fEA,https://i.ytimg.com/vi/-kqcuK18fEA/mqdefault_live.jpg
626750f4e7a745619c171c44fb1efcc0,upcoming,【ASMR】每週日晚上23:30 療癒你的身心療癒型ASMR給你一夜好眠【天使Vtuber小雪Yukichan】#台灣Vtuber #Vtuber,2027-04-17T14:30:00Z,https://www.youtube.com/watch?v=b0vzyZtQuLo,https://i.ytimg.com/vi/b0vzyZtQuLo/mqdefault_live.jpg
5e98938ba0624235863dd2af8017fbe6,upcoming,【#塔塔招財中】5/5~5/11 本周的蹦跳時間！ | 崎塔 Chita,2027-04-18T14:05:00Z,https://www.youtube.com/watch?v=JAzDEWJN8LM,https://i.ytimg.com/vi/JAzDEWJN8LM/mqdefault_live.jpg
6baf9b6a84a44ab3a6979d98bff7ee21,upcoming,【週表】 5/05-05/11 | ❆ 諾の魔法少女出勤日！,2027-04-19T16:00:00Z,https://www.youtube.com/watch?v=Od2Sczr6wmw,https://i.ytimg.com/vi/Od2Sczr6wmw/mqdefault_live.jpg
7aba821c721e45bcb3d113652e9e8fb2,upcoming,【週表】熊熊出沒日☀️05/05~05/11,2027-04-20T15:15:00Z,https://www.youtube.com/watch?v=q5bBqi8DUc8,https://i.ytimg.com/vi/q5bBqi8DUc8/mqdefault_live.jpg
03762df738044b09a1e216949158c8a4,upcoming,【週表放置處】Free Chat 030【涅波絲姬 Neboskey】,2027-04-25T12:00:00Z,https://www.youtube.com/watch?v=gW1_KvK6ZX0,https://i.ytimg.com/vi/gW1_KvK6ZX0/mqdefault_live.jpg
46e494bf06c640da95ad1b0b81631d98,upcoming,【週表05/05~05/11】歐買尬都!!有週表耶!!,2027-04-26T16:00:00Z,https://www.youtube.com/watch?v=Y6OkdVbyNX0,https://i.ytimg.com/vi/Y6OkdVbyNX0/mqdefault_live.jpg
2d3604fab1b34dc4a8639a7d1fbeddf2,upcoming,5/05~5/11 佛比登酒館營業時間表【里森】,2027-04-27T13:00:00Z,https://www.youtube.com/watch?v=_jlSfsPq_q0,https://i.ytimg.com/vi/_jlSfsPq_q0/mqdefault_live.jpg
38ecb20931514383b2d93885136c6b68,upcoming,【#這週繪幹嘛 】每周周表 #FREECHAT【極彩天繪】#vtuber,2027-04-29T16:20:00Z,https://www.youtube.com/watch?v=b_DuLjYoLzg,https://i.ytimg.com/vi/b_DuLjYoLzg/mqdefault_live.jpg
2463286fd3154219afa631c73d178147,upcoming,please read description 請看説明欄,2027-04-29T18:10:00Z,https://www.youtube.com/watch?v=O-K0T6EZm7A,https://i.ytimg.com/vi/O-K0T6EZm7A/mqdefault_live.jpg
a76c19e10aa4463f92f0d2e0f30ab84a,upcoming,【週表】05/05~05/11【多兒蒂奈Duodenai】,2027-04-29T18:25:00Z,https://www.youtube.com/watch?v=7PsneKntpV4,https://i.ytimg.com/vi/7PsneKntpV4/mqdefault_live.jpg
0715c3b900ad423fa1b981cf4fc15c8f,upcoming,《周表快訊》04/27~05/03的週表上架~FANART強烈募集中!!!!,2027-04-29T23:00:00Z,https://www.youtube.com/watch?v=vdL-vjtEZOw,https://i.ytimg.com/vi/vdL-vjtEZOw/mqdefault_live.jpg
0715c3b900ad423fa1b981cf4fc15c8f,upcoming,《周表快訊》04/27~05/03的週表上架~想讓蘿湊直播的題材貼聊天室~,2027-04-29T23:05:00Z,https://www.youtube.com/watch?v=JJZBNkhjGow,https://i.ytimg.com/vi/JJZBNkhjGow/mqdefault_live.jpg
7e9fc4a1ccc7445182bb3c5264d99187,upcoming,【周表】5/12~5/16,2027-04-30T02:50:00Z,https://www.youtube.com/watch?v=EuJOPkOEXYE,https://i.ytimg.com/vi/EuJOPkOEXYE/mqdefault_live.jpg
869d9d9067b64dd78418cc258cb6607b,upcoming,我是周表( •̀ ω •́ )✧,2027-04-30T04:00:00Z,https://www.youtube.com/watch?v=gnSDD_iwNbA,https://i.ytimg.com/vi/gnSDD_iwNbA/mqdefault_live.jpg
ffe3f2e400ab4237ac873ae9d5a0eda4,upcoming,琪露這周要幹嘛【奇露琪露 Kirukiru】,2027-04-30T11:00:00Z,https://www.youtube.com/watch?v=ZBjAyprq1Bo,https://i.ytimg.com/vi/ZBjAyprq1Bo/mqdefault_live.jpg
41e1aa0eab8d4ec5a4010833581f5b92,upcoming,週表放置,2027-04-30T13:25:00Z,https://www.youtube.com/watch?v=4YnG3h7Op-c,https://i.ytimg.com/vi/4YnG3h7Op-c/mqdefault_live.jpg
8b69d6c508194b93b14fc056038160ab,upcoming,【2025週表】4.21-4.28 心經結束啦！,2027-04-30T15:00:00Z,https://www.youtube.com/watch?v=aFYtXuhKqXg,https://i.ytimg.com/vi/aFYtXuhKqXg/mqdefault_live.jpg
4fd17e8877024633876c5d85bc81e56b,upcoming,【週表】阿光本週開台時間: 4/21~4/27【Atama Hikari光頭】 #台V #vtuber,2027-04-30T15:45:00Z,https://www.youtube.com/watch?v=A1vewsksQas,https://i.ytimg.com/vi/A1vewsksQas/mqdefault_live.jpg
b5561ece0c9b4f4a8fccdd3b36ee3260,upcoming,艾提週表,2027-04-30T15:45:00Z,https://www.youtube.com/watch?v=L7NTxJ16bq8,https://i.ytimg.com/vi/L7NTxJ16bq8/mqdefault_live.jpg
0f47fc0a871843cb8bff547164959e59,upcoming,【Schedule】捕捉小公主👑【夏蘿 Chero】,2027-04-30T15:45:00Z,https://www.youtube.com/watch?v=elmHPEJ3Wn4,https://i.ytimg.com/vi/elmHPEJ3Wn4/mqdefault_live.jpg
4f5a88e0193a4c948f7e84c56303db82,upcoming,【週表】❄️05/05-05/11❄️  #昭昭幕幕 #螢窗雪案,2027-04-30T15:45:00Z,https://www.youtube.com/watch?v=25_UdW7vgQA,https://i.ytimg.com/vi/25_UdW7vgQA/mqdefault_live.jpg
126103200de947a7a3c2ac3971eef633,upcoming,🍓莉主播的直播行程(週一、二、四、五早上7:00 周六 晚上9:00),2027-04-30T18:45:00Z,https://www.youtube.com/watch?v=P1olrhUla90,https://i.ytimg.com/vi/P1olrhUla90/mqdefault_live.jpg
12d506583827419e9eb3b64ec551a94d,upcoming,2024年 5月 【周表】 5～11號,2027-05-04T12:15:00Z,https://www.youtube.com/watch?v=Kd6-8WcxlDE,https://i.ytimg.com/vi/Kd6-8WcxlDE/mqdefault_live.jpg
a0ac84f84b914c21acf669844a163436,upcoming,▿▿▿【沃竅❖周表】▿▿▿,2027-05-31T12:35:00Z,https://www.youtube.com/watch?v=sgu_W1b_m3M,https://i.ytimg.com/vi/sgu_W1b_m3M/mqdefault_live.jpg
5862e8e7c5fd4261af093cec20b40300,upcoming,(*∩´꒳`∩*)💜,2027-12-31T04:00:58Z,https://www.youtube.com/watch?v=1mQjzXl603Q,https://i.ytimg.com/vi/1mQjzXl603Q/mqdefault_live.jpg