VTuber ID,Video Type,Title,Publish Time,URL,Thumbnail URL
4071b27c63424e1f9882ebe04a884586,live,✧ ˖ 05/06 ˖ ✧ 喉嚨好痛 跟我一起看影片 | !情人節 | @snowwolf0627,2025-05-05T07:30:43Z,https://www.twitch.tv/snowwolf0627,https://static-cdn.jtvnw.net/previews-ttv/live_user_snowwolf0627-{width}x{height}.jpg
fe1abd28f3114015ac31ae1821e8dd3f,live,【24小時加班接力】我愛工作...我愛工作... #talking #穆克蕗 #預見娛樂｜穆克蕗 @mukuru_vtuber,2025-05-05T15:45:41Z,https://www.twitch.tv/mukuru_vtuber,https://static-cdn.jtvnw.net/previews-ttv/live_user_mukuru_vtuber-{width}x{height}.jpg
7a570b5273ae4e359a6491aba1313011,live,【可洛依】 ✦ 5/6 ✦ 面試回來了 其實真的很不錯 只是要想清楚  ♡ 拼紫勾歡迎掛台 ♡  | @chloelancemay |,2025-05-05T16:03:55Z,https://www.twitch.tv/chloelancemay,https://static-cdn.jtvnw.net/previews-ttv/live_user_chloelancemay-{width}x{height}.jpg
76165d25983b463eaa1da66c86a32b7c,live,【日常】睡著又起來的夜彩  @yorurovtuber 【靛之森Ainomori】|【夜彩Yoruro】可用7TV貼圖 感謝揪團: @Brian8787xd,2025-05-05T20:26:51Z,https://www.twitch.tv/yorurovtuber,https://static-cdn.jtvnw.net/previews-ttv/live_user_yorurovtuber-{width}x{height}.jpg
887b37336c9c4730809ace8b5e38df17,live,戀愛？喵的...🩷我暈船了 (◍•ᴗ•◍)❤｜🎀自主訂閱救援露‿✦ !MP !魔法工坊,2025-05-05T22:05:59Z,https://www.twitch.tv/isyourlulu,https://static-cdn.jtvnw.net/previews-ttv/live_user_isyourlulu-{width}x{height}.jpg
bf03fd8b5b55481590ea63338c5cdd20,live,5/6 加班Day126 楓之谷Artale再啟 !加班 !週邊 / RO巴基利 / 揪團10人+2分 / !DC / @komorikuma_vtuber,2025-05-05T22:30:04Z,https://www.twitch.tv/komorikuma_vtuber,https://static-cdn.jtvnw.net/previews-ttv/live_user_komorikuma_vtuber-{width}x{height}.jpg
6c7336d4605540c6871de5f96874129c,live,♡ o5.o6.₊  要一起打遊戲嗎 |四周年周邊預購♡ |!活動 !簽到 | @mibao1013,2025-05-05T22:43:34Z,https://www.twitch.tv/mibao1013,https://static-cdn.jtvnw.net/previews-ttv/live_user_mibao1013-{width}x{height}.jpg
572c03fa49b54d4b95935321b4722b68,live,稍微來刷存在喵~ ｜ 不是歌回的 Cover Song 鑑賞 ft. @ChiwaBots ｜ !指令 !簽到 !好感度 (!點數),2025-05-06T00:00:00Z,https://www.twitch.tv/chiwa1024,https://static-cdn.jtvnw.net/previews-ttv/live_user_chiwa1024-{width}x{height}.jpg
1f455594561b421da20dde10d1540981,live,【楓棠兒】我後悔說要開早餐魔物台ㄌzzz..... | !手做餅乾 !魔儲 !簽到 !LINE動圖 !vip !稽查 | 自主訂閱努力中 | 真真戒髒話Day2,2025-05-06T02:00:18Z,https://www.twitch.tv/maplesyrup_0726,https://static-cdn.jtvnw.net/previews-ttv/live_user_maplesyrup_0726-{width}x{height}.jpg
a9396c8dd95e43b29c694b14afa07ac4,live,掛崩崩｜在吃飯讓腿來播｜課金參考dc群💰『儲值專區྾♧』❦｜乾爹斗錢錢，涅米嘴甜甜,2025-05-06T02:26:35Z,https://www.twitch.tv/mihiru0110,https://static-cdn.jtvnw.net/previews-ttv/live_user_mihiru0110-{width}x{height}.jpg
3a932cc8813343b6bb5d822cb2f53558,live,【 娜歐蜜 @naomi_vtuber 】5/6 - zzz｜好茄寶必買茄子動態鼠標｜!2.0 !生日週邊,2025-05-06T03:13:10Z,https://www.twitch.tv/naomi_vtuber,https://static-cdn.jtvnw.net/previews-ttv/live_user_naomi_vtuber-{width}x{height}.jpg
3809ec8a42634d11aa1b7b8f99755c6a,live,【花花】5/6 obs 好像好了   !預購花T   貼紙上架!  | !委託 | !周邊 | !LINE貼圖,2025-05-06T05:00:38Z,https://www.twitch.tv/mayberuu,https://static-cdn.jtvnw.net/previews-ttv/live_user_mayberuu-{width}x{height}.jpg
08a612f1ecf84b619a8899a5caed28c1,live,【５月耐久配信⚡】忠誠點掛台、１２ｈｒ🍊加班第五天，狂怒卯咪還在菜😿🍁 YT Ｖ朋降落就＋３０分鐘😼✨｜!dc !周邊 @nerukozwz,2025-05-06T05:04:28Z,https://www.twitch.tv/nerukozwz,https://static-cdn.jtvnw.net/previews-ttv/live_user_nerukozwz-{width}x{height}.jpg
4eddb3c50fd84042a1d5a4be600fbb5e,live,【雜】隨便玩玩晚點要出門！周邊抽獎進行中！ !簽到  #菲菲冒險中 #Vtuber,2025-05-06T05:04:31Z,https://www.twitch.tv/sylphainsel,https://static-cdn.jtvnw.net/previews-ttv/live_user_sylphainsel-{width}x{height}.jpg
7c96bbca1c184d70a39ef2a65a0d788c,live,5/6 晚上20:00有聯動喔 ✧*｡٩(ˊᗜˋ*)و✧*｡,2025-05-06T05:16:43Z,https://www.twitch.tv/madwolf0126,https://static-cdn.jtvnw.net/previews-ttv/live_user_madwolf0126-{width}x{height}.jpg
7754a4ea82814b7fbbecfcf459382001,live,【✿阿咪老蘇✿】5/6 ✤端午節限定皮熱賣中✤ !愛阿咪 !阿咪愛我 | 跟好久不見的草哥PLAY 今天吃飽飽捏 好開心  ꒰ꈍ•́꒳•̀ꈍ꒱ @qmi_uwumai613,2025-05-06T06:23:55Z,https://www.twitch.tv/qmi_uwumai613,https://static-cdn.jtvnw.net/previews-ttv/live_user_qmi_uwumai613-{width}x{height}.jpg
d4cd6eee95774ca389aebf3e783a8cd8,live,5/6  要相信自己的運氣!!,2025-05-06T07:12:50Z,https://www.twitch.tv/auspiciousfox,https://static-cdn.jtvnw.net/previews-ttv/live_user_auspiciousfox-{width}x{height}.jpg
f36c774fbf4847e1afdf66a1e4806ea3,live,【0506】• 楓之谷下不了 只好繼續戰旗了 // 3.0集資正式開始！ // !簽到 !賭博,2025-05-06T07:17:42Z,https://www.twitch.tv/rivia1122,https://static-cdn.jtvnw.net/previews-ttv/live_user_rivia1122-{width}x{height}.jpg
e18c43e19e9b4fc8af0cdc24c33ae476,live,05/06 | 觀眾場 看我可以一天練多久 加班Day54 !dc !加班 |感謝掛台<3 音量留10%,2025-05-06T07:27:40Z,https://www.twitch.tv/hedgehog259,https://static-cdn.jtvnw.net/previews-ttv/live_user_hedgehog259-{width}x{height}.jpg
619f48c4546c481bbc52aadc12c3e48f,live,✦Apex✦ 5.06｜喵喵啾啾啾!!!｜!指令 !賭松果｜ @ritta_tta,2025-05-06T07:45:09Z,https://www.twitch.tv/ritta_tta,https://static-cdn.jtvnw.net/previews-ttv/live_user_ritta_tta-{width}x{height}.jpg
c2b9638d8dd54888a91caa8a67366907,live,【ꜱᴀᴋᴜʀɪɴ】生理期陣亡 | 同接努力中 | !mepay魔儲 | @sakurin0617,2025-05-06T07:49:57Z,https://www.twitch.tv/sakurin0617,https://static-cdn.jtvnw.net/previews-ttv/live_user_sakurin0617-{width}x{height}.jpg
a9f28d3e3d2a4ecb93ff10955be791d1,live,【宵Yoruno】休假歸來，等等8點一起伐屍大隊 !asmr !dc !手機殼,2025-05-06T08:43:45Z,https://www.twitch.tv/yoruno_moonlit,https://static-cdn.jtvnw.net/previews-ttv/live_user_yoruno_moonlit-{width}x{height}.jpg
bf277797951346fe991c27c79a6c5081,live,05/06【白兔】中華最近不穩 明天陪我天月麻雀嗎｜ @rabbit1102 ｜,2025-05-06T08:55:36Z,https://www.twitch.tv/rabbit1102,https://static-cdn.jtvnw.net/previews-ttv/live_user_rabbit1102-{width}x{height}.jpg
59e3094256344f8c83a3f4355b8b667b,live,【夜羽璃玥】⚝0506⚝今天是我生日!!!加班台啟動!!!｜指令在底下資訊欄｜ @liyueh0506,2025-05-06T09:00:19Z,https://www.twitch.tv/liyueh0506,https://static-cdn.jtvnw.net/previews-ttv/live_user_liyueh0506-{width}x{height}.jpg
310862830fb648b78cca7e581e2622a7,live,♦ 2025.05.06 ♦ 小亞待人都是一片真心【驢子鎮RP】｜ @ayaakahane ｜!勞動加班 !RP人設 !周邊 !3D紀念鼠標【赤羽亞矢】,2025-05-06T09:01:20Z,https://www.twitch.tv/ayaakahane,https://static-cdn.jtvnw.net/previews-ttv/live_user_ayaakahane-{width}x{height}.jpg
6bd49f94afb144e995247388ca8c42a8,live,【橙Yuzumi】雖然但是對｜ @yuzumi_neon !手機殼 !LINE貼圖,2025-05-06T09:15:32Z,https://www.twitch.tv/yuzumi_neon,https://static-cdn.jtvnw.net/previews-ttv/live_user_yuzumi_neon-{width}x{height}.jpg
8bf35c3b9a9e461d825a9170555b71c2,live,2025楓之谷新手上路 !FB !YT !通販 !LINE !DC 中文/Eng/日本語,2025-05-06T09:16:31Z,https://www.twitch.tv/reirei_neon,https://static-cdn.jtvnw.net/previews-ttv/live_user_reirei_neon-{width}x{height}.jpg
89036aadc62d496aa73c0a0076d67f41,live,【加班台Day250】巧克團!【紅葉谷いつき】!加班 !DC,2025-05-06T09:25:35Z,https://www.twitch.tv/ooouuo,https://static-cdn.jtvnw.net/previews-ttv/live_user_ooouuo-{width}x{height}.jpg
2a20316d245d406193331300bb44fdec,live,【加班台Day 26】5/6 重開直播 !加班 !斗內 !入場券 !旅費 ✞,2025-05-06T09:30:15Z,https://www.twitch.tv/cocoroshiya,https://static-cdn.jtvnw.net/previews-ttv/live_user_cocoroshiya-{width}x{height}.jpg
698d1cca0e1f417892c954dabe0aacf8,live,【麥塊日常】我們還能不能能不能再見面♡ 5/6 @mashiro_yukinoshita @dukabebe @tsukiiiiid,2025-05-06T09:32:48Z,https://www.twitch.tv/mashiro_yukinoshita,https://static-cdn.jtvnw.net/previews-ttv/live_user_mashiro_yukinoshita-{width}x{height}.jpg
7a160bd129144664804dd3fc08fceeb1,live,[兔森] Artale 繁中服  day7 5/6 | @usamori  | 喜歡的話幫我按個追隨~5%音量幫我掛台(ﾉ>ω<)ﾉ,2025-05-06T09:32:51Z,https://www.twitch.tv/usamori,https://static-cdn.jtvnw.net/previews-ttv/live_user_usamori-{width}x{height}.jpg
19234cc590224c45912a14487f756dc5,live,5/6【今天沒運動】很多人among us |!鴿子鴿子 !綠界會員 !生日周邊,2025-05-06T09:36:12Z,https://www.twitch.tv/venomdianh,https://static-cdn.jtvnw.net/previews-ttv/live_user_venomdianh-{width}x{height}.jpg
c17ad3ef81904c26982024c9af1f0f3a,live,🍑現在是各位的放工時間嗎 0506🍑最近米哈魯打工賺錢錢中，直播頻率會降低很多，YT仍然偶爾有影片｜米哈魯加班台詳情 !mr🍑,2025-05-06T10:00:40Z,https://www.twitch.tv/kannazukimiharu,https://static-cdn.jtvnw.net/previews-ttv/live_user_kannazukimiharu-{width}x{height}.jpg
4d01ec47d0804a47a9fef6d9d01d9c29,live,我發現我一直做一件很無聊的事情我就會記得開台 @0_MeeMu_0,2025-05-06T10:02:19Z,https://www.twitch.tv/0_meemu_0,https://static-cdn.jtvnw.net/previews-ttv/live_user_0_meemu_0-{width}x{height}.jpg
4e5f0c7c5f1f49c2b1d249b10225cabb,live,【劉小魚🎮】來打殭屍!Ft.很多人🩵 | 減班抽獎活動進行中 | @test40228 !減班抽獎 !計畫 !推特 !IG !DC !指令,2025-05-06T10:08:16Z,https://www.twitch.tv/test40228,https://static-cdn.jtvnw.net/previews-ttv/live_user_test40228-{width}x{height}.jpg
36beb36f581f44d393dcf0af2b194789,live,【沃夫曼】5/6 趁MS還能提供一點情緒價值的時候...,2025-05-06T10:39:24Z,https://www.twitch.tv/lswoofman,https://static-cdn.jtvnw.net/previews-ttv/live_user_lswoofman-{width}x{height}.jpg
4d96aeef13f949e19026682e337db138,live,【芮德G碧露】5/6  北七荒野開了2個小時 終於開起來了 | 旗袍4.0募資中~| !魔儲,2025-05-06T10:40:04Z,https://www.twitch.tv/redgreenbluee,https://static-cdn.jtvnw.net/previews-ttv/live_user_redgreenbluee-{width}x{height}.jpg
fdb0805c65e24f13b7f23e50e0db8ae2,live,🔴【陪伴台】觀眾場++ 今天開到半夜❤ Mycard 3000、$1000獎金、生日周邊等抽獎開跑 ฅ•ω•ฅ ✧ @lunymeow_tw ┊♡ 拚紫勾感謝掛台 ✧加班台D159,2025-05-06T10:49:50Z,https://www.twitch.tv/lunymeow_tw,https://static-cdn.jtvnw.net/previews-ttv/live_user_lunymeow_tw-{width}x{height}.jpg
3b7dac5e2bdb4c08a139e18ef7f6f7e5,live,LOL TIME~~  @rk2451  歡迎兌換觀眾場唷~ 新指令:!愛奈寶 !週年 !打 /new commands :!shoot !lovecatboy,2025-05-06T10:51:42Z,https://www.twitch.tv/asahina_yuuto,https://static-cdn.jtvnw.net/previews-ttv/live_user_asahina_yuuto-{width}x{height}.jpg
ca4210c7562b479cb3af76082fb70fcd,live,5/6【亞希】好耶今天是紀念感謝唱聊台~ 隨時會翻車~應該是小開(#| 感覺有離勾勾越來越近了~! 非常感謝大家的掛台~!| !月表,2025-05-06T10:55:49Z,https://www.twitch.tv/sennna_aki,https://static-cdn.jtvnw.net/previews-ttv/live_user_sennna_aki-{width}x{height}.jpg
8b027d3a3f374c9c8398b6dd751e5018,live,5/6 驢子Donkeys 安在笙 Day27 明天晚上9點新形象公布>__< 邁向30惹｜!周邊兌換 !人設 !夕拾,2025-05-06T10:57:12Z,https://www.twitch.tv/lisheng_tw,https://static-cdn.jtvnw.net/previews-ttv/live_user_lisheng_tw-{width}x{height}.jpg
72a83f60773546dba886008320809d70,live,0506【唱歌聊天】不是我下週是泰國雨季欸！ 指令： !表單 !歌單 !耳機,2025-05-06T11:00:16Z,https://www.twitch.tv/yedda970,https://static-cdn.jtvnw.net/previews-ttv/live_user_yedda970-{width}x{height}.jpg
350b440f9436415c8499526d4c6f3dfd,live,TFT ☾ 又要回到忙碌生活狀態了QQ  | @zami0707  | !twitter !魔儲 #初見歡迎,2025-05-06T11:00:21Z,https://www.twitch.tv/zami0707,https://static-cdn.jtvnw.net/previews-ttv/live_user_zami0707-{width}x{height}.jpg
8c1fe8acf675446ebb2fd046e6396983,live,【遊戲研磨機】日常與朋友一起的PUBG｜平均觀眾3人目標衝刺中,2025-05-06T11:00:35Z,https://www.twitch.tv/rennoslashie,https://static-cdn.jtvnw.net/previews-ttv/live_user_rennoslashie-{width}x{height}.jpg
0b53549edaf5490ca350ef17aee7b8b9,live,【ZED ZONE】超絕大更新 該來重玩惹,2025-05-06T11:01:51Z,https://www.twitch.tv/amaranthia302876,https://static-cdn.jtvnw.net/previews-ttv/live_user_amaranthia302876-{width}x{height}.jpg
660531d691fb49c6a454bff9b0fb8c9e,live,[GD] IM VERY CALM THANK YOU VERY MUCH,2025-05-06T11:02:25Z,https://www.twitch.tv/enominya_andi,https://static-cdn.jtvnw.net/previews-ttv/live_user_enominya_andi-{width}x{height}.jpg
ebe5c5f9d67f44f3bc5e70b413ce9df7,live,【0506】這不是我熟悉的RP 常世琉花 DAY5 隨時鬼轉33 加班day38  !加班 !手機殼 !深度 !抖內  @ekorru  !抖內 !指令 !YT !dc !晚餐 可以用7tv唷【依可露】,2025-05-06T11:06:09Z,https://www.twitch.tv/ekorru,https://static-cdn.jtvnw.net/previews-ttv/live_user_ekorru-{width}x{height}.jpg
ede21f904daf4a9b978efe15b0d9a31f,live,5/6 嗨  LOL內戰 feat.璃璃兒るり |!簽到 !拔 !拉霸 !查 @asin_owo @0lilier0,2025-05-06T11:08:58Z,https://www.twitch.tv/asin_owo,https://static-cdn.jtvnw.net/previews-ttv/live_user_asin_owo-{width}x{height}.jpg
75eb49d99170441ab784d7bec7378d21,live,〖緹婭💤〗原神補完主線計畫 ｜原神｜拚紫勾！｜2025/05/06 !DC !YT,2025-05-06T11:16:57Z,https://www.twitch.tv/tiavannessa,https://static-cdn.jtvnw.net/previews-ttv/live_user_tiavannessa-{width}x{height}.jpg
64e20992295c4be984e9af0a470d6440,live,【楓兔】DROP啟動♥ 每天都在下分嗚嗚嗚嗚/紫勾勾好想要那酷酷的紫勾勾的Day16♥指令  !觀眾++ !魔儲,2025-05-06T11:21:05Z,https://www.twitch.tv/streamerrabbit48,https://static-cdn.jtvnw.net/previews-ttv/live_user_streamerrabbit48-{width}x{height}.jpg
b18dea7632bc49db974a22d6eb6660fb,live,【小鹿】5/1 大家都在楓，我也要楓,2025-05-06T11:26:11Z,https://www.twitch.tv/gelcxy_mue,https://static-cdn.jtvnw.net/previews-ttv/live_user_gelcxy_mue-{width}x{height}.jpg
1d1e155c827e4ed2a0596c256983c22d,live,5/6 懷舊走起 (? 新手上路w ∥ !募資 !line貼圖 !dc ∥ @riikiyuki,2025-05-06T11:26:24Z,https://www.twitch.tv/riikiyuki,https://static-cdn.jtvnw.net/previews-ttv/live_user_riikiyuki-{width}x{height}.jpg
9be839573d1a4944a93740ca42fa65d4,live,ଘ【尋光旅程】5/6 RP已死 改LOL,2025-05-06T11:27:56Z,https://www.twitch.tv/sariel_0041,https://static-cdn.jtvnw.net/previews-ttv/live_user_sariel_0041-{width}x{height}.jpg
0f7d7faa487642d0a8ff6d5fc8dbc394,live,【05/06】喝點小酒住進精神時光屋,2025-05-06T11:30:35Z,https://www.twitch.tv/chaocheche,https://static-cdn.jtvnw.net/previews-ttv/live_user_chaocheche-{width}x{height}.jpg
12286b61ae55499b8c60101a4625b089,live,5/6 🦴 一起在末日裡圍坐篝火旁聊聊天吧 𐂯,2025-05-06T11:30:59Z,https://www.twitch.tv/yabiyurich,https://static-cdn.jtvnw.net/previews-ttv/live_user_yabiyurich-{width}x{height}.jpg
105f7890339346329ab408f423f617c3,live,【u魚】ᗦ↞︎◃︎紫勾勾衝刺☑️ᗦ↞︎◃︎ | 5/6 | RRR警局出事拉 | !DC !ID !魔儲 !老婆 !賭 !拉霸  | @ufish_uwu,2025-05-06T11:31:27Z,https://www.twitch.tv/ufish_uwu,https://static-cdn.jtvnw.net/previews-ttv/live_user_ufish_uwu-{width}x{height}.jpg
9ca05592c52f42649191751f18cb70e6,live,【中文/日本語】5/6 隨筆日誌(PC) - 赤紫都休市,2025-05-06T11:33:24Z,https://www.twitch.tv/sinonyuki,https://static-cdn.jtvnw.net/previews-ttv/live_user_sinonyuki-{width}x{height}.jpg
8ae0f370cf124faa953a09089a427fd9,live,【UNLIGHT: Revive】#3 作業雜談,2025-05-06T11:35:26Z,https://www.twitch.tv/koyoyo4444,https://static-cdn.jtvnw.net/previews-ttv/live_user_koyoyo4444-{width}x{height}.jpg
46e494bf06c640da95ad1b0b81631d98,live,0506 繼續坐牢練等級｜Artale繁中服｜!魔儲｜,2025-05-06T11:36:20Z,https://www.twitch.tv/ose0219,https://static-cdn.jtvnw.net/previews-ttv/live_user_ose0219-{width}x{height}.jpg
e66d389ebb604096bfa99178e1a13c27,live,【33號遠征隊】最終章啦!!究竟今年能不能破台呢~?｜阿爾西婭．幽梨雅🌺,2025-05-06T11:42:20Z,https://www.twitch.tv/altheayolia,https://static-cdn.jtvnw.net/previews-ttv/live_user_altheayolia-{width}x{height}.jpg
9b5ec085252a4f6e9ba04cac0ad49e65,live,【33號遠征隊】繼續魂系回合制，真的好上頭 ∥ 無點歌 ∥ 無砸砸【賽琳Serlin】,2025-05-06T11:43:52Z,https://www.twitch.tv/serlin0312,https://static-cdn.jtvnw.net/previews-ttv/live_user_serlin0312-{width}x{height}.jpg
e9a9d88bf69e4c83842fe05b3ae1601b,live,黎明再現，快快加入蛋姬的聯盟！｜!指令 !DC !賣場 !抖內 !rp,2025-05-06T11:44:17Z,https://www.twitch.tv/homete416,https://static-cdn.jtvnw.net/previews-ttv/live_user_homete416-{width}x{height}.jpg
aa0d8c2604694532a20aaf0f0ced8a5e,live,5/06 今日伺服器GG┊兔指令 : !RP人設 !dc┊♡ #沈蘿薇不會兇人#溫柔 #RP,2025-05-06T11:44:46Z,https://www.twitch.tv/twolobocake,https://static-cdn.jtvnw.net/previews-ttv/live_user_twolobocake-{width}x{height}.jpg
8e858eb26f3b4ca2beab2baccc887893,live,🌙【我是10點半就洗澡上床睡覺的好寶寶】 放假回來啦~ @lanningyue,2025-05-06T11:51:45Z,https://www.twitch.tv/lanningyue,https://static-cdn.jtvnw.net/previews-ttv/live_user_lanningyue-{width}x{height}.jpg
59904dcbea754d238b0710e75262d119,live,5/6 計畫有變 直接改打APEX 跟朋友打!! @noobiceowo ┇立旗成功 !立旗 300追隨了!!!┇,2025-05-06T11:51:56Z,https://www.twitch.tv/noobiceowo,https://static-cdn.jtvnw.net/previews-ttv/live_user_noobiceowo-{width}x{height}.jpg
20f361a84fb3439999c550c10fcf5642,live,5/6 我沒想到我會想來坐牢好音樂台,2025-05-06T11:52:27Z,https://www.twitch.tv/samoyedmomi,https://static-cdn.jtvnw.net/previews-ttv/live_user_samoyedmomi-{width}x{height}.jpg
9a7b047b85ae4227af74a0e200c3abc9,live,【三玄庫崎】✿✿ 對不起，太久沒開台ㄌ，跟所有三寶道歉 /ᐠ｡ꞈ｡ᐟ\   ft: @session_cookie,2025-05-06T11:52:48Z,https://www.twitch.tv/session_cookie,https://static-cdn.jtvnw.net/previews-ttv/live_user_session_cookie-{width}x{height}.jpg
1618171723d84cbe8b57cd69fa6f477f,live,【休息 uwub】 #初見歡迎,2025-05-06T11:53:38Z,https://www.twitch.tv/rin_en_kana,https://static-cdn.jtvnw.net/previews-ttv/live_user_rin_en_kana-{width}x{height}.jpg
05d19eac5d22427f916e6fa59bf17b3b,live,【5/6】 上不了班的橙醫生在做副業,2025-05-06T11:54:13Z,https://www.twitch.tv/orangecat331,https://static-cdn.jtvnw.net/previews-ttv/live_user_orangecat331-{width}x{height}.jpg
c265c71f4d2744919a319f0f38c008f9,live,5/6 視訊還債日! 唱歌聊天! 自主訂閱++,2025-05-06T11:55:02Z,https://www.twitch.tv/hinata__0419,https://static-cdn.jtvnw.net/previews-ttv/live_user_hinata__0419-{width}x{height}.jpg
13c69e2cf2ff4dc1907bbae9a87a8c0f,live,【研研菟】o5/o6 驢子ʀᴘ，黎可艾 警士生活 ᴅ26！｜!牌位!隊友，看台裝7TV @yanyantuuwu,2025-05-06T11:55:23Z,https://www.twitch.tv/yanyantuuwu,https://static-cdn.jtvnw.net/previews-ttv/live_user_yanyantuuwu-{width}x{height}.jpg
d8fa0fb407c043cb9b65ab66c2221e8d,live,【希耶】5/6 [赤紫都RP]  Day3 人不能鐵齒｜訂閱告急｜!魔儲  @ca0510,2025-05-06T11:56:25Z,https://www.twitch.tv/ca0510,https://static-cdn.jtvnw.net/previews-ttv/live_user_ca0510-{width}x{height}.jpg
0e9aeecbe8f04a62ab781cf2e520eba0,live,05/06 九點五倍...來跟我打一下天月麻雀 |每月300訂閱積分衝壓|嘎旋與魔儲合作啦| !加班  !簽到 !抱枕,2025-05-06T11:56:53Z,https://www.twitch.tv/shen_0828,https://static-cdn.jtvnw.net/previews-ttv/live_user_shen_0828-{width}x{height}.jpg
9c1450789da443f491a66e6f121482fc,live,【水精靈王國】地下頭顱Skin黑市開業中！…#36 #台v #黑結愛 #頭顱販售 #觀眾互動 #minecraft,2025-05-06T11:57:15Z,https://www.twitch.tv/blacklovech,https://static-cdn.jtvnw.net/previews-ttv/live_user_blacklovech-{width}x{height}.jpg
4b8137b8ba4e4a4dad994e2e07e351fe,live,5/6 終極二選一,2025-05-06T11:57:54Z,https://www.twitch.tv/esmea_princess,https://static-cdn.jtvnw.net/previews-ttv/live_user_esmea_princess-{width}x{height}.jpg
16e0b967de004b45b5c10302382ad43e,live,【Daiz】05/06連動|和新朋朋玩阿姨劈毆！|台音量5%、加班台、轉盤、歡迎敲門|REPO|  @37daiz @umiwhoisnottall @percussion_blue @ella960124_ @thehexe_0401 @suisui_0528 |shoutou,2025-05-06T11:59:05Z,https://www.twitch.tv/37daiz,https://static-cdn.jtvnw.net/previews-ttv/live_user_37daiz-{width}x{height}.jpg
28c152a7489b4402960bd4bd36b7229b,live,5/6-霧影獵人-今天魔法與劍地下城~也會有毒圈??,2025-05-06T11:59:18Z,https://www.twitch.tv/koyokainekomata,https://static-cdn.jtvnw.net/previews-ttv/live_user_koyokainekomata-{width}x{height}.jpg
2a0de6059bd74c298a80f45a8052790e,live,今天連動前有吃好大口川貝枇杷膏  @weiwei0621 @alpacaoho0222 @yu_qing 🐟好PON系 / 初見歡迎 / 甲魚 / !飯友 / 雜談 🐟,2025-05-06T11:59:19Z,https://www.twitch.tv/sacabamba,https://static-cdn.jtvnw.net/previews-ttv/live_user_sacabamba-{width}x{height}.jpg
a324be13dcdb4acbbe722638fc2dbfa4,live,【🍋蓬萊の仙山💋】香豔《火爆玫瑰》小朋友不要看！重口味女子摔角挑戰尺度上限｜20250506｜我肆拎萌路路 @LenmonLu2,2025-05-06T11:59:24Z,https://www.twitch.tv/lenmonlu2,https://static-cdn.jtvnw.net/previews-ttv/live_user_lenmonlu2-{width}x{height}.jpg
67d6807619064938a78832b4106de5c0,live,【Terraria】挑戰用寶可夢來通關！一起成為寶可夢大師吧～FT. @siaodi12398,2025-05-06T11:59:41Z,https://www.twitch.tv/chengmimeow,https://static-cdn.jtvnw.net/previews-ttv/live_user_chengmimeow-{width}x{height}.jpg
53707f0116dc4fca8614ac7139e40b83,live,【泰拉瑞亞】寶可夢最新模組！只用寶可夢來通關到底更容易還是更難？【喪屍迪】Ft.橙米,2025-05-06T12:00:03Z,https://www.twitch.tv/siaodi12398,https://static-cdn.jtvnw.net/previews-ttv/live_user_siaodi12398-{width}x{height}.jpg
4766ec1a407f4271bca77fb81487e81a,live,公事雜談🐔!教練 !恐母症 @litchi_2525,2025-05-06T12:00:06Z,https://www.twitch.tv/litchi_2525,https://static-cdn.jtvnw.net/previews-ttv/live_user_litchi_2525-{width}x{height}.jpg
8746bf3b3b5843e7b00f6ec23fefb6b1,live,為什麼不呢【!貓咖】【!VPN】【!周邊】【!飛機杯】,2025-05-06T12:00:07Z,https://www.twitch.tv/kokuyoku_hyolan,https://static-cdn.jtvnw.net/previews-ttv/live_user_kokuyoku_hyolan-{width}x{height}.jpg
af9a2d0fab684be9b9da09e251f6bae6,live,【0506】花枝花花枝，快來跟我點數互動!,2025-05-06T12:00:10Z,https://www.twitch.tv/doudouguochai,https://static-cdn.jtvnw.net/previews-ttv/live_user_doudouguochai-{width}x{height}.jpg
db3a6f094c3146c2ab6f2f267337f132,live,【遊戲】放鬆Minecraft 隨意跟大家聊聊～ | 夏提,2025-05-06T12:00:11Z,https://www.twitch.tv/siati1021,https://static-cdn.jtvnw.net/previews-ttv/live_user_siati1021-{width}x{height}.jpg
88aa589d4a3648738e49243d2056d03b,live,【Jisatsu | 自撮】可憐小記者，闖入邪教現場！ 05/06 @linmeivtuber #台灣Vtuber #vtuber #林梅 #linmeilive,2025-05-06T12:00:13Z,https://www.twitch.tv/linmeivtuber,https://static-cdn.jtvnw.net/previews-ttv/live_user_linmeivtuber-{width}x{height}.jpg
03762df738044b09a1e216949158c8a4,live,【籃籽連動】今晚不管發生什麼事，先說愛你就對了...愛你們啦❤  !周邊,2025-05-06T12:00:23Z,https://www.twitch.tv/neboskey,https://static-cdn.jtvnw.net/previews-ttv/live_user_neboskey-{width}x{height}.jpg
dc3e05e0c12b4e0a93dc230f30925ee0,live,【土司喵】很久很久沒玩了 我還會嗎QAQ @toast_meow,2025-05-06T12:00:25Z,https://www.twitch.tv/toast_meow,https://static-cdn.jtvnw.net/previews-ttv/live_user_toast_meow-{width}x{height}.jpg
886f64b4a0504b9fbe5e4687b92f6584,live,風色幻想NeXus盛夏狂歡季part3 卡關中繼續挑戰6-13 #風色幻想NeXus #經典再現 #VTuber合作 #魔獸養成 #台灣原創IP,2025-05-06T12:00:29Z,https://www.twitch.tv/moemoekomugi,https://static-cdn.jtvnw.net/previews-ttv/live_user_moemoekomugi-{width}x{height}.jpg
5dc565de88a948ecb092cce178aafe60,live,【希姆】遊戲雜談 33號遠征隊 Parry到天荒地老 || 6 MAY,2025-05-06T12:00:30Z,https://www.twitch.tv/himuvtuber,https://static-cdn.jtvnw.net/previews-ttv/live_user_himuvtuber-{width}x{height}.jpg
326a721a7a904cb9b5ed0dad4899d7c2,live,【遊戲連動】今天要來跟籃籽的大家一起下廚房啦 默契一定是最好的 對吧嘻嘻(*´艸`*)!脆脆 !dc｜憩貓脆脆,2025-05-06T12:00:33Z,https://www.twitch.tv/yasumi_crisp,https://static-cdn.jtvnw.net/previews-ttv/live_user_yasumi_crisp-{width}x{height}.jpg
6bddfe8d54104f4192c56e4935a871de,live,0506 ◇ 跟S級會員打配配 ◇ @anyume_vt,2025-05-06T12:00:38Z,https://www.twitch.tv/anyume_vt,https://static-cdn.jtvnw.net/previews-ttv/live_user_anyume_vt-{width}x{height}.jpg
8150f530d858418282811429cc32622b,live,【Minecraft-鬼抓人】開心玩遊戲!!《 #Minecraft #麥塊 》 #Vtuber #欣希亞 #台灣Vtuber ft. 巧克力 & 朋朋們,2025-05-06T12:00:48Z,https://www.twitch.tv/mengcynia,https://static-cdn.jtvnw.net/previews-ttv/live_user_mengcynia-{width}x{height}.jpg
23af2b94549e42c282ec0d6eecf01102,live,XiaoYao｜跟甜妹們一起五排～ >>>   @with_xiaoyao @n1n1___,2025-05-06T12:00:48Z,https://www.twitch.tv/with_xiaoyao,https://static-cdn.jtvnw.net/previews-ttv/live_user_with_xiaoyao-{width}x{height}.jpg
6510332f58be4d86b0007c77a622c959,live,新瑪奇英雄傳 Vindictus│提醒自己開時空二賭盤,2025-05-06T12:00:57Z,https://www.twitch.tv/narumitakii,https://static-cdn.jtvnw.net/previews-ttv/live_user_narumitakii-{width}x{height}.jpg
5b62816b7dee4c13856f3c21629be3c4,live,【Mica】｜2025/5/6｜among us連動 with朧、BB、玖宵、朔、厄倫蒂兒、沐橙、日下冰、奶哥、諾櫻、蛋娜、黑羽、罐罐,2025-05-06T12:01:38Z,https://www.twitch.tv/mica1130,https://static-cdn.jtvnw.net/previews-ttv/live_user_mica1130-{width}x{height}.jpg
4ba065758aa94ce18cfe227cc37b1afe,live,05/06🐰雪寶うさぎ🌟今天是與小雪人&小庚班的決鬥日啦 ft.庚庚 🐇 @shinyuki2511 🐇!委託 ᕬ ᕬ 歡迎給兔兔工作,2025-05-06T12:01:46Z,https://www.twitch.tv/shinyuki2511,https://static-cdn.jtvnw.net/previews-ttv/live_user_shinyuki2511-{width}x{height}.jpg
627d42f52e604f3e8eadc7f04ef74d2a,live,開始搞耍囉 @vibe_ori @felis0423 !OC !Dc !大姊大 !慈善賭王大賽,2025-05-06T12:01:47Z,https://www.twitch.tv/shinatsukishiro,https://static-cdn.jtvnw.net/previews-ttv/live_user_shinatsukishiro-{width}x{height}.jpg
f479e1403f614727a5f2a2be339bad74,live,0506【巧克團】躲貓貓! !鴨路機 @chalortti,2025-05-06T12:01:51Z,https://www.twitch.tv/chalortti,https://static-cdn.jtvnw.net/previews-ttv/live_user_chalortti-{width}x{height}.jpg
ba562aad440d483e988d3ce7e7217c94,live,[貓宮香草]  5/6 洗香香貓 ， 儲值找 !魔儲  !DC !週邊,2025-05-06T12:02:39Z,https://www.twitch.tv/vanilla_shironeko,https://static-cdn.jtvnw.net/previews-ttv/live_user_vanilla_shironeko-{width}x{height}.jpg
5908563b5c944c7b919b08e5233a8a5a,live,5/6 赤紫都RP 梁昔D.3｜ @liangxliang  !指令 !尿布 !製肥,2025-05-06T12:03:07Z,https://www.twitch.tv/liangxliang,https://static-cdn.jtvnw.net/previews-ttv/live_user_liangxliang-{width}x{height}.jpg
e210fb08b0744535a907823fa9f062cc,live,Apex @vibe_ori @shinatsukishiro !貓砂 @felis0423 #初見歡迎 #歡迎掛台,2025-05-06T12:03:08Z,https://www.twitch.tv/felis0423,https://static-cdn.jtvnw.net/previews-ttv/live_user_felis0423-{width}x{height}.jpg
36497373f4734ce49ea8cb6a703f050b,live,虐菜局 ORI是那個菜🌸 @vibe_ori ft. 大腿隊友 @shinatsukishiro @felis0423,2025-05-06T12:03:15Z,https://www.twitch.tv/vibe_ori,https://static-cdn.jtvnw.net/previews-ttv/live_user_vibe_ori-{width}x{height}.jpg
1204e14e13fb4e1e9dcbd47e1a8dc7b2,live,【雜談】Met Gala到底是什麼？為什麼世界巨星都在這？ !綠界 | CN/EN | @Lily_Glacage,2025-05-06T12:03:37Z,https://www.twitch.tv/lily_glacage,https://static-cdn.jtvnw.net/previews-ttv/live_user_lily_glacage-{width}x{height}.jpg
9ca368e73d514656ade48dc946f55956,live,【TSMATCH火柴】20250506｜邊工作邊聊天｜!贊助 !dc !yt !手機殼 !vip,2025-05-06T12:04:31Z,https://www.twitch.tv/tsmatch96,https://static-cdn.jtvnw.net/previews-ttv/live_user_tsmatch96-{width}x{height}.jpg
7ddebf4d8f6d4c63a4fc7268d8113c10,live,【日下氷】多人連動【5/6】!DC !7TV !周邊 @kusaka_ice,2025-05-06T12:05:07Z,https://www.twitch.tv/kusaka_ice,https://static-cdn.jtvnw.net/previews-ttv/live_user_kusaka_ice-{width}x{height}.jpg
13a4e83f2bbc4d18bb27520a4dceef72,live,【驢子 Donkeys RP】5/6   !vpn !cover  @samoago,2025-05-06T12:05:44Z,https://www.twitch.tv/samoago,https://static-cdn.jtvnw.net/previews-ttv/live_user_samoago-{width}x{height}.jpg
2694a505a0e0441bb99b49e8ce1f7473,live,【5/6】沒有更多房間在地獄2｜ @kannazukilubee ｜,2025-05-06T12:05:59Z,https://www.twitch.tv/kannazukilubee,https://static-cdn.jtvnw.net/previews-ttv/live_user_kannazukilubee-{width}x{height}.jpg
d576c2396a004f3c8dd91baf14254898,live,5/6  || @7yananaha ||  !綠界贈品,2025-05-06T12:07:16Z,https://www.twitch.tv/7yananaha,https://static-cdn.jtvnw.net/previews-ttv/live_user_7yananaha-{width}x{height}.jpg
c099b7e8d46c418d8e17097d496f3b83,live,【踢踢】5.6 |  不同的星球  ₍ᐢ .ᆺ. ᐢ₎  開玩!!!!  |  !幸運兔團  ✦加班Day.129✦ with. A35353535,2025-05-06T12:07:25Z,https://www.twitch.tv/ttspoon,https://static-cdn.jtvnw.net/previews-ttv/live_user_ttspoon-{width}x{height}.jpg
f7c48554816643cdb8d343e6e9e6d313,live,【RELIVE_諾櫻NOE🌸】･ﾟ･驢子RP･ﾟ･˙ 先among us 晚點RP  唐門 張希希 ❤ !魔儲 !人設 󠀀!驢子,2025-05-06T12:07:54Z,https://www.twitch.tv/re_noe_,https://static-cdn.jtvnw.net/previews-ttv/live_user_re_noe_-{width}x{height}.jpg
ee77ed51da394f02b72c33756b155eac,live,[神界]20250506 | 伺服器GG了？,2025-05-06T12:08:19Z,https://www.twitch.tv/cknekko,https://static-cdn.jtvnw.net/previews-ttv/live_user_cknekko-{width}x{height}.jpg
9d9c6477329245cbb2557895f4f15686,live,/ᐠ. ̫ .ᐟ\ 5/6 驢子rp 頭痛! 微中暑 手機殼5/19上新款 ٩꒰ᐛ ( ᐖ ꒱۶ !手機殼 !點歌,2025-05-06T12:10:07Z,https://www.twitch.tv/iitifox,https://static-cdn.jtvnw.net/previews-ttv/live_user_iitifox-{width}x{height}.jpg
86853cb239d740ce953573ba74bd08bd,live,【🍅】0506 誰會開鮪魚罐頭開完剩半罐... | @chiechie510,2025-05-06T12:10:37Z,https://www.twitch.tv/chiechie510,https://static-cdn.jtvnw.net/previews-ttv/live_user_chiechie510-{width}x{height}.jpg
b4d13ee244b64237b1f8b8ec13c7c293,live,5/6 剛睡醒 【優咲あい】,2025-05-06T12:11:10Z,https://www.twitch.tv/ai_yuusaki,https://static-cdn.jtvnw.net/previews-ttv/live_user_ai_yuusaki-{width}x{height}.jpg
1af37b5945cf40019107583a3c6537ea,live,5/6【 帕芙亞 @pafuya 】| 指令：點歌!sr 歌單!so | 帕帕好睡台 | 全職無性別無聲,2025-05-06T12:12:01Z,https://www.twitch.tv/pafuya,https://static-cdn.jtvnw.net/previews-ttv/live_user_pafuya-{width}x{height}.jpg
16896dffcb474d7aa21540c944a2f7de,live,5/6 頭有點痛 打個麻將 周邊預售到明天晚上為止 鼠標開放兌換囉~~,2025-05-06T12:13:27Z,https://www.twitch.tv/wuwind1767,https://static-cdn.jtvnw.net/previews-ttv/live_user_wuwind1767-{width}x{height}.jpg
d45c287a84b6485e8ff3400cf50f5db7,live,✧ 先太空騙騙殺再當警察 ft.朧、糜卡、BB、玖宵、朔、厄倫蒂兒、沐橙、日下冰、奶哥、諾櫻、蛋娜、黑羽、夏蘿、涅爾菲｜0506｜ @can1021 【罐罐】!7tv !魔儲 !委託,2025-05-06T12:13:48Z,https://www.twitch.tv/can1021,https://static-cdn.jtvnw.net/previews-ttv/live_user_can1021-{width}x{height}.jpg
6bb236447ed9412a98c9b2d7c9069e10,live,【熊貓】05/06 可愛熊貓貓來啦 ★狐橘神社★ ｜!簽到｜!商店｜!哥哥的咖啡｜本日推推： @maroonut ｜Ft：,2025-05-06T12:16:02Z,https://www.twitch.tv/panda0219work,https://static-cdn.jtvnw.net/previews-ttv/live_user_panda0219work-{width}x{height}.jpg
828ab4c66f5f43f298d237374a266b7e,live,璃璃兒🐈 05 / 06 LOL內戰 feat. 錒欣欣欣｜!魔儲 @0lilier0 @asin_owo,2025-05-06T12:16:31Z,https://www.twitch.tv/0lilier0,https://static-cdn.jtvnw.net/previews-ttv/live_user_0lilier0-{width}x{height}.jpg
e93bd1102e214cbaa71cc5b2e4a53595,live,﹝中/日ok﹞20:00 @Oboro_moonlit 糾惹一堆人玩Among us░ !指令 !VPN @earendelxdfp,2025-05-06T12:16:37Z,https://www.twitch.tv/earendelxdfp,https://static-cdn.jtvnw.net/previews-ttv/live_user_earendelxdfp-{width}x{height}.jpg
747fb5e9d30240a1ac42fbf37e86b55d,live,《 #赤紫都 》休息一天繼續上班 太卡就去YT看 2025 0506  |  @rui_grimm | EN/日本語OK !DC !YT !社群,2025-05-06T12:20:45Z,https://www.twitch.tv/rui_grimm,https://static-cdn.jtvnw.net/previews-ttv/live_user_rui_grimm-{width}x{height}.jpg
f110fd69b66941bab04de9ada563c6ac,live,5/6 33號遠征隊請進！｜惡魔手機殼聯名中,2025-05-06T12:21:10Z,https://www.twitch.tv/aoihinamori,https://static-cdn.jtvnw.net/previews-ttv/live_user_aoihinamori-{width}x{height}.jpg
976e0cf401784d3f874dc85b2b2c5839,live,0506 驢子RP：25DAY YMD考慮買房ㄌ ⁝  !人設 !RP,2025-05-06T12:21:33Z,https://www.twitch.tv/lupo_relive,https://static-cdn.jtvnw.net/previews-ttv/live_user_lupo_relive-{width}x{height}.jpg
95694a64c0fe4b5c987344f1edcec826,live,« ◌̌Game » 尼爾：自動人形Day.1☁️終於要開始一周目了｜初見歡迎/同遊歡迎,2025-05-06T12:22:33Z,https://www.twitch.tv/mendydrowsy,https://static-cdn.jtvnw.net/previews-ttv/live_user_mendydrowsy-{width}x{height}.jpg
843d99233b474827a2f0bc417ffd3852,live,【抹茶】05/06｜加班Day81 久違的八點準時上班 ♡ 好想下班台｜ @isuzumaccha ｜!魔儲 !委託 !加班 !聯名 🍵 #茶室營業中,2025-05-06T12:24:13Z,https://www.twitch.tv/isuzumaccha,https://static-cdn.jtvnw.net/previews-ttv/live_user_isuzumaccha-{width}x{height}.jpg
604dc5a26bb54f3d8a69c9df659d23d7,live,【涅姆】城市壞了 今日休城 換遊戲了｜掛台請幫我開5%音量~~,2025-05-06T12:24:15Z,https://www.twitch.tv/nemuvtubertw,https://static-cdn.jtvnw.net/previews-ttv/live_user_nemuvtubertw-{width}x{height}.jpg
06337167c1a14d82b6a7f7cc71eac813,live,📢探險隊啟航！  聊天/掛睡/遊戲  正在遊玩：✨Curious Expedition 2✨,2025-05-06T12:25:21Z,https://www.twitch.tv/shinoakira0725,https://static-cdn.jtvnw.net/previews-ttv/live_user_shinoakira0725-{width}x{height}.jpg
fe62d50e41af4aa29c3e2b0cfc62fb3d,live,5/6【近畿霊務局】回來當一下特務!,2025-05-06T12:26:17Z,https://www.twitch.tv/hinata_kuma0418,https://static-cdn.jtvnw.net/previews-ttv/live_user_hinata_kuma0418-{width}x{height}.jpg
4c3e3e5338ae44feae581bbdffa8b811,live,【玩新game】遠征隊33  #1,2025-05-06T12:26:37Z,https://www.twitch.tv/amamiharuma,https://static-cdn.jtvnw.net/previews-ttv/live_user_amamiharuma-{width}x{height}.jpg
e32a4d49fba7459fbdf9e242288fa18c,live,✦沫依_ 🐋✦ 今天來瑟其他東西好了  | 歡迎追隨可愛純潔的沫依 ✦ 小海豹你值得擁有 | @mooi_seal,2025-05-06T12:27:16Z,https://www.twitch.tv/mooi_seal,https://static-cdn.jtvnw.net/previews-ttv/live_user_mooi_seal-{width}x{height}.jpg
02dadd7977b8412b99f101241de4cb3f,live,【暗喻幻想：ReFantazio】國王選舉參戰中 #15,2025-05-06T12:28:30Z,https://www.twitch.tv/rukadoggi,https://static-cdn.jtvnw.net/previews-ttv/live_user_rukadoggi-{width}x{height}.jpg
15c9a54b946a40c38c07ea2f9efddfa5,live,【煌Kirali】握來啦 來聊天下等等玩遊戲,2025-05-06T12:29:57Z,https://www.twitch.tv/kirali_neon,https://static-cdn.jtvnw.net/previews-ttv/live_user_kirali_neon-{width}x{height}.jpg
dbbb8592c30840c8b00ae8091a684e5c,live,《小颯颯》麥塊地圖同樂會【狼人殺+其他地圖】 | 掛台好不好! | 月均觀8女僕裝加班台 | 歡迎降落初見 | !dc !簽到 !songrequest |,2025-05-06T12:30:07Z,https://www.twitch.tv/xiaosasa_,https://static-cdn.jtvnw.net/previews-ttv/live_user_xiaosasa_-{width}x{height}.jpg
9bf758b113b048bc9331f244b619e4b2,live,【#棉棉情畫|工作臺】月初繳完信用卡費了....QAQ棉羽的薪水  #VTuber   #初見歡迎  #雜談,2025-05-06T12:30:34Z,https://www.twitch.tv/mianyu0906,https://static-cdn.jtvnw.net/previews-ttv/live_user_mianyu0906-{width}x{height}.jpg
a6b0f8c8343041f0b1ea96c46ee4e582,live,【Valorant】RP伺服器臨時休息 改瓦羅蘭 |初見、聊天歡迎💜20250506 |@kazumisinni |!點播查詢 !簽到,2025-05-06T12:31:32Z,https://www.twitch.tv/kazumisinni,https://static-cdn.jtvnw.net/previews-ttv/live_user_kazumisinni-{width}x{height}.jpg
8b732f3260e0427f9cf795b93ada310a,live,【集合啦！動物森友會】關於我成為動物的第五天！！悄悄回來一夏 ლ(・´ｪ`・ლ)~~ ✦ 普拉祈娜・vtuber,2025-05-06T12:34:08Z,https://www.twitch.tv/platinach,https://static-cdn.jtvnw.net/previews-ttv/live_user_platinach-{width}x{height}.jpg
1254f176d93548aca5ac7f4b53313f71,live,【生日凸待】生日自由凸待場，到底會講到幾點? 還是無人到場呢?【雙命】 #台V #vtuber(3/14次)  ²ᵁᴾlevel2118-25050620:35【台V髏骸之王雙命】,2025-05-06T12:35:11Z,https://www.twitch.tv/ny8821205,https://static-cdn.jtvnw.net/previews-ttv/live_user_ny8821205-{width}x{height}.jpg
c4268d9874b14b3282613fa11102ce4b,live,[EN/中] IDK WHAT I'M DOING + Free life advice | !discord !tts !farm,2025-05-06T12:36:52Z,https://www.twitch.tv/klausvacuos,https://static-cdn.jtvnw.net/previews-ttv/live_user_klausvacuos-{width}x{height}.jpg
0f47fc0a871843cb8bff547164959e59,live,【夏蘿 Chero👑】跟爸比出門聯誼 Feat.朧、咪卡、BB、玖宵、朔、厄倫蒂兒、沐橙、日下冰、奶哥、罐罐、諾櫻、蛋娜、黑羽、涅爾菲,2025-05-06T12:40:35Z,https://www.twitch.tv/chero_limnos,https://static-cdn.jtvnw.net/previews-ttv/live_user_chero_limnos-{width}x{height}.jpg
d33940525b7f4b9db9ce85e08b4c175e,live,7K Follower Push! Sicky stream !discord !gank !kofi,2025-05-06T12:47:31Z,https://www.twitch.tv/fluffyzegem,https://static-cdn.jtvnw.net/previews-ttv/live_user_fluffyzegem-{width}x{height}.jpg
e93b2dd2339a422f8ab3d21c9d95161c,live,好久沒唱歌了~  @xinkun_0415,2025-05-06T12:50:15Z,https://www.twitch.tv/xinkun_0415,https://static-cdn.jtvnw.net/previews-ttv/live_user_xinkun_0415-{width}x{height}.jpg
98c577d538f84d75a3c34e0f9d13c8a3,live,2K[火楓]幫山含村蓋巨型建築,2025-05-06T12:51:11Z,https://www.twitch.tv/firemaple0918,https://static-cdn.jtvnw.net/previews-ttv/live_user_firemaple0918-{width}x{height}.jpg
2978ff3ab5f54898947af41ca4d47c4c,live,5/6 APEX打打 抽獎活動進行中 詳情請見推特 歡迎追隨 掛台音量幫我調至少5%| @hachiame_nagi  !yt !vrc !魔儲,2025-05-06T12:51:38Z,https://www.twitch.tv/hachiame_nagi,https://static-cdn.jtvnw.net/previews-ttv/live_user_hachiame_nagi-{width}x{height}.jpg
70af0f70b6284690a524eb87aaa1d296,live,唯唯兒 | 5/6 驢子RP Day15 艾優唯 @kazehaya_yui | 歡迎掛台♥ | !DC !LINE,2025-05-06T12:52:14Z,https://www.twitch.tv/kazehaya_yui,https://static-cdn.jtvnw.net/previews-ttv/live_user_kazehaya_yui-{width}x{height}.jpg
d613059b356d4cc9b1c3e998f32d1a5a,live,因為想躺躺所以在床上聊天,2025-05-06T12:52:52Z,https://www.twitch.tv/kuma7owo,https://static-cdn.jtvnw.net/previews-ttv/live_user_kuma7owo-{width}x{height}.jpg
afa3e309e41044c5bffe17466607d481,live,雪雪๐•ᴗ•๐ 5/6 好睡一直睡 @yukkkkiouo !自主訂閱支援 !YT !魔儲,2025-05-06T12:53:55Z,https://www.twitch.tv/yukkkkiouo,https://static-cdn.jtvnw.net/previews-ttv/live_user_yukkkkiouo-{width}x{height}.jpg
6e56882f3f8e4911b8b67316f1265808,live,【久希⚡】失智 :3 ｜初見歡迎~｜!7TV,2025-05-06T12:53:55Z,https://www.twitch.tv/juicey_uwu,https://static-cdn.jtvnw.net/previews-ttv/live_user_juicey_uwu-{width}x{height}.jpg
bb56715066e548c297232372a16ab083,live,【EN/CN]每人陪我玩 喝喝,2025-05-06T12:54:20Z,https://www.twitch.tv/bright_sliver,https://static-cdn.jtvnw.net/previews-ttv/live_user_bright_sliver-{width}x{height}.jpg
54e70d7cc2fb4c6da0d833519331c770,live,⋮  5/6 │ 台先開著等等回來 │ !3.0募資 !周邊 │ !委託 !喵喵籤 │ @ting1an_ ^⑉･-･⑉^ ੭,2025-05-06T12:54:31Z,https://www.twitch.tv/ting1an_,https://static-cdn.jtvnw.net/previews-ttv/live_user_ting1an_-{width}x{height}.jpg
25388daec64e40f38ca0e5a3a88fedb7,live,5/6 驢子 DONKEYS RP 橋本娜娜✨拚紫勾！｜!周邊、!YT、!DC、!斗內 @satofuri777,2025-05-06T12:54:39Z,https://www.twitch.tv/satofuri777,https://static-cdn.jtvnw.net/previews-ttv/live_user_satofuri777-{width}x{height}.jpg
adb7f358e8134f30ac0919a74c9d171b,live,【無畫面工作台】歡迎掛台， 指令：!魔儲 !委託 !募資 @milkblack_tea,2025-05-06T12:55:20Z,https://www.twitch.tv/milkblack_tea,https://static-cdn.jtvnw.net/previews-ttv/live_user_milkblack_tea-{width}x{height}.jpg
c3945429509246f79c5f0a18594f696d,live,柔 ಣ -  5/6 ✦ 累累der | 重磅級抽獎來了~ !抽獎 | 自訂閱++ ฅ(´꒳ `ฅ) @rourou156  |  !ig !算命 !新精華 !水餃,2025-05-06T12:55:59Z,https://www.twitch.tv/rourou156,https://static-cdn.jtvnw.net/previews-ttv/live_user_rourou156-{width}x{height}.jpg
03c9d83a4c534b65a5743b381eb2ce33,live,【#與諾遊戲】法環挑戰：總之我可以進DLC了？（挑戰規則請看置頂或説明欄） #初見さん大歓迎 #莫諾LIve #歡迎降落 #eldenring,2025-05-06T12:56:37Z,https://www.twitch.tv/mono_monono,https://static-cdn.jtvnw.net/previews-ttv/live_user_mono_monono-{width}x{height}.jpg
238b751368474f798a737e7cf1f4a87b,live,今日副本：⚔️楓之谷 Artale ⚔️ | 重溫最初的感動  |  !dc !yt !釣魚!活動!checkin,2025-05-06T12:57:20Z,https://www.twitch.tv/yuzuri0321,https://static-cdn.jtvnw.net/previews-ttv/live_user_yuzuri0321-{width}x{height}.jpg
b6f8117355b24e9c8a8a4c813a72aec9,live,【青鬼】想快樂泡溫泉錯了嗎? #初見歡迎 @himekawa_rino #初見歡迎｜!愛璃音、!今日運勢、!我可愛嗎、!璃音給分、!賭 all ｜,2025-05-06T12:59:23Z,https://www.twitch.tv/himekawa_rino,https://static-cdn.jtvnw.net/previews-ttv/live_user_himekawa_rino-{width}x{height}.jpg
ec332c6e824044698204e6dba3e5fbfc,live,【重要小告知】雖然是小事但很重要！要來聽！【麵茶白白／Baibai】,2025-05-06T12:59:26Z,https://www.twitch.tv/aebaibai,https://static-cdn.jtvnw.net/previews-ttv/live_user_aebaibai-{width}x{height}.jpg
c699beab8e8a4064849c977b67058447,live,瓦！🤍5/6｜!dc !yt｜ @nineamro,2025-05-06T12:59:38Z,https://www.twitch.tv/nineamro,https://static-cdn.jtvnw.net/previews-ttv/live_user_nineamro-{width}x{height}.jpg
93bad1d4b0c54c8781e3775d13a62c38,live,【AI陪玩恐怖遊戲-MiSide】致敬超多經典恐怖遊戲畫面 今天把進度推到底 🩷芙耶拉,2025-05-06T12:59:58Z,https://www.twitch.tv/feuera1225,https://static-cdn.jtvnw.net/previews-ttv/live_user_feuera1225-{width}x{height}.jpg
f8ade397837d42f7a9167e0d4f20fc56,live,5/6 我已經開始想念了( ´•̥̥̥ω•̥̥̥` ),2025-05-06T13:00:09Z,https://www.twitch.tv/kurokiri_teikou,https://static-cdn.jtvnw.net/previews-ttv/live_user_kurokiri_teikou-{width}x{height}.jpg
b1ba066a7bc44c93a4ca264f2144f5bd,live,5/6 ◖遊雜｜逆轉檢察官1&2 #1◗ 御劍你，是我人生的異議！ @AkiMiiieyy ｜!DC !棉花糖 !魔儲,2025-05-06T13:00:20Z,https://www.twitch.tv/akimiiieyy,https://static-cdn.jtvnw.net/previews-ttv/live_user_akimiiieyy-{width}x{height}.jpg
0c05eca1975b40b3a0b54d3dfd61055d,live,05/06 新遊戲💜【永恆天空】｜ @zobolucifer  掛台請開1%音量UwU,2025-05-06T13:00:29Z,https://www.twitch.tv/zobolucifer,https://static-cdn.jtvnw.net/previews-ttv/live_user_zobolucifer-{width}x{height}.jpg
86e86bf2d8e54e9083613e7398e1e7ac,live,為何我生日還在這消化,2025-05-06T13:00:42Z,https://www.twitch.tv/azutobi,https://static-cdn.jtvnw.net/previews-ttv/live_user_azutobi-{width}x{height}.jpg
3e41189706dd483db4e407c295b058ce,live,【Ayane🌙 】惡靈古堡7 #5 ㄘ我的拳頭辣【中文/日本語】｜⚠ネタバレ厳禁！禁止劇透⚠,2025-05-06T13:00:46Z,https://www.twitch.tv/ayatsukiayane,https://static-cdn.jtvnw.net/previews-ttv/live_user_ayatsukiayane-{width}x{height}.jpg
3f3abaed158f420e84f9d1d5f4492b1d,live,【R.E.P.O.】更新拉 OpenBata測試！,2025-05-06T13:00:53Z,https://www.twitch.tv/hyougetsu_kona,https://static-cdn.jtvnw.net/previews-ttv/live_user_hyougetsu_kona-{width}x{height}.jpg
b256a399ae7a49e18208455d29c2eb12,live,continuing with ACT I || !discord !merch !socials,2025-05-06T13:01:26Z,https://www.twitch.tv/azakasekai,https://static-cdn.jtvnw.net/previews-ttv/live_user_azakasekai-{width}x{height}.jpg
1ea5aa0a7a7d401b897630667cf4b44e,live,【連動｜恐鬼症】聽說有新東西，真的假的！？但我舊的好像都還沒玩完啊！！ ft. @hellion445  @hanakawa0516 @naichuan0033 【蓋爾Gale】  @gale_vtuber,2025-05-06T13:01:29Z,https://www.twitch.tv/gale_vtuber,https://static-cdn.jtvnw.net/previews-ttv/live_user_gale_vtuber-{width}x{height}.jpg
c06b6f1eb79d41ecb17aaaf80e035daa,live,【水煎包+紅茶】最近都在瘋玩地下城！ + (˶´⚰︎`˵)〃｜過敏薑｜ + 20250506 + #蒐集浪浪飼料券 #隨時不舒服休息一陣子才會出現,2025-05-06T13:01:45Z,https://www.twitch.tv/roci_1117,https://static-cdn.jtvnw.net/previews-ttv/live_user_roci_1117-{width}x{height}.jpg
63a55bc5320e4f148ed0abd7991b0e01,live,蕾妮｜5/6 成為我的樹洞ㄅ，我需要這個樹洞 !cover !周邊 !鴞災,2025-05-06T13:02:23Z,https://www.twitch.tv/reneesnowy,https://static-cdn.jtvnw.net/previews-ttv/live_user_reneesnowy-{width}x{height}.jpg
a1a4762aa1eb4d95be1c0c7a528a8336,live,我ㄉ櫻花套裝！魔物獵人加班台 ✿ 自主訂閱募集中｜!魔儲、!打卡、!歌單、!周邊、!愛曦曦｜▶ @sumihatsu,2025-05-06T13:03:45Z,https://www.twitch.tv/sumihatsu,https://static-cdn.jtvnw.net/previews-ttv/live_user_sumihatsu-{width}x{height}.jpg
7ce04ee5bb63467f8b70a69136049218,live,【雜+動森】我是2025才開始玩動森的人 ♡ !百萬廢物 ♡ @nonosa_,2025-05-06T13:04:04Z,https://www.twitch.tv/nonosa_,https://static-cdn.jtvnw.net/previews-ttv/live_user_nonosa_-{width}x{height}.jpg
0a000a22ebd84abf860bcd5ef0a5ed60,live,10點轉妖界，今天趕趕趕時間！  :|| 貓排ちゃんฅΦωΦฅ Nekokatsu ch.,2025-05-06T13:04:21Z,https://www.twitch.tv/nekokatsu_0104,https://static-cdn.jtvnw.net/previews-ttv/live_user_nekokatsu_0104-{width}x{height}.jpg
483a76d7ad1d464aa290606959ddddec,live,參加型】活動聽日deadline 刷個鎧龍B｜歡迎初見 揪團 挂台,2025-05-06T13:04:27Z,https://www.twitch.tv/timu_desu,https://static-cdn.jtvnw.net/previews-ttv/live_user_timu_desu-{width}x{height}.jpg
7dd086a606284ba6b7b584f8b00dc190,live,【作業】禮拜日可能有個告知,2025-05-06T13:04:45Z,https://www.twitch.tv/umeminana,https://static-cdn.jtvnw.net/previews-ttv/live_user_umeminana-{width}x{height}.jpg
d20c66018a094127805133f051037124,live,"【鼠鼠遊戲台】史上最壞的邪教團!!我們會扶老奶奶過馬路!!｜伊糯姆Enomu165｜指令在下方""關於我""",2025-05-06T13:05:02Z,https://www.twitch.tv/enomu165,https://static-cdn.jtvnw.net/previews-ttv/live_user_enomu165-{width}x{height}.jpg
29e2c3ae8e4d48f29fb3b89c463abb1c,live,【正在拚紫勾勾的狗勾】今天是鄰家小妹風格ㄉ造型｜菈妮菓列૮ ・ﻌ・ა,2025-05-06T13:06:06Z,https://www.twitch.tv/vtlabrador0118,https://static-cdn.jtvnw.net/previews-ttv/live_user_vtlabrador0118-{width}x{height}.jpg
23dda65e497d4888b87db304533b8138,live,【哈娜比】加班Day32｜冷氣修好ㄌ(應該)｜!加班 !棉花糖 !74｜0506,2025-05-06T13:06:09Z,https://www.twitch.tv/hanabii77,https://static-cdn.jtvnw.net/previews-ttv/live_user_hanabii77-{width}x{height}.jpg
dda9d5733f5f49f4aa77f147640040c3,live,5/6 打瓦 | 這裡是泡槍台,2025-05-06T13:06:13Z,https://www.twitch.tv/xingyi0741,https://static-cdn.jtvnw.net/previews-ttv/live_user_xingyi0741-{width}x{height}.jpg
84111bbae2be41ea96c8b2f6c755f00c,live,5/6 楓之谷中毒人...今天來楓之谷一下,2025-05-06T13:06:33Z,https://www.twitch.tv/hyoukakoori,https://static-cdn.jtvnw.net/previews-ttv/live_user_hyoukakoori-{width}x{height}.jpg
d9e5219a4cd84ac59bc35faa94729f01,live,ʚ 希比 ɞ 揪團抽獎 這是什麼遊戲丨 @hebemegami !cover,2025-05-06T13:07:02Z,https://www.twitch.tv/hebemegami,https://static-cdn.jtvnw.net/previews-ttv/live_user_hebemegami-{width}x{height}.jpg
27c0252056e84aa28da6dcebb8e86e85,live,【🌙染月  煙🥮】（劇透警告）孩子們，一起來感受絕望吧(´◓Д◔`) | #初見歡迎,2025-05-06T13:07:51Z,https://www.twitch.tv/kemuriyan,https://static-cdn.jtvnw.net/previews-ttv/live_user_kemuriyan-{width}x{height}.jpg
256252fdd3d1437995088c56e674fcf0,live,『05/06』 R一下 我還記得怎麼玩嗎... 跑跑每日   |指令:  !DC !吃 !喝 !吉他 !想吃,2025-05-06T13:08:21Z,https://www.twitch.tv/seto_m_setekh,https://static-cdn.jtvnw.net/previews-ttv/live_user_seto_m_setekh-{width}x{height}.jpg
65c0e7f6562d419e944caea644836c1f,live,【雜談】情勒一周年，如今在下的心前所未有的堅強【隆中閣_葛晨】,2025-05-06T13:09:01Z,https://www.twitch.tv/wolonggechen,https://static-cdn.jtvnw.net/previews-ttv/live_user_wolonggechen-{width}x{height}.jpg
3e7f5f5e829e4d4baca2a8a5916d60e4,live,✿．5/6｜打派派 !簽到,2025-05-06T13:11:01Z,https://www.twitch.tv/raiki_raibao,https://static-cdn.jtvnw.net/previews-ttv/live_user_raiki_raibao-{width}x{height}.jpg
cd0b2f63c88e4b4abd5b83296a5d7866,live,"喵bッ 6/5 da gay laღ ❣❣❣ 歡迎Follow, 揪團, 幫掛台 (=• ω •=)み‐❣",2025-05-06T13:14:39Z,https://www.twitch.tv/me0wi3ai3y,https://static-cdn.jtvnw.net/previews-ttv/live_user_me0wi3ai3y-{width}x{height}.jpg
2c92fe49ca9f4b8faf8f4521378857d2,live,請來看我的『Q3: Ryker's Quiz Show Season 3 Episode 48』遊戲的直播吧,2025-05-06T13:16:50Z,https://www.twitch.tv/furuichi1,https://static-cdn.jtvnw.net/previews-ttv/live_user_furuichi1-{width}x{height}.jpg
d55860f26114410c97af27ba1269e3ed,live,連吵架都可以滿滿的情緒渲染！根本就是一尊藝術品的遠征隊！【05/06】,2025-05-06T13:16:52Z,https://www.twitch.tv/joannajonas_vt,https://static-cdn.jtvnw.net/previews-ttv/live_user_joannajonas_vt-{width}x{height}.jpg
4c4ebb91c8a346b2876d1ccd1a32dead,live,【學習陪伴台】處理行程＆讀文獻,2025-05-06T13:17:33Z,https://www.twitch.tv/tsugumimayuzumi,https://static-cdn.jtvnw.net/previews-ttv/live_user_tsugumimayuzumi-{width}x{height}.jpg
9e64bba43928414884503de36f805c48,live,5/6 月經素顏人 小開 !VPN | 掛台抽哀鳳 | 訂閱YT !YT,2025-05-06T13:20:43Z,https://www.twitch.tv/wen620,https://static-cdn.jtvnw.net/previews-ttv/live_user_wen620-{width}x{height}.jpg
2e2a6c392c024bb2a68b681bc210c187,live,【遊戲】5/6 FF14 看消化到什麼時候  ft. @feifanleil,2025-05-06T13:22:08Z,https://www.twitch.tv/feifanleil,https://static-cdn.jtvnw.net/previews-ttv/live_user_feifanleil-{width}x{height}.jpg
61e81c6f534247b486b8125bd34fa960,live,【BLUE】驢子RP 一藍  @blue_kao !驢子,2025-05-06T13:22:43Z,https://www.twitch.tv/blue_kao,https://static-cdn.jtvnw.net/previews-ttv/live_user_blue_kao-{width}x{height}.jpg
480aca28939a4eb5bf558a710e21709c,live,【霧鎖王國】我們的征程是星辰大海 ft.池豪 @xxxsoxxxx 、巴醬、束褲 @shuku022472  | 揪團運動轉盤 |,2025-05-06T13:22:53Z,https://www.twitch.tv/siyuandao,https://static-cdn.jtvnw.net/previews-ttv/live_user_siyuandao-{width}x{height}.jpg
9ed7a28dd35e4e1c9400af811f6a284c,live,【5/6】把剩下兩兔兔做完然後打包！！隨便想一下新黏土來做什麽好呢(OwO)?｜歡迎追隨圖奇訂閲YT呀| 初見掛台揪團大歡迎！！ || !yt !dc !X !兔兔安安|,2025-05-06T13:23:09Z,https://www.twitch.tv/karlylinnea,https://static-cdn.jtvnw.net/previews-ttv/live_user_karlylinnea-{width}x{height}.jpg
cb52afa541704e6e8f1098a20679135c,live,►Vtuber Awen◄『GTARP』車廠躺平!!開心上班!!Day.3,2025-05-06T13:23:17Z,https://www.twitch.tv/awenvt,https://static-cdn.jtvnw.net/previews-ttv/live_user_awenvt-{width}x{height}.jpg
4da23321631a4d889104f580d301b68c,live,【休憩之夢】男娘與三流詩人的考古生活,2025-05-06T13:25:37Z,https://www.twitch.tv/eteronotoni,https://static-cdn.jtvnw.net/previews-ttv/live_user_eteronotoni-{width}x{height}.jpg
d564dc69725f4258b8b08d8d5df285a8,live,【DMC5】不只獵龍，我還會獵魔！【白風希】,2025-05-06T13:26:31Z,https://www.twitch.tv/shirakazehorufen,https://static-cdn.jtvnw.net/previews-ttv/live_user_shirakazehorufen-{width}x{height}.jpg
2d9ef8be75c34daf9ce9d17ecbbe0f7a,live,◖巫師3：狂獵◗菜鳥獵魔士來啦#12🍼奶茶當水喝,2025-05-06T13:27:41Z,https://www.twitch.tv/milktea___life,https://static-cdn.jtvnw.net/previews-ttv/live_user_milktea___life-{width}x{height}.jpg
0bf0ec441dc6489583f7218e02ab6a89,live,🎀香草奈若🎀 48等僧侶 玩具城101今天能畢業嗎｜Artale繁體中文｜🔴直播放送中🔴｜懷舊楓之谷｜MapleStory｜메이플스토리,2025-05-06T13:28:02Z,https://www.twitch.tv/nyoro0606tw,https://static-cdn.jtvnw.net/previews-ttv/live_user_nyoro0606tw-{width}x{height}.jpg
45e104a6eabe4967a6cb84e720dd8e74,live,深夜牛動：第八集,2025-05-06T13:28:09Z,https://www.twitch.tv/mijiaoas,https://static-cdn.jtvnw.net/previews-ttv/live_user_mijiaoas-{width}x{height}.jpg
9643c650b1804107b85de1f08010aa9d,live,【楓谷Artale】純刀賊36~ 繞了一圈又想回去打老鼠。 中文/日本語OK  | 2025.05.06 | #初見歡迎  #遊戲人,2025-05-06T13:28:14Z,https://www.twitch.tv/otonashikoi,https://static-cdn.jtvnw.net/previews-ttv/live_user_otonashikoi-{width}x{height}.jpg
c2777df3c8d341f4a1f0bb9cda8d9365,live,0506 | 柒夜 @chi_ya_ouo  | 突發 | --,2025-05-06T13:29:21Z,https://www.twitch.tv/chi_ya_ouo,https://static-cdn.jtvnw.net/previews-ttv/live_user_chi_ya_ouo-{width}x{height}.jpg
8125f51f9526408790a77c1c7b4a053b,live,❣️閒聊❣️你所能接受的離別 / 兌換忠誠點數 來親到😘 / !DC 來玩呀~,2025-05-06T13:30:14Z,https://www.twitch.tv/sesney720,https://static-cdn.jtvnw.net/previews-ttv/live_user_sesney720-{width}x{height}.jpg
66c812bb04844241af1d1c7539b5e251,live,公主相談所※54｜又來摸一摸深域，打一下光6-10，每周二的公主話題閒聊｜超異域公主連結☆Re:Dive,2025-05-06T13:30:21Z,https://www.twitch.tv/remon031158,https://static-cdn.jtvnw.net/previews-ttv/live_user_remon031158-{width}x{height}.jpg
ccc1420185ad46d49d40b6b774db9b11,live,【The Mr. Rabbit Magic Show】銹湖的十周年作品！兔子先生來變魔術！【星眷蕾米】,2025-05-06T13:30:47Z,https://www.twitch.tv/hoshikenremi,https://static-cdn.jtvnw.net/previews-ttv/live_user_hoshikenremi-{width}x{height}.jpg
4082168d753e42b7aca1d25e759d09a7,live,【遊戲】逆轉裁判4：第三章 #8 是時候調查薩魯曼背後的真相了！,2025-05-06T13:31:16Z,https://www.twitch.tv/dustypostie,https://static-cdn.jtvnw.net/previews-ttv/live_user_dustypostie-{width}x{height}.jpg
1addf96267ac494bb73c9e6f6e1793b8,live,5/6 好久不見! 來聊最近的飛行+仙台之旅+小唱 @takohelen1113,2025-05-06T13:32:12Z,https://www.twitch.tv/takohelen1113,https://static-cdn.jtvnw.net/previews-ttv/live_user_takohelen1113-{width}x{height}.jpg
de8c5ca15afd4534a822e5a1a9c2784e,live,[EN/中文] 0506 什麽東西都還沒做啊啊啊 !活動 | !YT !DC !掛台 @yakodoko,2025-05-06T13:32:43Z,https://www.twitch.tv/yakodoko,https://static-cdn.jtvnw.net/previews-ttv/live_user_yakodoko-{width}x{height}.jpg
a960b283b1124f44bc4bf2a16199977a,live,33遠征～,2025-05-06T13:33:42Z,https://www.twitch.tv/muiii0x0,https://static-cdn.jtvnw.net/previews-ttv/live_user_muiii0x0-{width}x{height}.jpg
e6794eac6ea541c5a9e5570a041ac3b9,live,【歌枠/KARAOKE】禮拜日要搬家，邊收拾邊練歌 | 掛台幫我調5% | !line貼圖 @yuyake_ebi,2025-05-06T13:33:56Z,https://www.twitch.tv/yuyake_ebi,https://static-cdn.jtvnw.net/previews-ttv/live_user_yuyake_ebi-{width}x{height}.jpg
9deb096c2fb943a7ae7487bf25e28026,live,今天可以變成銀河鐵道(?)嗎 With.瞳夜、暮恩、周東令,2025-05-06T13:34:40Z,https://www.twitch.tv/lenyueh,https://static-cdn.jtvnw.net/previews-ttv/live_user_lenyueh-{width}x{height}.jpg
d81d1032a43642eca36e82ba9a3c39c5,live,≠ ∧ ｏ｜05 . 06｜打週任再來陪我工作一下｜晚鳥周邊至 5/10｜R18ASMR & 電子桌布綠界,2025-05-06T13:35:12Z,https://www.twitch.tv/zao526,https://static-cdn.jtvnw.net/previews-ttv/live_user_zao526-{width}x{height}.jpg
6a915915ad2a4d29b524ebd50f2dbbe4,live,【阿瑪特拉斯 】5/6 驢子RP Day28  瘋子谷,2025-05-06T13:35:20Z,https://www.twitch.tv/ranamase,https://static-cdn.jtvnw.net/previews-ttv/live_user_ranamase-{width}x{height}.jpg
d09b9f800b7940deb1f8a2b58a302f07,live,仆街仔幾時死？| ✨6/17六周年你唔係唔餵棉花糖啊嘛? 💜@kimmyje,2025-05-06T13:36:13Z,https://www.twitch.tv/kimmyje,https://static-cdn.jtvnw.net/previews-ttv/live_user_kimmyje-{width}x{height}.jpg
5f8e197a06bc453e8d9e0a1c6cb92f1c,live,【咕咕嚕諾姆】|【MHWilds】緊急招募咕咕雞支援 🥐20250506🥐 @gurugnome,2025-05-06T13:37:57Z,https://www.twitch.tv/gurugnome,https://static-cdn.jtvnw.net/previews-ttv/live_user_gurugnome-{width}x{height}.jpg
c747687c19704747b4cae2d4d5715aa0,live,如果聽不懂主播在說什麼請見諒  | IG置頂 !抽獎活動,2025-05-06T13:38:23Z,https://www.twitch.tv/ucnya,https://static-cdn.jtvnw.net/previews-ttv/live_user_ucnya-{width}x{height}.jpg
12ece01ae7004e9195e79309f0cdae40,live,🍌 ▶ 標題都不改 ⎚   🍌  ( ๑ •̀ ㅁ •́ ฅ ),2025-05-06T13:39:08Z,https://www.twitch.tv/monkeykii,https://static-cdn.jtvnw.net/previews-ttv/live_user_monkeykii-{width}x{height}.jpg
965ff8a77ab845aaac693d9c7a56f82d,live,5/6〔 🐧呼呼﹞沙威瑪傳奇 | 🧊 乾我不想聽到更多露比醬はーい！了 🧊,2025-05-06T13:39:43Z,https://www.twitch.tv/penguinhuhu,https://static-cdn.jtvnw.net/previews-ttv/live_user_penguinhuhu-{width}x{height}.jpg
d2e2645a97a14ce4b58a7884c0e6ec56,live,【】摸魚我要摸魚！！！｜委託！畫圖！聊天！！唱歌！！｜,2025-05-06T13:40:19Z,https://www.twitch.tv/inayakunemu,https://static-cdn.jtvnw.net/previews-ttv/live_user_inayakunemu-{width}x{height}.jpg
a429c3010da544bab919814a3ea472a4,live,【5/5】先lol 再龍 | FT.  | @kijyou_yukino | 想要酷酷的紫勾勾  【CN/JP】,2025-05-06T13:40:27Z,https://www.twitch.tv/kijyou_yukino,https://static-cdn.jtvnw.net/previews-ttv/live_user_kijyou_yukino-{width}x{height}.jpg
23d18a6678794320b2d3f9d468b9b3a4,live,『夜族崛起』一起曬太陽一起被大蒜臭ＲＲＲ💕「龍種族是什麼？」應該是瀼旎爾龍吧（讓你耳聾）꙳ ˖.✧☾.˖凜澪月˖.☾✦.˖ ꙳ ✧聒噪系人妻四足古飛龍✦,2025-05-06T13:42:47Z,https://www.twitch.tv/linlingyue,https://static-cdn.jtvnw.net/previews-ttv/live_user_linlingyue-{width}x{height}.jpg
5c7beefaa54444e3b0443d7abd93c1f7,live,2025•05•06 晚安 │ !周邊 #三毛毛毛 !貼圖 │ @san_mou,2025-05-06T13:46:13Z,https://www.twitch.tv/san_mou,https://static-cdn.jtvnw.net/previews-ttv/live_user_san_mou-{width}x{height}.jpg
4c34c44a98974b709f7dbc7618847fd6,live,5/6 哼哼哈哈 ( *・ω・)✄,2025-05-06T13:46:28Z,https://www.twitch.tv/5l5l3,https://static-cdn.jtvnw.net/previews-ttv/live_user_5l5l3-{width}x{height}.jpg
25619abc5e0d4f79839e48d83234eaf8,live,【死亡擱淺】偷D送貨❄ @hope_demeter,2025-05-06T13:46:31Z,https://www.twitch.tv/hope_demeter,https://static-cdn.jtvnw.net/previews-ttv/live_user_hope_demeter-{width}x{height}.jpg
43e557d175ce462b97c4c406954d8c04,live,🎄【🪐不同的星球】續作開啟！ ft.一隻克利夫 Ep.1 \ 初見歡迎！/【⭐一隻阿橋 | 粵語 | HKVtuber🐿️】【06.05.2025】🎄,2025-05-06T13:53:57Z,https://www.twitch.tv/ahashikkiu_,https://static-cdn.jtvnw.net/previews-ttv/live_user_ahashikkiu_-{width}x{height}.jpg
88526add0348499c95bd5838a5f35989,live,【蕪憂】0506 噢我的瓦之力啊｜!棉花糖 ←募集中｜VALORANT,2025-05-06T13:54:03Z,https://www.twitch.tv/blackteaorme,https://static-cdn.jtvnw.net/previews-ttv/live_user_blackteaorme-{width}x{height}.jpg