VTuber ID,Video Type,Title,Publish Time,URL,Thumbnail URL
47d591738d2449a496e7ce140b539662,live,【遊戲】剛拔完智齒 無聲台 左邊美圖 @seafoodisgood087 畫的,2024-05-01T18:19:43Z,https://www.twitch.tv/geli0725,https://static-cdn.jtvnw.net/previews-ttv/live_user_geli0725-{width}x{height}.jpg
e18c43e19e9b4fc8af0cdc24c33ae476,live,0502 | 唯一清流就4我 | 資訊欄可以玩聲音 | !掛台要5%音量<3 !dc 我婆 @hananekohime,2024-05-01T19:09:02Z,https://www.twitch.tv/hedgehog259,https://static-cdn.jtvnw.net/previews-ttv/live_user_hedgehog259-{width}x{height}.jpg
2c6b5ad20b4e4bdc85310b791d02b364,live,【05/02】加班D42⁝⁝✦病病還沒好蘿✦小小聲說話 今天也是努力加班的一天 你要陪我嗎？ | @beilooo 加班台還債中 ||!心疼幫 !加班 !揪團 !釣魚,2024-05-02T02:36:44Z,https://www.twitch.tv/beilooo,https://static-cdn.jtvnw.net/previews-ttv/live_user_beilooo-{width}x{height}.jpg
ff88906b47654805b8370426415f1183,live,▌0503【工作 | 畫皮】晚點繼續拆 | 幫我當掛台機器人 嗶啵嗶啵 | !dc | @fuutaisbest,2024-05-02T05:53:22Z,https://www.twitch.tv/fuutaisbest,https://static-cdn.jtvnw.net/previews-ttv/live_user_fuutaisbest-{width}x{height}.jpg
66f7f39ae20e44d39c8ed53da5ca53e7,live,!抽獎 默默爬分 友人場可以用忠誠點數換♥__歡迎掛台+追隨+小奇點+訂閱填罐罐(๑´ڡ`๑),2024-05-02T10:50:33Z,https://www.twitch.tv/yumi_jiang222,https://static-cdn.jtvnw.net/previews-ttv/live_user_yumi_jiang222-{width}x{height}.jpg
63a55bc5320e4f148ed0abd7991b0e01,live,蕾妮｜05/03 睡死累累人@忘記關台 你們聽歌吧 !cover !周邊 !鴞災,2024-05-02T12:35:30Z,https://www.twitch.tv/reneesnowy,https://static-cdn.jtvnw.net/previews-ttv/live_user_reneesnowy-{width}x{height}.jpg
5535c9524eb046c38e172ebfa06b302f,live,🟠【原神】音樂台+作業台 ｜UID儲值→ !LD (送5%優惠券) !曼德洛 ▹ @ruroroisme ◃,2024-05-02T13:04:51Z,https://www.twitch.tv/ruroroisme,https://static-cdn.jtvnw.net/previews-ttv/live_user_ruroroisme-{width}x{height}.jpg
1d1e155c827e4ed2a0596c256983c22d,live,5/3 一周年就在5/10唷 ! ∥ !2.0 !line貼圖 !瓦id ∥ @riikiyuki ∥ 歡迎掛台(? 記得開聲音餒! 如果能跟我多聊天是最好的<3,2024-05-02T13:11:22Z,https://www.twitch.tv/riikiyuki,https://static-cdn.jtvnw.net/previews-ttv/live_user_riikiyuki-{width}x{height}.jpg
a83b6d485350402b90238deb371ae654,live,【夢娜】二週年加班台開始~ !加班 !同樂加時【加班台Day253】【歡迎掛台】,2024-05-02T13:24:23Z,https://www.twitch.tv/monna_nana,https://static-cdn.jtvnw.net/previews-ttv/live_user_monna_nana-{width}x{height}.jpg
105f7890339346329ab408f423f617c3,live,【u魚】5/3 | 釣魚聽歌台DAY4 | 我婆 @hananekohime @yidhra0727 @fuyudzuki_sakura | 幫我自主訂閱 窩想要紫勾勾!!!愛你們❤ | @ufish_uwu,2024-05-02T20:02:18Z,https://www.twitch.tv/ufish_uwu,https://static-cdn.jtvnw.net/previews-ttv/live_user_ufish_uwu-{width}x{height}.jpg
bf03fd8b5b55481590ea63338c5cdd20,live,5/3 加班台day176 !加班 / 揪團每10人2分 / !DC / @komorikuma_vtuber / 7tv++,2024-05-02T20:25:04Z,https://www.twitch.tv/komorikuma_vtuber,https://static-cdn.jtvnw.net/previews-ttv/live_user_komorikuma_vtuber-{width}x{height}.jpg
c9ece3513c804b3db003cd8fca683857,live,【新手黑色沙漠／農夫台／#搬家後的每日活下去05】乾我一無所有我是新手真的 // !綠界 !七夕 !dc !周邊 !魔儲 //【@re_winnie】,2024-05-02T20:40:57Z,https://www.twitch.tv/re_winnie,https://static-cdn.jtvnw.net/previews-ttv/live_user_re_winnie-{width}x{height}.jpg
3a932cc8813343b6bb5d822cb2f53558,live,【5/3】休息中 @naomi_vtuber !魔儲 !週邊 !訂閱禮【VTuber/ 娜歐蜜】,2024-05-02T20:42:18Z,https://www.twitch.tv/naomi_vtuber,https://static-cdn.jtvnw.net/previews-ttv/live_user_naomi_vtuber-{width}x{height}.jpg
2971554445614cfaaccddd9cde93c599,live,｜5月加班ing  !加班｜掛台OK｜ 追隨、斗內大感謝！｜ @hoshimi_rei  ｜✨,2024-05-02T21:03:04Z,https://www.twitch.tv/hoshimi_rei,https://static-cdn.jtvnw.net/previews-ttv/live_user_hoshimi_rei-{width}x{height}.jpg
887b37336c9c4730809ace8b5e38df17,live,守護地球露✦桌布解鎖開放下載⭐˚ !dc !推特｜🍭訂閱新貼圖上架囉.ᐟ.ᐟ,2024-05-02T22:21:05Z,https://www.twitch.tv/isyourlulu,https://static-cdn.jtvnw.net/previews-ttv/live_user_isyourlulu-{width}x{height}.jpg
9af7c10c618844f08a327d38753124bd,live,【酒樂霧子】0503_24HR耐久 | 第三棒啟動！食指抖到不會單點的瓦 勞動帕魯24小時加班接力#3 | !yt !會員 !規則 !指令 !嗨嗶,2024-05-02T22:48:37Z,https://www.twitch.tv/shurakukiriko,https://static-cdn.jtvnw.net/previews-ttv/live_user_shurakukiriko-{width}x{height}.jpg
07e7b5801c93482daf6a6259ec569e43,live,雀魂 ft: 烏塔塔、 夜夜、嚕希,2024-05-02T23:26:53Z,https://www.twitch.tv/sakura0999,https://static-cdn.jtvnw.net/previews-ttv/live_user_sakura0999-{width}x{height}.jpg
7e26ddf485a84c0cb6d781a3bf432c55,live,ฅ՞•ﻌ•՞ฅ 我剛點了一樣菜還沒來，叫有點想妳 ✦ @ee_1111 | !簽 !笑話 !地震報告,2024-05-02T23:46:21Z,https://www.twitch.tv/ee_1111,https://static-cdn.jtvnw.net/previews-ttv/live_user_ee_1111-{width}x{height}.jpg
5f68c9b585ad40c0ada7697c9b7f5055,live,05/03 | 加班台Day1 | !加班台 +7tv !賭 推薦自主訂閱 |  @lino_0606,2024-05-03T00:12:35Z,https://www.twitch.tv/lino_0606,https://static-cdn.jtvnw.net/previews-ttv/live_user_lino_0606-{width}x{height}.jpg
e4bea3dcc8934426a57516d4d6b373f4,live,早安 ▸ @neoneon_n  ෆ !加班 !周邊,2024-05-03T00:36:53Z,https://www.twitch.tv/neoneon_n,https://static-cdn.jtvnw.net/previews-ttv/live_user_neoneon_n-{width}x{height}.jpg
c79c2ac57f9048eebdc1b9329209e19f,live,【拓始】2023/5/3  四天連續不關播｜歡迎跟台主互動聊天｜!星穹!原神!yt!新影片!掉寶,2024-05-03T00:44:39Z,https://www.twitch.tv/takushi_topo,https://static-cdn.jtvnw.net/previews-ttv/live_user_takushi_topo-{width}x{height}.jpg
6c7336d4605540c6871de5f96874129c,live,轉盤活動試手氣♥ | !一番賞 !網聚 |  @mibao1013,2024-05-03T00:50:17Z,https://www.twitch.tv/mibao1013,https://static-cdn.jtvnw.net/previews-ttv/live_user_mibao1013-{width}x{height}.jpg
943129b96d2341bcb7b25a66c9da2354,live,🔥魔王🔥 極地拓荒 !dc  年底主副頻道轉移計劃進行中詳情請見 !Kick,2024-05-03T01:34:52Z,https://www.twitch.tv/harnaisxsumire,https://static-cdn.jtvnw.net/previews-ttv/live_user_harnaisxsumire-{width}x{height}.jpg
d613059b356d4cc9b1c3e998f32d1a5a,live,05/03ᕕ( ᐛ )ᕗ5月的第3天，今天是復仇之日,2024-05-03T02:00:30Z,https://www.twitch.tv/kuma7owo,https://static-cdn.jtvnw.net/previews-ttv/live_user_kuma7owo-{width}x{height}.jpg
aef2ed42d49343f28394b6335695b5ac,live,原神，禮拜六晚上wwz ft.西瓜、勳米，感謝掛台，禮拜日白天夜鶯傳說 ft.雪子狐熊、勳米，晚上wwz ft.幽靈兒、勳米，預計玩完RDR2 法環 2077 0503,2024-05-03T02:37:49Z,https://www.twitch.tv/yuncream,https://static-cdn.jtvnw.net/previews-ttv/live_user_yuncream-{width}x{height}.jpg
75a90497bfc2480f954c276b70f7b1c3,live,手遊廢人上工陪大家度過最後一個上班日｜乙叶大二｜客倌路過要不要進來坐坐🍵｜ @hihifat2,2024-05-03T04:15:54Z,https://www.twitch.tv/hihifat2,https://static-cdn.jtvnw.net/previews-ttv/live_user_hihifat2-{width}x{height}.jpg
4b7c733a13d247ec84844698ecc7ba0c,live,0503 | 單排人胃又繼續不舒服｜喵比與魔儲合作啦OvOb｜  @nyabi_npc  ｜ !三週年 !魔儲 !貼圖  !DC !委託 !UID 看台使用7TV,2024-05-03T04:44:03Z,https://www.twitch.tv/nyabi_npc,https://static-cdn.jtvnw.net/previews-ttv/live_user_nyabi_npc-{width}x{height}.jpg
793ec2d37c544cc7915d3dc3e9902e1d,live,【菜雞阿巴團】ㄚㄚㄚ~要來打瓦拉ㄚㄚㄚ~我也是小菜逼!!! @kozukiyuki_0710 @hameowmeow @bailinmeng @zeyue0417 @rinusaki,2024-05-03T04:53:54Z,https://www.twitch.tv/kozukiyuki_0710,https://static-cdn.jtvnw.net/previews-ttv/live_user_kozukiyuki_0710-{width}x{height}.jpg
46a16e41f2af4523adeb4556f2e0b0d5,live,[國/粵] 5/3 ٩(๑´д`๑)۶ﻌﻌﻌ ♥ ❤︎,2024-05-03T05:34:00Z,https://www.twitch.tv/gogo_1205,https://static-cdn.jtvnw.net/previews-ttv/live_user_gogo_1205-{width}x{height}.jpg
6a963053004f4deaa0dbdf875db41879,live,(兩倍血量災厄煉獄)來看我受苦 /// 05/03 /// !DC !推特,2024-05-03T05:46:45Z,https://www.twitch.tv/yamakage_haaru,https://static-cdn.jtvnw.net/previews-ttv/live_user_yamakage_haaru-{width}x{height}.jpg
f7c48554816643cdb8d343e6e9e6d313,live,【RELIVE_諾櫻NOE🌸】別人的身體裡都是才華，你的身體裡都是珍珠奶茶🌸我也好想要那個酷酷的紫色勾勾❤ !魔儲 !3D募資 感冒,2024-05-03T05:54:30Z,https://www.twitch.tv/re_noe_,https://static-cdn.jtvnw.net/previews-ttv/live_user_re_noe_-{width}x{height}.jpg
803435ca691f43a4b02360926fee23d1,live,【柚香】周末可以去跟大野豬玩!! | 模型製作 與 @wearethreecatfish 合作 | !點餐 !哈欠 !魔儲 | 5/3,2024-05-03T06:09:43Z,https://www.twitch.tv/yukou_ouo,https://static-cdn.jtvnw.net/previews-ttv/live_user_yukou_ouo-{width}x{height}.jpg
6a6547a3f19d4870a6f11b88c60a5296,live,SophieK 小菲 ｜嗨批嗨批嗨批~ ｜PF_兩日T0102 IF_R28｜ !DC,2024-05-03T06:12:25Z,https://www.twitch.tv/sophiek9865,https://static-cdn.jtvnw.net/previews-ttv/live_user_sophiek9865-{width}x{height}.jpg
61e81c6f534247b486b8125bd34fa960,live,【BLUE】漢堡排真的好吃 @blue_kao,2024-05-03T06:21:11Z,https://www.twitch.tv/blue_kao,https://static-cdn.jtvnw.net/previews-ttv/live_user_blue_kao-{width}x{height}.jpg
4d96aeef13f949e19026682e337db138,live,【芮德G碧露】5/3 永劫菜鳥上線啦~~! 觀眾場 | 旗袍4.0募資開跑~ | 每日小奇點喝水2000ml挑戰!!,2024-05-03T06:31:53Z,https://www.twitch.tv/redgreenbluee,https://static-cdn.jtvnw.net/previews-ttv/live_user_redgreenbluee-{width}x{height}.jpg
644e669aa31443fe9a61a14e75ebd21e,live,【格林諾辰】做人需要懂得閱讀空氣│請幫掛台>申請勾勾 │05/03,2024-05-03T06:44:55Z,https://www.twitch.tv/nouchen_,https://static-cdn.jtvnw.net/previews-ttv/live_user_nouchen_-{width}x{height}.jpg
37e88453b9cb48b1863bc455328b34c1,live,浣熊🦝 5/3 何服器大開荒時代 ft.森內寅時 | 歡掛台 |國粵語,2024-05-03T06:45:22Z,https://www.twitch.tv/kinarira,https://static-cdn.jtvnw.net/previews-ttv/live_user_kinarira-{width}x{height}.jpg
ec1dec0e956c41ea97dfcebe96bc41b4,live,-  5/3 Soulmask Demo 試玩 |!手把 !五月轉盤 !層三訂閱 !魔儲,2024-05-03T06:51:58Z,https://www.twitch.tv/tian_0301,https://static-cdn.jtvnw.net/previews-ttv/live_user_tian_0301-{width}x{height}.jpg
0979940d57534fc0948e24369aa495c5,live,超商一小時,2024-05-03T07:01:00Z,https://www.twitch.tv/dkxy19,https://static-cdn.jtvnw.net/previews-ttv/live_user_dkxy19-{width}x{height}.jpg
3f2e41bdee4145f59fa97830ba3f5edb,live,【飛毒】午後加班羊羊 加班時數已收集完成 ~ 努力減班羊羊 🐑 2.0周邊賣場準備中 ♥【05/03】,2024-05-03T07:01:05Z,https://www.twitch.tv/virus_flying,https://static-cdn.jtvnw.net/previews-ttv/live_user_virus_flying-{width}x{height}.jpg
9be839573d1a4944a93740ca42fa65d4,live,ଘ打一下AOE我就要關台去永劫啦,2024-05-03T07:04:10Z,https://www.twitch.tv/sariel_0041,https://static-cdn.jtvnw.net/previews-ttv/live_user_sariel_0041-{width}x{height}.jpg
7754a4ea82814b7fbbecfcf459382001,live,【♡阿咪老蘇♡】5/3 ❣ 好想瓦的組合包❣ 阿咪的訂閱加強版集氣中 ♡ ( ੭ ˙ᗜ˙ )੭ ♡,2024-05-03T07:06:37Z,https://www.twitch.tv/qmi_uwumai0612,https://static-cdn.jtvnw.net/previews-ttv/live_user_qmi_uwumai0612-{width}x{height}.jpg
976e0cf401784d3f874dc85b2b2c5839,live,0503 A 坐牢打任務 ft. Justin,2024-05-03T07:12:37Z,https://www.twitch.tv/lupo_relive,https://static-cdn.jtvnw.net/previews-ttv/live_user_lupo_relive-{width}x{height}.jpg
accb26f2db2746e898b68ab07dd3c5bc,live,【VTuber薰雪珞】N.1064突發、「坎蒂絲生日快樂！」「聯結振晶挑戰活動完結。使用羅盤之力地圖亂跑w。」多平台遊戲：原神。（!LDShop）(訂閱無廣告)(啟用掉寶),2024-05-03T07:28:30Z,https://www.twitch.tv/xunshueluo,https://static-cdn.jtvnw.net/previews-ttv/live_user_xunshueluo-{width}x{height}.jpg
ed28c754bb704dbf8a296f7008c2b5e4,live,[3/5] 上班中~來掛台聽歌 18/5新衣裝 努力邁向900追 歡迎初見和降落 !RG31 !新Cover !DC 遊戲儲值找 !魔儲 🦊陽一Youichi @youichi_vtu3e,2024-05-03T07:42:17Z,https://www.twitch.tv/youichi_vtu3e,https://static-cdn.jtvnw.net/previews-ttv/live_user_youichi_vtu3e-{width}x{height}.jpg
f53807443055490f87b85ded6caee0aa,live,5/3【可樂月月】一起打瓦! 觀眾可以++ ID: 可樂月月 #1212 好友++ 🦴 @colamoonie 🐶,2024-05-03T08:02:14Z,https://www.twitch.tv/colamoonie,https://static-cdn.jtvnw.net/previews-ttv/live_user_colamoonie-{width}x{height}.jpg
f8ade397837d42f7a9167e0d4f20fc56,live,5/3 怎麼這麼難選 歌都太頂了...,2024-05-03T08:06:20Z,https://www.twitch.tv/kurokiri_teikou,https://static-cdn.jtvnw.net/previews-ttv/live_user_kurokiri_teikou-{width}x{height}.jpg
ca8d038d311e4cccb2deded15cee89cd,live,「魔物獵人冰原_參加型」剛好有點時間就打到7點(20240503),2024-05-03T08:06:53Z,https://www.twitch.tv/kamiyamaszn,https://static-cdn.jtvnw.net/previews-ttv/live_user_kamiyamaszn-{width}x{height}.jpg
cd1224f4756340c594f3c36245e9b4d4,live,【凜空ゆあ】港詭實錄 | 一堆恐怖遊戲等著我玩qq速通!,2024-05-03T08:07:51Z,https://www.twitch.tv/rikuyua_0x0,https://static-cdn.jtvnw.net/previews-ttv/live_user_rikuyua_0x0-{width}x{height}.jpg
a34564e3f6574070b6e8e82f7bbfb2fa,live,5/3 每當各位甩竿一次，世界上就少了50個喵喵肉球 ฅ^◕ﻌ◕^ฅ | !芝麻魚 !排行榜 | 歡迎掛台聊天 | @jasminebabee | 5/20 18:00 初配信 不見不散,2024-05-03T08:09:30Z,https://www.twitch.tv/jasminebabee,https://static-cdn.jtvnw.net/previews-ttv/live_user_jasminebabee-{width}x{height}.jpg
9b33b75521bd43bca3346790ac65559c,live,◜荻娜◞ 5/3 【雀魂夜18:30開始】  @mtow9140   ✓   !民代  !YT  !活動,2024-05-03T08:12:45Z,https://www.twitch.tv/mtow9140,https://static-cdn.jtvnw.net/previews-ttv/live_user_mtow9140-{width}x{height}.jpg
288d3972d3164ee595228b8a5959ac00,live,【雨鼠】05/03FA 貼圖-可能中途去弄晚餐｜  @rainchinchilla ｜MEPay魔儲最安心！｜可以的話請幫雨鼠掛個台~｜,2024-05-03T08:19:09Z,https://www.twitch.tv/rainchinchilla,https://static-cdn.jtvnw.net/previews-ttv/live_user_rainchinchilla-{width}x{height}.jpg
921d25072caf403ea797c3d5f61f84cf,live,0503 | 者麼有人騙我上班,2024-05-03T08:30:06Z,https://www.twitch.tv/kamijo11298,https://static-cdn.jtvnw.net/previews-ttv/live_user_kamijo11298-{width}x{height}.jpg
1a95bb88e451498ca3491b69af964588,live,5/3 剛吃飽 好想睡 希望晚點練習賽開的成 | !比賽 !麻雀 !周邊 !台規 !音量 | @hsuanhsuandesu,2024-05-03T08:30:50Z,https://www.twitch.tv/hsuanhsuandesu,https://static-cdn.jtvnw.net/previews-ttv/live_user_hsuanhsuandesu-{width}x{height}.jpg
52ff14aabd804801a6e589681fc2fb4d,live,殘月 EclipseYuki Eng/中,2024-05-03T08:32:56Z,https://www.twitch.tv/eclipseyuki,https://static-cdn.jtvnw.net/previews-ttv/live_user_eclipseyuki-{width}x{height}.jpg
6bb236447ed9412a98c9b2d7c9069e10,live,【熊貓】05/03 阿巴阿巴｜!餅乾｜!r18福利圖｜《2000追舉辦抽獎》｜Ft：,2024-05-03T08:55:29Z,https://www.twitch.tv/panda0219work,https://static-cdn.jtvnw.net/previews-ttv/live_user_panda0219work-{width}x{height}.jpg
fd6a0236861940389e15ef85b16c6069,live,"烟花－0503－ 晚上六點人鬼錦標賽,快打是一款非常困難的遊戲🍥🌟 |!加班 !表單 !LINE  ꜀(^. .^꜀ )꜆੭",2024-05-03T08:58:38Z,https://www.twitch.tv/hennie2001,https://static-cdn.jtvnw.net/previews-ttv/live_user_hennie2001-{width}x{height}.jpg
fcb4d9b8cd4a49dba6b421d97c179065,live,跟鳥鳥一起來找回最初的感動吧! #追隨追起來 #六月草,2024-05-03T09:00:39Z,https://www.twitch.tv/mayasuzume,https://static-cdn.jtvnw.net/previews-ttv/live_user_mayasuzume-{width}x{height}.jpg
c17ad3ef81904c26982024c9af1f0f3a,live,The游戲加班台 31🍑游戲直播 | 今天姐姐不在家，不如我們背著她偷偷地…來玩雀魂 0305🍑加班台詳情 !mr🍑聲音1%掛台可以讓她賺多點生活費🍑 @kannazukimiharu,2024-05-03T09:01:29Z,https://www.twitch.tv/kannazukimiharu,https://static-cdn.jtvnw.net/previews-ttv/live_user_kannazukimiharu-{width}x{height}.jpg
0448e6929687421c9e0435832765b9fe,live,5/3 小唱一下再來輕鬆爬個分｜確診大病出獄 剩陰魂不散的咳嗽｜!新cover｜w/,2024-05-03T09:03:18Z,https://www.twitch.tv/ryoueg,https://static-cdn.jtvnw.net/previews-ttv/live_user_ryoueg-{width}x{height}.jpg
c7f53f2fbdbe4db488629ab4d738a16a,live,"❤️Demonologist❤️看小惜日殘,氣到你們都高血壓WWW ft.",2024-05-03T09:05:36Z,https://www.twitch.tv/yanyuanxi,https://static-cdn.jtvnw.net/previews-ttv/live_user_yanyuanxi-{width}x{height}.jpg
5cb1c062f5f94b44a41ae658f4a53f0c,live,【悠真】18 : 00探監大隊 !賽事表 | !dc !7tv | @kuronoyuma [5/3],2024-05-03T09:08:45Z,https://www.twitch.tv/kuronoyuma,https://static-cdn.jtvnw.net/previews-ttv/live_user_kuronoyuma-{width}x{height}.jpg
15cbed02d2f74630b04b73515909c1f4,live,【兔兔Kilin】終於要來正式上色了，但其實我好想看迷宮飯 (縱型直播建議用手機觀看) | Kilin Ch. #Kilin #繪師兔兔,2024-05-03T09:08:47Z,https://www.twitch.tv/kilinsart,https://static-cdn.jtvnw.net/previews-ttv/live_user_kilinsart-{width}x{height}.jpg
4ec87ced65c74722927e8fd3f219a653,live,【APEX】我是爛砲兵qq 新手菜雞來練習！,2024-05-03T09:09:16Z,https://www.twitch.tv/uasdango,https://static-cdn.jtvnw.net/previews-ttv/live_user_uasdango-{width}x{height}.jpg
32ae564b306c42cab2e1a4a8a9d6adfe,live,5/3 我還活著呦 快點把任務打完!! 飯友達成 ₍ᐢ..ᐢ₎/ 【@pururu1297 ch. 個人Vtuber】,2024-05-03T09:10:45Z,https://www.twitch.tv/pururu1297,https://static-cdn.jtvnw.net/previews-ttv/live_user_pururu1297-{width}x{height}.jpg
64e20992295c4be984e9af0a470d6440,live,"【楓兔】包手包腳的兔子,我是說受傷的兔子:D♥指令 !觀眾++",2024-05-03T09:10:51Z,https://www.twitch.tv/streamerrabbit48,https://static-cdn.jtvnw.net/previews-ttv/live_user_streamerrabbit48-{width}x{height}.jpg
483a76d7ad1d464aa290606959ddddec,live,菜鳥獵人 跑圖 收集《血源詛咒 Bloodborne》,2024-05-03T09:13:27Z,https://www.twitch.tv/timu_desu,https://static-cdn.jtvnw.net/previews-ttv/live_user_timu_desu-{width}x{height}.jpg
98619914a2eb4b07bd6bc0a02066e455,live,[遊雜]小小開一下!!!快來陪我聊天啦!!!![七小汐],2024-05-03T09:13:47Z,https://www.twitch.tv/chnang12,https://static-cdn.jtvnw.net/previews-ttv/live_user_chnang12-{width}x{height}.jpg
423dd7da92be47f4af7273c5f74efb27,live,🎐 終於回來開台哩，但是明天又要出門TT... ✦  05/03,2024-05-03T09:14:25Z,https://www.twitch.tv/fei_z,https://static-cdn.jtvnw.net/previews-ttv/live_user_fei_z-{width}x{height}.jpg
ee5418c900a7400fa44c821eaaca0218,live,20240503 oh nyo,2024-05-03T09:24:10Z,https://www.twitch.tv/shounenwind,https://static-cdn.jtvnw.net/previews-ttv/live_user_shounenwind-{width}x{height}.jpg
b6a105f12b904256ba356935ae46657f,live,✧茉茉𝕄𝕆𝕄𝕆✧⋆ʚ⭑ɞ⋆!魔儲!dc,2024-05-03T09:26:05Z,https://www.twitch.tv/shiroganemomo,https://static-cdn.jtvnw.net/previews-ttv/live_user_shiroganemomo-{width}x{height}.jpg
1d2404a7bd5a4baab9473392d62e7ca9,live,【VALORANT】下午ふるぱ┊這個月的目標：升到白金┊!yt !x,2024-05-03T09:26:48Z,https://www.twitch.tv/haibara_aepro,https://static-cdn.jtvnw.net/previews-ttv/live_user_haibara_aepro-{width}x{height}.jpg
619f48c4546c481bbc52aadc12c3e48f,live,✦幽靈線．東京✦5.03｜這遊戲好像很酷?!!｜!指令 !賭松果｜ @ritta_tta,2024-05-03T09:26:57Z,https://www.twitch.tv/ritta_tta,https://static-cdn.jtvnw.net/previews-ttv/live_user_ritta_tta-{width}x{height}.jpg
2608bc34d1f8497da55ab0cf4d0d7f0e,live,【雜台】先畫個圖壓壓驚,2024-05-03T09:33:07Z,https://www.twitch.tv/hauzhimaru,https://static-cdn.jtvnw.net/previews-ttv/live_user_hauzhimaru-{width}x{height}.jpg
71e1a399885b48e79c9a98e973e6b5e3,live,【崩壞：星穹鐵道】涉及情緒！匹諾康尼還有哪些好笑的對話？,2024-05-03T09:34:32Z,https://www.twitch.tv/vtuberslime1110,https://static-cdn.jtvnw.net/previews-ttv/live_user_vtuberslime1110-{width}x{height}.jpg
9d9c6477329245cbb2557895f4f15686,live,/ᐠ. ̫ .ᐟ\ 0503 主人! 歡迎回來 ⸜♡⸝ 呼呼呼 .ᐟ.ᐟ !YT !LINE !手機殼 !周邊,2024-05-03T09:42:28Z,https://www.twitch.tv/iitifox,https://static-cdn.jtvnw.net/previews-ttv/live_user_iitifox-{width}x{height}.jpg
5b62816b7dee4c13856f3c21629be3c4,live,【4月】｜2024/5/3｜今天是放鬆日，看比賽囉,2024-05-03T09:44:51Z,https://www.twitch.tv/mica1130,https://static-cdn.jtvnw.net/previews-ttv/live_user_mica1130-{width}x{height}.jpg
f3fe9fb6de2a477fae878a39924c15bd,live,5/3【米奧Mio】工作時間~ |!DCC |!周邊,2024-05-03T09:47:12Z,https://www.twitch.tv/naohmio,https://static-cdn.jtvnw.net/previews-ttv/live_user_naohmio-{width}x{height}.jpg
3809ec8a42634d11aa1b7b8f99755c6a,live,【花花】5/3 人鬼錦標賽 撞的贏嗎 | !周邊 | !LINE貼圖 |  !委託,2024-05-03T09:47:25Z,https://www.twitch.tv/mayberuu,https://static-cdn.jtvnw.net/previews-ttv/live_user_mayberuu-{width}x{height}.jpg
8b810380ed254a5e8a85b65552ba4e61,live,【🐇】05/03 練習賽前練一下 ｜ !VIP  !點歌 !新斗內｜ @nayomi0204,2024-05-03T09:50:24Z,https://www.twitch.tv/nayomi0204,https://static-cdn.jtvnw.net/previews-ttv/live_user_nayomi0204-{width}x{height}.jpg
6bd49f94afb144e995247388ca8c42a8,live,【橙Yuzumi】【人鬼師徒s3】今天是錦標賽！  ｜@wenlobong  @yuzumi_neon !子午捷伴  !LINE貼圖 !人鬼,2024-05-03T09:53:05Z,https://www.twitch.tv/yuzumi_neon,https://static-cdn.jtvnw.net/previews-ttv/live_user_yuzumi_neon-{width}x{height}.jpg