VTuber ID,Video Type,Title,Publish Time,URL,Thumbnail URL
5535c9524eb046c38e172ebfa06b302f,live,🔴【米遊廢人】音樂台 ｜UID安心儲值→ !LD !曼德洛 (10單送月卡)  ▹ @ruroroisme ◃,2024-07-29T13:04:45Z,https://www.twitch.tv/ruroroisme,https://static-cdn.jtvnw.net/previews-ttv/live_user_ruroroisme-{width}x{height}.jpg
2a897c484c05483f9a46467e8f448314,live,【加班台Day17】好奇怪時間都沒變| @edrain1109 | 7/31,2024-07-30T03:11:16Z,https://www.twitch.tv/edrain1109,https://static-cdn.jtvnw.net/previews-ttv/live_user_edrain1109-{width}x{height}.jpg
23354f18e2a94c9187fd0560fd874eeb,live,【賀！】 是那個小朋友一歲啦！｜一週年紀念周邊開賣啦！置頂留言表單預購衝鴨！！！！！！！｜,2024-07-30T13:05:04Z,https://www.twitch.tv/piscococo,https://static-cdn.jtvnw.net/previews-ttv/live_user_piscococo-{width}x{height}.jpg
1f455594561b421da20dde10d1540981,live,【楓棠兒】該來面對我ㄉ生日表單ㄌ(?  | !集點活動 !周邊 !生日表單 !工商 !自主訂閱 !vip !稽查 | 自主訂閱努力中，一人一訂閱救救轟棠兒♡,2024-07-30T13:29:01Z,https://www.twitch.tv/maplesyrup_0726,https://static-cdn.jtvnw.net/previews-ttv/live_user_maplesyrup_0726-{width}x{height}.jpg
644e669aa31443fe9a61a14e75ebd21e,live,【格林諾辰】 七月最後一天 訂閱幫幫QQ !加班大富翁 │自主訂閱│07/31,2024-07-30T15:22:08Z,https://www.twitch.tv/nouchen_,https://static-cdn.jtvnw.net/previews-ttv/live_user_nouchen_-{width}x{height}.jpg
fbd0d260a09c47b1a9dcc73fd41e7eca,live,7/31宇紫醬☔ │趕稿祁煜R18新刊│FF J35│CWT O07│PF40 感謝，通販準備中,2024-07-30T15:23:41Z,https://www.twitch.tv/h6x6h,https://static-cdn.jtvnw.net/previews-ttv/live_user_h6x6h-{width}x{height}.jpg
5f68c9b585ad40c0ada7697c9b7f5055,live,07/31 | 好玩GAME Day 91 | 釣魚 !加班台 +7tv !賭 推薦自主訂閱 | @lino_0606,2024-07-30T20:32:06Z,https://www.twitch.tv/lino_0606,https://static-cdn.jtvnw.net/previews-ttv/live_user_lino_0606-{width}x{height}.jpg
d4cd6eee95774ca389aebf3e783a8cd8,live,7/31 失眠遊樂園 (快打字吸引注意聊聊天!!|掛台聲音請幫忙開5%謝謝QQ,2024-07-31T01:08:08Z,https://www.twitch.tv/auspiciousfox,https://static-cdn.jtvnw.net/previews-ttv/live_user_auspiciousfox-{width}x{height}.jpg
6c7336d4605540c6871de5f96874129c,live,✦ 新版本萌新一起玩⋯ | !!甜點 !魔儲 |  @mibao1013,2024-07-31T01:22:48Z,https://www.twitch.tv/mibao1013,https://static-cdn.jtvnw.net/previews-ttv/live_user_mibao1013-{width}x{height}.jpg
887b37336c9c4730809ace8b5e38df17,live,新貼圖上架🪄練等🎀七月福利桌布dc領取‿୨୧,2024-07-31T01:24:49Z,https://www.twitch.tv/isyourlulu,https://static-cdn.jtvnw.net/previews-ttv/live_user_isyourlulu-{width}x{height}.jpg
d613059b356d4cc9b1c3e998f32d1a5a,live,【熊七月】吃棉花糖 聊聊天 !加班<抽Faker阿璃千古不滅模型>,2024-07-31T01:49:01Z,https://www.twitch.tv/kuma7owo,https://static-cdn.jtvnw.net/previews-ttv/live_user_kuma7owo-{width}x{height}.jpg
df6443487ffb4142aea2b053b4aa8db7,live,0731🍙✡️🦕 阿巴汀莉莉代班🍙盧米亞島周邊要的點網址填單！🍙🍡馬修為什麼不開台🍡,2024-07-31T01:51:22Z,https://www.twitch.tv/rin_lulurin,https://static-cdn.jtvnw.net/previews-ttv/live_user_rin_lulurin-{width}x{height}.jpg
fdb0805c65e24f13b7f23e50e0db8ae2,live,🔴【加班台DAY21】吃飯聊天點歌時間♡ 揪團每1人+1分鐘 ฅ•ω•ฅ ✧拚個紫勾掛台換抽獎券✧ @lunymeow_tw,2024-07-31T02:44:13Z,https://www.twitch.tv/lunymeow_tw,https://static-cdn.jtvnw.net/previews-ttv/live_user_lunymeow_tw-{width}x{height}.jpg
c7f53f2fbdbe4db488629ab4d738a16a,live,❤️惡鬼症/Once Human❤️訂閱或贈禮訂閱，即可獲得三個月 Apple TV+ WWW ft.,2024-07-31T03:14:49Z,https://www.twitch.tv/yanyuanxi,https://static-cdn.jtvnw.net/previews-ttv/live_user_yanyuanxi-{width}x{height}.jpg
7754a4ea82814b7fbbecfcf459382001,live,【✿阿咪老蘇✿】7/31 ❣ 訂閱阿咪拿APPLETV+免費看 ❣ FAFA 下午2點跑D   ♡ ( ੭ ˙ᗜ˙ )੭ ♡,2024-07-31T03:34:44Z,https://www.twitch.tv/qmi_uwumai0612,https://static-cdn.jtvnw.net/previews-ttv/live_user_qmi_uwumai0612-{width}x{height}.jpg
e353f482c5be4887838ea9fdf802ad91,live,✧ 哈娜 ✧ 07月31日 | 早灣 7月最後一天自主-5! 衝刺♥ | !魔儲 有折扣♥ | 勾勾需要自主訂閱300積分!謝謝每個信徒♥ 挑戰3000追前紫勾勾!,2024-07-31T03:45:25Z,https://www.twitch.tv/hananekohime,https://static-cdn.jtvnw.net/previews-ttv/live_user_hananekohime-{width}x{height}.jpg
1756e5a7f5a04ff6a7b5f482201b5cfc,live,【iZ4】🐬－7/31－陪你們閒聊度過七月的最後一天－YT頻道搬家囉－!LINE、!魔儲 @kiyomi425alice,2024-07-31T04:03:40Z,https://www.twitch.tv/kiyomi425alice,https://static-cdn.jtvnw.net/previews-ttv/live_user_kiyomi425alice-{width}x{height}.jpg
dd9bf471b0304627877f38daaec5407b,live,新手初見/見習黑魔/輕鬆休閒/歡迎聊天【歡迎~追隨與訂閱或掛台】,2024-07-31T04:24:45Z,https://www.twitch.tv/ola_bear,https://static-cdn.jtvnw.net/previews-ttv/live_user_ola_bear-{width}x{height}.jpg
2608bc34d1f8497da55ab0cf4d0d7f0e,live,【工作台】不想工作了  掛台歡迎,2024-07-31T05:30:50Z,https://www.twitch.tv/hauzhimaru,https://static-cdn.jtvnw.net/previews-ttv/live_user_hauzhimaru-{width}x{height}.jpg
46a16e41f2af4523adeb4556f2e0b0d5,live,[國/粵] 7/31   ♥ ♥ ٩(๑´д`๑)۶ﻌﻌﻌ ♥ ❤︎,2024-07-31T05:30:53Z,https://www.twitch.tv/gogo_1205,https://static-cdn.jtvnw.net/previews-ttv/live_user_gogo_1205-{width}x{height}.jpg
3a932cc8813343b6bb5d822cb2f53558,live,【7/31】吃飯去~7月最後一天~  !魔儲 !週邊 !訂閱禮【VTuber/ 娜歐蜜】,2024-07-31T06:08:51Z,https://www.twitch.tv/naomi_vtuber,https://static-cdn.jtvnw.net/previews-ttv/live_user_naomi_vtuber-{width}x{height}.jpg
76165d25983b463eaa1da66c86a32b7c,live,【日常】終於有目標的夜彩 歡迎點歌 | @yorurovtuber,2024-07-31T06:31:17Z,https://www.twitch.tv/yorurovtuber,https://static-cdn.jtvnw.net/previews-ttv/live_user_yorurovtuber-{width}x{height}.jpg
6a915915ad2a4d29b524ebd50f2dbbe4,live,【天瀬らん 】7/31  瓦瓦熱身,2024-07-31T06:47:47Z,https://www.twitch.tv/ranamase,https://static-cdn.jtvnw.net/previews-ttv/live_user_ranamase-{width}x{height}.jpg
7e8fe40622974698a75d14d78006e009,live,07/31 | 雜談OR同步視聽 | 7/31 Twitch訂閱活動開跑啦~,2024-07-31T07:04:10Z,https://www.twitch.tv/ninawinnnina,https://static-cdn.jtvnw.net/previews-ttv/live_user_ninawinnnina-{width}x{height}.jpg
5e931b583dfe4fdc98d10e4dceaf2c93,live,《繪圖or建模台》跟婆 @kamiya_uyuki 一起工作!!早該這麼做了吧! ~  歡迎聊天+掛台 !SR點歌 !DC,2024-07-31T07:05:54Z,https://www.twitch.tv/anchya1122,https://static-cdn.jtvnw.net/previews-ttv/live_user_anchya1122-{width}x{height}.jpg
0c05eca1975b40b3a0b54d3dfd61055d,live,暗黑地牢就是按一下就會很黑💜【遊雜 暗黑地牢】【午夜貓與魔女妲妲 @zobolucifer 】 掛台請開1%音量UwU 240722,2024-07-31T07:08:21Z,https://www.twitch.tv/zobolucifer,https://static-cdn.jtvnw.net/previews-ttv/live_user_zobolucifer-{width}x{height}.jpg
59e3094256344f8c83a3f4355b8b667b,live,【7/31】先來抽個卡等等再打LOL★音量5%掛台 歡迎降落★ ｜!fish｜!花瓣｜ @tsukimireika ft. @panda0219work,2024-07-31T07:22:36Z,https://www.twitch.tv/tsukimireika,https://static-cdn.jtvnw.net/previews-ttv/live_user_tsukimireika-{width}x{height}.jpg
4ba065758aa94ce18cfe227cc37b1afe,live,7/31🐰新米小草成長記⛄️3.0吞了刀決心復仇🐇想拚個紫勾勾 ♔ 雪寶周邊商場開啟囉 @shinyuki2511,2024-07-31T07:47:01Z,https://www.twitch.tv/shinyuki2511,https://static-cdn.jtvnw.net/previews-ttv/live_user_shinyuki2511-{width}x{height}.jpg
663275f544cb427c85f2adde495e7f00,live,【練槍練到死】8 月 19 日中午 12 點前訂閱（續訂不算）或贈送訂閱就能免費觀看 Apple TV+ 三個月，還能搭配夏日假期活動，買到賺到｜ @hina_413 ｜我很可愛我很瘋癲，訂閱我快點｜!Twitter !活動｜,2024-07-31T07:47:35Z,https://www.twitch.tv/hina_413,https://static-cdn.jtvnw.net/previews-ttv/live_user_hina_413-{width}x{height}.jpg
a84b1b6deabc462b9cf994fd02304b5b,live,【颱風天後什麼菜都好貴】,2024-07-31T07:54:07Z,https://www.twitch.tv/uriah0616,https://static-cdn.jtvnw.net/previews-ttv/live_user_uriah0616-{width}x{height}.jpg
cd1224f4756340c594f3c36245e9b4d4,live,【凜空ゆあ】永劫無間 | ••୨୧萬物皆可愛୨୧•• | 釣魚寶藏到今日 | 8月小活動進行中 | 連動/工商/掛台/超大歡迎 @rikuyua_0x0,2024-07-31T08:00:22Z,https://www.twitch.tv/rikuyua_0x0,https://static-cdn.jtvnw.net/previews-ttv/live_user_rikuyua_0x0-{width}x{height}.jpg
3cfc2b54a543469b92a95ff1e3f1da54,live,【春日哈娜比】｜CN/EN｜換遊戲中｜艾爾登DLC不打完不關台,2024-07-31T08:05:02Z,https://www.twitch.tv/hanabi_meow,https://static-cdn.jtvnw.net/previews-ttv/live_user_hanabi_meow-{width}x{height}.jpg
256252fdd3d1437995088c56e674fcf0,live,『波利』解解每日... 教皇好口愛...                                                                                        |指令: !DC !吃 !喝,2024-07-31T08:06:22Z,https://www.twitch.tv/seto_m_setekh,https://static-cdn.jtvnw.net/previews-ttv/live_user_seto_m_setekh-{width}x{height}.jpg
bf277797951346fe991c27c79a6c5081,live,07/31【白兔】鐵道啟動!! 需要代抽可以問 。下雨了， 目前絕區零42等~｜ @rabbit1102 ｜ !  兔兔與魔儲合作囉~ !魔儲｜   (◍•ᴗ•◍)❤,2024-07-31T08:11:58Z,https://www.twitch.tv/rabbit1102,https://static-cdn.jtvnw.net/previews-ttv/live_user_rabbit1102-{width}x{height}.jpg
6b21f41580a64cc7ab15d219a612723b,live,[ zuzu ]安安 !台規,2024-07-31T08:20:07Z,https://www.twitch.tv/zuzu_lemon_,https://static-cdn.jtvnw.net/previews-ttv/live_user_zuzu_lemon_-{width}x{height}.jpg
a9396c8dd95e43b29c694b14afa07ac4,live,早上好圖奇，你的甜妹涅米還活著｜2000耐久掉的追隨去哪ㄌ哭｜是甜妹,2024-07-31T08:21:09Z,https://www.twitch.tv/mihiru0110,https://static-cdn.jtvnw.net/previews-ttv/live_user_mihiru0110-{width}x{height}.jpg
8ae87582ab1e4b31bfd38310afda77bd,live,07/31✟《千追加減班台第4天》先玩一下崩鐵再去打瓦囉！雖然很爛，但還是要練🫠✞,2024-07-31T08:21:26Z,https://www.twitch.tv/karit0920,https://static-cdn.jtvnw.net/previews-ttv/live_user_karit0920-{width}x{height}.jpg
9d9c6477329245cbb2557895f4f15686,live,/ᐠ. ̫ .ᐟ\ 0731 晚上8點請求雞丸  ⸜♡⸝ 乙T真的超好穿捏 .ᐟ.ᐟ !YT !LINE !手機殼 !周邊,2024-07-31T08:23:28Z,https://www.twitch.tv/iitifox,https://static-cdn.jtvnw.net/previews-ttv/live_user_iitifox-{width}x{height}.jpg
976e0cf401784d3f874dc85b2b2c5839,live,0731 VALO練習 不逃避學習D2 !魔儲 !連動對象 !二周年,2024-07-31T08:36:23Z,https://www.twitch.tv/lupo_relive,https://static-cdn.jtvnw.net/previews-ttv/live_user_lupo_relive-{width}x{height}.jpg
55e9448a0a9040f99dc8ea1cf86cbad5,live,明天就8月了 戰棋更新來玩玩 一邊玩DC農場遊戲  !7tv,2024-07-31T08:57:55Z,https://www.twitch.tv/baocian0711,https://static-cdn.jtvnw.net/previews-ttv/live_user_baocian0711-{width}x{height}.jpg
6603f7e70b684a07a3dac687460bacc5,live,打雷閃電AIM離家出走,2024-07-31T08:58:08Z,https://www.twitch.tv/kusubashi_shiya,https://static-cdn.jtvnw.net/previews-ttv/live_user_kusubashi_shiya-{width}x{height}.jpg
f35a552c958c4e798cac3bff3f5fff2b,live,【Muika🔺】07/31 我一歲了 謝謝| @kawap_0 | !commission !委託 !DC !roulette,2024-07-31T09:00:07Z,https://www.twitch.tv/kawap_0,https://static-cdn.jtvnw.net/previews-ttv/live_user_kawap_0-{width}x{height}.jpg
73755322c8e74479864369766f924be1,live,【🍓 @smalllele /  ﾞ✧ ʟᴇʟᴇ. ⋈°】2024.07.31｜突襲！！！！ ♡｜!IG !link !賣場,2024-07-31T09:02:39Z,https://www.twitch.tv/smalllele,https://static-cdn.jtvnw.net/previews-ttv/live_user_smalllele-{width}x{height}.jpg
62d6466e900941d9b516c95cf222aa40,live,今天玩創意工房,2024-07-31T09:05:32Z,https://www.twitch.tv/molinowo,https://static-cdn.jtvnw.net/previews-ttv/live_user_molinowo-{width}x{height}.jpg
8c494e45ce5b462aa744d46bbdc54021,live,【泰勒】📣每個成功的男人背後都有一個壞壞的女人？｜Ada Wang｜惡靈古堡 4 DLC【Mr.Taylor Channel】,2024-07-31T09:18:38Z,https://www.twitch.tv/mrtaylorchannel,https://static-cdn.jtvnw.net/previews-ttv/live_user_mrtaylorchannel-{width}x{height}.jpg
31073a45106c442cbe11fd4368e162fe,live,7/31 出道三週年~歡迎投棉花糖 |目前在拚紫勾勾能幫忙掛台嗎~ 謝謝掛台的大家 @katie20210731,2024-07-31T09:26:21Z,https://www.twitch.tv/katie20210731,https://static-cdn.jtvnw.net/previews-ttv/live_user_katie20210731-{width}x{height}.jpg
dc3e05e0c12b4e0a93dc230f30925ee0,live,【土司喵】有是每日的一天   7點太空人  |自主訂閱進行中|  !出沒地,2024-07-31T09:50:00Z,https://www.twitch.tv/toast_meow,https://static-cdn.jtvnw.net/previews-ttv/live_user_toast_meow-{width}x{height}.jpg
d2b1ba87da034210bbe54bfa1c01bc41,live,【絨絨鼠】今天畫委託！ öㅅö 【Vtuber】!周邊，周邊販售中！七月要結束了，七月結束會怎樣呢？七月要開始了。,2024-07-31T10:00:39Z,https://www.twitch.tv/mz_fuwafuwa,https://static-cdn.jtvnw.net/previews-ttv/live_user_mz_fuwafuwa-{width}x{height}.jpg
42844ee6e0cc47938829b43a3101b9bb,live,7/31 姨媽快到脾氣暴躁，大概雜談說八卦［必出機殼倍率轉盤活動進行中］ @lusaminach,2024-07-31T10:03:53Z,https://www.twitch.tv/lusaminach,https://static-cdn.jtvnw.net/previews-ttv/live_user_lusaminach-{width}x{height}.jpg
a24116ba22c84747818b7be8cd8eb733,live,【世界計劃：初音未來 Project SEKAI COLORFUL STAGE!】抽卡！能不能抽到新衣裝新髮型呢？【eValorr 海豚哥哥】| @evalorr | !yt !dc,2024-07-31T10:06:38Z,https://www.twitch.tv/evalorr,https://static-cdn.jtvnw.net/previews-ttv/live_user_evalorr-{width}x{height}.jpg
4a64836a88024358a7401530fed8e0f8,live,【EPO】7/31🍎7月要過完了｜RE6 衣服預購：!T,2024-07-31T10:13:49Z,https://www.twitch.tv/epo_live,https://static-cdn.jtvnw.net/previews-ttv/live_user_epo_live-{width}x{height}.jpg
07b9e0f7118446be96cc2d12f5d8ad02,live,啊嗚喔欸 @latteda_ !魔儲 【Latte Ch. ☕ ／個人Vtuber】,2024-07-31T10:23:24Z,https://www.twitch.tv/latteda_,https://static-cdn.jtvnw.net/previews-ttv/live_user_latteda_-{width}x{height}.jpg
f3a1ec7e996e4897ba4e34376f7c0be2,live,月末雜談來吃晚餐聊聊天~,2024-07-31T10:36:40Z,https://www.twitch.tv/mizuki_utarei,https://static-cdn.jtvnw.net/previews-ttv/live_user_mizuki_utarei-{width}x{height}.jpg
0448e6929687421c9e0435832765b9fe,live,7/31 完了...今天找了個老師來海扁我了...｜!新cover｜看台記得裝7tv！｜@fh_molissa,2024-07-31T10:38:49Z,https://www.twitch.tv/ryoueg,https://static-cdn.jtvnw.net/previews-ttv/live_user_ryoueg-{width}x{height}.jpg
6bb236447ed9412a98c9b2d7c9069e10,live,【熊貓】07/31  加班Day19難過惹QAQ｜8/1抽獎｜!魔儲｜!商店｜!福利圖｜本日推推： @weiwei1020317 ｜Ft： @tsukimireika,2024-07-31T10:44:12Z,https://www.twitch.tv/panda0219work,https://static-cdn.jtvnw.net/previews-ttv/live_user_panda0219work-{width}x{height}.jpg
aef2ed42d49343f28394b6335695b5ac,live,LOL 0731,2024-07-31T10:45:28Z,https://www.twitch.tv/yuncream,https://static-cdn.jtvnw.net/previews-ttv/live_user_yuncream-{width}x{height}.jpg
8b810380ed254a5e8a85b65552ba4e61,live,₊˚ 🐇 ⋅ 07/31 跟我一起游闖妖界黃昏！｜!加班 !魔儲 !點歌,2024-07-31T10:47:39Z,https://www.twitch.tv/nayomi0204,https://static-cdn.jtvnw.net/previews-ttv/live_user_nayomi0204-{width}x{height}.jpg
61e81c6f534247b486b8125bd34fa960,live,【BLUE】玩 @blue_kao,2024-07-31T10:52:58Z,https://www.twitch.tv/blue_kao,https://static-cdn.jtvnw.net/previews-ttv/live_user_blue_kao-{width}x{height}.jpg