VTuber ID,YouTube Subscriber Count,YouTube View Count,YouTube Thumbnail URL,Twitch Follower Count,Twitch Thumbnail URL
007847e77d894f199e1272cf81e02730,,,,682,https://static-cdn.jtvnw.net/jtv_user_pictures/162c2793-8b84-41f1-881f-99f3faedfb87-profile_image-300x300.png
00a208caab334f6daf286ebb92cfd9da,847,11475,https://yt3.ggpht.com/DoYjDrFCFOglRo7vflpPSYlpikrqVclqI1VWauws19EzpmZGd0Xmk_RsrHjlzUygmjmquKRc=s88-c-k-c0x00ffffff-no-rj,350,https://static-cdn.jtvnw.net/jtv_user_pictures/b89b33de-3072-47ca-affd-b691ad1048a0-profile_image-300x300.png
00c158176a504c9bb865b32276e79eb1,4310,120544,https://yt3.ggpht.com/6eJU2rqy1vNsEWek0P5nnD8fZHGzUV9H4QZbG0lp6SCVoWwuhHYLAQqFaD3E9_SLPlnNmnXOpA=s88-c-k-c0x00ffffff-no-rj,,
00d9cb7b0bcd451999f4fd33dd84be6c,759,56473,https://yt3.ggpht.com/6lXYC0Zyi7a-na2QGKzfFPaNSIS6yV4NiodbnqKajdg32UImLB5H1YjocbonnmO63Tz3wG1L=s88-c-k-c0x00ffffff-no-rj,3437,https://static-cdn.jtvnw.net/jtv_user_pictures/d31c0ddd-fb9f-4c09-aa39-4faa0e049f51-profile_image-300x300.png
00ddd14a74df4e2488319ea2ce25770c,395,743,https://yt3.ggpht.com/UVQVt37EpRBevp63KgOfb1dAGEdzfRki-5i-4plfg8P_5GVjoX2eSUGt_gSUwH4ZDSVoc1Oa5w=s88-c-k-c0x00ffffff-no-rj,1217,https://static-cdn.jtvnw.net/jtv_user_pictures/9cd80579-6520-4400-9f70-ea120a5fc9dc-profile_image-300x300.jpeg
00de1290ff0a4edda4db0385a6ba3300,646,19625,https://yt3.ggpht.com/PEqo0VFxk0C2x0UFcMaSuyapL33NMFHzXiq8bTa3pI2DjT7HzGpfTzHglIDO9ir4e6bZ4TX6nSs=s88-c-k-c0x00ffffff-no-rj,1520,https://static-cdn.jtvnw.net/jtv_user_pictures/5b0934ff-5b77-4bbc-bfee-42aa00cff148-profile_image-300x300.png
00ff650864404d0c9ce155ff4a82d804,2650,17761,https://yt3.ggpht.com/xQMP6ntBMMPzLNSNGVkKNtiJCwX_rE9rSuP0iUxaktOwY12TFkXNbuErWl04XpQiPigH_wNrFiM=s88-c-k-c0x00ffffff-no-rj,,
0134d1ae91784122b79954c2c8571aef,168,0,https://yt3.ggpht.com/ytc/AIdro_mW--X7loq8P1S0dLwA4UzXV_CfFfiVGcT3qJjfjwGQd5ZFxL6ST75KAaaOyU1H_96SMOgQog=s88-c-k-c0x00ffffff-no-rj,400,https://static-cdn.jtvnw.net/jtv_user_pictures/aca493b2-d93c-4526-9d05-8ac2a5a82e77-profile_image-300x300.png
0158495d5a2542a98181c2ddd21b90af,5760,0,https://yt3.ggpht.com/lzT4u3Ovljb9j3M5lsw2GtxzTHbYMtd453soBVvQmCbbbrrL6WJO2B2AnddbmNXySmhp1paWSA=s88-c-k-c0x00ffffff-no-rj,,
018244f1ad404c9eaa4ddf747c3bafa0,1370,157775,https://yt3.ggpht.com/YmssEY_p2u8h32RQf5wF78-fg9vT0mhYsvrX_YFKYaaJkzUFwPtKtuqvpC50FUBiPJqPDoZu=s88-c-k-c0x00ffffff-no-rj,,
01871d8239314affaf7032899ce6502f,1160,281195,https://yt3.ggpht.com/FfZb22b87lqtbAT2IvbOeVOvWoxOWmI3yR4u7REPdcUiGZVVlhG7PNW9ddX6zOwsankPQKND=s88-c-k-c0x00ffffff-no-rj,,
01b2da717593416db6963527a17e2787,,,,44,https://static-cdn.jtvnw.net/jtv_user_pictures/7ed53c8c-8253-4112-a0d9-7e0ade5e9487-profile_image-300x300.png
01ba034aab854ec680fe6f1ddc7008e2,2340,100211,https://yt3.ggpht.com/pfxorsLjoWpy27OPzxrAbQ9IYq4ur7wMFhjVWPGNYjxa7jtkDMPvavz9rRTV0tD1h99KNBO_mQ=s88-c-k-c0x00ffffff-no-rj,,
01bebf0363a94b16b2313053c90a1c8a,3640,59493,https://yt3.ggpht.com/Qm69fa0UqWgVm49b0cQm8yJZA0LNW9pC_U20HyHtvtSECxmta0J5rOqg7OcrlNu6QfFyz_uC=s88-c-k-c0x00ffffff-no-rj,374,https://static-cdn.jtvnw.net/jtv_user_pictures/e560abda-00e5-44a4-b58a-d6cd7f332a0b-profile_image-300x300.png
01d150623c984f3d8d7de4b1859afadd,512,10162,https://yt3.ggpht.com/d6uLyR42PIr00qdJVVZQ0is5lgyA5QOoXhVeKe602GyE1gHKHGIFOddxNREzM7Y_pDml-hqUSw=s88-c-k-c0x00ffffff-no-rj,,
01edfa8163ad42cd85f56ef4dce2609e,2390,55163,https://yt3.ggpht.com/z7U7x_Oq93VxvAkaj8-Pn2lh1vLJNSzrYbZvjtUxsM-Uvrab5DRrCDJsKJ2stvsYaTpYIxkwHHA=s88-c-k-c0x00ffffff-no-rj,,
01f26342ae4e419280bcfd6ec6e86db1,77000,5597034,https://yt3.ggpht.com/JHKYRo-pBny7dXibnSRn5dknKrlKnTFCGHH_hyWem7HZuU9mQ8PUhd76MWjEcP7qBTh5L1kkiA=s88-c-k-c0x00ffffff-no-rj,4585,https://static-cdn.jtvnw.net/jtv_user_pictures/f2551089-cd7c-4a8d-910e-bf25584cdc51-profile_image-300x300.png
01fc7842da284adaad67d3774a4b2a6c,893,12536,https://yt3.ggpht.com/GyCLcVQWnq6YMOoPdvB_RS1ZF8iJ95Kg42eZOxATpSwHqIjfmdcA5DN-wZMLKGFq-ngkyVFZww=s88-c-k-c0x00ffffff-no-rj,,
02168475e7ca4234b57d53f495bf3bbc,2410,133631,https://yt3.ggpht.com/ahG4f3y6fU714dTAK8gTHaUpyVi6Qq8JIHiEYoqF0Pf_f-RoRffPz7y1oPwqBx0oDlT3TWx5NA=s88-c-k-c0x00ffffff-no-rj,,
021e4f709f1a4c56b8cd200c476db3e7,973,21405,https://yt3.ggpht.com/i-obLglWh3_Ve03pZhrU--tMKO3OIJssWxlqlJGLlmrt6WE1Wqi3MAIAVwGnf_Ybzph2Auwk=s88-c-k-c0x00ffffff-no-rj,,
021eaf7cecfa4416b759fcc310f7b15a,28,0,https://yt3.ggpht.com/pcUnmXiKiYu_3dhvhuyamUepx4I8AfYlqJY-HTDrNQO3cmrwqfbbndMbsR5MSZgPca-8FpcaGg=s88-c-k-c0x00ffffff-no-rj,19,https://static-cdn.jtvnw.net/jtv_user_pictures/2d117867-6d19-4f6c-82f8-8f201f10a1b4-profile_image-300x300.png
0249265256814f61978f6d492fe1c15d,8540,234255,https://yt3.ggpht.com/CL7wl0fqRVELJvTXP0Ltl8HfEDI0wDQWEfvY5s64dAb2Oq--hPbZm1p2LN9DHbGKi3elAFeS0_o=s88-c-k-c0x00ffffff-no-rj,,
027dc46502ee4350ba597000191659ae,501,5993,https://yt3.ggpht.com/UVTj5UHZf1YbjHVkZNXTYOv88Trlw-D5qiYEtymR-4D3ntQvgL4cY9HIRRJglIr22OIv2ohgRbs=s88-c-k-c0x00ffffff-no-rj,39,https://static-cdn.jtvnw.net/jtv_user_pictures/9d5c2b8b-6417-432f-ac19-d7a9e7a5ce4f-profile_image-300x300.png
0294dc5e3fb14312b472bb05af5ad329,840,21712,https://yt3.ggpht.com/zjAxHlCEnxO9n6oy_cF7l0y3k3RBH2KpCs2NyXpve8QrwJZPSrVKRjRcLkvOwWCsJJKpkwzlgQ=s88-c-k-c0x00ffffff-no-rj,,
029dfaf0b42a45839661df6dc99efcdd,42000,1044809,https://yt3.ggpht.com/_sdVLGL3DXp-VaPr83BSGw2K2NIwMlgniYvGaYTK2_EdB-ffMTZs8Pp5u1Ih29EH_dquC3mCTQ=s88-c-k-c0x00ffffff-no-rj,647,https://static-cdn.jtvnw.net/jtv_user_pictures/bce7f2e3-f05c-4858-aae7-5506eb30091d-profile_image-300x300.png
02cf3719d4f44b7dbedc324ef8b0702e,3330,73974,https://yt3.ggpht.com/7e87JmXzIrppxJMaBgrgaBt4tiba-9n4NGzWv7CnDZEZHH-rXKEyvNZNcXm_Xn2KNsLl7_Jq=s88-c-k-c0x00ffffff-no-rj,,
02d67d58d59644be9cdf0b1179419637,26400,811929,https://yt3.ggpht.com/GF2z0DTdMoIRf6cnd3gsyGrTA-HyVsiZHC07NtuH0rmU5B-laKabEngmmyeYdTDmVnJ-LpGfKA=s88-c-k-c0x00ffffff-no-rj,1542,https://static-cdn.jtvnw.net/jtv_user_pictures/c7a8c989-eb95-451e-bbf1-06ba1b477313-profile_image-300x300.png
02e7729df0424fbbb21b77ccd543b0be,574,24282,https://yt3.ggpht.com/ezg0DjrNzi1-MYEpOYlq3ZjYONzeP6GXHKYT4ObUYq04CTNyhSMEk06mLzrkPBZZ0SbBi-Hbqw=s88-c-k-c0x00ffffff-no-rj,,
031da54f73f94adf8159ef0d3bfeb52b,528,48896,https://yt3.ggpht.com/t2tRMJwg6hzWwWywdbgRHcv24PKZri1vDyGwodg0kTVUC_CRnQOnxbSR3KE57e5szJLTnLeLG5M=s88-c-k-c0x00ffffff-no-rj,,
034c0cb04f884faa8f2b6a02ff090ad1,861,0,https://yt3.ggpht.com/AUzYqyYm3E41rAk0NIj44lFHMnJV98hqV5iuJBk0XtUJLnuewSpSn1-9YkQeRqw0SK2dWKgDnA=s88-c-k-c0x00ffffff-no-rj,,
038ee6280ef742bcad8450ad52049944,4180,251093,https://yt3.ggpht.com/9HQfYArI_tOPwnx7g_P0OMz6cuymn4JFxR1R8oe_abrNUeHEyWfua5vBeKdfue4THyJl-GCV3eE=s88-c-k-c0x00ffffff-no-rj,,
03b825a2908749099e40cd4a4d1169aa,7350,174447,https://yt3.ggpht.com/GkuAW-eJyICbS5lZyPefBUx8QLCfY_iRajefAlHNZhnF_SBBOOv9-nu6OpAuGbZuVf19SAht=s88-c-k-c0x00ffffff-no-rj,,
03c018f2d3064da6ac4899bef1d600c5,6900,65128,https://yt3.ggpht.com/bXyWeoxiUCqOY_a8krHE9Xtwc7AIUHGes9MKb3uhcVgvf5WfPvtneJb0RJEB5-KgI8Ap5WV2LJw=s88-c-k-c0x00ffffff-no-rj,19399,https://static-cdn.jtvnw.net/jtv_user_pictures/64e69071-99b3-4311-b2ea-b5536c03fe94-profile_image-300x300.png
03c9aa020ec14f7494dd142676c94405,1250,8051,https://yt3.ggpht.com/o6c3hrck3P9WipfMGQp0SHhatyW8HDmqkqg6hnpW_Pmoijn2hSaTJUfm_e9FGTcKEkL7z4M9Vg0=s88-c-k-c0x00ffffff-no-rj,2662,https://static-cdn.jtvnw.net/jtv_user_pictures/c435f19d-c88f-4eb9-8353-755dfb985660-profile_image-300x300.png
03c9d83a4c534b65a5743b381eb2ce33,930,18919,https://yt3.ggpht.com/i6XBoyb_aS15XJVpnS5GvsWTM4hRzem0iIkS4c09Bm-5elY2PGLWC-NidfEcmps-iveqGuYTBg=s88-c-k-c0x00ffffff-no-rj,489,https://static-cdn.jtvnw.net/jtv_user_pictures/2ff033fc-4609-4c0f-8a3c-a5679f51d390-profile_image-300x300.png
03e9bea117bd4b5ba189b48f1617d9bb,272,7700,https://yt3.ggpht.com/ieBhJbLBS7KkvJj6WfuMNODEbaheqqMbkEMa37-iJl46QSeU6nXKNMjv_K8yqJZiY-_V4qiTCA=s88-c-k-c0x00ffffff-no-rj,,
03f5b3fed856438c9a53d30fdfadd9b7,3020,47061,https://yt3.ggpht.com/o9hxUdL56KihBpx_9OqKelkE8nQ7hRVAQRRPbJnbsSOIj9s87srs67wloAD3G-GxGTgAuwf6ZQ=s88-c-k-c0x00ffffff-no-rj,,
0414bb8fc082472a9434bd4a463a9865,2000,65986,https://yt3.ggpht.com/cqmstFioced1zIvXrRGblqebm1SsZy7ltGunYNi-9JCrLQkNMdzlDnDYZnwb-aZi8UUJA2SM2og=s88-c-k-c0x00ffffff-no-rj,141,https://static-cdn.jtvnw.net/jtv_user_pictures/6a674f9d-f07c-41a8-a5eb-268ba52fad0c-profile_image-300x300.png
041976bda8b8410a99af25fc4cb87970,3670,114658,https://yt3.ggpht.com/QO_ow0gkGeFvJ-jrJJPYp3RGAtzXalUJ1HfrxkBvfk7kxw64jeuFCDlm79xlFo-xUKFhnmZc=s88-c-k-c0x00ffffff-no-rj,124,https://static-cdn.jtvnw.net/jtv_user_pictures/a1a68555-4aa9-4063-9558-670bfb045859-profile_image-300x300.png
0446516df6074a4ba8a0f3639b17de46,924,37444,https://yt3.ggpht.com/AR09Ii1ei-UzAXuSl4FsactLMhqIem17beZqXFnQYvQz3oSfY3t_IqZwM9TlW5rWrZYLakF34A=s88-c-k-c0x00ffffff-no-rj,,
0448e6929687421c9e0435832765b9fe,11200,201720,https://yt3.ggpht.com/hNBO3tllfDdbRUKBpd4ipsptnRFFZL439AdDHBA9-T16_GQSn14yvWGlE-X8GDAIeXsvbRUViDk=s88-c-k-c0x00ffffff-no-rj,1603,https://static-cdn.jtvnw.net/jtv_user_pictures/f093ebf0-f724-4169-af2a-e7011f51146b-profile_image-300x300.png
0471d5082a2e419786e141d6424c9150,9230,451676,https://yt3.ggpht.com/a1SN0__mWv9n6UDKkCpCsDdV0MTQI1C6H3tRvzZNyAT3uOBNKStFsTVopmgPZzXT6QE4Fx12gQ=s88-c-k-c0x00ffffff-no-rj,6336,https://static-cdn.jtvnw.net/jtv_user_pictures/febf8817-6a39-4862-8517-61bc53f483fc-profile_image-300x300.png
0490d9546bce4068a0f52b39046bdf91,604,3607,https://yt3.ggpht.com/T0iB9YF7f18ApM5SFNHoURv62izB9e_tkSfpewqHCJcAU-NxQErDtD5bLGZ2CYyuHQdsQgHC=s88-c-k-c0x00ffffff-no-rj,1188,https://static-cdn.jtvnw.net/jtv_user_pictures/8fedd9b2-8c0e-4406-a38d-89dbde1ee532-profile_image-300x300.png
049cb6d09a3b4db49962aa5b8e468a3f,2250,61239,https://yt3.ggpht.com/CSWHZg7pMUOrFvm7jMKhCg1uu6AeKKglG7ugms4W38tesLtdVJfa0cZRhxE4_REKKfbLrj0R0g=s88-c-k-c0x00ffffff-no-rj,806,https://static-cdn.jtvnw.net/jtv_user_pictures/703638ea-a0ae-4448-85e0-44ccddaa725a-profile_image-300x300.png
04ca68439fd14d088c77eb0069e6414f,422,22297,https://yt3.ggpht.com/HZ45G-418GVSXE0ApTGQO6d2Ka2iXx5FVJXlv39iYsfHSAUrpXZWU8BXgu4hNXvErVZAwkVc=s88-c-k-c0x00ffffff-no-rj,258,https://static-cdn.jtvnw.net/jtv_user_pictures/dc24d2d5-b25e-4ae1-a4f2-92c07d4f5f6e-profile_image-300x300.png
04ceb6c0caf740f4a694cad25f537c1f,712,23616,https://yt3.ggpht.com/Yzczr871lqV-m9EJRQr3oSNKyI4uMVnBQo5KTiqxsa6uoJEz769D9sWX-T3rcWHuktMh6HTERA=s88-c-k-c0x00ffffff-no-rj,188,https://static-cdn.jtvnw.net/jtv_user_pictures/3e4118e0-6ebe-4ebe-b2cd-840376012752-profile_image-300x300.png
04d2ff1dde6b4bb68503a734274f4b7e,102000,6945383,https://yt3.ggpht.com/A_l5alhuV0X3y1S6LzMtWYxT8_HoKEmK3Qe8Vd0LKj7bgRsnhBkV0zGqBIW1pZ1MF13s1TuU3w=s88-c-k-c0x00ffffff-no-rj,,
04e61f47cdf542c7b5a3b3ae569fc021,224,1683,https://yt3.ggpht.com/jYITBy-o2ms968Y8Ffv9zrHdvVI_XPfYKvO8jnypRmEhehMLxUgY48Hxe0BtZNn-EUVCV1USy5E=s88-c-k-c0x00ffffff-no-rj,637,https://static-cdn.jtvnw.net/jtv_user_pictures/6f1e312d-3ba6-4758-bf64-89af4bbf0f30-profile_image-300x300.jpeg
04e8814df3b54af0b0c7edc34b4cdda0,204,3330,https://yt3.ggpht.com/thKWrWrvFWfsD8p5lD4CWtbka7wIyeUyAenSdTan2XDgQIZdVPXm5FSFVjpV3Ul4Egqj_ziCV7I=s88-c-k-c0x00ffffff-no-rj,,
04efe2883aff4fb189084cb815c7c036,429,0,https://yt3.ggpht.com/S8WbSoW3yRwfpg1q4hbjLcnbq5Ei9Kjo60sdPPze-ZCXpeFNMszHcuSsUGh1UDgrR414ZgnmDfE=s88-c-k-c0x00ffffff-no-rj,,
05055e62d34241888df31217ac25e671,382,19839,https://yt3.ggpht.com/73uSJPJf4C6iqJ-cvLOtrn9QAOamhbOh6en0aHHuvxYFpV3RmV-viWyj3ZJKHldmnH16KCDoVdk=s88-c-k-c0x00ffffff-no-rj,1301,https://static-cdn.jtvnw.net/jtv_user_pictures/cc97c561-b1b6-4be2-b006-e136928644dd-profile_image-300x300.png
0528d5a963af400884b2db8484a0d152,709,11425,https://yt3.ggpht.com/QexPl7J4faN4W7f57CInKnT3h-wCxk1h4969S20V9m0snSR0LXGeEE8DFG4BZAPELlwpXUOj=s88-c-k-c0x00ffffff-no-rj,416,https://static-cdn.jtvnw.net/jtv_user_pictures/624b94f8-1697-41c4-8bbc-b1c8bf7791a6-profile_image-300x300.png
05434bb7cec84c04baa9a81aaf7373d0,577,17776,https://yt3.ggpht.com/bvVAQUqwcV2n1iG-uHs0H1f0fg3tAb-_GttGoD85KHR29c1LPdxDSbhUMOXPEY-VS_wZDKLF=s88-c-k-c0x00ffffff-no-rj,,
0572bddb85b24166820f34f39164f99c,,,,593,https://static-cdn.jtvnw.net/jtv_user_pictures/3ff29376-9b11-4ec7-8e7f-1d145eb8b7c1-profile_image-300x300.png
057faa70622247bd933959412bbeb667,,,,1106,https://static-cdn.jtvnw.net/jtv_user_pictures/b4444bdc-c184-49a4-9f7c-68993fc8794f-profile_image-300x300.png
058021ae015448cda91651a6bd41cdc6,5960,243567,https://yt3.ggpht.com/wfPZ3DUTsRfXZ38fduVvEtP3eg1BFKgTbvYsjv82TZcEQT-S1sX-DNH77ljl2GheauYJ_NtGc1s=s88-c-k-c0x00ffffff-no-rj,2597,https://static-cdn.jtvnw.net/jtv_user_pictures/6dcd4a2c-0326-4ca1-a494-79d02ce4e98c-profile_image-300x300.png
0591345aa6634a73ac41f08af6d4e06e,403,14139,https://yt3.ggpht.com/XE5jccji48i2P9aY074Kt0JVdvgC4QqJaeCutgP3Rp06DNNpWijIjjZQ94hfAsuNuVT2bPz0Ow=s88-c-k-c0x00ffffff-no-rj,,
05970b8580b4433d9afb8769568d2276,36,382,https://yt3.ggpht.com/MteAzXAE-tdYS0HX1agZ5OGnoUGTXk8dN8Qo-tyAIwroi-qCjfWSYx1DjZNPQrjojV2yxx7CUw=s88-c-k-c0x00ffffff-no-rj,5,https://static-cdn.jtvnw.net/jtv_user_pictures/a173f9c8-b29e-465e-98d5-f50f08e67d5c-profile_image-300x300.png
05be4fb717614738a87daac46157ddb1,16600,955732,https://yt3.ggpht.com/U1avO5Pf15jT9NOykDlP7sDaPZ2fwM015VZao8yJ6Q_By7IkBKWVgMA0Iu-WDwGJgRY-JzlPHg=s88-c-k-c0x00ffffff-no-rj,,
05d19eac5d22427f916e6fa59bf17b3b,95,4499,https://yt3.ggpht.com/MJcIKstVksVhTwWChAqaNXbT3-SymkM33DrjQWenvlM6uyKSbZHm6qMYRosa0CxV1Arc_xpc=s88-c-k-c0x00ffffff-no-rj,1929,https://static-cdn.jtvnw.net/jtv_user_pictures/9a49e96d-5e09-4214-a32c-e4b77db3a7cb-profile_image-300x300.png
05e831b267914fc5b4d9b28de1f648dc,18500,825119,https://yt3.ggpht.com/betz7VQTu7C336W97Ob5kvgTsUkQE7in3L1K8qHi_lTAxO9BnjUdnj7QMmfCmRzORwV39_j3IBY=s88-c-k-c0x00ffffff-no-rj,,
061fa27713ec453ebf41c21eb58b7719,139,1750,https://yt3.ggpht.com/VSwFo723gkuonj_xbJWWqdGnlJ7ANHaYrn8zwTS0VMeZKzMcLk7vl-fxA0AsNrjef5vNq8t52X8=s88-c-k-c0x00ffffff-no-rj,,
061fb9c63b7e45bb85ea7e6bd4fe3745,64,2128,https://yt3.ggpht.com/F3F1F6pAATIuDcg7KQuV0dmC9GQaBnff7M6gzdz7zP4Mz5s9xyfxCIzr0nQDxO7xGATsDdEFDRg=s88-c-k-c0x00ffffff-no-rj,191,https://static-cdn.jtvnw.net/jtv_user_pictures/163d8f88-c029-4b26-bd05-af31b904cec7-profile_image-300x300.png
06337167c1a14d82b6a7f7cc71eac813,,,,776,https://static-cdn.jtvnw.net/jtv_user_pictures/2fbd6b7a-8b4f-48d7-9d2f-38f72682e161-profile_image-300x300.png
063fe3c0ae714b4ea4edaf79bda5dda0,91,0,https://yt3.ggpht.com/LiCEVwbwTVj32QJFBSXj-o-49MAxAejX2rPP4jMmnDvec3-izXoRqSPqbc3V5w4YX_506Oad-w=s88-c-k-c0x00ffffff-no-rj,1937,https://static-cdn.jtvnw.net/jtv_user_pictures/2dbba97f-ffdf-4055-ac49-4d9d5c0dfdac-profile_image-300x300.png
0641a9c8b9a94994aaa33e0c86fef75b,121000,19643083,https://yt3.ggpht.com/lQaEUeJlLtgioCU0npPsaYOLzg2idrzG0XY_jn-fjPOySnv4nN94U0rCTt5shavBR9brK-e6Tg=s88-c-k-c0x00ffffff-no-rj,5446,https://static-cdn.jtvnw.net/jtv_user_pictures/dc40cc71-e079-46c7-a834-75f055eebf2e-profile_image-300x300.png
069ca07d5dd84cd3bf42e21a085d98fb,3380,25421,https://yt3.ggpht.com/ecRAzoha2H2EKR9yamcrMyZWqFRqb0vVzrCbzWa6ZDa568373r_Zb7pJkeX49Kr6IVDJy80YgQ=s88-c-k-c0x00ffffff-no-rj,172,https://static-cdn.jtvnw.net/jtv_user_pictures/07b21187-7207-481c-ab5f-60171151035b-profile_image-300x300.png
06a61409f4334b0eb8a5f647b819c78b,906,62438,https://yt3.ggpht.com/TbBnMRaxZyLAnZv7vk0b8hDfrzBr5VUSBPbgL-KswDTZO0Xqeg6xC37ZwC4lplYt8v-Lmnj4rA=s88-c-k-c0x00ffffff-no-rj,,
06e9953eb191486d979e6b92b6601d9a,2740,782291,https://yt3.ggpht.com/GSzXDlyMCu7TfZN24wvGDzwwohTOc8EQb6bZoWBvtsQAbqToU1dmPORNvPdtXrujwU3__ugE=s88-c-k-c0x00ffffff-no-rj,2252,https://static-cdn.jtvnw.net/jtv_user_pictures/oipceo-profile_image-ee8f6b6abed242c8-300x300.jpeg
06ebafa5a65643a2b59f83209b71faa2,169,2503,https://yt3.ggpht.com/nYYAO9yvu8X7Efz-ycGz0oDkopPQbM0dxPfsJilUIpLouoLN0mZ3wKEIy6-Fmuc9MO-KyRcOFw=s88-c-k-c0x00ffffff-no-rj,,
0715c3b900ad423fa1b981cf4fc15c8f,4200,122355,https://yt3.ggpht.com/6vDUhmwmHSif5Rh6odIY4edDVVjwE0WM6oJQL7WQq-R62nZBVyDhWXI8td1PJKrsE4X2seF8wg=s88-c-k-c0x00ffffff-no-rj,,
0737e12eaffb420ca4a5b43b0786e69a,612,18628,https://yt3.ggpht.com/7fvvGu9PegcZoNvJ6FozU0QPiFNMVJFlhNq2_Znwbhf1XlUnPE6yR55xNO7P2LxQkJWh9DJJKw=s88-c-k-c0x00ffffff-no-rj,,
07930a961f0b4078a14f0a57f0a93965,308,21066,https://yt3.ggpht.com/oc9GgRyzYluuAYGFFRmDMWVR7ODjNp2H5VEj_4cQESAHds4UyDK2eqmdpxr6Ii43ji0-246i=s88-c-k-c0x00ffffff-no-rj,,
07b9e0f7118446be96cc2d12f5d8ad02,3520,129594,https://yt3.ggpht.com/3igruLIMVTyzeIqVi0f0x3j7zsHr19xrKTYpFG6p13B8ldf73MjWb2RpdtTjj9k9qsOYEnHa-g=s88-c-k-c0x00ffffff-no-rj,12254,https://static-cdn.jtvnw.net/jtv_user_pictures/43b4f4da-3f0c-4b2c-bf67-3e29ec398faf-profile_image-300x300.png
07e7b5801c93482daf6a6259ec569e43,81,407,https://yt3.ggpht.com/fyhfADjNUOpazrWeVwDLupJwAkhiWcz-AetwFqEAdL9PRUbuMLSWeLyQoeHyNdaTIgdw7ENo=s88-c-k-c0x00ffffff-no-rj,343,https://static-cdn.jtvnw.net/jtv_user_pictures/0f81bb33-d429-4d80-ac65-0b5defdbc15b-profile_image-300x300.jpeg
07fec8d9014a41c28216345a5adb1533,108,638,https://yt3.ggpht.com/iDsRzrg6SBanKQShWVj-CUPxxX-xCPA5XgoUQI4EXWWSUpHitLzlKR0JbvHwUJycU3gIOArNRg=s88-c-k-c0x00ffffff-no-rj,494,https://static-cdn.jtvnw.net/jtv_user_pictures/b1c2b270-5dc6-4586-b754-00dc8a96f8cc-profile_image-300x300.png
0800162a149e420ea0386c9506e710b7,665,28009,https://yt3.ggpht.com/NnFe1KUgvViHPiapb0wUIkRX0ajH-lEPMmK7v1jTQByZcGnSZI8GioLdW53ABhk_2vjjkxvnGg=s88-c-k-c0x00ffffff-no-rj,,
08158657738a4949bce0cbbc36c4e701,1930,74967,https://yt3.ggpht.com/7vDw6Hi_vBuSBz5PojRGrg3wBvFI9k35jP6MeOWjnbvh3FemqpZm9hyjKYV9nfneCQDSDsXF=s88-c-k-c0x00ffffff-no-rj,,
08184fac3ec1408a8009f2e7078794dd,13600,644663,https://yt3.ggpht.com/a4EYbl1Jrk9aZ9_ccPrDpyoJmWHkXEzcaTO9PyCyejzluwAyi9rMcRdmFOMcsGx6nfEaTtLq4w=s88-c-k-c0x00ffffff-no-rj,,
0825b7bbb6134dbc98a132cc1782fb1f,32500,1052712,https://yt3.ggpht.com/DWmpSLcZvB1OtsePcODhpMIMEP1mhitJr9twhJQfNRdtzPZl20b4gy74JGh1VQYftZ4ed1Wk=s88-c-k-c0x00ffffff-no-rj,,
08268c9de16e423381e351aeef8f7ffb,728,18813,https://yt3.ggpht.com/dsTI7vY3y1dVcSc0lQ9tmiLoIWE0SsugDLJceUbi86A98BO3MxBHyJnN4pZOMwrRZbcfZVt04g=s88-c-k-c0x00ffffff-no-rj,,
082df6a588424bc9aaa378c53b34315c,601,19870,https://yt3.ggpht.com/dCKT7tE9kDjunXrs8_ThBxYf4ppfArl-PnCLkwGCmFHbMJAYUvyPCkzGADud-U8TeVJWqSHtAQ=s88-c-k-c0x00ffffff-no-rj,163,https://static-cdn.jtvnw.net/jtv_user_pictures/afd1f5cb-7e41-4644-bbb9-6522c9608dcb-profile_image-300x300.png
084c49d869114256af18c13cc4b56414,2120,38841,https://yt3.ggpht.com/YNwkYDmMAlnrLP3SiWl64XoJD03abV6cafsRxPWgl8p_vW6diRkbhuVr2g-as2UEp4BmS9F2=s88-c-k-c0x00ffffff-no-rj,,
0851296bdf4c4516b2506b8cce5151da,5890,561077,https://yt3.ggpht.com/3G_SYEazqRq2SIvIfJTuyV8dt3xJyW5-J_TJOZx-EQJb1FhoqwGel5XQZgVQd5lUQnOS9kBTIg=s88-c-k-c0x00ffffff-no-rj,,
085ed0ddc3294678b9570fdbcf581c64,430,1447,https://yt3.ggpht.com/umgSNoZeQzeVTi1h0CvEPPp_jXt3xqQKS_CR-J_vvM2aagEF9cebz1Y7Q6ZCA3kXFqd262TzSqY=s88-c-k-c0x00ffffff-no-rj,30834,https://static-cdn.jtvnw.net/jtv_user_pictures/df023c37-f6bc-43b0-aaeb-1ad09ca5a72c-profile_image-300x300.png
08959069eae342deab6803454669b60e,457,0,https://yt3.ggpht.com/Hd1CAtwLZ1kGM-7bztPmONpLOL87afyzfNJXTC7ZjxO5bsUgB4vimckV93hwQHF6Y7f2KzwlLQ=s88-c-k-c0x00ffffff-no-rj,,
08a612f1ecf84b619a8899a5caed28c1,5320,245984,https://yt3.ggpht.com/2YKDGhw-JA9ydjZ7ML6VzbeujEAg0R9gycQikYMESkOX-6sQQt3pO3drNxjAwUh1VcXtFz3S=s88-c-k-c0x00ffffff-no-rj,20584,https://static-cdn.jtvnw.net/jtv_user_pictures/61e4e691-9608-4d5d-8337-3edf232dedd7-profile_image-300x300.png
08a9cb204a03447bbba896df3ee6a096,2190,11279,https://yt3.ggpht.com/-rwvCoXNRIDG2Fm4lY_gMfVJZytozk99pwIC04RZHQXnP6tT4HKZZPSSY1qluOkM-lsmdcxns0Y=s88-c-k-c0x00ffffff-no-rj,393,https://static-cdn.jtvnw.net/jtv_user_pictures/0f119e55-c652-4f0b-bb61-b32b2e1a1c36-profile_image-300x300.png
08ad5252798346418db059ade21ae522,234,5234,https://yt3.ggpht.com/NGGT2Ts68UqNZVHB2HfrNi-bEDhiqZ5t9nnmPcC3IpwuU7U-NVH3C0dSg-OuGCgNnKBEeZrHiQ=s88-c-k-c0x00ffffff-no-rj,,
08be94e874d448f8a2794a44c61e8d8f,6000,423947,https://yt3.ggpht.com/oMJkYYqe-LMM-2UudsbGbO8GC1SSBSehu2a7RxHwLSmieJm5FUX11e-pDCL90Ys5a9HaeV_BYq4=s88-c-k-c0x00ffffff-no-rj,,
090be1be8d29429183e190e22fc4be22,14500,772675,https://yt3.ggpht.com/H2S3hqBBNxcwwbprlDdL74UZkBwlVR8PTgA0Sn456bmL2NUhOG4u00AjX9ArTGTwy-wf11mrWg=s88-c-k-c0x00ffffff-no-rj,3144,https://static-cdn.jtvnw.net/jtv_user_pictures/e233d797-e1a7-4268-8ccd-7f77e6bc3ab2-profile_image-300x300.png
091ac99f10804fe3b417a0f285731b4e,1260,75638,https://yt3.ggpht.com/bWGd5YXqd6grKREhTqPRVmX69CVSc6ZAWD1FHoMv6wElj5rybkeLgMrCX8sooPtXT0CRS89xJw=s88-c-k-c0x00ffffff-no-rj,390,https://static-cdn.jtvnw.net/jtv_user_pictures/01274db2-be73-4192-ab12-519c6073ec47-profile_image-300x300.png
0979940d57534fc0948e24369aa495c5,115,1163,https://yt3.ggpht.com/Iqcjd-NWVT_R_USR9TP2d77g7QkuN5uMj6-npUeLQh-v-xIoJhZt6flj0p8pW0FQBU2mT2Fn=s88-c-k-c0x00ffffff-no-rj,2705,https://static-cdn.jtvnw.net/jtv_user_pictures/b12c3fb8-4ba3-41cc-b0c7-7d8f62d6c62c-profile_image-300x300.png
09945e9139af4f3a96e6adfd73139d35,155,1595,https://yt3.ggpht.com/goFd-a7sjBMFAk-UrkL8bulFQ9IKOfFgKJlsdKP42N3qAsHWLCYWVYnsM_RO4JB2KJmy4rpCrg=s88-c-k-c0x00ffffff-no-rj,1292,https://static-cdn.jtvnw.net/jtv_user_pictures/193c1069-cd56-4928-a20d-b06b00e60b7c-profile_image-300x300.png
0999b4ac6dbf496aacc1d48be59c4df0,5410,221821,https://yt3.ggpht.com/0SdSSJcRtqXpHPdmJTViJvdVNp8p2ncQ7jrEtcgSmg9nfotcIWPrCsHFx-PFD95GKZQ_KoG-Zw=s88-c-k-c0x00ffffff-no-rj,,
099a5fd0d27d4fc892f684793ac18c99,9420,854513,https://yt3.ggpht.com/_R5Y21QQpU4-bTaTgYlgwnsDCzUOl6g8UudBvb0Vsi1G3B2Kr7JpWdpZFXuFwEPc9sCmXWEFqZw=s88-c-k-c0x00ffffff-no-rj,,
09b00ccde152498b808efe7317bd52f0,104,1295,https://yt3.ggpht.com/Rhcknj7zp9NpdmNfdpiOqvRt1E40hKLTxVQRhgt-LQDOBr2eiYNU02pfMMpaAbD3oYH4TG16fg=s88-c-k-c0x00ffffff-no-rj,2583,https://static-cdn.jtvnw.net/jtv_user_pictures/7f8fc0f4-9c97-44b7-af15-7fe9fa55ae9e-profile_image-300x300.png
09c9c71c41e24e7d9498ce41a78dae1c,494,15003,https://yt3.ggpht.com/szQHkd-retN_H1oVRFiMyS7n7Q5llrDkWTUbxlZl8JiUtyjMiEIfgAtuHYbM4niDAnGjnKZH=s88-c-k-c0x00ffffff-no-rj,476,https://static-cdn.jtvnw.net/jtv_user_pictures/fae13578-0061-4fad-a345-38eb07d96280-profile_image-300x300.png
09ceaec049b74c6bbe11eca7d4aa3cf6,301,7760,https://yt3.ggpht.com/QcxGSMFubIJwWywz5bmIpHXqSaZm-UrMyekk960mro2REoFiZxnv4CYN2zTfX3mGkkkSWHEX=s88-c-k-c0x00ffffff-no-rj,,
09db2ab40bc54cae831b5514b68be313,488,0,https://yt3.ggpht.com/dXmWLWMY5T0cr6gSmZq_xBjNVXEM4no0rtfJvruWCAAixFccR_BEgrO4t2BKK9-b4kb7Wxnx-Q=s88-c-k-c0x00ffffff-no-rj,,
0a000a22ebd84abf860bcd5ef0a5ed60,774,24536,https://yt3.ggpht.com/4CuqKaSleMioDHVuNHz9hi90gAIVnT9Eb3eU9TiVub7rcY6V5M6nlTxazqoBo2_tZkci9i3t=s88-c-k-c0x00ffffff-no-rj,1736,https://static-cdn.jtvnw.net/jtv_user_pictures/669159da-3239-4ce1-bb07-4c307cc279db-profile_image-300x300.png
0a067d81cfe24b39b770b67ad89b61a7,509,0,https://yt3.ggpht.com/hDiOuW4iA8pCGkb2PooYKSVThP57i2xZLvM9hcsEFTRB1YBroruu7XeYQqA42S4n569IXGo=s88-c-k-c0x00ffffff-no-rj,,
0a0df52f847d482e90955a9cb5d1c84c,71,358,https://yt3.ggpht.com/3eRVphlT62DFOodfLoWm_MD8nkxR9iTw2aysXc6dJbXXrbJr6rF7_i6yR1cX-0WMmACOIzHO=s88-c-k-c0x00ffffff-no-rj,116,https://static-cdn.jtvnw.net/jtv_user_pictures/455e1e5b-0ca4-4980-82ff-a9990c64a057-profile_image-300x300.png
0a178f2c7b994a4ea8eb845ebd489a5a,1940,41823,https://yt3.ggpht.com/uz57jtNyIiE_kND59AzO4iUELrFF2VRYNQOLG6NPlS7gPgfw39vNiET6O2y1GqsbIR61DMPO=s88-c-k-c0x00ffffff-no-rj,192,https://static-cdn.jtvnw.net/jtv_user_pictures/0b702ead-7c6e-42dc-90e4-ff762f6d8aff-profile_image-300x300.png
0a20931c68dc49c8bd08eda1486193d8,2750,67109,https://yt3.ggpht.com/HaAjsjVIXaEdgudvrCU-FjVgjbO2esVZYnhN9QVK6t4de0eJriLsM3Llik5uBOwFL7MLEsbHBA=s88-c-k-c0x00ffffff-no-rj,1477,https://static-cdn.jtvnw.net/jtv_user_pictures/fc0b0a0b-fb2c-461d-a809-5a393ef30c27-profile_image-300x300.png
0a293e8cda6645709e6fb92f7b66f069,147,3189,https://yt3.ggpht.com/_YX2Qlol2HSepcgbIsXKaX4yBMrcKsIAb4aj_V2GWPIvtwv501-h3vYqczae-d_sFWKHsox5uog=s88-c-k-c0x00ffffff-no-rj,405,https://static-cdn.jtvnw.net/jtv_user_pictures/0d98a591-bd7d-4b8f-8e1e-ce8f3d9b4e3c-profile_image-300x300.png
0a55a882e4ae4a1e9c1e77ea001aa91b,738,50601,https://yt3.ggpht.com/bV3WqREJ1wOto-ysvhs-vAKMG0LVMGE4Mb866DuDcrX4rui3a47RUhTqIYRlDQm3mbe2X8xSXQ=s88-c-k-c0x00ffffff-no-rj,1293,https://static-cdn.jtvnw.net/jtv_user_pictures/986c874e-b3da-482c-80a4-6f5722bbe67e-profile_image-300x300.png
0a5bbdc460184f279cb8c7965a1d6098,99,4151,https://yt3.ggpht.com/0ixW50wi10mbDhE_r7k0WSSux5OBQlqXzBOvO0sNRjpb48Ln9-oJ3yCclueEqivDA0o5gy-E=s88-c-k-c0x00ffffff-no-rj,107,https://static-cdn.jtvnw.net/jtv_user_pictures/64c6c90b-6dfb-4c30-88ec-cb51c78dfff5-profile_image-300x300.png
0a67a8d822094ca3a59963f0fac8798a,553,13581,https://yt3.ggpht.com/JH7Bb2XqzZQ42OusJAW_svwymxKQUpYPzjkXmYbDL_Uar0ODBk5DV7OntqSUerJV4FhTbrs=s88-c-k-c0x00ffffff-no-rj,,
0a9ce04e6eee4c6d8dde6eb5a0f56c20,309,11249,https://yt3.ggpht.com/pTHYfmjss7FU-6EIi4ayzFhbvLlPFHAjxcSEk53FEFAxRan4uDEqIP57a4SBAiVSpFKZcZsq=s88-c-k-c0x00ffffff-no-rj,,
0aa8c41f04bf4f12b9a8281353ea448a,825,33922,https://yt3.ggpht.com/NhiapBlivKWQTdnnrvdvNguDCm8NY29v-6bdTr-_rSmD_MqGhQlqCgpbp0pQuHDS3xMvlLKQNQ=s88-c-k-c0x00ffffff-no-rj,4759,https://static-cdn.jtvnw.net/jtv_user_pictures/853a6042-2dea-4c28-bbdd-e93e58f44806-profile_image-300x300.png
0ab16bd60230422d97f73e6810be221c,3040,152457,https://yt3.ggpht.com/25Rwp2VzIZAPaSQJEcJcRY7zb71LtTDrZo_Vme7r0c3p8Z00TtMHeMLHz8lnmK80J4b_rl1KEA=s88-c-k-c0x00ffffff-no-rj,,
0ac7e05c8a3842e7bd1401652ce2bf4f,2880,108392,https://yt3.ggpht.com/SmAdp0RU_pGlh5APe9ZxnJffgJJzBHechB9DrVUUR4WNBAB3Oou203gbxHOuY0YHHCN60f1_=s88-c-k-c0x00ffffff-no-rj,,
0ad03ee6159c4d37a4feccbc49ba3dcf,475,29998,https://yt3.ggpht.com/ytc/AIdro_m32s5J4jGZ-vD8JP7GYZLgiuwg52KQ8wdYKLFLhKaYixY=s88-c-k-c0x00ffffff-no-rj,136,https://static-cdn.jtvnw.net/jtv_user_pictures/f3c98dda-8ccf-4ee7-a1bf-734d3dd8b674-profile_image-300x300.png
0b0668c6206c4500bdcbc281ee58680c,273,17449,https://yt3.ggpht.com/3PHyXUuMdL_M3-VOcw8jFpwqnoc7w6jTB6KCLX_kNQBWqJqJnT_8AyObCYpYGpGl3YVCghxnDA=s88-c-k-c0x00ffffff-no-rj,2567,https://static-cdn.jtvnw.net/jtv_user_pictures/f1d7149d-4aa2-4633-99ec-b1eb6f307843-profile_image-300x300.png
0b0f8cd64c904508910707412b2c307f,661,17936,https://yt3.ggpht.com/7IYvfDDHZBqehmZ1Q-0LzSuPmKZ1_VX5y2Q1NVaZFmoMmqmsxph1Gq3gAE8w_hpMVdc0xGz4bfg=s88-c-k-c0x00ffffff-no-rj,,
0b1217df534d441bbdeb11d5f2a6465b,5720,38376,https://yt3.ggpht.com/tQ3OEihtw_B-O4hSSsAgrIk--neFwmJMTDPrwX346dK0QEkiEwOxeJA9odHZpWYC7oBJEsJbdw=s88-c-k-c0x00ffffff-no-rj,797,https://static-cdn.jtvnw.net/jtv_user_pictures/df2903f5-3b0f-4f5f-8d44-a122a7fa6013-profile_image-300x300.png
0b53549edaf5490ca350ef17aee7b8b9,35,188,https://yt3.ggpht.com/ge49FQ-00CR7aYOazaE63dtVDhg-wAt-M0thZ62nZrgEL1dvNfJzMBTIdIaBTfTFSUeBbLZ0=s88-c-k-c0x00ffffff-no-rj,506,https://static-cdn.jtvnw.net/jtv_user_pictures/69fddd7a-dec9-4c96-aaa9-eabf0a053dfb-profile_image-300x300.png
0b63fa89b80e4649b0297d156ed1c791,15700,1084038,https://yt3.ggpht.com/KLU6lyBWDPSuY2W9XOFLsoBpRFwpikvhcPjWaapqLu9IMDeHQtlxU8X7Tl_iScMtUriPH59O0g=s88-c-k-c0x00ffffff-no-rj,,
0b8d1c0fa1b14df6821e85def645425e,735,46979,https://yt3.ggpht.com/k4dpvzhEZ6WesvF2WlGjpR8G-8cTIeypjgHlJTG7r3WQgtUWWW72FT1RCyp9E_I3aC6pT4CLYw=s88-c-k-c0x00ffffff-no-rj,124,https://static-cdn.jtvnw.net/jtv_user_pictures/c70b8447-62a7-41db-ba4a-4ee366e44b6c-profile_image-300x300.png
0b91169f9d504a479f0e1010ae4edda1,1820,5502,https://yt3.ggpht.com/ytc/AIdro_k6M1xnS2_PA95ZZ5USlPaRcWZoSDxO0HTfCmJKwFTOvvY=s88-c-k-c0x00ffffff-no-rj,,
0bdff706ecb24c8aa773db2af30b702d,73,163,https://yt3.ggpht.com/cn1aNJCPTC_A5JCu8feq8kksANSBnVqzhkomT_9NnM6WaIkwmPu36Hqh4CK2fctFZ3teT5T1TtQ=s88-c-k-c0x00ffffff-no-rj,490,https://static-cdn.jtvnw.net/jtv_user_pictures/0369f3e4-91d9-4931-b0db-89dbc7baab23-profile_image-300x300.png
0bef54320f364c5a9289fceac64c5411,2310,68060,https://yt3.ggpht.com/OoJkp5Woj3t_dQmd8rNje7Z9m74RDfCMOXbZehRs-bKdWCHTeZZE3UKAgNnQjM2YqksAtJ5z1w=s88-c-k-c0x00ffffff-no-rj,64,https://static-cdn.jtvnw.net/jtv_user_pictures/beff9920-7ec1-4bbe-bf47-100c7b7ba2d4-profile_image-300x300.png
0bf0ec441dc6489583f7218e02ab6a89,76500,7439468,https://yt3.ggpht.com/_qeAzKoWg6OKAKDkbC9Lz-iDwGQ4PKcj8w89AZgkjkkXnL0AXc35LoUNKUeIjZ1nnI9ksSJq=s88-c-k-c0x00ffffff-no-rj,,
0bf305da1ec14c5c8447b9a007bc81f6,369,14465,https://yt3.ggpht.com/YD2SszenVtTdbyKh8kiNfHWEhdIvjYraPowhyKJIhRqtWbNcTz3XR9tCmzI5rtfYzUutOf0qw_A=s88-c-k-c0x00ffffff-no-rj,436,https://static-cdn.jtvnw.net/jtv_user_pictures/1de143d8-cb51-468f-90a8-07e2e45dabcd-profile_image-300x300.png
0bfd032de03c48a4bd7d1f4505335a7d,15100,488717,https://yt3.ggpht.com/xpnbz8dSUT855cAB_hso70az9K1c7njhk4eZ3wM5ce9_e596a-Yj1Im62-Ftge_8GFM2l2Bw4Q=s88-c-k-c0x00ffffff-no-rj,,
0c05eca1975b40b3a0b54d3dfd61055d,158,1572,https://yt3.ggpht.com/e0KFi3QERr42-D9BQKNy5tjNJ9SUyYVZNXI_23XvS78n8-8H0d_a1gs63tDfnf9q5W4ugQVY4w=s88-c-k-c0x00ffffff-no-rj,2112,https://static-cdn.jtvnw.net/jtv_user_pictures/1f8d86f6-249d-4928-b858-8cc715e0ff63-profile_image-300x300.png
0c09a69445864b44adbba11b487f9b1a,8890,282702,https://yt3.ggpht.com/th-E2k2o5wMHTFGILM8SIW5-D2Vwb-2zPI_z6YsJJYSceQG1QH9Jg1wV129KkqCb5gkqAbgB=s88-c-k-c0x00ffffff-no-rj,831,https://static-cdn.jtvnw.net/jtv_user_pictures/ee60b9a7-eaf2-4dc9-ac4f-27870e7a221b-profile_image-300x300.png
0c3b5ae85d2940b8b73a92d72dc0d313,562,12530,https://yt3.ggpht.com/Tee-Q1PNJ83z6T7B1cLbzLUWByJlJmHrZen8qzVUNIu3kvpEoGmCCO2n7EX2OfZbc0fC_3f1=s88-c-k-c0x00ffffff-no-rj,332,https://static-cdn.jtvnw.net/jtv_user_pictures/d5aa34df-2006-4fee-8185-6d7da83bd021-profile_image-300x300.png
0c97b425059d4ac893cae0f804f4ccbc,169,9341,https://yt3.ggpht.com/7TrMgE1Sc9iVQhWgG4Z76UQXhYr9L9Nh4ZnBHBDDQ5zkfzE7sf06on3iyCA9WPZuefPKNeQVhg=s88-c-k-c0x00ffffff-no-rj,,
0d080db8809848e2ba918799b2f7885b,802,32336,https://yt3.ggpht.com/4wW1IIzDg2Jxt04Y_lo3cbDWNQeIAjqyAjrUiv9CJ5IIOfqC7320x1GuwXOyfudP7McIsE29bw=s88-c-k-c0x00ffffff-no-rj,,
0d717ed7ec134fb6ac94ce9dc4e25658,33200,1327421,https://yt3.ggpht.com/zPGYJpj2RNQfyg4tOvyzKzJC61HmrEqcUFBGNYH4vV0RuDDJV78HOJg4OXiYO5eX6h72TVLypA=s88-c-k-c0x00ffffff-no-rj,,
0d7502e74c394a7f82a07c31fee877ff,1040,33453,https://yt3.ggpht.com/-TquCj62k9XN5GwT0pL_llQGRI5_-25mb0O5SHAGYx-2hTjtjeh1YVrFlTqv9veQlPCwBTS7ck0=s88-c-k-c0x00ffffff-no-rj,,
0da343539de64a169fe51ad653e5c73d,1720,36989,https://yt3.ggpht.com/ytc/AIdro_mqbiUsWuK6-VbxiRPoMAlSFiDCsWzMA-2GbIq8moO6sA=s88-c-k-c0x00ffffff-no-rj,,
0dbf3f6f6521460782992a963122aed0,548,16147,https://yt3.ggpht.com/B65oyXXjI0Hl52jiXbzPNVA8Eq8i1l1kMD3df7zMu9MiQPZzUWquKsX6irs02WLvICt12spIwP4=s88-c-k-c0x00ffffff-no-rj,247,https://static-cdn.jtvnw.net/jtv_user_pictures/d9b285fc-1337-4c36-a08a-ccaa55b74aa5-profile_image-300x300.jpeg
0dc64e677ea0451095971685f0618966,1780,90804,https://yt3.ggpht.com/OV41ku1r3Yq9_30F0nVRZIF2sSgFYNGTUaPGA_zXGtJCCAObMAERywF3L_USJJLCRXqDMMrN=s88-c-k-c0x00ffffff-no-rj,,
0dc671f00179414c959171b6625785a0,1760,0,https://yt3.ggpht.com/2lmRkuwvs1vHAPWh9_-DsxkuwHZkpdMKDjQeKNaiWkjTnkX-6ar1eMiKM6n_S0Wij8IQINZC=s88-c-k-c0x00ffffff-no-rj,,
0def37f8b1024539acb6aaf387f3029e,5020,83259,https://yt3.ggpht.com/wcjDSRzujNRG-qui9W7f3eyfwrc_5O-ZyPm-Q1Yy9hlkHEoSYYv-NbxVo1kvQ1L6kP2s46dy=s88-c-k-c0x00ffffff-no-rj,8026,https://static-cdn.jtvnw.net/jtv_user_pictures/5ccce96f-029d-4dcd-8f89-19d300daa2e7-profile_image-300x300.png
0df008566e92461eb808c5b3ba9c7f0f,1180,43068,https://yt3.ggpht.com/r6IBe59OM_i1AmyhwEiTjIGWsWCJt5PhuDrm4H_rX8QJgkqyIpTFydwtOQDGhxs7UvaPRTgGzQ=s88-c-k-c0x00ffffff-no-rj,,
0e136a936a574815a311e6e801ce3ca6,356,10980,https://yt3.ggpht.com/sxn35Lkj1q93kBbIO2ZTkUyd9gpGRloy4ET497K3RmHDk4ECxZeYKk7cfKGbeR6_SjxUypK6=s88-c-k-c0x00ffffff-no-rj,14,https://static-cdn.jtvnw.net/jtv_user_pictures/35ee7369-a540-4ade-a5cb-e03a44024ec4-profile_image-300x300.png
0e17da7ad6e94a73a2ce539bb6ea293d,815,15066,https://yt3.ggpht.com/lVDeejY281dX14zfgiA0cKCIceXQZ1YVw3X0UnrXlMnYiBNhSMbB16mzAZLFIJOfgPsNNnN9OQk=s88-c-k-c0x00ffffff-no-rj,,
0e8150c7419f4c1d94d8ccfb41a04280,3310,316542,https://yt3.ggpht.com/CIH10FHXUreWLatPP854pTllfG8LcW1gQ-k3dJn1NXqoConEnTHpzxSXTQgqe4kEMMVYq1y7OQ=s88-c-k-c0x00ffffff-no-rj,,
0e9aeecbe8f04a62ab781cf2e520eba0,581,13544,https://yt3.ggpht.com/lwheyPwmUmFr9B9vs6p287fwJpI1Z5N5G3PnNq0iIRsvhSY_zsyHMyEIDO8z99DQH4VZH99dLA=s88-c-k-c0x00ffffff-no-rj,5587,https://static-cdn.jtvnw.net/jtv_user_pictures/152e1046-50d5-432e-8ae2-9293f803f6f1-profile_image-300x300.png
0eba942738504c8182c861668195c39e,29,409,https://yt3.ggpht.com/RtzLZblEV9PLbBWf3y2pFper2ffVaMHfrxgNKrP8XMYfDcAl2ytDegbTdZ6Ftm-PNmrbcmQpNA=s88-c-k-c0x00ffffff-no-rj,458,https://static-cdn.jtvnw.net/jtv_user_pictures/4393d6ff-e0a2-4770-9e79-48b45b6effc5-profile_image-300x300.png
0ec3bf23ccba41659f6d91e424fb2b4a,972,37821,https://yt3.ggpht.com/VfJvGg2DHA7LLXiLbB5CbQq5ZgYigC5A1F7gyfkDsRlImxD2iBf4iXkaVzrJCG5TyOC4L2Tgc-0=s88-c-k-c0x00ffffff-no-rj,,
0ede84dfc1ff426cb42643d7390d2937,2610,271881,https://yt3.ggpht.com/89QuwvlH4A8O7S5iYY4Wbtw_L9K4FNc04JkDS116qbO4aFsCSBPK2hta03f2xtOS5lhkhiXjbQ=s88-c-k-c0x00ffffff-no-rj,1330,https://static-cdn.jtvnw.net/jtv_user_pictures/d9eebea1-96df-4080-9a38-79464ff67469-profile_image-300x300.png
0f11420beab0442eae0208ac63d4474c,613,10463,https://yt3.ggpht.com/LdWwWO2ke5qkfBwubCVZppNkAcoJGytTyFtVzqp7qkazqDF9I5kO_p-yKkhcGqSDdzz6uFLuDQ=s88-c-k-c0x00ffffff-no-rj,,
0f2ad43c618943d19d5101f2d3c49ac9,1290,228722,https://yt3.ggpht.com/yBImWwr2Q3DvjSN6yEVyxEtBNtGAcCk8OcsJ8B_UwJ8elqs5jNKcU_n8SAtsiGKTq5LHaeWtqA=s88-c-k-c0x00ffffff-no-rj,184,https://static-cdn.jtvnw.net/jtv_user_pictures/1052c854-1402-4708-9c0b-5e90699c6de6-profile_image-300x300.png
0f595c5e48be4f29befb358388a61f8b,15400,1206848,https://yt3.ggpht.com/r4Ac2DrvH_1xh7FM2EF_GO59XGIfttISTWvGlBHIfBa7JZFWfQacBlRnHIYwqVXY5TD5v3-LhPk=s88-c-k-c0x00ffffff-no-rj,372,https://static-cdn.jtvnw.net/jtv_user_pictures/671c2923-7803-4ec1-8500-7b773792602e-profile_image-300x300.png
0f5e3935971449daa91b654886313110,330,0,https://yt3.ggpht.com/-CFlc0uZG3mjTx6xTS5UCplrz4u3ZRheMoJORIy6M5ZBYBFPhzloGZTLAjrdAtlOlGpbId3pkr0=s88-c-k-c0x00ffffff-no-rj,2216,https://static-cdn.jtvnw.net/jtv_user_pictures/9a4b57d1-3ddb-4290-8318-28f514aefd13-profile_image-300x300.png
0f74555e05794780adc4eb0b9096f727,1000,8691,https://yt3.ggpht.com/shS8Iapo-jjDAZpeaAwDzr-S_5vXVmD5qeTL9ldn3P_L01VTV29ymn3O-7w6qHTmwUghe50B2w=s88-c-k-c0x00ffffff-no-rj,105,https://static-cdn.jtvnw.net/jtv_user_pictures/7a314bcc-d646-467e-959e-3892d73bbe7b-profile_image-300x300.png
0f7d7faa487642d0a8ff6d5fc8dbc394,1750,145296,https://yt3.ggpht.com/4oeBk-diR4d7ukuCW3-hfNBDpXggnt8aaV241ciTGiExTwXZlV8xwD_K6h8gwvoO5arOgaPHfg=s88-c-k-c0x00ffffff-no-rj,1151,https://static-cdn.jtvnw.net/jtv_user_pictures/a3581c76-bfc3-491c-a721-1963b597bd79-profile_image-300x300.png
0f97f20ec79649e687590a4dc7328a21,751,19219,https://yt3.ggpht.com/ytc/AIdro_mJqDlOtr968082RwxB8uMFpjjLXweC4a_kqSNr66WJys0=s88-c-k-c0x00ffffff-no-rj,276,https://static-cdn.jtvnw.net/jtv_user_pictures/2aecb165-04d6-4d06-82b9-6b48317bdd0d-profile_image-300x300.png
0f9d996c066a406dbe04161776c17461,2630,115995,https://yt3.ggpht.com/Hmswxm0N8i9LbBHXqRtrzQ7zs9RMoidRnD6BN-hX7Pwf9WNk-_s7EmCw4xZiQEPj8LmjcYA0=s88-c-k-c0x00ffffff-no-rj,,
0fa88d7be0ba4850abea150aa73fe440,4450,245582,https://yt3.ggpht.com/raVRxjt4MRTvHRZHjQ4UjXRGjNwM2mHyCJ6Q_xQ3h4EoprHO0cyGO5aipCeZmQYPnjLbaglD0w=s88-c-k-c0x00ffffff-no-rj,,
0fbdfcc1b9cf41fdb840cf2f546d9324,1060,26037,https://yt3.ggpht.com/ovlVibZNljt-WBJY6JWRgx9dSstbyOiINbx2H5gl4QX_IY6P7xH2nQoX0FK-Cc68GRGHPp1s=s88-c-k-c0x00ffffff-no-rj,,
0ff25ac169ee4ed584abd2591cb72a59,260,11798,https://yt3.ggpht.com/Le1fOnJC7J8ckNb9qZMx0YrWoQeuVqOmyl_HGpxW1b6fjsHUIPAq3K5vE8MREbM_iTVoWHtp5Q=s88-c-k-c0x00ffffff-no-rj,,
100af980504b4bd38c8b2192d1e71b29,480,23853,https://yt3.ggpht.com/7g3aTHzXY4WP5sfTA1GNiHApHB-5QIdwEF39_3jGoIMCS-xHKzm-SyyZPmPKfSydCjJEBr1wkg=s88-c-k-c0x00ffffff-no-rj,,
1025a2d1ea674c649b1e7934895bd419,1570,44195,https://yt3.ggpht.com/bueTDbBQRcBRkCjiOzoG3pAhRO6ONUcIjDBviXbSyYTO2Pn5nsBS6nXUedX4XZ7Oi1fhd_vnbik=s88-c-k-c0x00ffffff-no-rj,,
1053fad74222424c83f1498fc7896d75,514,253980,https://yt3.ggpht.com/kAVa77sC-TvUS7qAMKlTHNRthn_7PMJHzRVYYbF-TGsBZQe__mjgdvYUdXnJpYKo71NowagkVw=s88-c-k-c0x00ffffff-no-rj,,
10550198223845c9a95ff1993088b464,438,6487,https://yt3.ggpht.com/RhNqclSG6FrmfRgyXgP2CMk7rEGykSsfhuSC0DFqFkFlFq8gF2Hqn6-rLApncG1ldgTsvB684-U=s88-c-k-c0x00ffffff-no-rj,,
1058d6e9f351455389e8a7a716ea26ff,487,29201,https://yt3.ggpht.com/gUte8rvV089K_0hJJff4r3mpjvBlZEJrGuqRbkDpR-y_caz0d1V06eYwSwQ57h6SvqKDwhGdIg=s88-c-k-c0x00ffffff-no-rj,2843,https://static-cdn.jtvnw.net/jtv_user_pictures/1f51b651-2ab7-4bcc-986c-16452e713691-profile_image-300x300.png
105bfceb9747425eb58622b6ebccf920,73,414,https://yt3.ggpht.com/4BWH3mxgXjEoo3jtJw1iKxMnN3ZQ0v_XV3gdF3_7VJv3YmHeYNxM9GjukCkOGTAjlWZv2HRghA=s88-c-k-c0x00ffffff-no-rj,373,https://static-cdn.jtvnw.net/jtv_user_pictures/88d90f58-b24b-421b-b345-5ff0738fb59c-profile_image-300x300.png
105f7890339346329ab408f423f617c3,79,3354,https://yt3.ggpht.com/-RtOV4bJwdMu759C1m0nw4RXJoAHoQrdo_KK5reulnfO0G_c6_ESi4B8LU-8DGV6MjvqHAzp=s88-c-k-c0x00ffffff-no-rj,2058,https://static-cdn.jtvnw.net/jtv_user_pictures/12d7cade-b076-4414-832a-06ad6187a203-profile_image-300x300.png
107ad23090e649b8935850f3d78ded99,543,16917,https://yt3.ggpht.com/XqebsLRhwqzE2ERQWzVaRhNFCVTljT7qnmelOPw6_5O3xRu0Q2rgV3RpDTDDVje3Tbah1I-gxA=s88-c-k-c0x00ffffff-no-rj,92,https://static-cdn.jtvnw.net/jtv_user_pictures/ced3cc98-7522-4f0f-91e7-a4086f7927d3-profile_image-300x300.png
107fac8e77f74af8ba95491ae9492642,50,64,https://yt3.ggpht.com/2XSgrMMghXO9AP30EKImfUNNNg3xvdiUPTgv7HjXrzWVFV8ZmlZgSZGKerM144TojGhLZrtJ=s88-c-k-c0x00ffffff-no-rj,405,https://static-cdn.jtvnw.net/jtv_user_pictures/0d27aa11-af5f-4698-8805-3885ea8613af-profile_image-300x300.jpeg
108ca56f150f457ca9f50c5179a7804e,133,82,https://yt3.ggpht.com/5U4xVuxHFcXHahJcaWOwPjmZqS7YJFN2SFL0GR-9VkQqB9aDSjjKHlD6hQFj1L42Dvl9oyVkug=s88-c-k-c0x00ffffff-no-rj,589,https://static-cdn.jtvnw.net/jtv_user_pictures/564a8029-78fa-4487-a4b6-714900d147e6-profile_image-300x300.png
1090032399054c2bb010a0a7287b2006,285,5187,https://yt3.ggpht.com/o7ZqFnERwpoPSsDv_s7ea-E7f3puRT_Vh4tXRUgIDE5_uaarcrtcURbq-wmYHnzwL8qGOzbe=s88-c-k-c0x00ffffff-no-rj,,
10c8c9b647e7464f9d95c7c1a865da01,1130,43375,https://yt3.ggpht.com/x4EOS346Z9uPgUSLKzvpsUNR5D9a3HLXu_RUOdQIywBTGDgFnObvMJhT4T-niO_XI8fGEqat=s88-c-k-c0x00ffffff-no-rj,1539,https://static-cdn.jtvnw.net/jtv_user_pictures/a1c7bb4d-3571-4d09-8eba-eb0f9a82d4df-profile_image-300x300.png
1140618a96154395909d53257bffe0e6,1510,50322,https://yt3.ggpht.com/C23AWg93mv8ELoRn3r6HMH5xNB230vBlZmg0dXEzxN1022uRY2cCtQXlXNeUX-KsMqJkWnrabA=s88-c-k-c0x00ffffff-no-rj,,
1145b6f48caf4756a889a437025c3db2,1090,33890,https://yt3.ggpht.com/n1RF3jk-quZHPU8NNqfojOv8tNZxCJVKq0gpi17SAVBvAL3kZjBzQ-_Emk0Y4z1RX0x0JmVu=s88-c-k-c0x00ffffff-no-rj,538,https://static-cdn.jtvnw.net/jtv_user_pictures/d330fd12-4fcb-43f2-a401-9508b536c568-profile_image-300x300.png
1158cc8efbb64d169dd3f2c9512c5bb5,4520,50874,https://yt3.ggpht.com/z2gZUUL8b-qQ3jIyjUteAOanD2Ep9wVQwoE_MSvyrhQYHhG4cA1YaPWHfOWAaBTN-W9_oZyp5A=s88-c-k-c0x00ffffff-no-rj,606,https://static-cdn.jtvnw.net/jtv_user_pictures/48e24027-9d3f-4deb-ac93-546fa39c4e68-profile_image-300x300.png
118c05e7f751446abee5fc827fda0215,2680,792105,https://yt3.ggpht.com/dufcxH75NxCu_K5RonC8pA_arkGM6V0mZ_LpdFGpl9IQnoydwkUUODzeCbA4R4ZQyVSwMk4ngA=s88-c-k-c0x00ffffff-no-rj,,
11c279dd5d8e430ba442fec53dd1305e,97,803,https://yt3.ggpht.com/V-uzBZD4jerngY2QEncB5-r1FAe_GVWGtD_V6LtSb0X4RZoNND0o9CJvhwJHjXfQXyl8jiVB=s88-c-k-c0x00ffffff-no-rj,,
11dd1f817a6b4c80a066aedd8e0fa419,2680,68427,https://yt3.ggpht.com/KejR2d-I5kO7cXv90DQqyXlgfpjUQJbcIcHSGN1TTj3RTtbH6gWvTq8nW7t_L7yuLImADMc7=s88-c-k-c0x00ffffff-no-rj,,
1204e14e13fb4e1e9dcbd47e1a8dc7b2,388,2381,https://yt3.ggpht.com/H-dkBjvstLq-UucDvBEEgCmUHnO8WJ9VDOXduDkuww1vmCZS62gN7HB7DGsl-_sG2ngCFbg=s88-c-k-c0x00ffffff-no-rj,665,https://static-cdn.jtvnw.net/jtv_user_pictures/7f874db4-d851-4dd0-8e28-d28b8aacf5d9-profile_image-300x300.png
1225d23bc1814140bc0093c1407f06b3,601,14186,https://yt3.ggpht.com/uEPITJQHgaLLcL83xsx7YTol_HKLLgtrdNU7OFTSYzq3qVJghBfu8AAns2X_Mwihk9-usUPg=s88-c-k-c0x00ffffff-no-rj,43,https://static-cdn.jtvnw.net/jtv_user_pictures/d2290c5e-41ef-420e-97c5-03133e8ca320-profile_image-300x300.png
12286b61ae55499b8c60101a4625b089,92,6503,https://yt3.ggpht.com/_2_7nTkq4okYwPQ4D1lJO8WCBdxGtmYMzP11NF35vR9qLANMdmwaZxZN8I8Uu60ssx02M2geDfU=s88-c-k-c0x00ffffff-no-rj,197,https://static-cdn.jtvnw.net/jtv_user_pictures/39c95cf2-1d4b-4c39-b461-f89f32294452-profile_image-300x300.jpeg
123c79d3170e451eae2f0cc3543621f3,4840,348752,https://yt3.ggpht.com/huNc0xJvoDol-ciJOaRvDm6cDaPp3Tm-wE2M9whPZLOxhXMZ3xdZt0DL8TPbxPiylK5Jlf9isg=s88-c-k-c0x00ffffff-no-rj,,
1245d4764fdf41c397ecbcf52cc16858,,,,244,https://static-cdn.jtvnw.net/jtv_user_pictures/fabefcf9-6ef9-4107-8d1f-97d1cf2b82e9-profile_image-300x300.png
12479712313d4ddda715483e1f93ee9d,206,3842,https://yt3.ggpht.com/Rmg_jv1ivDRye9SbT6Z6YnBlkpMGmtkKYHytu0RJsBZBdVfYff2oj_SFoEYKjFxePm1XIEqaSw=s88-c-k-c0x00ffffff-no-rj,,
1254f176d93548aca5ac7f4b53313f71,7580,2458097,https://yt3.ggpht.com/zcW-ikuQFsHqzQZjNBbjDlsmfoSyWurjPMvs19nEdhdvANZjsBFr3YX-k4Um8ufbJ87IPDtqmg=s88-c-k-c0x00ffffff-no-rj,1569,https://static-cdn.jtvnw.net/jtv_user_pictures/ed259b58-79f6-43c0-9ccf-c4c77282a86a-profile_image-300x300.png
1257fb7258eb49ad8cf58ed64b800056,1450,36494,https://yt3.ggpht.com/bLFDHJB8_IOcOsz_pGS_71zErkRWoB2GGbdR_subf8XokkmWa1vbtchdig6-tvDBzGu4M0tqn3k=s88-c-k-c0x00ffffff-no-rj,526,https://static-cdn.jtvnw.net/jtv_user_pictures/7e501ba7-4606-4ad2-b4e0-3428daaeba86-profile_image-300x300.png
126103200de947a7a3c2ac3971eef633,11800,640739,https://yt3.ggpht.com/B2w9DU0NU4Lv4Ql1GNgG_Aw4FgWQgXWqP31LH7AYaf6ci10YBjY8r5-o6U_FpY1xDT8eO-78qQ=s88-c-k-c0x00ffffff-no-rj,,
1266255bc3ec481abc9d970be9f14f6d,168,0,https://yt3.ggpht.com/_N9U_jgmodiM_7Cmr5DvoEtGHnulrwC7cHTa82QyGyCYzPdp_IMncWo8mAZYGVSuhx76biEO=s88-c-k-c0x00ffffff-no-rj,,
12d506583827419e9eb3b64ec551a94d,467,6606,https://yt3.ggpht.com/ivHqdrEdbGFTrVa4H7RkNGM8uGFgfssHMMGmb7Yna3fjwAGjYqKd9EoA5xK4Bi0OMf0SDCKGEA=s88-c-k-c0x00ffffff-no-rj,26,https://static-cdn.jtvnw.net/jtv_user_pictures/51db884d-23cf-45b3-8d4c-98dc551d9ef4-profile_image-300x300.png
12ece01ae7004e9195e79309f0cdae40,73,558,https://yt3.ggpht.com/OLDXWIwt-PZ9faLHrJzgxup8hyB4rPN8zjDFTQs-CuwwWrmBLjZCBrc2zXs4gxnCn5r20COMlZo=s88-c-k-c0x00ffffff-no-rj,2355,https://static-cdn.jtvnw.net/jtv_user_pictures/8a60f47d-12f8-4c5d-9e40-5a907e11ebf7-profile_image-300x300.png
12f22a9f1ecf4807a61eee4d628d4bd3,330,4446,https://yt3.ggpht.com/ytc/AIdro_mo02BLTI6MHxKXJrEEXMsktzBN6ZwM5MKHMO48fDPaoA=s88-c-k-c0x00ffffff-no-rj,,
12f51c457b27425fa98fe89c24ccb61c,1320,25515,https://yt3.ggpht.com/hcyrlpbM8iZ1ce_PJ-a6jGXMbCPrFlNkgu5pjAR8_C4-9MOafEwO8VQZivD-_QXKmtXbv3KMky8=s88-c-k-c0x00ffffff-no-rj,,
1310ffb60dcf40eaaf6a08890e632234,2000,85906,https://yt3.ggpht.com/PA3VMvFVM5-qYZRnHwVSSlAITIbi7dwNO7tLaRC51WZvh_lUIrDHjbBwbteT9LxdZEWAFxeAwA=s88-c-k-c0x00ffffff-no-rj,,
1323f1b775bf43659f8b8ec2899522cd,65500,3476484,https://yt3.ggpht.com/8WpwDX8C5ccTBonuh80p6f35KqqKKAV3w7wB9r2no7pae7Qq0bL3Qu4UC0WHMmZfG_8l3SOs=s88-c-k-c0x00ffffff-no-rj,,
135224fe261040639a802804b52f22db,91,2861,https://yt3.ggpht.com/0fUt-rOwjo1JTa0T-Doq6VDn6lXx0W0eapYe9MhQXhEzva_g6uVx1947_2zZV3L7y3AKa3K8kA=s88-c-k-c0x00ffffff-no-rj,636,https://static-cdn.jtvnw.net/jtv_user_pictures/2dcfe7ec-9dac-45be-9349-019958833212-profile_image-300x300.png
1357f282a9f04f6cbe3e215a0bd20482,118,4530,https://yt3.ggpht.com/a02TSGiQOkiSvrxvSVdav88Dmkh-BFzaoBm9XGrHSgeoq3svEzCGayBlCrMwFXmvVxi3hI3xjQ=s88-c-k-c0x00ffffff-no-rj,332,https://static-cdn.jtvnw.net/jtv_user_pictures/63291a5e-57a2-4d23-a598-c453bca4297d-profile_image-300x300.png
1391c9808cd64cecb670a24b210ebc3f,349,0,https://yt3.ggpht.com/biC64UkP6tlcx4402RpkW4cYLsoZIEDBosbnRRhFoYG_EWIM2qe7RkoQp1b8uCzaDexUK-PeWw=s88-c-k-c0x00ffffff-no-rj,,
13992a4fb59649ada3a2adf027b5b35a,2720,47272,https://yt3.ggpht.com/ht0Ra76_IEXwdseWjDSVaUuF1wPwS9jRv7McC9uzmYKHXB6L_GL1uxuDcMcHT3qXqNHVmn-4Qw=s88-c-k-c0x00ffffff-no-rj,3739,https://static-cdn.jtvnw.net/jtv_user_pictures/9cdbb76a-0f24-4d5c-a6e7-1d9d8f77b545-profile_image-300x300.png
139f3f1818a2420aa35d5471adaf1a73,14300,420969,https://yt3.ggpht.com/mzc-6tZTdXq_N9tGaRCJfZxe_l17PsVqNLA0oXpAx0snBh5vbc4h1MLKAMvrToebH96JyW2sk-Y=s88-c-k-c0x00ffffff-no-rj,,
13a3d049cda44b9e8da24006e642dd78,816,23798,https://yt3.ggpht.com/Kg9_pGQeIWmlkG4z583pQyBAh44G5XCgR8IqNaBazZ51yrLA1arwCgQI82_yOZwjI4oNrZE0=s88-c-k-c0x00ffffff-no-rj,2837,https://static-cdn.jtvnw.net/jtv_user_pictures/b642f4b0-9fa8-4d68-acc7-3dca89036437-profile_image-300x300.png
13a4e83f2bbc4d18bb27520a4dceef72,1250,52456,https://yt3.ggpht.com/l9ygtWG4OUI85TL-hNeuNSRF1NsCZadnk_iK4chPBs-5-gx0YWNhwXB1Ts0376vJIO56_RCZ-A=s88-c-k-c0x00ffffff-no-rj,3381,https://static-cdn.jtvnw.net/jtv_user_pictures/124b9804-02a1-474d-b5dd-cc5030a0f1fb-profile_image-300x300.png
13a520e0a60c4aeea42f1c4d613e7e10,7210,237360,https://yt3.ggpht.com/PJvyNEmxGBCenPn6G7hg8boc0I5MFNgXU2CKyvSLp6c51AVqZCDLJu0L7XAeQiF4r74jp4uKl4U=s88-c-k-c0x00ffffff-no-rj,496,https://static-cdn.jtvnw.net/jtv_user_pictures/3fa19796-1292-440e-853a-141c35e2272e-profile_image-300x300.png
13b4e9aa6e064daeae11a136e2ec03fd,145,7165,https://yt3.ggpht.com/Kvl0_AUxLOce3REKrBFHrAwkAhU2U7ods30grRT5C9_WB2K642THxOC72DuL7Tt2GbBdlvtxVAo=s88-c-k-c0x00ffffff-no-rj,,
13c69e2cf2ff4dc1907bbae9a87a8c0f,9170,435891,https://yt3.ggpht.com/Kz05zvfQr_yAhc8PCdtFjPlRnCjm82AYxKJKDeabOaSgsz8Ve-aT8jlrgUW0Vg3VJ7vs7QwdVQ=s88-c-k-c0x00ffffff-no-rj,1754,https://static-cdn.jtvnw.net/jtv_user_pictures/d635d4f7-3e2e-417a-885d-b3e4e57cff27-profile_image-300x300.png
13f0439da821404b9e40b290fff8856e,46,200,https://yt3.ggpht.com/dBfg9ksip8_0OGoFxEdL7H5bSzS5vTAAs2jeg7zHAnsvvDbHb22qhU23oIJwyeuD349Rl__VGw=s88-c-k-c0x00ffffff-no-rj,,
14148e0fda054494b7cd2f9f38bb765a,181,5344,https://yt3.ggpht.com/kJO6jdjU27yx0FLguEdifpSA9kDOD7TY63TQvTVXq20m5ci1DVyc957GjHjH8CQmExL4ljZHiw=s88-c-k-c0x00ffffff-no-rj,,
1434ae451f81469da327f32c387b9df0,9800,246761,https://yt3.ggpht.com/q1HJS7ClmHgoPSzpVH0XQJELp4Cnl-luzc7JUZZ1J-ErEU-99j5yyZf_IGJiLs41hccvP_cgjA=s88-c-k-c0x00ffffff-no-rj,,
14392ae1c106403ab690e8a6dea7c534,42,1427,https://yt3.ggpht.com/4rs0wXq_9Low1LwOW0DlySXUkP0bk1USbX1wz2rBeNI7l4l21ZcPXCvGh0JAUvXAt8fDp-wr0xY=s88-c-k-c0x00ffffff-no-rj,,
14561bf5e63844f58b60deb87f443507,1910,0,https://yt3.ggpht.com/uZq8RS10hUh2o5_hjChMDn_QplSljXvMGeUT6bBi3qWPx2_xXjTmVNH3r1Ur8sHbdfvwDHXTvQ=s88-c-k-c0x00ffffff-no-rj,770,https://static-cdn.jtvnw.net/jtv_user_pictures/7ac32162-48cd-48bd-a00c-4ece41bf707d-profile_image-300x300.png
14770d49681b44c1a6a7fcbdc265f539,33600,931002,https://yt3.ggpht.com/dQyc1NpnBZiPsI4WxCj1G1nZIgrv_-HvHh2AdgbVUGjyiLTOFpkupVc82pXMerx-PXPmUOAP8cg=s88-c-k-c0x00ffffff-no-rj,,
14a9a08fbdc641e8ac8c384dedfccf0a,33800,1308204,https://yt3.ggpht.com/nSUPN8qVEW6dnlVsY1dVQpxCSMB4LavOMyL2_58yaTatCBUdlc_b5VwKg6mf1-oAWNC-J403FA=s88-c-k-c0x00ffffff-no-rj,5610,https://static-cdn.jtvnw.net/jtv_user_pictures/d5b143ac-087e-462f-a8c9-21246b8e0606-profile_image-300x300.png
14b8fa0f43664c31a5d634b20f9112d9,951,92977,https://yt3.ggpht.com/oxYRnetCwLyd2QcvVOQjGPNRBzU_ndodbAOVfGtxNMwNpPLzboAIz-HYq5i2FcM3WkJsYXCzwXI=s88-c-k-c0x00ffffff-no-rj,,
14d334ad35f146ecbb047d1c20652fe1,2010,322544,https://yt3.ggpht.com/_fwlEa0YHpf8LiD_wjQ1qwMccTJHR30XxiKT74dOiKlU-aN88A95c_ICXTK6vDoBnbAJXspEZG0=s88-c-k-c0x00ffffff-no-rj,,
14d68e1fc65f4206b0c45d65970c0215,574,33238,https://yt3.ggpht.com/FX6w-hBXYE8P0_OvWsXDVMSvKx1fSmiBcw77PBLZzOhB_5LLlzrnTVjsCdbcCnc_tYAoAyMo9A=s88-c-k-c0x00ffffff-no-rj,,
14d83faa414c415097d577d2da9636ce,11600,611071,https://yt3.ggpht.com/8HCsKod6I-YxwamXgDUyTWwFvDpev4MhNpAgtlUIxVjIN5Uhpq3GQKc12ogVi96T2wHL1xRMjA=s88-c-k-c0x00ffffff-no-rj,,
1551bebc6c26453e9893f342c68002bd,,,,101,https://static-cdn.jtvnw.net/jtv_user_pictures/bb3f6cdd-626c-4bf3-af2f-4a48652cb916-profile_image-300x300.png
1569b00373564846b894f47403376c6b,6360,224570,https://yt3.ggpht.com/u1yUY2XO8XYsGnKRrQ12J_n8aYZ9yRdYQtrBKQxTwmq9mYOUhLRF8vMCTfBlncLV0MQVaSfnOIQ=s88-c-k-c0x00ffffff-no-rj,,
156aba6fe34b4d648a3fd210550963c7,235,0,https://yt3.ggpht.com/MPFV-mzHYiFWoQ6rHiM2lYnBULD5CEmnKVtw7O1CyEui_TDI3dJlZYouXprPMMcI_MZgWNcR8A=s88-c-k-c0x00ffffff-no-rj,92,https://static-cdn.jtvnw.net/jtv_user_pictures/e0e99c43-8ab0-46c5-a458-49c1d6fef38c-profile_image-300x300.png
156c4271fe17425bb02fd7b24f5a2a7a,136,1363,https://yt3.ggpht.com/UjS4x23rVOPlfraIr1AHWObF-ubMN3FKAFYj9KWsutCt5ScPzy23eAd-bfZEbJpIdLvTdJ0DTQ=s88-c-k-c0x00ffffff-no-rj,,
15711ba2b93a46c295901d775aaf314e,928,31640,https://yt3.ggpht.com/8qMEJc1Ff7Nh29s49oIpUWKRn3W13KZ4DI7JGRDD7DbhBX_KzUc4YcY7h8gIoaZHn1yEyDqCvA=s88-c-k-c0x00ffffff-no-rj,,
1594067d444e4a53abb95bc1aa40e6db,788,23769,https://yt3.ggpht.com/ytc/AIdro_nbS7iIT8eQkUomZSCKiW7WQiyAwNzA_6AxL1eHjxqdpZ8=s88-c-k-c0x00ffffff-no-rj,434,https://static-cdn.jtvnw.net/jtv_user_pictures/8c600de3-3d64-4fd2-bbc9-f039d86bb927-profile_image-300x300.png
15b8c0a77287451395102506f90ec98b,1840,641,https://yt3.ggpht.com/3GfTaL8i4Jit5S1aAXylHlTYM1y59k5QZy7J_WyFEgqFDZcJYc4VpJ6FdN99JRRKA4k237cM=s88-c-k-c0x00ffffff-no-rj,,
15bc73fc2acf4a7695bab31fdea450f0,886,27943,https://yt3.ggpht.com/gqu46AjVslOgpbYeQ8wt2q2S7k9jav4Cqwkn48EU3mB31qZ8Nw0HIixcaG3Qw5xVHW7l0b6N=s88-c-k-c0x00ffffff-no-rj,,
15c9a54b946a40c38c07ea2f9efddfa5,64300,7422844,https://yt3.ggpht.com/E81Htka2x9NB2rKlRp3Iju98nNIYvCn8fLittbUFryYEsAgO6Ze71RScm_nd-Lco8TqMquRj8XI=s88-c-k-c0x00ffffff-no-rj,35048,https://static-cdn.jtvnw.net/jtv_user_pictures/262ab8bf-fa09-4a79-b1a1-e4edb4c0f8b5-profile_image-300x300.png
15cbed02d2f74630b04b73515909c1f4,12300,394131,https://yt3.ggpht.com/NL5Uo7V83gfJiiPvmTQet5AVt5hyzoPgz3w75YWy2QqlP0f0lo96MQ6t1NWNfkU3mJnOkp_mCBw=s88-c-k-c0x00ffffff-no-rj,2385,https://static-cdn.jtvnw.net/jtv_user_pictures/71b61046-49a1-4639-9089-df519cfc04e1-profile_image-300x300.png
15e4450f63904e50907dc93fee446fd2,2050,184700,https://yt3.ggpht.com/c5LuE4rPTg0ZWktKVnum3REpQY4Ia-7-j9TKf4ntxTLw7w74XL-XzcLeHjnx39El-IN3K_0k7ZI=s88-c-k-c0x00ffffff-no-rj,,
15ec206bfc374aaaa594bc12e9887a69,632,6519,https://yt3.ggpht.com/LLks4CIRcJ0fmeIplGHD5qDnOq8e_5ydtzkjosR2RjmriebLQIANBYPV2f8SLdGYZkbb7GLoIg=s88-c-k-c0x00ffffff-no-rj,1190,https://static-cdn.jtvnw.net/jtv_user_pictures/5173bea7-0c39-415f-97be-82ddaea7b919-profile_image-300x300.png
160f90709224412f9cfc2aaa88e89a57,2810,85226,https://yt3.ggpht.com/As7jt9nzDasmkr9f75pJE8P3PJIn6zhpinzKDfLFYVWWKx-J6TEtuQkJIOwYGKNLLpjN9AZ8=s88-c-k-c0x00ffffff-no-rj,,
1618171723d84cbe8b57cd69fa6f477f,96,1353,https://yt3.ggpht.com/nglbADhogqrzQNTFU3Fv7ypysarbMcqJ1ypKrKSw98pYsulwYSCWBLkv8ysiqxzsVBka7IZmVQ=s88-c-k-c0x00ffffff-no-rj,626,https://static-cdn.jtvnw.net/jtv_user_pictures/2bdf96fa-e6f5-444b-8f94-78f7dac28ed7-profile_image-300x300.png
16197a62aec94bcfa2e73220f291369b,4380,77339,https://yt3.ggpht.com/30J-GjYQMGlxlfrkKB0KXUqVoyPLr7TikcptNfxu0AUiwQBEb6rcbR_z30fToOxk4kSoTMhh=s88-c-k-c0x00ffffff-no-rj,,
1672489021244abda07543ce42d6af07,411,12019,https://yt3.ggpht.com/5KwLNZkd9V3IvwbxhPlM7yKF1NClRG93dpi2u4uN7DN8LR26Z-4TmFvTjq3aO2CoTaJK5t_F7w=s88-c-k-c0x00ffffff-no-rj,,
16896dffcb474d7aa21540c944a2f7de,,,,1857,https://static-cdn.jtvnw.net/jtv_user_pictures/d2755b18-bf5f-4a8f-8bab-682af6db0e2a-profile_image-300x300.png
169c2f21a36649dea2b55c105fd6f337,658,29867,https://yt3.ggpht.com/Zbgw_EMYIT0uaiutx2CwsIBVz8d4YjfMU3tFUe1bWl6yo9F3Stix5bqnBvr6HQqiTyapJHj5CA=s88-c-k-c0x00ffffff-no-rj,269,https://static-cdn.jtvnw.net/jtv_user_pictures/09402c68-5dba-4ea2-a507-40607980ca08-profile_image-300x300.png
16b8db1818764f81addb322d109b5da3,2770,135680,https://yt3.ggpht.com/nO7yoylQlDxm843CBu5BldJilJjeFfrhamr51efP_DlZzcibivhbf8DbwrAxg70n-hEdg4npvMk=s88-c-k-c0x00ffffff-no-rj,,
16c4a9b7211a44f6b98d8e1aebf4ea70,6170,204985,https://yt3.ggpht.com/sBtZ7bPz-yVloTHTzoyZREQzBf2qNyosYlhIAaCRBRnVAopkIheA6g7mWumpYaLVcwmZdFj27w=s88-c-k-c0x00ffffff-no-rj,664,https://static-cdn.jtvnw.net/jtv_user_pictures/52bfdfb2-664f-429c-99ae-dcdbcecff7ea-profile_image-300x300.png
16dba95f038f4b5ca6d3599c80ebe118,83,1424,https://yt3.ggpht.com/1ezQC-3RmbUsL539Twcc70wkaPh1pm71j3uxuHQm0IBxoE8z9FwKZR8v8_edQ8UftoZ-KwwG=s88-c-k-c0x00ffffff-no-rj,,
16e0b967de004b45b5c10302382ad43e,95,1281,https://yt3.ggpht.com/gzlbGpoDqGdNwj_L0bL6CNG4u-YEnNjFeSx3uLY9Hka5c6Qj-YP1-xtQgAtvy2TiSVS3DY7pug=s88-c-k-c0x00ffffff-no-rj,295,https://static-cdn.jtvnw.net/jtv_user_pictures/4377e79b-1e2b-4d60-af9c-3327558c78f6-profile_image-300x300.png
17143fd7a2eb41aab006783b2584dda7,503,11650,https://yt3.ggpht.com/NvRICE0DcGCFG-_FdE8MXMXo1ZRLyzd0Jjpttv4LRO4zLgxrf-cNDwhXZwl9hpVdTQzYW9cAqw=s88-c-k-c0x00ffffff-no-rj,489,https://static-cdn.jtvnw.net/jtv_user_pictures/cf55190a-dab2-4e96-972b-91af7fc49af3-profile_image-300x300.jpeg
1756e5a7f5a04ff6a7b5f482201b5cfc,1830,30233,https://yt3.ggpht.com/3CjZJXAmZyKEJOMum8di139XZJWw8JLMb9nAsySEe3H_MbPG4FJdd5Exf7hwlI_ltsc1OWkVBA=s88-c-k-c0x00ffffff-no-rj,22242,https://static-cdn.jtvnw.net/jtv_user_pictures/09be36e1-e837-468c-84d5-dddf762edc42-profile_image-300x300.png
175cfc69dbb34f1a8987f24a935db17f,4780,169345,https://yt3.ggpht.com/G1916pDZAeOhY3DyaJz4lV80xrnlPDchmt2zk_-vZXZi0bMyWmnyB88RFr0gt4CFatKNwHJA=s88-c-k-c0x00ffffff-no-rj,,
1760601b33854f2ab58b6217bd2cfedf,533,32117,https://yt3.ggpht.com/2oewaYQkU23QHobqzyOSmd-nQr3R4jCYUDtH07Pc8To95HoD6paSeKBxRG5DyW3Gsqqj4F_2mw=s88-c-k-c0x00ffffff-no-rj,,
17610c1e36214c0f8002456d8b0bcf36,1450,86407,https://yt3.ggpht.com/c9fR8jlEgdM8uOp6664DymeEmV1d6xZCZA2BUk-ubXDuwOjn2Owr_WMvH6w3BDU0HZpTIQRR=s88-c-k-c0x00ffffff-no-rj,,
17946118c2d641819c847aba0c491e13,779,3984,https://yt3.ggpht.com/HA-4zi2rINZexprBErjp-_eSJqhn1aBsetJM-qSWTIzFXkIpfUQ7BKFZ7UP3lkVrViILZjcYYQ=s88-c-k-c0x00ffffff-no-rj,4893,https://static-cdn.jtvnw.net/jtv_user_pictures/20c05989-b023-4ee8-b765-ffafe21aedb0-profile_image-300x300.png
179eb3fd3fb34ffe93859dd945b1b3a6,998,3872,https://yt3.ggpht.com/AWLTWTXUGs1RlbO_AZTFEDUhjbKkdwbJPGXnUpeGFn1BSGm-1HKPX15d8R_ew4VbTkeZi-4r=s88-c-k-c0x00ffffff-no-rj,,
17a340801a7d4697be53c472c621993d,472,21720,https://yt3.ggpht.com/ICjw0Z8kohEEgx7-k6IfZTcFmIzXJb1CKU8c2TzWLTuXi--fuBZ_fga4BhtJp2huOnA2ybsDzg=s88-c-k-c0x00ffffff-no-rj,680,https://static-cdn.jtvnw.net/jtv_user_pictures/6d1deeee-d947-4af4-89e0-3cabf204c669-profile_image-300x300.png
17b1d3fb1e1944dabd5e6a45f94e2f6b,1260,41236,https://yt3.ggpht.com/G2j7ExAD0aUMUAn6XNwVHXDLInlLVqNt-z0dQmXJsQu6ZsJmjOzplauacOBWPlLUNcOrVez1Tw=s88-c-k-c0x00ffffff-no-rj,,
17c335762a694402b8cb9a96b2865572,63300,4826191,https://yt3.ggpht.com/erELppbC7yHQUdl-cqWRR3n5sFAUjNPpmMatLt2EwyvWvN3t4cNtMjyUnaFTVw8wxLtesUHB=s88-c-k-c0x00ffffff-no-rj,,
182c265206924dccb716fc21b37486b0,524,8751,https://yt3.ggpht.com/ytc/AIdro_lu1WzXlDtmRsNBj0cl3Zg5s0YoBJH1taqokYLOR1jXiw=s88-c-k-c0x00ffffff-no-rj,,
183c98a5b67141469d956ff89efe35ec,738,0,https://yt3.ggpht.com/VZ1JcjgDVixSIn3aUaeah5p-h1gWBULUkeXzIyk7M7OYJ62JsGjYbsb9VRos_5YvDOGEoo4V=s88-c-k-c0x00ffffff-no-rj,,
188108fa6e2e41afb060e4038e49d4ab,77,2503,https://yt3.ggpht.com/TzIpcTL3_SQGGz3N2a4Ebu9P2E3kJJRJJWiUigIa-x-FlRBmZGPUhILTRuSa5yhK3dR6HT4SqE8=s88-c-k-c0x00ffffff-no-rj,732,https://static-cdn.jtvnw.net/jtv_user_pictures/3277d6dc-c2ca-4186-8abe-c048ff050344-profile_image-300x300.png
188bbf1349f1482cbd24d06ba720cf17,1170,9990,https://yt3.ggpht.com/TOlJAQFAxPKtnDx-N3OolUmO_lnRlQYMJgsv7-70yZEhgIUCzBosxu4Bmst9WMLtf6V4q4pr=s88-c-k-c0x00ffffff-no-rj,328,https://static-cdn.jtvnw.net/jtv_user_pictures/7f1bba80-833f-4c43-85f5-00a952a9b285-profile_image-300x300.png
18bd2d37e2e64f0cab20ec6a2b2f2474,16200,534897,https://yt3.ggpht.com/dW2ZuJTpXBfECVP9Xad18CSYkqd0eZAQzOSzm0H_SeJUPQIHIUxy7iyAW2nvNGUMTb_sKd-a=s88-c-k-c0x00ffffff-no-rj,1689,https://static-cdn.jtvnw.net/jtv_user_pictures/744a5d9c-a3e0-486b-9297-da8f784da5fb-profile_image-300x300.png
18d1c00e0bde4ddbb8be5eafe0967dfe,1100,46830,https://yt3.ggpht.com/Q8BHZKj_yhpxtOCz-IpMHn3Lib23suRMudVl2Q-PKW57qu01tljklWwJFz5_SALUlmW0wy2OCA=s88-c-k-c0x00ffffff-no-rj,,
1901cef25e9940e7b3da42d3c189cada,2600,31219,https://yt3.ggpht.com/yEYgmATuwEVYwck07ByRt3tewF1ppzBOIY6ObQHe3Tyq6tRJ-02NAIAQPwIsmb4QpTcI-Kxn0w=s88-c-k-c0x00ffffff-no-rj,,
19234cc590224c45912a14487f756dc5,26700,1855519,https://yt3.ggpht.com/Nqic6rjd64JboYpUTeWHS_5ND4beKzFchRa6_qW-X2Y7N4zRAQztD5LW7lp4dZzSYLH3YoOU3A=s88-c-k-c0x00ffffff-no-rj,5983,https://static-cdn.jtvnw.net/jtv_user_pictures/860b2151-2e32-462d-b2ad-61da6b5ab4c0-profile_image-300x300.png
192be77802a54229bb67b40c00978520,252,1640,https://yt3.ggpht.com/4aWe_MWXRYr3roD-l8KC1L0zNKF3ADFeHdqsTFy9vBE9qZ4b_kNNDC8lnAJ09zQ6hw1PwQiJ=s88-c-k-c0x00ffffff-no-rj,1066,https://static-cdn.jtvnw.net/jtv_user_pictures/818446fd-3b80-44cc-9c8f-f38710d59a68-profile_image-300x300.png
192d2decee72410e8346c135c4ac6e00,31800,1089512,https://yt3.ggpht.com/aD5_Cjb1t4N2czyjyYMhsAHw9IYYKnMqEqW5xpTpqfG4kDkIadWyi06RpWqYV1KgNCtdpdoCk8w=s88-c-k-c0x00ffffff-no-rj,1749,https://static-cdn.jtvnw.net/jtv_user_pictures/d0b2b5ef-2593-4246-9fea-8f32f2550315-profile_image-300x300.png
1937fa889b474d339713d1117f435018,4710,472070,https://yt3.ggpht.com/8gTQtLTWWCUFlXPycw2TDdsQFrNJSCHiKESXlVngWendglnE8RiJyrT4MVlvJqq6pi2HN53X=s88-c-k-c0x00ffffff-no-rj,5888,https://static-cdn.jtvnw.net/jtv_user_pictures/5abedc5e-07f4-44c2-89c8-f5f34bb15da2-profile_image-300x300.png
19a2801d800547e58c6560aa1accf3e4,1580,67976,https://yt3.ggpht.com/rxkj9cOmjybUAH_nP3hAl683TgGW2NY2vG4u1FODXOVae0qLA_98AARan3PgnWA4V9GfyFskO0E=s88-c-k-c0x00ffffff-no-rj,410,https://static-cdn.jtvnw.net/jtv_user_pictures/2d4f782a-bc5d-4f74-b88a-62a62bd1368b-profile_image-300x300.png
19c3bdcc95134ef38ad98df3f92f3ccb,3720,175497,https://yt3.ggpht.com/0TEFOGtU5bOFE6W8FBBUKZ7OfPKYxmMYhIl_thsvYth-_tNgTp5FkY0G0lZZ1Zkl9Ces2qRIvg=s88-c-k-c0x00ffffff-no-rj,671,https://static-cdn.jtvnw.net/jtv_user_pictures/aa21536e-1c16-47b9-9a48-2ba6ef12788d-profile_image-300x300.png
19ccc34670ad4ea6b4d8bc5aaafdf876,602,12568,https://yt3.ggpht.com/S-97763PcLkXA0T9wVwwlB3VoCf4GIZeC_nAG7uBuAYTbc76PIMH6fHpSprXuNQg2uYsXSczNTw=s88-c-k-c0x00ffffff-no-rj,,
19cd90980abe4f038f8f226f4f1bcabb,620,22967,https://yt3.ggpht.com/1rUCptJl6ywndy636rIi2sDoX3J3oC5WSMEPUMaO-mP-4yNz8l4GpZjsO1qJnJJxf_z4z-M0DQ=s88-c-k-c0x00ffffff-no-rj,310,https://static-cdn.jtvnw.net/jtv_user_pictures/5cedd61b-c136-4eef-ac50-af90db32edcf-profile_image-300x300.png
19f507cc460a426cb02013fb203bd0a7,496,12874,https://yt3.ggpht.com/kltMAp0sRODeOr7nldGKl0wo-x53uVhBrmg7ghpuN2Yd6GXgnSU3BK2fP5Pq-msEHauIVdjKqw=s88-c-k-c0x00ffffff-no-rj,396,https://static-cdn.jtvnw.net/jtv_user_pictures/ccbae91a-4b12-4c5d-948a-ea8af332516f-profile_image-300x300.png
19fdf3885dcf4d45bdf768a6f3fd99b4,3,19,https://yt3.ggpht.com/ytc/AIdro_mU_H3t9oW_tpXa7CCfsUPVZQLFtmmZTZUmd_Q5ErZK1II=s88-c-k-c0x00ffffff-no-rj,599,https://static-cdn.jtvnw.net/jtv_user_pictures/06f8eb0d-7af1-4e1b-b752-490efd4b2d22-profile_image-300x300.png
1a3a0feb188e499ab4972c971d639f58,5780,240411,https://yt3.ggpht.com/7eRdkjgUzQ2BxREL1WUUzaN_y-MrUK5688kf-eT7YbEfscsXx_z8A7Vht-APgakyLUGQJL9Z=s88-c-k-c0x00ffffff-no-rj,,
1a520f3d2665454f985490e42467ae27,11700,224636,https://yt3.ggpht.com/fTnPdKS9maz625hgwtwPeD1WiQZWrfPY3rOL5hPc2occn_uXFBAq7Y5uRVVh7qsS6Uj7rXCOuaA=s88-c-k-c0x00ffffff-no-rj,,
1a95847597f04ae39d6f0d9caba04a5f,435,14463,https://yt3.ggpht.com/ytc/AIdro_nILJkQb-89PfSZI8eSDA8O0slBpPsfrEBftJDxgRIBP5c=s88-c-k-c0x00ffffff-no-rj,1147,https://static-cdn.jtvnw.net/jtv_user_pictures/bdc1743d-910e-4e5b-bbbe-4635839c7ac2-profile_image-300x300.png
1a95bb88e451498ca3491b69af964588,,,,33223,https://static-cdn.jtvnw.net/jtv_user_pictures/825d4e86-95bb-47b5-b752-22ec421bc28e-profile_image-300x300.png
1aac7d12633a48c2b8f39356ee85de48,4650,116212,https://yt3.ggpht.com/orrCxBzN-4a-J4CEpBsla9ACBAQBiyWrGnjTN9OT2HMFn3CqpuqPb6ESURbXRAwJvyCnFQJUDg=s88-c-k-c0x00ffffff-no-rj,2489,https://static-cdn.jtvnw.net/jtv_user_pictures/41356ca2-1595-40d5-9f8d-55f72c7b52c1-profile_image-300x300.png
1addf96267ac494bb73c9e6f6e1793b8,,,,2436,https://static-cdn.jtvnw.net/jtv_user_pictures/78bf72b0-b1bd-437b-bff1-8ac295959e74-profile_image-300x300.png
1afd3fcb51954f6ebb2b73a6cb849d40,52,78,https://yt3.ggpht.com/Ag_FNzx_gQ2b-BW7gFMV-uuXW8odtttFVy7FHCN1thZ-1Ws21aC6qzNprP-AV133p821krvYnw=s88-c-k-c0x00ffffff-no-rj,230,https://static-cdn.jtvnw.net/jtv_user_pictures/7e0b2400-0395-4652-8c7d-f7bb30bf99da-profile_image-300x300.png
1b45eb3857ab407cb97447882c2ae525,1630,57033,https://yt3.ggpht.com/fE5LW33-_L1B2T2VidR0cBqmdOsIKuLRex4JJlwgSGcjhJFtHv9mFMbO3pohArvFXnxVsyJ1=s88-c-k-c0x00ffffff-no-rj,,
1b63d89e0b1a4b579de6d99e25eaff8f,54600,7301151,https://yt3.ggpht.com/BS46l8LVcbYmZLrAviJzvD4Ni-F4PJZQlDIO0c3TQKojWt9gxsj6USpcTGR4rQTPzgFPF_Lk7g=s88-c-k-c0x00ffffff-no-rj,8207,https://static-cdn.jtvnw.net/jtv_user_pictures/72bd3714-8d7b-4e33-b21c-a5527364df8b-profile_image-300x300.png
1b863baf309a4ff587385012bb5bde51,1470,129539,https://yt3.ggpht.com/nYpIjsvG2H7Gsf_CVjkeuOFydxn9HVuN0taIga5qX4mh-E_1NbjXa0jUlDHhTI7J1hJ2n1o4=s88-c-k-c0x00ffffff-no-rj,351,https://static-cdn.jtvnw.net/jtv_user_pictures/6abc996b-52c4-43cc-9385-0a6a10cb4b3d-profile_image-300x300.png
1b8f1c5c6e784ef4930d7e0f1dc35e4e,659,0,https://yt3.ggpht.com/87HbFLld45BS1dZGoReRTszimo5peNQQrmWZUAe9lSGIgEpVVZui_Ug7Rs2q6yb2DuuTBJWwZg=s88-c-k-c0x00ffffff-no-rj,,
1be04e1564c34845bee20467cdb8cfd1,1650,106188,https://yt3.ggpht.com/o1tPc94Z9wHVqHf6Z_wAOEH7ZRppM7yym1di-WBty581KyjxaAeXTcIpAIqQi1MMHVwdsqJw=s88-c-k-c0x00ffffff-no-rj,,
1be625b10e2f4e65bab5b19d10a4d0b1,1530,18058,https://yt3.ggpht.com/X-c9sQGmD_xrRzJ2cFjZSaEfO2Wt5_gQ_SPU199P2ZmIe9wXWVxdz6nkTnkcK_ay8WqzGCyHtK0=s88-c-k-c0x00ffffff-no-rj,,
1c096a5610c0459b84c74213c3b30f85,342,14315,https://yt3.ggpht.com/_XLRHZ9dibisId5k518RMs21d0jR-0T3HV6dRIj5T9s_IawtJdWNoUxglaFUl0g9LS4buNma=s88-c-k-c0x00ffffff-no-rj,229,https://static-cdn.jtvnw.net/jtv_user_pictures/666ce39e-0d6c-46f0-a3bf-98d93c7ecca6-profile_image-300x300.png
1c2de2bbc8ec43c49a84e3b3e67c8ca9,6260,327921,https://yt3.ggpht.com/MUjuSoabMuLooT6HqRbR1Cz9usH_N8dWM4VhdYuv9ugGfXm85Aun0fwoZEbpeShR0ITWe20GHw=s88-c-k-c0x00ffffff-no-rj,,
1c4d1b6728454276a4a5c4e0d6a94a20,2110,0,https://yt3.ggpht.com/IEwnbao-KrMXF5NEXunk0pk6GhLMqgroGAdAZaGj8Ce1i3NeU8x4sQGjOkcuqtGAzZS7seyv=s88-c-k-c0x00ffffff-no-rj,,
1c5619a4ece046dd8ba68ed343489ca3,515000,106795348,https://yt3.ggpht.com/ytc/AIdro_k1Z2wNTct9R3j4zYtjNDfMtsFZWVLdIfhQaLBw8mxwRQs=s88-c-k-c0x00ffffff-no-rj,31721,https://static-cdn.jtvnw.net/jtv_user_pictures/35c62237-00f7-4d97-9f35-03c50e3b0974-profile_image-300x300.png
1c94e6e4d8cf4f8d9195385a9024275a,7730,79626,https://yt3.ggpht.com/h8wSrUTn6FiNf4gTT-V3nkm_gY_ddC2mNpy0y7QH_elaFdtcyP2gHYpZ704QR-1_Vh9TZ8cotOc=s88-c-k-c0x00ffffff-no-rj,405,https://static-cdn.jtvnw.net/jtv_user_pictures/f2cc1b82-f1bc-425c-8bb4-a2455d67fa71-profile_image-300x300.png
1ccdbe5d48934f4cbabc86512dd1d357,71000,4632083,https://yt3.ggpht.com/1YXGfkgcXjnA0hQsdoQDwmSkzcLS0wuC8Qq3eGRCw0fbnxVUkKFNHHVHUebEZN8VqMLOhw8R0Qg=s88-c-k-c0x00ffffff-no-rj,,
1ccf3d7852d34137b9cc70343dcc41bf,216,79420,https://yt3.ggpht.com/d7o4HXF9p7TkrCx8Iugilqq0gIuHOfqVBBIen_y2-L2eF3-0fQuYVv5e_5OHLQegq6eiZPM4=s88-c-k-c0x00ffffff-no-rj,109,https://static-cdn.jtvnw.net/jtv_user_pictures/8101db4e-27b7-4e54-981d-6ac3c2307145-profile_image-300x300.jpeg
1cdbceb7ad414bb59b3a9563a93fe840,912,25681,https://yt3.ggpht.com/ZdiesCBLk_8c_L7_NsS72fj5Lx8aWXumrAiUmRj2fgNHg4VLkeXCoErdQxjz-fTo4jggBC2-oic=s88-c-k-c0x00ffffff-no-rj,,
1cddca10dd334373b8f51b3b0ed2efe4,376,16646,https://yt3.ggpht.com/94ltIrW3tWA5knt0-OoGTqT0_C8eUGOliHFGJ3pWzM0-_Vn6HgLcFILs2dn1JnL8Kd2NrFBYRg=s88-c-k-c0x00ffffff-no-rj,,
1cfadb0d2e154a258c3177ff8264336f,45300,3584625,https://yt3.ggpht.com/b0PPVf5sOwFTKzucuuRf7axG-1diZJ19c_znho2vMIjIqQ7Yaj9UqlPypcoIyC3qqD-7fG-H_Q=s88-c-k-c0x00ffffff-no-rj,,
1d14efa0dfb34515831c46b7dfddf819,10400,443318,https://yt3.ggpht.com/N2zlAIm2GEKSbWwYQtUKwxPc3ZNfPnmFB8KKOdCNoDIgr59Ot9LAOTgfNOb6KpkcXv3EaeSr=s88-c-k-c0x00ffffff-no-rj,,
1d1e155c827e4ed2a0596c256983c22d,547,40006,https://yt3.ggpht.com/k-Ob-SNH-z32o3fMCy0erwCdkyqF8mD4f9VcH54NzOHyN4Su1bzlavD_Tr_FtsvP2GbxWAxS5A=s88-c-k-c0x00ffffff-no-rj,1657,https://static-cdn.jtvnw.net/jtv_user_pictures/2ed5ea03-4554-4ba0-8a8f-d87583d2dbcb-profile_image-300x300.png
1d2404a7bd5a4baab9473392d62e7ca9,15300,453905,https://yt3.ggpht.com/6zGYPdUYq7uZUjOnxjWG7v5x1F5B-tuJ_iYT0Ys848vBJXTvsi420SaNt_1k7XtSUHJUExBhxw=s88-c-k-c0x00ffffff-no-rj,8956,https://static-cdn.jtvnw.net/jtv_user_pictures/85a6feec-1357-4cc3-a7fc-b9136abf142a-profile_image-300x300.png
1d5ee3e2653b4ae5b1050533f8d1ae31,9210,11809,https://yt3.ggpht.com/5aEHaLPY39nJIote169CvSHlZVp2tNhm4GoKXk_IjX6KB2t6VcicLG2nvJhwvbsfhZpyKLlPWA=s88-c-k-c0x00ffffff-no-rj,,
1dab397f9530482e96216024b42f5ef3,1920,71233,https://yt3.ggpht.com/V_n1dnbyUxggpuQ34i808jxvdqryvmKugrIYSz_X8wvm8gvL42crAkRuU4rCjiAu-mOudF-Guw=s88-c-k-c0x00ffffff-no-rj,234,https://static-cdn.jtvnw.net/jtv_user_pictures/e34ee56d-3587-4088-bc43-550b35f2bfc7-profile_image-300x300.png
1daf23905a3d4aa9a59273e563e33382,86,3445,https://yt3.ggpht.com/ruhANqavIfqCoG-Jz-eMn_H5dWkyZbZewhsgoXLrPApfifiTYlniJXiSSuhrZpHFXtdpj6A32A=s88-c-k-c0x00ffffff-no-rj,1879,https://static-cdn.jtvnw.net/jtv_user_pictures/ca2ca863-cea3-413e-83b1-2be621725812-profile_image-300x300.png
1dd6fdbb4f764fc3a18747c8adbf0692,6360,195992,https://yt3.ggpht.com/i9yMwnFMOZgkhN-mSnmsh2ZrizAqVYmh27BgqurjKn9Z2wZmgTBlB-YrOTXlIrSK44VYDxdyMQ=s88-c-k-c0x00ffffff-no-rj,,
1e06211caf4f4afa98125699a4c66b5d,1190,0,https://yt3.ggpht.com/rpRjIh9OMTjVHpLtw4V9P89X7ns9WHvhmrEyUMz4bITB7LK6UiahUHTMDyaxNCCI9iBH_h-fLvY=s88-c-k-c0x00ffffff-no-rj,,
1e0ca2c7a8d7493baa62b792d78e7b07,1690,124947,https://yt3.ggpht.com/Wip44nbpYDjGFHryagWHhJGTfZ6oKewy8qU5V9DaN5IwBIIdIH_gM5T-zWYJa9ocqjCjNNHDMA=s88-c-k-c0x00ffffff-no-rj,,
1e4f8348a36e4ab3abda426f1810513a,478,11708,https://yt3.ggpht.com/pOnEvHNfllnM0pL7BCRfpmpC5HwHjjiwTg32hdCoSHlk879QmG7lC0lzTyy5KUdcZ26t4alvLgY=s88-c-k-c0x00ffffff-no-rj,,
1e59cd43a10a44edb1407fb8ba8529a8,305,10482,https://yt3.ggpht.com/Un5XnlfQkzj8OMyruXNfOisauHcTRPqVv0GilS4SeCvPoLJP24D_qeGJEPuFGeDPBIrDpPVn=s88-c-k-c0x00ffffff-no-rj,,
1e602bc3e53a4fd2a1cd28a053988fbc,205,3020,https://yt3.ggpht.com/YpqRScfWWlNcP_GocxFZb4zRA93gu2hp2Tsfi10i-9JDLNkZhqt9QuMx29ODv686tZ0a27-0=s88-c-k-c0x00ffffff-no-rj,,
1e71d9b4bbb1411b84e1aa428a79c9bc,4720,60660,https://yt3.ggpht.com/U30r-PvoN6HzDjyZEKZhdOzqUhOWlFk_9jTzjyftef47CKbnRtw61fzXHnRCyhAngwNVvorj4w=s88-c-k-c0x00ffffff-no-rj,,
1ea0189fc3ce47fb9461b6cab10d78fe,95,1281,https://yt3.ggpht.com/AefsthoqfNL_VVYiblClPY3fhWIQNySGdKA6YPHqhlpWTWJd-1wuVXbltPLRETs6CmGcfopT=s88-c-k-c0x00ffffff-no-rj,100,https://static-cdn.jtvnw.net/jtv_user_pictures/7abbaa62-bc9f-43eb-b7f4-71f815acd104-profile_image-300x300.png
1ea5aa0a7a7d401b897630667cf4b44e,1310,63352,https://yt3.ggpht.com/AwGX1fE9EnbA5e6Me3HEmI2HsNQED9awzO_PNqA5bpZzoXDBLg_X0jREiQv9pKnXEbgFaushUQ=s88-c-k-c0x00ffffff-no-rj,859,https://static-cdn.jtvnw.net/jtv_user_pictures/6d46d821-e061-4e1d-baec-bf0fc005a97e-profile_image-300x300.png
1ead15220cb842a79c3922d08d618e31,2380,4273,https://yt3.ggpht.com/lzIkXDecmYBo29OQqro2LOxrlRYhIXopjOxV5I6m6UyuvmBt9Ouacogbff3OxpmkirXm6Wzsig=s88-c-k-c0x00ffffff-no-rj,,
1edf4940878546569e52dd06c95b8581,28400,1377880,https://yt3.ggpht.com/rNyB4zzcyvARe43TJrFubhVOf-xjKfrISydeOFhg4CnlT6l__Xr9VGprRFOrLR4P43_xDpKPXQ=s88-c-k-c0x00ffffff-no-rj,,
1ee3a662da8a439887a931727cb07317,870,83323,https://yt3.ggpht.com/hmgkqipZEbYuah0gb3tOeESOnHe9ASy2utmJA-TR6-FTjh1AxdCTgtLk8GtdjqVkiPuT8PODFA=s88-c-k-c0x00ffffff-no-rj,,
1eec022f916a46b58f5124936afdabe3,10900,151992,https://yt3.ggpht.com/5Y8OXGiiQo3ZPj4gFQuknIYdiZaIJM21_kaY6Qs-3Re6lK6bMAKplwE16jIX1hey3wKQlBwz=s88-c-k-c0x00ffffff-no-rj,,
1eef416d7ad94b6aa728e10d6da10304,1210,56957,https://yt3.ggpht.com/q1imTbMAnmDV3yVYauC3MgOD-O0gxySkyDrWppFZcLRuF99CrFwXUJtdjzk09qp1jCwk870v=s88-c-k-c0x00ffffff-no-rj,,
1eef7c0894a547a2bff186f6a735145a,852,25743,https://yt3.ggpht.com/veSBk_1Tatit2k3pZC8HrojAVkPGMuKrfdQW41Oy--3d7k_jAEOUOYGlpw2x9kfiy9SQ1x8k5g=s88-c-k-c0x00ffffff-no-rj,,
1f28ef7a3c88413d846f01c6d9c36e2d,121,3407,https://yt3.ggpht.com/deXz6QvR35gOgaiXCwo9qMIhQ-ZjtIS1ZpUTIcF70JEGLKNXeTgELpMpqKhtSuUpTDGlborg=s88-c-k-c0x00ffffff-no-rj,,
1f2b5204983b4d5ebe0a9352de3a66f6,4800,116099,https://yt3.ggpht.com/n-SSdEbCjFcFhEZTa86wgr5kX8uvk7hx1ZoR3ICAzXVFgRv-1NpAEnRXpROWgnzNRlyjIP-yiQ=s88-c-k-c0x00ffffff-no-rj,,
1f378a6e115046ffa1a17f9079285d4a,501,6503,https://yt3.ggpht.com/NzB94wiSTfm9_aiO6zsCAYnPPXYgpldvYegNwNQNCGEOu6lAF4Aja4z6hu-FNZXIFypja6wM0w=s88-c-k-c0x00ffffff-no-rj,94,https://static-cdn.jtvnw.net/jtv_user_pictures/d402e370-415e-48d8-bf31-263fea9f29e7-profile_image-300x300.png
1f445fb1ee7447c2add6738b86570b2e,1690,68924,https://yt3.ggpht.com/lIOKOkqqVaIcdn1r_cC2Uaikqdg_G_hrTlNeSMM09NXx2QVGAvWHT8lviyk1ykZzCZGPL4axhg=s88-c-k-c0x00ffffff-no-rj,,
1f455594561b421da20dde10d1540981,381,19510,https://yt3.ggpht.com/gZxg2DJ3pp8Gq4slIxWkThVvEpoHoiUOB36JeALrzHvIKLMr12LpxbwRwJyWucNTb7sLX6By=s88-c-k-c0x00ffffff-no-rj,5668,https://static-cdn.jtvnw.net/jtv_user_pictures/859b8e83-af19-457d-b649-79349c98eeee-profile_image-300x300.jpeg
1f54bc2ce03344728234e590bfb0134f,32100,0,https://yt3.ggpht.com/ytc/AIdro_lqZZRWVeH6XqGcG2ZzeqBwu4JEmbDI7YNnRMhtqBHk1FvxA0I=s88-c-k-c0x00ffffff-no-rj,1558,https://static-cdn.jtvnw.net/user-default-pictures-uv/998f01ae-def8-11e9-b95c-784f43822e80-profile_image-300x300.png
1f54eafd17434cd9bd175d27b72c2228,5350,167917,https://yt3.ggpht.com/Lecl8xaC0HZlkv-MJkt18ofyxrHOkR1xZFxC_O4zGzzA6hGNOSfL_VpdV-egydCC7qLNiyyhiQ=s88-c-k-c0x00ffffff-no-rj,,
1f8e9051b89f40fea13780bcd4a8ef7d,249,3332,https://yt3.ggpht.com/oUNTuU7EhPK5qVaIOTPZNUpiySjHYXBHLxSFzWibg1HJb-37z3XYNgKsaKJ0vCCURY5J-DkS=s88-c-k-c0x00ffffff-no-rj,79,https://static-cdn.jtvnw.net/jtv_user_pictures/3f78f373-b14f-439e-b16c-feeec4cabacf-profile_image-300x300.png
1f9790fcccf04b5b871fea65e7f59e30,681,32159,https://yt3.ggpht.com/XIC5Mq0IfmNIyRY7hrKwmqZjs9-ms7A9j1db_C2uesDXftVZbyxrtHfaWwuY-wncvVvAuuTnj7w=s88-c-k-c0x00ffffff-no-rj,,
1fa9ddce23964bab8edddf7f18dad2f3,105,287,https://yt3.ggpht.com/la3whLrxR3-gyG2I4DQfQ0NtvtQqCCmcRKKVmQ-FuG5k6rSITvVdwxsIuOUJ3lkAyziNQcIUSYA=s88-c-k-c0x00ffffff-no-rj,1522,https://static-cdn.jtvnw.net/jtv_user_pictures/5076d316-788b-46eb-9691-9e933dedb375-profile_image-300x300.png
1fdc000815cc476dbc9d19aa431305b5,1460,33081,https://yt3.ggpht.com/hIa_JhcUQ4qGaYC0q5oRmRBKwlnErQAw-jB-yte2uLIgWia9307lniGb6-4zDE20pvCQvgaTSrI=s88-c-k-c0x00ffffff-no-rj,,
20181f161f2c42d49003d8dee458dd5e,90,1110,https://yt3.ggpht.com/JcFMVYLlEk_rZw54ysB_NqlK3B7_l9Mh1sIIrlVv3IsS5jzZsy0n5QWpnE0eJ_ezYs4rU9Ii=s88-c-k-c0x00ffffff-no-rj,34,https://static-cdn.jtvnw.net/jtv_user_pictures/ffc92771-8573-4382-a002-f57b55febf39-profile_image-300x300.png
202d7c3df0a0489288ace48e1e81ac9f,191,4502,https://yt3.ggpht.com/Vl1ix_WUUD79Rill_PGev12nfm5Z_GARsldUnTAIbGclkien0SwU5Pe8B1bklHfVsXck2LnGIw=s88-c-k-c0x00ffffff-no-rj,80,https://static-cdn.jtvnw.net/jtv_user_pictures/1e400979-ec14-4d49-bd0f-1a806643fd0b-profile_image-300x300.png
20327c35cc9d4deba93299b790d7d721,1790,66356,https://yt3.ggpht.com/QcIt1cA68804A1_ZX-SY4bFrqZKAWunKhqyr-wt4MjsliUVZw4Wlcz3QbB-AEKb7-wTyNKZi7iA=s88-c-k-c0x00ffffff-no-rj,,
2047c8ae25624470b90251b1fd9502d5,686,26869,https://yt3.ggpht.com/H4_0U8W0pELtfskunwosXjjbkouZKinG_dEoRYLyWp7n57joZu4R7DwR8TgQFi0iGC6szQKEtg=s88-c-k-c0x00ffffff-no-rj,,
20915e6ca29e46589858783bae3a4885,694,19714,https://yt3.ggpht.com/mpLM4rTyQn_e0nEK0RInXOVrxQvhHzx_EwdeWQFrYB5aWeCUHnB4nHVqj8mF11glD-Npb2dA=s88-c-k-c0x00ffffff-no-rj,,
209a528363cd411886ec9e5d086ff1bc,8730,697749,https://yt3.ggpht.com/e9Wk5atNw6ik8fNe1IPuV9Ukt6fKfGQr76_BTjmejwfbGwO1rsm-RC_6HXik3w9oCeH_AIwy=s88-c-k-c0x00ffffff-no-rj,682,https://static-cdn.jtvnw.net/jtv_user_pictures/8fb4678e-e2c2-4ef2-8eaf-2b9996b41a58-profile_image-300x300.png
209aec95c4ac42339796a28ce4757393,680,6309,https://yt3.ggpht.com/gRqsef1VJEfggaJfgJT_FKT1hO-FIPn04j-QJ6YWPL5Q6KH-WxAMg9JUxdyWkbBp7uwQT3Os=s88-c-k-c0x00ffffff-no-rj,,
20a90dc3baab4736890b96a827912448,1480,37892,https://yt3.ggpht.com/5MQNTOJdPkb77paEEeWkPOPEondZstjzSUH4CnfrbOPTW2EBP9juZAf3wmApDXPbycJ9S0dnXZs=s88-c-k-c0x00ffffff-no-rj,,
20b358775f2c4e7aa0a9f4e5090fe557,402,0,https://yt3.ggpht.com/IIECLASoHTxaJUDyYmt3mUsYLXWZRHV3GFB04_Yxu28EIgkNDDsPAbbpUdE4EqLZk-mIbcEVJLo=s88-c-k-c0x00ffffff-no-rj,,
20b9316c0979495fbff724be3442d4a4,497,75742,https://yt3.ggpht.com/7GhjRzpFkzPUGdCX8zXzc5_G2YuDjDKcxVfPubZsM-TAZBcT9_NWuQ9uiHjEfYJ2OXua1VWDAA=s88-c-k-c0x00ffffff-no-rj,18,https://static-cdn.jtvnw.net/jtv_user_pictures/fca8dc14-dca9-4457-87a7-5e74c2bde6d5-profile_image-300x300.png
20bfe5495db6453eaadbc55322c856f9,1100,32120,https://yt3.ggpht.com/9OFWdSUEDWEhvnfr0S8yNdC7XutAecD9W5Cj3QJUm297z4wHoUHWa0rpVvYZ_9OU3CCzRSTVRQ=s88-c-k-c0x00ffffff-no-rj,,
20f0e269ce554a00920de0444bc22aaf,40600,3401471,https://yt3.ggpht.com/Hsa6OKsf42XoIdPOL-TBCuZwQ6mVL-AFlyPAk6OgpLBeze41VhW0Z2L4H-wr3XTjtdaT33vx6g=s88-c-k-c0x00ffffff-no-rj,,
20f361a84fb3439999c550c10fcf5642,3720,83555,https://yt3.ggpht.com/bZd15kBymU_ue3SX7Lo-48NDlLdVk68UNXXjLQIAJLAoPQn518k66Y5ytywT3UEtuUkZ4R2g=s88-c-k-c0x00ffffff-no-rj,1450,https://static-cdn.jtvnw.net/jtv_user_pictures/1675f420-84fc-417b-acc2-3d1058571089-profile_image-300x300.png
2103bcf7923d4f74b2d043bffef71cc1,443,20951,https://yt3.ggpht.com/zg_5gVLIhm7h34aFhGBIV9dktHPz3xU8Ozr-V75ZO2p4E8g18quk_wRf5uucopZWNemLe_Cm-Q=s88-c-k-c0x00ffffff-no-rj,,
21247d29bc504e5bb833b8ae522ee72d,81,192,https://yt3.ggpht.com/oyUdiEVFLwoaDn7w8LpVdML96yaHNX-sTs2i9TJraeyn1_rxWRiR3Ozn8rWbT-ndDxC_SmaK=s88-c-k-c0x00ffffff-no-rj,246,https://static-cdn.jtvnw.net/jtv_user_pictures/e6d271d2-a739-4952-acb9-79a496c1a382-profile_image-300x300.png
2131a63328214b7f9a1022dae6890d66,1090,43704,https://yt3.ggpht.com/F0aUyVMkG334-OpgLEbYuvtHMFs4Rn-bgTik0H1i9ZnGkW5SOdsEaHguZhBZkmrw3fktCUETyQ=s88-c-k-c0x00ffffff-no-rj,310,https://static-cdn.jtvnw.net/jtv_user_pictures/c9cd0694-197c-438e-92dc-6d91a322baac-profile_image-300x300.png
21428cae24af4607bffe25cb2746daa6,146000,0,https://yt3.ggpht.com/tTu4IhScyji4Hq69ZntAQGDMuOcXyHC-pNo1MVC0fqDqkCbZTVIGFhzHOpyfxDAg2fMf1x3v=s88-c-k-c0x00ffffff-no-rj,,
215d93a2bd634b4cbeed0e88ae6d6e14,19000,5758574,https://yt3.ggpht.com/p9SO0yhG3503vVpDFtSxi7kFuLwLCZ7MW8tjYW3T4JthDQkCUhXcmFugq5O6KUGZNE1OO9xSrA=s88-c-k-c0x00ffffff-no-rj,188,https://static-cdn.jtvnw.net/jtv_user_pictures/8c8cffef-7e0e-41be-be36-da86126cf32b-profile_image-300x300.png
2161dd499b2b493096ab04591890b15b,2110,53583,https://yt3.ggpht.com/jx9AkWutp_oOsiXqNmGeQJbizHvMKcViwTsB_JhfDr2Q2gMCA2YgWK6dt2QaDzIw8sAiwcDOvJ8=s88-c-k-c0x00ffffff-no-rj,825,https://static-cdn.jtvnw.net/jtv_user_pictures/8e8dfbb3-526f-40ad-a35c-de92c185d4e0-profile_image-300x300.png
218f418c23084e87a498d1c4fad724ae,1090,0,https://yt3.ggpht.com/ytc/AIdro_mSNCewYuvZ4m9_UB72NZFUF4Ge2_7Va3TDJyun7tD7Bn7Pel_CGJwrYXZHQT8cGIRc6Q=s88-c-k-c0x00ffffff-no-rj,,
21a80fdbdff448b98102b0d8ffa70888,1240,159,https://yt3.ggpht.com/ksylnZHeMGaqbLFBm9M4DP9fYw7qLj2NK2A9aSqYStT_fHiuBijtNREnKs1Os8vdAiDF58jYxw=s88-c-k-c0x00ffffff-no-rj,,
21a819efced54f6991abd3fc0b43091f,454,8048,https://yt3.ggpht.com/b0no6642343SCsWnxEVDzSDVet6uox5l9hPeX3uxVkO3238kQOQLbcpAl7-6O3-NTl02fbY-LA=s88-c-k-c0x00ffffff-no-rj,177,https://static-cdn.jtvnw.net/jtv_user_pictures/d28edfc0-72c9-4372-ab77-85bac8fe1bf5-profile_image-300x300.png
21f5355738614770afb34b761a4c45af,426,3701,https://yt3.ggpht.com/78C_ONJ99EwHT_Ymkx_WMIDi8whhYJtiiMY0eszLuAnwKQMbnxAMQJ7yHGP_SXKPuUBfU5VGWA=s88-c-k-c0x00ffffff-no-rj,,
21fcf23549a74111bbe31c949245e2cd,387,11854,https://yt3.ggpht.com/GKM4aGW4cQ4jgmLQFqi7KcLlTcq_zzxdSfweOM9oB6wi68rr1o9tsX7JfgQwNWuM_u58YlQx=s88-c-k-c0x00ffffff-no-rj,,
220353f9b2634c84953cc7d243fbc6a0,1190,74530,https://yt3.ggpht.com/oNQ3n_oqNuaFZHqDI4YGayqDfEybFsgw5c2LkaHSoY-OHiYNgxZ0G0su-PIv4ewPBFF_nf4C-g=s88-c-k-c0x00ffffff-no-rj,,
221563b6b46245379c6dc6328c9d0447,14200,988205,https://yt3.ggpht.com/ytc/AIdro_lINQ71xETxMQMwmOn9GXDHiMQlCcKfV1Hgh8ujtj_fOQ=s88-c-k-c0x00ffffff-no-rj,,
222a91c2efbe47628911ee0b2413ae3e,23900,1769317,https://yt3.ggpht.com/ytc/AIdro_m0jEVYzakJRAQ95b9ciHlm-zH8GoHVMgrPUbBVJCBW6Gw=s88-c-k-c0x00ffffff-no-rj,2344,https://static-cdn.jtvnw.net/jtv_user_pictures/7990d687-4d63-4320-8b0b-94f1ca388d1d-profile_image-300x300.png
224e3ebb4c0540098ce414cc6e79df9d,,,,46,https://static-cdn.jtvnw.net/jtv_user_pictures/724bcba9-912d-430e-b740-f0b9073043fb-profile_image-300x300.png
226eb1e34c924ae2914d960039905d08,236,34220,https://yt3.ggpht.com/oDwkW2PnitByanJQAofzbpMlSJDlicsH03-wDj9e5MJizwvmEdsSLTHf0SyzPFBmJOG5zrZ-dA=s88-c-k-c0x00ffffff-no-rj,,
228427b15b964f1396b5a7b5eb224a21,,,,56,https://static-cdn.jtvnw.net/jtv_user_pictures/d46ec763-56e2-43cd-8257-63a5cf53be2f-profile_image-300x300.jpeg
22a21c1a529f4817b8790629d8b4590f,214,10063,https://yt3.ggpht.com/BaMCAUBKonVgzWfBsXChFsavgi_4NmyHw8xBL2UbH5ELVXeHY_WDTWFeR-XNl_dXjTGxhIC19g=s88-c-k-c0x00ffffff-no-rj,105,https://static-cdn.jtvnw.net/jtv_user_pictures/db792812-3066-4681-b0e1-f0f22107b579-profile_image-300x300.png
22a83c82e1914eb68b12e76b4ccb277c,496,10269,https://yt3.ggpht.com/uPmJXh3GqSSatM_tXn62xxz1xLByCNvAudAdWtpvNkFg_vf1FEBlSDbBNWMqcKXLIt9yYZQFog=s88-c-k-c0x00ffffff-no-rj,,
22b0dfc3703e477d9ce6880cdbfafd91,467,16364,https://yt3.ggpht.com/o64xV9cCs_PpaerWDEBIuUCOibYVdt2-JycPmb2PVk15mnQ3xX5MdLKO50McfteLF-YaOBKO=s88-c-k-c0x00ffffff-no-rj,1707,https://static-cdn.jtvnw.net/jtv_user_pictures/9fc5c771-21ae-4905-bee1-d62f373f6d94-profile_image-300x300.png
22c4cd83790e401ca8055a64554cf3a7,,,,167,https://static-cdn.jtvnw.net/jtv_user_pictures/386393a8-504a-41f0-a47a-69c689618d08-profile_image-300x300.png
22c8ee785f7446e5978bab336fda92cb,25000,1132319,https://yt3.ggpht.com/8yX6gXJp-w07W4inpEA6ObCQsPstSWtI1uGeskVPIg71SnBdxNoPml3olpL8qMYUfQP2MYzjBw=s88-c-k-c0x00ffffff-no-rj,,
22ca620b93c94e5cb48175bbecf8d3af,46400,4844203,https://yt3.ggpht.com/hXtARGdv3R46CEN_agH3NfZffztvoqiR906qa-DmLFQcukW9DJ_4j9DPQA8otv6hyMnKm_J8hw=s88-c-k-c0x00ffffff-no-rj,,
22d30950218c4df4adf0488b412f56b9,1030,35766,https://yt3.ggpht.com/PJHww-ZJduxL_sWGqmDNI3iZG3tZHQZNcS0CETTfl2ZT_3JAZ_qnESqyf2J_cEJzIclR-Iu5=s88-c-k-c0x00ffffff-no-rj,,
22eea06367f4430d816e38dfb68a26cf,,,,926,https://static-cdn.jtvnw.net/jtv_user_pictures/c71571e9-8986-43bf-9e5b-e73022d77c3d-profile_image-300x300.png
22f16847ee064b1bafd9bbe15bd31284,41,589,https://yt3.ggpht.com/thsKklUO0SkNFKAnwp2Yks3m69dBU-clQcC6kcnfwK4bzngMWtTKjYtXioSF5BX5TVD4ZR4orQ=s88-c-k-c0x00ffffff-no-rj,578,https://static-cdn.jtvnw.net/jtv_user_pictures/c6ce73d2-aa2b-4479-bb75-bc3e54d5a7ef-profile_image-300x300.png
22fd5004e4a34134b6855525e01cda73,11200,277291,https://yt3.ggpht.com/IMMqlxaIszXqWJq-fxPZyvHJxqhzCqX9AePRTwCqCYIKpv45IaBuH_H-YCA3LVq2LZJS6X7ttJw=s88-c-k-c0x00ffffff-no-rj,,
23354f18e2a94c9187fd0560fd874eeb,583,15815,https://yt3.ggpht.com/_EC-aBLf6Qo_AZWnY39_rjLwbqHk6BCBfFdPAtgqdNaNhlXRQlXEh_lRR79dj7m7hgtOki-mig=s88-c-k-c0x00ffffff-no-rj,1407,https://static-cdn.jtvnw.net/jtv_user_pictures/6e55158c-c354-4790-aa74-d889018af900-profile_image-300x300.png
236bfe277b89428dacb6ecc89fdb6ca2,381,0,https://yt3.ggpht.com/3EeNZ7-tXPE6hOKT-o6gNFbX31gjkaMpS5KZOOEEF9gIlbX7IFU7lzHMWHH4N17fdE0gWLNr=s88-c-k-c0x00ffffff-no-rj,,
23826e240c9f40a39ff844a76de91c84,330,1694,https://yt3.ggpht.com/KfXTkAVuFuGH26r3aagpTn4iCvrGugUI0hEmfdbbhVj8dWDOqW7i0Qkt6bJ-n_R3-ac3zWKxj6k=s88-c-k-c0x00ffffff-no-rj,,
238b4a68bcde4f3bbf18b0b01f66ec43,460,26604,https://yt3.ggpht.com/gDOnek1AHnu6iyffgHoHNMN7xVXYSHF_RJQNRGiHWCYnWPnbvUiE14-wF-CUgHRVgqpcVvGPtg=s88-c-k-c0x00ffffff-no-rj,,
238b751368474f798a737e7cf1f4a87b,677,17400,https://yt3.ggpht.com/LPHObtgnZELfZk_QoSNfv8rH3Jmmhs7Z-hfeoxmy8cD7CXVG38JaNWqCZa2UJwcDXN1sWNFsTQ=s88-c-k-c0x00ffffff-no-rj,1532,https://static-cdn.jtvnw.net/jtv_user_pictures/a387d16b-4b2e-4637-8b55-e98a09244a94-profile_image-300x300.png
239947732521428d946087065b7c8e17,18200,965066,https://yt3.ggpht.com/OfyTuthfmgM9OBUfEQkvNHHDtTMdSOluihO2KM0juhMzAg1gmSIP2u8qImzFwxXX6Bx-JU40=s88-c-k-c0x00ffffff-no-rj,,
23baf3f44f474b10acd1515fad003470,221,8052,https://yt3.ggpht.com/lhZhFQaipZsmFcTF3SAaBLlcFjJ3R5OclIx-iRa8IBDIiIGTZd4WmQPTa_B0MbJZHJljOY6tfWo=s88-c-k-c0x00ffffff-no-rj,,
23d18a6678794320b2d3f9d468b9b3a4,123,980,https://yt3.ggpht.com/ReK6f0ORFAJ_QkKzwv6eMTwxuscsRMmQPbu_X0WuykzlUwVr29qGszCaprDHcsf2gLBgkJCf=s88-c-k-c0x00ffffff-no-rj,483,https://static-cdn.jtvnw.net/jtv_user_pictures/1b063070-7669-418f-8642-8191f22fd5ae-profile_image-300x300.png
23dda65e497d4888b87db304533b8138,173,4937,https://yt3.ggpht.com/Qfl0XO6wNr7AtbubKDC4ZdrOQ5kf-y6rtbg7zkeTOv8o2O3cx19DtmSvT9JopTF3U3_WNDoZ=s88-c-k-c0x00ffffff-no-rj,4421,https://static-cdn.jtvnw.net/jtv_user_pictures/677cb290-2ce9-4c27-8d31-39ef533226b7-profile_image-300x300.png
23ec5ecfb8c14ea893576783f1790643,43900,3382372,https://yt3.ggpht.com/5BrPJI6oHA4w1wW9qGdKXWgkvECFYrvdDTFeC4rSPo0V6K1KMgwRQcYuZ28uhaim2Wt9RhhfGw=s88-c-k-c0x00ffffff-no-rj,831,https://static-cdn.jtvnw.net/jtv_user_pictures/360a9ccc-4eea-4e0b-a230-e48e89adf9e6-profile_image-300x300.png
240c765d12ae40ab85e53fb39eb22b03,138,2277,https://yt3.ggpht.com/ObuekKewrdB0pt4EsAQ_-gz5atpmeMxFuns2u05gRm1uxIBAermI-tovhSwlVFe5FCbDBkudxA=s88-c-k-c0x00ffffff-no-rj,4394,https://static-cdn.jtvnw.net/jtv_user_pictures/dd70eb94-2131-49ad-84f8-3614acb20934-profile_image-300x300.jpeg
2450f1c7cf8f46c8aa30afaa922c9642,878,17867,https://yt3.ggpht.com/dMBMCGySPA4CPFg-bdqdskNGD6mquEc9Cdj2MMynEDtIytw69rtEM9eE5lu6x33SA2t6Zdj4=s88-c-k-c0x00ffffff-no-rj,322,https://static-cdn.jtvnw.net/jtv_user_pictures/c0fd325c-e73b-40e3-9f6b-69d5c867dd8b-profile_image-300x300.png
2463286fd3154219afa631c73d178147,2310,194658,https://yt3.ggpht.com/8b8LLajq-ndeyM3SHCPm6PQbEeGrF5cAwgb-uLvlY7-b6xDE00tz-A-st6ixDpBCxPTHHxqsJMo=s88-c-k-c0x00ffffff-no-rj,,
247215e876d24dae9932464b75fc577c,8560,574384,https://yt3.ggpht.com/HJRgyPtgHcVV72RfOsrBgG9vtt3LqFd2tBB1ykyROBEMZL0KOPb0w_UrqkI3qQE0yWltsyDTvg=s88-c-k-c0x00ffffff-no-rj,,
2479e2782c0b4a7880004832c84a336b,150,2127,https://yt3.ggpht.com/DPUQuCVjmo2h58xj8hpyog4FzZSVofJf4tOES6a56sGV2aDcJwJdT3ep7EPPS74w4kNwQSEEmw=s88-c-k-c0x00ffffff-no-rj,273,https://static-cdn.jtvnw.net/jtv_user_pictures/925dbe48-32e8-4a1f-bd97-91d0e8b533dc-profile_image-300x300.png
24e82c81100a446c89de043b738483e9,5810,503602,https://yt3.ggpht.com/1gxokaeAz_m8ptVdHigE4rv5gGWCzyTEmBchR2AmoRQ9kQhpohxhK6QxdGXrtypOdP3Rj99J=s88-c-k-c0x00ffffff-no-rj,,
25388daec64e40f38ca0e5a3a88fedb7,20200,617528,https://yt3.ggpht.com/tQWXbJ4Oj2zT38VKvVpqgaL4l3U2KD-Y-o5WWHgRPr1QiU5SZu4R2sF0K3JERSMdZJmdGkUIVQ=s88-c-k-c0x00ffffff-no-rj,1812,https://static-cdn.jtvnw.net/jtv_user_pictures/51f82a12-10d2-462c-bfe9-b7770a93bd54-profile_image-300x300.png
255a5e79f9d14e6492d741b95f78cb7c,45,783,https://yt3.ggpht.com/8gJprh3zXVwXuetBXo1oN2PpQIyO1PKMj9518VcD-d6JaRuu50AhQr9IWBzUOTEcW1IPbm5N5Q=s88-c-k-c0x00ffffff-no-rj,2305,https://static-cdn.jtvnw.net/jtv_user_pictures/48a46e3e-a3fc-4c32-848d-5c7844571a27-profile_image-300x300.png
25619abc5e0d4f79839e48d83234eaf8,242,4720,https://yt3.ggpht.com/hlUqDm7SP-1NdKuqh7P5yKRemTICqKOlRYas-Zkhu3hetYFkh9v_HuAVol5qKD3Psq4vnBym=s88-c-k-c0x00ffffff-no-rj,643,https://static-cdn.jtvnw.net/jtv_user_pictures/788635f5-d56e-4315-abfb-bd455155c729-profile_image-300x300.png
256252fdd3d1437995088c56e674fcf0,,,,925,https://static-cdn.jtvnw.net/jtv_user_pictures/cbbd79f2-e960-4483-b697-8913069c2106-profile_image-300x300.png
256dd6464e974e118dc8103d5e9eb0b3,3310,76219,https://yt3.ggpht.com/D7l93NWYqxdA_aoozs7mravAP3EI_CY8AORk_Rso8Ks-8mk5HZaXpVvmIgsuRES7zw3p6jpulg=s88-c-k-c0x00ffffff-no-rj,,
25904d8b82c84d74a8abffb804647e21,2270,108725,https://yt3.ggpht.com/ytc/AIdro_nBWMcec6re0wB3o1xHGAXxVj2XaNgBbXxlwnJhkTMcvUk=s88-c-k-c0x00ffffff-no-rj,397,https://static-cdn.jtvnw.net/jtv_user_pictures/425b49f7-50d3-49e3-9364-2205aeb684a2-profile_image-300x300.png
25938d6d61cc45379bb0b98da7924ddf,5740,147191,https://yt3.ggpht.com/HxY9bIJ8tLTSp48Fj7Q86hsKkjjZZ2dnyCUEhlMu2tBmjgIOOqIAwPisC0YeefC-KYoFPTXqRw=s88-c-k-c0x00ffffff-no-rj,,
25b1a8ceab1d439491fb4e98013cd0fc,1210,19009,https://yt3.ggpht.com/LnefSFBnxT0yIfcbkiWGIeoiCop5bm1v9UUQ2b0IOny8bihLAPz2do8VGKADlF2sBCf0eTUCOg=s88-c-k-c0x00ffffff-no-rj,578,https://static-cdn.jtvnw.net/jtv_user_pictures/48bebbe0-5225-4391-97ee-c4b12ebe33d1-profile_image-300x300.png
25b5885afcdc4430be0d822464ccff91,158,2318,https://yt3.ggpht.com/TlfhOba-DGcSf7EYD56W59u4z2IlxBhPUnz8iCcZlCdSWW1Exmhf0N4ZPJ6s8WJON6bW7iAmkQ=s88-c-k-c0x00ffffff-no-rj,158,https://static-cdn.jtvnw.net/jtv_user_pictures/233a4210-0211-4a44-a2e7-c88fd645a27b-profile_image-300x300.png
2608bc34d1f8497da55ab0cf4d0d7f0e,319,5177,https://yt3.ggpht.com/fvOuWNJLMvMHV89tjtYSB9N9EH6bobhzEmhFWiBbBDEOBC9-BE6a6qmDGPfB8s61L-JtN-7x9nc=s88-c-k-c0x00ffffff-no-rj,1647,https://static-cdn.jtvnw.net/jtv_user_pictures/2c5437b2-295b-462b-a017-a9e442c992c8-profile_image-300x300.png
260f0fb7a8b1421394c38114230479bb,1450,46063,https://yt3.ggpht.com/qhhTifT0UmPYtyB9nPWeeBUi7nHD9mSrUGKt5fc2GpaFaKtVYfesY648ZldbgJB1VHNQk9PMk64=s88-c-k-c0x00ffffff-no-rj,33,https://static-cdn.jtvnw.net/jtv_user_pictures/031dd5fd-3513-411d-b1ea-2e1999080725-profile_image-300x300.png
263db06cfe814d4397e6fc8bc593e70e,674,41252,https://yt3.ggpht.com/jjPwo6_KOQdvPxPKTYKKQU9LxXKbWJmJuhnYQCMbXIWdPwkISP_QDKuWqw6L4ZD8bCwbfv4K3ZM=s88-c-k-c0x00ffffff-no-rj,,
2656bc44436c45cca3e94e43a9a49c2d,343,20961,https://yt3.ggpht.com/5amMAfKUZ7I3zpfKAZcmHn5JO4TdMwDyBsQOLSWHGZPXSO1A6_mtV7CT5yaYdh0MwBOtPTw-=s88-c-k-c0x00ffffff-no-rj,,
265a18972d244affae35711cfd1f9931,168000,16511465,https://yt3.ggpht.com/D8ak2VBckfYW8v_701kwKIrcs2nLFzU3SuOcy_qR0OlWe0k1GH-PuQ505wfHbMnS8Nq_tLb5=s88-c-k-c0x00ffffff-no-rj,10026,https://static-cdn.jtvnw.net/jtv_user_pictures/4451583b-623a-4ce8-bd3f-75b125663e36-profile_image-300x300.png
2683fa864bd24112b6f7d04afb096a4e,481,15008,https://yt3.ggpht.com/l-75jB61PEkt5LWNmiCEIfx-dCzPwux0ddtJTFMjKS6xug0nCFBJlGm9HuQ7gKk4bu3FfsWlgA=s88-c-k-c0x00ffffff-no-rj,71,https://static-cdn.jtvnw.net/jtv_user_pictures/5e7e47e3-964f-4b5e-9537-ece868db4c3f-profile_image-300x300.png
2694a505a0e0441bb99b49e8ce1f7473,56900,3800081,https://yt3.ggpht.com/Es0qpj2tbRgyI1onaE8DdcbWdntEW0ocgcuL1INF_7rmZJvORc7fWZHoLEmDIri0rTn2SpvKig=s88-c-k-c0x00ffffff-no-rj,42524,https://static-cdn.jtvnw.net/jtv_user_pictures/032b62a6-d677-4bbe-9b53-203ea7de1a5e-profile_image-300x300.png
26ae367c497f410399b769ded171d29f,197,4656,https://yt3.ggpht.com/i4CBI5WN7QBygJIjEiumqP6l5TYa8xQAZSG24FKOwudfs1YbWO9Qtp0wqbI7u_si3doSXpyY0w=s88-c-k-c0x00ffffff-no-rj,,
26b00f5ff5bf4b5a8dcb6c5c34e1b4f6,446,3646,https://yt3.ggpht.com/QXYA_sxxYnT8cfdU36hht79SOaIPnmT-CUJkjzU_D6pNlN63ioqlVDNS-GjzKqdy9XuuG-rhyg=s88-c-k-c0x00ffffff-no-rj,2905,https://static-cdn.jtvnw.net/jtv_user_pictures/e082897e-ca8f-4cfc-90aa-917fd69699f5-profile_image-300x300.png
26e2e1583d404f48b879375ef74ae33a,182,7357,https://yt3.ggpht.com/EfpxoHf5YzLGMhMZNO9lKs8fMPs2ESgGQI8hjLdlcM8z21n7a-q44jza4crHLhtXf8Syl9T6Pg=s88-c-k-c0x00ffffff-no-rj,,
26eba1f0fabf425aa5769e01e855ea28,718,48672,https://yt3.ggpht.com/IHRBjqWfEZ_SLuF1NyK3n1C1PdKOyrFCq2aDIULGbx2KTHsRu8O8ELmirYs6JqgToboZ6RYdvhk=s88-c-k-c0x00ffffff-no-rj,,
2741a90689f342548daad7f760b0a8f7,131000,28677346,https://yt3.ggpht.com/yZH6G6p0gKh4VhI3ERvrpDURcDCc0IygRN05Hpa-u6o6k1ClJnYyrzEiHWGL-qPGtLN_lUyMuNk=s88-c-k-c0x00ffffff-no-rj,3974,https://static-cdn.jtvnw.net/jtv_user_pictures/f8fe57c5-5c28-46ea-8e61-642f15938a18-profile_image-300x300.png
275aaf8046a144198dee96d20bce8b1a,2540,57965,https://yt3.ggpht.com/PB4iM3U9-FFIYT9anO9l9tW439p4NC_aRN2zJLmo4zxplS7sAETQn8jD-UOd5_EfR3GnUyJWAw=s88-c-k-c0x00ffffff-no-rj,,
2760c9a44c20464d8e140e6367ed1cdf,36200,1781488,https://yt3.ggpht.com/FpbFEiIDwMpfrYh0OSBF6WoMiLku0k0CqzbcMIeVpctc7Eh4j3X2PukURNn5qcPqce_s5pI-4ig=s88-c-k-c0x00ffffff-no-rj,608,https://static-cdn.jtvnw.net/jtv_user_pictures/18e7c088-8b3c-4032-a6c9-822beb54791b-profile_image-300x300.png
278f93ad57b14f01a71f1e89598ee503,948,8001,https://yt3.ggpht.com/0Okj4mpIPAoU8x6AA2HBxCtJ7kTu0glrEEH7n81xCfD9bGCZuZhIQx4R8hc1mqkowvN5_VE4=s88-c-k-c0x00ffffff-no-rj,,
279a45d6a8f9445389b9b8cdbcb72ae8,285,26802,https://yt3.ggpht.com/7AsVRx5_owr-4a_uE45a361s-YbH5gBAWIgWubTyXIJX44CCqD_iRn4pFpiOc-GfnN12b1C8Mg=s88-c-k-c0x00ffffff-no-rj,215,https://static-cdn.jtvnw.net/jtv_user_pictures/d2f61a38-7830-4af7-aa5e-8f2edbfc0659-profile_image-300x300.png
27a484e8f53a433396e73bea886fa2cb,376,19688,https://yt3.ggpht.com/v8VEk1G4J8wfr5TydU2QCzn5eWeBdRte0FOFjNoLGKeoP9WA-A9gsvDWDAH_9KdE7y62U0JN=s88-c-k-c0x00ffffff-no-rj,,
27a500a69f2b425bb5ab44750df0fac8,2370,91371,https://yt3.ggpht.com/o7oNWEWPhSzHw7l-9Kkk6HJXphx2pVsUlwY_10fhVM2i3ktU3h58tx9cDAifREz33YwKe990fQ=s88-c-k-c0x00ffffff-no-rj,,
27b10e5896e34e8d841f1605792b96c9,777,39747,https://yt3.ggpht.com/32oJoAkKNcY1DTko1DlxDxxPGvFRJVLgS46eXcHxmUKlsHAvdkhzAvCIFGMhIcIK2wbuZzsN=s88-c-k-c0x00ffffff-no-rj,320,https://static-cdn.jtvnw.net/jtv_user_pictures/43fedea6-7f12-4643-8e6b-e66cbb0486ef-profile_image-300x300.png
27bbe711f5e848a9bc8accc73fc79471,2150,46069,https://yt3.ggpht.com/JdLcqf-l_KGHXi3lGrqVFa7vglmIzP5xrIBOkDcBZm7THNCXLestYjRq5oEnemmMjUUuu55m=s88-c-k-c0x00ffffff-no-rj,,
27c0252056e84aa28da6dcebb8e86e85,9740,530944,https://yt3.ggpht.com/SX9T6OMUWCv45pmm_nLxcpFiXbLs32hnY88nFl8fZ7p62XLt4c2wIHIeEnuCtecS3M9qLe_V6Q=s88-c-k-c0x00ffffff-no-rj,7526,https://static-cdn.jtvnw.net/jtv_user_pictures/5880a2e9-4a61-4d61-bf35-c79d38116a4c-profile_image-300x300.png
27f5926236d04e34a08fdb7ab83940bc,1370,39550,https://yt3.ggpht.com/ULKXG5Kus0ivzUDJt1CAWTmbZ4O5MGyFvZO5eRDK83zZ7R1lK_W7_kZ0aMbhQmK4bpKEEw1qxL4=s88-c-k-c0x00ffffff-no-rj,,
281ad61f249a425dbc40bd511db2ab95,43,1484,https://yt3.ggpht.com/xbdm9lel8zlgKQGC5mCf7GT4pp6KuZUN2B74w0GPfdWyQBgMSbP9n0WieVkCRBAcR1pv4fIF=s88-c-k-c0x00ffffff-no-rj,,
281c7713c21e41bcb6e81365f328ab8c,6300,222030,https://yt3.ggpht.com/sWmuxBPgVYRAYKpbhYsA9EZZ8D3ag7G6mD0W1cgnHzhKYIX8CZG8xj-uUtFTNko8G4c2OnXV0rU=s88-c-k-c0x00ffffff-no-rj,,
284024f40bb34b429debb78e7dbf3391,2370,45216,https://yt3.ggpht.com/17xRA7-QxAhioXDS3YArhmRkwta-0XGIVRyERJEKgc48L6N4kMg1Hhs_5gStBD8p0HxSjuCM=s88-c-k-c0x00ffffff-no-rj,,
284904fe0fc5485f926eb7941427d8f4,533,9142,https://yt3.ggpht.com/1ST59AQl_mnRHxGtPsR6O7xGU5fkT1CW1O6Zi7uAjkmvHncUX1KEyKGdIKbVBMIk4iisK_znHQ=s88-c-k-c0x00ffffff-no-rj,,
286c24a67720434bbb4290d49fb42a54,1310,44141,https://yt3.ggpht.com/3orVzzHeIJHBhLwyXlSh9ft0_3mnVIGgx0kjEPKztfyIeL7j64ZcvbQhF-QN3rPl9YhqPiVhY_Q=s88-c-k-c0x00ffffff-no-rj,,
2875db54b5d74d01b301d63d36dd6fbf,2160,44263,https://yt3.ggpht.com/0eirG39yk7GF4Mm8_GTK1A_uSKcYlJUOMByEneW7n8UHjBX-Vx15SZv88jck0zoNcsQ4NvIZOw=s88-c-k-c0x00ffffff-no-rj,,
2885972c2d0943e6b697bdc5e72c1d4a,11300,170793,https://yt3.ggpht.com/fk3XFpRwE-5dZSu56PZR1WmnZdxWfWvMCcgIMhcgwO8XnPWXjU8fSNMVtzEz7yFTXk9Jt5mG2A=s88-c-k-c0x00ffffff-no-rj,,
288ba70f1a044c72a65ed9cf3b425d13,139,7493,https://yt3.ggpht.com/aW9zgfCBszqBkzmy2pGe6hBzE008p0es4BNpWa-9jVsK9ReVtNSEjb4xl78784LtXLYeyW2Zpw=s88-c-k-c0x00ffffff-no-rj,,
288d3972d3164ee595228b8a5959ac00,,,,2900,https://static-cdn.jtvnw.net/jtv_user_pictures/8eeb404c-ee6d-4271-9e56-3dbf84f49e6c-profile_image-300x300.png
288f2fba52bf4d6b9e0ba66e03439837,3350,50998,https://yt3.ggpht.com/e_s3jbTTUzHkfykmo5qPIgWlpl0A4BSMqx-PbuxIyaFLKJlr5gAl90IPCD4kidgmTpby8G64Dg=s88-c-k-c0x00ffffff-no-rj,2416,https://static-cdn.jtvnw.net/jtv_user_pictures/45731685-d4e3-4bf5-860a-feb004184857-profile_image-300x300.png
28a930938667442288010b333937e2ab,16400,1231584,https://yt3.ggpht.com/au4aZNtf5iJUU5yNCNCOjgyixkrAGRrA_CT6zfChpumqeB0WfGTSDeyrthadR_oEY04Bnu0IvtQ=s88-c-k-c0x00ffffff-no-rj,8341,https://static-cdn.jtvnw.net/jtv_user_pictures/1c2b693a-ab1d-4c0c-8152-1d49ff7ee147-profile_image-300x300.png
28c152a7489b4402960bd4bd36b7229b,376,31526,https://yt3.ggpht.com/H5Utczj4b2xXLUpxS3gv9qi4Np6wq277w7umbsAH-er_E9Z-qCZsob9Yef_fB-BE_3cIaMqPPnc=s88-c-k-c0x00ffffff-no-rj,87,https://static-cdn.jtvnw.net/jtv_user_pictures/002c8959-f041-45c5-b78c-1f8855b23b24-profile_image-300x300.png
28e04c3575d84bd48e2de545801d4d06,746,17743,https://yt3.ggpht.com/soOaP18-Ah-z9ZtPN6rlEnz2EiY6BoZcoHxNDRszlLL32kS4melGTRLPuDreUqtzSsof9xKd=s88-c-k-c0x00ffffff-no-rj,,
28e15053de0b42b19476c21349bbcfc4,39,0,https://yt3.ggpht.com/_ZkyMEDz4OtBeL45SMU55Iov2MFJiUblZx9g2jrYtmrcD314vpNvdMTj-F0uSyMRJ0B1UM4c9KM=s88-c-k-c0x00ffffff-no-rj,12,https://static-cdn.jtvnw.net/jtv_user_pictures/db74d6ad-3db4-47bf-a0b8-827de371aade-profile_image-300x300.png
28e5717b1964475ca59ce02d81cb2796,527,12296,https://yt3.ggpht.com/SovoNVf9Xdr6qLcueV3mZCZUlsxaTKAypjbqtr3H8t3Nx1FHNvHBEJ1mjQ99GklUZli8Aznv=s88-c-k-c0x00ffffff-no-rj,1609,https://static-cdn.jtvnw.net/jtv_user_pictures/59f36896-c2f7-4699-a75f-9ce38bc6d701-profile_image-300x300.png
28e6f7c12a3b45899e7508058f926af9,55,3807,https://yt3.ggpht.com/uksXtVDGy8Avq4DHrn4lbglGLi4A5-PMCEFsXOacIDm2L84x_yajj4Z1d5OlddjlliXyE8B7dgQ=s88-c-k-c0x00ffffff-no-rj,1066,https://static-cdn.jtvnw.net/jtv_user_pictures/6ef6a766-db2a-4aaa-b840-acebb4f665f5-profile_image-300x300.png
290bbaa329eb45b1a267bfd7e35c3b14,157,8543,https://yt3.ggpht.com/VlK4_4J9IXAykmnqS3JiULjojB8j7PkXLPikOX0LiYI_EIfIQJUKswmWmE7at4qvuYHYIou9=s88-c-k-c0x00ffffff-no-rj,464,https://static-cdn.jtvnw.net/jtv_user_pictures/bb85c24d-d70f-4469-9e23-bac78c730661-profile_image-300x300.png
2913f17e61014f7691e016fae8468404,660,24226,https://yt3.ggpht.com/r6OI64WyTv2UsDDUaKw8AtxY_UiYlz5Z9j_X2aUKnPKL9zLixep5lQxK1Dp3axfybsE0oxo=s88-c-k-c0x00ffffff-no-rj,217,https://static-cdn.jtvnw.net/jtv_user_pictures/84957574-cc9c-4ea6-9347-c62570e98e59-profile_image-300x300.png
2928a7d5624e4af8b1331eabae6bda17,117,1637,https://yt3.ggpht.com/xZU79i3c1-aJilWLbAOC_R_x0Q6T9ce-wvk39sz3y1VYKcAlGnttwqfp2UkcUpTghDo8YRnYow=s88-c-k-c0x00ffffff-no-rj,644,https://static-cdn.jtvnw.net/jtv_user_pictures/b077c774-e1bf-4ec4-85e2-38004c32735d-profile_image-300x300.png
29294f0665864cee8bb2b48697b9e84f,2780,105702,https://yt3.ggpht.com/GSRsuidj030hO-1n2czIiE85Yo07obTbGWubSYPrp31Ty2OcEtJhIrZnYwrUVZQhf7B1pdiBi38=s88-c-k-c0x00ffffff-no-rj,193,https://static-cdn.jtvnw.net/jtv_user_pictures/15fd80c8-cb5b-4e84-9979-070371891371-profile_image-300x300.png
294b1c29030244c784387782c0cb6aee,379,6790,https://yt3.ggpht.com/rY-VnNDFpBGNJUdhLbLz5DCK999udgYyVU1owQLGyODj3t5h17zrPM3gLddNBH7lPvrBeqCDrQ=s88-c-k-c0x00ffffff-no-rj,,
2971554445614cfaaccddd9cde93c599,680,19788,https://yt3.ggpht.com/dd04X8UkkMcjT_0c35eE3ARBuBu761VBHCZcbdu6c6UtNwmZqA5eWlyl7IE6DIiRKaQJOmqAODw=s88-c-k-c0x00ffffff-no-rj,868,https://static-cdn.jtvnw.net/jtv_user_pictures/28516734-84aa-4354-9dce-286a763a5b8a-profile_image-300x300.png
2978ff3ab5f54898947af41ca4d47c4c,165,16915,https://yt3.ggpht.com/51FgqUtpVBemLKWnnHU1P68xkGOHry00Gckcwox74HDK5KXDcujmWD1C29v_z5phRE0N4bn1yw=s88-c-k-c0x00ffffff-no-rj,128,https://static-cdn.jtvnw.net/jtv_user_pictures/2634170f-6ffd-4c67-b1c3-6bddab9dab77-profile_image-300x300.png
29a3d514ca274f6fb966f9d70bed4b52,809,76553,https://yt3.ggpht.com/4g29DU0iyO0SCOHmo10okSg17ANdor86Ea4EzGsP7Vnj7K2hzUGd31QH6I8to0j_WAgwvyoSa70=s88-c-k-c0x00ffffff-no-rj,505,https://static-cdn.jtvnw.net/jtv_user_pictures/6ee15016-4a9a-4fe4-b9f2-fc4565ee5ead-profile_image-300x300.png
29c3016ed9f24c38a1abc7e0e49026ad,1330,922,https://yt3.ggpht.com/Rt_vMh44ITwiyLQkpXzf1EOhQLuh-JaA66PakmkMfI6pVcnNs77SiahFc3VCcEDM6DpT1uth0Q=s88-c-k-c0x00ffffff-no-rj,1537,https://static-cdn.jtvnw.net/jtv_user_pictures/5b9b27ae-d747-4cd8-84d9-ecb1cf716c83-profile_image-300x300.png
29c5ea1a6723412587c63a4ee1c1b910,211,7685,https://yt3.ggpht.com/KYahsppWqZFtyDNWTWuh4NzSuQ2GzdcXLVaiQZ5vJhHe4hOzE7nKpKYVmFYjk0ZGNjWjdoo3dQ=s88-c-k-c0x00ffffff-no-rj,,
29d3dea4a1684bec9592e2ccc3685c57,2550,60997,https://yt3.ggpht.com/Eom1NJuYLxO6Hsk4dX1loaWTIACy1KH99eMMxL3ZArOywiDWUYztuq91INpnI6XM9_O0T5LhmQ=s88-c-k-c0x00ffffff-no-rj,,
2a0de6059bd74c298a80f45a8052790e,63,3918,https://yt3.ggpht.com/yvYdBNyd4hILN9fSdfccNLh4NFLcPGrvpMW_xFWOvJ8OngSuCuLs7kLxp7iMh7a2txHe5sOPHbc=s88-c-k-c0x00ffffff-no-rj,137,https://static-cdn.jtvnw.net/jtv_user_pictures/7197d155-c8ca-4cd9-a3b3-455d18926dd8-profile_image-300x300.png
2a20316d245d406193331300bb44fdec,1880,20608,https://yt3.ggpht.com/v8hgLmwhAUgHBO78wMm0ByD34WycdlsYy0Spvw5c8c0Y9eZ-ytcnyLDDnVVpoyhBCl110c_gXg=s88-c-k-c0x00ffffff-no-rj,4395,https://static-cdn.jtvnw.net/jtv_user_pictures/2b37c50f-65fe-43fb-b625-f2ab391ad4fb-profile_image-300x300.png
2a25c205cc374cbeb8c8ccfe988ec9cc,40,777,https://yt3.ggpht.com/ytc/AIdro_mZjsn1YcYSgIwXavhZxwQsfX3a-u2Nn23MsG_ETjx2Oi0=s88-c-k-c0x00ffffff-no-rj,1155,https://static-cdn.jtvnw.net/jtv_user_pictures/0c472860-1f1a-43d5-9753-cf4516ab2698-profile_image-300x300.png
2a28e77671ae43d7bccec54e7e956dd9,18500,201647,https://yt3.ggpht.com/cNY-aiD1pi0C00MGGU1esJ_viLJSX5IcBAgW65y617LFXRlJ-fZxJ__Sh6HUyMkCG0JLPoSJ_A=s88-c-k-c0x00ffffff-no-rj,,
2a2b7990365f4a1bb1d8acf1ae0f2f32,415,41500,https://yt3.ggpht.com/9_aff6A20FR4mnQYhLLpbwJCrsfooZPYNwSJ7Wi4XZYAi-tSpJteGnWdcqlhDAUt14A3P8Le3g=s88-c-k-c0x00ffffff-no-rj,108,https://static-cdn.jtvnw.net/jtv_user_pictures/4c3c912e-e9b3-42c3-b16c-72aed90eea0a-profile_image-300x300.png
2a310e9273014b12a0517d13d25697e1,21600,931960,https://yt3.ggpht.com/N4cf7R37b3AgrKBhzowklH1v7RmZqqB2fYN1ZFAvaT7XwN2GCBPLUy-ESs5hfHezsqX3AULMMg=s88-c-k-c0x00ffffff-no-rj,,
2a3824dd5c0a46f597b27dd183283aea,4820,556701,https://yt3.ggpht.com/ytc/AIdro_n1ieUZ8kzBYeaasC8TvzujDJUKOBcHPuWcFsiFoYcb6A=s88-c-k-c0x00ffffff-no-rj,,
2a5241b8ebc54be98263c9ea2924b7e9,43,662,https://yt3.ggpht.com/LzvSi3TlQ0ALRal_n-UGDIRAfCTixSiXdV162ozIUoZpw6EeSf0oZ43lWTsemvQe7PgBOIoU8a8=s88-c-k-c0x00ffffff-no-rj,1229,https://static-cdn.jtvnw.net/jtv_user_pictures/7720d826-0606-4d84-9af4-a61733cd5f5a-profile_image-300x300.png
2a5b6a733ac54aba9490db8f504378d1,5820,109233,https://yt3.ggpht.com/VgBBHzwi8RncJEQnwevl5HN1Mu12u22WHU98u9HxxCctqRYiZw-GRE_-RWF8xuC_1ErS8PiG=s88-c-k-c0x00ffffff-no-rj,,
2a897c484c05483f9a46467e8f448314,3440,150846,https://yt3.ggpht.com/emxyfXNqOQ4hbGyLur1ZFEGaoMRE-1gn2jdXzptUfD2Bptw88TxEqW5mweyHMZMMNpF1n6HTPiY=s88-c-k-c0x00ffffff-no-rj,2832,https://static-cdn.jtvnw.net/jtv_user_pictures/9e83c7d9-7a9a-4d2f-83f2-f4f981c4a4c6-profile_image-300x300.png
2ad1be21723f4f8ca8efe98f93008b11,3460,90194,https://yt3.ggpht.com/5t75ASaYNEeu8Hjnkkr1s40eE8fqGJqjgIPsOvZ023ywknWXQTXs3P-gG4DjfmHWSXOelm-zZXg=s88-c-k-c0x00ffffff-no-rj,,
2ada3b89962b479bb8dbd2a63bca5da1,3970,120783,https://yt3.ggpht.com/Mq56hcK6H8PZVUrU0NdUDLYIW5g8ZeDyqodkTjDjPY_2J8NyCQ309SPlKtkpTj1Vqj2IWo8v3g=s88-c-k-c0x00ffffff-no-rj,,
2adc6f9aabb64fd892ff5d29ebdd5c44,6170,146470,https://yt3.ggpht.com/4wWGo4b5MRCZ6RsMBAH2R6Ezc1U_F8CAMsy9v2OcUsRfR-Bs_aeeHZWo5z-aFHOpRbDwEtmjRg=s88-c-k-c0x00ffffff-no-rj,,
2af109d54b1c49968b572aa2b59664ab,291,12005,https://yt3.ggpht.com/8ROrjr4vasmweZxI2iAXfwPC8vntQukGVe0vv5v2LJM6v5u29bwGRYqBB3Oyjb5p4dFj5k8B=s88-c-k-c0x00ffffff-no-rj,,
2af6cb0e15ce4839ba711b47608d4f4d,,,,3951,https://static-cdn.jtvnw.net/jtv_user_pictures/9ea8bdc9-5208-4619-8c63-b3c0a837481b-profile_image-300x300.png
2af83bdd7db644d88ffdaf123c38619b,2050,52766,https://yt3.ggpht.com/C8tLs5MAvC7E_REIZIpXa2jR_gjkDL6VtlegRTt7WE0yuz2UXSeQgwmoY-RJWC06f1n2v-3Leqw=s88-c-k-c0x00ffffff-no-rj,,
2afd93f378e14e78ad944fa86a84ed98,199,4855,https://yt3.ggpht.com/bfpj5pxxI2Bxanmd8XMgmZurePRmSxFKWwhFeE8YZ5_6BRIqH-qAxHdQbLaK7GDmr5GJDS46=s88-c-k-c0x00ffffff-no-rj,,
2afeb8ff2471460da2f02cb36c0c6345,423,4760,https://yt3.ggpht.com/CAwtPLjOTbor32fRun0yCu1HXgrIb5brzOWwmKuVmRMxYf3ijYksG51rQL6eVZu9EykjtJvoaw=s88-c-k-c0x00ffffff-no-rj,1323,https://static-cdn.jtvnw.net/jtv_user_pictures/c3b93cf8-3cc8-4282-8505-6aab62d480fa-profile_image-300x300.png
2b1ef81172474b6b8409100be2f30da7,271,3511,https://yt3.ggpht.com/9n0Kin9UDeIyWM-ade_39PKclxehQZK6w6O9WgSJ_Kk3d8qsjMROjkafL7LWBeRCc1fIEfvolw=s88-c-k-c0x00ffffff-no-rj,2495,https://static-cdn.jtvnw.net/jtv_user_pictures/5d5be2bb-cdd8-4245-97d3-b73c3d7cc34c-profile_image-300x300.jpeg
2ba32c49f08849f9a109b7e485c9c5a5,12100,237037,https://yt3.ggpht.com/ydICaYGHYZBJ9IyvRT2RnHjDp8qjaHI7s70Q-cbr4lQZmSP3R-vuYgyboLorz3WIRPfWHTJPyA=s88-c-k-c0x00ffffff-no-rj,,
2be709cdd22f4a63a95504731ba79afd,18700,639027,https://yt3.ggpht.com/d-ZlMsQqHVKUUMDYzyxexEzY3siW-AdqK82m16_H9H_HtqWUoG7Ocpb5S636aGTaqRhu44feBQ=s88-c-k-c0x00ffffff-no-rj,,
2bffdc20e3cb48de9bf46600f62d248e,503,24161,https://yt3.ggpht.com/9gT4cl38N2kwf14hqNQn9br-JDoYo9Dd-9XiV6FMOooOcS-MYaoK_doSP9txKL7v4lvnv1NX6bE=s88-c-k-c0x00ffffff-no-rj,279,https://static-cdn.jtvnw.net/jtv_user_pictures/58074df6-9b50-4f8c-b572-a06c4dbbe129-profile_image-300x300.png
2c2db11a23aa43298ab96e60a20692d7,66,761,https://yt3.ggpht.com/SCgMKE9nuqUW1pjSSRaPGOGcsbhNB20xtv2vxs0jns2l8Im_TZQNZhwQnsmO4NYss5goZ1tQRg=s88-c-k-c0x00ffffff-no-rj,1533,https://static-cdn.jtvnw.net/jtv_user_pictures/55b3da44-53cd-47c4-9dd2-ae099ffb1305-profile_image-300x300.png
2c42a2d77b4c481bae57dc00a66c2f16,4310,353453,https://yt3.ggpht.com/cVRBBUtLEwyTJPOH-6rGWnR79XiDk8ShaSDpEVXVCELhcclL3Ub6xOjpkjWeKyTqrT1m8CbaRg=s88-c-k-c0x00ffffff-no-rj,,
2c6b5ad20b4e4bdc85310b791d02b364,474,15640,https://yt3.ggpht.com/DZgi0xVlu1fwYmjEQYLbIPYv1XG5znviJKuNju2L6Ik12K9S9EnWWKuTemifWUf7oqStqOdDgg=s88-c-k-c0x00ffffff-no-rj,1853,https://static-cdn.jtvnw.net/jtv_user_pictures/57689087-e404-4075-8080-5f9373580055-profile_image-300x300.png
2c83b5b4c0644e9d94c4221ba9543cc5,547,10438,https://yt3.ggpht.com/Hwkl9rlRutL9Z5hXRWRevSqv2Ymyhuxrz_uZOipt8hOKcDmy2k3ntYmylr7JpztPlAxUXVIqOg=s88-c-k-c0x00ffffff-no-rj,244,https://static-cdn.jtvnw.net/jtv_user_pictures/1f149776-dc42-4c07-b524-37ed006f6306-profile_image-300x300.png
2cc874f341184fb799b01c399477c0b4,1230,43799,https://yt3.ggpht.com/P2fnW-WlIyqrpz9mlZ7v7Y2IrQkdyUmFCFcN5WipJFSMZacBCAtDXef6OE-U6fVOIRXu-_bh=s88-c-k-c0x00ffffff-no-rj,140,https://static-cdn.jtvnw.net/jtv_user_pictures/062a77be-3b5d-4e84-bb7a-f9e96385a3c7-profile_image-300x300.png
2ce65a2b0dd14d80afc6dd18b440bc06,1360,0,https://yt3.ggpht.com/ytc/AIdro_kl5DflvSAt5cCateTrSwaLn4GBN9r6Kpu3KbWBVHt3T53dfl0=s88-c-k-c0x00ffffff-no-rj,2441,https://static-cdn.jtvnw.net/jtv_user_pictures/9cf233e4-8b7b-4bd6-bcfa-8a04c00f9f1e-profile_image-300x300.png
2ceecb98e47845eab5e3d8d33bd53895,3090,91431,https://yt3.ggpht.com/nIoL8n8a6F9yMl0f-BIl0OTpcFgKWpqPQWR1HrbbME9oAH7XJ-m6Dzf6-pz8sl1myAI4knKpYoo=s88-c-k-c0x00ffffff-no-rj,,
2d20aadf97d847939178a297b535b431,394,208231,https://yt3.ggpht.com/fvFImQIY04nikKsNR4K7yz03FrPU9nDmfG4wD5PFLDNg_hZNstJa28FZWXVKhX5fHYBv_4-9HQ=s88-c-k-c0x00ffffff-no-rj,,
2d25a18a83af462a8d4062e162017a1a,100,4153,https://yt3.ggpht.com/V_xxx5brQUOzppJqWe4Nefidt3nM1TrsKLuB0Bs4gHiZlhgZmjgOoNR5MUgteBzLT1kXTx-GVZM=s88-c-k-c0x00ffffff-no-rj,497,https://static-cdn.jtvnw.net/jtv_user_pictures/1fc63881-c4e3-4487-a8c8-bf47e5f26c63-profile_image-300x300.png
2d3deb7610dd4329ba77597dfdd13043,49,1307,https://yt3.ggpht.com/jIBMi9BVDYW-r7Yqo99QlFrJw-wpsApc1BOVlhiNNbM7aSFVcZZnYk90fd40Ikg5g7W8JgXo=s88-c-k-c0x00ffffff-no-rj,1588,https://static-cdn.jtvnw.net/jtv_user_pictures/7220ce17-f982-462e-89ae-3b4f0b1c9c7f-profile_image-300x300.png
2d57d202ef8e46a5871302b944309bc2,14200,780238,https://yt3.ggpht.com/ytc/AIdro_lt7egmSGSJf0Asys7BMeAiel-WfSMbTyA71yqHEb_fEfM=s88-c-k-c0x00ffffff-no-rj,,
2d6886120def4c148c70514433d77e1e,7340,405838,https://yt3.ggpht.com/WhsQ-QQjQ_mWIMXYtPi3zG_JDwNJWfXiZrXlXTjvFpCJf5nEDjDWFR9fZS4rGHz5dbuBD0GMeg=s88-c-k-c0x00ffffff-no-rj,,
2d8030df89d042fba678da36c8f68aea,10600,408398,https://yt3.ggpht.com/-UzUvvcQfVaY3UakJGoFx3rwJ71l1IzYUYzd_hFHCBCMg2lmn3razvpEs0owfJG7Ph5ZArORwvY=s88-c-k-c0x00ffffff-no-rj,,
2d95e2e1191046b1bb35697b37bda595,506,47828,https://yt3.ggpht.com/-WYSGJS_zHyA7S-mtBRPNd6Dd3Ots4QWoyRUH3ZdXMYXl0cKwQh5bKC0VQZS_c7lm33Xegifxw=s88-c-k-c0x00ffffff-no-rj,,
2d9ef8be75c34daf9ce9d17ecbbe0f7a,3170,489602,https://yt3.ggpht.com/mFtbj81UxKYAN4ELR_4Ch2LaczQLYXQWsK0KXFZeEi09lGIkWUbnaxKr2aRSkUC8gGO22HAtmw=s88-c-k-c0x00ffffff-no-rj,396,https://static-cdn.jtvnw.net/jtv_user_pictures/31805017-f572-444d-81a1-1a2cb6843114-profile_image-300x300.png
2dc0dcb6a02e41b1b37c55639a898a68,567,25763,https://yt3.ggpht.com/rLQTuAT0Mh-0_TT8nCSQm07rQJej7sgIpuVUAhfgcafhA_ZRrPdRmyPSwNyHq2jsj3vNJI1lfA=s88-c-k-c0x00ffffff-no-rj,,
2dc29f6b05584c718c60034af9883496,449,86374,https://yt3.ggpht.com/ytc/AIdro_kX5AtM3J_icd2lPyn-cmxNw7jn3Lk4XK5wzyfKJfTfI-g=s88-c-k-c0x00ffffff-no-rj,,
2dce35ef53c345f4bbc667ed6246694a,36,1805,https://yt3.ggpht.com/XdQ2MpEds4v3UCpwU395S37aTwG7Whf0bcEXxv1hE1tPJ6I84MzaTpVSEX4hSG1VKQLXWqS3=s88-c-k-c0x00ffffff-no-rj,,
2df2e0bc14fa4450a0d17d294b5a0bc0,333,21351,https://yt3.ggpht.com/VpTKEYZNpHUWtsK_PRuUw33y2yvVZJa1so5i8cfbB-6Yc9UfOP5jOZLnYWsU6_zO68pfJ9zXWw=s88-c-k-c0x00ffffff-no-rj,,
2dfcc511bca64a678926415857b097e9,201,0,https://yt3.ggpht.com/i6WVL66ghgWsE3nZ9B1N7X2TXtZsrtQsFMfiF9Dmr0Xj-ZPQ1sJnGLekRwYqc2HJCCAYQk2ZLeI=s88-c-k-c0x00ffffff-no-rj,,
2e05bf5968cf4b3789a1316f5b05d857,248,50120,https://yt3.ggpht.com/aIX8e6Mk85jdmZBSmbV0PksbWr3VagBYps4-1jEOWOFLoNpBDm8sTrWKIzne5Vmc1A3kFoVNR7g=s88-c-k-c0x00ffffff-no-rj,,
2e266a71aa3d4a67bb8d9a2a0b573319,4350,237651,https://yt3.ggpht.com/qihFC_EkR29l8mSJy66uVod2iJC_yXkKBlPU4oh3UbVAS2DFU-6mcLtFb9VtRop_x17hLfEIKg=s88-c-k-c0x00ffffff-no-rj,41262,https://static-cdn.jtvnw.net/jtv_user_pictures/089b3096-6c1a-4ab2-ae8b-e8c05fbd540c-profile_image-300x300.png
2e2a6c392c024bb2a68b681bc210c187,30,1442,https://yt3.ggpht.com/e_Wga2STmPKqMI8ero19ADjSC2TBuF9MiW3_OrKuAbV3MJWLD3RKtXA9iKmb87ciQfk7Xc16JYY=s88-c-k-c0x00ffffff-no-rj,232,https://static-cdn.jtvnw.net/jtv_user_pictures/d05a9de5-c42e-4a85-bf3d-52a28015f410-profile_image-300x300.png
2e7fa2f9a4ba4ca6a0ea1397839aafca,219,7272,https://yt3.ggpht.com/GNqIq-kRteW_NnlCLUk5avUJRqv3cP4u8IvF6YInAv61dq2khr5cezirxvAcaXDwjCYJ_jB-=s88-c-k-c0x00ffffff-no-rj,,
2e8c364f691740dd81c0fa61727a9790,1610,551039,https://yt3.ggpht.com/-4RR0lOWcD3bz8xkCHs_el4tPE58dpVhazzFEEcz6qO_OZQksp6CL7aTsQor7wXADXpjVf-J=s88-c-k-c0x00ffffff-no-rj,3250,https://static-cdn.jtvnw.net/jtv_user_pictures/06e4cd36-fd84-4c33-a4a9-95ff475e5a70-profile_image-300x300.png
2ea398a50afd48c3a9e3a819186a4375,983,35494,https://yt3.ggpht.com/ASZe-NBz0WqR8e-ZrwvTh4IfpIaxFFh_tC8opBoT0s-8160r-YMgZU-2GV6Isv-R0rXXN1vc=s88-c-k-c0x00ffffff-no-rj,120,https://static-cdn.jtvnw.net/jtv_user_pictures/d69554f5-d2ee-4a4f-b0cf-f810531f5e42-profile_image-300x300.png
2ea9fee301f94b70bc5ed51d628006a9,509,25657,https://yt3.ggpht.com/eaY0fA7X2T5A4e5T6C60oc-mEgW6PZRVPkOHSNcRhHwl4xa859UGh0MzZwH2qox5b2DDsNlUfQ=s88-c-k-c0x00ffffff-no-rj,172,https://static-cdn.jtvnw.net/jtv_user_pictures/2bdb9927-20c5-4ff9-b45d-9e2b519e3298-profile_image-300x300.jpeg
2ead897ab38c4530aeeb69a2f02da623,534,20965,https://yt3.ggpht.com/rgyea3QBQMssJJwNP17N5f42QJMqK54Oc830-tUImf0RSkP9VD63LEe5M117j1gqVzOknHpJ=s88-c-k-c0x00ffffff-no-rj,,
2ee2acc29fac42c5b130558543cbdf00,3120,73743,https://yt3.ggpht.com/gFfjA6gERXO-ibaDq5B5KTUovCNIvG_ZVt8-Dm6g_ZwIRKviauKkozoGW2WrMqlYAyfNgERQ_Q=s88-c-k-c0x00ffffff-no-rj,456,https://static-cdn.jtvnw.net/jtv_user_pictures/54cd2ca7-e000-4920-b68a-59cc8f02a38e-profile_image-300x300.png
2efe1ad069184a7e94b0583b452ffac4,1120,59702,https://yt3.ggpht.com/YNSt8gpnAM9LLSArnrkq9g9rq5IU8FVLCuwsGoM8JORC1HkfGBAx8ZNYBm2MCpygAvdKGx9A=s88-c-k-c0x00ffffff-no-rj,,
2f0a0ee6478c45ae8af28953b4c370be,3540,205254,https://yt3.ggpht.com/qcpvCtH27u_Xl04ZI4vF0HdQZm0hAwziczaeo-9I5_i2NU6tY2oClxBqMxib4Tw4UzezOc0xtQ=s88-c-k-c0x00ffffff-no-rj,,
2f5ddd3c62064c14b4d813e7543c87a8,3500,34662,https://yt3.ggpht.com/IbHa-rDUidyl-WDiXZXnFDc3MX0lV-0jYUsi9fJ7BbYtBQ5qNbC-DqW9bYjBjoqPYHx2lNgGHw=s88-c-k-c0x00ffffff-no-rj,,
2f6cee890853475a8bf91f5ed45f8d4f,,,,566,https://static-cdn.jtvnw.net/jtv_user_pictures/11ad7acf-191a-48a1-b089-b1c1e65f091c-profile_image-300x300.jpeg
2f7da7d6dbe84301b4ef52240cc05e9b,,,,711,https://static-cdn.jtvnw.net/jtv_user_pictures/b766cd6c-c911-490e-90b8-d93e728cba83-profile_image-300x300.png
2f80e2f83d254bbdbf48b9c8b3fca995,2220,70523,https://yt3.ggpht.com/R_9Vdu3Jx_N0oUOhLgDYpvFoVdG22NETm2c8t1XgO9snBuYsGUnA7EsF-82_zYD5SkU3vbllEeo=s88-c-k-c0x00ffffff-no-rj,,
2f966e51210f49ba9dce2ac90e3ada18,1220,19805,https://yt3.ggpht.com/W6KY8-JMlWgewrNpDTvmJ6Ij0gaD4-1l7kt7RlckRobMTUzzYkdKr2jq72rYR1VQeQxmS_ZSXA=s88-c-k-c0x00ffffff-no-rj,571,https://static-cdn.jtvnw.net/jtv_user_pictures/cf9c7663-dc13-4ff0-ac39-d6c046883145-profile_image-300x300.png
2ff6c25f8e5943d2ac0a6a006f5784c3,111,1014,https://yt3.ggpht.com/JqZh3mFuw_hrdC2K8PryHQEiN22g6RhuyzKmivPsrH17Gq5Ek35D5rFsAGQFx4wma4rCOlCC3g=s88-c-k-c0x00ffffff-no-rj,371,https://static-cdn.jtvnw.net/jtv_user_pictures/0608cd09-77cf-435b-aff3-0bd8b782cf90-profile_image-300x300.png
3005ff0c09064d7f924c506e1e9c18ba,11400,314920,https://yt3.ggpht.com/22vRB1-Y8hxBcoux7l04cl-mOToAk5VDW35zOn5ziKPy0ME-agZTlMflQUoBropQEjC6ZNckTg=s88-c-k-c0x00ffffff-no-rj,17026,https://static-cdn.jtvnw.net/jtv_user_pictures/aece8d61-0397-4be1-b8b9-89a77952a447-profile_image-300x300.png
30114f720b104e7f89d9dc0399a00dd4,28200,36043,https://yt3.ggpht.com/__E4VedeoEpLn1OPMqodtM4urz99mFfhilyFzCmJJJ_FnpLr6MdrXrLwPYe7aR7lvkmk3M40Bv4=s88-c-k-c0x00ffffff-no-rj,,
302b50b5cf4844d58868013404b1ec3f,649,6489,https://yt3.ggpht.com/YQ1tLBY4vfZfiskwZD5GBeqTReibyNRbJu7LnJJyg7DwTHJv1ezxD5OFFX0E-KgACIOawvlskw=s88-c-k-c0x00ffffff-no-rj,,
3034b51ec8ad439fa7033773a72a5c4a,739,13545,https://yt3.ggpht.com/FAGJ6MnVwK9bEHfK3GfIrOwQ_7NWF0WY0GxoeIz2fPthA3O4PifhPqpoyNXcy4nkxvZfCgA9=s88-c-k-c0x00ffffff-no-rj,3108,https://static-cdn.jtvnw.net/jtv_user_pictures/b6075977-6681-462f-91c2-2981aabff62e-profile_image-300x300.png
3039dc305f614cd89e8ee8d028dea0ff,2180,62427,https://yt3.ggpht.com/lDo2WVbVQh-DSy6worWiGc4zDVI4jXPQxumQEKVy-p0BnBAc0UtSYvDoyduRskOYSR3bwrHRsA=s88-c-k-c0x00ffffff-no-rj,,
303c4cd8cf334f01805afdd8df5adc7f,1380,52690,https://yt3.ggpht.com/kC9NNSDhapLrl2iI6bWiKrYR0zQOSR3x6nFVKzOTYnTorI23s9MzZBRVhaHJqwDQnAd8izPq=s88-c-k-c0x00ffffff-no-rj,,
3040b4d9d4374815a4e0af0c887a42fc,99,8693,https://yt3.ggpht.com/8arCOz_sCyKlfkf-9a21zeIlWQ8Faj2cND6mFrWO41_ecA-cQ8qpAbPPIbM9P07doSTQHjWTsqo=s88-c-k-c0x00ffffff-no-rj,943,https://static-cdn.jtvnw.net/jtv_user_pictures/80d8ef51-5d5f-4cd8-9bf8-03bda9278235-profile_image-300x300.png
305290c734e94a74881ae46c49ea18c4,3300,46564,https://yt3.ggpht.com/JDd-FoQwzzrNSojPomLcD_nFfIoVIaI4Xa2_wxSH3aBCymjrr7FxN044RHdN45bFaVMSr6dTdQ=s88-c-k-c0x00ffffff-no-rj,4366,https://static-cdn.jtvnw.net/jtv_user_pictures/846ace5b-cd35-4018-a7ea-386b94e324c3-profile_image-300x300.png
306117a48f3445baad1d6a919ed340bb,1240,47571,https://yt3.ggpht.com/u6xVKOjCin6182oshjveDPsTt7qz8CUPuD8O9ljquIFkycHzg_XWgq_cM75wvDqpv0hMudxJ9Q=s88-c-k-c0x00ffffff-no-rj,157,https://static-cdn.jtvnw.net/jtv_user_pictures/b481daa9-5886-4ffa-be83-5ccefee37f00-profile_image-300x300.png
3082cc9c2e124fb3bf77cc799590042e,16,172,https://yt3.ggpht.com/bTrrtJWwVj5ACBSe_aIHoPBfl1lvIxmCeaT5Pdx4bUriK85ASqHg5F7BIS48nvLONnmEOx79b9Y=s88-c-k-c0x00ffffff-no-rj,,
3083d2b8192843958b2852553cb3bc70,324,2607,https://yt3.ggpht.com/M0BIgKNryRDcR4E411YtYlYKxReGkT9NxST1BBBzDMUJozZeIZBmSfD1uc_nWLgDfn7_8hVG=s88-c-k-c0x00ffffff-no-rj,318,https://static-cdn.jtvnw.net/jtv_user_pictures/7203dd47-e5fe-4f56-898b-5df0cf4ad245-profile_image-300x300.png
30a4362c1143491ea0ed5383c4882251,931,38233,https://yt3.ggpht.com/178N0FeM-opUmQe5Is-HFtbFXUM-Xms-qLIFTVUOxCo1gOy6IW3tPCQGejWtHSLhztWu_3_Rv8A=s88-c-k-c0x00ffffff-no-rj,,
30bc516401f24514aaecce081979ab50,826,14455,https://yt3.ggpht.com/JA7_64rBJ_nHu-fED4LHX6-YDS5EVwPzBrgS0SBKXMAW34k5S0B-EBUTctBp6iflShQrd5RJ=s88-c-k-c0x00ffffff-no-rj,,
30f58f5fd3994b9a8751b3f44e543c17,1370,93470,https://yt3.ggpht.com/ytc/AIdro_np4BXDFRifx_xNYTdK_1t_A0-RAEROwWxe40E3ybQkLg=s88-c-k-c0x00ffffff-no-rj,,
30f59fd702d5417c9225bc729bf7ec32,2610,191923,https://yt3.ggpht.com/WLzW2XXy6w_25CsneWfvn0OlHCuxM8j7JpkyON5JDiu861L0XsIwzpTnhcwIwHIbrPJwhMMB=s88-c-k-c0x00ffffff-no-rj,,
31073a45106c442cbe11fd4368e162fe,639,15623,https://yt3.ggpht.com/vUlS6FKZz9AgpvVDw3B6AYfJbFUKV3BFiSYYgtRo7XA_jALgTefR_WB2u5j0Snu7LGwi69tx0Q=s88-c-k-c0x00ffffff-no-rj,2187,https://static-cdn.jtvnw.net/jtv_user_pictures/50c9709c-e690-4b48-8dc4-5b2a47108610-profile_image-300x300.png
310862830fb648b78cca7e581e2622a7,8350,250992,https://yt3.ggpht.com/yUqVSV1FjpWWYm3iUE2NZ7K8QBqZDLyP5mlCv8kSuBwbQYEQiRYE5re01O-qosy-x4Qa1tZ3Zg=s88-c-k-c0x00ffffff-no-rj,16622,https://static-cdn.jtvnw.net/jtv_user_pictures/d9a50ddb-6e1a-4543-82ff-e023fe933d76-profile_image-300x300.png
310c827bd2b34fa58413b09453226ee9,1240,0,https://yt3.ggpht.com/mxXAeWhxCgfiM60Yuo39LQ8Z-QsxyWk4PKU2JNgMznR_asfETAEJKaaUjE0MYiPBhO6xZuonMw=s88-c-k-c0x00ffffff-no-rj,,
312fdd3c5e6d4aefa73fd3860ecc5613,184000,24461809,https://yt3.ggpht.com/gDboBBkjTpvk_trrV9Ej2TH-OBuVcgqIiJUUniuJC-Yeku6toB2QFLDAvCnWszwfrYkVa0ui=s88-c-k-c0x00ffffff-no-rj,13493,https://static-cdn.jtvnw.net/jtv_user_pictures/5309dcfe-1850-4511-873e-a0de0b9bfdaa-profile_image-300x300.png
318268a48a3c47b7a56609c204d02b03,547,2744,https://yt3.ggpht.com/0qVE3nJAEoWvwVS-otAJQA2JQuxFF3Uqx2stl9A2-jGJ4Uzv-7Hz8MXfoIePuJbX0stHJvw-Jw=s88-c-k-c0x00ffffff-no-rj,,
319383cd0cd4438990dbb916862cdbfc,2280,63751,https://yt3.ggpht.com/KyEIlO0hrqzrVFfBNJNB1u-Q3Cl-2wJ6PMAaYb6Ncm5iFBobwcWOoWOVS_r9F1SOTNOuxQQAtQ=s88-c-k-c0x00ffffff-no-rj,,
3197e5649c65405cbbe6e5f1a44cf8e1,24300,1164781,https://yt3.ggpht.com/_LI3mGaOdV_Ak10ZPVT2Xa1ofn0DQTiqA6x3AbO1lP7krpa8mHhxDbIulQYj01Hl-3sL7NRX614=s88-c-k-c0x00ffffff-no-rj,,
31a4ca5b5d554c13902eff32302e5eb9,,,,1241,https://static-cdn.jtvnw.net/jtv_user_pictures/2d2233d3-4f38-42a9-81ab-c58510df06c4-profile_image-300x300.png
31c7fada1ab24cbd83ab4ae698955a29,677,40184,https://yt3.ggpht.com/v9pdjUx0S0ve4xdsYMrgUM3iuS8i1o-QtLKbvXcUPNUzgCz9hzxec9bTk1Sj_wzJxO1SHK5ayA=s88-c-k-c0x00ffffff-no-rj,,
31f17632340f4e7fbd0ced07193dd81b,30400,1484249,https://yt3.ggpht.com/MprhC-U7yKfVlRGHvXjZ-tdJBMfCc7bukGOpN1w2Vs61-9gFiViQ7dtj5Jf8nj-jJHcW8aGR3A=s88-c-k-c0x00ffffff-no-rj,,
31f4c00be9eb41a1a6be0356614048fd,,,,3459,https://static-cdn.jtvnw.net/jtv_user_pictures/102a9ce1-b689-4eac-8804-827a971c5b8d-profile_image-300x300.png
3204abe8247b45f08481bef65884ebc3,765,2918,https://yt3.ggpht.com/q-I648P9z4kLLt0BciAD20aYYR0Zr7EyQDQ76h7kx0Q15tiD0KmmkHLV4XurA6ZA492pkTueGvc=s88-c-k-c0x00ffffff-no-rj,1320,https://static-cdn.jtvnw.net/jtv_user_pictures/2269eff6-ba37-4612-b45a-d87380ff721e-profile_image-300x300.png
323c21f9e49f47d48609f698a3f81fd5,405,4611,https://yt3.ggpht.com/P-Cf7xBuN-ecjW_pUVTmWHU0k_XZt3_Qr7a6OEYHYYIEAl2YBasIRquwQxFDkiXXXG9K2ik08Q=s88-c-k-c0x00ffffff-no-rj,,
325c292889f542688512641841b4ed8a,3640,144161,https://yt3.ggpht.com/MDIs9EwUzKHI-e67re44HfYssZs-MSNKhbCVfnFFTzoc43FjhPkFugeC7uiNfrnb3TNx_jQfxA=s88-c-k-c0x00ffffff-no-rj,,
326e21d5b6e7446698969bbd8be1b564,,,,2171,https://static-cdn.jtvnw.net/jtv_user_pictures/51a0b77e-4e1d-4897-8068-4230847b2754-profile_image-300x300.png
326e254f0da14bc6bfc5d379164cf5c6,2160,38932,https://yt3.ggpht.com/Q2cO_WOxKGL3YSeoRzXLJz1OEr-m-eVIVdHCAIfrPSAiM5FKNVSfbTdKqqjY5maezN_wzOeqpw=s88-c-k-c0x00ffffff-no-rj,,
32a08f858ffb4d6aba0624647cf8cf2d,2180,62352,https://yt3.ggpht.com/DeIFJyyJ2BLIO4vjmm2149kCeF8vwRVTCeym-AHihML1gtXCjVopv81T532aZLQJ1YUKGS50=s88-c-k-c0x00ffffff-no-rj,,
32a5b834b2bf4912bcd54ac00ae13285,811,1774,https://yt3.ggpht.com/CY_NkO0x6wk8JLey9rLycl70x80YVE804WKMsFGU7GRZLyqcKfrmWrCfnfs6t5anxYs7PTsPog=s88-c-k-c0x00ffffff-no-rj,1629,https://static-cdn.jtvnw.net/jtv_user_pictures/cab31f54-3452-441c-9e6a-336207a306db-profile_image-300x300.png
32aabdc7b41144a8b1bd28954cd3278c,,,,1559,https://static-cdn.jtvnw.net/jtv_user_pictures/46f89f3b-d9c3-4f76-aa99-3ed167bb4f18-profile_image-300x300.png
32ae564b306c42cab2e1a4a8a9d6adfe,65,779,https://yt3.ggpht.com/Imc5AunrIAAzzD79Av6ssAGW6KLQ1wZPaHEhGqiRbmLU0xiMQXCLit1_ERjFdEAVl_oP31wd_w=s88-c-k-c0x00ffffff-no-rj,1320,https://static-cdn.jtvnw.net/jtv_user_pictures/8dd08333-d52c-4888-aceb-265dcddf9764-profile_image-300x300.png
32b83b466c11418bb380623a95944302,3700,270908,https://yt3.ggpht.com/-19ExeGiMdgIZgjeX71fH6o8SCQM67DR_Rx0RWcj_uZBT7xTC0M4IM2dv4x2dTi5EcX8QqU0jQ=s88-c-k-c0x00ffffff-no-rj,2414,https://static-cdn.jtvnw.net/jtv_user_pictures/48509459-8aa0-4b6a-938c-95b2a15fc386-profile_image-300x300.png
334133534368487780dfa99b7c9f5949,21700,8842323,https://yt3.ggpht.com/Mo-nf110IMmwBOS0nCvZrIkc39Mx_C1FkKr01iNJsNuRy3LGcd1NVLPnb4Fke4G6XzazzG0_34A=s88-c-k-c0x00ffffff-no-rj,,
33546b9ad5a8408589405f9467063dd7,318,2200,https://yt3.ggpht.com/kjcXmWbGidUEkNZno92LxEoi_oOs-5GOIKqsX_bSEgZI_Y2YVJgLghfhKgEmenVB2zJW_PP1Yw=s88-c-k-c0x00ffffff-no-rj,2735,https://static-cdn.jtvnw.net/jtv_user_pictures/1150ea7e-fb88-4fc8-95d5-923c3ae1b470-profile_image-300x300.png
3367168108de48adb898018c257db64f,9020,65159,https://yt3.ggpht.com/C9HkDVc6a3hw_pWYwsFgTlGhYJPSTmp1gCZFg5Hg6mS_CajSiPgQNmmQQuv4WS8SjXbn9WZ5=s88-c-k-c0x00ffffff-no-rj,,
33683e3255b14c38a3b5e373490aba4f,26,531,https://yt3.ggpht.com/ScYWDZbPu0Sd1Jz5pmrrKWqZjiew4H5esBhwuHKvU9YQlBZJF-TqFlfp7FVbWFyOnkgWaH8EqY0=s88-c-k-c0x00ffffff-no-rj,59,https://static-cdn.jtvnw.net/jtv_user_pictures/0c85f903-c869-4245-ae6b-970ac58e4caa-profile_image-300x300.png
33717d815310491da465eb6258a70b1c,5270,232428,https://yt3.ggpht.com/DRXoks1kPwQEhLHkotzDYRssiZZR07QP9fxd7L_QlRNTQwfwFa8y2d-XWNxHusPvWKI8ZvSJ66Y=s88-c-k-c0x00ffffff-no-rj,,
33918eea49984fb499619652ce58a4fa,2030,75659,https://yt3.ggpht.com/SE-3tJdrsDqudKAOPeft-KpaZxnj1dI9IAWsVBu7uUEdcQk-OezFw2lwKBk3jzpV3cPq4xWbYA=s88-c-k-c0x00ffffff-no-rj,,
339b1998ac594ab2b45bedc3038d6cf0,572,2350,https://yt3.ggpht.com/t2GVxLZF6quUNhDLmEYTGlUbEjWRx5xt7TSuymSSqw1gu1BivbAkALotUR-O15oQL6PnbAaNHvo=s88-c-k-c0x00ffffff-no-rj,712,https://static-cdn.jtvnw.net/jtv_user_pictures/f64ba46d-ebd1-4f6c-b83f-497178635078-profile_image-300x300.png
339b4a73ce92470c97b1626405d5eb5b,2680,76604,https://yt3.ggpht.com/hibnGZyNzPqV3HMDs_YBJ3Vqy82fFfKxl5ZZUHYAOjMspNoZPTjqQiKban8J24bij-4crQA6v0g=s88-c-k-c0x00ffffff-no-rj,434,https://static-cdn.jtvnw.net/jtv_user_pictures/8295419a-79fc-436a-aa14-31bd891bf2c1-profile_image-300x300.png
33e0b518387b4479a76910366cd2a413,1070,53284,https://yt3.ggpht.com/SAZ6JGLRVze7cDgWdIJK7-rSfEbOlBVsN5rVV3TA2wOZTtD6BvM9ZGpMd6mDyajfHw1sOtIrNw=s88-c-k-c0x00ffffff-no-rj,183,https://static-cdn.jtvnw.net/jtv_user_pictures/df4729d7-11d5-43ac-bcb6-5e645b8dfebe-profile_image-300x300.png
340d9b553db042bdb8294ba2f9fd6990,9660,218545,https://yt3.ggpht.com/_vZaXD_hQLKrdP8z2eamBfgLxabLKNQnZwFf8NGQ0pw1UhycNc_Pya9pZMzDE_y9_7JnsEK3=s88-c-k-c0x00ffffff-no-rj,1128,https://static-cdn.jtvnw.net/jtv_user_pictures/b9e464b2-6ab6-41d0-946d-cc5ecb00240f-profile_image-300x300.png
3410ce8f1b78487f8025485a6c09b1b8,1030,29717,https://yt3.ggpht.com/YJqrH7kC2Axz3DYJSrgcJmzequBHtwqXhUPmNhOCTpfm07xXJvPk1A4ueoA8YgybnQpyB3HH=s88-c-k-c0x00ffffff-no-rj,,
342b158ba02d4103a1407d62fe786f5e,3760,164695,https://yt3.ggpht.com/ycuHkcpMX2Auo9Kg0JX_8i0pfumuwLEeLY3KbQsH2HW5Z3XI8glQJLVLmkvS627d-luteVpF=s88-c-k-c0x00ffffff-no-rj,1697,https://static-cdn.jtvnw.net/jtv_user_pictures/54026908-787b-4ab9-8642-843955bbf3ad-profile_image-300x300.png
342f808864164047acc8ddffe88c9618,136,3142,https://yt3.ggpht.com/usZUbt7h0Pz-GRNVgE_qonrKCBuTyS7PXMljkVP0xE2udhi0CEw0z54E_C5qE37sklKg2byT8nE=s88-c-k-c0x00ffffff-no-rj,880,https://static-cdn.jtvnw.net/jtv_user_pictures/70e1c334-b36b-4e16-b602-c91fa118b8bf-profile_image-300x300.png
3430201d0e1f4672a58faf16ee0f2761,2310,68658,https://yt3.ggpht.com/I6saxmTZF3ItRTgAU2plfbcbvJpjVJx1YEfamFucdYdXJ-e81OZVTuFZxK_KUS161bPFRVbH8A=s88-c-k-c0x00ffffff-no-rj,1325,https://static-cdn.jtvnw.net/jtv_user_pictures/c15f0c2b-1a61-4467-b98b-6b0c4bf6c899-profile_image-300x300.png
3430389926a942cbacde9b444b3a6653,1530,49278,https://yt3.ggpht.com/GUXB5tRMFLcDgGQaT0lTyiYgwnEALjyPgplojkAlEwyCXHqZbBY2BO_HEqeX1mlO0XkNEG-m3g=s88-c-k-c0x00ffffff-no-rj,,
3434e3ca02904364b763c86e75fa6d4a,433,47275,https://yt3.ggpht.com/91HsvscgsjbUIJFCWp2ArlCAi8auUpxH6Lg6U1-AkfCVICtvlpsDFLGSa9p290DJstE_cDmgmLk=s88-c-k-c0x00ffffff-no-rj,1469,https://static-cdn.jtvnw.net/jtv_user_pictures/d32a8f38-9e76-437d-a79a-a26a9c06afd4-profile_image-300x300.png
3442df03030941b0933077faf6a75c6a,55,0,https://yt3.ggpht.com/v5H86haxksJ38e7o7-yNoW3YD3-25f4C4BJ8YFyIePgk1iQagKWTC479RXwLkjVRY5llKGdTVDg=s88-c-k-c0x00ffffff-no-rj,304,https://static-cdn.jtvnw.net/jtv_user_pictures/d9eaa577-c1bb-4a3f-8b11-a8380ea0b7da-profile_image-300x300.png
345b2eb5c8bf4d7d9fa72176f67de440,991,24872,https://yt3.ggpht.com/QxbEB7djySIs9uqEINXOAbPJsfLzfWjDYY99QZpgFcyzLqfKFCsbtrNxubIZQeLNQnHBFXJbsFM=s88-c-k-c0x00ffffff-no-rj,693,https://static-cdn.jtvnw.net/jtv_user_pictures/1babd52c-fa68-4cb8-bcb3-d3ee53f1a4c4-profile_image-300x300.png
3475b2087d9a4d799c10bd3ac5f45437,137,496,https://yt3.ggpht.com/bxh2iUz2-OuM0HG5Zb5GGG_lh6Vsj25kR2S3J9Daq3o07yDSQq7Ily1jpRCVEIEzXGGeOpqCxQ=s88-c-k-c0x00ffffff-no-rj,947,https://static-cdn.jtvnw.net/jtv_user_pictures/01fa6cad-586f-46cc-8506-da822801c49f-profile_image-300x300.png
34973abcef4e41b29add2b476ce0a7fb,918,4534,https://yt3.ggpht.com/QK_i1jNUoTfUe5k-ry4qs7sqYFV-cn4TEVMzKYdm-XEH0bh1zADr4Wc2TqBOiJhLhB8HEIVUFQ=s88-c-k-c0x00ffffff-no-rj,18,https://static-cdn.jtvnw.net/jtv_user_pictures/5cef474c-3318-4695-ada0-1420f4322f35-profile_image-300x300.png
34d968321e3c40aabf759ad22d33bb3a,1720,0,https://yt3.ggpht.com/ySsr4RULcDQouRee8LAs-em8hOvc9Fxsy8Gtyb8_jTBMXlxZJs3MeMLDwA_rjCoMOBMY3KL6vjI=s88-c-k-c0x00ffffff-no-rj,,
34edb431f7da4a43b2a6a9d79d2858d1,4110,178623,https://yt3.ggpht.com/thvsyZ_w_K_R6ONvtp2QD7U8QX5SV78u8r1EC3JOg8SxbEWwh91Y_lP_BUOLirnsRNuepJnycg=s88-c-k-c0x00ffffff-no-rj,,
350516d81d0944fd8dde463cbd4fd279,6470,614166,https://yt3.ggpht.com/9_pLzn39SXvT15qrW9tXgxpUO5ROdD2FShIFudpYFLXHQ4S6PLNaXND69DJ_SREg3blGa9mIDlg=s88-c-k-c0x00ffffff-no-rj,,
3506a4f43442492e83c6fbe4cdb09aba,2590,49356,https://yt3.ggpht.com/9LsSmaHIdqIniIDK9eW2XSnoEF2onZObWzP7SInCGNY7r-s4FtvEpucEXmYs5y4Hk6Fv_q1Oyg=s88-c-k-c0x00ffffff-no-rj,,
350b440f9436415c8499526d4c6f3dfd,83,309,https://yt3.ggpht.com/jluwM6lyw3CLC9QT5LwFaPmfdmmgRdiZ8JZyIvXLxTQ72elzY9e-L8Q40Uc0Fd7_RznMw_U2=s88-c-k-c0x00ffffff-no-rj,1325,https://static-cdn.jtvnw.net/jtv_user_pictures/a660e16a-3afc-4805-ba7e-075f1fa81530-profile_image-300x300.png
3513b73ded994bc3a92a70c9632c9856,461,7825,https://yt3.ggpht.com/2s70O8B1no9UpxIwYXKPZPYVwilDFEWOiJCXQsWYI7uEmuFuAzMmUr24azoD0akYQV01g1-Tbg=s88-c-k-c0x00ffffff-no-rj,6799,https://static-cdn.jtvnw.net/jtv_user_pictures/919b002a-23ed-45bf-adc4-695c7af5ad14-profile_image-300x300.png
351e16ae67e14d5e8c7294284c2ded4d,1600,48039,https://yt3.ggpht.com/KTqpNsisrRE3Tvu1ZCXxIamvwy1FzRTZf4jSyCnI7Ce9VOlXmn4SFR-Qm1FjFliLqYn8FZqX=s88-c-k-c0x00ffffff-no-rj,693,https://static-cdn.jtvnw.net/jtv_user_pictures/e2a4cf8a-759b-4347-9285-b421f2b4a150-profile_image-300x300.png
352894d7c4eb4c9f87e248eae450183a,1270,64314,https://yt3.ggpht.com/49toWZFHCmmI648Bdgm-u0VAX38HJr6JZgmXqR2dNUeWBsUicFo-mm9zGLrNltuG-1PjGhMndw=s88-c-k-c0x00ffffff-no-rj,,
354734963c7d49588387bbba859a05a2,156,229,https://yt3.ggpht.com/XeBPTgQ1VYV70y0lI4m5SQzZpq28ihy0WMZHy3duA2SNQI3RlKsJ4tH-GjYbwZEv8O-o1VbG1uo=s88-c-k-c0x00ffffff-no-rj,,
355d53b23acb4f4697b858ca06b25fb7,410,15636,https://yt3.ggpht.com/y-qZjyQVifUwy71IcZWm0cayRn0nvfxgIRKA1z5OqIXXsdXpIDNP4qzBpBjarQoGjpqqMs6OHQ=s88-c-k-c0x00ffffff-no-rj,,
356186a5552f499baab4ac520b7d4235,565,37227,https://yt3.ggpht.com/dnYN_ACZ1xteMpigi-ZAx_Eaw3yxDQxmDxtYhHQpWWY4XFVy7inO7xW1rqJ-f2kCcaB_IbUz=s88-c-k-c0x00ffffff-no-rj,,
3569cab127ab4bf9af790de9a999a5f8,10500,311838,https://yt3.ggpht.com/xh0JYqoGHtqlPeHB_cINee0B5X-EOgDe6hf0FN3namJL4P0DuBzLqBXP3hUGwO-Cb6tbYCMg=s88-c-k-c0x00ffffff-no-rj,528,https://static-cdn.jtvnw.net/jtv_user_pictures/64f04b92-ff9c-4f15-9ba3-b50ea269f664-profile_image-300x300.png
3584322d47f14c7aa8f6e98511d3c54a,1750,1183,https://yt3.ggpht.com/g1MO1P45bLdvSItIOjVS7sV_JPld-CS4TWu0a88flzUex4Ro7hqAUtLp470v0PO8UHsdAbV9=s88-c-k-c0x00ffffff-no-rj,1072,https://static-cdn.jtvnw.net/jtv_user_pictures/c427f010-3d94-4919-b18f-4fe076583d89-profile_image-300x300.png
3588ee10f67c4911b544e48223c57c7d,1050,21660,https://yt3.ggpht.com/1JKALolhISw4YvkJKWkKRl53MH8UhBzIWWAsFhNxprCBmfMALCIRRSDRul0f5X5jZWzYtsAt=s88-c-k-c0x00ffffff-no-rj,,
3589be2c85dc460aa8de768c7a228730,3080,107611,https://yt3.ggpht.com/VaAvZesAFxEPyPbfv_vBCJUarvYLb3XkwA-P4nqO-ngLrul0AnOkuczAVCPPGYf6Bxl0O1JLW0w=s88-c-k-c0x00ffffff-no-rj,,
358be1981a1b485aa1c47b3ddf3f38bb,162,15459,https://yt3.ggpht.com/hb1LMfXQ8DsYaY3PeAU6_ORsPhWlo-5-TueHgtoE98S553_SnsDP4UPDzyiiAF4-rAX6dkEu=s88-c-k-c0x00ffffff-no-rj,,
359bb9450c49401da7b002980d4f97df,55,182,https://yt3.ggpht.com/m1LEOsLZwhAwuBsAUO74o0_zHwjSUPWwomgCQCm7YmWw3ayw_PpHal42m4H-FV9roYRKim9-Ig=s88-c-k-c0x00ffffff-no-rj,1023,https://static-cdn.jtvnw.net/jtv_user_pictures/2b6b4108-72f9-4b3c-981d-423f812a47e8-profile_image-300x300.png
35f3bb64e69c432180b98dde239f3bdd,3810,188835,https://yt3.ggpht.com/HQb2pQ9sEtFrlSIjoqgRBeJ_i4xILtfwtpQClrahDIKRRbtlKFTEgiSDnumwadpXcyif5qz1=s88-c-k-c0x00ffffff-no-rj,705,https://static-cdn.jtvnw.net/jtv_user_pictures/efaff883-c87d-4a8c-933c-bfd3ec0585d4-profile_image-300x300.png
364f94fc7493453e9f53787ade8e35c6,1440,198398,https://yt3.ggpht.com/an9N7GKpuEbSmxIRNrgMQXK-DgS71kyidCb5N5KOb68uObHDxG6ZfFCQS8X_DXo2ylKeXEoPJg=s88-c-k-c0x00ffffff-no-rj,10,https://static-cdn.jtvnw.net/jtv_user_pictures/bda9b6b1-0f34-454b-8b2e-5f2488833d68-profile_image-300x300.png
365db081229a4efeb4630f19587a96b2,12800,460945,https://yt3.ggpht.com/_0ItZAYBIvLdkOx_6ltFC1yp8sanufMBLscS9sMAB0j9JPCqOd9n0Mz2R7H1dgsC0BnhrvLMvw=s88-c-k-c0x00ffffff-no-rj,,
366df9da61654531a6581169c70a0432,340,0,https://yt3.ggpht.com/c_y7o_2CxtpDZSlxQrzRJafzEdnjGM2Bcfq6yoYw8BOs3fThB-6tfsUAAgbCIlr3eM95AriB9aw=s88-c-k-c0x00ffffff-no-rj,11,https://static-cdn.jtvnw.net/jtv_user_pictures/b19a008e-33f5-4f54-a7c5-bba4f641dc66-profile_image-300x300.png
3681a0b4e4bd48888473b1884f6ee420,40000,4007051,https://yt3.ggpht.com/QHaTBQ2Iog0TKemDAMln2NE-laSlECe1kefke3syR5RB3wIJHmr4FnXPysH3iKKwn4IUUQYeUA=s88-c-k-c0x00ffffff-no-rj,,
368336c76b5b4ba1b28e5381d0b8b26d,3560,107560,https://yt3.ggpht.com/Pabg9D3aIPApMnIuV0iyqyHFKTxHlxTw-24XTu_ki4PAupGqX7UKHrZgfSaQGaJDr4sRDrb_=s88-c-k-c0x00ffffff-no-rj,,
36a96262405a4d4683db73d8403bf8b7,7360,650285,https://yt3.ggpht.com/vdbqH7HTm8jGwtloEkLgDzS8YdBDKx6iJMJsas1ju4txW04ehyFI7tO6IzkyBHTE6Rz-Nt8hQaw=s88-c-k-c0x00ffffff-no-rj,,
36beb36f581f44d393dcf0af2b194789,,,,6110,https://static-cdn.jtvnw.net/jtv_user_pictures/ae2b2c7e-a86e-43cf-ab44-4f726a73534b-profile_image-300x300.png
36f4fa8dbd7740c3ae5ac02b890fa502,4720,280794,https://yt3.ggpht.com/iaXiQqYi67i5O385YVM8O7I-W6th4GRlbFgvogwzRkHRyUXN6RVSUhvOnFCCnvcWWwE2apJr8Qs=s88-c-k-c0x00ffffff-no-rj,1101,https://static-cdn.jtvnw.net/jtv_user_pictures/e97f06fe-d5be-493a-ba3c-67f43e0216e9-profile_image-300x300.png
370f66a57c0341b0adef5bcbad64ff90,419,15914,https://yt3.ggpht.com/R_CY0cjN9rSlbzjCYsWJUm97AZH_C-2KYZZ8XyI4970kgquh6S5B8FhBu0h86mDWdonNlxOW=s88-c-k-c0x00ffffff-no-rj,,
3727892a417b429aa063c7300e132966,3700,213726,https://yt3.ggpht.com/QCfBLsTot6_7mzaNoLATsyW6Xl315DFXL_MviP0N2zvROCJqgenRmzEvsAFoP43mKMFh3aXdNg=s88-c-k-c0x00ffffff-no-rj,,
372962c805114682a4d16b75c13c80ed,1160,52437,https://yt3.ggpht.com/EMV70U9J7SSmoQL_x2Q7J5Pw9jYh13KKa8DF8W1Jvf0vNk7gEnYsj9OjZTbtIT1GnZqARL1Fqg=s88-c-k-c0x00ffffff-no-rj,,
3750eae778e9453eaeee75956a8dabc6,509,7968,https://yt3.ggpht.com/GMUH-KtameH6MyT07hdDuWPD8-KT_fvOnIUxjjf3Jzt8f7X0ld56x9oFyP47f0uD1YjmNTM8gRU=s88-c-k-c0x00ffffff-no-rj,2349,https://static-cdn.jtvnw.net/jtv_user_pictures/7e3fa852-6750-4809-8f47-4f6450439e9c-profile_image-300x300.png
376881e818cc47c2a045ca4cb8361380,840,34324,https://yt3.ggpht.com/tdzXLLkJ2ZiZ38ZhJ5kXWq-GyIW1g6rBr1OH9oXl9z-elKXlQDinP6kpyleDxWRgDSiztm0G8w=s88-c-k-c0x00ffffff-no-rj,668,https://static-cdn.jtvnw.net/jtv_user_pictures/3adafb70-d5ef-47ad-a515-8cf31a30a5cd-profile_image-300x300.png
37df80920d2b4363b3fd69fd3c6be31c,1090,0,https://yt3.ggpht.com/OqTGh3h6p4VPY4e0pwhmGankzlLXRtlgtiTe2pcvexEAZXC3CYIWL0QbBIwesWe_wAU7ST6J=s88-c-k-c0x00ffffff-no-rj,,
37e88453b9cb48b1863bc455328b34c1,478,6982,https://yt3.ggpht.com/_8KHGjVg5p9oAR36eneG2q7Dc6e5D3RMfAmZb0BmRlGz96k9-Llb1jEhqE9ZIN__UVEiaN-J9aE=s88-c-k-c0x00ffffff-no-rj,1164,https://static-cdn.jtvnw.net/jtv_user_pictures/172ba945-9e7c-44ef-bda6-650b35fd97c2-profile_image-300x300.png
3809ec8a42634d11aa1b7b8f99755c6a,18400,1087753,https://yt3.ggpht.com/sCTvaF8IdvRQQDHmoufxco_SGekb-4X3DOa5H0nboAdMKRHpNvQosmO6yFsbyhwFGZcG_9rpdg=s88-c-k-c0x00ffffff-no-rj,60863,https://static-cdn.jtvnw.net/jtv_user_pictures/4192d22b-689b-4767-841f-aada1c263eae-profile_image-300x300.png
381bb87f90794f2a909775a87c192dc5,3480,36130,https://yt3.ggpht.com/TRVM2sUeBjLUS4pha6_692AZqGHMa1i_JMc62ePHwSu1cE3ROJAQsR15yP4AZqIlO15KWSDinA=s88-c-k-c0x00ffffff-no-rj,4669,https://static-cdn.jtvnw.net/jtv_user_pictures/cf72c812-2b03-4950-9c34-2f6847fa0208-profile_image-300x300.png
38391974f5af4fbbb6224e3d6f2f7fb3,2400,107056,https://yt3.ggpht.com/HMmXKi45vSfNqFf_Dy5ZiUZcZOe2wCF6uNKX5WvQPHviRRpYGQSL5W7hyJ6ThNsxPOF1fcWj1w=s88-c-k-c0x00ffffff-no-rj,6197,https://static-cdn.jtvnw.net/jtv_user_pictures/e25b179e-035e-4049-a1df-04984a739fd3-profile_image-300x300.png
3840a44ffffd48098bdfc16c4ee537bb,176,136,https://yt3.ggpht.com/-Cf5wBpKi0PXfjqyUdy1QgnMTrpwpfXediOMVMpE8bLdh6XibDW1_RSQB5OpAaVBZjmYD0DZ_A=s88-c-k-c0x00ffffff-no-rj,2257,https://static-cdn.jtvnw.net/jtv_user_pictures/6fd79834-d936-44f9-9e98-ce3c2510fcf0-profile_image-300x300.png
3849edba2b2e411f8564e9c1d1aaaa51,480,49430,https://yt3.ggpht.com/nM7x3xmPld7BBO3dHcX5jmG7svt6J5LsPbmzIbYUxIjJ0RUEsKKXOnuKgF7b3BPMoGoXkMhWlg=s88-c-k-c0x00ffffff-no-rj,,
3869b056864b4e60a6420aa6011f09fd,451,10823,https://yt3.ggpht.com/L0f8tKew2S84tuoA0Zwk61jiuZRkyWWILiVd_8E_5DWTFZpztQHG-5nqbY4yvXhywR3n7goiqWI=s88-c-k-c0x00ffffff-no-rj,,
3896e47ba9f64b7082eee3980734ab14,2440,243537,https://yt3.ggpht.com/qoX4eU9990Vejpr7JKQDxVICQREtC7moQzCY_bjAK9K_E8JUpRKvqEpVtEO1iVTO9sBcw47EFA=s88-c-k-c0x00ffffff-no-rj,,
389bd53524c74c44a32d72279b288b17,310,2589,https://yt3.ggpht.com/9B7lxXcPhatXftFD8d0oMon-AbqM3FeuDmzEm4kfWTgSDqHBkBwHqxson-2GGtxrGSSz6YwAfUw=s88-c-k-c0x00ffffff-no-rj,,
38ae17784f894dc190a28b89e5555cd3,324,598,https://yt3.ggpht.com/3C6loLKSfcLur_ncGb2Z_-GuxecJWu065Weqefy79fPt-YBRRsLkVM7JDRAnX9-SQHIxZWWAkw=s88-c-k-c0x00ffffff-no-rj,,
38c92430ea8d4620a584b5cf60eee321,160,8112,https://yt3.ggpht.com/emviZMgyig5wf_ewJVp4nySfeltr6_MFaMo3lGqIq8lGrN-2RpQZKcBKMAGjo4znQLALzR2d-A=s88-c-k-c0x00ffffff-no-rj,,
38ecb20931514383b2d93885136c6b68,3310,104379,https://yt3.ggpht.com/vQMmp7yRNPcwZa20RRUs8vep2JW06227DfyO3mKNwKHeKCbxIZl9O3YK0NPRH1f47JToRIySzB4=s88-c-k-c0x00ffffff-no-rj,,
38ed20b2671243ea9c5bb3dc8d37c4e5,89,1449,https://yt3.ggpht.com/dJZ2GOO8ttnpWTX9WD3xgJg4qWTc9w2tj3gq6djOXv6k6wA6FcGDbTi-iIU46sdWP6wqtx3e7Q=s88-c-k-c0x00ffffff-no-rj,,
38fcf8bc7f3f45d68bab44577c019c84,11700,305119,https://yt3.ggpht.com/RjALgti92-aZY76EvS8ZzTPjQWqWvgu2OWZ7FwCFPcumRWDoR3yL_KRmY7qOwKvodqcaPgX8mQ=s88-c-k-c0x00ffffff-no-rj,,
390346240f4748bd9d81e472411c20c2,12900,290398,https://yt3.ggpht.com/xkuoRlyOyQDavuW9PSf4J448rhho-kjs51wbZ-_fzk1QVxijhiZhuO-fh6e43mHQr-Li5-0InQ=s88-c-k-c0x00ffffff-no-rj,3609,https://static-cdn.jtvnw.net/jtv_user_pictures/0e83313d-4a82-4c90-83af-798337e38984-profile_image-300x300.png
395eade6d67445e1831010cac52ab444,1330,29853,https://yt3.ggpht.com/a8QJlxF2Z2ixLmxqKcKhYG5xTuwsRgkCtL019DMv7VD2LAkEnO05fph6f_CzaJKUGZF9s-Nh0Q=s88-c-k-c0x00ffffff-no-rj,774,https://static-cdn.jtvnw.net/jtv_user_pictures/3bda8ab1-1f3f-4505-a5bb-1e23107a543f-profile_image-300x300.png
3981c01691a44d708da1191e9546eaad,442,27140,https://yt3.ggpht.com/TZJdmzZIgkZ2SE40od2APZ1i3XsqYpmAjPf1yAw_I3cC6OJQiOvlfKTWR3DKpU9Gk_EUOp8h8ys=s88-c-k-c0x00ffffff-no-rj,,
399a496d028447a58924b2660d0fc187,856,179,https://yt3.ggpht.com/QP_9oltvQzng-16kUhVyimANStummLHZCFV97FHQdoeGYCrLp7pkuI9TE5IBdRt0MuDzd0OORrE=s88-c-k-c0x00ffffff-no-rj,,
3a2199639669433faff0591468bcfa10,,,,1147,https://static-cdn.jtvnw.net/jtv_user_pictures/a0f64f7b-2d5d-4a26-8818-7f8c80fb6595-profile_image-300x300.png
3a29989f3f71430f88f1535125a1d32c,370,28732,https://yt3.ggpht.com/GmFHDQ6iIUBTcgEcq6bor_4GjqpBihan3I--k8o-cbqI6YSqJJRmXS35gzeT9j5Vp85liWXwqQ=s88-c-k-c0x00ffffff-no-rj,,
3a43445829024217b728d04d5398b61c,3290,116654,https://yt3.ggpht.com/9gln8auglckJZjR-vf4mKNrfeh52V28TokOsa86SfvW5YKZUgOc-1B_caeOKTsNf4eA5qxROMw=s88-c-k-c0x00ffffff-no-rj,,
3a44da0674144e61bff60415cc09a678,250,6609,https://yt3.ggpht.com/4YFxCAteHxspfS2ckZpN3kFOAEZsHLgAAjDLopenSwpXcbY_voVK4O8OAV9A5Lxlk6epS9-A=s88-c-k-c0x00ffffff-no-rj,,
3a4fe2f4720747ceabc87b3327ab2b17,3310,82390,https://yt3.ggpht.com/XkqaDVga9mImMXVF8a1tGj8wKVGVID2wHco0fe_ySbUQMnjhruS-FL6nT7uhYXAB6E2BRCuRkcg=s88-c-k-c0x00ffffff-no-rj,,
3a8f78d98fd344cb9d32358e5c96eace,7300,248199,https://yt3.ggpht.com/ru7v5xPOhiLeoDP1a6OFIe6xvVNE9Fghr9R9TYeK-CScRbyLOABz_leQvTxIzloIz5zEJ66-Nw=s88-c-k-c0x00ffffff-no-rj,365,https://static-cdn.jtvnw.net/jtv_user_pictures/74e22547-e1f4-4824-bd89-f29b98897382-profile_image-300x300.jpeg
3a932cc8813343b6bb5d822cb2f53558,683,31374,https://yt3.ggpht.com/JIkgkWnxEnfFZMWC8Ec-r9T8OPQezn9JBUFuKGvnISkA0YOKNOifncaJs0cgPvE2pb2SLlCEHw=s88-c-k-c0x00ffffff-no-rj,2909,https://static-cdn.jtvnw.net/jtv_user_pictures/32553f57-aef5-4222-85f7-7e97024aec7c-profile_image-300x300.png
3a963b6901c7467da3d9c8bd74df9da6,989,40462,https://yt3.ggpht.com/e9rIsAYPlz9rLwc2cA9ry2m0DJn1ykrUeZXnSYgpKHDKwMhqfTGbU8NFnoQu1ptgCVeaJaU12Q=s88-c-k-c0x00ffffff-no-rj,,
3b0031a4b57f46719f06cbf7c5cc42b6,3220,96868,https://yt3.ggpht.com/NoCNQOFtY5lcQdRbz5wtN1nIJ8BQeo59dNF_L_98uhA9jLR8EJRC8fh4IAs_PPVOq6NPWbdm=s88-c-k-c0x00ffffff-no-rj,,
3b0f8e9ace2b46a087a665d5c10b38dd,481,7893,https://yt3.ggpht.com/6pnJeTOdnfItWihaw5yIbMdzddzcfLNkdgAzsj0jMfeFR5vc5_rRuwmGhCDChoYts9GO9pggJw=s88-c-k-c0x00ffffff-no-rj,,
3b83206e75d14605a947a0b0b24650e0,517,21826,https://yt3.ggpht.com/gcaoQYaMObKfXi6eI6IwelhzGCL9OD7epZCmzrJuUkmrBXquMpRHRmo8LqW0fVrZV7-_ilNi=s88-c-k-c0x00ffffff-no-rj,,
3b9a06751f3c415993d424480d4d5060,1110,131061,https://yt3.ggpht.com/jQzXjxdBgzzofQ-_bi7yPYd5kRyqnj9Q-FeA0Jm8fyIoEFaocc2XSt2Prml3oKK5fNfvB8it=s88-c-k-c0x00ffffff-no-rj,,
3bbbe40f23e344fa8889d410b7315383,1880,1943,https://yt3.ggpht.com/ZArsfVukcFE47xr-47JuLDY7v6acSDYAN-M0zve7f5ONpWZA1jTDPjIYLJKY3wJ1qHzLhR5TOQ=s88-c-k-c0x00ffffff-no-rj,1710,https://static-cdn.jtvnw.net/jtv_user_pictures/68508e4f-c1bc-4b65-ad42-742b177ec6fd-profile_image-300x300.png
3bc6afb820df4f59b2c6ff1c25d1eed3,712,81982,https://yt3.ggpht.com/i7M-DcT9OlVoQybeupAQWlpiqHnZqJkOJ8Zy0FitkxkSDY4fpzY_GvWAjFae7-zvIeck5cqO=s88-c-k-c0x00ffffff-no-rj,,
3bcfb277595f489ba52734d6f21c08e1,3230,0,https://yt3.ggpht.com/hEOPMQEBpb4s9SxtrBusM3Cd1afNqxvtecHUgnU4vkGgcYKfGuddyzB-9UsmfbQPDByZXRzF_g=s88-c-k-c0x00ffffff-no-rj,,
3be86a2a9cb447f393d235132e157789,26500,1934913,https://yt3.ggpht.com/ClB3896MZgj5MO47ef_vXXCcwF5IjFqM_cxgdwkY08cltZQHQzXlUwfHshkurEmzOdF_p9fq=s88-c-k-c0x00ffffff-no-rj,,
3c16d0b797bf49c3a4a6c043802ee2ec,5040,28276,https://yt3.ggpht.com/27b8_kGm0B3y3kUDKJQvjMIsaeHAPNJcsUnXGlgi9jeXsQyGE_f8tgqLNWsiITaCCsLrCBFX=s88-c-k-c0x00ffffff-no-rj,,
3c1783f6914f414b830c836829d1afa2,3870,77021,https://yt3.ggpht.com/Nh_gd2AC75wP7m2cKUZm8DxruhVEgMStIaCJQTAsakt9w7Q2tZTZP-B4wcwQfbCT9JbXzBNPCA=s88-c-k-c0x00ffffff-no-rj,193,https://static-cdn.jtvnw.net/jtv_user_pictures/9f46664f-1654-4fb8-bd8a-193ed4421366-profile_image-300x300.png
3c25eacbe340484cb36fc0920546d756,579,3631,https://yt3.ggpht.com/LJCFKp_mZnR0u_4UyKjYGlYw3rCxVXQtzxDWtks_eR-2OTo59_0vuYdS_sThDfIFfYxilOpToQ4=s88-c-k-c0x00ffffff-no-rj,172,https://static-cdn.jtvnw.net/jtv_user_pictures/5992a6aa-33e3-4438-9f21-fd097c627f06-profile_image-300x300.png
3c5b24ec5e7e4451a917bb1683298c05,5870,285634,https://yt3.ggpht.com/2dsF2Q9lJQoKGEvEhRMzKFNMDsvMB_bzhdkIRwu9cfFRhAxl07BWUCIYsf2FbGol-f9gl9yf=s88-c-k-c0x00ffffff-no-rj,,
3cf4da41775b4e608f4dde5859cdda74,6340,820146,https://yt3.ggpht.com/jAioT78-AOQIRZUTfdO1ZhoAoL51sFhuIr1I4cidohMYTKklUeI8B0By8ISLxAvIIqkMIRKkkiM=s88-c-k-c0x00ffffff-no-rj,,
3cf7289a95834ae1a25d4cb2909a1a9e,881,17607,https://yt3.ggpht.com/uw7Xbik4MN6J_u1x9CYGJxnweS5lHKadZ7-XQQP5sfLQpVXkvnO7P1nJvbD1k2pvqXATl64p=s88-c-k-c0x00ffffff-no-rj,,
3cfc2b54a543469b92a95ff1e3f1da54,,,,1741,https://static-cdn.jtvnw.net/jtv_user_pictures/d5073dc9-1b4c-4e78-bb67-ca321281fb5a-profile_image-300x300.png
3d23ff5303d54cc58e5a69aa53b1db50,1150,99450,https://yt3.ggpht.com/43asF8vW0XgVyAByS-qfQdWtYWRp1LoA_Bgv9Yjfd0SiM2kFUboKsACWE4mdC_Ee4Y5TXdErpg=s88-c-k-c0x00ffffff-no-rj,,
3d2b3ac59c0c4930b36d71c1c82ce0e0,51,1750,https://yt3.ggpht.com/rO-wFFSsbWHkByG7RMxIfhbfvjQeM-aZvnJdQzaAptL2tZeJt1mVXB9GFKhaFDbS3DibKz0cqA=s88-c-k-c0x00ffffff-no-rj,,
3d33f15ad27c406abfd68d6c16e0b53d,1100,69911,https://yt3.ggpht.com/_IW-X9SrOvDbc6n6hGyvSthKbBz86reXHRrdw_Wmpt7dF-yQSBfwEQ76rhjdUk9YGxrPGD2IKg=s88-c-k-c0x00ffffff-no-rj,,
3d5a0befb7b042f697f70d5fb3d6ab94,320,8293,https://yt3.ggpht.com/XjzI783O0-5lDodL-CaaKULRsaFxoIF1sOAvDkFPbwe5eCnoy22FsE1ky5ic_M2UDSTHCA2m=s88-c-k-c0x00ffffff-no-rj,,
3d786b116dbc437e8684d7b46567a1e5,35100,635594,https://yt3.ggpht.com/bXoeBaTEhrTm0hpjYobHeJ5tD_gke_e4qjsIcIpOjz9nc5AMDXdjWmK1sDmwlWXZbuKhkXfrdVs=s88-c-k-c0x00ffffff-no-rj,6166,https://static-cdn.jtvnw.net/jtv_user_pictures/c5c2f9ae-9ee6-4a58-afe0-df41c20ab362-profile_image-300x300.png
3daee44c0bab401386813cff327a10a2,590,59801,https://yt3.ggpht.com/ndxLhdUerPQvxXStkU1UZkwWqEZj2dVZ7XOR8uYcpgeP-rqs8VtpYNDSwygxG1cHlfqglsM0UQ=s88-c-k-c0x00ffffff-no-rj,,
3dc59c2e8b424c9e812fb48048ebdef8,200,5520,https://yt3.ggpht.com/mujQGKKSndtmbU0vTwTXG7h6XWNpy94MdfBY7zgZ6dW4vhBoRu6wZKmDUq-bWUAyBWeE7MX6gQ=s88-c-k-c0x00ffffff-no-rj,1418,https://static-cdn.jtvnw.net/jtv_user_pictures/2ecbd51e-ea17-479a-b65d-16a79c24fd78-profile_image-300x300.png
3dd8c72cab6d494dbd6fbf0a0e3dc41a,1430,55836,https://yt3.ggpht.com/rgWUHaODhtCYuLFEPKYgOxdUgXYekMg57cWRx7N6x2v8MJpPCkgbQyIvA0SegjOKtpGoNn4CkQ=s88-c-k-c0x00ffffff-no-rj,273,https://static-cdn.jtvnw.net/jtv_user_pictures/d0594f70-2d54-4f2c-88b5-e7e32c8710e6-profile_image-300x300.png
3dda133703f64b019d7eea0c5cb55335,20900,543206,https://yt3.ggpht.com/xzz5_GC3uQNmrM2h4gspj5bwLwKUvK1twN5n5XAFmtgGVUdlqfJ1DK75djCUifPLQPup2myZZ6A=s88-c-k-c0x00ffffff-no-rj,19664,https://static-cdn.jtvnw.net/jtv_user_pictures/8ef0d3dc-c9c4-43aa-9f34-c42467ab9e20-profile_image-300x300.png
3de6bc82438b451abf5ebe76a366be24,,,,3616,https://static-cdn.jtvnw.net/jtv_user_pictures/d0ad3bdd-f2aa-483c-a13e-b0087a9eb983-profile_image-300x300.png
3df5dcf41cdb46c7b7de73e502ce4ae1,306,9604,https://yt3.ggpht.com/83_Ni2IipfrSuAKjZe-sDeAKhwCSh2f9JZgQexPMlGiEKhLaUpHAAQZDTI0QVN7zrwr4uei6Kg=s88-c-k-c0x00ffffff-no-rj,665,https://static-cdn.jtvnw.net/jtv_user_pictures/1b99f34b-f6a7-409e-a788-e120a278d86e-profile_image-300x300.png
3e079110e939428085c1f1040ec756f9,638,6619,https://yt3.ggpht.com/Bmy42cPSntUk4PVW9eg5mDiX7Y-BdUY8GN7WSPbNC6QUJj5CQrlPwoLkb3DzFui_BwguOBfy=s88-c-k-c0x00ffffff-no-rj,,
3e1c8d17663e49158b54330fdac1a308,7060,70110,https://yt3.ggpht.com/KfZk-XuuqNnvXWk2d3DfOeLAuvT1fkHWU778cDcokmHEMqMgu23B5Aww9xxHvFgDm83j6sKA=s88-c-k-c0x00ffffff-no-rj,834,https://static-cdn.jtvnw.net/jtv_user_pictures/ce2be8cd-f453-494f-891a-845aaedc79d7-profile_image-300x300.png
3e269031fb4b45aaa0906ca424190ce2,7470,145662,https://yt3.ggpht.com/Mqh3VRLRFLYko4_pqVBiZug-i-Xn3-3Vk-IEz62107d1DoLVBXHrvhpdM9IQtx67V_plkX_Nww=s88-c-k-c0x00ffffff-no-rj,9257,https://static-cdn.jtvnw.net/jtv_user_pictures/b29254e7-4200-424f-bb4f-aa0c4541479a-profile_image-300x300.png
3e340f9122814acc84ff51a0aec8ae13,3340,87928,https://yt3.ggpht.com/crQiP7cfeyvgS3BASvBGpqxQmXaKp5SEvGxCRVq1hOMQIEwQJ7JLZM0Ve4mDQjd3DdMe7Lf2=s88-c-k-c0x00ffffff-no-rj,,
3e41189706dd483db4e407c295b058ce,923,59417,https://yt3.ggpht.com/utGMoG66-zQET2jMhHKckxUkGng68nRQzLrb1cImOwAcHQJQVUmpazwnXlYa6vKZ8O7Ky0hp=s88-c-k-c0x00ffffff-no-rj,3236,https://static-cdn.jtvnw.net/jtv_user_pictures/489140d0-b581-47bf-80f0-3dc3805342ff-profile_image-300x300.png
3e48227b123a4137a0cf1755b1142a6c,2320,64815,https://yt3.ggpht.com/Fap7fE575Qaf_y_s9UwNxMTbPhQliii6WNOI80k99AGgeIUu3UUWVoj9I_GYdvwcFRjSOQfcKA=s88-c-k-c0x00ffffff-no-rj,,
3e4c23394dde46f58f89cba536b208d5,623,15943,https://yt3.ggpht.com/gMpwpRBC_5ROBFLgQBuhgkbauk1yuD3IwO6uaKtufknLNiMIMR7i_L-EG6F_u017myq-eBh_HQ=s88-c-k-c0x00ffffff-no-rj,,
3e6a09fe4ef744f987e27ae0f06cdf09,8080,132046,https://yt3.ggpht.com/DO7YfH16bk2cnG4W-6RXj0pvK_qxK2P0b6-0pFSSnweO3knTO8xw8Z_oCF3aQGtOX7AJgmxfgQ=s88-c-k-c0x00ffffff-no-rj,,
3e7f5f5e829e4d4baca2a8a5916d60e4,123,0,https://yt3.ggpht.com/dPiS3h9YosFJf3mkMWsUBPfM3lLhkuNMuG9BAdXVDPRcbRYKobvFefV69_n0q_6og1WyJ8g22hw=s88-c-k-c0x00ffffff-no-rj,568,https://static-cdn.jtvnw.net/jtv_user_pictures/1a9cb83a-f49b-40ad-8b77-2e5c058e9d03-profile_image-300x300.png
3e86fddd8145474691e77ba761a6b2a5,212,23795,https://yt3.ggpht.com/bFwAcMhKZsg4vMVEkW959sydHEmESqs8mqrwtSyFzp0nu6kQx-thfsTpuEt9HYlII71knDaRKQ=s88-c-k-c0x00ffffff-no-rj,972,https://static-cdn.jtvnw.net/jtv_user_pictures/9ca5eacc-e147-4922-bce4-53302f123f33-profile_image-300x300.png
3ec59b8cb4114af7be754daa0b1b1ced,6600,265285,https://yt3.ggpht.com/qsEHZcmzNbjiw5mp_aFBDXnCZbv0Co9bdbc5nT2OjWoRZpuzlbO0H1oThxYJN2vkyNjO4n6ong=s88-c-k-c0x00ffffff-no-rj,,
3f12c2866e564c3086183c6e75ef79eb,2300,57491,https://yt3.ggpht.com/8EGkXMRyMsHxAgzycGouZ29Ri09OzC0-s_XAB8_C1XnJHnoflzI91K0-70_0q9FIDJbtSvDI7B0=s88-c-k-c0x00ffffff-no-rj,,
3f2e41bdee4145f59fa97830ba3f5edb,397,2246,https://yt3.ggpht.com/fwKGrGpPKTS3Z-jvCDdzGOq2BqzjVQfXIrNck2WrUz8HrirbrwPR1uTI3ozqBxbCwyF6Z9b93A=s88-c-k-c0x00ffffff-no-rj,1920,https://static-cdn.jtvnw.net/jtv_user_pictures/848fff01-d022-4565-a548-3d0d82d2516f-profile_image-300x300.png
3f387cab9bb0470aaf322bce5f436f18,645,21215,https://yt3.ggpht.com/3kTAOVrmE1AKUB0Uhl1WddYEJ_W-pQnpXjgpvacbp2vrdj15fYqTwc3HYnMtq3zTqW7W7vRs=s88-c-k-c0x00ffffff-no-rj,,
3f3abaed158f420e84f9d1d5f4492b1d,776,45488,https://yt3.ggpht.com/AQm79nZpfSnZWWEk6PMDn4pCjqw8aY6W5ImK4o-JJqtc9F2bnMKv_owKvfBkVatMr4Sbrn7L=s88-c-k-c0x00ffffff-no-rj,515,https://static-cdn.jtvnw.net/jtv_user_pictures/8c0979d7-de3d-4e05-a71c-9f96ed930f7a-profile_image-300x300.png
3f4650e05ceb41008bd16869780b7af1,78000,21943965,https://yt3.ggpht.com/kBfMvZfNina1g1Rue6WeODwYcCq4HGquaMgoSIewY4LqnShJ8ZmmgBE299aYZBlFemhj4BKG2A=s88-c-k-c0x00ffffff-no-rj,,
3f74c9c84fac427ea0e3d147c6027e82,599,10740,https://yt3.ggpht.com/5BdJ3HmrIq4v9_NVQRGoP3fin814qz_oE_eEnGKeKHqrcvEtSRdu9ELJhd8BF9biEeI31hneYQ=s88-c-k-c0x00ffffff-no-rj,,
3f8cb5f649e24dc1929711e90e49b387,,,,75,https://static-cdn.jtvnw.net/jtv_user_pictures/0e7104f3-e58b-4300-ada1-e89b11133b04-profile_image-300x300.jpeg
3ffbac2f7ae8478ca7b33d400d6e657e,2650,16262,https://yt3.ggpht.com/PjUWdH28E3byRKk5hERLkoDDielOfFn3KNZF2RdIGzEclqH5Z5e3ne0NfpuDpiQGGPbL0CZAoA=s88-c-k-c0x00ffffff-no-rj,,
3ffe754930804f09ac328f7e6e9c53bd,381,18324,https://yt3.ggpht.com/gAekLaA2xIjNL8gRvdqhTiLDg6ZSAofuRjR3Ivrrk6F_Raz_pOz272gErws8HQDClfvUSWQy=s88-c-k-c0x00ffffff-no-rj,,
405cf0a502a6496bacfe7e49647e7e28,497,19040,https://yt3.ggpht.com/6eq2FlHTllEL62T4sxBLpZulPA_q4cXvDhBHVFiKa3iX0p4YniicBLy_1W7Lh119cxsY0mSV=s88-c-k-c0x00ffffff-no-rj,1290,https://static-cdn.jtvnw.net/jtv_user_pictures/8f67ea4f-8e1b-4f0d-8012-6964e535682a-profile_image-300x300.png
4077520d348749e49598cd5fa1058b6a,679,50844,https://yt3.ggpht.com/-u_AMItw81r1F05nlYC1NqgKc5zB9PeQfL3ReBy2Zbk8kXx6xKDqc0YRbVtq-tT3IYkqUP1T=s88-c-k-c0x00ffffff-no-rj,231,https://static-cdn.jtvnw.net/jtv_user_pictures/478f87a2-89da-41a3-bde2-d3acae3cc2d8-profile_image-300x300.png
4082168d753e42b7aca1d25e759d09a7,1120,38604,https://yt3.ggpht.com/lV_W3TRhXS85aeE9rUStzQQMTQMnxeKnRrVYUeyLxopLjSuzddO_jYDBWU8oj_fl9uFAfwHH2w=s88-c-k-c0x00ffffff-no-rj,507,https://static-cdn.jtvnw.net/jtv_user_pictures/6114dd38-5630-4038-9f09-eeb43e49ef5f-profile_image-300x300.png
4082a4a1c5784e6c8bea9b58de009664,113,4141,https://yt3.ggpht.com/7WlB90kSWOSqR1WxyXq5NXFFibTUTveiHUMMUx-UP-tXgZFhd2I-FybWOBwKdZy3wYY8cEX3D_4=s88-c-k-c0x00ffffff-no-rj,,
40a4357f990e4fd8ad2ac18c26603925,519,11215,https://yt3.ggpht.com/oRwn4_gBxiPpTlk6iSPFRLlaCQu1A5aY-9QZjz8dA3zJQNavAqSIlzKEE_0HApBLcajyuKSRXw=s88-c-k-c0x00ffffff-no-rj,1546,https://static-cdn.jtvnw.net/jtv_user_pictures/479401b1-f221-4ba5-acc0-0e610efc967f-profile_image-300x300.png
40bb881e52be4d8b9c66a60be89e0504,486,28020,https://yt3.ggpht.com/OOszkP5Zm7l3jAjMA_tfG2SmsymyLs1ZyoLzxNI0ZfoYgGiQUkGP8qIhfA8On1IUSqTBV0t9=s88-c-k-c0x00ffffff-no-rj,,
40c846b91c4a44a980eddf20f0f789c0,,,,2306,https://static-cdn.jtvnw.net/jtv_user_pictures/8cbe0df8-6a45-40bb-9c99-8c7c40a76965-profile_image-300x300.png
40f76b568f384790a1a089bb6619ddb2,296,4553,https://yt3.ggpht.com/nQOwbB-zgfhChwrYpkR9j6xVDv-VDI1m3xI_J0mfBqZHcHp-oGOQyRtR9QmY0wi9omK6Iv30xA=s88-c-k-c0x00ffffff-no-rj,718,https://static-cdn.jtvnw.net/jtv_user_pictures/fbc4c449-e60b-4f44-9dcf-0ce88a7ce042-profile_image-300x300.png
40fca873cd074b01baa8f9b006f50d00,39,7978,https://yt3.ggpht.com/qEmd07KNkfPZDxwHVPCQIgwIRQmZonvMy0TROXCtZ3Pxj-lI6GYARmsFf6zby3EoziuNKTQNsJQ=s88-c-k-c0x00ffffff-no-rj,,
40fd0ce414e8465880489531775662e7,706,31663,https://yt3.ggpht.com/j3K3WTR16jvlCFT8eG65-LdX72PjlQtaq6iq2931-TDUv-irnW32WKmNMmD2qlkp03W3B150mzg=s88-c-k-c0x00ffffff-no-rj,,
410a9fff47f5491d98c47a4fa25ddf83,5270,6733,https://yt3.ggpht.com/ytc/AIdro_m2HSF84c20KQJDPWRH3XlLqz0A6BC-UQ3Oy6FvSlIlNg=s88-c-k-c0x00ffffff-no-rj,,
415ca337b1104450acbed1eb046c0a58,793,66002,https://yt3.ggpht.com/ytc/AIdro_mJs3NvwXcWH1Q-q6fJWLrBT_GtfpYAveKSQZLYDCpw9zQ=s88-c-k-c0x00ffffff-no-rj,268,https://static-cdn.jtvnw.net/jtv_user_pictures/95b0b537-843d-4970-835f-1840143565cd-profile_image-300x300.png
41a8958a1a4a4cc8b404d04da033400e,7900,337034,https://yt3.ggpht.com/SlJLzcSYao3Vktk_vNKXhZJw9ghDhapX-RLMrCxgTig0vEZrtorsie2qRhkhCdYEsmwuwFTR=s88-c-k-c0x00ffffff-no-rj,493,https://static-cdn.jtvnw.net/jtv_user_pictures/90c0e555-3713-42f8-9bff-daadbd65e3ee-profile_image-300x300.png
41ad2f1c78f0406ab5460f38115002d7,444,16506,https://yt3.ggpht.com/ytc/AIdro_mIj0WL7x3b5U2i8OByMVvcSMj6cm96HjTiy692rc1iNg=s88-c-k-c0x00ffffff-no-rj,,
41ec65fd72424aa0b90cdfefd49bd35e,945,20166,https://yt3.ggpht.com/J8wRz_ipiX8HJ5OZ2wx2ZvuUP_2sEt_8fVyz3hdtP-11PXmSBN5x6TXcJ_sfhZPzyDkH4H3U=s88-c-k-c0x00ffffff-no-rj,,
41edcbf09b764ff8af8154582cd86512,235,2657,https://yt3.ggpht.com/JXEGSzhB-G7nexVPbARDheuHGD5TLAhYzaxLcb7Gt2SAMypccdJa-H24QDAYzZHRsq7MACgQ=s88-c-k-c0x00ffffff-no-rj,,
420208d1dcb74abfa325fc1f6a27e17b,6380,267573,https://yt3.ggpht.com/OUiJ78_vaX27QczASFLJdauy0Xk6PToXAHVADT4gxIYOdRyhJAFiSog9h71s0QDFs4K35_tAQg=s88-c-k-c0x00ffffff-no-rj,1357,https://static-cdn.jtvnw.net/jtv_user_pictures/e02be6dc-9011-4753-9773-d05526400c60-profile_image-300x300.png
423dd7da92be47f4af7273c5f74efb27,9190,393288,https://yt3.ggpht.com/75GX8MTg8ngBkZ136nC-ktiB6vv3i6Ql9YMSUKgosLUTeDJ1s8Grb-JNknFSm0-9Wdx43-Pu=s88-c-k-c0x00ffffff-no-rj,37700,https://static-cdn.jtvnw.net/jtv_user_pictures/e3c89c93-425a-4217-a363-67615698f40c-profile_image-300x300.png
423ecad01c524c4595027051fcaa9ba7,91,0,https://yt3.ggpht.com/-whNbEf1mZRRQgaY_zelq_pzuNsgltCYm1T09LT_Cpl_ADklZIwdTFC6Yd075Ck9x-vHeuCy=s88-c-k-c0x00ffffff-no-rj,747,https://static-cdn.jtvnw.net/jtv_user_pictures/c9c8c15e-32c6-47f1-8b96-3f4553549af8-profile_image-300x300.png
423ee3a5dbd549f19893a1823856b8dc,96,370,https://yt3.ggpht.com/EIQboVI7an4JBazZXgIoHM954S6RNl1DtS6uGKOeXrD4KEeXTfFuBXhC_JsFEVG26pCq52ajVA=s88-c-k-c0x00ffffff-no-rj,413,https://static-cdn.jtvnw.net/jtv_user_pictures/a8435751-9644-49fc-90b0-10a80a2801cb-profile_image-300x300.png
424043d4c55449cd9317bc0923c13299,236,48389,https://yt3.ggpht.com/ptEWl9DabVzcWg1Boi0-qVhC5ZpdET0NwrwP3vBLhTyTpb8ov0swP8_fjOAdqe4tOXzjB8OPBA=s88-c-k-c0x00ffffff-no-rj,169,https://static-cdn.jtvnw.net/jtv_user_pictures/11c6c0ad-1eeb-439a-8e64-97ea076bcb0a-profile_image-300x300.png
4267c862353e410388f1eaa5a5d85017,1280,31295,https://yt3.ggpht.com/43GJZSMYifVPk77OjeFisGKrarDsjcZ9Z6sjbcU_Lz-74KHNBZe5NpXNLtRdFPWBBRIPYM5fdro=s88-c-k-c0x00ffffff-no-rj,,
428251b7832a48219276fb6e5f644e86,3360,439925,https://yt3.ggpht.com/jgckXRUSSaEn2K7R3tCAaMoqnTVBS_H57Ydw2s2X5ZIoe3eYEjXITQBhoDt6e3HGMrWmxpm47Qw=s88-c-k-c0x00ffffff-no-rj,246,https://static-cdn.jtvnw.net/jtv_user_pictures/9986a25e-bba6-4fa9-a1e5-c54d13f3d712-profile_image-300x300.png
42844ee6e0cc47938829b43a3101b9bb,10700,102498,https://yt3.ggpht.com/o5u2dP1Ihj_xwDUhrs0QCaT-FWz0Vc4MO1UrcAr_ILaNOzCt_nPuhhJpAjVMiMsL8piOk9ol=s88-c-k-c0x00ffffff-no-rj,4755,https://static-cdn.jtvnw.net/jtv_user_pictures/89705a0c-1f01-4992-aadf-9e59bc815ab3-profile_image-300x300.png
4297ecbe09d04698a65f1778f5c16dc4,92,492,https://yt3.ggpht.com/uHG11tl8CAEpS15iwsEKVWEhUdM0HZVolsYe6DG2-3XKNvMLm3mBrNqnOF_OjVtbePAronXfLA=s88-c-k-c0x00ffffff-no-rj,,
42b8bd7bed2a4ddd930cfd223657e9ca,527,13980,https://yt3.ggpht.com/NYiNA9W5IsL8hQYGigDX8BxhdtKAwOivMwXyljqUzraCWbuTw4FvWm9xeeHZpmlPF67ssfIr=s88-c-k-c0x00ffffff-no-rj,576,https://static-cdn.jtvnw.net/jtv_user_pictures/25c2dd40-2302-489c-85be-4f0dc3809e6e-profile_image-300x300.png
42d2b255295b468dafe439394130ae11,76,1851,https://yt3.ggpht.com/FVPlu4hAx6WbYnQzx1RgMImdO6TY3nGr2hIxbpz54igTi84p7J8UWwl6DFh8FJ0TyG4u8rCY4g=s88-c-k-c0x00ffffff-no-rj,332,https://static-cdn.jtvnw.net/jtv_user_pictures/5428af34-2d95-4e56-8b1f-51851007f9a5-profile_image-300x300.jpeg
42d6fec229134d0d9e6aa75299f45fe7,115,547,https://yt3.ggpht.com/9IrQA09mP9rU9MrY9JJd8I9npHrrszup1vANAN5R3KpoZrM1IMydspDbtl1WricMMjcyOM4Cmxg=s88-c-k-c0x00ffffff-no-rj,,
42e2bc7c16734352b2e18a82e48844ec,3030,373952,https://yt3.ggpht.com/jyx6WmI-C8cljeBe3igYzXzy4i5gS4BysdFMyrti3saTnDR0qylDpsRJ3XtBJZ-WVcKZ7BTRmz8=s88-c-k-c0x00ffffff-no-rj,,
42ff41f7d6884ae8b93ed46415376d83,401,10598,https://yt3.ggpht.com/ndRS4fjQZ8GvwW4T7yjVPglvzwbqPbSECybhYmSpbHw1UjoNjYmBpOt3hzMFct4nyhQefoW1fsc=s88-c-k-c0x00ffffff-no-rj,,
43056077596a49349ee4bea028f670f6,1370,76396,https://yt3.ggpht.com/7PMRkWFo8fhQIA3zHn1U9ovKZeqHLfmXMK5soODzQem6eICcdHmyO9C74K_knxpGXH1GhayZXA=s88-c-k-c0x00ffffff-no-rj,302,https://static-cdn.jtvnw.net/jtv_user_pictures/31c2289d-c48f-45fe-9981-00934441507e-profile_image-300x300.png
432458f2f15549919dc6e3706ccbd417,3200,171208,https://yt3.ggpht.com/KtR_wcmXYLS1yRzBjDlo5yRkgdjJ2HIx_d82zcRMFpEn4mRie8VfelkzR6enc0h3lu1sLpXO=s88-c-k-c0x00ffffff-no-rj,,
433b2802b62441a39c721400926d59eb,177,2848,https://yt3.ggpht.com/QGb2h7_-YgK0Jld-OTC9Mn9KcENh2GihG523gRsFi6wt-tR4INww6c1-qxaOzen1rKYlYKRGRg=s88-c-k-c0x00ffffff-no-rj,,
4367339e8b084849a8fc6d0af6208eb0,55,537,https://yt3.ggpht.com/edPBuXV-nm0EzX-VRe_ANuRH7UfJMrjgFddWrTtKNZ5aOWEjmGBTmFV0_dW436VCfc6qUdnEDw=s88-c-k-c0x00ffffff-no-rj,,
43864254e678407fae3dc899f7155912,10800,390321,https://yt3.ggpht.com/B7W-3rb1EJbDLtzeFF29AyeBa9Fm4glrJhyuvzsQtxyaZ6-M8UMZrkmElrY-ZEScUczsw11A6A=s88-c-k-c0x00ffffff-no-rj,,
43acb25e255340d09b50283f0308d1ff,910,244582,https://yt3.ggpht.com/I3hx1UBK8oFXbHW0rkxMCtGw4bog-YBlQE7I0Yx2c4ZwXGDGIRysUxpXm9GJvjLtcsRck7yvN6Y=s88-c-k-c0x00ffffff-no-rj,,
43b63a022b664691827cd276aff6e4f4,148,9041,https://yt3.ggpht.com/z4mIexH-MBYtF2oOpgXwErcdVrwfCYxA0bpx-bWzlasTub5q58jsuxxRRfa-dAyb1aeY0MhC6w=s88-c-k-c0x00ffffff-no-rj,,
43d785b8082f43138988dacd0236bb67,70,776,https://yt3.ggpht.com/OFoxNVXTfd2Mv7gKk0lja2URVuN6C40B1S8UPICRA1acIYjMRkKUxDz2phFjfhQyyw1U_nScIw=s88-c-k-c0x00ffffff-no-rj,489,https://static-cdn.jtvnw.net/jtv_user_pictures/46a77ff9-8cf5-40fa-9bb0-1984e53da099-profile_image-300x300.png
44052b3832774bd7a4e4151f044c0901,5430,90358,https://yt3.ggpht.com/q-Er6bEJNPbZv6TF0na1TM84PwvFxtJXaKUxWAV50BmGYNzp45M3srWGx8mcbi99HMo1pr-4=s88-c-k-c0x00ffffff-no-rj,2115,https://static-cdn.jtvnw.net/jtv_user_pictures/a3607a3b-f24b-4e49-9e8a-155563a104ad-profile_image-300x300.png
442edbdb59fe4979a2be3e5183258cf8,305,11987,https://yt3.ggpht.com/I1nxq1ePARJbq62sirySU5cd0MFRqQA0bcQ1geRQaeWNqZpWBq1F1PCY27xXTbAL-FItiTY98UA=s88-c-k-c0x00ffffff-no-rj,,
44332b31031149f5bd411f415cbb531e,945,24894,https://yt3.ggpht.com/PZZgBFjco29D450R5ocrb2-xWHx_1kTuS13LlHtFy5XaFLIXUeVq6pIZ-qO8P9PPE4wFp0XmcA=s88-c-k-c0x00ffffff-no-rj,240,https://static-cdn.jtvnw.net/jtv_user_pictures/a5db18b3-70c2-481f-8e0e-c8e538967796-profile_image-300x300.png
443ba741722742d5b7d5f76c3e7b445b,2140,116467,https://yt3.ggpht.com/E0lQ_UMthiMo8EZI31vHs43rj0KiWVF1P-9vOU6mbLz8CPzOZFA20XTIagZhu0Fuhd6cFCcx=s88-c-k-c0x00ffffff-no-rj,,
443df65de03b4bd581708efc29b283ab,4620,68850,https://yt3.ggpht.com/UCCPYdkMTXE2unYtWXVuJTMh0B7dUKieHSXNhk7my0XylQI76yF_dWp6ALf3cUaRLk3awP05vQ=s88-c-k-c0x00ffffff-no-rj,2298,https://static-cdn.jtvnw.net/jtv_user_pictures/34d9687e-c739-4686-8e7e-d3359c7c4f92-profile_image-300x300.png
445a732fc0f64712b3213b4cd98fbdd3,1280,24721,https://yt3.ggpht.com/q56uCicx5IHRU0mY116LcWPm-Xd1d9voS2Mnf07XV2enUzr4Z4yRSiXEjcGBzwYMmwEZCkPnE3s=s88-c-k-c0x00ffffff-no-rj,543,https://static-cdn.jtvnw.net/jtv_user_pictures/b2714dc2-00d7-4267-91b8-ed563dae374c-profile_image-300x300.png
4482e4f0cea64f92aa78b2513c7ed897,6470,445670,https://yt3.ggpht.com/CrUg51ipnn6Rs8ZxVZaJJxfPQNfvwAgxqh1E6HeUgy5sG1TqLxSDkXf4TtEoG3G9lcmyTGyP=s88-c-k-c0x00ffffff-no-rj,,
44ae1f339250472c82d1fc4ffb3610ad,956,32618,https://yt3.ggpht.com/TmY72J99OlXQqKcbIj-glW2pKTtY_kOmtOEJ-A78wjs5Vb86raclkToY9palmLY8ofB20ivEYQ=s88-c-k-c0x00ffffff-no-rj,1358,https://static-cdn.jtvnw.net/jtv_user_pictures/9eefe7ee-dd75-40e5-b74d-f96b8dfb5837-profile_image-300x300.png
44b22851b9df4612bec834e2cfde9489,1710,493354,https://yt3.ggpht.com/CPCZ6jEwIwF2VJVNN99JT_kqKSVbmHUUOuHPt4XzeSpOzcP4xlJAFXYn0uo-d3pkYNxF0YDclw=s88-c-k-c0x00ffffff-no-rj,,
44ed1695f2ea4c7790735fdd335aae78,259,2144,https://yt3.ggpht.com/i4e-MePBYBA0IogYAoAbNHV4WaS6Fb4C6tGTLmAnYiMXQcR5FCFQX-EJmtj9eujtaWNECymYkQ=s88-c-k-c0x00ffffff-no-rj,1528,https://static-cdn.jtvnw.net/jtv_user_pictures/34c5d4e3-bfda-4793-ad9c-319cf218e6ac-profile_image-300x300.png
44f1d1ad14034bd3949ad6f84624f0e4,691,18210,https://yt3.ggpht.com/S2jWzlQQjHpOALml838PUzWEWGBWMfwxeieTL7LvzbJ1f71ujcBKdkwSkgn-cOsF7AK-wJez=s88-c-k-c0x00ffffff-no-rj,843,https://static-cdn.jtvnw.net/jtv_user_pictures/9b528a27-45b5-45bd-83b6-d75a2f2cc2d2-profile_image-300x300.png
4544974bc5624035ae7bb0c9ed33e44e,65200,5068653,https://yt3.ggpht.com/GFI6xwO5ehTku60N35-74QKMynTzGUn4c6M04KgYEi0EGe3iTVDK4Nbif_bo22a26YuO_uPkra4=s88-c-k-c0x00ffffff-no-rj,6872,https://static-cdn.jtvnw.net/jtv_user_pictures/3dda61ee-4110-48d7-91c6-66efed3d8c95-profile_image-300x300.png
4558095012964943921cd8a376a192fd,10200,274842,https://yt3.ggpht.com/WjlRhWVIkcqqxovOK4nhe0qssOR8WQPWap_wsxFXzOyvxnyQCVtANeqLFecqJUVe1z0Un3e3jMw=s88-c-k-c0x00ffffff-no-rj,4151,https://static-cdn.jtvnw.net/jtv_user_pictures/0120fab6-7849-42ea-88ea-79d8937f40e4-profile_image-300x300.png
4571c7a211b945f3b608c0066f7e73e4,8450,1578550,https://yt3.ggpht.com/6ZGp1eeB_G-BGdG3r9blSeicc8UUql5pyxcERSTTg4OpMPFa5u7mgIhFPXwYLvAQv7A0c5JIig=s88-c-k-c0x00ffffff-no-rj,757,https://static-cdn.jtvnw.net/jtv_user_pictures/ab7a8a1f-cdbc-4a43-a1a0-9679caac7b3c-profile_image-300x300.png
4576d781ddae45d59fc83c8d25385983,3470,78581,https://yt3.ggpht.com/GfZK73xsc--IEW0-5Y0Dx-kgiw8K5Aq1SC81YZojCGE-tXYL_zVVoGBcSE9ONMBjFvusxNgNUQ=s88-c-k-c0x00ffffff-no-rj,252,https://static-cdn.jtvnw.net/jtv_user_pictures/2ecd5f8b-1ae5-48cf-b2d0-af5c2678a8f9-profile_image-300x300.png
45850b41e06641ef9dc11aa3d94c9738,65,2860,https://yt3.ggpht.com/ytc/AIdro_l-1hecLDWCMl1czFoT5lBB0aigE29Lh8JWbFf1q7ud1g=s88-c-k-c0x00ffffff-no-rj,,
4599283c135c4e779cc5068b2bc37156,294,2334,https://yt3.ggpht.com/1YVtKfjMVcpxwSA0NAMh3kY5VbMrO6sc9xQYeJ6z2Wa77OR4MUtiYuuMtn1_NgOWF6UnJ0q-oTs=s88-c-k-c0x00ffffff-no-rj,578,https://static-cdn.jtvnw.net/jtv_user_pictures/4e843ee0-a116-42b3-ae1d-8bec01c189bb-profile_image-300x300.png
45baafce0f294208a063a496814b7986,1000,37090,https://yt3.ggpht.com/vuKDzs6zArM_vXGCu-pptU9Sd8oP3883rwLOc0rK_aEAdbDbifzyEDdCK5BPqK5milR4H-pOSmw=s88-c-k-c0x00ffffff-no-rj,,
45d38ce14fb644c0890823d444a33276,1200,1147,https://yt3.ggpht.com/YLdSgpOxunBBp_sFUau7N9fVDeU3gGQdib7zeK8dKQR0LAt8ynCJ1ILZrsPSbphUmViojN0Fzg=s88-c-k-c0x00ffffff-no-rj,,
45e104a6eabe4967a6cb84e720dd8e74,715,28958,https://yt3.ggpht.com/iSyYfyCA6b-VV0ki4Rjpw3mTJ4OhFeuu7DtAPFuLBRLmzlGyWDwgQaWD0J6qaARoCaXUeJ-h=s88-c-k-c0x00ffffff-no-rj,1347,https://static-cdn.jtvnw.net/jtv_user_pictures/1a1b5c2d-b599-4cb1-bf90-3d0ebed05319-profile_image-300x300.png
46145dc9eaab4a84898468905a4759b0,3150,66938,https://yt3.ggpht.com/FLpPSZwlC_35y0fZmFgbaVEyh27B6uCz_I-HONDi61vTHOREm9syyTl0mnk5rWJ7ezwNrEyOFyU=s88-c-k-c0x00ffffff-no-rj,,
46388caf23e34f09b145fff0fa25b897,1050,40657,https://yt3.ggpht.com/jRe2RvOlgxgIVhOdg5sa__HHTH0YeQr51_5jRz09qIKv61OnFBNyREgZwyFFU8Pj3BY_SbReNQ=s88-c-k-c0x00ffffff-no-rj,852,https://static-cdn.jtvnw.net/jtv_user_pictures/1a1ec556-9f1d-4a94-82fa-a7edadbadfee-profile_image-300x300.png
46821555a7af41e4aa70fe0fabd8a4f6,113,4383,https://yt3.ggpht.com/9MarArqFvR8qFiVPM8nlPlVa-r0Kf8d0B40i9V9AjLDwn-EpCmLHHFOYfodrffzg3vnbFuxpsw=s88-c-k-c0x00ffffff-no-rj,544,https://static-cdn.jtvnw.net/jtv_user_pictures/cb672627-f765-4b15-af6d-ad6201d057d0-profile_image-300x300.png
468c9630d37b4c41bb6b0305dc1143cf,6390,398571,https://yt3.ggpht.com/j5YU52gYVqEVRvNNSbEEOcvzNl36gFmwf_LPdvVfnEOSITRMvyH6b9jewot5_zGrIifQ0_Bi=s88-c-k-c0x00ffffff-no-rj,1027,https://static-cdn.jtvnw.net/jtv_user_pictures/b3509469-d12b-42cf-b5e9-6159f28f861b-profile_image-300x300.png
468e093c0a3144359842fd8e5d3f9800,2730,37551,https://yt3.ggpht.com/jSgwqxb04_Cb9rUna7FssQnNBkEmK6ojgXQwGy0gb8i-x4WiKNZPB4z_dN-ZRhr3xeoIF3WfxRY=s88-c-k-c0x00ffffff-no-rj,144,https://static-cdn.jtvnw.net/jtv_user_pictures/0dedecaf-bd7a-489f-99f2-41eba92b6b41-profile_image-300x300.png
46a16e41f2af4523adeb4556f2e0b0d5,149,3173,https://yt3.ggpht.com/6KVugNVXcpOE9QZsb7-LDqGX2rtBilkHOKgLopwtnFGx13f9Bb5-1o_fvdovnOT7CAiQWlKVgw=s88-c-k-c0x00ffffff-no-rj,8549,https://static-cdn.jtvnw.net/jtv_user_pictures/dedc17dc-932e-4d10-b079-4bf40d8e035e-profile_image-300x300.png
46a8009adbca4aa083af580b50b69306,1060,21556,https://yt3.ggpht.com/ytc/AIdro_krifrBQTTjvSYFWHFokIoZExG1_a335WKqUG9gMCEwKx1c=s88-c-k-c0x00ffffff-no-rj,465,https://static-cdn.jtvnw.net/jtv_user_pictures/4120bb1b-95ec-4ba7-99a3-91550cadae88-profile_image-300x300.png
46e494bf06c640da95ad1b0b81631d98,1450,150609,https://yt3.ggpht.com/TXrj5QWZLxKXItgrgmI81coDxXd1C95fSmhhgvvfcF8-kvd0pEGu7Q33u6QObf53iI7VVHiCtQ=s88-c-k-c0x00ffffff-no-rj,822,https://static-cdn.jtvnw.net/jtv_user_pictures/de79868f-414f-4434-88d9-56fd1c22194c-profile_image-300x300.png
46e65e217ca84bbf8d43b67c3e5a9d90,275,19966,https://yt3.ggpht.com/7-4_Hoj5UqQqSVujZ9PZXjibWcOFVeT466I4Tg72bLAvJGQguwYnBSuFWjb6uZfghZPB22jA-g=s88-c-k-c0x00ffffff-no-rj,97,https://static-cdn.jtvnw.net/jtv_user_pictures/50195e19-fec2-47e7-a305-b42e6dded0a5-profile_image-300x300.png
46fbbed7900f4e84bd73e0bb85a3598a,1340,51643,https://yt3.ggpht.com/Kj21QtbmWA6FMxvlv8U5UtX4IAcQkt9oWcj7DSxaC2yYm1-PQBcgEu4nlHMka5YeE1Z4hdPa9A=s88-c-k-c0x00ffffff-no-rj,,
470d1cb40a5e460e8cdc1414c5fd1a34,15600,306750,https://yt3.ggpht.com/0ysQeKysiMUP-Bj7-wuysgSkQ4F_EHUW1LdrOpTWsOLyMP0N1ts4AjkX-sH82Wf0yrxv_eZ4hGQ=s88-c-k-c0x00ffffff-no-rj,1294,https://static-cdn.jtvnw.net/jtv_user_pictures/fa0b19e8-16a1-40df-b49f-bd55bb0d2ac5-profile_image-300x300.png
4762b7be8b764f19a33a7cf167c2ea64,4440,51060,https://yt3.ggpht.com/j0xAG-J-YoV_qiGdmxBE26Gq0N5uvJoOGmUF-THOlhfKuJIAvLTu9OkYJ5nH6PMdcTzX3tKK=s88-c-k-c0x00ffffff-no-rj,,
4766ec1a407f4271bca77fb81487e81a,101,246,https://yt3.ggpht.com/Z2dILEM1jZhAlEkCFfJJbQVEM_hRQcbpSDbxZ5vWHcfPQnotgM_UToTWJQbWmwhYBoaAG12s=s88-c-k-c0x00ffffff-no-rj,3588,https://static-cdn.jtvnw.net/jtv_user_pictures/a5f006ed-5f69-492f-8c83-49d9f1d47219-profile_image-300x300.png
47cd428eee8640cb80afaa4ef9bb55e0,193,6257,https://yt3.ggpht.com/0pPFgVARRbZFKXlpI-bfKjp3B6wlnLHrvzhsoleEW5aWLWMXvmEF2uONCgjEo4K5rzGxCl9RP84=s88-c-k-c0x00ffffff-no-rj,1430,https://static-cdn.jtvnw.net/jtv_user_pictures/a7150072-7d20-4fd0-af4d-15f6a97fba5a-profile_image-300x300.png
47d591738d2449a496e7ce140b539662,170,1116,https://yt3.ggpht.com/_xTcLzRQKxadAenjzSOnJ-v1nw5dvVUkHnLIY6s2NGAo1BT0HqKGACcQ2mizB-lVO1AdUdnLUA=s88-c-k-c0x00ffffff-no-rj,2014,https://static-cdn.jtvnw.net/jtv_user_pictures/953d8d80-9944-4ce5-b95d-6423385ad0e7-profile_image-300x300.png
480715845a044cb780b135e2bfd0ded8,304,13300,https://yt3.ggpht.com/XoJe5yfffePo81eCdfwjQ_Fb0TIjjv5NB6xDBAvRdnzFMosFrR88cO2qSBIao7elOisj5wJOYg=s88-c-k-c0x00ffffff-no-rj,,
480aca28939a4eb5bf558a710e21709c,,,,2306,https://static-cdn.jtvnw.net/jtv_user_pictures/79ecb028-7b74-4c6e-98d9-a82db0ddfc90-profile_image-300x300.png
483a76d7ad1d464aa290606959ddddec,659,34338,https://yt3.ggpht.com/sLe_BgYFfotqoOwEXafrVkztsTxtmNMP1jzFhPEXO9WS1lvd-bpiYCGjNEcSCoxq6WwjErUGRg=s88-c-k-c0x00ffffff-no-rj,395,https://static-cdn.jtvnw.net/jtv_user_pictures/7cb515fd-28ea-4aad-92c5-50e0cb4925cd-profile_image-300x300.png
4859b57db8e043f1965e56324f137097,374,42371,https://yt3.ggpht.com/XyucguGoeWX8jcieQth0Dj-ziJ8HdSTIxT5eAUy-gMYZoAlTTpaGAMBU6uzrjTzZrn6j4Arj99E=s88-c-k-c0x00ffffff-no-rj,997,https://static-cdn.jtvnw.net/jtv_user_pictures/254a5aa2-7c07-4d6c-a741-fe7e9fc8d2d7-profile_image-300x300.png
4865c3feac234584909168181b7dc2be,4320,95902,https://yt3.ggpht.com/UeEcjY1M2Ncm5JlTnmep04ATkzRh7r3XMN4F0bZUatSXp1lc-GlSV7mTdVpkW278FUPgrdWr=s88-c-k-c0x00ffffff-no-rj,210,https://static-cdn.jtvnw.net/jtv_user_pictures/e1e75028-1ec9-44b2-bcc3-3689a22f20a7-profile_image-300x300.jpeg
489752f0b42c49b785d43f1207429983,1280,35814,https://yt3.ggpht.com/x7fdhwQf4gEY-iWWTFv-jcUtVp-_fzh1woxyIQ6r7rXUcucoQId4JVcFC-m1C-bcG5Xhe7G9=s88-c-k-c0x00ffffff-no-rj,,
48b978b1705a4f61a760b05280000b34,1870,8454,https://yt3.ggpht.com/ytc/AIdro_l9CCe6ffaQ1WqguV0m_N8kq4TCEK6ZwR7WVxKY1WuOSBE=s88-c-k-c0x00ffffff-no-rj,1291,https://static-cdn.jtvnw.net/jtv_user_pictures/0e0ada86-9149-48fa-be9a-f9e5521818a4-profile_image-300x300.png
48e18dcee4e640c6b5ede6a8bdc84ade,1040,20601,https://yt3.ggpht.com/5_k9NUTukpF9Saq_dEpaRyql2uqdXdcD91WN5f9EdK5HdVxs8dgXwwNiiOV-aTFLJ4spefif23c=s88-c-k-c0x00ffffff-no-rj,,
48fd85a178c24579ac7d8f43f1e5bc39,4110,156880,https://yt3.ggpht.com/oPCmuFMrJNzrRNS239626YmoR1fUMOR37KCMEjBRLmusf-X2ZPf2Vq6hCCdsPJFo3WeppwcXIhM=s88-c-k-c0x00ffffff-no-rj,192,https://static-cdn.jtvnw.net/jtv_user_pictures/0c89d4e3-06a9-4638-a68c-fa5ea2fe6ce6-profile_image-300x300.png
490a48eedc944f9cb74501e6eefeb04d,4580,214773,https://yt3.ggpht.com/QZkaKj05-D06v-wt8K64FPzCRhEGcjd9tRDrsu5_l9Pco7CMVWBOAdN3D3MUUo1DZ2Ugkq_A7K0=s88-c-k-c0x00ffffff-no-rj,2344,https://static-cdn.jtvnw.net/jtv_user_pictures/c1dabf31-d702-425a-9f62-e803c26fafc3-profile_image-300x300.png
490d50310ffe4de4aac9c6368b49a0aa,632,14966,https://yt3.ggpht.com/sT3aX9GnVErfE93Zmm-lLXjpskEzuzZ5ekcJv9jB0BgO9o8boi7F_6_ASuXBEwcsTfhJtAav1w=s88-c-k-c0x00ffffff-no-rj,,
49196eec11454f589d4d6e52f1b1bbe8,5430,302779,https://yt3.ggpht.com/1pyX7qo-NjT4hx2sXIO_sHc4i83bcCaB9o7u_tTa9NflODavXGegX6P6wUfPmeaiG2s_T-Nk=s88-c-k-c0x00ffffff-no-rj,,
491a6000ce4b472c9b4f8c1dcfdb772c,20400,3612410,https://yt3.ggpht.com/sL4cNO8v6O4EgXIbDk8-m95pO10Jej8wFZcNzmTfhtW42Jk6x1ufYZZgimp1VL4upNIOPupm4Go=s88-c-k-c0x00ffffff-no-rj,983,https://static-cdn.jtvnw.net/jtv_user_pictures/9f397fc5-b93b-43ec-ba01-c20d7f6fd139-profile_image-300x300.png
494d2c5daf9f4a8a8e4538687e6be14c,116000,4696800,https://yt3.ggpht.com/OrmTxpNiLS2qktgL5gwODRWSjXCLJ8lLFXB7l952t0PXfYD8CZ_2ynRN5wCJhVvVsz0ENIeu_44=s88-c-k-c0x00ffffff-no-rj,,
497385ad229548cdb0c80d89b70d050f,1170,55906,https://yt3.ggpht.com/nzsP-7LeNWeU5UsDN9HDEzN1mXbiae7npZKLV2RjLvNRpkLJv05ZwGi4L0UHevz7AWdDceCtxm4=s88-c-k-c0x00ffffff-no-rj,,
49c4f54141434226960845b2a46c432b,1630,40989,https://yt3.ggpht.com/733EsOA8veX2mR4DKCYCaZnE6Gb6XHf8DyfqPmA8oCip68Tgb6VFxF1z9FSg-Sau02YR0CCS=s88-c-k-c0x00ffffff-no-rj,,
49d38057272d4c4992cdbcb792c94d00,356,8742,https://yt3.ggpht.com/LtVmm8fIqueeKaGpnWLamb1ZXeX6ojypqsumevmzVyAa_LOrWoNy_VDIwLX5keWeaU47SJRPLg=s88-c-k-c0x00ffffff-no-rj,,
49eca1ea30a8425a8967677070c95627,11400,218224,https://yt3.ggpht.com/iQFrntLtqLOy5kfJplFOZM7AQpro5bB2UC2XYuYfEASOAVDIQrFE--NzSfttHtxlc6MotIaV0Go=s88-c-k-c0x00ffffff-no-rj,,
49f14b84269f458099232c2a21b2ba74,994,26812,https://yt3.ggpht.com/PTM9ByMeWF4J9bJqTBjEtwBAujCXf8XVnY0oKpgd5VaDHSI-Ctqzq_OF_XyVh7qm_uiQQkjkmg=s88-c-k-c0x00ffffff-no-rj,,
4a1e39ee23e6423fbfd3a15b1e28c8f3,2030,45701,https://yt3.ggpht.com/SgL3AFmCAB1MP9DgT-Q4byd3h_Jr9FFm5OMEjATgnhL-N6nC346QzdyiPPaeQ7SKaKcci8xO9Q=s88-c-k-c0x00ffffff-no-rj,,
4a2df649332047d3b733c88209925f4c,424,7500,https://yt3.ggpht.com/IAxzJxCpaK1o5s2WCQEP0bMG3WWgczCCC1V9ZZrMQAp4YXPRX-vymkCMGr6OEzFE97IP-4UT7w=s88-c-k-c0x00ffffff-no-rj,1142,https://static-cdn.jtvnw.net/jtv_user_pictures/5138f72a-54db-4bce-988d-1cfe6dd42911-profile_image-300x300.png
4a44ee7065ae41ad8d70469297599df8,3920,1074814,https://yt3.ggpht.com/TzTE_gPyXIWCtKfQ1pLZApJTIfxkGqUeWSpIn9mfAzWb_e0P_NuRafJ_4W-2hSmBKanMECsE0A=s88-c-k-c0x00ffffff-no-rj,,
4a64836a88024358a7401530fed8e0f8,1760,216245,https://yt3.ggpht.com/siPPO18k-4dHHe5kRn3FIoIW2f_w3zG_EOJYmGoZ5so4K7z6-JMIG6NVbnCzFhL5qAbgJIbFaA=s88-c-k-c0x00ffffff-no-rj,5466,https://static-cdn.jtvnw.net/jtv_user_pictures/b0bc9630-5f63-4e6e-8fbe-4e7c3c103d67-profile_image-300x300.png
4abb927b8dc049768d63b4a8e229e8cc,485,0,https://yt3.ggpht.com/ytc/AIdro_mr4b8ZWcBp-SICTbi7P5UnxCwFl9XNXvXhG5v4zkp6Tw=s88-c-k-c0x00ffffff-no-rj,,
4ac7e88bd2234040a1da03644b06a501,2410,12707,https://yt3.ggpht.com/pVZDkv6ekHr6SxYpRcR904boPchjGQ8w8NSnyewsduE1HHocRzqvzdBzYmKqg3BDfpZan9Gx=s88-c-k-c0x00ffffff-no-rj,,
4b305df8ba4546b48c8ec1cda5efb7e2,517,79624,https://yt3.ggpht.com/SkerNJ6DqqYjwOtHctYRNroxlkr7BSz2RnwgF3avN7En0y1ClB3PxeryIXOd-isleMTfHFyYfUE=s88-c-k-c0x00ffffff-no-rj,,
4b53aa789e544bd9aaecc9fbc79e4bbe,9380,689206,https://yt3.ggpht.com/ff0tNH60c9AToGJloihq4gXpbPSVoqaar_l0mqnGfDxWLen4c-Jh8rfFbBEQ7T3WkdQg4EIMkA=s88-c-k-c0x00ffffff-no-rj,,
4b6655120fbd4431a8f7894cac4a4d49,66700,6674185,https://yt3.ggpht.com/zMPseK1kjgMG5rtQJoJkvYuXQRy2ruX-zA3uRdqSQV4jH3oYhJJ--ifsifLJGcr-nle5gh6UAw=s88-c-k-c0x00ffffff-no-rj,,
4b6b055ada4d4f0ab63b7ad02a3fa3ef,227000,17301411,https://yt3.ggpht.com/fgKLHlHu5jNhL2SqaAkhlpo3bVv8CLeKbcYWS-myQTN5XPo0E2CjdRqqjjPQXPlYtpaCRT92=s88-c-k-c0x00ffffff-no-rj,55659,https://static-cdn.jtvnw.net/jtv_user_pictures/48fa87ae-002e-4bcf-bda1-58bb1329b75a-profile_image-300x300.png
4b6b92e9aea74d7481d50636f088e9be,12,1174,https://yt3.ggpht.com/uC5aaDeq69GiWLD7Zrr5VhuL5rUDdqbgd87LJRXvnNqsCmISR89vEtq5JwsPfwt74T53306KRg=s88-c-k-c0x00ffffff-no-rj,,
4b79f7afd84a42b98d11bd1c5cb6478c,3590,82662,https://yt3.ggpht.com/6EhURitMjTkbPLv35EP8yX6BZka_Ub_-Mjls1fCKnyY5h3VY6K2qqehHkUr4XtmYyPOTZpC8Vg=s88-c-k-c0x00ffffff-no-rj,,
4b7c733a13d247ec84844698ecc7ba0c,1980,42425,https://yt3.ggpht.com/F4P5Lyt_BB-mRObr7GIJIIbUUQg5nPKh-mhnTVIXBU-MDoGE2Z1-CqGxIYo6Bu4_ErIk73Yu=s88-c-k-c0x00ffffff-no-rj,2676,https://static-cdn.jtvnw.net/jtv_user_pictures/aa2b11be-5f49-4cc7-bf2c-16c84653f439-profile_image-300x300.png
4b7ea2bd72234f9882b8e992b622b001,1050,58514,https://yt3.ggpht.com/ZRVRAFdZxnPCNr9xSYBkIA7adMgkVikqql1XlwO5eHNmJPvh9HiEOJFrBQoCNke4TOl2io8W-Q=s88-c-k-c0x00ffffff-no-rj,,
4b8137b8ba4e4a4dad994e2e07e351fe,40400,2140929,https://yt3.ggpht.com/bYTW-SbkvcMfxlA-4SH2hk0qA0E3PneNP7BAQqbjoQHIAgdL_vWRj1nr-E9v_O2okst9SyGl=s88-c-k-c0x00ffffff-no-rj,1637,https://static-cdn.jtvnw.net/jtv_user_pictures/8a55f56b-4d8f-414a-b14a-78c5dd50162d-profile_image-300x300.png
4b8f55c74e594978bb461a27b3924336,2970,60375,https://yt3.ggpht.com/oKGJWezcdZ_67Q7bTLLv5htQtd0aZxpaLJKmmNhHAp_V-H5JRjsb1sSmIUuhVsqKQtC_khTuGg=s88-c-k-c0x00ffffff-no-rj,822,https://static-cdn.jtvnw.net/jtv_user_pictures/66cfb838-538d-4107-a16b-2c80dfc63ba3-profile_image-300x300.png
4b9b64309ea0491bbde3b86b6c34bdd0,1020,63373,https://yt3.ggpht.com/xjdG9QzA2cGHZnWdMYnCYB9r_sWCniqV11JbjIyYGBGxyq6ifkpVwWcxPGp3JmgP_PNSqMR7qw=s88-c-k-c0x00ffffff-no-rj,,
4b9dd40ad6f94e5fb03be5c79c6bcd25,504,6856,https://yt3.ggpht.com/fzbJDJwWkhc3tiFYSuEN6DHvXySc8D3HVzpbkvbXN5K1olO8jrsbxhcKJ_mgo7c1-OR-Bs9R=s88-c-k-c0x00ffffff-no-rj,17,https://static-cdn.jtvnw.net/jtv_user_pictures/30b0916c-b650-46ed-b9bd-08dafc690749-profile_image-300x300.png
4ba065758aa94ce18cfe227cc37b1afe,449,9673,https://yt3.ggpht.com/Uvvop3g99NP1wMEkrgb268u1PzemTJN8eByYqZ6j5wPLyK0kOT-S4bXFZ8AyOWskEwTzfbzD=s88-c-k-c0x00ffffff-no-rj,2441,https://static-cdn.jtvnw.net/jtv_user_pictures/c3aca5a8-7295-4a0e-8de5-260fec34a9ca-profile_image-300x300.png
4ba98a2155ad4b4392d8c5d7a51f4964,311,48889,https://yt3.ggpht.com/bGrsJrt8huelm42lS0KgC13K_rZ94OuoRnzqFlZXdnGqc3z4lneOrVKFGkxMn-x7EsUvddbiLg=s88-c-k-c0x00ffffff-no-rj,,
4bc8631382ba4559bca22733663cdad5,339,6686,https://yt3.ggpht.com/n5gaKuCJ1DqRTb_Gszzpd3wWiLxUkzgz6PmrqsUqirjvTwCNLR_pU4_yTb-oTTdqubAcLJ7O=s88-c-k-c0x00ffffff-no-rj,,
4bdf9ee9f53f4785b37a9d9dbd2a0da8,753,33720,https://yt3.ggpht.com/q6Cft4595t2dspkirBVzb5tOI4DBLSVy9SFG7jtVudZatC5HAsO6zXpR609x9cbUpFZMoecBko0=s88-c-k-c0x00ffffff-no-rj,,
4bfaeda5b1f242959a992d6ad8b8a036,3550,133228,https://yt3.ggpht.com/jr9U7UiQ2UjFVJQRtjSlLkTosHwUc24J9D0autd9uVYYL_bmwGsE0l4YFmKc99hzUUOaUMClRA=s88-c-k-c0x00ffffff-no-rj,453,https://static-cdn.jtvnw.net/jtv_user_pictures/7557e8c8-6203-41d7-bac9-ba3183e9e656-profile_image-300x300.png
4c127c01ba31487599018fc81ff1a3dd,554,25242,https://yt3.ggpht.com/SVhny4BBjBTISL6CvmjhqQmtPOjgeu8i261yqok5_mHGxzTV6ggtIARZBILxJvPDxMFCS-yI1NQ=s88-c-k-c0x00ffffff-no-rj,,
4c12d4acc74d46e3b336d51c07523305,1040,31640,https://yt3.ggpht.com/dbrQTlgu-0dlkmVLP0GIT3khKzRhbP73ADRYuVjGNKsYGCdBqbg3C2hUNYb-aVm06CrYEqMnGw=s88-c-k-c0x00ffffff-no-rj,,
4c34c44a98974b709f7dbc7618847fd6,3240,171665,https://yt3.ggpht.com/yO0P3aopLQg6paRQhmeFADz4NlCzDWgGVXw3xBI-tZMgLRrHJdqj0sHMfHsxvzKedPW_TGoD3cc=s88-c-k-c0x00ffffff-no-rj,11160,https://static-cdn.jtvnw.net/jtv_user_pictures/7d696094-89cf-4d63-801a-1742ee8bcae3-profile_image-300x300.png
4c3cae772e974f8fb8e04f4cc9c8cd8d,41500,2135741,https://yt3.ggpht.com/8PNbv_OJ4pFWFy6lkDiV_C0kRdT14qM-lx8Wc9kZJV2lNC6Bi2IqJjPLC50ArfSX70DiyR1Z4bg=s88-c-k-c0x00ffffff-no-rj,,
4c3e3e5338ae44feae581bbdffa8b811,69,1433,https://yt3.ggpht.com/9uenIJ1YoeLvPHGiAFXhITlMjUAdFWfA8vxDetftLDFvAJft0AJorHOTRQNpqBJYkX4i1nm0=s88-c-k-c0x00ffffff-no-rj,200,https://static-cdn.jtvnw.net/jtv_user_pictures/92476024-6760-40ef-a0c7-5308b6a0b03c-profile_image-300x300.png
4c42b9f574e7438d8aea8b099e451505,,,,1102,https://static-cdn.jtvnw.net/jtv_user_pictures/9876307e-8c7a-48f2-9bdf-8a27bc10d2c7-profile_image-300x300.png
4c466d73397a4899b4ca26f90aaf57ad,645,33299,https://yt3.ggpht.com/G6tfa-YFr5CDVug1Gb04X_4IWTkl7TbwM8a8QaIc-l61ZqYuMDsZVKz5FYGaaqujiDxhxE8RXw=s88-c-k-c0x00ffffff-no-rj,124,https://static-cdn.jtvnw.net/jtv_user_pictures/02478771-5a6b-4d71-ada3-023242759640-profile_image-300x300.png
4c4ebb91c8a346b2876d1ccd1a32dead,166,7458,https://yt3.ggpht.com/ceaqLS7s0C1tPxKHGSN4gVjFGSSKQ2Qf1pSKgOr63_EmGaIjLYhMiis2EqFYmZ2bK7otfkAC4sg=s88-c-k-c0x00ffffff-no-rj,158,https://static-cdn.jtvnw.net/jtv_user_pictures/bbb9c287-a94b-436d-84f5-56af9aa518bc-profile_image-300x300.jpeg
4c8efd1d28d04eeabd21a3c337f154b9,1760,34303,https://yt3.ggpht.com/Z26nCLAN6teSEZeLTK8g61vDd4JsKFo_pcjIJsNYLjK0Hu-F0lpeQ5NS_KTXdR1sRbwKE_cQslg=s88-c-k-c0x00ffffff-no-rj,,
4caaacdde06c4a0a9662e0d1e07114e0,779,13306,https://yt3.ggpht.com/dCD4sRQZpORXX6g2qAtd5hHFXo33SVFYiEVlY03AwMR71KsUhXh4K_WBY2ZPH7kJkQjBtrxqyoY=s88-c-k-c0x00ffffff-no-rj,,
4caacad18f2842a099e3f8cc31060aca,576,22964,https://yt3.ggpht.com/p49c2Rf8vA90s3hLtesuHoxgw0LTIYzhg-gpa8mY93f71186EODJ7hQJn7voBqmOweADVbAubg=s88-c-k-c0x00ffffff-no-rj,,
4cb08241fbce4905a83ed02de6a1af9c,,,,3850,https://static-cdn.jtvnw.net/jtv_user_pictures/d2630900-0a49-41c0-aa90-86362a3576c3-profile_image-300x300.png
4cc07f3cbfed434090bba391bc15fd6d,163,1866,https://yt3.ggpht.com/LIurAYbR3KlqL00iaAPGi3oOlCmi1cgLf9Wk66jS0D6b_sFUGDqyIzIYhQ5Jomr0UmNz55tFOG4=s88-c-k-c0x00ffffff-no-rj,1298,https://static-cdn.jtvnw.net/jtv_user_pictures/11563301-01c4-4862-928d-36cd2b44050f-profile_image-300x300.png
4cd21df2b76148b182903cc0aebe2bfa,5340,169547,https://yt3.ggpht.com/Gydgrt9q7nEqswmyvi1974HJFzNRm09xUFVRcsWlcvzcLnOcXVbLO5hH6IdVhJWW3MpPyVUqSA=s88-c-k-c0x00ffffff-no-rj,,
4cdbc090126047f898b089440c8c618c,78,209,https://yt3.ggpht.com/Wtl7kc_yTrsKE_Brz76CqBFVJxeuxNKpIV7rvILd8hpC5NIc9xklS6mTL9VeW0vuODsO__hktv8=s88-c-k-c0x00ffffff-no-rj,118,https://static-cdn.jtvnw.net/jtv_user_pictures/c29c4de1-ea0d-45da-b5a1-9943f69cb8f6-profile_image-300x300.png
4cebb92683d548089e998ec18a484930,238,11775,https://yt3.ggpht.com/l1rZwn53iEA1GiNS6c5Wqr_e5cWljcD8NbqcwRcLTQVf4g95LLX6f6_n0or-jkd5c1HXnGbnAQ=s88-c-k-c0x00ffffff-no-rj,,
4d01ec47d0804a47a9fef6d9d01d9c29,3240,85611,https://yt3.ggpht.com/tiFlawqsOj69lu2HXo1v0GxQhZINMzTRUorPCsAa4AAvwUuRHsj3EWHaTBlpRnQgZpVFsAfl=s88-c-k-c0x00ffffff-no-rj,2096,https://static-cdn.jtvnw.net/jtv_user_pictures/a1cc952f-c374-4f47-94d6-6c6fda7657e2-profile_image-300x300.png
4d347ba9ca0c41c59cda553ebe4af5b1,3230,120970,https://yt3.ggpht.com/ZQuB8LSEuzxre22_6851FuMA9AxcwOH8coMrLxHynk5u9F1_D4xqM_mPMN1kJt1hRHjL7sk2=s88-c-k-c0x00ffffff-no-rj,1242,https://static-cdn.jtvnw.net/jtv_user_pictures/c638a164-e542-4f2b-8f73-423f0615a5e6-profile_image-300x300.png
4d4410bdde7d4107809dc6e1e2ce0e0e,736,22707,https://yt3.ggpht.com/TRTjJECO8FMn3IIJePr_TFhAZa72vnUm-ZgTdl4vrhEMHgxJlPwGHKOTSO05lHRzoPyNcmjK=s88-c-k-c0x00ffffff-no-rj,,
4d44c28a73394954a4d1bf2a1b2c162c,1820,94769,https://yt3.ggpht.com/hysgyAQj9VsLymFJaE2UI1HdDcd5ELtziccWBSMOd0cwqq3vkYTUGH-LsxCbLHXHBPub83jDAg=s88-c-k-c0x00ffffff-no-rj,,
4d4db7afb4b84af7b4d54889a5f93947,247,10758,https://yt3.ggpht.com/S28w1lqtHEbnitfY8qTl1k6OT_EIASquhhZ9EV4qqutTpG3RGcvjQi_XOYleAUn8BOxpXEW6vK0=s88-c-k-c0x00ffffff-no-rj,,
4d8babea181e44df9855f3aafc06eb2c,2780,90821,https://yt3.ggpht.com/jSBc-LFwI-7fjpWbVJKzy3sB2CeOwu6vNarScfPf7_NMZn5hGzZRn97N35CYwze5nG9pYJct=s88-c-k-c0x00ffffff-no-rj,,
4d96aeef13f949e19026682e337db138,103,2093,https://yt3.ggpht.com/LzZ8YPSN4kKUHY600WhKUizxnjo0zmNg_giNCc8_pUqIuSkDwpzjSJYrulovkcrIkxHffTNS=s88-c-k-c0x00ffffff-no-rj,2498,https://static-cdn.jtvnw.net/jtv_user_pictures/cf0b956c-7cbe-40a4-9c87-9a9534651a0d-profile_image-300x300.png
4d9730dc400443e6b8edb719febd5f46,439,4091,https://yt3.ggpht.com/4Ss79AEKI6oabHa3ExiF6dJ3x9x5tBPZqoR8D6Riec-LkN_bchHYH9IzmzRwybG29m09smK1AA=s88-c-k-c0x00ffffff-no-rj,603,https://static-cdn.jtvnw.net/jtv_user_pictures/b8f2738b-e113-4e55-8306-31bb9634ef2d-profile_image-300x300.png
4dd71b1079284bdb8ba90198317e524d,1740,70141,https://yt3.ggpht.com/DUy-M2Mc6XiolWEGoJCxhZKDrfjbE3Q7WPW4dZpzRA1fHSpJJM0N5jMlyAAuKY0CwNmH-dHlQQ=s88-c-k-c0x00ffffff-no-rj,,
4dd7cfc58ae54c1fa6211ba9b1c607ec,,,,1573,https://static-cdn.jtvnw.net/jtv_user_pictures/718b709d-f80d-43dd-a232-9d1569fd67c4-profile_image-300x300.png
4de233ea7dfc4a7da1738ab627babd48,422,18191,https://yt3.ggpht.com/h22q3HTjFCoydVtLNuyjs12snWV7GKDQKnaW4Pm5che2cbnnxJ7SJEtIz-Q86pCPEn1tz3uR2Q=s88-c-k-c0x00ffffff-no-rj,,
4de89158f20a4d0e8023f15db8a9526e,2190,29188,https://yt3.ggpht.com/VP2SxKEX8elM8JDA1mvIQQArOqba5X9T8A7a1RNP5HVI06huvZ7OlIu1OQ4NdNxo4PF9tmErnlo=s88-c-k-c0x00ffffff-no-rj,,
4e1dd2ab9e4b4c71bced0c5987cf9be7,320,13001,https://yt3.ggpht.com/ytc/AIdro_lpJceYyTjqy4bGwPkfa4ZAwXop66fMpH4cgXGL5PM6vA=s88-c-k-c0x00ffffff-no-rj,2444,https://static-cdn.jtvnw.net/jtv_user_pictures/d75bcf0e-1282-4af1-b0ae-c2880f5f75d7-profile_image-300x300.png
4e4721deba7c4681b1172714a29e6f19,1390,106983,https://yt3.ggpht.com/CTtV7vJz9fbSfJsez2Ujoo7RUzONhhKSlq0_TklGT-7TbkAzRuxsycbLLJ7_nfAt7tMOg-HfbP4=s88-c-k-c0x00ffffff-no-rj,,
4e48e10b3c2f439c934b1db25679b972,2810,252334,https://yt3.ggpht.com/ao8PqN2toMMy8qdw8eUg3ishqkHT0HttMOtFTO3rfhv4Dp5O1jc5yte-FhREATItyCE1y2zv=s88-c-k-c0x00ffffff-no-rj,,
4e4cbcbc0acf410ea5a50e4a6bbafd01,,,,1051,https://static-cdn.jtvnw.net/jtv_user_pictures/6e8c334c-4a22-42ea-9f90-2c10684bd38a-profile_image-300x300.png
4e5a8a6380764f9b9f28732968e4aac8,15,0,https://yt3.ggpht.com/rLtlQoWc6WW8-9vZZJSQWnQi-gEK1LID19VR9_UcpD63LuOb3Gb7JerFkW-g1KtzfFqu5e5qFA=s88-c-k-c0x00ffffff-no-rj,307,https://static-cdn.jtvnw.net/jtv_user_pictures/886a3c90-bfdb-4d2a-9aa8-72d5cebcdc73-profile_image-300x300.png
4e7110080135486ba1d83d3e5cdbf0ca,1070,13439,https://yt3.ggpht.com/u3xn0sLnrQ7Ii6YrCmTkZZM9CI9dLn5B9xtzVu_tcxSEvxvMnPeppfeoEkW-hgWftonejQelIw=s88-c-k-c0x00ffffff-no-rj,290,https://static-cdn.jtvnw.net/jtv_user_pictures/a2317eff-9c18-47f5-a26e-c6876cba2d66-profile_image-300x300.png
4eddb3c50fd84042a1d5a4be600fbb5e,119,1858,https://yt3.ggpht.com/A1kDPZw0cKPl2GBlZFk9VzGswtGXEiNLS8ajCzDur6g328REu92tptxEg3JRyb93kXFR0LF6ZA=s88-c-k-c0x00ffffff-no-rj,589,https://static-cdn.jtvnw.net/jtv_user_pictures/34502c75-9c4a-4585-aa58-0e8e558ccb63-profile_image-300x300.png
4eecf80e6ecc4644a7ff08314e6e0c82,1590,188492,https://yt3.ggpht.com/Wvc_aJGwlJY0tq81MyqtLP_uQlq67ff5zH_6IH-e8dAgC0hTK5y2kw5VmLdnBVmd6oilE5Trmw=s88-c-k-c0x00ffffff-no-rj,248,https://static-cdn.jtvnw.net/jtv_user_pictures/e6fcd896-f609-47d0-9d24-2b3e22ea0a90-profile_image-300x300.png
4efffd7632e94c9faad30a543c3e1150,40,1539,https://yt3.ggpht.com/z_8HltJ5hn7RWMw6vGAAtYvJLqiTYIA2IxDZmVGdAXXZvhlv-T8QLrUk2uhHrV2eibSQd6cMmgU=s88-c-k-c0x00ffffff-no-rj,93,https://static-cdn.jtvnw.net/jtv_user_pictures/5382e343-2c54-4c54-b89f-2b6dc49a14cf-profile_image-300x300.jpeg
4f2a933e597d4360b8dc52ceaa0d1cff,415,3026,https://yt3.ggpht.com/g7_q7ctqhnbT7752Rx3zdcpQnFXeZ5B1H7HSs_vxqvVjIjcdfJxUdhIQq0SWY7m2np_coz1WKA=s88-c-k-c0x00ffffff-no-rj,,
4f917f1ccdd74d34a3746c379282b6fe,1820,83281,https://yt3.ggpht.com/hct5fjXpNkRB2Wy3gR1F1RxWhbPTy7VcTnKOGvrYmOPbS3vn-VFk_ZHEyA8NaaYfWzy_1TJQ7g=s88-c-k-c0x00ffffff-no-rj,1051,https://static-cdn.jtvnw.net/jtv_user_pictures/e287a8e2-2c15-4dfc-8192-7d93c9c8c4ab-profile_image-300x300.png
4f93fe928d264a299c6589e09fbda21e,2140,161877,https://yt3.ggpht.com/wshnV9fEX0PRw7fc5TJqNd7H0B62_9fHB3LOgvcCN00Z2WIaaDRDdQZbtSRLjbNMW5k82uG8=s88-c-k-c0x00ffffff-no-rj,,
4f9a2315c6b24c129e3af5f859b67602,18,449,https://yt3.ggpht.com/Jloa_seOgl08VAKVmWP7YFQJRs-8m5655_MW7AJbQDJPR6B3SwCyWPjoed-IFK4FFpH1YiI-Sck=s88-c-k-c0x00ffffff-no-rj,,
4fadb90960a844daab26191bb158d3a3,,,,3322,https://static-cdn.jtvnw.net/jtv_user_pictures/3481faae-173b-4a93-8b02-92706b07cad7-profile_image-300x300.png
4fc02db3aab84e6cb526c02405d18c6e,356,17196,https://yt3.ggpht.com/5ClTecs77B12Hm79Ywif80fOj1MDbl6AoAIrV9y_4BOKmz5D28CAl8MtIOB_7HRWwEd2W3GR=s88-c-k-c0x00ffffff-no-rj,145,https://static-cdn.jtvnw.net/jtv_user_pictures/864b045b-2a93-460f-8f23-eae16b22e8c8-profile_image-300x300.png
4fc5a770272a43f1bb0a1d12aa3a9b46,41000,4194259,https://yt3.ggpht.com/J340pFPrQRwvywwL-MhPF6t_i5YNyTvKiIKGF5lSM6iPTKemAu0kyGHHM3rU1dceYqZms6okESE=s88-c-k-c0x00ffffff-no-rj,,
4fcbdf1b0a384ee58733b1e852edefa5,,,,758,https://static-cdn.jtvnw.net/jtv_user_pictures/203832e9-89da-49e4-92f9-f4827190f461-profile_image-300x300.png
4fd17e8877024633876c5d85bc81e56b,26600,3185301,https://yt3.ggpht.com/KdYuzSiJbBJZv_bmz-TdabkHbactoCrNXnuC7OuBmxsG3jYMZMZZNTRsBimVZB84TDWK4pXLYg=s88-c-k-c0x00ffffff-no-rj,,
4fd21f7726694ecfb8e81e5352487a7b,6010,226484,https://yt3.ggpht.com/cKZar0R8JOF4u25E_ijqWXv7_C6UT29GjUNA0-mopkX2AGuOCmLav4KYy28N3fNkpMY2H4cc=s88-c-k-c0x00ffffff-no-rj,,
5000b613025542c498cd6ab2287865c6,377,1267,https://yt3.ggpht.com/TVA-QDBVTE8AtOCKqzqLa6fnniDUQRfipBAGXnFOYlaMi16n6Gqp9NkcLLMfQb1ZzjXzygPIZQ=s88-c-k-c0x00ffffff-no-rj,2604,https://static-cdn.jtvnw.net/jtv_user_pictures/31a5cb85-cb93-4446-bac4-c47942a597ed-profile_image-300x300.png
50433c34f368460c9cda947f292a62b4,2970,206405,https://yt3.ggpht.com/29nNU1mDCLvHbJ1yJc4U7J-nPvVzaqaP1nfww9xySi_QVdUd4V3KTZ3k_7w4gkpoDD3D9o_3dA=s88-c-k-c0x00ffffff-no-rj,,
504678b9fa2f4506879ba42b27a13dff,947,39253,https://yt3.ggpht.com/i0HmmzDlHpbZ9VuWzcPZAfm9Qm-cWVlKx-yJKgVZpV-0qhE6wtMj9tZ6J_qhaumahYPVi2xHibY=s88-c-k-c0x00ffffff-no-rj,,
506d9c6fdbd34c8aa5fda64d90d96ac2,1210,75506,https://yt3.ggpht.com/Jc_cPScWvkxNyRiSNBf0G3grHYC0Kgo13bIj9zB6J5QY-oBkkrBtC2-j7hYTbIahcy2qpYC7aw=s88-c-k-c0x00ffffff-no-rj,,
507d48eff3d44b6cba7b707e321e01e7,803,14578,https://yt3.ggpht.com/OSDEEq8E0SKnE_BxHhecdWzFdmGuYSoyaQahi3enmUkqGOw1Rti7PkgKB99KFt8ojgjeOb9G=s88-c-k-c0x00ffffff-no-rj,556,https://static-cdn.jtvnw.net/jtv_user_pictures/a7b6a95c-503d-4e19-a00a-c7159117c628-profile_image-300x300.png
50a0835b66844b0ab84f573934f20989,38700,1467421,https://yt3.ggpht.com/RRN_SA_KyhrG6reLCwfzuljO7jwqyEjm8XWErEM0l618yhKkWuYislCERfWxg02v-iXmctl8Nu0=s88-c-k-c0x00ffffff-no-rj,,
50a5bb8d33e14c81813bd0d02dc34b58,788,0,https://yt3.ggpht.com/qESepWx_35cwG0UawS_wSLy_LwAweQrLCXVKxCg5696hJ2FlG1_2KVHnux9KH3XtfJkejfg8=s88-c-k-c0x00ffffff-no-rj,,
50c9dbd2624f41408f2b6a9ccf61e447,44,0,https://yt3.ggpht.com/ytc/AIdro_lvajwrJ55Ak0oCnHeRSzWVCKHnbBgaM5MYSrg5QqjL9SAK=s88-c-k-c0x00ffffff-no-rj,245,https://static-cdn.jtvnw.net/jtv_user_pictures/ced3c350-01fb-45c6-9bc9-dfc7d9e8129b-profile_image-300x300.jpeg
510bdce263cc479ca12d1fad64bfc65e,3500,146682,https://yt3.ggpht.com/J8UlcPgsTMHWF22WQSPKTUrKeT1Svx6uW8VW8repj_dxkGcQsOH80Edflr7NTHXUWGhlg2Ij=s88-c-k-c0x00ffffff-no-rj,,
512b64ec20174d018540516e9edf2b2f,62900,7382406,https://yt3.ggpht.com/Lj4pMcYfa1Rp4LiBq6R2hwadTCGJ4dLGJYZ_iNWyMbt_ljQtwuCXrTamZLdMy7oqvx5y1nZ4CXY=s88-c-k-c0x00ffffff-no-rj,1155,https://static-cdn.jtvnw.net/jtv_user_pictures/1b558b99-ebcd-4da6-9d74-22cef7f5d5e0-profile_image-300x300.png
513641895d9a4fbca3b19aeb63d28915,61,1507,https://yt3.ggpht.com/b01R7mwByia63cKNkRQbPZO6U2qLp-gAbEZ6XPsiKFT_yFon1RijB5wmPwqbfiyJtcqyxtsw=s88-c-k-c0x00ffffff-no-rj,899,https://static-cdn.jtvnw.net/jtv_user_pictures/dcf7f889-b1ec-4c91-8d0d-843b9b6861f0-profile_image-300x300.png
513c300c8af04b8a84d18f665b66481f,238,18455,https://yt3.ggpht.com/BwgUwBYrIzlVn9mOekR8HzRqRF_casVf3vOOnefJpWMI0fZGXLDATtOo_JQF3UiQ92JwdBLEKg=s88-c-k-c0x00ffffff-no-rj,,
515abc7c33164a98be134d1c7fec84e2,1040,29480,https://yt3.ggpht.com/kzP-znZ_AWxLvC5dTkwAEDCo0pyMevxrDvEJK9wZ0oG7Hk17fycV89Wz3P8GdlYcItaEQmmx3D4=s88-c-k-c0x00ffffff-no-rj,253,https://static-cdn.jtvnw.net/jtv_user_pictures/ec982211-bdaa-4822-bfaf-ce96c3f2928a-profile_image-300x300.png
515f61904a1a45688ea0d7bc1e7d499e,892,196654,https://yt3.ggpht.com/pOSyXziS7ROrYKIhBW0cPMxPCmW0ymL8TjtloLNap1CQhhlihuu2ZWl3r_1LD7x8FcYZGggh=s88-c-k-c0x00ffffff-no-rj,6,https://static-cdn.jtvnw.net/jtv_user_pictures/1f5c832f-fff9-445b-805a-46b6b0e52129-profile_image-300x300.png
517ef8a3c92b4216b2cabffcb2ec3aaf,331,15352,https://yt3.ggpht.com/PVkx88ByHuyXauDoGmzLNO4qjl03TvwxMyXyiyZKjEKDh7wn44wGjpN-XZ8tAJrz3IbW9Tv3lVw=s88-c-k-c0x00ffffff-no-rj,,
51cd04cab0de47d4b2b5a156bbe2dfb0,10600,318721,https://yt3.ggpht.com/h1CelPCosBdWT85VCMZvG3ntLrP8y16wox6ttiDUPddzBJjO0sd9m_G0b0vpjDJSgRKOdXBhuCw=s88-c-k-c0x00ffffff-no-rj,,
52136fb3529d4f5eb5225ade4209b8b3,509,11671,https://yt3.ggpht.com/PL5e_o8l0CEYpOn66pEGRPuevhqQIWGy6t1ahmAshWeWnyCwc78tzKFciBl-3URO04BW-LXF=s88-c-k-c0x00ffffff-no-rj,,
521477be11a44c43b063b394757b2342,744,44068,https://yt3.ggpht.com/P9i9lgUJKSCYUj6HNnSSYI3g17AMBdA58U96OHEgkLMrn2AQQzgOdM9mVjPVaQCunkpms2eYJA=s88-c-k-c0x00ffffff-no-rj,,
521d3e3d5e6e410aababfb8f290749b6,149,2346,https://yt3.ggpht.com/3qqqsS_4rfmhzz-DqrMx-002bPdX6N8rXPwW6E3fPiWjiM-a_Rm0uXCGwTJSnU5NWhlW-gII=s88-c-k-c0x00ffffff-no-rj,375,https://static-cdn.jtvnw.net/jtv_user_pictures/d4174955-bb83-416c-bda8-248ed59d1e1b-profile_image-300x300.png
521efecabae94dd6b1d21bc5e8543fcb,1050,32387,https://yt3.ggpht.com/U8KmLZDi-TeBro6F1goqBVdf6WjOC_ZxYwOdqhXGCcqgyIatDvPLNO-mRtOb9-f0gCv9lF0WIg=s88-c-k-c0x00ffffff-no-rj,382,https://static-cdn.jtvnw.net/jtv_user_pictures/69c3c937-dfd2-4298-90a6-ea203b6e8a41-profile_image-300x300.png
521fb650b9534787b19c8762957fb5d2,29700,0,https://yt3.ggpht.com/VR_oxzP3xDbE_A30w8bf2z3iuHFknRCKHOZNw8OBjVzEgDRf2-KuhONS7yvCOGlnFJyYtiWqMg=s88-c-k-c0x00ffffff-no-rj,,
5226367de740445789ec9b65a84d65c5,413,11512,https://yt3.ggpht.com/behBSuPfDdzsGNaXckH76J3cS13HWED7vcbRsVVoEx7JNbtWmEp10zu8XrtsRUHZWCi7c36G=s88-c-k-c0x00ffffff-no-rj,232,https://static-cdn.jtvnw.net/jtv_user_pictures/0d8fcd96-749b-473a-9819-9da23e5ceeaa-profile_image-300x300.png
52643019126449999714c7b659b6539c,1740,0,https://yt3.ggpht.com/J6TKm7ewSu928ctrjLIldTJqJyPalMjFSA0owDjh0mJowQL3vHsyS3uJgWp4TcCsWKVZAyhJVg=s88-c-k-c0x00ffffff-no-rj,356,https://static-cdn.jtvnw.net/jtv_user_pictures/5c054384-5570-4cd4-a383-304d63fe6c35-profile_image-300x300.png
529328632b0b4701a469ebc14413f855,3950,129681,https://yt3.ggpht.com/n6y5VM5--oKBMkl1AmDkc2zTlFCx2oNb17bNe-SxYyLNreiEaVv90qYN-5Y6K2BtfuHuNGo2=s88-c-k-c0x00ffffff-no-rj,,
5298121274154e4b9154e8ac47d98beb,533,22865,https://yt3.ggpht.com/9rHULkqWl40j1LrgvAN4zF4OS9CbiuYCfKMCBGg8zTbjbvJRWZeh-7RHx_iExnMrYMlWSazDFxo=s88-c-k-c0x00ffffff-no-rj,,
52b5fa7ff03945368644f52035a5e798,3340,187629,https://yt3.ggpht.com/ytc/AIdro_lAbQ7V5mLvsYf_CGYClIER9w1z7jMF8nQKvbd8ptVBgA=s88-c-k-c0x00ffffff-no-rj,,
52fc7c19da6847319816774b66ff9184,285,6882,https://yt3.ggpht.com/WHF0aswhP3J-7S5kTMlRezbNghI4OULMwHp7LyfbCgufs9gNkZyAhu64MUtnTbYDo_etVoGQXHA=s88-c-k-c0x00ffffff-no-rj,,
52ff14aabd804801a6e589681fc2fb4d,436,49806,https://yt3.ggpht.com/MhbTw3RbJDKeEsaO1y8Ee_TuYHu8OZfwPUYcT0xWdmBdggJnrWndPciCrYuHtMXAy_4hXDnRFwA=s88-c-k-c0x00ffffff-no-rj,1665,https://static-cdn.jtvnw.net/jtv_user_pictures/1b6902a9-164e-418f-b6cb-3050c736b8ac-profile_image-300x300.png
532b143e82d6452fac9a18d1d025a2af,7570,30336,https://yt3.ggpht.com/czSRzMVlwv-_fmNB6wK6cwGMXP3h5KV4LLF8pCgCWayov0-aq44joESx-MgbWiPcIM6bPTDW=s88-c-k-c0x00ffffff-no-rj,,
533e7b1b50ba448292c09c5845d68eb6,399,5952,https://yt3.ggpht.com/Qb6RY1aP02AVZeqAk1nlQ7Wzj4pqQppk_SUdzGRQBkmoufwuiefZXKPQYPqtqL78jdQiJ3ELmJk=s88-c-k-c0x00ffffff-no-rj,178,https://static-cdn.jtvnw.net/jtv_user_pictures/f1facf3a-4743-457a-8d64-8b022c4e47f6-profile_image-300x300.jpeg
5356357f112b46db862b472a4aafcee8,1320,25384,https://yt3.ggpht.com/9Bt5WVkBU7lmYH-Gx3vGTuWTsOjz5njdT6cEEEhDF6YL5WvP1Pmqt6jBRfkyP9pZ1TYISimIkA=s88-c-k-c0x00ffffff-no-rj,1240,https://static-cdn.jtvnw.net/jtv_user_pictures/98159cc5-50a6-48fd-b6b2-7a385b6aa7c7-profile_image-300x300.png
536213f7ad4545f5a318156568763a35,3350,88261,https://yt3.ggpht.com/0PhFGjG0b-e2F-neFvKmHULUIJyjpI3WCWqSWxfusYCO0nxpF66JR45pZL5H3Wx8oXWBGZLOLA=s88-c-k-c0x00ffffff-no-rj,,
53707f0116dc4fca8614ac7139e40b83,3750,462202,https://yt3.ggpht.com/9sYhbbFEUPLp592SUUn56z66bsTJ_J4aIfZtWmeTl0LsdeMsnWqa_x9b2oREVJtiXl-Kb0qe=s88-c-k-c0x00ffffff-no-rj,4316,https://static-cdn.jtvnw.net/jtv_user_pictures/b02e5981-78fd-4840-98dc-0e7b0a02a72a-profile_image-300x300.png
538d1d2058da4bdea1c7f43f088e995b,8010,208981,https://yt3.ggpht.com/AVv0Ap2phrdD4jRP_LczNVEYR3VgPgShsN_iqXrvzgkCBnea-ewh04v5SOVVgsoQEN9JCPeiAA=s88-c-k-c0x00ffffff-no-rj,3261,https://static-cdn.jtvnw.net/jtv_user_pictures/60bd774e-71bd-4b9a-ab37-be0a5a2ed5b4-profile_image-300x300.png
5396c3113555413f8b8d722d44b413d3,1060,23965,https://yt3.ggpht.com/YiS9tGQ_vRDkI6X6INKLVkv32I8WR-LMAQXS1rVnH4uaaLUMc7dPlHKJDsyQdlNJQrrnFTweKA=s88-c-k-c0x00ffffff-no-rj,,
53a39a5e2de449ccb192683b9df38fdf,713,43540,https://yt3.ggpht.com/EG13Ke5xnGg5PiNBm3Qt49BmJhu5b2YVw3mgsTHgrnnwSKLoqw3VPiC37FDoyyTVXAY2BHAxcTc=s88-c-k-c0x00ffffff-no-rj,,
53b98a4bbf49419fb4516525846d4d35,101,324,https://yt3.ggpht.com/nuJFaTL-NCM73gcgNZnAY47hs7y-VDKD6MtBWZG_JHb06W_hzzi6ELiAgLMkA5McBTqWZqycuA=s88-c-k-c0x00ffffff-no-rj,1864,https://static-cdn.jtvnw.net/jtv_user_pictures/d2e092a0-ce52-48dc-a26a-498c66a00a18-profile_image-300x300.jpeg
53c811a3e7814de2b76dd4e0c241a9e5,13600,205746,https://yt3.ggpht.com/y-9auIWCJTjnLsku6wA1jmUgmdlhFO3B-J8k2DfqiaQ4-gveSns4O5MmVn_LwiKNfzNbfbOr=s88-c-k-c0x00ffffff-no-rj,374,https://static-cdn.jtvnw.net/jtv_user_pictures/306e78b4-d76c-4a0a-b500-adb15cb3273e-profile_image-300x300.png
543d63ab162746ee93d723ed4a79ba8d,2950,242282,https://yt3.ggpht.com/TAEpNBcO-HzvBuFgoPvk0AVmGA16wx5m1qgwy73EadH1ugL1ncjBnH-BsBHOMExCKpss5SfsRA=s88-c-k-c0x00ffffff-no-rj,,
543ddfe1d70d4a19920f6daa1959b3b4,6920,0,https://yt3.ggpht.com/ZNJcUXTpXVhuxryssQDEGieu34fKBmyKDyt2h7BSsl1VGqWEWsPyjZKItRKEY2BNwv_6Q9Rl=s88-c-k-c0x00ffffff-no-rj,,
547aa467c2ce497e9d95c4a085effe0d,,,,1416,https://static-cdn.jtvnw.net/jtv_user_pictures/0e010fc6-1596-43f5-b81b-a4a1ab09944d-profile_image-300x300.png
548f8fcaa1b24e878b97d572df450bcb,780,153821,https://yt3.ggpht.com/34KEy4bN3VjxyBOJwNq-qoCxR2srzT2zYM7BS0ogZ94RaR238cs226s2P7clLProPHi4C1WY7Q=s88-c-k-c0x00ffffff-no-rj,,
54a8fe908e2040bfb366aca0e67cc23f,1590,33228,https://yt3.ggpht.com/hGmINEKGrOaj8MuGSr843oPag-kv_SUD4dl74pmn1ZtmqF8x8sboRrXY95iM4tmtzUcghQxjKg=s88-c-k-c0x00ffffff-no-rj,,
54b0131ceb734643b23b1eefee31cca0,3390,234637,https://yt3.ggpht.com/2cFVH4ka0iQGRMrJykGGbwUs7ZIrdq4ajRvFCR123lp71MV5bMg0yoa8UNgI_4rQuM8u63zuxg=s88-c-k-c0x00ffffff-no-rj,766,https://static-cdn.jtvnw.net/jtv_user_pictures/adfd3c6f-a665-403d-9b66-c87224f02440-profile_image-300x300.png
54c49dea17ad4eb5aeb7ce1698dc01be,250,8926,https://yt3.ggpht.com/Dttl7N0QaOwBZQvRFTZ7VzyIWusa7vjy3wJB5EzXfq4GH3QTwR25nUn_roXGuOwdebvxkn58=s88-c-k-c0x00ffffff-no-rj,62,https://static-cdn.jtvnw.net/jtv_user_pictures/90301e31-b3cf-42ba-994d-88206752f35f-profile_image-300x300.jpeg
54e70d7cc2fb4c6da0d833519331c770,95,2735,https://yt3.ggpht.com/s5b0ObxpegDCLGuSJtb36whYfXMwszzDu5Sf49gFSSpViiKDl9xkPWBRVZVxRO4njxbFX3ta_A=s88-c-k-c0x00ffffff-no-rj,1233,https://static-cdn.jtvnw.net/jtv_user_pictures/09849e64-64c1-4325-9534-2397881f401d-profile_image-300x300.png
54ea240f1bf1471981684464081645e7,222,3916,https://yt3.ggpht.com/iGVAWfksqMYJ2TXT6Ngr-AMzofOvd3Qw8eSwGufvGp0qv2yCPXPE9RgEMgM1mO9Vvr5YtHTZ=s88-c-k-c0x00ffffff-no-rj,331,https://static-cdn.jtvnw.net/jtv_user_pictures/e792c7ac-acf2-45e5-b9bb-90538433447e-profile_image-300x300.png
5507154831064d69906acc64c76b1c99,498,15195,https://yt3.ggpht.com/EgIumn2bOkKbYijE9tbfshJBloro0Qvrv7CwzgIRtIFR8zQqlvWoJhvEeHMwzR9eclA83nYV=s88-c-k-c0x00ffffff-no-rj,2356,https://static-cdn.jtvnw.net/jtv_user_pictures/94f02e26-6dd7-4b92-a855-199eb6e62fd4-profile_image-300x300.png
5535c9524eb046c38e172ebfa06b302f,359000,95912900,https://yt3.ggpht.com/ytc/AIdro_nZbaeUFeycNyFTeuYh0G6RSC-28-5tVARqAORA0Drt8yA=s88-c-k-c0x00ffffff-no-rj,70819,https://static-cdn.jtvnw.net/jtv_user_pictures/ff990472-f41e-4a7c-b9d4-be5701635ff5-profile_image-300x300.png
554ca19c3d924cacac1f680675b9fdd2,8270,149441,https://yt3.ggpht.com/Tr4Y3r9f9fMjN-u-pWbmWpTlowWvaTlp54nHOmb36DEReW7hmZ-qsZj_wnvrgVI3G51Rs3M0=s88-c-k-c0x00ffffff-no-rj,401,https://static-cdn.jtvnw.net/jtv_user_pictures/eae5e0fa-4ff9-4bbf-895e-f43a87f89aa3-profile_image-300x300.png
555fe6a78fdb4d8b9fa8a286377972e8,,,,850,https://static-cdn.jtvnw.net/jtv_user_pictures/fc51e79d-f821-4b15-9e9a-e3351153a787-profile_image-300x300.png
556c69847bc14bc7be03b3e40e52ac98,7420,162012,https://yt3.ggpht.com/God3qsgy2X7sevG7oyBDY76iAHipgWlAlKO6OH1T95jq4wn27vrltWqEpdzIQS8NFEnIRg-bQg=s88-c-k-c0x00ffffff-no-rj,1768,https://static-cdn.jtvnw.net/jtv_user_pictures/24d542ff-7c83-4e96-a09b-cc4bacf2f73e-profile_image-300x300.png
557a590ea9764e8c99e72415d1837d52,6460,21189,https://yt3.ggpht.com/VfKTdqdiPxpeqqC0bx5BTjQP8qTIVdhw22CDKZzI3ByO8-mbMtWTthxS9g6KJiEd86NtaWwv7b4=s88-c-k-c0x00ffffff-no-rj,,
55889d2ac7c34549b9baa54bd5c899f3,1350,0,https://yt3.ggpht.com/ytc/AIdro_mZfacvgAu7yBi9Jqosc6VAu4fWY9oJujFm8ntmRZV6CCQ=s88-c-k-c0x00ffffff-no-rj,23,https://static-cdn.jtvnw.net/jtv_user_pictures/427e62dd-bc79-4c46-9e19-ddea3e464edd-profile_image-300x300.png
558d8602fdeb4f3cb4ce484babb30577,7420,336048,https://yt3.ggpht.com/TDSxUJtwIil2FjObFv9p75iS2WaaXSnzhbw3cvmYC5wT_gfYPiaugvapuPPZt1RNqPDtJYiZlQ=s88-c-k-c0x00ffffff-no-rj,,
55be1972142c44799f83ce3db4f14fbd,17000,954317,https://yt3.ggpht.com/QzqpUWN8Gvlc_orFN50rkYwg0HThmMidBFj2wIdnY-XVLsjuTkBDDqOB9d9b9L65E2Vby2P2=s88-c-k-c0x00ffffff-no-rj,,
55e9448a0a9040f99dc8ea1cf86cbad5,,,,1386,https://static-cdn.jtvnw.net/jtv_user_pictures/7767fa72-d949-4218-9acf-1a7965d3db15-profile_image-300x300.png
5612ac8b150e45e5a7381a2c07e9671a,1450,54451,https://yt3.ggpht.com/0eepMPxFy1u_H0uj-7722wvdutAqZyFl8ZCAVaur8EmJE9Wx4BQCiBCe8OnJtd3XvTjH45Ed=s88-c-k-c0x00ffffff-no-rj,,
564a0f351ed941cb8c112f8bc759ced6,364,8579,https://yt3.ggpht.com/mSPHpjDI88Vg7_SMqLCNXP5H8Thwv7LSXKQ8T8P3cinKkVcDtif10-D-5UHPcdk5RKTHRFmPew=s88-c-k-c0x00ffffff-no-rj,83,https://static-cdn.jtvnw.net/jtv_user_pictures/d25ab801-747b-44e8-a115-e59111504e87-profile_image-300x300.png
564b411dc4874310be6f8ee9bb7a0312,1350,57448,https://yt3.ggpht.com/KQvcNWOXVO6XhQi2m_4SSCXG2-4ukroN8BvUx_QrYverkaMFJFZ4L97wToCzwpfujjkO5xpW=s88-c-k-c0x00ffffff-no-rj,,
566e5b6f438a4cacb3e4036eb9ffe9b8,565,24851,https://yt3.ggpht.com/Zo2AEbta96uozXgRaDnW5uATjUjtbXPmHyhHnXwwbdn2A0TY4nwh9jjlRuENa480QC1c_WN3=s88-c-k-c0x00ffffff-no-rj,,
56abcaadabbe44dbbd18ab0ecfe1037f,7950,292856,https://yt3.ggpht.com/ws7sRzBCCfwbfjjcCwPtyCfAZtoqo0rQBFw2UUMJ6-pVIzvC06VevmktlJQHCa9P9PLg4I6o=s88-c-k-c0x00ffffff-no-rj,,
56e0088d20b04a059da9932476fc9a5b,174,20362,https://yt3.ggpht.com/9R3QASiU2U8HEFgBBJyaSpsbHi-fRIO8A5pwfxZfu3RQzuhoK9oTUXVS7SROSe6jOzjr5AE1bg=s88-c-k-c0x00ffffff-no-rj,2628,https://static-cdn.jtvnw.net/jtv_user_pictures/2c17e425-9e96-454f-862c-a19d7de79852-profile_image-300x300.png
56f4716f4b694eb3a29ad539035a262c,330,2509,https://yt3.ggpht.com/FrSe_IJU0eTNMGUoWxe0JiBP8LowUpxR-cgedhhe6VDRYXAp0y4axxoJkGhZuHhLiYxnD26gNQ=s88-c-k-c0x00ffffff-no-rj,,
572c03fa49b54d4b95935321b4722b68,2030,281957,https://yt3.ggpht.com/8o_wFnh2Z8GSwXgH1sLhXOBu7MXcfLK-sW0Qi4uasTmTVZmVOWEjbtlSNYDNm8L9PXVLGVMJTA=s88-c-k-c0x00ffffff-no-rj,1534,https://static-cdn.jtvnw.net/jtv_user_pictures/34b9978b-2a3d-4629-b68d-f08d4b234875-profile_image-300x300.png
5734f8f1aa53439e84769631937e0dd7,276,0,https://yt3.ggpht.com/55Tb3SH_3FGUgoPkRvSgloQ0_xyH005OE8jkK5F8JdIa1CoLqtz2EvkrykK6lMSOGu5Ef2U0=s88-c-k-c0x00ffffff-no-rj,,
575d15d21f7240e1ad72935bf7fa0465,43500,1353379,https://yt3.ggpht.com/WJ9LkgGkJKhIch5_kUMDsPjpa6GbBwzurgaQUcrpjLey5yl4_75hITsJwBPY1PIi69yvs0PGCcM=s88-c-k-c0x00ffffff-no-rj,,
577251897dc7463393b68c5b6f96559b,75,1064,https://yt3.ggpht.com/18HLUuiDDoyNSxK04icauXY7-Yb2UU_r9vDRtC3HtmaSmIBmPHos331e4x12Nkr4jgOT-gLm=s88-c-k-c0x00ffffff-no-rj,340,https://static-cdn.jtvnw.net/jtv_user_pictures/322fbf58-2260-4442-b137-5f07cd9afb33-profile_image-300x300.png
577fdbca86fa4414a153b5ebdcab90d4,347,1955,https://yt3.ggpht.com/1ow-gnzcYWChddf0RkpaxtFhgbFgYm_FwVX62x6leuYhRMV5KxjJHFXVMRM4HGMYt3p8Rrpe=s88-c-k-c0x00ffffff-no-rj,1560,https://static-cdn.jtvnw.net/jtv_user_pictures/ef122d69-2fd7-495a-8e97-b2d461e91cfe-profile_image-300x300.png
57843e9c870647729c2438a7a7077008,317,7359,https://yt3.ggpht.com/1vMhUFG5KbmxnlZ3wLpSdNcmvdaNFd1BVB5E45wm_u8x75tFTgYufqPycTOr8kQX_ABnn-XpVBE=s88-c-k-c0x00ffffff-no-rj,100,https://static-cdn.jtvnw.net/jtv_user_pictures/2f283eac-85ca-4502-bce2-2d0d389d39e1-profile_image-300x300.png
580e479a8f85413aa4276998b0a0ba91,1080,25551,https://yt3.ggpht.com/mAau93k6VWUeyKrdgoWX69OzNJPJBDOBwkGjZqIkaXbrsLxpYyIEa0T4Te40udwLj3_3jIapLQ=s88-c-k-c0x00ffffff-no-rj,281,https://static-cdn.jtvnw.net/jtv_user_pictures/e384145c-42a6-4f89-a321-3c12a387d5bb-profile_image-300x300.png
58374cba861d4267a84ad689bb6ce91a,827,28795,https://yt3.ggpht.com/BYGgLAn_ZVA5baWkyXyDFQVLyUJe7WF4oLzNG23JPF50o2whOXqgx_RHAa7gA5uMF4jE-jWMwg=s88-c-k-c0x00ffffff-no-rj,,
58588863643843439cebc85ef72654bb,637,28049,https://yt3.ggpht.com/mneVomZRDlZaXB_Wsq1DJ4IXxdvMdjpMpaHrvbAeLSrwpati3xrQRkjxwkjHOuRIJ2i2YZfv=s88-c-k-c0x00ffffff-no-rj,,
586377912f314b4d8c3be33760526ae0,509,61243,https://yt3.ggpht.com/4sztzaN8D1k2tlOT8QiDT1uv2zTKjXFxoDAnwnk821g3Uc8DjTzphmtoQpxq8Q4CkDHQ6gYl-_k=s88-c-k-c0x00ffffff-no-rj,,
58abad4aa8de49efb785367503dfd92c,117000,13042299,https://yt3.ggpht.com/kP10oMC4y-Ba_b9t-gPmOx3GpRqmV5xN8gIDqBkIr2MrJ160bMgigc_SHa5ZARkBrVKc5Zqhmw=s88-c-k-c0x00ffffff-no-rj,,
58bb51ba1bba485a98cbf859fb5687f4,2150,79503,https://yt3.ggpht.com/U--e6WdjxKla22SdjIR8sjiWD8vtPK5nvcbApBPDXM1-E6AmsRMmOaz8Oy1riAaMuivXgLldWA=s88-c-k-c0x00ffffff-no-rj,1738,https://static-cdn.jtvnw.net/jtv_user_pictures/36b71af5-6b8f-462a-9541-f83adc8c53df-profile_image-300x300.jpeg
58e377df63f745fc8473368b20afe2ae,3520,184982,https://yt3.ggpht.com/3zDJIFicw_BBnRj72u8bqnPulWtJigCBCfBsH0HxNZNIgqqgUKtKf09lSW0Xgbvkj22iJX_hNQ=s88-c-k-c0x00ffffff-no-rj,275,https://static-cdn.jtvnw.net/jtv_user_pictures/2c223ae4-b3b1-4810-af39-90726f6b5512-profile_image-300x300.png
58f233e089ca45c8bc1969b471183766,133,20210,https://yt3.ggpht.com/qkwfNTmtXMkWWDASdzDl2M7IcO4jIDngvAzbl-ilvmWWRPFIRlt5GgLcszSHcwGJdxMILnDtMg=s88-c-k-c0x00ffffff-no-rj,,
59005edeef174395915757d45718177d,2630,40046,https://yt3.ggpht.com/vSMjAMRiuysfjuezwwcQ_mhy0lWdnlyFa_6tRdK7kDc8jJWz8OtBeaVNeNLMJp2kQ7Uv28untw=s88-c-k-c0x00ffffff-no-rj,,
5903a0f7274043058d817894a9b39e75,1410,30171,https://yt3.ggpht.com/eahI-kYxFcoDQkJRu3WpaZQuVWAR9eLzD-aCvo7SdzDpTvwpC5mWZErsxFkbs4-kJxav3IZHmw=s88-c-k-c0x00ffffff-no-rj,,
5908563b5c944c7b919b08e5233a8a5a,240,19009,https://yt3.ggpht.com/Wyo3QLzOsfLk9KSvoHMoL15q-fezG1bM_RqoLGgJY_TgZ6g4m81_1yw7ZHchQWVXIvtXbdn83Q=s88-c-k-c0x00ffffff-no-rj,719,https://static-cdn.jtvnw.net/jtv_user_pictures/bf401981-f749-4319-952b-512b99d4352b-profile_image-300x300.png
59110c6bf6e64ce6bdf86b40246dc106,24500,1050536,https://yt3.ggpht.com/IqF9KN_2QTYu2WnNG7Vtn0FtBkiq-G-FqnYPa2hB8p8HFd9IwBRTH1vgaxCR1ssSpekyJFHEfUQ=s88-c-k-c0x00ffffff-no-rj,,
59216a033f2b47128d190a5ed1add217,25,0,https://yt3.ggpht.com/wsJ9yGOuiitBeyPgAknmWFdRls_uIDiqWeIIBJ3FnTPcvbYmPw2uPIn1I4VhzChimn422qut0A=s88-c-k-c0x00ffffff-no-rj,251,https://static-cdn.jtvnw.net/jtv_user_pictures/daadcc2c-a805-41f0-ba64-410ab55ee91d-profile_image-300x300.jpeg
592e95fcfa4e4610959b5635e449813d,4600,289053,https://yt3.ggpht.com/MV8cwc3Mz6kL-N-IlNJ_SMmfZLw4Yf4cOJD_E_v8y4RhGuaKYVldsOJn0FdaraIlAK-NUlU_=s88-c-k-c0x00ffffff-no-rj,769,https://static-cdn.jtvnw.net/jtv_user_pictures/6f039c13-418f-4dde-b3b5-55e17bc30172-profile_image-300x300.jpeg
5949eae32b844c9e873474efb19f4e6d,124,3099,https://yt3.ggpht.com/Vac-ttTjX6BidTiQqYqasA0E_Q5M6nDocULB4bZLhxUCFWPMmTPnaKxSF9TdJhGoAB6AA-N3=s88-c-k-c0x00ffffff-no-rj,,
5964947a5624455cba648007ec04a0b9,737,13585,https://yt3.ggpht.com/SHJgqj-VJOwiL8Jq4SIt8-Zo8niDAn3kaNPemTgXHEq6Yjn6OzYxEYkaBCluPNq5z3HkM-2g=s88-c-k-c0x00ffffff-no-rj,,
59654ead905a4db2bbcb33812148555f,307,14331,https://yt3.ggpht.com/TTKXPj3Pdq99JuXpe6VCYebzNn05l3tuOh2Y7aGfnhqGCOhOUliZFNI6wzCgGyNGhEATiOlbrQ=s88-c-k-c0x00ffffff-no-rj,,
597fbfe660ae4e6d92bb20bd7e6f3738,1620,9484,https://yt3.ggpht.com/2w4aSuh_rPXxiLUU_sjq20xinjjO3u0nbyurkB_ECgHpMQfVw2LgziT3tSintPImlwrq1zRTZw=s88-c-k-c0x00ffffff-no-rj,669,https://static-cdn.jtvnw.net/jtv_user_pictures/b8cb4cbc-5d61-484e-8504-9a56b679a554-profile_image-300x300.png
59c0d89447d54786966ba8ecd5649d63,5670,178771,https://yt3.ggpht.com/QjQKpcOICy7RqJEwHonjo0nqLl-U8i6opVTcq-6DJKaADobiZGplX8nIPisLrheLP0yFSbHuPA=s88-c-k-c0x00ffffff-no-rj,965,https://static-cdn.jtvnw.net/jtv_user_pictures/f9f3f505-bd3e-43f7-8719-8ae0a5d9a1a6-profile_image-300x300.png
59e3094256344f8c83a3f4355b8b667b,222,1469,https://yt3.ggpht.com/xzYuL1s4TRzAMtVeTyGR0ryiSUwAM_C262uY1PrbkqV2yHsB3F4nQHhG6FttigldH8y2_kSJ=s88-c-k-c0x00ffffff-no-rj,1115,https://static-cdn.jtvnw.net/jtv_user_pictures/e3bbc036-0eee-4fa2-9cbb-ee0dd9cbaecd-profile_image-300x300.png
59ea0c3b836c4dee8ba08df9bb73be86,189,0,https://yt3.ggpht.com/kuhpCq7hEhfwU7oOdoemyhtVX39ffzZ6F_lI79T-ZDavOyfncdVzwB1iaLB4xUjGpl6mFGOvqw=s88-c-k-c0x00ffffff-no-rj,,
5a59b23a201f4b2d8729b0f4b33c9e6b,11,1179,https://yt3.ggpht.com/bqgZMLQ5bfKVVlnvBggs_9LA_CMFolZyi2Ki4-YV_ZQiSr2QNM5qR3OBWlFjvM9-tQcgUm0XaDw=s88-c-k-c0x00ffffff-no-rj,87,https://static-cdn.jtvnw.net/jtv_user_pictures/0c062c5f-faf3-42fb-8ef4-5c298548b61d-profile_image-300x300.png
5a60a41d2a604bc68368158cd0b1cc12,98,3829,https://yt3.ggpht.com/DqqYOPWweOy3hhjKNUyr6zmLqTh6jqcU3ZG4qXn5rrSVCoTuRWzvctV1eyZnqwotwVTPWOsdjQ=s88-c-k-c0x00ffffff-no-rj,502,https://static-cdn.jtvnw.net/jtv_user_pictures/cbf076f8-036b-47b4-a4e7-7550b061f405-profile_image-300x300.png
5a901d793927414493afa87af0c4baec,1150,19811,https://yt3.ggpht.com/9tOBTBfNHZKaSeu19ryb-7jl7Du9nnSTk5HLXIKWMYFJ0nq0Z42Z5BmQNRd9DJYaMSij-6Wn=s88-c-k-c0x00ffffff-no-rj,1033,https://static-cdn.jtvnw.net/jtv_user_pictures/c0ee3ad9-e937-44b8-9203-991c386fa1cb-profile_image-300x300.png
5a934764983e45959855735b79bcc90e,38900,814739,https://yt3.ggpht.com/kzBXGY3bAPKuqb_TvNxEjiexNZi-JPd6h5Ll5NPNoKw6f5T3-G-uRcSXTdSDp1SLyFU5PcYCfPU=s88-c-k-c0x00ffffff-no-rj,7971,https://static-cdn.jtvnw.net/jtv_user_pictures/851c3fa0-dded-4a7d-800b-1db78f9c12ed-profile_image-300x300.png
5aaaa518ae674ae1a1162e8454a460f9,1200,22799,https://yt3.ggpht.com/HYbl4Q8rZU0w7NNbYt0_-90uB-izxjknRssaRx1l15IYPRgnzA7Pt5Anddor9kcbHNZO3gjh4g=s88-c-k-c0x00ffffff-no-rj,1464,https://static-cdn.jtvnw.net/jtv_user_pictures/ca2cdae4-a9be-43b3-a487-e6c8c459ded1-profile_image-300x300.png
5ae7e41f9b9a420d9217a0b2c6755f52,338,3545,https://yt3.ggpht.com/i9r1F2I5N4gH9tCQ1ArQ7GThZnYMFGqwcC--LkZdo788kMlqSxja7yyoj0hS5778059YY4ml=s88-c-k-c0x00ffffff-no-rj,,
5b0963427f8e4f04a35cb0e71d95698d,46,0,https://yt3.ggpht.com/zW8C-iylt32ZTtLVoyhA9sZ1G_80JmTOoeQoUy6ymJOzbgEV7fsYMle9E5BNWRWszLc4rTm1=s88-c-k-c0x00ffffff-no-rj,,
5b1bd72acc95440cb3aa381c89cfca3c,457,20807,https://yt3.ggpht.com/ox4YnTY_StALZcNLab59knwxDM5zS7GtN-ZXcI9UD3gSeFc3gBbHmPYjEdsslLnKEcUkpHk0UCA=s88-c-k-c0x00ffffff-no-rj,,
5b40a93fac8646f48fca66add3d3642c,2020,143781,https://yt3.ggpht.com/NN5Q2TIGKJk5yq-slQXjJTr_LNqPxVzqgVIF0ooNyCO0h1l7tZ53Dzyo_g3Ur_gDTFH63GbWweQ=s88-c-k-c0x00ffffff-no-rj,,
5b62816b7dee4c13856f3c21629be3c4,,,,21240,https://static-cdn.jtvnw.net/jtv_user_pictures/975399e7-1b90-48fc-b1fe-80a2fbdc1176-profile_image-300x300.png
5b6584a73478450d9db3f44b918580fd,6190,0,https://yt3.ggpht.com/AAQ8-VWW4GlX-ka5BmBSNmtQp48dmopO1IBbZ468BlJ9rgct9AjrV7LOYOzexnJ2dIzsWF_jX70=s88-c-k-c0x00ffffff-no-rj,960,https://static-cdn.jtvnw.net/jtv_user_pictures/137ce184-b94e-4872-b98e-eb27da69721b-profile_image-300x300.png
5b85294949544a5f8855715acadf66a5,1680,44951,https://yt3.ggpht.com/GYpPcEs7KEjwkAOwUVNgk5TZxyH3POuxj9egI1NYJMmhb1Ps56UgQpaLkvKkrwHR2ikQ5ZyQZA=s88-c-k-c0x00ffffff-no-rj,1674,https://static-cdn.jtvnw.net/jtv_user_pictures/a916c959-34ff-48d2-b459-9c4e0fe6c40e-profile_image-300x300.png
5ba11a0bf35147d499259ad5608a7de1,24600,1346050,https://yt3.ggpht.com/cBYQ22NzYN1H7ucAMWgcgRuRpE-5dbFjPu0xKcih16SdhGTblmdG_NBvyErWyDlQheIU3TrjMCQ=s88-c-k-c0x00ffffff-no-rj,4201,https://static-cdn.jtvnw.net/jtv_user_pictures/8834adcf-539f-4055-a88c-6872d7c26b4e-profile_image-300x300.png
5bbd1c2531594775a4b74928e630dd59,590,39347,https://yt3.ggpht.com/3COMkdHvDxZIHJEI6la6HV90JFVbAIhML_ZzBVngnSMR3O9R8hhrebQn2JB2-6KyTM5Mbag6=s88-c-k-c0x00ffffff-no-rj,3181,https://static-cdn.jtvnw.net/jtv_user_pictures/601b2707-af86-4699-8c86-cea58cb7770b-profile_image-300x300.png
5bbfc7c1b6584cef8c75f2f9044387d2,2650,121422,https://yt3.ggpht.com/ZY2krVIkbpU8iV1hKG2kI4qEswNG7S2tqRTyizkqUe8Y1N0zyKKcKPSMZTN3-XjCesmqp1YAdA=s88-c-k-c0x00ffffff-no-rj,,
5bc9033b30954bedb0e2442e8470d5a2,211,2605,https://yt3.ggpht.com/K54xeoDLoj0jDBwn9EKSQr0wu5mOn1rmuoVWtfoarPMJZviYsTMOsigPJjdHKEfl6WWsPDWeeRY=s88-c-k-c0x00ffffff-no-rj,,
5bd39e2c6dcf4ff19436d8a5fa069464,27000,426554,https://yt3.ggpht.com/--AhD92lW1Urr91pnzXpKwEyKzqjCzdvWu01Z4st77e0-OHhXh-u4zFrOOKYdxBz2NKLMF-oDg=s88-c-k-c0x00ffffff-no-rj,1239,https://static-cdn.jtvnw.net/jtv_user_pictures/361d6227-0d75-4284-ad32-cd510b82c59b-profile_image-300x300.png
5c164e07f385482181bf3289b030d748,1720,78649,https://yt3.ggpht.com/avhYAMCCVXEBja3jixccmsiAEu7dmkSmgercXTvsgmT2tYfS23YrARGxurGGKVK6UtOU1P1NPUA=s88-c-k-c0x00ffffff-no-rj,954,https://static-cdn.jtvnw.net/jtv_user_pictures/0d3784aa-85f8-4d6b-81d3-a900bc2bf122-profile_image-300x300.png
5c3ea93753724a63b32071a7a580af7b,323,16087,https://yt3.ggpht.com/ytc/AIdro_maNF10A4kPN895JU3fuZ6KkTn-dNFWywp9-2d3yE2Zl3zq=s88-c-k-c0x00ffffff-no-rj,1837,https://static-cdn.jtvnw.net/jtv_user_pictures/55ab664b-8d82-4200-a6fb-86ec3a81de0c-profile_image-300x300.png
5c4241def363418d9b7167d8369d0350,49900,2328800,https://yt3.ggpht.com/ytc/AIdro_nQA0Wtii3qzchU-xH3qWcEnPFJgi-NCzLvQOa8NwRLBfw=s88-c-k-c0x00ffffff-no-rj,43,https://static-cdn.jtvnw.net/jtv_user_pictures/5d8452c5-454b-4fcd-9ce2-5128d60de078-profile_image-300x300.png
5c5880d994854afbbea0a35716bce186,731,19188,https://yt3.ggpht.com/dgDHPwjR4NFWZh5Fm4l8YJftEEVxvtTycvvd6du9-RidbP2AAi178TNQcOxjYMwEGMgPT1g1LQ=s88-c-k-c0x00ffffff-no-rj,1804,https://static-cdn.jtvnw.net/jtv_user_pictures/d138bece-f62d-4b15-af00-420ca02474c2-profile_image-300x300.png
5c70a4710fca4b86ac63d56b0e894284,412,23287,https://yt3.ggpht.com/KNgZFCl4CzsADiugL0w8W6Q4fF-Ko-T5_X89hvyBdSueywNcam9beKdBTMiW-QgogMfbQLGd=s88-c-k-c0x00ffffff-no-rj,,
5c7beefaa54444e3b0443d7abd93c1f7,37300,3997787,https://yt3.ggpht.com/Zz0mS_d4hXgcAEcNzEl4lwuFuSWZfmCFquByNQc9VWnV35M2b2aX-GuLwP30-tkhIsGQud0u8g=s88-c-k-c0x00ffffff-no-rj,3788,https://static-cdn.jtvnw.net/jtv_user_pictures/8b65733e-b323-4de1-bfb4-500ad369313c-profile_image-300x300.png
5c85ca3ffbfc4ff6b0591c29fc92b7eb,248,5450,https://yt3.ggpht.com/Auh7utLAcJWLHRz1A5bbAF6AKYKfeAJf3yd7IReNiCuGFPkM4vKBZJTCgq4Y0yMCGHf4ltAUf58=s88-c-k-c0x00ffffff-no-rj,,
5cb1c062f5f94b44a41ae658f4a53f0c,6090,116784,https://yt3.ggpht.com/CiT_48_uN0lu-MKhd7y0yxgts0UWn8Z2s_f2bK6i6fNTlWlD2ScPxpRMjOserwbFDtaeKfEC=s88-c-k-c0x00ffffff-no-rj,11967,https://static-cdn.jtvnw.net/jtv_user_pictures/c81d9a40-be15-495b-9239-4f088be9aacc-profile_image-300x300.png
5cdecbd7413e4c9e9cb56373a186ccec,120,536,https://yt3.ggpht.com/LprvODqfzYdyFjrLpvMOlGmoSo_p9F0gmzS2CAneY05OSoEpqJAkZDS2cSsuLEzU6yu338BDoA=s88-c-k-c0x00ffffff-no-rj,188,https://static-cdn.jtvnw.net/jtv_user_pictures/a29e9a39-9feb-4541-9d91-5b31018994fb-profile_image-300x300.png
5cdf289b83524643af7ab2f2c8788adf,6280,237219,https://yt3.ggpht.com/N_rZQIYw0tDTbn0_iUV7TvLmQl7cTyM5NKWaKt0OJE7kaeqrleiMvjIxZcRsbruAPf1WKexTvg=s88-c-k-c0x00ffffff-no-rj,,
5ce810e28ea54f5bacd55573589f4e4e,1430,83788,https://yt3.ggpht.com/wjVb0M-_dLYga_6XXU98N5YPKfXoN9tkc9Rm4IsURWDUu8CtAgCIZ_JW3iP1UHnqxbXFHPXENQ=s88-c-k-c0x00ffffff-no-rj,,
5cfc673e9de1433096a85e9236895c79,543,15482,https://yt3.ggpht.com/cncNffpX3py270U25Ya1i8eozLEbTB-zswGxS1KX5CvqEVg4A7LshPvJSdSrz5ST4To8swN0Ag=s88-c-k-c0x00ffffff-no-rj,,
5cff30a1695346368e3ea7a7c7af4286,251,47777,https://yt3.ggpht.com/a_APzS7GNuSeqeLL3Rm5VMToyCGjo6F_w7tigZsa8i6j5mGiuW8BhELsCSj6uOn7ELYz5JOwnw=s88-c-k-c0x00ffffff-no-rj,704,https://static-cdn.jtvnw.net/jtv_user_pictures/9cc6d375-60d0-4c21-b160-f25dc2bff6bc-profile_image-300x300.png
5d00575c06d74f588238857d7dec1b02,20100,1521203,https://yt3.ggpht.com/osdoP3O0xJoyHcr5zf_s688m9EINBl7c-5vp5KSE3sEZJbmc01zTN80yH_pB23nDU416fBWiv0s=s88-c-k-c0x00ffffff-no-rj,,
5d02c4219e484617979165267cbd8d7f,1160,7114,https://yt3.ggpht.com/rg8sIeHTI4TgUsDZaFEZsfIYHUMuBGRXLOAYt6Zr4YQK1P-2DZcJrS8qAlgrY-DjhrKHR8zG_yI=s88-c-k-c0x00ffffff-no-rj,8,https://static-cdn.jtvnw.net/jtv_user_pictures/238134d1-cbf8-4786-877c-90147bb14c37-profile_image-300x300.png
5d1f5182f62642a8a2e3ae5d3ead1014,456,18944,https://yt3.ggpht.com/u_vpBYt4wj4vg0IzhSUSzQBYCakcC0JIjf1RhUFKF1UrKy7rRu_pcCFxoN0VZZ0T8NpK7Utw=s88-c-k-c0x00ffffff-no-rj,,
5d2231ea88fd474d8a11e5a759899216,9390,545926,https://yt3.ggpht.com/KNntLUdBW_BXhaJAO5kn_BG37xU4-697R_lnE53XyX05L4gJGyEgd2hQf0wU5HwuxYpEtw6RSW8=s88-c-k-c0x00ffffff-no-rj,206,https://static-cdn.jtvnw.net/jtv_user_pictures/9b3cbeb8-f4e9-473c-9996-52d0066a6a16-profile_image-300x300.jpeg
5d73e7f013034d06b58decaf4b2b385c,1540,27579,https://yt3.ggpht.com/z0vMPZBi1mUFSTy0s9n4LseqrSHVCaGfwar2satpR5toDct9vveurAV6VbDJv9OSg450k1MSRn8=s88-c-k-c0x00ffffff-no-rj,,
5d8a211269e449868dc84cc422ae0ec7,13000,325867,https://yt3.ggpht.com/7Qxd4JXBUpFNRbIasRHCH7pSTFCocqjMaAcv-WJnWar5NE3ZBRVUHEKyADdUDDUYHLNjCioHlQ=s88-c-k-c0x00ffffff-no-rj,,
5d903f62e014487e9ab21a48c19fc6ac,1370,41164,https://yt3.ggpht.com/-e44imDKFe7vOmC_uUe0TQxVv1LcNQ0FNDsm9B8jSyDyW8j_VOXEFy7XaoWja1cFccaGCSvyiQ=s88-c-k-c0x00ffffff-no-rj,415,https://static-cdn.jtvnw.net/jtv_user_pictures/d8330917-6d75-47ea-8e55-12ec5d71b8e5-profile_image-300x300.png
5da1b6db7796434f9180d2f5e210ea6c,2150,132389,https://yt3.ggpht.com/lKI4Q-8hKIue0tDrac_zc-6w99nyksaDKlonb56cn8Ed_nOoe5lphGn0c57uubDbfbQW6sCk-4c=s88-c-k-c0x00ffffff-no-rj,,
5da8c6fb027049cc8bc2030c56e8c489,2160,27019,https://yt3.ggpht.com/S0vBpfO_JLTORFOjpPRTcY2lCbTbi3aKJKPboCqb9QwGZ9kRnP_nzrsB3zLg8UCIBIPATO1nwQ=s88-c-k-c0x00ffffff-no-rj,136,https://static-cdn.jtvnw.net/jtv_user_pictures/f475fc1b-f9af-424e-ac66-77b1d6576a86-profile_image-300x300.png
5db725f32b5e4e1380ad64110b88c91d,2970,534189,https://yt3.ggpht.com/KEioUBYncD58Ybg2kjc8-1y_sKi8N6Alvbbdsv-abUDVP_TM0OPI3p75U-2jOlGry3AO2Re_=s88-c-k-c0x00ffffff-no-rj,1001,https://static-cdn.jtvnw.net/jtv_user_pictures/eca0446b-eb75-4c02-a0f6-d991ffcaaf6c-profile_image-300x300.png
5dbed684176349d28353d5293085cd9c,6420,221921,https://yt3.ggpht.com/nF2vnVuwIeNuNoSgGXBavggpFc9cmINsB5Vt1gAuAX4iuerxPg8oYMkM_X4jVSr_6TIhPWZp7g=s88-c-k-c0x00ffffff-no-rj,,
5dc565de88a948ecb092cce178aafe60,1750,470562,https://yt3.ggpht.com/nx1feeBBhi-mgCbSgnHgd2SROTfqIS8XBv-1N3ngxd9zgd_--8M6nZhK6p8iqSk0LLBFRHqc=s88-c-k-c0x00ffffff-no-rj,158,https://static-cdn.jtvnw.net/jtv_user_pictures/d989f374-d1f6-420c-a50b-392d6bf36504-profile_image-300x300.png
5dd38c1bf796414399e7c80092c1d984,203,58261,https://yt3.ggpht.com/YSevRzoKLuR_KW1bO4p5ZVE-mw75xbua-zDcr3GA3UjHYGLnL_p2aN1Nx5UltxqscpjRLP0nD2I=s88-c-k-c0x00ffffff-no-rj,20,https://static-cdn.jtvnw.net/jtv_user_pictures/f4fe165b-a319-428b-bd31-541412c002a3-profile_image-300x300.png
5de329cf8bc5410fb40ef38d117be94d,45,408,https://yt3.ggpht.com/aGbHGSODwYuMQPjpZl2cwO048tldgKwGYTc9Ow0Qpl28Rg2mU2eavwAcO9PyGNqhTdbas-RKhQ=s88-c-k-c0x00ffffff-no-rj,54,https://static-cdn.jtvnw.net/jtv_user_pictures/dd979d0c-49cc-4d92-baa2-ae2720019219-profile_image-300x300.png
5e0db06126544cfd944fc86a327be67a,9250,64587,https://yt3.ggpht.com/tSC3dEMos-uWhood-ihK9ae8hhNXFUzEv3J1FSLUAlT_rpt0h_d7ae88oV9GqlcJsfnQMhbpFg=s88-c-k-c0x00ffffff-no-rj,,
5e259658ed814cc894dfe408d10ecc6e,331,15876,https://yt3.ggpht.com/7ZyxGpP_IEJfgqcBACLBsyzXaMbEYKNq7uDV7-XrMxjEpgMIBgCnhqDIJFwe0WqxQhhcptAwyw=s88-c-k-c0x00ffffff-no-rj,,
5e5a5e77c39148ef8f31ccc1c63fdcd4,381,5749,https://yt3.ggpht.com/qaDPU5NES1VSL7VuIm1At0ihRcY5V4q0TLDXSpy-uw7kh_spca2vM-ibCTdYKvp7I3iz23kr=s88-c-k-c0x00ffffff-no-rj,48,https://static-cdn.jtvnw.net/jtv_user_pictures/5d500b3c-dffe-4e70-bb91-b5f89533f633-profile_image-300x300.png
5e931b583dfe4fdc98d10e4dceaf2c93,593,21392,https://yt3.ggpht.com/mFiQmmTrRbyNG4ZMgOjG8bu38LVRCIsbGtGNR3S_XoiKBXMMMw3Vw970h90Gg16NugLuVBbb=s88-c-k-c0x00ffffff-no-rj,1249,https://static-cdn.jtvnw.net/jtv_user_pictures/d2e37aea-ec0e-47d7-bd37-fcc01eca86a9-profile_image-300x300.png
5ea1e4c39e1640e4bdacbc872f264f16,227,8479,https://yt3.ggpht.com/E8j5_NM70jzP5LB2wxBFThYCYSsf8TawG5Qb28vq_UQhce_pZ9Zh7WXQRA0_geEHVW78OQWr=s88-c-k-c0x00ffffff-no-rj,,
5ed5801d24c7412fa3fa65a82124aad0,200,0,https://yt3.ggpht.com/C0fn7wyh54OqQjDZJ81rGH-9dM9WLWF8T-qYiz8SETXS_eIjDAoRM-Xaubqx2lddPtcwHyhvlw=s88-c-k-c0x00ffffff-no-rj,464,https://static-cdn.jtvnw.net/jtv_user_pictures/436b3f48-26e2-4bff-a865-6d2d5a3c3fca-profile_image-300x300.png
5ee3c46f62cf4b34accc313fb437581b,397,6421,https://yt3.ggpht.com/5m4fQFQqppgT1pKLzFbFpzPDz8ZFISxbiFpf48v87fHJ0WAbMZm285DI8xec8RbIt2KmbCBmIQ=s88-c-k-c0x00ffffff-no-rj,,
5f0afd7885894861925e7030c096297e,7520,340957,https://yt3.ggpht.com/3bt5oaC26e3GGuv9pMTX0uSpFwRaJbnBUvKyaL4xZC9Ybm9x_mIGoqmvR29ouFCNvLwgqTjO=s88-c-k-c0x00ffffff-no-rj,,
5f12df329c6144e1a6c596f4fbcb9e81,69100,4470801,https://yt3.ggpht.com/OpKpW7ykLbNSOpcAwHVl0uAzavFSJOaaJV0QP2_lZPzUafUrj6pgo2PDcWiJThr5Iuax7AiXMao=s88-c-k-c0x00ffffff-no-rj,,
5f413dce55614542940c58900ef1c82c,985,21890,https://yt3.ggpht.com/1AZaeQ6jbvr2oQePs0j_w8csSIt3gl6_JzD27WZleET_4LCCkA9GdUNHoBwOb12sj26N6wCNNfw=s88-c-k-c0x00ffffff-no-rj,742,https://static-cdn.jtvnw.net/jtv_user_pictures/5ac1b44c-761a-4737-a25b-a90ad6e3f3e8-profile_image-300x300.png
5f68c9b585ad40c0ada7697c9b7f5055,,,,5523,https://static-cdn.jtvnw.net/jtv_user_pictures/b3356e68-469f-4d31-8cf9-1de5f9ddedc6-profile_image-300x300.png
5f6dcf3b9b71405498aa07a2b80cb5ec,569,93030,https://yt3.ggpht.com/T1cZFZ25VG6QqWQda1Hnu_ROIeD9SW_hZv96t1C1BAWIZPt5mWL8BtV6hjo50vcXGwSIAvjimHI=s88-c-k-c0x00ffffff-no-rj,776,https://static-cdn.jtvnw.net/jtv_user_pictures/e690f8ec-e528-4918-a52d-cacdea8fd36a-profile_image-300x300.jpeg
5f8e197a06bc453e8d9e0a1c6cb92f1c,673,22175,https://yt3.ggpht.com/KbFQSJWSb-q8nZLM7XkZmDHn6hAVMV_CPE1T2s_w1b-0soqyYZi8MIHx7ve1MfbX7PxqiGFwYQ=s88-c-k-c0x00ffffff-no-rj,1447,https://static-cdn.jtvnw.net/jtv_user_pictures/5f5a8fd0-3163-4b4f-a298-333150360b9c-profile_image-300x300.png
5f9767b104b54292bf6dd29863c0c6b1,2950,162838,https://yt3.ggpht.com/4iHugmcDX6vxeBafEwOPrOuOx2CraIvnfUofIEeX7YXohGipdCDeZoTSunOncBCCI3YQb07Z=s88-c-k-c0x00ffffff-no-rj,,
5f9ded46df28474bbd1470d761700f30,1030,641512,https://yt3.ggpht.com/S8hoEOQ9a0fbmd7rBqvT52In0k-jg8g17Oe-AN9kPArfXNmpc9viL9HTzHEgAh5SPgJfPqFq2Vk=s88-c-k-c0x00ffffff-no-rj,769,https://static-cdn.jtvnw.net/jtv_user_pictures/0c05dabe-0d0d-4c47-b0b3-12051baa8dec-profile_image-300x300.png
5fa2dee0fba64112aa476441cd6ff982,2760,77414,https://yt3.ggpht.com/Hma8Bipt2x8HnLKNKrw_USubA6edQwGxr0yGHlA7KC9Wi7Vx_nRgJqTfEe-BxszS-g4IVkHUe7o=s88-c-k-c0x00ffffff-no-rj,,
5fbcb045887b4a87878773dbf5f63e26,2560,87574,https://yt3.ggpht.com/BSqUw5I691akWW_9jhk-Usu9G3zwGgLi5gLDhmGdD9d4b-eQllk8c7vhADLUUwUM5CP3bwEl=s88-c-k-c0x00ffffff-no-rj,,
5fbf4f6751f24d03a5723670cd500aca,420,10664,https://yt3.ggpht.com/qJLKxB1HUavUpqXEwmWtHHO6gYEg0jguR9_maFP6_pf1yYGrZ4k7uD_ORbfQF0I3fA-sevEmDQ=s88-c-k-c0x00ffffff-no-rj,782,https://static-cdn.jtvnw.net/jtv_user_pictures/d32c12d0-6729-4a63-97f9-a2b2d6343a45-profile_image-300x300.png
5fc94cdcf7594a3ba5ce001ba405d3be,6770,344146,https://yt3.ggpht.com/vs8kiAX2m5JSPMJVAdUKOKTZ5KJRo8G5NZPE8DlTH7zhi4wA40iJrGmnO-n-SN8qafc-ENkNgQ=s88-c-k-c0x00ffffff-no-rj,1360,https://static-cdn.jtvnw.net/jtv_user_pictures/6d94a820-8478-4f48-87cc-08610067f469-profile_image-300x300.png
5fdd1d15cf404c918b0f697baff04218,38,0,https://yt3.ggpht.com/rEM4VY9aGLLXRUtETDyXmNidZm3KDjaw3qDmhmb2zhRSZ6VpQeNE7EgPbqnUhXifrF75jteocQ=s88-c-k-c0x00ffffff-no-rj,1624,https://static-cdn.jtvnw.net/jtv_user_pictures/e1346e12-6846-4b52-8f31-b2667f8ebcbf-profile_image-300x300.png
5ff20156ebbf4390a3573d6a94aed8df,1430,48883,https://yt3.ggpht.com/UKfkPekPq_JImS8PnhpsaGbd9fBbTdA25MS95JhfQV4HHGIS4zpkQUjqXJ2uiaNcWUQYXNPqeQ=s88-c-k-c0x00ffffff-no-rj,,
601b56797a3246f49cead93e9e190a49,3710,145545,https://yt3.ggpht.com/9HtBWRZkNMBH3FC0lih8v_GWE_iaNq6EP6viemovR1m5LM_wVIIbKuDzL10mrgSASCJwTy32Imw=s88-c-k-c0x00ffffff-no-rj,,
60234dcffd2b42f097a78aaf121d410f,2370,48259,https://yt3.ggpht.com/mP5gmI9O7zi1vTEDTnIhjaZq77Hy5wu9WIsyDPYeuu_4fcaTy7BpOjSRZ-lMpWNEsPKoo8S3Ew=s88-c-k-c0x00ffffff-no-rj,210,https://static-cdn.jtvnw.net/jtv_user_pictures/a4cc169b-1703-45f0-871f-e35eb9691a51-profile_image-300x300.png
60282d578bb747b8b232dba81168a5b6,40900,2339297,https://yt3.ggpht.com/PLbd0YlrEoBZpEDTZxGWrNVkETr6CewUQNHHJnqe3AWLKqfcLC4dglCMp76k-6h9FER66IxikA=s88-c-k-c0x00ffffff-no-rj,,
6037df04e04745699bff00fb7b0d1fd0,3900,121223,https://yt3.ggpht.com/k4FYFDJRoAbK_CrC_ik4A6syFrmD_ry5y89Neijt_dDIV18-U-GIZDrfuB-8ElKjuBA5U7soqQ=s88-c-k-c0x00ffffff-no-rj,,
604dc5a26bb54f3d8a69c9df659d23d7,120,1575,https://yt3.ggpht.com/ITkUUos2QDGqB-8vc53F7cymWGfPZ-FECIIkkPz6fd_zCTPbcIwsm_b96sMSOBo__oxl7hNX=s88-c-k-c0x00ffffff-no-rj,532,https://static-cdn.jtvnw.net/jtv_user_pictures/4dbf9671-8c6e-43f3-bc5c-8e0bf1eb9b42-profile_image-300x300.png
60602526ae1d48688c23a74b3cb527e8,2000,81180,https://yt3.ggpht.com/9ViEojlkCc1vplI1R-UxVsY08o4rNZl555lKwtRCwKIFBSnpSZ68NjlUeOGtVUotKwXFd7KVXyg=s88-c-k-c0x00ffffff-no-rj,,
606b5d09425246eda64b4c462ecfbcb4,92,1030,https://yt3.ggpht.com/vSoC8LdU5A3XaorjTs8B25StYrtp0LDdoQ0wktLFhALl6dji7qy4e8kmo1kaXC-BUTkZUNqJDfA=s88-c-k-c0x00ffffff-no-rj,,
60716febdfe949248e8f67d85634bec5,21400,8054065,https://yt3.ggpht.com/91acr-FAschSleOVB9oLWgJgEbpG17iijeyBYl9dq5UoluvfLlsVVoStwr3efa8RCP5Hu3hRraI=s88-c-k-c0x00ffffff-no-rj,,
6073eb006b764614915e90b5c54ce7e6,4530,244354,https://yt3.ggpht.com/TcwyCYz4AtOAN-HjDNKWLKsEsNJiNr11VedcLSPdpX7rje1_zUC7Q_apN3Ik5iw0USnu6jznqw=s88-c-k-c0x00ffffff-no-rj,2941,https://static-cdn.jtvnw.net/jtv_user_pictures/0ec3fb31-28ba-46dd-8c94-299f11b80d7c-profile_image-300x300.png
607a7be9721741c48e2901609c294ada,910,72944,https://yt3.ggpht.com/K3u6qwP7IZivgtWniLrbrfbsB3RfQpWC8k9abEYy0DVEeGWdmm0IXVKb_EUUP6bXPtSPeLHRYQ=s88-c-k-c0x00ffffff-no-rj,1548,https://static-cdn.jtvnw.net/jtv_user_pictures/f5d87dd7-fcc9-4e3c-ad1b-0ea679dec346-profile_image-300x300.png
607d6173383c4118a32171fbcfc98e60,985,27266,https://yt3.ggpht.com/tThvGFhkzSffA3R9-KGBn1KXcnmDRcO5OgFu0_X1Z5MgOIcN5NEo47o2KU2KhYR3YOb-ov7WJg=s88-c-k-c0x00ffffff-no-rj,12642,https://static-cdn.jtvnw.net/jtv_user_pictures/61aa7748-a79d-49b7-98d1-426d1c0606ed-profile_image-300x300.png
608b617ad99c4f18b97d10560e254b4b,805,19969,https://yt3.ggpht.com/WqBuy9mJLv_qOop98SgFs43-fGEf0tGF8fuX0bGs0Va85-vxKUwoIBQxKFfma-4aqDQwhIiO=s88-c-k-c0x00ffffff-no-rj,,
60a400d6a5d841f78b352675c383dbef,1580,37128,https://yt3.ggpht.com/L2K-GQPMCMFwGuauVNFfTotFpdzoyGzkQaZaJsRdh6ZlYOgQNYIERWorHO12NHXl4srRxuPwkw=s88-c-k-c0x00ffffff-no-rj,,
60a64aca51ed4528895fe35b08231670,351,9512,https://yt3.ggpht.com/50ICUlbq-R9lEv_gtfk5qUe35T2WLVjMo5YZgV7Ds4cKaIxYhn5NKYHAY4C-96TTWagMvCEx-w=s88-c-k-c0x00ffffff-no-rj,322,https://static-cdn.jtvnw.net/jtv_user_pictures/87e36bdf-f71a-4921-bca5-f03514679a93-profile_image-300x300.png
60ae2b3fd2254689bb65c216a0a09605,6080,146053,https://yt3.ggpht.com/riv3JZ469MKa6F84BpXdRyPOfVX57s4s0f40FpixkFXUITy3tsQyEG2avQGkY1mKglD5hSy-WQ=s88-c-k-c0x00ffffff-no-rj,119,https://static-cdn.jtvnw.net/jtv_user_pictures/7b046b13-e391-4cfb-a17d-ea25f4fc27a8-profile_image-300x300.png
60cc7f18c0fe438280af5a81b31eb923,,,,2210,https://static-cdn.jtvnw.net/jtv_user_pictures/fda60072-43da-4eba-813a-145d21827560-profile_image-300x300.png
60da3bb357d64f998006b8ca3043fd00,530,18478,https://yt3.ggpht.com/X3F-hIfZi-b3378yjFsUVpSXAXIu64SlweBwV_1kSdTKCG-ODQrjXJUoMJU4FgPsQHshydwx=s88-c-k-c0x00ffffff-no-rj,,
613b1c970cbf444980eba674ab40d807,4310,148192,https://yt3.ggpht.com/jxRVGYoXyTqU3DRvrTe0DnfyvLFl5Ncw4pcq-Fw2wDXOaltxlRqc_xY5Sz79Kif8TIjwUaxTng=s88-c-k-c0x00ffffff-no-rj,,
6159040406fc4e6cb73dbf9734717703,650,99957,https://yt3.ggpht.com/wUXV0wA8YLeAoeMj5R1RYaUsxp8O2tXx9MCwKsRumzGilNYOlgTh2a8nw2MS2BnrG7qJt3laQg=s88-c-k-c0x00ffffff-no-rj,2140,https://static-cdn.jtvnw.net/jtv_user_pictures/383d7a45-6047-491d-93bc-9f0bb624532c-profile_image-300x300.png
61960ee5da5144fa9dd18f453f29c1f5,176,1676,https://yt3.ggpht.com/nuTVLP5v1S6ECbRIZZAdmA4HGWkBNY3Zj-PQHrBNv3gCOkCSy5zUreJYdXs1_wQEZZ5vC6TA=s88-c-k-c0x00ffffff-no-rj,,
619f48c4546c481bbc52aadc12c3e48f,318,1804,https://yt3.ggpht.com/qADf1qYNvLdZKBFDw_lFLBsA6Lq_df_M1dO6hbRgvb_8aHQ2ygPkKI7jpT_WSg3pyNSVdtuNZA=s88-c-k-c0x00ffffff-no-rj,1516,https://static-cdn.jtvnw.net/jtv_user_pictures/816590d8-513a-45ad-abb3-20618fae0c30-profile_image-300x300.png
61c75f9fbf044b54872197eec7c9bafa,646,178579,https://yt3.ggpht.com/cPUGVyakH2mdUw4FRaeDtfoVqaCT_Xf9e4uhwam_weNAg59OACus5ciTL3ttAcQ0kolpTat61fk=s88-c-k-c0x00ffffff-no-rj,,
61e81c6f534247b486b8125bd34fa960,1190,62426,https://yt3.ggpht.com/lni2ta5jCcF_m8iTWT67VJ_mVAlS84zuYs3-0jwGgefa7CqoVpeySfAAdMLRduZHknMBEQPrRco=s88-c-k-c0x00ffffff-no-rj,18879,https://static-cdn.jtvnw.net/jtv_user_pictures/b38832bf-7385-4bac-a80b-1431a23e2927-profile_image-300x300.png
62080edda26345efbf8bc2bab0ab4136,1190,23068,https://yt3.ggpht.com/eIEM1IMFKi8z8zYXLGePRmK43GlE4ExGJkNsAPrL1cLYu0vI16rIc1gcJNlDe1lKIB8UdxbiYg=s88-c-k-c0x00ffffff-no-rj,,
624948114ff449e79fc17a68a43ecd68,202,2147,https://yt3.ggpht.com/nTlbhLiq6ddoin55bEfrtP95PP9O0PvJ49XY-DuRkGlqUt00QzL8K6ygpnF9hhZBTaQSPP58=s88-c-k-c0x00ffffff-no-rj,721,https://static-cdn.jtvnw.net/jtv_user_pictures/1b197e3f-bf34-4ea4-a209-a07c02643bcd-profile_image-300x300.png
626750f4e7a745619c171c44fb1efcc0,35300,3433798,https://yt3.ggpht.com/9e0jsQzFH7SMXotEK2_UxjVh2ge3tcKxx_0ZL5GRS-A7KWjB7rXo8odHH1DYOfyc2nE_U_GS=s88-c-k-c0x00ffffff-no-rj,7277,https://static-cdn.jtvnw.net/jtv_user_pictures/513a56fa-aa70-4938-a231-39b1adce5c21-profile_image-300x300.png
6274e7f2acaf4d48b5fa569168f9468e,397,7581,https://yt3.ggpht.com/-ut3_laHgkJkuzWNwjZ_ep0eHizPEptwG0AlF1yLcr_iRL9pmgYf4MGXvaiq_T1G41sHsXdWUw=s88-c-k-c0x00ffffff-no-rj,,
627d42f52e604f3e8eadc7f04ef74d2a,4120,56941,https://yt3.ggpht.com/pR_seFo7N8_KyHM-rjQiSUMExoX6g7O5eux1YHwD3-vATs3FlJlf81SUPO_OI8znmYZGYazj=s88-c-k-c0x00ffffff-no-rj,2292,https://static-cdn.jtvnw.net/jtv_user_pictures/2c068aed-16a0-43e7-8301-2f8854284dd9-profile_image-300x300.png
62b7ee328a7b42b0a1da0ab3bc22d1db,696,45664,https://yt3.ggpht.com/Q_euQANX6YwCTj7k8gBSIMHCzY7ATppFo3EOx-UWk_bjFa5B2xRZl5bOBv1aynDnI_NDieVh7Q=s88-c-k-c0x00ffffff-no-rj,931,https://static-cdn.jtvnw.net/jtv_user_pictures/a8e12d4c-1b57-42e1-b050-e1ef170c00e5-profile_image-300x300.png
62ca936be6c645a7bf2222b67086800a,457,125146,https://yt3.ggpht.com/aZThi8F0p6H9Qa5sFDrutDfAs9dSCyptSiYoemB72F_XG2XxbFyfJip1jYaipl2yh7JW5lYV=s88-c-k-c0x00ffffff-no-rj,1070,https://static-cdn.jtvnw.net/jtv_user_pictures/66bd2443-6307-47a5-bdb9-58bcb53e8f8a-profile_image-300x300.png
62d6466e900941d9b516c95cf222aa40,2370,2243,https://yt3.ggpht.com/_sNh3Z0xzEQWDyOgLxobjUs5aHD2rgGlhiDBYV8-4kjXvgIKP_QEZIHmvISaVI_DVJvNuhnYJg=s88-c-k-c0x00ffffff-no-rj,499,https://static-cdn.jtvnw.net/jtv_user_pictures/c8d14b5a-c26a-4727-9f15-59a21b792c25-profile_image-300x300.png
62e0c4a2dc274095a08c49a7850d3b78,2480,36359,https://yt3.ggpht.com/ytc/AIdro_licJVjJF32OQVE7Rz0hbOsfcDQCaVy6Np2_1UJQrE7dJU=s88-c-k-c0x00ffffff-no-rj,1635,https://static-cdn.jtvnw.net/jtv_user_pictures/238356dc-d9a8-4f2d-8084-5709346a0fb0-profile_image-300x300.png
62e5d9c4ad1e4d7a9fb61fe531c4b940,35500,1376786,https://yt3.ggpht.com/tSXNk3_uK2_XYGYh4cF9LsBFJWsW5KJf4HvQwR5rHY8PxRJc0gRwS1LzGDK9Em-6I5TMoLD3Xw=s88-c-k-c0x00ffffff-no-rj,,
62e820e937ef4f4aaea0073bc5b21063,5190,132622,https://yt3.ggpht.com/qBRsYjtenuSYuJLgOPqueC0mpmTdE3hJ9Rgdbn5-88tOhUis0eTPHgUeM7L6ef-J_T2OghML=s88-c-k-c0x00ffffff-no-rj,,
62f0f99b50d84bef91d06efdfe1c011e,4630,124987,https://yt3.ggpht.com/8ZgcP24II-VnlwUex97MCkUrs3Ny0YA7kpvcs5i_44ktXGKNistHtauSZBadvQNxMLkpA8xN5R4=s88-c-k-c0x00ffffff-no-rj,,
62f37fa0a2f44083945f03db36e50dff,1810,35049,https://yt3.ggpht.com/Gwl1FpXAIUzq5HWyAO8jwToVtg6T2mb0XzUTXGrOnxnKkxaOfrx_o0Ah6evV3c-jZW5Yc-Al=s88-c-k-c0x00ffffff-no-rj,,
63730ec82db64ce5a51464cf24f9a4aa,223,0,https://yt3.ggpht.com/mOsKpfZbAafsVX_8VcVadrbDTjKvEvfYkz-cRSH1BLY0SIO5Ukv5gQqmVA7VxBDrNwZUECDJ=s88-c-k-c0x00ffffff-no-rj,407,https://static-cdn.jtvnw.net/jtv_user_pictures/bd6260ba-64f2-4104-a049-f26499ca7973-profile_image-300x300.png
637b3a1eb03443248ebd1caba56e6b5a,2510,100027,https://yt3.ggpht.com/DGGdjnoU_c5qjlknECPURnJPokFOEon2HsSVek5ZI3U9td1SbWXnmgD4ceUaakdR2Ff9f7hS=s88-c-k-c0x00ffffff-no-rj,,
638a58178dba428ab9747f78bd69b7ab,15,48,https://yt3.ggpht.com/kjsq_CpIqA29VuZ1E_LfnbpzWgES438QmNdzL6z8WH0auDj6ZPdGr7mo1xU6VrIleE_0TWuC=s88-c-k-c0x00ffffff-no-rj,,
63a55bc5320e4f148ed0abd7991b0e01,9660,600857,https://yt3.ggpht.com/rZYIjDiYLY-OuY7FTmibtnGtpyk6hv_sV_3sQ4mUW1sYrAtPExBeTCo6de4x13K4Q1sjuutlNl0=s88-c-k-c0x00ffffff-no-rj,6718,https://static-cdn.jtvnw.net/jtv_user_pictures/5fc3933d-a7b8-42c9-8a23-2e4d2ee5d424-profile_image-300x300.png
63adc221665b47e6b9d638e66029958d,793,21141,https://yt3.ggpht.com/hS6q7nrLRjy2OoId9S9yjdlNT5FcUseHmne_45fM4rgCid7zNsgLE65FTISEKNnzY33LkOdTlA=s88-c-k-c0x00ffffff-no-rj,173,https://static-cdn.jtvnw.net/jtv_user_pictures/e48c9df6-d9ea-43f5-bbb3-782f5185914b-profile_image-300x300.png
63f45366143549d8a2d26406445e0077,3170,139616,https://yt3.ggpht.com/wfKZXX1x8OFqLukPggALbn4pZosGtGnZXSLe-WHA2jzjFq9ago6jjTwABpdzO-MpFxeqmDrd=s88-c-k-c0x00ffffff-no-rj,,
6417469030e943748dfdba4ee26a08e4,2780,89009,https://yt3.ggpht.com/IyLeQaTamrmrOV2m2IQFMU88cQ54lQQY2mwXfe6K1che8fBmmkZ3V5zqCgOq98tKp8Uw0LDG=s88-c-k-c0x00ffffff-no-rj,1021,https://static-cdn.jtvnw.net/jtv_user_pictures/e8b8899a-0df7-4282-ac3d-f86f77bac970-profile_image-300x300.png
64199c3fe4914883a1a9b4a68dc332be,414,6403,https://yt3.ggpht.com/4ve5dVq5fN2oPrfBdWlMTMc5i3q63Zt3Q74X6UyCWY25EGs9rB2FCIA9wEoc3BmfETgMxXisXu0=s88-c-k-c0x00ffffff-no-rj,156,https://static-cdn.jtvnw.net/jtv_user_pictures/20cc0b12-8bef-4201-8abd-d9417ed48cc7-profile_image-300x300.png
6443d56896a848dd820e339b5f81e292,2770,67245,https://yt3.ggpht.com/1fuvGZbXRrABXPR9S3yqKj-8b82B8q9zYlYdW6cQ45vHwXJFovOuyKtdq546byF6IoU94IcS=s88-c-k-c0x00ffffff-no-rj,4225,https://static-cdn.jtvnw.net/jtv_user_pictures/9f246836-05ff-4201-a0d0-82d01aeb14c8-profile_image-300x300.png
644e669aa31443fe9a61a14e75ebd21e,,,,6995,https://static-cdn.jtvnw.net/jtv_user_pictures/d79ab95f-749f-46df-8ce4-7015027d5c5c-profile_image-300x300.png
644ed2200e8a446bae2920103d1015e3,2640,85189,https://yt3.ggpht.com/a5I4_CSwpEHpofP0rOeR67-IR5EWnvUIE1VZ84q91YBPvmXhAOGctvwJPYjPHYEfLOPH7NUxkw=s88-c-k-c0x00ffffff-no-rj,,
645fc774332a469ebd03f1a822ebe2be,8910,658197,https://yt3.ggpht.com/GUK2RmI6tC9E-keER63CkdkH9ebhIFdmAyK5O4W_9g9RlvczFuhnh2PtujeGZvj3HVzwD0ARMMo=s88-c-k-c0x00ffffff-no-rj,,
647a4992105c4f18b92239156e0064fb,948,20982,https://yt3.ggpht.com/zL1oBSqAZIKkLHlA2EGsjMGadhtYuG4aqhJxK7Lpg6LTWifEkJKiagKo4aR-ZLnzq2eO3nzzQg=s88-c-k-c0x00ffffff-no-rj,149,https://static-cdn.jtvnw.net/jtv_user_pictures/2b9712dd-b58f-4606-9316-959076b82997-profile_image-300x300.jpeg
64bba754590e41c5b58df1c536d4e865,2370,64431,https://yt3.ggpht.com/iHn94kTZ7vIDmqI4DxNKAeBNAoQP6S2thjnsy0AFJtRO92buAj7Rjpi5Hangsn4fTqLI_LgToCA=s88-c-k-c0x00ffffff-no-rj,382,https://static-cdn.jtvnw.net/jtv_user_pictures/1d1ec9f6-cdc2-46a5-8d16-c64f7f48a3dd-profile_image-300x300.png
64c779f8cc214e7a9b570c7b3fc128cc,46300,3361295,https://yt3.ggpht.com/lAuMyKZGeWQ-BUU_yxzIRKUiExUr_fOviXg1NeR2Eix54aT7hhCdvcJAzSali61Y0_sWS7NF7Q=s88-c-k-c0x00ffffff-no-rj,4851,https://static-cdn.jtvnw.net/jtv_user_pictures/9e883a80-4506-43dc-8b19-d3c19f53f616-profile_image-300x300.png
64d9adbc552c487db0cdf42ac3845e18,447,36505,https://yt3.ggpht.com/FQN4jJ0FUzmOSp1HrvMtdRFjNbwGrd3JplCTgQFowSsx_u0xCX6s7JjCuXNolFBiPCz_Qa2VS1k=s88-c-k-c0x00ffffff-no-rj,68,https://static-cdn.jtvnw.net/jtv_user_pictures/4e4f1017-17f9-4bb8-810f-4e5a256dcdeb-profile_image-300x300.png
64dc8c2de5de4c43906e515ec03f79c6,1230,77107,https://yt3.ggpht.com/f9hxbaxtuMc4wCyn03cQ9bl5bBs6FK6GH_8ZCoUKh3P9A_lVaY-L4CljWJbtzbbyYQJJ8-4T7Q=s88-c-k-c0x00ffffff-no-rj,,
64e20992295c4be984e9af0a470d6440,342,4288,https://yt3.ggpht.com/r7bMCqOhjIe2J9ctrY83YGntrGYtuWsdPK4jvG5Ygri03K_BCCu5HIaYbBZbbyDXkpsVuMvPSNs=s88-c-k-c0x00ffffff-no-rj,5026,https://static-cdn.jtvnw.net/jtv_user_pictures/f219bee7-d856-43e2-b29c-3308c83be20e-profile_image-300x300.png
6503172c78774a0fa639255ac2e7e85a,443,15132,https://yt3.ggpht.com/_ZwQAUCkTK3K5s2HmTVrk6paFAqzcp7BFpUtx8Ceutx9awQjvaulsYC-yyXiZLQp8K6Qso68=s88-c-k-c0x00ffffff-no-rj,,
650652d2db7b4c1bbc27a201cff37639,7470,243037,https://yt3.ggpht.com/94B3f91b57p2rmdVc7mMLKzOFVUoioDy-FW9XdG3GlhCDFU_uT8MnLF-v1_nluVU9rJFtW_CBg=s88-c-k-c0x00ffffff-no-rj,,
6510332f58be4d86b0007c77a622c959,1710,219693,https://yt3.ggpht.com/ta8-MIj-sZLPISRhokvf8hGawypq36dQLqRFZ3ZBAwZ4-k_9T2szNlMJg48j9jbxHeGkcVmc=s88-c-k-c0x00ffffff-no-rj,2490,https://static-cdn.jtvnw.net/jtv_user_pictures/cc890d99-ba86-4c88-9b69-1b85fc9efee6-profile_image-300x300.png
652b28416c394eed93337f121c0dcbf5,258,8313,https://yt3.ggpht.com/svu37lNTkDKdT8-uUGT8a5oskQ1v2nh6rSHJC1y472L8VztAEeSAZHIBM4M_iEhL60LmWESEcww=s88-c-k-c0x00ffffff-no-rj,,
652d06b0251940bea32cd69dec3057e6,2470,96027,https://yt3.ggpht.com/tQDItejw8YgC71HhV-g9v29J6o9B2BwWKZ34lpi3pmo9bvr9nGpFUT6Uc5dNB6e_FXOsoHEK=s88-c-k-c0x00ffffff-no-rj,,
6542ad533b67427ab99e5b2277ace17d,553,14748,https://yt3.ggpht.com/XBxm13GKtAK2bQZfheagJ89DY2qQkRKPFnM6nu1leIB72pQnZplLs8Hnd3nzMZOkIm9Pj4DJUw=s88-c-k-c0x00ffffff-no-rj,,
6559d42f66684b8f80b4cd4589addd85,11700,642158,https://yt3.ggpht.com/RPorizQTa7PtsOmOy1uYCcc0VsF6Xrmy6cEbqARJN1PCMPvrZ7Lsx8C8gtp0tWAGEhSqZ4XqGQ=s88-c-k-c0x00ffffff-no-rj,3510,https://static-cdn.jtvnw.net/jtv_user_pictures/d5862694-8fd4-405e-8fbb-a271afee1c9e-profile_image-300x300.png
656455380d524045b9f75d6082563f94,12500,1105446,https://yt3.ggpht.com/ij-dGWn70fztD7RLYJSMBW4hmF3wT_tKOuwmNUd9us3ZgVji3Zp1egs_wAVxTCSfMDXGf-Y=s88-c-k-c0x00ffffff-no-rj,579,https://static-cdn.jtvnw.net/jtv_user_pictures/10788eb9-4165-4516-82bf-a1baa1fded09-profile_image-300x300.png
658e63bebdca421ca934b0bf6aa2bcd8,47500,4260011,https://yt3.ggpht.com/usrPN9Vwg863dZB7tNw1u5fspyWgOr85Ei0St_ZSdirBbbuEFfkuY_p6OSJhpC7lAAiMX0zPlSk=s88-c-k-c0x00ffffff-no-rj,10292,https://static-cdn.jtvnw.net/jtv_user_pictures/03957ffe-dff5-4e11-bda1-8a735532f2c1-profile_image-300x300.png
65a06925c0fa47649984627f5989ab1c,2980,0,https://yt3.ggpht.com/hu3vhmnqyjydhifvZRFCArDA7MzORdZPikKEfZcGz--FR6LmDvBGtzw8YYwFBDhBXlt7c0-7kA=s88-c-k-c0x00ffffff-no-rj,,
65a52797bec24b9bb2df5201068873a4,2320,24301,https://yt3.ggpht.com/iUzusU6G3zLCM6xRK3OsJIwBJQBVeH3XyxWDAipkrMg-ATvBPZ8BB2dVsDNrEK7thHnHSjb5yA=s88-c-k-c0x00ffffff-no-rj,,
65ab938b60074946af1ea65a002c70df,6810,1931916,https://yt3.ggpht.com/ZgYcaFvMw04LaKUOm1Ciy8yux2d0S4VYXs5PD7OAAfPJcV8E-srjnk7TZnuri7bbHWlTWfQd=s88-c-k-c0x00ffffff-no-rj,571,https://static-cdn.jtvnw.net/jtv_user_pictures/21fae498-b4ba-469c-9d9c-d66c8c6f1051-profile_image-300x300.png
65abc9bdfc964ec39f4ee1464a2011a5,34,85,https://yt3.ggpht.com/irDV8hr51Vx7qYKFp_CM9JDLxoOqKsDUCQvROyFXsYzmajV-qCSVv00kLwSOojmyu4HbVpFrUN4=s88-c-k-c0x00ffffff-no-rj,443,https://static-cdn.jtvnw.net/jtv_user_pictures/1c782a9d-550a-47d0-9539-8463ffc25f62-profile_image-300x300.png
65c0e7f6562d419e944caea644836c1f,1330,38016,https://yt3.ggpht.com/GlwmQOkB-EnYQPLp-nsOQrhJdHz7hqCl3CC2ao2pP8n0fmeHlxhKAq_A2MQqTl5AM6_sfsDUYA=s88-c-k-c0x00ffffff-no-rj,234,https://static-cdn.jtvnw.net/jtv_user_pictures/f4ca281e-1990-451a-8c36-8de000478fac-profile_image-300x300.png
65d2f574783c4c6297aaa915a891acda,4230,14380,https://yt3.ggpht.com/4K9JNj_Z6MCKjyVeIE-oiyS5tSg5SslCgj0pOkGxihRdntRywFdEzfc_x8HvcIGaTW-HMh-l=s88-c-k-c0x00ffffff-no-rj,,
65d554df176e4b849379d015fb333abf,9220,62467,https://yt3.ggpht.com/GYnymx01GHCUBglUnANzygP8fhvKjZXwvqTtl7SiEZ-bJ03ufx8OiB34zv66ZWphaCnmaWTe=s88-c-k-c0x00ffffff-no-rj,,
65f0266aa5484b4e9f244e856e0d88b3,107,35,https://yt3.ggpht.com/AfO8LtQ7CzIKpaaKiq__TflW81mkcwbGJ29Bm5KJt-20bprrthfxS5WDLX6SELSJa-xPM4tukfI=s88-c-k-c0x00ffffff-no-rj,434,https://static-cdn.jtvnw.net/jtv_user_pictures/9c6d9dc9-e5bc-4e30-86c7-f70cf1d045d6-profile_image-300x300.jpeg
6603f7e70b684a07a3dac687460bacc5,6000,189592,https://yt3.ggpht.com/ytc/AIdro_n4-fdD93pFXEIo2FGdizOIC2ncAuecg_8T9nMc-em43g=s88-c-k-c0x00ffffff-no-rj,1139,https://static-cdn.jtvnw.net/jtv_user_pictures/4f8fbd12-b41d-4e3c-90d0-c86e464efec3-profile_image-300x300.png
660531d691fb49c6a454bff9b0fb8c9e,31100,966009,https://yt3.ggpht.com/73IJQ05anKZzGlTyfrb3OwmWBmHM5TLQ13YiGcNCdv1eTrqsahadZNQE9WS4WFD5oZtolFidQg=s88-c-k-c0x00ffffff-no-rj,1036,https://static-cdn.jtvnw.net/jtv_user_pictures/c94b5be1-3e69-4353-b769-aede5efce5d5-profile_image-300x300.png
66097c1553b44a319b2f2ebe78a61d28,319,6348,https://yt3.ggpht.com/rt0BAkR0IvvVKsCI2HXeSDWKHR3PZPenEXetUFLkBmfmvQCMsHeOuw2zwQHHyrPMQpfLLSgnNg=s88-c-k-c0x00ffffff-no-rj,,
662341d52a8e413d8fe661c8da9470f0,2660,37309,https://yt3.ggpht.com/uYVA25gAOcKwV2rLsc14ZbX9ngCfw3pHyqE-3LahiY8O2TC2pRLsBqf9aOr5plOHcHAiOYFwU9U=s88-c-k-c0x00ffffff-no-rj,,
663275f544cb427c85f2adde495e7f00,,,,2475,https://static-cdn.jtvnw.net/jtv_user_pictures/bae492e4-4cd5-48cd-9ab6-75f5eca2cd73-profile_image-300x300.png
66345fc8147b45e99d6eba1b0df6ba7c,586,28398,https://yt3.ggpht.com/BLAntyblU33ze8B6BBXjChnnRjksmRXklq4Z8BB6qWxUnSnBz5gL5-KYaP-vtwQC3d5SA_V7gg=s88-c-k-c0x00ffffff-no-rj,,
664e1b310cf343b78623f99b31e40fae,395000,58714371,https://yt3.ggpht.com/PkCEg9620eDRnZEhP1wpyYz8hjktZaTwQexnwr02_833uRYTVPOp2pVK7KsnQMcXkVk4VL_-HA=s88-c-k-c0x00ffffff-no-rj,17231,https://static-cdn.jtvnw.net/jtv_user_pictures/bef57d05-91dc-4dd7-a057-98fccea47e87-profile_image-300x300.png
667d1f10770d4512a5350b74bcb3efc0,466,12074,https://yt3.ggpht.com/oo-FVQt5KOuzlShoVxZ0z19UC4me26yMS-hDmi6t1pc55bgRGknxEgkYHm-Q4Hs9bk9sC51KDQ=s88-c-k-c0x00ffffff-no-rj,,
66830cad0b9949689741b0dc5ef39d29,1780,47582,https://yt3.ggpht.com/g0thCLyYtEf199MjP0zjjufuA9G-kxQ-j3UGFUb5c7LaIVQUvnJkLteMH_733aqdNlaQiULSGiw=s88-c-k-c0x00ffffff-no-rj,,
6695a7e8f824489881f2c321501a36a6,404,22067,https://yt3.ggpht.com/6SqrhQrHTu62QF2xrDjc3l1CndUojKm0jF6pnrxL_8IsOYQ3oYShhjp3MiHIaO7WisAVQ7p3tw=s88-c-k-c0x00ffffff-no-rj,,
66aa1c91546a4cfdab43faa119cea04a,6030,152,https://yt3.ggpht.com/mvQcOadvVeztkNSv9WtYrtuBmS9vDloTxrdXOFN6FQ3NILXz84Kx6huSiHFLL-DoaVTZd4ASXQ=s88-c-k-c0x00ffffff-no-rj,3977,https://static-cdn.jtvnw.net/jtv_user_pictures/2344abd6-e49e-44eb-9aee-045c57895a0a-profile_image-300x300.png
66ab3e28c90a428bb98100cd9119a4e9,145,1057,https://yt3.ggpht.com/oUZcmzeupHgEWf-W1ZcnEw2kJkZB-e9LgMOcZVNlIc4PUQoYq-wm_zrMzh1hc1aMYQvmJgdVAg=s88-c-k-c0x00ffffff-no-rj,,
66c812bb04844241af1d1c7539b5e251,56000,38298544,https://yt3.ggpht.com/hkqu9_JVuFqKKnIlhSNjG4xgZc1tXV37pk1OOBAlq2xysIJzr4LYfN8yX9NAUCtHTDyrz31J=s88-c-k-c0x00ffffff-no-rj,1086,https://static-cdn.jtvnw.net/jtv_user_pictures/e9d27c9a-a7c2-49b7-b10d-32bd4808bb7d-profile_image-300x300.png
66d986eaa59347b0b18c5ed103cb173e,661,30125,https://yt3.ggpht.com/XUjADRP3iMg3VfpZD26N96J45ZG3-CQBv9PFH8oelMCeiWSnE1PlcRR1SWyV9Tdp-HFZ-m8q=s88-c-k-c0x00ffffff-no-rj,,
66f7f39ae20e44d39c8ed53da5ca53e7,284,4583,https://yt3.ggpht.com/0yHstfGa4ONUGLihMV4gDD_65jxPu8WTlb_VXVgQAWzFhLUvZqqbcNRz-MOAviu2jWb26Hqx=s88-c-k-c0x00ffffff-no-rj,2141,https://static-cdn.jtvnw.net/jtv_user_pictures/a9296bd9-22d3-41a3-8c9f-8e16bd369bbf-profile_image-300x300.png
670df075e5f9402bbcb6369685838b02,313,7600,https://yt3.ggpht.com/tAy1j2069oLDg5u40QtqIGLTXX6UfAJ2ghQ4sVxMTLK1lAXAvHZyqb7tzwMWNtb8PP-uMVpO06g=s88-c-k-c0x00ffffff-no-rj,,
67784d7c61af482780ab0558083fcd1e,76,341,https://yt3.ggpht.com/Rta-T3fdXsH4LNIRZPh43x8DbFcPr0oSnLmLMreLDTXovqDZs5K_px3pYb1eDZTNvi6zx9X9Bw=s88-c-k-c0x00ffffff-no-rj,324,https://static-cdn.jtvnw.net/jtv_user_pictures/f3bbfbee-412e-4bff-94e0-61e22b05271e-profile_image-300x300.png
677a773535814b5fa2d557da2f80bb89,635,16129,https://yt3.ggpht.com/8mMOUgEu8uxeK_tFArdFU1lERYIE37hy9djh6C-XDplSJG3awR1BMvoPBTSaykhn-JHyHGR7PWc=s88-c-k-c0x00ffffff-no-rj,415,https://static-cdn.jtvnw.net/jtv_user_pictures/fb318742-2ef0-4828-b4a0-2f87b230fbbd-profile_image-300x300.png
677ae7ec361d4d3c9981bca8fbb974c8,2050,2582,https://yt3.ggpht.com/dT716zLS3Z_FKVc_Ro0VSNIu0cdCzEumrV2Hw7d4sDYB-gU1Ztpz5N9WysfVOLX1BVZELsP4HhE=s88-c-k-c0x00ffffff-no-rj,369,https://static-cdn.jtvnw.net/jtv_user_pictures/9a16dd5a-b03e-43ab-893d-40ddd8a45fbf-profile_image-300x300.png
6790376d72ef4bb992cef011444aeeb6,302,53417,https://yt3.ggpht.com/ytc/AIdro_k2CTstkoi5I8qPWQNDsvQLTsZt79b8CMVtty3CHuwRiA=s88-c-k-c0x00ffffff-no-rj,,
679aef46b6f448e493fdedae7df5b288,6600,1030527,https://yt3.ggpht.com/WT9cwJ8_Dy0rBN4pi4bqwJQYVU_ZT3cUZrE6M7SWQrv7r6M6Hq8BPoWmw04DIE4nptPKIVWTjCI=s88-c-k-c0x00ffffff-no-rj,345,https://static-cdn.jtvnw.net/jtv_user_pictures/a92c7cd4-10b1-47f3-b6b7-330799133d59-profile_image-300x300.png
67b37e4e1f2f49d88a047d650b70be91,580,9586,https://yt3.ggpht.com/Y28EyWmPLe1hmUB3Kyo6Ya-GEEn9SZOoT32EIlwEDsqzg5Mlh4A4CYdKQ10Rphn8poSn_j0x=s88-c-k-c0x00ffffff-no-rj,1599,https://static-cdn.jtvnw.net/jtv_user_pictures/90b16247-9964-472f-912b-af58864a0204-profile_image-300x300.png
67b3f32472774d3191ecfea12f60a990,256,7938,https://yt3.ggpht.com/vx2g0KvM-omBEUC6WT-I5DqR3tCxtTO232Y0UEpIOP2N-IqIuklAKVD_bDSQ0hqPpG07JljyBA=s88-c-k-c0x00ffffff-no-rj,105,https://static-cdn.jtvnw.net/jtv_user_pictures/58be4d78-bba1-40b3-9ba9-761770a5f3a3-profile_image-300x300.jpeg
67ba07d1ace445328c13bfb9d612d564,149,1490,https://yt3.ggpht.com/xYm7lu5YN1GuEaCaolBpcwW5X1-AeWjoitJh3qPbFPx_uPiZz13khMKtAolQwegLwtZeeGrT=s88-c-k-c0x00ffffff-no-rj,,
67d348e6690c43729cce031e70a26645,18100,600455,https://yt3.ggpht.com/nKh_D6GCxdRM-OFatDWEVK11DOXyEiskHsc_gZSrngGGbnH6Pk81txSopBpLMKgrPWNh1rMVahk=s88-c-k-c0x00ffffff-no-rj,24326,https://static-cdn.jtvnw.net/jtv_user_pictures/83a34005-6291-475c-9d9f-9d37979e7417-profile_image-300x300.png
67d6807619064938a78832b4106de5c0,20100,821227,https://yt3.ggpht.com/hTTBwsLy8Z7Cs0Yj09D1sN66SprrLQylFKzK0uOKnbI28sxgrssG_iLmUtXGexwN33x--HcMAkQ=s88-c-k-c0x00ffffff-no-rj,2881,https://static-cdn.jtvnw.net/jtv_user_pictures/20d1349f-9e07-4837-9f8a-9c3f72bd621b-profile_image-300x300.png
67dc6d443cff47a4bc6a31a56e8b72f5,147,12103,https://yt3.ggpht.com/ytc/AIdro_l9HEztfiUljQ_eqZ42QbAOTtSV-PPv_zzkPXrI2LhKRA=s88-c-k-c0x00ffffff-no-rj,,
67fdbfa65ee94cc688783102ef4f1ce5,3190,30738,https://yt3.ggpht.com/BDSiqROv3csx6aJCeR-UM9s2QOTZY_ueJPf7QpwyexeeMOLKjH4hxnMH4nRpC8YFPTr8ZaI0nQ=s88-c-k-c0x00ffffff-no-rj,,
682e400513134d0bacfa85513958c64d,329,8798,https://yt3.ggpht.com/ouUZ8YWDbaW2jguXvHFifqxnVSDll1PiXREgLTcsusE4aEC_ta_m_giEoDUjT0bFs2zmSiyUNA=s88-c-k-c0x00ffffff-no-rj,781,https://static-cdn.jtvnw.net/jtv_user_pictures/fad84783-ee7f-41a2-a642-d9a2dc0d9409-profile_image-300x300.png
683db9d9b58f4dd883966c82581a7b60,782,26604,https://yt3.ggpht.com/eTynLmMZFq0J0-LyRnotVG-QWH4tELtK0frZrDb4_G1M8MxmECqNwfzV_RidB4rDVnyK7-V7TA=s88-c-k-c0x00ffffff-no-rj,,
684aeef535fb4dd2a483746cdaab5065,949,63445,https://yt3.ggpht.com/_Q-RgMgSV_mRjMoHz5321L2UzFX49092JRUFfowRVh766dhi_ovoEKdJqrms0jiSc9sMHUhZZ9o=s88-c-k-c0x00ffffff-no-rj,173,https://static-cdn.jtvnw.net/jtv_user_pictures/0f4ae4dd-29cc-408d-8039-c40ad67ab948-profile_image-300x300.jpeg
6861903583ee45d191ddc03faf6cd0d8,1360,21088,https://yt3.ggpht.com/ytc/AIdro_n3eDs17B7SYIuIURh4wIwrA7FXtcD8sQyKAq6pie9e4g=s88-c-k-c0x00ffffff-no-rj,933,https://static-cdn.jtvnw.net/jtv_user_pictures/9ecf0c9f-be4d-430d-adf5-75d486fc9b81-profile_image-300x300.png
68671ee09add4d87b8038acebc5b48a4,119,140,https://yt3.ggpht.com/OLaJ2f4PYnZH9NdwfWZlK2pBM4ma4DIZlUbl9qAAmuJ2EfY236sP_ct8zc341S8HHF5if7dn9A=s88-c-k-c0x00ffffff-no-rj,698,https://static-cdn.jtvnw.net/jtv_user_pictures/e7a618b4-7024-452e-9224-af461803e17a-profile_image-300x300.png
686fa700c1ee4d179ed277d5b101f8a4,825,27022,https://yt3.ggpht.com/rXgXIlX2WAHw2GaioDxIuTe06gKIcjXQRpb2yHfs38ZXdVngu9QxJ08QYndbZjPQmfFByWK3Jtw=s88-c-k-c0x00ffffff-no-rj,,
6873f5b9a88c42ba980878bbffb5682a,965,63319,https://yt3.ggpht.com/0QCqlwRnVv4siFwP52ZoHeMfCIgHvpn0uWhThmwm0pNblrtMlVVjda0Piqg_jCIEr78hSoiT=s88-c-k-c0x00ffffff-no-rj,,
687568c1c9254c8ab34e7b6efbdd6dbc,1190,146368,https://yt3.ggpht.com/IdIzmCNFnDZCgwCZiFjmq066rHE0LZmBPcfvhntZx4lumuovawA8u1tbS4oWD6nBVcW-bflJHMs=s88-c-k-c0x00ffffff-no-rj,,
689bcf2176f84f86a4fb53800f25ea7a,835,1483,https://yt3.ggpht.com/HDEi7-rXRxdrccdAdNaWg9zuskFbDI0UyNWMvzJoE6yYJSpWFkzNyTjYRXIywHnFX5YLw0tz=s88-c-k-c0x00ffffff-no-rj,,
68ded9e397c846acb7b85224713b8b80,699,18383,https://yt3.ggpht.com/ytc/AIdro_mUDP2hDdRoHYpSPwDvusQF8jh5dYLeQFQ2b4TGzlSEVA=s88-c-k-c0x00ffffff-no-rj,,
6908430ccb204a1b9d95ee7a1711cae3,,,,2582,https://static-cdn.jtvnw.net/jtv_user_pictures/d4f17768-13b3-4af7-8c9d-7fdd601db6da-profile_image-300x300.png
6929e06cd9ed49739cadaa35115847c7,28400,1154062,https://yt3.ggpht.com/R_k-lK4hLXbyFAtG-Q-ADnZvEZMp8gmcYV148vaWidjMVAU9WnJQ0gMisVYFi4v-szQFiffo=s88-c-k-c0x00ffffff-no-rj,,
6943bbfc993443d4b3853833b3bb1a66,31100,5377974,https://yt3.ggpht.com/7EUiGyGwiKjZtdVvtjMHI8OkQhthBePpAOg097mu1Te8qrUF3pLMgaXr5F64DNtIOPU8IGg-=s88-c-k-c0x00ffffff-no-rj,,
696e947cd8624e609553d6786d21f11c,6070,133248,https://yt3.ggpht.com/gXvUQQh89Eb0vpLf3lNBeYsjRmi45cOSmcO27RF0WnhSYZvPXn-igVQN5OKyyxYdgN-wyg0TOVw=s88-c-k-c0x00ffffff-no-rj,,
698aa5547b7c4cf793b1411322d1b423,149,919,https://yt3.ggpht.com/8sD6g4iBMC3QgNe_SCQOFYYqvODns6OpTXEO1S-urgaHDzxHIj5rdB1A2qZhYFwTAAz7gLuP=s88-c-k-c0x00ffffff-no-rj,783,https://static-cdn.jtvnw.net/jtv_user_pictures/2b39f663-318c-44dd-9160-1a823d4bf720-profile_image-300x300.png
698d1cca0e1f417892c954dabe0aacf8,192,1332,https://yt3.ggpht.com/s31mWo76HkrK4FFv4MzyBaAM58eu9TNEhaDzfdhauerrZFeq9X57WJxLgheDfFw1LtP9bCFXwDs=s88-c-k-c0x00ffffff-no-rj,2145,https://static-cdn.jtvnw.net/jtv_user_pictures/1599faea-42e3-43a7-b5ac-8fd32718cffb-profile_image-300x300.png
699b0baa82d0413aa073155683edcd56,123,376,https://yt3.ggpht.com/cNMwKPh8T1Xzq0XNOWgrAAfFeA6GyHfcD27Ir8CPQ0V15BZ5qiY4Z5vCTJwJX5IoPC3pZxk=s88-c-k-c0x00ffffff-no-rj,1934,https://static-cdn.jtvnw.net/jtv_user_pictures/77040ebc-8cc5-4f54-af9a-de0376d09373-profile_image-300x300.png
6a30fc9ee6f24d839198497406c63cc1,12500,1254827,https://yt3.ggpht.com/F1pdYmtAdUWiNFocBvOXt-_er3v9VMAEGz2ijyKDIrpTrtIlSu8KIuyoo1gb5tgTnFFpLmgY4Tw=s88-c-k-c0x00ffffff-no-rj,506,https://static-cdn.jtvnw.net/jtv_user_pictures/25116d0c-8fa0-45ab-895f-d9451713e237-profile_image-300x300.png
6a6547a3f19d4870a6f11b88c60a5296,,,,3413,https://static-cdn.jtvnw.net/jtv_user_pictures/53cb95b4-e2e9-4809-ba1b-1fcf6512103f-profile_image-300x300.png
6a915915ad2a4d29b524ebd50f2dbbe4,69,1326,https://yt3.ggpht.com/dLYIXW1NQ5CaMAp8Zydlt2Ayntve4hNbGUysifIUhUGBaOMAOoZS7-evF2MCDVXHh7EyPKVt=s88-c-k-c0x00ffffff-no-rj,1146,https://static-cdn.jtvnw.net/jtv_user_pictures/1e09d717-a0cb-45d2-b4fb-8bc68b4df536-profile_image-300x300.png
6a963053004f4deaa0dbdf875db41879,,,,418,https://static-cdn.jtvnw.net/jtv_user_pictures/50addccd-e8e1-4416-b940-ee14a2be0048-profile_image-300x300.png
6ab090baa4624f1c8fca28312799e826,1340,40378,https://yt3.ggpht.com/qN-EsITIcU2Mfcyr869LHjhaFytxTETlWJ_2KS4FHnOiM7GmMq0i3tXzI9_z5Pkg67m3ZsVEpQ=s88-c-k-c0x00ffffff-no-rj,690,https://static-cdn.jtvnw.net/jtv_user_pictures/aaa5e108-61f2-4470-8866-1dd80e8d7e72-profile_image-300x300.png
6adad1ae67dc495dae88cefa06446593,1410,101131,https://yt3.ggpht.com/X59vTaIZUu_pxOQZEMkJzG3r7t-ZJK4R4nXN5ImT4a6WVjmbd_NtFdORM45hg_Q4Bf9SQTBKIZw=s88-c-k-c0x00ffffff-no-rj,,
6aefa292dc61441e98c787efb0067922,34300,490806,https://yt3.ggpht.com/Hfk-Ioz7UWekODMGVMBJKMwMAvopdtETxBrmd0QoPliZqtxdMUS81qKFiclCBAPmbIBfkVUuzA=s88-c-k-c0x00ffffff-no-rj,6528,https://static-cdn.jtvnw.net/jtv_user_pictures/3198b220-1303-482a-ae2e-fb966393bffa-profile_image-300x300.png
6af8929143294c72b25a7108e79e2faf,18900,384638,https://yt3.ggpht.com/Rct84-vonDn5ZhYr3BmcGvxFyW9l45gAAGUEDWB_vmEg6luwFDh-hToQYdIScHMrsfIiS7rTMEs=s88-c-k-c0x00ffffff-no-rj,,
6b21f41580a64cc7ab15d219a612723b,102,0,https://yt3.ggpht.com/7gkuGOEVRFtPpoUI__N2S-7_qJYK8eHmhycfjXJzRm0V_t3If0aTFCOLea03HG05KXnIk5mPS_0=s88-c-k-c0x00ffffff-no-rj,4579,https://static-cdn.jtvnw.net/jtv_user_pictures/24293100-1224-4d0e-91de-06f67f2e6108-profile_image-300x300.png
6b2ebe86ad7c4eda910035c42927391d,1480,49479,https://yt3.ggpht.com/RxS35hhDLTyjDdx6VmhlMhw7kedaAx-ygt4QyvXZz3vXWbeMIVRzMWNV9rCfm7BYBjp1YvZT=s88-c-k-c0x00ffffff-no-rj,,
6b36f446b10e4ea99d5d80d60beeee21,2070,46095,https://yt3.ggpht.com/TfF0zgN9sJgI0uO9ONd1E7x7NttLXsohTrr2OcGTgMeRbQgYKMlg4oe0IpbDXhONHJ9LoVEb=s88-c-k-c0x00ffffff-no-rj,8359,https://static-cdn.jtvnw.net/jtv_user_pictures/7dcb69a5-d862-4b4a-80cb-a1b954c12865-profile_image-300x300.png
6b43c568bdf044e4a4ae0bae0cb9fff2,1090,66251,https://yt3.ggpht.com/JpbGbvyvCtm4-8h3AppKqUfbRAf5kIeZ3It6m2BXkNkkHEZyctLhZGkzz_NLwKLaRWoLXzgkBA=s88-c-k-c0x00ffffff-no-rj,,
6b5f0c6b2ff74b0b9f906f5000298b91,140,6042,https://yt3.ggpht.com/F4bG03O9SiXyKxdQ_S6Fcq2NA2cXRj1j-ZhD3ZISC1TgAOUg2W3wqMam1cyDD4eieR6OqUXOMA=s88-c-k-c0x00ffffff-no-rj,,
6b8922c9532e435eb4f03cabc8bb23b1,3800,150901,https://yt3.ggpht.com/kCdVBk7AnRahyRNmVBtDtoWHgA3M6398aQKXGQ2N_EA4V1fMW-WBHYcHp0aZc9YRq7nQvgB3=s88-c-k-c0x00ffffff-no-rj,2678,https://static-cdn.jtvnw.net/jtv_user_pictures/5f2230fb-983e-4efa-a465-db37f7b6b496-profile_image-300x300.png
6bb236447ed9412a98c9b2d7c9069e10,12,48,https://yt3.ggpht.com/NvvFrr0hgodrzB329Y3M1yvXbHw2cahHtThMTs6QC_vLgZZd0u_NTM8d3Vyx5_lAtlJ2obmz=s88-c-k-c0x00ffffff-no-rj,1640,https://static-cdn.jtvnw.net/jtv_user_pictures/95a996e6-99d8-4672-95e4-c41042c3c450-profile_image-300x300.png
6bb99d03979041aa909d87375acaf92d,508,76464,https://yt3.ggpht.com/LqhSkNkXpdOe-JP0QE2diWw0uAy1KHojNPJVXmkiGL0GjLKNobtFW2udRJaf3dRMOIb_JrukN78=s88-c-k-c0x00ffffff-no-rj,,
6bcb75418dd24274b2fe4b8e60a94999,35,1812,https://yt3.ggpht.com/3CrSL15IRr93fVmzTyYboTL4mjOTWTlXDI61gq_YVd1iJNbjhZ0IIVCbSnU_eIL9YrulmwiT=s88-c-k-c0x00ffffff-no-rj,408,https://static-cdn.jtvnw.net/jtv_user_pictures/d7207914-ba17-4647-ba16-8876d218979c-profile_image-300x300.png
6bd49f94afb144e995247388ca8c42a8,55000,3881837,https://yt3.ggpht.com/ji4wtdiB7Hwrz0GOP4rPdRmT5fFz4zK4oY7p2Mlxhfx_UfW6SywiAk9K8HmaI4C_jB9d7WkDBg=s88-c-k-c0x00ffffff-no-rj,43468,https://static-cdn.jtvnw.net/jtv_user_pictures/061ce9d9-66fe-4f4f-a291-8a7fd303dfa6-profile_image-300x300.png
6bddfe8d54104f4192c56e4935a871de,896,31184,https://yt3.ggpht.com/tl-b7V52jQTmaEpempethxjrQYHSrqSwgkJiFUTzAzV0dfRGp9Aj_vBhIBhvUz8iw4w_fFoBGQ=s88-c-k-c0x00ffffff-no-rj,166,https://static-cdn.jtvnw.net/jtv_user_pictures/b18c9a21-c712-4df7-ab21-f9cfe42bbe88-profile_image-300x300.png
6bf231719d5e485fa0cdee99905858d4,58,649,https://yt3.ggpht.com/U-k7g5Z1--vbavEhKvK5cbBIPifChqTsAyBO0DNAhIqY45KaB-K9Z10dKGR6uS7oAegaVomMjRM=s88-c-k-c0x00ffffff-no-rj,441,https://static-cdn.jtvnw.net/jtv_user_pictures/461c4bd4-4ee5-460f-9215-4d1482295245-profile_image-300x300.png
6bf5f37da9e74d539963689b6b0256a5,3320,367481,https://yt3.ggpht.com/7hf2i8Xi-aowTRhKVIOI4dJmxufPkH1dlzIX-iqqjO7KxgLRsjNcpVjoOA7vLeafr5yhO8gL=s88-c-k-c0x00ffffff-no-rj,,
6bff712e91fe4fc19332873f9db07c2a,719,28695,https://yt3.ggpht.com/1qXmZBjOiizXBabfedVqcAqxlZzstSCXeWOLY61DyalrNnlb2rkPBO0ae2P8cygkUBwcKyRP=s88-c-k-c0x00ffffff-no-rj,,
6c0758764e674c6db2f985710fcfbd7b,10400,372002,https://yt3.ggpht.com/ZTFN3P2g_esukegZP5KDkC7NnbXLAQVuMRXWxWNnPQogk8rP7dRUyPN_F7vU7QU8WnOx6P1AbDY=s88-c-k-c0x00ffffff-no-rj,,
6c0cf217099345ffac2159da29448a7c,171,6577,https://yt3.ggpht.com/Ot2IbuvfzrVBllGZ8fKfrsANGs_3T4W3SfLCiMoGRDd_r9rWAPdopCCOr7_3ShUql7GDjqI6sg=s88-c-k-c0x00ffffff-no-rj,122,https://static-cdn.jtvnw.net/jtv_user_pictures/d5a8239b-acd6-4a9f-91c5-a2653be40ff6-profile_image-300x300.png
6c166d9128e74147a5c0b1dbf89c885c,412,5968,https://yt3.ggpht.com/o-x0BtJnm87amg-lMLWq9ZjGZfiSfcPU_OPhyCtYLTxGNPbKa8-Eip6HpS0blZZmr1dO4nRyfw=s88-c-k-c0x00ffffff-no-rj,,
6c2b07e387644ff1898d8c536747dcb0,562,11198,https://yt3.ggpht.com/LIMS6MLiDFmTIiZyfuBi7gJAvq-deXnZNkrMQo8ZThdq5DMa-WyLjz6De82Nn6BGne5AI8_h=s88-c-k-c0x00ffffff-no-rj,185,https://static-cdn.jtvnw.net/jtv_user_pictures/09cbb875-0a1a-4d95-a18e-4a56c89a521a-profile_image-300x300.png
6c3a22611ac24eb19cec3bd7c78a8705,785,191911,https://yt3.ggpht.com/zQE9UrQtJxt4imKOKnxtOlMUS2TO2EHxQBiWeMxqQBcpOUZzkQZEXOJAhTEkWGLQRUCGcGkd=s88-c-k-c0x00ffffff-no-rj,,
6c3eeb48b7764f11804ff8110d5d990b,765,69451,https://yt3.ggpht.com/ytc/AIdro_kNwQ6ePuUEPdXzSYip46PKzXZP0f2DetXXmJGMPz_Hmg=s88-c-k-c0x00ffffff-no-rj,,
6c4992a47ccc4c3bb997d3c49ddc2ec8,2340,52187,https://yt3.ggpht.com/73xgxBbgTKP8BrhrkYh8fFAKa-DHJgIcA1Ne5R2JmtjBr4J1BR-raKWnAWV8nE2wjd83_NJFTw=s88-c-k-c0x00ffffff-no-rj,720,https://static-cdn.jtvnw.net/jtv_user_pictures/60de52bf-3f64-4e17-8c63-37d1f2ffb10d-profile_image-300x300.png
6c5d547cdebf4daf813ac8b66c9fb873,708,15776,https://yt3.ggpht.com/B4UOFa6EP0ofaBSezH3Uvn5DnVO8Jc8C5Ctoow0r8Cz_B-lW3CQVxJhu89RN07iL49B7ubBDKg=s88-c-k-c0x00ffffff-no-rj,,
6c66740fc44a4a489e7a67ac93dd274e,88,1078,https://yt3.ggpht.com/6Gm_UZ6UxKcKUOkWtLzWDho5vL4rWe_Ujj9f0ZA4jYaFC2NezP1g-5H6mDI_COxJLB_uNCw1=s88-c-k-c0x00ffffff-no-rj,408,https://static-cdn.jtvnw.net/jtv_user_pictures/974cf200-9e7b-4835-b35c-8cc306fa6b4b-profile_image-300x300.png
6c7336d4605540c6871de5f96874129c,,,,20635,https://static-cdn.jtvnw.net/jtv_user_pictures/9675f5f4-a3b9-438f-aa72-71de501f41b8-profile_image-300x300.png
6c7a8b443aa942a89a83485c98d10559,16200,1324578,https://yt3.ggpht.com/gmgNIz00aS6jrT0xTjWMorHTnyptsRwycV6D1o2hy-Uipz7AP5Co6mCVqtsQ3OhXrQsBddGEow=s88-c-k-c0x00ffffff-no-rj,,
6c812a2f61ac470f8e3b30a92dca9d81,2430,73551,https://yt3.ggpht.com/mhm3hjJ9WXM1Orwr0hcx7iIMQstjYpHDG-OUqUr-Fl_fGwEyoVzbwa5yapSyuQ27cI5PVnyRx-0=s88-c-k-c0x00ffffff-no-rj,,
6c872a4043b84e4493877a42af684d1d,53000,5628377,https://yt3.ggpht.com/mtbpClWb8txLDCpKDgyigU_aohWKbf-OVpTxd1WyrwviyLKzPFmgSfNB5h2XKXnb9CUdwX1z-Q=s88-c-k-c0x00ffffff-no-rj,4382,https://static-cdn.jtvnw.net/jtv_user_pictures/4bcd61f1-0e01-408b-90f4-af52cf9d6e02-profile_image-300x300.png
6c88799c6f45407faf0f9ea007b0dcab,31800,1599944,https://yt3.ggpht.com/8spcBjinNMAX6wL9QmhFNZSu1A6H39JvIUiMnNmS8FqGrj7rbo1wX5-QMB9iQd_TfGsFzjFOkQ=s88-c-k-c0x00ffffff-no-rj,,
6c8f616ab73c449d8eb8e3888c2c8bfe,86,0,https://yt3.ggpht.com/aFckPC54kz-LhNO1yvnL27zXXv-wAue5wL_0KOjVdEJoslzwo2UOG2qlduZORKGh_eR7IB8p=s88-c-k-c0x00ffffff-no-rj,1360,https://static-cdn.jtvnw.net/jtv_user_pictures/a5f0fbda-2f6c-43cd-a1ca-db1e60253237-profile_image-300x300.png
6c9b67b00b3c4940a6af6a6604b0b1fd,458,11557,https://yt3.ggpht.com/h8DgkCspp-T69W7bzprRZ0Y7RpdgFFIroAYIDmJicyPWnT353d0rxf7hPnnytPCnWAL_prUCfWg=s88-c-k-c0x00ffffff-no-rj,,
6cd8cdc530d14e2d9d0a9cd20cb6b05c,1870,62907,https://yt3.ggpht.com/SNnXEUvAunttNMz7m3LbymbnydA_E2Dt-o1K6b9lVp7kVdpbuClB8LHyS_IEnelCFaBE_29VYeE=s88-c-k-c0x00ffffff-no-rj,,
6cdaf0b035d04e3794a5accd5ed8b08f,153,1122,https://yt3.ggpht.com/r1fFTyAlW2g2cWbY-j8zh7eiCCjjpmLJHt8eGzB5IdEnR2dzpi8p9OjSg0tk9gUjhBcQbLN5jA=s88-c-k-c0x00ffffff-no-rj,,
6ce5f9e78ea946d8a2fd4191005557aa,26500,767981,https://yt3.ggpht.com/7TtFkf5Z3tDfhqqqCfeDFuJcUJCGjIorgkwcU43dWf77OJuXdsYrujKN9yvfvoRCt5cHw0oZ=s88-c-k-c0x00ffffff-no-rj,538,https://static-cdn.jtvnw.net/jtv_user_pictures/0bc9a2f8-525e-4afd-8270-0436f94221bb-profile_image-300x300.png
6d144d78d2284fbcafa2428a5d132733,818,26005,https://yt3.ggpht.com/TvyMDBZTnmZudK5Qt_vfDjMSr1Vr9d36T6ZGDqK2-Tc36VHlo6re-XgsT7PHBgRnfjjwCw17Ew=s88-c-k-c0x00ffffff-no-rj,626,https://static-cdn.jtvnw.net/jtv_user_pictures/6daf61c5-ea76-4bdf-a0c3-c51a238d3d84-profile_image-300x300.png
6d1b01658ae74a7f91c7f60b5abe1cb2,294,77357,https://yt3.ggpht.com/5Pb52seGwFe4qjrFi1qqN07-nuFXpRF2Cuwxa-QQeOYv-O7cmDhnLfomZcRJ1xZ-z4awfLtxfvg=s88-c-k-c0x00ffffff-no-rj,,
6d1e2248e6844ac29d3f28d3b3e178f4,386,1344,https://yt3.ggpht.com/99YtikBdBNX24296jDPuIdWbkKagXEx4pOdn9qpOplBSCudysCv5B3Z4uFAkCD4Vyqz9ziqWkA=s88-c-k-c0x00ffffff-no-rj,2073,https://static-cdn.jtvnw.net/jtv_user_pictures/69bca67e-4328-4716-b58d-e7ca275b516c-profile_image-300x300.png
6d2945d11f504edb9962f742b54f6553,1970,31554,https://yt3.ggpht.com/7m1Gs5eD9opIOEEyjw2deEAV95RmIqKcMO30ryBUmfFu4akoOhYU9q2ivN881nIIFou8RZUI=s88-c-k-c0x00ffffff-no-rj,1009,https://static-cdn.jtvnw.net/jtv_user_pictures/c15edd14-c9a0-4473-9233-418f5795962d-profile_image-300x300.png
6d61885259b744a28c7b92c0785e8fe9,1510,140803,https://yt3.ggpht.com/yc4sGxdoeaHD1OAfVKZX4_fvZXnyZtOccTI3TKEH3cvvaBqvAw4VgK-xG97fKT6kwPM-VxKOAA=s88-c-k-c0x00ffffff-no-rj,863,https://static-cdn.jtvnw.net/jtv_user_pictures/62f31b65-f8be-47ea-95d6-fbabe963d202-profile_image-300x300.png
6d76e6b27f164061a216ec2831bd8dd3,182,0,https://yt3.ggpht.com/ytc/AIdro_kw9YmgEj88Jf-4HL93EXdKhaAdaJ_g0PiKjXzwSnaGzQ=s88-c-k-c0x00ffffff-no-rj,1007,https://static-cdn.jtvnw.net/jtv_user_pictures/b939e224-7b28-4502-90fa-c0ce76568ecf-profile_image-300x300.png
6db0d51e6ac9410f84f79e57448b8a60,1210,118725,https://yt3.ggpht.com/AYOvs1BXDfD5sRUSKI3dumYBzuPRZPTqepqA-_obnz4rXAyiakgZECrEvIM3dcyymaszEyYiDw=s88-c-k-c0x00ffffff-no-rj,,
6dc75ab227e34c928598bde8f2d324bf,107000,17971869,https://yt3.ggpht.com/beNURlnx3kJu7OK7yYHjVjvmxy501jOJz7x8F6aGFk5KpMswCRtaM6iYeiJaeljAx7TuozhJLg=s88-c-k-c0x00ffffff-no-rj,,
6df15d678de844d1a7f08226c02d6183,1220,7315,https://yt3.ggpht.com/4bk-6BCPQNbiS7TUcynvP5PgqlZuU_jq7XulSxUpVSyZJXvGhWJ0sq8QKgYlUtAbbfADQVct=s88-c-k-c0x00ffffff-no-rj,,
6dfe72bb90994dceb7b753908876307d,5250,225897,https://yt3.ggpht.com/Yd2WdmgKgX2iKOAFhxzkQdcctXUCdvGp6HOXX2A3RD1bk1YV9_oYxw0tEeBATOANKN4os4ohXA=s88-c-k-c0x00ffffff-no-rj,,
6e1845e76035452287436153470e8656,2360,101902,https://yt3.ggpht.com/ytc/AIdro_ncnhKxGBeG05N4mU99NyPeKRJglkVm-cX5Wb2akkXK9FQ=s88-c-k-c0x00ffffff-no-rj,469,https://static-cdn.jtvnw.net/jtv_user_pictures/84a06f6b-2cd5-4fa4-86cd-250b3b389f9a-profile_image-300x300.png
6e51f06f6a02439d82b213b623cda4e8,6790,227987,https://yt3.ggpht.com/pig-1tUgYdBAruzUQDLN1qb8gDdte1oWnADTTflEv1bSwUPNwhKCuVZcETzbxsLuJ_ZpGw9qrw=s88-c-k-c0x00ffffff-no-rj,,
6e6cb9a2886849918f253d6c6002727f,514,11300,https://yt3.ggpht.com/m_XmZm8O-ZYWQTOVNiFfOV6FIMJNDZwv57YjPYCn_Ubtispm9w1NB47r8KjSL3ETuT_L8vjVdQ=s88-c-k-c0x00ffffff-no-rj,,
6e6fd1311d2f42228faa8b1ccb0fa589,1250,52897,https://yt3.ggpht.com/uog5Dzl33O49hHIYZjDM2_pK69Tj29KIhjYd4MOkkle3D-BKJIROXKPRX3vj6tCoIK-H9PLqIQ=s88-c-k-c0x00ffffff-no-rj,,
6e845fd52d044ab598cc4ca35ba91f88,1150,7506,https://yt3.ggpht.com/fm4Qg_oPMqEKaCv8jQymbhNXIKVtrcnVIxxaDxRQpIpprnco75il06JaueIBxvvfbKnZTO7KtQ=s88-c-k-c0x00ffffff-no-rj,,
6eac5ce6527b4513bcff4b38d277b5cc,272,8950,https://yt3.ggpht.com/_HjQmrQTaKgIKVa8K2XFVJ6EAvyUTxVcZNDSIZGGPfJ6InRNMg3uO751LkhVk7DYmLUz8I0y4Q=s88-c-k-c0x00ffffff-no-rj,,
6ec708afd89043b682eb82dacc36c3c9,,,,886,https://static-cdn.jtvnw.net/jtv_user_pictures/37fc88be-e1ed-4f3b-9d7c-09be6f80f369-profile_image-300x300.png
6ec876adec524585af913c1585e8df1f,369,935,https://yt3.ggpht.com/xSO2xZS8O-VpXIcXH3aPKbxmOFhosnYu_dr8M-43b-iX2NIF_q02GkRjEFcCw8EO3hqelWNY3Q=s88-c-k-c0x00ffffff-no-rj,1237,https://static-cdn.jtvnw.net/jtv_user_pictures/010f0bad-41f1-4a3e-b48f-a6f5944722ac-profile_image-300x300.png
6eec62ae2c9849de8ca895cef44ec952,7350,324007,https://yt3.ggpht.com/LNRpt80KsKUfh4nuimM_QPetsOg3H3IXwT2hQmB_b5bBUMhz4a9meLIX-Y3M6kvlnPkurhpXihg=s88-c-k-c0x00ffffff-no-rj,919,https://static-cdn.jtvnw.net/jtv_user_pictures/09122eab-6c2b-4fd2-94b1-83ad416bd379-profile_image-300x300.png
6eeed5b0702a45df8470a617ee2c5243,2070,23106,https://yt3.ggpht.com/ytc/AIdro_lDCZ_rqgpVfYt6ylB3UmxjaoUpJW-iwgta5VBI3-xszg=s88-c-k-c0x00ffffff-no-rj,,
6eefc3826f4f49a0b28a5288c5e0d83e,1830,23276,https://yt3.ggpht.com/YzCOIUZApXnXnMy2vKt2-hCk_FfUKDuQq5tNG_sJvbK0DvGoTJ5Sqf8qBN-1BxLGs6cezrGZ0z4=s88-c-k-c0x00ffffff-no-rj,1823,https://static-cdn.jtvnw.net/jtv_user_pictures/ee3f8f97-70c2-4580-8ffa-ea7aaa0f3dd0-profile_image-300x300.png
6ef3b507ab8e41d499c59d8cf8b65202,892,0,https://yt3.ggpht.com/ytc/AIdro_lzKq6pdBdsWEQcQufVB_IXdGzG9gPOn0aR7bRf0Bs94A=s88-c-k-c0x00ffffff-no-rj,,
6f382359f4d0436e9e1d4f87e4696e76,2040,55869,https://yt3.ggpht.com/g-fw1F9SrA40hW6hUfi-ShBhQeEfDW2d71QJntzJSSACupkCWRC7-nhnwokED0c0HC0EoSUhRw=s88-c-k-c0x00ffffff-no-rj,,
6f56b6d6dc114fd494cacb95948cb815,1640,25469,https://yt3.ggpht.com/JcR_VEyhi5C6SU1JCo15qLiOp0cvK1pg4vn1BURdxUEpPLm3RStq0m2BBgxD4YRVjr-4t3euUw=s88-c-k-c0x00ffffff-no-rj,,
6f68d3f50edf4814b59a4a018090b180,1260,23860,https://yt3.ggpht.com/OLx498_y2g5jPlYyDuFgGhhgZeZqqnMmp7t5-s7OMvLuGCkqbiWivycGuAMXaY2XX6_v_7Lp=s88-c-k-c0x00ffffff-no-rj,,
6f9d63518a69442a88ac602a3b37bf18,6010,305517,https://yt3.ggpht.com/TpsVPB2q3JrqsyEW_Mz7v3_tR7ReVpnz_Z9aGbRIw-FWQi6FFS8Fism1nSxB0qFbMuiiuq2r=s88-c-k-c0x00ffffff-no-rj,,
6fa1245c717d4af68589205df5ab6427,3260,94452,https://yt3.ggpht.com/Fybu4KbaQu3881ZHnwKUee8y4xakaG5SnFkf0ELEorHPBMmN5wNudWBiRboy7SXtxg-N5Xl6=s88-c-k-c0x00ffffff-no-rj,406,https://static-cdn.jtvnw.net/jtv_user_pictures/03029578-6157-4bc4-b9a9-54b7ff87d1e4-profile_image-300x300.png
6fa20242354646ad8e8feea8d52e514e,275,6471,https://yt3.ggpht.com/BcrJhQwerOVf-2TlCOmPtkbVEOjMXt1EUa6Gk0mbqwlvjH9vB-txDY0gR1aB_9Mt2Vo5kKrSdA=s88-c-k-c0x00ffffff-no-rj,,
6fa5098cd1c644c5871a47a7e56803dc,1960,41121,https://yt3.ggpht.com/G9--zredPQcA_0KKx3RYbrW6J1NZr7gnbbCx12yU4SU07xgMra_yBFVRmA_CnkLwjVH0i7y_tQ=s88-c-k-c0x00ffffff-no-rj,,
6fb8c6dea7404638a9d78d4b0d84f64c,40200,3282647,https://yt3.ggpht.com/X3GslwHND7esuxuV-mClXhyu-BwYWaPvOFlf7P1WtmnQhuao09Bude_qQMbkXXo9BTIyWhTFEg=s88-c-k-c0x00ffffff-no-rj,,
6ff6adcddc934a3b94e45448e1912539,1340,202004,https://yt3.ggpht.com/uTGsnnueIoVRBfnyeNxE8fM8BAgaMkrK_AX5KnCB9t8h0Elo9ZrYrdTaK0WN_CfBoh8maEQDug=s88-c-k-c0x00ffffff-no-rj,1897,https://static-cdn.jtvnw.net/jtv_user_pictures/17853fa4-9fc0-4335-9405-5efa646e86ed-profile_image-300x300.png
7003e3e3a24244ffb5ebfbbdc20c97f8,626,13677,https://yt3.ggpht.com/6Ky8RlYOXiEHtzrgCFRszeuWJGIR8-ZTyMOVyLRo-apJciTTwNV3x8RYSOemAW6_iXuJGkv6Nw=s88-c-k-c0x00ffffff-no-rj,,
702c74978d8f4adab79f292cbecb49a4,78100,5949081,https://yt3.ggpht.com/G8yPSRAwAscl3szXvDCC-2Yz6vfqtvyyktWkZZp-OhuKzQ9O6SnRsb-lS512U2IKogZ9p3ioTw=s88-c-k-c0x00ffffff-no-rj,12351,https://static-cdn.jtvnw.net/jtv_user_pictures/bb6aee39-1b1c-486b-bae3-f85b409a8a9d-profile_image-300x300.png
703ae2c7ccc9431382a5b0f2c35e6ec1,9450,371384,https://yt3.ggpht.com/OSZtCONZLiD87kEMBspokU0_-M1U5Ii45HRUxK6RDCpjQ_TMLvSROLXM3xJlLPGK7VJuSSiFOw=s88-c-k-c0x00ffffff-no-rj,,
703cea871ebf4ab6a8b2704f7611197b,284,8178,https://yt3.ggpht.com/G85BSHVFwZ5-u-XyFiohQbrr40Pa7d2Eaq718HlNmr-oy_P_kc1ssXr5_pdpfTFSWZIQBZqR=s88-c-k-c0x00ffffff-no-rj,,
704fc1f053134276ab03c19687cfcca6,151,0,https://yt3.ggpht.com/92TyP20eM_lAavsJbox9IBSAC1QzcuLxOz-MG4VDFhIv5TXrtnc2gQZDNp2cEQDsH5jAV6gWy4s=s88-c-k-c0x00ffffff-no-rj,,
7051e693d03645bda16b3591f06ebd3f,425,19857,https://yt3.ggpht.com/_z52g4Uuejg8So3q2DzJYfQD4uiFl0sjowAklWMhzyNUVw3tK-TNOZkHpiW88bh3EGL1tv0vS1w=s88-c-k-c0x00ffffff-no-rj,,
7081557634db487fa467b0bd2f939f66,22500,835024,https://yt3.ggpht.com/sf9YYvIjZghrCAxLbk1N-0qv49_6dSbYwW_6Hw82bFyFTuyMOHeieUtjVokvUe_6laAvW6Bu=s88-c-k-c0x00ffffff-no-rj,,
70874043d50b4e3a873742127251caa5,1770,70139,https://yt3.ggpht.com/4673Z1zf63rF_rbMwvQOhcyCIAd5qU7XMT4GFu-SxXFKn-VFRpAQhgV4OOZwXcLeTltjmnrk=s88-c-k-c0x00ffffff-no-rj,,
70a7428607b845fc959fb7d4859d018b,3310,294210,https://yt3.ggpht.com/p9mdhr5xF7dI59ifbMSkPEJLqstn64-BQDMDzJ704O5mpMBAYMPP2g0mUQ0M70jwDiHw3YfR=s88-c-k-c0x00ffffff-no-rj,18983,https://static-cdn.jtvnw.net/jtv_user_pictures/1804bb02-f4e6-4844-84e3-a47bc7b62256-profile_image-300x300.png
70adcdf6f8a146089a4e724b14146efd,1850,29201,https://yt3.ggpht.com/mvU9osWQtoGdg7528q8z6Wsy8MbVeDk8i-Sez2mgDtuc4_mP5CcGdE-pAIO4b2uyUiPYuewKCQ=s88-c-k-c0x00ffffff-no-rj,,
70af0f70b6284690a524eb87aaa1d296,900,52067,https://yt3.ggpht.com/P3hddfbHgev7hq-b_n8IdHO6ByCL_uv6kGzR07jypwkFP9xca6WvVNxguFOea4IVcMWqGBsm=s88-c-k-c0x00ffffff-no-rj,3099,https://static-cdn.jtvnw.net/jtv_user_pictures/93b9cde1-8dcd-40a3-b938-3487d1c64701-profile_image-300x300.png
70c982c2dffc4cd08c90431abcc8be97,1420,25850,https://yt3.ggpht.com/4lvhBG7rDwB84EWxsFqEx8FUGwDWPsXbXO2KPfyF6-PJ5HEmtKejyWW-NN0ewCVMzMh8Zr9Wbg=s88-c-k-c0x00ffffff-no-rj,39,https://static-cdn.jtvnw.net/jtv_user_pictures/40dda1fe-6631-482d-a781-cc6fc21bf8f6-profile_image-300x300.png
70d5f64a7e324d7584d7e5116d6dc5a2,1940,59987,https://yt3.ggpht.com/XMZGgFsEn-1YcQle4IaSNZvk2SDbkaK4fjTDk6L3W-1CFEtTVxqdKFIia1GSunB9Ji6t7WonbQ=s88-c-k-c0x00ffffff-no-rj,,
711514ca9ac74041a4461b2259622a68,,,,528,https://static-cdn.jtvnw.net/jtv_user_pictures/a088c6df-a75f-4d4e-ac64-6ea9e34466ce-profile_image-300x300.png
712d031e7f004ed99aa1dfdb176cff32,1760,77161,https://yt3.ggpht.com/dzVaaCYML-kdlOjv6yoYgjgTkahXnjLyIjR1iXbrRwIYM4ZRRicWDYdr8DXUrdwCPByiLixQ7G0=s88-c-k-c0x00ffffff-no-rj,316,https://static-cdn.jtvnw.net/jtv_user_pictures/4e0596b3-44d3-4fe4-808c-485b9f4e6d8e-profile_image-300x300.png
715cc1261d7e42c18135d47bd1cf2500,6490,122137,https://yt3.ggpht.com/u6gVPDDcxir21HBBm_TYNC7qV-uoEJpBkkpX3GtCp2YBxgpLu_JIPxgurmVBYgHP7lNNULtO=s88-c-k-c0x00ffffff-no-rj,5282,https://static-cdn.jtvnw.net/jtv_user_pictures/51ec397c-faeb-4e62-9488-c7ff0e8eea0b-profile_image-300x300.png
7168995b95ab439aa7cf1f3099d7bd88,118,13479,https://yt3.ggpht.com/FR6GP9uFSnDxTsB_6u98OKpZ7lOcTAtewd8to1tD9PL9ckY4p0PKpVg-diLU-PGb89qquVv2aw=s88-c-k-c0x00ffffff-no-rj,2057,https://static-cdn.jtvnw.net/jtv_user_pictures/793f1424-a8e8-45e2-81e0-572d68962b32-profile_image-300x300.png
7179f903569e4fa9842b5c5ea3f7a645,391,17390,https://yt3.ggpht.com/pQx37nPvqVHn7atbXQNnd0vngMDLlVqRoN_dtUnCw3ggnTnSvgcedvAlaTrbc6Fdb4lOPEHMug=s88-c-k-c0x00ffffff-no-rj,460,https://static-cdn.jtvnw.net/jtv_user_pictures/27e37c49-1c35-4671-898d-8d8fb68aa776-profile_image-300x300.png
7180ef027197417da8c0143be2d45fa2,67,2399,https://yt3.ggpht.com/oBcfiVLVyplu1yFJE2H3DijAoXkwpCIwBZIryalwXqcMSv-sHTmoYI9mUKdyMoaqlODUAfse6w=s88-c-k-c0x00ffffff-no-rj,559,https://static-cdn.jtvnw.net/jtv_user_pictures/8c6385e4-48d7-4a01-a8cb-43ba04bd01c0-profile_image-300x300.png
7194df8aca7745c1b2a61dd91e56c6b8,1590,1337,https://yt3.ggpht.com/vC4uTHCnn7GAGnI_1nLta49xo297NuyRNKjCLHIs77vvU7m_-nRa9S1F8-1b0nzLIWLgQ69VOQ=s88-c-k-c0x00ffffff-no-rj,,
71cb4ba2455f4b7ca91945b5104d5686,567,20989,https://yt3.ggpht.com/WBJ_WGizTZOGR986jDhvP7iN4MOBTcxJFoozzJEUOo9E9mhH6iQCQZ226uKEvW_3SSl0aPGYMg=s88-c-k-c0x00ffffff-no-rj,,
71cee502a14d4ef1b9b0264fa2db8987,19100,0,https://yt3.ggpht.com/JONZYvCzKbPBSyjggTjm5Cwq4mp3jPccNstxaieBalOiNVXwhCY4067LZ4MQ-UR_eOGqEhV5YA=s88-c-k-c0x00ffffff-no-rj,6128,https://static-cdn.jtvnw.net/jtv_user_pictures/6d169c29-8d82-4ad2-a374-6a4faf9f080a-profile_image-300x300.png
71e1a399885b48e79c9a98e973e6b5e3,9250,2926600,https://yt3.ggpht.com/6IJS9iojgrbU1QGaao22RpLKCdOeWW99uZc9Yc13uKKR_S8LpGL1XSRM0yG0_1ZtoEcmigccBg=s88-c-k-c0x00ffffff-no-rj,534,https://static-cdn.jtvnw.net/jtv_user_pictures/0e539ef2-db84-4cea-97fe-57cd6e6d83ff-profile_image-300x300.png
7232734df59c4e099205c7685007d8d4,335,68281,https://yt3.ggpht.com/ytc/AIdro_mgDnEYGOinScgOjBTSVmZPBkIMOoDEgUdwqTdpJxC7ewg=s88-c-k-c0x00ffffff-no-rj,812,https://static-cdn.jtvnw.net/jtv_user_pictures/4d7f67df-85af-4b18-8614-56bded6df312-profile_image-300x300.png
7259f7e619e943018e64fb24d4d20e34,1260,22655,https://yt3.ggpht.com/UQuhlBzK0dA0pqwU76lHSFRftxbe2tVDZ51DoIbip6niH1MQbFUv7prbMGH5Wsb8sD2w3Gq3ng=s88-c-k-c0x00ffffff-no-rj,,
729621ce509b4641ad8cde76dec037d0,34400,1348334,https://yt3.ggpht.com/TvGwr6nRigcrcODvDh1Bl3UDobLyRGq8ZIADhL4UKa7AEKEg5b9PvFWAo6YhRenBMMXulI_vSw=s88-c-k-c0x00ffffff-no-rj,3035,https://static-cdn.jtvnw.net/jtv_user_pictures/8fd48ce0-ad78-433a-b130-ec56d9641b2e-profile_image-300x300.png
7298d2db845840d7ab462c7628967f4e,8410,343743,https://yt3.ggpht.com/xgM1FBlHjiv5NWS7tPIEd6zPvF_kAaB95K49SwsWmB7r-7b1XmEURLKjC94DKDYIfpZyu1WoQw=s88-c-k-c0x00ffffff-no-rj,,
7299d6e9ebff46c9ae859fa5c6f27206,1090,21912,https://yt3.ggpht.com/cKkPc7wh-V-mpfLOgDhmi4gCFMUs81oqbC8orrS6cE1AouNC0VxewLqencX6Ha3Jj6kM3FeAvQ=s88-c-k-c0x00ffffff-no-rj,2909,https://static-cdn.jtvnw.net/jtv_user_pictures/68de1dd3-8aa4-4096-9e61-29317bd13ca2-profile_image-300x300.png
72a83f60773546dba886008320809d70,1820,351174,https://yt3.ggpht.com/zcE4iJuzdk9IVr6tVaOay_hxGEX5YZ9UTbiHiOzOru5aYVKS3pc4CBMTpAMA6lyE_26daYcS=s88-c-k-c0x00ffffff-no-rj,8854,https://static-cdn.jtvnw.net/jtv_user_pictures/06de786b-a560-4737-a22e-5f919485bfcf-profile_image-300x300.png
72cc5bf1729245618e1f10da0b796d53,10900,392667,https://yt3.ggpht.com/SBLzIP_5E1k8yMtEj6hNQOFg5KmOgsW1DO51le99DBf4Pg6FDpX2kZIiN5QJEw_vO3JhkUhq5w=s88-c-k-c0x00ffffff-no-rj,1514,https://static-cdn.jtvnw.net/jtv_user_pictures/48e0901f-906c-4090-92ed-bf532ccb9628-profile_image-300x300.png
72edc688855047cbbbe495e3f2af9fda,651,22063,https://yt3.ggpht.com/Rb7tFvAPg94vnbqE4aBnJFd2jVJ-Vcq8f5CzpRv17O_KkZ-LlrB_u3KtbwoSCUM4TeeE8hRF1AI=s88-c-k-c0x00ffffff-no-rj,,
72ee59fb29644f8b88a4dd3d7e91fe39,294,9304,https://yt3.ggpht.com/3viEkJIrZjE8L0YTJ_P4gXt0CWnb7vxUBxhorQme807U--L4hJzHh6xV60A7Pyx-9JhCTdOXibw=s88-c-k-c0x00ffffff-no-rj,,
72f9ebd5a53f46199a492667190c0fc4,696,14031,https://yt3.ggpht.com/NlGrlFmYtwRGzFSLciwnU23rFfsHfaFpWUtYImfo94WX_Bo_KfiOCl5SZfxoODBESQe4stdP0Q=s88-c-k-c0x00ffffff-no-rj,468,https://static-cdn.jtvnw.net/jtv_user_pictures/a9e2d3f9-17fa-492d-ae96-66873bf55e62-profile_image-300x300.png
7327248ff3f04589bca9e61665448ae8,1410,46254,https://yt3.ggpht.com/Ot3PBnk8rbwG327kdKMTQb48VwlRJpSvJNxKy3wYVKELoe56TFsG1j4PBYM9by3e8wW_X7fXXT8=s88-c-k-c0x00ffffff-no-rj,319,https://static-cdn.jtvnw.net/jtv_user_pictures/223b06b5-4d00-410c-9d2b-5ccfda34147a-profile_image-300x300.png
73273454c7b4453a834a74701826e0b8,36,499,https://yt3.ggpht.com/Nh8vy4A__zSqyLgdvVpsLaOaXzr0T4th2VTTyS72sEIdwQPQl-GE8cvcCmqgrhvMKDrTN0f0lCk=s88-c-k-c0x00ffffff-no-rj,530,https://static-cdn.jtvnw.net/jtv_user_pictures/d8f8080d-c240-45ab-b76a-d8a3050ba041-profile_image-300x300.png
7342482fda6d40f98e078505a24825d4,709,34706,https://yt3.ggpht.com/yhWVx6zBaGtULY8us3XxY16ScV32uBduQ4uWnIqwLMBHdTmxrvPC0eREzLVAPJagur5KxxYPfg=s88-c-k-c0x00ffffff-no-rj,,
7342e2aefa41449880565dfd15a35cad,621,17986,https://yt3.ggpht.com/0sF7iFebCQ_8GbGe6ebprl2xiMz3rHAorPcHBk02mVAPISU1wAE6lZh9lyX_eeUQjIz35mveVQ=s88-c-k-c0x00ffffff-no-rj,,
734477be3c5d42afbdde5356c6a6e8ee,1940,45679,https://yt3.ggpht.com/VrUxvdlzyN7XiwLGGsVh_0p-xDPoygGf9Zn0A-YWooynevm-VikaBSB6lO70-uAkLyLtHcFmPQ=s88-c-k-c0x00ffffff-no-rj,,
735a3d989210437f9e5b8e7a7ba6d88a,128,5650,https://yt3.ggpht.com/_Tu68fTJLH0wrQCQNP3i7fnVvdBPC2UYbd22bwWMXGyZJtGp-OtCVzPuWKkl6GdwswispqA8RQ=s88-c-k-c0x00ffffff-no-rj,45,https://static-cdn.jtvnw.net/jtv_user_pictures/af352ba7-90d3-4573-b9ac-b6134bfa2b51-profile_image-300x300.jpeg
7360e8cae69b4d4fbe91510c776b1c5e,32,2349,https://yt3.ggpht.com/wzW6Oym_d9zpTIzHiGJTVSiX0n3RK2RiZRoQgtxlnGI4ad-JoiIPAHy2t_154iAt6CQacZPHfg=s88-c-k-c0x00ffffff-no-rj,167,https://static-cdn.jtvnw.net/jtv_user_pictures/135abce1-f622-4cbb-9516-6fb77cb8a9b1-profile_image-300x300.png
73675987096b486287784fc466b881be,1560,100031,https://yt3.ggpht.com/7Dc-seB6MAeH5R0cw3rxynoOcFvVLfGe0H1FkFBELIe3WJwtNK--IJ_4f6Q1T0iOAyE1nUvk5w=s88-c-k-c0x00ffffff-no-rj,,
73755322c8e74479864369766f924be1,327,16577,https://yt3.ggpht.com/ytc/AIdro_lihmkWgYlIhsoGDcGVIw5cHFqPvyvAWZJdlYL1iW5Fw-A=s88-c-k-c0x00ffffff-no-rj,4788,https://static-cdn.jtvnw.net/jtv_user_pictures/dd4a660f-2c65-49e7-875b-5abd77a1a48b-profile_image-300x300.png
738317b741174fff8eefca31fc2de9fe,199,15911,https://yt3.ggpht.com/IkQk3s0nPSvtKS-tho9qDBJCMz_LH7awj2frnYA-tx78eY9icHZbl8qePF4iGvLBzvtdiByh=s88-c-k-c0x00ffffff-no-rj,,
73a6eae6a16942ef8726b2c475fef9e0,2230,132845,https://yt3.ggpht.com/ytc/AIdro_miyqcCDQLGTTeF2XXVC6dAZc59OEubCuQ8zfzNZH44Iw=s88-c-k-c0x00ffffff-no-rj,,
73a96bba42b444df98487ed22f97c240,1570,9047,https://yt3.ggpht.com/9cVCrGoQ_mJRxD9KBIKDy6ieSyl_cTrEIV9DIHqVnuPmQre-C5E9qcfrA3mHbAVr1IHCe_tQwg=s88-c-k-c0x00ffffff-no-rj,,
73b97b1a35c84579aa8ffcd6534efad3,33100,3173156,https://yt3.ggpht.com/AcRMaAE72N9o-WZZMDpLNR6KL9Cg3CJyn3TElmryswQTGKZdfN2vPE9UNc2hCk4jSu6-uosc3g=s88-c-k-c0x00ffffff-no-rj,9969,https://static-cdn.jtvnw.net/jtv_user_pictures/3bb6e66d-1f33-4cb9-a8ca-a3b3588ed5d5-profile_image-300x300.png
73f219fc31294239804b67151318e0a8,800,38647,https://yt3.ggpht.com/SofiEr8C0Rvx1VKXkD8iDb2RaIuwZIAPSsWVefzZcoljswR0nnEc9Ns5weo3wuxQtUgOGED-=s88-c-k-c0x00ffffff-no-rj,261,https://static-cdn.jtvnw.net/jtv_user_pictures/92f31a32-149d-4c42-a27c-cf1a18dd9f08-profile_image-300x300.png
73f22d41c523451296a370bc2d2f4e00,2090,59397,https://yt3.ggpht.com/6E_LRxMMEid-kp3x6J6eQs0DMLCVBerFxvda9O3xwCs2jLSJkKJN3GJ0MlaJYS8WWG61B3c96n0=s88-c-k-c0x00ffffff-no-rj,,
7425576151124e11a94609fd1b8687bc,,,,1300,https://static-cdn.jtvnw.net/jtv_user_pictures/5a2c8aaf-c66a-4396-aa9d-439e73c04539-profile_image-300x300.png
7441319fa18e4556a8ee9ef4e6396ee0,732,55645,https://yt3.ggpht.com/M193hBZ7gYsWE3ISDogAn_VmNQ4qEF5uF7x4h3NxiHWCECESvSmtgF7xnoQvOqz9yxMt4cjTIA=s88-c-k-c0x00ffffff-no-rj,,
746abd9861714105823ebfb2a18f6fdc,209,8939,https://yt3.ggpht.com/NB-FbKp_nAp0JReSGcUMukhyfmjTQaQ4C857kJo_cUZ54MmsYuPabLvyxP9im5fSzBBkVp26zA=s88-c-k-c0x00ffffff-no-rj,,
747fb5e9d30240a1ac42fbf37e86b55d,1190,50622,https://yt3.ggpht.com/tGG3lit9COco62QFvsh9_Ji653MUKpCebHiFzjnu78Z2Err9FjhftRK0jCekj5aeO6HFa1U5=s88-c-k-c0x00ffffff-no-rj,361,https://static-cdn.jtvnw.net/jtv_user_pictures/7811dd0e-77d6-40ff-8b65-7ab0ae2e8757-profile_image-300x300.png
74acc3b3c4db41d2a13cce887ad2a856,49,3041,https://yt3.ggpht.com/xWXeFimLDPK735kNQYUYi1wKoUz1ogbC_puKt_50f3VMc2-OZfNaQedqApZ6Tb7t_ILwDm31=s88-c-k-c0x00ffffff-no-rj,1534,https://static-cdn.jtvnw.net/jtv_user_pictures/1390bda3-8a00-4269-96dd-c265f6a6f9e7-profile_image-300x300.png
74beedbc5f694a2c94fe73545ba4037d,185,10356,https://yt3.ggpht.com/JZz5aMjIAcpehp1Pdj0Da4XneEs6Pwn2kA9zdycq_IAFgyrX4LhEl0iutPgNrmK15YSeSqSqXg=s88-c-k-c0x00ffffff-no-rj,117,https://static-cdn.jtvnw.net/jtv_user_pictures/cae028de-b298-4f85-b36b-6ee7b7e1de84-profile_image-300x300.png
74c26216c39a40d1a9f1c5f63fa4d344,8140,309475,https://yt3.ggpht.com/wwDHBHyXWpN56OBvwFejefcRzOshNuigkWYUEmD_DxEjoo_cAnj6DwJKsJNODk-CGeplUawe=s88-c-k-c0x00ffffff-no-rj,,
74c75f221fbb4cffa67de26881bae17d,838,44852,https://yt3.ggpht.com/9s8qaYHS7wE43scIbwGxafcP3xLUcpPW7Fh9es79F71bArCU9hbqPWDJ1gCWs7Opx4I9FT2yBA=s88-c-k-c0x00ffffff-no-rj,,
74f214b764314c5aa446eb9981c94935,432,15364,https://yt3.ggpht.com/-omQVwVzXPJKsfaPfG9TuRrjfoVhc3B5xsz1fBLRK1qnilsO4d63Sgq9-dXWYx5n0cS_nZJI=s88-c-k-c0x00ffffff-no-rj,,
751596501f4f420a8a5c5c9d839efb22,2460,115567,https://yt3.ggpht.com/Nqq9LU2AXE7CQn1V66LgPn8pMdSVBusL3YwwIBIh74ycfcqmO3Uv45pbnA_8aB5WyvU7YLuexg=s88-c-k-c0x00ffffff-no-rj,293,https://static-cdn.jtvnw.net/jtv_user_pictures/14d5bb3c-f7ac-4b98-9f1b-690a1b2787da-profile_image-300x300.png
7531ceacd52e43b4a29ba4dc18a3f56c,698,28340,https://yt3.ggpht.com/hJgglE8f2snB06w2zdlaoFFPA-j8E9nzk7cwNQDeZ8HVkNyPZzavbGfXzq-8wxN9agPca4IJKw=s88-c-k-c0x00ffffff-no-rj,1679,https://static-cdn.jtvnw.net/jtv_user_pictures/08b508d8-9b76-454c-8f38-564be41f3acf-profile_image-300x300.png
757f1b20f7bd459ebd8949da907dceea,5770,254447,https://yt3.ggpht.com/oNrSmECewmquYh9O7vKlJOFKIndvn2bqo5-6nRXGSX5wwz7CfjUeBXUVYxpIWclcbldtC8mr5g=s88-c-k-c0x00ffffff-no-rj,,
75a90497bfc2480f954c276b70f7b1c3,2190,163374,https://yt3.ggpht.com/xk72lH45OnyhfUyg6M0nmoT6bmbRXtzAet8SDHsatzJwkF0jQ8275oEC3Y1feLjnJLWlV41FjQ=s88-c-k-c0x00ffffff-no-rj,7025,https://static-cdn.jtvnw.net/jtv_user_pictures/41811555-85d4-4870-8f3c-7a47413f38b1-profile_image-300x300.png
75b388425b774a9f99a4483e295a13f0,3950,232247,https://yt3.ggpht.com/opNR0oLO3P-_d2l8r_-ePgcC2MYRgjmZ_uJUZYPEtAy3dEsJQFjzqc7a9b3Gz1Op46wyzWxCqVI=s88-c-k-c0x00ffffff-no-rj,395,https://static-cdn.jtvnw.net/jtv_user_pictures/afbc43ed-6f16-4df9-9ce5-7ad6892423ac-profile_image-300x300.png
75d0bd5fa58a4a5fb479e3b2ebae82a7,11000,379440,https://yt3.ggpht.com/ALBETfrNVO-F3caMG9anFMwagSFqGTy6eOq6z0xNnlqj18ibdHxt47bX1RpERgBqDSTYG-TKIes=s88-c-k-c0x00ffffff-no-rj,,
75da31a9fa4e4dafac9e98135bfab373,121,0,https://yt3.ggpht.com/rqfckh1HeZIHkxT4cSwEinT5_wczaxNcoqsHA6LSctQgHpht4T9X2Mtm60PM2LZMRmSkZvKwhg=s88-c-k-c0x00ffffff-no-rj,,
75ddc749133b4c498eb35ceac1e2a0b2,18400,1558419,https://yt3.ggpht.com/ITXcgS24uc5gTITV9teDjdz8oG4NEnug2ELR477u9w231Lbdo228ZkY2LCi4RyAclHZ4MCH-WQ=s88-c-k-c0x00ffffff-no-rj,,
75e0561f549f4775b90601a9d308340a,717,49682,https://yt3.ggpht.com/bMYvJS7dZgqN0zrNxzRg20avj5I-RmsMOvSm_2i6WVHT_xEoIivLF9-KuTH-2OusLRuLFwUxiQ=s88-c-k-c0x00ffffff-no-rj,,
75e2a9a237e14297976b9b8946818de5,764,1564,https://yt3.ggpht.com/pD8yIn1LCxFG1rtXJhLjpBKue0O5LsuGwsO7MW2WeGjeiIWFFx2JQOahCBl8n_VPn2uL5cdv=s88-c-k-c0x00ffffff-no-rj,,
75eb49d99170441ab784d7bec7378d21,190,7292,https://yt3.ggpht.com/HIUu4KXf1miFYPU77eF1bEH-jgE7RccdjwaReVSweQK0HNN8ab8MbJrYorq7TirL0AfWVM2J=s88-c-k-c0x00ffffff-no-rj,1061,https://static-cdn.jtvnw.net/jtv_user_pictures/6dc05bfd-6562-40a3-860b-89b1842d3db1-profile_image-300x300.png
75efe1c591fa4cba93c4938c58cfed27,632,0,https://yt3.ggpht.com/cj2U2ks0xMG1rYehytq1crDiCzRSp_OI8SSQkOXsnaGtButOViahYQ-Pzz7vXgFJa_YyyhjfrQ=s88-c-k-c0x00ffffff-no-rj,,
75f110ca5e9a4b7db3c57912baf5ca27,1920,164610,https://yt3.ggpht.com/VvOn4lpAXWBfijU0zpx8gfoySjxRkHzJMhXHuCf4YFKbeGOxNkQ_okWqkL_1k2jtahakRxaG=s88-c-k-c0x00ffffff-no-rj,1539,https://static-cdn.jtvnw.net/jtv_user_pictures/d3a3fc9f-078f-4df2-b1a0-7feede808a6c-profile_image-300x300.png
7607603e2b5f422fbdee3d495f62a411,1310,35577,https://yt3.ggpht.com/pKijahT5RpCEsKYQSv0qu9B1gDMSGXwHMzWOVA71ZXRrHdJ_-zs-uYUxtyPvWb6gYTpCHUrO3w=s88-c-k-c0x00ffffff-no-rj,,
76165d25983b463eaa1da66c86a32b7c,2720,35975,https://yt3.ggpht.com/hOFpzEyBFHl4JW6PC84irlOboNFYQdyE3GUM96T2lmGU5Uwkz76cxJ2E9JMgZvWUWwufrnDi=s88-c-k-c0x00ffffff-no-rj,537,https://static-cdn.jtvnw.net/jtv_user_pictures/4231ee6d-3b5c-4146-a82c-ecd242ffdbf5-profile_image-300x300.png
76355385e14341a5b8360ea9d19d831e,39,196,https://yt3.ggpht.com/YA8FbFGHo9Jpd9f8Z6b7AVwSPmp25Df97LdQWTm7flJAKMEqmLE_HhasKNDnj-aXyWx5w0TZXw=s88-c-k-c0x00ffffff-no-rj,,
76489786a22c4162970f9c288157db6b,,,,1673,https://static-cdn.jtvnw.net/jtv_user_pictures/da629541-6071-47bb-901d-eed833447919-profile_image-300x300.png
7653119a278b4ea59d2af5e2ba7d30e0,1920,71517,https://yt3.ggpht.com/hWZN8GSrbPbzPckqsW0hC0EpGm7h5H7PL-_yGCr2rHtivFcOv8c7mnSZbeEWsESvCDwHpB9huJw=s88-c-k-c0x00ffffff-no-rj,,
7667228c716242d787e1e9cf37224896,2490,96189,https://yt3.ggpht.com/Khwv1Djcf0nAROP8HG2TAHtaaVolyty0o_fzdTKKZZaPLvqL4b2_CZQ7WDs6QEpaCtrsF8aY0IM=s88-c-k-c0x00ffffff-no-rj,,
7677c9c71c0a4decad1472b7ecc604bb,489,4841,https://yt3.ggpht.com/gxPsM2lHWVvxA0pS9X-X6ESCbq-u-3QVIHdAPpiXhpN4kKyvRCaEuhfEF0m2yzIi4Cj9FyqP4w=s88-c-k-c0x00ffffff-no-rj,494,https://static-cdn.jtvnw.net/jtv_user_pictures/b795bab7-bd2c-4ff4-a9cd-52bf36d14969-profile_image-300x300.jpeg
76a17ecab93c4c3db069c9a5d8d0ecf5,211,20945,https://yt3.ggpht.com/xPoiurKUiRt4XPe9XVi8sAZjkoLN7_vVNrGpn2RJbN_NLQ94UrR3ZdDomVdL8gCyt6dDje9frw=s88-c-k-c0x00ffffff-no-rj,1575,https://static-cdn.jtvnw.net/jtv_user_pictures/f1d63911-2bac-49c6-ba35-71883edc0aac-profile_image-300x300.png
76b44153656540e7ab449a9f57cef7ce,110,2756,https://yt3.ggpht.com/dgZdcgLEavzdjRi5vXJqUQcYeK_JfGmcXoBEpLOdSWvEYymJbnCu-1TTo2NJnoGBRmvCGfoBeg=s88-c-k-c0x00ffffff-no-rj,56,https://static-cdn.jtvnw.net/jtv_user_pictures/6473732c-a852-424b-aa1f-e0a174ca06b5-profile_image-300x300.jpeg
76cafd8f4f5e41cbad5e0520520fcc1b,3470,0,https://yt3.ggpht.com/SVwsDzlqu5UfeGmbV4vP0sApK1PB4O7d9YHB0xGUniemEaLGTZP4KGQoJ6Qf4VB8DcLLCQGV=s88-c-k-c0x00ffffff-no-rj,,
76d68171666847cc913328359037139c,6390,175493,https://yt3.ggpht.com/x2YNRZ87DmkYTz34xwO5RkMsPINPfTlzcJ_mlArO_c-udBhB-RrmMEANubXjDY7ZtFR59KNqtg=s88-c-k-c0x00ffffff-no-rj,,
76f2fa6f1aa44f0a816a01a1b277430a,681,23948,https://yt3.ggpht.com/Uv31Yj5E8Ujrj38BRc_X3u_AAK5KoFtkKQX19Aq8MShb6OzCWdsdgm-pffCFm_ZnKB7umz4_=s88-c-k-c0x00ffffff-no-rj,28,https://static-cdn.jtvnw.net/jtv_user_pictures/016ba01d-3fb7-4c88-8275-d3dfe090dd0d-profile_image-300x300.png
7731172cfcaa4e668762473a7b9d509a,428,11555,https://yt3.ggpht.com/7sHEy8Ch9BOkLAm0XIs9Bg33bit2PfVREleJ81j6ZvtlGX6ECld6rwHtIyJMU_FwTqdCaSAJnQ=s88-c-k-c0x00ffffff-no-rj,588,https://static-cdn.jtvnw.net/jtv_user_pictures/eae71e31-5bad-4a3c-963c-05d379223f76-profile_image-300x300.png
77364942d7f24440bbde8efa71c724df,105,6680,https://yt3.ggpht.com/lnclE1vIg8zBcIrjcJ0xqh0zmo43Dszex19EdyMlVOQCDyJBNUjnvngneJCJ9W4mtvaBaDbCaA=s88-c-k-c0x00ffffff-no-rj,506,https://static-cdn.jtvnw.net/jtv_user_pictures/58b65cac-a4aa-44fa-ac83-4cc206d5c169-profile_image-300x300.png
773a7694afcf4666960b05a4faf1a1fa,436,1487,https://yt3.ggpht.com/257xSTl18hBV1KnirZTYnmG8c5D3WgA-9OjhzRK9CJze31bGu8VBvrBu3p6a3wiGo6CtlmWp=s88-c-k-c0x00ffffff-no-rj,,
7748d3ab76f34e06abb9d116bb432de2,3460,57264,https://yt3.ggpht.com/S_4JEL_59Y7tEOKU6vINyrDhFlCm8n4jskod6OGKQUNmaDfVFO0OLC-dmR0rAkDsRoquYsGepw=s88-c-k-c0x00ffffff-no-rj,1701,https://static-cdn.jtvnw.net/jtv_user_pictures/83bb6eb0-a849-4912-8131-729156c6c1b7-profile_image-300x300.png
77533b0fb2324e33bff67fbbf4daf13f,15200,3671690,https://yt3.ggpht.com/v0r_u0PXqkaubiZHCCa6LjAtg-wF6LNKgNb1Zky7eOkhg85VoT3WIgTAdDkmbZOQerRfsBePrw=s88-c-k-c0x00ffffff-no-rj,1450,https://static-cdn.jtvnw.net/jtv_user_pictures/9292688e-35dd-47ec-b25c-81c00e5dece1-profile_image-300x300.png
7754a4ea82814b7fbbecfcf459382001,1030,214506,https://yt3.ggpht.com/anHgzy3kCal9tNm_7ay8sexgJX6yjo4Q8Zrc8awjzRIWa1wacie6vgV71qtEHPMKZEtwDnlH=s88-c-k-c0x00ffffff-no-rj,1936,https://static-cdn.jtvnw.net/jtv_user_pictures/3d5f121f-94b3-42ba-b165-8f499c73d946-profile_image-300x300.png
777608b04fa74a42975497f6273ed6f9,195,10682,https://yt3.ggpht.com/ZMVCqbgCTURmNVNYR873aQMAJJgIzexf_3qGfC-pNhWrnT-YS0zboK4NfoExUG1QUgPmG7AKkw=s88-c-k-c0x00ffffff-no-rj,2418,https://static-cdn.jtvnw.net/jtv_user_pictures/058d9519-50b6-4780-acbc-24da9e41ecee-profile_image-300x300.png
77829b31e6e246efbf1f648a353ff823,128,1575,https://yt3.ggpht.com/OitIh268mOSRqpssvEVyKiqgxvh0dsIRxWENKM9RCRXhDfy_P-dq8OqLYeYfonLbL5jYDqHc=s88-c-k-c0x00ffffff-no-rj,,
779093d7bffe454aac7df7aea003f150,372,4570,https://yt3.ggpht.com/rm8L-jxYXdUWn4HlgDCZ3uqCT4N3mkTd3w4Y3PPsYnro9MqUlFu2EM9vTEC5PA9Nhne5CXwK=s88-c-k-c0x00ffffff-no-rj,,
77e980ab542a4db6a34b5ac9c8f3948b,6260,276709,https://yt3.ggpht.com/WQ8B4KTQvke9BxKJavVOQLHANYsiwWIoTTI9RQrsZnMXD-OTycGoDLXaZeRc8IVf7JSyKwDU=s88-c-k-c0x00ffffff-no-rj,617,https://static-cdn.jtvnw.net/jtv_user_pictures/8be1925f-b971-4337-b17a-6d78da9d0225-profile_image-300x300.png
77f4700c452c4200a4e62effa2884b4a,789,30376,https://yt3.ggpht.com/9DwYKTwp_y_u5AEAfgVnosLA6l2K2uHb9vrtwiVi7hYLEKABAFuRQCTNjDoH_ytm0rKqd-XJeA=s88-c-k-c0x00ffffff-no-rj,722,https://static-cdn.jtvnw.net/jtv_user_pictures/bd04f5d1-ecca-41df-9317-3baa06c536d6-profile_image-300x300.png
780f8a72bb1543a79feb5730b42130c6,2490,282689,https://yt3.ggpht.com/zd_9zf5DaPcfBZi0EXpL7C0DRamljzBhJ2ILAvd6eyIS8O9Vrr577E2Id8EGOw83O7MAzT9KWQ=s88-c-k-c0x00ffffff-no-rj,,
788611c913b04d999011628637657bee,6200,383668,https://yt3.ggpht.com/2x-4zk8RziqA3tLy0Kps3BoA8abOK3bQo9eOWbUm_wW7Ozw10-bO5WEW3kZ9yQLxLyPToD5NptM=s88-c-k-c0x00ffffff-no-rj,,
789a5da3ba8146e9ac10a8814f096b49,383,14286,https://yt3.ggpht.com/-XT6qL5TPJW3UetOt08AkS2zoorU-HwmE1hYYVAkucirdXpN91x-WjC8NiRA0tLSiTuMKn6FpBI=s88-c-k-c0x00ffffff-no-rj,,
789a7f5d025349b4ace0925f9e17fdd7,219,757,https://yt3.ggpht.com/CTwynGapK_RwnRWZUAGbhkv-YyxRkNEWXWx6OAR56xJx16XJd6wa3VlhZxJmp1kIGiD-9xo63w=s88-c-k-c0x00ffffff-no-rj,,
78aa93aa7916451982b716f2e8952d38,1020,58140,https://yt3.ggpht.com/3KZzqLdJz5S7e0sejaRtOEndm90XM6GDUDVG9K5hPgU8GYyRKw3TxkAxm3HHRTyyqbpe2SnpaQ=s88-c-k-c0x00ffffff-no-rj,,
78d441a2d6584d078a6ce202238d36b9,1030,24994,https://yt3.ggpht.com/_ZR6OozPm1gxIKxpeCrHQ5S17T03LKja-oM3y8okEGPX2heL_XYZG17sXloCRwPzf9OdbbRSC1U=s88-c-k-c0x00ffffff-no-rj,,
78dea7b59be448329ec287a403f95a13,288,9603,https://yt3.ggpht.com/EOmgXd60HsRrh0JqCTiOGqo02iyG_KWQv8b2UUHFjfdJYC9-oYw5dfLyL4PRH6kwlf60VkIMiQ=s88-c-k-c0x00ffffff-no-rj,1293,https://static-cdn.jtvnw.net/jtv_user_pictures/36d37042-5f58-4652-a90d-0d085e583f4a-profile_image-300x300.png
793ec2d37c544cc7915d3dc3e9902e1d,1620,43389,https://yt3.ggpht.com/sJo5uTunuX5DvNnNCZd9-BokbbHcAzRsJ71uuoDl90No3ycD6SPKdpDxlYugPUdB3piGEubNXw=s88-c-k-c0x00ffffff-no-rj,1471,https://static-cdn.jtvnw.net/jtv_user_pictures/c3b84e16-3fa1-4c92-a5c0-9de76af19a5e-profile_image-300x300.png
798dda88504941b08a086b309c81b4ef,1180,39645,https://yt3.ggpht.com/qztFlpeCAh0cptwS7et44YX0rh-KSODcKaiRLRJ7gD8f1SXrO_rq7pIaT3a7RWObyswnfzlC7g=s88-c-k-c0x00ffffff-no-rj,,
7a0c5fe0fe2f4427afe500c85ec958cb,3410,220924,https://yt3.ggpht.com/F0nJWfs76FvG-8HGzy20HKGasqC6SDZY1NS8Aih7lvlcg7bYHlWjiA7I6pXs4SOVNIflN2KInQ=s88-c-k-c0x00ffffff-no-rj,,
7a0eb6cbe5a94663888ef35a63ab3b5a,993,25755,https://yt3.ggpht.com/PrEbGw1vYd37fFNup5mRVtYqvH9fYdyJSK1mRnAJF48T_8D70uIDqPyq4UnP6ZUMXukrFVydKds=s88-c-k-c0x00ffffff-no-rj,1133,https://static-cdn.jtvnw.net/jtv_user_pictures/c7e4e201-c78d-4ad1-9453-c515230e1cc1-profile_image-300x300.png
7a160bd129144664804dd3fc08fceeb1,293,13458,https://yt3.ggpht.com/NG-rHFD_E446qHS3a2HIOM2Ky2M0EixRYMhOPekJMh3CENjrOG3eNRrKvDNMeJIOVhFRhG1f_w=s88-c-k-c0x00ffffff-no-rj,2067,https://static-cdn.jtvnw.net/jtv_user_pictures/5e1db415-3d93-442e-8f6d-e23ea7a40e1e-profile_image-300x300.png
7a2ad28d7377465a8721724cfce9ffb5,482,6585,https://yt3.ggpht.com/fg76YmxN41g0cEYZbmRZEFvaWHOy85VzZ3RMOYk6mQig-V9uLznRoePWOeVDdwnv3stDVtHG2w=s88-c-k-c0x00ffffff-no-rj,,
7a570b5273ae4e359a6491aba1313011,361,3924,https://yt3.ggpht.com/Z7N7TQwnHhkr2OQuYudop0jbN3esK1-vhaGI4RW36LrYqEpBpw3bQW7WhQzNMfBHfd65psue=s88-c-k-c0x00ffffff-no-rj,3041,https://static-cdn.jtvnw.net/jtv_user_pictures/e633317e-9d80-4300-ace1-3c9e96ef86ad-profile_image-300x300.png
7a5f358662cc4ba6bfe35586eb344bd3,89,450,https://yt3.ggpht.com/xOVFVLsCP7Gio0TBa2seqYub30mkNKyEzGZ0ifdJm_anZOx1FsNXJHmVUuSrPpih-xtH-s8Qeg=s88-c-k-c0x00ffffff-no-rj,996,https://static-cdn.jtvnw.net/jtv_user_pictures/9811222a-cde9-4fa0-8427-31277cfc01d0-profile_image-300x300.png
7a7e366c81d54d03a07cb2c6cb382884,195,5892,https://yt3.ggpht.com/t4dPoZRohlp_OpolY4vfqcJWW2VOIeQYLTZ3rTvfbCFIlFLz3xO8Gd2fovFbq_WQtSNeLgH_=s88-c-k-c0x00ffffff-no-rj,,
7a88afc5eb644d76b35ed4ca968259bb,4230,134601,https://yt3.ggpht.com/G1f1e1qUAY0hoKkJyVvVR53pQdJUPNMXON5Seaqt4BhJgtytdsvMVnLU8tZ9f7jOUznnc9fZb6E=s88-c-k-c0x00ffffff-no-rj,15367,https://static-cdn.jtvnw.net/jtv_user_pictures/5d557770-c244-4281-a6cb-45091897c8e2-profile_image-300x300.png
7a93714b53274fbaad48bef3b409d458,1940,96543,https://yt3.ggpht.com/2SPM8FZ2Xlda411H2HD8y7qQqqh51Y0akxInAQK8N5umuDniV9CBJzlFK1Wg4OgGboDYubcaqA=s88-c-k-c0x00ffffff-no-rj,,
7a9b7ab0d5bd411195d77800ff778a90,1090,21728,https://yt3.ggpht.com/Ai1v9kUXwPJYvsMmMblowR90zcYFj6g4MPSZTocPIggfPAQ0UVgB6rZdWz0nzz1Re-KS1PnybaQ=s88-c-k-c0x00ffffff-no-rj,62,https://static-cdn.jtvnw.net/jtv_user_pictures/e179ff3b-c972-4175-9b36-cd94aa0c6761-profile_image-300x300.jpeg
7aca9b05fe654223a3702531383002a8,3520,6155,https://yt3.ggpht.com/BGsuOK3WX7pWn6tn-9Cz83pjz88wN0t302dw-t0ngTKlRjQpwYvupr1ClEvWi6zJs5qCp1Mwng=s88-c-k-c0x00ffffff-no-rj,2528,https://static-cdn.jtvnw.net/jtv_user_pictures/ca3b37ac-7a8d-4f59-b225-cb235ef95048-profile_image-300x300.png
7ae1c13d53fb44f49f386eef43c63ee4,4240,119730,https://yt3.ggpht.com/8oBQ5D0HsMJAh4P2sj-3-uVULjsFwt6WPhI_q00Og413-a12SFFeJDCdZQqDa6Njj3kZh37H=s88-c-k-c0x00ffffff-no-rj,59,https://static-cdn.jtvnw.net/jtv_user_pictures/c39cb77b-63e9-4a45-8d76-6d960d5ee779-profile_image-300x300.png
7aeffe1ba0c443d5aa4721247b801593,818,89834,https://yt3.ggpht.com/0oM_nJwQEkWobyJu_yhyix6o31rGliHsu6F92rEOHxJ0KCDE2k8XjsSK753h7DNjsLfmMv7bDA=s88-c-k-c0x00ffffff-no-rj,,
7af8f321e84542dc9ccda160152fbf0b,832,56896,https://yt3.ggpht.com/tyUZIu83M9rtgc3VhyOjyHldvSgtUVukk6Z9JvnYa8mtAO_35nzSpx2ok3qsC4fxD1G4hXWJug=s88-c-k-c0x00ffffff-no-rj,,
7b2c8df9fd9d4f33bd5ec0c38f12826f,11400,0,https://yt3.ggpht.com/ytc/AIdro_kb8d9MQcHiggmCBAHVEPHRB94fVm1iFLop1vtYP3Gy7YGzDIs=s88-c-k-c0x00ffffff-no-rj,6127,https://static-cdn.jtvnw.net/user-default-pictures-uv/294c98b5-e34d-42cd-a8f0-140b72fba9b0-profile_image-300x300.png
7b2d1d71057b4ac2a16109b980a99e28,2420,51908,https://yt3.ggpht.com/YL8AjELDmAmroCgblOFshZoC16bb4CUPDMK7CKCqshUPE0MQfMnE2yfD__Yk_m0-URLOO8sMEE4=s88-c-k-c0x00ffffff-no-rj,,
7b578956fab14341919193c03ca3ab32,455,10782,https://yt3.ggpht.com/F4RHvmSF_ZdxHzRwma9cd9ZR8LC1ex20YgzsyZ5tuLxjm7ENq3fC5JPLiRRhXWym3XTGfKnSCeU=s88-c-k-c0x00ffffff-no-rj,,
7b58646f89cb4b7cbcdce819499c475f,12500,193156,https://yt3.ggpht.com/_W52Km4lYCN7xn0jNPlABvO-YbeqYzDLCdt77liyUvJ13KYU8vMRoGKpPH8aYSyDhTsSKYI1=s88-c-k-c0x00ffffff-no-rj,,
7badd33c853240e280db61899f381ff2,249,8609,https://yt3.ggpht.com/61IEmp1PvnGkVNcfpq3k0-TTAThqYD0iUnZAC02O3ESXe32UKcKqLq4sRlXPPO66pk1xAEq-Ng=s88-c-k-c0x00ffffff-no-rj,378,https://static-cdn.jtvnw.net/jtv_user_pictures/ba08e099-889b-46d4-b292-bec2acd9a26e-profile_image-300x300.png
7bd1bc8b491d47e0b7cf0a573c36120e,1770,87331,https://yt3.ggpht.com/5EewAfi7qlTtE6mp2e7M1mYOUfo2LCZAeYcOUo2nPiBFeCucr48FOOUKuHHItpdUlnlGHMfNojM=s88-c-k-c0x00ffffff-no-rj,,
7bf1f37dccbe4c72860c81a2772b91e1,1210,428554,https://yt3.ggpht.com/SLOwtXfS-xdUJSm-logJorQDfee6MR3Om68ACizZ96a390Pfgekwz6hxn7JPM3h_foZs81jYYA=s88-c-k-c0x00ffffff-no-rj,47,https://static-cdn.jtvnw.net/jtv_user_pictures/27046baf-429b-414b-bace-c2b5b7a8c344-profile_image-300x300.png
7c00b7dc73a240dc84d68be389732a0c,23300,1013871,https://yt3.ggpht.com/N94Qm3MI7q8m-mwrKLzhV8Y3GSsxV8eaeBR3knkzLcMU0bl4gA6vqKepe19uw05gTe7I1Mhd3w=s88-c-k-c0x00ffffff-no-rj,,
7c06b9e316ce4ac18ce836cd72442bbe,207000,44704593,https://yt3.ggpht.com/QepYNlHL5znbTofU4GKoS1WcVBmFGGX6w1hcHKrwGHmGmK04xQgJ5B1cA3o0V1mchEK55f3UeA=s88-c-k-c0x00ffffff-no-rj,51671,https://static-cdn.jtvnw.net/jtv_user_pictures/4f87fa7a-b072-4365-9e80-bbc437e5dbfa-profile_image-300x300.png
7c0acdc8fe2449deb487cbb827b51723,1830,70806,https://yt3.ggpht.com/vLa3CAzxYNjVcdrokupcUl6iQOwWM7U8Hya1uV1lM1Z4cQa575M-TMJZwLIG-fuzPZOjI-mZ=s88-c-k-c0x00ffffff-no-rj,41,https://static-cdn.jtvnw.net/jtv_user_pictures/ff2f5be8-2c07-48cd-8f48-4bfb5e339da9-profile_image-300x300.png
7c147c43030b44b9ae244d82c387c82a,2140,35392,https://yt3.ggpht.com/xkIAeAmsCLt9XjkBKokdefSZkq22we5u7iRIDnLAnDxikRrxjqhvyNdG4F7-LhPAf3WyuZPYXZ8=s88-c-k-c0x00ffffff-no-rj,,
7c18bc597298484c8f2925759fc1ac4a,1610,66627,https://yt3.ggpht.com/NR8PjwHPBvP0lL6w1D6yOWlsNW_0YlqpSghDPlLuGXSlLFHoI4YbIsjqrtHdImgSv5VJKif7=s88-c-k-c0x00ffffff-no-rj,553,https://static-cdn.jtvnw.net/jtv_user_pictures/7e0d8f06-bd5b-461e-aab0-b72bdfac1ce5-profile_image-300x300.png
7c654d42b5f9447ab761a14b9ab42b77,153,2079,https://yt3.ggpht.com/6WKgqQeAjcDlo1wZ96N91zMIvGfSpkKeIRIn2LtF_WvU_4oIRGjGvnw7c-VZWvJS2XlR4pOEnGM=s88-c-k-c0x00ffffff-no-rj,193,https://static-cdn.jtvnw.net/jtv_user_pictures/f6b02be1-f948-42ed-adf8-038cedeff084-profile_image-300x300.png
7c6d1a181c90471887696ff9637aed03,1450,57615,https://yt3.ggpht.com/Y0Ynl6kDltgY64LM467_x0rs9lMU-F6FQtay_a8wCVNAW3t6IT9vUKzmPuQ4eakbDlNdkqX6g9k=s88-c-k-c0x00ffffff-no-rj,,
7c781489389447e682388caccae7fb1c,501,16617,https://yt3.ggpht.com/XnFDKBijpxma-wQMtl4FQMmr2Jh1SHLHkCGSe0z52KdxmYg5vgLFHJ0Cj0Za6gxhXVJ4N4cJmA=s88-c-k-c0x00ffffff-no-rj,888,https://static-cdn.jtvnw.net/jtv_user_pictures/dfb768a6-c397-4baf-b4b5-d94347bbcc68-profile_image-300x300.png
7c88a51800fd4984ad24ba803d3760dd,964,15393,https://yt3.ggpht.com/5VfB-Lk0g3oeVe4PP-UkZxEUcT-6cAkr5mv1aPSRniEklNJFV8oLoXLKXx9ZpNWAxaOLIhdN3g=s88-c-k-c0x00ffffff-no-rj,,
7ca56a8380d245b3b7e5398d12178478,27,292,https://yt3.ggpht.com/ytc/AIdro_mBZxbqbS7YJATwQ1K-NIZyzJsqxoSc8ZewFczf8vbB5ZU=s88-c-k-c0x00ffffff-no-rj,162,https://static-cdn.jtvnw.net/jtv_user_pictures/226c6ca9-9936-4a21-bc97-77d9029f8a60-profile_image-300x300.png
7ca610bac41843a28abba9e947aa9ded,599,29852,https://yt3.ggpht.com/6qMaPp1ym34fA3w9mns4oXZnEnwQFxnSNcYRHI3vwGV6RHv7OQ4kBmQChY61U7g1BdYakvPnonY=s88-c-k-c0x00ffffff-no-rj,2651,https://static-cdn.jtvnw.net/jtv_user_pictures/063b7c52-3465-4e57-906e-d763e044d610-profile_image-300x300.png
7ca8ec94cb4640ccb27719cbfc8a8df0,1000,49320,https://yt3.ggpht.com/CNV1l62nlY8ZI-VuMmrD6u_0hITwobge-2YtTzprRM19QlwQ4uN_gI2zNJT5fa9Z8nxWfePUjg=s88-c-k-c0x00ffffff-no-rj,,
7caa52181a744f68be9e3995c7adec24,2080,65149,https://yt3.ggpht.com/zMJJtUsw9NLpaSd-W1QM9JvAUabDF4VOkCsnZN3wctQOkFNlIQCwHRleEj8E9NDi0zetRh8Quo4=s88-c-k-c0x00ffffff-no-rj,,
7ccac8385e2d41f69aab04b7f2b23cac,132,1596,https://yt3.ggpht.com/-f4HZfn4PSzHTRERx6f1MrLg8FdLq6EfEYhfCRoD_-LXQit7EpdZtiJEULmxNv24mkpi239BlQ=s88-c-k-c0x00ffffff-no-rj,1392,https://static-cdn.jtvnw.net/jtv_user_pictures/12763e77-2ab6-415a-9b3e-05cbc8756075-profile_image-300x300.png
7cd55e03d87c4c77843a437ec0703670,,,,3099,https://static-cdn.jtvnw.net/jtv_user_pictures/ff0a55dc-31bb-4615-8d93-79116c1187be-profile_image-300x300.png
7ce04ee5bb63467f8b70a69136049218,2260,25914,https://yt3.ggpht.com/iRAdFDbuWLRuFOyC368eaCKVPOE-28yTcEHTzF1Aikv0jfM0d06ADNUGBVpydjp96rxtazj9bQ=s88-c-k-c0x00ffffff-no-rj,1599,https://static-cdn.jtvnw.net/jtv_user_pictures/5644fb02-e4fd-4a5b-ac95-6e9714cba30d-profile_image-300x300.png
7cecb437e7a54e07a29c3a164565957d,13500,341332,https://yt3.ggpht.com/qqAMecCuC8ks56b6E9w4UR86OixVhAiVh_BlzS1xZrWDxxKprY1CZVFvLE55ebVfOOaR9lVG1A=s88-c-k-c0x00ffffff-no-rj,,
7d0d99e77f624bdc934b17212a39a894,338,621,https://yt3.ggpht.com/yYu8pldcU9Hn5qwfbRtwIrEH3VHERTMKEYUtUHxfzYvXo7ZFpOzAfDVW8x7LJBIkBiDyrHbM5-8=s88-c-k-c0x00ffffff-no-rj,3002,https://static-cdn.jtvnw.net/jtv_user_pictures/5288c31c-7dff-44f5-81a0-84839cd436ff-profile_image-300x300.jpeg
7d11ed1b02104cf58efd2df6cbc1ef69,99,2072,https://yt3.ggpht.com/k8rSUfXPNB7awY6oMLsP2l4ddF78jUC3vl0Y6v4bI88YftvhZg_RESAR5B4doKoSNLFZy8Y-YA=s88-c-k-c0x00ffffff-no-rj,1067,https://static-cdn.jtvnw.net/jtv_user_pictures/c49c34c0-6139-487a-b46d-d68b0f355966-profile_image-300x300.png
7d66bf98da354f72baee891cdd91855b,25000,695249,https://yt3.ggpht.com/vmds5vN6WIH1NeZ84_6AbnwblH7UDLpZqe8-hYjjdbpat-_P7myXRvLxbvBdjFwA6TBuXK4UhLM=s88-c-k-c0x00ffffff-no-rj,,
7d6a4fa5389c461bb553b8190c5e951f,1340,77106,https://yt3.ggpht.com/XCep2uyXIBsgvJiHD8WPsZMNp6RI-HuJVKoHk_84nEMrfCPFCbKF0WwXT_qA3suGP4pH1GEFtA=s88-c-k-c0x00ffffff-no-rj,,
7da08de1840847b99c6fe9a44a1ca0ac,2580,55648,https://yt3.ggpht.com/2au7rx4dDqPDkbuud7XMnnSlSy5SWBTu1IB6Wf4Lo_qDtKgK64SQcTq3yxck38FLek40Monf=s88-c-k-c0x00ffffff-no-rj,,
7dc8617f6004470c8a65a67a9abdf661,566,17670,https://yt3.ggpht.com/BLj4yrK2SpxBYwjwort4iPyl7lj8JUjvU0HuLkDSKqfzQQUCoW5cRxE9PFEyB-aUdbDiHIAkTQ=s88-c-k-c0x00ffffff-no-rj,235,https://static-cdn.jtvnw.net/jtv_user_pictures/837c810e-66c9-4e04-955d-6a59c0839518-profile_image-300x300.png
7dd086a606284ba6b7b584f8b00dc190,,,,323,https://static-cdn.jtvnw.net/jtv_user_pictures/9efb9926-b011-4204-990e-10cb935b48d7-profile_image-300x300.jpeg
7ddebf4d8f6d4c63a4fc7268d8113c10,3210,224791,https://yt3.ggpht.com/eAGLn--XukPgj-vjl42Kq35hbIyKn7smS7P3osTxnGlmwuHn5UHB8voCriGsVjI9pGHsxjPs314=s88-c-k-c0x00ffffff-no-rj,4074,https://static-cdn.jtvnw.net/jtv_user_pictures/d25aa4fb-99b5-4fb0-a354-5e45cdbcc36e-profile_image-300x300.png
7de64f4deb0946baa8d6b0da69699194,113,1405,https://yt3.ggpht.com/5PoUeHnYVFe8ONqfXs5SOMriUamnvexOaQHMZccCXFmFb7pFnseix74ydJFiDWJTcYVXXsCbI_c=s88-c-k-c0x00ffffff-no-rj,78,https://static-cdn.jtvnw.net/jtv_user_pictures/157f0c78-20bc-4765-bf5b-2b3754954e76-profile_image-300x300.png
7df81b926eec4a998d5ffcd67b59ff5e,958,23762,https://yt3.ggpht.com/rWhH3u2YUYl_4TeGffDc8SHWkV1simxuAYEErADzFsNd283eFzUd9Ph59sqSPRX60S6S0SRV_QY=s88-c-k-c0x00ffffff-no-rj,,
7e088cf828bf4e02ae65bb8a1f6a8b89,5280,187866,https://yt3.ggpht.com/ytc/AIdro_kRQtEnOm38OTJcqrgHhWOvcwEfX2IT1y-KQKUcLdUBghc=s88-c-k-c0x00ffffff-no-rj,203,https://static-cdn.jtvnw.net/jtv_user_pictures/0e758b76-020a-488d-9062-c5d131e1e672-profile_image-300x300.png
7e1072448d24495f8cac5163c0290989,849,20993,https://yt3.ggpht.com/voO9MCCpOsaY7dvuaEgwy8kSD0cDi_hVgj3ylYSa_tGju4PQ9rVcwBkPEFNmRbiXzWgBxxncjg=s88-c-k-c0x00ffffff-no-rj,108,https://static-cdn.jtvnw.net/jtv_user_pictures/4d8f8e65-322d-4404-9ab9-021f00d03f8b-profile_image-300x300.png
7e26ddf485a84c0cb6d781a3bf432c55,277,1167,https://yt3.ggpht.com/eY5zYGtFXmQ_x4iQD0cAqbIv1icyqwunsAZNywmPxBApujZC1sKn_YrXj5vrBBDbp4W_ruN6ug=s88-c-k-c0x00ffffff-no-rj,2628,https://static-cdn.jtvnw.net/jtv_user_pictures/55d16fc7-80f1-443c-a82c-8aa65b336790-profile_image-300x300.png
7e50374d02184a429cfc6dfba9b52e2f,1610,5331,https://yt3.ggpht.com/fsSu5jfztmOpYLfs6sERQJf0e3Qo3aVZNv_K_sszm3ziRqBBVoPSD3LGb-QdI6tkgFV8DSdaVpQ=s88-c-k-c0x00ffffff-no-rj,,
7e8047d78da3487a8e9dd33c67554d30,459,16790,https://yt3.ggpht.com/ZRgIkSy5zp4FjYjMKoc3zy8a-rtGLsxM9SFAnFJPv_qW_KYkEO6Ulme2GcaUIZvSyJDbyP7N50I=s88-c-k-c0x00ffffff-no-rj,103,https://static-cdn.jtvnw.net/jtv_user_pictures/85d8e6e4-4803-4afd-8460-399b3b7c0152-profile_image-300x300.png
7e81a72484054a5c89f3826ebc8946be,58400,3084998,https://yt3.ggpht.com/S_BuaVuubLU1CRu6TI6BaDPd6vGXOOPFrUW4nVKQPHX0W8xPF54IaWU10rCC0sFcVyb-vVDEFw=s88-c-k-c0x00ffffff-no-rj,5691,https://static-cdn.jtvnw.net/jtv_user_pictures/8d45bdc0-9d5b-445c-8a51-bee58344135a-profile_image-300x300.png
7e8fe40622974698a75d14d78006e009,1880,76199,https://yt3.ggpht.com/O_6olZAjielWUomcFds2Jejz2bFPcV_BywF1bCETLQU1wRD3HMTwLvrN8UaGPskouEeoNSXFRw=s88-c-k-c0x00ffffff-no-rj,1636,https://static-cdn.jtvnw.net/jtv_user_pictures/67b9db55-303f-4177-87b0-72820ad3ea7f-profile_image-300x300.png
7e957469a0c2404fa4a863ed9f75945c,3070,132194,https://yt3.ggpht.com/jZG9PvRUQI4ZTlVF6wMOlOULEtpi7pjBcBs6aR2EXqmSE1_z8C3heWUqBvIJz1dZRS55XsPoOA=s88-c-k-c0x00ffffff-no-rj,,
7ead9e2cac544a7cb00444ef6b4698d1,58300,5058161,https://yt3.ggpht.com/9LhD2l8GpAcddD6_iDRsC1PI-KiINre8WxnsmOSGSwuPoOsQrvzGKIg2OZdB79zxsUAF6i60dw=s88-c-k-c0x00ffffff-no-rj,19548,https://static-cdn.jtvnw.net/jtv_user_pictures/d566a92c-8b9e-408a-b93d-5dd2f3ea1e89-profile_image-300x300.png
7eb39f4278b04ed485060a084cd07876,1580,49878,https://yt3.ggpht.com/J5pL3R35uGHekjjQ0zaUFxGayWdBBbB1tjlCmCuxHPMNLXS-fP83SxpU_uF1cmwQDfzr-v8=s88-c-k-c0x00ffffff-no-rj,,
7ebc0dc9fdf3442688ecd63bbdc30c51,5430,172292,https://yt3.ggpht.com/cVW5L6rU-pQUyer8lzHO_9x06IBi8UjH_CDjSFK8X_yOQtVeQHng8SqpEyc3W3CgkE63eQ4pvQ=s88-c-k-c0x00ffffff-no-rj,,
7ee1b473a5584a1a85973acfa45e0e1d,265,4953,https://yt3.ggpht.com/dhv98T1tToPmIjtTwYfSX15AzzPD-3I21Qs109TWp7T513HO5zaEHfc3sAtHbksggdIPawRI=s88-c-k-c0x00ffffff-no-rj,,
7ee7164af0d645a18422350715a1eef0,156,261,https://yt3.ggpht.com/F_THFd2uYyeySy_csg6Nv6qJSBshs0k53sO47cU_4gthYACXX9P9uOSAeqdMEcwOkXQRt6O3Sg=s88-c-k-c0x00ffffff-no-rj,312,https://static-cdn.jtvnw.net/jtv_user_pictures/9e7b8a86-8916-4fb9-97b7-b8767fb3a295-profile_image-300x300.png
7eec0f9233fa49ed92c4f60fb8a82694,1760,34420,https://yt3.ggpht.com/SUxLzDAdHuKE23sPIMg-I2CWc9kpnyv7k8oonPm0C5jSl3Hp1PT3_5pitO-CYKl_e4HYNIU-UA=s88-c-k-c0x00ffffff-no-rj,925,https://static-cdn.jtvnw.net/jtv_user_pictures/c1ad5f6c-af92-4f38-ab35-6e244ac4ee33-profile_image-300x300.png
7ef2dc851df94f5aa7f632c736b4307e,13400,401354,https://yt3.ggpht.com/UE1kpgH2d3ncsivVoXFM-R_0Xxhi5bXJHXq62GdSZgP8HJ9frE1WKmw8QRSoSQQYaxrQJY01rw=s88-c-k-c0x00ffffff-no-rj,592,https://static-cdn.jtvnw.net/jtv_user_pictures/2b857ec0-8c28-4e8e-aa37-9d2ea73b813a-profile_image-300x300.png
7f049d05ff3a4946998b9ddd7df409fd,3840,115483,https://yt3.ggpht.com/Y-se3Vga22qIfisyosSg8mYboeSi4jbA0pcKb6rBT1WvPFnZBaGNvH6TTxT0QO7yJ7RSv_5O=s88-c-k-c0x00ffffff-no-rj,2050,https://static-cdn.jtvnw.net/jtv_user_pictures/e42d033b-f59e-4a0b-a0da-136a43fa701d-profile_image-300x300.png
7f34e1e57aee461c8de6f8a112d45294,275,4794,https://yt3.ggpht.com/Q7dv0W8l-OmG5CuUiV0ozwC1YDvYhu3ii2zpAuVfBC1c582vrqKvFmx0CFZTmOoimbowyypr=s88-c-k-c0x00ffffff-no-rj,,
7f494e37d17544878977d81e26b13897,314,170,https://yt3.ggpht.com/ytc/AIdro_nVoeAAq7I5vGRJcXiDazChpS19Frmmb0td0b6JoltSSw=s88-c-k-c0x00ffffff-no-rj,,
7f4f30df30ec405bb0968c585b243fa5,1040,22365,https://yt3.ggpht.com/S36XrvPsMHWyMoRP20eG5IJcrwgOeiFYc5e1SPgPVx_u7xNYOn9IFsIloQpTK3PDrz5i23yYHA=s88-c-k-c0x00ffffff-no-rj,,
7f72433f23da4bf8bfbf7ee3904eb7ca,7320,281914,https://yt3.ggpht.com/xU2ovMiea62qxVJrLxE-QNlGH4iKD4793Bm0RO4JMY-JBdq-as7h1ICNR9UYQZELzrnAazFniw=s88-c-k-c0x00ffffff-no-rj,859,https://static-cdn.jtvnw.net/jtv_user_pictures/83c261b8-18f6-4352-8969-763c874a6fb7-profile_image-300x300.png
7f7e1579979c49249dc65783d457e890,982,20974,https://yt3.ggpht.com/2XmsZhRpXO7ULvSx_Dp6MIIQS6MEc7_j5bu7gdslT5q1WItLEf2jP6-SxIUrCj1lTHJ89-br0w=s88-c-k-c0x00ffffff-no-rj,386,https://static-cdn.jtvnw.net/jtv_user_pictures/e3a7f0dc-e2d7-48bd-9f8f-c1ef0a3255f7-profile_image-300x300.png
7f9d223a684e44e8b8d30bedcc07f1fa,5920,189324,https://yt3.ggpht.com/R9zK14kOpKIryHW_EbhjVsq4nOHS6hcZfsx8ZoWNausgZBiUidk-VP6fnX1Q1l4_g_GmgwK-aA=s88-c-k-c0x00ffffff-no-rj,,
7fd852303a6c4087a1a99fde1fa92bfc,137,19018,https://yt3.ggpht.com/PNEsnU4ORqNSBfZXO9ft1iwxCfzYGyM41tJYLifMlH9KpmYAxsCoeVdrU0LOwS0p-VWIpJOSDw=s88-c-k-c0x00ffffff-no-rj,,
7fdfd0346667458a8657626f03434b59,7080,154660,https://yt3.ggpht.com/4SxmUMU_Mpn6R_cJ99Wo0f9Jwh-i5ovpG7-OGjvwOmQ8ez76lBqedbyil1XwCtMd3dQywkTjemE=s88-c-k-c0x00ffffff-no-rj,233,https://static-cdn.jtvnw.net/jtv_user_pictures/7f61816d-50cd-456c-9a26-5b26b121a03d-profile_image-300x300.png
8013fa67a08945a5b4b976156b6f610f,361,6370,https://yt3.ggpht.com/6jeMIdRHmAtTLmm3jo-RabwZQpM8vhDhnAqkGvqVTg-JYJdtI3_60Pmcr8F4lZKrb1eDDAzTt2o=s88-c-k-c0x00ffffff-no-rj,330,https://static-cdn.jtvnw.net/jtv_user_pictures/6c4050a5-7ffd-4f5b-a98c-c31c538e51b6-profile_image-300x300.png
8020c505099f474ca81da3023926485f,1660,87412,https://yt3.ggpht.com/RGW7VurR_jJNcfEqadbtudCEpdXdT-1iA024Dga1l_37Kv2YwgXcAGyMwZLlQvHJrW7qH-EpNQ=s88-c-k-c0x00ffffff-no-rj,,
803435ca691f43a4b02360926fee23d1,125,4893,https://yt3.ggpht.com/Y3gS8pGFYU_AAa1aOlTFHMVx4f_6Eqa1mn7dnhZUhqPUdrAuQ6MPoM71tU7XYxK-HkRC3gk8mQ=s88-c-k-c0x00ffffff-no-rj,1361,https://static-cdn.jtvnw.net/jtv_user_pictures/7c8f5d09-a3e6-41ea-8787-68cfdf54caf8-profile_image-300x300.png
803b08925fae4e99a760dddbb217ae6e,47,827,https://yt3.ggpht.com/g2rsXcsfc7CgrZ3wLk-j-ntXiLdKh9rl7XBnYtuEq-U1Ygap-XBkkXZanG-CsoDQEUMEvsyCOHo=s88-c-k-c0x00ffffff-no-rj,192,https://static-cdn.jtvnw.net/jtv_user_pictures/09a1a867-4c90-4191-8c0f-29578f90a5ac-profile_image-300x300.jpeg
8044e4d538ab4e16b1952c8e42dee12e,1360,104354,https://yt3.ggpht.com/vsBQL2WCJVw51CysMeXn0Huehs9F43NOjaGjBJd1ESvt_ymjClFL22pRaX34ZutHGmM_wZesZQ=s88-c-k-c0x00ffffff-no-rj,,
8064b5c85fc64d10ae3e9d3a4c0dfd8f,115,1110,https://yt3.ggpht.com/FIHZZAp1QkMA7HOYwZ32IaK1m9QkilOoja2A2yU5SV_ztb9Qp9Wz83ZNSdckQ6a-bqkKOwQY=s88-c-k-c0x00ffffff-no-rj,2846,https://static-cdn.jtvnw.net/jtv_user_pictures/7cf48ff6-ba07-40e7-bbcd-6b9893e39546-profile_image-300x300.png
809ddec4aec2402ea41adeba2f8520ec,264,17031,https://yt3.ggpht.com/Qggfl6nDrpg1XujRfH5H459b2jCQFQLRxYqpuNyZH9EqgjwGdDb_jVD0HHsZs9-RVUKNSjmH=s88-c-k-c0x00ffffff-no-rj,915,https://static-cdn.jtvnw.net/jtv_user_pictures/18d387e0-8898-44a5-bbc8-724bf7447856-profile_image-300x300.png
80ae039e7c3e4e90b6b3994ead599307,672,36467,https://yt3.ggpht.com/M6eC-HnKedkvOH492j2l44z2rpXH5rMG3WNzB9EKypyht1exj8s3KORmulq1tybk9Gq9tp9B=s88-c-k-c0x00ffffff-no-rj,,
80b6efc8007f4f6d84ce2f93862ae319,501,81998,https://yt3.ggpht.com/Wst0xXcOKKH4KE_pxCO5oAA37XwvfKIRq-YFYF4gDO6KovZ7UTxOVgH4mpOjsf0ChaVwnUKXUQ=s88-c-k-c0x00ffffff-no-rj,,
80c426d23cdb4dcda1d1a0a1bd7e0245,2380,24098,https://yt3.ggpht.com/vQDXWzY5TqYsxbKfnPd8eVhb8_ES_8uYlujxG2cKYLqeVRX0B1DpD-kB4RwXLwQ3DxIibnVN=s88-c-k-c0x00ffffff-no-rj,6129,https://static-cdn.jtvnw.net/jtv_user_pictures/e6c8481d-8386-451c-a753-2fb92f6e6453-profile_image-300x300.png
80dda735a7784d7fb999892874a05f0c,835,16559,https://yt3.ggpht.com/PBuh1LyZZSom_x3voOGuyvYlc1KA6lPqhAij4SG5TgqGjwCrXEwQIE8SWD6tPFE1t2qkOzgCiiQ=s88-c-k-c0x00ffffff-no-rj,3904,https://static-cdn.jtvnw.net/jtv_user_pictures/0b5daa6a-5b74-4bff-9515-f219dfb939bb-profile_image-300x300.png
80e2f3365bfd4479a3594c3278311103,1650,5105,https://yt3.ggpht.com/2N1L_sgAcly8YHO_mDhQKtv_jelle_OQvBwszIqTwKuzyPFfr1AT1oXdKN1o2CfY6ITFSL5T0g=s88-c-k-c0x00ffffff-no-rj,2138,https://static-cdn.jtvnw.net/jtv_user_pictures/5523653b-d908-4e1a-8a06-12da74c7b9be-profile_image-300x300.png
80ea9b92d31c48b8b2cf2ca5bacc2a08,2010,54507,https://yt3.ggpht.com/PtruoR5-NVDvsBw_rQ6W-lJYrmNkug6od9vKnAGHrh07sBraWKIla7ot8PtxElDve9G3elr2ADU=s88-c-k-c0x00ffffff-no-rj,,
80f41a215cbc487b99f9015de3b58cf0,5920,238364,https://yt3.ggpht.com/1bixCCWCMtRqH-LWkvoGw_JBgVbPa4bv-hX9vn7dh4qKpJrWr7OOdtl0YLqe5LZuagK7m04CbQ=s88-c-k-c0x00ffffff-no-rj,,
80f4d6e50af64a48be812258498e86c0,6790,342483,https://yt3.ggpht.com/FeVGGcQ-5ejamsAhZm3NIu0_ZM_ibCoHhBQGQ3ukRPgq2WJMlkXLAF3cb9WPWKouoazRZlxjmA=s88-c-k-c0x00ffffff-no-rj,165,https://static-cdn.jtvnw.net/jtv_user_pictures/d1428f2c-3fd4-4685-a8dc-4a077d73b669-profile_image-300x300.png
80f7b111f0e044abae4c37f6a96b5957,27900,685993,https://yt3.ggpht.com/i3FwueiEJVIZAfSSIInK8OSFRr5tEN6crpQYOHoj00ecIqe8tQkHhUGYcggsmWA-P5HxnrAW5TY=s88-c-k-c0x00ffffff-no-rj,,
8125f51f9526408790a77c1c7b4a053b,2280,77097,https://yt3.ggpht.com/4p_SWaefOAXiCeFySZz86apkko8yWFGricDxJh0dV1wWsFyTKy4-05EC_8pRaCC2lMTEza2sRA=s88-c-k-c0x00ffffff-no-rj,1801,https://static-cdn.jtvnw.net/jtv_user_pictures/b4cd2123-b857-4435-894b-68e120c2c1e5-profile_image-300x300.png
81387cdce77a4a9b9338145b28ae9ff6,4510,79756,https://yt3.ggpht.com/jX4Qq7VYV0M3q6taRkaq7mQBD84d389EruFJ1_vUxY7i2GPxjISvaBZ6bkalT16h7B6eqJCisYQ=s88-c-k-c0x00ffffff-no-rj,,
8150f530d858418282811429cc32622b,22400,1103101,https://yt3.ggpht.com/ReKO8AzIpCJPQ3k16YI6PcAQk1xc3jgRVVTrNf7vvNLmg-SI9Hu3CD7iKWJP3wsUU0w6EUwF80s=s88-c-k-c0x00ffffff-no-rj,10968,https://static-cdn.jtvnw.net/jtv_user_pictures/9e85fd00-d1e3-465f-8003-3073c7f75c7d-profile_image-300x300.png
819cc1636ec94c0ab290b4513c6d629d,526,7299,https://yt3.ggpht.com/zgisNrr7oFzfsOyrc6QT3Toxm3XBgc2dXLuIys9y3FnifJQCRg47mWUSNYQH2O6KaI_6B2YaOAU=s88-c-k-c0x00ffffff-no-rj,4266,https://static-cdn.jtvnw.net/jtv_user_pictures/71b42902-10bf-4c19-b1f2-fcb8c3755548-profile_image-300x300.png
822b9b7a9eca49df9bfd617a19b274b0,80,1231,https://yt3.ggpht.com/vTIWEKwJGrFrWTmgX5D-Cf_bW_X9IM-0LpzPDs_8NbbaPVDgFdUUkW7laiQsrDWO6_b1ZnIbuw4=s88-c-k-c0x00ffffff-no-rj,,
823311ac8226476e8d1e323f536bf8b1,8050,149665,https://yt3.ggpht.com/-K7y4VmK8YPYc1qsoztEOnSfJOL6PwIA_qZc27B7Xp7fvQe8h4kZjqu46DfclbtlqXWwIPNyePA=s88-c-k-c0x00ffffff-no-rj,667,https://static-cdn.jtvnw.net/jtv_user_pictures/79717419-dcd1-49bc-9cae-1acff1d11b20-profile_image-300x300.png
824bd7df6923453292dec9ff3e3f664a,7440,346639,https://yt3.ggpht.com/VPYCiWtt0g9udN60Qb8TaZL-PSl5Vzvi6qBwJe_lDHIVRBphT9HQfo6_lUVdULxRyafBDAiwCw=s88-c-k-c0x00ffffff-no-rj,577,https://static-cdn.jtvnw.net/jtv_user_pictures/ebd3bb73-da0b-4c06-8800-f52ca570878f-profile_image-300x300.png
824c0c36956f4a73bb3ec479dd8e4da8,24300,1260698,https://yt3.ggpht.com/_nktivgYDF2zT7yTSzp0yfYK0_M-Hf53IBx6HmS_-0ATLtamtPz9UCheo_eeNJ3aTsHa7W5LXg=s88-c-k-c0x00ffffff-no-rj,1877,https://static-cdn.jtvnw.net/jtv_user_pictures/ac349f53-97c5-428e-8881-b76fb297e02f-profile_image-300x300.png
82563b4294034fefb5537f5d110044ee,154,1303,https://yt3.ggpht.com/DBmPdF6zMXfGQqBg7o6dyKC79gPnTmQYryBNePj-GspoYN6DwDeCYBxaC7V18S9Ftl8pN_cj4gc=s88-c-k-c0x00ffffff-no-rj,,
8267ea37c12a471a8a038f501832e099,30200,1655473,https://yt3.ggpht.com/Ah7olO3S2qcCIAGLyNRYDW5M4UkOqpr3vRDJj9x6iUAa66cQiIIR8V2RVgMU7jWWiUzKAImC2UI=s88-c-k-c0x00ffffff-no-rj,,
8282a91b3aae44d3a075d08507665f4e,196,3341,https://yt3.ggpht.com/9gtx6zo1V-M3KmNxTN9DdlbZ5V_m3vtdw7guFaQru09XxMURUzBF-azTT7e0x0kEIZS8bhbg=s88-c-k-c0x00ffffff-no-rj,,
828ab4c66f5f43f298d237374a266b7e,,,,2572,https://static-cdn.jtvnw.net/jtv_user_pictures/f34b2138-178a-4533-a18a-370f6b8e9c4a-profile_image-300x300.png
8294034d112e4e139bf58b38185c1a4f,397,10409,https://yt3.ggpht.com/dZqn5PKt3qGFP43peV9akSwx-ZXOZ15regSEe0H_Ode4-lmZVpmCEOHNYDOyA1vyWtRyt3CFlCg=s88-c-k-c0x00ffffff-no-rj,71,https://static-cdn.jtvnw.net/jtv_user_pictures/6af81f24-d893-4b0a-884a-9c64bfe36be5-profile_image-300x300.png
829ebc1f7fc34bd1b770298799fccaa7,1950,45333,https://yt3.ggpht.com/LZworu7rtAEBhOb_5waRlLtpJSp2YMu3PXLsrQr6AiiQNiakVXQXQ7GOYNfgXt8TC9cD0Urobwg=s88-c-k-c0x00ffffff-no-rj,,
82af75b290f44cd8b9a97bc5addaaf58,56,819,https://yt3.ggpht.com/BYhuCXGQ668-FpVutae1FTF3X8--EgV_pg0anb7EJp_5RD7vGcXFwhPJsq1l70PhJX7lsjsnaw=s88-c-k-c0x00ffffff-no-rj,125,https://static-cdn.jtvnw.net/jtv_user_pictures/c8dad1eb-7749-4bf8-9aab-89603369424a-profile_image-300x300.png
82ceab659cbe441fb2f6555fdcacad6c,67,1060,https://yt3.ggpht.com/ytc/AIdro_mZ0gIwpbgMVigzWb32Z-Yo_chvmwUcSVyss9od-2FCwg=s88-c-k-c0x00ffffff-no-rj,,
82d5f7612b7645f3a77dd954a0e30b24,1300,29570,https://yt3.ggpht.com/0FQk3SCaZFEUSVJMIEkNaLmoHoUpoibhwJVvOFLtLNl9M_HRYgOP94M9P65bGbx-EayItDbcK5I=s88-c-k-c0x00ffffff-no-rj,,
82d775c8bb1740c0a6db1037d3bf5fe0,560,13727,https://yt3.ggpht.com/xjq_d7aR5R_z1Li7FkiT09QZZDm8luBvuzAvbaQHvEM1U5ef_4-AkKyrT4EcOTlGZooEOn4C9A=s88-c-k-c0x00ffffff-no-rj,,
82dcae1da14844ee88960a76041e7c27,121,472,https://yt3.ggpht.com/xudsmSSNiN0toMUn5C3pxWL9AyDHSMl-kiPhM4QVqyszjwvtXgEIqKm8_cjNHPIl-Obf00hzlw=s88-c-k-c0x00ffffff-no-rj,280,https://static-cdn.jtvnw.net/jtv_user_pictures/b3f4ee42-ba2c-41a9-bd21-8830ee281566-profile_image-300x300.png
82e63a8d4ae14beab89e13b43b35fce3,8260,137824,https://yt3.ggpht.com/A_RhHcLBeXlAJE1G9fsBJomJHUe-4LuHxvAA6UCrJzullTnMjsBEzabMJdS2uwfMhQTS7RbaCbI=s88-c-k-c0x00ffffff-no-rj,,
8309d31b418642db83f0cf56b38fc9ad,5790,461279,https://yt3.ggpht.com/CUa5ebl_xXZ9GeFhbRE5Sn8zki1bZ-sMIhxSGFqWQYDi87ya_ii6_T-OrS5lRUudnr-1Tl_W=s88-c-k-c0x00ffffff-no-rj,133,https://static-cdn.jtvnw.net/jtv_user_pictures/8c87d471-a405-4893-9921-d14858de75b5-profile_image-300x300.png
830fd8d5a40e44d1a71b83fe876e1ac5,260,8469,https://yt3.ggpht.com/k_AtKoNBGGvieXL1hQfBGXJlFwqMUri6YWwEvhutHhWntngzrPsCjYRkmaT3dq_72-TQ28VO=s88-c-k-c0x00ffffff-no-rj,,
836015916a40475bb608e8c6a69b6a09,384,26597,https://yt3.ggpht.com/aEcXFajZP0hn-0DN64pgcU2aKjvkHyhEsCPl7a2vJPUNTuIsOlqUH0gtMZXSMEtMK51hyeIYcw=s88-c-k-c0x00ffffff-no-rj,,
8362a08808604c0fbe3eaf6e945b3267,124,72,https://yt3.ggpht.com/S4m-48dhXgDQ4LNG-W00mqIQomiazEksI6NCWsaWBE6mwE5dynqlwkcJVtiJZpeKr5nyHd-xUg=s88-c-k-c0x00ffffff-no-rj,,
836540821b58433e9e04bea62c49cf2d,280,0,https://yt3.ggpht.com/Z2PkpV-inypQ0z_f5yDHBGSgQKlScbGG0O0ovLFDAoDYZvLmpvjafYfEEbTbFQgncLbfUi7q=s88-c-k-c0x00ffffff-no-rj,350,https://static-cdn.jtvnw.net/jtv_user_pictures/86b243c1-76d6-4c16-89cc-2e07e74c8bf2-profile_image-300x300.png
836f66b079c4466db64a8b3bc9295450,10300,230166,https://yt3.ggpht.com/cpU69t5fN43y_TgLdZNZ-1y6YRkLyJnZ9EBpOW09p4GqEQksAc1YgdNb0TEeDKD1RffG7Ip9xg=s88-c-k-c0x00ffffff-no-rj,,
836fc798e2ec48b9985333de75d490ac,4500,379208,https://yt3.ggpht.com/TIOrgXLLNHSjHsSNzeAqksrd7jMP4MXH82V9OpvEQjWLPWnf4vAi5wEXPIY_l1jqyuKRCvZWRw=s88-c-k-c0x00ffffff-no-rj,,
837cc45c90974caa9f07699c3899fa7b,583,26953,https://yt3.ggpht.com/vjvRHl7MAZh7brmQTDbTKeAIT9FDccHo-3rgNo0-Bpaq0pGHehaVHFdbJHV3UM3EuR1m0yXwfQ=s88-c-k-c0x00ffffff-no-rj,334,https://static-cdn.jtvnw.net/jtv_user_pictures/8c6c3ec0-9114-489d-b065-0c77257fbcdb-profile_image-300x300.png
838f883ea01f431f97bfe9dbf3064422,996,34109,https://yt3.ggpht.com/MB13JjkevLCM5LfA65U6B2zLpFsgM_7wLjLUbTuvodtNHYTU-0S1B4TWPuVNIa2R0-UXEa_QgA=s88-c-k-c0x00ffffff-no-rj,103,https://static-cdn.jtvnw.net/jtv_user_pictures/56790f59-4ba2-44bf-a8e1-d9d89ed2c96c-profile_image-300x300.png
83a59a0d6537461fb429af7e3af1d152,1900,246044,https://yt3.ggpht.com/mVcn4iXQokM-g_kymtenoFF6E7uuTHI2y7ZKoUI-PVVps60AE6Z4reqLKucbK_YSt7tN2BeHjA=s88-c-k-c0x00ffffff-no-rj,,
83e0f3520699474ba7f017e5e4388a5f,2300,37053,https://yt3.ggpht.com/FwwKuTw3tE416ssvk050zvxglLyz8HlFJPOyh_SojHv0-duEGflFL3mXhTVauzVpY1Ef51ht=s88-c-k-c0x00ffffff-no-rj,,
83ec4919298a4ad5984e3da31109a4c8,668,7583,https://yt3.ggpht.com/7Ziy7z5DksSN8I-XxZNSXzXdm4d3LFWCbiV4qw9dXqLc9YSefYMXe08Y0DFLyFNDFHTsszPKFw=s88-c-k-c0x00ffffff-no-rj,6134,https://static-cdn.jtvnw.net/jtv_user_pictures/940a5861-7093-4c3b-b02b-97aa03fa671e-profile_image-300x300.png
83eff3b0de694818876092eaabd35b4a,1920,71790,https://yt3.ggpht.com/ehktM--uFdlazMqp9K7KnSsSuHkOGAenb3WKonlt26KoM5msK5EbokXAtPnzr0Ts8cV-_bf7vg=s88-c-k-c0x00ffffff-no-rj,,
83f4ec63112c46d1801fc596894c3e47,768,23877,https://yt3.ggpht.com/G2OgYbxzxcbJgfbwO9ooRUqVW5G-Ur1YowCt7v1sNqxXHEqwSyRLXQT44XB4SfccW6pyHIGh5IY=s88-c-k-c0x00ffffff-no-rj,,
83f96fd6cab64f4da581c50cd2a31b82,422,4959,https://yt3.ggpht.com/5fg5z943ccXjMXY5feJBgg1Gtfh8jJQ4YkrBqcNspUcPMGHINyyUIId_hmvgVRsLGCdeHg0k=s88-c-k-c0x00ffffff-no-rj,3490,https://static-cdn.jtvnw.net/jtv_user_pictures/fb5d5782-b4f3-4e3c-82b1-881108fee919-profile_image-300x300.png
8402646577b24bd5918bda8690e790b4,2640,312869,https://yt3.ggpht.com/LSI04xE1075q0RWGFJgpSvoD7OHTMK_G0WTP5iAOvs72i51CPN1jdMIehJVVw7lB8A6G1qlpswo=s88-c-k-c0x00ffffff-no-rj,1373,https://static-cdn.jtvnw.net/jtv_user_pictures/22931406-5c9e-4ed4-bd55-37eede7bb56a-profile_image-300x300.png
84111bbae2be41ea96c8b2f6c755f00c,0,0,https://yt3.ggpht.com/nUWv_MgIAKJAKQwQUEIqOKxJ0BUig7Kw1OLgPaQzIiJQGNsWP4ifvhhTtyIoBNfyNPuQyOoms8o=s88-c-k-c0x00ffffff-no-rj,889,https://static-cdn.jtvnw.net/jtv_user_pictures/43e5f9f4-f7f8-4dd4-99f6-eb34ec0c2aac-profile_image-300x300.png
843d99233b474827a2f0bc417ffd3852,443,17478,https://yt3.ggpht.com/cOGX0UUAQZIN0-k1hBt1u3JO8MdK9b-aqo9NoHu72uRs3bsfD96e3feiFn59N18AtvD1wGJt330=s88-c-k-c0x00ffffff-no-rj,3939,https://static-cdn.jtvnw.net/jtv_user_pictures/f25e0685-2400-4658-b8c5-33cc0a52d9c1-profile_image-300x300.png
844adbe9800c4c52863267075afd2c7f,164,7777,https://yt3.ggpht.com/14ivEWsbeiLI0UUJLKt94X5XvQotQUoj43YKSi2obHg4MHB0eDEymelJJfXrD5DFL3j_nlVhyKw=s88-c-k-c0x00ffffff-no-rj,,
8460a099a32044a5aa602f780dec94f2,616,22295,https://yt3.ggpht.com/M_rprVDEOWOMzZR2jCefddm6hQ-zjHXcWK6tpp1bg4ywxW2s5XdIWDSxjWtPotA1a3CR5ffx2Q=s88-c-k-c0x00ffffff-no-rj,9,https://static-cdn.jtvnw.net/jtv_user_pictures/1f17d8f3-c2cd-4380-a32f-5e55db4d8ded-profile_image-300x300.jpeg
8483ae3c14ca488394d427d271854d88,1730,33426,https://yt3.ggpht.com/i65edL0mEhUh9eVK-toKcDpSySfHvKTZtKh1ejf9JGROMmIMTsJTfHacAAWmbEes2r9_O1lLezQ=s88-c-k-c0x00ffffff-no-rj,,
8489d002b1704612bd0dd23f9a14ed51,1040,45528,https://yt3.ggpht.com/86zmHBG2mZroYAhojErhvlI87-L4JDlywPXIwnjobSvYJ8-iE1jhWGxYGJrj9OJb3TPoFJ3e=s88-c-k-c0x00ffffff-no-rj,176,https://static-cdn.jtvnw.net/jtv_user_pictures/1cb208cb-d4c4-449a-b611-8cd1e884163a-profile_image-300x300.png
84944da407dc4de9896c7b763132908c,3910,148406,https://yt3.ggpht.com/fN1sjJ0UiOrBrSVR3SRiuS26Q2SYy_noSdWgfQVKCjy8oBnk3moKe6-hT4pyQYcg5WJ70Nf16Q=s88-c-k-c0x00ffffff-no-rj,,
84a911e2b05f4919a32e0c1618e32a7d,30800,814973,https://yt3.ggpht.com/Ot0qWsRRhcvzgnEA24IOVOU4_WMaGfhD2aDKAKNkupN-rA60KhdQCEfLs_IAbe_6MHgp9ZyE=s88-c-k-c0x00ffffff-no-rj,,
84be0f1e2b414125b39c80648897dd7a,1470,20624,https://yt3.ggpht.com/qqGkqgJMC56h6cMRWxJWx2nBM5izA_CHH1-SqhYaYLiLi9ztQZ8RBbQw9ieLm5WCXbs3vYjbhw=s88-c-k-c0x00ffffff-no-rj,1790,https://static-cdn.jtvnw.net/jtv_user_pictures/d6274206-dcd8-4004-b36a-2fee87956da2-profile_image-300x300.png
84cccbea595d4bc69426d5c75f1ac3a4,1640,73769,https://yt3.ggpht.com/Cysh1p5ZKOFsBHwDevyZmD5QdjXlE4gCUafrmVTnr2YEMFr0X6ZqHqhHUcljteI59AA44Uxy1A=s88-c-k-c0x00ffffff-no-rj,,
84d68bef71304aa089c10d2c33c9a107,16900,301194,https://yt3.ggpht.com/s99Xh1CKd_t7AaGpXZxjU0PPXRUnlX5LVwvhhiBcgKs7XLr-nJ_ZX3VACQdCONfETfSH5i4YM5s=s88-c-k-c0x00ffffff-no-rj,,
8527ad14c0a348e19d1dc223e0abac20,426,8609,https://yt3.ggpht.com/JQoD7xMks9lDdF4H_nzjp_pDEvtWiu1BwWldL9fMTy3Xjwf27pt1mKiMLX7CRyePgw2c0oWJjA=s88-c-k-c0x00ffffff-no-rj,,
85340d14d5654ac3b28b39b007a7dea7,181,9189,https://yt3.ggpht.com/LJaN_g6Om_V7Ks3lkFCVeQQfe1mmSBVYp_ad3RlsdkuTfCmdqRsyxTagri4iajl74b4XMMiV=s88-c-k-c0x00ffffff-no-rj,,
853afd5eb42e4f61bb0f9478aa8c1661,799,269,https://yt3.ggpht.com/Zn8z4CBBShM803op2yStc3DgVyLUpKJy2nF8imFuxS0jc20jVQJOB7PsNAoItfnBClRRk0Z8=s88-c-k-c0x00ffffff-no-rj,,
854282eb3f32406aa85dd53f14748228,2630,48765,https://yt3.ggpht.com/hF2MT5lAyIRW_UqgLh0vy3BO7NlsAurs1pj6sr9vdmogITb6ZNHqK1WehtZrb-3EGEA6g7h0aA=s88-c-k-c0x00ffffff-no-rj,7475,https://static-cdn.jtvnw.net/jtv_user_pictures/09e5c241-cd47-4c8c-bc98-7c9ee05dd5c2-profile_image-300x300.png
8564954960ba466fa7f17bc0e0ea5e8e,1970,38333,https://yt3.ggpht.com/zjemTHOyZeb5TSpD1r3muPGM1gtMN5WILufz7DUFKQl_eg-i10EO2690xq0FB4_hZosV34Qd=s88-c-k-c0x00ffffff-no-rj,346,https://static-cdn.jtvnw.net/jtv_user_pictures/0987b89c-a8ad-4326-99cf-7df4ba803fd7-profile_image-300x300.png
85aa19ec73ce4db08ba1bf3d0f1807ce,943,42369,https://yt3.ggpht.com/2I39iNR7qEC99q40Kl643_mfzmbEsBPueUrhaQeiO9_cld-DHiAYB5KMmbIkOOpdW-2K6Zlubx0=s88-c-k-c0x00ffffff-no-rj,,
86154ca2dc964847b37297138aa65b9f,5180,171715,https://yt3.ggpht.com/d-zu-zuB6RixGUYBMRhZxmrzJX8Cc9WeelA2JFZJVpucafzP86nZkubff4b6klHLPSIgODCKlA=s88-c-k-c0x00ffffff-no-rj,1010,https://static-cdn.jtvnw.net/jtv_user_pictures/fb8f052f-d50f-4e9e-a658-888600a6e2ac-profile_image-300x300.png
86853cb239d740ce953573ba74bd08bd,1620,57659,https://yt3.ggpht.com/fmkmN3oz33Etj8w_aJE-KRgW6hYIC4DlrUBX4V871Sbtw0MFuRBfEbfyLibrxWAbMhljx8j5Og=s88-c-k-c0x00ffffff-no-rj,1671,https://static-cdn.jtvnw.net/jtv_user_pictures/083a54b6-de09-4d3f-bc30-8259320c909f-profile_image-300x300.png
868a7d0a1ef94befa5205a21fb65d7d5,128,2360,https://yt3.ggpht.com/rVXrR3YKJ4k14BBY7zlPsqLSVo9Sc4PUiRKHZs_tRU3BcNGO0fp7hrMVlXoOHbMrCcDiqMsd=s88-c-k-c0x00ffffff-no-rj,4527,https://static-cdn.jtvnw.net/jtv_user_pictures/86d05b8b-97bd-4cd3-9235-43ef0ef6757c-profile_image-300x300.png
868f29ec868047fdb2a80a91f49fc55a,26000,0,https://yt3.ggpht.com/fC7oppEkho_p_ZdDUZO-qAD4ohWOb--_yrFmjHmgibdn_UOSrdZIPuPrWs5ie07iZ3hnEVngAA=s88-c-k-c0x00ffffff-no-rj,,
86957fa57641453e9fcb73550e58b64f,1300,27929,https://yt3.ggpht.com/hV3bvjWv8WeTIi9EBnYjLvDkKN5ssIs-Z5TCEoiAoYfGf6CIwUgxGmOlR1Qd8KsbabDgtA5NOVs=s88-c-k-c0x00ffffff-no-rj,332,https://static-cdn.jtvnw.net/jtv_user_pictures/67fcba00-9f7e-4ee5-b337-1200fb8e29c4-profile_image-300x300.jpeg
86e86bf2d8e54e9083613e7398e1e7ac,1610,34008,https://yt3.ggpht.com/PWenouP1LL0Dj6Ix8Z5i6e4-M--kYttrGGzgVmYgdrvJDwk7xM6Ndvy_-xBbTXmn_Byb0q5D-Q=s88-c-k-c0x00ffffff-no-rj,1535,https://static-cdn.jtvnw.net/jtv_user_pictures/c7d24b42-3626-450e-8360-384689d058e0-profile_image-300x300.png
870430bfaf9942f487819fcb4630fabb,1180,0,https://yt3.ggpht.com/pnN2ZSaY5wpSkv2A7-afPhCNTqGuy_FuxVaahLvwq17aQIwNgoMPPuE4SZhLZ4eAYWb-NgGBeg=s88-c-k-c0x00ffffff-no-rj,1061,https://static-cdn.jtvnw.net/jtv_user_pictures/54e5c45d-e8b8-43c9-b16d-155ac9ad015f-profile_image-300x300.png
8723ccecdfd84d92b1de24f9d6a86bcc,42,539,https://yt3.ggpht.com/mPkbT-e4hPSK8Rhsc8mxaS2l44q8Sa-YgdEW_wSy9Z5KRYJEN9hmClhZS7zInDAx06EdBVzu6Mg=s88-c-k-c0x00ffffff-no-rj,2547,https://static-cdn.jtvnw.net/jtv_user_pictures/52762408-517a-4b10-839d-82e3b38cf6a3-profile_image-300x300.png
872627e5c7a248bfb41a055dee03029a,4190,104980,https://yt3.ggpht.com/yT3moaTJL1iiGHvuHTqDLWZ1bzJMz-Edu939852RT1vuKvm2j11a-EeG8Raam9LMz6lOnC4Q=s88-c-k-c0x00ffffff-no-rj,685,https://static-cdn.jtvnw.net/jtv_user_pictures/7ccc69d9-3f31-4103-a17a-00e70a95797d-profile_image-300x300.png
8729a18bfb7848d880a59da20b281640,616,0,https://yt3.ggpht.com/vfrFoM4FiQKFEBk6_FSRVoNDC_Sraf5VBlmtXA4-i_n-QJBhEifp8-TaW0oo6A028r1jsQsfXA=s88-c-k-c0x00ffffff-no-rj,566,https://static-cdn.jtvnw.net/jtv_user_pictures/fe1804fb-0984-4141-92eb-7fd0d68617be-profile_image-300x300.png
8746bf3b3b5843e7b00f6ec23fefb6b1,76500,35493007,https://yt3.ggpht.com/7vYb-tHgjnuU4FZx84zfCAo55r4skHEcicLoWXdDgTa_jp1MWXumnmRgOf3qsXhQVMMUmss6yys=s88-c-k-c0x00ffffff-no-rj,9860,https://static-cdn.jtvnw.net/jtv_user_pictures/ff1b6fc0-9cb6-4b39-8e62-503efc5b6898-profile_image-300x300.png
876c11fba4af4235857127b9af87093e,348,17120,https://yt3.ggpht.com/yg2uVPJ5tVa40CutxpBJRiMnhN34uEjWilQEAiaYZa1sARhVfRJALok5ycivc37XFlUNRax-gg=s88-c-k-c0x00ffffff-no-rj,,
8774553046cb47a9b5165c15feb01e84,205,4701,https://yt3.ggpht.com/s-5R_0nKYj999f0MdxZdhGOEHNAQ5HLydC2y7CJ3lSvLDojAMqk7LoRSbvPoZT4hjlWPJaKjrw=s88-c-k-c0x00ffffff-no-rj,252,https://static-cdn.jtvnw.net/jtv_user_pictures/81b942ca-4a5e-408d-ad54-660a5c83b963-profile_image-300x300.png
87968861d5794c01bfce46d51c8abfc7,2580,24614,https://yt3.ggpht.com/g5tRxmY9HP7H59Fj4y4Tabh3Wlv_5A6jdU1mWIwSf-W0PAnqGRdjU8p05nnatKQqSu6ydHz0SA=s88-c-k-c0x00ffffff-no-rj,,
87df5b92303e4410884b8c52ff2c4e0d,386,12208,https://yt3.ggpht.com/dE7of1YIKUIxxpXDX4MAoOdxQpL6ZpgSqBh75RDPjrB7rKUhubTNKwewHHlYfwGiU0pQecEm=s88-c-k-c0x00ffffff-no-rj,789,https://static-cdn.jtvnw.net/jtv_user_pictures/940a55ce-3a4e-4e45-8338-d6e78822c716-profile_image-300x300.png
87e486b2a37549cbaccc95bbf7d3f253,140,4598,https://yt3.ggpht.com/BDotB5ZHeZf0B9LRsvFkW0c4id_G-x8MlmfTDLM7BA8popGrOk-thHI6DC7_4GKZqTJLtAgX=s88-c-k-c0x00ffffff-no-rj,,
87f156d485c047ec9c137894c7452da4,501,6519,https://yt3.ggpht.com/wXGaeEx_xeQkQOTymbuGC_p1T4zXJFzdvix2eag2Cn1TgInzHE5dMatpDn9WOgUjf0elWGsEUg=s88-c-k-c0x00ffffff-no-rj,520,https://static-cdn.jtvnw.net/jtv_user_pictures/2f2e1233-2495-461b-a6a7-54ccd0d1cea8-profile_image-300x300.png
87ffb30de3914a299f6a586c7ec216ec,100,1203,https://yt3.ggpht.com/qRKxQW1ubd6Va091DQMYC_NOu42Ulpk4wtOIrr5WF6DivfpgoFMqtZrxWnjgDXqHyPGcHdmFuQ=s88-c-k-c0x00ffffff-no-rj,178,https://static-cdn.jtvnw.net/jtv_user_pictures/f7819003-86cc-4b91-b024-3dba72285f1e-profile_image-300x300.png
88526add0348499c95bd5838a5f35989,,,,1207,https://static-cdn.jtvnw.net/jtv_user_pictures/e2aae1f5-ef41-40c5-88bd-c6532ec79a3e-profile_image-300x300.png
8868dd9b4d75481397fd841b8ef6c55d,90,1993,https://yt3.ggpht.com/nNKdX84KnbwYQp1SVn9HeYyl1aV4E7wNAigbQ6oo0crl-CJ0_IdTQvsqA7tYNadfNOuyn33YZQ=s88-c-k-c0x00ffffff-no-rj,10,https://static-cdn.jtvnw.net/jtv_user_pictures/5e9d6dbf-8a4f-4aea-952e-d02f78fc6342-profile_image-300x300.png
886a4e04bead4c5088c3d32896b28d9b,185,1286,https://yt3.ggpht.com/2CMS_Wtn13y-EXoOUywN5O0sPjoY87aZZcSN1sCPjsdX50GYQvrUJJKSEKVZHg-Rj2w5dsTQBw=s88-c-k-c0x00ffffff-no-rj,,
886b8f7841a341af80b6faed09b18ba1,167,1057,https://yt3.ggpht.com/2rNw9QzGILe_UFEJiHJL3HgHXQLeJbs6OqEXO7wHwXws4_-KJ1fpBFnkHCZdiBMsgLqTW4rLew=s88-c-k-c0x00ffffff-no-rj,616,https://static-cdn.jtvnw.net/jtv_user_pictures/c1c1735c-8d96-4e1a-8d6d-9747231d1b67-profile_image-300x300.png
887b37336c9c4730809ace8b5e38df17,4780,25102,https://yt3.ggpht.com/edsjC-N5rEqGLuSOaK41MzrI8aYsnRPlXSOCrx_2bvnr-kDqLGd52V8ccb-aKY3VpUzgBTmJlw=s88-c-k-c0x00ffffff-no-rj,48809,https://static-cdn.jtvnw.net/jtv_user_pictures/3d62ab47-8664-4f1c-a537-e65b33ef566a-profile_image-300x300.png
8881d23b0a3c426590c8a2509e363ec1,634,80924,https://yt3.ggpht.com/0v7C_ZmNJeV4LLp4xRgbNOt1u5-61KJ2RfLsuPlk_4A3_qOkHgMHGhErn3wEm3Zz6SBYzlVaaBU=s88-c-k-c0x00ffffff-no-rj,1561,https://static-cdn.jtvnw.net/jtv_user_pictures/87f7bf0f-ae7e-4cbd-87e6-37d68d015afb-profile_image-300x300.png
8882f2de2e6947e190be5b4f63a4e626,107,0,https://yt3.ggpht.com/cpQpvj5VNQVoxN-y8FuNICQXqePeTe-nRBDLi1w0Jlrd26JAH35SDkblSkZKO5BftfpIu1gNBNA=s88-c-k-c0x00ffffff-no-rj,,
889bc532fb85455bae33baf0aa7ec003,2010,154455,https://yt3.ggpht.com/7Q2TPY1KSDla8tokxTjWNQiM9XHMyvMIEzNDD7o6Y1iNjmxrOFiCmVIu1_99i0DE4H_fq9jMSg=s88-c-k-c0x00ffffff-no-rj,,
88aa589d4a3648738e49243d2056d03b,14500,726716,https://yt3.ggpht.com/b7MyWfZflzHLAM69Kp_omyxl4bLxIy9E2V0OUIbTD6NVW7qloH1KII_gVlWRni8RfmJ7edr5=s88-c-k-c0x00ffffff-no-rj,1592,https://static-cdn.jtvnw.net/jtv_user_pictures/bd012b0a-61e8-4c0f-8642-fe0f1a6e2ca9-profile_image-300x300.png
88f782b3b6c6492c926f70e4a13390c9,13100,538081,https://yt3.ggpht.com/8xBUtTGFsYoxXbAoqYlqLmb-CwnP0n4WSqRG-IrPDUFqWTA8ONOnXpplVJe8hBhXu0f9qCzKIA=s88-c-k-c0x00ffffff-no-rj,485,https://static-cdn.jtvnw.net/jtv_user_pictures/a82e945e-6923-4e1b-bd44-8b087e0146c9-profile_image-300x300.png
89036aadc62d496aa73c0a0076d67f41,1890,52411,https://yt3.ggpht.com/2-ICUFFM0l6Qh0gXRgUr_12Zd7dUlWmZgavKIbrUxcaKFagfLLXf-3LelYOoOUhKvT88nTcbaH0=s88-c-k-c0x00ffffff-no-rj,2118,https://static-cdn.jtvnw.net/jtv_user_pictures/92bc5d97-80f4-44f5-a51d-2e7cefd9a22e-profile_image-300x300.png
890c5d306c5f4a218f861c8a98a1e74a,297,5225,https://yt3.ggpht.com/OtZQqflVzZjEMyBQcprXtR1HX1jPo6g80hvopgQdJPRYLHc-zlgF5My2ycO8MYVkdBjiH-i6Lg=s88-c-k-c0x00ffffff-no-rj,69,https://static-cdn.jtvnw.net/jtv_user_pictures/ac53a243-ca78-44ad-9c1a-a9cf6e49ce4c-profile_image-300x300.png
891c39f050e048aebafaafc90a1c4cbd,1700,3999,https://yt3.ggpht.com/9IG_FwcmyFwmoYhLFdSpTfGfYzLmVfbTnBFFpleoSyh-y2ER1y7CaHzcTiCQhmTiW4PW3Dqn=s88-c-k-c0x00ffffff-no-rj,144,https://static-cdn.jtvnw.net/jtv_user_pictures/fdaff765-6406-4077-ab28-dafbafc527ef-profile_image-300x300.png
895f655b68e34434992fe2a9ebbc725a,1670,5627,https://yt3.ggpht.com/2NSbsRE39N-MaPB_dBO2rjOuiv2WvR0DW15rLG8A1Dqg7lzVeO0tHgBPIzorgcfGXHVvHdcn=s88-c-k-c0x00ffffff-no-rj,,
8961bc96eec34a99ad58505bae3f58f1,3260,125958,https://yt3.ggpht.com/zNWNmm8Xh_6jD9zJdJ455q1gWqRY7kZBH5T5AezE1HxN1g435_93L6mZzvuNidJFuG2M54N7=s88-c-k-c0x00ffffff-no-rj,,
8968a24fb6bf4f08b1611e694c98eb40,891,42255,https://yt3.ggpht.com/xJaxqYUjQJbkRUR-4U5qV4KgPO9lFf0S3JP6fCCLPz8StGkSSZPdS5Y6ne3pXRtOVT3oLP_s=s88-c-k-c0x00ffffff-no-rj,,
896f74ae454b42a890e413bddc690335,26800,0,https://yt3.ggpht.com/l0WTp9_KfASALQnI2AGOgsZ82GgFgKSIdtvQGxNl17BoZVGSxzGlRkdEF8_vsBYV-nctz3_NSQ=s88-c-k-c0x00ffffff-no-rj,1632,https://static-cdn.jtvnw.net/jtv_user_pictures/629cf5f1-59b9-4c91-9808-d363639dd44f-profile_image-300x300.png
897400f2658a483286ca6acc927006ca,223000,32759710,https://yt3.ggpht.com/lDHY0x9HmhMH__zcYl7WvQB44-nqW0eoZO1IV-4MdMQQ4n3ELBdrqgFWYgSR8SqIVjC5Uuyf=s88-c-k-c0x00ffffff-no-rj,9973,https://static-cdn.jtvnw.net/jtv_user_pictures/fb5750c9-ce7e-4936-a169-b0c78393be4e-profile_image-300x300.png
89742766181f469b807f397325a2a6bf,1140,13582,https://yt3.ggpht.com/IJSNz-0uGHpleVl4yx3UypVAt8pHr904puPyEO_GHRoTi43B7b2_OvZIVyqEFi18R2Up0ae3Fg=s88-c-k-c0x00ffffff-no-rj,318,https://static-cdn.jtvnw.net/jtv_user_pictures/3685c892-0553-46d5-b2c7-0874f2e27a67-profile_image-300x300.png
899208f999aa4121ae2b67abb3190674,809,11893,https://yt3.ggpht.com/T31cJDs_qIWq-3ajpZIsQcIuXhvJ-_R6rSGo7mm_-j2kQA9EEfHlsn1ScDt7Z6vlFBs8LRwA=s88-c-k-c0x00ffffff-no-rj,4055,https://static-cdn.jtvnw.net/jtv_user_pictures/a2a359bd-8708-4b68-9ee0-0569694be8e4-profile_image-300x300.png
899e5f40cf7f49a8808969866758779e,196,3178,https://yt3.ggpht.com/U1BSjNSeh26m1hLaUFCvtC8_jjLVSoP0nAt1XvQ1FZIZR0ML3uXKZx2e0NDGNXhA6As7uoUb9w=s88-c-k-c0x00ffffff-no-rj,,
89f4c9a5a9374700ae9f3725cd8a3f0f,119,2486,https://yt3.ggpht.com/ei6HHuhDjxawK7enAzVfhpSeah54L_trDGvaYzHaiNXzmjuAi2yHdpZ07XUE0tIjDiGg39e8C5Y=s88-c-k-c0x00ffffff-no-rj,,
8a3a04df8f6048d19825cdfef59ecdc1,701,18914,https://yt3.ggpht.com/3B0-vE0wNGlUYFX5i9dXnTYGdlOirtEjk9Cwo505gUootUaV2K6HvBfFPgm-smMBpheERWAE0g=s88-c-k-c0x00ffffff-no-rj,,
8a4988902b5640e6ae1829285307c636,60300,4456453,https://yt3.ggpht.com/MjzcP5VdUj5vvXIs3TWxT3y288QKZyZWXSTisNahVYh9SOtYfR4oC-cqMo4wTdeHsbwrkY31qA=s88-c-k-c0x00ffffff-no-rj,,
8a5468bc4c7d44989e5ee4864a9b941a,888,71426,https://yt3.ggpht.com/D-gYGuILePLbSbRT3-FiaQGozBhKvuLU-kGRlfzx_lXwRdwMeufngWrbgaGiQaV9l8Yxf9sz=s88-c-k-c0x00ffffff-no-rj,,
8a86c4d0f4ce462a92c6bf09c027e432,1100,227419,https://yt3.ggpht.com/WB2TfAEXpTPiNWnuuvtYG7K1NyZJ9OxJdTc3RcM8ogan0fwwU_NY12Xk8WxQ9VRuyhW6r4IBgW8=s88-c-k-c0x00ffffff-no-rj,139,https://static-cdn.jtvnw.net/jtv_user_pictures/fc01fc6e-1645-4c40-a0fb-b444fb98e924-profile_image-300x300.png
8a8a1d0901c04d568be19e2d8bbc9ca1,281,27350,https://yt3.ggpht.com/5RVPTRO51dMR3JxFqnAqxZVrmQQ-YsJn5y83rM0BZ6Qp9zj0stpkWz1W80HkhV2oqObp15u0zoo=s88-c-k-c0x00ffffff-no-rj,,
8a8bc32109654a41a7cae0a9f235d9fb,1110,5905,https://yt3.ggpht.com/bcA5Y-x7sw2itsWcr_YvfWV3dL1gQ63VEa_RlgoJJLS4c2ShhYUF_AwePzKJHLcZggUNFh2aPzs=s88-c-k-c0x00ffffff-no-rj,458,https://static-cdn.jtvnw.net/jtv_user_pictures/27f5d874-df95-406d-ac1d-b81321b2ec50-profile_image-300x300.png
8ad9544f4e4f42a09ec1ecb6b514729f,1660,69946,https://yt3.ggpht.com/Dw3cBc77hDsOr2mTL9EkZrA6vJ3MjwI5wBMV--F0l6KTG-zbE7yrq55Il4D1W62_jzC5FjNsNw=s88-c-k-c0x00ffffff-no-rj,,
8ae0f370cf124faa953a09089a427fd9,210,9018,https://yt3.ggpht.com/C7pU9MBatw-2KobZAWnOPhO7uBvAubev3rYqRfWweX13988EDPjUG6w36aEFLcZBoJBfdmGM=s88-c-k-c0x00ffffff-no-rj,,
8ae8129571fe478283e45a20972b94c2,417,4784,https://yt3.ggpht.com/Ww9ugZJdPBp4wnih6g80zLyWZ5dngMiqdZtvXiFt3pUGwMpfh15UP4d1KsI8ZIVhjlqQc4eUqw=s88-c-k-c0x00ffffff-no-rj,,
8ae87582ab1e4b31bfd38310afda77bd,265,1625,https://yt3.ggpht.com/PCVnv0HE1sVEYd6PeDqZmuPSbqOPj0Fzs0fWf6Ygsy7LYdgP93n-Zoo6d85uVxMNHSnFyTNJ=s88-c-k-c0x00ffffff-no-rj,1085,https://static-cdn.jtvnw.net/jtv_user_pictures/6f1e61ca-cbd7-4158-8103-3776583159c2-profile_image-300x300.png
8b027d3a3f374c9c8398b6dd751e5018,4060,133398,https://yt3.ggpht.com/d44fD118tkulbbDRB5FjxGkjAF6pq2s_u8cMn07i9YRQbJ1xHTPUgtDgXJK0kRkEEmZnC3tXuw=s88-c-k-c0x00ffffff-no-rj,38313,https://static-cdn.jtvnw.net/jtv_user_pictures/2ddb1ce7-776e-49ea-ae62-3393925a1633-profile_image-300x300.png
8b0dbadf9faa4815923944437f1c1abb,373,37945,https://yt3.ggpht.com/iMBStLroxGPO749NrMy82e06bEGEHmebT3JEYSqhXVS-sZGAuoJCRshtxjPqJWE9gjqln7BOIw=s88-c-k-c0x00ffffff-no-rj,,
8b1758159f754a3a8d7f26dcf12c008f,140,6419,https://yt3.ggpht.com/WYrSJRk5_l3JyL_hC2jra2bE2TPJLSLpwMPWUxnY04ZLSVGOroEJR3Rqrhigo-NuaA3-zNVMww=s88-c-k-c0x00ffffff-no-rj,,
8b5d6e9353ba46789fa6a2cfd94f69b2,116,2954,https://yt3.ggpht.com/A6FLf3tjxUckAGaAVGp_1d2VeUGMRMK7B9iRX8NqKxUiAM2fNxEZfpvLBko_64BtXOnCrGEVLfw=s88-c-k-c0x00ffffff-no-rj,113,https://static-cdn.jtvnw.net/jtv_user_pictures/ede36e9c-cee8-49ca-bde0-abef9197f52d-profile_image-300x300.png
8b69d6c508194b93b14fc056038160ab,3210,73671,https://yt3.ggpht.com/D13HOJ3eXoMCrpwLJWIcDb-f70MsubTjYjxEIHDGgnhR4kWq8ZTkCA6cpgEEn5anWSIRmKoabms=s88-c-k-c0x00ffffff-no-rj,1732,https://static-cdn.jtvnw.net/jtv_user_pictures/ec8e6266-03f3-44e9-91b4-e0dade8eb76e-profile_image-300x300.png
8b732f3260e0427f9cf795b93ada310a,1590,41308,https://yt3.ggpht.com/ABYUQW67bTB5VoYe2nXa0qqG56iiIv50vcZSnSUd8C_poK4DFkynbqXeN2cCyBLMOgWEtjSf=s88-c-k-c0x00ffffff-no-rj,2195,https://static-cdn.jtvnw.net/jtv_user_pictures/06382376-f34d-4072-962a-56554aa8bd4d-profile_image-300x300.png
8b7a4cfb12e54a309645f0e077bb088a,2080,102431,https://yt3.ggpht.com/tPuhl30pf9BSnPulC-OkK76U-Y3kfupYcmXxIwuf84PVM36u5dJ6bomipgeSVYukjFXwc0oVcUQ=s88-c-k-c0x00ffffff-no-rj,,
8b810380ed254a5e8a85b65552ba4e61,1150,41209,https://yt3.ggpht.com/9JqzFKLgXyg_v7r7E6XEBnyV-pJUb5Ta95Ornq-2TBhZF2p02Hl2EaS25lDgRMBo2qCspz0LUnM=s88-c-k-c0x00ffffff-no-rj,8460,https://static-cdn.jtvnw.net/jtv_user_pictures/405273a6-2a59-4de7-b3c8-4097215de059-profile_image-300x300.png
8ba365057cdb4ba5ba9c27c02c7c7f3d,445,698,https://yt3.ggpht.com/-pbSoEOjGWVL9KYzC4OvGCjZFfr66Szz3m0B8K3PJ0Cr_wWKzPfzmGd8BAdGR5xq9D8LgT0iVQ=s88-c-k-c0x00ffffff-no-rj,1145,https://static-cdn.jtvnw.net/jtv_user_pictures/ba893b7b-bd33-45f8-8d6b-10900330c1d1-profile_image-300x300.png
8bd1aad0ee834101b6042c08495a31be,704,16381,https://yt3.ggpht.com/HEsRImomIHhwf4LI_A6Whyj329KmZpWajzh_NuUY04Ka3SxeHa1atccgSShR3UYCuY4sneUs3A=s88-c-k-c0x00ffffff-no-rj,219,https://static-cdn.jtvnw.net/jtv_user_pictures/8ebc0e43-8c2a-4386-89c9-cc25cdf72f48-profile_image-300x300.png
8bf35c3b9a9e461d825a9170555b71c2,68300,5851646,https://yt3.ggpht.com/KrHyWHGyfdx0o93GbkBWlVJgcopvgo1NGYZAbcu7ctRlNO8PJsQIkpa0VTLX9fJ5_CKcmE_0_KU=s88-c-k-c0x00ffffff-no-rj,27969,https://static-cdn.jtvnw.net/jtv_user_pictures/ef15308c-2d43-43f2-b2ab-1d0250af071a-profile_image-300x300.png
8bf9e6165251449daa9b1b36af10e5bd,1730,0,https://yt3.ggpht.com/4bPDd5U3FQX3LdMdegm-ePPdtLDmX3XZeI6Sv-xGgCrnsWM5ykYuUCbUvZzhD1mo8g8bz2a-5g=s88-c-k-c0x00ffffff-no-rj,,
8c0ff863d66348898311ee83d16257b5,522,9322,https://yt3.ggpht.com/JUQaCH5HJKHpnB0Ne6uHmXFJbcrBr-RsqjprN54qhoYVAbdOsRILJLyjUhG_IdSEyE9nLMJtcQ=s88-c-k-c0x00ffffff-no-rj,121,https://static-cdn.jtvnw.net/jtv_user_pictures/de7e3a01-4623-42a1-b452-0dd6dea0d827-profile_image-300x300.png
8c25e14dcc3a4f71895d58924c69dc0a,3310,157386,https://yt3.ggpht.com/wXVlVUxkz54iIzDQLxxGomW_SgZuvj0cYaTF5iJ3bhPRVGAcLL9uNylqm3sH4uFQtQ2HkbAGEns=s88-c-k-c0x00ffffff-no-rj,,
8c3af9f56a3f4f1d84fcfcfa9f280c8d,10600,632598,https://yt3.ggpht.com/oYHlJLlyRJGjUSg8yWe-U3c6tEThRULnkMs-e2jmBnl1K6a5Sd7zpkwfG3HewqZLeZnk3FNmLA=s88-c-k-c0x00ffffff-no-rj,,
8c494e45ce5b462aa744d46bbdc54021,402,76667,https://yt3.ggpht.com/mnRtWk9mJPkODYWunXaUnu6RrBFnZOWFumyXgOPsJb9I5CYiQhbgRTOkXflTB3PaBT6VQSf8IXA=s88-c-k-c0x00ffffff-no-rj,233,https://static-cdn.jtvnw.net/jtv_user_pictures/87f3bbce-c9d2-43c9-8a6b-b35d81114d5e-profile_image-300x300.png
8c4d0ef0e1ee405e93be5d03974307ce,149,4338,https://yt3.ggpht.com/MftUd0mIn84L-9O6HOdxqUYDhcjdmZUFv8aLrh7etncTU3BfwkZTVoOtPzphiVy1zMeuiJOKcX4=s88-c-k-c0x00ffffff-no-rj,4,https://static-cdn.jtvnw.net/jtv_user_pictures/ec2ffdce-88b7-459e-8f1a-5348dae49bc1-profile_image-300x300.jpeg
8c59e356f1564e068e1c81ac7de1a4e3,712,29959,https://yt3.ggpht.com/jEsvRf3WBP5JQ9f6olca_XmadAUuI47ggdV8CyEV4GG2su1BCqv_HU0hDRtQgaILsW4Pcc61BdU=s88-c-k-c0x00ffffff-no-rj,,
8c6bc741e4614154a63e987f930a468d,5930,223288,https://yt3.ggpht.com/0a_vabsObj3Bo018IS7_Ct2Y2tExjeEAsL3pqKXEN_OhDGcYT8PddNVuMeHuZpzmZ3zAPnqr=s88-c-k-c0x00ffffff-no-rj,,
8cace62dbfc34c2a9a2a348e479cdbb1,1620,157828,https://yt3.ggpht.com/v148W13sGO5S3obQXc-E8IA7HUqf1zj-JOc1cNouWAtqyWBu4QEb65owgRtZSFWvNhv0agWyinM=s88-c-k-c0x00ffffff-no-rj,,
8cbdee1cfd644878b7392bd1c996c185,87,3820,https://yt3.ggpht.com/6fK5byAGsJc1fXeuKOgLZTGZuQWpzVbGpNGULW7z6sNasWL88HzrVMF8wsqiDWb9S8gyQzvv=s88-c-k-c0x00ffffff-no-rj,139,https://static-cdn.jtvnw.net/jtv_user_pictures/c430bdab-acf3-4ca8-9187-8a2fe65fe870-profile_image-300x300.png
8cbfffe3cac54065be4149b03b680d87,,,,565,https://static-cdn.jtvnw.net/jtv_user_pictures/6576c1bb-725d-4617-9cc0-d31671844ebc-profile_image-300x300.png
8d0693c271284b76a407c9f6faffcfdc,2250,39291,https://yt3.ggpht.com/n14ZpQcGmcDh973oo9sgYA1NdO8yXgp9wBlgUEGHkPpVcWBEeLZ4JItyoCFKvWM7vij5xuMV=s88-c-k-c0x00ffffff-no-rj,,
8d113670c4514e5bb28823a756385528,24700,366079,https://yt3.ggpht.com/Th1hBkD7fKDwJODDFjMIn2pyOwGO___CZQgyql_u1qm1g44Gp4rpnOPedK-jQs1PJBtzgz_d=s88-c-k-c0x00ffffff-no-rj,1336,https://static-cdn.jtvnw.net/jtv_user_pictures/1bf21dfa-a031-4b46-a078-52840229621a-profile_image-300x300.png
8d5345223f364c7d8cc7203ee0ffafd6,3120,153518,https://yt3.ggpht.com/6_hOrqoy6WoZXMVL4ouUYO-w7yRsGTOFlVphj4Uo9ykm4lXhOqA2ZCvZ7bwBqaXom4KKR_Hwsg=s88-c-k-c0x00ffffff-no-rj,,
8d65d936f3c7411ab8a812d7ebc70cdf,1570,82,https://yt3.ggpht.com/cchyP--NlAlRszs63eWQgugIHqoOBx5jCrhGdpJzttIVgk3zT-QnUlgbn2pZTbUtihz5pC5DuA=s88-c-k-c0x00ffffff-no-rj,247,https://static-cdn.jtvnw.net/jtv_user_pictures/a66be28b-d285-4911-9ea9-8eb271a5f1ef-profile_image-300x300.png
8d8b1382b7154504819e1db08ecbe8ee,1040,18010,https://yt3.ggpht.com/yOFN1zgxsefbyFNRNvW0nGzK3_ODBW5o2tVByXBnI4degayreUpd8eHH8yVWa9r4WoRZZQfg2Q=s88-c-k-c0x00ffffff-no-rj,,
8db6aab32c8e45c8a70d0850bfcd3e5c,446,22239,https://yt3.ggpht.com/vOfSQHJZuhrlXYnErl5Wj-y5QwvwsB1UOokYDRpjyPFDbcYdXa9guPOow35shKdi7r-VHNQAqMo=s88-c-k-c0x00ffffff-no-rj,134,https://static-cdn.jtvnw.net/jtv_user_pictures/87d9d68e-3c2f-454b-8891-bbf942f9708f-profile_image-300x300.png
8dbec1de49be44d897f1c894427f3165,20000,447488,https://yt3.ggpht.com/lgguV_n2PE2LokhCefIOYQQj8GZjoCV0IoA2-6Sts0blDbpGPvvEo4Clx8r9SrNmWKlcTtBqF7Q=s88-c-k-c0x00ffffff-no-rj,1546,https://static-cdn.jtvnw.net/jtv_user_pictures/7716c3d4-29d8-4f08-92aa-626291c1f8d9-profile_image-300x300.png
8dd4a8b4598e483e9112b2b1a9466013,10000,2590713,https://yt3.ggpht.com/jtDobrB4SaGlDgJsokgkSpUjgeB8vHrWJH2ZGrxFiNZ1jaX-h0idFMEPWiDJctuiVrt2Ig59vC0=s88-c-k-c0x00ffffff-no-rj,255,https://static-cdn.jtvnw.net/jtv_user_pictures/6167ff42-be47-4354-83eb-35804170a284-profile_image-300x300.png
8e249f04f6cb48bda24f1513a472f4d8,3330,233050,https://yt3.ggpht.com/NZK69esxzJD_B_Y-WqPcESmEif0pNhDrAchIlJc-YVeiJfXc7FjDhdcsZS97NwYyJQ4QwK2xip8=s88-c-k-c0x00ffffff-no-rj,,
8e2559d9a7714ecd9cb0448b4d28f8d2,887,24826,https://yt3.ggpht.com/z7jwNrE4wq-WnVFWaXm8fK2Mizhpn_o16b1cuPHH-sQjJPOIICjzV0W2NeW4WAzT317Qrmh0BA=s88-c-k-c0x00ffffff-no-rj,4944,https://static-cdn.jtvnw.net/jtv_user_pictures/0df3a953-fc66-48b3-8a8e-5d52bbb021a5-profile_image-300x300.png
8e6719bf286244e3ad9e27fd1d363953,3570,96334,https://yt3.ggpht.com/6DjNAAdAWN0qCFkvtI7H0G3hZ_a-sae0YbjNJ78TlAuWpzcIVLAIeC3x_TtiHU-OhbJy-lAz3g=s88-c-k-c0x00ffffff-no-rj,,
8e84c388bf0e4f9481434a0eb392a0da,509,11818,https://yt3.ggpht.com/TO167bfGLpwgpuSrF6LOrFEJ6iRMHUKbt6oISjWN2qF0_mYdl8TPBczVl-jXJLO0TB4XD2kCJA=s88-c-k-c0x00ffffff-no-rj,,
8e84dbdebec446bab8c82b3f0467f398,852,25669,https://yt3.ggpht.com/c-kfOcfambFkJVhr_9Mbnr05rWeYPxARufr-U13DycGe9i5ZtKIn7HvoPirocTMY9Rf4KUuK=s88-c-k-c0x00ffffff-no-rj,,
8e858eb26f3b4ca2beab2baccc887893,650,14094,https://yt3.ggpht.com/4SpkCej_KNJGIbk440ebbz88UwhSBrUNWd3n3TS-6rKje8cZ79DMTCSDo8J9egg6v5dsrL02ww=s88-c-k-c0x00ffffff-no-rj,2012,https://static-cdn.jtvnw.net/jtv_user_pictures/0dcdb2e7-ff0e-4988-afff-5f65b66727ca-profile_image-300x300.png
8e96dc48c7714f258034d97d8b9a7f51,11700,111088,https://yt3.ggpht.com/pCFJ1uJuMU6flJ-K3IS11mNn31-E1Moyaq58iyaKvbugDCoAhf2Doo5BWz0j4u1H3E5Z2FKpqg=s88-c-k-c0x00ffffff-no-rj,,
8ee549546bb14154b5e1fcaf3dd51f09,11200,12565,https://yt3.ggpht.com/D5quc3oLfkyktgcJvsTP_diS_jSPr2YriWCtdTbN6RpJbhDWP7mSQ8EGY4Us3Pp8HHAhLb7RgQ=s88-c-k-c0x00ffffff-no-rj,966,https://static-cdn.jtvnw.net/jtv_user_pictures/e9ee121e-0a8c-48e5-bc70-239d5dcd9f19-profile_image-300x300.png
8f0b41303e8a481689fe4309a565ecd3,4040,154994,https://yt3.ggpht.com/cyflWMwHiJDWPd3wrzNu8El4hVTaNYj3QzxMr1g3bP5fEf2pS3sUlLFAXNCoO4zR7m6jnmzluw=s88-c-k-c0x00ffffff-no-rj,1206,https://static-cdn.jtvnw.net/jtv_user_pictures/b5aa04f6-bcac-4a11-84be-de4c1fa3d549-profile_image-300x300.png
8f12066334ed4c4dae19ca1152781e59,39300,781286,https://yt3.ggpht.com/c8-mmCzuRp90JJ-XWrB-PUlMS1hoP0jpH9rM4xcL2TCLrSXk6aWiaFPlZ71juBzXVYlFo56geA=s88-c-k-c0x00ffffff-no-rj,426,https://static-cdn.jtvnw.net/jtv_user_pictures/ef72bd25-0170-469a-b016-a74646197f87-profile_image-300x300.png
8f1a38101d324afcbfc7df27d5d1e0a9,1320,173660,https://yt3.ggpht.com/SIeF4GC9eRSabPN7vahYPgDQVAjjwZvM2Jg5i8B7vJQajQhoWA4IgEjIOu0ohci2sa1h4qazdGQ=s88-c-k-c0x00ffffff-no-rj,,
8f4142c5ead94656b4744b425d800fb8,587,69328,https://yt3.ggpht.com/4yh0ZQkXLQMHA7nA_cjLK3Ox-aaMnoD7xvkhbCBMJrQmUpNsNayl94gN1oQpkrzZDtov9gCLkA=s88-c-k-c0x00ffffff-no-rj,,
8fae79a84cd049fd8a2ea50528a75e2b,5190,443716,https://yt3.ggpht.com/7v7KHwfng5b30YUtNjJqMJoAH49qeF8OFfRqYUrnoTUoVegKFPEqjyaryvE-mJrv4M56QA1-=s88-c-k-c0x00ffffff-no-rj,2032,https://static-cdn.jtvnw.net/jtv_user_pictures/6d140a13-f168-4687-a741-a27ea7a2093f-profile_image-300x300.png
8faff7aecb9d4e12917ea0144696e2de,10100,331869,https://yt3.ggpht.com/n2nRwF8wC9zB_2vpfMcm31AsndLPY4URi_Bav7WqQixEpW4HIkXck0-ufEICqgi7hHhxIsfcNU8=s88-c-k-c0x00ffffff-no-rj,,
8fbd23f4e2ad442bb230aea8f433cd49,598,30791,https://yt3.ggpht.com/c4FITsV38izVEVao8oIJICMCfxn7v0M6Ja-nW8xJPs2yV10QAEASH51xf5be2bb8-FREuEpUMw=s88-c-k-c0x00ffffff-no-rj,24,https://static-cdn.jtvnw.net/jtv_user_pictures/514d87c1-317f-4873-9248-664d5a0ba3b0-profile_image-300x300.png
8fd3526ba2074df896bbcb47e713565b,3360,89642,https://yt3.ggpht.com/iqC25byfC5V8UyNzJy_CkOPrV7bp5DoBUkTB6SRKQyY7V5KVzXshjkfX6x5jNjfJczBLsl5d=s88-c-k-c0x00ffffff-no-rj,,
8fdfa107052d44b990d12045a71b3c8c,137,4028,https://yt3.ggpht.com/mFtJcmi5Pmzb8yYIgL4Mhyu76NEdSsDc8haXZYZXjgBUsAyf-QONEpmjuUyJz2IIAiOInpslQcQ=s88-c-k-c0x00ffffff-no-rj,,
8fecd29b2aea40cabf5b9a58aeace0a9,124,3788,https://yt3.ggpht.com/K-GLDnPYXcsezaD-kAl24J0LdtLFJydr5L38HdEOH0mX-pSEpv7O2jg68AyfpE-JNdCGczL6Kw=s88-c-k-c0x00ffffff-no-rj,34,https://static-cdn.jtvnw.net/jtv_user_pictures/fb393025-4784-4871-835a-c61173ddda60-profile_image-300x300.png
900fad281b4047bf834688a08ade9236,3,0,https://yt3.ggpht.com/8ZecGJ5sO-jgqy-LBVyF11L4LRh2XNGze_4raimTcKAJAT0toyvPflsLI4jn_hnOs9suFIdNzg=s88-c-k-c0x00ffffff-no-rj,65,https://static-cdn.jtvnw.net/jtv_user_pictures/e4a343e7-a6ec-4cd9-8b8c-aedcc2439ac9-profile_image-300x300.png
9012b1827e8141bd9d56d1a04b2f7ad1,3430,130136,https://yt3.ggpht.com/FkK7sM-CF4cXFVS8H70p7SUJ_InFcJSANqNklzHpnFRSkeaAvCiEtz9guWrnk-S36kADJWUcfx4=s88-c-k-c0x00ffffff-no-rj,,
9031798ec1884b52b17df470b6c379b2,1540,42981,https://yt3.ggpht.com/5aQowISj5y76xv5QVzMW0QoJAlrMncDjQjBaYVE299xOtBvBCl8rZTRdZBgLbzC72KQaydEWHQ=s88-c-k-c0x00ffffff-no-rj,,
90405cb21f7743639684632f6bc57a46,1170,6835,https://yt3.ggpht.com/oSL_3dBD56NILF-12YLr_uFQQXsbO3Eknic-IaXNZEKJHwAMuTmY9D6MSRHRq3aa7XJqhbZcMw=s88-c-k-c0x00ffffff-no-rj,,
904217f39af144a9b922beab57e61ae4,309,7258,https://yt3.ggpht.com/3Pnx7ut6v4E_M444D_K8TqgBZ0gTGW-mIpAzoItW026RZtJbarNn414OYwCNXl7OkA3DnisogA=s88-c-k-c0x00ffffff-no-rj,321,https://static-cdn.jtvnw.net/jtv_user_pictures/f1ecfd8b-62a7-4f0e-8fd5-d898c33dc962-profile_image-300x300.png
90446c6f1b704ff6b0fbbf017f0a68c5,2840,74439,https://yt3.ggpht.com/VLnuUt-CnjYaL_SDlSUKkj_OO_eV54DRAF42CSmTXJPDTc7EivbYiqXa8hZmnCVspgwCupX77OE=s88-c-k-c0x00ffffff-no-rj,,
904e3c91b4e1427f9b2d69f69aa3b13c,51,4210,https://yt3.ggpht.com/lpJGKKUltLrapudm9iQHyupCIhQeHjHJKSXq9dRCLecjoo8oI5StRCvIb-8P2Qop4WRYnkbpvA=s88-c-k-c0x00ffffff-no-rj,,
904f58005872497b82964fff25490152,216,9384,https://yt3.ggpht.com/Ag9dVJ4jeP_tyZ4bT0f1TRFD-GxLsJm8VW0bnW_QPAFUKamptrM_Ry2eYuK2upd9zOfoyTYp=s88-c-k-c0x00ffffff-no-rj,170,https://static-cdn.jtvnw.net/jtv_user_pictures/be6f72ba-9f23-45a4-8536-9a538fa479d8-profile_image-300x300.png
905304e606344aba8c84b83717453f5e,436,25662,https://yt3.ggpht.com/UQgZoNDHErNjb466lo3gQRxzx5oK4wqRZwgyLfchLK4IcmJLniGyXMOLrf3PO8uqLUjXdv2_gg=s88-c-k-c0x00ffffff-no-rj,,
906fcc288c6840858711cb82b4ebf5f0,1660,42922,https://yt3.ggpht.com/qbeC4ZXvq5jcxtu7BEImiH08CIr1hEj72EkKPP9_6O4fFVlPPhUnJPmVjqHvvZ_QVmyKcxIZEt4=s88-c-k-c0x00ffffff-no-rj,,
907d39ec8a394cdcb645bd4b2e6351e7,3270,79209,https://yt3.ggpht.com/7CIZ5HEECasIMHkUZwQuOLyxezSzKYICFkYSALdGMkIYnOO1WRgpbOxGlwsbIAZXoF17iPn1oP0=s88-c-k-c0x00ffffff-no-rj,,
9087489bcb234de9bb2a8942a1562a61,1680,72327,https://yt3.ggpht.com/_98D_N2VSuoRw-69JqWCEi6k5odPqGjQs8qri-wPbMWbMJ8mwqYzyyeroU4MqOhuPFWUDJrUbiQ=s88-c-k-c0x00ffffff-no-rj,,
9099b86c3fe84a138b0bc1f258bca138,369,13676,https://yt3.ggpht.com/OrgnbPf_D0oB8eLcNOI-5ZvF2dFHfyyq9OCKCvpQfrYcSIGjYmRL_0a7iRsUhVgPPJ9GLl-t=s88-c-k-c0x00ffffff-no-rj,,
90a8ac8d7653460298ba85cb7e4d3bc9,241,2920,https://yt3.ggpht.com/Lh4zLa18RAoqsx-_udDBb0UeR9LkSEqQ1_9OSGk90aNhDBAPzJkyYIabGuU25eP1r-A2wED-=s88-c-k-c0x00ffffff-no-rj,54,https://static-cdn.jtvnw.net/jtv_user_pictures/8e4b5c33-edd9-4f97-b4d2-e71e69420676-profile_image-300x300.png
90c230602c7542daa149c6f6edebc7c4,133,1407,https://yt3.ggpht.com/eSzQ4eDiMg6slZHStlr5QKXxx7K9ZnfxPaZUxZASBhbnDvRL2EDTrIiyajyQWO45rRuJ2Wqzlwc=s88-c-k-c0x00ffffff-no-rj,,
90c317900736475a8c5cae632bdd0960,2340,155726,https://yt3.ggpht.com/iV8wonRuqMcONJknbi25LLaEXT-T38TSdwtRkz9bi8JzKKz4CaBd5b9iRdM36QRoAXCGxb98=s88-c-k-c0x00ffffff-no-rj,,
91025114208d41b2bff535d6e277017e,1390,57600,https://yt3.ggpht.com/Fl-GoeUgpTZ4KwxYomVRptQV6jNkuXqe6HOFGYVuWtuNbAnYrNOO1y5xEutFZuYG9TFqIWgN3g=s88-c-k-c0x00ffffff-no-rj,,
911d3403c8e84dc3b0c4a2f6017698b6,44500,864817,https://yt3.ggpht.com/R2ChCX9endzY63wFgTWao0iP8sGsAcZ2reUXt56Qo8JOLgYeVf9J0kpO3GKX5ntWQVOVar4JBSk=s88-c-k-c0x00ffffff-no-rj,1908,https://static-cdn.jtvnw.net/jtv_user_pictures/31a679e2-2b29-4144-8d6c-bc196fd3a247-profile_image-300x300.png
914f6caed3ff4348824d966f76662bc2,9790,722366,https://yt3.ggpht.com/1rCoCMpSkmH4bVofDC7jUsHyMfJT11CR-HcCcjDXJd79FKiHKOEt9i_ol6Q3MptYgTiOyBH5Pw=s88-c-k-c0x00ffffff-no-rj,,
9189101a4bb740de969b772dde92125a,451,5689,https://yt3.ggpht.com/_NxiBUmHcgKP3lfc852Tq8EdbfMKPtD7wtGoc6JVVoG5sXA94ld9H80UIj0lV1n4vhXO0i8h1w=s88-c-k-c0x00ffffff-no-rj,1170,https://static-cdn.jtvnw.net/jtv_user_pictures/5dd88045-e274-4739-b892-e3fc997162ba-profile_image-300x300.png
91919c2ad07a4db88e0b4cfbc1739940,15400,631423,https://yt3.ggpht.com/MMJeuW7uN2SiI67BOjRFWnUvAFLSUKOQIX8jlykCAtXkVn5yzoh4v_Pz7qoT8xazlFyiMCRz=s88-c-k-c0x00ffffff-no-rj,,
91f5b04be2e74f64b03e0774cc275748,518,20660,https://yt3.ggpht.com/sL80MOXt7NfbTWXYewexaOoLQeDMex9kcP-ZR2R2t5a-cjsgC1gyBZWE6i4sWCMSflwmKZU=s88-c-k-c0x00ffffff-no-rj,,
920d34819cf944e99cf469f7552d535f,14700,1448366,https://yt3.ggpht.com/9YkTgMpr33D38GCJHl97J7QfjmcnU_IJZOouyRltiLVXW2yL6i1aIrlm6PLf6RANVEuYSoMceQ=s88-c-k-c0x00ffffff-no-rj,,
921b0b3a8dd64a5494720801af95ba06,706,16494,https://yt3.ggpht.com/IIJG4f9b6so0nt8-hd25D6LbK4a_bBToWCwm9FBIuRSzd7o1shFd8ZM3QLTGko84YQayQRcu0Q=s88-c-k-c0x00ffffff-no-rj,,
921d25072caf403ea797c3d5f61f84cf,,,,1594,https://static-cdn.jtvnw.net/jtv_user_pictures/731e8750-7bec-4d79-abae-02b51bbd0747-profile_image-300x300.png
92335c98e0b244eda7a8660694d90f70,11300,114308,https://yt3.ggpht.com/xQHAddPuLFHaiFTNIiJC94o2wrqNQ9UmUuXq4oDuxRSMpTXXuACXTkA4r3y-3lSFOkqQYX6sCA=s88-c-k-c0x00ffffff-no-rj,,
92354b79050d4a2dbdb2289a7498a662,2350,36642,https://yt3.ggpht.com/Dd0xc-nkC2Zyf1L8_Xiglbiqc7M0a74RTUdP5cDMUprf4Y4EZtw5Z8nd_eXtvXm_EkdadZRHZg=s88-c-k-c0x00ffffff-no-rj,,
925d91a363914edfb035fe6c08946be9,4770,118334,https://yt3.ggpht.com/udLOL1qYzOjCNuN-PB21sZYbTSZVPTxngtYPl2hCjXR6utvaEMA6YDFWeQRTusqObLNLaTiy=s88-c-k-c0x00ffffff-no-rj,,
9265e640081f4625bd36cd1235c75bc7,19300,33575,https://yt3.ggpht.com/VKTunow-CBpU8od7fcC-gY8240_6KZfDN0SpxJfiwBUuNoj7nBLlRNqJdx5f8EinKC8aOUvTCA=s88-c-k-c0x00ffffff-no-rj,1800,https://static-cdn.jtvnw.net/jtv_user_pictures/530b7dfe-bae8-455a-84fb-bc55692d95f2-profile_image-300x300.png
927ce160c29f4465ba196c3e1b8fee1c,27900,1200476,https://yt3.ggpht.com/7v__84PeQImcuhaELgk3nFG38wecAdGvXIZvBjaoGgjVT0FVePH-sN-27V-uk9WbZJf7cKOp7w=s88-c-k-c0x00ffffff-no-rj,2722,https://static-cdn.jtvnw.net/jtv_user_pictures/9960a089-9460-4f24-a1e7-7747d2543145-profile_image-300x300.png
932fd42911c74016bc7da418abd29f0f,564,10741,https://yt3.ggpht.com/sqOCWhoCSk_BUOhZL3e80FXsOVhLFFUhP5AJIRwpiwAEAc4u80HsRS67rAxlom3aHjqoF5UHF2g=s88-c-k-c0x00ffffff-no-rj,53,https://static-cdn.jtvnw.net/jtv_user_pictures/111cf6dd-92fb-4ea2-9f38-778b497de47d-profile_image-300x300.png
9335c3076be84149abfbef91ac0e9e68,16000,370735,https://yt3.ggpht.com/KCNnDVORz6EwDZgmrWtX0IWBg5IIAJdjxVFaKW2awKnQCJ-4mmJmq_PyrqDd6JfUyHjxbyVfRw=s88-c-k-c0x00ffffff-no-rj,762,https://static-cdn.jtvnw.net/jtv_user_pictures/4b04e23b-368f-4040-9bb5-14ef8b552955-profile_image-300x300.png
9350b5c36c9e4f3faf01dfdda5b263f5,328,3561,https://yt3.ggpht.com/fdPxHP9Il8yTIIhtSYtjGrY6LiDDAJ2H98giEA_XCUkJnbII6BHAN3kmaMyz5ftFRiBMTL8zvA=s88-c-k-c0x00ffffff-no-rj,1012,https://static-cdn.jtvnw.net/jtv_user_pictures/57b6d7b5-51d6-4c06-980f-86da399d71a4-profile_image-300x300.png
936b23e5e87144108c5d3f09f194c8b8,15200,1128146,https://yt3.ggpht.com/MYP_0CcrUt2jwEa4kGpsd26hZmOyaPyl4qKxbbJeM8r6On9keYpHAbwKOqzuymh41xLS6gBO=s88-c-k-c0x00ffffff-no-rj,6931,https://static-cdn.jtvnw.net/jtv_user_pictures/56010d5e-1a7f-4463-92aa-71546d835203-profile_image-300x300.png
9379ed7f979440218e22b8db58dd0dd1,2290,119220,https://yt3.ggpht.com/iK0Zxl0LS88q8QJAEUWvsa7tW9ZYd8qnXzahQGcsV_IfKgPvf8-y4ymrsRJOWN--ru9Ry5v8gA=s88-c-k-c0x00ffffff-no-rj,450,https://static-cdn.jtvnw.net/jtv_user_pictures/f6952aee-441e-4ea5-a1f7-95d47380c7a0-profile_image-300x300.png
93a4d479e67242d58d3ff80307d3bc84,7330,166539,https://yt3.ggpht.com/UCM3zW2emyuk13Abmqng05eGQikzLt2GtSrjrH2wAAd5J0EUamEuBvBEAKo3ilgc0JGds5dx3Q=s88-c-k-c0x00ffffff-no-rj,88,https://static-cdn.jtvnw.net/jtv_user_pictures/faddb5d1-0196-488e-9de3-6eb848b24b65-profile_image-300x300.png
93bad1d4b0c54c8781e3775d13a62c38,22700,584992,https://yt3.ggpht.com/z0BkhJ8xAPd6jbciH2JeM5aHW9g4ncs0PvFdRfbhJ1QpF4ztdBiAiEsMBILCAnx8M2TokBBEnA=s88-c-k-c0x00ffffff-no-rj,526,https://static-cdn.jtvnw.net/jtv_user_pictures/6f7d53b8-1c35-4860-b9c9-cb10673f4211-profile_image-300x300.png
93bf43bc175742cd8c7af6b80687cd84,320,6118,https://yt3.ggpht.com/igielb653FHjDcSGsfNctHbojoRxAMxytKIAF8TSFKcJx0yoRPMwYv_ZiteHcbx6d4GlPZp4mA=s88-c-k-c0x00ffffff-no-rj,1342,https://static-cdn.jtvnw.net/jtv_user_pictures/cc7cc73e-b6db-40eb-9c2c-a9bd080e93af-profile_image-300x300.png
93e7079bd21c499f9004e79d18489d28,2090,451616,https://yt3.ggpht.com/ytc/AIdro_m9Ubj8_EOVYea3a_WfUtXpYE2AV97G9lXmK_jwd5gISYM=s88-c-k-c0x00ffffff-no-rj,86,https://static-cdn.jtvnw.net/jtv_user_pictures/70338856-6c27-4eef-a955-0576dfde54e1-profile_image-300x300.png
94082eb7d950471b934592394ad3e4c8,5250,224245,https://yt3.ggpht.com/NZY8Vyg_0B0bl1tdVfjhrKjJteLMpqoChP1rOKlLVya95dSzUBrsb1zrX-IlTfvmQGKzQRswxg=s88-c-k-c0x00ffffff-no-rj,,
943129b96d2341bcb7b25a66c9da2354,567,11488,https://yt3.ggpht.com/kGqMZDHpkuWT5B61Eo7-PvyXiVNv222M0uiYVeBWcuIMFkslrlk1duYeJBTUvtoALce561Eq2g=s88-c-k-c0x00ffffff-no-rj,15632,https://static-cdn.jtvnw.net/jtv_user_pictures/7f5fb23e-ae14-41b3-acbb-c92f6bec30f9-profile_image-300x300.png
9434be74cca5450789bf73aa4359b542,374,11948,https://yt3.ggpht.com/pREyvANgKrpgJWoG1lf8iDaCMYQWhJM-JgrtjTxy1vwn_rlC8EAmRw6XpJNagCLNRqh-W2z0aQ=s88-c-k-c0x00ffffff-no-rj,,
943d968e125448c68172c629e29920b3,128,1827,https://yt3.ggpht.com/fY0WcWCdAdpK1VktzlBwxcWCHtqEef2ApV7PM65fysQPo7MHr7mMtKz5KI-sVAoFsTX4_slOQbY=s88-c-k-c0x00ffffff-no-rj,636,https://static-cdn.jtvnw.net/jtv_user_pictures/3b194aa0-8d4b-466b-bba2-6dc327d2a4a0-profile_image-300x300.png
945e26a69e2145219406bf2ca0d59554,787,21351,https://yt3.ggpht.com/ytc/AIdro_lJ75gcOhvj0DEcXQSeOdPxqyioYe1lU7llwOblguSI6ns=s88-c-k-c0x00ffffff-no-rj,713,https://static-cdn.jtvnw.net/jtv_user_pictures/5517ca7d-cb86-4deb-ae8e-d4ce4eee6b15-profile_image-300x300.png
948c874aac8c4c7fa088b380e79b2154,610,18183,https://yt3.ggpht.com/rcJArznIQk-E3kHNSv5-nhK42OCvSBuY55XjnOWGmes4wSOHf_hcb2bUF2jSu9fPHfl8QFFG6Y8=s88-c-k-c0x00ffffff-no-rj,,
948d1078ceaf4b39b3bef86fdab85482,1110,6910,https://yt3.ggpht.com/TQ9V634q5nDYaPttPgZcoH3KYPyfFXOrpmLm0NRLkVk0JNnl43guTCE_mN7ZX0zt0M5ESycmIQ=s88-c-k-c0x00ffffff-no-rj,,
949f184abcc84a82b8e9f333b41a2109,95,5121,https://yt3.ggpht.com/5D6OFB5dysQ1OvhfkSM3RBsCUHsIO0aAUVu4uXyAOgvGlra9rDfnNIXo4g5Ar5VkgJkF3LSpyg=s88-c-k-c0x00ffffff-no-rj,1568,https://static-cdn.jtvnw.net/jtv_user_pictures/2823e64c-bb0a-404b-90af-1d7862962c0f-profile_image-300x300.png
94b3f738cde248e3bf6061f1692d6337,688,164523,https://yt3.ggpht.com/zk-gEX4DtKScBtIBzohsb2wVWfAI2orn8URKVImPT_e3ARusTO6oBS0coVmmhFaQQxkcjZky=s88-c-k-c0x00ffffff-no-rj,,
94c7cb6122bd4dcab2d8660ddc5f5508,6070,203772,https://yt3.ggpht.com/mF7nOo6Em6UlTZbNa7A2m4duBzr9HN7kIstBVDmQjbRdT2G1CFMDriQoLi_9yVCMIzHsYXYC5mQ=s88-c-k-c0x00ffffff-no-rj,408,https://static-cdn.jtvnw.net/jtv_user_pictures/c6c539cd-324f-4755-95d9-0c478626a6b2-profile_image-300x300.png
94ca3090942d4ca38a71b8f1b65c7343,247,15411,https://yt3.ggpht.com/PUz-7cid3rIBNloiLbW6uweBU-Tszt6rJINLNIALez_qP0yp8bknltlKWBLQtPm7vdUnKoJ1AhY=s88-c-k-c0x00ffffff-no-rj,137,https://static-cdn.jtvnw.net/jtv_user_pictures/38c52225-268f-47da-87bb-59a4704ff969-profile_image-300x300.png
94f9966aa28a45e1ab4b94507037d1d7,1070,88042,https://yt3.ggpht.com/WalreMk96cewDmapZkiurdfgLZAV-lZBBnfGJ2CpE0oHXP0BtgF5v47XGvOLT_zOjY0d3Pcg=s88-c-k-c0x00ffffff-no-rj,,
951dd0b605d04163b38de18262e9a438,22900,581093,https://yt3.ggpht.com/B7t2pT6NL_7ERcP3Z-PbV5eQk0BFLmVSaE2vuzT0qggkkOv8vuH22Nm7T5Cduv1poCLamYQg0qs=s88-c-k-c0x00ffffff-no-rj,1233,https://static-cdn.jtvnw.net/jtv_user_pictures/e7ca92f5-0bd9-4e6c-93b0-c1ce3e35300b-profile_image-300x300.png
9539cc114b7648efb72bafc3a7358ae6,772,0,https://yt3.ggpht.com/ytc/AIdro_lTiMvcGEVY6wQdAUSHLlfmR04PCMTP9VdR3pSkwylqBA=s88-c-k-c0x00ffffff-no-rj,1977,https://static-cdn.jtvnw.net/jtv_user_pictures/b01d8709-6566-4124-8664-de79ef88c92f-profile_image-300x300.png
9543391286c44c5e9c9e9ed7ef608f20,222,2544,https://yt3.ggpht.com/Eq-dPbITxA4HXACYd9oFtjICIAKbnRXLS5jT-yxCVUM-d1n6Iqg3IY1fIFsRl--FtH9uP6yCag=s88-c-k-c0x00ffffff-no-rj,644,https://static-cdn.jtvnw.net/jtv_user_pictures/a01e209c-e4ee-4393-857f-ffbed0b3e7e7-profile_image-300x300.png
954590604f0e49e88fadc8ce6dafba1b,1030,44118,https://yt3.ggpht.com/zJdmZZqimZW_Zu16cCuOMtSuwZ-yC8dDS_gYKUppkIHescFZbQmsru75rc3BDm4w2Tdj7zTqoQ=s88-c-k-c0x00ffffff-no-rj,,
956591dc2e40411688b8f8e3079bc5e3,1120,90457,https://yt3.ggpht.com/WT8ZYKWGqJoBuTl5mBfOEgnJw2akVwk7gHvA7-hDzAaYGC73da2zQ8XUCUO5DzE81vIhyTb0ww=s88-c-k-c0x00ffffff-no-rj,,
95694a64c0fe4b5c987344f1edcec826,465,16010,https://yt3.ggpht.com/UcQpmld-CHDaLpPfHwkyy7AabGKk1p9Ph2dc3Tb_UxrRT5AiaJQ60XoMAeFtKWYl_hAWqZdzxg=s88-c-k-c0x00ffffff-no-rj,977,https://static-cdn.jtvnw.net/jtv_user_pictures/96700b31-5053-4575-84d3-1638950d7885-profile_image-300x300.png
95de1fe6727944e68404aec425d09170,27000,0,https://yt3.ggpht.com/vwET7Jksoo-V30G48p99CJOPoxkZt3Dc2Zy5pV4FQCQYuZsT1Tgr3m97OHAjkFR0tsNMsomX=s88-c-k-c0x00ffffff-no-rj,3507,https://static-cdn.jtvnw.net/jtv_user_pictures/4005fc6d-17c4-46fb-b1de-596e8aac8430-profile_image-300x300.png
95df3846ff6644429227e9e058994ad8,377,15876,https://yt3.ggpht.com/YY4uCa3-BKIwAaFvIQEYe8-UTd0VOUrebqGRSvTKTmTPTT4zbX5842qZsZ6cQ0_2yvVvs1n_GFc=s88-c-k-c0x00ffffff-no-rj,,
95e5788cabf340e397e2726def426229,8370,261270,https://yt3.ggpht.com/uFRemLns8pVfvkLSZKo79E5JCsGk0U113rmKJeoMpy8c8rEilY2j3zHzz-8Z8QGHtrSNs2ZGMQ=s88-c-k-c0x00ffffff-no-rj,,
95eabea4e8014fedb5d34ea27137a4ca,752,33166,https://yt3.ggpht.com/43bUBYLZBolt5sdaxDOQ-KiN1TXa2mNkWVvDa_vYKspKXuMQPFbVhcGop8EoXzFqy901QHLWYjE=s88-c-k-c0x00ffffff-no-rj,,
95f3f004ed9641139567827519f6b35e,2160,126188,https://yt3.ggpht.com/galTS3vPsoqjGE4LLniFNuQ0KyCu9NAtWDCcqAkC8eZSF1Ksycb3c1J87Wg9OSU_bq55VUjo=s88-c-k-c0x00ffffff-no-rj,257,https://static-cdn.jtvnw.net/jtv_user_pictures/5c1d59ec-8281-4f34-8843-b491335195e5-profile_image-300x300.png
95f8bb8a92c1450b8b5993f740b39338,1720,572668,https://yt3.ggpht.com/ylESWTsGwkPbnbzLNHk-gVm7bJwnl8rDm1MEJDNHMCXHL_dozvdpj6qEsVnzsnjQmYvDt_P3Tw=s88-c-k-c0x00ffffff-no-rj,202,https://static-cdn.jtvnw.net/jtv_user_pictures/00e0f563-22d9-429e-be5d-a433cd270fc8-profile_image-300x300.png
95fa8eef249d4edca59594271fedc487,1120,34554,https://yt3.ggpht.com/xJR5E79_ADTf-EB9Za7Me0Golpl-cXK9U0aNAY3dMV03dmWTGUCXmCNuT979meyAmftrnhyBzA=s88-c-k-c0x00ffffff-no-rj,,
9604bd9896fc421ba131a9a6e11d50b0,5630,402898,https://yt3.ggpht.com/StH7pD5oyH0gG0sZMorUqg2_sIq7qRB7o8ENGKA3C2V2t1YwaD2xctmWrHWfQ5GTByi5y8FwLQ=s88-c-k-c0x00ffffff-no-rj,,
960c19dbf65f4b7fa27439d1ede2af21,631,22446,https://yt3.ggpht.com/i-lf3cVk_SbSV2GSy4DVpRzFW3RDD5vJC2EeBgYV256_vjEFzxtp0SFS_WXx2o01olBDrpcTkA=s88-c-k-c0x00ffffff-no-rj,,
9643c650b1804107b85de1f08010aa9d,580,11055,https://yt3.ggpht.com/9X3m3o1-TrFGjBZuhcI4yps89c-5zsAKlQ7v2sy9L1ljQMRM-A4sUTAQ7RROFdg8rR9p3dnZPR8=s88-c-k-c0x00ffffff-no-rj,160,https://static-cdn.jtvnw.net/jtv_user_pictures/2a30846e-0ac0-44c2-87c4-19fd65e3ed05-profile_image-300x300.png
964a0dde279c45ea85ffc6ad5d266206,184,1615,https://yt3.ggpht.com/RwMeS5GzQy3x0YJxfGYAQWlmWbt4IqwVGQ1jkoPTyFtMhHGYy2eQBQmYwuttD4jJFrrS1qVDqg=s88-c-k-c0x00ffffff-no-rj,670,https://static-cdn.jtvnw.net/jtv_user_pictures/7ba8433d-8e53-4755-b38b-a569cccfa050-profile_image-300x300.png
965bb7d47d0243839535d38bc1bc66cc,2760,60471,https://yt3.ggpht.com/X_3qqmVBibPqY7q33Io5k6GyOpINjNOTjf5TNfR3MLmyhfQbyhWOSe7nyenSs0k8uwPdQONJGQ=s88-c-k-c0x00ffffff-no-rj,,
965ff8a77ab845aaac693d9c7a56f82d,69,4035,https://yt3.ggpht.com/F2D38Oo6cMzRm0Zb4A0o_4GT4Ajyzjmshze3wLPUn3BrNZsKoxWihKkOrei9b_9CdUAZCZTBYOY=s88-c-k-c0x00ffffff-no-rj,575,https://static-cdn.jtvnw.net/jtv_user_pictures/812a6813-8169-435b-9d87-ed99f44c0c2f-profile_image-300x300.png
968f0b8c521942d6939234c70f49747a,646,10703,https://yt3.ggpht.com/XgjWGtaJasPshsbfXCcUIsofXmrblBPPeF7VzpQENJzIQ8HQjjZOWds6tDVTpkfN3xbe1xdkeWQ=s88-c-k-c0x00ffffff-no-rj,1678,https://static-cdn.jtvnw.net/jtv_user_pictures/7f62286b-69ee-4083-a45f-75de93a63474-profile_image-300x300.png
969122fc1adf4d8798a043b4754c893e,2380,17817,https://yt3.ggpht.com/gP-O48JN0dKjRracDNfKYoENL1L89EN-aMDH36plwzQVIcCAjKdoyRMmZrhm2pZ1QWYlBghA=s88-c-k-c0x00ffffff-no-rj,,
96be1e561acd4a75817c6424d9d4f9f0,3240,130983,https://yt3.ggpht.com/7rW201nFHkwQhL41oaL2RODogDcB1KDPmJq2HxoG8PL9ixCcgA1ZjZZ-sc0aVwHHi--k4olSVpI=s88-c-k-c0x00ffffff-no-rj,3972,https://static-cdn.jtvnw.net/jtv_user_pictures/64d3e27a-8749-4bff-83a9-9c91b4e4124d-profile_image-300x300.png
96f73c5682e942ef888a3313031c7f58,733,11398,https://yt3.ggpht.com/i94AC45Sb4Ocod0MJb_ssJ6ThgcXsYhoznz7zDmziCBMKeuoBAV1NPEpv6AkfyzIv9yiM1q0xQ=s88-c-k-c0x00ffffff-no-rj,,
96fc771ccb55485bb770997ec43e1ce1,10800,226198,https://yt3.ggpht.com/-78jSg3DvfnxpvkRYZttToWiJDpH3hKCxj3_7_5JbBnuFJya5_SkqqQPQS-pFm7VLFHF9gxP8w=s88-c-k-c0x00ffffff-no-rj,,
96ff628d2280470b833174c32200a749,815,22812,https://yt3.ggpht.com/Boq6cZEOY4MXjr9HKDGcMlhk6sQmNQkHSc6xvzoosth5XBYOBymwIQQzBV4agWtNL7-oFLiRPw=s88-c-k-c0x00ffffff-no-rj,,
970ee869c72747eeb83f71f3c533fab3,728,16103,https://yt3.ggpht.com/xxvlwYbJPtCTggRWGNW5Xq5iuMXUzFZjO8q1VqPe_6ZL9al0uPWBWYSmI-5mkF-a56OLISQBiw=s88-c-k-c0x00ffffff-no-rj,1579,https://static-cdn.jtvnw.net/jtv_user_pictures/9d551a91-3938-4919-be7a-d6c5fd4952d5-profile_image-300x300.png
9715832a3f2b4469a59c5d277aa4fc34,1050,25298,https://yt3.ggpht.com/jdXNfACmJNpV-fwBuImOKFikZGmTCmG_-6afkCUZDrlO-splAwZ4BS2y-fOIjFLiS6v8AiBkqQ=s88-c-k-c0x00ffffff-no-rj,,
971c91b32e9b4e1abfdafe711cb9e440,920,39010,https://yt3.ggpht.com/_0ETrhZ00J3Al0aqW9gFZPImeEOnjOzjqQoyJD_OHO1oEdBP5hHcO3fgCIbizqKsG-zq06ONVw=s88-c-k-c0x00ffffff-no-rj,,
975ec89d484d499aa1beece0c6731a15,249,11593,https://yt3.ggpht.com/MiQztonerQ4V3LZNtDKdYFt1t6JxtzFvpD4x59ym7RJXUpsONuaKTh1BnO4Xouijdq-mr_s3Dg=s88-c-k-c0x00ffffff-no-rj,,
9760ffdb528f40a7bd010589f2ce06c4,606,27336,https://yt3.ggpht.com/UR327twj9Tj-kv8-mKGE64kGbS_vETZgKxcL3CDggKwLt6ipeNDcT5zi0qQDCbxNf-ftWDbYvw=s88-c-k-c0x00ffffff-no-rj,727,https://static-cdn.jtvnw.net/jtv_user_pictures/ff912b1e-ad30-4719-bc22-2302cde6a1f2-profile_image-300x300.png
9767904fedef42febaa98e9162973356,2040,406776,https://yt3.ggpht.com/UF7qP7GYRki1K4Zw9Yc6uJWwwQhqk0ATzBW9X7I-lNP1_q6J1mNDWbmvUJFySYp2oF2soD64=s88-c-k-c0x00ffffff-no-rj,,
976e0cf401784d3f874dc85b2b2c5839,8420,407163,https://yt3.ggpht.com/RRiX4cfmts9BE4ATy-56UKszQaXzIA48Ia1kV32-zc7QkuwLi1R40ZrEiIh7t1XYm3VjZPXWbg=s88-c-k-c0x00ffffff-no-rj,1954,https://static-cdn.jtvnw.net/jtv_user_pictures/3a97670f-0d16-4f45-90d0-f35748877b49-profile_image-300x300.png
97cb83f1afcc4dd083f2f89f12477014,3590,12993,https://yt3.ggpht.com/yiMEDyh1FZRlt8112DfWmfPG4qCEK_Tpz8TbLQDq5KQKB8jTybckskaA3-7tXx0BSYQC620z9Lc=s88-c-k-c0x00ffffff-no-rj,,
9814a60f7b004019a6e3ab7b2520a7c2,181,4080,https://yt3.ggpht.com/wmrMml4Op-ARFiyWpw-N2QUJ6-arbnC_E128-cZwrOegyE794TNHy0kZP232xyeDaPbFV5K7Iw=s88-c-k-c0x00ffffff-no-rj,55,https://static-cdn.jtvnw.net/jtv_user_pictures/3c37e48c-0f02-4078-b6f1-fbfd4a1f7734-profile_image-300x300.png
98181ce64b3d45a9aa295c446e1bae9e,1440,8433,https://yt3.ggpht.com/ulnZKqP906rwVPck0XNOgsRflrqUKjVYVDbjA83ikSysamG5z0HNZX3FrGMg-up4S1gdKW87nA=s88-c-k-c0x00ffffff-no-rj,52,https://static-cdn.jtvnw.net/jtv_user_pictures/dfecd2dd-28b2-4a6c-92e0-a09d5fcf4a22-profile_image-300x300.png
98187e2cc8c34f5d8e0853bffc1a30c9,4250,125305,https://yt3.ggpht.com/GWSVwqER7tUC7HpVN7IiqlLcOiJFv0SKE2JvEuQ360GMPF7rCbcK8R5rWJ2-Piwa6Toyd283VQ=s88-c-k-c0x00ffffff-no-rj,,
982c25ae5cee423fb4bd95c881a6e6ad,203,3326,https://yt3.ggpht.com/voAzkwvQWYD-pqEQ3BWpVH-05veXWgrLdke2citdsN_RIlkyN2kJiAEmLRZBswrgayrB9QFJswQ=s88-c-k-c0x00ffffff-no-rj,,
985e77a95dcc46e38b513ab638c5ed25,141,7765,https://yt3.ggpht.com/6EWBZvP-1hg_PrdYlUWQw_9gxb__zwOa2Nmz9ukJRJpln-XGBjgxTZ3iDm6JfbdI9U3n3z0cQXs=s88-c-k-c0x00ffffff-no-rj,509,https://static-cdn.jtvnw.net/jtv_user_pictures/a5a4b56d-4200-49a2-9040-3a58ebb1683e-profile_image-300x300.jpeg
98619914a2eb4b07bd6bc0a02066e455,173,5469,https://yt3.ggpht.com/ozbGG-_bUiw82VltONpeBK2PNE7jS_gl0VDyoaycL3CA_JQ49FFgn7knHB9jgth665Z8JfJa=s88-c-k-c0x00ffffff-no-rj,924,https://static-cdn.jtvnw.net/jtv_user_pictures/06d49cc8-8f81-40f8-bab2-450a4af23bce-profile_image-300x300.png
9870111c23124c19a12de7bbdeb8abc1,579,9190,https://yt3.ggpht.com/ScOJSkU-FTIZaBp46T8B7Y853fRf7wH9GkKiigu8khRElmoLvw1jyf95IiTfD06O1e0qadlP1QE=s88-c-k-c0x00ffffff-no-rj,,
988d1a83ff6c4f82af6be42946987c36,2640,28633,https://yt3.ggpht.com/bpCMQPDWlLSh_mahFMI9ChFJNxTvMu-H9W2k9v96afkJ_uo8yaLPe3vCU9oYujRcrFK6YFtaWw=s88-c-k-c0x00ffffff-no-rj,,
9895652479d04e30af5add19b08058e2,68,5224,https://yt3.ggpht.com/_YEwqyDcdz1YG7_Eg_5moUMYcSw-6yaCsAEbZMFiARUSRu_sdtZh7YYrs5WjINLY8LFUl1fL=s88-c-k-c0x00ffffff-no-rj,248,https://static-cdn.jtvnw.net/jtv_user_pictures/9b459a2f-c0b9-4f07-9260-53602162e36e-profile_image-300x300.png
98c577d538f84d75a3c34e0f9d13c8a3,157,6473,https://yt3.ggpht.com/hstMsmj_M9BLlaz5MuasNUndDDNkGAj_r_Vkg_lVf1XMGpO8zGPD4A-E4eHyItDlPQ81Yp9PHw=s88-c-k-c0x00ffffff-no-rj,180,https://static-cdn.jtvnw.net/jtv_user_pictures/61a94188-87c1-4006-8515-858653901ba2-profile_image-300x300.png
98e3a5838fec4a6caa936ae35485de23,95600,6561882,https://yt3.ggpht.com/1497j-LNxZ-tAVD0xIbEK1S9o-SejrEjyKg75diC03Zd0dXjilpTwCrnfB865utv-SWiCZC6sw=s88-c-k-c0x00ffffff-no-rj,,
98fd913e544f4725afdd28ad05f3e737,132,10476,https://yt3.ggpht.com/BHEtVZgE6-TR9_aSlH78KMjJ8YCo6P06mnmFRK1Bh2iihl5VIC1CRar-hz6A1jgSkDAUpt0hlGc=s88-c-k-c0x00ffffff-no-rj,,
993abf9d9dd84cccae3b8cbba00df320,3160,141513,https://yt3.ggpht.com/4U3Yydq8pIpKcoCrhBm_I6hXq8PUqccyjYdcANTV56wRxLbpTCXD2RaBtZD9FEy1MmcrC05y=s88-c-k-c0x00ffffff-no-rj,,
993f7baff5d24cf69d077e30f7fd1a9d,442,21492,https://yt3.ggpht.com/-ABkB9r1ipH0fzQ7l4u9_a5j5TVZtbKdJhgsvJeNha6eyPvGaXACHO7LvALrn2rMvuKsUFFRFUE=s88-c-k-c0x00ffffff-no-rj,,
994fcc5db40840ae990cf1ce43728548,434,12221,https://yt3.ggpht.com/7puODZfb9dmNvDu_KuShoAKzSf-GObBT47CmjQhA1eYxvTlYokkowtCVpikPabbfPM4VvUWA=s88-c-k-c0x00ffffff-no-rj,,
9959d43cae9b49dbbcd666f742322b4a,474,21061,https://yt3.ggpht.com/uQL9KwyOD4iURYdvg_RTTVtvWF9JxGK8dMlvn5SefYSP7pUjKPowgL1uWkqOL4xpLAST7Mi10t4=s88-c-k-c0x00ffffff-no-rj,543,https://static-cdn.jtvnw.net/jtv_user_pictures/b327c3f7-1f68-4c23-aadb-26986e416e11-profile_image-300x300.png
995bff308e7f4df3aa33305fc0ddde8e,948,38042,https://yt3.ggpht.com/3Gi3UkYiybSsqWW0rInnuVLNh9D9BQMCQUaHLev0kjBfHj3tyqUKRv6teqnXYt6OTZ8buRBU9Q=s88-c-k-c0x00ffffff-no-rj,,
99cc071a06b949bf8515609757fa9d7e,4000,163463,https://yt3.ggpht.com/ytc/AIdro_kiMhpLPCaZ1oP1A-AaaoRSaNJtKavHhHOxhPly_ljV3Q=s88-c-k-c0x00ffffff-no-rj,487,https://static-cdn.jtvnw.net/jtv_user_pictures/2215d0e4-f3ee-4edb-b312-afe66ea78e51-profile_image-300x300.png
99d1a2e0c8c047d2ad998e02d4dd9621,3030,97189,https://yt3.ggpht.com/v4izwHfMCN5kFHkcUVgaCrv4zUEk0Tryd2FONJ7RTx_YBwDBSg9X_ZpTDrR_oQthozICTg4SXw=s88-c-k-c0x00ffffff-no-rj,,
99e291fd358849b8877df76fba0a672e,10000,462414,https://yt3.ggpht.com/kB27fB0LDqwLy3L-QKkL6kOYMo-Zz1dzXlwBzXde605F0m8nBJKOIfgu0LN6fhWdSfMESCYxO1w=s88-c-k-c0x00ffffff-no-rj,,
99e9616a2f73426d8c0a672dd20d9ad3,1070,181539,https://yt3.ggpht.com/Pfwgpjl15jZNuhbSN-s3T9Vndo8zBO2l1yveo_b7jrynfVrDFIajPsue0Lev8AMl8xq6g44zTA=s88-c-k-c0x00ffffff-no-rj,62,https://static-cdn.jtvnw.net/jtv_user_pictures/7423d236-3461-4685-860d-1d3e4a3f245f-profile_image-300x300.png
99f6f80397b34d0b9a0cfd40f3801a35,36900,770175,https://yt3.ggpht.com/WzHBMsLQkqQnO3cUQUUdjOZs-eOi1oEVnIkFraY91vxhJVAcnEmOMHQ1vwlU00QScNJUG-g6=s88-c-k-c0x00ffffff-no-rj,18037,https://static-cdn.jtvnw.net/jtv_user_pictures/0aee2bd7-a20c-440e-bdda-d6929ccf210d-profile_image-300x300.png
99f95450781349058c1c4098d6fe9f41,782,27397,https://yt3.ggpht.com/ROm1h0JTNWfFH8XSYdk895EKcKFCmBunra6gae_B-HccBOKPbW736HxGQ8alJ7oZk_CDaFZpHQ=s88-c-k-c0x00ffffff-no-rj,,
9a496e9b261f401dba4991a9f4c7048e,6980,187890,https://yt3.ggpht.com/EiMe7nAGlKcZtJpJrV10017dNovp01JY7Oh3R6U9ax_FcuAaQV0on9CN2nQxhIMMgKPEgUcR=s88-c-k-c0x00ffffff-no-rj,,
9a6937dfa24a4c0aa2233c83284be939,127,4389,https://yt3.ggpht.com/IQJbq0FmAmWM-VL6ST7yFZSjrSbyNES-p6I8vc4Ddn96-Pw6_gSRizI08E86ILOtNMhcn1QD2A=s88-c-k-c0x00ffffff-no-rj,,
9a7b047b85ae4227af74a0e200c3abc9,27,518,https://yt3.ggpht.com/-j_7FMfKzq__1AFRipU78VXWt32qr6dROGkpPAehV9CZcKiqPTYDhibFtNWFVqgnlyQvHJ2X=s88-c-k-c0x00ffffff-no-rj,430,https://static-cdn.jtvnw.net/jtv_user_pictures/7197166e-aafd-4803-a026-f37366409ed4-profile_image-300x300.png
9a7b7c9c31da44aca5a68395a2e69488,1200,558605,https://yt3.ggpht.com/gCBNmqp4hSiKHyBAEy8hyKoS2irAWwAt8yWVco_hqYYSJcWHNuc8-Y_7CugM6gWsCuM9Oz04bQ=s88-c-k-c0x00ffffff-no-rj,97,https://static-cdn.jtvnw.net/jtv_user_pictures/dd79dc87-744d-4f0b-9b3d-ce42e374e72b-profile_image-300x300.png
9abd60c00f0f412b978a2398b13ac4e8,300,37605,https://yt3.ggpht.com/ba8yPTUbJkacunPVd2OZJ36jNRnmgmu-mrMWMcFnjQxaI_C1uIr1ANELXaBh7Cidn9w4GzQk=s88-c-k-c0x00ffffff-no-rj,,
9ad37d3249e24861bc8cb84368883258,2680,101206,https://yt3.ggpht.com/XwGziyL6DSAzQRgUAd2W1CxLz6cVQ_xeLG5xwScGXkmS3UKHtFEiepjkgUoSggdLLj6biTAk=s88-c-k-c0x00ffffff-no-rj,,
9af7c10c618844f08a327d38753124bd,25600,722851,https://yt3.ggpht.com/P0mluunRC8GbeEfqsC736ZZqMitpyAjuhKPuJ9IpEajtiGcSZKxZ2k3H6o4BxfFoA5l7LeJ_=s88-c-k-c0x00ffffff-no-rj,12672,https://static-cdn.jtvnw.net/jtv_user_pictures/a6b7fcc0-ebe1-406a-bb01-91b5311cc880-profile_image-300x300.png
9b11be3138284ff3904d3292d6aaa284,4760,216526,https://yt3.ggpht.com/5EYyPvlJUtZ21vfFlyoo0x1tpnPcA6blg8bAxu_f73U8JX-8IkZ4c9egsi9Y2ROCjPUPBHTd5g=s88-c-k-c0x00ffffff-no-rj,,
9b2c7b20d02241b3b82492a5e78a71c0,1540,92080,https://yt3.ggpht.com/cEk8TKZzAo1IqKluRcalH22ZR4iU-kiXcdENifG6xFzRh4xBg4Q7IKY7HNlOmLXs18gKq2mu-w=s88-c-k-c0x00ffffff-no-rj,,
9b33b75521bd43bca3346790ac65559c,6260,1215356,https://yt3.ggpht.com/NTUldeAcY27omFF1uqf2zVjnRsfLTkP0q1ckeLirVrFLBNqu_ub5qPda1Ogg3HjdfKxay4l2pQ=s88-c-k-c0x00ffffff-no-rj,7778,https://static-cdn.jtvnw.net/jtv_user_pictures/b9970d8e-2229-4d04-ad22-0328d4e0ebe1-profile_image-300x300.png
9b424d3a99ef4fc3b17bc7fef92fefd3,695,10021,https://yt3.ggpht.com/u1z8xxrNrkrTndYZXNCx84mrl4XucM8ggUWEHSUY4LfYS33So35p2xCwPuHdUogZl4ndIi7X=s88-c-k-c0x00ffffff-no-rj,360,https://static-cdn.jtvnw.net/jtv_user_pictures/ec53b33d-1a76-4b43-9f22-014a7f2da518-profile_image-300x300.png
9b5ec085252a4f6e9ba04cac0ad49e65,1040,55037,https://yt3.ggpht.com/Hny9Gcyu7vv0hUBQp5pDOv1X_8ZzdATC3qTecXLGRYPcht0TzfbKhHMCqLSP7EK3-vEpDhVF-w=s88-c-k-c0x00ffffff-no-rj,2463,https://static-cdn.jtvnw.net/jtv_user_pictures/08782614-7130-40c3-b5a6-69f70d177143-profile_image-300x300.png
9b64082043fc451f9dd5edc793fa8605,669,7033,https://yt3.ggpht.com/1-Jx_qpJ6jdcLw8rL3bTl4iy-po81_nhEhIctmbirafavpXpBoSt0YXQ0w_xzRWv0SxihOv4t5s=s88-c-k-c0x00ffffff-no-rj,972,https://static-cdn.jtvnw.net/jtv_user_pictures/16c52a06-a69b-4a39-a05f-65d893fe91c3-profile_image-300x300.png
9b8fe3ac0f30473f87290d314dfda74e,2280,31825,https://yt3.ggpht.com/eLsYa9iGxHondhWB8AGzUevKSvAL-_0uRZIz2qIz9hzjThL-Mu_MQO1gvNTfeGAIOG1uhCVq=s88-c-k-c0x00ffffff-no-rj,,
9b9409f309a54c54bf6225f43eae1167,90,2259,https://yt3.ggpht.com/cUld2ZFc3Isu5sMG8ADGcIc2gTm7dnRx4TpB_Txr5e5cxJYN53R5Iqr989IQm-xLCKfAsvA3=s88-c-k-c0x00ffffff-no-rj,1617,https://static-cdn.jtvnw.net/jtv_user_pictures/901ead36-edc1-48d3-a471-dbdce9ff3c11-profile_image-300x300.png
9bb20f60d5c440d39eb4f14fbe48a296,451,6837,https://yt3.ggpht.com/-NKd7hahvpc1WwdL8nsphxbKEuAHICkwkFtiD74vqWAcwiDMWbuT-15u5gLVeMOqV5drKgYN8Tw=s88-c-k-c0x00ffffff-no-rj,,
9bd9d680d6cf48d1a7171430f286fcb1,381,13810,https://yt3.ggpht.com/A9r6fKCB_P_d8bHNgSLvzeAo0QNhGMcVPZiyfPZ7Wfv_eE-fpcZM_laLOurCqlxiqrJcRqCiFg=s88-c-k-c0x00ffffff-no-rj,,
9be037b96ffa41c9a080edf332650649,1640,64338,https://yt3.ggpht.com/Tw86BWq02LoOjPtB8sIJUIKIDTptVu0MHmFhj1Chv3PBenE7TeBdwvKjl-kMv0djCz0lwjwt=s88-c-k-c0x00ffffff-no-rj,,
9be839573d1a4944a93740ca42fa65d4,102,4561,https://yt3.ggpht.com/lYabbvjnW9s2-nsauMyjSqbVmGYlj9FnQaCSGuxSYKfzWZkd6_zrOwsAq0DVTgTNXMUEF91O=s88-c-k-c0x00ffffff-no-rj,791,https://static-cdn.jtvnw.net/jtv_user_pictures/b740730b-e86e-4bc6-a10a-254d1c9535d4-profile_image-300x300.png
9bef8e0d321d4dab973b7e98443937ea,,,,339,https://static-cdn.jtvnw.net/jtv_user_pictures/b056326a-8da3-499f-9905-65a610700a14-profile_image-300x300.png
9bf758b113b048bc9331f244b619e4b2,1000,62298,https://yt3.ggpht.com/-Ilu7HesF7lzjQ-WPNwe1HjnhCW8lfb4OxC42IYuu13X6nYGTy0NdY9acfGFVJO64Ox7-mS76w=s88-c-k-c0x00ffffff-no-rj,232,https://static-cdn.jtvnw.net/jtv_user_pictures/890a3fb3-564d-499b-b1d3-606f4b1f509a-profile_image-300x300.png
9c0184b0f01a4af4a4c2c56139682fb9,1890,41192,https://yt3.ggpht.com/FrtFUp0ICMfqYcNpuABrtGRjMxpcvloqGZ9H6PLP1m8KiUt612wcfGMvbLx21lyddpJTH-24RQ=s88-c-k-c0x00ffffff-no-rj,,
9c64ee54cc094bf7931398eaf0c072d6,2780,157861,https://yt3.ggpht.com/H5fz7QGnV4I_RuirHKSCdtIA1BERK_WuLDMqwGveS6luUKcRPOyQZkvs4s1Z12eZ7C1WMuU7PQg=s88-c-k-c0x00ffffff-no-rj,1876,https://static-cdn.jtvnw.net/jtv_user_pictures/972df5de-0e4f-4404-99b6-d5fa8cca504e-profile_image-300x300.png
9c85aee2166449c395c18b0bc06f89e2,,,,359,https://static-cdn.jtvnw.net/jtv_user_pictures/bdc27ab4-cd46-414b-a2b2-8b79d52cec03-profile_image-300x300.png
9c913230c732455c9604dae9ebcfa64e,2310,20872,https://yt3.ggpht.com/B5RM4wqX_2NgGda95VdHyOCK6IlgNzCX-ov38gdHftV34cOKBQFI6jMb3JO7dT7DeiFkYoXANw=s88-c-k-c0x00ffffff-no-rj,928,https://static-cdn.jtvnw.net/jtv_user_pictures/3d126cf2-4261-4b4b-9a44-091257d565d0-profile_image-300x300.png
9ca05592c52f42649191751f18cb70e6,,,,2295,https://static-cdn.jtvnw.net/jtv_user_pictures/6ed3e971-3b34-4b5e-b848-785f0ba47ad3-profile_image-300x300.png
9ca368e73d514656ade48dc946f55956,33200,4117724,https://yt3.ggpht.com/Ir2Aiy9pAHYF5UtLsSfnnLNrit8dd7162ht3ELOLY3tgAOkvzG3LKB30cTRdITW3QbW9o3tc=s88-c-k-c0x00ffffff-no-rj,7600,https://static-cdn.jtvnw.net/jtv_user_pictures/9664e46c-151c-4303-83c1-c930ddefe7a8-profile_image-300x300.png
9cd8c8962dd94213804603687f9b0f5d,9,0,https://yt3.ggpht.com/PeGAgtAaGh_LA1klJM1bNrxbOyfeSXo-zZxMLmLVZobGgYoU0fcGb2naVb6m9FrV6yXXNHDiDuU=s88-c-k-c0x00ffffff-no-rj,,
9cdf183fa1ee43c2906cca70884a6278,1260,22589,https://yt3.ggpht.com/d9F-U5kVq2aC_mS7w1-Wv8r1VRqhhjHupPFIQ60xcNjZhuCSbRsWm3EJOfW-CnnvCtlilWUNTjw=s88-c-k-c0x00ffffff-no-rj,,
9ceaafbe1a9a41bb9526b113354e03cc,3330,248706,https://yt3.ggpht.com/OesOP-tqMihQmOHaLAc0ST5dECCckhdoaWanCNHUhwYh-ZtwgV0DaySOTAIEBtWmmykQxxXm=s88-c-k-c0x00ffffff-no-rj,,
9cec24b011ee45648eb404066c997f49,88700,11786658,https://yt3.ggpht.com/ERIXHB1CQ-ubsR4NhKa2lw2pD5G1w4tvD8qGJuavL0PSYct_JfR02UyQRotyEU3zereeTYxXTA=s88-c-k-c0x00ffffff-no-rj,30238,https://static-cdn.jtvnw.net/jtv_user_pictures/e107c853-46a5-4bce-8716-e0beb4981051-profile_image-300x300.png
9cfe61128e134f8dad9bb6ebf568cd71,833,17951,https://yt3.ggpht.com/zBNh9h7lkHuhq6ZmWdml-TmwKqf_SIU1OapmhP4qLazWsiOIW8RhxJqtGwu1dCozq0qd-8I7L6c=s88-c-k-c0x00ffffff-no-rj,890,https://static-cdn.jtvnw.net/jtv_user_pictures/442b3516-014e-404b-95cf-5dc7ff9bd34d-profile_image-300x300.png
9d0fb5c59ea745f09934f3cfd932c393,5040,114792,https://yt3.ggpht.com/lw1uFOr_6PNLfmQpBiRKa6Jck-UpSo81UV4ciehEno74kSWiEaFQM7VjxA7n-MEcy6LgPGkO=s88-c-k-c0x00ffffff-no-rj,,
9d153fd60b584d31b600bca66a86e452,11100,556253,https://yt3.ggpht.com/vvFdFyg_ZIKF4LnjxUD3NJnI-NH8huTzgeImcTgQbBLfxCwK5ONdcy3Xs1-WMo-D3F5K_DvBeqM=s88-c-k-c0x00ffffff-no-rj,,
9d5365bf17564326a578781a38b72bea,287,0,https://yt3.ggpht.com/YQv5I0WwFFQwe_AGMnZ9usc6w2j9aQOQ7lF9dPkF3E51ztwyZw2kRWAzrDTs9BddZwMNAiidQw=s88-c-k-c0x00ffffff-no-rj,,
9d74c909706a450ea35c1777cac79e77,2700,226639,https://yt3.ggpht.com/ChmzxFGqs50SgNdvdiO36_o8jb3XZD5PN-qTKFj4TKb2ESzfBfaNYptJVCd5T6RRXlBY7AWETQ=s88-c-k-c0x00ffffff-no-rj,727,https://static-cdn.jtvnw.net/jtv_user_pictures/a828913c-2957-46f1-83ea-bd9fcd4b0376-profile_image-300x300.png
9d9c6477329245cbb2557895f4f15686,71500,4906197,https://yt3.ggpht.com/nvSBGO4ynSJTgsCj4h1UQqhhEo_Al4tBZOH35QZwwSXNFvRk4zgV4rJ5fHIM6_a5LmH97Te9Tw=s88-c-k-c0x00ffffff-no-rj,149319,https://static-cdn.jtvnw.net/jtv_user_pictures/5131b207-c469-4a02-9c3e-17634e5a880e-profile_image-300x300.png
9db6beb02e774aa7a97ba8674a5a8f9d,3670,74471,https://yt3.ggpht.com/cwOehiJarwTU7Zl1pJLa3uR8feqNZ6fLXMKgSiYKs8ZjFoPHomyAQ8tviL9DYBA5V81rmc6v6yE=s88-c-k-c0x00ffffff-no-rj,127,https://static-cdn.jtvnw.net/jtv_user_pictures/71d67ef9-f4a9-401a-95cb-0ab0be8d7cf9-profile_image-300x300.png
9de536d111214c379ec6969a52d92442,1310,64164,https://yt3.ggpht.com/ytc/AIdro_mJjXrLWwJxhf6UPuBbNOpf77bfe4hZoe1o9D9AmYRKmA=s88-c-k-c0x00ffffff-no-rj,,
9de74d9cd68f481396a3dbd76d529a24,1490,106219,https://yt3.ggpht.com/pp8oYm_rIEgWiw4sT1PSX5B6foNC-Pl3rv6RXlgeliH51ypTiVgVCLzz1BckVud-2HD49Kgr9g=s88-c-k-c0x00ffffff-no-rj,,
9deb096c2fb943a7ae7487bf25e28026,1260,70945,https://yt3.ggpht.com/S4BBnMZGG7hOANFHN3XsOUwLjzx177LBR_MvLus9eHlCufZrYvim-L-p7PF2-DQaq5rvEeGA=s88-c-k-c0x00ffffff-no-rj,1069,https://static-cdn.jtvnw.net/jtv_user_pictures/dc336f52-f705-4b33-838d-e8ce4e92f6a4-profile_image-300x300.png
9e05802075c343a3bf2778550d5157da,1450,49016,https://yt3.ggpht.com/jZgxxy7q2lK6d2ojQ9MF2IwM5SYqMUSGnNazOAizOHqgWY3BKwZkUiCjnjXKv0ADVlOrF7zRwQ=s88-c-k-c0x00ffffff-no-rj,,
9e213402f2f54c42866d4f62545921b4,4950,84205,https://yt3.ggpht.com/TsShZY2KQ99snl23wbSlS8IdFHEa9nP45xBKQKLQjY_wwcGpTkwFOwGM34JFwGbAZHWeiZalc74=s88-c-k-c0x00ffffff-no-rj,424,https://static-cdn.jtvnw.net/jtv_user_pictures/7b5e1771-b7a3-489f-9eb2-e21b8bf408dc-profile_image-300x300.png
9e3222bedec44f1a8fecdc237c020cbd,451,129445,https://yt3.ggpht.com/coZzCRKfxLgQTGBlLJ4DrU3W1wqERN-klJJEHOWmG96uTY_S1Eeirp-6Dxb6_qEusmxhvpR3iYo=s88-c-k-c0x00ffffff-no-rj,331,https://static-cdn.jtvnw.net/jtv_user_pictures/f18ca1dc-d37a-4d32-85c2-82b113dc7a2a-profile_image-300x300.png
9e3edec3eec54f49a065f1970471d473,4310,133381,https://yt3.ggpht.com/9rK2VON3d7e5KLptAQpbdl9gTEnuS7HpUxPeUpos1USdF6sqg1U2k-HWPP0v_RtMaPLiN-Gs=s88-c-k-c0x00ffffff-no-rj,794,https://static-cdn.jtvnw.net/jtv_user_pictures/d05fd327-3a86-42de-a462-52c3e0709713-profile_image-300x300.png
9e5e58a212584007b1ab1f22f5c59438,1280,87472,https://yt3.ggpht.com/CQbirEsJZf2ePQW9UixDiECuqjOFL54mbAKOnaZmg__EfcftvNPb7-9Eche_UVV4pKGwXXYg=s88-c-k-c0x00ffffff-no-rj,,
9e64bba43928414884503de36f805c48,,,,26767,https://static-cdn.jtvnw.net/jtv_user_pictures/5776408d-b100-4fbe-bd08-94711528b891-profile_image-300x300.png
9e6e69bfb48e4be0a8eecc737a6a0ba1,1310,48,https://yt3.ggpht.com/yd1w2aff976ISsMYzeR4RE0TUoZEKES5LV-FKgbOOeWjsGLtWuI4nE7vYktqxh6xUUMh_08bJA=s88-c-k-c0x00ffffff-no-rj,254,https://static-cdn.jtvnw.net/jtv_user_pictures/a22d928f-8757-4943-ad74-0c2ec8d17b0a-profile_image-300x300.png
9ee3c9b53c0048329175370a5868300b,388,34987,https://yt3.ggpht.com/gv7TjHPwxvFggXwme14HWslyTWwKJqulxnjQAkEN4QZPxwEchalE8dYuMHX_13uAsUHvF9eit2k=s88-c-k-c0x00ffffff-no-rj,,
9ee558b898964252a06e2c423f8d58ad,256,0,https://yt3.ggpht.com/QYVWSPLNPozFuLLJiXtqTsLBPBGC0W3LUKdRLzBejPnEPfvwPeldsbH2wVG5HJODLISniT5UuQ=s88-c-k-c0x00ffffff-no-rj,,
9ef5ec69554f46e887a9ac0fe54b4f41,2220,83190,https://yt3.ggpht.com/H5hOMDCbd2I4KGY8mh96nw5uMGr6Fk1znxLU6JOcsSwd44WEDConWpCZw4tsYjkz6a3rRBa_HKI=s88-c-k-c0x00ffffff-no-rj,,
9efea510313f4733b4d0b5e3cfb6988b,1850,395511,https://yt3.ggpht.com/-T8jO0dt3q3fKvlmB4mNZLagHZLZIAmLTSHL5JuTdcNr0Qaz1kZ8E9FxsbYM8t7GOz6plixI=s88-c-k-c0x00ffffff-no-rj,,
9f649d90164140bdb0e38f7e835c183b,17600,392411,https://yt3.ggpht.com/sqXtkfVUoV8RHJm-qWWhlVkvZos4xLbWKJIJ5fZIrwHWnD4WqbKQ_EGtRA2Il28Ev5TyQREueg=s88-c-k-c0x00ffffff-no-rj,,
9f68c1ebda2041c9a221d47733e3cab9,26,951,https://yt3.ggpht.com/ytc/AIdro_mAgDxNqVzPnIJFhvcbCcxQ82y93ZPSCVgdqAGTHGIKNA=s88-c-k-c0x00ffffff-no-rj,,
9f6a577ab2ab4beba810a02fffc98cee,3740,229644,https://yt3.ggpht.com/R8-LVboVPBMHanUedBHiUi09qWGhA_gYDexFrhdDryvITVBad73347h9Aa01AEYUJw3Fci0lcg=s88-c-k-c0x00ffffff-no-rj,,
9f7bf6b3d935460e83896a0fe28012e9,516,2694,https://yt3.ggpht.com/2QfbPNMVHKqjS9M4eAEo0ctPSGiA2nwuOQDY-Fpmves95htlOLukf4hcRxfD1qk17KdJWVJvxQ=s88-c-k-c0x00ffffff-no-rj,745,https://static-cdn.jtvnw.net/jtv_user_pictures/d2f1d767-7327-4896-bae3-71f0009baae8-profile_image-300x300.png
9fb51e14ba1c499eb6383a7a166a4d52,1210,7746,https://yt3.ggpht.com/zs1QdD3lz7aMyUT1xcRYmJsKIwjmXwKUtMqAANOaykyd5XagEvG-95NXjgUK6c5f6ZlFcSZu3g=s88-c-k-c0x00ffffff-no-rj,,
9fb9fe13bf124da3a1affb24c5bba5e2,820,27520,https://yt3.ggpht.com/vDfQ1y_UTfU-02NG0Z7jyKtuvBRo0mTThv_UAoLJKAKnN56-zdx1cUBzR1ggr2T_e9vHW8fp=s88-c-k-c0x00ffffff-no-rj,,
9ff652451cbd4ad098bf20dd9748ce12,38,899,https://yt3.ggpht.com/P4mJDEHeQLRCl4_bJDDnLUEyy7f61T0w3imW9Dwsf-Nb2GUjBxPz8_dtrqlNDVTYIOh2Jmi6xw=s88-c-k-c0x00ffffff-no-rj,2148,https://static-cdn.jtvnw.net/jtv_user_pictures/39210e1b-43cb-4783-b7d5-7a9dbd9f60bc-profile_image-300x300.png
a000aa1d3ea7489c993277d33ab2457e,43700,2816152,https://yt3.ggpht.com/17IpxF9pc7RZCctF9p9UXsv9u76gB0RW8ci-IKUvEcoL7lxxPAmSNAvdlzILrvhhMQnopl3C=s88-c-k-c0x00ffffff-no-rj,15018,https://static-cdn.jtvnw.net/jtv_user_pictures/723e60a4-3319-49bd-b13d-39e0d952ce04-profile_image-300x300.png
a00240316f524d218d889d00a8b42721,582,52366,https://yt3.ggpht.com/tcMqCW4LBwTAP575tMu4vl7x2KUyoxdqNzSYJ6zzjWluJ0KTvLe0BHmW0aE3P201iMWZhQG2=s88-c-k-c0x00ffffff-no-rj,,
a0467c81a3014fbf83029acffe5b1d3f,693,12028,https://yt3.ggpht.com/ytc/AIdro_m97nNrKe6IaHaJ4NCr0WjY9mrwqF70vOp0ERce9wSTNSA=s88-c-k-c0x00ffffff-no-rj,1161,https://static-cdn.jtvnw.net/jtv_user_pictures/ce6ddf20-b69b-4e6d-895e-75cf145aa497-profile_image-300x300.png
a052e4ff345b41919ab0f13a5b10ff02,4360,220540,https://yt3.ggpht.com/NrVcDAMrkmPUDleuhbHVQtbwYcLrXZbUf41HhKMKC7S1J1jG1nexqWZHG7xEW4RkpO-7GBNC_r0=s88-c-k-c0x00ffffff-no-rj,1898,https://static-cdn.jtvnw.net/jtv_user_pictures/b431fb63-22a7-4a99-b1d3-1decb6c56cb2-profile_image-300x300.png
a060cd640cf44c2bb8d78d8ff2411e68,17100,384307,https://yt3.ggpht.com/P-GGdwqRF0JcvlHEr6dejRfj4-EYiQVQynm7G2FqpcVUBEtfsILehMMceSXYUa_vGENq6InPtQ=s88-c-k-c0x00ffffff-no-rj,,
a091320108954092a07650dd8a31a451,252,11352,https://yt3.ggpht.com/BEHGQ-A4KMALxxqH1nRZzig9IOrUiNCrWnkYTRf2h4c9fnd-OfCoBvVgXBG2qBE0P5gaKBMm-A=s88-c-k-c0x00ffffff-no-rj,,
a09298c0b6ab4dcda7cfe945f47f445f,1210,30064,https://yt3.ggpht.com/Oe05cpFvy5u-q-situNM7mADEvIJZLitOsOJ50kfcvSh1wVHlyykoTSlTNYItZSs5o0OYeMQkA=s88-c-k-c0x00ffffff-no-rj,,
a0b5f8b54a534dfcb66154002e97e4cc,163,0,https://yt3.ggpht.com/gNMmFmUrtwe6FzfwcHLCVfzyPkpGgXLTAZwIPwXD2ggqyqp0HLyWp7fibpA2XlBgDIRGqFAr3w=s88-c-k-c0x00ffffff-no-rj,148,https://static-cdn.jtvnw.net/jtv_user_pictures/39737ae4-c12d-4ce5-80b9-3bfd92b5ec7c-profile_image-300x300.png
a0ba9fee8a7747cab74e98ed61fb4a68,,,,763,https://static-cdn.jtvnw.net/jtv_user_pictures/7e907350-a67c-4850-a8ea-c7ce42a35946-profile_image-300x300.png
a0c76cedf0e346a18586077a38f302d8,2550,99854,https://yt3.ggpht.com/vNCLVkMuSaQrJoGTMWz5xULSH32jPxsSZgiX-Od6geUOspTxKKHYBPt06M6X-kzRqy7kaNIEkg=s88-c-k-c0x00ffffff-no-rj,156,https://static-cdn.jtvnw.net/jtv_user_pictures/e1f3e894-84f1-468b-acce-647bccb6d8e1-profile_image-300x300.png
a0d4fad2fd3d4e4981947642a9dbafc4,25300,801417,https://yt3.ggpht.com/o1W9Qu7Kauht1i7XhKVs3z2tGvqni7sGBUhFIT7R_Fb87vg7GgNNyhvV2tnY7AlgRA5KVMhLoQ=s88-c-k-c0x00ffffff-no-rj,4582,https://static-cdn.jtvnw.net/jtv_user_pictures/3546cffb-6e11-4ccd-b7b2-c25fce5b7bb2-profile_image-300x300.png
a0dbf7095446402ea77b11d8cced5a4b,688,17443,https://yt3.ggpht.com/OASi5Rk-PnGvJQvoWxwBeZfG0ek5haX2I3qYjHIR1EhJNYe0LCRpgBzQmcTpQZpx8UFsECaiF3k=s88-c-k-c0x00ffffff-no-rj,,
a0e2f9b9f851401bbd1736189d4b69b1,3880,88373,https://yt3.ggpht.com/9zQCYJQEZskFugtG6V-J5ln0BalFbs_mrGs7j9ssa8a3k-j8gSzDXIqIBvoXtUdQ9RjnWX0Now=s88-c-k-c0x00ffffff-no-rj,,
a0f657e0538e4269af88094fa1c3dacb,925,14938,https://yt3.ggpht.com/BxltlhfGZR8kzOSMd1dSkoj7vDUFM-bUFwV9goaP64vwNg7mahVlZK2KAb3kOB1A8JvMWHwQBQ=s88-c-k-c0x00ffffff-no-rj,,
a112fc34dd9944a5a15f50c1c078aa3e,1510,99216,https://yt3.ggpht.com/xuibqMKPvycsgecW_u9oR_sgbl7ZBjyXzPsB66-jNr2Uz8ufUvfHaydftP8B8VU0QSnblgi629w=s88-c-k-c0x00ffffff-no-rj,,
a11814b8fb494b0c88170f182aa37cf9,10300,309928,https://yt3.ggpht.com/cgXtr50R_0V9yn4at3YFmSrydJIclvqbf5VYJLtC9Bhauh2yFBsHwDPlOUHwITyu13qX7oGB=s88-c-k-c0x00ffffff-no-rj,,
a127ff7335ae467d961641bcf84f1e2f,91,6642,https://yt3.ggpht.com/IQ-cxFrrTwafLS8F6sJvoPLv_ecUu-21sgv0d31FYztOUQODEBW9LZrZ6ONCYQtEi16qPJ39Nw=s88-c-k-c0x00ffffff-no-rj,2020,https://static-cdn.jtvnw.net/jtv_user_pictures/999c4596-192e-43f9-b028-0b8cf5b72674-profile_image-300x300.png
a13421f0201540ecaccd5c207b15c425,287,13408,https://yt3.ggpht.com/lEpHEwXDpuh0GrVHVHz_rIHMInioqiSOTQ1v9twZYb3nlG9pjpc1aZgzw3CSQhIe2ZxdB__2ig=s88-c-k-c0x00ffffff-no-rj,,
a1470eec8f9349668adfbad2f25329b1,5390,928,https://yt3.ggpht.com/b6YxOECFDJBwgVKfbcOTKcrjhZA9AgQnAUL7oLNMk9SBR6ua8eGI9ZhhZbI2aNMRWc9tUV3Z=s88-c-k-c0x00ffffff-no-rj,1489,https://static-cdn.jtvnw.net/jtv_user_pictures/a2d89245-2635-46fe-8061-e27841e8d402-profile_image-300x300.png
a16471805f7f44f88237b42c79b9f3a2,240,8046,https://yt3.ggpht.com/ov_yuB7h-xXQlHkY5RgqioOOKO2Gy5EXN0nT9F3KBpsDCH0C90QobAOOei63GNPksxXdXlSH4w=s88-c-k-c0x00ffffff-no-rj,,
a168211aa3dd451cb33e09b80df0ea0a,10200,259504,https://yt3.ggpht.com/WaNt6XUwitRuvDjd4WIhvQchDnW_qUFTGKR0CPlGW8W6Nj_xBsWAKKF5XPDCjqyEuR8riJECeQ=s88-c-k-c0x00ffffff-no-rj,513,https://static-cdn.jtvnw.net/jtv_user_pictures/148c4b63-8f88-49a6-89f4-e97fe68577d1-profile_image-300x300.jpeg
a17fcdf32a124beba3fba16299aed2b3,,,,7586,https://static-cdn.jtvnw.net/jtv_user_pictures/651b653c-859e-4e2b-b93b-821d229f826b-profile_image-300x300.png
a1880ae475fe44fc92760277c3f850ed,746,6449,https://yt3.ggpht.com/ytc/AIdro_k25_68MAQIBavZLoyfZEFkYICA2sVD0SiRRpBAtzGe7w=s88-c-k-c0x00ffffff-no-rj,590,https://static-cdn.jtvnw.net/jtv_user_pictures/02be58d3-1fd9-4d5d-9ca2-3722e263d97c-profile_image-300x300.png
a188f157d0384e0db5ae73605240d68b,4400,215975,https://yt3.ggpht.com/QAnlng15GltKNsid7JfIQuiBlL5ODCSTcbkTXyykfhLJ743eN8MFZIyiSBn1Yp7TlzOLzrR5IQ=s88-c-k-c0x00ffffff-no-rj,312,https://static-cdn.jtvnw.net/jtv_user_pictures/e3da5720-62be-489b-84b7-85cf65311293-profile_image-300x300.png
a1a4762aa1eb4d95be1c0c7a528a8336,90,3722,https://yt3.ggpht.com/OhNF1Iu3qOgjE5R2AOKD_bcXm_NGJVqP1tvLxvQbZcE-nHhDKo8S7Ogfc8DxQuZFAzF78vJswg=s88-c-k-c0x00ffffff-no-rj,1432,https://static-cdn.jtvnw.net/jtv_user_pictures/09c82661-2f6e-4dd5-bae5-f9080c864481-profile_image-300x300.png
a1d00cd951ed45afb01e1668dfae6592,624,7934,https://yt3.ggpht.com/PpqejQHAyNQB-MGCtXg4TxtOM0QPaCZO6HrIxHT4nWw3-m7IzyVitSaeTDrID4Lfg6W-UkLMVQ4=s88-c-k-c0x00ffffff-no-rj,,
a1d3d37caa68474288b903f309db32a1,120,7565,https://yt3.ggpht.com/y1jMC4lGZEosyKqUvxfTr4pTEen-ly1bdWtlypXm24OsfDoFqR_D-Zsi8Tjsr_85IorBo3SwVJA=s88-c-k-c0x00ffffff-no-rj,,
a1ef171711404951a987f4c9bc5e64f0,856,45979,https://yt3.ggpht.com/NYJ_r4UBkzfR6bP35W780crkAHsol495I0SRscr-UO5KRpREqKr9OswPUEbSCmgSlwmXoWaH=s88-c-k-c0x00ffffff-no-rj,,
a2188c1a225e4f93a64e3385fa02d779,1150,56262,https://yt3.ggpht.com/vVl5BAutBUve-PcfbLcWz1Q_Pe5ukskKSKtoyUDruIlIJZI74hz1Wrb13OxCEOhTRaaZ5o0TEg=s88-c-k-c0x00ffffff-no-rj,,
a22035a68721415e830d1d7b8ffd172d,756,9476,https://yt3.ggpht.com/gxm5efLhPRrnp3yxMiu861ga7r7eADFD1bFtbsKYl43BYWqO4lDCM-QPGjcHHoRbFQvJZ5Gt=s88-c-k-c0x00ffffff-no-rj,1819,https://static-cdn.jtvnw.net/jtv_user_pictures/a7a465ee-e43f-440c-a308-b1c2a8d28c5b-profile_image-300x300.png
a22d4c8d3bc94bb1ac4b3e672dfa0f91,209,0,https://yt3.ggpht.com/WbOC9vWLjStsZ7uttqiw_S2ud5l_9LuRpCutdJOudGGI8nbUcTvUwCsQiYpW-iLUezBze8bD=s88-c-k-c0x00ffffff-no-rj,,
a24116ba22c84747818b7be8cd8eb733,237,6550,https://yt3.ggpht.com/HyVOWmbym3IpM0Ze0PLvPdEK_WISkHyWi0PK1EEQ1hyMQ7P4WDKzWNLGj3ZPfVVCXi4RzL4X_jY=s88-c-k-c0x00ffffff-no-rj,283,https://static-cdn.jtvnw.net/jtv_user_pictures/5ed0b051-7072-4925-9d46-95a1fdecde0e-profile_image-300x300.png
a246e7561e5f40799a48eeca69951b7b,3420,150843,https://yt3.ggpht.com/QvlBAdh5ICq3YycN1q3zEbVV-b96a8IEjbhX8gr1d0OMico4VtUUrs91cyTekzaJ8yulbhOIMnA=s88-c-k-c0x00ffffff-no-rj,120,https://static-cdn.jtvnw.net/jtv_user_pictures/f158a50d-8406-41c3-9b0b-4d7ab440556c-profile_image-300x300.png
a2b11fd42f704616bf87b12a0d9bac9a,344,471,https://yt3.ggpht.com/Pzie1DzwiOqveC3wwLd-yDecKUb2xSHoUr0q9hZklfdjapELZVL5uUGbabjdwQXHVcTnBia3PQ=s88-c-k-c0x00ffffff-no-rj,653,https://static-cdn.jtvnw.net/jtv_user_pictures/d3042307-7119-466d-a8db-8dc44849d513-profile_image-300x300.png
a2c7c34474174cd2bffcc17a32aeec21,1360,54892,https://yt3.ggpht.com/uvkvWst6oAegRdFnurkMZb3Iqisc67h2jjQr2TliabetvZb8DQNpyuispgva-QYyMXjfaNzL=s88-c-k-c0x00ffffff-no-rj,816,https://static-cdn.jtvnw.net/jtv_user_pictures/48db35b6-aaaa-452a-8285-b67f5e726845-profile_image-300x300.jpeg
a2ca2eb4da5b4df3aa59637e1dbc260b,409,3037,https://yt3.ggpht.com/NpZr01FWqMU11n4CcY-UD3aZ1Ms5XekYqDw8FO6r0R6aQ1b5KBCBN9GsRwbqZ6UEA-Iurr_3l68=s88-c-k-c0x00ffffff-no-rj,719,https://static-cdn.jtvnw.net/jtv_user_pictures/cba1b38a-f1e2-48b6-9d41-e5abe2fb7f93-profile_image-300x300.png
a2ceea65ce58431085b1366a0cfe9c61,375,6942,https://yt3.ggpht.com/ytc/AIdro_n44JWtINWP9jybN3KVHnnbla1aUx3s1BZhdSRohHGgcaQ=s88-c-k-c0x00ffffff-no-rj,,
a2ee4a74f9ca40f5b6218de51736b9c8,740,37961,https://yt3.ggpht.com/mUhC60alPGUZGgCqXVTFwGmMVylIYVze40HIgUVQPRYmXb6mLvsnw_gLlYwMevSrL5C61L0a=s88-c-k-c0x00ffffff-no-rj,,
a2f9fd3568f3467aa35e411dbde1ab45,633,25394,https://yt3.ggpht.com/ZCW5sgtIZ1jiIj8-7CsBu9XYwLJ5HsF3RqXb6NW9yLjHdTCqpFHr862mZoVbWkvUMLtmXC4hVlE=s88-c-k-c0x00ffffff-no-rj,,
a31f3ab4cad841018b196b4de8186823,1990,87816,https://yt3.ggpht.com/yLDV1MyLeD-yxPu448mmvPg4eIul_hZn6n7F_NenYyDJwoT-cy9s0MuwGP2N4QPfN6vAMPlPDw=s88-c-k-c0x00ffffff-no-rj,,
a324be13dcdb4acbbe722638fc2dbfa4,235,12601,https://yt3.ggpht.com/qSp56yIQYPiMOkj5I60sP-4UupGP63U3G_RTkOZ-zvaKFKSiadCAvmh_WqvAgznV3qtbWsiZBg=s88-c-k-c0x00ffffff-no-rj,80,https://static-cdn.jtvnw.net/jtv_user_pictures/c66ad33b-0add-4240-be97-a7e41274e5ad-profile_image-300x300.png
a3452262e11348c88afea4031b0323a8,128,11053,https://yt3.ggpht.com/pdFmNFg1QLN6z5X9sjZNSo7rTc4Mj6J8sXJepgxGAtLid00G33O0SQnJ1MFjjLv6b0g7-QlTTg=s88-c-k-c0x00ffffff-no-rj,273,https://static-cdn.jtvnw.net/jtv_user_pictures/e139a6f3-2eae-4f14-81c0-a02626b580d1-profile_image-300x300.png
a34564e3f6574070b6e8e82f7bbfb2fa,,,,2320,https://static-cdn.jtvnw.net/jtv_user_pictures/bf80fb2a-3542-4449-9aa1-cac732484d50-profile_image-300x300.png
a3a1caa89669445db63f22b9a3af88b0,,,,1163,https://static-cdn.jtvnw.net/jtv_user_pictures/5bccbb1f-a007-4975-abef-63180fc57633-profile_image-300x300.png
a3afce163c9341c992f526816d9d5440,212,3207,https://yt3.ggpht.com/IAl7mkWs2R04Pc8bEIP2xiRH3CzLotjDXvZ-p3OHRHsbtC_9fpnx_GRHUrXkTpN9DRfD5PHY=s88-c-k-c0x00ffffff-no-rj,87,https://static-cdn.jtvnw.net/jtv_user_pictures/7765f36f-b36f-46dd-886a-325924b98bd3-profile_image-300x300.png
a3bbe09809e141e5b0658a79ba63f977,128,5561,https://yt3.ggpht.com/kMvX-DBBlR7HZ-jqDQeUWqTCrXCBvo6SBDfjIhljhnPAssWDPn3h3uguyWXm2NsEXziOVNd7xQ=s88-c-k-c0x00ffffff-no-rj,365,https://static-cdn.jtvnw.net/jtv_user_pictures/dc1207df-3b73-4f9a-9553-621db40fcd32-profile_image-300x300.png
a3ce195c0069494c99849d0b1a10a7fd,119000,11783208,https://yt3.ggpht.com/ytc/AIdro_lzFlTYihgN8kYMo75OcZACLjuG_Bth_p6Li7aQA40W1w=s88-c-k-c0x00ffffff-no-rj,22445,https://static-cdn.jtvnw.net/jtv_user_pictures/4b7ac6ff-290c-4201-a71a-3e17396f2d71-profile_image-300x300.png
a429c3010da544bab919814a3ea472a4,171,3712,https://yt3.ggpht.com/gBUfhhXR_ZIBZGQMjN7iX_bvf4AREKr-6GPkkUu0Kfg4pHxGKkW5xajRKycDNVr2W7JQXPDzKg=s88-c-k-c0x00ffffff-no-rj,1964,https://static-cdn.jtvnw.net/jtv_user_pictures/b23421a8-ea22-4395-8397-c53486a90944-profile_image-300x300.png
a46ad933ff6f4d0c91cc1069f0329265,171,3446,https://yt3.ggpht.com/SihKGLVbAJ3z-IpuPNbrQGP9R9m1nYjYrsCW2Eo_ZVI3hZ7hUlIFyC2YrqypXLq5okkfuZJg5g=s88-c-k-c0x00ffffff-no-rj,,
a4a9cd639c7546538ee9635b9a14989d,176,5549,https://yt3.ggpht.com/CXjemU3LUzwrrW1He4730Wsl9WFtL5tLWp0XV9nUv-Aj8HCji_fz6ZcNnIujhi65A70lWqg=s88-c-k-c0x00ffffff-no-rj,,
a51be890a1f443ea87bee45c9d8acf13,8250,667501,https://yt3.ggpht.com/zMJAI-Q-98_6sm44tsGvzSezNrl6w5joTzsjItQlcw1bDiQOCiTD-AY1k_PLS7u7zB8ys66AFg=s88-c-k-c0x00ffffff-no-rj,12847,https://static-cdn.jtvnw.net/jtv_user_pictures/3bc3ad4a-1899-406b-b2e1-149bbb80401d-profile_image-300x300.png
a5647aba47dc4bb48eaa0cde6de7c6bd,950,39962,https://yt3.ggpht.com/4V0YEa99DLGp1MwgUfnnXoAX47AOu2zhIS0weJoVFA4AXigVfMmOFQSXAQUSE1VuRLS2jB0VCA=s88-c-k-c0x00ffffff-no-rj,,
a56567301c734548bad86e8ace7d9140,354,50091,https://yt3.ggpht.com/ytc/AIdro_kScxnk4uu3BoejNcHp9uM8JZKByluKn8j1Uua7d8qh3Jw=s88-c-k-c0x00ffffff-no-rj,,
a5681ed32f994c57a107a0b9248fb228,543,9211,https://yt3.ggpht.com/5ifWmIIy-xN6U-rS-WZWHjdywS1ss4wnrkdeeNfT_XEYop19sl0CJCBSeWAY681kPqgqAFZKpoU=s88-c-k-c0x00ffffff-no-rj,,
a5773880b0f040a9abbecacf3eb0eb29,,,,2337,https://static-cdn.jtvnw.net/jtv_user_pictures/57d8a7ea-d532-45f3-8dde-f5c8af9bc06d-profile_image-300x300.png
a577528125314beab91d127043218bb2,2500,90234,https://yt3.ggpht.com/3rAc8Ib29_vo7TiSyX6BDBXVqgzuRvOPIbLVJPxO4YRXmFLxhseKmvSliwwE5j5vYcihjZVsTw=s88-c-k-c0x00ffffff-no-rj,,
a59b5e9b4b3f423faa754bb0c1c5e9f7,623,19547,https://yt3.ggpht.com/14QL_Aa-O4i4aIYjX7t0xwqzxtLS650jfZK76iVwcTeE76SxB_JmLnYwDvehGoX8yqYjkVA9Og=s88-c-k-c0x00ffffff-no-rj,12,https://static-cdn.jtvnw.net/jtv_user_pictures/9bedcba5-1420-4ea0-a59b-dc50b5f1c359-profile_image-300x300.png
a5a59537edc54be3919408276c556bd7,201,4919,https://yt3.ggpht.com/WorK3e2MSQzSprDaTSZK13j0PRWSfNtLGcabargdoY6HksfcNcEto5ZBo3Bxsg8UmdDtL5IDdg=s88-c-k-c0x00ffffff-no-rj,,
a5b71bba2a2347a080ae3443d5ef47d5,,,,531,https://static-cdn.jtvnw.net/jtv_user_pictures/329a6b00-fa64-4f00-be29-3059241eebe9-profile_image-300x300.png
a5c12a1268af408c9a3ed6adbb72c53c,1090,56940,https://yt3.ggpht.com/ytc/AIdro_nC2hT55sDLUHMGCQtRjZA6emBFZ6gH-zFMrHnulqmA=s88-c-k-c0x00ffffff-no-rj,,
a5ced44a2bb74575a9cf9ea48f9ec890,168,4395,https://yt3.ggpht.com/Vy4GG1zdCXGj62RomKC9IMKMetaPLteug9VoltK17sIDL-DtYnPJ9-pEg8n9LiFV3etbiPGTVQ=s88-c-k-c0x00ffffff-no-rj,,
a5e5533ac342488a94003dc77869ddf9,416,18162,https://yt3.ggpht.com/UCZn8XoR5xVvEmDwHr9SsmZlzqsCfCRNEGdnHaoZSRjhm3aWkixkc-WgpdzrdnzKC43U0EVg=s88-c-k-c0x00ffffff-no-rj,,
a5f7302f9f1a4fcdb2471c4bc52a05fb,6520,255298,https://yt3.ggpht.com/1AERPgS8e1yy_iJE_LoF2Gfu3KOQyZD--yMVXZdkJixD24cLM1ZQcHoZJbB2dZd7S-P_FX8fKQ=s88-c-k-c0x00ffffff-no-rj,,
a60c8fc0a1324bf8b65053231ee22373,1610,410526,https://yt3.ggpht.com/CEfyTRjvUN1W5C6yX6biEMhDCwk-G6TyLt01JLCSkCYU7Ycd12iNzRd0_hScp6wnFWSFnHnyQA=s88-c-k-c0x00ffffff-no-rj,88,https://static-cdn.jtvnw.net/jtv_user_pictures/94004e3e-5a46-41a9-8064-edb3b8547e0a-profile_image-300x300.png
a64ba9e0b7dd4de58ffbdf9ca043a90b,722,23646,https://yt3.ggpht.com/5zw1EhecdelMDuDA_iDL4YyGzZCwnJcu9Wa7880zU5cPT8ptb-UVYg4AObgPeg6tYKR5LF0x=s88-c-k-c0x00ffffff-no-rj,,
a66441bdef584fe0806c4be0fd2cf53a,1170,45597,https://yt3.ggpht.com/aEDpSPyXpeLCvYZNSuQbKSGsOTtRS1BOgszAEKaNzjg2_Zg3t6ejVJpAhs0dvYIWz_fr1D0-kQ=s88-c-k-c0x00ffffff-no-rj,,
a666cf6707d14cdbbe6581a8964aabd0,756,19175,https://yt3.ggpht.com/C2epvVb8NAXgKEqCDBOj-Qm5PZVYvHfl0LNhUT5WP5TdduHoAw-SVG8upYxlVYWg_mMgvtb7=s88-c-k-c0x00ffffff-no-rj,730,https://static-cdn.jtvnw.net/jtv_user_pictures/e674150d-ef82-459d-9d5c-11988281db9a-profile_image-300x300.png
a667c79cb8284de29d5843dc3eafcc57,21800,305970,https://yt3.ggpht.com/ypKQW6DvIKL623qPf_GXyuU-aL9xNZm7mSOPp-pD9qExA3BgM1MLC4HEtITlZJ2KOvfY942d=s88-c-k-c0x00ffffff-no-rj,,
a6815e229f914db2a936ad70c285cea2,19,1190,https://yt3.ggpht.com/cgCL5RWQfTjMP2cUCMKBcl5Ad8FPlzuJCkz3f-QC5lUY1I9sqiMCiwX1FEBXUQjCqr1tx-LqiWw=s88-c-k-c0x00ffffff-no-rj,472,https://static-cdn.jtvnw.net/jtv_user_pictures/aa7120ec-d42e-4329-8d0e-033db6243fb0-profile_image-300x300.png
a6a155230538488e8488f01160598837,265,16740,https://yt3.ggpht.com/bBCmBRgTa-ssbh7CzbAbclCpQaOdYxTU5aEQJhVUd9XXSzE7grNc2i8C4wLqw6Mqjeh3M-5A=s88-c-k-c0x00ffffff-no-rj,,
a6a4e83ae23140e6bd1f7c817af8f864,53800,2725352,https://yt3.ggpht.com/XcdjByLXQ01W-WvlPB6ahRd-W0qSv4C0jMLbFVmqYUKllSDTuIBYUKw9JnpkIRvGKG58eBr64w=s88-c-k-c0x00ffffff-no-rj,7183,https://static-cdn.jtvnw.net/jtv_user_pictures/55540821-1fe0-484d-8248-33b356b2a6aa-profile_image-300x300.png
a6a789d93f3a4352b251a51b43f98d2c,1610,33370,https://yt3.ggpht.com/7bp2B_VyHYsij1lS9x932Sw0j0YqTSTnqnCJBaEdHnLu2OCEEgBvH-4_odXSMKPkCi_S_lz-XQ=s88-c-k-c0x00ffffff-no-rj,,
a6b0f8c8343041f0b1ea96c46ee4e582,170,3406,https://yt3.ggpht.com/yNL9n390_zjfe3X4iLncUV2b3qNHDUe4uJ-NnAx_d8t2cFVVgdvbCOdQw1VEqae1dzVg261F=s88-c-k-c0x00ffffff-no-rj,31,https://static-cdn.jtvnw.net/jtv_user_pictures/c40f858a-55bb-4667-8b47-ab3ee91cadd8-profile_image-300x300.png
a6dfb7b286fe43ebbec2fd53b9cf032c,850,7143,https://yt3.ggpht.com/l3go59YmODKLHz22qVzX6waSqtfktzItzIvI7eOPRPnUWfWKQ7GNwZuPJ5S8zcWQRwMs3KBZxw=s88-c-k-c0x00ffffff-no-rj,,
a7145a6e0ede44dfbef984d9dc22534f,10500,520881,https://yt3.ggpht.com/dwwndDpk2gSBndijuKNmFeRBcYpensNg9P4LKAii6Cs3lOwag6lXOfggAQrauauMtlSCiBPM=s88-c-k-c0x00ffffff-no-rj,,
a725f6babc5f44779d7389886c6cd7b7,1110,31145,https://yt3.ggpht.com/6LQbwerHyXaqjQYeIBghZZYirWktubhQ62LFg5gdx00tNVPFq0lHj7T08HB6eqDCO4w4rPSltA=s88-c-k-c0x00ffffff-no-rj,,
a73b969a7fe24a9aaeb9bc1c63ca6450,1470,62819,https://yt3.ggpht.com/j9zbB_RpOgUiY-BeFi4fFzyel4OlkpT658yc1ArnC_0iVYU16078_njLJzAASPOGmixCMCZl=s88-c-k-c0x00ffffff-no-rj,4460,https://static-cdn.jtvnw.net/jtv_user_pictures/1ba52d1b-ce72-4fe6-ba2a-4d99be40162d-profile_image-300x300.png
a7410ae72f2d4648bcf192c21abd7c32,1380,47443,https://yt3.ggpht.com/Zc07Z76nCcYGNFp8qJydn08PWmJiOV-8s-f7fFlgLLmgIyIXfO_LH8ZBbm1Brs5KMhEdIaZUbA=s88-c-k-c0x00ffffff-no-rj,158,https://static-cdn.jtvnw.net/jtv_user_pictures/f9b23ce3-d2ce-4d30-807e-ff0a469f0127-profile_image-300x300.png
a753be70dd194989835b604e4b249363,837,29558,https://yt3.ggpht.com/NPGEDOQg80-AnNds7xEK-KMhk-tdD_TJBm6PKZxjarVMzx1A4Y-Vinztx--VNkdRcNPfYb_nww=s88-c-k-c0x00ffffff-no-rj,671,https://static-cdn.jtvnw.net/jtv_user_pictures/a64ec755-2dfe-4991-87f4-b7a17938f9da-profile_image-300x300.png
a76c19e10aa4463f92f0d2e0f30ab84a,971,35880,https://yt3.ggpht.com/s2TcW9wT1viDlF_j5z7WXShXcguqeHNtd_1in8BFCJ_5dOkFqtLujGeFOJZoINPlemYt1k0daKg=s88-c-k-c0x00ffffff-no-rj,,
a76d4171e74448fd9d1a6eaf183be3ff,260,12504,https://yt3.ggpht.com/TE4cwkIskztcfi9nh-nLU5RYox0fQgNhrjX1dMoDXkkDl6SxpbXX55SJPy_Ye2Q2N4YcDHKqWQ=s88-c-k-c0x00ffffff-no-rj,681,https://static-cdn.jtvnw.net/jtv_user_pictures/990e722c-e796-4898-81aa-c7fca9c6edf9-profile_image-300x300.png
a7810f3ba1af43ff888ccbbe477a1356,2350,48850,https://yt3.ggpht.com/jTDPn1vD73PNLXaeh2WVZzzo9b10Y4cAl2axUd7iQY1UGvlbuqKQHLXKBOC97Rcr88jBIlIjcw=s88-c-k-c0x00ffffff-no-rj,330,https://static-cdn.jtvnw.net/jtv_user_pictures/c98573a5-d433-4f24-a912-3146b4f9a79b-profile_image-300x300.png
a7874e2ea7a44640a4ad427680a1dc9a,2430,74064,https://yt3.ggpht.com/mtXpZwwGlIs9FoGC5xqkHQWHhA1n-SQxK1YrIt5_Zn-dSex4IRv1UIsQY67nNPsebtTZ0T2wZw=s88-c-k-c0x00ffffff-no-rj,,
a7a327b0dde5424f88618e9b5d89d224,2290,41762,https://yt3.ggpht.com/NOLdJ2gS7LADC_sXBXeGmO0yGbxaHGp_KBmiL4A6PGeCFnaTxRUt0A4bVWvXlmsboxfvM4xtKCA=s88-c-k-c0x00ffffff-no-rj,,
a7bb915cc1a0474080d7dbf6d245daf4,228,10293,https://yt3.ggpht.com/HnmwLxr8ULJaAd1lGSMZdurLk3dA5Vc9UxNAhUwjjzpNCtWdvYzQ7GUs4NprhtWr9FzFztHy=s88-c-k-c0x00ffffff-no-rj,43,https://static-cdn.jtvnw.net/jtv_user_pictures/c2301455-ea44-436a-bf9b-736d2a6a4813-profile_image-300x300.png
a823412858b749f7bd2bff3739ec55b7,1470,62476,https://yt3.ggpht.com/ytc/AIdro_ku1lZ4WrSwUGle21BPtE5TrNnOkOk61sM6U54-HlmlLdM=s88-c-k-c0x00ffffff-no-rj,385,https://static-cdn.jtvnw.net/jtv_user_pictures/08be727e-c4d1-406f-9f9e-2dc911ff96a8-profile_image-300x300.png
a83b6d485350402b90238deb371ae654,6060,87949,https://yt3.ggpht.com/A9jn8YbBttdTPU2OfxmvcszlnF2KsoDya_iGsquBPa5gMbkYB_zn5T5S68bofjk-fQVoV64-vuY=s88-c-k-c0x00ffffff-no-rj,3619,https://static-cdn.jtvnw.net/jtv_user_pictures/cbb70793-6dfd-4f67-bdba-a65dfa2be8c5-profile_image-300x300.png
a84b1b6deabc462b9cf994fd02304b5b,143,801,https://yt3.ggpht.com/jjqRr9hFQ3x0JHJfBlhKcyA5Wb8EVC62wBhcoN-wDJv1TE9BL93V9mMNUIa2ZWYy8tQtB8DC=s88-c-k-c0x00ffffff-no-rj,1663,https://static-cdn.jtvnw.net/jtv_user_pictures/8e6415fa-04e6-40ec-9dfc-e3b8ac9e7c81-profile_image-300x300.png
a881100803aa4abc84dc3cc814dca0e7,1480,41229,https://yt3.ggpht.com/IVTJYiYYqACEwXn1Vco80U-5vCg_RbPkTcrXI8HcOxuA_Pg_d5H5-qeJvH4eto-t87_lYY57Ig=s88-c-k-c0x00ffffff-no-rj,,
a8a366c9d633476d8a2fa879f91172ac,999,139901,https://yt3.ggpht.com/ytc/AIdro_n-MPo7CvQsTKAVQFXt39EIKcWhvs9QDXjfAFzsnjdiiA=s88-c-k-c0x00ffffff-no-rj,,
a8bee4c680a54cf29b34d90bf7230ab1,154,2725,https://yt3.ggpht.com/I0awFHov6ogbUCjFFfKR8q9owY8swn4Wd6Yu1bCIzTQHKI4ET49lgIzcYcXnVCtG7lLboV277w=s88-c-k-c0x00ffffff-no-rj,1826,https://static-cdn.jtvnw.net/jtv_user_pictures/83f2393f-2290-47e5-8c0b-ce944731aaf8-profile_image-300x300.png
a8ce4642418b4fe8ba1471a32097f4c4,57100,2840987,https://yt3.ggpht.com/WJJ9cO7mz6c_Z4q4ghfUWQb-1y756OUXk06iSnGv1U5gd_15P5FjoQ9dZYWKIhbwvhed61f_ag=s88-c-k-c0x00ffffff-no-rj,,
a8e0ec03cb0a4e0292228e1a6ed35e6a,367,7907,https://yt3.ggpht.com/2eJY7Q9pZWEF6Md9CS-2QAWhlAFMvLYehaFgIh1nudM5jocWTJjzna7oKaxtMDQ1bbMr--TEHlY=s88-c-k-c0x00ffffff-no-rj,853,https://static-cdn.jtvnw.net/jtv_user_pictures/0fd1efec-dbc3-4907-bf26-8815e3b8cfed-profile_image-300x300.png
a8e44e51a99c487694e2525dc57c85ca,1030,42660,https://yt3.ggpht.com/Yi7XCSOBaHOvFpyH6PP1YflnpHqQw6n7Oif8EvzCEkRxvPCCao8ZoPz9b92wLz04yQtXUCtL=s88-c-k-c0x00ffffff-no-rj,850,https://static-cdn.jtvnw.net/jtv_user_pictures/41a83dcc-7235-4aac-9d64-851aa85a1eb4-profile_image-300x300.png
a91c83dff0c94387aa2c11e597424517,81,2882,https://yt3.ggpht.com/SLPJVkv9D-KC9TocI6q46eBoRcEPNSSWr9S-r62WLdwNUKljnkWwMDvwvZ_GTHKUJYjSIvSiAQ=s88-c-k-c0x00ffffff-no-rj,181,https://static-cdn.jtvnw.net/jtv_user_pictures/32061386-b2fa-403d-8fa6-c7fa432f0d57-profile_image-300x300.png
a920d67ea25f449491121763b3117f95,147,4994,https://yt3.ggpht.com/kXAvaD8yzjWrNR51yOFTKOnuzW8mE1AFgN850b-oExNN2XiJnTnV7dH4QhPmqcsv4RdPj2IopA=s88-c-k-c0x00ffffff-no-rj,287,https://static-cdn.jtvnw.net/jtv_user_pictures/df3308e3-21ec-4bca-8706-ab8307cf657f-profile_image-300x300.png
a9396c8dd95e43b29c694b14afa07ac4,258,7481,https://yt3.ggpht.com/H66txM0HK1qjLkQwim3g3SLkHxjVHgGtzEKcpWDHocUV0nLx1Dxx_t6rwL0FuOGv4SdHKtx4=s88-c-k-c0x00ffffff-no-rj,2269,https://static-cdn.jtvnw.net/jtv_user_pictures/59b88086-28fe-49fa-ac87-a957174854a9-profile_image-300x300.png
a960b283b1124f44bc4bf2a16199977a,1780,25836,https://yt3.ggpht.com/g_FHIWOz71xSE9tdR4o3yLZqo27CDpzh49r8CnF45j5GrKZzq0ja1X0nR59OD6m6WsgU4r160A=s88-c-k-c0x00ffffff-no-rj,4387,https://static-cdn.jtvnw.net/jtv_user_pictures/9b30813c-928a-4458-98fe-3da904d3864d-profile_image-300x300.png
a97d7491246145a5a7e224d6bd010f9b,2770,88454,https://yt3.ggpht.com/TFUGsxNMpH6a2VY_d8KAZXotNhUfoeAIV7_M8PCFzM5ReWp10vibots17LNjLPW7mBbf1WkdpA=s88-c-k-c0x00ffffff-no-rj,,
a9986f3ad4f340f297e9eb132a05ac84,801,15415,https://yt3.ggpht.com/D8b_P6KAoVXOM1RMrISTJQH1Q5WxoTxKVmUoZ9lSp0RbaTIZZRdxPS7vdHD5V-nO1uYaIL0O_Q=s88-c-k-c0x00ffffff-no-rj,430,https://static-cdn.jtvnw.net/jtv_user_pictures/3762f088-644b-41f0-a2e9-513248d4b852-profile_image-300x300.png
a99bc695c89d41e391a5abf6e781c911,4420,283802,https://yt3.ggpht.com/KsgLKwCuhlYuaIq7cGiY8-9vaEcOUNXG7VgifzTs1bGWnYioXMvbbNeODdcpvMHkRaMyn4WVcQ=s88-c-k-c0x00ffffff-no-rj,,
a9ada11d61114319885597db6a0725fb,61,274,https://yt3.ggpht.com/il4DxwPDPqt_jQuiwq-PttyHdSoxG2skopw7Sy7iiq98lgxLBecgap-VpX6VnzXzDT4u1ytjM7U=s88-c-k-c0x00ffffff-no-rj,657,https://static-cdn.jtvnw.net/jtv_user_pictures/18b59b04-a4ed-4212-8d38-8ec13acd779e-profile_image-300x300.png
a9b855767b2d432c9f263e3427ff33a6,88800,9386966,https://yt3.ggpht.com/c3KuH3uSeKdDKaHASHPnQB7jSrjhqM231i5DG6qm7lrdWMIL4ES_ws82uEiAJ_x8OQbVYDlH8Q=s88-c-k-c0x00ffffff-no-rj,,
a9e5491563fd4b05896ef9a8cb2ee7d7,1710,106896,https://yt3.ggpht.com/a7B-dJKsLnJi9e0iJiOBuLo8Rc0sj2lABFhQB0OVMpGCITTdTv2UUfGor1Dg_sZXFUMtorSsIw=s88-c-k-c0x00ffffff-no-rj,,
a9f1edc233804d4b90a9996219a3b14b,3920,137787,https://yt3.ggpht.com/NHQ0A6neYfKBcwsAbZiH8draumd5HkhxinFlgIijxUv3D1ePvMYPmsF6lDGGiQzgqxsXItzP=s88-c-k-c0x00ffffff-no-rj,,
a9f28d3e3d2a4ecb93ff10955be791d1,26800,682597,https://yt3.ggpht.com/2Ydi9c11iO8EiRY02Z7lavdKymHYWjJeK1hYjhjJHJR6QfB1bmJ0lmPNkIX0JhWRukIomHfI=s88-c-k-c0x00ffffff-no-rj,5965,https://static-cdn.jtvnw.net/jtv_user_pictures/8fe884d4-3d8c-4474-b5f0-685a8f65b25f-profile_image-300x300.png
a9f6574e98f34b20a05269134930fb50,223000,8874341,https://yt3.ggpht.com/Pl2FG5l3c3yy7e6qFxsKwL3uvuJFQYi8vNq_J-R4RgPeTPDzGrnpzkvio03j_0rvodwln-DW=s88-c-k-c0x00ffffff-no-rj,,
a9faef4b712b4649ba60c7e8e262175a,3030,79436,https://yt3.ggpht.com/2eM6kcQZUM68_bYaNv2ni2WV5r_dolv26o4q8jSmFRAMW4cFVj0lG9dXVEKq8TiH0Hsre_2V=s88-c-k-c0x00ffffff-no-rj,,
aa0d8c2604694532a20aaf0f0ced8a5e,152,3299,https://yt3.ggpht.com/D78dw1rVT6f2BWOwTwDnVRlxCVOPr2VPPCvNkFhOH5PiydLaxyjX8Km3nip4gddQkp9oZi1b5A=s88-c-k-c0x00ffffff-no-rj,1628,https://static-cdn.jtvnw.net/jtv_user_pictures/789d788a-2811-422d-bd62-67c387a60c27-profile_image-300x300.png
aa182728aa6d44c4ae37caa7cdb8ed29,480,18401,https://yt3.ggpht.com/3VA6SZdQmDu5XrjmMIMkd-FJ6IXI2QWimJbr6MAqd7uHuxeEr2BzwxdQsJB6Ui-_3jwgPJfG2w=s88-c-k-c0x00ffffff-no-rj,226,https://static-cdn.jtvnw.net/jtv_user_pictures/c741710f-975c-4de3-bf64-79ee10d1b659-profile_image-300x300.png
aa1ff405338c41b98ff7197eb4d90349,20000,500400,https://yt3.ggpht.com/cjORxDVsnMiEA8sfpOUVrRlosXhN_kn9sB5JChxcghx7ZxMHRlBEJTwiAUwziW7J6pcoCk1-QA=s88-c-k-c0x00ffffff-no-rj,,
aa673b95b03540288c87dbaa59477ef9,524,34567,https://yt3.ggpht.com/ha2jVpYUfCns_BIiUDCNKSQ4x8TqEpS9mGQ7YzoHhuU8LzvdiQdZvcfTBTtHdoncKNKevrzt=s88-c-k-c0x00ffffff-no-rj,,
aa72818fdcaf460b9b3f90e92d702e57,39,202,https://yt3.ggpht.com/zxYb2vVw5yyQd9K_iCACMkkCrGbahxYHx222brfiCO3QYrxrL8y09k-1tM1X7NA57-uSLNzfmw=s88-c-k-c0x00ffffff-no-rj,1369,https://static-cdn.jtvnw.net/jtv_user_pictures/9bca3075-88f7-48a8-ad51-e7433ebdbb8b-profile_image-300x300.png
aa9fa329d639488dbb860b8f8b3235f8,8520,355464,https://yt3.ggpht.com/6vGAxJv6Q58cNw82PxiIhM5965CfujVSbg75QcY1ttgpnP-GUkyDlN6aRoaLDJbONE8H5ZAVjA=s88-c-k-c0x00ffffff-no-rj,2492,https://static-cdn.jtvnw.net/jtv_user_pictures/9b858e42-c204-4f8f-865f-1f3bf853e24b-profile_image-300x300.png
aaa45dc386714427ba862f691d4471ac,14500,913396,https://yt3.ggpht.com/0UbW3MtR7EzQVdFTCc587gudKFbGn_aNlvUjq9QJV7fw40J7rsHICxDBvgEq3PqKzWx5sTSEew=s88-c-k-c0x00ffffff-no-rj,947,https://static-cdn.jtvnw.net/jtv_user_pictures/6f22845a-e632-4452-9966-fcc4a9c2462d-profile_image-300x300.png
aab094af87d74f3cbcb332bdac03fa23,1070,19660,https://yt3.ggpht.com/AMON78K04pQcV9wNgVyvRTySsBzdxc5r1kWFmaoo-SzkGPD8OGe6n8vvd7n2nX_dlSaZH_xXzFQ=s88-c-k-c0x00ffffff-no-rj,,
aabaf7767fa5449b86f58160496d0d4c,961,46949,https://yt3.ggpht.com/BtwqkIpej08d4Hnq9-Vjk6HrKKOJuKkAKFa_t0QB1dzcMkBsuZPPLUD_cTfx2mnwB51W9iuxUw=s88-c-k-c0x00ffffff-no-rj,,
aac7be72efc74efe9e77148fd4af7151,274,7259,https://yt3.ggpht.com/qfCsF5_uzTfRAqs8UPJf1puBlbK1jVN578jtCWeYsij9sKIeHQ3Ixl9Y7pyRvCpSwO8Xongm=s88-c-k-c0x00ffffff-no-rj,,
ab069c9401bc4bd09eea8f5ece525d54,2030,303576,https://yt3.ggpht.com/se9YH2AGKKdRh0gT6fkU0d0V1e21oAhxEQkmYrg5kx8Nq40srR4GdaLsGFPeKz7-IJT6Al8ASPc=s88-c-k-c0x00ffffff-no-rj,,
ab19e58312b74ebd9b68e27aeb0adde5,7820,340221,https://yt3.ggpht.com/V7h6Ok8CdKC8x96Y5JMU7T0OCLHMv-YVIQmDyjBHlaymOwLKZh-6i3_b567Y0oQKMCUMrSs1zjs=s88-c-k-c0x00ffffff-no-rj,,
ab4f892ca62e4043b6287bdfe50b145d,111000,17675061,https://yt3.ggpht.com/t2gQ7sgajHzN4HnlQF_Iclenqj30830py8DTvW7sKLoTi1k2dxbNCG_yYB6xd7etcKzsDicT=s88-c-k-c0x00ffffff-no-rj,1448,https://static-cdn.jtvnw.net/jtv_user_pictures/6ed7a571-f7cc-4073-a456-02f3cc231a1c-profile_image-300x300.png
ab540a5b73bb4dfa85cebffb70fad5db,322,5022,https://yt3.ggpht.com/y5eLCInShvVHM6H4sWi8kFRZDir3nGu02xkXTJa2bF8tteonIoLZJBILU1rjzbBl0ISevHUV=s88-c-k-c0x00ffffff-no-rj,701,https://static-cdn.jtvnw.net/jtv_user_pictures/8ae1dbeb-f87b-4c93-a787-7fdd0f4d3c6e-profile_image-300x300.png
ab5709b7d3074c6db2a57995d5b1c328,6100,256817,https://yt3.ggpht.com/LbagGdBh_Q4Hj2UaWx6y4amoQGA7pqiukZ5OEqMYU286KRj1AtC2lbgcPrqojmveVFO69fieiw=s88-c-k-c0x00ffffff-no-rj,,
ab64eaef68c94ab4afb3a89007c81e9c,2600,48840,https://yt3.ggpht.com/H14cwjue3DVLHJBKffvAMIRqVlhtiOx1WrAElo2-MlK4Ra36tWUbSShbDfs2Xss-1FPRUs4i0Q=s88-c-k-c0x00ffffff-no-rj,4173,https://static-cdn.jtvnw.net/jtv_user_pictures/8b76ae23-3644-4c4d-8eb9-43f4625efa78-profile_image-300x300.png
ab7fb3b59bef4d869388be703ffa8c01,732,11994,https://yt3.ggpht.com/d4QvH1dHlCb-KQcKHt4wGQNDbl1zZsaePlU3D8a3FuROi95oQOHfC5tZ-UjWvjdXAP-cqX0FRg=s88-c-k-c0x00ffffff-no-rj,,
aba9c942b0d2418b8db52e37fcd54dea,555,13417,https://yt3.ggpht.com/eXrqE4qwTKviod_md-8TEhj_DMX4JyCwLgJdnw3En3bWGMy9mCGmUAxoHcb7sjqURcSMX_G2OA=s88-c-k-c0x00ffffff-no-rj,,
abc7acc71b474ebebecfde51ad5f88e1,13900,447953,https://yt3.ggpht.com/fFTi9YtaC3QudplI-b_270zbPE1n64IyrGVwSR8tTzV7IOuWj7GaaxZE9OTrb3Vw8Kc1GlcV-3E=s88-c-k-c0x00ffffff-no-rj,1670,https://static-cdn.jtvnw.net/jtv_user_pictures/bf1e7fb5-1f04-47d1-ab8e-02e9494d499e-profile_image-300x300.png
abd64c9a64e04fb1b23faa2480c1c106,195000,68323351,https://yt3.ggpht.com/oh5PINspnys2j542KL89cq6FGeVbvfR75ipMWCUu9615FBevCPxpQD1lJQTqqtqgqypDgxqkdA=s88-c-k-c0x00ffffff-no-rj,2006,https://static-cdn.jtvnw.net/jtv_user_pictures/e739d3c3-c884-45fa-b22d-178ae4e364ed-profile_image-300x300.png
abda6c94394b47ba885c34417e3a4d08,278,8043,https://yt3.ggpht.com/nH4umlxe154FWeyqlWVZsZOt6_1rl54LfmRSIxC9r5sg6rgHZLNXiSQ0XyUk1IyGoBUJ2da9bA=s88-c-k-c0x00ffffff-no-rj,618,https://static-cdn.jtvnw.net/jtv_user_pictures/59760c1d-1084-46da-814b-4f6046f27288-profile_image-300x300.png
abe3d72887f24ec6a36a7bf0d65d0124,4470,155117,https://yt3.ggpht.com/xKDcOuwnAbls5RJZtC0tTTovfplHU_M_GaGedx4Pqbvruhl5WiOg8kAmzFMwabIJqynH7tOm=s88-c-k-c0x00ffffff-no-rj,,
ac1ce1eeaffa4e58a8155c20d8f85ff3,6140,186950,https://yt3.ggpht.com/pv3n2kEB8xOcfbYC0UU3E6I2HEnWXAl9eYqJH2farTlOw0UsEDRDIgy8E6hJaUMaEjKlkGxuNw=s88-c-k-c0x00ffffff-no-rj,,
ac2b3c839ed14b12af1acecf322a15bd,7160,236439,https://yt3.ggpht.com/4geecnPDmTaC8ka_4M88QCyna3pk23HCOQUdn2mMlFTAA8wWt7oGrHRoPWzHdCjSQERmUoaBTA=s88-c-k-c0x00ffffff-no-rj,,
ac5176c53ad7447b8d63f82f65ba7200,1200,53403,https://yt3.ggpht.com/ss3Rf1nDVzKyeLKufp7HDL-0_hNcWEmC305PiGeoc__U9akFeZ35IH4z8mf36w4uho8-AOdBuKk=s88-c-k-c0x00ffffff-no-rj,2565,https://static-cdn.jtvnw.net/jtv_user_pictures/5624ec33-c301-469b-a9ae-29662ef46807-profile_image-300x300.png
acac9c479b4b42ba99d0bdfa2004ee5f,1410,29760,https://yt3.ggpht.com/4kiEgDLOCK6BNlxwwnGuel2acANHQxpHenP-6Mzqzm87s30HVJ5ckAiaJlbQcNL9UYaRFpj3zw=s88-c-k-c0x00ffffff-no-rj,930,https://static-cdn.jtvnw.net/jtv_user_pictures/c19d774b-eabc-4f0b-9547-85a1194db627-profile_image-300x300.png
acb95c574d8444cd80102796e0d56edd,275,10798,https://yt3.ggpht.com/ouxfGX2fo57i2Nn-zizWkIHRAaR7X0LsKCuv9Kd0BgGiSTv2AgTlQjGznJgumWRDmsCFibYDwQ=s88-c-k-c0x00ffffff-no-rj,225,https://static-cdn.jtvnw.net/jtv_user_pictures/bdb2d020-8b64-458a-9320-f7191a7d43a8-profile_image-300x300.png
acc6cc72bdb74a74a719cc41baf0aade,578,15809,https://yt3.ggpht.com/SGz2QwikDNU2ZV9HnCEZMUgzsbtbFVONTT-X-2zbrcg3xilMPBslg-YB0KzmE7e7SejvBSDESEc=s88-c-k-c0x00ffffff-no-rj,,
acc708b79f1c4e388466b407387e7cb5,486,32990,https://yt3.ggpht.com/bFGj7BCMELygfDgWXdWktGsPSasP1_FjmCL9Aca90x3VrtfjR7bJ5PepPmzp7vO_Flh0CwMI=s88-c-k-c0x00ffffff-no-rj,,
accb26f2db2746e898b68ab07dd3c5bc,1600,81238,https://yt3.ggpht.com/zZxa26CZTDHN34rNRkosKuH3-ygy2yJeLE6N2KYZLyjZwKhE5dH2VFCUuhARTTxrTcIO6JIw=s88-c-k-c0x00ffffff-no-rj,454,https://static-cdn.jtvnw.net/jtv_user_pictures/f989083f-7416-48f9-ab85-deea4e52a521-profile_image-300x300.png
ad26bb0363ef42c7988f79ef9b07dfcc,1000,50075,https://yt3.ggpht.com/umt3EyMQDslLJuxS-1m2bwPxGbQKDmorSzYe_AReg4NJ5WckjC0GhHlDtQe6HnJwTBZz6PUgFQo=s88-c-k-c0x00ffffff-no-rj,,
ad2a1148ff4747229694f9aa2c3645d9,7550,474635,https://yt3.ggpht.com/uVsQOtLYK1_kMXQY-1Jn2oSm5QViDbckbIUXyrXWiUnr75sj_zlKwKh9iErtfck2u_dIKfUuZw=s88-c-k-c0x00ffffff-no-rj,,
ad2aef5af5074f14af7f6ddf7899743a,,,,2122,https://static-cdn.jtvnw.net/jtv_user_pictures/e7f8c2e3-58fe-4d6d-88a7-4481e32c7fcb-profile_image-300x300.png
ad43fda31b7842dc8e7854840b974614,1810,69422,https://yt3.ggpht.com/9Hy53PQCrlYTybSiFc9vrROyVe1irBwzP6xot8VNd1IoJEfOFxGiNVYDc0YL9Nr2xzDz0l9h=s88-c-k-c0x00ffffff-no-rj,,
ad4d805afc1549348584aacb24035f89,8930,61945,https://yt3.ggpht.com/vglv8pBGe8a5A3AMhZHAMibGigch7MTW2x7wLfIDYepbRXFrQOitaQWBgNHlf4HcQf-Q2GiM=s88-c-k-c0x00ffffff-no-rj,,
ad56a56e509c4b6fa0cf11ca959e3c72,12200,204062,https://yt3.ggpht.com/zpP9ijtO7p2m5JHjlmbuxEP9WqQL_GGuQb_nL4MrdM_jhebagFvENUTvyQdILMjVom2TRPr2=s88-c-k-c0x00ffffff-no-rj,125,https://static-cdn.jtvnw.net/jtv_user_pictures/c383177b-008d-42a9-8277-db6e1d62a47f-profile_image-300x300.png
ad6455da071543ab88cd4855a11cf39b,130,4301,https://yt3.ggpht.com/dMQ3vU6R8v7imEHh0UzQ_tXKuNoLVeRDX3_DB8ijEcqe9juS4jq4GwNfDaXFMm3oRTb8cis3=s88-c-k-c0x00ffffff-no-rj,,
adb7f358e8134f30ac0919a74c9d171b,592,12349,https://yt3.ggpht.com/sTAjMLnDbjEzIFYWCqZtLaddQM6D8Ayi8yX2wMTuH5jgS98wO0Q0N71ctn3B-Ijq9fMSkpvyUA=s88-c-k-c0x00ffffff-no-rj,1803,https://static-cdn.jtvnw.net/jtv_user_pictures/d52d35be-9559-419e-9edf-7bc5a65a02c3-profile_image-300x300.png
adc9d30b5940427e96ae92238f0f8b83,18700,434400,https://yt3.ggpht.com/CE4hmGDQbGF_qXa4nDU9FlhAib29N9ek3uEBjCQWBan9ZnT3jnwW4qwsDe_tOxz8vZWWVkHTWA=s88-c-k-c0x00ffffff-no-rj,769,https://static-cdn.jtvnw.net/jtv_user_pictures/b64caeab-23d6-4be8-acc1-cb9cefbe5e81-profile_image-300x300.png
ae2d7595c5b94d0786e2fcd5c8973c06,178,2476,https://yt3.ggpht.com/o9FV6hKcVy-TOIzhn2sIj6LFCTwblKCV9l5T9rdHY1Cdts68mmqv6qMIQd55SCmWRVdJzd0DCA=s88-c-k-c0x00ffffff-no-rj,,
ae4eaef845fc4daaa8106a51a590e145,20600,918247,https://yt3.ggpht.com/33Xsf4fWAIZRGjVc8tAaQcKQkBUUJtKadMFguHUHA_237MMqu228wtRfHWv6dF8cdeSxRd72ww=s88-c-k-c0x00ffffff-no-rj,,
ae5e1ce2a3074d07818716492277408c,389,2543,https://yt3.ggpht.com/KuMqlZNnWSd0PtiNPsheeGGp_50-daxna8LlbUlCqYyVn8bjiagZU5aE7JYyoGRBzfFqVE2feQ=s88-c-k-c0x00ffffff-no-rj,1201,https://static-cdn.jtvnw.net/jtv_user_pictures/da424a70-e324-47a6-8d47-66b889ac3c22-profile_image-300x300.png
ae5ffb6b5338483c91ff1b883d51a3e7,472,5320,https://yt3.ggpht.com/SWPFEzvzKyX0GmR4Q60ZGt5B1fwhq5QfotM2mJM9voXYa5-G4b7BJEDRPzbVOamydDXET7leBtg=s88-c-k-c0x00ffffff-no-rj,,
ae7dbe93a8cc4651b5ddb7b539e85d6b,362,22278,https://yt3.ggpht.com/K1Ob2rvteDj68lYjxkU7_bNVrvpqvNea7BfslETK3OaBZ9XY1-zlsFoRBuOk3lFbWlv1Prs7yQ=s88-c-k-c0x00ffffff-no-rj,,
aebb6a94560d43fb9807229237897119,699,13330,https://yt3.ggpht.com/pQJegtrfLIwbP9Y3iWENOSFRnWtzv_L_HhBqWWlxPmhuq9kGs00cA-Y_lpeaE-1EswYbnVM5=s88-c-k-c0x00ffffff-no-rj,2158,https://static-cdn.jtvnw.net/jtv_user_pictures/ad9de2fe-4d1c-4623-b98f-a397c4ce1165-profile_image-300x300.png
aef2ed42d49343f28394b6335695b5ac,701,150052,https://yt3.ggpht.com/nLRj8QpaV13L9lQNFmnAoPfKVlc2dSo0Hhwrtp22hsnWd0-jeVqeDpyLMGKzXIKWdC0a5vZr=s88-c-k-c0x00ffffff-no-rj,2819,https://static-cdn.jtvnw.net/jtv_user_pictures/7817325f-57f2-4fa0-b74f-db7ae0852b47-profile_image-300x300.png
af04c9cb9b56499bb305a49ba7fd2eef,461,8238,https://yt3.ggpht.com/FapW-6au5ilfegBZ7wquQLOco_uKukxnuhRqmxwspu7hP6jq9qV0YcKB2tG0BmOvYWLUenmQ=s88-c-k-c0x00ffffff-no-rj,,
af132d32a46342178ed398b3c4243e80,124,1701,https://yt3.ggpht.com/N56ALqRw5wiIygdQS3fMFuEPII1f1Clw8js5JdEjRM6vMGYs2ldYyJMrbxgizVyFOo3HTZUspQ=s88-c-k-c0x00ffffff-no-rj,,
af34d62a8f4e4ca180c11f11c2832893,979,24509,https://yt3.ggpht.com/K0S-Lr3V3YdcmYIHKYqr4KWKB2UnkRva_yqRD0qSirttCa1VH7dYJ_ZNIhGfx0yvRQed3jod=s88-c-k-c0x00ffffff-no-rj,,
af40da4e1fc24360bf9ed4eb828bf912,1760,104,https://yt3.ggpht.com/Ayc-n-r_MhgTfN69Zo5DnybwaA06ynFy1AlNON6QvQVgvyxjh4MoeKSF4j3odMH1_SJv21kR=s88-c-k-c0x00ffffff-no-rj,,
af89613e72874e219c00ab0c89b6c641,224,48379,https://yt3.ggpht.com/68EzI5zJaEfXMitcEZHnZ_H6U0jGgBaOMU_vWpeOHFtswhu_fLRp_hIdhkDkcU2i4BLWd-1u3g=s88-c-k-c0x00ffffff-no-rj,5,https://static-cdn.jtvnw.net/jtv_user_pictures/db6fd75b-c746-41a6-b25f-e7f57f4fb889-profile_image-300x300.png
afa3e309e41044c5bffe17466607d481,,,,20255,https://static-cdn.jtvnw.net/jtv_user_pictures/7503815b-4c2d-4c0e-aacd-dac9bd9a5707-profile_image-300x300.png
afe78c5051094e86bf9fdfe6cb2a4222,54,297,https://yt3.ggpht.com/s6P0i7t078lEgJ0rO3hC7jL5-g9DS-AlN6dy7T8OMW6n8khDxQkz61SmrG4Hb_UkFtG0_KAxjSQ=s88-c-k-c0x00ffffff-no-rj,,
aff718d907904c398ec8d685b71436a1,1820,29177,https://yt3.ggpht.com/4lZD0uOtzIZvEJpPmXY811Qc7l0d9pW0tvfq4AKjGN8RIT4OeEHGr5pE5_g75hN51lVo6nTM3Qw=s88-c-k-c0x00ffffff-no-rj,327,https://static-cdn.jtvnw.net/jtv_user_pictures/4c2fb70e-4c09-41ec-aea0-e282f6cf49ec-profile_image-300x300.png
b023ec32c6b5474e95c7faf252925b8e,1730,34554,https://yt3.ggpht.com/JkflelarU033HZlErStkhBg1NFl_6iI1jbd-WoxMtP-Ki7kE6D5hoRBQcI31aCX2buCgmp3-sjE=s88-c-k-c0x00ffffff-no-rj,146,https://static-cdn.jtvnw.net/jtv_user_pictures/15e636ea-3c29-4d33-8f4d-15d693d8f2a0-profile_image-300x300.png
b08047f2566246ac995e03a5db727cfe,35100,1783655,https://yt3.ggpht.com/B3V02vS915mPFVooLhGcNS6ogI2Y2sPeUbLXly0inTboleXJ5_ak8xAI-5DamZSdxKylgHJ5spQ=s88-c-k-c0x00ffffff-no-rj,7018,https://static-cdn.jtvnw.net/jtv_user_pictures/fc2cf7d8-953a-43f8-bb68-4bc774b6df7d-profile_image-300x300.png
b0b2b517ea67432981e41a49aa88bc67,174,2509,https://yt3.ggpht.com/uDI6rXvKRjQt3B8eJCzeEdbAhY3r-Ns_MXBLh5IdNeO8IaRMXxI8V-LAieMZJJk4_0j1T0y_Hw=s88-c-k-c0x00ffffff-no-rj,506,https://static-cdn.jtvnw.net/jtv_user_pictures/aa245754-dd06-4168-8dcd-c6cf32ce8cb2-profile_image-300x300.png
b0b9e352f71d4a03ace9972ddec4ec56,791,21294,https://yt3.ggpht.com/yDVkx_xgGJDB6XrVIbXfwHwoM_jlO5PcrRLsLrFYhUkDoY8Gn_MZ-Vl8YjdJb_iZ7gYn5-dmwA=s88-c-k-c0x00ffffff-no-rj,,
b0df22881775422093e3e64a63b01a5a,370,20798,https://yt3.ggpht.com/YWEFgxsoQSpZxTUaxGo7oNGzqHZ76SF8Xc2zT7tLpHFqa9g6s-sx-NrzI5_YtM3o7EALmo9y=s88-c-k-c0x00ffffff-no-rj,121,https://static-cdn.jtvnw.net/jtv_user_pictures/f0c75da9-90d4-4502-b5ac-244568827d43-profile_image-300x300.jpeg
b0e88b4d4e5d41c4b5edd07540dc3637,1730,118205,https://yt3.ggpht.com/1UU61ws9Rf2M0kpDe8WRl8Pxg0uGx6fmS5gPQgEYeWRsFOmHxmnWiwyqp0lRliNDu7VXPdgGkzc=s88-c-k-c0x00ffffff-no-rj,,
b0ec0f1ffbd8426982e7ca40d4b1064b,403,8889,https://yt3.ggpht.com/ytc/AIdro_meSOr3hk7h_HUHJ9Hl3Qp84dy8vIOcFVAY9XSRKAHoFA=s88-c-k-c0x00ffffff-no-rj,,
b0f00fccf8a14655911360748c4699cd,2780,109509,https://yt3.ggpht.com/vodHSg0bgjRKMCr3WJw-_5w-glPA0pUfuWLdpVjOOVCFL0_ic8SU-up85ovl268thBODCru1288=s88-c-k-c0x00ffffff-no-rj,,
b0f523194beb4abca2b433e9e41d912c,16800,290511,https://yt3.ggpht.com/xifucm1lnqPo3yJ0VTnycLfLwXq3wtWubU10Pf6P5wJoc2cb6sBLHvlejHIkjIz_89uT_C_t=s88-c-k-c0x00ffffff-no-rj,11476,https://static-cdn.jtvnw.net/jtv_user_pictures/a9e316a3-9372-4c3f-8ade-67723baa79d0-profile_image-300x300.png
b0fa9fc53f99425db4cca93d2d48a91f,26000,744786,https://yt3.ggpht.com/Hf2W7ipyusNqt69rN9kC21PlnsCFEr8USdpmhpKhRldxpVOgOaz4yahYpe6qdcUotq_KnhbPxw=s88-c-k-c0x00ffffff-no-rj,,
b10149a2a1ee4ffcbf1dacb1b1722f9f,5300,123432,https://yt3.ggpht.com/UpXn53R0bSdg-s7JrSeJiV7t_Oz6RlY845aReM7Nw9KOMRUKed5r24bPaWof7N432rRVhCPcujw=s88-c-k-c0x00ffffff-no-rj,829,https://static-cdn.jtvnw.net/jtv_user_pictures/9a790085-3602-41ad-83a2-f91ea6667a41-profile_image-300x300.png
b115a7f57f664800a9f71a25eaf73b92,1240,43184,https://yt3.ggpht.com/vyiLyT7jal5Lk25AubaF88XX_7RXy2NmCkSQMB5zEs8Um3PdVgotxiWRwDvL_1SP2s-d6Ja4Jw=s88-c-k-c0x00ffffff-no-rj,,
b126053a1356460ebf85a874a6a55aca,102000,33323296,https://yt3.ggpht.com/g8R66-Y8mtLNmsR85nmXKWZNFokT_bUVRXx2382AQnVPUCfV6i2OsAoTq47_w2C-DPaEusHoFn4=s88-c-k-c0x00ffffff-no-rj,,
b165ca888a7d4f61b754ac53ca374f11,11400,702389,https://yt3.ggpht.com/rSyl3b1Da2bkPu4F_xijY8PHWIStgGVp1uzMgrlDWrYkBoCO4zBM2qagy7xdF2DjwIJilZpr2A=s88-c-k-c0x00ffffff-no-rj,,
b16b9643e24d404a8de6d66551451b85,536,3450,https://yt3.ggpht.com/255gUNGEoM54x-QAMJsf9ihnR0GcSe0EYLWbb-ajywiaVcVVD4SvEcxBVynO8EI2Tik-n9duVA=s88-c-k-c0x00ffffff-no-rj,2958,https://static-cdn.jtvnw.net/jtv_user_pictures/f8918e2e-d453-4cd6-a3f5-9af0b843d245-profile_image-300x300.png
b174714646ea40e28ce32affabe3e93e,3880,80432,https://yt3.ggpht.com/-Zl_zf_NYckMhEaaHVfIIOw3GQdfdwFcHp29-GSxRT5-oPQlO1iOWAdz33s0l5h9FUyTKAWQ=s88-c-k-c0x00ffffff-no-rj,,
b18dea7632bc49db974a22d6eb6660fb,129,7922,https://yt3.ggpht.com/WIf-jSfQoCQZ958IP2izVhILGy_J_Iwqt9Zy9hHEyaWkltXtpXvIBc6dseK-jONQgB-_cuJuxw=s88-c-k-c0x00ffffff-no-rj,365,https://static-cdn.jtvnw.net/jtv_user_pictures/412af227-a0d6-44e0-a84e-686621471dd4-profile_image-300x300.png
b19d58b07131413a92b4bd16e37e8e38,2400,11164,https://yt3.ggpht.com/S2BYbVDr2OZY274K1uSqLu9lPG-13l2Rv_uCIKY5RKJFbBgiCiVbAB8AK_P1_4T7jlKrYQEb=s88-c-k-c0x00ffffff-no-rj,,
b1ba066a7bc44c93a4ca264f2144f5bd,445,9425,https://yt3.ggpht.com/KjU-1AHIY-WxOlgtai_3NAgG7Zj5Xne0sWqy7QS1G5GY6QsDnwEGEyC1llqpghPMdSKobiTG=s88-c-k-c0x00ffffff-no-rj,793,https://static-cdn.jtvnw.net/jtv_user_pictures/7ffd80ab-bef7-4fc7-85c2-c0d55f91e28e-profile_image-300x300.png
b1c9458ca89b44bab0f09883ef40c45c,1930,48995,https://yt3.ggpht.com/aTJeK2scDP2iTIdh60jo64o9aGQ7Pnv5BBdPilS8QAmZtGqUivShr6vEFY-ADCzhZ_jS89tDvA=s88-c-k-c0x00ffffff-no-rj,,
b211eff7fcd04d47b81ed440890edabb,3840,96803,https://yt3.ggpht.com/37nY3gF6RjsQx_lcOBp3_LC8RI9PfsZjlKLGqRn7XhhBA6DdUaNwTnuTKppoTvJDZ6VwvoA08Q=s88-c-k-c0x00ffffff-no-rj,392,https://static-cdn.jtvnw.net/jtv_user_pictures/78843db6-d560-4ca7-ac8b-579d2cc28c04-profile_image-300x300.png
b21dcc4162384eee9edd3ca7251795f2,690,19239,https://yt3.ggpht.com/1ALi0Oryeq0XeI4rWIAmRrGEHyIIDhMBNR8-RgqkHNJP9scsztD1i7MwbFRzq8I5Mn5fbxla=s88-c-k-c0x00ffffff-no-rj,,
b2313ef4c37542c89796ae94dfb8228d,2950,93578,https://yt3.ggpht.com/0CoQCca534JdyEJi0Wnd1ORxEdqVcx_Mh3B5QD_PbUtlZAS6U22RFacyiGjy3gs5yxsLAABfyw=s88-c-k-c0x00ffffff-no-rj,,
b2e19555d1f441a8a0e3f53b6507863e,780,39408,https://yt3.ggpht.com/wRtE4UWZ86AZ_bu7Mvu-Arw6JYWO3hvSt5YNDu-UiFszArqf9RUjG7yJv6X2TzaQg7-8ufZu=s88-c-k-c0x00ffffff-no-rj,112,https://static-cdn.jtvnw.net/jtv_user_pictures/91c94942-eeb1-4dfc-91a5-4ea573817406-profile_image-300x300.png
b322780e7b80404193373149bfa8e86d,1130,18639,https://yt3.ggpht.com/ky8TwDBmOAZP9n2B1_2PXiZLPnc4oZJ5xlEDjJULMm3rTXGdFTJ5UVRa-0ggM32juECqp5jLjJo=s88-c-k-c0x00ffffff-no-rj,,
b32d16e391cb490aaea0e1d2e366f839,2000,25508,https://yt3.ggpht.com/0obtz91a84LUEZDi8yfkxUd17iNV1tlQli6HCRpSZO3WZ1tMQTZMagQRlZTE08fIGvLCqCwdWA=s88-c-k-c0x00ffffff-no-rj,78,https://static-cdn.jtvnw.net/jtv_user_pictures/53e09e72-fc9c-4141-9f1b-23a2f2ce598f-profile_image-300x300.jpeg
b34b0381ce8e40f2b24fa0a96a1e1bd5,1920,88563,https://yt3.ggpht.com/wCQvNuP77gAEekuWsNfanFlg48MvQc_nXWvRW88ld55Izi2H9o8W7lCaVumZfUripMkjfNsI9-A=s88-c-k-c0x00ffffff-no-rj,,
b359f595b54b4edc8969423a8b5658ff,508,17049,https://yt3.ggpht.com/PmpXHiVVlOs8LPFbbs17CKwo6p8qGb-KV43vn0EWleON7311kDdQB-YlwbhUEcfOtQ4wXst5BQ=s88-c-k-c0x00ffffff-no-rj,,
b386124230514f5fa128ad046e85f12f,362,4990,https://yt3.ggpht.com/axFs2GhXmMm49fml25X2hf-g9nN0rdmDZufpizWkJdBZmaBUabLeERwnOWsKGbK6RvB9z2-t2A=s88-c-k-c0x00ffffff-no-rj,409,https://static-cdn.jtvnw.net/jtv_user_pictures/ba057cc0-b8fc-42f9-8ca1-2c1112863cb7-profile_image-300x300.png
b39949e93e184c85bde930a33d1bee66,301,6517,https://yt3.ggpht.com/6LGX8FI5Q4A0M6MR4X2XVK9dwMOwkl3a0A5yyobLuj5OBLNTTdUwK--1NNTEI24xxwle5UzA=s88-c-k-c0x00ffffff-no-rj,,
b3a1f0922f7440f3bb1adbfa7a04bd09,214,7441,https://yt3.ggpht.com/LvPiLpArh8kz5Wh66sCbGMd7ztY39L-35i9-8Mj7CM6i1Y_sgwrWymo2JvyGfYGQGOZlBdXGqQ=s88-c-k-c0x00ffffff-no-rj,816,https://static-cdn.jtvnw.net/jtv_user_pictures/6e464f45-c0fd-48ef-99b1-e504e39db2ab-profile_image-300x300.png
b3b24f0ebecc45118f88f12042bd59c8,392,59766,https://yt3.ggpht.com/sx_xzUIXy0QTe9UZPMLZWEjTW4sHHUyFO54pcB6eZGd8zLMDC66gJohFw6-QJC-llWiiPkbQTWI=s88-c-k-c0x00ffffff-no-rj,,
b3c1a09b09a54b9a8078d3310d151efe,4510,106809,https://yt3.ggpht.com/HrCfwluE9eQ7c2Nl890Ewal7hxX9BA7D8F0320QO32I5VzQiacB3YO0NdwNZiBkys5S8ydGs=s88-c-k-c0x00ffffff-no-rj,,
b3dcdf2b73a64cd6ab7e4299ae43a6b8,21,1118,https://yt3.ggpht.com/pjdmgW0HbTkaPcWTEKpi09hp4yOYiVm5m2E__W8i6z10jGj1rL9Lq8e2o_lrcWRgOp2aI9sxSA=s88-c-k-c0x00ffffff-no-rj,7,https://static-cdn.jtvnw.net/jtv_user_pictures/fbb859b1-6bd9-43b5-9799-5b89a72f6cf4-profile_image-300x300.jpeg
b3e0bc9dd06f4774b492e6d50dd92be2,48,64,https://yt3.ggpht.com/8uHoiCB2sbyPrHZ0e--Qu0MJFi_ao9H4yiGwmHSAV3p3B7zMr5-da96mL7LOUW3HnP5J9Nnj=s88-c-k-c0x00ffffff-no-rj,185,https://static-cdn.jtvnw.net/jtv_user_pictures/109fff95-a769-4d59-9202-fd1a6eb01d81-profile_image-300x300.png
b3f711673fea4ec5b6f87c023353594d,2260,104991,https://yt3.ggpht.com/Rv0wRrOomzkfp66XxMM8dsT9pZdKyJrS0eysb3thRyYVjGNj1xO0hRIr3DLqjZdZmNgGlQFPdA=s88-c-k-c0x00ffffff-no-rj,,
b3fb28fe6a0e4fcfb8014e7a4070ca09,724,43795,https://yt3.ggpht.com/x5BYSQIu5yhx8ZIKG2mVM9lzciGdbLZaQJSFvfCZ5EVRmxLRLYjfbrleBvQR-nGHkntFtZHDjQ=s88-c-k-c0x00ffffff-no-rj,,
b42416c629e64c948f75aff4ff5c9a8a,27600,908145,https://yt3.ggpht.com/P2_BLz4yNa_Gz-zcLpUu9pbkjCkC7eVRrXfXsitBK0tQAgSDFSLD8X1xPQbgidPDx3bcGkTqXV8=s88-c-k-c0x00ffffff-no-rj,2905,https://static-cdn.jtvnw.net/jtv_user_pictures/5f91eeb2-dfa2-4acc-acbd-da21710a4ad9-profile_image-300x300.png
b4607ee6ce914078ae3704617ca03333,,,,556,https://static-cdn.jtvnw.net/jtv_user_pictures/d781a0b9-f16c-48da-bce4-e0a8a2479a12-profile_image-300x300.png
b473dffe721745f6beb34b5a49e9aeda,5220,430641,https://yt3.ggpht.com/DKVMLCdfVoeFoSM4Tg0swFCzAfK3GbIvPNjbVmjdhxZo1TX5Mb57Zf_i7E1n3ZRt2FCh3K8Z=s88-c-k-c0x00ffffff-no-rj,,
b49c2970f97b4fd4a6762b3e9ba94f8e,1770,14153,https://yt3.ggpht.com/V-n6BL-h0i4Yd1VhJFGLONeXQY_FrEztge1bqe1S9qxNsVD9_aCpTt7b6n3JXiZCpMaMfVYxvA=s88-c-k-c0x00ffffff-no-rj,8926,https://static-cdn.jtvnw.net/jtv_user_pictures/40511dc5-f64b-44f4-8e40-6baf9e9563c3-profile_image-300x300.png
b4a1791208fd4d85b7b08ee2bad0c236,102000,8602746,https://yt3.ggpht.com/dWWQoNHrRI-eyGojGSQ_GDmeRiSPNI27VNJoFrvJW-B0zg5Jqd3mJMNnfrkc60yUDil6lumCyQ=s88-c-k-c0x00ffffff-no-rj,,
b4b4fcedc8264cb5b90584935aebf110,638,14079,https://yt3.ggpht.com/AiPAIpS6CYrZy1pIhXwv61BHtJhzj4ZpLut9t3fBi0Y16QAd1wWt06RQCxyXic3eCatLvbccAA=s88-c-k-c0x00ffffff-no-rj,255,https://static-cdn.jtvnw.net/jtv_user_pictures/d451dd4a-e020-405d-a450-c103b2955011-profile_image-300x300.png
b4bf821f6a6a440996f4fd9cddaf250b,9160,352279,https://yt3.ggpht.com/bGfljAkusIKUybJ-j2gzR6zvUhdl47kCOhS0Xvzo5NcewhMKMOvFGFOwvVJcX0fFk6Wi6T1mmPs=s88-c-k-c0x00ffffff-no-rj,,
b4de9155a5f34284a41224c38e70c67e,1000,41709,https://yt3.ggpht.com/ytc/AIdro_nu1H21jKrBfQIHFwEMQq6KdRaiihW0fzFBa_SdJ4v9mBbf=s88-c-k-c0x00ffffff-no-rj,44,https://static-cdn.jtvnw.net/jtv_user_pictures/d424d2c8-447f-465a-ae29-752e9d5fbd6c-profile_image-300x300.png
b511c9a0eba7474fbb8ac8d02ff357b7,368,17904,https://yt3.ggpht.com/Qg42xPxusL5LXuZgCNNkQpk6_392VE4DZkWz1Fa2P-iNvQbPTFMii9cj5oqcMkU2sFWlFn3a=s88-c-k-c0x00ffffff-no-rj,,
b516b71a9e8d43b8a377dabe1f9057dd,1250,36786,https://yt3.ggpht.com/5t5qFwnT7432qO5CYcyA6ycTGWyAEwj5gHas37YDDUsLm0NXVBvARBBrVQUwzUs8e0pODnG04Lg=s88-c-k-c0x00ffffff-no-rj,250,https://static-cdn.jtvnw.net/jtv_user_pictures/312971f5-d9e2-4d42-83c1-9b80629d2e1c-profile_image-300x300.jpeg
b54e216619d14031a317b820113e4084,6070,252383,https://yt3.ggpht.com/8WaUCYp06oE6xlmMDs3SGFBrKY7bwNsUufoVHVViqw9XI8BvXifTAh6UrqswDi70N7x8cSgC7A=s88-c-k-c0x00ffffff-no-rj,,
b57162e62056494d85f1743abdbad648,11800,571749,https://yt3.ggpht.com/zBTuisReudr71nRHHx7tEYrMG4LK9rSRWHczWUhUE40eBEAGB-atSpGplrJ1EuTH1r4BdoaMoQ=s88-c-k-c0x00ffffff-no-rj,311,https://static-cdn.jtvnw.net/jtv_user_pictures/0493ec16-dbbc-49e7-8756-faf37fa1ccc3-profile_image-300x300.png
b572cb7de27446e3bcda5135f6a23d8a,510,9051,https://yt3.ggpht.com/mdNaJ-AMCF3UzM9g3iL3vwiZ287NziHxz0KkfLE_SmNh9159EueoE2g8u_kUyGUWlzOU1dhxOeE=s88-c-k-c0x00ffffff-no-rj,,
b586a78c976b44859e93d12f47bef826,937,25045,https://yt3.ggpht.com/jKuOC1MFm09kAj6muEI4ii6mdM5cFJsJVb0xo4qEOYmr58Y6z671siQTl2Ap__jrfPPyIqk4=s88-c-k-c0x00ffffff-no-rj,,
b58761a33d75486f8aa0bf3f5bf07fe5,5610,61393,https://yt3.ggpht.com/ytc/AIdro_mIt70weBtots33ZYh-wBgpBNJ4NDe5g_HLVokCXJO8ycnxFH-BGhJ6R-2w_YgRMLEkfj0CiSfD=s88-c-k-c0x00ffffff-no-rj,1808,https://static-cdn.jtvnw.net/jtv_user_pictures/c3cd9c46-e2e5-4afd-aafa-1c374ee66a92-profile_image-300x300.png
b596a01b8b6a48e4a96cb67b2d5cdccd,1010,39582,https://yt3.ggpht.com/ytc/AIdro_lMD9T6RqN2gQbIMVDke5faM9zglC-lBl63Xa7fZisY5g=s88-c-k-c0x00ffffff-no-rj,423,https://static-cdn.jtvnw.net/jtv_user_pictures/0b638360-3b6c-4ce1-8b99-c86333273585-profile_image-300x300.png
b5c9831f97f4427a88a96d7c4ee40539,2150,193511,https://yt3.ggpht.com/JteeQO7g8pRWUtQX7ZKtuYg6WaCrhKBvj251petjT6rWEBlv98ePR2vz9w8Uiat-iqmruHnS8w=s88-c-k-c0x00ffffff-no-rj,1283,https://static-cdn.jtvnw.net/jtv_user_pictures/1f24f5f3-4a40-4c43-9b1a-24e5888af6f6-profile_image-300x300.png
b5d3dfb81219492cb11a34291aab8cc8,1010,29861,https://yt3.ggpht.com/PFgNw6GH2ckvYH46wYN2hKXhyM-jgkGCeE00ZBqX1rtAHunEMmDp6nnuX0jqMW_K-lvAWxd1fw=s88-c-k-c0x00ffffff-no-rj,,
b5e6939c87f34003b2faf4bb3a72ca14,747,0,https://yt3.ggpht.com/koaouUGaOZa1naVrbfm0IGt1Rab32bt6tm6xMPZCfU753hrk0tkU4LR729Jn6vc1SJe_vGXksA=s88-c-k-c0x00ffffff-no-rj,,
b5ff000d6dd74683b17965294f1c4bf7,858,28896,https://yt3.ggpht.com/aFktwobM3N6vd4GHyRTChKtibLYjsVOH-rJf-ywRNouqVJoRZu_5f6jWCL3ApAspMwtMIN5SKA=s88-c-k-c0x00ffffff-no-rj,778,https://static-cdn.jtvnw.net/jtv_user_pictures/8d99ab70-1058-4e83-a2ce-e1700ec6fd45-profile_image-300x300.png
b632def93af34129ad1a2a6f01a8277f,1780,81017,https://yt3.ggpht.com/ytc/AIdro_mPZ_rXTops_c-f8U5Si47RdGxs-k8_3zgqbqMgF6oGJRU=s88-c-k-c0x00ffffff-no-rj,,
b63a5ee44acf4498827a3fd984ab23e0,17100,1029206,https://yt3.ggpht.com/Ws_Lf_8ysNlfMk_-YwCQOXFYEgSP4lks6uqWjZ2T_rytm9-SbEIRg-Nmfr2S_sk39SEMoVlL=s88-c-k-c0x00ffffff-no-rj,,
b6519fbc0d6941d4b43ce1742a14b0b2,,,,760,https://static-cdn.jtvnw.net/jtv_user_pictures/babfbdda-160a-4bdc-a8c4-8b23019d7813-profile_image-300x300.png
b6a105f12b904256ba356935ae46657f,5050,118249,https://yt3.ggpht.com/v2cJ1KYTJ1_3KrH2ofl28SmBXvWVFJZqAmUC_8txrnStgJJ99x9jAktIXY01dpK87NrXaPzQKa8=s88-c-k-c0x00ffffff-no-rj,8016,https://static-cdn.jtvnw.net/jtv_user_pictures/d2e77389-816c-4987-b3bb-09f97419f453-profile_image-300x300.png
b6cc2e3d23f34ba8bbeba181d19a714c,186,2750,https://yt3.ggpht.com/FLOcgtjL7ogv17h00ZXSeHPKNlseOFk8yp6hq15N6DU5lEKRnDYGmZ5yDNAOmLrPIXq-8wM1bA=s88-c-k-c0x00ffffff-no-rj,2159,https://static-cdn.jtvnw.net/jtv_user_pictures/be77f172-9169-49b6-a70c-b685ff209f3b-profile_image-300x300.png
b6f68e0e323f45458752f3a7ec6a08f2,26600,1787181,https://yt3.ggpht.com/tZEv92rwBhgCfVl6Ya6boBLS8soE7nzVA8xoH9VTqVr-BTonJn3CY8Geqdzk9vD2ESBQ6yC0TNk=s88-c-k-c0x00ffffff-no-rj,1907,https://static-cdn.jtvnw.net/jtv_user_pictures/70b96a05-84f6-4feb-ad69-464d8c083d8d-profile_image-300x300.png
b6f8117355b24e9c8a8a4c813a72aec9,4390,36190,https://yt3.ggpht.com/bOikE2FzlWawFQQA96ym2Mk9s1oYUUUwfKntLxwZziGxVuV15B1ps8zqg3pWGaMYGvfNcXYcZg=s88-c-k-c0x00ffffff-no-rj,286,https://static-cdn.jtvnw.net/jtv_user_pictures/a8bdf7e9-7b9f-455a-9176-c8c0a77b81b1-profile_image-300x300.png
b72be2e34f9a41d598ea5332c1facb7b,1020,31565,https://yt3.ggpht.com/om4gGoUuwljwgv5QWAUbkQ7PqHU11GxrPKKjRDrgnRhbueXS3iYzda6YqBsIu6XbJyUfuRmT=s88-c-k-c0x00ffffff-no-rj,327,https://static-cdn.jtvnw.net/jtv_user_pictures/0d3cb864-60ce-41e1-9cc9-68c3734e0345-profile_image-300x300.png
b77374e93bbf4e289a5b6082a7b43c3c,12500,598917,https://yt3.ggpht.com/Sg5IpxlHbYB2fnMWrrq_Ite2PL4p_k0lUv1Io-OIOiuN6c-3LVeNXfAThZ5NFt8cr6Da3kR1EZQ=s88-c-k-c0x00ffffff-no-rj,,
b79ac08a857c4553921c04c3b14b89ea,1390,85566,https://yt3.ggpht.com/r56c87QuhNuptA5ImjW2mI3VM-P9ysCo4UN_tpwbOjTCz2dNBYssd5Z-lwUmJ7ft713xe_EKHQ=s88-c-k-c0x00ffffff-no-rj,488,https://static-cdn.jtvnw.net/jtv_user_pictures/ef213d9e-a648-4325-9429-95c9abfebd5b-profile_image-300x300.png
b7b1cb60f1c24c0ea4fb1f506d3e247a,505,11450,https://yt3.ggpht.com/OdVEuG0bYMLcj4PK1nj1mYPX9w_EACW3ePNMxdR1jn1abpamIFYYDeqZRwGYYFZNeR-ljNz28g=s88-c-k-c0x00ffffff-no-rj,1383,https://static-cdn.jtvnw.net/jtv_user_pictures/931b888d-7c5b-4982-8d7e-87dcc2e06dfa-profile_image-300x300.png
b7d6389173e248aaa593956be60e38a3,44,10456,https://yt3.ggpht.com/wPDtkGr5slNNhh2-I-o7-QseSD19DJ-0EMNDfddpRu2Szpk1YhyqndM7hjPbWsMncC7_bFwn=s88-c-k-c0x00ffffff-no-rj,397,https://static-cdn.jtvnw.net/jtv_user_pictures/d8b8e99d-fe18-4641-a457-184db837917f-profile_image-300x300.png
b7f222493f4d4bd1be65f1c08300b45e,9580,358169,https://yt3.ggpht.com/Ane66eNfr9w1PdTEC5pim0zNiTBSy4aIyKYtzbpUbmtAQDdN7fhIQOcmh7uh-5lH6JrtIVMnMTQ=s88-c-k-c0x00ffffff-no-rj,,
b7fa120fd2264ecca8f9f02ece2850a9,2170,131301,https://yt3.ggpht.com/d31ktOgd9U_VSvURdD0oDagWEUYbkVzcgNZYHzvar40CArcMQZMgqy2_ZDrAOpgV97RoLATF=s88-c-k-c0x00ffffff-no-rj,145,https://static-cdn.jtvnw.net/jtv_user_pictures/3a262dd3-e2c5-4cb4-b224-4a69f9a9f947-profile_image-300x300.png
b80c21b76e7849f0a0fa94194fe2ad4b,1140,18259,https://yt3.ggpht.com/ahZOTr0Dz54J5mlD_z8og7TDx8svkNc-ttdlC52zzGDiaUmuV8VxxWyj23VG8NrOok9vvQmY=s88-c-k-c0x00ffffff-no-rj,1046,https://static-cdn.jtvnw.net/jtv_user_pictures/9f9720d3-7f41-4eab-b6e7-b20ff1d27039-profile_image-300x300.png
b8495fc4bb174140acf0ebd7d64fe044,27,2391,https://yt3.ggpht.com/bByllt3ZXszox4Dic-JAE1-PJYEOVeu_YWnGH7lvNrb5LXX1GPwG5gw93t2cHmZZYuB0OGplmLw=s88-c-k-c0x00ffffff-no-rj,2738,https://static-cdn.jtvnw.net/jtv_user_pictures/0ca10e4d-6344-4e40-b963-1f09f6ca22f9-profile_image-300x300.png
b84f2dfff8ce4ca1af82bfc44405f1e7,1150,53842,https://yt3.ggpht.com/AMRMbfc28tmf_HfMdZWFzNtYpfoFWdoRBG_P5dk62X2BbMMECqnBZc1I1u6UtM0kuJzZSCo9oQ=s88-c-k-c0x00ffffff-no-rj,,
b850c220033a4b6d83c9b9b70b04647b,157,2932,https://yt3.ggpht.com/1Di1DkIDjB_zCq-i9dRrcr2YYUjntYcljqbAu7HQNhGy-ryWyoUItdD4MlbckAMf-RiGPwvD=s88-c-k-c0x00ffffff-no-rj,172,https://static-cdn.jtvnw.net/jtv_user_pictures/981cf888-820c-46fb-b3de-c933331441a2-profile_image-300x300.png
b8c13d7702844995a0b4a66eda4d31bc,751,11951,https://yt3.ggpht.com/MVk9-Ou_NqLfNBIF6BEOhfDNvengTsH9k0G8nczxjWB93qtVKOMqt3twh-sN9zb06mMX4_wspq0=s88-c-k-c0x00ffffff-no-rj,580,https://static-cdn.jtvnw.net/jtv_user_pictures/1dd9fa3d-e232-47be-b130-e346e23187ab-profile_image-300x300.png
b8ccfa7aec6a419ca8ad1a91d9fafdf6,653,0,https://yt3.ggpht.com/YhorHAefUzSq4qrS53ZqAI13hzj2udXTeGa7rjwGo0Ikn4JDC0DeXqyTKaJXw4LiPw1nTrhouQ=s88-c-k-c0x00ffffff-no-rj,2133,https://static-cdn.jtvnw.net/jtv_user_pictures/51299740-b9c0-45de-8ce2-47864661e068-profile_image-300x300.png
b8ce93818de34a93901147e5d9857170,1440,76791,https://yt3.ggpht.com/nJUA138uYcqEIGfmfB81ICAFgd5SRBkCz713OoIojNL19Y6aDwoyjeONNVEiZdDJfYeur_OKSCE=s88-c-k-c0x00ffffff-no-rj,,
b8d723ac79eb47229a23adc4029a5bd5,2120,0,https://yt3.ggpht.com/o2hk8YfI6qobVV0vScp4pmmFf_sZncU5zIDWCO0kRRp6G791vczIcdpwE6z37Mgur1_LsMIe=s88-c-k-c0x00ffffff-no-rj,,
b9086ee5f7b54353a5ba85c973b2e2af,686,22385,https://yt3.ggpht.com/86NkhgIY28ZMkXbwBMDMJiFTMWG-ilT5oJNj7ukyHCtOEuqWU0L77ECK47bTRVmjeEQrw04F=s88-c-k-c0x00ffffff-no-rj,,
b92c6e4c3bea4b938077a8f152f78083,7800,56389,https://yt3.ggpht.com/ytc/AIdro_khLRTClw9PNzFJEHbk1WPsF63bwCsWoMZVLaBszllunQ=s88-c-k-c0x00ffffff-no-rj,,
b92f05ad314c4937b09cd603f9ebd64b,,,,362,https://static-cdn.jtvnw.net/user-default-pictures-uv/cdd517fe-def4-11e9-948e-784f43822e80-profile_image-300x300.png
b932ddb915af47ec948b56d4bf901dab,219,2011,https://yt3.ggpht.com/yGM9BUuXX7BWlzVx2LWw4QOJyp4Vz0g7DefifJ9FD7Rbnx-KMPdV8hjLK4nXfPOkQ0lLm-RVvA=s88-c-k-c0x00ffffff-no-rj,,
b93b5ffedc3f4310af888462d65e4082,815,34960,https://yt3.ggpht.com/80XmZ_8QQtfDZufGrGKijeAcHhYZkj2DWu7znN8-hP-8S2thpNjbVuoJQZTE73d9fldrwv6p=s88-c-k-c0x00ffffff-no-rj,167,https://static-cdn.jtvnw.net/jtv_user_pictures/4a6e82c3-35fb-4caa-b528-5d172a89d58f-profile_image-300x300.png
b9569d6e438b473ba61d88c0230899f5,4450,216193,https://yt3.ggpht.com/EcLJdPvH6PGmTbq23d2imfCUSqwz8UdatwAF1gRdTEsbR2-5BiyYdVfbVWKjINi5FWrzbbmnlbw=s88-c-k-c0x00ffffff-no-rj,,
b95eb39c5bb74de687696afbc31fb836,2350,52278,https://yt3.ggpht.com/K98irjRO6yEasdNkGFGYeLRLvqnAPx73w0cLLE5WhXqf67ehXEFYuxQoXS6fGZXYsheIRNBe=s88-c-k-c0x00ffffff-no-rj,310,https://static-cdn.jtvnw.net/jtv_user_pictures/b580305b-90d8-4310-910e-e0d9fb8c3805-profile_image-300x300.png
b96e4730713c48899004d4af5975fe21,769,4966,https://yt3.ggpht.com/rJEg53ZJIKfbuPC-oHddnmFy63s14tStAb3HZ_Qxjhe_Lz4iB9ApcaAfiN6qw7nQIJQb8Y1ZtA=s88-c-k-c0x00ffffff-no-rj,249,https://static-cdn.jtvnw.net/jtv_user_pictures/e3253da5-5396-4a64-b9c5-3e171bc5a5ca-profile_image-300x300.png
b96f58f4373a4b65977afe5f2829e9e4,445,91547,https://yt3.ggpht.com/UZYoGSffSh7gWDTTuVooN056QEUfS5pYMIggUNeZXYP8pNHSxl1BLjdEcxMMu2R5ANZFUpmi=s88-c-k-c0x00ffffff-no-rj,328,https://static-cdn.jtvnw.net/jtv_user_pictures/fc2f5f4f-51d2-4e7c-8a5b-4dd04736f990-profile_image-300x300.png
b975eb70ed174bbda87e181be25bd1c5,2450,78563,https://yt3.ggpht.com/SELpKqoPiA3anVOj0M5AucsHB59nb2muvjE7lD77IX4JgmfrK6hnnXrO1ky0XooTY6SU3zBocg=s88-c-k-c0x00ffffff-no-rj,,
b9a09f50375248aebc3d6afdb7f5adf6,102,2488,https://yt3.ggpht.com/cz-5Yu_zYcMp8fz14gRS-6ZP4OYsWy1XipFI-uw7zGBGlByso22HZ9wgAWj3EcN3najfGF6HnDw=s88-c-k-c0x00ffffff-no-rj,844,https://static-cdn.jtvnw.net/jtv_user_pictures/2e41f8f8-026f-439b-9eb0-5a6617024342-profile_image-300x300.png
b9b727200b664a98bc1a8fd76d3cdb9c,793,17529,https://yt3.ggpht.com/dpoWD8CaCpq67t2h4kDQmsrY74sKJZOafB8JSoj3gdUw70LBzpkSxk-DcM98BKGiNP7i9iwCdRE=s88-c-k-c0x00ffffff-no-rj,,
b9d51a073b4542ac800bd7c9e38d0902,28,842,https://yt3.ggpht.com/yp9EvnWMDz7U4Cn3H6UW2k_zIG7OKUHBcsoM-1qJ0EIkkY8QMFCfL6_bDLZLoK2OCgeX3Ze6eg=s88-c-k-c0x00ffffff-no-rj,207,https://static-cdn.jtvnw.net/jtv_user_pictures/236605b0-3583-43d7-b026-95dae9d74476-profile_image-300x300.png
b9eb00549c554290a7dbc5cd05910239,328,9028,https://yt3.ggpht.com/sYqJTRJ_siDCFz_7cv4gDF7YdvNZlYbB86n-SH12CuUF71xf3reRoe0jecuLtKOkJWDkbevWTA=s88-c-k-c0x00ffffff-no-rj,,
ba27c499a50f4cac87e6e5b94da18292,74,1110,https://yt3.ggpht.com/gHjZkT5H_LYFd4jIF25hW5-wj85XznWMkpi4Yqq58Q7yVq-z6DfHs-GMipF8Q5Qm0-_G1xOW7A=s88-c-k-c0x00ffffff-no-rj,693,https://static-cdn.jtvnw.net/jtv_user_pictures/8f4c9b7a-cbb4-4a05-b3c1-1f01a6bebee0-profile_image-300x300.png
ba41581d315943fdaebe0dc981020d1c,3790,161328,https://yt3.ggpht.com/BCj6J0qMsy84We512B-MWfzizJdAdln9ihvGCTokaLYswAGBhbQ0jiwYxtLOgNemoHilfzuNMA=s88-c-k-c0x00ffffff-no-rj,,
ba562aad440d483e988d3ce7e7217c94,,,,30331,https://static-cdn.jtvnw.net/jtv_user_pictures/be528a4d-c9fe-4378-bb7c-0c0c99c4818d-profile_image-300x300.png
ba59bb31bbcd4cf3a481c4cf72918fb0,50300,6212768,https://yt3.ggpht.com/baScniB532qIKARjCDG7UEAOUj6yM1JgW2uLbpPKBfvt8rJWECfGR6NjarllDY549aKMkxYydMw=s88-c-k-c0x00ffffff-no-rj,,
ba5ed25718a7421cb15cd0ec62df723e,2230,103046,https://yt3.ggpht.com/odYFgModArdAmEC1ljAxoatUguwdlQkBF2zXDLtk36UKfH6bbLc4f7kUEeGBhN8zoNG9HNJBQg=s88-c-k-c0x00ffffff-no-rj,430,https://static-cdn.jtvnw.net/jtv_user_pictures/f4bc780a-e191-435b-b7bf-148572b3a39b-profile_image-300x300.png
ba654048cca44792b683eb7c929654aa,1480,61514,https://yt3.ggpht.com/JOX7srtlg7ub8Fmv9JzFKx0vd0j1rKsfEqLbR_aYtLLCNPLsQJY-EHi9e24O8xO7O9I-F2GZFg=s88-c-k-c0x00ffffff-no-rj,,
ba795eb1ea0f4fea888b1bfff3d5be86,355,9180,https://yt3.ggpht.com/yk8aNpxGIe95TZzfOMNXfBTFTiOjv8DF13O6PD4wnwpUEf8X0f8A7Cy8YMYfD4DO0M47uvp3qQ=s88-c-k-c0x00ffffff-no-rj,3320,https://static-cdn.jtvnw.net/jtv_user_pictures/982e934a-62f9-413b-869f-73c5b6edcf64-profile_image-300x300.png
ba8a72116b644175830141c0f93b4764,104,2781,https://yt3.ggpht.com/DM-A1XCxkmKZsakLLe3v6_sKKLyEC40AfE_0i3YNuZ4zp445DUhYti_Z4LzEPrFvZhEu80m3=s88-c-k-c0x00ffffff-no-rj,,
bac1f0b8e8d149d4a48cfd30d7d7ad74,12800,1014354,https://yt3.ggpht.com/c9BRn1QiZchkKLhduiPjb2sh2Wsv5kq05mx81aWXiFrdGuOihJiTSq2m7v8dRbL7ifmEdGv5ew=s88-c-k-c0x00ffffff-no-rj,,
bafb134fd2f849898d6242d1f5f683cc,133000,17115293,https://yt3.ggpht.com/bB_QRvXCBEWbyikDLlj3czeHt0whb25xssspRWKxse-NxAMfFQEjx9ccvZ0rJrOOPDvmhpHuujY=s88-c-k-c0x00ffffff-no-rj,34958,https://static-cdn.jtvnw.net/jtv_user_pictures/22fd57dd-65e3-4513-aeaf-da0aed90c6a0-profile_image-300x300.png
bb0466e52fe240099d8498548b2fad3e,273,14851,https://yt3.ggpht.com/65oiZAr8cxS5dtlBaQm3vlJAvu8UTZbCOG4spsME_sTKeKCKNBevGoRAq8BbZ60v4k1xiNrK=s88-c-k-c0x00ffffff-no-rj,79,https://static-cdn.jtvnw.net/jtv_user_pictures/7b2d777f-846f-449a-8259-a58c0f151bde-profile_image-300x300.png
bb1cda940e0a44b3a25f3e368c19c490,1250,28748,https://yt3.ggpht.com/CNYIwldjL9v97dREJ0zsS_spOD9-1pHEUElhsTdLaSh79NXtc0E8PxuT4p5DxpLyfLStPHm6rQ=s88-c-k-c0x00ffffff-no-rj,,
bb21226dc1db41e294f545133948115b,184,9080,https://yt3.ggpht.com/-LfZqt7J5152oVbU7_dehISq4qh57b6v186bhwRYV1uphOZEeqBMYdLZmdzkBkY7em0ahZKF=s88-c-k-c0x00ffffff-no-rj,885,https://static-cdn.jtvnw.net/jtv_user_pictures/77121eb7-df58-4083-98b1-f00daf77606a-profile_image-300x300.png
bb56715066e548c297232372a16ab083,873,54152,https://yt3.ggpht.com/ytc/AIdro_m8LXyapz2h5LcQdgyGM8MafX1E3SeVXNvwtn8DnQi5C0pd=s88-c-k-c0x00ffffff-no-rj,1389,https://static-cdn.jtvnw.net/jtv_user_pictures/70ad36c0-5a2a-4020-870c-d4a63c7ca7ec-profile_image-300x300.jpeg
bb775b8f85574398af290f5be009d40e,672,1279,https://yt3.ggpht.com/0__IjlLT_RbkxemZQboXE8IhuXtXLPsGb89eClz_gWpr5OeOIjGfEa4Ssio2iNAUW5qH6VF4=s88-c-k-c0x00ffffff-no-rj,,
bbd618a3874d4ae2ba5af36a23bc1914,1490,29369,https://yt3.ggpht.com/4kd9-ctMFDm6QiNj0DWlp__3WZRQfInIiRSYXrJ4P7aWhx6r7rgcQ15DRWroKKhAcfjYZN-ITw=s88-c-k-c0x00ffffff-no-rj,7843,https://static-cdn.jtvnw.net/jtv_user_pictures/bf525b6e-1789-43ae-9838-a4b65f33717b-profile_image-300x300.png
bc0b8c437eda4361b2a10003013f49cf,31900,327177,https://yt3.ggpht.com/cO-9GHPag6F89ZIP7NBJhWyyLX5YeV4ncu5zVzGHg7vvgrVCCTF5KgyT2pVLTg8VZmoaEFe9zUM=s88-c-k-c0x00ffffff-no-rj,,
bc500108607f4b7d87f3effce3ab5fc5,47,6404,https://yt3.ggpht.com/AENvohQi5uB1mt4YOx7Lf7UH4OwwdqYex1PIXAFsM4gYjamFqBCFkbhH7FiMuqKF6i1UcMJRgg=s88-c-k-c0x00ffffff-no-rj,161,https://static-cdn.jtvnw.net/jtv_user_pictures/9a84c351-23b5-45b6-9941-d9937f2192ac-profile_image-300x300.jpeg
bc5f0ae969564d15a5e85bfbe4df3164,287,9235,https://yt3.ggpht.com/ytc/AIdro_msUtGI6E4FMWgjUwCDum9I5y3D2LnhHvDfFBduut0BzQ=s88-c-k-c0x00ffffff-no-rj,38,https://static-cdn.jtvnw.net/jtv_user_pictures/f667ba5f-067b-4e48-b33f-b2cd2bae15f6-profile_image-300x300.png
bc70de85cb744f13bffae8a81ebd6bb4,3810,92058,https://yt3.ggpht.com/W3onUfXydVg73mtsqYUDHklzupUPY2GXw4dxeDdZ-19HKUYYUoKMlB0H6m-eHVVWPxqCKEau=s88-c-k-c0x00ffffff-no-rj,,
bc77dc55cf9b4be88c878ac4b5c07438,673,2865,https://yt3.ggpht.com/-1pVkTcC97iZSd9PaNAabT--tcigF40RtXkWSfrMtTejJXNQNesxDt2jnPo3S1ZF5n6UtWZe=s88-c-k-c0x00ffffff-no-rj,292,https://static-cdn.jtvnw.net/jtv_user_pictures/6283441b-19a2-4b29-bb4e-9abf7e94631b-profile_image-300x300.png
bc7d14416ba24cc8819f0753e1f595f5,846,29018,https://yt3.ggpht.com/loJpIxKnh5l7svX00LTcU-5d0WSSd6CMCi2atC0Jk0GphNJcaBeIfOOP87oyDCsoXXEBngGs_f4=s88-c-k-c0x00ffffff-no-rj,,
bcbde4d998e341418ebdf3e26884811d,3560,87881,https://yt3.ggpht.com/fTtmnYiIA1Ffe2ePnibjGivAE9sqzn2DoR421Q0aIlGLDfdXr0lrc5vbv4d7vyiPSSFm7JKX1A=s88-c-k-c0x00ffffff-no-rj,,
bcbf00e1e98b4d5e8af20f29adbb0645,2850,160665,https://yt3.ggpht.com/mqcOlnhhfF0CXVlTAYhw_j6YgTNlQ8a-pHUZh2shvZO1T713kir0JIvVfsKNefuvKmTb9syh=s88-c-k-c0x00ffffff-no-rj,,
bd04e64364a545d39069ab05e09c8156,1380,65394,https://yt3.ggpht.com/JCfxEhgpwYkxYT30nS9vA7pvwd26KS00BjvmXNjMhAd0LwVy3pw2Q2o2U7f9Rjvulo964BvbXQ=s88-c-k-c0x00ffffff-no-rj,,
bd119628dae64d45b71b44e0f158f23a,385,4250,https://yt3.ggpht.com/vOGfC7xIimQEwu1Y58tt6F1iMVququdglhKGdE3Pwxs-WyPNXnoxLtp0tVK2CqpsHvAc4uGtT5M=s88-c-k-c0x00ffffff-no-rj,3046,https://static-cdn.jtvnw.net/jtv_user_pictures/8b0c4114-7fae-4efb-bee5-95c58a01ce10-profile_image-300x300.png
bd16ea1e11d9475eb53a108ba90ea6a3,595,33176,https://yt3.ggpht.com/rLHEf8o6iJLAsD_9p62hkS5bcQj2p9bqqG9EyyDJAqISoKqOf2NtazRiSprL5W-Qy8xQ55q8WA=s88-c-k-c0x00ffffff-no-rj,,
bd39e88e6dd24e659b135b7fe96bef5b,203,518,https://yt3.ggpht.com/oUNpSaF9EP22Dghn5dU0FCZggnwqJA8W2BSYhD6br5u4Z4JjHLve7CbWp6oVA1A6e3hmdKMaY1E=s88-c-k-c0x00ffffff-no-rj,,
bd7947d2357941039893b911b18f3b4c,422,25457,https://yt3.ggpht.com/wEzoDc-vg3ZmaWazN4UQnRCA0gNiBRJeQU8P6vwi-x6UEW7aboQHZOjuWzAcdf91-Qe7cwd4rA=s88-c-k-c0x00ffffff-no-rj,545,https://static-cdn.jtvnw.net/jtv_user_pictures/e3179a47-4f8d-480a-86de-ce1088fbb92b-profile_image-300x300.png
bd8b9130e88a44c98f1bdcbed402ae01,50,624,https://yt3.ggpht.com/uIFIWccoRk9jTCjy5uQI2sHhNmBQepgg2HHmVllUW-L27LwubyqKP7B6K6WDPYVeU00KGBG84A=s88-c-k-c0x00ffffff-no-rj,,
bd9c7d2e96094ce7b8ca032228bb13c7,2430,47116,https://yt3.ggpht.com/ytc/AIdro_khNo4ue1nNAlxwNwOtrn-NDz10ZS0ksza34iYN8UI57g=s88-c-k-c0x00ffffff-no-rj,,
bdaa84ad3c7841d6a9ec8774ed9d40a9,4120,92512,https://yt3.ggpht.com/ob2WG7P1u_uexAoRkHFoxkxmFWOW_qtH_qw53lxNs-T0hnkHI7-tstB1MAzdY7tMU-smWRxCoA=s88-c-k-c0x00ffffff-no-rj,,
bdc034d3afcd4456b6da2b96a2e460ef,8610,819965,https://yt3.ggpht.com/l0u8FKIl1c9Mn_72a9lIOWDOc6ZiUOdz0e1v5hOU-Lwg1KOAj2F9UcEJw5Hqot0GeBNh5yYcIA=s88-c-k-c0x00ffffff-no-rj,1539,https://static-cdn.jtvnw.net/jtv_user_pictures/b2b20195-2e82-417d-9ab8-ec1fa4fd9629-profile_image-300x300.png
bdcf0d95e6544ebaaddbfba94839cd6b,1220,45388,https://yt3.ggpht.com/q_DdcZrDHRbe2rGsUzsjijPSKDxCKa4xiARU5Mif2dn4BO91BlvPpd6PPASeUwWTSGeV32uly2c=s88-c-k-c0x00ffffff-no-rj,,
bdd0c04996154ef0be37c1f65b3b8866,902,21612,https://yt3.ggpht.com/zzD452wfxp97HD6Dekiql5EeyNSyzNEL3SZ9Wdw97obTIBHr8WJ-i1q-l5fn1O8LNlVmXogv=s88-c-k-c0x00ffffff-no-rj,,
bddcd7d262a2434f9b6d77150fbbc72c,3230,43444,https://yt3.ggpht.com/kBL0hZ_lIWOc5-0V2R7N5Bx1rPATGMBMvrlXb_39jZ0BPy7FGIHaJ3HhQRJOAa3kVhZlEOk8hhg=s88-c-k-c0x00ffffff-no-rj,,
be1a18aa8599409ba250e5345e62fed6,,,,1439,https://static-cdn.jtvnw.net/jtv_user_pictures/313dc8b1-c094-4b6b-ba8b-b4301c687cc7-profile_image-300x300.png
be1bfb3aafb34118808fd5a5c059ffaf,297,27517,https://yt3.ggpht.com/hyqM2H8JHVI-2-QH1ml2nZSzJS6wE4GvmTPk33_tSssquy-PtW_PV88dykjXOAVtRGmWJk8f=s88-c-k-c0x00ffffff-no-rj,520,https://static-cdn.jtvnw.net/jtv_user_pictures/96b14593-7b62-4b2d-83ef-24adafd96985-profile_image-300x300.png
be45601754a44c568c9f60f7d2847ccb,113,1284,https://yt3.ggpht.com/FAbayqSJFE0gHcbEL1_I7OpM-o0fmT1IRKPkwoEjqbDw6n1ikJQBjU58b-1e7FSj5X5KLnTq=s88-c-k-c0x00ffffff-no-rj,,
be4cf0f0dbca4973992d2cb553c1c2bc,149,2602,https://yt3.ggpht.com/heFhaDUkdBjjdIIzgMB-2ijAN5iZJ0EF8v46vHK_hmqixOMuD2y7uS1wkRAQ5p3sTiV4K2TJiGs=s88-c-k-c0x00ffffff-no-rj,906,https://static-cdn.jtvnw.net/jtv_user_pictures/bf27737a-2df6-454d-81ce-076df8d768de-profile_image-300x300.png
be56f6cf87ab4da7b132b9d62c74bc2e,1240,36057,https://yt3.ggpht.com/UZr-LTLeV7mbTUs3GbIVX-uwhIpx7gTilo76AFfuHvu9GikE1u9D3xPyjeK4KS6lunAUavbF=s88-c-k-c0x00ffffff-no-rj,,
be6c475c291d45a0a7349abdb70be20d,37800,11294101,https://yt3.ggpht.com/A5BtwUIIVjRBI1_e7CztcVTAsGfm5AP1gCrhnvj6AjRmnBCTxvvDJX9G_eyWgz69q8kt_h9D=s88-c-k-c0x00ffffff-no-rj,,
be84d60f2d0e452ab7d66eaeb957477f,1790,75106,https://yt3.ggpht.com/1RvOL52q1W0IIvOiomMGRogaH5o_--AsBNusad0qmNs11eL65lZNs2ggnry_a-OjWJAUbMcU=s88-c-k-c0x00ffffff-no-rj,,
becdcbab308f4fa18540982596eebbd5,683,5787,https://yt3.ggpht.com/jz2qA6TmXoqTMGKyr76qZeiRzX5D0YzW-Y5vTmscEMjy2BLRbvGuh2TWJEsA3wGZk1t4nz1AEQ=s88-c-k-c0x00ffffff-no-rj,6101,https://static-cdn.jtvnw.net/jtv_user_pictures/dad23d63-4cc5-4a5a-959e-0a7b7e7a175e-profile_image-300x300.png
bedd14283dd34a639c5f77a95856ecad,214,6083,https://yt3.ggpht.com/V77x0Lki590jXX5mtr3TwEaVXX4r4Oenyf7ybfXEwldzzFGYGRL1KP4CrNVg3c0X4kLAEUcVpg=s88-c-k-c0x00ffffff-no-rj,,
bee432690bb44e03940ab4a86bbbbdfd,1060,23623,https://yt3.ggpht.com/NeDBqELlrQwhOHFydNrtuBWOi98rNBiTdyb-ct4ivgNCdWlmW_AUUzDlqAoFbik1GA5IOyZthw=s88-c-k-c0x00ffffff-no-rj,,
bee7e3be201d4df089b9d73d384b75c5,582,859,https://yt3.ggpht.com/Y62Vc--8Hbs5nOHl03zzSR8EYz45mWK4Wk7p-rYfWvc9Wl6AOeZhTTiMFmO7dT-xWaS6DUYPnA=s88-c-k-c0x00ffffff-no-rj,,
bee9506c5d714205bfc69573280852c2,570,31240,https://yt3.ggpht.com/4MecreZqpBdfcY8lby6wy4UkOyatrj1HL1PE-s3DyMxN6IO191E2N62eAX99bF4MX64YYA3i3Q=s88-c-k-c0x00ffffff-no-rj,1923,https://static-cdn.jtvnw.net/jtv_user_pictures/1423254b-af49-432d-8b40-3cee56dc021f-profile_image-300x300.png
bef9339ef369421985354d6c47ff9373,434,3784,https://yt3.ggpht.com/9_FBP5W8eNaC2u1rl0GTR3CaUmuOXlw3YtxNb4X9hRQn1IySLsR6uM4PEoae-E9Sa9m1WOGdfQ=s88-c-k-c0x00ffffff-no-rj,,
bf03fd8b5b55481590ea63338c5cdd20,1320,25986,https://yt3.ggpht.com/XgmsaoO67vWOzrqz-LTRgvm_uzGyI-6YLQLwEWKn0sA3nRE8O_tdyHnmDE-0QFuLrt8y6ffJ=s88-c-k-c0x00ffffff-no-rj,1841,https://static-cdn.jtvnw.net/jtv_user_pictures/40de4dab-f787-46de-bfe7-f250ff13f3e2-profile_image-300x300.png
bf124655587e4f5b937d695be814d25d,1790,129900,https://yt3.ggpht.com/XgmVLoECNgCIslq6eP23OlWY_WUTDZM_RJrHZTXb_hQecDg9yiW12BxT8EaARyFhjQQQJBD3JQ=s88-c-k-c0x00ffffff-no-rj,,
bf195265fa5944d894dc53baf7143645,624,3106,https://yt3.ggpht.com/LKMU1Kp7BsRGFshiJ6GxDZM9nQm3INTwOxA3QbtQJ2cptdbees8DqK9Em9pcRv7VTEXNhkLM=s88-c-k-c0x00ffffff-no-rj,,
bf197e3d2cd6400db5f7e397427965e5,12500,172754,https://yt3.ggpht.com/pSwck6U0bwH14_gVoRQX7ru3MVnobR0gL3BwCLuNb-6FmKewh9-1cX5B3Fr-0HBnx18mZI8cdA=s88-c-k-c0x00ffffff-no-rj,173,https://static-cdn.jtvnw.net/jtv_user_pictures/9e306872-ac4c-4fa8-967f-039070dcf3c4-profile_image-300x300.png
bf277797951346fe991c27c79a6c5081,,,,8863,https://static-cdn.jtvnw.net/jtv_user_pictures/abe36431-6a6f-4878-bffe-6c1acd411068-profile_image-300x300.png
bf425f4bc9154c00918ed885bdced632,1360,79687,https://yt3.ggpht.com/YdHVFr1FcPPpF-A09_B_Hx6thutO8nJAaqvsoIWYsPGuvIeD-49v1hBG8PCG6vc0mKvJn0Elv30=s88-c-k-c0x00ffffff-no-rj,,
bf48aafcc9464111b358a4595cc7311c,5340,119079,https://yt3.ggpht.com/3S7WNnjdGHPm6AaY22Dgd42w0TKJxzYQPETEdussUadOgPIDsMOWUgxM4m8hSfG9vA4-fk_5Yg=s88-c-k-c0x00ffffff-no-rj,,
bf58297d50a741e5b1808ec4c445f216,5850,229223,https://yt3.ggpht.com/Bvec1CwSMPEiGiRvZnvfpM0_058W7zuboGpKpkkvWCVWNjI1ilY5i9Ol5zCMubBD7uaPLS6fSA=s88-c-k-c0x00ffffff-no-rj,,
bf6401d2159c40a8a616defa8c2c4a66,216,25202,https://yt3.ggpht.com/VBA2Wwb4N9BketHZtZyxxErkVoBKqZA8tEkCEHOewCAQiJJ0s2KH2qMw24dgvf6M7QRC28wgfA=s88-c-k-c0x00ffffff-no-rj,846,https://static-cdn.jtvnw.net/jtv_user_pictures/5fc53be1-04f2-431d-b016-76f4f4edfb1e-profile_image-300x300.png
bf7122f997f04401b0a6938abaded38c,235,14389,https://yt3.ggpht.com/h4jtUSulwf9tuyY1223wTNJ0zNjcyyHHIeQC41dSGmM5RdBtubM0XZDn9et15-VnOiaQjI3NwZk=s88-c-k-c0x00ffffff-no-rj,,
bff3b878d9864ff893bd79d1f2a7a849,480,26401,https://yt3.ggpht.com/Kq-9XncMBEHtWxnLzpZw6tm_M5v98MfDjUe8ZnQiNFFfKm86M-7X4eH8HBOInfDavqrOtbY1yQ=s88-c-k-c0x00ffffff-no-rj,89,https://static-cdn.jtvnw.net/jtv_user_pictures/a6897b6b-6c09-4190-bf41-a2efe323d046-profile_image-300x300.png
bff58c28269748eb99103a257886309a,505,11596,https://yt3.ggpht.com/5Pe9-0VjvTB2yzJn-ZI3UD7H-n1qqhSaiKPYt-3TNnI-HWo7W5Si7kda6ZZZB1hVQtPHIlZfYIo=s88-c-k-c0x00ffffff-no-rj,,
c01af5d5f9b74ac29b51dcae0dc55a2d,3630,211840,https://yt3.ggpht.com/OXP9737o2tE_vwyxuYzNv_Xefa2CXZzsTS55e5S0_TIiTgpkgEVi7oRt9a7qTQokcfhHathOM3o=s88-c-k-c0x00ffffff-no-rj,,
c03a8219bd254619959f9308af6a3bba,1030,18864,https://yt3.ggpht.com/l0cfys-aEEBvLntNoUzYFUTPoefC-AJKIqDs90XcQhSEHNF8ciMwC0ecJK8evZG6zkJTLH967eI=s88-c-k-c0x00ffffff-no-rj,168,https://static-cdn.jtvnw.net/jtv_user_pictures/bf1d99aa-2547-4602-81e4-5c8ff58fe23d-profile_image-300x300.png
c04f006e69e04000a68cd0c41f888eb2,143000,9393360,https://yt3.ggpht.com/LD-exU5b3ptUgRqoYNOgwzD4nhZKMVuHzKp-MzG4fpixLQipMM-8VGAZVJ9okHJX2ECTrVTcCA=s88-c-k-c0x00ffffff-no-rj,,
c08ae8d7412d407c8b233f6e445d081c,138,555,https://yt3.ggpht.com/KpY9sXDYelEjnCtTFyiG-3epywOQOMFZ_EY-ZT2ESgg3bwGfqAWIOa3SsEQzeTR_KBbeWw0Ybg=s88-c-k-c0x00ffffff-no-rj,615,https://static-cdn.jtvnw.net/jtv_user_pictures/c7335b54-e5c6-4978-a842-177ab31d78b8-profile_image-300x300.png
c099b7e8d46c418d8e17097d496f3b83,,,,1933,https://static-cdn.jtvnw.net/jtv_user_pictures/ba123c3c-0603-473d-a3ab-00c88eee1de1-profile_image-300x300.png
c0ae01f224734769a38c39b97fb6dbb7,1760,49048,https://yt3.ggpht.com/L317Bkc4pup1ZcGD12wZcxIB1sZW_BPnuGeZE8Nngv9dhErBjsaq0pjVVvqVTJ34PZGVachy=s88-c-k-c0x00ffffff-no-rj,246,https://static-cdn.jtvnw.net/jtv_user_pictures/9932d9f1-87ab-464d-bddd-fa3d53b691e0-profile_image-300x300.png
c0c033c9c8014562b58a7124b6b22fb0,83000,906647,https://yt3.ggpht.com/FXMEDlfHCdYKmwSqT7Zy9EzvOeXcDHNjFfbyT88i8qSAJYrniBrKR1e9XCw-7AR-VuICT8Dm=s88-c-k-c0x00ffffff-no-rj,,
c0c35f0471774be2b33163ae20f2d6bb,19600,869693,https://yt3.ggpht.com/ixSVqkNkL6ndB7WL-tlQURrlQf4ZtkZrwEeMo8AvRsZgMYcWWvoK7a8C2nBcr4jPfSoZGCubSQ=s88-c-k-c0x00ffffff-no-rj,,
c11749c10e1941a9adb2a231eee2f2ea,291,3736,https://yt3.ggpht.com/yEdXQD9IGlwQZCsCIV3r1yjNC8mOQr3nQiDZwcMuQMqJoarFEOBkiCfHlHo0Izx7_3uv3nuy=s88-c-k-c0x00ffffff-no-rj,,
c163cb7f683c453fa8a994ebbb09ede8,8750,156536,https://yt3.ggpht.com/tzFyDF-11tsBN50QDPF8NRYGFh4KGzdvu18onVJ3k0iO6j8fOWxkk8DheJLQuMcu1Gr4PbAdD8I=s88-c-k-c0x00ffffff-no-rj,,
c16daca9d8b84b18a38ab97cdcd7577a,1610,168011,https://yt3.ggpht.com/7ebP1Zfl9AfHC8ibPPktO26-do_31mzQho65S4Tb2-n0IijOofitbtr8Q1CtwB7x3H7TCbkO=s88-c-k-c0x00ffffff-no-rj,,
c17ad3ef81904c26982024c9af1f0f3a,3570,130897,https://yt3.ggpht.com/0IZM1RiPCklP4IXha_xtbp3ds8Dh74z0ZjECY_pYWOURK93ECT-Xjrw0BKeZpPfmRP3JWGL5_w=s88-c-k-c0x00ffffff-no-rj,3361,https://static-cdn.jtvnw.net/jtv_user_pictures/f15fe60b-4644-4634-93e5-4c0bdf42db9f-profile_image-300x300.png
c192b6e25df841ad85cbc8bbf0bd8bfe,1650,101096,https://yt3.ggpht.com/B9hNl4cFWbkFNf8H7JUHNDTVbiIcytxegPwF4j-M6zZPzUhx3c-RG1RBzmP3e33gfkb1VxJ0=s88-c-k-c0x00ffffff-no-rj,,
c194064ba23845cd9ef020dd9db79895,544,15630,https://yt3.ggpht.com/pEyk5odWBhDFBcSjDr-eeRIW-koVrk6wDo0-7R9Nx9QMzasC3qvVXxvIryo1gQPkVuXUG52t8w=s88-c-k-c0x00ffffff-no-rj,1518,https://static-cdn.jtvnw.net/jtv_user_pictures/eff41272-38da-4751-86f8-485f8f98ee31-profile_image-300x300.jpeg
c1aa10208a06439481231599b25845b0,1830,69792,https://yt3.ggpht.com/YNGPzbuzGesgXQit5RrDYPKWtILEei6ZLAIKHengVyNG20wqwZuYPw_Tljyzbi5gtZipYPQIpw=s88-c-k-c0x00ffffff-no-rj,,
c1ca3c2282084d0ebbdeb3896801aec9,572,12576,https://yt3.ggpht.com/qErXrrfL5STZAo_0rjirAKUDortzY-MV1AmTPlEAFzSJobWOn7r12GCfgbwEsX8qFA0R47cwkw=s88-c-k-c0x00ffffff-no-rj,241,https://static-cdn.jtvnw.net/jtv_user_pictures/1c16c1ac-572a-435f-914d-0074097192f9-profile_image-300x300.png
c2012638512742e2801d0ced54f61711,1240,59329,https://yt3.ggpht.com/Z55MC0tbQL0L4IhV3rNFheOByc72VHWjEk6MotwQNuwdCmzx5vLlCICNKCrKWe-YA5E-3J1cpqw=s88-c-k-c0x00ffffff-no-rj,,
c21605e81c714d7d9d66a627984dc30b,4300,0,https://yt3.ggpht.com/2Ymt8DwuOVRJuloCDRHZCde4fs8mhw2gh2ixQHChWt1V0AJau8ikxrsFGcm-kuBoxvL8koQW1w=s88-c-k-c0x00ffffff-no-rj,,
c21d4186912d4652a7fb5a1b3ef382b6,3680,108640,https://yt3.ggpht.com/ll_KNRYdIQb4kfS6YMA9JR-aUPKH88hg2nWKjelyOHnlhmqY8NQt76tBawiTLdpIvUHN7ryI9p4=s88-c-k-c0x00ffffff-no-rj,2152,https://static-cdn.jtvnw.net/jtv_user_pictures/1c0f5303-9b86-4348-8ef7-13899b0aa46b-profile_image-300x300.png
c22cb6790eaf4fcc8ac47633e0ab6c49,415,7437,https://yt3.ggpht.com/C08FvGwGKq4dEEGZOdXLltWlOtHi_lRNXrjHTzLeWHeAxQh-JeOW4odT9_5XHVg2Q1cGguwJ=s88-c-k-c0x00ffffff-no-rj,101,https://static-cdn.jtvnw.net/jtv_user_pictures/c49e6081-1a21-4972-84ba-ecbef5423814-profile_image-300x300.jpeg
c232b3088a6e49b997b325d5de9a3013,278,2778,https://yt3.ggpht.com/D89q8a3uT0-6qgVFWMPSJtU76Z0L51_YcXf7g7wzHjKVbvr9oJy8fRKzwfuhiS8uB-cQZsLX8g=s88-c-k-c0x00ffffff-no-rj,127,https://static-cdn.jtvnw.net/jtv_user_pictures/78a9be71-eaf5-4c15-b8e8-7dba0e5ec8cf-profile_image-300x300.jpeg
c2362f5ca48445a89fd081c4b2bc74d4,1460,50280,https://yt3.ggpht.com/ajsFUQY6PaUfa9o-r0tgbxFL7dnyN53b-VKFWI0N2wn472UrtFQ0kve9C77VThRpew6Y9Me1R6Y=s88-c-k-c0x00ffffff-no-rj,108,https://static-cdn.jtvnw.net/jtv_user_pictures/8e6006e7-e8d8-47e7-a58a-b26c5bd5652c-profile_image-300x300.png
c265c71f4d2744919a319f0f38c008f9,426,15083,https://yt3.ggpht.com/XQnA4xNMrRxPBZo2NljCyqqtkpdttfx8JEiRn1yDml0etqfGftMri7QthNnpZo2zACtXJLNukw=s88-c-k-c0x00ffffff-no-rj,4649,https://static-cdn.jtvnw.net/jtv_user_pictures/7fd3ff36-07eb-4f4e-823b-0e8d9c85b9d6-profile_image-300x300.png
c269bafe425f470e957731c454b8925c,32,1903,https://yt3.ggpht.com/mHjtNn9ebdvp3T58v7QMDrj-kro58WnSX_J-31-iPtGsw1tYDKHHTX273NPYEp9pit6j-VEvnw=s88-c-k-c0x00ffffff-no-rj,372,https://static-cdn.jtvnw.net/jtv_user_pictures/22b8eda4-486b-4c4a-b7cc-85408f420980-profile_image-300x300.png
c26ea894da5741df9e1bc62044f6bce7,878,3944,https://yt3.ggpht.com/OBtqm5vLREQ7bZbat-cpHCWRf5KialVTQSqi083FKV8xxm2-tMoPm9NuaWa_r3rOqTLoNZJP=s88-c-k-c0x00ffffff-no-rj,235,https://static-cdn.jtvnw.net/jtv_user_pictures/650eaea4-e24f-4eda-8926-45b7399faeb4-profile_image-300x300.png
c274c90379ca4e57a79251976cda3e54,226,8538,https://yt3.ggpht.com/Iook1Qz0Qd4vmyBGu11jQOVu7tUKQ9v_LVDRUVHUWkJbVK3MDRHCS5MDyzWH3LMA3-JCMRLK7jw=s88-c-k-c0x00ffffff-no-rj,339,https://static-cdn.jtvnw.net/jtv_user_pictures/fb3eee02-a506-4b6a-ad19-8aacb4ecc3ff-profile_image-300x300.png
c2777df3c8d341f4a1f0bb9cda8d9365,,,,1406,https://static-cdn.jtvnw.net/jtv_user_pictures/49dfb125-63a3-46c3-9656-e58dd4309ef8-profile_image-300x300.png
c28d59f83d9345de91d208cf7732bac5,3080,80593,https://yt3.ggpht.com/mNTc4YgKau_Zl3mbRsI4NwszXzaAwvrfVwZJsho3XSmjQCI2tzisnrxBPn-bDoVxm9jdr0P_=s88-c-k-c0x00ffffff-no-rj,,
c29627e1a48a4ea8b21c858aba1836d0,114,1378,https://yt3.ggpht.com/iYjdirI0cUJ8JkanqNd_T4vvqkwBrxpJQZpxaIhYHSVW8sFOAUuvq7_0iQC2IAMUojyh2ZSW=s88-c-k-c0x00ffffff-no-rj,168,https://static-cdn.jtvnw.net/jtv_user_pictures/1b919743-51db-4e52-b7d2-9dae2c9e90d9-profile_image-300x300.jpeg
c29bc8bf78dd417980491f19333c8fa2,,,,11718,https://static-cdn.jtvnw.net/jtv_user_pictures/dd0dbf86-cf98-4ede-a65e-6f0ce075505a-profile_image-300x300.png
c2b2f9bf0228445289b8791110b340ec,113,2019,https://yt3.ggpht.com/xNjIdGAv7LgVlBxACtCPY_YnhlmQjZOCoDtW4FHQldUHmmfQ9lL8-dVp9YiFyK7TZkgme9omnhc=s88-c-k-c0x00ffffff-no-rj,50,https://static-cdn.jtvnw.net/jtv_user_pictures/97970693-d9ea-4c7b-ba30-8d8c25d9d6b6-profile_image-300x300.png
c2b9638d8dd54888a91caa8a67366907,1090,19592,https://yt3.ggpht.com/mA_I3cCyDWzoAnjITMlS-N-qyQa7U_IO5Ow2Z8N2ZSFGr3ltXS0RYA-yxBfCYm5iXVavEltD=s88-c-k-c0x00ffffff-no-rj,2064,https://static-cdn.jtvnw.net/jtv_user_pictures/f35f21da-4e5b-4605-808b-912c76a0de74-profile_image-300x300.png
c2bbc6bca92c4825b72d635634197e2b,3040,57357,https://yt3.ggpht.com/ihNawOO59YguxrdeM1ma3J-EX4T9MBG21iR6wZfadbwKGqpm-o7s01uf--i5PZEFEFDCY08CsQ=s88-c-k-c0x00ffffff-no-rj,,
c2f77009b4264e3fa09aa054c89bb40c,280,4138,https://yt3.ggpht.com/W6kp2zcysgqjU-WoJqJYzm-BW452L_LsC1V4xzWEYuMR1gJGNUNfDWiENdPIRgqMaVZCjgBWro8=s88-c-k-c0x00ffffff-no-rj,73,https://static-cdn.jtvnw.net/jtv_user_pictures/97ed094e-01b1-41ca-b48b-718a0bcbba34-profile_image-300x300.png
c321746bebe740cb98625ca4cf6fb9a7,5140,122540,https://yt3.ggpht.com/PBV6UC4PZLXLJSFK1iKCuV-Huiox7h0bzOUfjY3tUlaSnEvsboup__TfiVJQEJWsRVsoEJXQkAc=s88-c-k-c0x00ffffff-no-rj,,
c371d4c7f516451bac8ae3a9a13dc7f2,3340,100812,https://yt3.ggpht.com/hm1HzxFkUOxU04HGnuiPEK4zvDwdlRB3Yq4txTi8oW4zQmQkrsD1fHe8CddMbr0AhYIJOgRn=s88-c-k-c0x00ffffff-no-rj,1285,https://static-cdn.jtvnw.net/jtv_user_pictures/2fcd4126-f0d6-4a46-bb09-132b08c15d56-profile_image-300x300.png
c377cbfa47984f0ba9242b1f6e3dfc75,2220,20315,https://yt3.ggpht.com/CzmGXm2wTywV-3cp7qTtw4SJl2WjE05J_IuRLE_kJez-9rOC9nbj5BuSMDss_XvQf-1DqFqlu6Q=s88-c-k-c0x00ffffff-no-rj,2110,https://static-cdn.jtvnw.net/jtv_user_pictures/66b23668-c51d-4a38-b771-8e06a932412e-profile_image-300x300.png
c379e3f4f1eb41869ec465481b182e50,8320,242504,https://yt3.ggpht.com/Ig9uY5Nz0I0NO-IiRQj1EkYFnpmLQc5vY0VW7CAtDagvRow76xCKytwQ4qriqGoc6FvIKm-lkQ=s88-c-k-c0x00ffffff-no-rj,,
c3945429509246f79c5f0a18594f696d,113,1000,https://yt3.ggpht.com/k0V4GVbI54eQ1wrcL9QD4d50x7qO-kb2_Vfe6x2ES7VkbnMyFrfpogXS5h9DchG8W7g7pJwKuQ=s88-c-k-c0x00ffffff-no-rj,2941,https://static-cdn.jtvnw.net/jtv_user_pictures/8c6f1cbc-dba2-4b5c-b259-0a8dc9a76350-profile_image-300x300.png
c3bec3f382754230b178f8278eb550fb,3050,69410,https://yt3.ggpht.com/Otu-WnaiBj1w9e0Lsiz4V9BFQB-_ALQXS-s91J_5oPqgjk5Ym3oCBkdhk2iGFAmzqjgSqthC5w=s88-c-k-c0x00ffffff-no-rj,,
c3e1a96f96334696af38e93fa8178085,692,41531,https://yt3.ggpht.com/M6U-oOxndv5F_KNs2mBirsBI-TmFi0oaiVs-WGRKVqp-4kI8kJkWzQi_3zQU3Rl-B1jqtaS1Xg=s88-c-k-c0x00ffffff-no-rj,1097,https://static-cdn.jtvnw.net/jtv_user_pictures/4d3a1423-1d02-4a09-95c3-effade330956-profile_image-300x300.png
c40a8ff66b3348dc8459766b74846feb,2560,0,https://yt3.ggpht.com/ytc/AIdro_mSEWdi6wrP3q1usYpwKBQw-ZmTVYMmKI6dsZo72xzGhaI=s88-c-k-c0x00ffffff-no-rj,1789,https://static-cdn.jtvnw.net/jtv_user_pictures/592582c2-483d-40a9-b08e-4706220594fc-profile_image-300x300.png
c40c5082434e4b1ca8e19f82d54f83b2,5110,1498982,https://yt3.ggpht.com/BQa7GdKu_tln9disOZYocTWj6hmvEet7M5ulAgH2Xgnig4pvIpvsS2eVDbBkyoYJIw7I00oe=s88-c-k-c0x00ffffff-no-rj,,
c41044006a014ed28107f33221a7de98,46900,4121327,https://yt3.ggpht.com/BK1LcR_9OnJlXNYLnVTPeKS8nHjQCfpUJgCavkYj8kM0_5HROkULcwtlE7mLJWwDAP-zRoIi=s88-c-k-c0x00ffffff-no-rj,5204,https://static-cdn.jtvnw.net/jtv_user_pictures/4e636aa2-bbfd-4625-a737-6eebbd18e062-profile_image-300x300.png
c41a24bf9c8f48ee9454119057088688,2100,80351,https://yt3.ggpht.com/oZNweU9wzjbW5EJbrgaQV4l0XkW_7avEduoQ3-Px6h9UaWs4l9LEUx5p7iX26UsfJahDOHT9aw=s88-c-k-c0x00ffffff-no-rj,,
c4268d9874b14b3282613fa11102ce4b,292,18077,https://yt3.ggpht.com/e_02Fsx1oXMHHYh7-p6zzG4Tlv86Q8zokToqnl-jljmWxFNE_DtIBiDFqFt1nW1rldN7_i2ClA=s88-c-k-c0x00ffffff-no-rj,230,https://static-cdn.jtvnw.net/jtv_user_pictures/86d30b3a-d837-4140-83a5-dfe9e2140165-profile_image-300x300.png
c430f1e7cfee4440b2b537c80a2a667d,5380,180381,https://yt3.ggpht.com/aYKby-xuoQ4Ztqn6zVXf8eWaI4vt45W6vFoM0HU_PDQEFhKKeTB825JLtPSgGWhPd3sJ2_2w=s88-c-k-c0x00ffffff-no-rj,,
c441bf25222246ac8f1a67477d047520,85,0,https://yt3.ggpht.com/zo0ZBhGAqSOCA6FIVjN3aQi4EcJV1TZVKyPNjHtJbqjpFKnuqf8Tk7jSchNvAFhg7dcQeeBumw=s88-c-k-c0x00ffffff-no-rj,,
c4470a1419984fb8aec0851f225b177a,6620,528065,https://yt3.ggpht.com/3xXQuZMXg-_5dwfbQq0yIWDqnHblLM2-SOWghxzwrOGNihSQmLeIp8rsmknQfIsFiYcwFKWZ=s88-c-k-c0x00ffffff-no-rj,,
c45e260cafa14b3fab4030fb339ed1ab,986,43319,https://yt3.ggpht.com/52p_AK1wstyUwQJJcVXfeLvRwu39lusGXKmaN1LO8idhiNTivNyk9v8Io0NMMWLdWi1dI6uR=s88-c-k-c0x00ffffff-no-rj,24,https://static-cdn.jtvnw.net/jtv_user_pictures/a0f79d84-d63e-4d04-a6ec-b3397a162aff-profile_image-300x300.png
c4651b162abb45c3a85640e3d456fa71,1640,47930,https://yt3.ggpht.com/RY3o7Qp6n-3N45wlNCZGHGW5JLAzXLAmrslqR4XhEtm2Nu7XWY_z5Yajv4UDqD29ngCfBXCi_Bs=s88-c-k-c0x00ffffff-no-rj,325,https://static-cdn.jtvnw.net/jtv_user_pictures/91468936-2d63-4f56-a264-4e9f2e9c11cd-profile_image-300x300.png
c485c46db92a4cda909347804da07153,308,19334,https://yt3.ggpht.com/9gDlO1OsVTlK2gNxIW2svaIrgLylGiITliD7TMkdGATrUc7sVhWy8uZys9rglffFomskK0c2qw=s88-c-k-c0x00ffffff-no-rj,301,https://static-cdn.jtvnw.net/jtv_user_pictures/1c14b220-3578-491f-bb22-d9fac794a8f1-profile_image-300x300.png
c489b78388904133a8b93cd4d0470aad,145,45055,https://yt3.ggpht.com/39A2utElkQo3_w0FxhmWrTtauRKMN0VT5vg9WpY2_NR5D8GzB2e5UqrBoJYp7xBLV8gGfv6lew=s88-c-k-c0x00ffffff-no-rj,522,https://static-cdn.jtvnw.net/jtv_user_pictures/824a042b-7c86-4bcf-bf0f-683a95a16f95-profile_image-300x300.png
c4ad3b6c4fe94f9a8142895fd869dfb9,578,4181,https://yt3.ggpht.com/SDnHLdd8WlYxpNnqlUm-LzUc8vlJSQcS2Wq-z2B3v6_VE8oHGgbSXghSYPKRCwtLj742uL9N5w=s88-c-k-c0x00ffffff-no-rj,1507,https://static-cdn.jtvnw.net/jtv_user_pictures/ac73aa84-cf09-48e5-a574-e3f56cd45888-profile_image-300x300.png
c4bc52355d334a98bdaa1e57c05673ad,9620,980956,https://yt3.ggpht.com/LXXQGtrgVjoVf_SSZbRtQ0xYBousVB2Jk1KZCF1VdTcczbb1X7aN5xAW-89mOKf2icenZK9ULBQ=s88-c-k-c0x00ffffff-no-rj,,
c4c40346f25443958f26010756c4693a,6630,416301,https://yt3.ggpht.com/ZdabLGo0QxkmLGhHJE-D9jks2k-DYgfgeJAtBYnZaxOaMJY5cqMYGzjlsIl2v6w9y4fObz-dwg=s88-c-k-c0x00ffffff-no-rj,94,https://static-cdn.jtvnw.net/jtv_user_pictures/8e0ead92-8ffa-4149-ab47-01d84c70f95d-profile_image-300x300.png
c4df5c9723704291a4d51d973a4bdfd5,1640,31435,https://yt3.ggpht.com/Y81_G_VYjLsP3htLMYYp0oAjwe_8uh7OY1aOpxrEWYsMGRkRSwvhFBS_2YljhHt8FBZUbpJ3=s88-c-k-c0x00ffffff-no-rj,,
c4ffb821927d406682f3f17edfdf3bcd,6850,160158,https://yt3.ggpht.com/hcECWSFh7vX9F_TXX4-Zcj9CQE2UQ_9d2HL6ozY30_X8yZfnDBwiTzv-3qo7xgXfNY5r-CixCw=s88-c-k-c0x00ffffff-no-rj,,
c506f1ab266f47e2be683220533a4790,1070,30343,https://yt3.ggpht.com/i1vGhv7b3kGA6g0OTsf4hq8JcYmeRFZyPG_-HtDuahkX_Mc6O4usiJCG9YLutw6ZfifQCutyaqs=s88-c-k-c0x00ffffff-no-rj,,
c518b228a5a849179ab26f28d230036e,11000,126978,https://yt3.ggpht.com/dg4c6rmsS65cQdbrwXFaJOWcTzZc0YlVcWozn-8qPFlOJhWOurohfwR9GQdZZySKj5l8L7_NMA=s88-c-k-c0x00ffffff-no-rj,,
c51f84b3ec9c4501a364a6a4982fa284,8670,296595,https://yt3.ggpht.com/oVGPR3cAFoZ4APrGaQC1hAI3InzxdKJYz3hsPRanResIdTEdVY8uHq8XsVD65UH6y8RqmJOZABA=s88-c-k-c0x00ffffff-no-rj,2817,https://static-cdn.jtvnw.net/jtv_user_pictures/d8c7d151-196b-4ce4-93a5-e5e75852cb94-profile_image-300x300.png
c52b95b6a42d48f0ae888720492a5a46,1700,101423,https://yt3.ggpht.com/3HAkcFnv2lTAwa7Y6q5d32wxDUrdo_5SMok8F0ve6mgqgi-CwXsZL3hPS8EBpJ2ReQW63EBy=s88-c-k-c0x00ffffff-no-rj,,
c540124532e14ceb8e9ffc654a0ec4c9,15400,15070795,https://yt3.ggpht.com/44hftlvtcPxDMMql7AxReBS1Yu5vUeEoYxiRJvirDc7uMhW68m6HW02Ybx3bPjggyFbynxN5t6s=s88-c-k-c0x00ffffff-no-rj,954,https://static-cdn.jtvnw.net/jtv_user_pictures/973d4ca5-7d45-4529-866c-288a309335cf-profile_image-300x300.png
c543b53edfbd4b3c92f4801cb8d3346c,191,8990,https://yt3.ggpht.com/hexd2UnMmDL2-N1eAxKV8VQmNgKPTWFmBZvUAcPMlZKHIUhJejro6NsX58XlSUxl5mk8eP47=s88-c-k-c0x00ffffff-no-rj,,
c56801a52568414ca54724a3c24c3417,186,17303,https://yt3.ggpht.com/PGudMA2SQ-h1rZoWGqdtLCRIJpuKPjgNOqSl8MRY2nCYAG3Pnmrwtbu_FIl_B8-Z5nT6lZdP2w=s88-c-k-c0x00ffffff-no-rj,2047,https://static-cdn.jtvnw.net/jtv_user_pictures/e1d0404d-d402-4ab0-9e9f-376a584d6df2-profile_image-300x300.png
c572dfdd998b439fb17f01f4633cfb31,242,9648,https://yt3.ggpht.com/0Lqj_psdkRbjEz0FEHylqKudFRg0XnFVCV30So4yhvVvuB_PS12hzG1rWrX51beLo25QVkYknQ=s88-c-k-c0x00ffffff-no-rj,,
c5ac07b79a304f37b039266446fd4f3b,402,19450,https://yt3.ggpht.com/JQhi_mv2JoLYtGHSUxn3C2mxeTpIbIQPG11CZ_GdtXo6FA_VqRiJOIagvoKVT0F1Vonh-dQ6=s88-c-k-c0x00ffffff-no-rj,,
c5e956bdce614dddbeddfaf6ada4200d,288,13382,https://yt3.ggpht.com/SH_4gbcU37f3xODkWu1FsyKAW0qUS951-phrDA6Ach34kmSTL7hXM59gKttNsVqVoojDODq85A=s88-c-k-c0x00ffffff-no-rj,,
c5fe413a473d4638b53fb3f9019aabbe,44000,3041739,https://yt3.ggpht.com/67hW6QrdObpCY-bPdzNPG9aE8IiXzsYJ_vZVtM79aerirxr5fgEk6U8tHdETzOKU_lwVKjpJauw=s88-c-k-c0x00ffffff-no-rj,5981,https://static-cdn.jtvnw.net/jtv_user_pictures/5cffe9c5-622d-4a8d-9384-aeec9484574e-profile_image-300x300.png
c6286d22a9344325bb1609918d442b93,654,38475,https://yt3.ggpht.com/gok6HCH9S17AmA6snpmTXd1Z5MF2_Xao3Uifen9hrH3JlB5OmHO5n1kBMNRKdxsRBBKrjNRK=s88-c-k-c0x00ffffff-no-rj,67,https://static-cdn.jtvnw.net/jtv_user_pictures/cb30f32a-f78a-4841-ae6c-b28fe2b7e8be-profile_image-300x300.png
c65e7caaf81a43249d5132b9fe312b24,120000,6392213,https://yt3.ggpht.com/WNG8G6hOhsw-CqEMWF26QPUfuFcU74ALzydzTBuDB4TNQDOQWygmlDZnUytvdccH5ckrh95D=s88-c-k-c0x00ffffff-no-rj,,
c6704a4edfef443ba46ba7f0db0c4ff9,222,7428,https://yt3.ggpht.com/zZuxzgFzeMiHCNabmvuejO0NNzjgU-B0KgvlvsP-1BkkXGYapMwchELpVbBHrtS6gA2BxliT=s88-c-k-c0x00ffffff-no-rj,,
c68bc0ba32f14d9b8669b0594435b68b,28,830,https://yt3.ggpht.com/THqpzZX9HeAVM0cSBW2I8jujajhuCnf0RJQbmM7gS0XONtat6-JUHSpc2uupLI3fiaE0-Iw_958=s88-c-k-c0x00ffffff-no-rj,184,https://static-cdn.jtvnw.net/jtv_user_pictures/89c1a400-5ef7-4e6b-b1c5-fcc8d0b14e2c-profile_image-300x300.png
c699beab8e8a4064849c977b67058447,,,,447,https://static-cdn.jtvnw.net/jtv_user_pictures/7517cc12-ef93-437f-b7f9-33c2a6eafdc3-profile_image-300x300.png
c6af4f23c6ce4adab5301d79b0bd343a,165,1522,https://yt3.ggpht.com/w0QuSiT0gw2Sku_0OHWCMaeXS2q037zoFWkdFPFGLbewkD6pY7_rJwuV8g3qT4xgUfPwzaXd=s88-c-k-c0x00ffffff-no-rj,2447,https://static-cdn.jtvnw.net/jtv_user_pictures/1901a903-4b2f-46aa-855e-97844cf1eea6-profile_image-300x300.png
c6ce333916b446d48d27be05df1a218e,1230,17448,https://yt3.ggpht.com/1nOYZU6giWDeG4qMDMyHmbLpOb6dVcBeCFLD9LsBF0MQ3MsnGl8a29JypZuggx-ebL_pnDydlQ=s88-c-k-c0x00ffffff-no-rj,456,https://static-cdn.jtvnw.net/jtv_user_pictures/227e8cda-d800-4eb8-904e-9b043e5db49c-profile_image-300x300.jpeg
c6d51e51df5a49f28bf25901f78a955b,1770,95873,https://yt3.ggpht.com/HgW_RxxnmPbSGRg50IgfoYbOnDfTwyttRTqlWQDYVJx_WGIVg6G-6X7W9zb1FhVRZX8wwdS_2w=s88-c-k-c0x00ffffff-no-rj,348,https://static-cdn.jtvnw.net/jtv_user_pictures/9442c088-7aff-4803-b9f2-0af2b29813ae-profile_image-300x300.png
c6dab598fcee4b6b9bff76d2e8ffc8e6,3340,180604,https://yt3.ggpht.com/b8sgyQBw_Epa_EwEAIPQUXjK3xnJnxvTDQERAuPj_-T_NXC-sZ0Nqsfhi2TQTEY01CrZps6foA=s88-c-k-c0x00ffffff-no-rj,787,https://static-cdn.jtvnw.net/jtv_user_pictures/d3124e78-7723-4519-aa46-f39eac0755c9-profile_image-300x300.png
c6e0676b98ba4c69aa167ab8dc5f0870,40,2071,https://yt3.ggpht.com/bhtNRr7NDrnfDe27iMC27JelMQz8Qul2tlAi7JgLmgag_E5bqQ0CU8PWlq1N4Zd_BgOKw4tA=s88-c-k-c0x00ffffff-no-rj,59,https://static-cdn.jtvnw.net/jtv_user_pictures/e40defa4-cdbd-453d-9982-9f18d13b8658-profile_image-300x300.png
c6e955ae1fce48678120bc086a436073,344,11185,https://yt3.ggpht.com/sOLFlWmHw381z-_4d44uSpyZ1aZNgYDaAU9T940mEVX3L-8L07D-IkSvczQlttallC8dp4B_9nw=s88-c-k-c0x00ffffff-no-rj,,
c72045d5b8714411af64d5c9d29cea97,423,13702,https://yt3.ggpht.com/yCo1-UNAFB_HQE74ugWrlZOVb_nSp4LPSKFxuabwrL5Q3e3-82_qmsI5ZuT5m2QdmcgAfXyU=s88-c-k-c0x00ffffff-no-rj,,
c72226925ba94855b9fcc88fc2a25acc,6590,503556,https://yt3.ggpht.com/qlVPgyKDAks33mTl9Wj80VYBrAt6WUZvNLfZJnPBXXiKgRH35YHH3N3J2F4hKloykpoeZtTb=s88-c-k-c0x00ffffff-no-rj,,
c725e2accdfc42c7b4314d81cf2b8daa,1340,40083,https://yt3.ggpht.com/HISSWwFtsoN9qSsjvyKOEprhwKPWT2fs1KZUH3-FtaEauHdquieG7bvedu9uRn4N7_RKPXmS=s88-c-k-c0x00ffffff-no-rj,487,https://static-cdn.jtvnw.net/jtv_user_pictures/a9ec324f-e2be-4c70-8b5a-ac3236b69aa5-profile_image-300x300.png
c7344bac508b46f2a20c4bb6861f33ab,821,8787,https://yt3.ggpht.com/9YxpqEJl6GyYuPMRB21A-CLF4wcSply-yXUcUjS6sNL4FbDIw_KTaQKq_SXTNAACvVyewg3by70=s88-c-k-c0x00ffffff-no-rj,,
c7400e2934c646e49f7df1816de41360,426,17128,https://yt3.ggpht.com/zHFincaRQFkYCIOtTCsQDITL5Ifo8VOpVgJqi6Dq5GahL06FO0jdwBrFrheFSPQHo8FdC-alhfI=s88-c-k-c0x00ffffff-no-rj,27,https://static-cdn.jtvnw.net/jtv_user_pictures/d12ff7e8-2490-4211-834d-b34118edabcf-profile_image-300x300.png
c747687c19704747b4cae2d4d5715aa0,745,11012,https://yt3.ggpht.com/hbYX7OzXEMYSO3WakZrlHD6PfhIjLfM77AFoRx9LPoRsDmQJ1c7aZ_NfWYDDjc2gY72REs_6=s88-c-k-c0x00ffffff-no-rj,3882,https://static-cdn.jtvnw.net/jtv_user_pictures/3395ad41-ac33-45ba-9e37-284616b71914-profile_image-300x300.png
c79b5a5a5c8b4d8f917afdfc16c01961,2110,77964,https://yt3.ggpht.com/G1X2LzMbrTE4uqDmjFyu_bgWz9rS5tjhjVEAOM9xyYzQ1BmN7HdzG3wp630EuPn-854xSKOlOg=s88-c-k-c0x00ffffff-no-rj,2655,https://static-cdn.jtvnw.net/jtv_user_pictures/e4b30df0-2167-46b7-8101-f63621065c69-profile_image-300x300.png
c79c2ac57f9048eebdc1b9329209e19f,431,16076,https://yt3.ggpht.com/zqzkKQqF7ZKdTTOmM8opVIkGasedK9Gelza_w6-sPSnDiiYlodwe3FXUuNoUhEobKHk-cSFw=s88-c-k-c0x00ffffff-no-rj,284,https://static-cdn.jtvnw.net/jtv_user_pictures/06b2ec44-5dba-41ef-ab95-3ddacd813f1c-profile_image-300x300.png
c7a0e87fdeb94bcc883307e49f520173,1390,52854,https://yt3.ggpht.com/ytc/AIdro_lRYUqlPEH7nvh-SamXp3hKRBeY42kT4kChM-vhRR1o1w=s88-c-k-c0x00ffffff-no-rj,,
c7a3d726bb4243cabb70dfd1e9545cd0,3120,136233,https://yt3.ggpht.com/mQD1rvuXC0LFAj5JZSVf8885_y_asfyF2Q4WGGlmd9REujdxfgUXxdF4TH48xnuy87w7jKrFFQ=s88-c-k-c0x00ffffff-no-rj,,
c7f53f2fbdbe4db488629ab4d738a16a,,,,536,https://static-cdn.jtvnw.net/jtv_user_pictures/35184357-ac92-4f9b-87de-0b0398a113f9-profile_image-300x300.png
c805a5c2c4fb4a068a65267452aa4da5,2160,78743,https://yt3.ggpht.com/BPgiVDQ8ZvTc_rg-Wj1q07ovcrDLgNczydyl185Xr--WzDzCZfzm966EJN6k_VbjPHBQsVxdvg=s88-c-k-c0x00ffffff-no-rj,,
c82ab1b4f8f64d1f84cae4ce09aa0dea,131000,17549593,https://yt3.ggpht.com/Fnzodh--Eg6Ipbex14ny_VV7LQxrQkK1t_hSiPcGbESW8F8hKV8mETQJ_5r2ySqgGNU6Lyqf2kU=s88-c-k-c0x00ffffff-no-rj,43803,https://static-cdn.jtvnw.net/jtv_user_pictures/2a3ff8bc-2dbe-4b12-8d37-8e2d6a0a4f0b-profile_image-300x300.png
c85822960da341bb8f5323219b233bd1,127,6696,https://yt3.ggpht.com/RPMmii-vE5H-B0XW5vQLQAj74JXC9nt5BYuxdUgB_ry1SCrLviH87SUMlPeanDxl78xL2tkRbQ=s88-c-k-c0x00ffffff-no-rj,,
c85f3da0538546c499238b23d273f627,2150,71386,https://yt3.ggpht.com/MoYJNMfew1ZUdROar3kRNpW1Kg5Zp0Jw5XZOwi0UE42PnGxdCHebVpuIo2Q0IkjFumEc4UdUBvM=s88-c-k-c0x00ffffff-no-rj,368,https://static-cdn.jtvnw.net/jtv_user_pictures/42cf0025-9a94-42fa-b163-1e03582a6d2b-profile_image-300x300.png
c88554bbf263412da16e7a17fd03e467,16400,199893,https://yt3.ggpht.com/n65uBkKusoKEKGQySkw2IarVIqu6kkrvnian95GD0S8yrni2yziwLS_T21TLXN5NBhjQ3gZRsQ=s88-c-k-c0x00ffffff-no-rj,,
c897f2f0ae414985aa623bfe2dfe8f1c,5070,111868,https://yt3.ggpht.com/VbtqmoELVUNpqKZSCZnAViF3j5v9tRNGOadnciNfpA6q5Ke0e2xdT0ynZeKCPTbfU1xtt9YY=s88-c-k-c0x00ffffff-no-rj,,
c8bd7c9fcc714269b8092571f2622867,193,461,https://yt3.ggpht.com/QR9BdQHyGpr7rzRIH4qGBdx6nNdDl-4cT__Vfw6l_vAkDEdzxCLtcPep0YZkcWThBS-JWDe3aw=s88-c-k-c0x00ffffff-no-rj,,
c8c0ab1d59fb4608ab1e460e946fa88a,363,2624,https://yt3.ggpht.com/ulbECAWE9lNcVnQVW-JjcfYIIm4EH9lrOiAiCoSxupc-YjbtFmxlzSspl_4UbBnWUoq9zo-GHA=s88-c-k-c0x00ffffff-no-rj,,
c8c87552da404928bcb9fcbafd896591,5830,137103,https://yt3.ggpht.com/K3IMSMPZuc5-WuaBozL-R3n36LeRzAIgUiaUJJq9T4D1gf5ZCe1XTpqs7JHOiMv3PwhsGjqxaA=s88-c-k-c0x00ffffff-no-rj,,
c8cb49db0c6842afa1a9bb8bb2620e8f,408,21977,https://yt3.ggpht.com/5WJpMl39pe2YrA3YdDuHVhmSPWWtdz5ebSWJR47HG62ghaxh9uJspLVYTXNIuY9ZIRefNnuR=s88-c-k-c0x00ffffff-no-rj,,
c8e7047c84614b1bb8e9f352c7dac95e,98,1249,https://yt3.ggpht.com/jVtFMF0DNfpDWE-Gbp959jYoiNh8tNQM5V8F3PcFfq-YOxp9YiY5bJG7oDXHzZAoF6f5693hdQ=s88-c-k-c0x00ffffff-no-rj,657,https://static-cdn.jtvnw.net/jtv_user_pictures/bf890896-1b10-425b-b7d7-601be877e46c-profile_image-300x300.png
c90914afde364f5e982414615662f5a7,3860,297635,https://yt3.ggpht.com/f8xnSDEv_ruFLKsa8ZkKbFuqRuV7LGp5MjRZyO7Brq3wiou8oFIXd84GLkVPpmX0-LS8U1o0ew=s88-c-k-c0x00ffffff-no-rj,971,https://static-cdn.jtvnw.net/jtv_user_pictures/a3aa5b8a-cc52-4885-a533-3885b9c7d7b9-profile_image-300x300.png
c92baa46ff4e41c9918ad2427c0853d6,371,19964,https://yt3.ggpht.com/dD6qKmutOpyEAD1efpjIDWLJFVBc1NyAeIXB1rxAyIn0Rdsd1bx-Zt0i3nTTzlwFykYwJu7RpA=s88-c-k-c0x00ffffff-no-rj,3455,https://static-cdn.jtvnw.net/jtv_user_pictures/5ff045a5-9c7f-4275-8ee7-7db06695b718-profile_image-300x300.png
c9510d2324d34b6fbd19ce627bf2bbac,2840,0,https://yt3.ggpht.com/iyIYJ8YR7I32Rt-ASB03OZrrlSdunevzIA94IZj7GYZ1XoYsl2lig7wqiHeePtBCZTl22SyhDg=s88-c-k-c0x00ffffff-no-rj,,
c964cb46cc9d411aaca372f9e459d2dc,1140,52856,https://yt3.ggpht.com/WcQAfCv2GFDcnIcbkkuMc9PBGj0CsRtAUZ9oU_matDV1-szmS9b0m8FRsD12PnTlH-ztqlMvHQ=s88-c-k-c0x00ffffff-no-rj,224,https://static-cdn.jtvnw.net/jtv_user_pictures/a4d6bfef-2667-45ba-b7a2-c49865ea6599-profile_image-300x300.png
c97b665a89c34600be01f83eb1f77063,346,8875,https://yt3.ggpht.com/rIs8DzBdAbSYzeu9LfDFxSgKk-3iNDxvBVa-p6HhD0mNtqpEmrS55jXd8MW7RBjoFgm6LZoU=s88-c-k-c0x00ffffff-no-rj,,
c9ac78b9004c4c26ba4107ccefe399ec,4590,153825,https://yt3.ggpht.com/c1ILFAqLkqy2L2RfV7yN1xYKKPz0LUWid1hXLMA2zfKLEQq2dZc4mx0vXwdEqYk9JlZ2tV-2=s88-c-k-c0x00ffffff-no-rj,,
c9e933e250e747f88f8cbf4857ec7f3b,125,0,https://yt3.ggpht.com/v4FQ7V28CrvR3GxquNhS0QUHE2ux3USSv8qaJG8GM1Z4ODrLFcURLQXyIMm2tTaZ5GiIJJa4QQ=s88-c-k-c0x00ffffff-no-rj,2914,https://static-cdn.jtvnw.net/jtv_user_pictures/8b49dfe8-9091-44c8-ae07-06377386113a-profile_image-300x300.png
c9ece3513c804b3db003cd8fca683857,19200,728169,https://yt3.ggpht.com/JNiXth-3okm798GaptgT93nsAx-ZF4URVgdI1sAzG7U3gv8SirVB27nq3RPVrmn7EqCMxCdb9Q=s88-c-k-c0x00ffffff-no-rj,6688,https://static-cdn.jtvnw.net/jtv_user_pictures/4ed2e91e-2ae6-461e-9a10-501fe917ab2a-profile_image-300x300.png
ca161c4e0ef54cd4a311705625caf164,321,9879,https://yt3.ggpht.com/ixd5fx2JKEIdr7T3r0iiPt_ZeW28YBipNKee0ia5gQey03D4bnTYYzpM-NFWPVneI6Z1mmuh=s88-c-k-c0x00ffffff-no-rj,2297,https://static-cdn.jtvnw.net/jtv_user_pictures/bab6b16f-9136-4087-af32-877c00dc3a86-profile_image-300x300.png
ca8d038d311e4cccb2deded15cee89cd,641,28842,https://yt3.ggpht.com/ytc/AIdro_lM9thjcfoKeeLvg1WnIwTyBBOr3jKESlBrhokDhaLZ6Q=s88-c-k-c0x00ffffff-no-rj,111,https://static-cdn.jtvnw.net/jtv_user_pictures/0d643a9d-aeed-4b53-9635-9810737b770f-profile_image-300x300.png
cad7f93653b54779932a6809a5f3a769,2870,109995,https://yt3.ggpht.com/rVpx84-F1qnLvcyfoY0xnG8NxCeulYITfZjkvQlecUY8AUcEktH4s6xV-CjvsUT5WwC2lmdBmN4=s88-c-k-c0x00ffffff-no-rj,,
cad8c81461ac41c887bdf3617ccdaee6,,,,930,https://static-cdn.jtvnw.net/jtv_user_pictures/bd0c0fda-14ca-42ff-a376-1d43239b0cbc-profile_image-300x300.jpeg
caebfeea12c840f0ae0f0e2beb57b4e2,3760,188502,https://yt3.ggpht.com/aFEUM8xSwyxltd401W8X4BL0KmN0GiTDoBJQSxPF2eIt_771P8tphhj23flfwltFmvM-KO2UA7M=s88-c-k-c0x00ffffff-no-rj,,
caf08c74dd7b4919bca49eef394d5475,1020,101460,https://yt3.ggpht.com/Py7wK9VRN_MaKdwxJ5GDmKVWUVUzNKnh8kIRkzroTiISmGJPSMt2FhgmHwyJLR6BkV1XeVY9=s88-c-k-c0x00ffffff-no-rj,1684,https://static-cdn.jtvnw.net/jtv_user_pictures/0403c0ca-ba06-4032-83f1-1acc89c2a8a9-profile_image-300x300.png
cb52afa541704e6e8f1098a20679135c,2020,113304,https://yt3.ggpht.com/ytc/AIdro_kCPVBFLtbI2Hq_mraubBx01beu5NyUk5qczdwbXRzvGsM=s88-c-k-c0x00ffffff-no-rj,186,https://static-cdn.jtvnw.net/jtv_user_pictures/272a959d-4933-47df-8a84-abdd795e775e-profile_image-300x300.png
cb57ce29683a4cff930848f8c9850665,2370,48072,https://yt3.ggpht.com/IrtM2IJ8giHMLtmep3w67-D9FOxSGqZtva-nc8kttV1Kru2VHneXs7p9LtKQuZuHGXKAZ9qFhw=s88-c-k-c0x00ffffff-no-rj,348,https://static-cdn.jtvnw.net/jtv_user_pictures/cd47cef1-6359-4b5d-aa98-b40f972bdd91-profile_image-300x300.png
cb5ff5f1898a45b1bc27a32057a1fa91,419,5495,https://yt3.ggpht.com/D-U-wGMrKZbDF6rQIJz87ENClk8-aVt0aKXHCfktsQRr0WDp2gnf2E59ZhmW12oYeFy3SCEdGw=s88-c-k-c0x00ffffff-no-rj,1612,https://static-cdn.jtvnw.net/jtv_user_pictures/f579c108-1027-4f6f-987f-74496b0ef9bf-profile_image-300x300.png
cb8dab545aa1409c8c6cf887f8825485,1700,57468,https://yt3.ggpht.com/Ho9QmtqP8iaceI_bhTX2-4gx9RBGG_L6dUhTePcTp8PufMOn1Tbj_2m4vSiJstn1ikOJgmk6qg=s88-c-k-c0x00ffffff-no-rj,,
cb94019fb4714e168b47d6757995efc3,33400,1508534,https://yt3.ggpht.com/EwftBpZGwujNRRLQ6cAzIYQAMrDS0l2RErQS9jxFk89NQ1otG4u0_k0kTp_jbmD-z76czclZvA=s88-c-k-c0x00ffffff-no-rj,2937,https://static-cdn.jtvnw.net/jtv_user_pictures/283ea27e-8705-4abc-8ff1-64f3d532b204-profile_image-300x300.jpeg
cbaa062d8a2443b1b2b1efd92d9bd3bb,216,0,https://yt3.ggpht.com/bxLBkbEcoJ34B6a0PDwM6qlqH-SuYx3VJG6IM0kb7jHy0bEkp7BZGWoF5W6l_9N6aMr-9I76n5Y=s88-c-k-c0x00ffffff-no-rj,,
cbb0ea239d8e4f65a46ada52dfb778e3,303,3769,https://yt3.ggpht.com/PfG3zKfh2Gu8XKle_pgKG2Er2A_YNZoBiYlo4nN4qvcv44zoIGzrEP5d0IIEzJHb59Arb4LjjAY=s88-c-k-c0x00ffffff-no-rj,412,https://static-cdn.jtvnw.net/jtv_user_pictures/3718f384-fd35-4b50-9f89-9655cfc15604-profile_image-300x300.png
cbd9ed35dc0045aa9c57bb9ee14b02e0,1590,686215,https://yt3.ggpht.com/JpLaV20H5-xd1TTp3OMuyUra8RPSjUo1cU0yJOxxuAI9VxusV6vATLczaJn0qXQmpk6exNrS5cw=s88-c-k-c0x00ffffff-no-rj,,
cc1bad00639b4149b277f0d2e99c2abe,1910,72811,https://yt3.ggpht.com/_3WbbQ0TbdO07Frce0qhZMEAo8rcbbQIq0NBjt2unr--ZrJKvayZ2oyS0keBwdxj2oMCZ8vx3A=s88-c-k-c0x00ffffff-no-rj,,
cc2a13ac075e4640b19020a51dcf9d88,4290,90550,https://yt3.ggpht.com/Ar-c5gu2Mhx6wFj5Plzlr8sdSckTheUgzD0Rf8oSxzL1FywNSLNmKf7x06aCDXL4K2pU5_Dh9g=s88-c-k-c0x00ffffff-no-rj,,
cc641478434a4af8bb042c88f6588b2b,1420,48968,https://yt3.ggpht.com/-XSoKxF_fJJXG8n07TaMIIaTeANl9xVtFYxwwDyKERoznc6NspdYBhZbLulJlPigpS44f9eytAw=s88-c-k-c0x00ffffff-no-rj,,
cc85e4120c0746b7925c898a963f0747,356,20682,https://yt3.ggpht.com/-TTKxO6ilwg_Z3xEFQHbV2fQELeGKUv2H9mG2FEmYtt9obq1A_hS0tRU7TnsR6gJhJOuGOhUEg=s88-c-k-c0x00ffffff-no-rj,,
cc882664d9794fb88b06a5a0aa1591ae,3900,225985,https://yt3.ggpht.com/5jvm6-gFlw8QJPR5i6UkQd5DKOUK7hIDU8RtYk3Or6ttr5L_qt4doNDjP0u6pnWJhFBpEYGa=s88-c-k-c0x00ffffff-no-rj,,
ccc1420185ad46d49d40b6b774db9b11,4150,200750,https://yt3.ggpht.com/vacBSLA0UG2tmDJybfRwfO5N1t7TLHq9fraG0No2uzsxSIOC5CcBa5gZC9oShXCbgcx29LPFEQ=s88-c-k-c0x00ffffff-no-rj,668,https://static-cdn.jtvnw.net/jtv_user_pictures/173708b0-ee7f-46de-9fe5-6ef0e5f72fa5-profile_image-300x300.png
cce33288177341058833d8b4a093b03f,380,22803,https://yt3.ggpht.com/SWFhPkRET9zep1CDiFQ7P9mpNwxR5U1dBoDd02tqyY0BKJzesHR-k6CjNf723eJ4J8Azb6WEkw=s88-c-k-c0x00ffffff-no-rj,,
ccf93d7646f249dfa3454f5a60f466c8,1110,34021,https://yt3.ggpht.com/0EaCRkYGcTJPmXOX7n24RiByxmZl7zGRbCXs2gJoredS1fiCsb7T4uxCAbelujFj9BcZauxhKwA=s88-c-k-c0x00ffffff-no-rj,,
cd0b2f63c88e4b4abd5b83296a5d7866,255,3546,https://yt3.ggpht.com/ocgoUPeG8HBMSMAGv6Bfnz2g5Fcu82bVQmFQ-aK1BPbzCfpZLssiZW7_ZjWWnKigWpSyEJAV=s88-c-k-c0x00ffffff-no-rj,3565,https://static-cdn.jtvnw.net/jtv_user_pictures/837e2b6d-1ace-4014-8a16-40775d2960b9-profile_image-300x300.png
cd1224f4756340c594f3c36245e9b4d4,102,6225,https://yt3.ggpht.com/XM7qV8HRQ90QAotgMIBld727pA3bk9G5u189p68oAxx-cOXivxWjh2naPhzWkeCUpEaMYAM1=s88-c-k-c0x00ffffff-no-rj,1258,https://static-cdn.jtvnw.net/jtv_user_pictures/4f8f2a39-420b-46ba-95a9-86e0e72a3c39-profile_image-300x300.png
cd13255567c04182914111635ed1530f,83,14361,https://yt3.ggpht.com/DcpnAgrrlw_Tgqv5HO2AMxSEE2KjqY6AaCT5mrYxjLYCaSTdJHMoBh6CQYJxmCnDlTjvVh8jqw=s88-c-k-c0x00ffffff-no-rj,450,https://static-cdn.jtvnw.net/jtv_user_pictures/5d8ec143-0378-4c90-86d3-3fd401a5405e-profile_image-300x300.png
cd38e82545b04cb8a3e047fe41f2ba40,55,447,https://yt3.ggpht.com/uWUrfr-O9afHEi6V9mnEKu3KI7LfHHN-1Sl1wxlwHfAlb6G9E8ynfLxnkZ5r3qux75bNUC5uIg=s88-c-k-c0x00ffffff-no-rj,243,https://static-cdn.jtvnw.net/jtv_user_pictures/4c18662b-fd14-4df4-b55c-ac1dafaab8e1-profile_image-300x300.png
cd42e06c40534d9eac7e30a434e47d43,70800,5183303,https://yt3.ggpht.com/Rd9yDzIUa6e16dspcQl1JIXhPuRrY69khKlNN8wiDbteQcFC0cdJeO5gZKoaA7PqQJcufnmP=s88-c-k-c0x00ffffff-no-rj,2208,https://static-cdn.jtvnw.net/jtv_user_pictures/481aecfe-4b46-4c2e-9c00-b2df5ce28963-profile_image-300x300.png
cd44db2c12a54568963299704aa8d4a6,3960,100672,https://yt3.ggpht.com/5CzQZxnzYJaie43LvqaiG_gFnKphGfh1sHJs2DDtaqbDuCdm3Z-AWycFqPdMcscRs68WiLpdy48=s88-c-k-c0x00ffffff-no-rj,,
cd4c94db2aed435794cc7e55999016e7,1810,86534,https://yt3.ggpht.com/X5dbGnycPmzyAogqcDF8WHtCXKR4OlwyhQq9rHwXchwwdlTDy9WHjtXuYGKuPQ_KW1bYFP8Vvw=s88-c-k-c0x00ffffff-no-rj,281,https://static-cdn.jtvnw.net/jtv_user_pictures/6807c2c7-b498-4746-ad60-59f3adf7e86d-profile_image-300x300.png
cd542f88cc8b47d087301d567b7cebca,4340,124629,https://yt3.ggpht.com/dHjlNxDYUf1LpfRLwKCmuADiYZe8gB8gYWQ0FdpfyJTX6h5ceNFz0kxxkXaKeefKuLFm6SoEk3U=s88-c-k-c0x00ffffff-no-rj,,
cd6b428bead74294b2d660b49a58edd3,1560,32434,https://yt3.ggpht.com/NS9K90LQLzN9TVfKA6L1EA2L7kDGaRAjBvUtvdCPfHg91kIeIPha9-IhGFMY_tf3SGzi302BaZg=s88-c-k-c0x00ffffff-no-rj,844,https://static-cdn.jtvnw.net/jtv_user_pictures/104a4b27-5902-41fe-9895-555e1e60fde1-profile_image-300x300.png
cd88de8b4bc84a71975df9afb42192b8,18500,994981,https://yt3.ggpht.com/5wxXByFRDnCRXUfQHL50LB7VYgrgv2qu5013a9ro_Ebg2UCm9nYYHYmFoGu_HZi2WlShouL77A=s88-c-k-c0x00ffffff-no-rj,3661,https://static-cdn.jtvnw.net/jtv_user_pictures/db9404e9-c8a4-4456-8a7b-4c62481d3d94-profile_image-300x300.png
cd90274cae394fa7be47a5535b563882,592,0,https://yt3.ggpht.com/Z0tNk8-nuxCNQTXSFKGyj21Rt7OTT5vL_t9_UqvxvhNlbzGwjaiJTnSjnI1uCwZpYYHSfKb2=s88-c-k-c0x00ffffff-no-rj,,
cd9733cb91b6400aae0bc23e3f25d7eb,1280,34634,https://yt3.ggpht.com/ytc/AIdro_kd2ohfweeY2RR146_Pv4kU4oY2fd8UBpQ4-ttLUGJKjPI=s88-c-k-c0x00ffffff-no-rj,,
cda3e684b52b46a49b5967e0e85e238f,43,2315,https://yt3.ggpht.com/QO_2qt9sJfNIRQp9_C8d4OA_lyiAxVeF3Wdji-MBrznwD32a3IKJUtceo7CfUUHsnBLQPoM27g=s88-c-k-c0x00ffffff-no-rj,628,https://static-cdn.jtvnw.net/jtv_user_pictures/cb968bdc-879a-454e-b4ee-5fd111c1d842-profile_image-300x300.png
cda9668f324445a7bd507094ad6946b8,,,,412,https://static-cdn.jtvnw.net/jtv_user_pictures/d0f9c3a1-2f0a-4ff7-a7c1-aeace352aa86-profile_image-300x300.png
cdb5c89f61c94949a989457cf549b7e4,15200,704286,https://yt3.ggpht.com/6p4PLMDzY4QNZzUCjQxzJXC08amoAfoglEP2ZlG1MTtX9X5egneHrqy5t13Ghg3EY3qmVcPqCw=s88-c-k-c0x00ffffff-no-rj,,
ce013f56157740e59c7735bd51356260,474,21166,https://yt3.ggpht.com/-9Tc9oMog_2sVLjCKMiWuLm2o6H8MgqXo7tirjLqeeoSkxhfLUwYCG87Zn9NdV756r0MIq1l=s88-c-k-c0x00ffffff-no-rj,358,https://static-cdn.jtvnw.net/jtv_user_pictures/bef9d117-98cc-45c5-8d92-b8ac3fb101be-profile_image-300x300.png
ce2a2c07a74640fc8d3b39d022b16dd9,49600,3683791,https://yt3.ggpht.com/_u-cT-3P77puRu6UpL5mqV7YqGvABFmTwdahPzx597tRpzDg0TPqnjx_b37MUss4qmnKUDiJtg=s88-c-k-c0x00ffffff-no-rj,,
ce408f8b30704b42a7492f0e40684317,439,16911,https://yt3.ggpht.com/KiMq8WkEeCwdXcdvX1EXGxNMYJmnx_lrjwe8wxy8zUSo5p78mQAvsNMj_Mv1EIJdGLGzwuosL-8=s88-c-k-c0x00ffffff-no-rj,293,https://static-cdn.jtvnw.net/jtv_user_pictures/4c83617e-cd80-4a79-9abf-c3919aefae2e-profile_image-300x300.png
ce59f11c200841dab2e8a5e30655a827,1650,218314,https://yt3.ggpht.com/72d_epSCBAfDXBd2cw3ZBScjPIFpXwG2IGIvig-hCfVtXvSPEOMtuGUntfqT46-TNcVhIdf8K48=s88-c-k-c0x00ffffff-no-rj,28,https://static-cdn.jtvnw.net/jtv_user_pictures/c9e3122e-5e8c-43b7-9115-f264a2594b61-profile_image-300x300.png
ced6b5d82fc848a5a0f45a1b3da4cfae,1710,73930,https://yt3.ggpht.com/6Z5Dl6Q5cTBJf1Ypqyj9oCM9foDjYedtZGPuOnOMa3biSWBPMTWdLcEGvKDiU1pIdcRvqPdC2Q=s88-c-k-c0x00ffffff-no-rj,182,https://static-cdn.jtvnw.net/jtv_user_pictures/5378ae62-3611-4616-88da-168be4c03b49-profile_image-300x300.png
cf38ee666e104dce949c195f5ac58da2,650,190504,https://yt3.ggpht.com/9D7JmwR_ZfX5zWeg-QfuUVUD3uLyINyO4xyeXG8DZ6WvHmYOsEsbP3ZdhxQFdChNu3OxxLQ4=s88-c-k-c0x00ffffff-no-rj,,
cf3f6ac6a22446ce912bbdc59c9f64ae,766,39152,https://yt3.ggpht.com/aFBYegk1arXxZHgoFuqiLxspCDMdUc1k0R1v9YwzJiyvD8jmAx4RBJ6ObR33KLJfmCXFinAkLA=s88-c-k-c0x00ffffff-no-rj,376,https://static-cdn.jtvnw.net/jtv_user_pictures/cdf5f25f-106e-4cd6-a3dc-31052c9c2fa7-profile_image-300x300.png
cf51f722dc714a0cbb022f89fa311014,17,513,https://yt3.ggpht.com/B_YhHxzIe86RqfOcwzPkUvXYCYW7jqp38c5TN4xbntEiZJYlt2XMbAzM6TqDQ5n-KUpJqvGzU4c=s88-c-k-c0x00ffffff-no-rj,,
cf648a09bdbc45429f4fae7dfff1a040,3610,157046,https://yt3.ggpht.com/1H85CX-ltYBapKg9Ud5rsorbKH9bfzi3qk-CgrNJKVAFEVVF0HuCVH6rG_PELiSWq-7rYdo38Q=s88-c-k-c0x00ffffff-no-rj,8357,https://static-cdn.jtvnw.net/jtv_user_pictures/111f8491-3848-4917-8ba9-020c90fee69e-profile_image-300x300.png
cf66d52e3a4146dbaf03c1578fc25c47,8060,0,https://yt3.ggpht.com/4iWf5tmD77379hNGNv-0KVEKQJyJVvFTRNIJMcPNtxTqXb87p5-JOpK0A-a7kic_pLLKWoM0Ag=s88-c-k-c0x00ffffff-no-rj,946,https://static-cdn.jtvnw.net/jtv_user_pictures/0c16a694-b3bf-4e79-b883-fb885bde53d1-profile_image-300x300.png
cfa15a7e93824927ad4b84a519b0ab68,1120,167050,https://yt3.ggpht.com/5Y8CHOjz1kH2Kxvt2Zi60TddswcXPOd7iq5KmD1uzdGX2YGpsfrqH4mjwQyha2dia9D2A88u=s88-c-k-c0x00ffffff-no-rj,,
cfc7bcf869514c70a5091672d3acb031,,,,284,https://static-cdn.jtvnw.net/jtv_user_pictures/f8a1b135-ee92-4c58-bda9-1a84176b5ff7-profile_image-300x300.png
cfe0c2386d794c229d71c5a6a7e28333,200,11135,https://yt3.ggpht.com/37uINe2EgKi387wLUS9hcT72QOLsE8W6CUc3z1G01PIZBgiIdkuBLCqeKUS8Tb7NVYS-R3KSzg=s88-c-k-c0x00ffffff-no-rj,,
cffb719c9d4645d4a2d6eefca66902d9,315,3838,https://yt3.ggpht.com/dasJNwTiAzskfJU5Nb5p75RiZJa2QTPXktsrOqCGLt-YdY0wF1rLopqGsrFJCXF1o1uI5J-LWw=s88-c-k-c0x00ffffff-no-rj,601,https://static-cdn.jtvnw.net/jtv_user_pictures/704d2c71-0ad1-42a0-b270-e2e36e8350bc-profile_image-300x300.png
d007ab56aa654d77b10cffc2f993db25,37,652,https://yt3.ggpht.com/-_LZo1JVIFPm5cGzSIO4t9aTCGlervvVv--8DCufE-C5XOwuX1V4OOopNYOP0BF2JncLwgLq=s88-c-k-c0x00ffffff-no-rj,,
d017bd7855e547298906060f0e9b442e,201,3162,https://yt3.ggpht.com/qjvSZ9TuFa9oMH_9yRPcHGzTMMBAHqDHr6WkByt5mNu26_dOzKHtGXtr5KZ1E_9yFM97A7Ld_A=s88-c-k-c0x00ffffff-no-rj,1073,https://static-cdn.jtvnw.net/jtv_user_pictures/5a43b664-62a1-456e-a380-d99361a883f3-profile_image-300x300.png
d035333252764e9e8376858cde0b3bca,570,27925,https://yt3.ggpht.com/HkOV_fWEescP_-iorpweKtBN-xANlLtDxGyKUKV574-b0LotDT8uXk4sMAiXiZxPBtmL1C1TEw=s88-c-k-c0x00ffffff-no-rj,674,https://static-cdn.jtvnw.net/jtv_user_pictures/6dec310a-7e33-4f8c-80de-a1298341c8ab-profile_image-300x300.png
d09b9f800b7940deb1f8a2b58a302f07,289,3984,https://yt3.ggpht.com/0u4EeMUY-xstOtnkdf5f6mRb1B-BGB5KNE47CsNhnvQkpKFdTUPmjoEYzPUGaKWb76IlkNeyRJA=s88-c-k-c0x00ffffff-no-rj,4059,https://static-cdn.jtvnw.net/jtv_user_pictures/0497350f-0b15-47fc-b881-f2925a7d92e8-profile_image-300x300.png
d0b68b633fba4c02a627751778973f36,4630,98319,https://yt3.ggpht.com/V59zyf99sK7gPOkOcZwY-dxUEDj6m7q419_6W4t8w75eYU78tiD91G-lSmM-OvQg5C9UJvYbNcw=s88-c-k-c0x00ffffff-no-rj,,
d0c2bb3e9091413e8d245bdc217e9420,1470,42330,https://yt3.ggpht.com/hFyBfsgzu3_hNMWI7XcZB0SCX2gdNL0sat6JoYAnuJO0oKdjzWWJS0Z8J759k3VEbhwbQujCxQ=s88-c-k-c0x00ffffff-no-rj,,
d0e0745dd98a4cab9c5e4ff43e3d246f,2650,81481,https://yt3.ggpht.com/wigF_kcJZfUxGrQy0bp26MHTO6Y0vFMoxt_bl1LgkajKLbiPy5NH3IKq7yEX_FGllrzFYCBHtw=s88-c-k-c0x00ffffff-no-rj,,
d11123a75b874ad2bb120bb237e94c8d,353,1951,https://yt3.ggpht.com/eoMOIz6bEgCwlA4sTiKNQ_ag159OrgqyFUD3y0xSuIhwxvmqlex0DjCe2SgzTaKgCFffi9hKNNQ=s88-c-k-c0x00ffffff-no-rj,3517,https://static-cdn.jtvnw.net/jtv_user_pictures/c571b571-988b-4b33-aff9-7c2f96879317-profile_image-300x300.png
d13fdb8fdd3049e5bf80b5ab0fa8a1a6,5000,324245,https://yt3.ggpht.com/BEvHtBLVWh-30b0XSB-tUUw6nAPg_w7fg_apeoIV9Z-aK0LhWIlh89-ysJYPv8yveszTVhlCg2E=s88-c-k-c0x00ffffff-no-rj,,
d148768158984ce8b3a8214b1fb3dafc,164,1724,https://yt3.ggpht.com/71i0YNEKQKslpYZOh__xel3Q8Ykss3Csn6v1-H7vA__CeXu3FnCjLkeO2iZZd4YbDVSYIaFj7oU=s88-c-k-c0x00ffffff-no-rj,110,https://static-cdn.jtvnw.net/jtv_user_pictures/07dcc7c6-7de9-4d13-b4fe-ecd10c233caa-profile_image-300x300.png
d15b3fadead04e7399faaeb47fdf37f9,622,24548,https://yt3.ggpht.com/LaOG3hDQUcJ2IE_2Ti8hTNeDCVeGLecnqHut1O0VxghWgw3hZUD8lHlw3c7_UQyDl31xzbb-wA=s88-c-k-c0x00ffffff-no-rj,,
d1694c709e0f489fbd07fc9bc67c0a66,31300,1362385,https://yt3.ggpht.com/s5pVDPZS7Lbh7GpxD0QsP7PC2eHPy5kNEdSjoREUm9ChYWYSZHQ_PM-YHM0yFag8NPRViXU-fx0=s88-c-k-c0x00ffffff-no-rj,1462,https://static-cdn.jtvnw.net/jtv_user_pictures/e967823b-75d7-4f94-9413-0fd35d5ffe79-profile_image-300x300.png
d1719d9d50c347efa498bb8644447392,460,0,https://yt3.ggpht.com/RxWGlRmS_OAWMVGmBHczP5dNE06n3pE6TAkGBY-Z1I6MalOBkIZUul7Uswo8w2CYMv_RJfzUcQ=s88-c-k-c0x00ffffff-no-rj,,
d177ac8568a14720b35bcc1a829aff51,3250,102871,https://yt3.ggpht.com/ytc/AIdro_msrF-WY2oU8hUpT7RI7I1ul49DIzinFj3hfEqCetEaOA=s88-c-k-c0x00ffffff-no-rj,,
d17f504657b84cd9af8a3d405713e918,4520,248123,https://yt3.ggpht.com/1QPTf-Au2idgsW_iWbw5r3iYGNyhn6Ijk-RFnj80ng4GkEHwCbMDpgINtkCHchv7zrdJU-hQzA=s88-c-k-c0x00ffffff-no-rj,,
d1dcec3b0dbe4e39b2907be832c467a1,1850,0,https://yt3.ggpht.com/1ljd-Aq18giHA4o6bcEa6JUW2Kp1XfZGfCpK9Yqvbq0q1IL88yBQYb3aqkjUFkHFp2ID-rCGeg8=s88-c-k-c0x00ffffff-no-rj,,
d1dd83b6e8a24df4b61f766cff45113c,27400,15089019,https://yt3.ggpht.com/MrZpQwM6o8vrChgWN0aWamcV1QV3YLqcSabO3ut0m1QKkTaAuuzUrp9VDgnxoVCBm3prpYkZtQ=s88-c-k-c0x00ffffff-no-rj,472,https://static-cdn.jtvnw.net/jtv_user_pictures/eb8b807f-6740-4d11-8a72-ba4a31bc12a5-profile_image-300x300.png
d1ea458cb9094770ab63aa0bfc487981,422,7613,https://yt3.ggpht.com/XoRk52qOGGbZRInnrDifZW5DQSNfU0ZC_Nbi34IUpO631L8r02_6zt5JOxMUQb0KK2OW4Lg7rw=s88-c-k-c0x00ffffff-no-rj,,
d1f20b59a19e4ec499d423a7ba65d602,1110,28984,https://yt3.ggpht.com/iV7A1Dy4jqyaSbir-oXLDFcN0jr3G31eSugIUXA90vQjImEOWmSI7DS_I_STJY_08s9A-BbQ=s88-c-k-c0x00ffffff-no-rj,,
d20c66018a094127805133f051037124,1740,69057,https://yt3.ggpht.com/DCxY_qrsSbu6cvG1dbW-sGluezFyyKSq3Lj3wjnUnWsOYHuiFSSqYIabw-Q_AEzc7xsWK61y=s88-c-k-c0x00ffffff-no-rj,1434,https://static-cdn.jtvnw.net/jtv_user_pictures/d99fb10f-dca6-4878-8f31-7238bbf2729b-profile_image-300x300.png
d210d8dfc0ec4a97907b9cebb5413ae3,2070,112014,https://yt3.ggpht.com/u26vrtG5h0UohI0AMB6OJCy6BYqetBm-w3hcx5fcpu3UnrjgZNbN6O1oCSw--GGaWn4voLp_vA=s88-c-k-c0x00ffffff-no-rj,,
d21ddfb9a7a540f6b4f259edf36065ca,402,8581,https://yt3.ggpht.com/MxOSFlet_TlLLXr0Sd3oa2llInhJFGyAkbzqIx8E4nH-_CBjNHvLxt63GR8phmj4Mj8wsYE6ag=s88-c-k-c0x00ffffff-no-rj,,
d23dbc9d1db64c42821697d1bac8fb66,423,13380,https://yt3.ggpht.com/ILV9xRkoaEHGZz4zf2xhXRnDKu_hyCv1wS3k8YXZArEtOhJgWq_7ivEx88TBIxocCR_dhu2_=s88-c-k-c0x00ffffff-no-rj,,
d23e5f9f3abf4b36b79c04f5265a8efc,379,13740,https://yt3.ggpht.com/IQeJL5MPt3spT506xAKYuvGMCqGmcebjUcS67WHTTvQ85oMsVMWu8_sBYVaiLeOoIzI3B6UbZw=s88-c-k-c0x00ffffff-no-rj,142,https://static-cdn.jtvnw.net/jtv_user_pictures/a88c7095-5b17-47c0-9b4d-597035670bb1-profile_image-300x300.png
d2585e0ae32c467e8fc868eb531400a4,458,7162,https://yt3.ggpht.com/qBiTUq9r0cePLcEoiL2PJVahynDbh-TOudjjv9okDe0dgIQZpM8ldggXUFRjxeU6LsbLieez_Q=s88-c-k-c0x00ffffff-no-rj,,
d26893447610406da66ee14abfbd5868,584,12709,https://yt3.ggpht.com/WOfV56JsV2kg574JAShrnhYe--caQ6frcJd3VaCmurkPAmfxOp6Qyrvpo7meOu1iAUu-cW18o_4=s88-c-k-c0x00ffffff-no-rj,,
d29682522104427fb366fa19a0521bc3,1170,19226,https://yt3.ggpht.com/PCygvoaCRXy9JVsdnsxkp8DAMLTEdVaGR6KYNrKuLedi7F4u4vDkzD6ixM_Cv3azHJmWs6fefj4=s88-c-k-c0x00ffffff-no-rj,510,https://static-cdn.jtvnw.net/jtv_user_pictures/40866679-82f0-490c-bc2b-8f1d1c68e14b-profile_image-300x300.png
d2a7b2d142ea4076afcfc7263b9e09fd,5820,315900,https://yt3.ggpht.com/R_0jWNCAPO0aRbwp6r1Q-8gxcIA6BzPhe47xqcu8ha8WPjKxKkIFXLd8aTuD0bBxdBXQyARF41w=s88-c-k-c0x00ffffff-no-rj,751,https://static-cdn.jtvnw.net/jtv_user_pictures/0776b4a6-fb2a-42db-892f-057e1e3b5619-profile_image-300x300.png
d2b1ba87da034210bbe54bfa1c01bc41,2190,46467,https://yt3.ggpht.com/a1ML1imA3Z5GssCJ9AhYhfxXBVYZyTA0uWquQTp4byTiASwoXo4MDo9J_nZbVjsfS6i8VaBBiw=s88-c-k-c0x00ffffff-no-rj,8599,https://static-cdn.jtvnw.net/jtv_user_pictures/3732e144-1972-4518-8431-9e4ed6c84e50-profile_image-300x300.png
d2b6390494b94f44ac75b6e53780a09c,2200,31847,https://yt3.ggpht.com/ytc/AIdro_luGc9E_yMHQpsfd4EC4pUKhfbOF7k9B1O7-LHFY3a4tDI=s88-c-k-c0x00ffffff-no-rj,61,https://static-cdn.jtvnw.net/jtv_user_pictures/ec294bfd-b5bc-4535-9089-a1946a8c32e0-profile_image-300x300.png
d2c5b1c430fa45c8b9be0b8be65d8a6b,767,5762,https://yt3.ggpht.com/5AC70o4e23dQnrijOowKeFwxfF2KrHjJrxdL8_jnRPfnnjOq2hEUsIeyKptTlxPUmzhA6YmfJw=s88-c-k-c0x00ffffff-no-rj,316,https://static-cdn.jtvnw.net/jtv_user_pictures/617ef9c7-e14d-498f-b47a-bc7d4507dd4a-profile_image-300x300.png
d2c76258b7ff45ee88e3585c4c9ed0c1,11600,344159,https://yt3.ggpht.com/VapfeRx9q35NEAP02oS7jNYijgwXJeXwGwMk54bVmUDK_kfxOABnP8DeKu-ZbOxzBlyaXQ0QfZQ=s88-c-k-c0x00ffffff-no-rj,3757,https://static-cdn.jtvnw.net/jtv_user_pictures/743afc31-ccd9-4d9b-9f6e-55e460519b20-profile_image-300x300.png
d2da40bb201e49ddbd6a8780bfaf8b63,132,1311,https://yt3.ggpht.com/Iaaw4GYdv27zC3UdYoOeyU03Twmvr5MzMV0DF6r_lq3w5MWsGKx6LJTKjsUC9lwwlIi2lFws=s88-c-k-c0x00ffffff-no-rj,487,https://static-cdn.jtvnw.net/jtv_user_pictures/99701509-8d9a-4b98-a23f-0e92d5f344eb-profile_image-300x300.png
d2e2645a97a14ce4b58a7884c0e6ec56,268,27207,https://yt3.ggpht.com/X1Q-hO7cryA8IuoxzdSE7NS-qT5Pes_0ROnOXSq4Kb4Rl44pWEN5NYXzZVMUCfKajc0JBxKBfA=s88-c-k-c0x00ffffff-no-rj,750,https://static-cdn.jtvnw.net/jtv_user_pictures/f60eb332-7d47-47cb-b30c-0c887438c428-profile_image-300x300.png
d2f9e9b19102408bbef636a6458934e6,374,3837,https://yt3.ggpht.com/B3W8bDq8FT6kGzleT4vQzlkGayrFUDS5R73j7R4hWMRV_k8-8Sd5p6TmHG_UUoMomjrib22NxXw=s88-c-k-c0x00ffffff-no-rj,,
d32bd28cd67b4e64a56b24f9a76dadcd,15100,802262,https://yt3.ggpht.com/ytc/AIdro_nLOxFuHGtSImq8h4-4fflMaw1WCjTFETMyhukIhHB6gA=s88-c-k-c0x00ffffff-no-rj,309,https://static-cdn.jtvnw.net/jtv_user_pictures/89314d8d-7559-4842-afd8-d5434f9550fc-profile_image-300x300.png
d33940525b7f4b9db9ce85e08b4c175e,1210,41584,https://yt3.ggpht.com/EoLdor0TpEMhz4eNOzTuN_WkRCPBpLgshsxL2n2Xk_tSUREJLTasouht7vkWuBmee9s3EqK2sw=s88-c-k-c0x00ffffff-no-rj,6210,https://static-cdn.jtvnw.net/jtv_user_pictures/0a725711-a715-4fe4-ab9e-cffc6e572c1c-profile_image-300x300.png
d35707348d554507a98f97eb59230efc,23100,1265863,https://yt3.ggpht.com/_zElKYrUwvuWVNBbtbyATbJ1Kng1xLN8gABwQeyXsE4ffK13tzgiQzW4qpBKkXkq2kPmW4UqVg=s88-c-k-c0x00ffffff-no-rj,1536,https://static-cdn.jtvnw.net/jtv_user_pictures/ddb33a36-2784-41c4-91a6-d0ef3924bf20-profile_image-300x300.png
d3a0a421fd184f9fa51856096d01e85b,245,14505,https://yt3.ggpht.com/ytc/AIdro_mjO67QIDirLQai9bvyawuVGd8t9CKd75vIITKEwjAtXg=s88-c-k-c0x00ffffff-no-rj,,
d3a3eab7a3e34ea98784c44e3691c726,2260,78226,https://yt3.ggpht.com/ohFmR3HdeeO70BFp2N_Q1ZNGpQ4-8kCSaRq0lhpcjfPzWCCArNGUHmR8wXzzRNUQTAAd-4UQm1U=s88-c-k-c0x00ffffff-no-rj,,
d3a75c3d9f204420808f38ed629becf4,16600,0,https://yt3.ggpht.com/YoC7nnD_kY8RTHVxuVhRpk3IxOC7Rjsj33viDFGfd08ncKnKPAmcld7DHST25a_tyG8Ko9b_=s88-c-k-c0x00ffffff-no-rj,1594,https://static-cdn.jtvnw.net/jtv_user_pictures/958ac4b4-6d1d-44c8-ad05-3282bc18f371-profile_image-300x300.png
d3ae105969be4117ade8be2e8d19c008,1490,0,https://yt3.ggpht.com/SkYnJaJKoIPnIGalYl6fN4ZIwviNAFHFsantaMCxz0x9m0njlouQcO9QDD_5eijWRsdUz-YABrk=s88-c-k-c0x00ffffff-no-rj,2101,https://static-cdn.jtvnw.net/jtv_user_pictures/8ecfb730-2841-463e-a3cc-f7b8b5925302-profile_image-300x300.jpeg
d3b5f619038a4c488d36aeaeddc0f790,349,6810,https://yt3.ggpht.com/OhNCBp1bQcRejR-voTqQJAbdTB8oauOHEcu07XReDe3XXOxCKV9blNd9hfZOjASd-UAt7p7BJA=s88-c-k-c0x00ffffff-no-rj,,
d407b30c72a841bd82af1f5cc8ec0667,8590,356423,https://yt3.ggpht.com/rXD-Fl2HuGoq9Bmnd7dbA7_pPbqmhD3-mn5CPtIGGK8Hl_dz4-DBJfDZ7gp_0J7x_XPpiP4IWS8=s88-c-k-c0x00ffffff-no-rj,5484,https://static-cdn.jtvnw.net/jtv_user_pictures/16f98442-1178-4cf5-a0dc-50e6cafed4ca-profile_image-300x300.png
d418b8a185f449b3a15c1656ba654780,2230,151905,https://yt3.ggpht.com/QHAy5RgkqrdLCVZBHMpY2Rh1pBLyAdI-E6i7fh8Y2suSMUL2eDnKCY3DPdfCtRHh2VrRBkfNRco=s88-c-k-c0x00ffffff-no-rj,,
d41f0a9dfdec46929f6f9534f8d79167,4350,51191,https://yt3.ggpht.com/GYX7Hr1y_Neh9AGRcRtipcs84-wxXpeVrng8DfCfoSGHSDyb5vxzvxh8b5TdUjGMjPeIVL66=s88-c-k-c0x00ffffff-no-rj,,
d44dc8542b4f4dacab8f54b7e3483728,527,21129,https://yt3.ggpht.com/pRvEkhOqHX237mJbvVB4PilJFpbM73zt3fZNpBDgBC9Q5JdOdLKzgmVTfgQSqHGjEGTw_Mt1UQ=s88-c-k-c0x00ffffff-no-rj,,
d45c287a84b6485e8ff3400cf50f5db7,2180,164505,https://yt3.ggpht.com/uaFchHZCSwKProb81rHElbvjvmhp9mpG9LPqa9sZo0BZKIm2Y8xGOjK4f9vtqo3PFcFqlVVpIL8=s88-c-k-c0x00ffffff-no-rj,3534,https://static-cdn.jtvnw.net/jtv_user_pictures/a32c9637-6130-4dc3-b229-d83782a1fd1e-profile_image-300x300.png
d460f1ea172d49f9a23f3277a391ce30,42,1463,https://yt3.ggpht.com/lTS6OuvHshOU2uwkGj_wlSUsy-pGyAwRcZvdQXXTlRUvGg0wTdNcwsWJyq-svtTN7La9PZhEwg=s88-c-k-c0x00ffffff-no-rj,455,https://static-cdn.jtvnw.net/jtv_user_pictures/8c547c96-c94c-4478-a788-493aee042101-profile_image-300x300.png
d475848a566848dc9f6ad02707d87e2a,912,87658,https://yt3.ggpht.com/E7QHhC26SV079Q7eAORYWWnqOzICN-qKmUbdRQfL5ni51bqXz0DGv1d0pTDMGTOEZ64MSngNUw=s88-c-k-c0x00ffffff-no-rj,,
d4b4a16e0ccc4bb49ff82c8584e6ed79,1370,41772,https://yt3.ggpht.com/XMI0S2S_DItf6esw2gCGGdba-tvpezSERLR1L33aAmZLZ8rdoXclOITLL5-nq1GH8W8ZN3QaMA=s88-c-k-c0x00ffffff-no-rj,,
d4c077fa180a460cabadc4e2838d1855,1190,57094,https://yt3.ggpht.com/e0gDcyjrPK2es2TVjZ0DZcIv5xmHi3NBej4dgOrlFbrsXHArn-cSxd0fRCKfSfTB5ysCqHnAQA=s88-c-k-c0x00ffffff-no-rj,,
d4cd6eee95774ca389aebf3e783a8cd8,19,157,https://yt3.ggpht.com/eh15MkeLDcli98FDguHkoboEkMJYCrQ-A_y2_O3pVpuV1GCihQqyKyLSuP6Btgo39ZIIPXCA-g=s88-c-k-c0x00ffffff-no-rj,482,https://static-cdn.jtvnw.net/jtv_user_pictures/a35a6671-a19a-4135-ad83-1b86240c5fa7-profile_image-300x300.png
d4e45d5ea1bf4a3a887b9f99ef60fda3,1300,29338,https://yt3.ggpht.com/ipMIo6CqUawVb5yReO1btFMWX1gHwCDcMQPS1bYrQ9X3fJBduHzNpnTqVPvl7u2-WDxRdGza-A=s88-c-k-c0x00ffffff-no-rj,,
d50d9b85f098470c8220cd99de802b17,350,18566,https://yt3.ggpht.com/ytc/AIdro_mdEvIHkqmyJYnLcbuFSxjmu6VfPT4-aiqNhAI959kiIK4=s88-c-k-c0x00ffffff-no-rj,,
d552c8b266414973b7044a2bd737a549,1110,26385,https://yt3.ggpht.com/Idvvps2ItGKLj5Qkjzn2kpHjZZGT9Sv38CnMp21Hi81EINsXgi5wFvCYL27i8cY6GTkHJUCKlQ=s88-c-k-c0x00ffffff-no-rj,101,https://static-cdn.jtvnw.net/jtv_user_pictures/202fc159-a06d-4ceb-a9c8-ea383a0f49fd-profile_image-300x300.png
d55860f26114410c97af27ba1269e3ed,2510,119741,https://yt3.ggpht.com/FUC2WTAyqTAHghhNb4H5W_IiJbkVxVDH9pwBITiXz3-K5jxzvd2YEGQtDsTcqZCPfBTGcF9oHJc=s88-c-k-c0x00ffffff-no-rj,1378,https://static-cdn.jtvnw.net/jtv_user_pictures/f609e277-1c8f-4ae4-8cd8-3d2acd13ed12-profile_image-300x300.png
d564dc69725f4258b8b08d8d5df285a8,180,552,https://yt3.ggpht.com/g6hGr3QDRAKNkJ3rc-yWrgHvyGzJS_paUPJ7_7xEw1MtJllZkNnjGd5X7JomgHOC7qIF3HUNLBw=s88-c-k-c0x00ffffff-no-rj,38,https://static-cdn.jtvnw.net/jtv_user_pictures/8e9aac61-8e6d-402f-91b1-d45231229edb-profile_image-300x300.png
d564ef4ee383435787e18dee18247631,1020,40362,https://yt3.ggpht.com/rOBlCVDrC3nn6WyKuRLJf26sjDIiWW47a5bUKNvwOtoDbfFXvoeF20qWSZf37MUa1rFJzBGLkQ=s88-c-k-c0x00ffffff-no-rj,260,https://static-cdn.jtvnw.net/jtv_user_pictures/089a061d-1d6d-441c-8ef7-4ebdb3b8229f-profile_image-300x300.png
d573ba517ed043a780491c40a7aaa22e,734,0,https://yt3.ggpht.com/A7ioxoNHBca-TTS-puHX27yR6KAUI_QMWp_a2lOTvdiaMjtHHOqxkKnFcIQ7PFFMk7_XxkDDPg=s88-c-k-c0x00ffffff-no-rj,,
d576c2396a004f3c8dd91baf14254898,2280,69597,https://yt3.ggpht.com/eGesQJmhmS2k2AwWu094VI4ppN6CxsU110e3yM7-t6kK6KUj4hPjEkkdPkeGuxjFs7HI0tLOBw=s88-c-k-c0x00ffffff-no-rj,2641,https://static-cdn.jtvnw.net/jtv_user_pictures/af35667a-fca2-46e5-a313-83ccbd250a02-profile_image-300x300.png
d57b7459ef5949ef96672a96fb33d8a2,1530,59541,https://yt3.ggpht.com/Cjw8krMkOx2mdfIAGShI2pvRAAf2lvV_ANwnA-8hUHUrFtGrZFTr_r1M8VvHs9mAxlH8BoLlfg=s88-c-k-c0x00ffffff-no-rj,781,https://static-cdn.jtvnw.net/jtv_user_pictures/4aeacd2f-e34b-4da0-9fe6-a09307eab6d1-profile_image-300x300.png
d59c12b12b964a498ee7c29574171ade,660,6594,https://yt3.ggpht.com/5QM5_8tZJgsBZHsSWDSPNroKIRpEvzWTx_ZoP7uw_dhmjBpfdzuRYw9K3kPlHHG45ZwzmMdlaQ=s88-c-k-c0x00ffffff-no-rj,1183,https://static-cdn.jtvnw.net/jtv_user_pictures/d5fe4264-f0ea-4c96-89c6-f3128cffc4c5-profile_image-300x300.jpeg
d5aa3e4d1b5e4346baaa0db456048bfa,12400,169832,https://yt3.ggpht.com/D1VL2ieLaO3TVULAuzD5w6gjz2DmRGOVPo5C7BWVrKQf-VC_FN4F9AtoTpK_2NomtQwnGYNIKQ=s88-c-k-c0x00ffffff-no-rj,,
d5c19a6328af48ba88bf41b2dd757f14,13700,538614,https://yt3.ggpht.com/Qn-g4NNzU1-7s-An7OTBUc4xb8BZGXquNq9OivcXBjxJAw4oyMpnKtsN8sukp1LF2id3hjAWqw=s88-c-k-c0x00ffffff-no-rj,,
d5f59c2707ee449dadea1d736de1b9ef,286,0,https://yt3.ggpht.com/sPjv0mTvW0Wncd4ypPunS3NC9N3eiQ2QkDN3FT_gNTtkmaqZ1AF-vRwPs10FS1ZN2P-nov1ZDPI=s88-c-k-c0x00ffffff-no-rj,2253,https://static-cdn.jtvnw.net/jtv_user_pictures/ecdfd3a5-30e7-4594-b5bb-3d7248025f6e-profile_image-300x300.png
d5fdf5fc55d14476908e416e6d43c121,41200,1641863,https://yt3.ggpht.com/69vZUxknr-NT9S3AiSXaPxFzcs6yPti3pV8yMa_sMwrAF9U9QiE7sza27WtKPYbu0xFOjmNm=s88-c-k-c0x00ffffff-no-rj,,
d613059b356d4cc9b1c3e998f32d1a5a,419,16496,https://yt3.ggpht.com/4bw7JpIxBPBIBwjy_UYHhZS2MtONc6059FU4vKVCKD9EM1WnZ72788WkFU_3VEtjdwXu-ngq=s88-c-k-c0x00ffffff-no-rj,4561,https://static-cdn.jtvnw.net/jtv_user_pictures/01ebad2c-967e-43fd-b65a-c444341d700a-profile_image-300x300.png
d61dc44af2ba4985a85de19b5b29cf64,295,31966,https://yt3.ggpht.com/alFBy4JSuyIE0v5_z_TXkyHXJzflhX-EIDg_xkoVZNcI4SRjyg1x1u6QxdpucUUj2xRNjgVkPA=s88-c-k-c0x00ffffff-no-rj,,
d6827fe530ca4db4b748651c72e81ead,131,938,https://yt3.ggpht.com/iEW5ktSV63q4EYE1wpRahWI_X4EhgoYMffFv3i9Codmd1FnWgoeB79xITID3xpoXSKaOvCCaCw=s88-c-k-c0x00ffffff-no-rj,84,https://static-cdn.jtvnw.net/jtv_user_pictures/12a50580-6543-4e58-b0d0-d9dfc4b3b712-profile_image-300x300.png
d695f574875549f28432ee0a9bbf6235,746,6710,https://yt3.ggpht.com/Y5rxfjmHY66vNZMXq-b74FKYD6wSX2BFkFaD8ndCL7tF1Txj6Yv3DkjMKzxR9cXJxbgPGqNLFg=s88-c-k-c0x00ffffff-no-rj,426,https://static-cdn.jtvnw.net/jtv_user_pictures/6d2f5989-158e-4968-b7bf-72660b74d06a-profile_image-300x300.png
d6afb902dbe04e35ab52f961f538f9bd,513,10104,https://yt3.ggpht.com/1cONVIvlx87A-QDLI03kEsnwv35ulZCr9Ti_g3w2YQGQxHQYwoHPYKbw4EBZldA9MeJcWyIJ=s88-c-k-c0x00ffffff-no-rj,103,https://static-cdn.jtvnw.net/jtv_user_pictures/f6e19922-bc06-437b-8f1e-cfa0c682f0cf-profile_image-300x300.png
d6c4708f6eb94ac6ad7668363b132248,25300,690964,https://yt3.ggpht.com/PLIoDhdj3Avt1slIGggFzfTQAO3f0SuxhU38QM9r7bCRenvn2sY7-OS-MliS4z4JI4KTH9lo8Q=s88-c-k-c0x00ffffff-no-rj,,
d70830a282b9446f89bc9d82c88b8db3,1360,104956,https://yt3.ggpht.com/QP9pDQOq6FZOT7OUoYPhX6-I4N2Te-wghHEnIBpwDQozv7oBF4fLxbDMoQXeQZwQcoPQbhl_=s88-c-k-c0x00ffffff-no-rj,234,https://static-cdn.jtvnw.net/jtv_user_pictures/59dc2bef-66f9-43f2-8f97-f801c3b79b6f-profile_image-300x300.png
d710be5717d04f2a995ac6384100df20,102,890,https://yt3.ggpht.com/9HLqjr1b35xHuzi9p8YzGNG4Eq-XHjtTo7Er-qYJD3Cz9DhiNhMa0pvJAMzf35AZkomXSd_qbeI=s88-c-k-c0x00ffffff-no-rj,,
d748a977fcd24752ad9e038468713bf2,1540,59884,https://yt3.ggpht.com/lyQddQbxrrF96403K_JGgOJKr-V2HMOWxW9d2MswmXbRwQhuI-49RRlTABrusXFeGGO35yWS1w=s88-c-k-c0x00ffffff-no-rj,,
d766d15cb84b4aa9b33122097eefff76,1450,0,https://yt3.ggpht.com/UmcMnimtmQVM_8oq3oNGlAF1FYAh8UKt8Wa38bmosrwASzbIkXfD88nJXH8Rd02sCp2Uux2a=s88-c-k-c0x00ffffff-no-rj,11078,https://static-cdn.jtvnw.net/jtv_user_pictures/326189ed-947a-48ed-99ef-b9476c26786d-profile_image-300x300.png
d78d72ce0aac4c9d9c5c16604209ced3,1940,69906,https://yt3.ggpht.com/cTgjuOtQoo9hyDC-p5KGd7NTZcB7B9WRBBPT9-bIIhiNKxWoUW-aDWBGo2gmVrgXeVe4EACtkw=s88-c-k-c0x00ffffff-no-rj,,
d792696470b54bd4947a59b10759a636,830,36646,https://yt3.ggpht.com/BaY7jyvvs9HKyhnGxna-06U3aGrZbMwpt2vaFhni5l9uh6jkuKeT7-Pwq5_ey_Lwh6Cs-F8S=s88-c-k-c0x00ffffff-no-rj,,
d7963784d96543e28a290361d38efe30,1410,88847,https://yt3.ggpht.com/uEHA6GcQVudLXZbHpKtJgcKv5gibJCiwEf31lg0P5acnMcZ4mZdEJSdfVMM9HzvAo5DzDkxk9w=s88-c-k-c0x00ffffff-no-rj,752,https://static-cdn.jtvnw.net/jtv_user_pictures/6f75c6a0-5f5f-491a-855c-6c7feca17736-profile_image-300x300.png
d797701ab1564b62906f91a341134a9e,42800,2408791,https://yt3.ggpht.com/8BtOSh7rnX_D4-0LA-KkddabP-m2vAoke_aWwK9LheQB6MKfP-mxyD8_bBbZaenS09xvwBXd5w=s88-c-k-c0x00ffffff-no-rj,3176,https://static-cdn.jtvnw.net/jtv_user_pictures/4a3ddb64-f1bb-49cf-96ac-a884db9df4f8-profile_image-300x300.png
d798cb880a814f61b472559384756a2c,143,2255,https://yt3.ggpht.com/G8oYOvWv83zRCCuzrkT0KT6I_1IDhCJFEXgcyM4UM1vQtMQKxF_XhF1f0ikmRba4gUstoEA1Eg=s88-c-k-c0x00ffffff-no-rj,,
d7b96c6024ce479f9b8f8c0a5439c9af,627,9508,https://yt3.ggpht.com/2bsIrrriGqjEsEy_3h2o8J0rUWBqIEjZjTBx9Lmz1ak4IfUHE0uY5q3p0btoByIiYmIW6RBdK_k=s88-c-k-c0x00ffffff-no-rj,1848,https://static-cdn.jtvnw.net/jtv_user_pictures/9d4a6805-b20d-4d50-9746-fd37f4e3b358-profile_image-300x300.png
d7e9a44c2bbe439b9f062d64dc1b96f3,551,20936,https://yt3.ggpht.com/kbSvWrf01f8KRqVxcqsn6k6VeP1zGkWHvlUXLo49afuXI12x_fgssbwO0KDKn8R2unghNVGsJgc=s88-c-k-c0x00ffffff-no-rj,,
d8008bc6129d49d4bebfe530c4d02751,2400,0,https://yt3.ggpht.com/pYn4f02g1WzDpf1qigw4Vw30Magj3QWRYQVfHQVLHtKR-PWAVz-rocIh1GI1HbdqeivFEi6fVg=s88-c-k-c0x00ffffff-no-rj,,
d804bcd787db4333bca9dccd268ed32a,,,,2655,https://static-cdn.jtvnw.net/jtv_user_pictures/03f38e17-943e-4170-a9d3-34df7d4739a7-profile_image-300x300.png
d80f5bc1e3ce4c35aa3eced40cc3bddc,2230,47687,https://yt3.ggpht.com/iqRUVkoWiNaY6prf0wJjBl_purcw85Am1NnQzXVKi_v_O923BpRDfxxRCOYl6-JuBQ6YI9e4rwQ=s88-c-k-c0x00ffffff-no-rj,348,https://static-cdn.jtvnw.net/jtv_user_pictures/3f23d970-13dd-4742-941b-0e52c504c1d6-profile_image-300x300.png
d81d1032a43642eca36e82ba9a3c39c5,31000,1348379,https://yt3.ggpht.com/6Mm2UT1pq6TAbgvwCVP36YNnFFxmEPlyjQafe5Ym6Hx0OIh88XFvEHbm2FNGMof_PTHNbpwkDQ=s88-c-k-c0x00ffffff-no-rj,10414,https://static-cdn.jtvnw.net/jtv_user_pictures/32e925e0-4dbe-47a5-b835-2da7bb6e4746-profile_image-300x300.png
d837e8fda137492c9d77882b98ff863a,136000,28661771,https://yt3.ggpht.com/kW21g5eMZzku1WbGSo9A3aViVarGyUWzNi3stOfhOVkyj3RvI6UQDClN7iiHFOJb7grRhIVJ=s88-c-k-c0x00ffffff-no-rj,4978,https://static-cdn.jtvnw.net/jtv_user_pictures/adc3654d-4dbf-4cee-89bb-2c0975d67709-profile_image-300x300.png
d8520b0d7b424141bf19b3254d264960,315,5950,https://yt3.ggpht.com/uOF8zeEtaWJQm9Vg1Y3SFOHWtC73jsV00HS_GCl3gKHyuoe1IQCbwmlvsCJ8_N7yhOVLvim0yh4=s88-c-k-c0x00ffffff-no-rj,,
d859857097fe4e9d90a2d840c0e7fca1,305,17771,https://yt3.ggpht.com/aKn83a-n6lf-Cm9FwIvY_3UdroK_aoPFcbIEUUCu5cWNW_mnKMcJJrz6EzOprq3RmvD8VYqaVg=s88-c-k-c0x00ffffff-no-rj,224,https://static-cdn.jtvnw.net/jtv_user_pictures/96f880de-0f3c-4ed1-83da-3ecebb59be02-profile_image-300x300.png
d889f67fe7b84a38a9742ab2a47f346a,2770,123426,https://yt3.ggpht.com/yqBPISHX8gNNKPMqC9sruzvyl6Ak1vzjmd4O9lerolOM3iaa5M8-PcE6N7VHIk45HSqfl57_qQ=s88-c-k-c0x00ffffff-no-rj,2561,https://static-cdn.jtvnw.net/jtv_user_pictures/e0314b95-ce39-4e55-b91a-56d720c090b9-profile_image-300x300.png
d88c3cbdb65940e69a3feb152dc93d6d,278,538,https://yt3.ggpht.com/xdIj5mP7DIsuAPNlDChrH4_hyGhk06lwl8VvBl-5Cc36eFtWSpTHQ9u-WGZbWCVHfW19Y1o7nA0=s88-c-k-c0x00ffffff-no-rj,228,https://static-cdn.jtvnw.net/jtv_user_pictures/662df65b-57eb-4a2a-8bfe-24ee7884c47e-profile_image-300x300.png
d8b0b4e36c614d328620461a295572a1,813,33528,https://yt3.ggpht.com/doP-e9SJ9ieUxCrf0B6iJ_X6fD99Nsce-Yg77eUUmWch_Qf-iqVVyN9FvXUGN5Nq5b2CpgEd42g=s88-c-k-c0x00ffffff-no-rj,129,https://static-cdn.jtvnw.net/jtv_user_pictures/ac764205-f68d-4f1c-bd72-b026cf565cb3-profile_image-300x300.png
d8b5835bc6aa46119cc7ddd4447e780f,217,34586,https://yt3.ggpht.com/ZqI52o30ZtpCqQ24OnigIoxCbLhOhxmxJChMUHgwvVXbn94TYNOrPU7WUMByPbil91Mft9cTK-4=s88-c-k-c0x00ffffff-no-rj,1903,https://static-cdn.jtvnw.net/jtv_user_pictures/9ff28e9a-6751-46c2-b385-c5e4af5a52bb-profile_image-300x300.jpeg
d8fa0fb407c043cb9b65ab66c2221e8d,188,67484,https://yt3.ggpht.com/rxdFQWnBejGmq7l1bpJv_w2vXejJ0nBIbLAHFIiLbFGCyd1Pe9IDUNmSu7lWRYknp9dMBRX-pX4=s88-c-k-c0x00ffffff-no-rj,2087,https://static-cdn.jtvnw.net/jtv_user_pictures/931a5fae-1bd7-4e2b-95bf-ae15edb5d1c4-profile_image-300x300.png
d9171721f30c421cb182deba2fddf18c,44,1029,https://yt3.ggpht.com/BGZQJdCYtfG3IRSPFT_N78yA1OJacjridpO7kyAvGFoXD56HT99ovOUJ4jOHaWX3jTO9f-DXDw=s88-c-k-c0x00ffffff-no-rj,,
d91ffcc2823f4121a2caa347a8c2a507,,,,830,https://static-cdn.jtvnw.net/jtv_user_pictures/9820f690-95fc-4939-b4a3-5cd8c97ec2db-profile_image-300x300.png
d9205a7681c74bacae6e0c413aff1ab1,2450,66383,https://yt3.ggpht.com/-1aR1uhLXxkS2zLX2Jmdlmue0tbAWSPs3Jqxr_AuZiO3-FzrvQAMmU6DHyRGCcDQgXVgTUUidw=s88-c-k-c0x00ffffff-no-rj,,
d92c3f9d55fb49e0bc29039b70da5dfb,146,1272,https://yt3.ggpht.com/hAoBXsFDoOEMyVYGzcPRMnRjxhLO8WvjDZ4Vcc4dEXQnvUlR6TDyXM3B1bw25WEhpUY7BZLZPA=s88-c-k-c0x00ffffff-no-rj,433,https://static-cdn.jtvnw.net/jtv_user_pictures/b20ec8c8-de06-4fc4-9fbe-d851018571b2-profile_image-300x300.png
d93ec185504e45e2894865980da489a9,,,,1199,https://static-cdn.jtvnw.net/jtv_user_pictures/4e61646b-feff-4c42-b71a-adbbfbf041d1-profile_image-300x300.png
d95e3d9eed1a4e87a736a882a1fb9288,2450,229204,https://yt3.ggpht.com/ucvpKBJLTRDrdpJHp9B-o3pWldf4Zfy4gu2xhnBoGIX4OKyLvkD3M1M2jRJwTFMoqqSgsUmLteg=s88-c-k-c0x00ffffff-no-rj,70,https://static-cdn.jtvnw.net/jtv_user_pictures/6f127809-a16e-4675-9c9a-e883615cb6bf-profile_image-300x300.png
d9672cfcc1be4d7da82a1333849d52df,27,36,https://yt3.ggpht.com/CK8lsIGA4iIvM4VYZ17ctzsxfnbHY6q9MgItD7nlGMQGTDW69z7de1_Z2JpqV2eFYU7kSwsofQ=s88-c-k-c0x00ffffff-no-rj,11,https://static-cdn.jtvnw.net/jtv_user_pictures/43a1e576-de83-4c0f-a5a1-e9a4db1d93af-profile_image-300x300.jpeg
d96ffd71ce0d4f508b270703149a6669,4820,165118,https://yt3.ggpht.com/RWzEGUb7QEX-n8YPsoHRSLxvYgxowsN9k8nmU92rTY7hSESOUfKcKHtvvXVg2qh15pdX6jBBgQ=s88-c-k-c0x00ffffff-no-rj,,
d97c620f77bb48f990dc5b1c9ad10c75,57,156,https://yt3.ggpht.com/8tAetcgVN5DC1iDJFNSLtIAiqCCGMPnuYoPORwriPNqR8bI1nIa0DQP9X3aOqQazrI1IYewKvds=s88-c-k-c0x00ffffff-no-rj,200,https://static-cdn.jtvnw.net/jtv_user_pictures/57c67fd9-5853-4dce-9a69-86640437a0ac-profile_image-300x300.png
d9baa82223d04494abd266da86171d95,793,0,https://yt3.ggpht.com/hPg6gZubfMv9W4YjeCfuPE2eNZhkL6XOxwyguJvhji7bNrVDOiAjmTs1YiAOeV6uu99pPqb7KC4=s88-c-k-c0x00ffffff-no-rj,658,https://static-cdn.jtvnw.net/jtv_user_pictures/f67ae6f2-a095-4959-8fb1-3089cb7ca1a3-profile_image-300x300.png
d9cc0ae8d8d74a9092b760cceb412f56,526,8084,https://yt3.ggpht.com/OoEDrBW1rlSc_gWOBjCtVMe0Qh-yWPCpGtKoD2VA4D4gZFFMcUq3FCtI_a1H7n7cIEhwHz93=s88-c-k-c0x00ffffff-no-rj,,
d9e5219a4cd84ac59bc35faa94729f01,7490,239084,https://yt3.ggpht.com/TolXx2G9_ljd3SpKQT39l13ZCWPaWOJ21MDq29ZwI6GLgY7OPO5TcZlIJu3S0XZZnpapJY_AxQ=s88-c-k-c0x00ffffff-no-rj,7525,https://static-cdn.jtvnw.net/jtv_user_pictures/3acc8b27-7d67-42f0-a075-e00cf381db93-profile_image-300x300.png
d9f302ca07b54664a88124d64442abac,40,7195,https://yt3.ggpht.com/ytc/AIdro_nCVjOupKouS1AKNlDh-ZWBd1ZONVhvyP-eiVOUetiD3A=s88-c-k-c0x00ffffff-no-rj,118,https://static-cdn.jtvnw.net/jtv_user_pictures/23848ed3-417b-4486-be1f-3e393dbfce75-profile_image-300x300.png
da028e87249944c2a8c86defb7ad3919,316,4291,https://yt3.ggpht.com/9ZoN69xC0aJ5ebKYGEyjDhO4KXt54s14GlNvqegyaUCW_NMGN3TmMt67VoGFB7jv-zk-WWHnJ0k=s88-c-k-c0x00ffffff-no-rj,,
da165e838dfe49aea3f91457f3825657,391,8480,https://yt3.ggpht.com/6W-n85QArKga3okZy_V2KPPh4qXnhYqj3au_WDDFyQxjSMwDiY8BNl6bDOWkxCz-BIpOAzkD4w=s88-c-k-c0x00ffffff-no-rj,,
da189f9d282e4c31a4a8024d11fe368d,3040,123491,https://yt3.ggpht.com/3nzg5rpyl8h8mGKeIrr8bRcDLnnSPqBPgB7r34Ls9kvQSFhZ39ZomDgrFdKeUr0uJk8Lg3B3=s88-c-k-c0x00ffffff-no-rj,,
da3a3993bd8946da824d66d5a5d456e2,6270,300373,https://yt3.ggpht.com/TrsP5T8o3EOLQg86I6vNXpwwNprUfrAgf4FTm6CwStnn5u5dajXQKMQww_3C37avscaa9HxDrA=s88-c-k-c0x00ffffff-no-rj,,
da3d722ffea34b5b87fbb62c6026cba2,359,12453,https://yt3.ggpht.com/rMjA-CRHnnNa9m0bSbc_E07AlxAO9lhuwSq614fcppVsBVRZr0LoXFOjunGhlV-P9DzJJDpn=s88-c-k-c0x00ffffff-no-rj,134,https://static-cdn.jtvnw.net/jtv_user_pictures/37ad148f-90ce-4ac9-9218-04607f23834c-profile_image-300x300.png
da4a58b114b94469a0a93f6b8ee7512d,17000,419692,https://yt3.ggpht.com/LFFekVuezN49KrT4OaLdMs6yYF_UUbTAhgwkjFKXlfSusgdM4hf7NYEfvuWc2oN9oU6n4hWZcd4=s88-c-k-c0x00ffffff-no-rj,11383,https://static-cdn.jtvnw.net/jtv_user_pictures/02d60e18-3df4-4d13-b4f0-712e5a1d9a31-profile_image-300x300.png
da503b835e2a41d58433ebf6960db356,1520,51035,https://yt3.ggpht.com/Y7INNDT6lEEQ1SyKcl4WNRmRWG7UEB47PCkil0rzXMl8aoNaMOcrC96bUD_DYKZPCrB7o3imFg=s88-c-k-c0x00ffffff-no-rj,768,https://static-cdn.jtvnw.net/jtv_user_pictures/e83f2529-a40d-4e8f-8af0-7529845306c2-profile_image-300x300.png
daa0d327175a43dc9bb627bc6db7de56,,,,1316,https://static-cdn.jtvnw.net/jtv_user_pictures/bddc028c-aa33-4070-8f3b-c371479e5b1c-profile_image-300x300.png
dad6fb7439d744739755a9a7c6c18d20,21600,1590751,https://yt3.ggpht.com/_IZIm8Z4vI9yXNghU_axtp8dhIt1xZpoXfrZw5bEiNm9w71HFvSmaC-txuSKqREh-zhgkajtAA=s88-c-k-c0x00ffffff-no-rj,1455,https://static-cdn.jtvnw.net/jtv_user_pictures/dc0326ff-7c77-4d25-9c7d-96d61418fe6c-profile_image-300x300.png
dadb89bee9044261848ad444625d94f7,2700,25101,https://yt3.ggpht.com/ARDgfCm4u7swahq-kzSodq80JAVVgmmtPhlKO5Oiev4chRW56okDuYFPGmjYokHgXdhxBgM9BA=s88-c-k-c0x00ffffff-no-rj,,
daf01d921fcd4d59876e7f574a083aba,2520,50286,https://yt3.ggpht.com/uji1jwoh0JjI71LgBuP3avnEZKf1te97P6-eD90ZXQK991JC1edCswmxpd9OzBV30rU3lIbj8g=s88-c-k-c0x00ffffff-no-rj,,
db2f279f9960492082f3ae6ad20aca91,1780,38930,https://yt3.ggpht.com/ytc/AIdro_kzhWj-7EFWDl_v__5pbVOXjtfaSSLkI83LnsgX5mPAmx8=s88-c-k-c0x00ffffff-no-rj,503,https://static-cdn.jtvnw.net/jtv_user_pictures/5fea9ea6-0726-4460-b400-15fc28d883be-profile_image-300x300.png
db3a6f094c3146c2ab6f2f267337f132,106,1283,https://yt3.ggpht.com/-YoF9FvAGLVdyExFWF1r2Ggm2YLT374vHAMXL0btH5xkHHjCAEYp46PYBm5gvUwywnwL2Jdocg=s88-c-k-c0x00ffffff-no-rj,649,https://static-cdn.jtvnw.net/jtv_user_pictures/879db9cf-5d9e-4a2d-8b29-cc15a20462f8-profile_image-300x300.png
db4caa3fc50540e3bd7caecd69e2dab8,365,14361,https://yt3.ggpht.com/x-l2BHaFde9xx_uoTr-ppvnh2KU84agLIva5Fno-QjgsHY-cks1dCJ4gJG-IvBCJQFHXMJha=s88-c-k-c0x00ffffff-no-rj,,
db4fd03c50654057bd32b9201666b345,2790,113773,https://yt3.ggpht.com/ytc/AIdro_mmqOfIVYW_dSAYP_M3XM3AWAYYwFpvwcMk_Wx4OqMohU4=s88-c-k-c0x00ffffff-no-rj,2312,https://static-cdn.jtvnw.net/jtv_user_pictures/4f5306d8-5745-4a3e-aa45-588cbb9d8091-profile_image-300x300.png
db52957b67e94991b36e41e4a20fb52a,1060,0,https://yt3.ggpht.com/5bd9KXKEuMm57zYi9OA8Cb3ZY55tJFQ_di0Ja6ssgMMdD1bTeMPBmXUM-RbPggP-4SdMgvDjrUU=s88-c-k-c0x00ffffff-no-rj,51,https://static-cdn.jtvnw.net/jtv_user_pictures/1a112e08-3755-4f00-bfe4-40a44d0a2570-profile_image-300x300.png
db67d9cacbcf4797ba2d41a6d115e2ff,344,9301,https://yt3.ggpht.com/eNUqdqmjxO41VoSK1Xi6s2_mp1l55mLOWdikKHzgzoNd1O4KWtjXyEcDguDRbdYJIhCWTFIzEsw=s88-c-k-c0x00ffffff-no-rj,,
db6b14a0319e4f639bfcf8d4309c064d,,,,2568,https://static-cdn.jtvnw.net/jtv_user_pictures/d7c3ea6a-3232-437d-b075-fd145efcecf1-profile_image-300x300.png
dba1db65ba874e18a33d8465d52d8f2e,2710,77425,https://yt3.ggpht.com/g4x-BZInKoY1rczLrPLVZCFKAjB0KGYjShiujEzhusD2gTULCvCMb6cHBXgL951XezaYElfN=s88-c-k-c0x00ffffff-no-rj,,
dbabd28a98cf447189088251a5b973d4,1740,19037,https://yt3.ggpht.com/_u3dELLeCVn9odeeMxMQy5faH_uL6kg2IqozuQLYZekPl7B4HsRhjldO6IeO9qBR2Al2fP2z3g=s88-c-k-c0x00ffffff-no-rj,206,https://static-cdn.jtvnw.net/jtv_user_pictures/d76b1e38-c221-41f6-acdc-60b84a672edc-profile_image-300x300.png
dbbb8592c30840c8b00ae8091a684e5c,43,164,https://yt3.ggpht.com/ERn-891SRwN_4ywCj5DLoLF7HVEBvJ9rkRGjelgnlT5_DNK_ugD1Ml47easAACxF6cKNn4GomQ=s88-c-k-c0x00ffffff-no-rj,752,https://static-cdn.jtvnw.net/jtv_user_pictures/b9c44104-a90c-4c6b-9df3-4cc8fecffc78-profile_image-300x300.png
dbe3f9880dec4a03bcc1943343455a6c,1110,41084,https://yt3.ggpht.com/3vaYlzl61EQEhbeMzfZiJozKIhu2ZSGsqHQlTlX7udFonSxXn0Unrz6_6Jc32mYQudxnR2gE=s88-c-k-c0x00ffffff-no-rj,,
dbf7b5a346e645f7be7d0d19d2193bc5,322,21654,https://yt3.ggpht.com/bniT61PaALNOgSa-CL7nJ1yOWG2r4hMdAN7hL-f9VXQwxwVg0KIYuW2ZRyBMAcUj6I6SpL0Fww=s88-c-k-c0x00ffffff-no-rj,,
dbfaa5f3d01142df8a05c4946a0a22dc,1170,27731,https://yt3.ggpht.com/8TClQu8KJGJ-kQGdr-VSlcF1onXD6_8Ukun3Yo3tMltzCRE9hiovYnQjMp5p-Te-jPJP3Hw2=s88-c-k-c0x00ffffff-no-rj,,
dc0f8e297afc4531ac04e46808f7ef6d,201,14768,https://yt3.ggpht.com/8nNGSpMx8Og0YdbJqPN-4aTh_Q4xHTApP_jDjFoWptocA1vtZNd7AzsNWUICkSffVIoU1WordA=s88-c-k-c0x00ffffff-no-rj,1034,https://static-cdn.jtvnw.net/jtv_user_pictures/b456a72f-5073-4047-bee9-e97c7262f009-profile_image-300x300.png
dc27d7819dac471f907e0ace5131580f,162,3432,https://yt3.ggpht.com/aIqSyI55SZYTQh6LLf0Gf_aEgyAcG35i3foKWr2EEs4IyrnpzXEgNC5YcCu1dCGVJDtk7sCG7Q=s88-c-k-c0x00ffffff-no-rj,1019,https://static-cdn.jtvnw.net/jtv_user_pictures/dfcbc630-b4df-4884-9697-1332ffc563cd-profile_image-300x300.png
dc3e05e0c12b4e0a93dc230f30925ee0,6420,167079,https://yt3.ggpht.com/L7tzR_3sNNDWio1A3LvyLJABJEUs-xZ_MZh1BdYZRIkregR7NGNU__Wnsq9kcGbZAZnxWkRN5g=s88-c-k-c0x00ffffff-no-rj,5559,https://static-cdn.jtvnw.net/jtv_user_pictures/bcaa3eac-b5c0-4ff2-b0e2-a8c10c133ca5-profile_image-300x300.png
dc8226bfc9c64cf5bc768f387a41c48d,851,9633,https://yt3.ggpht.com/CK35c85Zjno97pjHiSucHmRAVhU39fB2PWO7llxxXihhbEUt_uEhtM417Bw2P-EEQG_Xx82zfg=s88-c-k-c0x00ffffff-no-rj,,
dc97af965a4942d281cc7365805233f1,111,2333,https://yt3.ggpht.com/xQ59eoX29VplJp25sB4GYFU50ZP78cu-zmsZ-AoHUAjyXP0xz4j2ZR4VJZdyXURC2EfEqRBPUw=s88-c-k-c0x00ffffff-no-rj,,
dc9cd2bc942d427d8cc73370d1194f9e,167,9232,https://yt3.ggpht.com/Mc9uvxD1x_TFYoNYv2klSeRvfNWMpETirsx7BiW9EYgfaJcVjyW3sBpJubiWcfBs2R9QGJkf52o=s88-c-k-c0x00ffffff-no-rj,,
dcbe7946e39e48bcb0b725de64a445c8,1760,31441,https://yt3.ggpht.com/72KilDkY-O9w2Yry0RDa-HlE12_5OX9Klg2E8NsZkBQT6pYfGn1WMHi7bkLlYgQE2DQAO6n_=s88-c-k-c0x00ffffff-no-rj,,
dcebd098c3ea479ba2b0e32a2696a5ec,16800,529108,https://yt3.ggpht.com/Uy9v4czZ3oEflN5tk-900au6QDRbvjwNRouAzfez8OR_aQY8zcT9x44PIhUoPFl-xBVEqMcbwSg=s88-c-k-c0x00ffffff-no-rj,,
dd0401d23f5444c69b9d10db3b22d444,525,12993,https://yt3.ggpht.com/Fo3X4_S2pwFvV4csBr4LWdF7oai4nWDu69MC-U6nKqYL75igYP7RJ43HthdVpgUMislGgf7t=s88-c-k-c0x00ffffff-no-rj,16,https://static-cdn.jtvnw.net/jtv_user_pictures/762ef5e5-2bbe-424d-b81f-b0dec37e1c58-profile_image-300x300.png
dd9bf471b0304627877f38daaec5407b,90,220,https://yt3.ggpht.com/yzOAM8CHbiMy-xV5z-A60T4xNbN-9TsiyjJCwPn4tBgg-HfDTV3GZbbmkzLyOKxKyOhF2hlJrg=s88-c-k-c0x00ffffff-no-rj,840,https://static-cdn.jtvnw.net/jtv_user_pictures/d5893b3a-0223-42e2-aa3f-d484346237b2-profile_image-300x300.png
dda9d5733f5f49f4aa77f147640040c3,43,112,https://yt3.ggpht.com/gQ6YE46MPewYjuZVW0rPHS1IwQj12Kt5KhChNXs1JSLZdfSKqI02gNlHlQmVVqbnsSSBGYQfYg=s88-c-k-c0x00ffffff-no-rj,480,https://static-cdn.jtvnw.net/jtv_user_pictures/ddbba0fb-3435-439b-a28d-3e8e15c3eb1c-profile_image-300x300.png
de0e98c9266449b7874a942cbbb63a0d,25300,1753309,https://yt3.ggpht.com/VV-6Y1Dfz8MHyOBmIA-DiAKNugjfn8mJxxoXKdy5lWQYCwdOtjYVcyucpsf_SJdR3ZzJpY_8=s88-c-k-c0x00ffffff-no-rj,3194,https://static-cdn.jtvnw.net/jtv_user_pictures/23e4c763-822a-4868-b164-ae53e66da391-profile_image-300x300.png
de1fec02e4ab43aa948a415621abc524,1440,87147,https://yt3.ggpht.com/RAhHZx1ZIalBj9679ARwbZNrjRCd9AazFJ_rG4AQZOzpNDUc0hjMrK_ZpIwMRQBkSzLHHxqvdg=s88-c-k-c0x00ffffff-no-rj,,
de266b34e79c49b48fa566e9fb1a24af,15800,777213,https://yt3.ggpht.com/uQ4CnpJl-PRw7pQXJKOxr3-wIBZNs1SNZlUR_1Ces5VzEc0u2ZHy6Hbd9DNExQ67vbGkGH-SSw=s88-c-k-c0x00ffffff-no-rj,365,https://static-cdn.jtvnw.net/jtv_user_pictures/9996e38b-0c0d-4f3a-a914-99c6c8940d21-profile_image-300x300.png
de362d2d371446d898953e74e27abd2a,2560,235956,https://yt3.ggpht.com/biZqxjRkrzAaKTOI74-Sd2Lt_T4oX6IHOCWvbcFusommkQ8YY9_gerniK9FkY06cGiAh94Vj=s88-c-k-c0x00ffffff-no-rj,,
de454734403e4c8cb03961dec481ff6d,168,6460,https://yt3.ggpht.com/1FVYSavqRQKKu5EfnthqW4e1aSigbpdS0uHb7ls1N3KLs43pSFGEQN6lG77jiEeyGcRKKUw2Lg=s88-c-k-c0x00ffffff-no-rj,372,https://static-cdn.jtvnw.net/jtv_user_pictures/6f30a2ec-934d-46a9-b2a7-f8bd346c0c3e-profile_image-300x300.jpeg
de49994d9fd14067bf9ea5b4fbac7229,1010,23248,https://yt3.ggpht.com/T9mmo-3pXfRmONTfqCwUcHl5lBFlkErOSxgYVwfky_WSo2ctGDjNFBTDGcn8Yv6lHYkk1qNrvw=s88-c-k-c0x00ffffff-no-rj,310,https://static-cdn.jtvnw.net/jtv_user_pictures/eefc1b21-83c2-4e08-aee8-15edcae75805-profile_image-300x300.png
de5f8aaf92814bb79eb91adb0efc8f1d,218,9395,https://yt3.ggpht.com/Ti7MzyvHP72BET__30Rp4g8SjUTUgzQc2dNgIjB1OuRC78e81GOQCgqZ6t3_5zWi17FQmCGJuQ=s88-c-k-c0x00ffffff-no-rj,,
de610557c5c041df85e41e7f2f5490f5,1840,39159,https://yt3.ggpht.com/Kvkqel7NXYNchLyiL5WflMQD6pBxyAlCRC_vSmWVaUJVPbsjsuwRb1zPL8hs07P1svAuPfUO=s88-c-k-c0x00ffffff-no-rj,,
de6ab52e6aca42d2ab88274244e772fc,748,24385,https://yt3.ggpht.com/ytc/AIdro_kJB2xhMahY44E5nwVZ0iuZh8BS7-GrkquxzIGp3BH_vg=s88-c-k-c0x00ffffff-no-rj,,
de7f8ba1753d4e4cb95e6ac99007eacc,1130,20003,https://yt3.ggpht.com/aqBsQKozEJDFgafxBD_JDA-bHyp81AZu9QpZyVMdbkTZQ440CEu-3L8yd9MVngRZ94eIno-C6TE=s88-c-k-c0x00ffffff-no-rj,,
de81b740d66c439685aa37491d27efc4,4890,454135,https://yt3.ggpht.com/ytc/AIdro_kKx2b33a0_ATNh-fhM9Jdk2SShTpBCkGsjoNuliizSAa4=s88-c-k-c0x00ffffff-no-rj,4320,https://static-cdn.jtvnw.net/jtv_user_pictures/177dba77-0480-415a-a6db-d0594f38e221-profile_image-300x300.png
de8c5ca15afd4534a822e5a1a9c2784e,192,1741,https://yt3.ggpht.com/iPiVF_FRjRqy9J490l9SfZpfKNeAXpG7z3IJLLzZg8BR6fLPdwxHco5B0YIv2AXSMpaAsgzm=s88-c-k-c0x00ffffff-no-rj,1905,https://static-cdn.jtvnw.net/jtv_user_pictures/be71cfa0-4ece-41c2-a6dd-ea62b23e2d5b-profile_image-300x300.png
dec8ff1f1ef243ccb8fa65edb7a813bd,631,7996,https://yt3.ggpht.com/I1E8IBlLHD50mdZ4DcZZO3jasGFcAo1-Xwkd7iyDHknQkdTQ7kVeXGMVj5Os6Tc7X3Et18Fl=s88-c-k-c0x00ffffff-no-rj,338,https://static-cdn.jtvnw.net/jtv_user_pictures/bec56273-be29-4a6f-a874-368390d57e29-profile_image-300x300.png
dee8efe8990e458c915e4f6a6a16b49f,43500,5060626,https://yt3.ggpht.com/2IuTzexEeMpHBECJYCW-j3SrZWVSwf6Odpj9yDGtKawSnYwePt-9HtWVa5dTDnGRbOfgRWFsHaE=s88-c-k-c0x00ffffff-no-rj,3322,https://static-cdn.jtvnw.net/jtv_user_pictures/c5a1d7ef-351d-46a4-8c54-81618a0decfd-profile_image-300x300.png
def76c5c31fe4466b5ae6e6940ae6e58,3390,320810,https://yt3.ggpht.com/GxPdsNGfukidQxfI6PxomkjJ-ooZx8qUOazDByGCvb8dGFZuDGA8ZXKPvBnxo2GTmJXAfM0W=s88-c-k-c0x00ffffff-no-rj,,
defbc693cb874182807b768593439616,569,17791,https://yt3.ggpht.com/cx1zG-BPLOlJZkGz_Mom67fuod-vKu7Co53uVem5Go1E4RiEA94Vs_FrdCncC0Y_25wOzpDB=s88-c-k-c0x00ffffff-no-rj,1436,https://static-cdn.jtvnw.net/jtv_user_pictures/2d3fe304-1cb1-45ef-b048-5e3048a0f453-profile_image-300x300.png
df02d1a89bc74c928c825773996bbb7b,40,1710,https://yt3.ggpht.com/Z8LyYeRLiu6It-RjoEQd33kK0TnX77Dqn9gTY6psvVzQtfM08orrKB0HrKG6ogf2xWoqrxVC6g=s88-c-k-c0x00ffffff-no-rj,916,https://static-cdn.jtvnw.net/jtv_user_pictures/af3559c9-5364-444d-b1ed-8a4c865881cc-profile_image-300x300.png
df079afa77ea4a65baedaaa701936050,194,0,https://yt3.ggpht.com/ytc/AIdro_ldFcyN868oBCdkKWbgSV9rPIyBBgyaOi3iUuI6hAt5Cw=s88-c-k-c0x00ffffff-no-rj,,
df0c2ce19ccf4e26ac1a18065f85dacc,7420,327141,https://yt3.ggpht.com/QtrYkJ4AJASFGMgZ8wZ8qONf0ZRafbAO0Cr55IuzSwpr3678gLVyJW_3qblRKPBHsSft-hgf=s88-c-k-c0x00ffffff-no-rj,,
df292544db27442ea21604a7c6217587,236,10759,https://yt3.ggpht.com/RN324vRT547zX6vguuVzCwMzRABAMU3bngP3w3PspJiNLHQkoQI29nahs8l3j62HnOUyX-DnU5c=s88-c-k-c0x00ffffff-no-rj,,
df49a373151f4d21a118829e7ee471c0,85,0,https://yt3.ggpht.com/ytc/AIdro_nZd_9LPzdXKEnueM12lhYJQp6teUBgQ0ZRdGNQjhw7h_4R=s88-c-k-c0x00ffffff-no-rj,1364,https://static-cdn.jtvnw.net/jtv_user_pictures/ac4d4160-56d1-4bb5-bd8a-643437a5dc81-profile_image-300x300.png
df4db34100964e258eef7ba08b7571bb,193,5595,https://yt3.ggpht.com/6qPVSRfOcPkFNwPZIly7rGTrEQjIBC4z5epyhCrQHmtGm7Dd-6x7WWPH5bU5-H3c3L4by_-RfA=s88-c-k-c0x00ffffff-no-rj,,
df6443487ffb4142aea2b053b4aa8db7,203,9530,https://yt3.ggpht.com/xU3zChVEHMoGY5hiLVgx61Oq16W2II-Oe6uOCYtk_fb0t-fr5E6x5FQz_0NdvfVGRtLdrD1NxQ=s88-c-k-c0x00ffffff-no-rj,1436,https://static-cdn.jtvnw.net/jtv_user_pictures/0ff5a4fb-53d5-44d5-a8cb-c9b2bc3d9f56-profile_image-300x300.png
df6e2520044744f0957a83db74b386bb,596,15386,https://yt3.ggpht.com/K_k9EYF1Q1cta0r9KbslLL4mTzEvU3gZI0OErZg_Nr1YM0ca57goOA0DE34CGzjyIDhhsmse=s88-c-k-c0x00ffffff-no-rj,,
df7b08cd72224681a63e6e85e0753132,276,17724,https://yt3.ggpht.com/bRuirw0mzyM2XgVT9kN4perDt1OyVJ1wwgUQpK2Raac_qCkuR5g42eqVpw1oWOe77ydHog_8tQ=s88-c-k-c0x00ffffff-no-rj,107,https://static-cdn.jtvnw.net/jtv_user_pictures/9194b9ca-5c0f-4149-9e7c-0a6ef7f79ff0-profile_image-300x300.png
df7bcc29e3204005877b25cdad9206b7,1710,79195,https://yt3.ggpht.com/a_IDDL-XDn30FEHSRTtbtNIg3bBAMfFYtcOhAf1-DY-QuzvHi-Kw7xOzvU2gfzlRhzPlvr-SWQ=s88-c-k-c0x00ffffff-no-rj,,
dfa5fefa546a40d5a677ddfff02ff3e1,240,9915,https://yt3.ggpht.com/7DMgtPVR_WMoAPgDEbUIxwDfKi6H8F-NSv6QWStcDYAtjqFqYZjnCcgtOM1dj3s_CGnY5kopZio=s88-c-k-c0x00ffffff-no-rj,685,https://static-cdn.jtvnw.net/jtv_user_pictures/e5de5113-18b5-4553-b7f8-e879d5eb4ea7-profile_image-300x300.png
dfb8234ecf8444e4a4732d53c17cd3a2,34,446,https://yt3.ggpht.com/zrKmtIzs_3IvTP5_IPWFGFmb64eak7NrRu3_ReUWkruK9hw9hCkixY7LLcyMULskrL_6KPUVmw=s88-c-k-c0x00ffffff-no-rj,75,https://static-cdn.jtvnw.net/jtv_user_pictures/7ff033c2-47f3-40ca-bd07-a473b81a7f62-profile_image-300x300.jpeg
dfc411c6b5d24d97b944f527ddfd2f0b,334,19943,https://yt3.ggpht.com/eOZd4MQFEnMrkK5YIsnC-TuwzqwJOjpf1cere1WWSsm1teT7b-UcBMLg5lOKrkIjCeK1zHivv0k=s88-c-k-c0x00ffffff-no-rj,,
e02e777312df43b986f089339652402e,10000,0,https://yt3.ggpht.com/1xbjA1UlkFQ63mwfmILJH7v5M-MGCO2AMIwW9xJJZfw32xNaU0SvSDyRFMicwtGW5Np0GUz8VYM=s88-c-k-c0x00ffffff-no-rj,,
e04b970f339243258cb0dc0c5735274a,38,1016,https://yt3.ggpht.com/W5HM0LR_7Rv0PLKaJn6IGPV8kseWus9Mu7ak2yxYhBh9d8UMWpUGim4k3bu3Fk8hv58vNgd7dSk=s88-c-k-c0x00ffffff-no-rj,,
e0535f2d38f04d26aca33772bccb33b8,228,8244,https://yt3.ggpht.com/a8sgik6XxWI0vLy8BScKXXQ9Z4H3aMeV3L8TQE5oYEE1SVL9flLklZXVG-3-FC4utt1jxoWOYw=s88-c-k-c0x00ffffff-no-rj,1063,https://static-cdn.jtvnw.net/jtv_user_pictures/aeecb581-63f3-4bbb-81a7-cd372f3d1510-profile_image-300x300.png
e069724ddab54dd690d6c3425574effd,29300,2983014,https://yt3.ggpht.com/ksa2D5rEpSrZe_DUovneO7sThBh1mRcmUqYenVbpS5Im5I-n0IUzVsD7AJsoXd8mMbOGYQf1eQ=s88-c-k-c0x00ffffff-no-rj,2427,https://static-cdn.jtvnw.net/jtv_user_pictures/cabffb0b-f254-4a62-bdc3-195f8295218b-profile_image-300x300.png
e07cd7e29645414481d441fcfd4fd456,613,25226,https://yt3.ggpht.com/ZWuWItz2v_-pp8qP_3wWWQZv2JjG33eFWn0NA0MXgcfgt0jT9xruSWeO3bb_mzFJsFVpMCSlV4M=s88-c-k-c0x00ffffff-no-rj,,
e0f419006f244a51804050ede1d1a5aa,2350,456398,https://yt3.ggpht.com/DrF9JZE67jk2Kx7cq_jQohpW6p9oV27nzm4AS6vnTiMeevdNGoNcHWR0WKCRA4W1Z7wOXEw8QQ=s88-c-k-c0x00ffffff-no-rj,,
e113ace92bbe445385bcc4635a9ca570,62400,13724,https://yt3.ggpht.com/u98cRKF1D3w41obrqQ9nEkfc20z-J45un2fNV3gEo_0usE9yktvoIf19bX02chL7nchulAAB=s88-c-k-c0x00ffffff-no-rj,,
e11a32eec71e4b49aba5525ba012a02a,9160,350153,https://yt3.ggpht.com/a9NkhcQceFgC0zruT9qJR5w3_jDYD9T2NNKJ27BRY593FcrORjBDk0uQz0DR11Id5D9Y5XCkS2A=s88-c-k-c0x00ffffff-no-rj,157,https://static-cdn.jtvnw.net/jtv_user_pictures/f8253c2b-1921-4549-a3a7-6b8e3b7c9adf-profile_image-300x300.png
e1421ddfd4e442b490e2a74656a2838d,299,198,https://yt3.ggpht.com/ytc/AIdro_ktA0SfXkOAWxHNjBh2UF7socjuEOJO8GZrdIsrWwi3xHU=s88-c-k-c0x00ffffff-no-rj,837,https://static-cdn.jtvnw.net/jtv_user_pictures/ddb87b74-d0c9-44a3-b2f6-d6e0e3526446-profile_image-300x300.png
e14d4aac184c4ccdba6f2a9718cfea62,29600,1307250,https://yt3.ggpht.com/xIj5z77r7YgVitFOHeSeFzofoZbcf7Huzc-r8ae4RbczaW9kXUW2ZezeSAaDw5QIb6r7-5HYIQ=s88-c-k-c0x00ffffff-no-rj,,
e150e350532b4327b26989dd43cd3bad,29400,1460013,https://yt3.ggpht.com/MdHwbaAN7wT3bAxY3gb_Ian66cHZUmAiMIKEPzn71n4RxVJKomI8cIbo__WHI6wkhui_g5ycYQ=s88-c-k-c0x00ffffff-no-rj,400,https://static-cdn.jtvnw.net/jtv_user_pictures/34573a99-a899-4f81-8b45-93cb4ee098e6-profile_image-300x300.png
e17f42aa104040deae2ee3f3b1e85ed8,5530,266502,https://yt3.ggpht.com/7DZ6SQdQ8zo5awmPw-ALKYkOMC4r2VQ6Tn1qqN9pdQSteK5eh2eDGMZVnkRgFvGr-6qnFIocNl4=s88-c-k-c0x00ffffff-no-rj,38776,https://static-cdn.jtvnw.net/jtv_user_pictures/bd607de3-1fa5-4b90-ba30-5505741f48be-profile_image-300x300.png
e18c43e19e9b4fc8af0cdc24c33ae476,,,,1874,https://static-cdn.jtvnw.net/jtv_user_pictures/757fb7e2-b4fa-44e7-8c5b-1c015b12ef0d-profile_image-300x300.png
e1b2337b79d1449e9ae6a754ec74050d,4410,524146,https://yt3.ggpht.com/ytc/AIdro_lEIldyFuGch7dijLsmb3aTyw5l5ZVUlUj7dA0lZGJDig=s88-c-k-c0x00ffffff-no-rj,,
e1e11ed8ecb24ab6ad7e1d4c4c39f563,7140,185016,https://yt3.ggpht.com/NTAAMwjBiccB6Pfq24KEcVZ__T1AB6PEIQ7q3RdfRsXmOykM73Ct8Xr27dS0HqI104zpjWWxFQ=s88-c-k-c0x00ffffff-no-rj,,
e210fb08b0744535a907823fa9f062cc,1390,39821,https://yt3.ggpht.com/TRowxbz1FA8EOvQRPA4HK50Qcmv_rOiTZefSuZFb4djYoOxPzlPUKxzBTLsoXKj6rfgCUFWj=s88-c-k-c0x00ffffff-no-rj,379,https://static-cdn.jtvnw.net/jtv_user_pictures/66fe63cf-a897-4bdf-907f-8a824895fad2-profile_image-300x300.jpeg
e212d468e3e64ad5b8f22f61bc4e06f7,1110,32221,https://yt3.ggpht.com/lpXYUm5uaWC5xaH_sA8cevk-icj5YVsTfVfNnN7xAY-d-PqV_HHhd0UO7KYaEA2O5LJUDqNFSg=s88-c-k-c0x00ffffff-no-rj,,
e214241ed6574d939e398051ae25921d,1600,29200,https://yt3.ggpht.com/9AR7mbGimJCOEWUsIw9ppxUuWNYczSldxatqGaVICtzpDYPW7-zM_S04F-IBmlW8h6tP8i9N0A=s88-c-k-c0x00ffffff-no-rj,,
e2448cc1f0df41b08247cb7a51119a67,,,,522,https://static-cdn.jtvnw.net/jtv_user_pictures/d64ed526-2cd5-44c2-8dfa-3e019737ec9a-profile_image-300x300.png
e28e3e0d6eeb41fd836c199f4007b4df,680,6310,https://yt3.ggpht.com/C9S4VRZB-OioyAxWFzEBAU9ZKf6sx1UQpCUsn3WYlj0qO9qZ1yZwGBEOsW3AMCdvNN3shBkktA=s88-c-k-c0x00ffffff-no-rj,2756,https://static-cdn.jtvnw.net/jtv_user_pictures/cf9ed655-7725-4198-9f1b-d987c35249aa-profile_image-300x300.png
e290f49c193149708cd72747639d5ced,593,26047,https://yt3.ggpht.com/kulcHS__HdmrFIECsL66WMQSqiTKmS8BrWE1gxUanHQGDSeT2fML_GgOEP-gzLay7hmutFwN=s88-c-k-c0x00ffffff-no-rj,,
e2df9d4aea8b4cb4b8e38c31cbf73036,1320,48559,https://yt3.ggpht.com/9RpmoR1ZK3aEQy0NJtkt7N8LiARLdxur8N0uFNl6stBi3hgpNAeS6pLpwLV0eQs64AZnJ01v=s88-c-k-c0x00ffffff-no-rj,,
e2e125618df1445c9da9494bbd643b95,456,26195,https://yt3.ggpht.com/ytc/AIdro_l13BsyezZK8VgsF5uAZB66QhSUnKMNcsll68wpKwxME7A=s88-c-k-c0x00ffffff-no-rj,26,https://static-cdn.jtvnw.net/jtv_user_pictures/606d4af5-2692-4712-a16c-45216420c88e-profile_image-300x300.png
e306270e80094416818cfddb33153419,502,13292,https://yt3.ggpht.com/tDJV3PNSuVPD-xsm8HzHBpL7oIIncK9B5wYrOg9fkAODSPw-gRrvEqpPtqJC30MmayOdUsp8X7s=s88-c-k-c0x00ffffff-no-rj,,
e308f7f536c8462baf851d52cdff7fb9,1240,39638,https://yt3.ggpht.com/QOivw-l5zgyoVbDXb6xcc3dBonv6zjaKMoRKTd44oFG6O4p2NnQpwRd33uNq_kQIi45d1X_AvQ=s88-c-k-c0x00ffffff-no-rj,,
e312462015a2454087c9fe83dd939994,1230,13363,https://yt3.ggpht.com/xovvoigvPTpPalXwveLdD2oQ8_cWDHl3c12gcy3nFRHGFIgFS6e971VM3anP-tmKFGWRkmhdgg=s88-c-k-c0x00ffffff-no-rj,,
e3157ce546a640029cfcccb9107f8154,1360,73027,https://yt3.ggpht.com/MrPBGd1c4aWZRYYv2WsfGP7wMe-YIqp1-ShpUNt1Bqdtmrx9Yc0MNliLnCbYfo6tJJVtNXFJ=s88-c-k-c0x00ffffff-no-rj,,
e32a4d49fba7459fbdf9e242288fa18c,,,,4430,https://static-cdn.jtvnw.net/jtv_user_pictures/b85ecaac-864b-4249-be9e-12aaf2b08e6e-profile_image-300x300.png
e32a7d950f5a4b53ab2f47d225aec4fd,1980,50547,https://yt3.ggpht.com/uJrPfwtEAPITmLvNm1_ssDXRiegR55zB-A9v2xlWJ6wrtnw0iJYkOu6XLiuTrP5jRaZL5fur8A=s88-c-k-c0x00ffffff-no-rj,,
e32b6351f1684034955171b93b1c5e63,328,0,https://yt3.ggpht.com/Dav7p_nJUF9E81wlJHxnttJBez3BRe7rwnHyFgFvIKWaUzr1K_etIDXk4Tr--3YRyLp-WfmvtD0=s88-c-k-c0x00ffffff-no-rj,1741,https://static-cdn.jtvnw.net/jtv_user_pictures/6a3e42e9-b152-4a71-831e-a5d4ca63016c-profile_image-300x300.png
e3451dd6f3c0444c888eb6f67704613a,956,31914,https://yt3.ggpht.com/h5pNR4d-sSOSH_j6Tsw_tvWQCeJCik3PD2Fc1U3kCn6rgoY2dSSV4B0d5NaKu0Ps2-DJVNnZSw=s88-c-k-c0x00ffffff-no-rj,,
e350c8b7e41045419ee1ac73bc78921b,38300,3920414,https://yt3.ggpht.com/1kVXg5tJxiwh0x3wFINwHmLBi6hSNeX9_aJ1G8vNWUdM5o7n06jX5g7C6C-W4lSnEHb0hXW6=s88-c-k-c0x00ffffff-no-rj,,
e353f482c5be4887838ea9fdf802ad91,,,,2392,https://static-cdn.jtvnw.net/jtv_user_pictures/f23ec827-aeac-4b77-bb5c-0a429b33a62f-profile_image-300x300.png
e39607950249427da8b60fa012115e44,1740,90788,https://yt3.ggpht.com/fudzaYgHRDRqk0elZfotywHw0x7fgpZo8pNCoBFulYURTtzABqb-YA5AWcqsfpnAjOugHUHM=s88-c-k-c0x00ffffff-no-rj,,
e3b2ba3f0767417a911eedeb6604ec7f,1810,2122,https://yt3.ggpht.com/M0QT7V5TQAEhcSVo6VHcNGkG_zEg2Ldclji1buBis3zibg1yn4_2OIWl5d3HrqUFJUIouSlSsrY=s88-c-k-c0x00ffffff-no-rj,,
e3b9c06f64d84a0dabb3e97c0caacaca,37,3340,https://yt3.ggpht.com/4rEmYrJYnKbOLxvRHcJUvfdMbNcuPuP3TgiHx0LND18ZSTgn87nA36cZ5wy8UqLy1yORtJZhCg=s88-c-k-c0x00ffffff-no-rj,,
e41bf48a09d64e4aa3d96064a9a63b08,324,25846,https://yt3.ggpht.com/jUuvTKE3_dx8WuOcvLCUbEes9ClnaQ36l7AN0PiN2LVkeA7vGu77FIAsNSojt5GD2MWwLcJt=s88-c-k-c0x00ffffff-no-rj,75,https://static-cdn.jtvnw.net/jtv_user_pictures/b6729e00-3bd7-433b-a4c8-797412578c6a-profile_image-300x300.png
e4421bd8d15848c09fa4ad4df162c858,,,,348,https://static-cdn.jtvnw.net/jtv_user_pictures/35259991-c217-47f5-ae62-df77e6679f4e-profile_image-300x300.png
e443b9e0c3524137ba2774625c6c78cd,260,1229,https://yt3.ggpht.com/Co0IxDuyHVcr_bkG1aNvkEzOTc93VzJG63Epkf19igjGvrxQgxMflzTDgf9_YpIOcumQLJrI8g=s88-c-k-c0x00ffffff-no-rj,558,https://static-cdn.jtvnw.net/jtv_user_pictures/12796a98-2902-484a-abb1-476117deb78a-profile_image-300x300.png
e44a37ed06c749da9aeea8e16b309a84,694,28698,https://yt3.ggpht.com/ytc/AIdro_lfmt90twIXDX2gQOZE9ZtySvkuWZE2lzpBfNrYcbVL=s88-c-k-c0x00ffffff-no-rj,28,https://static-cdn.jtvnw.net/jtv_user_pictures/1e69da6c-df61-4e51-8447-941725b34749-profile_image-300x300.png
e46d27918a77488ca5b4144eb1b978df,1020,57857,https://yt3.ggpht.com/16sizobdJfvLG6HMSbImBQMVTSO8hZg6A6ncR23zlcI8flZtJ3AHwxRiCQFqAylAFL6KXu9M=s88-c-k-c0x00ffffff-no-rj,,
e4a78a4115b7463eb3e42f1cbbd59aa0,620,35290,https://yt3.ggpht.com/o68_HEH44OGWmsn6sqBDa3OjjXWTmLrjA_2JC1gVBbXBR4nJZQNM6pTacxp-QG6UiAa3aYPpZg=s88-c-k-c0x00ffffff-no-rj,,
e4bea3dcc8934426a57516d4d6b373f4,1510,25629,https://yt3.ggpht.com/nBgsW8DAb3rhVcjx3g-qDU09zfdgmENDccEpCt9H9nKw3mGIwwEPdfOVvnsu15EJ9dYiNCG09g=s88-c-k-c0x00ffffff-no-rj,3499,https://static-cdn.jtvnw.net/jtv_user_pictures/a38f5517-8fc0-4649-85a0-a9142432f45b-profile_image-300x300.png
e50da8792cd94b009eaa8dd4be738d59,602,1810,https://yt3.ggpht.com/4PtdPA7J-KUCHN_USCjgMdaHTFkRPNI4xlTBpO0bSZdEF83-aM0aih99CbiHBc4cOYGXUWkTDQ=s88-c-k-c0x00ffffff-no-rj,963,https://static-cdn.jtvnw.net/jtv_user_pictures/4e98ed19-d541-4edc-a3c0-4270e7a2d392-profile_image-300x300.png
e53606f1bf0c4059b1226b6c2e037fd0,,,,666,https://static-cdn.jtvnw.net/jtv_user_pictures/05296bdc-f41a-4238-843d-705206f14191-profile_image-300x300.jpeg
e5433e4a21eb49e2bcd508e3b12fba6d,1310,3841,https://yt3.ggpht.com/q91pvEmOw5CPud3JO-LrdMuPBDqceOezcr4gsVnthRPmlFMAOnfxTVZH3PEzioV3hDMHgTRpdg=s88-c-k-c0x00ffffff-no-rj,193,https://static-cdn.jtvnw.net/jtv_user_pictures/4e5c2ea3-7859-4db3-ad00-987a9071cd97-profile_image-300x300.png
e55e67f2f7f64a6da7ae604df1652f5e,624,223987,https://yt3.ggpht.com/ZbPO2lDy3YwIySWJ5VAjUVgdBUK3n3zIGPEp_LrxLRbG9RAHRLyXnJ25Xh7mRNwZP99CgdobAS4=s88-c-k-c0x00ffffff-no-rj,,
e57eccbb01a64ef2990cad149cd08364,430,9090,https://yt3.ggpht.com/Px29esn9bnvDjlJCaukt0I2X79bi_Mb1dm9hqXOPwlPIWLpPpyUsJhRYxiU3hv4GFnOrUT_D=s88-c-k-c0x00ffffff-no-rj,1716,https://static-cdn.jtvnw.net/jtv_user_pictures/7c099ceb-4e2d-4508-b04c-188abdb708ed-profile_image-300x300.png
e58a5a6f40e040d79bbcd139824d6fc7,753,58757,https://yt3.ggpht.com/WEnB__tDREBjtXpK6vE7iT8IemWsKqE1tQoH0M6QHwkTUEX1yUnLWEa12JT39G8Bd-gzAmq9=s88-c-k-c0x00ffffff-no-rj,6252,https://static-cdn.jtvnw.net/jtv_user_pictures/549eb794-db53-402b-b2f4-334138649c31-profile_image-300x300.png
e5f4b34c47844699a1c9c6dc3326cf6b,1590,0,https://yt3.ggpht.com/xTzmSE8Ls6wku4o_qLu29Q96S8I_44f6WVpqNLtbTRkdYo7ypXVolTeUqot9CMq5ZjiI63DGyCs=s88-c-k-c0x00ffffff-no-rj,74,https://static-cdn.jtvnw.net/jtv_user_pictures/3d1f1a28-f223-4f95-9228-50445c94c178-profile_image-300x300.png
e6289383cf754a77bfae7574b4e198e0,593,1787,https://yt3.ggpht.com/tkICBc_sAnNq3ZnY9hh2iv2_zCnTGqmKxuRKzgsKLW1sl-VExYK6Wka_RbMr9R_EFwzxec0yU58=s88-c-k-c0x00ffffff-no-rj,,
e63047f70b0b4a7eba70e7d8cbd507ec,889,25094,https://yt3.ggpht.com/Tp31on5Nru7HnANjS28Wh-EpUAvJrjewLSnsxi6uazgzTzfLG5gqi6d59XXTZyyabzHBCHmboA=s88-c-k-c0x00ffffff-no-rj,,
e63fe9e27be44403b222fb0319c027b6,73,650,https://yt3.ggpht.com/q4o3bllo4E1dptuCn5MTtiJjGy8NuA9GcRVmPpPgq3bUC9JBHY0Aa_7Cbcgk57Ig9v81W4Jw3A=s88-c-k-c0x00ffffff-no-rj,812,https://static-cdn.jtvnw.net/jtv_user_pictures/024a0989-0731-4567-9441-1a5d443ac546-profile_image-300x300.png
e66d389ebb604096bfa99178e1a13c27,1060,10121,https://yt3.ggpht.com/kLGJ2vYO7V5kJPS0JS5nVjtieCha_Ww6aAGHBL8_PIenU53ZEupmLqONFtgxI-veHF4CRBDBhLs=s88-c-k-c0x00ffffff-no-rj,3120,https://static-cdn.jtvnw.net/jtv_user_pictures/db32386e-2f31-41d0-aa56-69be114b1e79-profile_image-300x300.png
e6794eac6ea541c5a9e5570a041ac3b9,610,7511,https://yt3.ggpht.com/a3JqqMNxvWBFXifypZw5kHFVUDMelH78-tOXjngCbE993ud_0d61mmq2c4aB216HgYTA4TIlk0Y=s88-c-k-c0x00ffffff-no-rj,895,https://static-cdn.jtvnw.net/jtv_user_pictures/b0be5a5d-c493-4913-bfdc-4c6bd3760821-profile_image-300x300.png
e68bb26e386a4d49a2f521f8abc83376,2530,48080,https://yt3.ggpht.com/4lAg_kK-axu1VyZV2DgmwRv9RFfZ5AKBu4tPQDmnJX4APpE-1BzNlRkTKE22pPsbZtgtlVwURQ8=s88-c-k-c0x00ffffff-no-rj,3561,https://static-cdn.jtvnw.net/jtv_user_pictures/282765c3-05e9-4d5d-bd5b-752a2f960d0d-profile_image-300x300.png
e68d9d0d1b344998b5b8adc60f321b50,4960,128055,https://yt3.ggpht.com/KAgWd-ZZM-ef7q4kGQuFiX8_J09RB9MFg5Ey-Pb0FKe4anAvoDvT_BxqQEktDD-WRLBCddTseQ=s88-c-k-c0x00ffffff-no-rj,,
e698befe9649448885d93094cd4dc6a9,,,,3251,https://static-cdn.jtvnw.net/jtv_user_pictures/fba8416f-3c6e-4b9b-bd25-a11db3e0e0c2-profile_image-300x300.png
e72542ff8bb14e47929b037c626c320a,636,14531,https://yt3.ggpht.com/cVLKbonLErEUYnluQJTPrFuKyPomMMbjYZZY5xm9zT2ZuMrpJYlDqrbc_1oDADMkz-UfptL2EQ=s88-c-k-c0x00ffffff-no-rj,,
e73551cd98ec47388899522353fc89e3,31200,2135763,https://yt3.ggpht.com/oBYY4K6otqj1SigRGBWIWLdgjK7kABLE57ml-e0eauEqZRbR250RWpIwFVQGZE43EGIeE4MSzQ=s88-c-k-c0x00ffffff-no-rj,562,https://static-cdn.jtvnw.net/jtv_user_pictures/d0187483-0179-411a-80dc-68653f2055c0-profile_image-300x300.png
e76a030f33bc48a58257b261f95ee3af,3110,96275,https://yt3.ggpht.com/Y5hICyXy8WLT_-dNOnqwurUl_v7joX-vmRdA3YgjKOnEucttRb9bDlQmDir7GSomK5Ch8BVs=s88-c-k-c0x00ffffff-no-rj,,
e773129f910c4bd182f3b702c9ec1b55,294,8710,https://yt3.ggpht.com/Q75UbjGOuQ03P1Bnl6r1RishUwUv4rXEasDUSE9TlLZpxRppaekTb2kE_aGotkAhRNgUwfa1fQ=s88-c-k-c0x00ffffff-no-rj,,
e78cffa246c24a1c88031151cad8c385,105000,7239877,https://yt3.ggpht.com/tETfG6JkP-XEklaF2jZBQ6Sraug-Vxyf5A-3zOnGmVnsQFqwHLZHellp6IN-pChkSUILJ-xE=s88-c-k-c0x00ffffff-no-rj,1953,https://static-cdn.jtvnw.net/jtv_user_pictures/28ea2f3d-13df-46cc-b288-b6e5814d355b-profile_image-300x300.png
e7ac18c2e713426692cfd0ef7fe2b897,254,21,https://yt3.ggpht.com/ytc/AIdro_kb8d9MQcHiggmCBAHVEPHRB94fVm1iFLop1vtYP3Gy7YGzDIs=s88-c-k-c0x00ffffff-no-rj,147,https://static-cdn.jtvnw.net/jtv_user_pictures/ac722f93-5d19-4b43-811e-fb0d6c000f77-profile_image-300x300.png
e7e219a17a7644cd9d28a2ab871f5f7c,4350,90710,https://yt3.ggpht.com/3vhdTvRvtnCXkI82Y24IuqCyy430QpfCNp00LGSkF1WG17vFm_y7JpQ6YGtEPaBQTSFRQCnInkA=s88-c-k-c0x00ffffff-no-rj,2280,https://static-cdn.jtvnw.net/jtv_user_pictures/2662072b-5e6b-4943-9914-6f1ba53cf81c-profile_image-300x300.png
e7f01ae0c78b4daeaaf8f3fe39946e8d,383,15794,https://yt3.ggpht.com/2reu2S3Yi9TXBUvJ6dQz3kmE0xA1SRKTiDG3c9vizdBVjPn-RKfZXx6wH_ZrxxeTaeJCXwdj=s88-c-k-c0x00ffffff-no-rj,,
e7fd5d01e57c42658be2bf1e3ad5d696,25200,0,https://yt3.ggpht.com/RkqYm3gKMjADEdPqbRjMAf03cSBOxTZ73BuQlb3I1IIL0J50VIL_XAr9AYbpR5G0A3FhjwY42w=s88-c-k-c0x00ffffff-no-rj,,
e802bcea6eb04ce6aa9041aa5e06ceae,398,12876,https://yt3.ggpht.com/idbNSZZWIzeLe6Y7RE4rrHpV6D1sL-O_mJmE9qMkYM4rVhEj4qaY_EJv2HMmCSiZ_mk_Sz8Xlwg=s88-c-k-c0x00ffffff-no-rj,,
e810dcd23c334fd184d254718517764e,2930,188941,https://yt3.ggpht.com/KvwdPgDdp7shVwaliAoAp08XNRFJlPAN26cRFpmBzr5VL7GLiai9uKa1jvI5dg1ZbUuvHmYd=s88-c-k-c0x00ffffff-no-rj,,
e83a22c584774763a3b91d557141604d,721,5827,https://yt3.ggpht.com/Ur154kAxuAqb8ih_CgeKS7woMWO_tsePgPIlBL3QkjX5QQIFemi2Qz6V1wvjkkngG432NkuWpg=s88-c-k-c0x00ffffff-no-rj,1727,https://static-cdn.jtvnw.net/jtv_user_pictures/ef59586f-4839-4a76-90ec-606f48a6d8f5-profile_image-300x300.png
e84d584c7c574b50b0a9efc240ef74a3,222,8160,https://yt3.ggpht.com/uLIhYemke4TMSnNiFfofwW7HItXOvhm18JO0EORBGMg7SPCpTWdZF8ZxDWoPAXMUQwyobINCIA=s88-c-k-c0x00ffffff-no-rj,,
e888326df83d41f680960f24bb55c670,750,14725,https://yt3.ggpht.com/Fl_iXsLC4AeKMOAOjVkEwCiq5oJGqLNbIUb_dRVkQveSSTz4P18xRM4vJwbjql_b5_kEz76_i-0=s88-c-k-c0x00ffffff-no-rj,,
e897180feafa4f748c41f13306b6f379,124,25933,https://yt3.ggpht.com/oL-jREILuaTZdkQN5DIdhstCgCQQxv4P9QWu3VUJrNH44MFbSfxaAy8mnu7dADDM3FhAN6iCnQ=s88-c-k-c0x00ffffff-no-rj,9,https://static-cdn.jtvnw.net/jtv_user_pictures/1c79bf32-9307-41e6-b0c5-cc9a038ac717-profile_image-300x300.png
e8be1d48c5a249cebcef72b17653ef34,2430,18547,https://yt3.ggpht.com/hQXO-11svdFYCiRo2u3EpOuKI3kv_5gIdl9iT9jd8qhH5cE5zipf-ENB-ZaqysK_ad98THpT=s88-c-k-c0x00ffffff-no-rj,,
e8c89b4aec4d45fbbb76533eb3db0428,4380,104117,https://yt3.ggpht.com/YnGykybzZDDK_ItAtDpGnMFIkf48mPHB7uF9CdNskkbpmeNjNJikb2UFExsgIckISeHISreSZx0=s88-c-k-c0x00ffffff-no-rj,,
e8eb343e61df420bbfa5de7fea1a90b2,1600,0,https://yt3.ggpht.com/SYG17GSsrHyD2OdZZ6_XNMc7_laptm-Gass2E6ON4k3sL5PNdA44jhpVJIBHmuaRHIEP0izD=s88-c-k-c0x00ffffff-no-rj,,
e9047e02eb6340ff940114f754c76875,2040,49760,https://yt3.ggpht.com/a_MydkOYeXnwLIAgh4T7qjLoq4OIqvX-VgdPpD_l1y07LbulNtyR8rJcozasAv8wDbEVWm0BNg=s88-c-k-c0x00ffffff-no-rj,,
e911a56d410b4949aee1d3a8dc84f4ad,535,29034,https://yt3.ggpht.com/em-n6AzK-L1HEZK2G71R1qMhInVLVcSPE31tWpUOz2eV9n_IB2P4B4XCBwiDNUEdivhNCYUiDA=s88-c-k-c0x00ffffff-no-rj,,
e93734c51e5141419d44dc147f1c5420,3940,215876,https://yt3.ggpht.com/ytc/AIdro_n7Oal46f5-4Q9vZmam9NDGgvynDT96o2VnbCJpFwt4f2Y=s88-c-k-c0x00ffffff-no-rj,,
e93b2dd2339a422f8ab3d21c9d95161c,105,836,https://yt3.ggpht.com/YGfPKqMhV3fdYmd_xQRvmuryEYLCZ3UjoNI8w2B_TRalcaIwtBhtvtm8fDa-BRg5I_mrblo-MA=s88-c-k-c0x00ffffff-no-rj,394,https://static-cdn.jtvnw.net/jtv_user_pictures/35707b07-90a2-4f75-b048-74d6004d773a-profile_image-300x300.png
e93bd1102e214cbaa71cc5b2e4a53595,160000,22737511,https://yt3.ggpht.com/xLdQJwZtoAz9oerczPUhDBl97ZFbZACCS_P6SS0x3waQibrtIhR0VHjeFYmZl0NWpYvVY-CPnz0=s88-c-k-c0x00ffffff-no-rj,70780,https://static-cdn.jtvnw.net/jtv_user_pictures/2d9b9335-f801-48c4-97ba-ba2b5106b80b-profile_image-300x300.png
e94e1e38a611403192e4db197c2d9d91,313,6308,https://yt3.ggpht.com/-ddWR5hAbLP7BBmyMEHF8Vp2hB8jN1A5U19redB_kGrUunsOUixJW-YsBghySlEDhYtnrBiKrg=s88-c-k-c0x00ffffff-no-rj,,
e9569c3f60c541ab83899c09079feaa2,134,7256,https://yt3.ggpht.com/Z-9m6H4nyXEuk-1upGuZ8TbK8bKDwkwJJv-fPmoHxEprasR85sdnViIctwo5aIFd9x7Qr1NzLA=s88-c-k-c0x00ffffff-no-rj,1529,https://static-cdn.jtvnw.net/jtv_user_pictures/aea7c04f-b6c5-41ae-9d9d-327facc152b6-profile_image-300x300.png
e9a30300d33f4c2e9b1c3bd1d64148cc,1330,27559,https://yt3.ggpht.com/RE6o1XF-gHo91V_9aqTqw_eQiNL9o4phQ1XbdtA-JjAmGH3w6yv3BvovqK61Qn5GDXakr5O9=s88-c-k-c0x00ffffff-no-rj,,
e9a9d88bf69e4c83842fe05b3ae1601b,16400,649372,https://yt3.ggpht.com/ZCF6PsH7pqtr02S8ywq_0qDQg38hUZYRB7MJo1Oq0949t1iKMdc5ulLGbXVN4qw-UefrPWwt=s88-c-k-c0x00ffffff-no-rj,9867,https://static-cdn.jtvnw.net/jtv_user_pictures/d989c414-3ee0-4be8-b151-3f42cb0c882c-profile_image-300x300.png
e9c48535f2af4f638e5a4c54ffa7862c,2850,146089,https://yt3.ggpht.com/0A4OUD5Ywl60B7LhTWQVsLerVjb-on9tI0NUhVCZsc3A0Jl-16rMdXoQtW03ZNpQmbtJG0nK=s88-c-k-c0x00ffffff-no-rj,,
e9ec2395070144b0af7231570e06a743,16800,446788,https://yt3.ggpht.com/VgKlSNr1mD4y9gqmLKfu_fE501kg8hHhey7Bq_k2k1ZBBwvpIGEjl16D_Ed5N93tCDjBpGtk=s88-c-k-c0x00ffffff-no-rj,,
e9fa90c6824c47abbfd114e9cd9b4125,710,23895,https://yt3.ggpht.com/xKqgn4V8Nt72m3iWBckz_xKJx_YAJpF_zKCWidlKfrUG62DB2zXsmraE9oT8I3uXWu5SEr2P1Q=s88-c-k-c0x00ffffff-no-rj,,
ea4c1a67c2e445ad8028768616ceb659,81300,8564721,https://yt3.ggpht.com/ytc/AIdro_nIvJCRqMHTDI2MJ74WX4bOCARktdMS6uHDR4TDh7Y7LA=s88-c-k-c0x00ffffff-no-rj,,
ea62d2e6bc854e7a81b01a2362be310f,3180,201818,https://yt3.ggpht.com/1ZW1lByngdcjsVmgcu6k-ZcvogHDfk2Iq6uhUwUnIOAGUBzR3u6Itk_J3ApL9WW2qQ6SilbO=s88-c-k-c0x00ffffff-no-rj,349,https://static-cdn.jtvnw.net/jtv_user_pictures/9d87b467-a285-4a6e-ac6e-3be495cceea3-profile_image-300x300.png
ea7d228d8fb2462f95aef21fc5bd4fb8,4630,669683,https://yt3.ggpht.com/lSd4NXWJqXPmJHBhciwUbxAYaQOdCaj3lck01XsJottBVx75A1QVGCAexN6Mpn8ySu0OL7iOIQ=s88-c-k-c0x00ffffff-no-rj,,
eaa1d55ba99c40ce82413701233efdbd,1420,53331,https://yt3.ggpht.com/XbazdPxpui1VtHoiiUuUK43ycQRmaBJY3WegCd-GKw91FUQsKnvWmWalMRZXisS2vzQjzvbW=s88-c-k-c0x00ffffff-no-rj,,
eab02228a491402a824805ab47174ff4,153,0,https://yt3.ggpht.com/ytc/AIdro_lAnWXoQXSpNvvE_AcXpQWRgZhKkSFf1lxmhyOMabzmig_ZscSfbTZuInp2bg4XYctXVg=s88-c-k-c0x00ffffff-no-rj,,
eadf377f5cbd41ac9842c3f5559268f6,37,623,https://yt3.ggpht.com/iBZgsomOmEcBKfXnVnuxNNimSvHmQ7XBUNmXPeRADUkmHSqch3Q0GXAl6u-6fjL5VBlk2jo7nVs=s88-c-k-c0x00ffffff-no-rj,193,https://static-cdn.jtvnw.net/jtv_user_pictures/a38cc96d-c010-4f99-9492-d0a101ca1c6c-profile_image-300x300.png
eaed529d7fc84fc8a80e56674981f615,130,1677,https://yt3.ggpht.com/PDC_H_szEpWmA3ziVnwXoT9wciBArSiaJH80g7lwoOT27nLT996TDXaghVqWtiksF_lODWaaDbw=s88-c-k-c0x00ffffff-no-rj,,
eafb808b078844fdab1d8ed561dbd462,4900,154319,https://yt3.ggpht.com/laFjb4QiJEAtkTMhklPWcmLASZSdMPE6Blqrqo2RtdbebqXwQpYGDAC80bo3QhTInCiEQ4i-eCA=s88-c-k-c0x00ffffff-no-rj,,
eb159df5d55b4730ab2955c5e2638e3f,2830,77977,https://yt3.ggpht.com/aIn2mAdFKwUXaYWRQPWArkgVudW2TU92SDDeGNkl_hLMDA6yL5kAM67lIVttMh8_tMo_mHWOow=s88-c-k-c0x00ffffff-no-rj,,
eb38f509e8464ba19ba8579e0b99e262,1640,55785,https://yt3.ggpht.com/H8HA2GHTZX1r41uZDmTDT1v84J3WTyZbF42BZDaIqaVHS5wDgekn4_78TZP5pdmmYBaTCohsvJo=s88-c-k-c0x00ffffff-no-rj,,
eb4cd9453fb04a3ea056ec068b02348f,533,59991,https://yt3.ggpht.com/q3m9pfVHbJuzlKQQ_dmoaHu1MP1rY69fMsmF1yumqf_dEW0w1qwerktVOmEgOHREqz2TVDam=s88-c-k-c0x00ffffff-no-rj,152,https://static-cdn.jtvnw.net/jtv_user_pictures/d5200336-248a-48c6-974d-21b65c6b5226-profile_image-300x300.png
eb54f557a3734bfda57ecddd8df07681,1410,20172,https://yt3.ggpht.com/Rss9bra4OWG1KfqhaF6cco2SNlt3lSjkj2o2MO3GaC80vyQcXmWjtEZWqJyHHPAQFUza5jUz=s88-c-k-c0x00ffffff-no-rj,464,https://static-cdn.jtvnw.net/jtv_user_pictures/f01d11fe-333d-4f9e-ae49-322ec68405f7-profile_image-300x300.png
eb9c18d484464a8e9ac12f44c761ce27,2480,64004,https://yt3.ggpht.com/ytc/AIdro_k3TOr4JuawSeH4D5VnSo42cTDCbePF0Ye9cH98QH7hMQ=s88-c-k-c0x00ffffff-no-rj,714,https://static-cdn.jtvnw.net/jtv_user_pictures/d6372af5-375c-46d3-8d07-2f26a1181de2-profile_image-300x300.png
ebc44e2ba78f4790b832d02c31410262,11400,326239,https://yt3.ggpht.com/vS1PAabqns9vSjiYuMp0S8KurNV0BXwm0ifnJjMkC-xlBRNUx_L8UxW2LjabJQC_wSpjzqsOm3Q=s88-c-k-c0x00ffffff-no-rj,284,https://static-cdn.jtvnw.net/jtv_user_pictures/48d6f97f-818a-466a-aeae-59ca81899c09-profile_image-300x300.png
ebe5c5f9d67f44f3bc5e70b413ce9df7,37000,1587309,https://yt3.ggpht.com/2SuLh_84NH_O2fEgqeoeMQZeMtEjsHQH0SrW9757kBGs3li4QA6OZDGnkTo-diXQpBrdE4C_=s88-c-k-c0x00ffffff-no-rj,7264,https://static-cdn.jtvnw.net/jtv_user_pictures/5e07ca28-98b9-432b-b1fa-a032c4b896b4-profile_image-300x300.png
ec045a49833c4c2fa7b7012ca7544e18,,,,1603,https://static-cdn.jtvnw.net/jtv_user_pictures/b8f5699f-e9c0-445c-a508-fc32888d729b-profile_image-300x300.png
ec183b10574a449f91e43ab216976a60,4160,399455,https://yt3.ggpht.com/ymPpUhg61RKONCbBuP6z3Fi1njRnm3RZ9vVZSRd7EO3xKRdL1LvE-izVypfwV3BePKBhvMNETB8=s88-c-k-c0x00ffffff-no-rj,844,https://static-cdn.jtvnw.net/jtv_user_pictures/d2c6d844-e341-4404-973d-878ce7ffba1c-profile_image-300x300.png
ec198b33036c436591c01ee93976b6a3,242,6014,https://yt3.ggpht.com/qSjkZN6BFhEaerCGEcyJEkNRVAaFaSADUr5bbv36s64MSo13mVL3UYoTvMKwy9mP2ZjJXwdpAf4=s88-c-k-c0x00ffffff-no-rj,,
ec1dec0e956c41ea97dfcebe96bc41b4,,,,11684,https://static-cdn.jtvnw.net/jtv_user_pictures/c82b273b-c46b-4e11-92fb-e0c9185a4c9a-profile_image-300x300.png
ec332c6e824044698204e6dba3e5fbfc,460,7604,https://yt3.ggpht.com/Qm0im3rSyxqRnp16657_Iq4JQdtM_E8hp15CAJ0yPPXlbYH8dPhfYr6ZPKxp29V39AjbusZcuSA=s88-c-k-c0x00ffffff-no-rj,440,https://static-cdn.jtvnw.net/jtv_user_pictures/73b06b74-3039-41fd-9a4c-84099ea33cdc-profile_image-300x300.png
ec4bc8d279af43eaba4679b762bbbc59,19800,596180,https://yt3.ggpht.com/wcdicCUXGHTVJhb5BoxTSL5P8ajNE7552XxvKMDuVN0klme1jvFzSKs8mMPFgAMrTDam0uFN4Nw=s88-c-k-c0x00ffffff-no-rj,,
ec65566d949944ffb1e2723f97ded6e0,72400,370323,https://yt3.ggpht.com/fbtMlhEHrNqTTrkc-6C4_Rbs-bAJAmes9gd12vweCiuPOtWO-Ifcf3ZkQvw7__n_nyVNaOmhBw=s88-c-k-c0x00ffffff-no-rj,7452,https://static-cdn.jtvnw.net/jtv_user_pictures/5d9fb87a-4482-41e4-8c3f-b48b9276ca6a-profile_image-300x300.png
ec9a791b8152478b95858b199b866ef9,1110,43692,https://yt3.ggpht.com/pl8TDinTzbniUr-cAXeMtM4gy1uZss9vOlDgp5AOh0t6_oCqE61bISyRVD5mdF9Z2T6TrMh58Q=s88-c-k-c0x00ffffff-no-rj,382,https://static-cdn.jtvnw.net/jtv_user_pictures/abf66369-4213-401f-ae2f-c25f2ea5be57-profile_image-300x300.png
ecbe9a46c7ec4f3d8fe217012c39d490,830,2387,https://yt3.ggpht.com/GX8DUr56KSseNqUab_sRrbcMk_bqTaYp95ZdtEA6Jrs-xy_TKE3lX5d9C-j_jWUC3izuMIZJ=s88-c-k-c0x00ffffff-no-rj,,
ecbeda5532474bdb8d08d4e15ce98d89,1690,25141,https://yt3.ggpht.com/YJyMrUzDaeIZe4sNHk288Ccxf0U49K7jUseE0SevjGIGQIcqAlSXyqUNpG4nw6u7bzcqCGGvf0c=s88-c-k-c0x00ffffff-no-rj,2878,https://static-cdn.jtvnw.net/jtv_user_pictures/54ff6a36-10ca-4882-b7b2-1466807197c5-profile_image-300x300.png
ecd7e504a0b64480a4127a25678e4b4a,7140,96164,https://yt3.ggpht.com/n7zkt6mOQC6MR_MZT5xK5om_uWLZNw_XEWHS-hMETJ0X9J6ag8jVAfKaOxmcIp1AY60YdXDXFA=s88-c-k-c0x00ffffff-no-rj,,
ed051ffc6cd643c287a678fea774e644,,,,2813,https://static-cdn.jtvnw.net/jtv_user_pictures/74528b6f-c1e0-4d01-9355-1bb772e2d726-profile_image-300x300.png
ed1b68a3184d466bb17b3c3363fad948,,,,731,https://static-cdn.jtvnw.net/jtv_user_pictures/79a986ca-3656-4d27-ba61-a3e6a6fd98fc-profile_image-300x300.png
ed28c754bb704dbf8a296f7008c2b5e4,10800,101466,https://yt3.ggpht.com/IDBZHN0AoMXK8R2iRrT-c73BWyHYjwL8gvk2xV2QH5LXAV2WjF9SGEqqFZQUGiEAsnZCBr3e=s88-c-k-c0x00ffffff-no-rj,1000,https://static-cdn.jtvnw.net/jtv_user_pictures/1b4cef34-a1bb-44c5-8a09-08e7734e828b-profile_image-300x300.png
ed3f69b9de7c43f3a32b4e7dfdb5bfd0,14000,405514,https://yt3.ggpht.com/5TJ3RFTLSfSuNFQ6KenNJLqK88alHexRFSvQQLXRjtQ9SfD0g_A0mZBzPUQXxmhclj_0S2LRGA=s88-c-k-c0x00ffffff-no-rj,,
ed426712876641848613137bef236d26,27100,1040008,https://yt3.ggpht.com/g_9n1mTLn9hPUnz9FxTfyChdH3NR79LwFrtUNoKpGDAljEg4q-Qnsn2SbS4l1lN4sqQwQLmFfnQ=s88-c-k-c0x00ffffff-no-rj,4352,https://static-cdn.jtvnw.net/jtv_user_pictures/7ccd1b81-6136-45eb-bb76-43b81832c56a-profile_image-300x300.jpeg
ed4666af39034d54913aba64cfea6f47,2460,156898,https://yt3.ggpht.com/MbPRtu9vt0kN5bCWzA_2sivBxfx79npZMPFVt-6w6HRM1AuW8cW8ZqoTQoQHMkpJfFrCFKJV1Q=s88-c-k-c0x00ffffff-no-rj,,
eda6bf91049349e08f0f269fb4f8c0f9,3150,66841,https://yt3.ggpht.com/A4G7CO67HjIJIKhawt-Yu5m15jioyGguqcVdjz6gGzR2phiFjs4RZ4gjAOcDj5oSrOz3sEiI=s88-c-k-c0x00ffffff-no-rj,170,https://static-cdn.jtvnw.net/jtv_user_pictures/fda8440f-3587-426f-92a9-7587936509ad-profile_image-300x300.png
edbd401267284e8886c1fd27d08283d4,3850,61703,https://yt3.ggpht.com/w1D4BqZmHzoD-y-CPL-2hjE9pfLCfAPR8PHlDzYkoTab5Q2oiNgCWbnxqMb9TpI1HJpnyGkNeC0=s88-c-k-c0x00ffffff-no-rj,1051,https://static-cdn.jtvnw.net/jtv_user_pictures/6939673b-010d-4cbc-922a-bc906d4e92ff-profile_image-300x300.png
edc63a5ab371435ea8614134d401c517,2270,89866,https://yt3.ggpht.com/nXLMFCZAcD_oSLHHhyMUV4VzMXLWKnCu3rBU1jefLwpjwCBRaq585bGSN3-RCHPOavoLhBswOss=s88-c-k-c0x00ffffff-no-rj,,
ede21f904daf4a9b978efe15b0d9a31f,63,194,https://yt3.ggpht.com/9s4uCoAE6hJKgn2tV3jBtv6Qp77UoYrReJF-2W46DnStpmAtSfP9Kb2jOACgX_hgC-n1OivOTw=s88-c-k-c0x00ffffff-no-rj,1223,https://static-cdn.jtvnw.net/jtv_user_pictures/6975771f-920d-404d-99b1-1d7f0befed3f-profile_image-300x300.png
edf9e466820347828b0d2d10e5e9bb72,3160,193234,https://yt3.ggpht.com/NJcqoshbe87zSralNcfTxjHD7pF7Tz8iw351UDUOwP20TXRxVdp38rghPeMbTZx20nnLgn5ea54=s88-c-k-c0x00ffffff-no-rj,366,https://static-cdn.jtvnw.net/jtv_user_pictures/f1515f2f-e89c-4850-9400-7a94a285b32f-profile_image-300x300.jpeg
ee1be8631b3e4abdbcc12dbe96d5268f,983,37966,https://yt3.ggpht.com/N_NPV4ltjG6HZ9sZEOqTaBLhj0CtqVXmnx6wi1xSO06jnyI2acG-6hNWG9BQYVoQ7jhn2X_g=s88-c-k-c0x00ffffff-no-rj,,
ee5418c900a7400fa44c821eaaca0218,526,12220,https://yt3.ggpht.com/1QlPRn3b5PeWGNFYbhMYFyM-8miLIqFC3uZqIe-ItrWUZeCEjIrBUYtWetIs_VfTvRcHdB4ggt4=s88-c-k-c0x00ffffff-no-rj,564,https://static-cdn.jtvnw.net/jtv_user_pictures/be423ef0-4a55-41ca-9525-d1b4b06c2114-profile_image-300x300.png
ee77ed51da394f02b72c33756b155eac,22,1826,https://yt3.ggpht.com/hr2PgyiAPR487cwLMaT98u7h0HtnbmJKtAUI11EjmSvGAup0lEg5ajqAss-QUDVnV1wV2ReEqKQ=s88-c-k-c0x00ffffff-no-rj,503,https://static-cdn.jtvnw.net/jtv_user_pictures/c2875a65-db72-43a7-a74b-6b5b7243737a-profile_image-300x300.png
ee7cfe445bc84d6fa7fff5df6fbf0d32,1340,35231,https://yt3.ggpht.com/GSEVOFUfPq2ts708H1N8MIBgCWRwpDp8K_qH7tiSBb4dse_fr5Jf46aPSO23VhGHgDlJmWgtmM0=s88-c-k-c0x00ffffff-no-rj,690,https://static-cdn.jtvnw.net/jtv_user_pictures/c0d4a43d-6f72-44c2-a412-2de1f3bdd656-profile_image-300x300.png
ee8addc35a0041fe8c02f6b22c1d2289,230,15725,https://yt3.ggpht.com/h2GuB3UqYcbosYL-ri07-qTRS72DsdPg3b69Y8oLIJPEUXj21ZlHgK-dl3wseuQ422mgkXG4=s88-c-k-c0x00ffffff-no-rj,208,https://static-cdn.jtvnw.net/jtv_user_pictures/24b03912-781a-4466-a343-5453856c8da7-profile_image-300x300.png
eec1f137ea78444185a4268f72f59611,1370,45086,https://yt3.ggpht.com/5TiGqlQd9oweKk1oehd4V8VxOS44TTvLEg4FAVCyeTc6PWDEx2cQji7NdtMOQNDWhZNOCgUN2A=s88-c-k-c0x00ffffff-no-rj,,
eeefa43ecaf74f7b822dde3f0e7683d4,,,,1348,https://static-cdn.jtvnw.net/jtv_user_pictures/f51c58ca-1a89-463e-a177-3beb66c48da1-profile_image-300x300.png
eef7776c596141afb7efb9c1790bcb64,738,32930,https://yt3.ggpht.com/-Uf2PPtzOATrj2mvzz86hUSVz42QBXeFXCW-6jFnHekt0dWxgzFbukcg05p_7Vb2a8T33dbQvg=s88-c-k-c0x00ffffff-no-rj,1539,https://static-cdn.jtvnw.net/jtv_user_pictures/3ebfd121-6b80-46cc-99fc-fb1dab0100bc-profile_image-300x300.png
ef03340f293242f89fe15f2f828dbf7f,1630,29533,https://yt3.ggpht.com/N5WQmFGv85IZehAVJWnwz6Cx4o7sMsMozYVTemMuguyUYHFcIcPym_HEQRQXQ17Xb9PvcFYjtHo=s88-c-k-c0x00ffffff-no-rj,519,https://static-cdn.jtvnw.net/jtv_user_pictures/aff029fe-0587-4df8-af5f-991255abf3b2-profile_image-300x300.png
ef1cf35ffd2a43bebf44cdc37e2678c9,139,590,https://yt3.ggpht.com/GFTZ1JAFustlrH1Y-9EbzjwkBu76zWpKo6ShIaXlPRrBWEHyZS0G_dG2SidRzELDFWvvMi2K=s88-c-k-c0x00ffffff-no-rj,94,https://static-cdn.jtvnw.net/jtv_user_pictures/f1c39ea0-4095-4581-98b1-675210d6fc92-profile_image-300x300.png
ef2c9ea8d1644ce283daada94023648b,142,6233,https://yt3.ggpht.com/v9_QEOnNP9Z_Nq8Wb7y-fXvOCAV7PRMB8zdvIHopqyWafj0SEM2psGolX2MsaFowqvNE0x6r26k=s88-c-k-c0x00ffffff-no-rj,,
ef5da0bd8595474e8630994b11c3eb46,34,331,https://yt3.ggpht.com/VURt4bbZPpNXOoswTWfTFf82OUrtEGDjUTY9FvvuTVQamVKMPxJp3Jmgw2WSlxoNOMhVZLludqA=s88-c-k-c0x00ffffff-no-rj,668,https://static-cdn.jtvnw.net/jtv_user_pictures/82730abd-e25e-43dc-a558-ef41597311d3-profile_image-300x300.png
ef67b676c0334ef182151f473469c1f1,12700,439552,https://yt3.ggpht.com/13HRZ4Pv0fQLHKz0O_sl1GMj91ZRhJmnqQZ8vmyXbCdAPGEQTzYdPhZJMzO0ovPNcMjYdMuvdA=s88-c-k-c0x00ffffff-no-rj,,
efe21404e1e344dda7e75ecb2c160895,768,18951,https://yt3.ggpht.com/EQfe9hAKR7A3stEw-mHBtZ_9GQ1ozz6_uWqPtCaujIgOcrunSCFzHI09n4tiWQB_KWfqK__e=s88-c-k-c0x00ffffff-no-rj,,
efe550a729e14dbab790a3f73205d8ed,21900,922554,https://yt3.ggpht.com/Kau_Q4ctTuW9IsLTeAQmvHyExhKBMVY_vjKAkp6LsRX6q0kWMs2q2ieqPGKwuJlL1JDk4ephPLI=s88-c-k-c0x00ffffff-no-rj,,
eff26caff6bd4720957cefaf8f6fc87a,26,872,https://yt3.ggpht.com/qlrp2NM1lvpSNEG8UY_wjx9p5qMotdWtlsVrdDMEoMlw02ZIEIcHT9kw3BUivk_opWLl13rnPg=s88-c-k-c0x00ffffff-no-rj,471,https://static-cdn.jtvnw.net/jtv_user_pictures/1f792e6f-a1c0-41ae-a46f-eb3ccbaa43ef-profile_image-300x300.png
effe96469a7348c786d01ccea8cf71cb,5250,162357,https://yt3.ggpht.com/Qq_GEjcNmH3QTVZtphsiqwj2rQyqSJA9v5FC2isWgj86MCKt4y2LYql3owvaRIMfTuint-T5yEQ=s88-c-k-c0x00ffffff-no-rj,,
f03fa714465e44ef8d339474bd0f4a02,2820,61001,https://yt3.ggpht.com/gipReQID8G7O6v_kjr8Hl3te-MRBzO5bG804eBRlx-_j2kuwjP3h8rB98FBNKXC0yviE8jjYLg=s88-c-k-c0x00ffffff-no-rj,,
f072e780d0c84ca08c27020e1f2de365,324,5768,https://yt3.ggpht.com/1unfYh4SFcfKoAMYz668EoVSbWY3vtJaJ_FX4V4RT4umpyIXVQKoDimTc6k4LFvvCvVGtFsbEg=s88-c-k-c0x00ffffff-no-rj,518,https://static-cdn.jtvnw.net/jtv_user_pictures/9dcbb1d5-9bc2-438a-b540-fceaa2cae6a7-profile_image-300x300.jpeg
f0a395b14fa34e64ba1aaedb906c7dd3,18100,25169,https://yt3.ggpht.com/H4QD20ezHSBNRjgnmo58UykimmZVAZxqI-8_4liMvLXKnxHOTlqV_Fz4_4xw39dCLZfXWOpoOQ=s88-c-k-c0x00ffffff-no-rj,,
f0afa83a8d2d4cc6bb9eb80655bbe40d,790,11623,https://yt3.ggpht.com/-VZqkVkhQiqp8zcIsGDR4HLmpmw8cpA6GTY7EjKE6MhLMqVmiTvbSQ-SOGV9MFYn_HqPOu6ieU8=s88-c-k-c0x00ffffff-no-rj,,
f0bc26cfe4a8451d863a8d8cbd6313ed,,,,8,https://static-cdn.jtvnw.net/jtv_user_pictures/95b46e47-ace4-4293-911f-35537d9932c2-profile_image-300x300.png
f0cf456a9f204645a4b468f8cbefb150,,,,1458,https://static-cdn.jtvnw.net/jtv_user_pictures/7231c950-5054-480b-bd06-0b75a7b52e7e-profile_image-300x300.png
f0f6694a60de4fb799b3f315abbaf7b6,440,19190,https://yt3.ggpht.com/kEWNXca-VPifF3Q9XCXi_nmxkzeHelNOXGTShNCNm4SOV67Dr_DlB9gTk_jDR9gpkQifME16=s88-c-k-c0x00ffffff-no-rj,,
f1020d6d2f904704a363cf21806327a1,912,17407,https://yt3.ggpht.com/4RDiXnei9l4pbvy2LQP7IOhy3uDh3wHEIqS3oWLsB35loNoi-waj0qIWtsujqNy8zvYgNQ34Fw=s88-c-k-c0x00ffffff-no-rj,206,https://static-cdn.jtvnw.net/jtv_user_pictures/eaafbb76-edb1-4cf9-abcc-0723d4a66ed1-profile_image-300x300.jpeg
f10dc84fab2a41d385c2553b0f1d788b,75,1266,https://yt3.ggpht.com/m3OC85y5wn3AbuWOiCTUOnvCdWMuiSI15Yy0JpNHt8MQZgeUuRkVfk8HNIcBP2NYkDZUnR1k=s88-c-k-c0x00ffffff-no-rj,398,https://static-cdn.jtvnw.net/jtv_user_pictures/c4e58116-26c1-43b1-9945-57a8632a2272-profile_image-300x300.jpeg
f110fd69b66941bab04de9ada563c6ac,140000,13249078,https://yt3.ggpht.com/ENhe5lPewdKw2cXmVgpco2czkKtDJafv3KWVPHpuj62mKe6-7n64-4lei48n7Z3pufhCcxUE1w=s88-c-k-c0x00ffffff-no-rj,5435,https://static-cdn.jtvnw.net/jtv_user_pictures/c92437f2-82f1-4bcf-abbf-723a46fac910-profile_image-300x300.png
f146e7f1a1164dbfab960ea34873afb5,2320,81375,https://yt3.ggpht.com/l4Y2CxUDkGF6CWAlXCU_FI4J4PaPo1FkQpuph2ff2QLeVOk3QZF1ttEqGlZ82ZsfNjyialTCVRs=s88-c-k-c0x00ffffff-no-rj,97,https://static-cdn.jtvnw.net/jtv_user_pictures/2d9185e0-d389-44db-bad9-dd8f9e12c29c-profile_image-300x300.jpeg
f16af590d65d4d07bb6603aed00a1a78,420,0,https://yt3.ggpht.com/7cokSkiMUJdHyqFCSEdBJobPU581xoj2tt5FYj3a3_zzEELo9c2A6BpPUsEg9xcXc8kHX953=s88-c-k-c0x00ffffff-no-rj,,
f18407d79b4b43ffa6adf629d1723a8f,28500,1275,https://yt3.ggpht.com/ytc/AIdro_nX4HfiXY6W7mAzsZPP4xrRi4LVwy3DxJ8n5bP9lQBRqqbrj1s=s88-c-k-c0x00ffffff-no-rj,,
f18f778f8a8b468cbe7dcd350228e3fb,316,2441,https://yt3.ggpht.com/1Yro-f4yTLptgi4eYbGrRutnLEtxw4DXzk7u0lFJpApW0bz2IYrjm4wm2mi5NspYK2Cj3Csz6A=s88-c-k-c0x00ffffff-no-rj,1802,https://static-cdn.jtvnw.net/jtv_user_pictures/a61967d9-9047-4ed6-b3af-6fd662009c7e-profile_image-300x300.png
f1af649939f441ef83a72bac4dc974e3,546,17014,https://yt3.ggpht.com/r4FQc3f1aovwbgu7lA5eiYWS1km1IUYDyEvCsNHnIaRg36wBcvJVB5XhVP5eQ-4bfhvOqODtRQ=s88-c-k-c0x00ffffff-no-rj,,
f1b5f88144e14bd188e17b2f98303713,105000,4319841,https://yt3.ggpht.com/Rgc1kaXqHZA-7sBd-8NBelgxCVk25MOhar_As3CRykc1rjeYU2LQN-9D6r_Atf2leC0giA6FMQ=s88-c-k-c0x00ffffff-no-rj,,
f1cd5373408f4509b94caed34d4c05e9,397,4467,https://yt3.ggpht.com/AtH4cy0NJGX6lcuj7x-BR96UKhQC8v6AjbG1gxRUyp9Pt6VyZtpMsl0SbSUtJnZR6GlBZ4UWsg=s88-c-k-c0x00ffffff-no-rj,,
f1d9ff59d3d74b0ebb4268de53698dbf,213,6077,https://yt3.ggpht.com/r2RNpRcWJ7i580nwGOge42SCiwcJWBAnRt10oCgvhozYl5lYK2hrfJoxkgJb7LInnC9YqO7f=s88-c-k-c0x00ffffff-no-rj,672,https://static-cdn.jtvnw.net/jtv_user_pictures/f44f0b3e-7a7c-4183-9fe6-81bf4c1d408c-profile_image-300x300.png
f1dff6bebe3a4fa7a4b9c05f91bdc42b,794,0,https://yt3.ggpht.com/ytc/AIdro_nubZCOCNq9ZLXIDkT6BaciY7RdvAiCa4LAwFXLgGHDCqA=s88-c-k-c0x00ffffff-no-rj,,
f220baaf52864d7eba4b39877bc2afd2,649,0,https://yt3.ggpht.com/CNsdxvrxeBN_i5QEDfDu7qO7_VSEO4Edx_oZIixQFScnnNVervU8WnIitOj9QhYi-XVAfAzg81Q=s88-c-k-c0x00ffffff-no-rj,1184,https://static-cdn.jtvnw.net/jtv_user_pictures/54719a84-ea53-473f-ad7d-93d3398b2411-profile_image-300x300.png
f227226fd52e4fbe801b4c89acfe4887,1470,36530,https://yt3.ggpht.com/p0P9so3pZ4m8fX4eLVj6fPM0Cj4VlmqXUCgLkr54e3mKXxIUDh9BuhvP0iGJVKCdphEd9VpZTlI=s88-c-k-c0x00ffffff-no-rj,,
f232bcca5fe54991838fd1e2551b3527,727,364,https://yt3.ggpht.com/xcvaCAKvuRyZjHFN5ZdjDxrghrNIlNWiXU_HYGjMNkDkCrC7-A7ZIAsRak7pikskjNDrgfKXzj8=s88-c-k-c0x00ffffff-no-rj,,
f24626ac0ce34975a3b3fd6d8455f4f7,324,6974,https://yt3.ggpht.com/VSiGYM1yMFgpbirjuitkeoTgV1ugUE-9xR395IWC0Y_N1lHNB_TTG9ne0OKLBroNQv95vy5Ev0A=s88-c-k-c0x00ffffff-no-rj,171,https://static-cdn.jtvnw.net/jtv_user_pictures/229a37f2-4472-4004-9131-9b73ef31cdc2-profile_image-300x300.png
f2a403cb46354371837550730a397bd1,18600,1135897,https://yt3.ggpht.com/6QOnEJ77-7W5Ldsr_qly78Sj0VFuKoA2tBm7CogyvucyMLtvuwtNZlUTPohSl6wuR5GyUxr4MTw=s88-c-k-c0x00ffffff-no-rj,,
f2ad5f187c9141ab8830b8eaf81c3aee,3290,191518,https://yt3.ggpht.com/H6YGbFtuFtC-v7MtD76UKoF8VKyFz4RTnB6qzks49Y7LIRDRn7l0EN4mLstPpt9sSDKITYRa=s88-c-k-c0x00ffffff-no-rj,,
f2b0bc3e82024bd3ae1c7cb5fe926829,361,9842,https://yt3.ggpht.com/E_O9JDjkkcBWlflKNTGCDnHJy2CvoYVK_2C1pYqeBCO68fNdFnhlr70AZubmE4xPgIKGu9fK=s88-c-k-c0x00ffffff-no-rj,,
f2dc08b1c55843d9a3d1e0461ebf57c1,3610,189738,https://yt3.ggpht.com/injjRNmncQWsl5clI0l_XPWn_n30FmW3wHXMXVSIqLu6G9B99a3pTXTB1b6vAjnPPaikdtpGyg=s88-c-k-c0x00ffffff-no-rj,,
f2e0ed58531e4cd79d743120c960b6a9,750,0,https://yt3.ggpht.com/sMKtABFP_bmyOsmMF_jPKcyL6-07bIP86GkHmVDZ98EIGk4Yib5nvOJ17CRZWw9k9XB9V8XLuw=s88-c-k-c0x00ffffff-no-rj,,
f3085e3337f34b178380b52e3ca429af,1510,58948,https://yt3.ggpht.com/Yw70Wh1Dl5Zjr_Uo1DEpv7Gdn1iMrGmBp-Su7BN1-U0-ma9E3opUhnEW27QnQ7VIqZFq0ndE2g=s88-c-k-c0x00ffffff-no-rj,877,https://static-cdn.jtvnw.net/jtv_user_pictures/10a4503b-7fc0-4373-a10a-e001c1936c8b-profile_image-300x300.png
f30f6a2e994641b5af169b97f2aad13b,188,6719,https://yt3.ggpht.com/ytc/AIdro_kvj376j5lKf8qrZLLTkqRC1CR-URfryijiWUJyvqAEytw=s88-c-k-c0x00ffffff-no-rj,541,https://static-cdn.jtvnw.net/jtv_user_pictures/ebc397f8-de94-4fb3-9466-125a379ca487-profile_image-300x300.png
f314b215c987471888b4477dc4d8bf08,143,0,https://yt3.ggpht.com/E35EYpZyZEebNlVrLgjnBz2DKECKogLzktzxP4fdUF90xa-1X4zo_FX-cDS0V6Y2EDlxHlMFuQ=s88-c-k-c0x00ffffff-no-rj,,
f332651666ff4dcfab45f08a39a62d8d,4050,0,https://yt3.ggpht.com/n0d3yavLXwAmILspI7vXFqIYxEv8a3VT-5Wuh2aPc8sePdmqVo7VK5cKzj94H-eKvgfl6L04=s88-c-k-c0x00ffffff-no-rj,,
f339d4e6913d4a03b39a75228f402153,2710,7510,https://yt3.ggpht.com/aS-LUqcgvwoQNb8NHXECK9sac8Eu3GzOzPWzXTNUgb9MkZ7TZQEGexHUsYT3-UwTx6WU5NkI=s88-c-k-c0x00ffffff-no-rj,522,https://static-cdn.jtvnw.net/jtv_user_pictures/81f95197-9111-4b1b-9112-a11ec431badc-profile_image-300x300.png
f3404208a69741c481201fffcdea3d9e,7600,135978,https://yt3.ggpht.com/pT9UHx9QahXDOPPVqeWmSk8s7PIlmYxE4hnHOYIurURf7B9Xtr2taWMslIiAjue3PUG6J__q=s88-c-k-c0x00ffffff-no-rj,,
f35a552c958c4e798cac3bff3f5fff2b,88,391,https://yt3.ggpht.com/JZpmjPa-LXzktqMF2FwfJ3763jhQhpGx-vNOogn8u8VDurH1Ql_jCVARc9GfleMArY9io_UQ=s88-c-k-c0x00ffffff-no-rj,605,https://static-cdn.jtvnw.net/jtv_user_pictures/ad22ffae-e4df-4529-9139-a7e4112e8922-profile_image-300x300.png
f36c774fbf4847e1afdf66a1e4806ea3,689,11612,https://yt3.ggpht.com/ItQEiyr8bJLg9YKkgBr6QwRiH8aJyQkyfnGL4Ehh6BTr1f9387MqRAWPc9Sdy41UICWiweW6TQ=s88-c-k-c0x00ffffff-no-rj,1667,https://static-cdn.jtvnw.net/jtv_user_pictures/a94b7264-6e66-46a0-ba7a-6f26e6410ddc-profile_image-300x300.png
f3914ae7ae6541198b6b5f4d63febe48,1660,44738,https://yt3.ggpht.com/-2Uv_H8fmYJjiUA6TM2JaoxeQMZbMBtd6NqjTqTL0WuskcaBex7k_FhraoXM8cXNmtlP7A3SyhY=s88-c-k-c0x00ffffff-no-rj,,
f3a1ec7e996e4897ba4e34376f7c0be2,240,3855,https://yt3.ggpht.com/9LyYmVADFB_DMUvprOofPChll05cTgMJEO_OK-m70Vnmvo6pWmLiaqsktMpkOXDmSTbRh7EMCw=s88-c-k-c0x00ffffff-no-rj,662,https://static-cdn.jtvnw.net/jtv_user_pictures/9ab5860f-28f5-4c51-9218-c4fce17d9543-profile_image-300x300.png
f3fe9fb6de2a477fae878a39924c15bd,301,4813,https://yt3.ggpht.com/SbwymGp0anaMPzG98m3SykEXXzGrAwEtzUhHqb1jweMF9uV69f3F_Bqn236Ic1uLwd1Nm5okHrY=s88-c-k-c0x00ffffff-no-rj,1991,https://static-cdn.jtvnw.net/jtv_user_pictures/0e25d1b7-dc0e-4de5-b75f-6e3e4aa49760-profile_image-300x300.png
f40b8e8debf14680b5cc88bae98918f7,6660,206515,https://yt3.ggpht.com/DNn91v06PE5tNnFGwtD1Ux7Y0B3W0WYNouDmGf_4xoZV-2En2PUMEOpP58NKaWKbLkrbQEr6_zs=s88-c-k-c0x00ffffff-no-rj,,
f42c6f5877f14a38aef3f3b515769149,7380,680351,https://yt3.ggpht.com/kS29kmosL1b9baTcqla-e_pAJeLXUL5JVJ7Z4TsDhXn5EEWFfQ0W_m-O9ZAZffDc7NFrtm_x5A=s88-c-k-c0x00ffffff-no-rj,,
f44835c18dac441f910f4eb821ffd7ce,381,17226,https://yt3.ggpht.com/Eg9l601hGFXDQp2t-Dh0JiAvBBONSeBX5VmGMfKgHp1jyDDhFE8KtJVAcLq6b11786WVbu45bg=s88-c-k-c0x00ffffff-no-rj,2941,https://static-cdn.jtvnw.net/jtv_user_pictures/c1c3ef61-2631-43dc-9381-93c4382536d1-profile_image-300x300.png
f45249f9d8094f9d85f6d02aec4af029,791,42848,https://yt3.ggpht.com/6bmlENPDidVBnKHAo_TndTET36xFANwkYkqSiSMNPIQKTCFOwQIvHnTyQKZ7Fps8aC8slNjM=s88-c-k-c0x00ffffff-no-rj,,
f461b26ba47b4e37a90d2ca4fa5fa329,832,21446,https://yt3.ggpht.com/ZioLLSBGmpdGwhf1aNEm66bMg22sToOu-8nwQd720yO2ltBQTewRJKH2KYrKHR_pJmuTAdxUdQ=s88-c-k-c0x00ffffff-no-rj,,
f466201465ac40ef9f3aefc9b08a39d1,765,22400,https://yt3.ggpht.com/SPK3oKPbsEJS2lUYf2-rSVx58SbHkDYpPBCsv5vsTvpzA_qOE9HLvfTbvyuwzb9W1RT1sQkZy44=s88-c-k-c0x00ffffff-no-rj,741,https://static-cdn.jtvnw.net/jtv_user_pictures/8d63609b-d54e-4b8a-8088-1d09257d5711-profile_image-300x300.png
f46e5ebb899548cab53d24f1901315b0,340,13373,https://yt3.ggpht.com/g3M7hrcR6QDLQ9J2yxWCmTyJdYvrs1CC6qax2UpYUj3EAipvmWBoR6ncORkZkPt0SGoE_npJGg=s88-c-k-c0x00ffffff-no-rj,138,https://static-cdn.jtvnw.net/jtv_user_pictures/8db6cfa8-1ea5-46ce-9579-65c691b37a2d-profile_image-300x300.png
f479e1403f614727a5f2a2be339bad74,997,11565,https://yt3.ggpht.com/ZgQVP8eh0vPzPGpM_hgRPSPtDP0Cjs3UqfC6Au39LOpM6fjOqHzPNRlEOFSwBxNs5ICcBVhoyg=s88-c-k-c0x00ffffff-no-rj,2832,https://static-cdn.jtvnw.net/jtv_user_pictures/b5410ad6-569c-419a-925f-b41a37151e86-profile_image-300x300.png
f4da0eee989545d2ade906b022a50e8c,1490,39446,https://yt3.ggpht.com/iixObvALYtgaBzm-nvzUWV3ndjj5Gb9guuqOXiZOMRyIUxfUXJUzTyKBRQZ6uSxOSKIqhH78_Zg=s88-c-k-c0x00ffffff-no-rj,3029,https://static-cdn.jtvnw.net/jtv_user_pictures/6abd6beb-f53c-46f0-937d-15f9c42fa471-profile_image-300x300.png
f4dd5cb31cc4403589b69fb7140c0010,36,1748,https://yt3.ggpht.com/s-7aM7NGmVWR0hh48aRyUSAVURjRm4N9wRwpyYaJSoHjqZVc7uKB99a-KEELVFWaw45f9mH7A-0=s88-c-k-c0x00ffffff-no-rj,,
f4fc9f87ed4b4f05a339b1f1a1d621b6,4420,90323,https://yt3.ggpht.com/tP7fBrREEERGa9AMzGFBhpW7xAdYsqfOfi2szz9-K1OuRYX225YDUbygOKNFHyyXuNaWxYLH18o=s88-c-k-c0x00ffffff-no-rj,,
f5034a946bf249c780a864c19efda669,,,,397,https://static-cdn.jtvnw.net/jtv_user_pictures/f287062a-37d6-465d-b506-aca69a848265-profile_image-300x300.png
f513e865b8aa4afab938316563c4955f,667,29381,https://yt3.ggpht.com/pexAJJ8bRDp-9ScT6HSuCKMP0JV-WDfLVQ5Rf1vevdNgB1nN6rSNzQk8BEA6aJQKlSHF-AZxDPc=s88-c-k-c0x00ffffff-no-rj,449,https://static-cdn.jtvnw.net/jtv_user_pictures/3f5aa3c0-cc6c-42c3-bfc9-001e1f56d0ee-profile_image-300x300.png
f5260b1a196a43f8b4aff1cc742a67f4,642,5917,https://yt3.ggpht.com/15vTJz-mjbFornON4x2RFAcaltB0n9_i8-I7-vclqze7VJgjhgN4ywd4tds4BPmX2toHo9gd=s88-c-k-c0x00ffffff-no-rj,,
f535c31fb7624e808c5b7f17f5a9bfd9,31,52,https://yt3.ggpht.com/701Fb2XOp50GHgYYlWocA7XC-gop2zKqis0QgbUgSwUwT1iT6fq8sOL4ZXnHX8XEoeB4OKvIZcI=s88-c-k-c0x00ffffff-no-rj,376,https://static-cdn.jtvnw.net/jtv_user_pictures/9e245519-1986-4fcb-8fb0-83ebe136709a-profile_image-300x300.png
f53807443055490f87b85ded6caee0aa,8550,362649,https://yt3.ggpht.com/ynsc01uvaQyc3WkwXloQyvVQ_wAb8s126XCqNCf8Cda4Ts_qDSp9Uct3qx2lWUGi4NikTihf=s88-c-k-c0x00ffffff-no-rj,392,https://static-cdn.jtvnw.net/jtv_user_pictures/7b5a923d-4bd3-4efc-8256-e73208d8b089-profile_image-300x300.png
f53e734fd8ec432da4632f30e899338b,4510,130332,https://yt3.ggpht.com/F1-mDm_4EJtB5NmKuFMLyVYxOZr1BPKlOb-nPqJiSsTSBLJlMNkDmU5I6WJyFAIp9m6vkEoc_w=s88-c-k-c0x00ffffff-no-rj,,
f5493e350f514aae860e4fbc529adf4c,563,3001,https://yt3.ggpht.com/JB8NB2q8k_SXz67pZhI5SWmeCZ0AG6SxzSKdL6VKUwpJAfhoDbOiKuFfn4S6slXccBqumfADFQ=s88-c-k-c0x00ffffff-no-rj,,
f560e7811b454fe489044165c53dba83,956,43915,https://yt3.ggpht.com/KT_g_Mp18pirx4s6qopJoWqqlVhwPWKfK4ZsJ-LuZJuMGQDHImzNUsKxu3a2aWYwsHY1oZ2Oviw=s88-c-k-c0x00ffffff-no-rj,,
f58318cdd690482c9d19fb68bca374a4,1850,78209,https://yt3.ggpht.com/i5BDE_ywDURD4PQkGgEVt_4o2Ft9fqZTnM6nqf181aUsjRAeLK-oUE65YtS1GXYHvHWJq1fWOQM=s88-c-k-c0x00ffffff-no-rj,86,https://static-cdn.jtvnw.net/jtv_user_pictures/4d80211b-58e9-4602-9bb5-477f6de12ff9-profile_image-300x300.png
f5838bbd59cf4922897b71efe3dc25af,1140,2194,https://yt3.ggpht.com/Jqmbob7V55TLl0DYVEA3_PrrixlIWp75qgBbaN649T6Zjm5neghYBtyXqOu2WFvDpwrCYrTMPA=s88-c-k-c0x00ffffff-no-rj,931,https://static-cdn.jtvnw.net/jtv_user_pictures/cafd63aa-6f11-446d-85f4-878488784f96-profile_image-300x300.png
f5a37da60cb74069a7dc13867404521f,703,44508,https://yt3.ggpht.com/8SDTn8_rdNlEyu_tLBtg_hFNZYuUFDd2cISFw1dijXLjCrUOcr_u5mDVg8BT6IS0p6QDOXt97A=s88-c-k-c0x00ffffff-no-rj,,
f5a683eeac6b4936b44d547c1e4edbc2,2440,49752,https://yt3.ggpht.com/kCQnzO3DRj6cJ-2H3KlYEloTVpq5nQ-fK7RpTqmalA3Po_dB37FmTPD19--aj6XmrCX19klj=s88-c-k-c0x00ffffff-no-rj,,
f5a99c6ea78e4023b1bc84c1502f432d,435,10981,https://yt3.ggpht.com/bet1uAA3LfGtWYPbfyeVH2wlMWgCOZVgnX49vjVMbbCKOkpQXUR43P1g6vUr9x57WNYHSEXbYw=s88-c-k-c0x00ffffff-no-rj,,
f5c278ed50af44b6a78e8436020c871f,106,1967,https://yt3.ggpht.com/RE-lhmgv70xy74JjPkzJaeA-e0OlupOi0z2Dzobk1iOQavoHvWHjJD_t8uiIs9OzE70piZyW=s88-c-k-c0x00ffffff-no-rj,,
f5ff982730f54cd4826ff0530a4288c2,47700,3197505,https://yt3.ggpht.com/XSHfeVsxk-eDNndBjeeLlsqwQfrKKNWo_lZNEEqgsCeDoiJaZD1DGOJpTmocalx_fBMCIS_Ovw=s88-c-k-c0x00ffffff-no-rj,,
f656e3210df449889b6ad9e72acd7a72,1380,49536,https://yt3.ggpht.com/dhWVs-SOEoEZETmmYbl4SyJ1AFtA9tsEgaG4_V5SQ-HBz7V6lv_3PzWIz1zBAv5P1Gg39tdxs0I=s88-c-k-c0x00ffffff-no-rj,,
f6a02208132e4cdeb72d84d1fb487384,342,0,https://yt3.ggpht.com/ba4mPvbA861E8joJ735Iq_lNgwHPGoYopnmgJ_Ebba6j8jvhg8QmX28mryCieEt49EGydSZd=s88-c-k-c0x00ffffff-no-rj,,
f6a4e7aa8d0c4e5cb39d199845ec4d02,454000,52178767,https://yt3.ggpht.com/CRhdIqMTAjxrPJJcpKYEY_Yot20ByMcBid-nsSCcl8YFRCi2wzS_oQZ0bgx490bodZPZVqvDOQ=s88-c-k-c0x00ffffff-no-rj,111203,https://static-cdn.jtvnw.net/jtv_user_pictures/66a24ad3-a6b1-4c99-9d31-3de84c4591e4-profile_image-300x300.png
f6a8c59d8b8d4e009d4e147ec268cd73,28200,1178719,https://yt3.ggpht.com/TmYmSucJj94OPK6TzAHqPPPYlxhXqe0JvVDzey30f5GYaB85KdEc4QgjA18stGKPAizBF03SgVQ=s88-c-k-c0x00ffffff-no-rj,3416,https://static-cdn.jtvnw.net/jtv_user_pictures/26656891-8e69-48fd-bc59-138e45afd83f-profile_image-300x300.png
f6c33980cbb9463d88229e058bd54b3f,110,951,https://yt3.ggpht.com/h01j_MrlUg2nZRY9MkG6lrcPZCY2IewL3M1Wo-bZhRM20bWorjrcO_GpumEPujyf7xqGME0KC8s=s88-c-k-c0x00ffffff-no-rj,,
f6c34086d07a4322b9d4ebc538bada96,5760,96741,https://yt3.ggpht.com/kS6KbG59PgxBce44GJKP9byZrzOpJHJSpdtyCSldbYBxKkcuNFuC79WMlbX3q6aBI7qYge0t=s88-c-k-c0x00ffffff-no-rj,,
f6d83aa286de43568b4e8f9e0976615a,800,23241,https://yt3.ggpht.com/zBH76Qe0tvp78eW24QGIq24cdvHBQCRaWlzlSnxP7frViTp9Z8owNyaLQqR2bbRM9587HYyL7Uk=s88-c-k-c0x00ffffff-no-rj,,
f702d43aeff84979ad97438d0b1d8bcc,927,9486,https://yt3.ggpht.com/dOg6TJOIim8B6ILWLkPH2Eaionzcb2EGKmW7bQJT4nw3JhekqmvRTCxXr2mbimceZY36Xhy5YQ=s88-c-k-c0x00ffffff-no-rj,470,https://static-cdn.jtvnw.net/jtv_user_pictures/485f3b40-34e2-4bcb-ac79-97f478b5f285-profile_image-300x300.png
f7185f45c8a44e69bf829405206996b9,126,1625,https://yt3.ggpht.com/p-yUNIrC-TEOb3rA5HnEUXeBwBqHD9cCExNXpJdrlZGXRNbTZnKIgYcNV6x7iWdSMWeeGLn94GY=s88-c-k-c0x00ffffff-no-rj,25,https://static-cdn.jtvnw.net/jtv_user_pictures/c0227feb-c519-45d3-b914-b795eebe2d18-profile_image-300x300.png
f771e51357eb44d2820afd47aba3b546,408,9328,https://yt3.ggpht.com/jbL0nzZtY3TImfpaFnPsvefgVD7fmpKDqQx8fUSTxDDnfQwiYRUtPxOTRjCmXg4bjnK54ouFUDw=s88-c-k-c0x00ffffff-no-rj,279,https://static-cdn.jtvnw.net/jtv_user_pictures/2ab3ad84-2269-4ae5-8658-7333eb66a782-profile_image-300x300.jpeg
f7758d944fd8438a86bfe1235c7bcd17,230,13529,https://yt3.ggpht.com/ws9uiicZvTp3p7j1XShR9iAtA5cx2kGSDij-NsVaKJUhj-SIkABH5ezZXgD_qq9FI5wt9eZ1NYU=s88-c-k-c0x00ffffff-no-rj,436,https://static-cdn.jtvnw.net/jtv_user_pictures/758a8c0b-f151-455c-acc7-07ba18b3f511-profile_image-300x300.png
f7b1eada802e4ed89c306c6641d243b3,4880,186027,https://yt3.ggpht.com/EVtntAYDsnpRtGXDc5HtS-3P2iSbo8BXSbD8oDZpzhTbc-lbJZlZYputJmli1hyNa-M1F7NHbg=s88-c-k-c0x00ffffff-no-rj,400,https://static-cdn.jtvnw.net/jtv_user_pictures/d4583cb8-c82f-4fee-9324-d1e342ee1610-profile_image-300x300.png
f7bfeaf6288f4afe80b62dab32698a0c,1480,445285,https://yt3.ggpht.com/LWbQu6xa7nwovkYuZsWtHlJdZxd6VWz96ARUfxOvaM1m_hZP_5pycvaL6IkiU1T3lgtp0TZOAJM=s88-c-k-c0x00ffffff-no-rj,317,https://static-cdn.jtvnw.net/jtv_user_pictures/32327469-66a4-45da-bd85-727975e15610-profile_image-300x300.png
f7c48554816643cdb8d343e6e9e6d313,26500,1400363,https://yt3.ggpht.com/GA6XcJY4889APsFDEHpHq8EfchFcNfKuEIT-U8riwDpjzQn1-pWRwHzwqdTMYOHahfIP8Cub=s88-c-k-c0x00ffffff-no-rj,9438,https://static-cdn.jtvnw.net/jtv_user_pictures/3fd15390-4e26-41fe-b973-7f79d1ed8583-profile_image-300x300.png
f7c5066e776943ef9f277e3f41232272,127,4310,https://yt3.ggpht.com/18Hj5TbXVQi1Qrfd1ykKghonN_VF-NeUEyWgoE0At_4lTj5yImRirtDuXOuNqBRZPdNmUdnb=s88-c-k-c0x00ffffff-no-rj,,
f7c5ff874d1d4528a36c0a54d27017a3,660,49761,https://yt3.ggpht.com/ytc/AIdro_kuPzK8IouiCi0Dm5Vh3ZptWZ81MZ_zjdqTig7GtCZiGOo=s88-c-k-c0x00ffffff-no-rj,,
f7c8264349654390a5e39810dc012a38,19900,1213266,https://yt3.ggpht.com/JkR39_wONb5jPwMCLeDY-tjKeT97CPYKjJIQPHW5R6poogfM41BW2VsfmRTIrvfYE4SpA2YMgQ=s88-c-k-c0x00ffffff-no-rj,,
f819220249044c7ca97126c828833c9b,5330,0,https://yt3.ggpht.com/1grz5NEMgecZuMMeei2cEAGC4xjhTw2bdvS8XDiDO23zRirnao4d4QnHoNdAz2MYdZFyzmi-=s88-c-k-c0x00ffffff-no-rj,,
f82fe7762b1a4ba983f4a0c918ea70d5,18,738,https://yt3.ggpht.com/LYh_1SwMcEeVrE-kYn_E52BtyJAQo2cbZO51XtPsiotOHo9yHIM2F-j1QUbJt0WdGvXOYnYbZWc=s88-c-k-c0x00ffffff-no-rj,2,https://static-cdn.jtvnw.net/jtv_user_pictures/5deabe03-b153-4255-8eab-5641956d931b-profile_image-300x300.png
f84598913e654789a80556fd38388dfb,,,,1544,https://static-cdn.jtvnw.net/jtv_user_pictures/08bf54a2-ec9b-44d4-af9e-d0026c1e3467-profile_image-300x300.png
f8ade397837d42f7a9167e0d4f20fc56,,,,2580,https://static-cdn.jtvnw.net/jtv_user_pictures/28eb9819-255e-4c1a-8e37-4c8c7365b517-profile_image-300x300.png
f8e4654549304ea9933e02c2dcf48aae,56,0,https://yt3.ggpht.com/ytc/AIdro_mDRJ_ubQBt0ybk0Wc6JKlA9jbwtuhR3Chi7RT7HhnU7R4llJG_8PVE5wF6c4UsTJ7YTQ=s88-c-k-c0x00ffffff-no-rj,652,https://static-cdn.jtvnw.net/user-default-pictures-uv/cdd517fe-def4-11e9-948e-784f43822e80-profile_image-300x300.png
f9174719d2a148eea3b406e332e4fcab,416,0,https://yt3.ggpht.com/NKmF7tRDQh30cmEe5whmNAsNL-50hI2T9_9_RI106bmvue01_dshyvX1ySLzzjv4OurcaODZ=s88-c-k-c0x00ffffff-no-rj,,
f9247dd02dd24e209eba623edcd8354b,327,18403,https://yt3.ggpht.com/1vjUnmuHGevdz2HTYCS8n185OG-Z13HOU1YT_R2ORsb5FrjzU_rKJKSHHUGbniUR06gRuhyW=s88-c-k-c0x00ffffff-no-rj,374,https://static-cdn.jtvnw.net/jtv_user_pictures/2ef787ee-da29-47ed-bd0c-2452365c40c4-profile_image-300x300.png
f928118054aa4e11aa4ec88504d8b886,30300,1559982,https://yt3.ggpht.com/capPdcSDLl7SD5flCmFY1y3OpPex1324HMCQeTa63sjsDT48lQdNGNS14H_muDCe199RJxzChA=s88-c-k-c0x00ffffff-no-rj,1327,https://static-cdn.jtvnw.net/jtv_user_pictures/0c1042b7-bb0d-4453-ad08-d1d098f02a51-profile_image-300x300.png
f928e57423634094b3d7d8461321c028,30300,636985,https://yt3.ggpht.com/wzdPu60Z8iJ0FvUotkFmyaSNN_fB0PBcwsDkYoDPEyXG8ln2YpkkSVphrYb1JGp-Vsfgoe2IiE0=s88-c-k-c0x00ffffff-no-rj,2425,https://static-cdn.jtvnw.net/jtv_user_pictures/29f23d8b-42eb-499a-901d-897bdefba2a1-profile_image-300x300.png
f9444f6d790344a4a51a301110665229,1800,76648,https://yt3.ggpht.com/Uivq7n5j-GMQJZ_pGjkfKKY9wheHNTtBARNhkLAYJblgVDFxL4sRDFKbH5LqEE_x8R1QUP3d=s88-c-k-c0x00ffffff-no-rj,,
f94ba8ea1a5441c4852d53e8f528ee20,826,24529,https://yt3.ggpht.com/X6XfIBywwmm8AwTpNDQcSs8xOvdrwKj3GJ5jT6sjWVH8_Nb7uXROEjJG6GLXzFy5_XVZ1dddjw=s88-c-k-c0x00ffffff-no-rj,437,https://static-cdn.jtvnw.net/jtv_user_pictures/e6818b2e-fc26-4f44-8b6e-d136e1f4cc45-profile_image-300x300.png
f9641107ffee492cbec14839b1958144,,,,2312,https://static-cdn.jtvnw.net/user-default-pictures-uv/998f01ae-def8-11e9-b95c-784f43822e80-profile_image-300x300.png
f96c65701df94732853d86ffd893081e,2360,57023,https://yt3.ggpht.com/YJC7xXXoBRGQ9In8RFRHgCXNWbtInntOpHAS5kpi_EwWkzrokBxinBL7YUmgQBlT8vmE16lYLQ=s88-c-k-c0x00ffffff-no-rj,,
f985903969ad4e8b839e919aabe94480,41400,555986,https://yt3.ggpht.com/ohesVbo66gc_QKb8sviaMmiKxRZiFgiBQxtrec-Ch3GKwb--t6XsHGgTalHT3IZsK-Gpdrf0=s88-c-k-c0x00ffffff-no-rj,,
f99429e8c2324c5db10f11c3a2c51b5d,1080,21943,https://yt3.ggpht.com/Q_uOvoFaR9VIkv70DmJRABwg3xlHwA_GKBz3tzRFIKK9xJ1sUtD60sOkyb0HYduI3jFBjYYQuFc=s88-c-k-c0x00ffffff-no-rj,,
f998ba5e4a2f4cd9a979e034d338bfe9,422,11113,https://yt3.ggpht.com/-5mp2Wl7Aei61T1AJYh_o-3UjYGtHVbBBiwpVR7FbUULhccQOkkMF6T_E5V8h6fF5qJGAWNaIA=s88-c-k-c0x00ffffff-no-rj,,
f9c7e5b8bcae492aa838379fb3190c20,4630,174686,https://yt3.ggpht.com/WPZR9Gwqr-CmWAi0Cvz_VNoOlvqKd98TbTsT_ELX6odVt0Wgf9ujv2S5Ot9taFE9NVc36Fs=s88-c-k-c0x00ffffff-no-rj,,
f9c9c29a9fb143539ade06564b99b233,5100,0,https://yt3.ggpht.com/na5jNO7zfnqIJKszM1pIbbf4T-i1d4kEhH5qw14t3NaZH8FBXqw-xZG62K8mvLsB2Xr-t6EJoQ=s88-c-k-c0x00ffffff-no-rj,,
f9d27b07ff84433b8397b0587f339e27,57,7527,https://yt3.ggpht.com/RXPIVoENqH_2mwiasAwZlZyZ4nMWRUDsnGlaiOFlpbw4sVB1st47IOfIWsMwius266S2jWWCRQ=s88-c-k-c0x00ffffff-no-rj,168,https://static-cdn.jtvnw.net/jtv_user_pictures/e76f78a7-d408-4b96-a316-c30eacafe739-profile_image-300x300.png
f9f38aebd04f4a219e165e0c6e1fb347,902,14926,https://yt3.ggpht.com/ytc/AIdro_nQkwMGl9feEbB-Yhem2_OkISvfxmNaQMHwnt1ZZnZJLA=s88-c-k-c0x00ffffff-no-rj,,
fa2a2255fa7d4aa7b5b54dea5dd2b1c4,1540,51768,https://yt3.ggpht.com/jAM0GVj-hmI4lw9hDRgmUEjLk10N_2IgRflLOmvciYmrqOTeXH9CHapqYBuGuzpqgCXVsOjAwA=s88-c-k-c0x00ffffff-no-rj,,
fa3bc2669fe041dfaa0765278ffd6330,11700,408121,https://yt3.ggpht.com/vwrkolbodWiaOwwPSK5MyQOKrHj_24ufzJFmEwp1IH0SESkQPC4dL2JAo_KGWL8b7_FJwNAc=s88-c-k-c0x00ffffff-no-rj,2701,https://static-cdn.jtvnw.net/jtv_user_pictures/813dbbdb-fa7e-4e1c-bc44-7b153b95d67c-profile_image-300x300.png
fa4fe8c441404dcf85dda8b8bce34a9a,1790,39863,https://yt3.ggpht.com/OdAE54QupM5qa9F77YnDuht-UmOCGuVzjzZd0BHrLWcFlWj7tsbXtigDQhnFgWEQQ57JubwoLg=s88-c-k-c0x00ffffff-no-rj,,
fa59e2edc64c432ebaeeb66b2a53ab2d,,,,2031,https://static-cdn.jtvnw.net/jtv_user_pictures/5fa3f329-d7d5-4ba7-8b23-394a810cf296-profile_image-300x300.png
fa5a7cdc259543259af42bb23f1e4041,104000,17522550,https://yt3.ggpht.com/8LudIWzNxFo6EDmkFvQ8I9fK_5-ZDTwxOrveOMjzCo50riAVCW1j2gV8pri30PEA7RHsUxr3jQ=s88-c-k-c0x00ffffff-no-rj,,
fa83a68ebfff419983124d69373ede6f,353,3890,https://yt3.ggpht.com/sl4WrLepSZKpR32ANSxySw-yN0Ei_HfwGn5ppME6vOATKo5nFhGU7cE_kXfIb5xFTZe3LEWDeQ=s88-c-k-c0x00ffffff-no-rj,1531,https://static-cdn.jtvnw.net/jtv_user_pictures/a9469680-a2e1-41e2-8d3a-fea508830a62-profile_image-300x300.png
faa4994019724702a9da315a8c3641bc,722,15303,https://yt3.ggpht.com/Ec0saY2e4rC2bHfIM5kojjz3g09_KrxS1vcj4UitX8oMahqSrxbCKhZYUq4F5e1aO_mfFOqzcQ=s88-c-k-c0x00ffffff-no-rj,,
facccde0b22e4f66bc41f54815fced73,700,25594,https://yt3.ggpht.com/NZBdVipphx_b4CTJmRx5EtKJtvfdUVYSlVNMyHOZNLusEQW_5s0-K337xDD8SJ5YVzb7qOeLRA=s88-c-k-c0x00ffffff-no-rj,,
fad52a34935b402a819aa4bb504453da,588,26221,https://yt3.ggpht.com/mZKKB6J4Jmz5RM_BowppGhnSeABl6UgmsdqyIkfKz4F73aMmWtjvYJmCIPlSVh-x8BYi2Q2dLF4=s88-c-k-c0x00ffffff-no-rj,,
fad69c2a625446829ef410d9ef277c8f,2440,66358,https://yt3.ggpht.com/oZmwrhSBRdWe0waiTrEIrshqHGS-ZO-Xj2RUSAMbpHs8kB0lSqlvKUPCN9qnlbQOfC2XmVLO=s88-c-k-c0x00ffffff-no-rj,,
fb23227395a04a26abe441d1ac7978de,684,77682,https://yt3.ggpht.com/Gaa__b9C9pGtSY4xSYjrmfEay7WGA5mca-Jg33ehFw3kMq4ADwz66Bud7yLiSGM-D-Ml-nWiVQ=s88-c-k-c0x00ffffff-no-rj,40,https://static-cdn.jtvnw.net/jtv_user_pictures/b04b47b1-22b6-4fe9-a0dd-28d77224b04c-profile_image-300x300.png
fb5a1dbf496e4e7fb1e7698bb92c4acf,381,22039,https://yt3.ggpht.com/1y9vvk3G0TuCqoXdW4OO__dPI5vcCG-nECDHHBAj0ElP9YGy1kMhKLc23CB6z8oJQeR3Pny_ZA=s88-c-k-c0x00ffffff-no-rj,,
fb72bfcead034da2abef22637e7b2b3c,545,14205,https://yt3.ggpht.com/MWtd-WJx1UseQqmWVbo7GB90gMLWNiTjCDtJhxr0N3zOTOhvpIQhGlfPVhPTQboBAqBrxkT2OQ=s88-c-k-c0x00ffffff-no-rj,1272,https://static-cdn.jtvnw.net/jtv_user_pictures/799abf17-55e2-43c6-b134-ee70dde10195-profile_image-300x300.png
fbb142bcb07a4808b0164c41ab1877ea,13700,779569,https://yt3.ggpht.com/S1mm3zEDl9Rz00PS1dokf0A0aO3Hmi_JT0_e6BP5ruixedssyFYBgcAKs6AjoyAolQxKiq9WWw=s88-c-k-c0x00ffffff-no-rj,,
fbc25614b5c24774b849d42ccf45eae6,404,5049,https://yt3.ggpht.com/dfh_dQau6xL5_UvC_jSk6Q5G7RdgDeAFvcT9TFscoy_PRxKOhXn8CTXf_cqeAqnONV-bw7AS-w=s88-c-k-c0x00ffffff-no-rj,928,https://static-cdn.jtvnw.net/jtv_user_pictures/ba3e1f57-1f29-49f7-b2f4-4d988e9e549a-profile_image-300x300.png
fbd0d260a09c47b1a9dcc73fd41e7eca,245,2796,https://yt3.ggpht.com/ytc/AIdro_ky2voyATlPqZWYhRU9leHcasBCWz9SCnwmqLtdu8hZtg=s88-c-k-c0x00ffffff-no-rj,6316,https://static-cdn.jtvnw.net/jtv_user_pictures/fcb41195-0f91-420e-88b4-f44725ee2db1-profile_image-300x300.png
fbf616b4f812413dbe6b156c8a9d5e5f,2600,68727,https://yt3.ggpht.com/TEwoFK9a5LiqXITrhLyFOrehCRjvA6o3AXZUDaT1u-kMayOWVNv2Kk4QPWJ9-VPe-xcvzk0l=s88-c-k-c0x00ffffff-no-rj,,
fbfe453800444cdd8a35eb8abf365f32,946,55109,https://yt3.ggpht.com/t26OMHxVCodOmHhR53NAIJTW0HgaYNNVHOwUmsGME52_b73X-0Tdp8h14DXXhdBObbf_PApCIw=s88-c-k-c0x00ffffff-no-rj,,
fc6a8de6e0e14e05a11b1d35dfce1d71,610,31800,https://yt3.ggpht.com/RqTGhSO4i5pC4B1cjq4cm9kxhfNG9P-DL850UR_1g5WivV3MGey6x1Eq3L_iAnih7WbE6fPI=s88-c-k-c0x00ffffff-no-rj,,
fc8cf370daaf4201bd988b19e70d99a5,245,15638,https://yt3.ggpht.com/YdszILW1kjXdj7YW21j6hrQHvqMphXKicvzH3l0Zjfozcy61jWfbwgWbFAaS78VvT9qrAxgqAj0=s88-c-k-c0x00ffffff-no-rj,,
fc90561b03104438b6e8f657a28574ce,1230,21948,https://yt3.ggpht.com/TDOEQ_eTfSzcaRwRxifI60D0bKFfY83na8hVVXLT41VGq1u10nBd9o7KCedIK0upVHsoOiUO0E4=s88-c-k-c0x00ffffff-no-rj,,
fcb4d9b8cd4a49dba6b421d97c179065,1470,64653,https://yt3.ggpht.com/zJHGEBfr9tyc1IWytI3e0kqV_Yah6IidBfrCDuAJIOjhOJdADapWIxsIxnf8dr2oQglyZqdzdQ=s88-c-k-c0x00ffffff-no-rj,760,https://static-cdn.jtvnw.net/jtv_user_pictures/1d1175f7-914d-48d1-b50e-f91a7e635509-profile_image-300x300.png
fceadce7c37f4cc08bc747aa79c3cf9e,4800,89176,https://yt3.ggpht.com/MBARYFh52CBwrHKsvk_rLpQrzIY2y7sISNckwpqRm2vjj4fk9TsG_73AjHbtZetZJgcmRp2-0w=s88-c-k-c0x00ffffff-no-rj,,
fcf160e0e39147b4b4037d1e4d18f076,61,891,https://yt3.ggpht.com/XyKS5-vnW9eRaZL9xjGjXUBTuVHCSiSxM-GUBDRlQ2F7hAn_UpyZ33rBHPS5c5XNZh8dIf4-jA=s88-c-k-c0x00ffffff-no-rj,,
fcf611e0ddc5474b9836eb8aa2fe1d24,705,54588,https://yt3.ggpht.com/MBqN9MqL8czZ1VRxUqmQY_PI2Z7cGcrwiP8encCy57_REEO2c66WYhXWLa56un6TWS1JV4zL=s88-c-k-c0x00ffffff-no-rj,,
fd1f154909d743129d5d6f58813bf231,69,3712,https://yt3.ggpht.com/aVL2KbweV0un59upfR_R881D_LS5DHJI9FSvkteNRbo6dXHh6nBokWe3f5VrRneFn7E62Rbvmno=s88-c-k-c0x00ffffff-no-rj,,
fd5a1e004f224586aa65f9c5b374cc4a,211,2576,https://yt3.ggpht.com/9s3Di_sxmiLC6Ae10ejs-fYvTqYfVlYqGm0hqhBJ80AQcTSOS0CYetSYinXsBCb_6rpOAnflNA=s88-c-k-c0x00ffffff-no-rj,2920,https://static-cdn.jtvnw.net/jtv_user_pictures/b76e1f85-693c-4db5-9d44-7fa969176291-profile_image-300x300.png
fd62c955979d4f14b788100154fb26e8,1570,9986,https://yt3.ggpht.com/Ma_ot5dYYKxetjby0l5ANOgr2zxhj5oklzKmTRyAJ_u9lWLsM4OuatUAkg9GYTuGijYNbjwVkg=s88-c-k-c0x00ffffff-no-rj,948,https://static-cdn.jtvnw.net/jtv_user_pictures/167608ba-4c7c-4de1-a67f-7092fe903b2e-profile_image-300x300.png
fd638ba6820241d1b3367afab0c6ab3e,120,7702,https://yt3.ggpht.com/OmEa7m7f-vdyLQtKGkMtuA1_I4kvCpPFM53C82lIx_0pgp3DfqzY1fodcxr05ciQItOMMTg1Jg=s88-c-k-c0x00ffffff-no-rj,,
fd6a0236861940389e15ef85b16c6069,39300,1066078,https://yt3.ggpht.com/ytc/AIdro_mkXpht9Uc3vLwFqaqthE7_0CwmgnPRAlL8PPoKH0p8dAI=s88-c-k-c0x00ffffff-no-rj,138361,https://static-cdn.jtvnw.net/jtv_user_pictures/f8d3e5a8-a0a8-43e9-929e-e9e7085dd374-profile_image-300x300.png
fd7a69505569429fb845ac056825f3a9,12400,455145,https://yt3.ggpht.com/n6eD9K0UXZEGgFyrnNWfaWwDLY8CX58ifobfhakNGOxUybpRp1kHrk8tv0uUNJXPL2ykpnVdRA=s88-c-k-c0x00ffffff-no-rj,,
fd81a8861669442ca49c50bc4cfd4b5e,2820,145251,https://yt3.ggpht.com/-nKKYf7HEczNJ3ydwDm9nEulhyKJVHw-5sqLDtDOUIUdzFmGzm6IS2mqgImZFPW8LUH_b3_m=s88-c-k-c0x00ffffff-no-rj,,
fda1d7f773b04b6898f5180e21e47874,2860,0,https://yt3.ggpht.com/eU-N8GY_bWxymSY2D5ntQ6jCdUgjnSJAHrxeGaaiVHwH5I-sZTdFeicrE6658lhd7tETIEn1ag=s88-c-k-c0x00ffffff-no-rj,,
fdb0805c65e24f13b7f23e50e0db8ae2,405,36059,https://yt3.ggpht.com/a8455Ei2_Co_s2izggcidERiU_6CJY05nkTnAk2vZB9Phr9aQOOAPE21i5gbQjfazp7xpJAo55U=s88-c-k-c0x00ffffff-no-rj,6406,https://static-cdn.jtvnw.net/jtv_user_pictures/d90cc98a-9e94-481b-83d8-a461741734db-profile_image-300x300.png
fdfbb61702604db683986fa8ba14f9dc,67,267,https://yt3.ggpht.com/T_RL0-giTmmct8YlEzCs4fP2ydlP7Mu838D9zAvPXbpkC7D9TAoYno1c4Vhf10k0tQmmIUGadg=s88-c-k-c0x00ffffff-no-rj,187,https://static-cdn.jtvnw.net/jtv_user_pictures/2f814f0a-a4b4-4367-bf00-7d6020842e93-profile_image-300x300.png
fe1304d2a7694657a0922ac4fee53977,183,2761,https://yt3.ggpht.com/bvkLXq74IGx7-VW_OJMIvI-CVf0vrej7cBH5KISJ7fMkw4iJPcGfrLPCEkEur64Bw6V_xA5f2SY=s88-c-k-c0x00ffffff-no-rj,339,https://static-cdn.jtvnw.net/jtv_user_pictures/34ba07d0-2e23-489b-a1b8-fc846d5f01ef-profile_image-300x300.png
fe1abd28f3114015ac31ae1821e8dd3f,26800,708529,https://yt3.ggpht.com/zwOXCB9N4ZkJphXysNn_Z0H7X0gY4udpGiVfrzdrpsOzlRAFL6OEnXi06V7Kw2lPwW22DUo_CP8=s88-c-k-c0x00ffffff-no-rj,2411,https://static-cdn.jtvnw.net/jtv_user_pictures/d399cb40-9c5e-499a-9865-5b6182d5fb68-profile_image-300x300.png
fe1bd62313574733ab86c1a56b7143ab,137,763,https://yt3.ggpht.com/bQyznIqkDenTK50cQEeGZLs9YH51kDGw5jxakf0pbabsC9nya8LQmcue4lK1cHQ7ytmGVFV9=s88-c-k-c0x00ffffff-no-rj,1608,https://static-cdn.jtvnw.net/jtv_user_pictures/eaab4880-2f9d-479e-acb7-6c33005b3e59-profile_image-300x300.png
fe1d3152398b44e39d69f7ef78e73a8c,6620,409793,https://yt3.ggpht.com/MSoEkP5CgiRTFyf1hgHKW4EcqkJiDaU28938WsOJF1QLctGP8D17RukZBmTBguTFAvUdhrL6zg=s88-c-k-c0x00ffffff-no-rj,,
fe555b322c784b5b9c2297c585bc9352,1200,36421,https://yt3.ggpht.com/O59wcDk9uXa0ViOsX9SxeXPPR7hjHsGEP3NjWO0utN2C4mWx1bDCy-UDKJm50qQbt-X8FPZT=s88-c-k-c0x00ffffff-no-rj,,
fe569b0c059e406daf57eb2acd11cc21,23400,1318751,https://yt3.ggpht.com/PN9nuB3QdRfpq7IQPzlN_atLqEM0HBn63lh-qm4MvAvbuvVq8Wc4pyxrg5PV5gmwABtyKaBK4w=s88-c-k-c0x00ffffff-no-rj,,
fe5a0ac164a940c79e430eab9995da2e,1890,180673,https://yt3.ggpht.com/J9exqQBSTdB-x4nJqg80_wk6K63Re6XyieFqC2BMtXO2PgWH3XCFzfoGeqD5IP7_ijFbTttpeg=s88-c-k-c0x00ffffff-no-rj,115,https://static-cdn.jtvnw.net/jtv_user_pictures/dd8df605-4237-4046-87e3-8e9c72ddf605-profile_image-300x300.png
fe5e2d95569c47f29e863a8212ed7c60,1780,62605,https://yt3.ggpht.com/GtN2Gcu5IenvyIagGn6CtB3uCJS2B86TiyS4jVw8-NoB2C9QWSwneU2t0iadWgYYJ9ggb8Y-aw=s88-c-k-c0x00ffffff-no-rj,4165,https://static-cdn.jtvnw.net/jtv_user_pictures/1dd19329-1c50-47d2-abea-78b2f9596080-profile_image-300x300.png
fe62d50e41af4aa29c3e2b0cfc62fb3d,,,,748,https://static-cdn.jtvnw.net/jtv_user_pictures/a5007a93-1c8a-4086-b852-c0bd1c19b9e1-profile_image-300x300.png
fe660ff34f8a41e4ac75bd6f9ac67400,7760,323580,https://yt3.ggpht.com/BdOG3S5QPAobFPIwPTJ1YQNLRCgsAJPQ_O7gVVbvKhlScNdqPNue-118f_fgtWfxOowp1UuO3w=s88-c-k-c0x00ffffff-no-rj,,
fe70a0055df1453a82bea6582d3072fa,934,36363,https://yt3.ggpht.com/xdEBmWSGc1QL8SSKevh4vL9OgMpvKEQ6O3vvdVmn6TZTCsCk8IvnvKdisq2V3f2WDeuyLzGTJA=s88-c-k-c0x00ffffff-no-rj,,
fe8d6fb5e9284433953fb181f0fb20ce,303,3995,https://yt3.ggpht.com/qB-u5Xizt-ODLx8w3HIHQMcmdl6VgM_lZamd09vKriAePSvzzClU_FKyZtciNj7Xgl0DIMQAWw=s88-c-k-c0x00ffffff-no-rj,,
fe8ee7b57ae74a1388127b81b136c7ea,3150,78955,https://yt3.ggpht.com/emmSlOIV42FRa6aQPF7OkocXgttagFq71QRQPk5BIj1W9AaG_SsAIS0SXUcdyzA-MX_5DLlLtQ=s88-c-k-c0x00ffffff-no-rj,437,https://static-cdn.jtvnw.net/jtv_user_pictures/fb6fb986-22cf-4059-9869-8fd25de8ab95-profile_image-300x300.png
febd22ec0bec4ecdbcd383be8c2694c3,6250,0,https://yt3.ggpht.com/FVeaOEU7xxpCBAQby8C9jZqUX1OXKLyb_yKzAxaPR8PzKVA40eYPF_ygltfGPqpxHFRHa3NDfZE=s88-c-k-c0x00ffffff-no-rj,2588,https://static-cdn.jtvnw.net/jtv_user_pictures/276dff12-b39c-4bc5-8673-4c864ee8d1fb-profile_image-300x300.png
fec8644970684cffbbae8dd37a52d59c,159,2945,https://yt3.ggpht.com/jQClz2lUf_KfdOucX646BYwaGrPniQsGF3xfPmNSR_ZKF33egcBAd9b2E5yZWnLl_TB1dZuA=s88-c-k-c0x00ffffff-no-rj,163,https://static-cdn.jtvnw.net/jtv_user_pictures/4e595b7f-f90e-47a4-bf26-24817a32bd47-profile_image-300x300.png
fef1577c0352446c8e371b9fd9e7cc73,123,7214,https://yt3.ggpht.com/ytc/AIdro_lIr5USMtROlJO-RgOUi1RebNM7h8AeZok11nSkrTNsNQ=s88-c-k-c0x00ffffff-no-rj,106,https://static-cdn.jtvnw.net/jtv_user_pictures/4f1eafdd-eb1b-4adf-8f1e-367c3503c121-profile_image-300x300.jpeg
fefbcad20d8344c79c74a103d0ea45b2,10300,268848,https://yt3.ggpht.com/GvTss2X_n-syCZKtKuT-xsRW0znD5p2_fmccyks4ogkrOdkNqncxxUoSccDafDT0mmp32fI5zw=s88-c-k-c0x00ffffff-no-rj,,
ff063abda8d24869b8d34267e673958f,820,0,https://yt3.ggpht.com/ytc/AIdro_nTqdw2Vw5VAkcW9DZAjRqI53ewCujwrbcFNX6BA0KiJA=s88-c-k-c0x00ffffff-no-rj,,
ff445c140e9a4211960268c261e18fba,421,10394,https://yt3.ggpht.com/0Qg49ZcpIWloYOSwgndPUEv5daBHK2vANX1I2K6YNwwFyTfx8yk81D0-09JzyvD7gG3ENAcOkA=s88-c-k-c0x00ffffff-no-rj,1433,https://static-cdn.jtvnw.net/jtv_user_pictures/4f7a3cb1-cb03-46c9-9f55-75efc9644f65-profile_image-300x300.png
ff88906b47654805b8370426415f1183,485,22116,https://yt3.ggpht.com/FVojDgHaNHtBLLoTxxalHS9LDrdtlOd2IsG4sgnYyfMAlpVuIwzM0NaXi3JjC_xWr_83jlbg=s88-c-k-c0x00ffffff-no-rj,1893,https://static-cdn.jtvnw.net/jtv_user_pictures/23fe193f-353f-40ae-8ca3-e28f39bb8184-profile_image-300x300.png
ffa52ddf68ff4b229dc09ad683d9d36d,,,,351,https://static-cdn.jtvnw.net/jtv_user_pictures/81cdd455-59bb-4507-9fcb-b5aaf3dcf78d-profile_image-300x300.png
ffaf6da580a44e11bba9715e3c854958,264,10978,https://yt3.ggpht.com/5Tvq2Yqbh05_MorFcDBT3HlEUJCrpRU3REGApV4nzuclXoP3F1P93aO71zk1pBPzSQ9aNv7H=s88-c-k-c0x00ffffff-no-rj,162,https://static-cdn.jtvnw.net/jtv_user_pictures/d53072d5-9816-4ee1-891e-ce86a6bcc902-profile_image-300x300.png
ffb8b8f15321474a98628cb638631bf1,2830,279219,https://yt3.ggpht.com/0ibrZzfs1z756U80yC8dWANPLZu_N1wtS5CS_pVfAjdn60D9m2arXNEmwzy7bA34TfiHzKQcoQ=s88-c-k-c0x00ffffff-no-rj,,
ffdc53dc3c764656a2f76031ee262b60,525,7148,https://yt3.ggpht.com/S-cuzxvCRCGa58QRSJfHnq3TuBQQRgIncN3dQv_2-rIWH01O7qllT8UY7XbVelQzmKV7QU2rpw=s88-c-k-c0x00ffffff-no-rj,246,https://static-cdn.jtvnw.net/jtv_user_pictures/99263c95-eff7-4182-918d-dcaf524afd24-profile_image-300x300.png
ffe6a7983e434702a68fe18c169e3164,924,29750,https://yt3.ggpht.com/1qabPgr5IuMCdHeIzcezRoK6SYBuwx7ZnT9WIS1mNLC31DkHT9eOM6g1ajQn9GRxTt9FEIHliA=s88-c-k-c0x00ffffff-no-rj,361,https://static-cdn.jtvnw.net/jtv_user_pictures/2d541dc4-2449-49e2-a580-93924e6d33dc-profile_image-300x300.png
fff74fa431cd4468b177675010504ee1,969,19001,https://yt3.ggpht.com/neqp3MaQ4zvSLKC2muKj58oziXiUgj3B5gVtm_ipXAGPEnU_uz-um8MhNyOMRRgqYIYn5WhtUg=s88-c-k-c0x00ffffff-no-rj,194,https://static-cdn.jtvnw.net/jtv_user_pictures/68da13aa-cdec-44a1-9a89-908c2bfe097a-profile_image-300x300.png
fffd31d236a2479c9070bcc171bdc13d,6380,156186,https://yt3.ggpht.com/UtLCqPztyJyrOoB8RWS07W0gNDxmIFA-lWHtW_hSEsnn94Hpc96k6sogdS3YrUDI0m3dggFEYPg=s88-c-k-c0x00ffffff-no-rj,,
