VTuber ID,View Count,Title,Publish Time,URL,Thumbnail URL
1c5619a4ece046dd8ba68ed343489ca3,389912,【中國不敢打台灣！真正的原因💥】原來是台灣戰鬥雞太強啦❗❗,2024-09-22T09:03:46Z,https://www.youtube.com/watch?v=ULtlPiP5IUA,https://i.ytimg.com/vi/ULtlPiP5IUA/mqdefault.jpg
1c5619a4ece046dd8ba68ed343489ca3,296085,【黑中國:掏空💥】台灣唐三藏舉發→習近平讓人民月拿1千元「洗腦中國人故事❗」｜沒有黑神話悟空,2024-09-04T10:21:39Z,https://www.youtube.com/watch?v=tiDQiu0UWQM,https://i.ytimg.com/vi/tiDQiu0UWQM/mqdefault.jpg
d837e8fda137492c9d77882b98ff863a,251793,Vtuber上新聞、發現小編竟是粉絲？！ #真理果 #台v #vtuber,2024-09-05T09:30:07Z,https://www.youtube.com/watch?v=NjuggjWh5T0,https://i.ytimg.com/vi/NjuggjWh5T0/mqdefault.jpg
7c06b9e316ce4ac18ce836cd72442bbe,250551,胖次看習慣的學長 #shorts,2024-09-10T11:53:06Z,https://www.youtube.com/watch?v=4pq8tCviqfQ,https://i.ytimg.com/vi/4pq8tCviqfQ/mqdefault.jpg
2741a90689f342548daad7f760b0a8f7,222336,拜託獸控們不要那麼誇張...#shorts #short,2024-09-02T13:53:17Z,https://www.youtube.com/watch?v=gBLoO0BYiG0,https://i.ytimg.com/vi/gBLoO0BYiG0/mqdefault.jpg
d837e8fda137492c9d77882b98ff863a,177373,Vtuber不小心造成排隊熱潮竟是因為…？！ #台v #vtuber #真理果,2024-09-03T09:30:05Z,https://www.youtube.com/watch?v=Gozd0OjqSn0,https://i.ytimg.com/vi/Gozd0OjqSn0/mqdefault.jpg
d837e8fda137492c9d77882b98ff863a,171300,Vtuber媽媽打字太慢只好破門而入？！ #真理果 #台v #vtuber,2024-09-09T09:30:09Z,https://www.youtube.com/watch?v=VYUZ76dw2gU,https://i.ytimg.com/vi/VYUZ76dw2gU/mqdefault.jpg
2741a90689f342548daad7f760b0a8f7,141281,只要甲就可以讓一切紛爭結束..#shorts,2024-09-22T17:50:02Z,https://www.youtube.com/watch?v=hANedK53Y0o,https://i.ytimg.com/vi/hANedK53Y0o/mqdefault.jpg
d837e8fda137492c9d77882b98ff863a,140754,你們記得這個Vtuber會畫畫嗎? #台v #真理果 #vtuber,2024-09-15T09:30:02Z,https://www.youtube.com/watch?v=7ExHoBd1e44,https://i.ytimg.com/vi/7ExHoBd1e44/mqdefault.jpg
d837e8fda137492c9d77882b98ff863a,139595,Vtuber抓到媽媽偷看自己的直播！？ #真理果 #台v #vtuber,2024-09-11T09:30:13Z,https://www.youtube.com/watch?v=hZkaAIFEQJs,https://i.ytimg.com/vi/hZkaAIFEQJs/mqdefault.jpg
d837e8fda137492c9d77882b98ff863a,136459,Vtuber為了結婚中止活動？！ #台v #vtuber #真理果,2024-09-13T09:30:22Z,https://www.youtube.com/watch?v=v1OxO04Ho2g,https://i.ytimg.com/vi/v1OxO04Ho2g/mqdefault.jpg
fd6a0236861940389e15ef85b16c6069,135392,烟花－0907－人生第一次長針眼，早起點早餐小開，晚上會再開｜九月訂閱者福利已經上Dc囉🪄︎︎◝✩ !who !周邊,2024-09-07T00:15:10Z,https://www.twitch.tv/videos/2244504745,https://static-cdn.jtvnw.net/cf_vods/d3vd9lfkzbru3h/4b690ae61da4486944bd_hennie2001_41575920615_1725668101//thumb/thumb0-%{width}x%{height}.jpg
d837e8fda137492c9d77882b98ff863a,123269,Vtuber被媽媽說沒人氣？！ #真理果 #vtuber #台v,2024-09-17T09:30:28Z,https://www.youtube.com/watch?v=npkw2ynt3nA,https://i.ytimg.com/vi/npkw2ynt3nA/mqdefault.jpg
fd6a0236861940389e15ef85b16c6069,122571,烟花－0909－8:00永恆輪迴G丸，今天９９！！！｜9月訂閱打折🪄︎︎◝✩ !who !周邊,2024-09-09T11:13:15Z,https://www.twitch.tv/videos/2246612686,https://static-cdn.jtvnw.net/cf_vods/d3vd9lfkzbru3h/68b2f251057a717bc92d_hennie2001_41582159911_1725880386//thumb/thumb0-%{width}x%{height}.jpg
e150e350532b4327b26989dd43cd3bad,120739,【艾比官方精華】每個月要幾次才合理 !?  #vtuber #shorts #vtuberclip #台V #vtuber中文  | 艾比 . Rabi Ch,2024-09-07T02:00:13Z,https://www.youtube.com/watch?v=IfnOc7JuJfY,https://i.ytimg.com/vi/IfnOc7JuJfY/mqdefault.jpg
f6a4e7aa8d0c4e5cb39d199845ec4d02,120109,Vtuber挑戰帥到掉渣的死恃舞bye bye bye #byebyebye #deadpool,2024-09-08T04:00:00Z,https://www.youtube.com/watch?v=01lzGq9OKPw,https://i.ytimg.com/vi/01lzGq9OKPw/mqdefault.jpg
d837e8fda137492c9d77882b98ff863a,118507,【十萬訂閱露臉Q&A】三次元露出注意。✧ 真理果Marika,2024-09-19T13:22:12Z,https://www.youtube.com/watch?v=7AyOru7J5_k,https://i.ytimg.com/vi/7AyOru7J5_k/mqdefault.jpg
abd64c9a64e04fb1b23faa2480c1c106,108071,小情侶在湖邊快樂玩水❤但好像有怪東西混進去...爸爸 ! ?🤣,2024-09-20T10:39:32Z,https://www.youtube.com/watch?v=gbn6rdIZUTw,https://i.ytimg.com/vi/gbn6rdIZUTw/mqdefault.jpg
d837e8fda137492c9d77882b98ff863a,106702,Vtuber哥哥生活動力是妹妹的觀眾？！ #真理果 #vtuber #台V,2024-09-29T09:30:13Z,https://www.youtube.com/watch?v=Pk3wmxZje9A,https://i.ytimg.com/vi/Pk3wmxZje9A/mqdefault.jpg
0641a9c8b9a94994aaa33e0c86fef75b,101246,你夢到什麼一定就是你有想過 這是真ㄉ #vtuber #shorts #台V #vtuberclip #vtuber中文 #kuromu #kuromulive #解夢,2024-09-13T09:00:40Z,https://www.youtube.com/watch?v=bypCmYrKmQQ,https://i.ytimg.com/vi/bypCmYrKmQQ/mqdefault.jpg
d837e8fda137492c9d77882b98ff863a,99168,閨蜜無法成為Vtuber的原因：太有錢？！ #vtuber #真理果 #台v,2024-09-19T09:30:18Z,https://www.youtube.com/watch?v=toPPlcQyPY8,https://i.ytimg.com/vi/toPPlcQyPY8/mqdefault.jpg
f6a4e7aa8d0c4e5cb39d199845ec4d02,97640,9/17 中秋快樂 | !周邊 !3C !咪嚕娃娃 @vtuber_amiru,2024-09-17T06:46:51Z,https://www.twitch.tv/videos/2253216458,https://static-cdn.jtvnw.net/cf_vods/d2nvs31859zcd8/deeb41d89901eeda7647_vtuber_amiru_44825932523_1726555605//thumb/thumb0-%{width}x%{height}.jpg
2741a90689f342548daad7f760b0a8f7,96403,南門的英文聽起來好像...?#shorts #short,2024-09-12T16:59:44Z,https://www.youtube.com/watch?v=Iuq_C9vKHA0,https://i.ytimg.com/vi/Iuq_C9vKHA0/mqdefault.jpg
5535c9524eb046c38e172ebfa06b302f,94439,【星穹鐵道】🚀飛霄 [培養全攻略]▸究極對單大C！無視弱點超爽快追擊！搭配知更鳥怎麼抽？光錐/遺器/配隊/畢業面板/星魂推薦 ▹璐洛洛◃,2024-09-10T14:50:22Z,https://www.youtube.com/watch?v=0dWBRDXPeBM,https://i.ytimg.com/vi/0dWBRDXPeBM/mqdefault.jpg
2741a90689f342548daad7f760b0a8f7,93246,讓VTuber來幫你做工程數學的作業吧！（被二一）#shorts,2024-09-24T19:06:49Z,https://www.youtube.com/watch?v=TGKpJTxjx98,https://i.ytimg.com/vi/TGKpJTxjx98/mqdefault.jpg
f6a4e7aa8d0c4e5cb39d199845ec4d02,91785,9/4 明天有重要的錄音 切勿讓主播大吼大叫 | !周邊 !3C !咪嚕娃娃 @vtuber_amiru,2024-09-04T08:36:47Z,https://www.twitch.tv/videos/2242236420,https://static-cdn.jtvnw.net/cf_vods/d3vd9lfkzbru3h/bfe8be83efa7f95521b6_vtuber_amiru_41569193527_1725439001//thumb/thumb0-%{width}x%{height}.jpg
fd6a0236861940389e15ef85b16c6069,91414,烟花－0915－ 要比賽緊張得沒睡好wawa｜9月訂閱打折🪄︎︎◝✩ !who !周邊,2024-09-15T07:48:03Z,https://www.twitch.tv/videos/2251582481,https://static-cdn.jtvnw.net/cf_vods/d3vd9lfkzbru3h/d1b855e4fda90a15087a_hennie2001_41596415831_1726386477//thumb/thumb0-%{width}x%{height}.jpg
d837e8fda137492c9d77882b98ff863a,91073,Vtuber不按讚留言的原因竟是因為？！ #真理果 #vtuber #台v,2024-09-07T09:30:30Z,https://www.youtube.com/watch?v=v5T1MM0khco,https://i.ytimg.com/vi/v5T1MM0khco/mqdefault.jpg
fd6a0236861940389e15ef85b16c6069,90560,"烟花－0928－麥塊有好多代辦事項,晚上11點開玩七日世界 ꜀(^. .^꜀ )꜆੭｜9月訂閱打折🪄︎︎◝✩ !who",2024-09-29T09:00:45Z,https://www.twitch.tv/videos/2263248502,https://static-cdn.jtvnw.net/cf_vods/d3vd9lfkzbru3h/6f45c67b289e29c41cc9_hennie2001_41625700199_1727600438//thumb/thumb0-%{width}x%{height}.jpg
fd6a0236861940389e15ef85b16c6069,90475,烟花－0904－八點G丸.ᐟ.ᐟ 大家都勤奮練習媽媽咪呀｜九月訂閱者福利已經上Dc囉🪄︎︎◝✩ !who !周邊,2024-09-04T11:01:50Z,https://www.twitch.tv/videos/2242281625,https://static-cdn.jtvnw.net/cf_vods/d3vd9lfkzbru3h/ef44756659ad1ed6113b_hennie2001_41569510423_1725447704//thumb/thumb0-%{width}x%{height}.jpg
2741a90689f342548daad7f760b0a8f7,88104,我喜歡毛毛的   #shorts #short,2024-09-16T13:46:52Z,https://www.youtube.com/watch?v=Hqi5xDlRbRo,https://i.ytimg.com/vi/Hqi5xDlRbRo/mqdefault.jpg
2741a90689f342548daad7f760b0a8f7,86502,我們就是有這種世俗的想法才會不能出家..#shorts #short,2024-09-08T13:10:51Z,https://www.youtube.com/watch?v=3PGgNu76icI,https://i.ytimg.com/vi/3PGgNu76icI/mqdefault.jpg
fa5a7cdc259543259af42bb23f1e4041,84347,通靈畫畫大挑戰7 FT.@Jia0bana #vtuber,2024-09-15T10:55:10Z,https://www.youtube.com/watch?v=C-g2fhoJUC4,https://i.ytimg.com/vi/C-g2fhoJUC4/mqdefault.jpg
5535c9524eb046c38e172ebfa06b302f,83484,飛霄的３個隱藏成就？還有『彥卿隱藏頭像』可以拿！ #崩壞星穹鐵道 #honkaistarrail #Feixiao #璐洛洛,2024-09-11T12:47:14Z,https://www.youtube.com/watch?v=eDZ0mdHBv2w,https://i.ytimg.com/vi/eDZ0mdHBv2w/mqdefault.jpg
15c9a54b946a40c38c07ea2f9efddfa5,82480,【煌Kirali】我是人妻系Vtuber #vtuber #shorts,2024-09-08T10:00:13Z,https://www.youtube.com/watch?v=GiPuveBoF-c,https://i.ytimg.com/vi/GiPuveBoF-c/mqdefault.jpg
f6a4e7aa8d0c4e5cb39d199845ec4d02,82290,9/22 下雨天 | !周邊 !3C !咪嚕娃娃 @vtuber_amiru,2024-09-22T06:09:31Z,https://www.twitch.tv/videos/2257390235,https://static-cdn.jtvnw.net/cf_vods/d3vd9lfkzbru3h/267cd058eb0a9b1ea358_vtuber_amiru_41608605303_1726985364//thumb/thumb0-%{width}x%{height}.jpg
d837e8fda137492c9d77882b98ff863a,80970,Vtuber被粉絲到處留言招黑？！ #真理果 #台v #vtuber,2024-09-23T09:30:11Z,https://www.youtube.com/watch?v=RIuFwaU_XsQ,https://i.ytimg.com/vi/RIuFwaU_XsQ/mqdefault.jpg
fd6a0236861940389e15ef85b16c6069,80628,"烟花－0927－團練完惹,我想要拿到獨特裝備Day2 ꜀(^. .^꜀ )꜆੭｜9月訂閱打折🪄︎︎◝✩ !who",2024-09-26T18:04:34Z,https://www.twitch.tv/videos/2260981442,https://static-cdn.jtvnw.net/cf_vods/d3vd9lfkzbru3h/bc4ae7b0207f90e6ad9e_hennie2001_41619603703_1727373865//thumb/thumb0-%{width}x%{height}.jpg
15c9a54b946a40c38c07ea2f9efddfa5,79776,【煌Kirali】激怒李帷第七集正式上線 前提是隊長有起床,2024-09-05T08:38:03Z,https://www.twitch.tv/videos/2243085297,https://static-cdn.jtvnw.net/cf_vods/d3vd9lfkzbru3h/cd067b20e5b24e5437d7_kirali_neon_41571624375_1725525475//thumb/thumb0-%{width}x%{height}.jpg
d837e8fda137492c9d77882b98ff863a,79432,馬桶系Vtuber你看過嗎？ #台v #真理果 #vtuber,2024-09-21T09:30:05Z,https://www.youtube.com/watch?v=G6EyvzYt2BI,https://i.ytimg.com/vi/G6EyvzYt2BI/mqdefault.jpg
2741a90689f342548daad7f760b0a8f7,79071,早餐店大冰奶笑話3連發..#shorts #short,2024-09-26T14:10:00Z,https://www.youtube.com/watch?v=3ARRPOcI6eg,https://i.ytimg.com/vi/3ARRPOcI6eg/mqdefault.jpg
fd6a0236861940389e15ef85b16c6069,78100,烟花－0908－今天一樣原神啟動後苦心團練｜九月訂閱者福利已經上Dc囉🪄︎︎◝✩ !who !周邊,2024-09-08T10:59:39Z,https://www.twitch.tv/videos/2245772323,https://static-cdn.jtvnw.net/cf_vods/d3vd9lfkzbru3h/990fb663ac0cd72dc366_hennie2001_41579827591_1725793170//thumb/thumb0-%{width}x%{height}.jpg
6bd49f94afb144e995247388ca8c42a8,76571,【橙Yuzumi】 欸胚可思 ｜ @yuzumi_neon  !隊友  !手機殼 !LINE貼圖 !ff43,2024-09-08T06:05:31Z,https://www.twitch.tv/videos/2245659843,https://static-cdn.jtvnw.net/cf_vods/d3vd9lfkzbru3h/f19f771f5314225c34d0_yuzumi_neon_41579223015_1725775522//thumb/thumb0-%{width}x%{height}.jpg
6bd49f94afb144e995247388ca8c42a8,74819,【橙Yuzumi】瑞杏盃 #灰薔橙肯   ｜ @yuzumi_neon  !瑞杏盃隊友  !手機殼 !LINE貼圖,2024-09-15T07:46:01Z,https://www.twitch.tv/videos/2251581803,https://static-cdn.jtvnw.net/cf_vods/d3vd9lfkzbru3h/b7d1d10977a20cf7aeb4_yuzumi_neon_41596411655_1726386355//thumb/thumb0-%{width}x%{height}.jpg
2741a90689f342548daad7f760b0a8f7,74207,怎麼可能連個臉盆都丟不過去呢哈哈哈...#shorts #short,2024-09-03T14:04:38Z,https://www.youtube.com/watch?v=AocrMVW6-gQ,https://i.ytimg.com/vi/AocrMVW6-gQ/mqdefault.jpg
15c9a54b946a40c38c07ea2f9efddfa5,73983,【煌Kirali】我來了！！！！中秋節快樂！！,2024-09-17T10:01:04Z,https://www.twitch.tv/videos/2253271914,https://static-cdn.jtvnw.net/cf_vods/d2nvs31859zcd8/69900604c42db6323823_kirali_neon_44826491131_1726567259//thumb/thumb0-%{width}x%{height}.jpg
7c06b9e316ce4ac18ce836cd72442bbe,72898,集合啦！曹氏宗親會~ #shorts,2024-09-07T10:44:48Z,https://www.youtube.com/watch?v=fu2Ls-w_J3k,https://i.ytimg.com/vi/fu2Ls-w_J3k/mqdefault.jpg
bafb134fd2f849898d6242d1f5f683cc,72781,【09.12】估躁乏味的練槍／!指令 !抖影片,2024-09-12T05:46:51Z,https://www.twitch.tv/videos/2248985590,https://static-cdn.jtvnw.net/cf_vods/d3vd9lfkzbru3h/026ad7048373dc56254d_nemesisxdfp_41588665815_1726120004//thumb/thumb0-%{width}x%{height}.jpg
d837e8fda137492c9d77882b98ff863a,71880,我不相信只有我會放屁給家人聽！！ #真理果 #台v #vtuber,2024-09-27T09:30:04Z,https://www.youtube.com/watch?v=GyGqVGqL9_s,https://i.ytimg.com/vi/GyGqVGqL9_s/mqdefault.jpg
2741a90689f342548daad7f760b0a8f7,71635,甲蛙跟乙蛙比賽誰更會叫請問誰會贏？#shorts,2024-09-20T17:14:24Z,https://www.youtube.com/watch?v=fcloc3HsLXs,https://i.ytimg.com/vi/fcloc3HsLXs/mqdefault.jpg
f6a4e7aa8d0c4e5cb39d199845ec4d02,71470,9/15 瑞杏盃 - 唯悠魔儲義生杏福 | !周邊 !3C !咪嚕娃娃 @vtuber_amiru,2024-09-15T07:15:28Z,https://www.twitch.tv/videos/2251571232,https://static-cdn.jtvnw.net/cf_vods/d3vd9lfkzbru3h/b9e4d10a3ae125f773f9_vtuber_amiru_41596351415_1726384522//thumb/thumb0-%{width}x%{height}.jpg
a6a4e83ae23140e6bd1f7c817af8f864,70341,知名台V居然買網軍⁉️看到這幕觀眾都崩潰了【露熙妲 Luxida】#vtuber精華 #shorts,2024-09-22T13:05:20Z,https://www.youtube.com/watch?v=XIKSq-_7-4Y,https://i.ytimg.com/vi/XIKSq-_7-4Y/mqdefault.jpg
2741a90689f342548daad7f760b0a8f7,70151,沒瘋也會被你們搞瘋 #shorts #short,2024-09-04T14:15:50Z,https://www.youtube.com/watch?v=IcxCKxazL0E,https://i.ytimg.com/vi/IcxCKxazL0E/mqdefault.jpg
5535c9524eb046c38e172ebfa06b302f,68628,🔴AR60 ASIA【#原神 / Genshin】5.1前瞻直播一起看！希諾寧要來啦！看看還有什麼改動？☺️ ▹璐洛洛◃,2024-09-27T13:22:06Z,https://www.youtube.com/watch?v=wuDydxaHctE,https://i.ytimg.com/vi/wuDydxaHctE/mqdefault.jpg
fd6a0236861940389e15ef85b16c6069,68593,烟花－0919－等等8點恐怖遊戲 ꜀(^. .^꜀ )꜆੭｜9月訂閱打折🪄︎︎◝✩ !who !周邊,2024-09-19T11:05:52Z,https://www.twitch.tv/videos/2254930122,https://static-cdn.jtvnw.net/cf_vods/d3vd9lfkzbru3h/e5dcdb3442c2eaa5118b_hennie2001_41601751095_1726743946//thumb/thumb0-%{width}x%{height}.jpg
14a9a08fbdc641e8ac8c384dedfccf0a,68381,迷醉 Sangria - 朔Sakuro【Official Music Video】,2024-09-06T13:45:07Z,https://www.youtube.com/watch?v=qJlkfJj4pds,https://i.ytimg.com/vi/qJlkfJj4pds/mqdefault.jpg
c82ab1b4f8f64d1f84cae4ce09aa0dea,68327,【3D初披露】各位！我要動起來啦！｜汐Seki,2024-09-28T14:17:49Z,https://www.youtube.com/watch?v=q7mjNP-Za_k,https://i.ytimg.com/vi/q7mjNP-Za_k/mqdefault.jpg
15c9a54b946a40c38c07ea2f9efddfa5,67650,【煌Kirali】激怒李帷最後一集上映,2024-09-15T06:05:47Z,https://www.twitch.tv/videos/2251544233,https://static-cdn.jtvnw.net/cf_vods/d3vd9lfkzbru3h/a4a4c0e07d7f3c6bd618_kirali_neon_41596207207_1726380341//thumb/thumb0-%{width}x%{height}.jpg
2741a90689f342548daad7f760b0a8f7,66861,欸不是你自己想看就說啊 #short #short,2024-09-10T15:29:19Z,https://www.youtube.com/watch?v=d47zF5j-3Gk,https://i.ytimg.com/vi/d47zF5j-3Gk/mqdefault.jpg
c540124532e14ceb8e9ffc654a0ec4c9,66012,【爆笑實況精華】這裡真的釣不膩...｜#apex實況 #apex精華 #直播 #vtuber #台v #台灣vtuber #apex英雄,2024-09-24T10:00:51Z,https://www.youtube.com/watch?v=o2D-lM8xIS8,https://i.ytimg.com/vi/o2D-lM8xIS8/mqdefault.jpg
fd6a0236861940389e15ef85b16c6069,65316,烟花－0912－ 羊群被關進APEX牢籠了｜9月訂閱打折🪄︎︎◝✩ !who !周邊,2024-09-12T10:50:34Z,https://www.twitch.tv/videos/2249075376,https://static-cdn.jtvnw.net/cf_vods/d3vd9lfkzbru3h/7d7939de400867944615_hennie2001_41589210439_1726138229//thumb/thumb0-%{width}x%{height}.jpg
f6a4e7aa8d0c4e5cb39d199845ec4d02,64324,9/1 AA  | !周邊 !3C !咪嚕娃娃 @vtuber_amiru,2024-09-02T13:48:11Z,https://www.twitch.tv/videos/2240648270,https://static-cdn.jtvnw.net/cf_vods/d3vd9lfkzbru3h/e799e344f63b426923da_vtuber_amiru_41565039095_1725284882//thumb/thumb0-%{width}x%{height}.jpg
5535c9524eb046c38e172ebfa06b302f,63925,【原神研究室】基尼奇😎培養放大鏡▸大數字核爆草C！抽取前務必考慮的問題？火神出來前「燃燒/烈綻放隊伍」怎麼組？機制解析/聖遺物/武器/命座/畢業面板! ▹璐洛洛◃,2024-09-18T15:00:27Z,https://www.youtube.com/watch?v=Etvvz_fD2bE,https://i.ytimg.com/vi/Etvvz_fD2bE/mqdefault.jpg
f6a4e7aa8d0c4e5cb39d199845ec4d02,63910,9/14 痛痛人 | !周邊 !3C !咪嚕娃娃 @vtuber_amiru,2024-09-14T09:37:37Z,https://www.twitch.tv/videos/2250743117,https://static-cdn.jtvnw.net/cf_vods/d3vd9lfkzbru3h/e8861000054d64878634_vtuber_amiru_41594052215_1726306650//thumb/thumb0-%{width}x%{height}.jpg
f6a4e7aa8d0c4e5cb39d199845ec4d02,63693,9/19 我超笨的辣== | !周邊 !3C !咪嚕娃娃 @vtuber_amiru,2024-09-19T08:48:30Z,https://www.twitch.tv/videos/2254888625,https://static-cdn.jtvnw.net/cf_vods/d3vd9lfkzbru3h/e2c55cb3208b65511e66_vtuber_amiru_41601467575_1726735701//thumb/thumb0-%{width}x%{height}.jpg
0641a9c8b9a94994aaa33e0c86fef75b,63469,幹幻想文看太多ㄉ下場就是這樣 真的別再給我ㄌ #vtuber #shorts #台V #vtuberclip #vtuber中文 #kuromu #kuromulive #幻想文,2024-09-18T09:00:02Z,https://www.youtube.com/watch?v=2168Pxu-o9w,https://i.ytimg.com/vi/2168Pxu-o9w/mqdefault.jpg
2741a90689f342548daad7f760b0a8f7,63356,亞洲父母簽聯絡簿be like :       #shorts #short,2024-09-18T17:28:28Z,https://www.youtube.com/watch?v=2KT96XydMZk,https://i.ytimg.com/vi/2KT96XydMZk/mqdefault.jpg
0641a9c8b9a94994aaa33e0c86fef75b,63314,不管是喜歡女裝喜歡py喜歡各種有的沒的在我們這都是沒關係ㄉ #vtuber #shorts #台V #vtuberclip #vtuber中文 #kuromu #kuromulive #女裝,2024-09-23T09:00:08Z,https://www.youtube.com/watch?v=9TV1btXn24M,https://i.ytimg.com/vi/9TV1btXn24M/mqdefault.jpg
6bd49f94afb144e995247388ca8c42a8,62908,【橙Yuzumi】聊天+天臺 ｜ @yuzumi_neon   !手機殼 !LINE貼圖 !ff43,2024-09-05T10:04:13Z,https://www.twitch.tv/videos/2243110354,https://static-cdn.jtvnw.net/cf_vods/d3vd9lfkzbru3h/9cb114b0f2b530147fc5_yuzumi_neon_41571797047_1725530646//thumb/thumb0-%{width}x%{height}.jpg
bafb134fd2f849898d6242d1f5f683cc,62082,【09.09】今天團練！／!指令 !抖影片,2024-09-09T09:05:02Z,https://www.twitch.tv/videos/2246572631,https://static-cdn.jtvnw.net/cf_vods/d3vd9lfkzbru3h/a539a02c858742d4438a_nemesisxdfp_41581880871_1725872695//thumb/thumb0-%{width}x%{height}.jpg
bafb134fd2f849898d6242d1f5f683cc,61958,【09.21】周末下雨好開心-w-／!指令 !抖影片,2024-09-21T05:34:47Z,https://www.twitch.tv/videos/2256494827,https://static-cdn.jtvnw.net/cf_vods/d3vd9lfkzbru3h/a188a2ecc309fe482930_nemesisxdfp_41606040775_1726896880//thumb/thumb0-%{width}x%{height}.jpg
247215e876d24dae9932464b75fc577c,60836,【DATEN ROUTE】#datenroute #vtuber #meme,2024-09-14T13:00:29Z,https://www.youtube.com/watch?v=NOPMWApK4k8,https://i.ytimg.com/vi/NOPMWApK4k8/mqdefault.jpg
fd6a0236861940389e15ef85b16c6069,60817,烟花－0923－我竟然無意識睡兩小時起床打瓦 ꜀(^. .^꜀ )꜆੭｜9月訂閱打折🪄︎︎◝✩ !who,2024-09-23T21:27:08Z,https://www.twitch.tv/videos/2258700401,https://static-cdn.jtvnw.net/cf_vods/d3vd9lfkzbru3h/410256d700dcd69cb4ef_hennie2001_41612814855_1727126820//thumb/thumb0-%{width}x%{height}.jpg
15c9a54b946a40c38c07ea2f9efddfa5,60561,【煌Kirali】我被海風吹回家了,2024-09-14T10:30:51Z,https://www.twitch.tv/videos/2250762234,https://static-cdn.jtvnw.net/cf_vods/d3vd9lfkzbru3h/2e44d2dc5cb28bc32dc2_kirali_neon_41594162343_1726309845//thumb/thumb0-%{width}x%{height}.jpg
6bd49f94afb144e995247388ca8c42a8,60188,【橙Yuzumi】 被抓來玩遊戲 ｜ @yuzumi_neon  !手機殼 !LINE貼圖,2024-09-16T11:39:09Z,https://www.twitch.tv/videos/2252491047,https://static-cdn.jtvnw.net/cf_vods/d3vd9lfkzbru3h/d9b753a79b5e600db7ea_yuzumi_neon_41599402983_1726486743//thumb/thumb0-%{width}x%{height}.jpg
fd6a0236861940389e15ef85b16c6069,60165,烟花－0928－團練到6點比賽 ꜀(^. .^꜀ )꜆੭｜9月訂閱打折🪄︎︎◝✩ !who,2024-09-28T07:32:56Z,https://www.twitch.tv/videos/2262344786,https://static-cdn.jtvnw.net/cf_vods/d3vd9lfkzbru3h/4b24501002375473537c_hennie2001_41623018983_1727508769//thumb/thumb0-%{width}x%{height}.jpg
f6a4e7aa8d0c4e5cb39d199845ec4d02,60058,9/5 NOTD | !周邊 !3C !咪嚕娃娃 @vtuber_amiru,2024-09-05T12:18:12Z,https://www.twitch.tv/videos/2243161170,https://static-cdn.jtvnw.net/cf_vods/d3vd9lfkzbru3h/7f5508f3b4b37fd07fd4_vtuber_amiru_41572188983_1725538685//thumb/thumb0-%{width}x%{height}.jpg
e93bd1102e214cbaa71cc5b2e4a53595,59732,﹝中/日ok﹞ 先讓自己醒 午安░ !指令 !連動中 !瑞杏盃,2024-09-14T07:11:11Z,https://www.twitch.tv/videos/2250693117,https://static-cdn.jtvnw.net/cf_vods/d3vd9lfkzbru3h/b3551c923b0338b06ca1_earendelxdfp_41593760247_1726297864//thumb/thumb0-%{width}x%{height}.jpg
d837e8fda137492c9d77882b98ff863a,59288,Vtuber看觀眾搜尋紀錄看到…館長？！ #vtuber #真理果 #台v,2024-10-01T09:30:11Z,https://www.youtube.com/watch?v=XVgJqiS8k50,https://i.ytimg.com/vi/XVgJqiS8k50/mqdefault.jpg
14a9a08fbdc641e8ac8c384dedfccf0a,59257,【初配信】嗯？聽說這裡有人要委託？【朔Sakuro】,2024-09-06T14:09:55Z,https://www.youtube.com/watch?v=7JVtoikaqeU,https://i.ytimg.com/vi/7JVtoikaqeU/mqdefault.jpg
7c06b9e316ce4ac18ce836cd72442bbe,58985,義大利麵不能折 #shorts,2024-09-06T04:54:01Z,https://www.youtube.com/watch?v=GU87HD-g4ug,https://i.ytimg.com/vi/GU87HD-g4ug/mqdefault.jpg
fd6a0236861940389e15ef85b16c6069,58636,烟花－0914－ 明天要比賽了WAWA｜9月訂閱打折🪄︎︎◝✩ !who !周邊,2024-09-14T09:04:55Z,https://www.twitch.tv/videos/2250732017,https://static-cdn.jtvnw.net/cf_vods/d3vd9lfkzbru3h/bdcaa075c4889a0c4e24_hennie2001_41593986999_1726304688//thumb/thumb0-%{width}x%{height}.jpg
fd6a0236861940389e15ef85b16c6069,58289,烟花－0917－中秋恐怖遊戲環節 ꜀(^. .^꜀ )꜆੭｜9月訂閱打折🪄︎︎◝✩ !who !周邊,2024-09-17T12:00:11Z,https://www.twitch.tv/videos/2253314436,https://static-cdn.jtvnw.net/cf_vods/d2nvs31859zcd8/37abf0fc809f1c97aa8e_hennie2001_44826912699_1726574407//thumb/thumb0-%{width}x%{height}.jpg
f6a4e7aa8d0c4e5cb39d199845ec4d02,57892,9/27 每天進步一點點 | !周邊 !3C !咪嚕娃娃 @vtuber_amiru,2024-09-27T07:32:53Z,https://www.twitch.tv/videos/2261487046,https://static-cdn.jtvnw.net/cf_vods/d3vd9lfkzbru3h/add24b9e5c01235a3ad3_vtuber_amiru_41620491431_1727422367//thumb/thumb0-%{width}x%{height}.jpg
f6a4e7aa8d0c4e5cb39d199845ec4d02,56902,9/12 腰痛人 | !周邊 !3C !咪嚕娃娃 @vtuber_amiru,2024-09-12T10:28:55Z,https://www.twitch.tv/videos/2249068753,https://static-cdn.jtvnw.net/cf_vods/d3vd9lfkzbru3h/7bba0935a9f2f31bfcca_vtuber_amiru_41589159655_1726136927//thumb/thumb0-%{width}x%{height}.jpg
f6a4e7aa8d0c4e5cb39d199845ec4d02,56628,9/26 【TGS同步視聽】TGS2024 CAPCOM ONLINE PROGRAM #CapcomTGS2024 | !周邊 !3C !咪嚕娃娃 @vtuber_amiru,2024-09-26T12:49:32Z,https://www.twitch.tv/videos/2260782063,https://static-cdn.jtvnw.net/cf_vods/d3vd9lfkzbru3h/8ca972e142c19059a87c_vtuber_amiru_41618905175_1727354964//thumb/thumb0-%{width}x%{height}.jpg
f110fd69b66941bab04de9ada563c6ac,56291,【3Dio FS XLR】１星負評！最糟糕的看診體驗 ♡♡♡｜看診方式全依照護士心情～【AoiHinamori】,2024-09-18T17:45:32Z,https://www.youtube.com/watch?v=FWRY6wzstEM,https://i.ytimg.com/vi/FWRY6wzstEM/mqdefault.jpg
f6a4e7aa8d0c4e5cb39d199845ec4d02,55724,9/23 修行 | !周邊 !3C !咪嚕娃娃 @vtuber_amiru,2024-09-23T06:18:38Z,https://www.twitch.tv/videos/2258236847,https://static-cdn.jtvnw.net/cf_vods/d3vd9lfkzbru3h/9da915561dd5e3a685d5_vtuber_amiru_41611087575_1727072312//thumb/thumb0-%{width}x%{height}.jpg
d837e8fda137492c9d77882b98ff863a,55027,【真理果精華】賣瑟養嘎新衣裝！？終於可以擺脫小丑標籤了？,2024-09-08T11:20:21Z,https://www.youtube.com/watch?v=Hy-Ww2VqowA,https://i.ytimg.com/vi/Hy-Ww2VqowA/mqdefault.jpg
f6a4e7aa8d0c4e5cb39d199845ec4d02,55001,9/5 NOTD | !周邊 !3C !咪嚕娃娃 @vtuber_amiru,2024-09-06T12:02:31Z,https://www.twitch.tv/videos/2243975695,https://static-cdn.jtvnw.net/cf_vods/d3vd9lfkzbru3h/c5069ae39553dc21869e_vtuber_amiru_41574613671_1725624143//thumb/thumb0-%{width}x%{height}.jpg
fd6a0236861940389e15ef85b16c6069,53516,烟花－0918－八點好玩遊戲G丸 ꜀(^. .^꜀ )꜆੭｜9月訂閱打折🪄︎︎◝✩ !who !周邊,2024-09-18T11:27:50Z,https://www.twitch.tv/videos/2254120200,https://static-cdn.jtvnw.net/cf_vods/d2nvs31859zcd8/d3acc9f45439c5a56685_hennie2001_44831523483_1726658866//thumb/thumb0-%{width}x%{height}.jpg
fd6a0236861940389e15ef85b16c6069,53271,烟花－0913－ 今天回歸初心當新手APEX!!!｜9月訂閱打折🪄︎︎◝✩ !who !周邊,2024-09-13T09:45:01Z,https://www.twitch.tv/videos/2249868584,https://static-cdn.jtvnw.net/cf_vods/d3vd9lfkzbru3h/0ef99c96f7536701ca9a_hennie2001_41591449671_1726220695//thumb/thumb0-%{width}x%{height}.jpg
6bd49f94afb144e995247388ca8c42a8,52207,【橙Yuzumi】俗話說的好，出外靠朋友 ｜ @yuzumi_neon  !手機殼 !LINE貼圖,2024-09-29T07:07:15Z,https://www.twitch.tv/videos/2263208505,https://static-cdn.jtvnw.net/cf_vods/d3vd9lfkzbru3h/6d08cdebeeae56c53ba4_yuzumi_neon_41625485287_1727593629//thumb/thumb0-%{width}x%{height}.jpg
5535c9524eb046c38e172ebfa06b302f,51859,【原神】5.1納塔💥前瞻懶人包🎯▸又是一個人權角選擇的卡池？😱希諾寧登場！納西妲/千織/胡桃復刻！卡池抽取建議？版本原石竟然送得超多？ ▹璐洛洛◃,2024-09-28T14:00:26Z,https://www.youtube.com/watch?v=dVsa7ENl7dg,https://i.ytimg.com/vi/dVsa7ENl7dg/mqdefault.jpg
6bd49f94afb144e995247388ca8c42a8,51458,【白給#1】這輩子沒遇過的100%勝率賭局直接到手｜ #橙yuzumi #shorts #apex,2024-09-25T12:00:00Z,https://www.youtube.com/watch?v=-paG7T1YjD0,https://i.ytimg.com/vi/-paG7T1YjD0/mqdefault.jpg
5535c9524eb046c38e172ebfa06b302f,51171,【絕區零】簡🐭全方位培養手冊▸新一代物理異常大C登場！特化閃避&額外雙暴收益，手殘黨救星！抽取建議/影畫效果/音擎/驅動推薦！ ▹璐洛洛◃,2024-09-05T04:00:32Z,https://www.youtube.com/watch?v=t3WInFRnWhw,https://i.ytimg.com/vi/t3WInFRnWhw/mqdefault.jpg
fd6a0236861940389e15ef85b16c6069,51005,烟花－0925－我家不會在吃飛機惹 ꜀(^. .^꜀ )꜆੭｜9月訂閱打折🪄︎︎◝✩ !who,2024-09-24T19:24:29Z,https://www.twitch.tv/videos/2259415345,https://static-cdn.jtvnw.net/cf_vods/d3vd9lfkzbru3h/870e5c61882f5be9c8cc_hennie2001_41615049607_1727205861//thumb/thumb0-%{width}x%{height}.jpg
e93bd1102e214cbaa71cc5b2e4a53595,50268,﹝中/日ok﹞16:00 瑞杏盃開打!!!!希望能盡力!!!!!!!! 大家都加油!!!!!!! ft. @ryoueg @wildtamsuinese   ░ !指令 !連動中 !瑞杏盃,2024-09-15T06:48:41Z,https://www.twitch.tv/videos/2251561287,https://static-cdn.jtvnw.net/cf_vods/d3vd9lfkzbru3h/93cbc4f8be311ba77395_earendelxdfp_41596295511_1726382916//thumb/thumb0-%{width}x%{height}.jpg
7c06b9e316ce4ac18ce836cd72442bbe,49852,慎入 整容的原因 #shorts,2024-09-13T09:55:18Z,https://www.youtube.com/watch?v=y0bl7FgCcyc,https://i.ytimg.com/vi/y0bl7FgCcyc/mqdefault.jpg
f6a4e7aa8d0c4e5cb39d199845ec4d02,49849,9/21 えぺまつり外伝S4 冷酷槍女嗎? | !周邊 !3C !咪嚕娃娃 @vtuber_amiru,2024-09-21T07:55:53Z,https://www.twitch.tv/videos/2256546689,https://static-cdn.jtvnw.net/cf_vods/d3vd9lfkzbru3h/a388ee93c6ffdcd60fc0_vtuber_amiru_41606306711_1726905346//thumb/thumb0-%{width}x%{height}.jpg
5535c9524eb046c38e172ebfa06b302f,49649,【原神】5.0納塔💥10處地方傳奇▸最懶人逃課大法！差點沒笑死我🤣異色三連星、科西霍簡單打！30個成就、350原石、專屬名片爽爽拿！ ▹璐洛洛◃,2024-09-07T14:00:07Z,https://www.youtube.com/watch?v=ejOr837QvBo,https://i.ytimg.com/vi/ejOr837QvBo/mqdefault.jpg
6dc75ab227e34c928598bde8f2d324bf,49014,【short】痛苦二選一：北極熊 or 酷酷的冷氣機？！🦁 #台灣vtuber #台v #台v精華 #vtuber #海克莉獅 #shorts,2024-09-23T03:00:15Z,https://www.youtube.com/watch?v=C-K6gRmgxwE,https://i.ytimg.com/vi/C-K6gRmgxwE/mqdefault.jpg
fd6a0236861940389e15ef85b16c6069,48790,烟花－0926－我想要拿到獨特裝備 ꜀(^. .^꜀ )꜆੭｜9月訂閱打折🪄︎︎◝✩ !who,2024-09-25T19:15:13Z,https://www.twitch.tv/videos/2260227284,https://static-cdn.jtvnw.net/cf_vods/d3vd9lfkzbru3h/77ec0923d7d67e828b14_hennie2001_41617367767_1727291704//thumb/thumb0-%{width}x%{height}.jpg
6bd49f94afb144e995247388ca8c42a8,48579,【橙Yuzumi】 我正在快樂的睡覺｜ @yuzumi_neon   !手機殼 !LINE貼圖 !ff43,2024-09-03T10:36:31Z,https://www.twitch.tv/videos/2241438390,https://static-cdn.jtvnw.net/cf_vods/d3vd9lfkzbru3h/7abd6e9c522c5ea624a0_yuzumi_neon_41566937815_1725359785//thumb/thumb0-%{width}x%{height}.jpg
fd6a0236861940389e15ef85b16c6069,48532,烟花－0916－先工作台，比賽結束利馬就是工作嚕꜀(^. .^꜀ )꜆੭｜9月訂閱打折🪄︎︎◝✩ !who !周邊,2024-09-16T13:28:47Z,https://www.twitch.tv/videos/2252541453,https://static-cdn.jtvnw.net/cf_vods/d3vd9lfkzbru3h/fff3ce2f2c0cfbde5874_hennie2001_41599766087_1726493322//thumb/thumb0-%{width}x%{height}.jpg
5a934764983e45959855735b79bcc90e,48458,【官方初配信精華】貳貳超可愛教主登場！竟在初配信公然吸X！？｜🤖量產型猫飼步歌貳貳機🐱 Fuka22,2024-09-16T11:30:30Z,https://www.youtube.com/watch?v=ZZTY2ZRdXkw,https://i.ytimg.com/vi/ZZTY2ZRdXkw/mqdefault.jpg
6bd49f94afb144e995247388ca8c42a8,48287,【橙Yuzumi】訂閱感謝之恐怖遊戲環節 ╰(*°▽°*)╯ ｜ @yuzumi_neon  !手機殼 !LINE貼圖,2024-09-20T12:51:24Z,https://www.twitch.tv/videos/2255787895,https://static-cdn.jtvnw.net/cf_vods/d3vd9lfkzbru3h/e87a89a9a45f061ea26a_yuzumi_neon_41604447431_1726836679//thumb/thumb0-%{width}x%{height}.jpg
fd6a0236861940389e15ef85b16c6069,48168,烟花－0911－今天有練習賽的樣子 我眼睛怎麼還是澀澀的ˋˊ｜9月訂閱打折🪄︎︎◝✩ !who !周邊,2024-09-11T09:49:08Z,https://www.twitch.tv/videos/2248228134,https://static-cdn.jtvnw.net/cf_vods/d3vd9lfkzbru3h/cb3f1f8a2892cae53ecf_hennie2001_41586698423_1726048142//thumb/thumb0-%{width}x%{height}.jpg
6bd49f94afb144e995247388ca8c42a8,48084,【#1理論】槍硬就夠了要知識幹嘛？｜ #橙yuzumi #shorts #apex,2024-09-21T10:59:26Z,https://www.youtube.com/watch?v=1Y6GqDiI4Ww,https://i.ytimg.com/vi/1Y6GqDiI4Ww/mqdefault.jpg
5535c9524eb046c38e172ebfa06b302f,47978,「椒丘」和「景元」的隱藏成就？ #honkaistarrail #璐洛洛 #崩壞星穹鐵道,2024-09-12T04:30:31Z,https://www.youtube.com/watch?v=t9vxyv5IHt4,https://i.ytimg.com/vi/t9vxyv5IHt4/mqdefault.jpg
1c5619a4ece046dd8ba68ed343489ca3,47842,【台灣人最後一口氣】臨逝之前也要告訴中國人❗這比反攻大陸還重要💕😭,2024-09-27T11:19:26Z,https://www.youtube.com/watch?v=51-o9G0Ifv4,https://i.ytimg.com/vi/51-o9G0Ifv4/mqdefault.jpg
bafb134fd2f849898d6242d1f5f683cc,47298,【09.11】請柔雨再教我一下 晚上十點有訓練賽／!指令 !抖影片,2024-09-11T08:22:48Z,https://www.twitch.tv/videos/2248203576,https://static-cdn.jtvnw.net/cf_vods/d3vd9lfkzbru3h/40beb7cb79fca686b80f_nemesisxdfp_41586545927_1726042961//thumb/thumb0-%{width}x%{height}.jpg
d837e8fda137492c9d77882b98ff863a,47190,請陪玩小姐姐教我唱台語歌卻把她帶歪了？！#PlayOne陪玩 #真理果 #台V #vtuber,2024-09-25T09:30:11Z,https://www.youtube.com/watch?v=YtTTAW4oBJA,https://i.ytimg.com/vi/YtTTAW4oBJA/mqdefault.jpg
fd6a0236861940389e15ef85b16c6069,46545,烟花－0905－九點G丸 .ᐟ.ᐟ 今天好像有點兒沒睡飽｜九月訂閱者福利已經上Dc囉🪄︎︎◝✩ !who !周邊,2024-09-05T12:01:08Z,https://www.twitch.tv/videos/2243152825,https://static-cdn.jtvnw.net/cf_vods/d3vd9lfkzbru3h/5f32b0ca1fb4712302f5_hennie2001_41572122343_1725537662//thumb/thumb0-%{width}x%{height}.jpg
e93bd1102e214cbaa71cc5b2e4a53595,45548,【並非錯覺】春魚內部真的很混亂！真心不騙！【厄倫蒂兒 Earendel】,2024-09-18T10:30:19Z,https://www.youtube.com/watch?v=iDx2zLaesRs,https://i.ytimg.com/vi/iDx2zLaesRs/mqdefault.jpg
a6a4e83ae23140e6bd1f7c817af8f864,45107,我看了3遍都不敢相信❗️露熙妲居然是我婆⁉️【露熙妲 Luxida】#vtuber精華 #shorts,2024-09-12T13:27:36Z,https://www.youtube.com/watch?v=zw5yna4TFow,https://i.ytimg.com/vi/zw5yna4TFow/mqdefault.jpg
15c9a54b946a40c38c07ea2f9efddfa5,44873,【煌Kirali】我說基拉利你們說氣質,2024-09-18T11:00:44Z,https://www.twitch.tv/videos/2254110249,https://static-cdn.jtvnw.net/cf_vods/d2nvs31859zcd8/e0472d280229da8aebea_kirali_neon_44831426987_1726657239//thumb/thumb0-%{width}x%{height}.jpg
fbb142bcb07a4808b0164c41ab1877ea,44843,媽媽不要再GANK我了 #Shorts #Short #vtuber #台V,2024-09-03T10:05:50Z,https://www.youtube.com/watch?v=MbTrh3BX62A,https://i.ytimg.com/vi/MbTrh3BX62A/mqdefault.jpg
6bd49f94afb144e995247388ca8c42a8,44814,【橙Yuzumi】回來打猴子啦～第三章GOGO ｜ @yuzumi_neon  !手機殼 !LINE貼圖,2024-09-18T05:58:28Z,https://www.twitch.tv/videos/2254021074,https://static-cdn.jtvnw.net/cf_vods/d2nvs31859zcd8/6798ac85cc0f424829cc_yuzumi_neon_44830565963_1726639103//thumb/thumb0-%{width}x%{height}.jpg
1c5619a4ece046dd8ba68ed343489ca3,44491,【台灣主播臭→中國人月薪1000元💩】為此嘲笑行為...彎彎慎重道歉😭❗❗,2024-09-20T09:42:40Z,https://www.youtube.com/watch?v=jE0gB28XEWg,https://i.ytimg.com/vi/jE0gB28XEWg/mqdefault.jpg
c5fe413a473d4638b53fb3f9019aabbe,44264,原來這個才是帕蘿妮的本音哦？！ ♦︎ #shorts,2024-09-17T11:00:29Z,https://www.youtube.com/watch?v=FUZ2a33R1tQ,https://i.ytimg.com/vi/FUZ2a33R1tQ/mqdefault.jpg
e93bd1102e214cbaa71cc5b2e4a53595,43773,﹝中/日ok﹞((´∩ω∩｀) 聊天！謝謝剛剛大家餐與！ ░ !指令 !連動中 !主台,2024-09-07T10:52:13Z,https://www.twitch.tv/videos/2244851516,https://static-cdn.jtvnw.net/cf_vods/d3vd9lfkzbru3h/cdcdb4f1d147d6638fa9_earendelxdfp_41577131687_1725706324//thumb/thumb0-%{width}x%{height}.jpg
e93bd1102e214cbaa71cc5b2e4a53595,43345,﹝中/日ok﹞吃完飯了我在防止自己睡著  ░ !指令 !連動中 !瑞杏盃,2024-09-18T10:51:10Z,https://www.twitch.tv/videos/2254106691,https://static-cdn.jtvnw.net/cf_vods/d2nvs31859zcd8/0d39f77a1b220787145a_earendelxdfp_44831391963_1726656666//thumb/thumb0-%{width}x%{height}.jpg
6bd49f94afb144e995247388ca8c42a8,43167,【橙Yuzumi】 9點團練 ｜ @yuzumi_neon  !瑞杏盃隊友  !手機殼 !LINE貼圖,2024-09-11T09:29:59Z,https://www.twitch.tv/videos/2248222765,https://static-cdn.jtvnw.net/cf_vods/d3vd9lfkzbru3h/1c7fb52e2fcf4f01d962_yuzumi_neon_41586663687_1726046993//thumb/thumb0-%{width}x%{height}.jpg
9d9c6477329245cbb2557895f4f15686,43051,/ᐠ. ̫ .ᐟ\ 09/03 晚上要勤練比賽 ⸜♡⸝ 三周年LINE貼圖超可愛 .ᐟ.ᐟ !YT !LINE !手機殼 !周邊,2024-09-03T05:37:00Z,https://www.twitch.tv/videos/2241347165,https://static-cdn.jtvnw.net/cf_vods/d3vd9lfkzbru3h/986ba72c1d5444b6f58f_iitifox_41566348871_1725341813//thumb/thumb0-%{width}x%{height}.jpg
6bd49f94afb144e995247388ca8c42a8,42923,【橙Yuzumi】未兎クロノお誕生日カスタム ｜ @yuzumi_neon  !隊友 !主台 !手機殼 !LINE貼圖 !ff43,2024-09-06T10:52:02Z,https://www.twitch.tv/videos/2243946835,https://static-cdn.jtvnw.net/cf_vods/d3vd9lfkzbru3h/a76611246ad308dceb85_yuzumi_neon_41574389239_1725619915//thumb/thumb0-%{width}x%{height}.jpg
6bd49f94afb144e995247388ca8c42a8,42043,【橙Yuzumi】 被抓來玩遊戲 ｜ @yuzumi_neon  !手機殼 !LINE貼圖,2024-09-17T12:21:06Z,https://www.twitch.tv/videos/2253324636,https://static-cdn.jtvnw.net/cf_vods/d2nvs31859zcd8/8c7af329b2271e762897_yuzumi_neon_44827007003_1726575662//thumb/thumb0-%{width}x%{height}.jpg
f6a4e7aa8d0c4e5cb39d199845ec4d02,42040,9/8 杏仁ミル首創3D全視角LIVE SHOW明天搶票 | !周邊 !3C !咪嚕娃娃 @vtuber_amiru,2024-09-08T09:24:44Z,https://www.twitch.tv/videos/2245735829,https://static-cdn.jtvnw.net/cf_vods/d3vd9lfkzbru3h/12585b6226f3a8d3cfc9_vtuber_amiru_41579627831_1725787476//thumb/thumb0-%{width}x%{height}.jpg
f6a4e7aa8d0c4e5cb39d199845ec4d02,41640,9/18 123 | !周邊 !3C !咪嚕娃娃 @vtuber_amiru,2024-09-18T09:24:35Z,https://www.twitch.tv/videos/2254080712,https://static-cdn.jtvnw.net/cf_vods/d2nvs31859zcd8/3c5ba759dfe574ae5011_vtuber_amiru_44831139835_1726651470//thumb/thumb0-%{width}x%{height}.jpg
1c5619a4ece046dd8ba68ed343489ca3,41448,【你畫我猜】台灣人畫中國人特徵❗結果粉絲猜獨裁？「還有猜便便💩」差點笑死🤣🤣,2024-09-06T10:05:59Z,https://www.youtube.com/watch?v=I55Gf9P2QRc,https://i.ytimg.com/vi/I55Gf9P2QRc/mqdefault.jpg
7c06b9e316ce4ac18ce836cd72442bbe,41376,我真的有駕照啦 #shorts,2024-09-04T08:04:02Z,https://www.youtube.com/watch?v=L_Pa3u1Il2A,https://i.ytimg.com/vi/L_Pa3u1Il2A/mqdefault.jpg
fd6a0236861940389e15ef85b16c6069,41182,烟花－0904－半夜羊出沒.ᐟ.ᐟ 今天眼睛有點乾澀呼呼｜九月訂閱者福利已經上Dc囉🪄︎︎◝✩ !who !周邊,2024-09-03T18:12:09Z,https://www.twitch.tv/videos/2241702399,https://static-cdn.jtvnw.net/cf_vods/d3vd9lfkzbru3h/102e59e339a052784b81_hennie2001_41568114391_1725387122//thumb/thumb0-%{width}x%{height}.jpg
fd6a0236861940389e15ef85b16c6069,40822,烟花－0930－打麻將，起床覺得腦袋重重D ꜀(^. .^꜀ )꜆੭｜9月訂閱打折🪄︎︎◝✩ !who,2024-09-30T13:01:09Z,https://www.twitch.tv/videos/2264148853,https://static-cdn.jtvnw.net/cf_vods/d3vd9lfkzbru3h/4bfbd63d4420b6cf0075_hennie2001_41628471447_1727701261//thumb/thumb0-%{width}x%{height}.jpg
9cec24b011ee45648eb404066c997f49,40405,【極深空烤肉】祝大家中秋節快樂！不管你有沒有出門烤肉，都可以來看我們ㄘ燒肉啦 █熙歌Cygnus,2024-09-17T13:33:04Z,https://www.youtube.com/watch?v=8rkWZpmHWhg,https://i.ytimg.com/vi/8rkWZpmHWhg/mqdefault.jpg
5535c9524eb046c38e172ebfa06b302f,39292,抽到飛霄後一定要做的事！🤣 #崩壞星穹鐵道 #honkaistarrail #璐洛洛,2024-09-10T11:06:42Z,https://www.youtube.com/watch?v=-dUOiSQIsAM,https://i.ytimg.com/vi/-dUOiSQIsAM/mqdefault.jpg
215d93a2bd634b4cbeed0e88ae6d6e14,39086,【盜片事件】白目屁孩幹走我的影片到抖音去 毫無悔意還想要我幫他宣傳???,2024-09-29T10:01:06Z,https://www.youtube.com/watch?v=h3ntUd9qVDI,https://i.ytimg.com/vi/h3ntUd9qVDI/mqdefault.jpg
abd64c9a64e04fb1b23faa2480c1c106,38975,【同步視聽】一個無法停止生長的兒子... (*小學生不要看*)【Scary Video Reaction】,2024-09-05T12:59:00Z,https://www.youtube.com/watch?v=mcRawNVI1J8,https://i.ytimg.com/vi/mcRawNVI1J8/mqdefault.jpg
a9f28d3e3d2a4ecb93ff10955be791d1,38623,【初配信】新訊息通知：小心鱷魚出沒【宵Yoruno】,2024-09-08T14:11:53Z,https://www.youtube.com/watch?v=w1EcEmqGHvQ,https://i.ytimg.com/vi/w1EcEmqGHvQ/mqdefault.jpg
bafb134fd2f849898d6242d1f5f683cc,38461,【09.16】打上頭了 想繼續好好練槍！／!指令 !抖影片,2024-09-16T08:40:36Z,https://www.twitch.tv/videos/2252435761,https://static-cdn.jtvnw.net/cf_vods/d3vd9lfkzbru3h/e76d4b6f305ca80d94d0_nemesisxdfp_41599006071_1726476029//thumb/thumb0-%{width}x%{height}.jpg
c540124532e14ceb8e9ffc654a0ec4c9,38454,【密技實況精華】原來市政廳是要這樣玩的R ft.玖月蕾希、夢見露諾｜#apex實況 #apex精華 #直播 #vtuber #台v #台灣vtuber #apex英雄m,2024-09-13T10:00:43Z,https://www.youtube.com/watch?v=cMyIhDTFZ0s,https://i.ytimg.com/vi/cMyIhDTFZ0s/mqdefault.jpg
c540124532e14ceb8e9ffc654a0ec4c9,38226,【密技實況精華】隱柱－電流區版 ft.羽落｜#apex實況 #apex精華 #直播 #vtuber #台v #台灣vtuber #apex英雄m,2024-09-13T04:00:26Z,https://www.youtube.com/watch?v=Ogvebb2Zqhc,https://i.ytimg.com/vi/Ogvebb2Zqhc/mqdefault.jpg
f6a4e7aa8d0c4e5cb39d199845ec4d02,38004,9/30 夾子  | !周邊 !3C !咪嚕娃娃 @vtuber_amiru,2024-09-30T12:03:46Z,https://www.twitch.tv/videos/2264122903,https://static-cdn.jtvnw.net/cf_vods/d3vd9lfkzbru3h/cb7595f478472a313926_vtuber_amiru_41628278567_1727697819//thumb/thumb0-%{width}x%{height}.jpg
75ddc749133b4c498eb35ceac1e2a0b2,37974,只要點進來 一切都太晚了 #vtuber #台v  #紫茗,2024-09-05T09:00:19Z,https://www.youtube.com/watch?v=PkmkhIALpAY,https://i.ytimg.com/vi/PkmkhIALpAY/mqdefault.jpg
0641a9c8b9a94994aaa33e0c86fef75b,37893,這是一ㄍ關於雙方都覺得挫賽也挫賽ㄌ的故事 #vtuber #shorts #台V #vtuberclip #vtuber中文 #kuromu #kuromulive #惡作劇,2024-09-20T09:00:16Z,https://www.youtube.com/watch?v=JqKLnJY2zoQ,https://i.ytimg.com/vi/JqKLnJY2zoQ/mqdefault.jpg
5bd39e2c6dcf4ff19436d8a5fa069464,37741,【歌ってみた】悪魔の子 (Akuma no Ko) Covered by 玥Itsuki,2024-09-23T12:00:21Z,https://www.youtube.com/watch?v=6sv1VwG9z6A,https://i.ytimg.com/vi/6sv1VwG9z6A/mqdefault.jpg
5a934764983e45959855735b79bcc90e,37619,〖#初配信〗嗨喵，人類今天吸貓了嗎？如果還沒有的話，這裡有一隻貓呦 ฅ^ↀﻌↀ^ฅ｜量產型猫飼步歌貳貳機 Fuka22,2024-09-11T13:15:34Z,https://www.youtube.com/watch?v=PfHWxcQYHZw,https://i.ytimg.com/vi/PfHWxcQYHZw/mqdefault.jpg
9d9c6477329245cbb2557895f4f15686,37597,/ᐠ. ̫ .ᐟ\ 09/15 今天一定要拚槍 因為愛拚才會贏 ⸜♡⸝ 三周年LINE貼圖超可愛 .ᐟ.ᐟ !YT !LINE !手機殼 !周邊,2024-09-15T06:00:23Z,https://www.twitch.tv/videos/2251541937,https://static-cdn.jtvnw.net/cf_vods/d3vd9lfkzbru3h/1be04ddc84ee0f0d762d_iitifox_41596193687_1726380018//thumb/thumb0-%{width}x%{height}.jpg
fd6a0236861940389e15ef85b16c6069,37541,烟花－0922－VR測試完畢꜀(^. .^꜀ )꜆੭｜9月訂閱打折🪄︎︎◝✩ !who,2024-09-22T14:27:17Z,https://www.twitch.tv/videos/2257613708,https://static-cdn.jtvnw.net/cf_vods/d3vd9lfkzbru3h/168a75afce5ffe032f7a_hennie2001_41609817687_1727015228//thumb/thumb0-%{width}x%{height}.jpg
5535c9524eb046c38e172ebfa06b302f,37268,【星穹鐵道】🚀0+0飛霄 [混沌回憶12層]▸只要2金成本！極致對單，一直追擊一直爽！輕鬆0T通關！ ▹璐洛洛◃,2024-09-10T11:25:21Z,https://www.youtube.com/watch?v=aYmhFs_IJ7U,https://i.ytimg.com/vi/aYmhFs_IJ7U/mqdefault.jpg
f6a4e7aa8d0c4e5cb39d199845ec4d02,36999,9/13 腰痛人 | !周邊 !3C !咪嚕娃娃 @vtuber_amiru,2024-09-13T12:45:34Z,https://www.twitch.tv/videos/2249937101,https://static-cdn.jtvnw.net/cf_vods/d3vd9lfkzbru3h/16499f03446c40ea23b1_vtuber_amiru_41591954823_1726231528//thumb/thumb0-%{width}x%{height}.jpg
f6a4e7aa8d0c4e5cb39d199845ec4d02,36959,9/9 杏仁ミル首創3D全視角LIVE SHOW 9/10搶票 | !周邊 !3C !咪嚕娃娃 @vtuber_amiru,2024-09-09T09:06:21Z,https://www.twitch.tv/videos/2246573031,https://static-cdn.jtvnw.net/cf_vods/d3vd9lfkzbru3h/026f34e71925eefb15b9_vtuber_amiru_41581883639_1725872772//thumb/thumb0-%{width}x%{height}.jpg
c540124532e14ceb8e9ffc654a0ec4c9,36946,【爆笑實況精華】在天花板讓敵人懷疑人生｜#apex實況 #apex精華 #直播 #vtuber #台v #台灣vtuber #apex英雄,2024-09-06T04:00:16Z,https://www.youtube.com/watch?v=FSqjNqMprDg,https://i.ytimg.com/vi/FSqjNqMprDg/mqdefault.jpg
5535c9524eb046c38e172ebfa06b302f,36676,【絕區零】1.2前瞻懶人包⚡▸不用走格子，還能騎摩托？凱撒、柏妮思登場！組隊方向有哪些？角色機制搶先看、抽取建議、版本活動、大量系統優化！ ▹璐洛洛◃,2024-09-14T13:45:21Z,https://www.youtube.com/watch?v=RcRl7--XF1Y,https://i.ytimg.com/vi/RcRl7--XF1Y/mqdefault.jpg
7c06b9e316ce4ac18ce836cd72442bbe,36558,3D的5MA #shorts,2024-09-17T10:18:26Z,https://www.youtube.com/watch?v=YZtrrSiAQgQ,https://i.ytimg.com/vi/YZtrrSiAQgQ/mqdefault.jpg
3f4650e05ceb41008bd16869780b7af1,36286,【貓咪研究室】絕對的鋼鐵殺手誕生！超強無課神角水母貓三階！13.6更新懶人包介紹！《水羽 ほむら》【貓咪大戰爭】,2024-09-13T13:30:02Z,https://www.youtube.com/watch?v=5K85hYfpPxM,https://i.ytimg.com/vi/5K85hYfpPxM/mqdefault.jpg
c540124532e14ceb8e9ffc654a0ec4c9,36190,【密技實況精華】這是APEX水鬼還是泡澡，這點位應該很多人知道｜#apex實況 #apex精華 #直播 #vtuber #台v #台灣vtuber #apex英雄,2024-09-09T10:00:23Z,https://www.youtube.com/watch?v=S-Biw8gFO7E,https://i.ytimg.com/vi/S-Biw8gFO7E/mqdefault.jpg
15c9a54b946a40c38c07ea2f9efddfa5,35991,【煌Kirali】劈哩啪啦 機哩瓜啦,2024-09-03T10:02:48Z,https://www.twitch.tv/videos/2241427803,https://static-cdn.jtvnw.net/cf_vods/d3vd9lfkzbru3h/30ae0ba61768e0da495f_kirali_neon_41566859207_1725357762//thumb/thumb0-%{width}x%{height}.jpg
215d93a2bd634b4cbeed0e88ae6d6e14,35923,賺大錢 不然就燒毀!!!!,2024-09-05T11:23:52Z,https://www.youtube.com/watch?v=bRy_gdSZHMI,https://i.ytimg.com/vi/bRy_gdSZHMI/mqdefault.jpg
c540124532e14ceb8e9ffc654a0ec4c9,35906,【爆笑實況精華】瑪吉燒肉盛大開幕！中秋節快樂！｜#apex實況 #apex精華 #直播 #vtuber #台v #台灣vtuber #apex英雄,2024-09-19T04:00:38Z,https://www.youtube.com/watch?v=pzwXlOUHjO4,https://i.ytimg.com/vi/pzwXlOUHjO4/mqdefault.jpg
c540124532e14ceb8e9ffc654a0ec4c9,35842,【爆笑實況精華】敵人：?????????????｜#apex實況 #apex精華 #直播 #vtuber #台v #台灣vtuber #apex英雄,2024-09-04T04:00:43Z,https://www.youtube.com/watch?v=xNiHg_uHzho,https://i.ytimg.com/vi/xNiHg_uHzho/mqdefault.jpg
c540124532e14ceb8e9ffc654a0ec4c9,35795,【爆笑實況精華】敵人:TM哪來的拳頭?｜#apex實況 #apex精華 #直播 #vtuber #台v #台灣vtuber #apex英雄,2024-09-19T10:00:32Z,https://www.youtube.com/watch?v=MylDszSmqls,https://i.ytimg.com/vi/MylDszSmqls/mqdefault.jpg
e150e350532b4327b26989dd43cd3bad,35484,【艾比官方精華】刷牙刷到一半被脫褲子 !? 再皮啊 ! #vtuber #shorts #vtuberclip #台V #vtuber中文  | 艾比 . Rabi Ch,2024-09-14T02:00:36Z,https://www.youtube.com/watch?v=s16CV9Ql3sc,https://i.ytimg.com/vi/s16CV9Ql3sc/mqdefault.jpg
9d9c6477329245cbb2557895f4f15686,35020,/ᐠ. ̫ .ᐟ\ 09/16 好想吃烤肉 wawa 今晚批口怕2⸜♡⸝ 三周年LINE貼圖超可愛 .ᐟ.ᐟ !YT !LINE !手機殼 !周邊,2024-09-16T06:47:57Z,https://www.twitch.tv/videos/2252403685,https://static-cdn.jtvnw.net/cf_vods/d3vd9lfkzbru3h/c2f4b005b3e96cd1d088_iitifox_41598800903_1726469269//thumb/thumb0-%{width}x%{height}.jpg
3f4650e05ceb41008bd16869780b7af1,35019,【貓咪小教室】貓咪大戰爭推出有史以來的最強改版內容！#shorts #台灣vtuber #貓咪大戰爭,2024-09-15T09:00:16Z,https://www.youtube.com/watch?v=KjX86gdtYi0,https://i.ytimg.com/vi/KjX86gdtYi0/mqdefault.jpg
491a6000ce4b472c9b4f8c1dcfdb772c,34656,不是哥們 你真不挑我的性別是男的啊？ #vtuber #台灣vtuber #台v #搞笑 #台v精華 #vtuberclips #twvtuber,2024-09-12T02:46:50Z,https://www.youtube.com/watch?v=OMVvKk20t9Q,https://i.ytimg.com/vi/OMVvKk20t9Q/mqdefault.jpg
0641a9c8b9a94994aaa33e0c86fef75b,34653,自從學到這招精神勝利法以後遇到機掰人都知道怎麼辦ㄌ #vtuber #shorts #台V #vtuberclip #vtuber中文 #kuromu #kuromulive #人際關係,2024-09-25T09:00:42Z,https://www.youtube.com/watch?v=jkjV6Ffbs_E,https://i.ytimg.com/vi/jkjV6Ffbs_E/mqdefault.jpg
1c5619a4ece046dd8ba68ed343489ca3,34396,【黑中國:悟空❗】共猴的槍法不足，台灣唐三藏苦口婆心念起緊箍咒「差點去西方了🤣」,2024-09-11T08:57:26Z,https://www.youtube.com/watch?v=DsZM9JTb0qw,https://i.ytimg.com/vi/DsZM9JTb0qw/mqdefault.jpg
c540124532e14ceb8e9ffc654a0ec4c9,34329,【爆笑實況精華】給中國人震撼教育｜#apex實況 #apex精華 #直播 #vtuber #台v #台灣vtuber #apex英雄,2024-09-20T04:25:18Z,https://www.youtube.com/watch?v=a1WovHKCK9o,https://i.ytimg.com/vi/a1WovHKCK9o/mqdefault.jpg
3f4650e05ceb41008bd16869780b7af1,34300,這就是我的運氣！兩隻新藍眼到手！#shorts #short #vtuber,2024-09-04T13:45:00Z,https://www.youtube.com/watch?v=8P4MGgN2gZg,https://i.ytimg.com/vi/8P4MGgN2gZg/mqdefault.jpg
15c9a54b946a40c38c07ea2f9efddfa5,34033,【煌Kirali】我說激怒你說...?,2024-09-10T08:04:29Z,https://www.twitch.tv/videos/2247368124,https://static-cdn.jtvnw.net/cf_vods/d3vd9lfkzbru3h/271fc9ed7c3328af4e0f_kirali_neon_41584128423_1725955463//thumb/thumb0-%{width}x%{height}.jpg
2741a90689f342548daad7f760b0a8f7,33785,如果新娘穿這樣你幾點回家？#shorts  #short,2024-10-01T15:02:59Z,https://www.youtube.com/watch?v=zMjXnYyXxOI,https://i.ytimg.com/vi/zMjXnYyXxOI/mqdefault.jpg
bafb134fd2f849898d6242d1f5f683cc,33400,【09.24】午餐要吃什麼hm ／!指令 !抖影片,2024-09-24T06:19:47Z,https://www.twitch.tv/videos/2259026961,https://static-cdn.jtvnw.net/cf_vods/d3vd9lfkzbru3h/591e617cb4f74cf843ed_nemesisxdfp_41613416999_1727158779//thumb/thumb0-%{width}x%{height}.jpg
e93bd1102e214cbaa71cc5b2e4a53595,33050,﹝中/日ok﹞((´∩ω∩｀) 等餐！先聊天！晚點APEX .ft.YOSHIKA / RESTIA！ ░ !指令 !連動中 !主台,2024-09-06T11:39:35Z,https://www.twitch.tv/videos/2243965372,https://static-cdn.jtvnw.net/cf_vods/d3vd9lfkzbru3h/ea1d3e8b535b533a798e_earendelxdfp_41574534231_1725622769//thumb/thumb0-%{width}x%{height}.jpg
f6a4e7aa8d0c4e5cb39d199845ec4d02,32534,9/9 杏仁ミル首創3D全視角LIVE SHOW 9/10搶票 | !周邊 !3C !咪嚕娃娃 @vtuber_amiru,2024-09-11T10:44:55Z,https://www.twitch.tv/videos/2248245563,https://static-cdn.jtvnw.net/cf_vods/d3vd9lfkzbru3h/4eaabad12dca871a3f01_vtuber_amiru_41586818599_1726051488//thumb/thumb0-%{width}x%{height}.jpg
f6a4e7aa8d0c4e5cb39d199845ec4d02,32434,9/20 今天睡很飽 | !周邊 !3C !咪嚕娃娃 @vtuber_amiru,2024-09-20T12:55:51Z,https://www.twitch.tv/videos/2255790294,https://static-cdn.jtvnw.net/cf_vods/d3vd9lfkzbru3h/dac506ca174500da4b54_vtuber_amiru_41604463079_1726836944//thumb/thumb0-%{width}x%{height}.jpg
fd6a0236861940389e15ef85b16c6069,32242,烟花－0921－明天偷偷設定VR 今天先充電꜀(^. .^꜀ )꜆੭｜9月訂閱打折🪄︎︎◝✩ !who,2024-09-20T21:13:16Z,https://www.twitch.tv/videos/2256140344,https://static-cdn.jtvnw.net/cf_vods/d3vd9lfkzbru3h/3e78c75f9d57d2131cc2_hennie2001_41605409575_1726866789//thumb/thumb0-%{width}x%{height}.jpg
15c9a54b946a40c38c07ea2f9efddfa5,32092,【煌Kirali】穿辣一點喔！來一杯生命之水吧！,2024-09-24T10:17:42Z,https://www.youtube.com/watch?v=uhYOI_XLGIQ,https://i.ytimg.com/vi/uhYOI_XLGIQ/mqdefault.jpg
15c9a54b946a40c38c07ea2f9efddfa5,32010,【煌Kirali】難得的悠閒下午時光,2024-09-07T07:26:50Z,https://www.twitch.tv/videos/2244778138,https://static-cdn.jtvnw.net/cf_vods/d3vd9lfkzbru3h/917851329a8c0f7593dc_kirali_neon_41576691559_1725694003//thumb/thumb0-%{width}x%{height}.jpg
c540124532e14ceb8e9ffc654a0ec4c9,31881,【爆笑實況精華】大鉤一甩人就不見了｜#apex實況 #apex精華 #直播 #vtuber #台v #台灣vtuber #apex英雄,2024-09-05T04:05:52Z,https://www.youtube.com/watch?v=VGuFpcN02v8,https://i.ytimg.com/vi/VGuFpcN02v8/mqdefault.jpg
a3ce195c0069494c99849d0b1a10a7fd,31766,【#悠姊姊音聲ASMR 54 -red-】和遠行歸來的悠姊姊一起拆禮物♥️｜ #悠白 #Ubye #中文音聲 #ASMR #音聲 #3dio,2024-09-22T15:47:11Z,https://www.youtube.com/watch?v=I5qc5YGDBhM,https://i.ytimg.com/vi/I5qc5YGDBhM/mqdefault.jpg
9d9c6477329245cbb2557895f4f15686,31692,/ᐠ. ̫ .ᐟ\ 09/09 晚上八點跟懶貓烟花一起永恆輪迴 ⸜♡⸝ 三周年LINE貼圖超可愛 .ᐟ.ᐟ !YT !LINE !手機殼 !周邊,2024-09-09T05:47:28Z,https://www.twitch.tv/videos/2246515661,https://static-cdn.jtvnw.net/cf_vods/d3vd9lfkzbru3h/538c024c34277abbb540_iitifox_41581560583_1725860842//thumb/thumb0-%{width}x%{height}.jpg
9d9c6477329245cbb2557895f4f15686,31679,/ᐠ. ̫ .ᐟ\ 09/19 wawa 有死鎖了捏 ⸜♡⸝ 三周年LINE貼圖超可愛 .ᐟ.ᐟ !YT !LINE !手機殼 !周邊,2024-09-19T05:31:45Z,https://www.twitch.tv/videos/2254830501,https://static-cdn.jtvnw.net/cf_vods/d3vd9lfkzbru3h/9e083af09a2c63c711e3_iitifox_41601169815_1726723897//thumb/thumb0-%{width}x%{height}.jpg
6bd49f94afb144e995247388ca8c42a8,31496,【橙Yuzumi】許久未見 ｜ @yuzumi_neon  !手機殼 !LINE貼圖,2024-09-27T14:36:19Z,https://www.twitch.tv/videos/2261654188,https://static-cdn.jtvnw.net/cf_vods/d3vd9lfkzbru3h/5a6cc4a0a0e4a40e99cd_yuzumi_neon_41621564247_1727447770//thumb/thumb0-%{width}x%{height}.jpg
c540124532e14ceb8e9ffc654a0ec4c9,31293,【爆笑實況精華】敵人一臉曚逼看著我｜#apex實況 #apex精華 #直播 #vtuber #台v #台灣vtuber #apex英雄,2024-09-21T04:00:16Z,https://www.youtube.com/watch?v=T-pY3KhqXTs,https://i.ytimg.com/vi/T-pY3KhqXTs/mqdefault.jpg
6bd49f94afb144e995247388ca8c42a8,31287,【橙Yuzumi】 今天練習賽結束後會有特別活動  ｜ @yuzumi_neon  !瑞杏盃隊友  !手機殼 !LINE貼圖,2024-09-14T13:00:39Z,https://www.twitch.tv/videos/2250833060,https://static-cdn.jtvnw.net/cf_vods/d3vd9lfkzbru3h/36a19e96b8e120e0b0b4_yuzumi_neon_41594602167_1726318830//thumb/thumb0-%{width}x%{height}.jpg
9d9c6477329245cbb2557895f4f15686,31112,/ᐠ. ̫ .ᐟ\ 09/05 ohoh ⸜♡⸝ 三周年LINE貼圖超可愛 .ᐟ.ᐟ !YT !LINE !手機殼 !周邊,2024-09-06T07:04:06Z,https://www.twitch.tv/videos/2243878911,https://static-cdn.jtvnw.net/cf_vods/d3vd9lfkzbru3h/655901f1b41681b7e3d4_iitifox_41573929607_1725606238//thumb/thumb0-%{width}x%{height}.jpg
6bd49f94afb144e995247388ca8c42a8,30952,【橙Yuzumi】 聊天  ｜ @yuzumi_neon  !瑞杏盃隊友  !手機殼 !LINE貼圖,2024-09-13T12:16:20Z,https://www.twitch.tv/videos/2249923551,https://static-cdn.jtvnw.net/cf_vods/d3vd9lfkzbru3h/8dc05c36338599424d59_yuzumi_neon_41591853671_1726229771//thumb/thumb0-%{width}x%{height}.jpg
9d9c6477329245cbb2557895f4f15686,30789,/ᐠ. ̫ .ᐟ\ 09/08 今晚七點需要你的雞丸 ⸜♡⸝ 三周年LINE貼圖超可愛 .ᐟ.ᐟ !YT !LINE !手機殼 !周邊,2024-09-08T05:09:12Z,https://www.twitch.tv/videos/2245633990,https://static-cdn.jtvnw.net/cf_vods/d3vd9lfkzbru3h/a7900ddbfb7c395a9d18_iitifox_41579104279_1725772146//thumb/thumb0-%{width}x%{height}.jpg
a0d4fad2fd3d4e4981947642a9dbafc4,30620,【初配信】BUG順利移除、ENTER！大家久等了！【朧Oboro】,2024-09-07T13:55:15Z,https://www.youtube.com/watch?v=9jlazA_blzc,https://i.ytimg.com/vi/9jlazA_blzc/mqdefault.jpg
98e3a5838fec4a6caa936ae35485de23,30571,【洛可你說阿】你選誰呢！好好的，認真的選喔～🍻【露恰露恰．Vtuber】,2024-09-11T10:30:31Z,https://www.youtube.com/watch?v=mscJ2dr6f0E,https://i.ytimg.com/vi/mscJ2dr6f0E/mqdefault.jpg
4544974bc5624035ae7bb0c9ed33e44e,30425,我的ㄐㄐ呢，他剛剛還在的 #瓦西瓦瓦 #vaswawa #vtuber #雜談 #雜談之鬼,2024-09-05T04:00:35Z,https://www.youtube.com/watch?v=ok3EaPw3zn0,https://i.ytimg.com/vi/ok3EaPw3zn0/mqdefault.jpg
0641a9c8b9a94994aaa33e0c86fef75b,30328,【 庫杯杯介紹】買ㄌ杯杯...對手手來說算不算一種NTR?【庫洛姆Kuromu】#台灣Vtuber #庫洛姆,2024-09-03T15:17:40Z,https://www.youtube.com/watch?v=5BxdHZXmDG0,https://i.ytimg.com/vi/5BxdHZXmDG0/mqdefault.jpg
e78cffa246c24a1c88031151cad8c385,30118,被親媽嗆長得很安全是不是搞錯了什麼,2024-09-15T10:05:51Z,https://www.youtube.com/watch?v=Q3G-v868SKI,https://i.ytimg.com/vi/Q3G-v868SKI/mqdefault.jpg
9d9c6477329245cbb2557895f4f15686,30083,/ᐠ. ̫ .ᐟ\ 09/20 晚上七點鵝鴨殺 ⸜♡⸝ 三周年LINE貼圖超可愛 .ᐟ.ᐟ !YT !LINE !手機殼 !周邊,2024-09-20T06:57:50Z,https://www.twitch.tv/videos/2255666417,https://static-cdn.jtvnw.net/cf_vods/d3vd9lfkzbru3h/3fc0cd1c1d777350a084_iitifox_41603643287_1726815463//thumb/thumb0-%{width}x%{height}.jpg
9d9c6477329245cbb2557895f4f15686,30077,/ᐠ. ̫ .ᐟ\ 09/07 嗷嗷 真的好不會唱歌 ⸜♡⸝ 三周年LINE貼圖超可愛 .ᐟ.ᐟ !YT !LINE !手機殼 !周邊,2024-09-07T07:06:09Z,https://www.twitch.tv/videos/2244770865,https://static-cdn.jtvnw.net/cf_vods/d3vd9lfkzbru3h/5d30445b2516372b8960_iitifox_41576647879_1725692762//thumb/thumb0-%{width}x%{height}.jpg
e93bd1102e214cbaa71cc5b2e4a53595,29718,﹝中/日ok﹞((´∩ω∩｀) APEX團練！ ░ !指令 !連動中 !主台,2024-09-03T14:55:39Z,https://www.twitch.tv/videos/2241563939,https://static-cdn.jtvnw.net/cf_vods/d3vd9lfkzbru3h/7342521fd0b7c7827bf3_earendelxdfp_41567774839_1725375333//thumb/thumb0-%{width}x%{height}.jpg
f6a4e7aa8d0c4e5cb39d199845ec4d02,29612,9/28 BIBIBI | !周邊 !3C !咪嚕娃娃 @vtuber_amiru,2024-09-28T08:11:51Z,https://www.twitch.tv/videos/2262358219,https://static-cdn.jtvnw.net/cf_vods/d3vd9lfkzbru3h/b5607bc76114c14381bf_vtuber_amiru_41623087303_1727511105//thumb/thumb0-%{width}x%{height}.jpg
c82ab1b4f8f64d1f84cae4ce09aa0dea,29601,我是豆芽小饅頭｜汐Seki｜!週邊 !指令,2024-09-18T11:36:05Z,https://www.twitch.tv/videos/2254123506,https://static-cdn.jtvnw.net/cf_vods/d2nvs31859zcd8/c8fdb02781a6ff0f6a13_seki_meridian_44831555115_1726659360//thumb/thumb0-%{width}x%{height}.jpg
c540124532e14ceb8e9ffc654a0ec4c9,29525,【爆笑實況精華】..............................誰來呼喚一下李帷｜#apex實況 #apex精華 #直播 #vtuber #台v #台灣vtuber #apex英雄,2024-09-15T10:00:14Z,https://www.youtube.com/watch?v=GxSJl_5MfQQ,https://i.ytimg.com/vi/GxSJl_5MfQQ/mqdefault.jpg
f6a4e7aa8d0c4e5cb39d199845ec4d02,29512,【杏仁ミル精華】換我會發光阿！油條大哥的天才厄介新點子 ft. @utiao1200 @KuronoYuma @ShurakuKiriko,2024-09-11T04:00:36Z,https://www.youtube.com/watch?v=nT_hVPxPEl8,https://i.ytimg.com/vi/nT_hVPxPEl8/mqdefault.jpg
6bd49f94afb144e995247388ca8c42a8,29371,【橙Yuzumi】 9點 #灰薔橙肯 瑞杏盃練習賽 ｜ @yuzumi_neon  !瑞杏盃隊友  !手機殼 !LINE貼圖,2024-09-12T12:09:42Z,https://www.twitch.tv/videos/2249106916,https://static-cdn.jtvnw.net/cf_vods/d3vd9lfkzbru3h/53299f756b7279e4a109_yuzumi_neon_41589463623_1726142976//thumb/thumb0-%{width}x%{height}.jpg
bafb134fd2f849898d6242d1f5f683cc,29338,【09.22】永支滂沱大雨-w-／!指令 !抖影片,2024-09-22T07:06:28Z,https://www.twitch.tv/videos/2257411676,https://static-cdn.jtvnw.net/cf_vods/d3vd9lfkzbru3h/833f0a96aea833a5ae9a_nemesisxdfp_41608716343_1726988781//thumb/thumb0-%{width}x%{height}.jpg
9d9c6477329245cbb2557895f4f15686,29302,/ᐠ. ̫ .ᐟ\ 09/21 三點跟緹寶去超市打工 ⸜♡⸝ 三周年LINE貼圖超可愛 .ᐟ.ᐟ !YT !LINE !手機殼 !周邊,2024-09-21T05:22:17Z,https://www.twitch.tv/videos/2256489344,https://static-cdn.jtvnw.net/cf_vods/d3vd9lfkzbru3h/4a6c4b5b1b0f7dd1f63a_iitifox_41606019239_1726896131//thumb/thumb0-%{width}x%{height}.jpg
bafb134fd2f849898d6242d1f5f683cc,29196,【09.19】新賽季加分是不是變很少呀🤡／!指令 !抖影片,2024-09-19T07:01:08Z,https://www.twitch.tv/videos/2254858738,https://static-cdn.jtvnw.net/cf_vods/d3vd9lfkzbru3h/34d9fe2a7b82812a65dd_nemesisxdfp_41601296119_1726729262//thumb/thumb0-%{width}x%{height}.jpg
99f6f80397b34d0b9a0cfd40f3801a35,29139,【💜初配信】地球人注意.ᐟ.ᐟ 您的兔兔好朋友🉑🉑即將抵達 ٩̋(ˊ•͈ ꇴ •͈ˋ)و【心 cocor0】,2024-09-13T17:25:11Z,https://www.youtube.com/watch?v=KYVmwpT9ECM,https://i.ytimg.com/vi/KYVmwpT9ECM/mqdefault.jpg
6c872a4043b84e4493877a42af684d1d,29045,不是想去日本玩，但國旅真的好貴.. #vtuber  #台v精華 #銀河galaxy #台V #vtuberclip  #vtuber中文  #台灣vtuber #shorts,2024-09-07T09:00:46Z,https://www.youtube.com/watch?v=rkz2OgAEtxc,https://i.ytimg.com/vi/rkz2OgAEtxc/mqdefault.jpg
e93bd1102e214cbaa71cc5b2e4a53595,28966,﹝中/日ok﹞20:00 跟很鬧的一群朋友玩很鬧的恐怖遊戲  ░ !指令 @earendelxdfp,2024-10-01T12:19:35Z,https://www.twitch.tv/videos/2264897841,https://static-cdn.jtvnw.net/cf_vods/d3vd9lfkzbru3h/42f3b2cac433d4ecb1b2_earendelxdfp_41630571175_1727785168//thumb/thumb0-%{width}x%{height}.jpg
c82ab1b4f8f64d1f84cae4ce09aa0dea,28755,小玩一下｜汐Seki｜!週邊 !指令,2024-09-16T14:45:47Z,https://www.twitch.tv/videos/2252581919,https://static-cdn.jtvnw.net/cf_vods/d3vd9lfkzbru3h/81d4347be1502e26b684_seki_meridian_41599977015_1726497941//thumb/thumb0-%{width}x%{height}.jpg
e93bd1102e214cbaa71cc5b2e4a53595,28672,﹝中/日ok﹞21:00 玩遊戲！在這之前先回村落看看大家是否安好 ░ !指令 @earendelxdfp,2024-09-24T12:35:58Z,https://www.twitch.tv/videos/2259147547,https://static-cdn.jtvnw.net/cf_vods/d3vd9lfkzbru3h/bc7ab212a27ff0ff2ee4_earendelxdfp_41614225255_1727181349//thumb/thumb0-%{width}x%{height}.jpg
f6a4e7aa8d0c4e5cb39d199845ec4d02,28594,9/31 小開一下  | !周邊 !3C !咪嚕娃娃 @vtuber_amiru,2024-10-01T09:30:28Z,https://www.twitch.tv/videos/2264838131,https://static-cdn.jtvnw.net/cf_vods/d3vd9lfkzbru3h/0b48306cf6ee15997bd8_vtuber_amiru_41630124647_1727775022//thumb/thumb0-%{width}x%{height}.jpg
15c9a54b946a40c38c07ea2f9efddfa5,28493,【煌Kirali】你們知道嗎 2+3=板凳,2024-09-13T08:33:28Z,https://www.twitch.tv/videos/2249848764,https://static-cdn.jtvnw.net/cf_vods/d3vd9lfkzbru3h/6df42e46ea25edbffa90_kirali_neon_41591319543_1726216399//thumb/thumb0-%{width}x%{height}.jpg
e93bd1102e214cbaa71cc5b2e4a53595,28471,﹝中/日ok﹞週六晚上找朋友聊聊天玩玩遊戲  ░ !指令 @earendelxdfp,2024-09-28T13:46:18Z,https://www.twitch.tv/videos/2262503457,https://static-cdn.jtvnw.net/cf_vods/d3vd9lfkzbru3h/3adb673322facb62ba82_earendelxdfp_41623949447_1727531172//thumb/thumb0-%{width}x%{height}.jpg
9d9c6477329245cbb2557895f4f15686,28352,/ᐠ. ̫ .ᐟ\ 09/22 多喝水遠離中暑.ᐟ.ᐟ 今晚11點ASMR ⸜♡⸝ !YT !LINE !手機殼 !周邊,2024-09-22T05:45:01Z,https://www.twitch.tv/videos/2257379803,https://static-cdn.jtvnw.net/cf_vods/d3vd9lfkzbru3h/0b6b376ec6324d85451d_iitifox_41608553655_1726983894//thumb/thumb0-%{width}x%{height}.jpg
e93bd1102e214cbaa71cc5b2e4a53595,28324,﹝中/日ok﹞楊教主搬家一整天心心念念想著教徒的身心健康 ░ !指令 @earendelxdfp,2024-09-25T11:53:24Z,https://www.twitch.tv/videos/2259943864,https://static-cdn.jtvnw.net/cf_vods/d3vd9lfkzbru3h/3cfc61930bbb69ee54e1_earendelxdfp_41616402983_1727265195//thumb/thumb0-%{width}x%{height}.jpg
73b97b1a35c84579aa8ffcd6534efad3,28309,面對外國人直接變I國人 | #vtuber #shorts #台v #vtuberclip #vtuber中文 #台v精華 #台vtuber,2024-09-28T08:08:24Z,https://www.youtube.com/watch?v=pRuqTRTg8xE,https://i.ytimg.com/vi/pRuqTRTg8xE/mqdefault.jpg
099a5fd0d27d4fc892f684793ac18c99,28225,伊甸惡意成員抄襲事件【懶人包】抄襲他人建築卻說是自己的『設計』,2024-09-04T08:19:05Z,https://www.youtube.com/watch?v=r9CFWJraLe4,https://i.ytimg.com/vi/r9CFWJraLe4/mqdefault.jpg
b4a1791208fd4d85b7b08ee2bad0c236,28179,總而言之不要讓阿基靠近廚房！！！！ #shorts #vtuber #台v  #煌,2024-09-09T10:00:20Z,https://www.youtube.com/watch?v=DO6HZvIP08U,https://i.ytimg.com/vi/DO6HZvIP08U/mqdefault.jpg
ea4c1a67c2e445ad8028768616ceb659,28121,【🥞CP廚默契問答！】考驗雙方默契的時間到了！今天肯定有糖可以嗑ㄅ！【洛可洛斯特 / VTUBER】FT.希翁/瑪格麗特諾爾絲,2024-09-13T17:10:11Z,https://www.youtube.com/watch?v=-QNLPmULNjs,https://i.ytimg.com/vi/-QNLPmULNjs/mqdefault.jpg
c540124532e14ceb8e9ffc654a0ec4c9,28049,【密技實況精華】頂獵老六又來陰人啦！｜#apex實況 #apex精華 #直播 #vtuber #台v #台灣vtuber #apex英雄,2024-09-08T04:00:03Z,https://www.youtube.com/watch?v=51RC65Zxcr4,https://i.ytimg.com/vi/51RC65Zxcr4/mqdefault.jpg
f6a4e7aa8d0c4e5cb39d199845ec4d02,27946,9/26 修行 | !周邊 !3C !咪嚕娃娃 @vtuber_amiru,2024-09-26T05:48:45Z,https://www.twitch.tv/videos/2260644651,https://static-cdn.jtvnw.net/cf_vods/d3vd9lfkzbru3h/176fb5866c4ff859733d_vtuber_amiru_41618010007_1727329718//thumb/thumb0-%{width}x%{height}.jpg
8bf35c3b9a9e461d825a9170555b71c2,27937,【澪Rei】什麼？Reirei的日本觀眾？！........Staff都騙我！ #vtuber #看這狸 #shorts,2024-09-30T13:15:21Z,https://www.youtube.com/watch?v=7uaEl_2yOBQ,https://i.ytimg.com/vi/7uaEl_2yOBQ/mqdefault.jpg
5535c9524eb046c38e172ebfa06b302f,27882,流螢大喜！速度10的手套！陽壽獻祭系列Part2！ #honkaistarrail #崩壞星穹鐵道 #璐洛洛,2024-09-04T05:00:00Z,https://www.youtube.com/watch?v=aFDU60wY5ug,https://i.ytimg.com/vi/aFDU60wY5ug/mqdefault.jpg
6943bbfc993443d4b3853833b3bb1a66,27835,Vtuber媽媽指控女兒是鍵盤俠‼️#shortsfunny #vtuber #短片 #台v #台灣vtuber #搞笑日常 #精華 #直播,2024-09-13T10:00:04Z,https://www.youtube.com/watch?v=5TEiq8hVewU,https://i.ytimg.com/vi/5TEiq8hVewU/mqdefault.jpg
c540124532e14ceb8e9ffc654a0ec4c9,27706,【爆笑實況精華】打APEX遇到科比布萊恩｜#apex實況 #apex精華 #直播 #vtuber #台v #台灣vtuber #apex英雄,2024-09-25T04:00:39Z,https://www.youtube.com/watch?v=oy7sLrAnwVk,https://i.ytimg.com/vi/oy7sLrAnwVk/mqdefault.jpg
6bd49f94afb144e995247388ca8c42a8,27697,【VLORANT小知識】必學！蓋克閃光的應用方式｜ #橙yuzumi #shorts,2024-09-04T10:00:10Z,https://www.youtube.com/watch?v=AspWdkKkF_o,https://i.ytimg.com/vi/AspWdkKkF_o/mqdefault.jpg
6bd49f94afb144e995247388ca8c42a8,27676,【橙Yuzumi】畫畫好難，我會yaho了 ｜ @yuzumi_neon  !手機殼 !LINE貼圖,2024-09-30T05:58:24Z,https://www.twitch.tv/videos/2264014849,https://static-cdn.jtvnw.net/cf_vods/d3vd9lfkzbru3h/4c2eb8e873e5a497692f_yuzumi_neon_41627581255_1727675898//thumb/thumb0-%{width}x%{height}.jpg
9d9c6477329245cbb2557895f4f15686,27529,/ᐠ. ̫ .ᐟ\ 09/05 ohoh ⸜♡⸝ 三周年LINE貼圖超可愛 .ᐟ.ᐟ !YT !LINE !手機殼 !周邊,2024-09-05T06:04:32Z,https://www.twitch.tv/videos/2243039981,https://static-cdn.jtvnw.net/cf_vods/d3vd9lfkzbru3h/f875f6af08fc1acdeacc_iitifox_41571374679_1725516266//thumb/thumb0-%{width}x%{height}.jpg
e78cffa246c24a1c88031151cad8c385,27494,謝謝水蜜桃這麼關心小Bana的感情生活,2024-09-08T10:39:49Z,https://www.youtube.com/watch?v=1aYrYHFinAM,https://i.ytimg.com/vi/1aYrYHFinAM/mqdefault.jpg
5535c9524eb046c38e172ebfa06b302f,27443,"要花你 648,000 信用點的隱藏成就？｜2.5版本🚀 #崩壞星穹鐵道 #honkaistarrail #璐洛洛",2024-09-15T04:30:02Z,https://www.youtube.com/watch?v=3xKkbPwz2v4,https://i.ytimg.com/vi/3xKkbPwz2v4/mqdefault.jpg
e93bd1102e214cbaa71cc5b2e4a53595,27435,﹝中/日ok﹞找到房子惹！回到家跟大家聊聊天看看要做甚麼 ░ !指令 @earendelxdfp,2024-09-22T13:43:57Z,https://www.twitch.tv/videos/2257585693,https://static-cdn.jtvnw.net/cf_vods/d3vd9lfkzbru3h/cb65ea1fb89ef3af72bb_earendelxdfp_41609700775_1727012628//thumb/thumb0-%{width}x%{height}.jpg
9d9c6477329245cbb2557895f4f15686,27409,/ᐠ. ̫ .ᐟ\ 09/14 時間過得好快 ⸜♡⸝ 三周年LINE貼圖超可愛 .ᐟ.ᐟ !YT !LINE !手機殼 !周邊,2024-09-14T06:18:46Z,https://www.twitch.tv/videos/2250673714,https://static-cdn.jtvnw.net/cf_vods/d3vd9lfkzbru3h/6c5e75543bfc3a0bfacb_iitifox_41593657831_1726294720//thumb/thumb0-%{width}x%{height}.jpg
c65e7caaf81a43249d5132b9fe312b24,27362,Violin Vtuber will calm your mind! #shorts,2024-09-13T10:14:18Z,https://www.youtube.com/watch?v=BkaN5vSapQY,https://i.ytimg.com/vi/BkaN5vSapQY/mqdefault.jpg
8bf35c3b9a9e461d825a9170555b71c2,27329,【澪Rei】烤焦耳朵的真相 #vtuber #看這狸 #shorts,2024-09-23T09:30:01Z,https://www.youtube.com/watch?v=2OVQRfk2URo,https://i.ytimg.com/vi/2OVQRfk2URo/mqdefault.jpg
2741a90689f342548daad7f760b0a8f7,27249,【#超露骨新衣裝🥵】為了生活 我脫了【希翁／Chion】,2024-09-26T14:14:16Z,https://www.youtube.com/watch?v=Ge15eS72YkQ,https://i.ytimg.com/vi/Ge15eS72YkQ/mqdefault.jpg
9d9c6477329245cbb2557895f4f15686,27242,/ᐠ. ̫ .ᐟ\ 09/04 晚上九點工商十點團練 ⸜♡⸝ 三周年LINE貼圖超可愛 .ᐟ.ᐟ !YT !LINE !手機殼 !周邊,2024-09-04T07:28:49Z,https://www.twitch.tv/videos/2242216867,https://static-cdn.jtvnw.net/cf_vods/d3vd9lfkzbru3h/66bbdd36fbaf6928244f_iitifox_41569069079_1725434922//thumb/thumb0-%{width}x%{height}.jpg
c82ab1b4f8f64d1f84cae4ce09aa0dea,27169,8點饑荒 ft. biki鬼鬼羽毛｜汐Seki｜!週邊 !指令,2024-09-12T11:33:15Z,https://www.twitch.tv/videos/2249090917,https://static-cdn.jtvnw.net/cf_vods/d3vd9lfkzbru3h/f75d644db3d37c69c1df_seki_meridian_41589335735_1726140788//thumb/thumb0-%{width}x%{height}.jpg
15c9a54b946a40c38c07ea2f9efddfa5,27168,【煌Kirali】演唱會結束了 該玩遊戲了,2024-09-19T12:48:01Z,https://www.twitch.tv/videos/2254973372,https://static-cdn.jtvnw.net/cf_vods/d3vd9lfkzbru3h/b8b58801de193ecf311b_kirali_neon_41602083575_1726750073//thumb/thumb0-%{width}x%{height}.jpg
f6a4e7aa8d0c4e5cb39d199845ec4d02,27006,【杏仁ミルNOTD精華】獅子丸「大楷是貓派，咪嚕是狗派❓」偶像又開始爆言啦！！ft. @JGamersTW @niconini11369 @Ubye,2024-09-07T04:00:37Z,https://www.youtube.com/watch?v=o82-V4AV9kk,https://i.ytimg.com/vi/o82-V4AV9kk/mqdefault.jpg
a9b855767b2d432c9f263e3427ff33a6,26962,【3D SHOWCASE】當塵埃落下時。#oumua3D ∷ 埃穆亞Oumua,2024-09-03T13:32:18Z,https://www.youtube.com/watch?v=M5Ujss9HRe4,https://i.ytimg.com/vi/M5Ujss9HRe4/mqdefault.jpg
fa5a7cdc259543259af42bb23f1e4041,26845,直播被黑粉罵  #Vtuber #vtuberclips #台v精華 #515 #515x20,2024-09-24T10:53:38Z,https://www.youtube.com/watch?v=x0PaX3K_zRw,https://i.ytimg.com/vi/x0PaX3K_zRw/mqdefault.jpg
5535c9524eb046c38e172ebfa06b302f,26817,【絕區零】凱撒👹全方位培養手冊▸超強霸體抗打斷，手殘黨閉著眼睛也能玩！ZZZ鍾離，給你最安心的輸出體驗！抽取建議/影畫效果/音擎/驅動推薦！ ▹璐洛洛◃,2024-09-25T14:00:31Z,https://www.youtube.com/watch?v=G6wRfJ65Qek,https://i.ytimg.com/vi/G6wRfJ65Qek/mqdefault.jpg
5535c9524eb046c38e172ebfa06b302f,26634,【鳴潮】守岸人🦋角色培養全攻略▸雙暴增傷生命奶！既是人權輔助，還是你老婆！維里奈再也不用過勞啦！聲骸搭配/隊友選擇/武器推薦/共鳴鏈效果/抽取建議! ▹璐洛洛◃,2024-09-30T14:10:31Z,https://www.youtube.com/watch?v=R4oFazhkqfM,https://i.ytimg.com/vi/R4oFazhkqfM/mqdefault.jpg
8bf35c3b9a9e461d825a9170555b71c2,26534,我有新FB粉專了請幫我按讚拜託✨ !FB !YT !通販 !LINE !DC !ff43 中文/Eng/日本語,2024-09-23T13:33:05Z,https://www.twitch.tv/videos/2258381742,https://static-cdn.jtvnw.net/cf_vods/d3vd9lfkzbru3h/6ba9386b0e3bd11e633c_reirei_neon_41612095063_1727098379//thumb/thumb0-%{width}x%{height}.jpg
c82ab1b4f8f64d1f84cae4ce09aa0dea,26512,9:30跟小黃玩玩｜汐Seki｜!週邊 !指令,2024-09-19T12:32:59Z,https://www.twitch.tv/videos/2254966515,https://static-cdn.jtvnw.net/cf_vods/d3vd9lfkzbru3h/1163c2505c4e62d2ebd1_seki_meridian_41602032151_1726749173//thumb/thumb0-%{width}x%{height}.jpg
c540124532e14ceb8e9ffc654a0ec4c9,26475,【密技實況精華】在APEX當水管工人｜#apex實況 #apex精華 #直播 #vtuber #台v #台灣vtuber #apex英雄,2024-09-20T10:00:06Z,https://www.youtube.com/watch?v=6Gpv2kdi4eY,https://i.ytimg.com/vi/6Gpv2kdi4eY/mqdefault.jpg
c540124532e14ceb8e9ffc654a0ec4c9,26435,【爆笑實況精華】把APEX當LOL在打的男人｜#apex實況 #apex精華 #直播 #vtuber #台v #台灣vtuber #apex英雄,2024-09-18T04:00:33Z,https://www.youtube.com/watch?v=e3U-n-ChmGU,https://i.ytimg.com/vi/e3U-n-ChmGU/mqdefault.jpg
a9f28d3e3d2a4ecb93ff10955be791d1,26323,【朋朋萬事屋】慶祝開業，委託開放中！ / 宵Yoruno ft. @SakuroMoonlit 、 @OboroMoonlit,2024-09-08T17:17:44Z,https://www.youtube.com/watch?v=oEhI4_U36Uw,https://i.ytimg.com/vi/oEhI4_U36Uw/mqdefault.jpg
9d9c6477329245cbb2557895f4f15686,26213,/ᐠ. ̫ .ᐟ\ 09/24 嘿嘿 你買了嗎  .ᐟ.ᐟ 超絕可愛LINE貼圖上架啦 ♡ !YT !LINE !手機殼 !周邊,2024-09-24T06:14:34Z,https://www.twitch.tv/videos/2259025379,https://static-cdn.jtvnw.net/cf_vods/d3vd9lfkzbru3h/1088f9128ac2ef9ce277_iitifox_41613409063_1727158468//thumb/thumb0-%{width}x%{height}.jpg
e93bd1102e214cbaa71cc5b2e4a53595,26156,【 #紅衣小女孩 愿 】恐遊擔當出動！！！！期待已久台灣團隊製作的恐遊捏！！！提早一點希望今天能一次破關！！ ░  #gaming  Stream,2024-09-19T19:07:36Z,https://www.youtube.com/watch?v=smxqnMpafRg,https://i.ytimg.com/vi/smxqnMpafRg/mqdefault.jpg
15c9a54b946a40c38c07ea2f9efddfa5,26086,【煌Kirali】低調團練 等等開酒館,2024-09-06T12:30:16Z,https://www.twitch.tv/videos/2243988580,https://static-cdn.jtvnw.net/cf_vods/d3vd9lfkzbru3h/62de6467e3cc63b8c8b9_kirali_neon_41574709319_1725625809//thumb/thumb0-%{width}x%{height}.jpg
5535c9524eb046c38e172ebfa06b302f,25947,【鳴潮】相里要💠角色培養全攻略▸真的太佛了！「免費五星」竟有「限定五星」強度？能時停、能緩速、操作簡單！趕快領取！聲骸搭配、隊友選擇、武器推薦、共鳴鏈效果 ▹璐洛洛◃,2024-09-08T14:00:26Z,https://www.youtube.com/watch?v=VCP2tB-ECwQ,https://i.ytimg.com/vi/VCP2tB-ECwQ/mqdefault.jpg
e93bd1102e214cbaa71cc5b2e4a53595,25938,【伴睡歌回】是否常常對自己說『沒事』？是對他人說，還是其實是說服自己呢？  ░  睡眠導入歌枠｜Singing Stream,2024-09-30T17:18:28Z,https://www.youtube.com/watch?v=EW31j0dILdI,https://i.ytimg.com/vi/EW31j0dILdI/mqdefault.jpg
6943bbfc993443d4b3853833b3bb1a66,25927,吉伊卡哇這樣會不會太過分❗️ #vtuber #台v #台灣vtuber #短片 #shorts #吉伊卡哇 #烏薩奇 #迷因 #迷因梗圖 #李青,2024-09-15T10:10:00Z,https://www.youtube.com/watch?v=Pv6-ZBahamc,https://i.ytimg.com/vi/Pv6-ZBahamc/mqdefault.jpg
a3ce195c0069494c99849d0b1a10a7fd,25711,四點瑞杏盃  #瑞杏盃 !瑞杏盃隊友｜#悠白 #Ubye,2024-09-15T07:17:59Z,https://www.twitch.tv/videos/2251572076,https://static-cdn.jtvnw.net/cf_vods/d3vd9lfkzbru3h/6c4a217c4c56860d701a_konyunubye_41596356487_1726384671//thumb/thumb0-%{width}x%{height}.jpg
8bf35c3b9a9e461d825a9170555b71c2,25696,【澪Rei】偷窺阿基換衣服的狸貓~~ 網友直呼太窺基!!!! #vtuber #看這狸 #shorts,2024-09-18T10:19:44Z,https://www.youtube.com/watch?v=mU89mmTQAcI,https://i.ytimg.com/vi/mU89mmTQAcI/mqdefault.jpg
f6a4e7aa8d0c4e5cb39d199845ec4d02,25648,8分鐘了解偶像Vtuber杏仁咪嚕 #杏仁ミル,2024-09-17T04:00:15Z,https://www.youtube.com/watch?v=Q5D7znFPqqQ,https://i.ytimg.com/vi/Q5D7znFPqqQ/mqdefault.jpg
e93bd1102e214cbaa71cc5b2e4a53595,25643,﹝中/日ok﹞((´∩ω∩｀) 剛回到家先來處理一下工作 ░ !指令 !連動中 !主台,2024-09-11T13:23:57Z,https://www.twitch.tv/videos/2248318697,https://static-cdn.jtvnw.net/cf_vods/d3vd9lfkzbru3h/740853e4b191eb845a36_earendelxdfp_41587348727_1726061031//thumb/thumb0-%{width}x%{height}.jpg
bafb134fd2f849898d6242d1f5f683cc,25575,【09.02】隊長老蘇不見ㄌ 跟別隊隊長和我的隊友團練／!指令 !抖影片,2024-09-02T13:17:15Z,https://www.twitch.tv/videos/2240630991,https://static-cdn.jtvnw.net/cf_vods/d3vd9lfkzbru3h/1dbb91d0b057bd278ded_nemesisxdfp_41564933063_1725283028//thumb/thumb0-%{width}x%{height}.jpg
6943bbfc993443d4b3853833b3bb1a66,25506,不能只有我破防🏚️ #vtuber #中文vtuber #台灣vtuber #迷因 #短片 #搞笑 #幽默,2024-09-23T10:10:00Z,https://www.youtube.com/watch?v=Q1chyaSd1_g,https://i.ytimg.com/vi/Q1chyaSd1_g/mqdefault.jpg
bafb134fd2f849898d6242d1f5f683cc,25440,【09.19】新賽季加分是不是變很少呀🤡／!指令 !抖影片,2024-09-20T06:00:36Z,https://www.twitch.tv/videos/2255648181,https://static-cdn.jtvnw.net/cf_vods/d3vd9lfkzbru3h/e731826ad59b8b5f341a_nemesisxdfp_41603553191_1726812031//thumb/thumb0-%{width}x%{height}.jpg
e93bd1102e214cbaa71cc5b2e4a53595,25229,﹝中/日ok﹞唱完剛剛你們點的歌!!!!再來打配團練囉!!!!!!!!!!!!!  ░ !指令 !連動中 !主台,2024-09-13T12:33:25Z,https://www.twitch.tv/videos/2249931437,https://static-cdn.jtvnw.net/cf_vods/d3vd9lfkzbru3h/c8e8d6d97d1d8e35aa72_earendelxdfp_41591913015_1726230799//thumb/thumb0-%{width}x%{height}.jpg
c540124532e14ceb8e9ffc654a0ec4c9,25220,【密技實況精華】暴風點動物園開張囉！ft.雨咩、萊瓦倫｜#apex實況 #apex精華 #直播 #vtuber #台v #台灣vtuber #apex英雄,2024-09-03T10:00:20Z,https://www.youtube.com/watch?v=OFunr3HdCg0,https://i.ytimg.com/vi/OFunr3HdCg0/mqdefault.jpg
c540124532e14ceb8e9ffc654a0ec4c9,25071,【爆笑實況精華】在電流區當忍者龜www｜#apex實況 #apex精華 #直播 #vtuber #台v #台灣vtuber #apex英雄,2024-09-04T10:00:06Z,https://www.youtube.com/watch?v=5YRD5pEBHj0,https://i.ytimg.com/vi/5YRD5pEBHj0/mqdefault.jpg
312fdd3c5e6d4aefa73fd3860ecc5613,25070,【#秋水伊人】中秋節接力歌回LA🤝本日第十六棒來LA #森森鈴蘭,2024-09-16T13:10:38Z,https://www.youtube.com/watch?v=0B9vWy1reAE,https://i.ytimg.com/vi/0B9vWy1reAE/mqdefault.jpg
5535c9524eb046c38e172ebfa06b302f,25006,可愛的花火脊隨劍怎麼拿？還有隱藏成就！#崩壞星穹鐵道 #honkaistarrail #璐洛洛,2024-09-15T09:00:14Z,https://www.youtube.com/watch?v=HFgG69pM-Yw,https://i.ytimg.com/vi/HFgG69pM-Yw/mqdefault.jpg
15c9a54b946a40c38c07ea2f9efddfa5,24935,【煌Kirali】我來了 我拿著700發子彈來了,2024-09-12T14:14:06Z,https://www.twitch.tv/videos/2249170790,https://static-cdn.jtvnw.net/cf_vods/d3vd9lfkzbru3h/eeb2e81efd090e53e3b8_kirali_neon_41589886039_1726150437//thumb/thumb0-%{width}x%{height}.jpg
9d9c6477329245cbb2557895f4f15686,24932,/ᐠ. ̫ .ᐟ\ 09/10 電競滑鼠墊樣品到了卻超級選擇困難 ⸜♡⸝ 三周年LINE貼圖超可愛 .ᐟ.ᐟ !YT !LINE !手機殼 !周邊,2024-09-10T07:31:26Z,https://www.twitch.tv/videos/2247358910,https://static-cdn.jtvnw.net/cf_vods/d3vd9lfkzbru3h/f61f7d85e5e84a5bd621_iitifox_41584074119_1725953481//thumb/thumb0-%{width}x%{height}.jpg
5535c9524eb046c38e172ebfa06b302f,24872,🔴【米遊廢人】19:30抽6+5飛霄&知更鳥✨｜ UID安心儲值→ !LD !曼德洛 (10單送月卡) ▹ @ruroroisme ◃,2024-09-10T11:17:25Z,https://www.twitch.tv/videos/2247426243,https://static-cdn.jtvnw.net/cf_vods/d3vd9lfkzbru3h/1f5b33d6b5d0730e7aac_ruroroisme_41584527751_1725967034//thumb/thumb0-%{width}x%{height}.jpg
e93bd1102e214cbaa71cc5b2e4a53595,24845,【伴睡歌回】總感覺時間不等人的急促感壓得人喘不過氣，『記得呼吸』這句話真的好珍貴好感激  ░  睡眠導入歌枠｜Singing Stream,2024-09-23T16:23:01Z,https://www.youtube.com/watch?v=VEK_dWihRHs,https://i.ytimg.com/vi/VEK_dWihRHs/mqdefault.jpg
e93bd1102e214cbaa71cc5b2e4a53595,24755,﹝中/日ok﹞((´∩ω∩｀) APEX團練習！ ░ !指令 !連動中 !主台,2024-09-05T15:32:19Z,https://www.twitch.tv/videos/2243267030,https://static-cdn.jtvnw.net/cf_vods/d3vd9lfkzbru3h/5e40a14775207b54481a_earendelxdfp_41572784567_1725550333//thumb/thumb0-%{width}x%{height}.jpg
fa5a7cdc259543259af42bb23f1e4041,24722,幾歲還是處男  #Vtuber #vtuberclips #台v精華 #515 #515x20,2024-09-12T12:46:06Z,https://www.youtube.com/watch?v=eWSEdvN55qs,https://i.ytimg.com/vi/eWSEdvN55qs/mqdefault.jpg
c82ab1b4f8f64d1f84cae4ce09aa0dea,24696,跟朋友快樂玩耍｜汐Seki｜!週邊 !指令,2024-09-26T12:22:49Z,https://www.twitch.tv/videos/2260769898,https://static-cdn.jtvnw.net/cf_vods/d3vd9lfkzbru3h/ec9683dbe3c780f38f5d_seki_meridian_41618816551_1727353363//thumb/thumb0-%{width}x%{height}.jpg
9d9c6477329245cbb2557895f4f15686,24691,/ᐠ. ̫ .ᐟ\ 09/13 今晚也來點ASMR吧 ⸜♡⸝ 三周年LINE貼圖超可愛 .ᐟ.ᐟ !YT !LINE !手機殼 !周邊,2024-09-13T07:50:28Z,https://www.twitch.tv/videos/2249836723,https://static-cdn.jtvnw.net/cf_vods/d3vd9lfkzbru3h/9aefeb5297a88da4dd6d_iitifox_41591247591_1726213821//thumb/thumb0-%{width}x%{height}.jpg
c82ab1b4f8f64d1f84cae4ce09aa0dea,24624,夏夢 Summer dream - 汐Seki【Official Music Video】,2024-09-28T13:40:23Z,https://www.youtube.com/watch?v=QoVAm801sDM,https://i.ytimg.com/vi/QoVAm801sDM/mqdefault.jpg
9d9c6477329245cbb2557895f4f15686,24608,/ᐠ. ̫ .ᐟ\ 09/17 中秋快樂 YAAY 大滿足狐狸來囉 晚上繼續批口怕2 ⸜♡⸝ 三周年LINE貼圖超可愛 .ᐟ.ᐟ !YT !LINE !手機殼 !周邊,2024-09-17T08:46:32Z,https://www.twitch.tv/videos/2253250395,https://static-cdn.jtvnw.net/cf_vods/d2nvs31859zcd8/57af10afcb55b05e417d_iitifox_44826271259_1726562786//thumb/thumb0-%{width}x%{height}.jpg
a3ce195c0069494c99849d0b1a10a7fd,24583,繼續上課練習，晚上NOTD #瑞杏盃 !瑞杏盃隊友｜#悠白 #Ubye,2024-09-05T09:19:19Z,https://www.twitch.tv/videos/2243097083,https://static-cdn.jtvnw.net/cf_vods/d3vd9lfkzbru3h/f35765a91dc96738487a_konyunubye_41571699383_1725527953//thumb/thumb0-%{width}x%{height}.jpg
15c9a54b946a40c38c07ea2f9efddfa5,24528,【企劃】最強嘉賓、最強化妝台 Ft. 虧喜、伊蓮、霓NEO(n)｜煌Kirali,2024-09-09T15:20:01Z,https://www.youtube.com/watch?v=d1-cv4R4o00,https://i.ytimg.com/vi/d1-cv4R4o00/mqdefault.jpg
7d66bf98da354f72baee891cdd91855b,24467,'Standing Next to You' - Jung Kook (정국)｜賽特珞 Cetro【Cover】,2024-09-25T12:00:32Z,https://www.youtube.com/watch?v=YViZZKCIuZI,https://i.ytimg.com/vi/YViZZKCIuZI/mqdefault.jpg
bafb134fd2f849898d6242d1f5f683cc,24429,【09.06】21:30 好朋友一起你畫我猜／!指令 !抖影片,2024-09-06T13:37:40Z,https://www.twitch.tv/videos/2244024430,https://static-cdn.jtvnw.net/cf_vods/d3vd9lfkzbru3h/07b195751e682aa02083_nemesisxdfp_41574958759_1725629854//thumb/thumb0-%{width}x%{height}.jpg
bafb134fd2f849898d6242d1f5f683cc,24258,【09.18】新賽季試著爬分！／!指令 !抖影片,2024-09-18T08:04:25Z,https://www.twitch.tv/videos/2254058535,https://static-cdn.jtvnw.net/cf_vods/d2nvs31859zcd8/67e8911a5d72d17894d7_nemesisxdfp_44830925339_1726646661//thumb/thumb0-%{width}x%{height}.jpg
215d93a2bd634b4cbeed0e88ae6d6e14,24230,【Minecraft】阿神花了三小時通關的跑酷有多難??? 當代最爛台V也來挑戰🤩,2024-09-21T10:00:05Z,https://www.youtube.com/watch?v=6XeV10NkgxI,https://i.ytimg.com/vi/6XeV10NkgxI/mqdefault.jpg
15c9a54b946a40c38c07ea2f9efddfa5,24145,【60000耐久歌雜】搬家前要唱歌要聊天！唐突等待六萬，到底會到還是我得先寫作業？｜煌Kirali,2024-09-21T17:02:54Z,https://www.youtube.com/watch?v=RkycPXIVDpo,https://i.ytimg.com/vi/RkycPXIVDpo/mqdefault.jpg
c540124532e14ceb8e9ffc654a0ec4c9,24103,【牽拖實況精華】不管怎樣就是外掛就對了｜#apex實況 #apex精華 #直播 #vtuber #台v #台灣vtuber #apex英雄,2024-09-14T07:23:15Z,https://www.youtube.com/watch?v=pjayaK5Fwec,https://i.ytimg.com/vi/pjayaK5Fwec/mqdefault.jpg
8d113670c4514e5bb28823a756385528,24012,【Debut Teaser】在這個世界的某個角落，我一直期待著和你的相遇【祈Iruni初亮相】,2024-09-22T12:00:06Z,https://www.youtube.com/watch?v=QJnMEKCnTSs,https://i.ytimg.com/vi/QJnMEKCnTSs/mqdefault.jpg
fa5a7cdc259543259af42bb23f1e4041,23978,國一就是大人了  #Vtuber #vtuberclips #台v精華 #515 #515x20,2024-09-05T11:40:18Z,https://www.youtube.com/watch?v=L3YMLSp3pyg,https://i.ytimg.com/vi/L3YMLSp3pyg/mqdefault.jpg
bafb134fd2f849898d6242d1f5f683cc,23937,【09.04】瑞杏盃練習賽！／!指令 !抖影片,2024-09-04T13:43:41Z,https://www.twitch.tv/videos/2242368402,https://static-cdn.jtvnw.net/cf_vods/d3vd9lfkzbru3h/e606cdb2902e38ad82cb_nemesisxdfp_41570074791_1725457415//thumb/thumb0-%{width}x%{height}.jpg
15c9a54b946a40c38c07ea2f9efddfa5,23913,【煌Kirali】這邊有隻紅色的尋血犬,2024-09-13T14:34:29Z,https://www.twitch.tv/videos/2249997724,https://static-cdn.jtvnw.net/cf_vods/d3vd9lfkzbru3h/b8ad5a20c02876595f1a_kirali_neon_41592319511_1726238063//thumb/thumb0-%{width}x%{height}.jpg
9d9c6477329245cbb2557895f4f15686,23869,/ᐠ. ̫ .ᐟ\ 09/25 快樂時光 .ᐟ.ᐟ 超絕可愛LINE貼圖上架啦 ♡ !YT !LINE !手機殼 !周邊,2024-09-25T05:33:05Z,https://www.twitch.tv/videos/2259826017,https://static-cdn.jtvnw.net/cf_vods/d3vd9lfkzbru3h/9210ce3d1b121a38a3c6_iitifox_41615684471_1727242378//thumb/thumb0-%{width}x%{height}.jpg
911d3403c8e84dc3b0c4a2f6017698b6,23866,【法院認證】春魚告我違約需賠償，法官判決春魚敗訴【蕾蒂希婭 Letizia】,2024-09-20T14:14:08Z,https://www.youtube.com/watch?v=Rp1oT5eL3CA,https://i.ytimg.com/vi/Rp1oT5eL3CA/mqdefault.jpg
fa5a7cdc259543259af42bb23f1e4041,23765,515要畢業了 #Vtuber #vtuberclips #台v精華 #515 #515x20,2024-09-21T09:19:15Z,https://www.youtube.com/watch?v=HIs3cm1OS_0,https://i.ytimg.com/vi/HIs3cm1OS_0/mqdefault.jpg
8bf35c3b9a9e461d825a9170555b71c2,23743,【澪Rei】來聽聽澪薯們都在說些什麼～  #vtuber #看這狸 #shorts,2024-09-14T10:00:17Z,https://www.youtube.com/watch?v=GyoRmUKK3sc,https://i.ytimg.com/vi/GyoRmUKK3sc/mqdefault.jpg
5535c9524eb046c38e172ebfa06b302f,23711,🔴【原神】滿命『基尼奇』來我家！雙蛋黃就多抽一份『空月祝福』！中秋節快洛！｜ UID安心儲值→ !LD !曼德洛 (10單送月卡) ▹ @ruroroisme ◃,2024-09-17T11:15:56Z,https://www.twitch.tv/videos/2253297317,https://static-cdn.jtvnw.net/cf_vods/d2nvs31859zcd8/4c623d5d8c727e8e720f_ruroroisme_44826749883_1726571749//thumb/thumb0-%{width}x%{height}.jpg
e93bd1102e214cbaa71cc5b2e4a53595,23680,【格式問題】高情商：獨一無二！低情商：你格式怎麼跟大家都不一樣？【厄倫蒂兒 Earendel】,2024-09-25T10:30:03Z,https://www.youtube.com/watch?v=5cjatW8z-pQ,https://i.ytimg.com/vi/5cjatW8z-pQ/mqdefault.jpg
7c06b9e316ce4ac18ce836cd72442bbe,23560,火鍋芋頭 #shorts,2024-09-21T05:31:07Z,https://www.youtube.com/watch?v=wiF9FOnQA8Q,https://i.ytimg.com/vi/wiF9FOnQA8Q/mqdefault.jpg
c540124532e14ceb8e9ffc654a0ec4c9,23556,【爆笑實況精華】暴風點隱柱笑爛｜#apex實況 #apex精華 #直播 #vtuber #台v #台灣vtuber #apex英雄,2024-09-03T04:14:13Z,https://www.youtube.com/watch?v=NYHk5rKB_gM,https://i.ytimg.com/vi/NYHk5rKB_gM/mqdefault.jpg
c65e7caaf81a43249d5132b9fe312b24,23522,"Violin playing Vtuber will put you to sleep (not forever, don't worry)  #shorts",2024-09-26T09:53:50Z,https://www.youtube.com/watch?v=Md984rOHiNg,https://i.ytimg.com/vi/Md984rOHiNg/mqdefault.jpg
3809ec8a42634d11aa1b7b8f99755c6a,23400,【花花】9/4  發呆  | !周邊  | !LINE貼圖 |  !委託,2024-09-05T05:10:59Z,https://www.twitch.tv/videos/2243020784,https://static-cdn.jtvnw.net/cf_vods/d3vd9lfkzbru3h/d15cdb230ff740742043_mayberuu_41571290423_1725513052//thumb/thumb0-%{width}x%{height}.jpg
c82ab1b4f8f64d1f84cae4ce09aa0dea,23395,跟小黃玩UC｜汐Seki｜!週邊 !指令,2024-09-05T12:24:32Z,https://www.twitch.tv/videos/2243164012,https://static-cdn.jtvnw.net/cf_vods/d3vd9lfkzbru3h/31fd3c22a8bd57737bfc_seki_meridian_41572210455_1725539064//thumb/thumb0-%{width}x%{height}.jpg
5535c9524eb046c38e172ebfa06b302f,23356,【配音練習】好吃到屁屁都要掉了啦! #蠟筆小新 #璐洛洛,2024-09-24T12:30:52Z,https://www.youtube.com/watch?v=uN069jVm0Ug,https://i.ytimg.com/vi/uN069jVm0Ug/mqdefault.jpg
76d68171666847cc913328359037139c,23246,【預告】初配信預告(才怪! ❤ #新人vtuber #vtuber準備中 #Una #台V,2024-09-26T02:00:27Z,https://www.youtube.com/watch?v=_9kQIuTuBUU,https://i.ytimg.com/vi/_9kQIuTuBUU/mqdefault.jpg
5535c9524eb046c38e172ebfa06b302f,23244,🔴【原神】滿命『基尼奇』來我家！雙蛋黃就多抽一份『空月祝福』！中秋節快洛！ ▹璐洛洛◃,2024-09-17T14:46:19Z,https://www.youtube.com/watch?v=Nzm9MCw1Tpo,https://i.ytimg.com/vi/Nzm9MCw1Tpo/mqdefault.jpg
4b6655120fbd4431a8f7894cac4a4d49,23232,劇情向ASMR｜耳朵清潔店的姊姊｜Ear Cleaning Shop Role Play｜耳エステ ロールプレイ｜귀 청소기 역할극,2024-09-21T10:36:09Z,https://www.youtube.com/watch?v=KeX1G-pALYU,https://i.ytimg.com/vi/KeX1G-pALYU/mqdefault.jpg
0641a9c8b9a94994aaa33e0c86fef75b,23198,庫小朋友ㄉ怪聲音時間 #vtuber #shorts #台V #vtuberclip #vtuber中文 #kuromu #kuromulive #asmr  #asmrsounds #福利,2024-09-11T09:00:22Z,https://www.youtube.com/watch?v=RRsnpbFCE4Y,https://i.ytimg.com/vi/RRsnpbFCE4Y/mqdefault.jpg
bafb134fd2f849898d6242d1f5f683cc,23177,【09.08】練一下APEX／!指令 !抖影片,2024-09-08T10:45:50Z,https://www.twitch.tv/videos/2245766504,https://static-cdn.jtvnw.net/cf_vods/d3vd9lfkzbru3h/820bee959dbbd991c236_nemesisxdfp_41579793143_1725792343//thumb/thumb0-%{width}x%{height}.jpg
bafb134fd2f849898d6242d1f5f683cc,23167,【09.14】每天練到鼠／!指令 !抖影片,2024-09-14T05:52:39Z,https://www.twitch.tv/videos/2250662948,https://static-cdn.jtvnw.net/cf_vods/d3vd9lfkzbru3h/f2d819c39c61caff1df1_nemesisxdfp_41593605943_1726293153//thumb/thumb0-%{width}x%{height}.jpg
8bf35c3b9a9e461d825a9170555b71c2,23150,【歌回】澪橙不睡覺來唱歌⋯⋯哦其實滿早的 ft. 租咪｜澪Rei,2024-09-20T15:29:50Z,https://www.youtube.com/watch?v=zISTlT7FV2I,https://i.ytimg.com/vi/zISTlT7FV2I/mqdefault.jpg
8d113670c4514e5bb28823a756385528,23122,恋愛サーキュレーション(Renai Circulation)／祈Iruni【Cover】,2024-09-24T12:00:31Z,https://www.youtube.com/watch?v=SGztP3X0V2A,https://i.ytimg.com/vi/SGztP3X0V2A/mqdefault.jpg
e93bd1102e214cbaa71cc5b2e4a53595,23009,【伴睡歌回】最近的夜晚充斥無力與無奈，希望能唱些歌讓你感覺到些許撫慰、可以喘口氣。  ░  睡眠導入歌枠｜Singing Stream,2024-09-09T15:47:19Z,https://www.youtube.com/watch?v=doZ0GGSiAcs,https://i.ytimg.com/vi/doZ0GGSiAcs/mqdefault.jpg
9cec24b011ee45648eb404066c997f49,22979,【R熙電台】VOL8：春魚創意大解密！當初為甚麼會想創立春魚？創立時有哪些辛酸血淚？挑選藝人的標準？未來又有甚麼規劃？一起來跟二號闆闆聊聊吧～✧◝(⁰▿⁰)◜✧█熙歌Cygnus,2024-09-23T15:46:39Z,https://www.youtube.com/watch?v=sB7c1md_0W0,https://i.ytimg.com/vi/sB7c1md_0W0/mqdefault.jpg
265a18972d244affae35711cfd1f9931,22760,瑞杏盃正賽! #認輸吧蘇男 !瑞杏盃 !隊友 !3D !週邊,2024-09-15T08:03:12Z,https://www.twitch.tv/videos/2251588115,https://static-cdn.jtvnw.net/cf_vods/d3vd9lfkzbru3h/c29064aab474d7fa2bdf_mirolivetabasuko88_41596447399_1726387385//thumb/thumb0-%{width}x%{height}.jpg
9d9c6477329245cbb2557895f4f15686,22613,/ᐠ. ̫ .ᐟ\ 09/28 晚上打魔儲盃 加油 ٩꒰ᐛ ( ᐖ ꒱۶ .ᐟ.ᐟ 超絕可愛LINE貼圖上架啦 ♡ !YT !LINE !手機殼 !周邊,2024-09-28T06:20:18Z,https://www.twitch.tv/videos/2262319001,https://static-cdn.jtvnw.net/cf_vods/d3vd9lfkzbru3h/7396989588588ab372f6_iitifox_41622884887_1727504413//thumb/thumb0-%{width}x%{height}.jpg
1c5619a4ece046dd8ba68ed343489ca3,22601,【台灣聲優太像周杰倫】中國人竟然分不清楚❓最後結局真的太可愛了🤣🤣,2024-09-14T09:23:29Z,https://www.youtube.com/watch?v=u324mXabD3w,https://i.ytimg.com/vi/u324mXabD3w/mqdefault.jpg
c65e7caaf81a43249d5132b9fe312b24,22582,Vtuber plays violin so you can honk shoo #shorts,2024-09-05T10:47:41Z,https://www.youtube.com/watch?v=t4emctArvo0,https://i.ytimg.com/vi/t4emctArvo0/mqdefault.jpg
bafb134fd2f849898d6242d1f5f683cc,22448,【09.05】#認罪吧蘇男 可能會有瑞杏盃訓練賽？／!指令 !抖影片,2024-09-05T13:44:00Z,https://www.twitch.tv/videos/2243205046,https://static-cdn.jtvnw.net/cf_vods/d3vd9lfkzbru3h/c32d2d33e0bdf170d2c9_nemesisxdfp_41572498695_1725543835//thumb/thumb0-%{width}x%{height}.jpg
5535c9524eb046c38e172ebfa06b302f,22374,必勝客 x 星穹鐵道！吃披薩拿周邊洛！#璐洛洛 #崩壞星穹鐵道 #必勝客,2024-09-27T12:00:43Z,https://www.youtube.com/watch?v=W7r30ccMrNE,https://i.ytimg.com/vi/W7r30ccMrNE/mqdefault.jpg
f6a4e7aa8d0c4e5cb39d199845ec4d02,22342,【杏仁ミルNOTD精華】氣氛對了！最終都是天使受傷？攻高防低的咪嚕出招！ft. @JGamersTW @niconini11369 @Ubye,2024-09-08T06:00:05Z,https://www.youtube.com/watch?v=CTHHMJl5O5E,https://i.ytimg.com/vi/CTHHMJl5O5E/mqdefault.jpg
5535c9524eb046c38e172ebfa06b302f,22300,【原神】滿命『瑪拉妮』抽卡精華▸『捕獲明光』不是都市傳說🌈實測0命精通沙&生命沙差別！▹璐洛洛◃,2024-09-06T13:30:22Z,https://www.youtube.com/watch?v=hKU9-_UvohU,https://i.ytimg.com/vi/hKU9-_UvohU/mqdefault.jpg
9d9c6477329245cbb2557895f4f15686,22220,/ᐠ. ̫ .ᐟ\ 09/30 今天晚上要打雀魂 ٩꒰ᐛ ( ᐖ ꒱۶ .ᐟ.ᐟ 超絕可愛LINE貼圖上架啦 ♡ !YT !LINE !手機殼 !周邊,2024-09-30T07:02:15Z,https://www.twitch.tv/videos/2264033127,https://static-cdn.jtvnw.net/cf_vods/d3vd9lfkzbru3h/716fb3cb42c9ed1a1b3d_iitifox_41627675607_1727679726//thumb/thumb0-%{width}x%{height}.jpg
c540124532e14ceb8e9ffc654a0ec4c9,22158,【密技實況精華】實現P2020莫三PEKO自由(疑似已修復）｜#apex實況 #apex精華 #直播 #vtuber #台v #台灣vtuber #apex英雄,2024-09-27T04:00:38Z,https://www.youtube.com/watch?v=hMfwf5TUaIU,https://i.ytimg.com/vi/hMfwf5TUaIU/mqdefault.jpg
8bf35c3b9a9e461d825a9170555b71c2,22117,我最喜歡的遊戲是純聊天 !YT !通販 !LINE !DC !ff43 中文/Eng/日本語,2024-09-18T13:05:28Z,https://www.twitch.tv/videos/2254165898,https://static-cdn.jtvnw.net/cf_vods/d2nvs31859zcd8/622edaba70220a43e2c1_reirei_neon_44831924571_1726664723//thumb/thumb0-%{width}x%{height}.jpg
5535c9524eb046c38e172ebfa06b302f,22018,【星穹鐵道】🚀貊澤 [培養全攻略]▸沒有托帕時的下位替代！「獵物」的機制要注意那些要點？光錐/遺器/配隊/畢業面板/星魂推薦 ▹璐洛洛◃,2024-09-13T14:30:21Z,https://www.youtube.com/watch?v=56H8O3RPrLs,https://i.ytimg.com/vi/56H8O3RPrLs/mqdefault.jpg
3d786b116dbc437e8684d7b46567a1e5,21789,【官方初配信精華】展現大人魅力的偶像？這...這就是我要的清涼照！？ 🛸💨 百百波美 ⌇ BarkBarkPomi,2024-09-19T14:01:16Z,https://www.youtube.com/watch?v=KqG04bHCFaU,https://i.ytimg.com/vi/KqG04bHCFaU/mqdefault.jpg
0999b4ac6dbf496aacc1d48be59c4df0,21527,如果蓓蓓在吉伊卡哇的世界裏！？ #ちいかわ #chiikawa #吉伊卡哇 #小桃  #vtuber,2024-09-13T10:45:00Z,https://www.youtube.com/watch?v=OALqXQ9J8lY,https://i.ytimg.com/vi/OALqXQ9J8lY/mqdefault.jpg
e93bd1102e214cbaa71cc5b2e4a53595,21464,【#秋水伊人】中秋快樂！今天的你也辛苦了！被歌聲圍繞的一整天，希望你開心　 #厄倫蒂兒 #D2 ░ 特別節日歌枠｜Singing Stream,2024-09-16T16:15:56Z,https://www.youtube.com/watch?v=itpbIbWNOjg,https://i.ytimg.com/vi/itpbIbWNOjg/mqdefault.jpg
15c9a54b946a40c38c07ea2f9efddfa5,21378,【#秋水伊人】中秋快樂，好想吃月餅！｜煌Kirali,2024-09-16T13:29:48Z,https://www.youtube.com/watch?v=KcTFpaD3HFY,https://i.ytimg.com/vi/KcTFpaD3HFY/mqdefault.jpg
f6a4e7aa8d0c4e5cb39d199845ec4d02,21345,【杏仁ミル精華】經典貓狗大戰！遜砲咪嚕的敗北日常 ft. @JGamersTW @niconini11369 @Ubye,2024-09-19T04:00:18Z,https://www.youtube.com/watch?v=S5qf-sl5udY,https://i.ytimg.com/vi/S5qf-sl5udY/mqdefault.jpg
312fdd3c5e6d4aefa73fd3860ecc5613,21317,【#直式】歌回LA #shorts #縦型配信 #森森鈴蘭,2024-09-12T14:52:04Z,https://www.youtube.com/watch?v=tIP2kJjp2eg,https://i.ytimg.com/vi/tIP2kJjp2eg/mqdefault.jpg
a0d4fad2fd3d4e4981947642a9dbafc4,21314,【Cover】真生活／朧Oboro,2024-09-07T13:30:19Z,https://www.youtube.com/watch?v=hOpyxPx9fOY,https://i.ytimg.com/vi/hOpyxPx9fOY/mqdefault.jpg
67d348e6690c43729cce031e70a26645,21233,一天不見，甚是想念 ｜9/11,2024-09-10T22:23:33Z,https://www.twitch.tv/videos/2247859819,https://static-cdn.jtvnw.net/cf_vods/d3vd9lfkzbru3h/52eebf21fc0622e6333e_hakuzenyo_41585760567_1726007004//thumb/thumb0-%{width}x%{height}.jpg
84d68bef71304aa089c10d2c33c9a107,21091,一起玩就會變成這樣😂【格萊伊Graal】10/15初配信 #graal #台v #新人vtuber #諦覓司 #apex #男子漢,2024-09-03T13:30:09Z,https://www.youtube.com/watch?v=JqJmXU2KMtM,https://i.ytimg.com/vi/JqJmXU2KMtM/mqdefault.jpg
6bd49f94afb144e995247388ca8c42a8,21071,【橙Yuzumi】 5GI5GI ｜ @yuzumi_neon  !瑞杏盃隊友  !手機殼 !LINE貼圖,2024-09-09T08:33:30Z,https://www.twitch.tv/videos/2246563798,https://static-cdn.jtvnw.net/cf_vods/d3vd9lfkzbru3h/9d61f6b91d0c2acac538_yuzumi_neon_41581826551_1725870803//thumb/thumb0-%{width}x%{height}.jpg
c540124532e14ceb8e9ffc654a0ec4c9,21051,【密技實況精華】暴風點關籠子點，欸隊友等等不是...我感到非常抱歉｜#apex實況 #apex精華 #直播 #vtuber #台v #台灣vtuber #apex英雄,2024-09-09T04:00:33Z,https://www.youtube.com/watch?v=gaIxaIheQ-U,https://i.ytimg.com/vi/gaIxaIheQ-U/mqdefault.jpg
15c9a54b946a40c38c07ea2f9efddfa5,20971,【煌Kirali】這是一隻感冒的豹豹,2024-10-01T10:03:34Z,https://www.twitch.tv/videos/2264847764,https://static-cdn.jtvnw.net/cf_vods/d2nvs31859zcd8/eab5529631fd0fd8420f_kirali_neon_39382669348_1727777008//thumb/thumb0-%{width}x%{height}.jpg
5bd39e2c6dcf4ff19436d8a5fa069464,20964,【Debut Teaser】聽見了嗎？在你心裡迴響的聲音【玥Itsuki初亮相】,2024-09-21T12:00:07Z,https://www.youtube.com/watch?v=_GD52Fm4IRo,https://i.ytimg.com/vi/_GD52Fm4IRo/mqdefault.jpg
e93bd1102e214cbaa71cc5b2e4a53595,20948,【歌雜】倫家週五想唱歌！但今天太晚睡，還在想要５點還是晚上８點，起床前請幫我投票！！  ░  歌雜｜Singing Stream,2024-09-20T14:40:33Z,https://www.youtube.com/watch?v=v7SsPILKhck,https://i.ytimg.com/vi/v7SsPILKhck/mqdefault.jpg
ffb8b8f15321474a98628cb638631bf1,20944,【Minecraft】被官方禁止的模組!? 試玩瑟瑟成人模組 - 「Jenny Mod」,2024-09-12T09:30:11Z,https://www.youtube.com/watch?v=bQHPsQf7m4E,https://i.ytimg.com/vi/bQHPsQf7m4E/mqdefault.jpg
15c9a54b946a40c38c07ea2f9efddfa5,20919,【煌Kirali】挑戰我今天的運氣,2024-09-27T09:37:44Z,https://www.twitch.tv/videos/2261522100,https://static-cdn.jtvnw.net/cf_vods/d2nvs31859zcd8/9417c63fd4a2c19e0baf_kirali_neon_39374077620_1727429858//thumb/thumb0-%{width}x%{height}.jpg
04d2ff1dde6b4bb68503a734274f4b7e,20855,【情境劇ASMR】🎧惡魔小護士的夜間看護 ♡ #asmr #中文音聲 #BeYourLover,2024-09-16T16:17:58Z,https://www.youtube.com/watch?v=wi0IblDvpTQ,https://i.ytimg.com/vi/wi0IblDvpTQ/mqdefault.jpg
2741a90689f342548daad7f760b0a8f7,20817,【希翁幫你寫作業】準備好幫大家二一囉【希翁／Chion】,2024-09-17T14:58:03Z,https://www.youtube.com/watch?v=vbKE7xSIolI,https://i.ytimg.com/vi/vbKE7xSIolI/mqdefault.jpg
8bf35c3b9a9e461d825a9170555b71c2,20642,【澪Rei】你們叫我課我就課，我是煌基拉利嗎？  #vtuber #看這狸 #shorts,2024-09-27T12:28:08Z,https://www.youtube.com/watch?v=WF8VGSjWCvw,https://i.ytimg.com/vi/WF8VGSjWCvw/mqdefault.jpg
6bd49f94afb144e995247388ca8c42a8,20578,【斜中之斜】想不到吧！還有這招👍｜ #橙yuzumi #shorts #apex,2024-09-19T10:00:22Z,https://www.youtube.com/watch?v=BrepadWcOQQ,https://i.ytimg.com/vi/BrepadWcOQQ/mqdefault.jpg
afa3e309e41044c5bffe17466607d481,20486,雪雪๐•ᴗ•๐ 9/16 7點種田 先DL @yukkkkiouo !自主訂閱支援 !魔儲 使用推薦碼註冊拿200元折價卷,2024-09-16T10:26:23Z,https://www.twitch.tv/videos/2252466060,https://static-cdn.jtvnw.net/cf_vods/d3vd9lfkzbru3h/936b973fc6dc1a00a0ae_yukkkkiouo_41599212071_1726482377//thumb/thumb0-%{width}x%{height}.jpg
6943bbfc993443d4b3853833b3bb1a66,20442,洗澡洗到被罵了🥹 #vtuber #台灣vtuber #台v #台v精華 #shortsfunny #短片 #露營 #搞笑,2024-09-08T10:10:00Z,https://www.youtube.com/watch?v=mtayHjdJcrQ,https://i.ytimg.com/vi/mtayHjdJcrQ/mqdefault.jpg
bafb134fd2f849898d6242d1f5f683cc,20431,【二周年紀念】你是不是有點動心 - 吳卓源／涅默Nemesis【Cover】,2024-09-26T13:00:22Z,https://www.youtube.com/watch?v=u2chuAkKgRw,https://i.ytimg.com/vi/u2chuAkKgRw/mqdefault.jpg
bafb134fd2f849898d6242d1f5f683cc,20412,【09.13】桂格悶豆格 那我要叫涅__／!指令 !抖影片,2024-09-13T07:31:24Z,https://www.twitch.tv/videos/2249831504,https://static-cdn.jtvnw.net/cf_vods/d3vd9lfkzbru3h/5fde0390f1a8af1797d6_nemesisxdfp_41591217815_1726212676//thumb/thumb0-%{width}x%{height}.jpg
ba562aad440d483e988d3ce7e7217c94,20406,[貓宮香草]  9/17 你沒有烤肉吃了 !，  想儲值找ME魔儲 !魔儲  !DC,2024-09-17T00:21:25Z,https://www.twitch.tv/videos/2253004761,https://static-cdn.jtvnw.net/cf_vods/d2nvs31859zcd8/a10522c27290efca40e7_vanilla_shironeko_44824429883_1726532479//thumb/thumb0-%{width}x%{height}.jpg
2741a90689f342548daad7f760b0a8f7,20386,【低角度歌回】哇...是我的新寵物^^...【希翁／Chion】,2024-09-04T16:24:43Z,https://www.youtube.com/watch?v=B75KHhEUdJw,https://i.ytimg.com/vi/B75KHhEUdJw/mqdefault.jpg
e93bd1102e214cbaa71cc5b2e4a53595,20267,【我是年輕人】我知道你們現在流行的歌！我也是年輕人捏！【厄倫蒂兒 Earendel】,2024-09-04T12:30:49Z,https://www.youtube.com/watch?v=kwGDvnlTt6I,https://i.ytimg.com/vi/kwGDvnlTt6I/mqdefault.jpg
f6a4e7aa8d0c4e5cb39d199845ec4d02,20205,【杏仁ミル精華】訓犬員咪嚕成功交會丁義在正確的時間稱讚隊友 ft. 丁義 【瑞杏盃團練】,2024-09-03T07:00:10Z,https://www.youtube.com/watch?v=AdlVWGhf11Q,https://i.ytimg.com/vi/AdlVWGhf11Q/mqdefault.jpg
8bf35c3b9a9e461d825a9170555b71c2,20164,【突發】沒人約我烤肉 我自己烤｜澪Rei,2024-09-17T15:57:14Z,https://www.youtube.com/watch?v=0XQbrbj6Pw8,https://i.ytimg.com/vi/0XQbrbj6Pw8/mqdefault.jpg
28a930938667442288010b333937e2ab,20087,爆紅上新聞的台灣男娘Vtuber...?,2024-09-14T04:52:05Z,https://www.youtube.com/watch?v=r1CgEdz9iyE,https://i.ytimg.com/vi/r1CgEdz9iyE/mqdefault.jpg
5535c9524eb046c38e172ebfa06b302f,20060,🟣 ASIA Lv.79【鳴潮】看直播拿限量禮包碼😲超強人權輔助『守岸人』來我家！ ▹璐洛洛◃,2024-09-29T15:28:57Z,https://www.youtube.com/watch?v=HIypgUmSI1o,https://i.ytimg.com/vi/HIypgUmSI1o/mqdefault.jpg
f6a4e7aa8d0c4e5cb39d199845ec4d02,20018,【#秋水伊人2024接力歌回】中秋月夜，唯你我二人共度此良辰【#杏仁ミル】,2024-09-16T11:48:32Z,https://www.youtube.com/watch?v=-6ZQR7yP4i4,https://i.ytimg.com/vi/-6ZQR7yP4i4/mqdefault.jpg
911d3403c8e84dc3b0c4a2f6017698b6,19972,春魚向蕾蒂提告但敗訴，法院判決蕾蒂全勝 #Shorts,2024-09-24T09:00:05Z,https://www.youtube.com/watch?v=6P9zxKpT4uU,https://i.ytimg.com/vi/6P9zxKpT4uU/mqdefault.jpg
a3ce195c0069494c99849d0b1a10a7fd,19957,七點鵝鴨殺十點NOTD｜#悠白 #Ubye,2024-09-20T10:59:47Z,https://www.twitch.tv/videos/2255738805,https://static-cdn.jtvnw.net/cf_vods/d3vd9lfkzbru3h/f14323b6662d8947a8b5_konyunubye_41604087367_1726829981//thumb/thumb0-%{width}x%{height}.jpg
8bf35c3b9a9e461d825a9170555b71c2,19910,瘋狂狸貓最後一小時 !YT !通販 !LINE !DC !ff43 中文/Eng/日本語,2024-09-08T15:01:41Z,https://www.twitch.tv/videos/2245913076,https://static-cdn.jtvnw.net/cf_vods/d3vd9lfkzbru3h/6f3c8f2dfa2127358be6_reirei_neon_41580545255_1725807696//thumb/thumb0-%{width}x%{height}.jpg
bafb134fd2f849898d6242d1f5f683cc,19828,【絕對不去】網咖只要去一次就會成癮！課本上面都有教！【涅默Nemesis】,2024-09-04T12:30:25Z,https://www.youtube.com/watch?v=fdPbfRSAzbs,https://i.ytimg.com/vi/fdPbfRSAzbs/mqdefault.jpg
9d9c6477329245cbb2557895f4f15686,19814,/ᐠ. ̫ .ᐟ\ 09/11 休閒時光 ⸜♡⸝ 三周年LINE貼圖超可愛 .ᐟ.ᐟ !YT !LINE !手機殼 !周邊,2024-09-11T07:24:06Z,https://www.twitch.tv/videos/2248186741,https://static-cdn.jtvnw.net/cf_vods/d3vd9lfkzbru3h/e890f0df68932e05b663_iitifox_41586446919_1726039440//thumb/thumb0-%{width}x%{height}.jpg
5535c9524eb046c38e172ebfa06b302f,19772,隨便升個聖遺物直接大畢業面板？燃燒主播陽壽系列Part3 #genshinimpact #原神 #璐洛洛,2024-09-18T09:01:47Z,https://www.youtube.com/watch?v=6LqkHRPwxsE,https://i.ytimg.com/vi/6LqkHRPwxsE/mqdefault.jpg
9d9c6477329245cbb2557895f4f15686,19698,/ᐠ. ̫ .ᐟ\ 09/29 19:oo極惡戰線 快下載我們一起玩 ٩꒰ᐛ ( ᐖ ꒱۶ .ᐟ.ᐟ 超絕可愛LINE貼圖上架啦 ♡ !YT !LINE !手機殼 !周邊,2024-09-29T06:11:52Z,https://www.twitch.tv/videos/2263187482,https://static-cdn.jtvnw.net/cf_vods/d3vd9lfkzbru3h/d9804c7673a5d78f9103_iitifox_41625376743_1727590306//thumb/thumb0-%{width}x%{height}.jpg
38391974f5af4fbbb6224e3d6f2f7fb3,19676,黑神話悟空DLC會有什麼地圖？獅駝嶺女兒國將會登場？｜廣東話｜粵語 CC中文字幕【黑咲游 hkvtuber】,2024-09-14T10:13:46Z,https://www.youtube.com/watch?v=-po1EfOuw8w,https://i.ytimg.com/vi/-po1EfOuw8w/mqdefault.jpg
0641a9c8b9a94994aaa33e0c86fef75b,19637,尻尻就尻尻 才不用覺得是什麼羞恥ㄉ事情勒  #vtuber #shorts #台V #vtuberclip #vtuber中文 #kuromu #kuromulive #性晚熟 #性,2024-09-04T09:00:45Z,https://www.youtube.com/watch?v=mgYgzaLEwY4,https://i.ytimg.com/vi/mgYgzaLEwY4/mqdefault.jpg
3005ff0c09064d7f924c506e1e9c18ba,19606,【猫夜凜】麥塊終於弄好了 | 9月訂閱優惠、贈訂Bonus | @nekoyarin |  !語音 !魔儲  | 9/29,2024-09-28T16:09:15Z,https://www.twitch.tv/videos/2262598003,https://static-cdn.jtvnw.net/cf_vods/d3vd9lfkzbru3h/4a426a0857db5b1c4a76_nekoyarin_41624308887_1727539748//thumb/thumb0-%{width}x%{height}.jpg
3f4650e05ceb41008bd16869780b7af1,19588,【貓咪大戰爭】從零開始的攻略計劃EP6 超高的血量！秒殺一切的存在！超平民攻略！兩套隊伍帶給你！狂亂坦克貓無課金攻略《水羽 ほむら》,2024-09-06T13:01:10Z,https://www.youtube.com/watch?v=zUcI9cV7ysc,https://i.ytimg.com/vi/zUcI9cV7ysc/mqdefault.jpg
9d9c6477329245cbb2557895f4f15686,19560,/ᐠ. ̫ .ᐟ\ 09/27 啊哇哇月底了捏 ٩꒰ᐛ ( ᐖ ꒱۶ .ᐟ.ᐟ 超絕可愛LINE貼圖上架啦 ♡ !YT !LINE !手機殼 !周邊,2024-09-27T07:32:44Z,https://www.twitch.tv/videos/2261487003,https://static-cdn.jtvnw.net/cf_vods/d3vd9lfkzbru3h/e0bca3a0d1c2d80eabbd_iitifox_41620491255_1727422358//thumb/thumb0-%{width}x%{height}.jpg
5535c9524eb046c38e172ebfa06b302f,19542,【鳴潮】1.3前瞻資訊懶人包💥▸守岸人、釉瑚登場！化身「雅美蝶」高速移動＋自動採集？超人性化的大量優化與更新！版本活動搶先看！ ▹璐洛洛◃,2024-09-21T14:15:27Z,https://www.youtube.com/watch?v=b5qUULf7aFc,https://i.ytimg.com/vi/b5qUULf7aFc/mqdefault.jpg
a000aa1d3ea7489c993277d33ab2457e,19530,【09/26】回來了wawa，把所有事情都處理好了 !yt @moondogs_celestial,2024-09-26T06:36:17Z,https://www.twitch.tv/videos/2260659550,https://static-cdn.jtvnw.net/cf_vods/d3vd9lfkzbru3h/a4f9e00e0e8a47eab42b_moondogs_celestial_41618080647_1727332569//thumb/thumb0-%{width}x%{height}.jpg
9d9c6477329245cbb2557895f4f15686,19396,/ᐠ. ̫ .ᐟ\ 09/30 无畏契约 國福挑戰啟動 ٩꒰ᐛ ( ᐖ ꒱۶ .ᐟ.ᐟ 超絕可愛LINE貼圖上架啦 ♡ !YT !LINE !手機殼 !周邊,2024-10-01T07:25:21Z,https://www.twitch.tv/videos/2264803724,https://static-cdn.jtvnw.net/cf_vods/d3vd9lfkzbru3h/65814aecfbcbfd4594be_iitifox_41629916439_1727767515//thumb/thumb0-%{width}x%{height}.jpg
91919c2ad07a4db88e0b4cfbc1739940,19374,【ASMR / 3DIO FS XLR】#睡眠導入 | 隔壁人妻的深入交流❤️ | #耳舐め #囁き #耳かき #生乳心音  | 赤姬紅葉,2024-09-13T17:04:08Z,https://www.youtube.com/watch?v=tJDrAY9czzI,https://i.ytimg.com/vi/tJDrAY9czzI/mqdefault.jpg
a3ce195c0069494c99849d0b1a10a7fd,19335,出門整天終於爬回 #瑞杏盃 !瑞杏盃隊友｜#悠白 #Ubye,2024-09-10T12:42:38Z,https://www.twitch.tv/videos/2247463306,https://static-cdn.jtvnw.net/cf_vods/d3vd9lfkzbru3h/483fd3fe9806509aae40_konyunubye_41584808631_1725972151//thumb/thumb0-%{width}x%{height}.jpg
5535c9524eb046c38e172ebfa06b302f,19273,和貊澤來玩躲貓貓？2.5隱藏成就！ #崩壞星穹鐵道 #honkaistarrail #璐洛洛,2024-09-12T09:30:11Z,https://www.youtube.com/watch?v=KrPzHqU7fWM,https://i.ytimg.com/vi/KrPzHqU7fWM/mqdefault.jpg
e93bd1102e214cbaa71cc5b2e4a53595,19156,【午休歌雜】周二的下午你會很忙嗎？有時間的話要不要來聽我唱一下陪我聊一下呢？  ░  睡眠導入歌枠｜Singing Stream,2024-09-03T08:23:25Z,https://www.youtube.com/watch?v=LmgGoVuQfHk,https://i.ytimg.com/vi/LmgGoVuQfHk/mqdefault.jpg
e93bd1102e214cbaa71cc5b2e4a53595,19081,﹝中/日ok﹞作息壞掉，早安教徒，小女子來點餐吃飯看影片聊天  ░ !指令 @earendelxdfp,2024-09-27T15:13:41Z,https://www.twitch.tv/videos/2261677250,https://static-cdn.jtvnw.net/cf_vods/d3vd9lfkzbru3h/bf4f8cb020e5fc57d21b_earendelxdfp_41621664231_1727450012//thumb/thumb0-%{width}x%{height}.jpg
e93bd1102e214cbaa71cc5b2e4a53595,19080,【#秋水伊人】中秋快樂！與大家帶來帶來一整天的好歌曲送給大家！#厄倫蒂兒 #D2  ░  特別節日歌枠｜Singing Stream,2024-09-16T05:02:50Z,https://www.youtube.com/watch?v=qIg7dGhuoxE,https://i.ytimg.com/vi/qIg7dGhuoxE/mqdefault.jpg
0641a9c8b9a94994aaa33e0c86fef75b,19040,想被踢蛋蛋什麼的真ㄉ好奇怪== #vtuber #shorts #台V #vtuberclip #vtuber中文 #kuromu #kuromulive #性癖,2024-09-09T09:00:03Z,https://www.youtube.com/watch?v=2kdfaZZuOnA,https://i.ytimg.com/vi/2kdfaZZuOnA/mqdefault.jpg
c82ab1b4f8f64d1f84cae4ce09aa0dea,18990,【兩週年】吃了誠實豆沙包的Q&A｜汐Seki,2024-09-25T16:34:03Z,https://www.youtube.com/watch?v=azs4N2hgsUw,https://i.ytimg.com/vi/azs4N2hgsUw/mqdefault.jpg
fa5a7cdc259543259af42bb23f1e4041,18949,人跟人是有貴賤的 ? #Vtuber #vtuberclips #台v精華 #515 #515x20,2024-09-10T11:49:34Z,https://www.youtube.com/watch?v=EVwiM42ZLPw,https://i.ytimg.com/vi/EVwiM42ZLPw/mqdefault.jpg
7d66bf98da354f72baee891cdd91855b,18927,Cetro - 5 M.A. (reimagined) #5MAchallenge,2024-09-04T11:30:07Z,https://www.youtube.com/watch?v=EY_CkX3eRb8,https://i.ytimg.com/vi/EY_CkX3eRb8/mqdefault.jpg
f6a4e7aa8d0c4e5cb39d199845ec4d02,18887,【杏仁ミル精華】戀愛雷達大響，獅子丸全都懂！咪嚕跟大楷如何成為永遠的仇人？！NOTD精華中的精華 ft. @JGamersTW @niconini11369 @Ubye,2024-09-16T07:30:17Z,https://www.youtube.com/watch?v=sshlbWz7kt4,https://i.ytimg.com/vi/sshlbWz7kt4/mqdefault.jpg
8bf35c3b9a9e461d825a9170555b71c2,18879,嗨....嗨，聊天咪 !YT !通販 !LINE !DC !ff43 中文/Eng/日本語,2024-09-20T13:57:36Z,https://www.twitch.tv/videos/2255824977,https://static-cdn.jtvnw.net/cf_vods/d3vd9lfkzbru3h/64ce474d37dd79632227_reirei_neon_41604688103_1726840650//thumb/thumb0-%{width}x%{height}.jpg
c65e7caaf81a43249d5132b9fe312b24,18741,Vtuber plays violin for you to honk mimimi #shorts,2024-09-11T10:00:16Z,https://www.youtube.com/watch?v=Y924fchj9tI,https://i.ytimg.com/vi/Y924fchj9tI/mqdefault.jpg
8bf35c3b9a9e461d825a9170555b71c2,18739,開台吃布丁 !YT !通販 !LINE !DC !ff43 中文/Eng/日本語,2024-09-06T15:52:20Z,https://www.twitch.tv/videos/2244104371,https://static-cdn.jtvnw.net/cf_vods/d3vd9lfkzbru3h/8f15ce00c52285659d7c_reirei_neon_41575345399_1725637931//thumb/thumb0-%{width}x%{height}.jpg
3f4650e05ceb41008bd16869780b7af1,18688,【貓咪大戰爭】從零開始的攻略計劃EP5 狂亂系列的開端！新手的噩夢！狂亂小貓 無課金攻略！《水羽 ほむら》,2024-09-03T14:00:12Z,https://www.youtube.com/watch?v=H7Dl4HgEH2o,https://i.ytimg.com/vi/H7Dl4HgEH2o/mqdefault.jpg
9d9c6477329245cbb2557895f4f15686,18678,/ᐠ. ̫ .ᐟ\ 09/23 超絕可愛LINE貼圖要出世啦 .ᐟ.ᐟ wawa ♡⸝ !YT !LINE !手機殼 !周邊,2024-09-23T10:48:24Z,https://www.twitch.tv/videos/2258311557,https://static-cdn.jtvnw.net/cf_vods/d3vd9lfkzbru3h/7c9a30093a49c107d5a0_iitifox_41611576263_1727088498//thumb/thumb0-%{width}x%{height}.jpg
15c9a54b946a40c38c07ea2f9efddfa5,18612,【就是要唱豹】超低成本演唱會｜煌Kirali,2024-09-19T13:07:57Z,https://www.youtube.com/watch?v=T7vthz3F32I,https://i.ytimg.com/vi/T7vthz3F32I/mqdefault.jpg
7d66bf98da354f72baee891cdd91855b,18589,ネバーフィクション - Kanaria、星街すいせい | 【賽特珞Cetro】10/16初配信 #cetro #台v #新人vtuber #諦覓司,2024-09-11T13:00:22Z,https://www.youtube.com/watch?v=LWWWf1_ychc,https://i.ytimg.com/vi/LWWWf1_ychc/mqdefault.jpg
c82ab1b4f8f64d1f84cae4ce09aa0dea,18578,成為冷酷槍女 DAY 3｜汐Seki｜!週邊 !指令,2024-09-10T15:11:29Z,https://www.twitch.tv/videos/2247545958,https://static-cdn.jtvnw.net/cf_vods/d3vd9lfkzbru3h/b60566db9376c5163c4c_seki_meridian_41585257095_1725981083//thumb/thumb0-%{width}x%{height}.jpg
88aa589d4a3648738e49243d2056d03b,18494,小孩子才做選擇 #台v #台灣vtuber #vtuber #vtuber中文,2024-09-25T10:01:00Z,https://www.youtube.com/watch?v=l3CWIAQ2_Vs,https://i.ytimg.com/vi/l3CWIAQ2_Vs/mqdefault.jpg
fe1abd28f3114015ac31ae1821e8dd3f,18399,這才是正確的跑酷方法？#蕗Live #Alluria,2024-09-06T00:00:11Z,https://www.youtube.com/watch?v=EcuOk1_5AbQ,https://i.ytimg.com/vi/EcuOk1_5AbQ/mqdefault.jpg
8267ea37c12a471a8a038f501832e099,18383,【告知】我沒有跟觀眾約 但我可能提告某位V【萊菈 希格娜斯】,2024-09-22T13:35:32Z,https://www.youtube.com/watch?v=w6e729qYOXU,https://i.ytimg.com/vi/w6e729qYOXU/mqdefault.jpg
6943bbfc993443d4b3853833b3bb1a66,18270,學起來終結單身的日子😍 #vtuber #台灣vtuber #vtuber中文 #短片 #shortsfunny #冷知識 #迷因,2024-09-19T10:05:01Z,https://www.youtube.com/watch?v=WMVfy50Havg,https://i.ytimg.com/vi/WMVfy50Havg/mqdefault.jpg
14a9a08fbdc641e8ac8c384dedfccf0a,18257,【英文歌回】Sing with me【朔Sakuro】,2024-09-11T14:19:33Z,https://www.youtube.com/watch?v=Ns0K9PZhKmY,https://i.ytimg.com/vi/Ns0K9PZhKmY/mqdefault.jpg
8bf35c3b9a9e461d825a9170555b71c2,18221,【澪Rei】我比較想當干絲渣男!! 欣慰能看到姊姊的另一面 #vtuber #看這狸 #shorts,2024-09-25T09:30:01Z,https://www.youtube.com/watch?v=auSvxYCIrIY,https://i.ytimg.com/vi/auSvxYCIrIY/mqdefault.jpg
c82ab1b4f8f64d1f84cae4ce09aa0dea,18127,【煌sir有汐】回歸寫歌 寫完解散 ft. @煌Kirali｜汐Seki,2024-09-10T15:17:09Z,https://www.youtube.com/watch?v=ENA-DziSZ00,https://i.ytimg.com/vi/ENA-DziSZ00/mqdefault.jpg
bafb134fd2f849898d6242d1f5f683cc,18126,【09.26】出道兩年的星星速隨！ ／!指令 !抖影片 !YT,2024-09-26T04:50:42Z,https://www.twitch.tv/videos/2260623322,https://static-cdn.jtvnw.net/cf_vods/d3vd9lfkzbru3h/324a83b8bcf2266bf69f_nemesisxdfp_41617930055_1727326233//thumb/thumb0-%{width}x%{height}.jpg
215d93a2bd634b4cbeed0e88ae6d6e14,18124,終界門??假的!!!!,2024-09-07T11:00:52Z,https://www.youtube.com/watch?v=qeeHD1yrsUM,https://i.ytimg.com/vi/qeeHD1yrsUM/mqdefault.jpg
a3ce195c0069494c99849d0b1a10a7fd,18115,見習上課 #瑞杏盃 !瑞杏盃隊友｜#悠白 #Ubye,2024-09-03T06:33:05Z,https://www.twitch.tv/videos/2241365787,https://static-cdn.jtvnw.net/cf_vods/d3vd9lfkzbru3h/8d2d23a0b85ebc843550_konyunubye_41566451191_1725345178//thumb/thumb0-%{width}x%{height}.jpg
bafb134fd2f849898d6242d1f5f683cc,18098,【09.03】#認罪吧蘇男 團練！／!指令 !抖影片,2024-09-03T15:16:28Z,https://www.twitch.tv/videos/2241577276,https://static-cdn.jtvnw.net/cf_vods/d3vd9lfkzbru3h/8189f2f312c13916e18e_nemesisxdfp_41567828343_1725376581//thumb/thumb0-%{width}x%{height}.jpg
a9f28d3e3d2a4ecb93ff10955be791d1,17997,歡迎光臨月蝕屋 / 宵Yoruno【原創故事】 ft. @SakuroMoonlit、@OboroMoonlit,2024-09-03T11:00:21Z,https://www.youtube.com/watch?v=prL6KAcOLBQ,https://i.ytimg.com/vi/prL6KAcOLBQ/mqdefault.jpg
14a9a08fbdc641e8ac8c384dedfccf0a,17867,【哄睡歌回】突發！一天的壓力就由我來幫你們舒緩吧【朔Sakuro】,2024-09-10T17:41:50Z,https://www.youtube.com/watch?v=9iC26fbleNY,https://i.ytimg.com/vi/9iC26fbleNY/mqdefault.jpg
6bd49f94afb144e995247388ca8c42a8,17856,【五萬訂閱感謝】我真的不知道為甚麼大家會想看老鼠模擬器【橙Yuzumi】,2024-09-23T14:40:24Z,https://www.youtube.com/watch?v=X3GOMwPxsAs,https://i.ytimg.com/vi/X3GOMwPxsAs/mqdefault.jpg
a9f6574e98f34b20a05269134930fb50,17844,【雑談】推離開了很遠的地方，我的心情還跟不上。最近的事情我來跟你講一下 /茸茸鼠,2024-09-03T16:06:59Z,https://www.youtube.com/watch?v=VSTl5tywznA,https://i.ytimg.com/vi/VSTl5tywznA/mqdefault.jpg
a6a4e83ae23140e6bd1f7c817af8f864,17807,【 #ASMR 】超溫柔0距離哄你入睡♡耐えないほどの優しさで寝かしつけ【露熙妲 Luxida．Vtuber】  （無廣告/広告なし）,2024-09-14T16:44:19Z,https://www.youtube.com/watch?v=7yohPV006bE,https://i.ytimg.com/vi/7yohPV006bE/mqdefault.jpg
a9f6574e98f34b20a05269134930fb50,17799,【#秋水伊人】中秋接力歌回！直到最後一刻都要享受！！Karaoke🐭Singing Stream　※日本語と中国語/茸茸鼠,2024-09-16T15:40:01Z,https://www.youtube.com/watch?v=YAjo8Jiu85E,https://i.ytimg.com/vi/YAjo8Jiu85E/mqdefault.jpg
15c9a54b946a40c38c07ea2f9efddfa5,17763,【煌Kirali】每天都在挑戰室友極限,2024-09-24T10:24:26Z,https://www.twitch.tv/videos/2259096117,https://static-cdn.jtvnw.net/cf_vods/d2nvs31859zcd8/ae7f7ae666e8d8c90195_kirali_neon_39367528372_1727173461//thumb/thumb0-%{width}x%{height}.jpg
3809ec8a42634d11aa1b7b8f99755c6a,17761,【花花】9/22 早安畫圖台 @mayberuu  | !周邊  | !LINE貼圖 |  !委託 | !新衣裝,2024-09-21T22:47:18Z,https://www.twitch.tv/videos/2257107895,https://static-cdn.jtvnw.net/cf_vods/d3vd9lfkzbru3h/32b0c3e8c5871fa39dd4_mayberuu_41608001607_1726958830//thumb/thumb0-%{width}x%{height}.jpg
2694a505a0e0441bb99b49e8ce1f7473,17742,【9/7】寵物攝影機真是個偉大的發明｜自主訂閱買半年七折喔！！｜  @kannazukilubee ｜!yt !抖內 !會員 !7tv !指令 !手機殼 !瑞杏盃,2024-09-07T14:05:13Z,https://www.twitch.tv/videos/2244957003,https://static-cdn.jtvnw.net/cf_vods/d3vd9lfkzbru3h/3106e9f5520172b176ce_kannazukilubee_41577792599_1725717905//thumb/thumb0-%{width}x%{height}.jpg
bafb134fd2f849898d6242d1f5f683cc,17730,【歡迎加入】捏摸魚工作室！您入職的最佳選擇！【涅默Nemesis】,2024-09-11T10:30:07Z,https://www.youtube.com/watch?v=ERtdfL9774g,https://i.ytimg.com/vi/ERtdfL9774g/mqdefault.jpg
a3ce195c0069494c99849d0b1a10a7fd,17699,【#悠白音聲ASMR 53 -blue-】製作人悠P今晚也同樣絮絮細語｜ #悠白 #Ubye #中文音聲 #ASMR #音聲 #3dio,2024-09-08T16:32:04Z,https://www.youtube.com/watch?v=IjrFND-fd6s,https://i.ytimg.com/vi/IjrFND-fd6s/mqdefault.jpg
5a934764983e45959855735b79bcc90e,17654,〖#歌回〗初配信結束啦！開心！ヽ(=^･ω･^=)丿來唱一些喜歡的歌延續這份開心！｜量產型猫飼步歌貳貳機 Fuka22,2024-09-11T14:35:15Z,https://www.youtube.com/watch?v=i1wK37qrAiQ,https://i.ytimg.com/vi/i1wK37qrAiQ/mqdefault.jpg
bafb134fd2f849898d6242d1f5f683cc,17654,【09.03】練一下Apex／!指令 !抖影片,2024-09-03T05:21:06Z,https://www.twitch.tv/videos/2241341564,https://static-cdn.jtvnw.net/cf_vods/d3vd9lfkzbru3h/7e9adefde31caa172830_nemesisxdfp_41566321559_1725340859//thumb/thumb0-%{width}x%{height}.jpg
e93bd1102e214cbaa71cc5b2e4a53595,17637,【歌雜】週五下班不能不嗨！好辣只是想要唱些歌給你們聽！一起度過舒服的午後吧  ░ 歌枠｜Singing Stream,2024-09-13T12:29:06Z,https://www.youtube.com/watch?v=j-l3qeG8ZPg,https://i.ytimg.com/vi/j-l3qeG8ZPg/mqdefault.jpg
312fdd3c5e6d4aefa73fd3860ecc5613,17615,【歌回LA】穩妥的正常歌回LA🎤開心唱歌吧 #森森鈴蘭,2024-09-07T14:06:53Z,https://www.youtube.com/watch?v=Ujyk3H3sfKQ,https://i.ytimg.com/vi/Ujyk3H3sfKQ/mqdefault.jpg
17c335762a694402b8cb9a96b2865572,17612,Thirteen ASMR福利向💜|催眠姊姊♡讓平時欺負你姊姊服從你的命令♡小母狗/小嬌妻任您挑選♡| Earlicking Kissing|拾參Thirteen/ VTuber,2024-09-22T16:51:38Z,https://www.youtube.com/watch?v=sF63CoE6FmE,https://i.ytimg.com/vi/sF63CoE6FmE/mqdefault.jpg
50a0835b66844b0ab84f573934f20989,17605,【官方精華】竟然不如區區一隻老鼠💧你們心裡真的有我嗎【蘿貝塔 VTuber】#vtuber #台灣vtuber #vtuber精華 #shorts,2024-09-04T04:00:29Z,https://www.youtube.com/watch?v=t-yrP4PkTak,https://i.ytimg.com/vi/t-yrP4PkTak/mqdefault.jpg
15c9a54b946a40c38c07ea2f9efddfa5,17559,【企劃】阿基告解室: 但是是阿基在告解｜煌Kirali,2024-09-11T16:37:01Z,https://www.youtube.com/watch?v=SfNyXbECXUo,https://i.ytimg.com/vi/SfNyXbECXUo/mqdefault.jpg
15c9a54b946a40c38c07ea2f9efddfa5,17495,【煌Kirali】煮飯就是需要一點創意 #vtuber #shorts,2024-09-25T22:00:08Z,https://www.youtube.com/watch?v=8xbuE4W5gis,https://i.ytimg.com/vi/8xbuE4W5gis/mqdefault.jpg
c04f006e69e04000a68cd0c41f888eb2,17422,【✧ 2.0新衣裝發表 ✧】不一樣的我，即使樣貌變了...糧食們也會認得我嗎 | Rluo Ch. 阿洛,2024-09-09T14:14:50Z,https://www.youtube.com/watch?v=cpiV109rj9s,https://i.ytimg.com/vi/cpiV109rj9s/mqdefault.jpg
9d9c6477329245cbb2557895f4f15686,17422,/ᐠ. ̫ .ᐟ\ 09/26 想大家了 ٩꒰ᐛ ( ᐖ ꒱۶ .ᐟ.ᐟ 超絕可愛LINE貼圖上架啦 ♡ !YT !LINE !手機殼 !周邊,2024-09-26T09:07:18Z,https://www.twitch.tv/videos/2260702080,https://static-cdn.jtvnw.net/cf_vods/d3vd9lfkzbru3h/a0d0314cea1242cf2482_iitifox_41618322999_1727341632//thumb/thumb0-%{width}x%{height}.jpg
c82ab1b4f8f64d1f84cae4ce09aa0dea,17398,大破防 #Shorts,2024-09-21T10:00:25Z,https://www.youtube.com/watch?v=Hhq2pDn4SnI,https://i.ytimg.com/vi/Hhq2pDn4SnI/mqdefault.jpg
e150e350532b4327b26989dd43cd3bad,17332,【艾比官方精華】小時候抓過男生的小泥鰍 !? 好好玩喔 ! #vtuber #shorts #vtuberclip #台V #vtuber中文  | 艾比 . Rabi Ch,2024-09-21T02:00:19Z,https://www.youtube.com/watch?v=MS39BVlAmY8,https://i.ytimg.com/vi/MS39BVlAmY8/mqdefault.jpg
7c06b9e316ce4ac18ce836cd72442bbe,17331,超狠的詛咒 #shorts,2024-09-26T04:58:34Z,https://www.youtube.com/watch?v=bvJJ4w8H3uA,https://i.ytimg.com/vi/bvJJ4w8H3uA/mqdefault.jpg
15c9a54b946a40c38c07ea2f9efddfa5,17305,【煌Kirali】我只是很好奇 誰早上會在,2024-09-20T23:44:19Z,https://www.twitch.tv/videos/2256250644,https://static-cdn.jtvnw.net/cf_vods/d3vd9lfkzbru3h/b287600bcecbf4d2f5e5_kirali_neon_41605550263_1726875852//thumb/thumb0-%{width}x%{height}.jpg
bafb134fd2f849898d6242d1f5f683cc,17236,【09.23】晚上七點YT好玩遊戲需要機玩！ ／!指令 !抖影片,2024-09-23T05:58:16Z,https://www.twitch.tv/videos/2258230283,https://static-cdn.jtvnw.net/cf_vods/d3vd9lfkzbru3h/22e976ab141fc364724a_nemesisxdfp_41611049303_1727071089//thumb/thumb0-%{width}x%{height}.jpg
2885972c2d0943e6b697bdc5e72c1d4a,17138,【鹿Vtuber唱】「しかのこのこのここしたんたん」OP『シカ色デイズ』#歌ってみた #vtuber #烈芝麻 #cover,2024-09-19T15:00:17Z,https://www.youtube.com/watch?v=cnPxqraVrik,https://i.ytimg.com/vi/cnPxqraVrik/mqdefault.jpg
a3ce195c0069494c99849d0b1a10a7fd,17102,補課：對波練習｜#悠白 #Ubye,2024-09-16T12:01:08Z,https://www.twitch.tv/videos/2252500286,https://static-cdn.jtvnw.net/cf_vods/d3vd9lfkzbru3h/46501363a9b3277dddd1_konyunubye_41599472519_1726488059//thumb/thumb0-%{width}x%{height}.jpg
14d83faa414c415097d577d2da9636ce,17037,【メンヘラ地雷系メイド】萌留みみんもうすぐ二周年向かいます♡記念配信見に来てください！！,2024-09-10T22:12:13Z,https://www.youtube.com/watch?v=UGNckYkUIuo,https://i.ytimg.com/vi/UGNckYkUIuo/mqdefault.jpg
6dc75ab227e34c928598bde8f2d324bf,17007,【short】實名制登記 or 一輩子不寵自己？！🦁 #台灣vtuber #台v #台v精華 #vtuber #海克莉獅 #shorts,2024-09-27T03:00:06Z,https://www.youtube.com/watch?v=8CIxHB_dZQo,https://i.ytimg.com/vi/8CIxHB_dZQo/mqdefault.jpg
a3ce195c0069494c99849d0b1a10a7fd,17007,快快復健打打，躁了就麥｜#悠白 #Ubye,2024-09-30T12:05:49Z,https://www.twitch.tv/videos/2264123893,https://static-cdn.jtvnw.net/cf_vods/d3vd9lfkzbru3h/b00d43eba513643c8478_konyunubye_41628287271_1727697943//thumb/thumb0-%{width}x%{height}.jpg
f6a4e7aa8d0c4e5cb39d199845ec4d02,16998,"【歌回】閒聊唱歌( 'ω'  و( و""♪ 最近有好多好多的活動要跟你們分享【#杏仁ミル 】",2024-09-02T14:08:23Z,https://www.youtube.com/watch?v=wII4ymcg9q4,https://i.ytimg.com/vi/wII4ymcg9q4/mqdefault.jpg
626750f4e7a745619c171c44fb1efcc0,16982,【重返未來1999】露西抽不抽? 1週年人權有多暴力？完整培育深入解析【天使Vtuber小雪Yukichan】#MEPay魔儲 #Reverse1999 #重返未來1999 #露西,2024-09-17T10:00:21Z,https://www.youtube.com/watch?v=lkKNRjb1iAc,https://i.ytimg.com/vi/lkKNRjb1iAc/mqdefault.jpg
e93bd1102e214cbaa71cc5b2e4a53595,16962,【突發歌雜】倫家突然想唱歌  ░  歌雜｜Singing Stream,2024-09-19T13:41:17Z,https://www.youtube.com/watch?v=CoGneQMcH2g,https://i.ytimg.com/vi/CoGneQMcH2g/mqdefault.jpg
15c9a54b946a40c38c07ea2f9efddfa5,16842,【煌Kirali】我沒有得罪人,2024-09-11T15:30:41Z,https://www.twitch.tv/videos/2248392850,https://static-cdn.jtvnw.net/cf_vods/d3vd9lfkzbru3h/d385c252aed625f73798_kirali_neon_41587687975_1726068632//thumb/thumb0-%{width}x%{height}.jpg
6bd49f94afb144e995247388ca8c42a8,16825,【極度舒適】主播是可以這樣一管的嗎？｜ #橙yuzumi #shorts #apex,2024-09-10T11:08:31Z,https://www.youtube.com/watch?v=zEhHPlr8bIE,https://i.ytimg.com/vi/zEhHPlr8bIE/mqdefault.jpg
428251b7832a48219276fb6e5f644e86,16820,2分鐘帶你看海唧與春魚的訴訟裁判書 #惡獸時代 #vtuber #台v #台灣vtuber,2024-09-19T04:00:42Z,https://www.youtube.com/watch?v=urg-sp6sNh0,https://i.ytimg.com/vi/urg-sp6sNh0/mqdefault.jpg
5535c9524eb046c38e172ebfa06b302f,16815,【絕區零】特務簡來襲！15分挑戰山獅組BOSS無傷單通？不論如何～唱歌慶祝很合理吧？🥳 ▹璐洛洛◃,2024-09-12T13:00:07Z,https://www.youtube.com/watch?v=jwMV9lGqG-4,https://i.ytimg.com/vi/jwMV9lGqG-4/mqdefault.jpg
312fdd3c5e6d4aefa73fd3860ecc5613,16813,夜間放鬆身心的歌回💧加點新歌LA #森森鈴蘭,2024-09-25T14:01:59Z,https://www.youtube.com/watch?v=-TSPDPLgWw0,https://i.ytimg.com/vi/-TSPDPLgWw0/mqdefault.jpg
c65e7caaf81a43249d5132b9fe312b24,16803,Vtuber vs Tiger Mom,2024-09-25T12:01:23Z,https://www.youtube.com/watch?v=CQxpfEAkqsM,https://i.ytimg.com/vi/CQxpfEAkqsM/mqdefault.jpg
3809ec8a42634d11aa1b7b8f99755c6a,16794,【花花】9/21 A8A8 @mayberuu  | !周邊  | !LINE貼圖 |  !委託 | !新衣裝,2024-09-21T00:00:40Z,https://www.twitch.tv/videos/2256264178,https://static-cdn.jtvnw.net/cf_vods/d3vd9lfkzbru3h/598bcc36e7e3304d98ef_mayberuu_41605567063_1726876833//thumb/thumb0-%{width}x%{height}.jpg
2694a505a0e0441bb99b49e8ce1f7473,16767,【9/8】嗚嗚我撿到UR等級愛撒嬌黏人天使貓｜自主訂閱買半年七折喔！！｜  @kannazukilubee ｜!yt !抖內 !會員 !7tv !指令 !手機殼 !瑞杏盃,2024-09-08T14:03:01Z,https://www.twitch.tv/videos/2245874028,https://static-cdn.jtvnw.net/cf_vods/d3vd9lfkzbru3h/8032ef95b86eedb075c1_kannazukilubee_41580401175_1725804175//thumb/thumb0-%{width}x%{height}.jpg
f110fd69b66941bab04de9ada563c6ac,16757,【？】蛤？【AoiHinamori】,2024-09-02T12:10:41Z,https://www.youtube.com/watch?v=jmPWmD5jb9s,https://i.ytimg.com/vi/jmPWmD5jb9s/mqdefault.jpg
8bf35c3b9a9e461d825a9170555b71c2,16739,工作之後玩水槍（？） !YT !通販 !LINE !DC !ff43 中文/Eng/日本語,2024-09-15T11:27:05Z,https://www.twitch.tv/videos/2251664465,https://static-cdn.jtvnw.net/cf_vods/d3vd9lfkzbru3h/83c4bba2fe8f67b1b2e5_reirei_neon_41596885431_1726399620//thumb/thumb0-%{width}x%{height}.jpg
3809ec8a42634d11aa1b7b8f99755c6a,16735,【花花】9/3  今天要幹嘛 @mayberuu  | !周邊  | !LINE貼圖 |  !委託,2024-09-03T04:18:34Z,https://www.twitch.tv/videos/2241314919,https://static-cdn.jtvnw.net/cf_vods/d3vd9lfkzbru3h/37b5d1ca305a14f86264_mayberuu_41566221319_1725337105//thumb/thumb0-%{width}x%{height}.jpg
c65e7caaf81a43249d5132b9fe312b24,16713,"No, I'M Tenma",2024-09-26T03:42:43Z,https://www.youtube.com/watch?v=fCtWFtB-CRs,https://i.ytimg.com/vi/fCtWFtB-CRs/mqdefault.jpg
afa3e309e41044c5bffe17466607d481,16682,雪雪๐•ᴗ•๐ 10/1 第一開 @yukkkkiouo !自主訂閱支援 !魔儲 使用推薦碼註冊拿200元折價卷,2024-10-01T09:17:07Z,https://www.twitch.tv/videos/2264834533,https://static-cdn.jtvnw.net/cf_vods/d3vd9lfkzbru3h/0235a21b20e5c9c848ee_yukkkkiouo_41630100295_1727774221//thumb/thumb0-%{width}x%{height}.jpg
265a18972d244affae35711cfd1f9931,16574,塔主播9/6~9/8出差工作 預計9/8超晚才到家 開台讓你們掛忠誠 !3D !週邊,2024-09-22T04:37:24Z,https://www.twitch.tv/videos/2257347528,https://static-cdn.jtvnw.net/cf_vods/d3vd9lfkzbru3h/3415261a9ed12b6b356e_mirolivetabasuko88_41608433783_1726979837//thumb/thumb0-%{width}x%{height}.jpg
17c335762a694402b8cb9a96b2865572,16510,來聽VTuber教官手把手教你是S還是M？ #TT013Shorts #台灣vtuber #shortsvideo #shorts,2024-09-25T13:00:57Z,https://www.youtube.com/watch?v=pdVpeBKi7eA,https://i.ytimg.com/vi/pdVpeBKi7eA/mqdefault.jpg
99f6f80397b34d0b9a0cfd40f3801a35,16509,【💜初配信精華】全球首見 .ᐟ.ᐟ 99.9%仿生人💜｜心 𝗰𝗼𝗰𝗼𝗿𝟬,2024-09-18T14:17:21Z,https://www.youtube.com/watch?v=LLhY9ChlhGc,https://i.ytimg.com/vi/LLhY9ChlhGc/mqdefault.jpg
c377cbfa47984f0ba9242b1f6e3dfc75,16485,【設計分享】 網頁設計與 UIUX 直播 @may_logger #設計師勞哥,2024-09-20T08:01:39Z,https://www.twitch.tv/videos/2255684930,https://static-cdn.jtvnw.net/cf_vods/d3vd9lfkzbru3h/5a8cc457f5dae8cba32b_may_logger_41603741591_1726819293//thumb/thumb0-%{width}x%{height}.jpg
6bd49f94afb144e995247388ca8c42a8,16484,【教練我做不到😭】世上最可怕的事情是教練覺得你可以...｜ #橙yuzumi #shorts,2024-09-24T10:00:06Z,https://www.youtube.com/watch?v=6HXv5DiqEKU,https://i.ytimg.com/vi/6HXv5DiqEKU/mqdefault.jpg
afa3e309e41044c5bffe17466607d481,16426,雪雪๐•ᴗ•๐ 9/10 今天繼續玩 8.好玩遊戲 @yukkkkiouo !自主訂閱支援 !魔儲 使用推薦碼註冊拿200元折價卷,2024-09-10T11:00:39Z,https://www.twitch.tv/videos/2247419773,https://static-cdn.jtvnw.net/cf_vods/d3vd9lfkzbru3h/193f496b38b6fab68600_yukkkkiouo_41584478567_1725966031//thumb/thumb0-%{width}x%{height}.jpg
c82ab1b4f8f64d1f84cae4ce09aa0dea,16425,【秋水伊人】中秋接力歌回 第19棒！｜汐Seki,2024-09-16T14:34:57Z,https://www.youtube.com/watch?v=c2W5eNd9qaw,https://i.ytimg.com/vi/c2W5eNd9qaw/mqdefault.jpg
5535c9524eb046c38e172ebfa06b302f,16384,🔵【崩壞：星穹鐵道】🚀『飛霄』來我家！超帥的天擊將軍來洛，戰鬥實測，隊伍配隊疑難雜症全都問!! ▹璐洛洛◃,2024-09-10T15:00:33Z,https://www.youtube.com/watch?v=lJ6AED8teYQ,https://i.ytimg.com/vi/lJ6AED8teYQ/mqdefault.jpg
6bd49f94afb144e995247388ca8c42a8,16362,【早橙電台】おはよう🔆來跟大家聊聊近況✨【橙Yuzumi】,2024-09-22T04:48:14Z,https://www.youtube.com/watch?v=sLQf_9dSKEs,https://i.ytimg.com/vi/sLQf_9dSKEs/mqdefault.jpg
8bf35c3b9a9e461d825a9170555b71c2,16310,【澪Rei】一日大型路障，狸也太會開卡車了 #vtuber #看這狸 #shorts,2024-09-06T13:23:45Z,https://www.youtube.com/watch?v=7pq_cLc6aOg,https://i.ytimg.com/vi/7pq_cLc6aOg/mqdefault.jpg
5535c9524eb046c38e172ebfa06b302f,16306,🟢LIVE【新衣裝發表】5周年終於又有新衣服洛！時隔這麼久覺得好緊張呀！！！  ▹璐洛洛◃,2024-09-27T15:37:02Z,https://www.youtube.com/watch?v=Kly_A2C1i0E,https://i.ytimg.com/vi/Kly_A2C1i0E/mqdefault.jpg
5535c9524eb046c38e172ebfa06b302f,16291,【星穹鐵道】🚀飛霄[6+5抽卡精華]▸一場直播噴出50萬以上的星瓊!?😱 諸事不順的洛洛又獻祭陽壽?▹璐洛洛◃,2024-09-23T14:00:21Z,https://www.youtube.com/watch?v=QIjG5gmAHWA,https://i.ytimg.com/vi/QIjG5gmAHWA/mqdefault.jpg
afa3e309e41044c5bffe17466607d481,16250,雪雪๐•ᴗ•๐ 9/23 晚上辦公室  @yukkkkiouo !自主訂閱支援 !魔儲 使用推薦碼註冊拿200元折價卷,2024-09-23T11:35:42Z,https://www.twitch.tv/videos/2258328103,https://static-cdn.jtvnw.net/cf_vods/d3vd9lfkzbru3h/865370aeae92e563d845_yukkkkiouo_41611704567_1727091335//thumb/thumb0-%{width}x%{height}.jpg
f6a4e7aa8d0c4e5cb39d199845ec4d02,16170,【NOTD】9/5 4王進度能夠推進嗎? ft.J群玩家【#杏仁ミル】,2024-09-05T23:04:40Z,https://www.youtube.com/watch?v=SNoGCiOf6Co,https://i.ytimg.com/vi/SNoGCiOf6Co/mqdefault.jpg
c65e7caaf81a43249d5132b9fe312b24,16163,100K SUBS SPECIAL (Belated because my boss forgot about me),2024-09-22T08:13:00Z,https://www.youtube.com/watch?v=muzE-I21qkw,https://i.ytimg.com/vi/muzE-I21qkw/mqdefault.jpg
f110fd69b66941bab04de9ada563c6ac,16153,會win喔 #shorts,2024-09-21T04:27:49Z,https://www.youtube.com/watch?v=ckA08SzHNzM,https://i.ytimg.com/vi/ckA08SzHNzM/mqdefault.jpg
312fdd3c5e6d4aefa73fd3860ecc5613,16133,🐺黑箱 #shorts,2024-09-13T10:00:19Z,https://www.youtube.com/watch?v=A-GxI-YNThE,https://i.ytimg.com/vi/A-GxI-YNThE/mqdefault.jpg
4fd17e8877024633876c5d85bc81e56b,16111,蜘蛛人互指?  #vtuber #vtuberclip #vtuber中文 #台v #台v精華 #atamahikari  #光頭Vtuber,2024-09-10T10:40:00Z,https://www.youtube.com/watch?v=QQIekr8mumg,https://i.ytimg.com/vi/QQIekr8mumg/mqdefault.jpg
b4a1791208fd4d85b7b08ee2bad0c236,16093,【瑪麗茶會】使用朋友卡！生日凸待大會！！！  #vtuber #台v  #瑪格麗特諾爾絲 #箱箱thebox,2024-09-22T15:51:50Z,https://www.youtube.com/watch?v=l4s7v1E3k0o,https://i.ytimg.com/vi/l4s7v1E3k0o/mqdefault.jpg
14a9a08fbdc641e8ac8c384dedfccf0a,16079,【後日談】會員開通啦！初配信後的第一次見面及斗內感謝【朔Sakuro】,2024-09-09T14:13:21Z,https://www.youtube.com/watch?v=A2xBKXawRY8,https://i.ytimg.com/vi/A2xBKXawRY8/mqdefault.jpg
f6a4e7aa8d0c4e5cb39d199845ec4d02,16063,【杏仁ミル精華】瘋女人上線！想讓別人生氣的咪嚕！受傷的永遠都是丁義跟獅子丸💦 ft. @JGamersTW @niconini11369 @Ubye,2024-09-22T04:00:19Z,https://www.youtube.com/watch?v=Ko1KlgR7O7s,https://i.ytimg.com/vi/Ko1KlgR7O7s/mqdefault.jpg
e93bd1102e214cbaa71cc5b2e4a53595,15986,【 #孵道＞＞APEX 】排除焦慮！警戒難度來惹：目標是全結局通關！！我覺得我的封面很棒（｜#gaming  Stream,2024-09-12T19:33:00Z,https://www.youtube.com/watch?v=g8B1l73gF6w,https://i.ytimg.com/vi/g8B1l73gF6w/mqdefault.jpg
fa5a7cdc259543259af42bb23f1e4041,15949,【515 初配信? 】超級新人!5醬終於要出道了??十萬訂閱超紅小朋友VTuber,2024-09-07T14:32:09Z,https://www.youtube.com/watch?v=Hnpz1RQsYLw,https://i.ytimg.com/vi/Hnpz1RQsYLw/mqdefault.jpg
f6a4e7aa8d0c4e5cb39d199845ec4d02,15946,【杏仁ミル精華】全都是夢一場！？京野妮子厄勢力代表  ft. @JGamersTW @niconini11369 @Ubye,2024-09-29T06:00:30Z,https://www.youtube.com/watch?v=Z9fzfgF86V4,https://i.ytimg.com/vi/Z9fzfgF86V4/mqdefault.jpg
0641a9c8b9a94994aaa33e0c86fef75b,15916,【除腳毛?】居然要來除腳毛什麼鬼 -JOWIE淨膚零毛霜 【庫洛姆Kuromu】#台灣Vtuber #庫洛姆 #JOWIE淨膚零毛霜,2024-09-10T15:10:48Z,https://www.youtube.com/watch?v=v0HR_kXd5Pg,https://i.ytimg.com/vi/v0HR_kXd5Pg/mqdefault.jpg
a9b855767b2d432c9f263e3427ff33a6,15882,ハレハレヤ(朗朗晴天) / 羽生まゐご (covered by 埃穆亞oumua),2024-09-12T11:00:06Z,https://www.youtube.com/watch?v=YN9XRjP8Hc0,https://i.ytimg.com/vi/YN9XRjP8Hc0/mqdefault.jpg
5535c9524eb046c38e172ebfa06b302f,15849,【原神】滿命『基尼奇』抽卡精華▸阿喬也太吵了吧？看傻逼龍用傻逼龍打深境12層？ ▹璐洛洛◃,2024-09-26T14:00:21Z,https://www.youtube.com/watch?v=SbzPIFujk2k,https://i.ytimg.com/vi/SbzPIFujk2k/mqdefault.jpg
c540124532e14ceb8e9ffc654a0ec4c9,15821,【爆笑實況精華】Vtuber界的藤原拓海！ ft.艾美麗、玖月蕾希｜#實況 #精華 #直播 #vtuber #台v #台灣vtuber #ChainedTogether,2024-09-26T04:00:09Z,https://www.youtube.com/watch?v=7Ab7cp8EI6Q,https://i.ytimg.com/vi/7Ab7cp8EI6Q/mqdefault.jpg
e93bd1102e214cbaa71cc5b2e4a53595,15799,【拿出樂器】讓我來幫你彈生日快樂歌！欸怎麼彈來著【厄倫蒂兒 Earendel】,2024-09-11T10:30:08Z,https://www.youtube.com/watch?v=AErZsgRSxxk,https://i.ytimg.com/vi/AErZsgRSxxk/mqdefault.jpg
5535c9524eb046c38e172ebfa06b302f,15791,🟠Lv.56【絕區零】1.2前瞻直播一起看✨ 凱撒＆柏妮思要來囉! 還有哪些優化呢? ▹璐洛洛◃,2024-09-13T13:26:17Z,https://www.youtube.com/watch?v=m_a6gqV1FIM,https://i.ytimg.com/vi/m_a6gqV1FIM/mqdefault.jpg
c82ab1b4f8f64d1f84cae4ce09aa0dea,15790,【歌回】今天認真營業不然你們都說我很斜｜汐Seki,2024-09-22T15:19:39Z,https://www.youtube.com/watch?v=Qi1s0wyGAhE,https://i.ytimg.com/vi/Qi1s0wyGAhE/mqdefault.jpg
5535c9524eb046c38e172ebfa06b302f,15784,1分鐘帶你～開隱藏錨點、拿隱藏成就「正義的反抗」｜5.0納塔🔥 #原神 #genshinimpact #璐洛洛,2024-09-05T09:00:46Z,https://www.youtube.com/watch?v=rqlZEXrY6lw,https://i.ytimg.com/vi/rqlZEXrY6lw/mqdefault.jpg
9cec24b011ee45648eb404066c997f49,15755,【09/20】跟很多很多人鵝鴨殺！9月訂閱圖奇有大大大優惠！( ´∀｀)つt[ ],2024-09-20T10:59:48Z,https://www.twitch.tv/videos/2255738814,https://static-cdn.jtvnw.net/cf_vods/d3vd9lfkzbru3h/f0e7cbbe36ea04c5002e_cygxdfp_41604087319_1726829980//thumb/thumb0-%{width}x%{height}.jpg
0641a9c8b9a94994aaa33e0c86fef75b,15710,我的手杯子絕對是超好用但是請不要用來裝咖哩⋯ #vtuber #shorts #台V #vtuberclip #vtuber中文 #kuromu #kuromulive #杯子 #生活智慧,2024-09-16T09:00:38Z,https://www.youtube.com/watch?v=gZ-bHdjcTMI,https://i.ytimg.com/vi/gZ-bHdjcTMI/mqdefault.jpg
afa3e309e41044c5bffe17466607d481,15686,雪雪๐•ᴗ•๐ 9/5 晚上要做什麼 @yukkkkiouo !自主訂閱支援 !魔儲 使用推薦碼註冊拿200元折價卷,2024-09-05T09:40:06Z,https://www.twitch.tv/videos/2243102919,https://static-cdn.jtvnw.net/cf_vods/d3vd9lfkzbru3h/0a86341a8c9da43c0404_yukkkkiouo_41571741351_1725529200//thumb/thumb0-%{width}x%{height}.jpg
f110fd69b66941bab04de9ada563c6ac,15669,【遊戲機ASMR】雖然這些你可能沒看過，但他的聲音很好聽喔(˘ω˘👂)｜露生手直播！【AoiHinamori】,2024-09-03T15:46:11Z,https://www.youtube.com/watch?v=vleWBD_wBVo,https://i.ytimg.com/vi/vleWBD_wBVo/mqdefault.jpg
8bf35c3b9a9e461d825a9170555b71c2,15658,【歌回】還債歌回第N次：終於要還債了｜澪Rei,2024-09-26T16:22:17Z,https://www.youtube.com/watch?v=EUKad8Kh1B4,https://i.ytimg.com/vi/EUKad8Kh1B4/mqdefault.jpg
f6a4e7aa8d0c4e5cb39d199845ec4d02,15599,【杏仁ミルxBeatday】週末Party Night ep.0 杏眾同樂會✨  | !周邊 !3C !咪嚕娃娃 @vtuber_amiru,2024-09-29T12:13:34Z,https://www.twitch.tv/videos/2263329146,https://static-cdn.jtvnw.net/cf_vods/d3vd9lfkzbru3h/ff8cce4c6b387b240ad7_vtuber_amiru_41626166023_1727612006//thumb/thumb0-%{width}x%{height}.jpg
f6a4e7aa8d0c4e5cb39d199845ec4d02,15550,【(偽)咪群玩家日報】R6的老手與新手們的日常 ft.@GodJJ @niconini11369,2024-09-12T05:45:01Z,https://www.youtube.com/watch?v=ngPGJMXw2U0,https://i.ytimg.com/vi/ngPGJMXw2U0/mqdefault.jpg
67d348e6690c43729cce031e70a26645,15504,誰147 0-0 ｜9/9,2024-09-09T07:46:57Z,https://www.twitch.tv/videos/2246550537,https://static-cdn.jtvnw.net/cf_vods/d3vd9lfkzbru3h/baeb1c16c659087aad71_hakuzenyo_41581747703_1725868011//thumb/thumb0-%{width}x%{height}.jpg
c82ab1b4f8f64d1f84cae4ce09aa0dea,15452,9點密室 ft.魚K蒂｜汐Seki｜!週邊 !指令,2024-09-24T12:39:57Z,https://www.twitch.tv/videos/2259149267,https://static-cdn.jtvnw.net/cf_vods/d3vd9lfkzbru3h/79a797fd034b94a8e6c2_seki_meridian_41614238247_1727181591//thumb/thumb0-%{width}x%{height}.jpg
6bd49f94afb144e995247388ca8c42a8,15451,【早橙電台】おはよう🔆和暑假道別兼5萬say哈囉......【橙Yuzumi】,2024-09-08T05:53:12Z,https://www.youtube.com/watch?v=UfRm0QQzKTE,https://i.ytimg.com/vi/UfRm0QQzKTE/mqdefault.jpg
afa3e309e41044c5bffe17466607d481,15437,雪雪๐•ᴗ•๐ 9/12 早安安安 @yukkkkiouo !自主訂閱支援 !魔儲 使用推薦碼註冊拿200元折價卷,2024-09-12T08:58:31Z,https://www.twitch.tv/videos/2249042115,https://static-cdn.jtvnw.net/cf_vods/d3vd9lfkzbru3h/feeca3cd14622df94d4f_yukkkkiouo_41588979047_1726131506//thumb/thumb0-%{width}x%{height}.jpg
a9b855767b2d432c9f263e3427ff33a6,15388,【點餐好難】點餐小技巧，讓熙歌處理【埃穆亞Oumua】  #vtuber #vtuberclips #台灣vtuber  #shorts #精華 #台v #台v精華,2024-09-04T12:30:40Z,https://www.youtube.com/watch?v=eO5rj9CgBV8,https://i.ytimg.com/vi/eO5rj9CgBV8/mqdefault.jpg
8bf35c3b9a9e461d825a9170555b71c2,15373,【TCG卡店模擬器】給我酷酷的小卡！！！｜澪Rei,2024-09-24T16:39:36Z,https://www.youtube.com/watch?v=2hJNfdewtFs,https://i.ytimg.com/vi/2hJNfdewtFs/mqdefault.jpg
e78cffa246c24a1c88031151cad8c385,15350,單親媽媽徵友中！,2024-09-11T11:45:56Z,https://www.youtube.com/watch?v=zWmVW_3gGd4,https://i.ytimg.com/vi/zWmVW_3gGd4/mqdefault.jpg
3809ec8a42634d11aa1b7b8f99755c6a,15298,【花花】9/7  A8A8 聊聊天  | !周邊  | !LINE貼圖 |  !委託,2024-09-07T04:55:18Z,https://www.twitch.tv/videos/2244712321,https://static-cdn.jtvnw.net/cf_vods/d3vd9lfkzbru3h/d208f20cee991bcb78ea_mayberuu_41576366727_1725684913//thumb/thumb0-%{width}x%{height}.jpg
a000aa1d3ea7489c993277d33ab2457e,15274,【09/30】之後固定時間囉!yt @moondogs_celestial,2024-09-30T07:51:37Z,https://www.twitch.tv/videos/2264046259,https://static-cdn.jtvnw.net/cf_vods/d3vd9lfkzbru3h/327bb5c6b56963f1906d_moondogs_celestial_41627745927_1727682691//thumb/thumb0-%{width}x%{height}.jpg
d837e8fda137492c9d77882b98ff863a,15203,【黑神話：悟空】死10次就關台！？ ✧ 真理果Marika,2024-09-06T15:31:53Z,https://www.youtube.com/watch?v=ev8pTHJzClw,https://i.ytimg.com/vi/ev8pTHJzClw/mqdefault.jpg
c65e7caaf81a43249d5132b9fe312b24,15159,Vtuber's first time eating KFC,2024-09-12T06:30:21Z,https://www.youtube.com/watch?v=vTSQ6RYZd5Y,https://i.ytimg.com/vi/vTSQ6RYZd5Y/mqdefault.jpg
fbb142bcb07a4808b0164c41ab1877ea,15143,到底開台了沒 #Shorts #Short #vtuber #台V,2024-09-10T10:00:13Z,https://www.youtube.com/watch?v=AGWnd03Hmdo,https://i.ytimg.com/vi/AGWnd03Hmdo/mqdefault.jpg
c540124532e14ceb8e9ffc654a0ec4c9,15127,【爆笑實況精華】做壞事被敵人發現...｜#apex實況 #apex精華 #直播 #vtuber #台v #台灣vtuber #apex英雄,2024-09-16T04:00:13Z,https://www.youtube.com/watch?v=JfIR7isqd_Y,https://i.ytimg.com/vi/JfIR7isqd_Y/mqdefault.jpg
788611c913b04d999011628637657bee,15103,這也過得太艱難 #台v #vtuber #short #shorts,2024-09-18T10:01:10Z,https://www.youtube.com/watch?v=VHRUEBd0EFI,https://i.ytimg.com/vi/VHRUEBd0EFI/mqdefault.jpg
c540124532e14ceb8e9ffc654a0ec4c9,15089,【密技實況精華】就不小心掛在招牌上... ft.玖月蕾希｜#apex實況 #apex精華 #直播 #vtuber #台v #台灣vtuber #apex英雄,2024-09-28T10:00:59Z,https://www.youtube.com/watch?v=rp_0yw9c644,https://i.ytimg.com/vi/rp_0yw9c644/mqdefault.jpg
67d348e6690c43729cce031e70a26645,15084,下半季狂爬 ｜9/18,2024-09-18T03:43:26Z,https://www.twitch.tv/videos/2253963227,https://static-cdn.jtvnw.net/cf_vods/d2nvs31859zcd8/96330d253f326a2a26e8_hakuzenyo_44830123627_1726631001//thumb/thumb0-%{width}x%{height}.jpg
9cec24b011ee45648eb404066c997f49,15083,【黑神話：悟空】今天目標把隱王打完+宰了二郎神，因為今天是星期六晚上（´◔​∀◔`)█熙歌Cygnus,2024-09-21T19:39:06Z,https://www.youtube.com/watch?v=_GEJTlejsZA,https://i.ytimg.com/vi/_GEJTlejsZA/mqdefault.jpg
c540124532e14ceb8e9ffc654a0ec4c9,15056,【爆笑實況精華】實在是太有實驗精神了www｜#apex實況 #apex精華 #直播 #vtuber #台v #台灣vtuber #apex英雄,2024-09-07T04:00:43Z,https://www.youtube.com/watch?v=zGDOf3qigxY,https://i.ytimg.com/vi/zGDOf3qigxY/mqdefault.jpg
6bd49f94afb144e995247388ca8c42a8,15036,【早橙電台】おはよう🔆9月忙完10月開始能放鬆一陣子....真的可以嗎？✨【橙Yuzumi】,2024-09-29T05:42:20Z,https://www.youtube.com/watch?v=AGWKwCLCiAw,https://i.ytimg.com/vi/AGWKwCLCiAw/mqdefault.jpg
6af8929143294c72b25a7108e79e2faf,15031,【Timaeus 諦覓司】新學期的目標是唱一大堆歌【Espada 艾斯珀達】,2024-09-15T13:15:16Z,https://www.youtube.com/watch?v=vdvBhOWYuH8,https://i.ytimg.com/vi/vdvBhOWYuH8/mqdefault.jpg
c65e7caaf81a43249d5132b9fe312b24,15015,🦍 Japan Haul Handcam 🦍,2024-09-14T05:38:07Z,https://www.youtube.com/watch?v=U0rbWX2GryY,https://i.ytimg.com/vi/U0rbWX2GryY/mqdefault.jpg
a9b855767b2d432c9f263e3427ff33a6,15015,【地獄二選一】汐的選擇是身材好看還是長的好看！？最後居然是！？【埃穆亞Oumua】  #vtuber #vtuberclips #台灣vtuber  #shorts #精華 #台v #台v精華,2024-09-25T10:30:31Z,https://www.youtube.com/watch?v=oVg9qo6nJvA,https://i.ytimg.com/vi/oVg9qo6nJvA/mqdefault.jpg
15c9a54b946a40c38c07ea2f9efddfa5,15013,【歌回】燒聲歌回: 把每一首歌都唱很破來迎接學弟的到來｜煌Kirali,2024-09-06T12:10:52Z,https://www.youtube.com/watch?v=tG8dSZHaUJ4,https://i.ytimg.com/vi/tG8dSZHaUJ4/mqdefault.jpg
afa3e309e41044c5bffe17466607d481,14985,雪雪๐•ᴗ•๐ 9/28 7.晚上ER比賽! @yukkkkiouo !自主訂閱支援 !魔儲 使用推薦碼註冊拿200元折價卷,2024-09-28T07:36:49Z,https://www.twitch.tv/videos/2262346048,https://static-cdn.jtvnw.net/cf_vods/d3vd9lfkzbru3h/57c3e2b05456ca7fa0b7_yukkkkiouo_41623025655_1727509002//thumb/thumb0-%{width}x%{height}.jpg
91919c2ad07a4db88e0b4cfbc1739940,14969,【ASMR / 3DIO FS XLR】#睡眠導入 | 雨夜專心攻略你的耳朵❤️ | #耳舐め #無人聲 #雨聲 | 赤姬紅葉,2024-09-07T19:06:28Z,https://www.youtube.com/watch?v=Jt4bxt9dAsA,https://i.ytimg.com/vi/Jt4bxt9dAsA/mqdefault.jpg
b6a105f12b904256ba356935ae46657f,14931,✧茉茉𝕄𝕆𝕄𝕆✧末日dlc⋆ʚ⭑ɞ⋆!dc !團購,2024-09-28T11:37:10Z,https://www.twitch.tv/videos/2262433558,https://static-cdn.jtvnw.net/cf_vods/d3vd9lfkzbru3h/4892e33b64af53cf73c2_shiroganemomo_41623523079_1727523423//thumb/thumb0-%{width}x%{height}.jpg
f6a4e7aa8d0c4e5cb39d199845ec4d02,14911,9/19 4點看牙齒 | !周邊 !3C !咪嚕娃娃 @vtuber_amiru,2024-09-19T05:29:02Z,https://www.twitch.tv/videos/2254829492,https://static-cdn.jtvnw.net/cf_vods/d3vd9lfkzbru3h/573b3f6d144674aeac9b_vtuber_amiru_41601165511_1726723735//thumb/thumb0-%{width}x%{height}.jpg
afa3e309e41044c5bffe17466607d481,14884,雪雪๐•ᴗ•๐ 9/8 R哈 @yukkkkiouo !自主訂閱支援 !魔儲 使用推薦碼註冊拿200元折價卷,2024-09-08T09:49:12Z,https://www.twitch.tv/videos/2245744519,https://static-cdn.jtvnw.net/cf_vods/d3vd9lfkzbru3h/60c4477c14699dc935f1_yukkkkiouo_41579672583_1725788944//thumb/thumb0-%{width}x%{height}.jpg
5535c9524eb046c38e172ebfa06b302f,14880,🟣 ASIA Lv.78【鳴潮】守岸人和釉瑚要來啦～1.3版本前瞻一起看『黑海岸臨時通訊』！ ▹璐洛洛◃,2024-09-20T11:53:00Z,https://www.youtube.com/watch?v=C6Nn4g4mnKs,https://i.ytimg.com/vi/C6Nn4g4mnKs/mqdefault.jpg
5535c9524eb046c38e172ebfa06b302f,14879,🔴【原神】作業中，中秋節快洛！｜ UID安心儲值→ !LD !曼德洛 (10單送月卡) ▹ @ruroroisme ◃,2024-09-19T11:16:06Z,https://www.twitch.tv/videos/2254933746,https://static-cdn.jtvnw.net/cf_vods/d3vd9lfkzbru3h/d9bdc243c68858bfa922_ruroroisme_41601778791_1726744552//thumb/thumb0-%{width}x%{height}.jpg
afa3e309e41044c5bffe17466607d481,14878,雪雪๐•ᴗ•๐ 9/21 有人出獄啦 @yukkkkiouo !自主訂閱支援 !魔儲 使用推薦碼註冊拿200元折價卷,2024-09-21T11:21:39Z,https://www.twitch.tv/videos/2256622466,https://static-cdn.jtvnw.net/cf_vods/d3vd9lfkzbru3h/62fb186d31313ae4a894_yukkkkiouo_41606729031_1726917692//thumb/thumb0-%{width}x%{height}.jpg
67d348e6690c43729cce031e70a26645,14874,週三G7天尊自主練習等隊友  / 水曜はチームメイト来る前Apex個人練習！9/4,2024-09-04T06:56:10Z,https://www.twitch.tv/videos/2242207197,https://static-cdn.jtvnw.net/cf_vods/d3vd9lfkzbru3h/9f021042e022c04589ce_hakuzenyo_41569012839_1725432959//thumb/thumb0-%{width}x%{height}.jpg
8bf35c3b9a9e461d825a9170555b71c2,14860,【秋水伊人】我是第15棒，和大家一起慶中秋！｜澪Rei,2024-09-16T12:25:10Z,https://www.youtube.com/watch?v=Jop-4YQ0Yrg,https://i.ytimg.com/vi/Jop-4YQ0Yrg/mqdefault.jpg
bafb134fd2f849898d6242d1f5f683cc,14830,【兩周年】涅默出道整整兩年啦💫有好多要和你們一起看的東西，有好多話想說【涅默Nemesis】,2024-09-26T13:10:47Z,https://www.youtube.com/watch?v=nc3XI9xBMoc,https://i.ytimg.com/vi/nc3XI9xBMoc/mqdefault.jpg
d837e8fda137492c9d77882b98ff863a,14757,【搜尋紀錄鑑賞】看看觀眾的搜尋紀錄，這都是個啥啊？✧ 真理果Marika,2024-09-23T13:40:27Z,https://www.youtube.com/watch?v=q_p0z2uGDdg,https://i.ytimg.com/vi/q_p0z2uGDdg/mqdefault.jpg
e17f42aa104040deae2ee3f3b1e85ed8,14746,【肉肉薔蒔】10/01 9點工商! !滑鼠墊,2024-10-01T11:47:22Z,https://www.twitch.tv/videos/2264882995,https://static-cdn.jtvnw.net/cf_vods/d3vd9lfkzbru3h/b23d6a3a7650bcfb9b32_aishakumo_41630453943_1727783236//thumb/thumb0-%{width}x%{height}.jpg
98e3a5838fec4a6caa936ae35485de23,14708,【#秋水伊人】中秋接力歌回！第一次參加接力，究竟會不會把歌回開成雜談呢🍻【露恰露恰．Vtuber】,2024-09-16T14:00:47Z,https://www.youtube.com/watch?v=Q0Pl0EcBUFg,https://i.ytimg.com/vi/Q0Pl0EcBUFg/mqdefault.jpg
8bf35c3b9a9e461d825a9170555b71c2,14703,【歌回】狸為什麼要上學？開學前最後一唱｜澪Rei,2024-09-05T15:05:58Z,https://www.youtube.com/watch?v=zrE5hBEUDf4,https://i.ytimg.com/vi/zrE5hBEUDf4/mqdefault.jpg
5535c9524eb046c38e172ebfa06b302f,14699,🔴【米遊日】星鐵「飛霄」代抽預約中！式輿防衛戰、幻想真境劇詩打不過？『米家遊戲+鳴潮』全健檢&滷肉幫到你家 ▹璐洛洛◃,2024-09-08T21:55:32Z,https://www.youtube.com/watch?v=nGs1y3Y1x_Q,https://i.ytimg.com/vi/nGs1y3Y1x_Q/mqdefault.jpg
8bf35c3b9a9e461d825a9170555b71c2,14678,我以為明天要上課結果其實不用所以就開台了 !YT !通販 !LINE !DC !ff43 中文/Eng/日本語,2024-09-16T14:37:11Z,https://www.twitch.tv/videos/2252577437,https://static-cdn.jtvnw.net/cf_vods/d3vd9lfkzbru3h/9311f03d1f21d4cffcdc_reirei_neon_41599958007_1726497424//thumb/thumb0-%{width}x%{height}.jpg
6bd49f94afb144e995247388ca8c42a8,14643,【秋水伊人】中秋接力歌回！陪你們度過中秋一整天🎉【橙Yuzumi】,2024-09-16T06:49:43Z,https://www.youtube.com/watch?v=KfZ47ECZzrw,https://i.ytimg.com/vi/KfZ47ECZzrw/mqdefault.jpg
3809ec8a42634d11aa1b7b8f99755c6a,14642,【花花】9/24 早安聊天台 @mayberuu  | !周邊  | !LINE貼圖 |  !委託 | !新衣裝,2024-09-24T01:47:23Z,https://www.twitch.tv/videos/2258892609,https://static-cdn.jtvnw.net/cf_vods/d3vd9lfkzbru3h/97bf6c9f8eb2beff6892_mayberuu_41613064103_1727142436//thumb/thumb0-%{width}x%{height}.jpg
afa3e309e41044c5bffe17466607d481,14599,雪雪๐•ᴗ•๐ 9/4 練一下 @yukkkkiouo !自主訂閱支援 !魔儲 使用推薦碼註冊拿200元折價卷,2024-09-04T09:36:47Z,https://www.twitch.tv/videos/2242253353,https://static-cdn.jtvnw.net/cf_vods/d3vd9lfkzbru3h/5c093605aef3dd6f1d54_yukkkkiouo_41569307319_1725442600//thumb/thumb0-%{width}x%{height}.jpg
3809ec8a42634d11aa1b7b8f99755c6a,14597,【花花】9/28 今天幹嘛呢 | !周邊  | !LINE貼圖 |  !委託 | !新衣裝,2024-09-28T05:19:38Z,https://www.twitch.tv/videos/2262293618,https://static-cdn.jtvnw.net/cf_vods/d3vd9lfkzbru3h/e3501af1194b62124c52_mayberuu_41622770311_1727500772//thumb/thumb0-%{width}x%{height}.jpg
c82ab1b4f8f64d1f84cae4ce09aa0dea,14577,聊天室太愛講屁話到底該怎麼辦 #Shorts,2024-09-20T10:00:20Z,https://www.youtube.com/watch?v=KJtL6y02QkM,https://i.ytimg.com/vi/KJtL6y02QkM/mqdefault.jpg
15c9a54b946a40c38c07ea2f9efddfa5,14565,【盤子豹豹】國外特輯: 這次一定盤嗚嗚嗚嗚來看看國外食物多貴｜煌Kirali,2024-09-30T14:09:36Z,https://www.youtube.com/watch?v=zSWSLD5JEpU,https://i.ytimg.com/vi/zSWSLD5JEpU/mqdefault.jpg
15c9a54b946a40c38c07ea2f9efddfa5,14466,【歌回】超安靜歌回: 挑戰是有底線的超有氣質歌回｜煌Kirali,2024-09-27T15:17:40Z,https://www.youtube.com/watch?v=hFWfX4E4N5Y,https://i.ytimg.com/vi/hFWfX4E4N5Y/mqdefault.jpg
be6c475c291d45a0a7349abdb70be20d,14453,八年開發兩周收掉最慘3A大作！星鳴特攻 Concord,2024-09-05T10:26:20Z,https://www.youtube.com/watch?v=kKMHur2fvAs,https://i.ytimg.com/vi/kKMHur2fvAs/mqdefault.jpg
a9b855767b2d432c9f263e3427ff33a6,14426,【走路教學】原來小埃一直以來都不會走路！涅默老師親自教學！？【埃穆亞Oumua】  #vtuber #vtuberclips #台灣vtuber  #shorts #精華 #台v #台v精華,2024-09-11T10:30:02Z,https://www.youtube.com/watch?v=5nk8mugRSsg,https://i.ytimg.com/vi/5nk8mugRSsg/mqdefault.jpg
afa3e309e41044c5bffe17466607d481,14422,雪雪๐•ᴗ•๐ 9/22 睡不著那來DL吧  @yukkkkiouo !自主訂閱支援 !魔儲 使用推薦碼註冊拿200元折價卷,2024-09-22T02:01:46Z,https://www.twitch.tv/videos/2257250115,https://static-cdn.jtvnw.net/cf_vods/d3vd9lfkzbru3h/1505bc9b38a66313e62c_yukkkkiouo_41608203991_1726970498//thumb/thumb0-%{width}x%{height}.jpg
c540124532e14ceb8e9ffc654a0ec4c9,14310,【秀爛實況精華】關掉吧沒意思｜#apex實況 #apex精華 #直播 #vtuber #台v #台灣vtuber #apex英雄,2024-09-19T12:00:01Z,https://www.youtube.com/watch?v=1GG2zqvxRhc,https://i.ytimg.com/vi/1GG2zqvxRhc/mqdefault.jpg
ce2a2c07a74640fc8d3b39d022b16dd9,14301,霸道總裁揪四尼！？|名雪薇薇 #shorts #vtuber #台灣vtuber #搞笑 #有趣 #可愛い #遊戲 #雜談 #聊天 #雪豹#名雪薇薇,2024-09-09T05:03:57Z,https://www.youtube.com/watch?v=shO0TiaFK4g,https://i.ytimg.com/vi/shO0TiaFK4g/mqdefault.jpg
8bf35c3b9a9e461d825a9170555b71c2,14280,早安我剛睡醒來玩麥塊 !YT !通販 !LINE !DC !ff43 中文/Eng/日本語,2024-09-22T12:43:44Z,https://www.twitch.tv/videos/2257550073,https://static-cdn.jtvnw.net/cf_vods/d3vd9lfkzbru3h/ced88913b5cf3a7681cf_reirei_neon_41609502967_1727009017//thumb/thumb0-%{width}x%{height}.jpg
a9f28d3e3d2a4ecb93ff10955be791d1,14275,【Chained together】遊戲：默契0分也能手鏈手到終點嗎?! ft.月蝕屋全員,2024-09-10T15:36:47Z,https://www.youtube.com/watch?v=LeSxSQCJRgw,https://i.ytimg.com/vi/LeSxSQCJRgw/mqdefault.jpg
d837e8fda137492c9d77882b98ff863a,14220,【台語咖歌回】只唱沒唱過的台語歌！？咖歌大軍要出動了嗎？✧ 真理果Marika,2024-09-10T14:15:56Z,https://www.youtube.com/watch?v=n7U3IkQ4pHU,https://i.ytimg.com/vi/n7U3IkQ4pHU/mqdefault.jpg
312fdd3c5e6d4aefa73fd3860ecc5613,14219,🐺晴天開臺 #shorts,2024-09-29T10:00:05Z,https://www.youtube.com/watch?v=2yqe5Z23t_0,https://i.ytimg.com/vi/2yqe5Z23t_0/mqdefault.jpg
0641a9c8b9a94994aaa33e0c86fef75b,14218,到底是這種整天幹怪事情的人太多還是怎樣ㄚ 滿腦只有尻是不是 #vtuber #shorts #台V #vtuberclip #vtuber中文 #kuromu #kuromulive #性癖,2024-09-27T09:01:00Z,https://www.youtube.com/watch?v=p59Iiw6hvpQ,https://i.ytimg.com/vi/p59Iiw6hvpQ/mqdefault.jpg
a3ce195c0069494c99849d0b1a10a7fd,14218,中秋派對PICO PARK！睡前小補一下落掉的功課｜#悠白 #Ubye,2024-09-17T12:25:18Z,https://www.twitch.tv/videos/2253326487,https://static-cdn.jtvnw.net/cf_vods/d2nvs31859zcd8/67afc96244f79ce31899_konyunubye_44827023915_1726575913//thumb/thumb0-%{width}x%{height}.jpg
15c9a54b946a40c38c07ea2f9efddfa5,14200,【YT壓力測試雜談】國外生存雜談: 解釋最近近況｜煌Kirali,2024-09-25T16:09:26Z,https://www.youtube.com/watch?v=GDl3lQatl4g,https://i.ytimg.com/vi/GDl3lQatl4g/mqdefault.jpg
a0d4fad2fd3d4e4981947642a9dbafc4,14189,【歌回】日文動漫歌歌回！｜朧Oboro,2024-09-12T12:28:10Z,https://www.youtube.com/watch?v=L9_K8etr10E,https://i.ytimg.com/vi/L9_K8etr10E/mqdefault.jpg
a3ce195c0069494c99849d0b1a10a7fd,14176,練習練習！with隊長乙緹宇宇 #瑞杏盃 !瑞杏盃隊友｜#悠白 #Ubye,2024-09-06T11:22:47Z,https://www.twitch.tv/videos/2243958831,https://static-cdn.jtvnw.net/cf_vods/d3vd9lfkzbru3h/cff3b0f472a7cff1f293_konyunubye_41574482151_1725621759//thumb/thumb0-%{width}x%{height}.jpg
17c335762a694402b8cb9a96b2865572,14168,【低音姊姊試著翻唱了】玩具 / たかやんTakayan (covered by 拾參Thirteen),2024-09-17T11:00:06Z,https://www.youtube.com/watch?v=4qkiNS3pPa0,https://i.ytimg.com/vi/4qkiNS3pPa0/mqdefault.jpg
ea4c1a67c2e445ad8028768616ceb659,14038,【🥞官方精華！】希赫&瑪蘭的雙重嗑糖！這裡台南味會不會太甜了一點！？【洛可洛斯特 / VTUBER】ft.希翁/瑪格麗特諾爾絲,2024-09-20T12:00:28Z,https://www.youtube.com/watch?v=g-kNKD2d9gg,https://i.ytimg.com/vi/g-kNKD2d9gg/mqdefault.jpg
17c335762a694402b8cb9a96b2865572,14031,Thirteen ASMR 媽咪抱抱👾| 全肯定母愛滿點♡過來讓媽咪抱抱♡|For someone who want to sleep | 眠りたい人のため | 拾參Thirteen / VTuber,2024-09-15T18:46:45Z,https://www.youtube.com/watch?v=bRZrpcgwamE,https://i.ytimg.com/vi/bRZrpcgwamE/mqdefault.jpg
6943bbfc993443d4b3853833b3bb1a66,13988,Vtuber媽媽怒嗆女兒唱歌難聽🙂 #vtuber #迷因 #中文vtuber #台灣vtuber #台V #shorts #meme #搞笑 #幽默,2024-09-29T10:10:01Z,https://www.youtube.com/watch?v=uYPQz63vxpQ,https://i.ytimg.com/vi/uYPQz63vxpQ/mqdefault.jpg
6aefa292dc61441e98c787efb0067922,13954,【#cover】第六感／Reol #vtuber #shorts #台V  #vtuber中文 #vtuberデビュー【羽芝扉扉 Uchi Fifi】,2024-09-05T11:30:37Z,https://www.youtube.com/watch?v=y8-HJSQ6hY4,https://i.ytimg.com/vi/y8-HJSQ6hY4/mqdefault.jpg
b4a1791208fd4d85b7b08ee2bad0c236,13938,【#秋水伊人】讓我為你唱一個中秋節的傳說🌼第20棒🌼 #瑪格麗特諾爾絲 #箱箱TheBox,2024-09-16T15:12:06Z,https://www.youtube.com/watch?v=VKsw3Iw05Fs,https://i.ytimg.com/vi/VKsw3Iw05Fs/mqdefault.jpg
afa3e309e41044c5bffe17466607d481,13915,雪雪๐•ᴗ•๐ 9/15 晚點core keeper @yukkkkiouo !自主訂閱支援 !魔儲 使用推薦碼註冊拿200元折價卷,2024-09-15T11:20:46Z,https://www.twitch.tv/videos/2251661794,https://static-cdn.jtvnw.net/cf_vods/d3vd9lfkzbru3h/d9f14cfcbf27c129d092_yukkkkiouo_41596869063_1726399240//thumb/thumb0-%{width}x%{height}.jpg
15c9a54b946a40c38c07ea2f9efddfa5,13904,【煌Kirali】搬家壓力測試 今天超有氣質,2024-09-23T14:44:38Z,https://www.twitch.tv/videos/2258418852,https://static-cdn.jtvnw.net/cf_vods/d2nvs31859zcd8/cf57864adf1e3437b4be_kirali_neon_42643926910_1727102672//thumb/thumb0-%{width}x%{height}.jpg
5535c9524eb046c38e172ebfa06b302f,13899,【Vtuber職場能力分析】找工作前分析自己的天賦點在哪！原來兔姬天生躺分命？歐妲是Carry全組的乖寶寶？！feat.  @OldaMonstar@UsagiHime777  ▹璐洛洛◃,2024-09-13T13:30:22Z,https://www.youtube.com/watch?v=J9Aev0NS5sk,https://i.ytimg.com/vi/J9Aev0NS5sk/mqdefault.jpg
afa3e309e41044c5bffe17466607d481,13890,雪雪๐•ᴗ•๐ 9/7 玩一下 @yukkkkiouo !自主訂閱支援 !魔儲 使用推薦碼註冊拿200元折價卷,2024-09-07T04:27:31Z,https://www.twitch.tv/videos/2244696616,https://static-cdn.jtvnw.net/cf_vods/d3vd9lfkzbru3h/89702103f7fe74ea2324_yukkkkiouo_41576311207_1725683243//thumb/thumb0-%{width}x%{height}.jpg
e93bd1102e214cbaa71cc5b2e4a53595,13888,﹝中/日ok﹞楊教主搬家要準備的東西很多選擇障礙，需要協助，但要先回天蒂會一趟 ░ !指令 @earendelxdfp,2024-09-26T15:21:31Z,https://www.twitch.tv/videos/2260864360,https://static-cdn.jtvnw.net/cf_vods/d3vd9lfkzbru3h/b75c8e533f9bee8527a0_earendelxdfp_41619344535_1727364085//thumb/thumb0-%{width}x%{height}.jpg
04d2ff1dde6b4bb68503a734274f4b7e,13869,【情境式ASMR】🎧無時無刻想要滿足你的女友 ♡ #asmr #中文音聲 #BeYourLover,2024-09-29T14:37:59Z,https://www.youtube.com/watch?v=93HlozASec0,https://i.ytimg.com/vi/93HlozASec0/mqdefault.jpg
15c9a54b946a40c38c07ea2f9efddfa5,13842,【煌Kirali】監督讀書台 颱風天就是要起床讀書,2024-10-01T22:44:33Z,https://www.twitch.tv/videos/2265312260,https://static-cdn.jtvnw.net/cf_vods/d2nvs31859zcd8/abd457117a90fed7c440_kirali_neon_42661405054_1727822668//thumb/thumb0-%{width}x%{height}.jpg
c65e7caaf81a43249d5132b9fe312b24,13807,This Vtuber's violin playing will make you eepy! #shorts,2024-09-23T10:59:09Z,https://www.youtube.com/watch?v=756YBb_3Ocw,https://i.ytimg.com/vi/756YBb_3Ocw/mqdefault.jpg
5535c9524eb046c38e172ebfa06b302f,13798,🔴【米遊廢人】有朋友玩原神好感動QQ，帶萌新✨｜ UID安心儲值→ !LD !曼德洛 (10單送月卡) ▹ @ruroroisme ◃,2024-09-05T14:16:41Z,https://www.twitch.tv/videos/2243223435,https://static-cdn.jtvnw.net/cf_vods/d3vd9lfkzbru3h/07fa2c1fc736e1705fa5_ruroroisme_41572598839_1725545787//thumb/thumb0-%{width}x%{height}.jpg
8bf35c3b9a9e461d825a9170555b71c2,13757,【歌回】從學校回來發現網路世界才是我的歸宿｜澪Rei,2024-09-12T15:59:03Z,https://www.youtube.com/watch?v=lwcCJpjkUVs,https://i.ytimg.com/vi/lwcCJpjkUVs/mqdefault.jpg
3f4650e05ceb41008bd16869780b7af1,13752,【貓咪研究室】真正的一拳超人！單下傷害十九萬！G睿智神迦內薩超本能介紹！《水羽 ほむら》【貓咪大戰爭】,2024-09-23T14:01:01Z,https://www.youtube.com/watch?v=xwWzsER8c_s,https://i.ytimg.com/vi/xwWzsER8c_s/mqdefault.jpg
f5ff982730f54cd4826ff0530a4288c2,13752,🍜 【這個有料嗎】特級廚師感受到困難 居然開始跟食材對話！？｜白湯、瑪格麗特、響Hibiki 、汐Seki、千層雪球 【EP.1】,2024-09-13T11:00:33Z,https://www.youtube.com/watch?v=pX6_UVXvRVQ,https://i.ytimg.com/vi/pX6_UVXvRVQ/mqdefault.jpg
e1b2337b79d1449e9ae6a754ec74050d,13751,【COVER】若捉緊如果 | 打上花火【澄比金堅合唱cut】,2024-09-03T13:02:19Z,https://www.youtube.com/watch?v=ggIXuc1QXi0,https://i.ytimg.com/vi/ggIXuc1QXi0/mqdefault.jpg
a9b855767b2d432c9f263e3427ff33a6,13751,【APEX】首先! 氣勢要足! 氣氛對就對了!! 瑞杏盃團練 ft.@erycyoo6694 @煌Kirali ∷ 埃穆亞Oumua,2024-09-06T18:42:53Z,https://www.youtube.com/watch?v=7g_n26Y9-6A,https://i.ytimg.com/vi/7g_n26Y9-6A/mqdefault.jpg
7c06b9e316ce4ac18ce836cd72442bbe,13728,【歌枠】休假前最後一唱✨休憩に入る前の最後の歌枠🎤【浠Mizuki Karaoke】,2024-09-08T14:18:16Z,https://www.youtube.com/watch?v=-EJ-cIlGpfo,https://i.ytimg.com/vi/-EJ-cIlGpfo/mqdefault.jpg
bac1f0b8e8d149d4a48cfd30d7d7ad74,13716,如果How Sweet係粵語嘅話！#cover #NewJeans #How Sweet #뉴진스 #bunnies #vtuber #hkvtuber,2024-09-13T14:42:47Z,https://www.youtube.com/watch?v=Y2hqLbA7kM4,https://i.ytimg.com/vi/Y2hqLbA7kM4/mqdefault.jpg
d837e8fda137492c9d77882b98ff863a,13685,【台語傳話遊戲】出題者：真理果！挑戰者能否破解謎題？！ft. 很多人 ✧ 真理果Marika,2024-09-25T14:04:24Z,https://www.youtube.com/watch?v=Ct0_614zlW8,https://i.ytimg.com/vi/Ct0_614zlW8/mqdefault.jpg
4fd17e8877024633876c5d85bc81e56b,13667,現在的手機到底為何少一個洞?  #vtuber #vtuberclip #vtuber中文 #台v #台v精華 #atamahikari  #光頭Vtuber,2024-09-26T10:20:00Z,https://www.youtube.com/watch?v=6J0d6uaS-DM,https://i.ytimg.com/vi/6J0d6uaS-DM/mqdefault.jpg
3809ec8a42634d11aa1b7b8f99755c6a,13663,【花花】9/20 自主訂閱救救我 @mayberuu  | !周邊  | !LINE貼圖 |  !委託 | !新衣裝,2024-09-19T23:36:04Z,https://www.twitch.tv/videos/2255409127,https://static-cdn.jtvnw.net/cf_vods/d3vd9lfkzbru3h/2617795c1a979eff9c08_mayberuu_41603100359_1726788956//thumb/thumb0-%{width}x%{height}.jpg
a9b855767b2d432c9f263e3427ff33a6,13650,【#歌枠】生日倒數歌回 是因為哪首歌開始喜歡我的呢 ❚ #Singing Stream ∷ 埃穆亞Oumua,2024-09-28T19:40:10Z,https://www.youtube.com/watch?v=laCokJyqL3M,https://i.ytimg.com/vi/laCokJyqL3M/mqdefault.jpg
bafb134fd2f849898d6242d1f5f683cc,13649,【09.25】爬分YAAY 明天是出道兩周年！ ／!指令 !抖影片,2024-09-25T07:50:53Z,https://www.twitch.tv/videos/2259867538,https://static-cdn.jtvnw.net/cf_vods/d3vd9lfkzbru3h/3d6b600845cbe904de15_nemesisxdfp_41615891463_1727250647//thumb/thumb0-%{width}x%{height}.jpg
2694a505a0e0441bb99b49e8ce1f7473,13646,【9/17】摳｜  @kannazukilubee ｜!yt !抖內 !會員 !7tv !指令 !手機殼 !瑞杏盃,2024-09-17T12:11:42Z,https://www.twitch.tv/videos/2253320530,https://static-cdn.jtvnw.net/cf_vods/d2nvs31859zcd8/75f56322b6306d8c27db_kannazukilubee_44826970139_1726575097//thumb/thumb0-%{width}x%{height}.jpg
bafb134fd2f849898d6242d1f5f683cc,13633,【#秋水伊人】終於和你們過到一個節日了🌕中秋接力歌回啟動！【涅默Nemesis】,2024-09-16T06:19:26Z,https://www.youtube.com/watch?v=6K9QaBxIQi8,https://i.ytimg.com/vi/6K9QaBxIQi8/mqdefault.jpg
2741a90689f342548daad7f760b0a8f7,13608,【八點檔歌回】戲說希翁EP1 【希翁／Chion】,2024-09-25T16:23:42Z,https://www.youtube.com/watch?v=5KFi-bYoUFg,https://i.ytimg.com/vi/5KFi-bYoUFg/mqdefault.jpg
9d9c6477329245cbb2557895f4f15686,13607,/ᐠ. ̫ .ᐟ\ 09/18 錄歌日GG 晚上團練永恆輪迴 ⸜♡⸝ 三周年LINE貼圖超可愛 .ᐟ.ᐟ !YT !LINE !手機殼 !周邊,2024-09-18T10:13:29Z,https://www.twitch.tv/videos/2254095146,https://static-cdn.jtvnw.net/cf_vods/d2nvs31859zcd8/7f7c96e7c92b9d9616e1_iitifox_44831278219_1726654404//thumb/thumb0-%{width}x%{height}.jpg
1cfadb0d2e154a258c3177ff8264336f,13596,我的X有多大?!,2024-09-04T11:30:30Z,https://www.youtube.com/watch?v=Xd1qYqQpcRk,https://i.ytimg.com/vi/Xd1qYqQpcRk/mqdefault.jpg
f110fd69b66941bab04de9ada563c6ac,13581,奶味壽司🍣 #shorts,2024-09-16T04:31:09Z,https://www.youtube.com/watch?v=SJC_m13qBOw,https://i.ytimg.com/vi/SJC_m13qBOw/mqdefault.jpg
67d348e6690c43729cce031e70a26645,13579,週二自主練習人 等隊友出現  / 火曜はチームメイト来る前Apex個人練習！,2024-09-03T06:51:32Z,https://www.twitch.tv/videos/2241371405,https://static-cdn.jtvnw.net/cf_vods/d3vd9lfkzbru3h/fe203cc0e068d5196cfd_hakuzenyo_41566483223_1725346282//thumb/thumb0-%{width}x%{height}.jpg
b6a105f12b904256ba356935ae46657f,13551,✧茉茉𝕄𝕆𝕄𝕆✧新地圖上線啦⋆ʚ⭑ɞ⋆!dc !團購,2024-09-20T11:27:07Z,https://www.twitch.tv/videos/2255749213,https://static-cdn.jtvnw.net/cf_vods/d3vd9lfkzbru3h/9d9ec567cc991fa2d392_shiroganemomo_41604164695_1726831621//thumb/thumb0-%{width}x%{height}.jpg
0641a9c8b9a94994aaa33e0c86fef75b,13546,沒想到偷抓ㄐㄐ也可以鬧到警局ㄝ..... #vtuber #shorts #台V #vtuberclip #vtuber中文 #kuromu #kuromulive,2024-09-30T09:00:53Z,https://www.youtube.com/watch?v=vdmCN7vCPYw,https://i.ytimg.com/vi/vdmCN7vCPYw/mqdefault.jpg
bafb134fd2f849898d6242d1f5f683cc,13532,【瑞杏盃xApex】#認罪吧蘇男 瑞杏盃正賽！feat. @mirotabasuko0808 @sweetcampercs【涅默Nemesis】,2024-09-15T14:07:24Z,https://www.youtube.com/watch?v=ozDoAev9UK0,https://i.ytimg.com/vi/ozDoAev9UK0/mqdefault.jpg
5535c9524eb046c38e172ebfa06b302f,13530,🔴【米遊日】「基尼奇」代抽預約中！式輿防衛戰、幻想真境劇詩打不過？『米家遊戲+鳴潮』全健檢&滷肉幫到你家 ▹璐洛洛◃,2024-09-15T19:39:07Z,https://www.youtube.com/watch?v=UnUGS-6PmcQ,https://i.ytimg.com/vi/UnUGS-6PmcQ/mqdefault.jpg
8bf35c3b9a9e461d825a9170555b71c2,13530,連動高手玩Prisoners !YT !通販 !LINE !DC !ff43 中文/Eng/日本語,2024-09-08T06:58:05Z,https://www.twitch.tv/videos/2245681906,https://static-cdn.jtvnw.net/cf_vods/d3vd9lfkzbru3h/d1f29c5f81da87a4c0e6_reirei_neon_41579336039_1725778676//thumb/thumb0-%{width}x%{height}.jpg
d837e8fda137492c9d77882b98ff863a,13512,【不要點進來】比初配信羞恥100萬倍的東西、同時視聽。✧ 真理果Marika,2024-09-24T13:33:59Z,https://www.youtube.com/watch?v=05IKUuxtTt4,https://i.ytimg.com/vi/05IKUuxtTt4/mqdefault.jpg
2694a505a0e0441bb99b49e8ce1f7473,13507,【9/4】我好睏然後到底為什麼YT的會員紀錄會不見｜自主訂閱買半年七折喔！！｜  @kannazukilubee ｜!yt !抖內 !會員 !7tv !指令 !手機殼 !瑞杏盃,2024-09-04T13:44:43Z,https://www.twitch.tv/videos/2242368971,https://static-cdn.jtvnw.net/cf_vods/d3vd9lfkzbru3h/77bfd6e67534604793de_kannazukilubee_41570078263_1725457478//thumb/thumb0-%{width}x%{height}.jpg
a9b855767b2d432c9f263e3427ff33a6,13503,【穆聊箱談事】健全滿點! 這個交朋友企劃(?)終於要真正開始了... ft.@SekiChannel  ❚ #chatting Stream ∷ 埃穆亞Oumua,2024-09-08T15:07:43Z,https://www.youtube.com/watch?v=t7N_gCKgPJc,https://i.ytimg.com/vi/t7N_gCKgPJc/mqdefault.jpg
bafb134fd2f849898d6242d1f5f683cc,13501,【09.06】Apex練槍／!指令 !抖影片,2024-09-06T07:02:13Z,https://www.twitch.tv/videos/2243878286,https://static-cdn.jtvnw.net/cf_vods/d3vd9lfkzbru3h/117fda129b2753220743_nemesisxdfp_41573926087_1725606124//thumb/thumb0-%{width}x%{height}.jpg
9cec24b011ee45648eb404066c997f49,13492,【模仿電鑽】你說這像貓叫！可是我模仿貓叫像電鑽欸！？█熙歌Cygnus,2024-09-18T10:30:07Z,https://www.youtube.com/watch?v=HqpHaG6HLaU,https://i.ytimg.com/vi/HqpHaG6HLaU/mqdefault.jpg
3809ec8a42634d11aa1b7b8f99755c6a,13478,【花花】9/4  晚點瑞杏杯訓練賽  | !周邊  | !LINE貼圖 |  !委託,2024-09-04T09:49:27Z,https://www.twitch.tv/videos/2242257002,https://static-cdn.jtvnw.net/cf_vods/d3vd9lfkzbru3h/ad36e27d94d4629f050e_mayberuu_41569332119_1725443360//thumb/thumb0-%{width}x%{height}.jpg
15c9a54b946a40c38c07ea2f9efddfa5,13460,【煌Kirali】有些重要事情要跟你們說一下,2024-09-12T04:26:21Z,https://www.twitch.tv/videos/2248953594,https://static-cdn.jtvnw.net/cf_vods/d3vd9lfkzbru3h/fc87c25bec839f44d004_kirali_neon_41588555143_1726115172//thumb/thumb0-%{width}x%{height}.jpg
14a9a08fbdc641e8ac8c384dedfccf0a,13448,【朔Sakuro】我獨自升級！,2024-09-23T02:44:10Z,https://www.twitch.tv/videos/2258146265,https://static-cdn.jtvnw.net/cf_vods/d3vd9lfkzbru3h/e69adc31a6fa887a2cb7_sakuro_moonlit_41610753495_1727059444//thumb/thumb0-%{width}x%{height}.jpg
bafb134fd2f849898d6242d1f5f683cc,13440,【09.10】為了辦公室遊戲開台／!指令 !抖影片,2024-09-10T15:03:50Z,https://www.twitch.tv/videos/2247541149,https://static-cdn.jtvnw.net/cf_vods/d3vd9lfkzbru3h/0b6feb65d3a9648de847_nemesisxdfp_41585239047_1725980623//thumb/thumb0-%{width}x%{height}.jpg
fa5a7cdc259543259af42bb23f1e4041,13437,講冷笑話會被罰錢  #Vtuber #vtuberclips #台v精華 #515 #515x20,2024-09-08T10:20:28Z,https://www.youtube.com/watch?v=oIqKuukSlGY,https://i.ytimg.com/vi/oIqKuukSlGY/mqdefault.jpg
5535c9524eb046c38e172ebfa06b302f,13425,【鳴潮】超強的免費五星「相里要」直接送？0+1就有這樣的強度？抽到直接實機體驗！ ▹璐洛洛◃,2024-09-19T13:30:27Z,https://www.youtube.com/watch?v=v8peiKlOj7Q,https://i.ytimg.com/vi/v8peiKlOj7Q/mqdefault.jpg
14a9a08fbdc641e8ac8c384dedfccf0a,13360,【中秋企劃】特別企劃，簡單啦【朔Sakuro】,2024-09-17T16:01:35Z,https://www.youtube.com/watch?v=cHQU8McSgnk,https://i.ytimg.com/vi/cHQU8McSgnk/mqdefault.jpg
abd64c9a64e04fb1b23faa2480c1c106,13353,【同步視聽】爸爸每晚都會跑進女兒的房間... (*小學生不要看*) 【Scary Video Reaction】,2024-09-17T08:47:07Z,https://www.youtube.com/watch?v=9XK08IXtmNk,https://i.ytimg.com/vi/9XK08IXtmNk/mqdefault.jpg
9cec24b011ee45648eb404066c997f49,13348,【APEX】漆黑の熾天使小隊集合啦！八點練習！10點練習賽！。゜+.(人-ω◕)゜+.゜ █熙歌Cygnus Ft. @niconini11369  @gunguno,2024-09-04T17:29:16Z,https://www.youtube.com/watch?v=OX1R4WhtrXU,https://i.ytimg.com/vi/OX1R4WhtrXU/mqdefault.jpg
6bd49f94afb144e995247388ca8c42a8,13340,【橙Yuzumi】開到出門前 ╰(*°▽°*)╯ ｜ @yuzumi_neon  !手機殼 !LINE貼圖,2024-09-24T01:14:58Z,https://www.twitch.tv/videos/2258869327,https://static-cdn.jtvnw.net/cf_vods/d3vd9lfkzbru3h/a899eea1e22acb0370d4_yuzumi_neon_41613030135_1727140491//thumb/thumb0-%{width}x%{height}.jpg
312fdd3c5e6d4aefa73fd3860ecc5613,13323,【】#森森鈴蘭,2024-09-24T21:46:56Z,https://www.youtube.com/watch?v=_mxpC7qyad8,https://i.ytimg.com/vi/_mxpC7qyad8/mqdefault.jpg
c82ab1b4f8f64d1f84cae4ce09aa0dea,13322,【歌回】想唱新歌但不知道來不來得及練｜汐Seki,2024-09-15T16:27:30Z,https://www.youtube.com/watch?v=6_8SSfq-cy0,https://i.ytimg.com/vi/6_8SSfq-cy0/mqdefault.jpg
e350c8b7e41045419ee1ac73bc78921b,13288,我是優質的床伴？#vtuber #台v #shorts #vtuberclips #vtuber中文 #直播 #台灣vtuber,2024-09-19T08:37:25Z,https://www.youtube.com/watch?v=G8lnGgbdP5o,https://i.ytimg.com/vi/G8lnGgbdP5o/mqdefault.jpg
fe1abd28f3114015ac31ae1821e8dd3f,13258,【中秋企劃】Alluria線下連動！火烤小動物天團｜#vtuber #Alluria #預見娛樂,2024-09-14T15:17:25Z,https://www.youtube.com/watch?v=_U28P9lFoKM,https://i.ytimg.com/vi/_U28P9lFoKM/mqdefault.jpg
67d348e6690c43729cce031e70a26645,13254,10月第一開 颱風來了 注意安全 ｜10/1,2024-10-01T06:18:43Z,https://www.twitch.tv/videos/2264786453,https://static-cdn.jtvnw.net/cf_vods/d3vd9lfkzbru3h/ea7c5a87fdaff117a032_hakuzenyo_41629822807_1727763515//thumb/thumb0-%{width}x%{height}.jpg
50a0835b66844b0ab84f573934f20989,13240,【官方精華】以為神不知鬼不覺💧原來只是掩耳盜鈴？！【蘿貝塔 VTuber】#vtuber #台灣vtuber #vtuber精華 #shorts,2024-09-11T04:02:14Z,https://www.youtube.com/watch?v=a8B2lt3IYNU,https://i.ytimg.com/vi/a8B2lt3IYNU/mqdefault.jpg
25388daec64e40f38ca0e5a3a88fedb7,13228,女V的擇偶條件 #shorts #vtuber #新人vtuber #台灣vtuber #vtuberclips,2024-09-11T11:30:00Z,https://www.youtube.com/watch?v=0WkDA3STY7c,https://i.ytimg.com/vi/0WkDA3STY7c/mqdefault.jpg
b6a105f12b904256ba356935ae46657f,13178,✧茉茉𝕄𝕆𝕄𝕆✧末日難度/圖奇訂閱優惠贈訂加碼!⋆ʚ⭑ɞ⋆!dc !團購,2024-09-29T11:40:48Z,https://www.twitch.tv/videos/2263311531,https://static-cdn.jtvnw.net/cf_vods/d3vd9lfkzbru3h/01abe57b5a6b69d2c31e_shiroganemomo_41626056039_1727610041//thumb/thumb0-%{width}x%{height}.jpg
e78cffa246c24a1c88031151cad8c385,13140,頻道差點直接被神姬計劃爆破啦！？,2024-09-27T11:00:40Z,https://www.youtube.com/watch?v=VzJrz9SCUCg,https://i.ytimg.com/vi/VzJrz9SCUCg/mqdefault.jpg
b6a105f12b904256ba356935ae46657f,13136,✧茉茉𝕄𝕆𝕄𝕆✧喵喵⋆ʚ⭑ɞ⋆!dc !團購,2024-09-21T11:47:43Z,https://www.twitch.tv/videos/2256633762,https://static-cdn.jtvnw.net/cf_vods/d3vd9lfkzbru3h/8d092cc0466bfc12263d_shiroganemomo_41606797767_1726919255//thumb/thumb0-%{width}x%{height}.jpg
bafb134fd2f849898d6242d1f5f683cc,13128,【很粗魯】主播表示自己動作很不細膩，不久立刻親身示範！？【涅默Nemesis】,2024-09-18T10:30:31Z,https://www.youtube.com/watch?v=ojNWwqTogw8,https://i.ytimg.com/vi/ojNWwqTogw8/mqdefault.jpg
abd64c9a64e04fb1b23faa2480c1c106,13088,FNF 官方大更新!! Pico變成了可玩角色😍,2024-09-14T09:25:17Z,https://www.youtube.com/watch?v=2lUrvDpd2HY,https://i.ytimg.com/vi/2lUrvDpd2HY/mqdefault.jpg
a9b855767b2d432c9f263e3427ff33a6,13056,【今天我生日!】星星誕生的日子 ･*☽ ∷ 埃穆亞Oumua,2024-09-29T19:03:17Z,https://www.youtube.com/watch?v=48XTM0cNEKs,https://i.ytimg.com/vi/48XTM0cNEKs/mqdefault.jpg
3809ec8a42634d11aa1b7b8f99755c6a,13056,【花花】9/6  挖哩咧  起床繼續扁   | !周邊  | !LINE貼圖 |  !委託,2024-09-06T06:22:02Z,https://www.twitch.tv/videos/2243865812,https://static-cdn.jtvnw.net/cf_vods/d3vd9lfkzbru3h/72f4303c19a67e967962_mayberuu_41573857271_1725603714//thumb/thumb0-%{width}x%{height}.jpg
14a9a08fbdc641e8ac8c384dedfccf0a,13050,【中文老歌回】老歌也是很香的【朔Sakuro】,2024-09-14T13:51:13Z,https://www.youtube.com/watch?v=JmVFYGj-AHs,https://i.ytimg.com/vi/JmVFYGj-AHs/mqdefault.jpg
9cec24b011ee45648eb404066c997f49,13013,【早安熙八】今天全台都放颱風假，大家要乖乖地在家裡休息看直播別跑出門唱歌看電影欸σ(´∀｀*)█熙歌Cygnus,2024-10-02T03:52:33Z,https://www.youtube.com/watch?v=RDzUzLmezYI,https://i.ytimg.com/vi/RDzUzLmezYI/mqdefault.jpg
afa3e309e41044c5bffe17466607d481,12971,雪雪๐•ᴗ•๐ 9/29 @yukkkkiouo !自主訂閱支援 !魔儲 使用推薦碼註冊拿200元折價卷,2024-09-29T12:09:20Z,https://www.twitch.tv/videos/2263327017,https://static-cdn.jtvnw.net/cf_vods/d3vd9lfkzbru3h/ac1f54a8ada3559ee05d_yukkkkiouo_41626152551_1727611754//thumb/thumb0-%{width}x%{height}.jpg
f110fd69b66941bab04de9ada563c6ac,12939,本來以為可以凹到5折！#shorts,2024-09-25T04:27:27Z,https://www.youtube.com/watch?v=AUWp9GnUgmM,https://i.ytimg.com/vi/AUWp9GnUgmM/mqdefault.jpg
afa3e309e41044c5bffe17466607d481,12930,雪雪๐•ᴗ•๐ 9/14 偷偷 @yukkkkiouo !自主訂閱支援 !魔儲 使用推薦碼註冊拿200元折價卷,2024-09-14T10:32:29Z,https://www.twitch.tv/videos/2250762837,https://static-cdn.jtvnw.net/cf_vods/d3vd9lfkzbru3h/123d1faa66644e27ff4c_yukkkkiouo_41594166823_1726309943//thumb/thumb0-%{width}x%{height}.jpg
15c9a54b946a40c38c07ea2f9efddfa5,12929,【歌回】男歌手歌回: 那些有名的男歌手！｜煌Kirali,2024-09-13T15:46:52Z,https://www.youtube.com/watch?v=ycmy2Ibd7mQ,https://i.ytimg.com/vi/ycmy2Ibd7mQ/mqdefault.jpg
c540124532e14ceb8e9ffc654a0ec4c9,12917,【爆笑實況精華】敵人:這三個人在柱子裡是...???｜#apex實況 #apex精華 #直播 #vtuber #台v #台灣vtuber #apex英雄,2024-09-15T04:00:04Z,https://www.youtube.com/watch?v=3cMbVeS6lmA,https://i.ytimg.com/vi/3cMbVeS6lmA/mqdefault.jpg
a3ce195c0069494c99849d0b1a10a7fd,12897,麥塊整理一下｜#悠白 #Ubye,2024-09-26T09:17:04Z,https://www.twitch.tv/videos/2260704857,https://static-cdn.jtvnw.net/cf_vods/d3vd9lfkzbru3h/9bab1e4efaffa5fbbf08_konyunubye_41618338919_1727342217//thumb/thumb0-%{width}x%{height}.jpg
312fdd3c5e6d4aefa73fd3860ecc5613,12896,【#二周年】出道慶祝！初配信回顧LA🐺念SC綠界 #森森鈴蘭,2024-09-11T15:01:29Z,https://www.youtube.com/watch?v=lkfQGm-qDoc,https://i.ytimg.com/vi/lkfQGm-qDoc/mqdefault.jpg
a9f28d3e3d2a4ecb93ff10955be791d1,12886,【初配信後日談】有好多話想跟你們說 / 宵Yoruno,2024-09-09T13:47:21Z,https://www.youtube.com/watch?v=j-rzX0vOt4I,https://i.ytimg.com/vi/j-rzX0vOt4I/mqdefault.jpg
5a934764983e45959855735b79bcc90e,12882,〖#收益化慶祝〗好耶！今天來玩個有趣的！角色扮演遊戲！ฅ(✧ω✧ )ฅ｜🤖量產型猫飼步歌貳貳機🐱 Fuka22,2024-09-22T15:09:26Z,https://www.youtube.com/watch?v=6yK6p0nzVsY,https://i.ytimg.com/vi/6yK6p0nzVsY/mqdefault.jpg
ba562aad440d483e988d3ce7e7217c94,12857,[貓宮香草]  9/7  新手再度上路 ，  想儲值找ME魔儲 !魔儲  !DC,2024-09-07T10:41:15Z,https://www.twitch.tv/videos/2244847284,https://static-cdn.jtvnw.net/cf_vods/d3vd9lfkzbru3h/59239230d037af0f6bd4_vanilla_shironeko_41577105159_1725705666//thumb/thumb0-%{width}x%{height}.jpg
ba562aad440d483e988d3ce7e7217c94,12839,[貓宮香草]  9/16 睡了一整天 ，  想儲值找ME魔儲 !魔儲  !DC,2024-09-15T16:03:08Z,https://www.twitch.tv/videos/2251834029,https://static-cdn.jtvnw.net/cf_vods/d3vd9lfkzbru3h/ddc74d41221e50787952_vanilla_shironeko_41597661719_1726416181//thumb/thumb0-%{width}x%{height}.jpg
67d348e6690c43729cce031e70a26645,12837,週四G7天尊自主練習等隊友  / 木曜はチームメイト来る前Apex個人練習！9/4,2024-09-05T07:08:21Z,https://www.twitch.tv/videos/2243059797,https://static-cdn.jtvnw.net/cf_vods/d3vd9lfkzbru3h/2e7d562a97e5e8fb7b2e_hakuzenyo_41571474871_1725520090//thumb/thumb0-%{width}x%{height}.jpg
e78cffa246c24a1c88031151cad8c385,12817,你們身邊有沒有一直參加FB爛活動的朋友...,2024-09-05T09:38:40Z,https://www.youtube.com/watch?v=LW-KPX9zcy4,https://i.ytimg.com/vi/LW-KPX9zcy4/mqdefault.jpg
fd6a0236861940389e15ef85b16c6069,12779,烟花－0923－我竟然無意識睡兩小時起床打瓦 ꜀(^. .^꜀ )꜆੭｜9月訂閱打折🪄︎︎◝✩ !who,2024-09-23T17:13:35Z,https://www.twitch.tv/videos/2258515673,https://static-cdn.jtvnw.net/cf_vods/d3vd9lfkzbru3h/c588fed95fbe1f51f30d_hennie2001_41612562887_1727111609//thumb/thumb0-%{width}x%{height}.jpg
b6a105f12b904256ba356935ae46657f,12766,✧茉茉𝕄𝕆𝕄𝕆✧末日DLC3⋆ʚ⭑ɞ⋆!dc !團購,2024-09-26T11:45:22Z,https://www.twitch.tv/videos/2260752774,https://static-cdn.jtvnw.net/cf_vods/d3vd9lfkzbru3h/4f889c78c42b081c9543_shiroganemomo_41618683543_1727351116//thumb/thumb0-%{width}x%{height}.jpg
3809ec8a42634d11aa1b7b8f99755c6a,12747,【花花】9/25 奶哥伺服器! | !周邊  | !LINE貼圖 |  !委託 | !新衣裝,2024-09-25T04:15:12Z,https://www.twitch.tv/videos/2259794355,https://static-cdn.jtvnw.net/cf_vods/d3vd9lfkzbru3h/d31f4196aaa35532c631_mayberuu_41615579031_1727237705//thumb/thumb0-%{width}x%{height}.jpg
2694a505a0e0441bb99b49e8ce1f7473,12739,【9/3】隊長說他今天休息所以吃完晚餐打完塔自主訓練｜自主訂閱買半年七折喔！！｜  @kannazukilubee ｜!yt !抖內 !會員 !7tv !指令 !手機殼 !瑞杏盃,2024-09-03T14:00:07Z,https://www.twitch.tv/videos/2241532792,https://static-cdn.jtvnw.net/cf_vods/d3vd9lfkzbru3h/6d169429065004a5e655_kannazukilubee_41567621847_1725371999//thumb/thumb0-%{width}x%{height}.jpg
9cec24b011ee45648eb404066c997f49,12718,【09/27】聊天！畫小埃新衣裝！斗影片！9月訂閱圖奇有大大大優惠！( ´∀｀)つt[ ],2024-09-27T12:03:09Z,https://www.twitch.tv/videos/2261574235,https://static-cdn.jtvnw.net/cf_vods/d3vd9lfkzbru3h/984ce4b1281cd86f3239_cygxdfp_41621066727_1727438583//thumb/thumb0-%{width}x%{height}.jpg
93bad1d4b0c54c8781e3775d13a62c38,12699,"AI也會人格分裂！？""她""的存在逐漸明朗....... #feuera #vtuber #aivtuber #新人vtuber #初配信 #人格分裂 #本我 #自我",2024-09-20T04:01:20Z,https://www.youtube.com/watch?v=6STWD9qiOMk,https://i.ytimg.com/vi/6STWD9qiOMk/mqdefault.jpg
f6a4e7aa8d0c4e5cb39d199845ec4d02,12657,【NOTD】9/6 前進雪原?! ft.J群玩家【#杏仁ミル】,2024-09-06T20:51:28Z,https://www.youtube.com/watch?v=-lhVxxzv_L4,https://i.ytimg.com/vi/-lhVxxzv_L4/mqdefault.jpg
67d348e6690c43729cce031e70a26645,12596,瑞杏盃！ 懶貓子久條命 久田視角 ｜9/15,2024-09-15T07:27:11Z,https://www.twitch.tv/videos/2251575215,https://static-cdn.jtvnw.net/cf_vods/d3vd9lfkzbru3h/3b956754789a0cb9d2ff_hakuzenyo_41596375527_1726385224//thumb/thumb0-%{width}x%{height}.jpg
5535c9524eb046c38e172ebfa06b302f,12584,【原神研究室】5.0納塔 [108顆火神瞳] 效率路線攻略🔥▸一個都不能少！悠閒音樂陪你抄作業 ▹璐洛洛◃,2024-09-02T13:45:27Z,https://www.youtube.com/watch?v=KUSXfHhmdNA,https://i.ytimg.com/vi/KUSXfHhmdNA/mqdefault.jpg
2694a505a0e0441bb99b49e8ce1f7473,12545,【9/9】我們家貓咪會用貓砂了她是天才｜自主訂閱買半年七折喔！！｜  @kannazukilubee ｜!yt !抖內 !會員 !7tv !指令 !手機殼 !瑞杏盃,2024-09-09T14:11:33Z,https://www.twitch.tv/videos/2246698116,https://static-cdn.jtvnw.net/cf_vods/d3vd9lfkzbru3h/bc7c53ac4500f8d96acb_kannazukilubee_41582751175_1725891086//thumb/thumb0-%{width}x%{height}.jpg
bafb134fd2f849898d6242d1f5f683cc,12540,【鵝鴨殺】經過訓練的陰險小默來了！feat. 龜狗、Tako、歌、埃、月、9Q、TTS、玥華、李帷、ren、乙緹、八毛、小夜夜、油條、Lupo【涅默Nemesis】,2024-09-20T16:07:23Z,https://www.youtube.com/watch?v=3lRzq0h6WYk,https://i.ytimg.com/vi/3lRzq0h6WYk/mqdefault.jpg
e17f42aa104040deae2ee3f3b1e85ed8,12519,【肉肉薔蒔】9/7   !滑鼠墊,2024-09-07T10:49:10Z,https://www.twitch.tv/videos/2244850234,https://static-cdn.jtvnw.net/cf_vods/d3vd9lfkzbru3h/116d24e12c05a681d0a4_aishakumo_41577123927_1725706141//thumb/thumb0-%{width}x%{height}.jpg
bafb134fd2f849898d6242d1f5f683cc,12518,【09.30】雀魂！等等來抽三麗鷗合作卡池TTTTTTT 粉湯圓娃娃熱賣中！／!指令 !抖影片 !YT !周邊,2024-09-30T11:37:20Z,https://www.twitch.tv/videos/2264111590,https://static-cdn.jtvnw.net/cf_vods/d3vd9lfkzbru3h/8fe21be3fb6a58e49472_nemesisxdfp_41628193271_1727696234//thumb/thumb0-%{width}x%{height}.jpg
d5fdf5fc55d14476908e416e6d43c121,12480,【情境向 ASMR】溫柔姊姊與你肌膚貼近的陪伴❄️囁き／耳語／耳かき／心音【雪之下織雪／芥川組】,2024-09-05T16:57:37Z,https://www.youtube.com/watch?v=a8jcBtj3FTY,https://i.ytimg.com/vi/a8jcBtj3FTY/mqdefault.jpg
6943bbfc993443d4b3853833b3bb1a66,12471,Vtuber直播遭媽媽亂入❗️全場高喊岳母🤣 #vtuber #短片 #shorts #meme #直播精華 #迷因 #直播,2024-09-06T10:04:47Z,https://www.youtube.com/watch?v=aYxLeVAueRA,https://i.ytimg.com/vi/aYxLeVAueRA/mqdefault.jpg
4fd17e8877024633876c5d85bc81e56b,12466,賣色光頭男V重出江湖  #vtuber #vtuberclip #vtuber中文 #台v #台v精華 #atamahikari  #光頭Vtuber,2024-09-12T10:50:00Z,https://www.youtube.com/watch?v=N9bd6-tSWvM,https://i.ytimg.com/vi/N9bd6-tSWvM/mqdefault.jpg
c65e7caaf81a43249d5132b9fe312b24,12420,Vtuber tries to solve a Rubik's Cube,2024-09-19T06:00:39Z,https://www.youtube.com/watch?v=bKqYYxtxPWY,https://i.ytimg.com/vi/bKqYYxtxPWY/mqdefault.jpg
a9b855767b2d432c9f263e3427ff33a6,12416,難過233秒 / ChiliChill (covered by 埃穆亞oumua),2024-09-24T15:00:31Z,https://www.youtube.com/watch?v=PbVJSr8H_2c,https://i.ytimg.com/vi/PbVJSr8H_2c/mqdefault.jpg
2741a90689f342548daad7f760b0a8f7,12405,【夜勤病棟】不醉不歸！酒測一下每次都喝到多醉！？【希翁／Chion】,2024-09-22T07:49:56Z,https://www.youtube.com/watch?v=UhcarjmuMeQ,https://i.ytimg.com/vi/UhcarjmuMeQ/mqdefault.jpg
5a934764983e45959855735b79bcc90e,12401,〖#吉他歌回〗輕鬆彈唱、聊聊天，陪你吃晚餐^ↀωↀ^｜量產型猫飼步歌貳貳機 Fuka22,2024-09-14T12:31:19Z,https://www.youtube.com/watch?v=VMjBei4b12k,https://i.ytimg.com/vi/VMjBei4b12k/mqdefault.jpg
fd6a0236861940389e15ef85b16c6069,12401,【烟花蹦蹦蹦】萌羊可以做什麼?,2024-09-23T13:01:44Z,https://www.youtube.com/watch?v=mvShXHEIEOM,https://i.ytimg.com/vi/mvShXHEIEOM/mqdefault.jpg
8d113670c4514e5bb28823a756385528,12390,旦那様とのラブラブ・ラブソング／祈Iruni【Cover】,2024-09-26T12:00:53Z,https://www.youtube.com/watch?v=mDjTawg_vM0,https://i.ytimg.com/vi/mDjTawg_vM0/mqdefault.jpg
2741a90689f342548daad7f760b0a8f7,12356,【大便糖速吃】來吧！1000顆大便...😁【希翁／Chion】,2024-09-21T15:35:41Z,https://www.youtube.com/watch?v=Sc7zpE6jsEA,https://i.ytimg.com/vi/Sc7zpE6jsEA/mqdefault.jpg
e069724ddab54dd690d6c3425574effd,12350,真的是神經病欸！#vtuber #vtuber#台灣vtuber#shorts #short,2024-09-04T12:00:00Z,https://www.youtube.com/watch?v=-kgh7qY45dQ,https://i.ytimg.com/vi/-kgh7qY45dQ/mqdefault.jpg
e069724ddab54dd690d6c3425574effd,12350,餵飽我！快點！#vtuber #vtuber#台灣vtuber#shorts #short,2024-09-10T12:00:03Z,https://www.youtube.com/watch?v=2VOSuzFRYeo,https://i.ytimg.com/vi/2VOSuzFRYeo/mqdefault.jpg
75ddc749133b4c498eb35ceac1e2a0b2,12318,今天來公審我媽！！#vtuber #台v  #紫茗,2024-09-13T09:36:37Z,https://www.youtube.com/watch?v=dcakGK8WtJk,https://i.ytimg.com/vi/dcakGK8WtJk/mqdefault.jpg
a3ce195c0069494c99849d0b1a10a7fd,12310,【#悠姊姊音聲ASMR 55 -blue-】睡前讓姊姊給你抱抱哼歌哄一哄～｜ #悠白 #Ubye #中文音聲 #ASMR #音聲 #3dio,2024-09-29T17:37:24Z,https://www.youtube.com/watch?v=cjKnWOXxkRc,https://i.ytimg.com/vi/cjKnWOXxkRc/mqdefault.jpg
8bf35c3b9a9e461d825a9170555b71c2,12290,窩開台了但我也不知道為啥開台 !YT !通販 !LINE !DC !ff43 中文/Eng/日本語,2024-09-11T14:16:45Z,https://www.twitch.tv/videos/2248348872,https://static-cdn.jtvnw.net/cf_vods/d3vd9lfkzbru3h/54db1cd222dde72b7206_reirei_neon_41587508439_1726064198//thumb/thumb0-%{width}x%{height}.jpg
afa3e309e41044c5bffe17466607d481,12272,雪雪๐•ᴗ•๐ 9/25 晚點中風環節 我很抱歉  @yukkkkiouo !自主訂閱支援 !魔儲 使用推薦碼註冊拿200元折價卷,2024-09-25T11:24:32Z,https://www.twitch.tv/videos/2259932499,https://static-cdn.jtvnw.net/cf_vods/d3vd9lfkzbru3h/a87ddfe540b266d2f2eb_yukkkkiouo_41616319879_1727263463//thumb/thumb0-%{width}x%{height}.jpg
a3ce195c0069494c99849d0b1a10a7fd,12266,現在是…禪的時間～ #瑞杏盃 !瑞杏盃隊友｜#悠白 #Ubye,2024-09-13T12:20:37Z,https://www.twitch.tv/videos/2249925477,https://static-cdn.jtvnw.net/cf_vods/d3vd9lfkzbru3h/cc9a47cb1976b0c23c7d_konyunubye_41591867367_1726230030//thumb/thumb0-%{width}x%{height}.jpg
5535c9524eb046c38e172ebfa06b302f,12258,🔴【米遊日】「飛霄」代抽預約中！『米家遊戲+鳴潮』全健檢&滷肉幫到你家✨｜ UID安心儲值→ !LD !曼德洛 (10單送月卡) ▹ @ruroroisme ◃,2024-09-08T11:17:17Z,https://www.twitch.tv/videos/2245780417,https://static-cdn.jtvnw.net/cf_vods/d3vd9lfkzbru3h/66ddacf40efb19cc810b_ruroroisme_41579878039_1725794223//thumb/thumb0-%{width}x%{height}.jpg
a9f28d3e3d2a4ecb93ff10955be791d1,12255,【麥塊Minecraft】遊戲：月蝕豪宅擴建計畫 / 宵Yoruno ft.月蝕屋全員,2024-09-13T15:21:47Z,https://www.youtube.com/watch?v=24D5sc7PZX4,https://i.ytimg.com/vi/24D5sc7PZX4/mqdefault.jpg
4fd17e8877024633876c5d85bc81e56b,12243,進擊的巨人第一名女角  #vtuber #vtuberclip #vtuber中文 #台v #台v精華 #atamahikari  #光頭Vtuber,2024-09-14T10:00:40Z,https://www.youtube.com/watch?v=g4BactZdsV4,https://i.ytimg.com/vi/g4BactZdsV4/mqdefault.jpg
a3ce195c0069494c99849d0b1a10a7fd,12217,今晚瑞杏前夜祭  #瑞杏盃 !瑞杏盃隊友｜#悠白 #Ubye,2024-09-14T09:00:39Z,https://www.twitch.tv/videos/2250730379,https://static-cdn.jtvnw.net/cf_vods/d3vd9lfkzbru3h/398ba7cc99f0d8c39442_konyunubye_41593976631_1726304432//thumb/thumb0-%{width}x%{height}.jpg
b4a1791208fd4d85b7b08ee2bad0c236,12206,今年中秋節將會有難得一見的超級月亮 #shorts #vtuber #中秋節,2024-09-19T10:00:29Z,https://www.youtube.com/watch?v=V7QZv_7lSWM,https://i.ytimg.com/vi/V7QZv_7lSWM/mqdefault.jpg
9e64bba43928414884503de36f805c48,12173,9/23 安安 想我嗎  !vpn !台聚 !泰國 | 掛台抽哀鳳 | 訂閱YT !YT,2024-09-23T11:14:57Z,https://www.twitch.tv/videos/2258320872,https://static-cdn.jtvnw.net/cf_vods/d3vd9lfkzbru3h/fca9570ebc291f7e76aa_wen620_41611649511_1727090092//thumb/thumb0-%{width}x%{height}.jpg
d837e8fda137492c9d77882b98ff863a,12166,【酒促果】為了賣自己的周邊，下場當酒促小姐！？✧ 真理果Marika,2024-09-14T15:29:42Z,https://www.youtube.com/watch?v=6bPo1MOAiOA,https://i.ytimg.com/vi/6bPo1MOAiOA/mqdefault.jpg
f6a4e7aa8d0c4e5cb39d199845ec4d02,12136,【杏仁ミルxBeatday】週末Party Night ep.0 杏眾同樂會✨  | !周邊 !3C !咪嚕娃娃 @vtuber_amiru,2024-09-29T11:50:09Z,https://www.twitch.tv/videos/2263315792,https://static-cdn.jtvnw.net/cf_vods/d3vd9lfkzbru3h/0f2c91e271c7ad4954d3_vtuber_amiru_41626080119_1727610604//thumb/thumb0-%{width}x%{height}.jpg
d837e8fda137492c9d77882b98ff863a,12106,【原萃泡麵】實測！麻辣泡麵+烏龍茶有料嗎？✧ 真理果Marika,2024-09-07T14:37:21Z,https://www.youtube.com/watch?v=j8Ztm7pkbRY,https://i.ytimg.com/vi/j8Ztm7pkbRY/mqdefault.jpg
f6a4e7aa8d0c4e5cb39d199845ec4d02,12095,【杏仁ミル精華】雙J難度 史上最難通Pico Park2 ft. @GodJJ @dingding248 @Ubye @niconini11369 雞排,2024-09-26T04:00:36Z,https://www.youtube.com/watch?v=nIHIp-PNZyA,https://i.ytimg.com/vi/nIHIp-PNZyA/mqdefault.jpg
ba562aad440d483e988d3ce7e7217c94,12064,[貓宮香草]  9/8  喉嚨負荷過量 ，  想儲值找ME魔儲 !魔儲  !DC,2024-09-08T08:15:05Z,https://www.twitch.tv/videos/2245710607,https://static-cdn.jtvnw.net/cf_vods/d3vd9lfkzbru3h/461df870ff4606dca165_vanilla_shironeko_41579492823_1725783299//thumb/thumb0-%{width}x%{height}.jpg
2694a505a0e0441bb99b49e8ce1f7473,12025,【9/15】瑞杏盃正賽！好餓(；′⌒`)｜  @kannazukilubee ｜!yt !抖內 !會員 !7tv !指令 !手機殼 !瑞杏盃,2024-09-15T07:55:06Z,https://www.twitch.tv/videos/2251584902,https://static-cdn.jtvnw.net/cf_vods/d3vd9lfkzbru3h/ef705e9751b9fa393f4a_kannazukilubee_41596429831_1726386901//thumb/thumb0-%{width}x%{height}.jpg
cd42e06c40534d9eac7e30a434e47d43,12018,【異世界奇幻配對】小朋友快去睡覺！現在是～大♡人♡的遊戲時間了！ #異世界奇幻配對 #帕豹Pabo #vtuber,2024-09-16T12:00:32Z,https://www.youtube.com/watch?v=hwzx9gqQLIg,https://i.ytimg.com/vi/hwzx9gqQLIg/mqdefault.jpg
a9b855767b2d432c9f263e3427ff33a6,11986,【#歌枠】復仇回! 若是3D Showcase以平時的狀態唱歌會怎麼樣呢…! ❚ #Singing Stream ∷ 埃穆亞Oumua,2024-09-10T15:43:40Z,https://www.youtube.com/watch?v=z_bm_ACNXv8,https://i.ytimg.com/vi/z_bm_ACNXv8/mqdefault.jpg
6af8929143294c72b25a7108e79e2faf,11981,優里『メリーゴーランド』｜艾斯珀達Espada【歌ってみた】,2024-09-25T12:15:22Z,https://www.youtube.com/watch?v=uqByxhmrdXo,https://i.ytimg.com/vi/uqByxhmrdXo/mqdefault.jpg
3005ff0c09064d7f924c506e1e9c18ba,11974,【猫夜凜】有空來重建一下初始安全小屋好了 | @nekoyarin |  !語音 !魔儲  | 9/20,2024-09-20T15:23:23Z,https://www.twitch.tv/videos/2255876523,https://static-cdn.jtvnw.net/cf_vods/d3vd9lfkzbru3h/a76932185308531badaf_nekoyarin_41604930327_1726845794//thumb/thumb0-%{width}x%{height}.jpg
b6a105f12b904256ba356935ae46657f,11937,✧茉茉𝕄𝕆𝕄𝕆✧末日DLC3⋆ʚ⭑ɞ⋆!dc !團購,2024-09-27T11:55:53Z,https://www.twitch.tv/videos/2261569925,https://static-cdn.jtvnw.net/cf_vods/d3vd9lfkzbru3h/b52231900756c846bd20_shiroganemomo_41621030263_1727438147//thumb/thumb0-%{width}x%{height}.jpg
b6a105f12b904256ba356935ae46657f,11926,✧茉茉𝕄𝕆𝕄𝕆✧⋆ʚ⭑ɞ⋆!dc !團購,2024-09-19T11:35:39Z,https://www.twitch.tv/videos/2254940964,https://static-cdn.jtvnw.net/cf_vods/d3vd9lfkzbru3h/12e2be96b37d300cbe83_shiroganemomo_41601835159_1726745733//thumb/thumb0-%{width}x%{height}.jpg
6c872a4043b84e4493877a42af684d1d,11923,我只是比較需要媽，才不是媽寶！#vtuber  #台v精華 #銀河galaxy #台V #vtuberclip  #vtuber中文  #台灣vtuber #shorts,2024-09-18T09:01:00Z,https://www.youtube.com/watch?v=yJspZOrVLDc,https://i.ytimg.com/vi/yJspZOrVLDc/mqdefault.jpg
bafb134fd2f849898d6242d1f5f683cc,11900,【09.27】粉湯圓娃娃熱賣中！ ／!指令 !抖影片 !YT !周邊,2024-09-27T09:01:43Z,https://www.twitch.tv/videos/2261512094,https://static-cdn.jtvnw.net/cf_vods/d3vd9lfkzbru3h/36fc99f8a315b61ff7d4_nemesisxdfp_41620635319_1727427696//thumb/thumb0-%{width}x%{height}.jpg
7c06b9e316ce4ac18ce836cd72442bbe,11861,【歌枠】回家唱歌給你聽✨ただいま！聞きたい曲歌うね🎤【浠Mizuki Karaoke】,2024-09-28T12:12:36Z,https://www.youtube.com/watch?v=P-RCrzO-cew,https://i.ytimg.com/vi/P-RCrzO-cew/mqdefault.jpg
9e64bba43928414884503de36f805c48,11853,9/14 下午三點 《荒野亂鬥》比賽！！  !vpn !台聚 !泰國 | 掛台抽哀鳳 | 訂閱YT !YT,2024-09-14T06:34:44Z,https://www.twitch.tv/videos/2250679729,https://static-cdn.jtvnw.net/cf_vods/d3vd9lfkzbru3h/bee1c34c5d991c2cda34_wen620_41593690151_1726295679//thumb/thumb0-%{width}x%{height}.jpg
9cec24b011ee45648eb404066c997f49,11802,【TCG Card Shop Simulator】卡店模擬！王熙歌的老闆夢要實現了嗎？讓我薛翻你們這些客人阿！ᕦ(ò_óˇ)ᕤ(是這樣的遊戲嗎) █熙歌Cygnus,2024-09-25T17:23:47Z,https://www.youtube.com/watch?v=qrDt2CFrc0E,https://i.ytimg.com/vi/qrDt2CFrc0E/mqdefault.jpg
5f12df329c6144e1a6c596f4fbcb9e81,11773,【#秋水伊人】中秋節特企接力歌回～Let's Singing～！！#vtuber  【Torakolive】,2024-09-16T05:08:56Z,https://www.youtube.com/watch?v=S0ZRe5REa7Q,https://i.ytimg.com/vi/S0ZRe5REa7Q/mqdefault.jpg
4544974bc5624035ae7bb0c9ed33e44e,11755,【今天我生日！】拆禮物囉！！生日周邊公布！！#開鏡頭注意。【瓦西瓦瓦 / Vaswawa】,2024-09-11T10:02:44Z,https://www.youtube.com/watch?v=aprjpwCtWas,https://i.ytimg.com/vi/aprjpwCtWas/mqdefault.jpg
9b33b75521bd43bca3346790ac65559c,11734,黑悟空也有方唐鏡 這樣來來回回我不行耶 敬請見證 打到演算法! vtuber精華 荻珥 #shorts #vtuber精華 #荻珥 #vtuberclip  #vtuber中文 #vtuber,2024-09-08T04:00:23Z,https://www.youtube.com/watch?v=_g_VTsNdoXA,https://i.ytimg.com/vi/_g_VTsNdoXA/mqdefault.jpg
4b6b055ada4d4f0ab63b7ad02a3fa3ef,11727,【#瑞杏盃】16點正式開始⚡#懶貓子久條命WIN -Rumi視点-【APEX】｜Rumi/懶貓子,2024-09-15T06:30:18Z,https://www.twitch.tv/videos/2251554269,https://static-cdn.jtvnw.net/cf_vods/d3vd9lfkzbru3h/7e5d6b635ba4e725d0de_rumi0813_41596258599_1726381812//thumb/thumb0-%{width}x%{height}.jpg
a000aa1d3ea7489c993277d33ab2457e,11695,【誰殺了REN】那只是誤會阿！是個意外！⌇幻月Moondogs,2024-09-18T10:30:33Z,https://www.youtube.com/watch?v=vWslGehJAYE,https://i.ytimg.com/vi/vWslGehJAYE/mqdefault.jpg
afa3e309e41044c5bffe17466607d481,11651,雪雪๐•ᴗ•๐ 9/24 晚上撿垃圾  @yukkkkiouo !自主訂閱支援 !魔儲 使用推薦碼註冊拿200元折價卷,2024-09-24T12:01:40Z,https://www.twitch.tv/videos/2259131834,https://static-cdn.jtvnw.net/cf_vods/d3vd9lfkzbru3h/4c03e4d657ba085554f2_yukkkkiouo_41614103591_1727179291//thumb/thumb0-%{width}x%{height}.jpg
f6a4e7aa8d0c4e5cb39d199845ec4d02,11644,【瑞杏盃 x Apex】Team7 唯悠魔儲義生杏福【#杏仁ミル】,2024-09-15T14:27:48Z,https://www.youtube.com/watch?v=f2hMZXue_6s,https://i.ytimg.com/vi/f2hMZXue_6s/mqdefault.jpg
99f6f80397b34d0b9a0cfd40f3801a35,11628,【💜初配信後歌回】來點不同口味的可可吧 ٩૮₍ ˶'ᵕ'˶₎ა۶｜心 𝗰𝗼𝗰𝗼𝗿𝟬,2024-09-13T14:51:40Z,https://www.youtube.com/watch?v=R2BbAA4r7Mc,https://i.ytimg.com/vi/R2BbAA4r7Mc/mqdefault.jpg
ab64eaef68c94ab4afb3a89007c81e9c,11623,唱歌 | 一年中我最喜歡2月，因為我只會窮28天 | @maimaivtuber,2024-09-20T07:30:18Z,https://www.twitch.tv/videos/2255675819,https://static-cdn.jtvnw.net/cf_vods/d3vd9lfkzbru3h/6b737f531349a57bb56c_maimaivtuber_41603693495_1726817411//thumb/thumb0-%{width}x%{height}.jpg
9cec24b011ee45648eb404066c997f49,11620,【秋水伊人】中秋接力歌回，第12棒王熙歌參上！ヾ(◎´・ω・｀)ノ#秋水伊人2024接力歌回█熙歌Cygnus,2024-09-16T10:50:06Z,https://www.youtube.com/watch?v=_3yFjTj5cFw,https://i.ytimg.com/vi/_3yFjTj5cFw/mqdefault.jpg
491a6000ce4b472c9b4f8c1dcfdb772c,11596,天希：我是女的！！(即答)  #vtuber #台灣vtuber #台v #台v精華 #搞笑 #twvtuber #vtuberclips,2024-09-03T12:20:09Z,https://www.youtube.com/watch?v=3vLdvcgLcFE,https://i.ytimg.com/vi/3vLdvcgLcFE/mqdefault.jpg
8bf35c3b9a9e461d825a9170555b71c2,11577,【古摸澪】健康作息早餐台，起床起床起床床｜澪Rei,2024-09-21T04:09:09Z,https://www.youtube.com/watch?v=1Szz-7RoL78,https://i.ytimg.com/vi/1Szz-7RoL78/mqdefault.jpg
bafb134fd2f849898d6242d1f5f683cc,11514,【瑞杏盃xApex訓練賽】今天好像是由#認罪吧蘇男 教練代打！老蘇可以打一下！！feat. @taaaao87 @mirotabasuko0808 @sweetcampercs【涅默Nemesis】,2024-09-13T17:55:43Z,https://www.youtube.com/watch?v=I3iN82cfKhw,https://i.ytimg.com/vi/I3iN82cfKhw/mqdefault.jpg
2694a505a0e0441bb99b49e8ce1f7473,11514,【神無月鹿比🦌｜官方精華】我學的抖音箭什麼時候可以派上用場,2024-09-24T10:00:04Z,https://www.youtube.com/watch?v=2RcJtp2RKdE,https://i.ytimg.com/vi/2RcJtp2RKdE/mqdefault.jpg
a3ce195c0069494c99849d0b1a10a7fd,11505,下雨了，路上不會開車的人變多了呢｜悠白Ubye #vtuber  #shorts  #台V  #vtuberclip  #vtuber中文 #雲際線,2024-09-03T11:15:02Z,https://www.youtube.com/watch?v=Trx40K7RSVQ,https://i.ytimg.com/vi/Trx40K7RSVQ/mqdefault.jpg
e93bd1102e214cbaa71cc5b2e4a53595,11505,【早安歌雜】為#秋水伊人 暖暖場開開嗓，大家早安!!!!!!!!!!!你們睡醒了嗎!!!!!!!!!!  ░  歌雜｜Singing Stream,2024-09-16T04:18:24Z,https://www.youtube.com/watch?v=-TY_z-hOFXE,https://i.ytimg.com/vi/-TY_z-hOFXE/mqdefault.jpg
4fd17e8877024633876c5d85bc81e56b,11502,如何電爆來亂的人  #vtuber #vtuberclip #vtuber中文 #台v #台v精華 #atamahikari  #光頭Vtuber,2024-09-03T11:45:00Z,https://www.youtube.com/watch?v=DYk_h7EgPtA,https://i.ytimg.com/vi/DYk_h7EgPtA/mqdefault.jpg
2694a505a0e0441bb99b49e8ce1f7473,11476,【9/2】為什麼這個月電費又超標了｜自主訂閱買半年七折喔！！｜  @kannazukilubee ｜!yt !抖內 !會員 !7tv !指令 !手機殼 !瑞杏盃,2024-09-02T15:03:49Z,https://www.twitch.tv/videos/2240696430,https://static-cdn.jtvnw.net/cf_vods/d3vd9lfkzbru3h/71d6af6722850d14064f_kannazukilubee_41565256135_1725289421//thumb/thumb0-%{width}x%{height}.jpg
e069724ddab54dd690d6c3425574effd,11472,誰冒充我！出來喔！#vtuber #vtuber#台灣vtuber#shorts #short,2024-09-12T12:00:17Z,https://www.youtube.com/watch?v=JC5Lf2HLbHc,https://i.ytimg.com/vi/JC5Lf2HLbHc/mqdefault.jpg
c04f006e69e04000a68cd0c41f888eb2,11467,【 伊甸惡意 】伺服器最大塊豬血糕  | Rluo Ch. 阿洛【 Minecraft1.21 多人伺服器 】,2024-09-15T12:11:15Z,https://www.youtube.com/watch?v=6zPyxlkaDAI,https://i.ytimg.com/vi/6zPyxlkaDAI/mqdefault.jpg
9e64bba43928414884503de36f805c48,11450,9/9 安安 打完球到家了 !萬妖 !vpn !台聚 !泰國 | 掛台抽哀鳳 | 訂閱YT !YT,2024-09-09T11:55:23Z,https://www.twitch.tv/videos/2246628769,https://static-cdn.jtvnw.net/cf_vods/d3vd9lfkzbru3h/8b1ddccce2026b647865_wen620_41582281175_1725882917//thumb/thumb0-%{width}x%{height}.jpg
e93bd1102e214cbaa71cc5b2e4a53595,11446,﹝中/日ok﹞((´∩ω∩｀) 等餐！先聊天！晚點APEX .ft.YOSHIKA / RESTIA！ ░ !指令 !連動中 !主台,2024-09-06T16:39:10Z,https://www.twitch.tv/videos/2244138601,https://static-cdn.jtvnw.net/cf_vods/d3vd9lfkzbru3h/d35fe892b078a223a67c_earendelxdfp_41575438999_1725640741//thumb/thumb0-%{width}x%{height}.jpg
c540124532e14ceb8e9ffc654a0ec4c9,11388,【密技實況精華】P2020急速複製術（疑似已修復）｜#apex實況 #apex精華 #直播 #vtuber #台v #台灣vtuber #apex英雄,2024-09-29T04:00:04Z,https://www.youtube.com/watch?v=8lMpfIZdryQ,https://i.ytimg.com/vi/8lMpfIZdryQ/mqdefault.jpg
6dc75ab227e34c928598bde8f2d324bf,11373,【遊戲】黑神話．悟空：讓你們見識一下什麼叫做遊戲天才！不打贏大頭佛不下播!!! ~ 🦁 #blackmyth #黑神話悟空 #台灣vtuber #台v #vtuber #海克莉獅,2024-09-11T14:42:42Z,https://www.youtube.com/watch?v=AOVWo-m5yl0,https://i.ytimg.com/vi/AOVWo-m5yl0/mqdefault.jpg
a188f157d0384e0db5ae73605240d68b,11360,把手指放進紅圈裡【花咲小春】#台v #shorts,2024-09-29T10:01:10Z,https://www.youtube.com/watch?v=l9UGy2BpcFQ,https://i.ytimg.com/vi/l9UGy2BpcFQ/mqdefault.jpg
c377cbfa47984f0ba9242b1f6e3dfc75,11317,【設計分享】 網頁設計與 UIUX 直播 @may_logger #設計師勞哥,2024-09-27T08:00:26Z,https://www.twitch.tv/videos/2261494963,https://static-cdn.jtvnw.net/cf_vods/d3vd9lfkzbru3h/f7ee6840da99894a0d24_may_logger_41620536039_1727424020//thumb/thumb0-%{width}x%{height}.jpg
a3ce195c0069494c99849d0b1a10a7fd,11311,來不及練來不及練來不及練救命 #瑞杏盃 !瑞杏盃隊友｜#悠白 #Ubye,2024-09-04T14:03:11Z,https://www.twitch.tv/videos/2242380394,https://static-cdn.jtvnw.net/cf_vods/d3vd9lfkzbru3h/d39b02e40c3f5350be5d_konyunubye_41570136375_1725458581//thumb/thumb0-%{width}x%{height}.jpg
3d786b116dbc437e8684d7b46567a1e5,11286,【樂團小白辛酸史】玩樂團要學外星語!? ⌇ 百百波美 BarkBarkPomi,2024-09-07T11:30:10Z,https://www.youtube.com/watch?v=EBz8Et235ls,https://i.ytimg.com/vi/EBz8Et235ls/mqdefault.jpg
4fd17e8877024633876c5d85bc81e56b,11278,阿光的擇偶條件!?  #vtuber #vtuberclip #vtuber中文 #台v #台v精華 #atamahikari  #光頭Vtuber,2024-09-20T10:01:06Z,https://www.youtube.com/watch?v=zA2Gj7yXVFg,https://i.ytimg.com/vi/zA2Gj7yXVFg/mqdefault.jpg
9af7c10c618844f08a327d38753124bd,11235,【酒樂霧子 | 官方精華】瑞杏杯最佳斜咖手環王咕嚕 ft. @Koko0416 @84450121,2024-09-22T06:40:06Z,https://www.youtube.com/watch?v=OiqqtC9KhaM,https://i.ytimg.com/vi/OiqqtC9KhaM/mqdefault.jpg
9f649d90164140bdb0e38f7e835c183b,11222,實測看看🎤in🛀【穆恩佐Munzel】10/14初配信 #諦覓司 #munzel #江南 #台v #新人vtuber,2024-09-27T12:30:00Z,https://www.youtube.com/watch?v=-LoJq5CFK5c,https://i.ytimg.com/vi/-LoJq5CFK5c/mqdefault.jpg
2694a505a0e0441bb99b49e8ce1f7473,11216,【9/10】聊吃塔A｜自主訂閱買半年七折喔！！｜  @kannazukilubee ｜!yt !抖內 !會員 !7tv !指令 !手機殼 !瑞杏盃,2024-09-10T13:58:06Z,https://www.twitch.tv/videos/2247502357,https://static-cdn.jtvnw.net/cf_vods/d3vd9lfkzbru3h/eaa8473000e141c7791a_kannazukilubee_41585066183_1725976678//thumb/thumb0-%{width}x%{height}.jpg
c540124532e14ceb8e9ffc654a0ec4c9,11215,【密技實況精華】電流區吃水點老六點一大堆｜#apex實況 #apex精華 #直播 #vtuber #台v #台灣vtuber #apex英雄,2024-09-12T04:00:27Z,https://www.youtube.com/watch?v=_0KaB_Iq4lk,https://i.ytimg.com/vi/_0KaB_Iq4lk/mqdefault.jpg
71e1a399885b48e79c9a98e973e6b5e3,11199,粉毛嘲笑粉毛 粉毛的蔥薑蒜醫生狐狸！#shorts #台灣 #台V #vtuber #vtuber精華 #vtuberclip #slimeclip,2024-09-11T10:00:24Z,https://www.youtube.com/watch?v=GpAh1qnie7U,https://i.ytimg.com/vi/GpAh1qnie7U/mqdefault.jpg
fd6a0236861940389e15ef85b16c6069,11177,【烟花蹦蹦蹦】60天後🫵,2024-09-03T02:00:00Z,https://www.youtube.com/watch?v=a1TF4BUhVDE,https://i.ytimg.com/vi/a1TF4BUhVDE/mqdefault.jpg
312fdd3c5e6d4aefa73fd3860ecc5613,11175,🐺蒸臉機 #shorts,2024-09-06T10:01:05Z,https://www.youtube.com/watch?v=wsJOtHEU2og,https://i.ytimg.com/vi/wsJOtHEU2og/mqdefault.jpg
99f6f80397b34d0b9a0cfd40f3801a35,11166,【💜歌回】中秋快樂.ᐟ.ᐟ 放假的晚上就是要開開心心的吧 ｜心 𝗰𝗼𝗰𝗼𝗿𝟬,2024-09-17T18:01:35Z,https://www.youtube.com/watch?v=36SG6tHM_Qc,https://i.ytimg.com/vi/36SG6tHM_Qc/mqdefault.jpg
a9b855767b2d432c9f263e3427ff33a6,11162,【#秋水伊人】月亮、秋天、星星的故事。 | 中秋接力歌回第九棒! ❚ #Singing Stream ∷ 埃穆亞Oumua,2024-09-16T09:07:27Z,https://www.youtube.com/watch?v=2bLDW0NLaw0,https://i.ytimg.com/vi/2bLDW0NLaw0/mqdefault.jpg
14a9a08fbdc641e8ac8c384dedfccf0a,11159,【Chained Together】月蝕屋存亡就看這遊戲了 ft. @OboroMoonlit @YorunoMoonlit 【朔Sakuro】,2024-09-10T14:42:33Z,https://www.youtube.com/watch?v=xRDoLYRBKCY,https://i.ytimg.com/vi/xRDoLYRBKCY/mqdefault.jpg
abd64c9a64e04fb1b23faa2480c1c106,11072,FNF 隱藏秘密彩蛋 BF死了 ! ?,2024-09-13T18:10:07Z,https://www.youtube.com/watch?v=4rDTHL5cHXA,https://i.ytimg.com/vi/4rDTHL5cHXA/mqdefault.jpg
0641a9c8b9a94994aaa33e0c86fef75b,11061,【 表單募集】來聊聊第一次相遇ㄅ！【庫洛姆Kuromu】#台灣Vtuber #庫洛姆,2024-09-05T16:47:26Z,https://www.youtube.com/watch?v=H9q_w4fNG0o,https://i.ytimg.com/vi/H9q_w4fNG0o/mqdefault.jpg
5f12df329c6144e1a6c596f4fbcb9e81,11013,我到家了！分享上禮拜在台灣！ | 虎子,2024-10-01T12:49:41Z,https://www.youtube.com/watch?v=-2X7OXr_CsM,https://i.ytimg.com/vi/-2X7OXr_CsM/mqdefault.jpg
c82ab1b4f8f64d1f84cae4ce09aa0dea,11011,【歌回】累累的週三唱歌給你聽｜汐Seki,2024-09-04T15:35:47Z,https://www.youtube.com/watch?v=NtWn6SUJ458,https://i.ytimg.com/vi/NtWn6SUJ458/mqdefault.jpg
788611c913b04d999011628637657bee,11002,數學是什麼 #台v #vtuber #short #shorts,2024-09-21T10:00:55Z,https://www.youtube.com/watch?v=tX2pm3ALxqg,https://i.ytimg.com/vi/tX2pm3ALxqg/mqdefault.jpg
d837e8fda137492c9d77882b98ff863a,10994,【PlayOne陪玩】陪玩小姐姐教我怎麼唱台語歌！？。✧ 真理果Marika,2024-09-21T13:25:37Z,https://www.youtube.com/watch?v=K2tWhug9ED0,https://i.ytimg.com/vi/K2tWhug9ED0/mqdefault.jpg
3005ff0c09064d7f924c506e1e9c18ba,10982,【猫夜凜】樂隊半夜練團 w/貓康.悠真.霧子 | @nekoyarin |  !語音  | 9/2,2024-09-02T14:12:17Z,https://www.twitch.tv/videos/2240663561,https://static-cdn.jtvnw.net/cf_vods/d3vd9lfkzbru3h/6a3870884bda641a1075_nekoyarin_41565116567_1725286328//thumb/thumb0-%{width}x%{height}.jpg
c377cbfa47984f0ba9242b1f6e3dfc75,10977,【共同視聽】 Apple Event 也許是 iPhone 16 發表會？ @may_logger #設計師勞哥,2024-09-09T16:05:14Z,https://www.twitch.tv/videos/2246765060,https://static-cdn.jtvnw.net/cf_vods/d3vd9lfkzbru3h/e1cea2fb7a9b8b0bf072_may_logger_41583009783_1725897906//thumb/thumb0-%{width}x%{height}.jpg
a3ce195c0069494c99849d0b1a10a7fd,10974,虧吉白隊集合啦！🤗🤗🤗#瑞杏盃 !瑞杏盃隊友｜#悠白 #Ubye,2024-09-03T13:43:48Z,https://www.twitch.tv/videos/2241524029,https://static-cdn.jtvnw.net/cf_vods/d3vd9lfkzbru3h/b136c6a05d5ebae65344_konyunubye_41567572775_1725371021//thumb/thumb0-%{width}x%{height}.jpg
cb94019fb4714e168b47d6757995efc3,10960,【⚕︎官方精華】大家好我們是獄見娛樂所屬的涅爾菲跟希洛萊昂 #Alluria #台V #涅爾菲,2024-09-13T11:30:29Z,https://www.youtube.com/watch?v=feuk31qgevk,https://i.ytimg.com/vi/feuk31qgevk/mqdefault.jpg
a9f28d3e3d2a4ecb93ff10955be791d1,10947,【Saygoodnight】晚安：宵聲與你分享 / 宵Yoruno,2024-09-11T15:36:17Z,https://www.youtube.com/watch?v=cZP95mXQ-qE,https://i.ytimg.com/vi/cZP95mXQ-qE/mqdefault.jpg
a3ce195c0069494c99849d0b1a10a7fd,10940,房屋翻新+NOTD+apex練習好忙好忙 #瑞杏盃 !瑞杏盃隊友｜#悠白 #Ubye,2024-09-12T12:17:07Z,https://www.twitch.tv/videos/2249110144,https://static-cdn.jtvnw.net/cf_vods/d3vd9lfkzbru3h/c1a2e5707cbf9db7d370_konyunubye_41589488647_1726143421//thumb/thumb0-%{width}x%{height}.jpg
e17f42aa104040deae2ee3f3b1e85ed8,10930,【肉肉薔蒔】9/30  明天10點工商! !滑鼠墊,2024-09-30T13:49:26Z,https://www.twitch.tv/videos/2264172524,https://static-cdn.jtvnw.net/cf_vods/d3vd9lfkzbru3h/4806207d670047ed4436_aishakumo_41628627143_1727704159//thumb/thumb0-%{width}x%{height}.jpg
be6c475c291d45a0a7349abdb70be20d,10924,R星實裝反作弊系統BattlEye！究竟有用嗎？GTAOnline,2024-09-23T16:37:07Z,https://www.youtube.com/watch?v=fHRVKTuA1Ko,https://i.ytimg.com/vi/fHRVKTuA1Ko/mqdefault.jpg
a9b855767b2d432c9f263e3427ff33a6,10913,【APEX】瑞杏盃前夜季捏! 希望有頂獵鬼可以附身我一下 | 帷什麼不追我埃基 ft.‪@erycyoo6694 @煌Kirali ∷ 埃穆亞Oumua,2024-09-14T18:41:15Z,https://www.youtube.com/watch?v=8GhqJAw-OEs,https://i.ytimg.com/vi/8GhqJAw-OEs/mqdefault.jpg
0641a9c8b9a94994aaa33e0c86fef75b,10909,除毛過程大公開？ㄋ也可以輕鬆白嫩嫩！#vtuber #shorts #台V #vtuberclip #vtuber中文 #kuromu #kuromulive #除毛 #腳毛 #私密處 #Jowie,2024-09-15T09:30:19Z,https://www.youtube.com/watch?v=qhO9e1bsiHg,https://i.ytimg.com/vi/qhO9e1bsiHg/mqdefault.jpg
5a934764983e45959855735b79bcc90e,10873,〖#歌回〗明天中秋節快樂！！雖然掛著中秋歌回但並沒有主題，想唱什麼就唱！ ^ↀωↀ^｜🤖量產型猫飼步歌貳貳機🐱 Fuka22,2024-09-16T14:53:02Z,https://www.youtube.com/watch?v=RYhzTv1Cmb8,https://i.ytimg.com/vi/RYhzTv1Cmb8/mqdefault.jpg
9d9c6477329245cbb2557895f4f15686,10872,/ᐠ. ̫ .ᐟ\ 09/12 想你了 ⸜♡⸝ 三周年LINE貼圖超可愛 .ᐟ.ᐟ !YT !LINE !手機殼 !周邊,2024-09-12T10:00:27Z,https://www.twitch.tv/videos/2249060043,https://static-cdn.jtvnw.net/cf_vods/d3vd9lfkzbru3h/5157bbe738cc2f0902aa_iitifox_41589095367_1726135221//thumb/thumb0-%{width}x%{height}.jpg
1ccdbe5d48934f4cbabc86512dd1d357,10867,【超美麗3D/日籍台V】請教日本人中秋節的活動！,2024-09-17T14:12:46Z,https://www.youtube.com/watch?v=x3lgBVBbDm8,https://i.ytimg.com/vi/x3lgBVBbDm8/mqdefault.jpg
c540124532e14ceb8e9ffc654a0ec4c9,10853,【密技實況精華】殘月山羊老六點位 ft.玖月蕾希、夢見露諾｜#apex實況 #apex精華 #直播 #vtuber #台v #台灣vtuber #apex英雄,2024-09-12T10:00:00Z,https://www.youtube.com/watch?v=0ZU5r_A7HxA,https://i.ytimg.com/vi/0ZU5r_A7HxA/mqdefault.jpg
a3ce195c0069494c99849d0b1a10a7fd,10849,EAC is poS #瑞杏盃 !瑞杏盃隊友｜#悠白 #Ubye,2024-09-09T13:30:16Z,https://www.twitch.tv/videos/2246675649,https://static-cdn.jtvnw.net/cf_vods/d3vd9lfkzbru3h/af6acbfa7708d29995a6_konyunubye_41582622919_1725888611//thumb/thumb0-%{width}x%{height}.jpg
215d93a2bd634b4cbeed0e88ae6d6e14,10848,平均4小時一關的跑酷地圖,2024-09-24T11:00:46Z,https://www.youtube.com/watch?v=kEhOlyEy0qY,https://i.ytimg.com/vi/kEhOlyEy0qY/mqdefault.jpg
2741a90689f342548daad7f760b0a8f7,10832,【Threads好笑文鑑賞】歲!?脆!?募集了一些不能錯過的幹文【希翁／Chion】,2024-09-09T14:56:50Z,https://www.youtube.com/watch?v=zMUQqvY9V2A,https://i.ytimg.com/vi/zMUQqvY9V2A/mqdefault.jpg
9f649d90164140bdb0e38f7e835c183b,10818,【彈唱cover】SPYAIR『オレンジ』 / 穆恩佐Munzel【弾き語り】,2024-09-25T12:30:22Z,https://www.youtube.com/watch?v=szTY1NNL4zw,https://i.ytimg.com/vi/szTY1NNL4zw/mqdefault.jpg
a3ce195c0069494c99849d0b1a10a7fd,10816,要我認槍就像要你們認口紅色號一樣難QQ #瑞杏盃 !瑞杏盃隊友｜#悠白 #Ubye,2024-09-07T07:53:39Z,https://www.twitch.tv/videos/2244787337,https://static-cdn.jtvnw.net/cf_vods/d3vd9lfkzbru3h/6d0a28f1da402ee9816e_konyunubye_41576745207_1725695614//thumb/thumb0-%{width}x%{height}.jpg
a9f6574e98f34b20a05269134930fb50,10812,【突發歌回】突然の歌枠！BGMにしてね 喜歡的歌曲我來唱！ Karaoke🐭Singing Stream　※日本語と中国語/茸茸鼠,2024-09-22T17:37:37Z,https://www.youtube.com/watch?v=3u3x2UCPxOk,https://i.ytimg.com/vi/3u3x2UCPxOk/mqdefault.jpg
7c06b9e316ce4ac18ce836cd72442bbe,10722,【歌枠】現在是星期五晚上偷唱✨こっそりうたわく🎤【浠Mizuki Karaoke】,2024-09-07T10:07:56Z,https://www.youtube.com/watch?v=fhU3NEq3UMU,https://i.ytimg.com/vi/fhU3NEq3UMU/mqdefault.jpg
9af7c10c618844f08a327d38753124bd,10708,【酒樂霧子】0914 | 閃到腰星人 | @shurakukiriko | !7tv !yt !會員 !指令 !嗨嗶 !套組,2024-09-14T06:34:42Z,https://www.twitch.tv/videos/2250679716,https://static-cdn.jtvnw.net/cf_vods/d3vd9lfkzbru3h/c212d7ef8ef74c2497f1_shurakukiriko_41593689959_1726295674//thumb/thumb0-%{width}x%{height}.jpg
d837e8fda137492c9d77882b98ff863a,10704,【公審留言】又收集了一堆奇怪的留言，你們看看這些怪人！！！✧ 真理果Marika,2024-09-03T13:54:53Z,https://www.youtube.com/watch?v=B6UgYc-ZOuQ,https://i.ytimg.com/vi/B6UgYc-ZOuQ/mqdefault.jpg
5f12df329c6144e1a6c596f4fbcb9e81,10702,日本人也秒能秒懂的台灣諧音梗　 #shorts #vtuber,2024-09-28T13:00:20Z,https://www.youtube.com/watch?v=DIICxlKTKWU,https://i.ytimg.com/vi/DIICxlKTKWU/mqdefault.jpg
28a930938667442288010b333937e2ab,10695,當男娘穿上了童貞殺手毛衣...,2024-09-24T09:28:47Z,https://www.youtube.com/watch?v=5EgI7LXux6I,https://i.ytimg.com/vi/5EgI7LXux6I/mqdefault.jpg
c04f006e69e04000a68cd0c41f888eb2,10693,【 2.0初配信 】出道兩年的Vtuber第一次做自我介紹 | Rluo Ch. 阿洛,2024-09-12T14:35:16Z,https://www.youtube.com/watch?v=95V1Dj-nyzE,https://i.ytimg.com/vi/95V1Dj-nyzE/mqdefault.jpg
3809ec8a42634d11aa1b7b8f99755c6a,10690,【花花】9/15 瑞杏杯4點go  @mayberuu  | !周邊  | !LINE貼圖 |  !委託 | !新衣裝,2024-09-15T06:56:07Z,https://www.twitch.tv/videos/2251563939,https://static-cdn.jtvnw.net/cf_vods/d3vd9lfkzbru3h/fb77cea999ac86cdc209_mayberuu_41596310391_1726383361//thumb/thumb0-%{width}x%{height}.jpg
15c9a54b946a40c38c07ea2f9efddfa5,10668,【突發測試新設備】帶你們去外面吹吹風！｜煌Kirali,2024-09-14T09:27:20Z,https://www.youtube.com/watch?v=hdOeYnekzoo,https://i.ytimg.com/vi/hdOeYnekzoo/mqdefault.jpg
0641a9c8b9a94994aaa33e0c86fef75b,10667,【witch’s doll】好像又有人偶?【庫洛姆Kuromu】#台灣Vtuber #庫洛姆,2024-09-07T17:38:23Z,https://www.youtube.com/watch?v=5NNwpYC1gJE,https://i.ytimg.com/vi/5NNwpYC1gJE/mqdefault.jpg
84d68bef71304aa089c10d2c33c9a107,10657,不是因為天氣晴朗才愛你 - 理想混蛋 / 格萊伊 Graal【翻唱】,2024-09-26T12:30:28Z,https://www.youtube.com/watch?v=JB8B-VneYXc,https://i.ytimg.com/vi/JB8B-VneYXc/mqdefault.jpg
b6a105f12b904256ba356935ae46657f,10652,✧茉茉𝕄𝕆𝕄𝕆✧可愛小貓貓出擊!⋆ʚ⭑ɞ⋆!dc !團購,2024-09-22T11:46:48Z,https://www.twitch.tv/videos/2257519221,https://static-cdn.jtvnw.net/cf_vods/d3vd9lfkzbru3h/fdde50d2028d7f3e11d8_shiroganemomo_41609313671_1727005602//thumb/thumb0-%{width}x%{height}.jpg
6943bbfc993443d4b3853833b3bb1a66,10633,藏壽司狠奪了我的快樂🥲#vtuber #短片 #shorts #藏壽司 #吉伊卡哇 #meme,2024-09-04T10:56:21Z,https://www.youtube.com/watch?v=4C-lPbKNTG8,https://i.ytimg.com/vi/4C-lPbKNTG8/mqdefault.jpg
5a934764983e45959855735b79bcc90e,10619,〖#雜談〗初配信結束啦！究竟貳貳pon了幾次呢？也想分享準備期間的一些大小事！ヽ(=^･ω･^=)丿｜量產型猫飼步歌貳貳機 Fuka22,2024-09-12T12:09:15Z,https://www.youtube.com/watch?v=2y3DY6Eosq8,https://i.ytimg.com/vi/2y3DY6Eosq8/mqdefault.jpg
c65e7caaf81a43249d5132b9fe312b24,10615,Vtuber plays violin for you to relax! #shorts,2024-09-20T09:50:27Z,https://www.youtube.com/watch?v=vzd4CTe9B4s,https://i.ytimg.com/vi/vzd4CTe9B4s/mqdefault.jpg
c04f006e69e04000a68cd0c41f888eb2,10532,【 伊甸惡意 】麥 塊 !  | Rluo Ch. 阿洛【 Minecraft1.21 多人伺服器 】,2024-09-08T11:15:06Z,https://www.youtube.com/watch?v=IYeZc7IzYDE,https://i.ytimg.com/vi/IYeZc7IzYDE/mqdefault.jpg
4c466d73397a4899b4ca26f90aaf57ad,10491,【しめじダンス】釣られたな🐻❓描いて踊ってみた🍄 #しめじダンス #手描き #儒烏風亭らでん #memes #trending #fyp #shorts #vtuber #台V #台灣vtuber,2024-09-24T05:00:16Z,https://www.youtube.com/watch?v=JAU7L0FMJPs,https://i.ytimg.com/vi/JAU7L0FMJPs/mqdefault.jpg
8bf35c3b9a9e461d825a9170555b71c2,10487,該睡覺了但還是想開台說說話 !YT !通販 !LINE !DC !ff43 中文/Eng/日本語,2024-09-14T12:15:31Z,https://www.twitch.tv/videos/2250808983,https://static-cdn.jtvnw.net/cf_vods/d3vd9lfkzbru3h/7b06f364cf7eb0e465eb_reirei_neon_41594458391_1726316125//thumb/thumb0-%{width}x%{height}.jpg
f110fd69b66941bab04de9ada563c6ac,10479,生理反應？ #shorts,2024-09-20T04:07:21Z,https://www.youtube.com/watch?v=C38mEaEIl3k,https://i.ytimg.com/vi/C38mEaEIl3k/mqdefault.jpg
6bd49f94afb144e995247388ca8c42a8,10469,【早橙電台】おはよう🔆週六的早橙電台🔅明天瑞杏盃正賽!!今晚還有前夜祭✨【橙Yuzumi】,2024-09-14T04:12:36Z,https://www.youtube.com/watch?v=uZ0l-I8Fhr0,https://i.ytimg.com/vi/uZ0l-I8Fhr0/mqdefault.jpg
14a9a08fbdc641e8ac8c384dedfccf0a,10458,【官方歌曲剪輯】重感情的廢物【朔Sakuro】,2024-09-19T11:00:27Z,https://www.youtube.com/watch?v=JMnpVOXa69M,https://i.ytimg.com/vi/JMnpVOXa69M/mqdefault.jpg
2694a505a0e0441bb99b49e8ce1f7473,10441,【9/29】雖然我在跟大哥喝酒但是還是要摳｜  @kannazukilubee ｜!yt !抖內 !會員 !7tv !指令 !手機殼 !瑞杏盃,2024-09-29T14:17:01Z,https://www.twitch.tv/videos/2263402151,https://static-cdn.jtvnw.net/cf_vods/d3vd9lfkzbru3h/0534533e52eebe923101_kannazukilubee_41626526055_1727619414//thumb/thumb0-%{width}x%{height}.jpg
8746bf3b3b5843e7b00f6ec23fefb6b1,10417,She doesn't like her 😭 #cat #pets #parrot #cute,2024-09-12T04:50:09Z,https://www.youtube.com/watch?v=5GJK3OYfc3Q,https://i.ytimg.com/vi/5GJK3OYfc3Q/mqdefault.jpg
664e1b310cf343b78623f99b31e40fae,10415,血腥畫家戀愛遊戲官方預告🩸10/1上市,2024-09-28T10:02:50Z,https://www.youtube.com/watch?v=9C7hIytxoSc,https://i.ytimg.com/vi/9C7hIytxoSc/mqdefault.jpg
5535c9524eb046c38e172ebfa06b302f,10392,【鳴潮】0+1相里要💥送的免費五星這麼強？逆境深塔×深墜異想奇境實戰！片尾練度面板&聲骸參考 ▹璐洛洛◃,2024-09-07T13:30:22Z,https://www.youtube.com/watch?v=9LIfDfoYm7M,https://i.ytimg.com/vi/9LIfDfoYm7M/mqdefault.jpg
8bf35c3b9a9e461d825a9170555b71c2,10386,【卿卿我我】不是幻想只是AI，做出完美的朋友｜澪Rei,2024-09-19T14:26:43Z,https://www.youtube.com/watch?v=UARHWWO5yd8,https://i.ytimg.com/vi/UARHWWO5yd8/mqdefault.jpg
5535c9524eb046c38e172ebfa06b302f,10385,0+1相里要💥打「深墜異想奇境」也太爽了吧🤣 #鳴潮 #wutheringwaves #璐洛洛,2024-09-07T15:15:04Z,https://www.youtube.com/watch?v=cmqLhqX9rx4,https://i.ytimg.com/vi/cmqLhqX9rx4/mqdefault.jpg
312fdd3c5e6d4aefa73fd3860ecc5613,10384,🎹助眠彈琴🎵 #森森鈴蘭,2024-10-01T15:42:04Z,https://www.youtube.com/watch?v=KECpcetK7nI,https://i.ytimg.com/vi/KECpcetK7nI/mqdefault.jpg
98e3a5838fec4a6caa936ae35485de23,10384,【歌回】初配即畢業，大家好我是Tiramesu 0.5期生🍻【霸恰霸恰．Vtuber】,2024-09-08T10:17:28Z,https://www.youtube.com/watch?v=QdyUx0mKj9E,https://i.ytimg.com/vi/QdyUx0mKj9E/mqdefault.jpg
14a9a08fbdc641e8ac8c384dedfccf0a,10381,【朔Sakuro】今天要來找時間蓋房子！在奶哥伺服器玩耍～   盟友通過啦！,2024-09-24T13:46:51Z,https://www.twitch.tv/videos/2259183191,https://static-cdn.jtvnw.net/cf_vods/d3vd9lfkzbru3h/4f45bc20477b0645082c_sakuro_moonlit_41614466167_1727185605//thumb/thumb0-%{width}x%{height}.jpg
a3ce195c0069494c99849d0b1a10a7fd,10364,麥塊奶哥服，啟動！｜#悠白 #Ubye,2024-09-23T12:21:07Z,https://www.twitch.tv/videos/2258347462,https://static-cdn.jtvnw.net/cf_vods/d3vd9lfkzbru3h/fdce32183e5869aa13ae_konyunubye_41611854071_1727094059//thumb/thumb0-%{width}x%{height}.jpg
626750f4e7a745619c171c44fb1efcc0,10347,【重返未來1999】賽梅爾維斯抽不抽 完整培育深入解析【天使Vtuber小雪Yukichan】#MEPay魔儲 #Reverse1999 #重返未來1999 #露西,2024-09-19T10:00:31Z,https://www.youtube.com/watch?v=U_dV80SJiws,https://i.ytimg.com/vi/U_dV80SJiws/mqdefault.jpg
a9f6574e98f34b20a05269134930fb50,10333,【突發歌回】這、這麼晚的時間！？突然の歌枠！BGMにしてね 喜歡的歌曲我來唱！ Karaoke🐭Singing Stream　※日本語と中国語/茸茸鼠,2024-09-28T18:12:52Z,https://www.youtube.com/watch?v=NosB3SFoLkU,https://i.ytimg.com/vi/NosB3SFoLkU/mqdefault.jpg
cb94019fb4714e168b47d6757995efc3,10329,【全員出勤】小動物天團喜勒烤！這到底是什麼懲罰大富翁？？ 【涅爾菲/Alluria】,2024-09-08T15:42:31Z,https://www.youtube.com/watch?v=ZTcftemUD5E,https://i.ytimg.com/vi/ZTcftemUD5E/mqdefault.jpg
5535c9524eb046c38e172ebfa06b302f,10289,🟠【絕區零】恭迎～物理異常大C『簡‧杜』來我家！直接挑戰『無傷＋單通』山獅BOSS🤩✨▹璐洛洛◃,2024-09-04T13:35:36Z,https://www.youtube.com/watch?v=iDFsYzd0vIg,https://i.ytimg.com/vi/iDFsYzd0vIg/mqdefault.jpg
c65e7caaf81a43249d5132b9fe312b24,10289,VTUBER PLAYS VIOLIN FOR WAKEY WAKEY TIME,2024-09-27T05:57:24Z,https://www.youtube.com/watch?v=gtrNQv0alo4,https://i.ytimg.com/vi/gtrNQv0alo4/mqdefault.jpg
5535c9524eb046c38e172ebfa06b302f,10251,耗費現實2天的隱藏任務「待種子萌出新芽」｜5.0納塔🔥 #原神 #genshinimpact #璐洛洛,2024-09-06T04:30:20Z,https://www.youtube.com/watch?v=ULD7kx05L4A,https://i.ytimg.com/vi/ULD7kx05L4A/mqdefault.jpg
14a9a08fbdc641e8ac8c384dedfccf0a,10228,【三人麥塊】看看誰才是冒險王！ft. @OboroMoonlit @YorunoMoonlit 【朔Sakuro】,2024-09-13T15:16:11Z,https://www.youtube.com/watch?v=OgNWEJ9lwe8,https://i.ytimg.com/vi/OgNWEJ9lwe8/mqdefault.jpg
ba562aad440d483e988d3ce7e7217c94,10227,[貓宮香草]  9/6 吃飽上路 ，  想儲值找ME魔儲 !魔儲  !DC,2024-09-06T11:04:52Z,https://www.twitch.tv/videos/2243952132,https://static-cdn.jtvnw.net/cf_vods/d3vd9lfkzbru3h/e025d83e1eee51b8b739_vanilla_shironeko_41574430759_1725620687//thumb/thumb0-%{width}x%{height}.jpg
67d348e6690c43729cce031e70a26645,10204,週五自主練習人，晚上8點地獄錢湯 / 金曜の個人練、夜九時地獄銭湯やる 9/6,2024-09-06T05:45:41Z,https://www.twitch.tv/videos/2243853114,https://static-cdn.jtvnw.net/cf_vods/d3vd9lfkzbru3h/635d2e9c5679fcef55fc_hakuzenyo_41573796503_1725601535//thumb/thumb0-%{width}x%{height}.jpg
b6a105f12b904256ba356935ae46657f,10182,✧茉茉𝕄𝕆𝕄𝕆✧大是藝術不是瑟瑟⋆ʚ⭑ɞ⋆!dc !團購,2024-09-18T11:48:36Z,https://www.twitch.tv/videos/2254128196,https://static-cdn.jtvnw.net/cf_vods/d2nvs31859zcd8/25dc7c16282490cad084_shiroganemomo_44831597323_1726660111//thumb/thumb0-%{width}x%{height}.jpg
7c06b9e316ce4ac18ce836cd72442bbe,10174,【清唱アカペラ歌枠】希望十月也可以睡飽飽💤眠れるまでやさしく歌うよ🎤【浠Mizuki Karaoke】,2024-10-01T17:41:13Z,https://www.youtube.com/watch?v=ZWPyE-qZFx0,https://i.ytimg.com/vi/ZWPyE-qZFx0/mqdefault.jpg
ba562aad440d483e988d3ce7e7217c94,10128,[貓宮香草]  9/28 假日輕鬆玩，  想儲值找ME魔儲 !魔儲  !DC,2024-09-27T22:52:19Z,https://www.twitch.tv/videos/2262017162,https://static-cdn.jtvnw.net/cf_vods/d3vd9lfkzbru3h/044fa2dfae16518a95a8_vanilla_shironeko_41622258759_1727477532//thumb/thumb0-%{width}x%{height}.jpg
a9b855767b2d432c9f263e3427ff33a6,10127,【APEX】瑞杏盃! 帷什麼不追我埃基 封面圖等一下捏 ft.‪@erycyoo6694@煌Kirali ∷ 埃穆亞Oumua,2024-09-15T14:38:22Z,https://www.youtube.com/watch?v=MSscwWIkYKA,https://i.ytimg.com/vi/MSscwWIkYKA/mqdefault.jpg
e93bd1102e214cbaa71cc5b2e4a53595,10118,【雜談】2週年後日談來惹(`д´)!!! 昨天彩排唱跳腰酸背痛，今天想跟大家慢慢聊一下 ░   #雑談 ｜#chatting  Stream,2024-09-05T15:38:48Z,https://www.youtube.com/watch?v=7NHXorDMkGg,https://i.ytimg.com/vi/7NHXorDMkGg/mqdefault.jpg
afa3e309e41044c5bffe17466607d481,10113,雪雪๐•ᴗ•๐ 9/6 睡死了 @yukkkkiouo !自主訂閱支援 !魔儲 使用推薦碼註冊拿200元折價卷,2024-09-06T12:10:18Z,https://www.twitch.tv/videos/2243979482,https://static-cdn.jtvnw.net/cf_vods/d3vd9lfkzbru3h/a640f09b828c70ecd07e_yukkkkiouo_41574643271_1725624612//thumb/thumb0-%{width}x%{height}.jpg
9e64bba43928414884503de36f805c48,10101,9/12 洗附加然後看要玩啥  !vpn !台聚 !泰國 | 掛台抽哀鳳 | 訂閱YT !YT,2024-09-12T12:17:28Z,https://www.twitch.tv/videos/2249110315,https://static-cdn.jtvnw.net/cf_vods/d3vd9lfkzbru3h/534878f8c591f7e71c24_wen620_41589489719_1726143441//thumb/thumb0-%{width}x%{height}.jpg
afa3e309e41044c5bffe17466607d481,10094,雪雪๐•ᴗ•๐ 9/14 偷偷 @yukkkkiouo !自主訂閱支援 !魔儲 使用推薦碼註冊拿200元折價卷,2024-09-13T17:23:41Z,https://www.twitch.tv/videos/2250111041,https://static-cdn.jtvnw.net/cf_vods/d3vd9lfkzbru3h/f5af3a3cc88c8028aec3_yukkkkiouo_41592683383_1726248214//thumb/thumb0-%{width}x%{height}.jpg
e93bd1102e214cbaa71cc5b2e4a53595,10085,【陪伴番茄鐘】特別篇：挑戰製作畫畫L2D小配件，你們今天為了甚麼一起努力呢？  ░   #雑談｜#chatting  Stream #studywithme,2024-09-12T11:55:18Z,https://www.youtube.com/watch?v=juEz3J8_hRU,https://i.ytimg.com/vi/juEz3J8_hRU/mqdefault.jpg
e069724ddab54dd690d6c3425574effd,10063,這樣哪有像哈士奇！#vtuber #vtuber#台灣vtuber#shorts #short,2024-09-16T12:00:57Z,https://www.youtube.com/watch?v=pk5G-RQ3qKc,https://i.ytimg.com/vi/pk5G-RQ3qKc/mqdefault.jpg
14a9a08fbdc641e8ac8c384dedfccf0a,10059,【生日開箱】 來看看大家都送什麼呢？ 【朔Sakuro】,2024-10-01T14:37:00Z,https://www.youtube.com/watch?v=UNzQYfjcj4Y,https://i.ytimg.com/vi/UNzQYfjcj4Y/mqdefault.jpg
afa3e309e41044c5bffe17466607d481,10058,雪雪๐•ᴗ•๐ 9/3 先撿一下 晚點把家蓋好 @yukkkkiouo !自主訂閱支援 !魔儲 使用推薦碼註冊拿200元折價卷,2024-09-03T09:44:59Z,https://www.twitch.tv/videos/2241422094,https://static-cdn.jtvnw.net/cf_vods/d3vd9lfkzbru3h/67090e5393f519d7172c_yukkkkiouo_41566819751_1725356692//thumb/thumb0-%{width}x%{height}.jpg
ba562aad440d483e988d3ce7e7217c94,10023,[貓宮香草]  9/10 休養一天了  放鬆開掉寶給大家掛 ，  想儲值找ME魔儲 !魔儲  !DC,2024-09-09T22:06:23Z,https://www.twitch.tv/videos/2247029606,https://static-cdn.jtvnw.net/cf_vods/d3vd9lfkzbru3h/691a4849c1516d29f43a_vanilla_shironeko_41583373351_1725919576//thumb/thumb0-%{width}x%{height}.jpg
14a9a08fbdc641e8ac8c384dedfccf0a,10018,【生日歌雜】 跟大家唱歌聊天迎接生日！ 【朔Sakuro】,2024-09-30T18:16:03Z,https://www.youtube.com/watch?v=urc4AzvtBCM,https://i.ytimg.com/vi/urc4AzvtBCM/mqdefault.jpg
312fdd3c5e6d4aefa73fd3860ecc5613,10015,【黑暗料理還原】復刻回憶宵夜：水蓮泡麵 #森森鈴蘭 #食物煉金,2024-09-02T14:41:46Z,https://www.youtube.com/watch?v=hZpUq9oRE3c,https://i.ytimg.com/vi/hZpUq9oRE3c/mqdefault.jpg
25388daec64e40f38ca0e5a3a88fedb7,10006,女V七夕不開台，跑去偷捉i #shorts #vtuber #新人vtuber,2024-09-07T11:30:23Z,https://www.youtube.com/watch?v=NhxX4antvr8,https://i.ytimg.com/vi/NhxX4antvr8/mqdefault.jpg
23ec5ecfb8c14ea893576783f1790643,9935,劫羅因誘拐未成年被記過 #vtuber #vtuber精華 #台v #台灣vtuber #台v精華,2024-09-29T03:21:56Z,https://www.youtube.com/watch?v=BtOdIDw_Xk4,https://i.ytimg.com/vi/BtOdIDw_Xk4/mqdefault.jpg
c40c5082434e4b1ca8e19f82d54f83b2,9893,【Shorts】台港大不同-加班篇 #Shorts #vtuber中文 #中文vtuber #台v,2024-09-05T15:30:27Z,https://www.youtube.com/watch?v=pxLA7SVBERk,https://i.ytimg.com/vi/pxLA7SVBERk/mqdefault.jpg
5d00575c06d74f588238857d7dec1b02,9891,洛克人X4｜第一次挑戰素身！應該是近期最後一次打洛克人了❤️‍🔥妮卡沃爾 【Nica Ch. EP450】,2024-09-25T22:19:23Z,https://www.youtube.com/watch?v=XxiRyRWutPc,https://i.ytimg.com/vi/XxiRyRWutPc/mqdefault.jpg
c540124532e14ceb8e9ffc654a0ec4c9,9887,【爆笑精華兼無情工商】現世報終於還是來了...Turtle Beach耳機買起來！｜#apex實況 #apex精華 #直播 #vtuber #台v #台灣vtuber #apex英雄,2024-09-10T04:31:31Z,https://www.youtube.com/watch?v=060b-dYcQL8,https://i.ytimg.com/vi/060b-dYcQL8/mqdefault.jpg
9cec24b011ee45648eb404066c997f49,9883,【APEX】瑞杏盃走起！乂漆黑の熾天使乂小隊比賽啦！是時候展現真正的實力了。゜+.(人-ω◕)゜+.゜ █熙歌Cygnus Ft. @niconini11369  @gunguno,2024-09-15T14:03:43Z,https://www.youtube.com/watch?v=HgG4DG-_iY4,https://i.ytimg.com/vi/HgG4DG-_iY4/mqdefault.jpg
c65e7caaf81a43249d5132b9fe312b24,9881,【Handcam】Trying random snacks from Japanese 7 Eleven!,2024-09-04T05:53:07Z,https://www.youtube.com/watch?v=XiFUY0I5ED4,https://i.ytimg.com/vi/XiFUY0I5ED4/mqdefault.jpg
a0d4fad2fd3d4e4981947642a9dbafc4,9869,【雜談】會員開通了！初配信後日談！終於可以好好跟你們聊天了！｜朧Oboro,2024-09-10T11:39:24Z,https://www.youtube.com/watch?v=BmSpruOJulY,https://i.ytimg.com/vi/BmSpruOJulY/mqdefault.jpg
0641a9c8b9a94994aaa33e0c86fef75b,9865,聊到不知道聊什麼的時候只好看我耍怪ㄌ #vtuber #shorts #台V #vtuberclip #vtuber中文 #kuromu #kuromulive #話題 #聊天 #交友,2024-09-06T09:00:00Z,https://www.youtube.com/watch?v=-B0Xuju1BW4,https://i.ytimg.com/vi/-B0Xuju1BW4/mqdefault.jpg
afa3e309e41044c5bffe17466607d481,9854,雪雪๐•ᴗ•๐ 9/11 早安安 @yukkkkiouo !自主訂閱支援 !魔儲 使用推薦碼註冊拿200元折價卷,2024-09-11T11:27:49Z,https://www.twitch.tv/videos/2248261287,https://static-cdn.jtvnw.net/cf_vods/d3vd9lfkzbru3h/1d936ef72e9e40a08ed6_yukkkkiouo_41586935383_1726054064//thumb/thumb0-%{width}x%{height}.jpg
9cec24b011ee45648eb404066c997f49,9809,【APEX】乂漆黑の熾天使乂小隊集合啦！八點練習！10點練習賽！。゜+.(人-ω◕)゜+.゜ █熙歌Cygnus Ft. @niconini11369  @gunguno,2024-09-06T18:01:14Z,https://www.youtube.com/watch?v=GE8XD9FarmE,https://i.ytimg.com/vi/GE8XD9FarmE/mqdefault.jpg
8bf35c3b9a9e461d825a9170555b71c2,9809,【教學......？】如果教大家怎麼錄音，可以請澪薯幫我錄音嗎？｜澪Rei,2024-09-10T14:10:38Z,https://www.youtube.com/watch?v=DVh1tFlZd1A,https://i.ytimg.com/vi/DVh1tFlZd1A/mqdefault.jpg
3809ec8a42634d11aa1b7b8f99755c6a,9804,【花花】9/3  吃飽完一下自訂  @mayberuu @  | !周邊  | !LINE貼圖 |  !委託,2024-09-03T14:18:02Z,https://www.twitch.tv/videos/2241543365,https://static-cdn.jtvnw.net/cf_vods/d3vd9lfkzbru3h/2f2d9d5ae3e23d4af4e0_mayberuu_41567678151_1725373076//thumb/thumb0-%{width}x%{height}.jpg
b4a1791208fd4d85b7b08ee2bad0c236,9786,【瑪麗茶會】二周年慶祝！ 特殊形態公布！  #vtuber #台v  #瑪格麗特諾爾絲 #箱箱thebox,2024-09-17T14:37:07Z,https://www.youtube.com/watch?v=zpzgmYWtYNY,https://i.ytimg.com/vi/zpzgmYWtYNY/mqdefault.jpg
a0d4fad2fd3d4e4981947642a9dbafc4,9769,【歌回】ボカロ限定歌回！｜朧Oboro,2024-09-15T12:21:23Z,https://www.youtube.com/watch?v=NlrEvhJ4OhE,https://i.ytimg.com/vi/NlrEvhJ4OhE/mqdefault.jpg
1ccdbe5d48934f4cbabc86512dd1d357,9759,【超美麗3D/日籍台V】日本人首次挑戰！第一次做蔥油餅！,2024-09-08T14:33:07Z,https://www.youtube.com/watch?v=0oiFdN13-8o,https://i.ytimg.com/vi/0oiFdN13-8o/mqdefault.jpg
9e64bba43928414884503de36f805c48,9742,9/11 邊吃飯 邊洗附加 !萬妖 !vpn !台聚 !泰國 | 掛台抽哀鳳 | 訂閱YT !YT,2024-09-11T12:26:54Z,https://www.twitch.tv/videos/2248288343,https://static-cdn.jtvnw.net/cf_vods/d3vd9lfkzbru3h/3f4422bc87328ab72c8c_wen620_41587140535_1726057606//thumb/thumb0-%{width}x%{height}.jpg
3809ec8a42634d11aa1b7b8f99755c6a,9687,【花花】9/27 又是美好的一天 | !周邊  | !LINE貼圖 |  !委託 | !新衣裝,2024-09-27T01:26:46Z,https://www.twitch.tv/videos/2261311455,https://static-cdn.jtvnw.net/cf_vods/d3vd9lfkzbru3h/e80807fd78a586c45e50_mayberuu_41620014487_1727400398//thumb/thumb0-%{width}x%{height}.jpg
c540124532e14ceb8e9ffc654a0ec4c9,9672,【Dasa中文小教室】APEX打肉是什麼意思？｜#apex實況 #apex精華 #直播 #vtuber #台v #台灣vtuber #apex英雄,2024-10-01T10:00:00Z,https://www.youtube.com/watch?v=-PTRr-hyF74,https://i.ytimg.com/vi/-PTRr-hyF74/mqdefault.jpg
bac1f0b8e8d149d4a48cfd30d7d7ad74,9656,咚咚咚切切切咚咚咚!/樂意效勞 はいよろこんで 粵語翻唱【凱婷】,2024-09-22T13:00:26Z,https://www.youtube.com/watch?v=gDKT3cZe2wA,https://i.ytimg.com/vi/gDKT3cZe2wA/mqdefault.jpg
3809ec8a42634d11aa1b7b8f99755c6a,9640,【花花】9/10 打到死 | !周邊  | !LINE貼圖 |  !委託,2024-09-10T08:39:23Z,https://www.twitch.tv/videos/2247377643,https://static-cdn.jtvnw.net/cf_vods/d3vd9lfkzbru3h/dd2c9f35787744ee00c6_mayberuu_41584186887_1725957554//thumb/thumb0-%{width}x%{height}.jpg
a0d4fad2fd3d4e4981947642a9dbafc4,9634,【特別企劃】中秋節快樂！快來看我要帶給你們什麼吧！｜朧Oboro,2024-09-17T14:45:50Z,https://www.youtube.com/watch?v=LB9VCLLk4I0,https://i.ytimg.com/vi/LB9VCLLk4I0/mqdefault.jpg
c04f006e69e04000a68cd0c41f888eb2,9611,【 消夜台】烤肉!! | Rluo Ch. 阿洛,2024-09-17T15:28:59Z,https://www.youtube.com/watch?v=6kNr-Oc5_8Y,https://i.ytimg.com/vi/6kNr-Oc5_8Y/mqdefault.jpg
c65e7caaf81a43249d5132b9fe312b24,9593,Talking about ANYC and New York (Concrete Jungle Where Dreams Are Made Of),2024-09-10T07:27:04Z,https://www.youtube.com/watch?v=5vT51hHGRIc,https://i.ytimg.com/vi/5vT51hHGRIc/mqdefault.jpg
d837e8fda137492c9d77882b98ff863a,9572,【繪圖安價】從零開始設計Vtuber但是讓聊天室來決定設計！？拜託是美少女... ✧ 真理果Marika,2024-09-29T14:03:43Z,https://www.youtube.com/watch?v=124vFBuRMKQ,https://i.ytimg.com/vi/124vFBuRMKQ/mqdefault.jpg
14a9a08fbdc641e8ac8c384dedfccf0a,9532,【心跳文學社】 戀愛養成遊戲而已，簡單啦 【朔Sakuro】,2024-09-16T16:05:19Z,https://www.youtube.com/watch?v=PkAv1gKeOmE,https://i.ytimg.com/vi/PkAv1gKeOmE/mqdefault.jpg
a9b855767b2d432c9f263e3427ff33a6,9521,【#歌枠】用盡全力歌唱直至盡頭 ❚ #Singing Stream ∷ 埃穆亞Oumua,2024-09-24T15:41:44Z,https://www.youtube.com/watch?v=TKnXLsjHcg4,https://i.ytimg.com/vi/TKnXLsjHcg4/mqdefault.jpg
fd6a0236861940389e15ef85b16c6069,9520,烟花－0930－打麻將，起床覺得腦袋重重D ꜀(^. .^꜀ )꜆੭｜9月訂閱打折🪄︎︎◝✩ !who,2024-09-30T19:41:11Z,https://www.twitch.tv/videos/2264410942,https://static-cdn.jtvnw.net/cf_vods/d3vd9lfkzbru3h/9e69c8c29e20d2dd0cfe_hennie2001_41629175975_1727725264//thumb/thumb0-%{width}x%{height}.jpg
fa5a7cdc259543259af42bb23f1e4041,9516,515是抖音網紅  #Vtuber #vtuberclips #台v精華 #515 #515x20,2024-09-29T10:12:59Z,https://www.youtube.com/watch?v=Rf_Y_I_pMsM,https://i.ytimg.com/vi/Rf_Y_I_pMsM/mqdefault.jpg
c65e7caaf81a43249d5132b9fe312b24,9500,A bear lures you into the woods [Attempting ASMR],2024-09-06T03:54:31Z,https://www.youtube.com/watch?v=Mk2kTZPcdQA,https://i.ytimg.com/vi/Mk2kTZPcdQA/mqdefault.jpg
f6a4e7aa8d0c4e5cb39d199845ec4d02,9497,【NOTD】9/13 今天要做啥呢 ft.J群玩家【#杏仁ミル】,2024-09-13T19:31:52Z,https://www.youtube.com/watch?v=teDRO4Q79ZA,https://i.ytimg.com/vi/teDRO4Q79ZA/mqdefault.jpg
a9b855767b2d432c9f263e3427ff33a6,9494,【#歌枠】想成為讓你一聽就記住的聲音 ❚ #Singing Stream ∷ 埃穆亞Oumua,2024-10-01T15:14:46Z,https://www.youtube.com/watch?v=t4b7Tyc6Fqk,https://i.ytimg.com/vi/t4b7Tyc6Fqk/mqdefault.jpg
6dc75ab227e34c928598bde8f2d324bf,9492,【遊戲】黑神話-悟空#4：無風珠極限鎖血！六次擊敗黃風大聖！歡迎適度下指導棋＆指路/暴雷~ w🦁 #blackmyth #黑神話悟空 #台灣vtuber #台v #vtuber #海克莉獅,2024-10-01T17:52:52Z,https://www.youtube.com/watch?v=vRMx52VGNns,https://i.ytimg.com/vi/vRMx52VGNns/mqdefault.jpg
5535c9524eb046c38e172ebfa06b302f,9452,1分鐘看完隱藏任務「將夜晚放還於夜晚」解謎流程｜5.0納塔🔥 #原神 #genshinimpact #璐洛洛,2024-09-03T07:00:06Z,https://www.youtube.com/watch?v=4Vi2DJU5lgo,https://i.ytimg.com/vi/4Vi2DJU5lgo/mqdefault.jpg
9e64bba43928414884503de36f805c48,9451,9/18 今天睡死了...  !vpn !台聚 !泰國 | 掛台抽哀鳳 | 訂閱YT !YT,2024-09-18T11:40:34Z,https://www.twitch.tv/videos/2254125201,https://static-cdn.jtvnw.net/cf_vods/d2nvs31859zcd8/fedd28f2febeb6466605_wen620_44831570667_1726659630//thumb/thumb0-%{width}x%{height}.jpg
ea4c1a67c2e445ad8028768616ceb659,9393,【🥞官方精華！】唐突開始的殘酷三選一！？不對欸我只是看個台怎麼就被審問了？【洛可洛斯特 / VTUBER】ft.露恰露恰,2024-09-18T13:00:27Z,https://www.youtube.com/watch?v=1yPTtulIF98,https://i.ytimg.com/vi/1yPTtulIF98/mqdefault.jpg
afa3e309e41044c5bffe17466607d481,9393,雪雪๐•ᴗ•๐ 9/20 晚點狼人殺 @yukkkkiouo !自主訂閱支援 !魔儲 使用推薦碼註冊拿200元折價卷,2024-09-20T12:39:12Z,https://www.twitch.tv/videos/2255782192,https://static-cdn.jtvnw.net/cf_vods/d3vd9lfkzbru3h/bd6cd8b333262a42a410_yukkkkiouo_41604406247_1726835946//thumb/thumb0-%{width}x%{height}.jpg
e78cffa246c24a1c88031151cad8c385,9381,讓媽媽感到驕傲的一瞬間,2024-09-20T10:17:14Z,https://www.youtube.com/watch?v=2A4dAbS-bbo,https://i.ytimg.com/vi/2A4dAbS-bbo/mqdefault.jpg
9cec24b011ee45648eb404066c997f49,9376,【台灣駕駛模擬】來體驗看看外送員的日常！總覺得我87％會怒路症發作啊　(╬ﾟдﾟ)╭∩╮ █熙歌Cygnus,2024-10-01T14:04:23Z,https://www.youtube.com/watch?v=P7vVnc2lcws,https://i.ytimg.com/vi/P7vVnc2lcws/mqdefault.jpg
e93bd1102e214cbaa71cc5b2e4a53595,9372,【陪伴番茄鐘】週三惹再撐一下！一起努力讀書或工作：今天要來魔改杰倫水餃的宣傳單！！ ░   #雑談｜#chatting  Stream #studywithme,2024-09-18T10:07:31Z,https://www.youtube.com/watch?v=679ZXAKoL4I,https://i.ytimg.com/vi/679ZXAKoL4I/mqdefault.jpg
312fdd3c5e6d4aefa73fd3860ecc5613,9368,🐺狼的【體能轉盤挑戰】 #森森鈴蘭,2024-09-18T15:18:29Z,https://www.youtube.com/watch?v=dyn6QXS7EYk,https://i.ytimg.com/vi/dyn6QXS7EYk/mqdefault.jpg
e069724ddab54dd690d6c3425574effd,9332,不要把真相說出來！#vtuber #vtuber#台灣vtuber#shorts #short,2024-09-11T12:00:07Z,https://www.youtube.com/watch?v=2ckN6FzdjR4,https://i.ytimg.com/vi/2ckN6FzdjR4/mqdefault.jpg
3809ec8a42634d11aa1b7b8f99755c6a,9300,【花花精華】0915 瑞杏杯 三貓隊  ft. 貓康 、猫夜凜,2024-09-20T04:41:39Z,https://www.youtube.com/watch?v=e05PJGHK-ZQ,https://i.ytimg.com/vi/e05PJGHK-ZQ/mqdefault.jpg
a9f28d3e3d2a4ecb93ff10955be791d1,9283,【中秋節企劃】神秘特殊企劃！,2024-09-17T15:07:49Z,https://www.youtube.com/watch?v=Qd_uASc_TA8,https://i.ytimg.com/vi/Qd_uASc_TA8/mqdefault.jpg
9cec24b011ee45648eb404066c997f49,9279,【黑神話：悟空】今天要來打最後一章啦！雖然離一周目破台應該還有點距離辣（´◔​∀◔`)█熙歌Cygnus,2024-09-19T18:28:40Z,https://www.youtube.com/watch?v=O7A9WeLraBw,https://i.ytimg.com/vi/O7A9WeLraBw/mqdefault.jpg
6dc75ab227e34c928598bde8f2d324bf,9259,【歌雜】主題歌雜 - 周杰倫：下播靜音！最近在養喉嚨，所以唱點低消耗的歌～！🦁️ #歌雜 #缺德笑 #vtuber #海克莉獅 #歌回 #周杰倫,2024-09-13T16:17:30Z,https://www.youtube.com/watch?v=YUvGgDAoCj0,https://i.ytimg.com/vi/YUvGgDAoCj0/mqdefault.jpg
215d93a2bd634b4cbeed0e88ae6d6e14,9255,這頻道我不要了,2024-09-17T11:00:50Z,https://www.youtube.com/watch?v=pOu7hDoXA5w,https://i.ytimg.com/vi/pOu7hDoXA5w/mqdefault.jpg
6aefa292dc61441e98c787efb0067922,9239,【歌回】中秋限定🌙古風歌回陪你過節【羽芝扉扉 Uchi Fifi】,2024-09-17T07:10:17Z,https://www.youtube.com/watch?v=Z8VFC7dHAFI,https://i.ytimg.com/vi/Z8VFC7dHAFI/mqdefault.jpg
3809ec8a42634d11aa1b7b8f99755c6a,9238,【花花】9/29 今天閉關 | !周邊  | !LINE貼圖 |  !委託 | !新衣裝,2024-09-29T07:24:56Z,https://www.twitch.tv/videos/2263214714,https://static-cdn.jtvnw.net/cf_vods/d3vd9lfkzbru3h/4273b5817d89e0c5e4ed_mayberuu_41625518311_1727594689//thumb/thumb0-%{width}x%{height}.jpg
8bf35c3b9a9e461d825a9170555b71c2,9209,【歌回】突發唱歌派對，可惜沒有跳舞｜澪Rei,2024-09-08T12:12:56Z,https://www.youtube.com/watch?v=uvzRmCyQPMk,https://i.ytimg.com/vi/uvzRmCyQPMk/mqdefault.jpg
9af7c10c618844f08a327d38753124bd,9200,【酒樂霧子】0906 | 一日生活企劃再開 | @shurakukiriko | !7tv !yt !會員 !指令 !嗨嗶 !套組,2024-09-06T06:32:31Z,https://www.twitch.tv/videos/2243869061,https://static-cdn.jtvnw.net/cf_vods/d3vd9lfkzbru3h/dacae57208f370a8a95a_shurakukiriko_41573875287_1725604345//thumb/thumb0-%{width}x%{height}.jpg
7ead9e2cac544a7cb00444ef6b4698d1,9198,【圖FA】Biu Biu 新手來襲~先聊天晚點連動,2024-09-30T05:38:01Z,https://www.twitch.tv/videos/2264008454,https://static-cdn.jtvnw.net/cf_vods/d3vd9lfkzbru3h/8bd44a80a54e8e84e776_hibiki_meridianproject_41627554647_1727674673//thumb/thumb0-%{width}x%{height}.jpg
6dc75ab227e34c928598bde8f2d324bf,9185,【遊戲】APEX觀眾場(會員限定)：APEX初見蔡雞～一言不合就變亂身寸阿獅！🦁,2024-09-03T16:42:45Z,https://www.youtube.com/watch?v=CemPV_IAd-o,https://i.ytimg.com/vi/CemPV_IAd-o/mqdefault.jpg
5cff30a1695346368e3ea7a7c7af4286,9182,好看的種子碼推薦(2)!!! #minecraft #麥塊 #我的世界 #shorts  #minecraftshorts,2024-09-06T04:00:30Z,https://www.youtube.com/watch?v=MuFucsA11Ko,https://i.ytimg.com/vi/MuFucsA11Ko/mqdefault.jpg
ba562aad440d483e988d3ce7e7217c94,9181,[貓宮香草]  9/18 掉寶到晚上11點 ，  想儲值找ME魔儲 !魔儲  !DC,2024-09-18T07:56:45Z,https://www.twitch.tv/videos/2254056105,https://static-cdn.jtvnw.net/cf_vods/d2nvs31859zcd8/98f9ed3e44c06303a93f_vanilla_shironeko_44830901291_1726646201//thumb/thumb0-%{width}x%{height}.jpg
a9b855767b2d432c9f263e3427ff33a6,9166,【APEX】帷什麼不追我埃基! 瑞杏盃團練 ft.‪@erycyoo6694  ‪@煌Kirali  ∷ 埃穆亞Oumua,2024-09-12T17:38:29Z,https://www.youtube.com/watch?v=dSEYdaS6IWw,https://i.ytimg.com/vi/dSEYdaS6IWw/mqdefault.jpg
6c872a4043b84e4493877a42af684d1d,9154,台灣人才聽得懂的英文 Vtuber脫譯英文教學  #vtuber  #台v精華 #銀河galaxy #台V #vtuberclip  #vtuber中文  #台灣vtuber #shorts,2024-09-23T09:00:05Z,https://www.youtube.com/watch?v=2tW4p8EUmW4,https://i.ytimg.com/vi/2tW4p8EUmW4/mqdefault.jpg
5535c9524eb046c38e172ebfa06b302f,9142,【絕區零】0+1簡💥▸組隊輕鬆百萬傷害、單通輕鬆無傷！手感超絲滑、手殘黨救星！式輿防衛戰·劇變節點7👊片尾驅動＆面板練度參考 ▹璐洛洛◃,2024-09-04T14:00:26Z,https://www.youtube.com/watch?v=DuFbFW2HJd8,https://i.ytimg.com/vi/DuFbFW2HJd8/mqdefault.jpg
2741a90689f342548daad7f760b0a8f7,9139,絕對不停止發電Vtuber vs 絕對耗電手遊【希翁／Chion】,2024-09-14T15:02:26Z,https://www.youtube.com/watch?v=iqjDiuHV-6Q,https://i.ytimg.com/vi/iqjDiuHV-6Q/mqdefault.jpg
c5fe413a473d4638b53fb3f9019aabbe,9118,傳說中的龍肝 ♦︎ #shorts,2024-09-05T11:00:10Z,https://www.youtube.com/watch?v=CvqSxwFqv1s,https://i.ytimg.com/vi/CvqSxwFqv1s/mqdefault.jpg
14a9a08fbdc641e8ac8c384dedfccf0a,9115,キタニタツヤ - 化け猫／朔Sakuro 【Cover】,2024-09-30T17:11:32Z,https://www.youtube.com/watch?v=ofzyj8UxGyM,https://i.ytimg.com/vi/ofzyj8UxGyM/mqdefault.jpg
8bf35c3b9a9e461d825a9170555b71c2,9094,【韓文學習】我到底為什麼選早八韓文........｜澪Rei,2024-09-03T15:45:58Z,https://www.youtube.com/watch?v=HrXVVa59jBM,https://i.ytimg.com/vi/HrXVVa59jBM/mqdefault.jpg
a9b855767b2d432c9f263e3427ff33a6,9089,【從今以後】成為無情的學習機器！玩樂？那是什麼？【埃穆亞Oumua】  #vtuber #vtuberclips #台灣vtuber  #shorts #精華 #台v #台v精華,2024-09-18T10:30:21Z,https://www.youtube.com/watch?v=th3T6uOB8kU,https://i.ytimg.com/vi/th3T6uOB8kU/mqdefault.jpg
3005ff0c09064d7f924c506e1e9c18ba,9084,【猫夜凜】今天大概率也是在麥塊 | 9月訂閱優惠、贈訂Bonus | @nekoyarin |  !語音 !魔儲  | 9/30,2024-09-30T13:55:24Z,https://www.twitch.tv/videos/2264175468,https://static-cdn.jtvnw.net/cf_vods/d3vd9lfkzbru3h/2baaaf4348b84a65d164_nekoyarin_41628642343_1727704517//thumb/thumb0-%{width}x%{height}.jpg
920d34819cf944e99cf469f7552d535f,9073,男性結紮有什麼好處？泌尿科蛋蛋地回應．．． #台v #vtuber #男v #vtuberclips #阿萬,2024-09-11T09:20:17Z,https://www.youtube.com/watch?v=_okvjnykUNA,https://i.ytimg.com/vi/_okvjnykUNA/mqdefault.jpg
d837e8fda137492c9d77882b98ff863a,9063,【公主守不了】玩太強被廠商要求加碼！？迎來兩位勇者挑戰魔王果！✧ 真理果Marika,2024-09-08T13:14:52Z,https://www.youtube.com/watch?v=f0yUz1PQjz4,https://i.ytimg.com/vi/f0yUz1PQjz4/mqdefault.jpg
312fdd3c5e6d4aefa73fd3860ecc5613,9051,【雜談LA】聊天之餘！記得留言抽好禮🌟 #森森鈴蘭 #安利美特 #限時合作,2024-09-04T13:44:47Z,https://www.youtube.com/watch?v=dw-hEjwD2ZA,https://i.ytimg.com/vi/dw-hEjwD2ZA/mqdefault.jpg
4fd17e8877024633876c5d85bc81e56b,9044,北部人吃不習慣丹丹漢堡?  #vtuber #vtuberclip #vtuber中文 #台v #台v精華 #atamahikari  #光頭Vtuber,2024-09-05T10:01:00Z,https://www.youtube.com/watch?v=oBqqHoTW-Y4,https://i.ytimg.com/vi/oBqqHoTW-Y4/mqdefault.jpg
afa3e309e41044c5bffe17466607d481,9028,雪雪๐•ᴗ•๐ 9/27 晚上永恆輪迴 先獨自坐牢  @yukkkkiouo !自主訂閱支援 !魔儲 使用推薦碼註冊拿200元折價卷,2024-09-27T09:38:38Z,https://www.twitch.tv/videos/2261522370,https://static-cdn.jtvnw.net/cf_vods/d3vd9lfkzbru3h/0b64ea325a7f8c66cf91_yukkkkiouo_41620700807_1727429911//thumb/thumb0-%{width}x%{height}.jpg
d837e8fda137492c9d77882b98ff863a,9000,【組鋼彈】第一次貼水貼！買了兩張不可能失敗...嗎？✧ 真理果Marika,2024-09-05T14:03:56Z,https://www.youtube.com/watch?v=naJ1KHuV3_M,https://i.ytimg.com/vi/naJ1KHuV3_M/mqdefault.jpg
7ead9e2cac544a7cb00444ef6b4698d1,8997,【歌回】殘酷二選一 ｜響Hibiki,2024-09-09T16:53:25Z,https://www.youtube.com/watch?v=XN8Xp1RQlCo,https://i.ytimg.com/vi/XN8Xp1RQlCo/mqdefault.jpg
abd64c9a64e04fb1b23faa2480c1c106,8995,【４人實況】被關入全新高畫質後室🔒四人小隊啟動！ft. 阿斯 雪兔 DK『 Backrooms: Escape Together 』,2024-09-30T10:38:40Z,https://www.youtube.com/watch?v=Ik-GxdsJ5L0,https://i.ytimg.com/vi/Ik-GxdsJ5L0/mqdefault.jpg
fbb142bcb07a4808b0164c41ab1877ea,8981,你知道京都怎麼唸嗎 #Shorts #Short #vtuber #台V,2024-09-04T11:02:33Z,https://www.youtube.com/watch?v=Rm7rt2g0M2g,https://i.ytimg.com/vi/Rm7rt2g0M2g/mqdefault.jpg
9e64bba43928414884503de36f805c48,8979,10/1 十月了! !vpn !台聚 !泰國 | 掛台抽哀鳳 | 訂閱YT !YT,2024-10-01T11:09:33Z,https://www.twitch.tv/videos/2264869376,https://static-cdn.jtvnw.net/cf_vods/d3vd9lfkzbru3h/43e733b18d92df34bfb3_wen620_41630350311_1727780965//thumb/thumb0-%{width}x%{height}.jpg
1d14efa0dfb34515831c46b7dfddf819,8962,不要跟我說原本的巢叫什麼😠 #vtuber #台灣vtuber #中文vtuber,2024-09-23T07:56:15Z,https://www.youtube.com/watch?v=X2amWKVvrWc,https://i.ytimg.com/vi/X2amWKVvrWc/mqdefault.jpg
e069724ddab54dd690d6c3425574effd,8939,每次拍shorts的靈感來源 #vtuber #vtuber#台灣vtuber#shorts #short,2024-09-07T12:01:02Z,https://www.youtube.com/watch?v=rRTNZwLMIt4,https://i.ytimg.com/vi/rRTNZwLMIt4/mqdefault.jpg
75ddc749133b4c498eb35ceac1e2a0b2,8868,vtuber直播生涯最黑暗的一刻 #vtuber #台v  #紫茗,2024-09-19T09:00:11Z,https://www.youtube.com/watch?v=9_jYuKxncEM,https://i.ytimg.com/vi/9_jYuKxncEM/mqdefault.jpg
ba562aad440d483e988d3ce7e7217c94,8844,[貓宮香草]  9/5 積分啟動 ! ，  想儲值找ME魔儲 !魔儲  !DC,2024-09-05T09:58:55Z,https://www.twitch.tv/videos/2243108379,https://static-cdn.jtvnw.net/cf_vods/d3vd9lfkzbru3h/323f2ecdffffed00284c_vanilla_shironeko_41571781495_1725530329//thumb/thumb0-%{width}x%{height}.jpg
9cec24b011ee45648eb404066c997f49,8843,【早安熙八】我買ㄌVR設備！！一邊吃早餐一邊聊聊天，一邊開心地度過周五早上吧 ⎝(◕u◕)⎠█熙歌Cygnus,2024-09-20T03:36:47Z,https://www.youtube.com/watch?v=CyiOO-rO1lw,https://i.ytimg.com/vi/CyiOO-rO1lw/mqdefault.jpg
9af7c10c618844f08a327d38753124bd,8842,【酒樂霧子】0920 | 累累病原始星人 | @shurakukiriko | !7tv !yt !會員 !指令 !嗨嗶,2024-09-20T06:25:31Z,https://www.twitch.tv/videos/2255656602,https://static-cdn.jtvnw.net/cf_vods/d3vd9lfkzbru3h/9af9ce74c309145f186f_shurakukiriko_41603593495_1726813525//thumb/thumb0-%{width}x%{height}.jpg
65ab938b60074946af1ea65a002c70df,8835,這時機點真的是逼死人??!!24 S6賽季下半池抽卡懶人包!! SLS AMG、拉法、918、S15 #巔峰極速,2024-09-14T14:02:47Z,https://www.youtube.com/watch?v=X26BKDhPJng,https://i.ytimg.com/vi/X26BKDhPJng/mqdefault.jpg
9e64bba43928414884503de36f805c48,8828,9/6 【萬妖領域】半周年慶！來Event105伺服器加入我的公會：聞道有先後 !萬妖,2024-09-06T10:56:18Z,https://www.twitch.tv/videos/2243948396,https://static-cdn.jtvnw.net/cf_vods/d3vd9lfkzbru3h/14adf3af3c04cdcf358f_wen620_41574400871_1725620172//thumb/thumb0-%{width}x%{height}.jpg
14a9a08fbdc641e8ac8c384dedfccf0a,8826,【朔Sakuro】槍男養成  ft. @yoruno_moonlit,2024-09-20T16:19:31Z,https://www.twitch.tv/videos/2255913564,https://static-cdn.jtvnw.net/cf_vods/d3vd9lfkzbru3h/c4d0abf9d0931912e916_sakuro_moonlit_41605052359_1726849163//thumb/thumb0-%{width}x%{height}.jpg
99f6f80397b34d0b9a0cfd40f3801a35,8822,【💜歌回】週日午後唱唱歌 ૮(ˊᗜˋ*)ა  𝟭𝟬𝟬𝟬𝟬訂閱感謝 .ᐟ.ᐟ｜心 𝗰𝗼𝗰𝗼𝗿𝟬,2024-09-15T09:50:18Z,https://www.youtube.com/watch?v=b-TX8r9lu8o,https://i.ytimg.com/vi/b-TX8r9lu8o/mqdefault.jpg
3d786b116dbc437e8684d7b46567a1e5,8822,【#初配信】穿越3000年的現代人見面會!! 🛸💨 百百波美 ⌇ BarkBarkPomi,2024-09-12T13:10:50Z,https://www.youtube.com/watch?v=tWq0Ec_CuHA,https://i.ytimg.com/vi/tWq0Ec_CuHA/mqdefault.jpg
9f649d90164140bdb0e38f7e835c183b,8813,#無垢 / 李浩瑋｜cover by【穆恩佐Munzel】10/14初配信 #諦覓司 #munzel #翻唱 #台v #新人vtuber,2024-09-20T13:01:00Z,https://www.youtube.com/watch?v=lC0M6BjJ2QU,https://i.ytimg.com/vi/lC0M6BjJ2QU/mqdefault.jpg
5f12df329c6144e1a6c596f4fbcb9e81,8784,【虎雑】颱風天在家裡好好休息！マシュマロ配信！Q&A time～#21　中/日 ok  【Torakolive】,2024-10-02T08:58:58Z,https://www.youtube.com/watch?v=24lANeTvifM,https://i.ytimg.com/vi/24lANeTvifM/mqdefault.jpg
7d66bf98da354f72baee891cdd91855b,8777,讓身心靈都成為烏薩奇 | 【賽特珞Cetro】10/16初配信 #諦覓司 #cetro #烏薩奇 #chiikawa #吉伊卡哇 #台v #新人vtuber,2024-09-27T12:30:53Z,https://www.youtube.com/watch?v=w3uE60HKE0g,https://i.ytimg.com/vi/w3uE60HKE0g/mqdefault.jpg
f6a4e7aa8d0c4e5cb39d199845ec4d02,8776,【NOTD】9/12 前進雪原?! ft.J群玩家【#杏仁ミル】,2024-09-12T18:58:02Z,https://www.youtube.com/watch?v=1w3tG-R1Mz0,https://i.ytimg.com/vi/1w3tG-R1Mz0/mqdefault.jpg
71e1a399885b48e79c9a98e973e6b5e3,8768,又見斯科特 展現驚人奧客行為 三月七大罵我是你祖宗！#shorts #台灣 #台V #vtuber #vtuber精華 #vtuberclip #slimeclip,2024-09-15T10:00:47Z,https://www.youtube.com/watch?v=kLom2gbQ_7k,https://i.ytimg.com/vi/kLom2gbQ_7k/mqdefault.jpg
c04f006e69e04000a68cd0c41f888eb2,8746,【 伊甸惡意 】下雨天就想睡覺  | Rluo Ch. 阿洛【 Minecraft1.21 多人伺服器 】,2024-09-22T15:40:42Z,https://www.youtube.com/watch?v=0xGDj3hcwbs,https://i.ytimg.com/vi/0xGDj3hcwbs/mqdefault.jpg
84d68bef71304aa089c10d2c33c9a107,8738,【暫停挑戰】我的工作很講究時機😉【格萊伊Graal】10/15初配信 #graal #台v #新人vtuber #諦覓司,2024-09-10T12:00:08Z,https://www.youtube.com/watch?v=6E7l6KEMrFo,https://i.ytimg.com/vi/6E7l6KEMrFo/mqdefault.jpg
6dc75ab227e34c928598bde8f2d324bf,8731,【遊戲】黑神話-悟空#3：10次內打贏妖王．小驪龍！歡迎適度下指導棋＆指路/暴雷~ 🦁 #blackmyth #黑神話悟空 #台灣vtuber #台v #vtuber #海克莉獅,2024-09-25T16:25:28Z,https://www.youtube.com/watch?v=5FsYb2ELkhs,https://i.ytimg.com/vi/5FsYb2ELkhs/mqdefault.jpg
e069724ddab54dd690d6c3425574effd,8704,你會不會覺得我很胖 #vtuber #vtuber#台灣vtuber#shorts #short,2024-09-08T12:00:17Z,https://www.youtube.com/watch?v=M0-OmoqLjls,https://i.ytimg.com/vi/M0-OmoqLjls/mqdefault.jpg
4c3cae772e974f8fb8e04f4cc9c8cd8d,8696,【#秋水伊人】幫尼點火囉    ̖́-   全球 13 億驚呆啦 🔥 原來烤肉生火可以這樣做 ......  *.  ┊ Square Live 白白虹,2024-09-16T07:23:00Z,https://www.youtube.com/watch?v=qjjRZCW8yyk,https://i.ytimg.com/vi/qjjRZCW8yyk/mqdefault.jpg
6dc75ab227e34c928598bde8f2d324bf,8694,【遊戲】黑神話-悟空#2：遊戲天才主播是伸手牌！歡迎適度下指導棋＆指路/暴雷~ 🦁 #blackmyth #黑神話悟空 #台灣vtuber #台v #vtuber #海克莉獅,2024-09-18T16:27:37Z,https://www.youtube.com/watch?v=pvo_9ULJbp0,https://i.ytimg.com/vi/pvo_9ULJbp0/mqdefault.jpg
9cec24b011ee45648eb404066c997f49,8690,【09/11】畫圖！NEMO小埃2.0新衣裝預測！應援斗應片OPEN！( ´∀｀)つt[ ],2024-09-11T12:02:12Z,https://www.twitch.tv/videos/2248276553,https://static-cdn.jtvnw.net/cf_vods/d3vd9lfkzbru3h/c3dd862f07303e599b12_cygxdfp_41587049847_1726056124//thumb/thumb0-%{width}x%{height}.jpg
fd6a0236861940389e15ef85b16c6069,8685,【英雄聯盟：激鬥峽谷】海克斯科技隨機單中！提摩必須屎啦啦啦ヽ(●´∀`●)ﾉ,2024-09-04T10:00:54Z,https://www.youtube.com/watch?v=v0n5Smj9Idc,https://i.ytimg.com/vi/v0n5Smj9Idc/mqdefault.jpg
8bf35c3b9a9e461d825a9170555b71c2,8674,【雜談】上課上班日前開台聊聊天｜澪Rei,2024-09-29T14:49:33Z,https://www.youtube.com/watch?v=-hPkvvGjoGg,https://i.ytimg.com/vi/-hPkvvGjoGg/mqdefault.jpg
9cec24b011ee45648eb404066c997f49,8669,【早安熙八】週三早八，早安熙八！大家中秋有烤肉嗎？一邊吃早餐一邊聊聊天吧✧◝(⁰▿⁰)◜✧█熙歌Cygnus,2024-09-18T03:37:01Z,https://www.youtube.com/watch?v=0cOxyfLeIrI,https://i.ytimg.com/vi/0cOxyfLeIrI/mqdefault.jpg
c82ab1b4f8f64d1f84cae4ce09aa0dea,8658,小玩一下｜汐Seki｜!週邊 !指令,2024-09-16T19:19:05Z,https://www.twitch.tv/videos/2252780476,https://static-cdn.jtvnw.net/cf_vods/d3vd9lfkzbru3h/1826a464c3b5beb4985d_seki_meridian_41600411719_1726514336//thumb/thumb0-%{width}x%{height}.jpg
a0d4fad2fd3d4e4981947642a9dbafc4,8657,【Chained Together】看看是誰在扯後腿！希望不要爬很久...｜朧Oboro ft.朔 宵,2024-09-10T14:41:33Z,https://www.youtube.com/watch?v=z_6ZE1IYYGg,https://i.ytimg.com/vi/z_6ZE1IYYGg/mqdefault.jpg
265a18972d244affae35711cfd1f9931,8657,塔主播9/6~9/8出差工作 預計9/8超晚才到家 開台讓你們掛忠誠,2024-09-06T01:37:30Z,https://www.twitch.tv/videos/2243715091,https://static-cdn.jtvnw.net/cf_vods/d3vd9lfkzbru3h/8e9de4f06eabd574a3c1_mirolivetabasuko88_41573453367_1725586642//thumb/thumb0-%{width}x%{height}.jpg
abd64c9a64e04fb1b23faa2480c1c106,8654,【同步視聽】火柴人被神秘人士抓起來了？ 一起看「火柴人VS作者✏️」【Animation vs Animation Season 3 Reaction】,2024-09-13T13:22:17Z,https://www.youtube.com/watch?v=zm1DLf_Dk0A,https://i.ytimg.com/vi/zm1DLf_Dk0A/mqdefault.jpg
0bf0ec441dc6489583f7218e02ab6a89,8654,【舒眠ASMR】抱著好好休息...想著我就好❤️極致放鬆【香草奈若】,2024-09-11T18:09:20Z,https://www.youtube.com/watch?v=4MdAYGPXMPw,https://i.ytimg.com/vi/4MdAYGPXMPw/mqdefault.jpg
88aa589d4a3648738e49243d2056d03b,8654,告白殘酷二選一 #台v #台灣vtuber #vtuber #vtuber中文,2024-09-28T10:00:09Z,https://www.youtube.com/watch?v=Anb6T-6CgWQ,https://i.ytimg.com/vi/Anb6T-6CgWQ/mqdefault.jpg
7b58646f89cb4b7cbcdce819499c475f,8652,【COVER/歌ってみた】flos  _=(:🌸 」∠ )【露諾莉雅．因卡倫】,2024-09-17T14:30:07Z,https://www.youtube.com/watch?v=5y0rqosrkSQ,https://i.ytimg.com/vi/5y0rqosrkSQ/mqdefault.jpg
9af7c10c618844f08a327d38753124bd,8646,【酒樂霧子】0925 | 惡夢妖怪 | @shurakukiriko | !7tv !yt !會員 !指令 !嗨嗶,2024-09-25T06:29:20Z,https://www.twitch.tv/videos/2259844221,https://static-cdn.jtvnw.net/cf_vods/d3vd9lfkzbru3h/1a1c439b14b59645aaa5_shurakukiriko_41615767527_1727245753//thumb/thumb0-%{width}x%{height}.jpg
98e3a5838fec4a6caa936ae35485de23,8644,【真希望能實裝】馬路優先權！可以用買的嗎？🍻【露恰露恰．Vtuber】,2024-09-04T12:30:07Z,https://www.youtube.com/watch?v=6DkQeoV35z8,https://i.ytimg.com/vi/6DkQeoV35z8/mqdefault.jpg
9cec24b011ee45648eb404066c997f49,8642,【歌枠】護嗓的絕對氣質歌回✧◝(⁰▿⁰)◜✧今天絕對不破功，不然來賭看我能撐多久啊！唱完歌再去團練！█熙歌Cygnus,2024-09-13T14:03:23Z,https://www.youtube.com/watch?v=3smJXMvKdVI,https://i.ytimg.com/vi/3smJXMvKdVI/mqdefault.jpg
7c06b9e316ce4ac18ce836cd72442bbe,8637,【三周年以心伝心】STAY【浠Mizuki/唐牛ミラ】,2024-09-12T11:00:07Z,https://www.youtube.com/watch?v=SaqyS_lndOw,https://i.ytimg.com/vi/SaqyS_lndOw/mqdefault.jpg
b4a1791208fd4d85b7b08ee2bad0c236,8617,女同天菜(x #shorts  #vtuber #台v,2024-09-07T04:00:28Z,https://www.youtube.com/watch?v=iuzM15zJ_1A,https://i.ytimg.com/vi/iuzM15zJ_1A/mqdefault.jpg
e069724ddab54dd690d6c3425574effd,8612,再多摸一點嘛 #vtuber #vtuber#台灣vtuber#shorts #short,2024-09-17T12:01:01Z,https://www.youtube.com/watch?v=o36hcQkomx8,https://i.ytimg.com/vi/o36hcQkomx8/mqdefault.jpg
a9f6574e98f34b20a05269134930fb50,8586,【玩遊戲】第一章 [物寂しい冬の空に]続きをプレイしていくよ！(玩星穹鐵道)　※ほぼ中国語/茸茸鼠,2024-09-04T16:04:18Z,https://www.youtube.com/watch?v=dVlXeBfyAfw,https://i.ytimg.com/vi/dVlXeBfyAfw/mqdefault.jpg
a9f28d3e3d2a4ecb93ff10955be791d1,8582,【會員開通】突發！！高能感謝時間！ / 宵Yoruno,2024-09-10T11:55:53Z,https://www.youtube.com/watch?v=N1qhLtHqgyU,https://i.ytimg.com/vi/N1qhLtHqgyU/mqdefault.jpg
03c018f2d3064da6ac4899bef1d600c5,8580,玖玖巴🍶0929－畫畫｜又双叒叕是約了一年的新女額 ᕕ ( ᐛ ) ᕗ,2024-09-29T12:50:10Z,https://www.twitch.tv/videos/2263348466,https://static-cdn.jtvnw.net/cf_vods/d3vd9lfkzbru3h/6515723ebcf6d6e2e4c8_998rrr_41626273207_1727614204//thumb/thumb0-%{width}x%{height}.jpg
b4a1791208fd4d85b7b08ee2bad0c236,8577,【瑪麗茶會】直球對決+我偷我室友標題之留言抽好禮🌼 #安利美特 #限時合作  #vtuber #台v  #瑪格麗特諾爾絲 #箱箱thebox,2024-09-05T16:56:01Z,https://www.youtube.com/watch?v=MG2eTGwnf0g,https://i.ytimg.com/vi/MG2eTGwnf0g/mqdefault.jpg
3809ec8a42634d11aa1b7b8f99755c6a,8553,【花花】9/9 吃個飯看要幹嘛   | !周邊  | !LINE貼圖 |  !委託,2024-09-09T07:34:01Z,https://www.twitch.tv/videos/2246547065,https://static-cdn.jtvnw.net/cf_vods/d3vd9lfkzbru3h/e619edd2d1b2900c8ce2_mayberuu_41581728583_1725867234//thumb/thumb0-%{width}x%{height}.jpg
73b97b1a35c84579aa8ffcd6534efad3,8549,一日獨角獸拒同擔 | #vtuber #shorts #台v #vtuberclip #vtuber中文 #台v精華 #台vtuber,2024-09-26T10:20:37Z,https://www.youtube.com/watch?v=EiMgiu-BIIY,https://i.ytimg.com/vi/EiMgiu-BIIY/mqdefault.jpg
ba59bb31bbcd4cf3a481c4cf72918fb0,8546,【帥氣＋可愛＝🐼！】Fighting My Way【米亞Mya】,2024-09-07T15:35:40Z,https://www.youtube.com/watch?v=kvLQTdUgwBQ,https://i.ytimg.com/vi/kvLQTdUgwBQ/mqdefault.jpg
5535c9524eb046c38e172ebfa06b302f,8541,🔴【米遊日】ZZZ「凱撒」代抽預約中！式輿防衛戰、幻想真境劇詩打不過？『米家遊戲+鳴潮』全健檢&滷肉幫到你家 ▹璐洛洛◃,2024-09-22T19:30:22Z,https://www.youtube.com/watch?v=XdsIijwEAvo,https://i.ytimg.com/vi/XdsIijwEAvo/mqdefault.jpg
9cec24b011ee45648eb404066c997f49,8499,【黑神話：悟空】黑猴幾ㄟ嘿嘿嘿嘿嘿，又可以玩黑猴幾了ㄟ嘿嘿嘿嘿嘿（´◔​∀◔`)█熙歌Cygnus,2024-09-18T17:45:47Z,https://www.youtube.com/watch?v=PaPGIT9Nrow,https://i.ytimg.com/vi/PaPGIT9Nrow/mqdefault.jpg
6dc75ab227e34c928598bde8f2d324bf,8492,【雜談】睡前雜談：銀盾照分享 & 阿獅被詐騙的經過～！ 🦁️,2024-09-08T15:16:22Z,https://www.youtube.com/watch?v=uQ5NscQEr94,https://i.ytimg.com/vi/uQ5NscQEr94/mqdefault.jpg
5a934764983e45959855735b79bcc90e,8488,〖#粉絲名決定戰〗終於要來決定大家的名字啦！究竟古代人類會變成什麼呢(✧ω✧ ) ｜🤖量產型猫飼步歌貳貳機🐱 Fuka22,2024-09-17T14:16:28Z,https://www.youtube.com/watch?v=npPwOpByfVs,https://i.ytimg.com/vi/npPwOpByfVs/mqdefault.jpg
b0f523194beb4abca2b433e9e41d912c,8469,你也來看醫生？ #vtuber #vtuber中文 #海霓Haini #shorts #有趣,2024-09-26T11:30:03Z,https://www.youtube.com/watch?v=8Yqb6V-eGqA,https://i.ytimg.com/vi/8Yqb6V-eGqA/mqdefault.jpg
5cff30a1695346368e3ea7a7c7af4286,8463,好看的種子碼推薦!!! #minecraft #麥塊 #我的世界 #shorts  #minecraftshorts,2024-09-04T04:00:29Z,https://www.youtube.com/watch?v=UPNQxcUb1kY,https://i.ytimg.com/vi/UPNQxcUb1kY/mqdefault.jpg
5535c9524eb046c38e172ebfa06b302f,8451,【星穹鐵道】🚀椒丘 [6+5抽卡精華]▸看好了，這就是火鍋ASMR的威力🍲 三Damn黃，雙Damn黃一喊就來!!▹璐洛洛◃,2024-09-05T13:30:27Z,https://www.youtube.com/watch?v=dERehaM3IBE,https://i.ytimg.com/vi/dERehaM3IBE/mqdefault.jpg
a000aa1d3ea7489c993277d33ab2457e,8404,【09/27】小玩一下 !yt @moondogs_celestial,2024-09-27T11:03:08Z,https://www.twitch.tv/videos/2261549245,https://static-cdn.jtvnw.net/cf_vods/d3vd9lfkzbru3h/b92f1c1799c02289cd79_moondogs_celestial_41620882167_1727434982//thumb/thumb0-%{width}x%{height}.jpg
9cec24b011ee45648eb404066c997f49,8401,【早安...?】早安罵倒？嘴臭王熙歌上線...？？今天的早八好像會很火爆？？？█熙歌Cygnus,2024-09-25T02:53:33Z,https://www.youtube.com/watch?v=OAF-2MVT42g,https://i.ytimg.com/vi/OAF-2MVT42g/mqdefault.jpg
4544974bc5624035ae7bb0c9ed33e44e,8395,【六等星の夜】致每一個悲傷的夜晚裡，最重要的你們。【COVER aimer 歌ってみた 瓦西瓦瓦 / Vaswawa】,2024-09-08T16:35:07Z,https://www.youtube.com/watch?v=5j-ZPQK7yZU,https://i.ytimg.com/vi/5j-ZPQK7yZU/mqdefault.jpg
14a9a08fbdc641e8ac8c384dedfccf0a,8385,【歌回】 假日來聽歌放鬆一下吧！ 【朔Sakuro】,2024-09-28T14:17:20Z,https://www.youtube.com/watch?v=DSkVcDJNF4g,https://i.ytimg.com/vi/DSkVcDJNF4g/mqdefault.jpg
ed426712876641848613137bef236d26,8367,【冬雲凜】早安凜好 探索新凜域 | @samui_cyfuture | 9/24,2024-09-23T16:24:58Z,https://www.twitch.tv/videos/2258479926,https://static-cdn.jtvnw.net/cf_vods/d3vd9lfkzbru3h/dd9121bb00a30e8c0033_samui_cyfuture_41612489367_1727108690//thumb/thumb0-%{width}x%{height}.jpg
a000aa1d3ea7489c993277d33ab2457e,8343,【#秋水伊人】祝大家中秋快樂⌇幻月Moondogs,2024-09-16T06:04:57Z,https://www.youtube.com/watch?v=YTrmvaTzOjk,https://i.ytimg.com/vi/YTrmvaTzOjk/mqdefault.jpg
3d786b116dbc437e8684d7b46567a1e5,8341,【#雜談】中午吃早餐才是常識吧，欸嘿 (ゝ∀･) 🛸💨 百百波美 ⌇ BarkBarkPomi,2024-09-14T07:02:24Z,https://www.youtube.com/watch?v=Y9jSLYdDh7A,https://i.ytimg.com/vi/Y9jSLYdDh7A/mqdefault.jpg
a0d4fad2fd3d4e4981947642a9dbafc4,8331,今天來偷偷蓋家好了 希望今天也可以多社交...,2024-09-24T13:52:41Z,https://www.twitch.tv/videos/2259186305,https://static-cdn.jtvnw.net/cf_vods/d3vd9lfkzbru3h/d3d03c8d9522b3ec0bc5_oboro_moonlit_41614484391_1727185956//thumb/thumb0-%{width}x%{height}.jpg
a000aa1d3ea7489c993277d33ab2457e,8306,【台詞回】4萬訂閱感謝!說到做到~日日來囉(つд⊂)⌇幻月MoondogNs,2024-09-22T11:59:39Z,https://www.youtube.com/watch?v=LID1QtV6R8M,https://i.ytimg.com/vi/LID1QtV6R8M/mqdefault.jpg
ed426712876641848613137bef236d26,8298,【亂教一通】皮到不行的爸爸 | 冬雲凜Samui #冬雲凜#vtuber#shorts#台V#vtuberclip#vtuber中文,2024-09-22T09:00:05Z,https://www.youtube.com/watch?v=86onArYvKy8,https://i.ytimg.com/vi/86onArYvKy8/mqdefault.jpg
1d14efa0dfb34515831c46b7dfddf819,8297,長腿叔叔也是蛋糕🍰 #vtuber #台灣vtuber #中文vtuber,2024-09-27T08:15:40Z,https://www.youtube.com/watch?v=bIPkR5a0eoA,https://i.ytimg.com/vi/bIPkR5a0eoA/mqdefault.jpg
428251b7832a48219276fb6e5f644e86,8283,華生畢業卻又不算畢業??? | #shorts #vtuber #vtuber中文 #hololive #hololiveenglish #ameliawatson #holoen,2024-09-20T09:00:36Z,https://www.youtube.com/watch?v=XjW6xPeWJxU,https://i.ytimg.com/vi/XjW6xPeWJxU/mqdefault.jpg
6af8929143294c72b25a7108e79e2faf,8273,"手機錢包鑰匙菸 Phone, Wallet, Keys, Cigarettes / 美秀集團 ft. 盧廣仲｜Cover by 艾斯珀達Espada【翻唱】",2024-09-09T13:03:34Z,https://www.youtube.com/watch?v=PugNpCzjbDM,https://i.ytimg.com/vi/PugNpCzjbDM/mqdefault.jpg
bafb134fd2f849898d6242d1f5f683cc,8212,【歌枠】寂寞地歌唱，直到我們在宇宙相遇的那一天【涅默Nemesis】,2024-10-01T13:00:51Z,https://www.youtube.com/watch?v=e94V0PWVvWQ,https://i.ytimg.com/vi/e94V0PWVvWQ/mqdefault.jpg
5a934764983e45959855735b79bcc90e,8210,寄り酔い／和ぬか｜量產型猫飼步歌貳貳機 Fuka22【Cover】#vtuber #新人vtuber #cover #寄り酔い #shorts #台v,2024-09-04T11:30:02Z,https://www.youtube.com/watch?v=39rREJAPLkM,https://i.ytimg.com/vi/39rREJAPLkM/mqdefault.jpg
9cec24b011ee45648eb404066c997f49,8196,【早安熙八】一邊吃早餐一邊聊聊天，一邊開心地度過周五早上吧 ⎝(◕u◕)⎠█熙歌Cygnus,2024-09-13T03:30:15Z,https://www.youtube.com/watch?v=TQ86aJ358bs,https://i.ytimg.com/vi/TQ86aJ358bs/mqdefault.jpg
a9b855767b2d432c9f263e3427ff33a6,8139,【埃聲私語】3D後日談 邊看tag邊聊聊當天的小趣事! ∷ 埃穆亞Oumua,2024-09-05T20:19:08Z,https://www.youtube.com/watch?v=dLBOLzQrB4Y,https://i.ytimg.com/vi/dLBOLzQrB4Y/mqdefault.jpg
f110fd69b66941bab04de9ada563c6ac,8123,【撕東西ASMR】你喜歡撕東西的聲音嗎 (˘ω˘👂)｜露生手直播！【AoiHinamori】,2024-09-28T16:35:17Z,https://www.youtube.com/watch?v=hrOQkT-hFM4,https://i.ytimg.com/vi/hrOQkT-hFM4/mqdefault.jpg
310862830fb648b78cca7e581e2622a7,8114,◆ Original Song ◆  treAsure 這是我想對你們說的話【 赤羽亞矢AkahaneAya】,2024-09-20T10:00:27Z,https://www.youtube.com/watch?v=0VFTLSu9MH0,https://i.ytimg.com/vi/0VFTLSu9MH0/mqdefault.jpg
fbb142bcb07a4808b0164c41ab1877ea,8084,財富自由 #Shorts #Short #vtuber #台V,2024-09-14T10:00:40Z,https://www.youtube.com/watch?v=g1pSUBxBRy4,https://i.ytimg.com/vi/g1pSUBxBRy4/mqdefault.jpg
4fd17e8877024633876c5d85bc81e56b,8078,用舌頭玩JOJO梗  #vtuber #vtuberclip #vtuber中文 #台v #台v精華 #atamahikari  #光頭Vtuber,2024-09-17T10:30:30Z,https://www.youtube.com/watch?v=kvvyoznre0A,https://i.ytimg.com/vi/kvvyoznre0A/mqdefault.jpg
fa5a7cdc259543259af42bb23f1e4041,8075,眉毛少的人是渣男?  #Vtuber #vtuberclips #台v精華 #515 #515x20,2024-10-01T10:20:52Z,https://www.youtube.com/watch?v=hAjyXi9YE_0,https://i.ytimg.com/vi/hAjyXi9YE_0/mqdefault.jpg
5535c9524eb046c38e172ebfa06b302f,8067,🟣 ASIA Lv.76【鳴潮】看直播拿限量禮包碼😲『相里要』來我家！免費領取五星角色！ ▹璐洛洛◃,2024-09-07T14:13:47Z,https://www.youtube.com/watch?v=i0a3HTWE8v4,https://i.ytimg.com/vi/i0a3HTWE8v4/mqdefault.jpg
75ddc749133b4c498eb35ceac1e2a0b2,8058,等等！這剪輯主觀意識也太重了吧！！#vtuber #台v  #紫茗,2024-09-08T09:00:22Z,https://www.youtube.com/watch?v=ItGedKoJ9Po,https://i.ytimg.com/vi/ItGedKoJ9Po/mqdefault.jpg
afa3e309e41044c5bffe17466607d481,8044,雪雪๐•ᴗ•๐ 9/18 烤肉好吃 @yukkkkiouo !自主訂閱支援 !魔儲 使用推薦碼註冊拿200元折價卷,2024-09-18T08:29:52Z,https://www.twitch.tv/videos/2254065560,https://static-cdn.jtvnw.net/cf_vods/d2nvs31859zcd8/402185b976145787ad79_yukkkkiouo_44830992539_1726648187//thumb/thumb0-%{width}x%{height}.jpg
a9b855767b2d432c9f263e3427ff33a6,8005,【鵝鴨殺】通 通 吃 掉 ft.捏、歌、月、玥華、李帷、Ren、9Q、TTS、乙緹、Tako、油條、八毛、龜狗、小夜夜、Lupo ∷ 埃穆亞Oumua,2024-09-20T16:06:29Z,https://www.youtube.com/watch?v=LeJVYT1HZpI,https://i.ytimg.com/vi/LeJVYT1HZpI/mqdefault.jpg
ebe5c5f9d67f44f3bc5e70b413ce9df7,7993,【0930】圖奇努力7000追 周一工作陪伴台 @ekorru !深度 !抖內 !指令 !YT !dc !晚餐 可以用7tv唷【依可露】,2024-09-30T04:19:30Z,https://www.twitch.tv/videos/2263979716,https://static-cdn.jtvnw.net/cf_vods/d3vd9lfkzbru3h/da55f9027a60a853b711_ekorru_41627456199_1727669963//thumb/thumb0-%{width}x%{height}.jpg
a0d4fad2fd3d4e4981947642a9dbafc4,7988,【三人麥塊】聽朔說想打終界龍可是偷偷跟你們講！...我要蓋家｜朧Oboro,2024-09-13T15:23:49Z,https://www.youtube.com/watch?v=cnk6sSzkC3Q,https://i.ytimg.com/vi/cnk6sSzkC3Q/mqdefault.jpg
4c466d73397a4899b4ca26f90aaf57ad,7983,【まいたけダンス】描いて踊ってみた🐰 #まいたけダンス #手描き #儒烏風亭らでん #memes #trending #fyp #shorts #vtuber #台V #台灣vtuber,2024-09-17T05:30:10Z,https://www.youtube.com/watch?v=Yfam5JALgHA,https://i.ytimg.com/vi/Yfam5JALgHA/mqdefault.jpg
9cec24b011ee45648eb404066c997f49,7969,【早安熙八】前一天晚上又跑去玩VRC，大家來猜猜看今天早八我會不會暈 ⎝(◕u◕)⎠█熙歌Cygnus,2024-09-27T03:29:43Z,https://www.youtube.com/watch?v=GkSmgnIXDXU,https://i.ytimg.com/vi/GkSmgnIXDXU/mqdefault.jpg
a9b855767b2d432c9f263e3427ff33a6,7967,【Minecraft | 伊甸惡意】#11 炸! 獄! 髓! ∷ 埃穆亞Oumua,2024-09-21T09:43:31Z,https://www.youtube.com/watch?v=Qf_OVHXu0fE,https://i.ytimg.com/vi/Qf_OVHXu0fE/mqdefault.jpg
5a934764983e45959855735b79bcc90e,7962,〖#歌回〗唱歌的時候要壓制住膩膩太困難了！！究竟能不能好好復仇呢^ↀωↀ^｜🤖量產型猫飼步歌貳貳機🐱 Fuka22,2024-09-24T15:22:44Z,https://www.youtube.com/watch?v=nRnARbgobP4,https://i.ytimg.com/vi/nRnARbgobP4/mqdefault.jpg
a0d4fad2fd3d4e4981947642a9dbafc4,7954,【歌回】今天來唱一些日文超有名歌們！｜朧Oboro,2024-09-20T12:03:47Z,https://www.youtube.com/watch?v=Vv6QyAs_CwM,https://i.ytimg.com/vi/Vv6QyAs_CwM/mqdefault.jpg
3809ec8a42634d11aa1b7b8f99755c6a,7946,【花花精華】0902 一群瘋狗的四排APEX  ft. 貓康 、小E、SOLO,2024-09-26T06:57:27Z,https://www.youtube.com/watch?v=-pvuQR7yuLA,https://i.ytimg.com/vi/-pvuQR7yuLA/mqdefault.jpg
4b6655120fbd4431a8f7894cac4a4d49,7946,ASMR｜深夜心音膝枕掏耳哄睡❤️戀上姐姐香軟的床｜Lap Pillow Ear Picking for Sleep｜膝枕で耳かきして眠る【Binaural】,2024-09-30T16:33:27Z,https://www.youtube.com/watch?v=crG4INzVVdw,https://i.ytimg.com/vi/crG4INzVVdw/mqdefault.jpg
ebe5c5f9d67f44f3bc5e70b413ce9df7,7940,【0916】周一一露相伴，工作聽歌～  @ekorru !深度 !抖內 !指令 !YT !dc !晚餐 可以用7tv唷【依可露】,2024-09-16T03:04:26Z,https://www.twitch.tv/videos/2252313438,https://static-cdn.jtvnw.net/cf_vods/d3vd9lfkzbru3h/572732bcf838c807a6f4_ekorru_41598415223_1726455859//thumb/thumb0-%{width}x%{height}.jpg
8267ea37c12a471a8a038f501832e099,7927,【雜談】該處理的還是要處理 想聽的都來【萊菈 希格娜斯】,2024-09-23T10:16:10Z,https://www.youtube.com/watch?v=U2ZM7ifHoCg,https://i.ytimg.com/vi/U2ZM7ifHoCg/mqdefault.jpg
9cec24b011ee45648eb404066c997f49,7920,【早安熙八】週三早八，早安熙八！一邊吃早餐一邊聊聊天吧大家✧◝(⁰▿⁰)◜✧█熙歌Cygnus,2024-09-11T03:26:30Z,https://www.youtube.com/watch?v=Wn8d_wtUvDE,https://i.ytimg.com/vi/Wn8d_wtUvDE/mqdefault.jpg
bafb134fd2f849898d6242d1f5f683cc,7915,【瑞杏盃xApex訓練賽】今天有娛樂賽唷！！feat. @mirotabasuko0808 @sweetcampercs【涅默Nemesis】,2024-09-14T17:59:18Z,https://www.youtube.com/watch?v=byIhDp0VdmQ,https://i.ytimg.com/vi/byIhDp0VdmQ/mqdefault.jpg
1ccdbe5d48934f4cbabc86512dd1d357,7914,【日籍台V】用超美麗3D唱日本歌!,2024-09-14T13:44:16Z,https://www.youtube.com/watch?v=-tznTwQPpkA,https://i.ytimg.com/vi/-tznTwQPpkA/mqdefault.jpg
5535c9524eb046c38e172ebfa06b302f,7895,收集６個「繪有塗鴉的裂石」要做什麼？隱藏成就「走入畫中」｜5.0納塔🔥 #原神 #genshinimpact #璐洛洛,2024-09-06T09:00:31Z,https://www.youtube.com/watch?v=NsSIGv49ldw,https://i.ytimg.com/vi/NsSIGv49ldw/mqdefault.jpg
e069724ddab54dd690d6c3425574effd,7886,關於我的癖好 #vtuber #vtuber#台灣vtuber#shorts #short,2024-09-13T12:00:41Z,https://www.youtube.com/watch?v=Uehc4-Dyl9c,https://i.ytimg.com/vi/Uehc4-Dyl9c/mqdefault.jpg
9cec24b011ee45648eb404066c997f49,7878,【早安PTT】周一早八，早安PTT！一邊吃早餐一邊做周表一邊PTT，陪伴你度過每個忙DAY補路 (╯•̀ὤ•́)╯ █熙歌Cygnus,2024-09-16T03:31:03Z,https://www.youtube.com/watch?v=oOyimvG0Yo0,https://i.ytimg.com/vi/oOyimvG0Yo0/mqdefault.jpg
9e64bba43928414884503de36f805c48,7873,9/15 安安我來了 !vpn !台聚 !泰國 | 掛台抽哀鳳 | 訂閱YT !YT,2024-09-16T11:25:00Z,https://www.twitch.tv/videos/2252485812,https://static-cdn.jtvnw.net/cf_vods/d3vd9lfkzbru3h/5510e3fc9b7d141fd00f_wen620_41599362295_1726485892//thumb/thumb0-%{width}x%{height}.jpg
5f12df329c6144e1a6c596f4fbcb9e81,7872,雖然我的觀眾好像都喜歡一點瑟瑟的東西 #shorts #vtuber,2024-09-27T12:00:34Z,https://www.youtube.com/watch?v=QwERzYbeSjY,https://i.ytimg.com/vi/QwERzYbeSjY/mqdefault.jpg
e069724ddab54dd690d6c3425574effd,7871,看的出來這人老了 #vtuber #vtuber#台灣vtuber#shorts #short,2024-09-18T12:00:44Z,https://www.youtube.com/watch?v=b_9bv2-Dd_s,https://i.ytimg.com/vi/b_9bv2-Dd_s/mqdefault.jpg
5f12df329c6144e1a6c596f4fbcb9e81,7855,虎子玩效果器就會變了一個人格 #shorts #vtuber,2024-09-22T12:00:43Z,https://www.youtube.com/watch?v=dNddPX0D4n0,https://i.ytimg.com/vi/dNddPX0D4n0/mqdefault.jpg
14a9a08fbdc641e8ac8c384dedfccf0a,7846,【雜談】來討論一下挑食這回事【朔Sakuro】,2024-09-12T16:15:56Z,https://www.youtube.com/watch?v=I0VRUpmvWK8,https://i.ytimg.com/vi/I0VRUpmvWK8/mqdefault.jpg
6943bbfc993443d4b3853833b3bb1a66,7833,曖昧對象把芋頭丟進了火鍋🍲 #vtuber #shorts #迷因 #vtuber中文 #短片 #李青 #台V #迷因梗圖,2024-09-21T10:06:00Z,https://www.youtube.com/watch?v=Vc959Mhr0BQ,https://i.ytimg.com/vi/Vc959Mhr0BQ/mqdefault.jpg
fbb142bcb07a4808b0164c41ab1877ea,7826,要不要一起出去玩 #Shorts #Short #vtuber #台V,2024-09-16T10:00:13Z,https://www.youtube.com/watch?v=8vBOy_hFtJ8,https://i.ytimg.com/vi/8vBOy_hFtJ8/mqdefault.jpg
3809ec8a42634d11aa1b7b8f99755c6a,7815,【花花】10/1 結果沒去 然後繼續畫QQ | !周邊  | !LINE貼圖 |  !委託 | !新衣裝,2024-10-01T10:06:12Z,https://www.twitch.tv/videos/2264848664,https://static-cdn.jtvnw.net/cf_vods/d3vd9lfkzbru3h/7caaf55651a84f3a8ea5_mayberuu_41630193767_1727777164//thumb/thumb0-%{width}x%{height}.jpg
e069724ddab54dd690d6c3425574effd,7809,這個真的只是意外 #vtuber #vtuber#台灣vtuber#shorts #short,2024-09-15T12:00:30Z,https://www.youtube.com/watch?v=Od4dQguzRU0,https://i.ytimg.com/vi/Od4dQguzRU0/mqdefault.jpg
c65e7caaf81a43249d5132b9fe312b24,7799,Seaside String Serenade🏖️🎻 【Phase Summer Camp】,2024-09-08T16:22:59Z,https://www.youtube.com/watch?v=9P1uYhr_uSs,https://i.ytimg.com/vi/9P1uYhr_uSs/mqdefault.jpg
5a934764983e45959855735b79bcc90e,7789,虎爺傳說 ฅ 量產型猫飼步歌貳貳機 Fuka22 #vtuber #台灣vtuber #新人vtuber #shorts #台v #量產型猫飼步歌貳貳機,2024-09-08T11:30:02Z,https://www.youtube.com/watch?v=3V8zEw1S-Z8,https://i.ytimg.com/vi/3V8zEw1S-Z8/mqdefault.jpg
6943bbfc993443d4b3853833b3bb1a66,7788,男性朋友必須學起來‼️ #vtuber #中文vtuber #shorts #迷因 #短片 #台灣vtuber,2024-09-26T10:05:48Z,https://www.youtube.com/watch?v=SjX6ZfTFkVM,https://i.ytimg.com/vi/SjX6ZfTFkVM/mqdefault.jpg
a9f28d3e3d2a4ecb93ff10955be791d1,7781,麥塊的劍與魔法之歌Part.1,2024-09-24T15:25:16Z,https://www.twitch.tv/videos/2259238834,https://static-cdn.jtvnw.net/cf_vods/d3vd9lfkzbru3h/114d7663dce2969a7f6c_yoruno_moonlit_41614716215_1727191506//thumb/thumb0-%{width}x%{height}.jpg
b4a1791208fd4d85b7b08ee2bad0c236,7774,【瑪麗歌回】蛤？今天的歌回是我負責嗎？初見歡迎🌼#shorts #瑪格麗特諾爾絲 #箱箱TheBox,2024-09-10T14:26:21Z,https://www.youtube.com/watch?v=hqNqegWyI-o,https://i.ytimg.com/vi/hqNqegWyI-o/mqdefault.jpg
14a9a08fbdc641e8ac8c384dedfccf0a,7769,【突發歌回】突發！唱幾首想唱的歌【朔Sakuro】,2024-09-19T16:54:16Z,https://www.youtube.com/watch?v=1p789zpxM-w,https://i.ytimg.com/vi/1p789zpxM-w/mqdefault.jpg
ebe5c5f9d67f44f3bc5e70b413ce9df7,7767,【0909】一露相伴！工作帕魯陪伴台 好想賴床窩  @ekorru !深度 !抖內 !指令 !YT !dc !晚餐 可以用7tv唷【依可露】,2024-09-09T03:05:15Z,https://www.twitch.tv/videos/2246445705,https://static-cdn.jtvnw.net/cf_vods/d3vd9lfkzbru3h/2a79edf82f7ff9f98275_ekorru_41581350327_1725851108//thumb/thumb0-%{width}x%{height}.jpg
9cec24b011ee45648eb404066c997f49,7758,【早安熙八】週三早八，早安熙八！祝大家開學快樂！（不可能）一邊吃早餐一邊聊聊天吧大家✧◝(⁰▿⁰)◜✧█熙歌Cygnus,2024-09-04T03:50:50Z,https://www.youtube.com/watch?v=Ubdf-9VoPrA,https://i.ytimg.com/vi/Ubdf-9VoPrA/mqdefault.jpg
d837e8fda137492c9d77882b98ff863a,7748,【黑神話：悟空】讓觀眾定生死！？禁喝水、技能、重擊！刺激的生死轉盤！ ✧ 真理果Marika,2024-09-12T14:45:10Z,https://www.youtube.com/watch?v=FHAZVBzi5Uk,https://i.ytimg.com/vi/FHAZVBzi5Uk/mqdefault.jpg
f6a4e7aa8d0c4e5cb39d199845ec4d02,7740,【杏仁ミル精華】遜泡雌小鬼！被J群玩家狠狠的拿捏！！獅子丸一語點破螺肉少女心？被  ft. @JGamersTW @niconini11369 @Ubye,2024-10-02T06:30:02Z,https://www.youtube.com/watch?v=5aMVD1EZ8aU,https://i.ytimg.com/vi/5aMVD1EZ8aU/mqdefault.jpg
63a55bc5320e4f148ed0abd7991b0e01,7733,養嘎,2024-09-06T16:00:01Z,https://www.youtube.com/watch?v=0R3Y1cNEa_w,https://i.ytimg.com/vi/0R3Y1cNEa_w/mqdefault.jpg
9cec24b011ee45648eb404066c997f49,7727,【早安PTT】周一早八，早安PTT！一邊吃早餐一邊做周表一邊PTT，陪伴你度過每個忙DAY補路 (╯•̀ὤ•́)╯ █熙歌Cygnus,2024-09-23T03:57:53Z,https://www.youtube.com/watch?v=6cwfRebw7rA,https://i.ytimg.com/vi/6cwfRebw7rA/mqdefault.jpg
5535c9524eb046c38e172ebfa06b302f,7726,🔴LIVE【雷索納斯】抽瑟瑟老闆娘「亞莉奈」😍開火車跑商的手遊？！🚂新手必做有哪些？開荒注意哪些事？ ▹璐洛洛◃,2024-09-21T15:43:19Z,https://www.youtube.com/watch?v=dv6IPsZVE3E,https://i.ytimg.com/vi/dv6IPsZVE3E/mqdefault.jpg
6dc75ab227e34c928598bde8f2d324bf,7724,【主題雜談】綠茶行徑：你是綠茶控嗎?? 遇過最綠茶的行為～！ 🦁️,2024-09-04T15:54:07Z,https://www.youtube.com/watch?v=DxAXgiic4z4,https://i.ytimg.com/vi/DxAXgiic4z4/mqdefault.jpg
1d14efa0dfb34515831c46b7dfddf819,7724,好險現在比較少人寫詩😇 #vtuber #台灣vtuber #中文vtuber,2024-09-25T07:48:32Z,https://www.youtube.com/watch?v=x5U1Lql22v4,https://i.ytimg.com/vi/x5U1Lql22v4/mqdefault.jpg
a9f28d3e3d2a4ecb93ff10955be791d1,7718,【麥塊】感謝奶哥的好玩魔法伺服器Part.2,2024-09-26T15:19:53Z,https://www.twitch.tv/videos/2260863423,https://static-cdn.jtvnw.net/cf_vods/d3vd9lfkzbru3h/78c6887f8e854d5f2250_yoruno_moonlit_41619340919_1727363984//thumb/thumb0-%{width}x%{height}.jpg
75ddc749133b4c498eb35ceac1e2a0b2,7704,被迫害的Vtuber用撒嬌反擊觀眾？#vtuber #台v  #紫茗,2024-09-22T10:00:49Z,https://www.youtube.com/watch?v=nIVQh5y4ZOE,https://i.ytimg.com/vi/nIVQh5y4ZOE/mqdefault.jpg
a6a4e83ae23140e6bd1f7c817af8f864,7701,【雑談】夜深了，睡不著的話來看我寫書法易經小楷✦書道練習【露熙妲 Luxida．Vtuber】,2024-09-05T18:35:19Z,https://www.youtube.com/watch?v=Z1asplcvGXE,https://i.ytimg.com/vi/Z1asplcvGXE/mqdefault.jpg
8bf35c3b9a9e461d825a9170555b71c2,7700,【薑餅人王國】20萬鑽石抽下去！阿基送我上天台？！｜澪Rei,2024-09-13T12:23:04Z,https://www.youtube.com/watch?v=bBNP1wz6GEQ,https://i.ytimg.com/vi/bBNP1wz6GEQ/mqdefault.jpg
3005ff0c09064d7f924c506e1e9c18ba,7695,【猫夜凜】有空來重建一下初始安全小屋好了 | @nekoyarin |  !語音 !魔儲  | 9/20,2024-09-22T15:08:56Z,https://www.twitch.tv/videos/2257642398,https://static-cdn.jtvnw.net/cf_vods/d3vd9lfkzbru3h/460ce1c9448010035309_nekoyarin_41609921399_1727017730//thumb/thumb0-%{width}x%{height}.jpg
265a18972d244affae35711cfd1f9931,7691,瑞杏盃練習賽加油 @nemesisxdfp @sweetcampercs  !瑞杏盃 !隊友 !3D !週邊,2024-09-13T15:12:20Z,https://www.twitch.tv/videos/2250020774,https://static-cdn.jtvnw.net/cf_vods/d3vd9lfkzbru3h/3d0d8c1be76858b026e2_mirolivetabasuko88_41592421975_1726240334//thumb/thumb0-%{width}x%{height}.jpg