VTuber ID,YouTube Subscriber Count,YouTube View Count,YouTube Thumbnail URL,Twitch Follower Count,Twitch Thumbnail URL
007847e77d894f199e1272cf81e02730,,,,676,https://static-cdn.jtvnw.net/jtv_user_pictures/162c2793-8b84-41f1-881f-99f3faedfb87-profile_image-300x300.png
00a208caab334f6daf286ebb92cfd9da,888,12797,https://yt3.ggpht.com/cEra58IE3yd6sMC3eBgDBMBH_pdihWKyWjUMWLDrZFfMF9h-i515_rUeXX24gsXQlG0COCxSng=s88-c-k-c0x00ffffff-no-rj,360,https://static-cdn.jtvnw.net/jtv_user_pictures/b89b33de-3072-47ca-affd-b691ad1048a0-profile_image-300x300.png
00c158176a504c9bb865b32276e79eb1,6000,143650,https://yt3.ggpht.com/77mDvQxWJqfG6wwid_jepAWzGGhogemJrx8QZgdvYC0NTUjmUJWHhnPHXnVpurVSymzSNYvY=s88-c-k-c0x00ffffff-no-rj,,
00d9cb7b0bcd451999f4fd33dd84be6c,909,65305,https://yt3.ggpht.com/HyG93C0iaHwBfK6hhFQZRfWSE_SVk1fWdORVqrBPmejIYPvQVv9AJ8GQG32m4k_ORHgjODDY=s88-c-k-c0x00ffffff-no-rj,3629,https://static-cdn.jtvnw.net/jtv_user_pictures/d31c0ddd-fb9f-4c09-aa39-4faa0e049f51-profile_image-300x300.png
00ddd14a74df4e2488319ea2ce25770c,403,173,https://yt3.ggpht.com/b0a4QhYKp_1F2lMJNlCEYdpiP2jr7yAChLkEcwp8UXz0uT-gVMce13qrJVrsS8iGdhWraYXgmiQ=s88-c-k-c0x00ffffff-no-rj,1277,https://static-cdn.jtvnw.net/jtv_user_pictures/9cd80579-6520-4400-9f70-ea120a5fc9dc-profile_image-300x300.jpeg
00de1290ff0a4edda4db0385a6ba3300,668,20788,https://yt3.ggpht.com/SmuYVMEUED4D3cLMIPiCnL6FmvJ00cdd5LtROP7AhjDNKUy45LZQn8HhyejSfHRKm9iObItXpg=s88-c-k-c0x00ffffff-no-rj,1552,https://static-cdn.jtvnw.net/jtv_user_pictures/5b0934ff-5b77-4bbc-bfee-42aa00cff148-profile_image-300x300.png
00ff650864404d0c9ce155ff4a82d804,2640,18399,https://yt3.ggpht.com/zkTcQFGwpwFSJnzT0BS9advs2Bt5SVrlvh5D2vN2FzAfaw7rLpA9D_1mUicBluCO500Ks6DsSu4=s88-c-k-c0x00ffffff-no-rj,,
012a92dc9c224aa6986c10e635428a7f,348,93744,https://yt3.ggpht.com/HebWQGzQRiYWb1jNLvXNL5lvm1J8u2rpbf5lK_eu8pSfSgFc92dEs-Kafnk_ylkDBxy4vGiH=s88-c-k-c0x00ffffff-no-rj,,
0134d1ae91784122b79954c2c8571aef,168,0,https://yt3.ggpht.com/ytc/AIdro_mW--X7loq8P1S0dLwA4UzXV_CfFfiVGcT3qJjfjwGQd5ZFxL6ST75KAaaOyU1H_96SMOgQog=s88-c-k-c0x00ffffff-no-rj,398,https://static-cdn.jtvnw.net/jtv_user_pictures/aca493b2-d93c-4526-9d05-8ac2a5a82e77-profile_image-300x300.png
0158495d5a2542a98181c2ddd21b90af,5730,0,https://yt3.ggpht.com/ZN2fhsPUFtOJadxGHmiHYP50a1Zu15UM7Mm6W4cDIeiYywIg-9GEnPZ_6zBwl_SXgBk87HV3Lso=s88-c-k-c0x00ffffff-no-rj,,
018244f1ad404c9eaa4ddf747c3bafa0,1440,155947,https://yt3.ggpht.com/Meq1Kg8k5-yssMqVKZ9TsY1tXTN31FcDT2ng0cKHLIEr-Q7tjJa1bGgj_Ops4c6dreiFrejDotI=s88-c-k-c0x00ffffff-no-rj,,
01871d8239314affaf7032899ce6502f,1160,283786,https://yt3.ggpht.com/sjw-vO0rqG73J_T7tbQGKn2RztlDoIUk0X-rBuD0Sy98z4BafhYzATMpdQfBMx6GLMdpKuMW=s88-c-k-c0x00ffffff-no-rj,,
01b2da717593416db6963527a17e2787,,,,45,https://static-cdn.jtvnw.net/jtv_user_pictures/7ed53c8c-8253-4112-a0d9-7e0ade5e9487-profile_image-300x300.png
01ba034aab854ec680fe6f1ddc7008e2,2550,104507,https://yt3.ggpht.com/iojyck2klx0QELJaJuMW-Lunu26XcD1ksUw7q_3iYPh59HUiO8gQESMXCZJ78H0Vi7VIMglbY-U=s88-c-k-c0x00ffffff-no-rj,,
01bebf0363a94b16b2313053c90a1c8a,3670,86575,https://yt3.ggpht.com/ZM47GD0-4DrbJXo8e6MzFMroBxMFUUg-1zFXwsC3czUHjvZj53cGL7_iH-GvG4LtYHL-km7xXoA=s88-c-k-c0x00ffffff-no-rj,381,https://static-cdn.jtvnw.net/jtv_user_pictures/e560abda-00e5-44a4-b58a-d6cd7f332a0b-profile_image-300x300.png
01d150623c984f3d8d7de4b1859afadd,515,10269,https://yt3.ggpht.com/qael0AfF3QlfWzdTOGfaHCuWKRMn_vRp14PIaudkg3G87SvZ23HeWXMPU6SqEP07eoZCWkq16w=s88-c-k-c0x00ffffff-no-rj,,
01edfa8163ad42cd85f56ef4dce2609e,2400,58656,https://yt3.ggpht.com/fkHzWEVFEZQtH02gGQsSLUpv-rUkenI9esLCKWTpoIDyYUG7L2pf70hC0TvVXwWNcFDXDLHS7Sw=s88-c-k-c0x00ffffff-no-rj,,
01f26342ae4e419280bcfd6ec6e86db1,76400,5623455,https://yt3.ggpht.com/gjduorojAAS5RaOkokVQxqu-wYZve3exSBc7fbbotZWP8NSDy1gIqchTAFI3j1760Q9_JB_f=s88-c-k-c0x00ffffff-no-rj,4551,https://static-cdn.jtvnw.net/jtv_user_pictures/f2551089-cd7c-4a8d-910e-bf25584cdc51-profile_image-300x300.png
01fc7842da284adaad67d3774a4b2a6c,1070,14364,https://yt3.ggpht.com/vt726lHHWfa4sqDF3UTvtJpGIZysrHqkaKMcasRWXVJpQPYST4CwJwWuIj1kQQosz6LX-dBsrUY=s88-c-k-c0x00ffffff-no-rj,,
02168475e7ca4234b57d53f495bf3bbc,2430,136620,https://yt3.ggpht.com/6jVt-N9G9NdembPhxtA4Xiqkr81n83INjMmpcjn5kfuFZ_mGCPew3prsfdEHx5ZRdthrQj93XQ=s88-c-k-c0x00ffffff-no-rj,,
021e4f709f1a4c56b8cd200c476db3e7,966,21693,https://yt3.ggpht.com/AWdEtcH23Hm0pLtZB-3ExMLpaceSIIAvWkWeLM-ncNcms02KxV-AEiVdPqCeW22jSHzF0F9bsBo=s88-c-k-c0x00ffffff-no-rj,,
021eaf7cecfa4416b759fcc310f7b15a,166,904,https://yt3.ggpht.com/uBU15Ssc2ZwPmnJpnSX-9F5lZq-oCQAdwgyoeswwZ0TFhJ0HSvTsHJ_kW3sghf93_lRhFIvUU6g=s88-c-k-c0x00ffffff-no-rj,91,https://static-cdn.jtvnw.net/jtv_user_pictures/2d117867-6d19-4f6c-82f8-8f201f10a1b4-profile_image-300x300.png
0249265256814f61978f6d492fe1c15d,8550,236901,https://yt3.ggpht.com/ngw4tmGNZA7G-1cfIRcxEkT2fsembfBEBgFr0H0QvvbDLzKtiJ9glElamJkRX8VW3sglQhRX=s88-c-k-c0x00ffffff-no-rj,,
027dc46502ee4350ba597000191659ae,513,6248,https://yt3.ggpht.com/kNNPNaclqbOydL1gJUWKjRAhx_jRKX_7XKovZuRVoKKKa_STyCxmOuC3smqd9_UlB58238YNig=s88-c-k-c0x00ffffff-no-rj,39,https://static-cdn.jtvnw.net/jtv_user_pictures/9d5c2b8b-6417-432f-ac19-d7a9e7a5ce4f-profile_image-300x300.png
0294dc5e3fb14312b472bb05af5ad329,834,21757,https://yt3.ggpht.com/pjI3nrFeKq7FLHKp85_Ca0n_NnV2uxq1NPooj_mUKUBlIqPvrsxAwXDbGpMnv7_2NzO2arx3=s88-c-k-c0x00ffffff-no-rj,,
029dfaf0b42a45839661df6dc99efcdd,42700,1136996,https://yt3.ggpht.com/LoSuzeZq4BjVmWXB0gZ8pTW32GzAEgXBbD8AHwybkMylktmhIOFWi-sgrO4Ih_1YEdsxQEQL3g=s88-c-k-c0x00ffffff-no-rj,699,https://static-cdn.jtvnw.net/jtv_user_pictures/bce7f2e3-f05c-4858-aae7-5506eb30091d-profile_image-300x300.png
02cf3719d4f44b7dbedc324ef8b0702e,3520,56740,https://yt3.ggpht.com/Su2TYOShFBT2i2E1s9JaAqGEHXOtBU_7PiWR1Y8BMLA2HQ7Fru1XDu_XYGn8GVl3GqdVy2j4pw=s88-c-k-c0x00ffffff-no-rj,,
02d67d58d59644be9cdf0b1179419637,26900,896641,https://yt3.ggpht.com/XnFhYOSlQqDdR4XdwmfPzK42vIR3Q7c2dHuW3PPieOVlJg9HvDTOhKOX0f3Ro-HDHN7CR1aL=s88-c-k-c0x00ffffff-no-rj,1738,https://static-cdn.jtvnw.net/jtv_user_pictures/c7a8c989-eb95-451e-bbf1-06ba1b477313-profile_image-300x300.png
02dadd7977b8412b99f101241de4cb3f,1200,55704,https://yt3.ggpht.com/sU8v0pIOCURDCgZn9o6QMy32OKh227Cegh-d92C1FLKQzUshar70n4Kbz8MjDBWXi0-zvqD6uA=s88-c-k-c0x00ffffff-no-rj,861,https://static-cdn.jtvnw.net/jtv_user_pictures/fd724f71-cbf5-4f6c-9fc4-55b0f71ceb43-profile_image-300x300.png
02e7729df0424fbbb21b77ccd543b0be,811,59507,https://yt3.ggpht.com/Lj6IpqEFKdpWT7B_aqczIdWwB9YV9BmhBBNtdIxzHxPMCGKNAVvjzlyJAKnIa658cc8LhzZ4=s88-c-k-c0x00ffffff-no-rj,,
031da54f73f94adf8159ef0d3bfeb52b,541,52216,https://yt3.ggpht.com/OuJCTsS56KK4EHdd7rGficKDNxke2kZM5n8QT2vQG93lRZI0eqja1sM_Xq0_oyXsm1pA5h6Fug=s88-c-k-c0x00ffffff-no-rj,,
031e5c207b634c6ab08dbc0a361ba52e,5190,65874,https://yt3.ggpht.com/7Mrd_-IhgBtZR57DayHSITwDPWvbMg1zEBOxH0Zz2pwLyeqyZ7n0ozMrKSpxVfgMS3wOw_Sjlw=s88-c-k-c0x00ffffff-no-rj,87,https://static-cdn.jtvnw.net/jtv_user_pictures/29ec2d85-255f-477c-9978-0b72a49587c6-profile_image-300x300.png
034c0cb04f884faa8f2b6a02ff090ad1,846,0,https://yt3.ggpht.com/iHTiTWVU83hN9x3kUHnNa1zJjXX9ZN4m33jg0F-GBDFZqV9QaARmKV-d9XrEfg6cvqPj9lY39g=s88-c-k-c0x00ffffff-no-rj,,
038ee6280ef742bcad8450ad52049944,4400,264348,https://yt3.ggpht.com/r_08QqqSzYWcWxB2SHj9Bewa9N1m9X2j4vxhUBHAAyS0hky2ekFY3HzguCbR1Ll-y8cRS_Wx=s88-c-k-c0x00ffffff-no-rj,,
03b825a2908749099e40cd4a4d1169aa,7370,177087,https://yt3.ggpht.com/8XcOtS3LCGihdYMEdCEmGNRW2cZEpOtobG0udye4Y2Eszk946E6ThNO-iL56WgklYGQgqILtOKU=s88-c-k-c0x00ffffff-no-rj,,
03c018f2d3064da6ac4899bef1d600c5,12300,145734,https://yt3.ggpht.com/y2-JhmW7o_1q-c6UEiwS2dV7UjtiJau-_PwWnzEamPdEEHBvz31WBBxbvdALh7a4kizIBT5Geus=s88-c-k-c0x00ffffff-no-rj,24220,https://static-cdn.jtvnw.net/jtv_user_pictures/64e69071-99b3-4311-b2ea-b5536c03fe94-profile_image-300x300.png
03c9aa020ec14f7494dd142676c94405,1320,11755,https://yt3.ggpht.com/scVqjflwOTgimf6pBtzqw0THQgew9y86NvWePNiN8dDdMVhV9DLGELD51jkGlZl022e1bs5MaA=s88-c-k-c0x00ffffff-no-rj,2852,https://static-cdn.jtvnw.net/jtv_user_pictures/c435f19d-c88f-4eb9-8353-755dfb985660-profile_image-300x300.png
03c9d83a4c534b65a5743b381eb2ce33,973,22276,https://yt3.ggpht.com/ElLjOopqc7pguigI4ZQFFbnvShW2ZV2_czQrKUw4u_mK23huz-J4dYPoeOAAFfNlZVV52ZYg6Q=s88-c-k-c0x00ffffff-no-rj,516,https://static-cdn.jtvnw.net/jtv_user_pictures/2ff033fc-4609-4c0f-8a3c-a5679f51d390-profile_image-300x300.png
03e9bea117bd4b5ba189b48f1617d9bb,274,7711,https://yt3.ggpht.com/2VdxL9Fqb7Eof6nCJQHFGxFLv1iDeoDbJW6q_OJiTGEZRJiJoNVO36RxAYaYCbH_tzTm32n7kQ=s88-c-k-c0x00ffffff-no-rj,,
03f5b3fed856438c9a53d30fdfadd9b7,4150,70790,https://yt3.ggpht.com/l4aM_c3xB3V64d1J_HqIpQuH51UXQuNCSDSWfyWe_3YJ5_GuyZ11zL1qjubNqEBX8aPzx0EwH-0=s88-c-k-c0x00ffffff-no-rj,,
0414bb8fc082472a9434bd4a463a9865,1990,66352,https://yt3.ggpht.com/ux7zz5oTEQ11_W6IQNmO3h7oYe2YxDlKXidpnNGcTFQs3aEelJq24HuGutRp9lCFfpfgmdffWDM=s88-c-k-c0x00ffffff-no-rj,140,https://static-cdn.jtvnw.net/jtv_user_pictures/6a674f9d-f07c-41a8-a5eb-268ba52fad0c-profile_image-300x300.png
041976bda8b8410a99af25fc4cb87970,3690,121580,https://yt3.ggpht.com/FbZ32k88CgwIrU40epyxcv_mKorREpVX_yg7eTpX-WUbvQdH6UXZc_L4pQZGseU7YtTr2yE7Jg=s88-c-k-c0x00ffffff-no-rj,139,https://static-cdn.jtvnw.net/jtv_user_pictures/a1a68555-4aa9-4063-9558-670bfb045859-profile_image-300x300.png
0446516df6074a4ba8a0f3639b17de46,971,44324,https://yt3.ggpht.com/WGISCSIcsQaNi8v7IgkIa4zrtl5xizcwD4-ass0nTIfsck4XBekbKnlq7wQEb6rNSR9UauR_=s88-c-k-c0x00ffffff-no-rj,,
0448e6929687421c9e0435832765b9fe,11900,226938,https://yt3.ggpht.com/exFAQMfS-RI9u8PHaIRr10yN4bJMdSGKZYDsoAOvvT_9lU2rHgZzLKF1obcAtq7tr9r-L44_MA=s88-c-k-c0x00ffffff-no-rj,1839,https://static-cdn.jtvnw.net/jtv_user_pictures/9f7cb6cf-f426-4389-945e-eb5fa844ee8e-profile_image-300x300.png
0471d5082a2e419786e141d6424c9150,10100,538805,https://yt3.ggpht.com/LqD_Xj0Z84_dv7UgPD0NtXHU556II2dwXywBYwKkOWz4mJ3wvBx-wCzXZBRRoCQ5vRmhf6u1=s88-c-k-c0x00ffffff-no-rj,6325,https://static-cdn.jtvnw.net/jtv_user_pictures/febf8817-6a39-4862-8517-61bc53f483fc-profile_image-300x300.png
0490d9546bce4068a0f52b39046bdf91,965,6608,https://yt3.ggpht.com/ngjsuc71plWeIOW07vzRTJDRGLKri6mQH9dhneqCiqJ1oji9hzTHOJGFS7tv5uORnD-7rs9rDoY=s88-c-k-c0x00ffffff-no-rj,,
049cb6d09a3b4db49962aa5b8e468a3f,2720,149103,https://yt3.ggpht.com/sNcnN0LMNuYDBOM3xBWoaCyOnD_R1CcC3Pq8GUg-gWKz4qALWQjC3qatT6aoz2Wmjy0a78-t1L0=s88-c-k-c0x00ffffff-no-rj,989,https://static-cdn.jtvnw.net/jtv_user_pictures/27ac3e2e-14db-42cf-8af7-67065ab17f42-profile_image-300x300.png
04ca68439fd14d088c77eb0069e6414f,479,27532,https://yt3.ggpht.com/cgU2C9iEuXDrjYKtPH1p6TJZZauFJzYLqZh2oT1YZaKbBv1VikkpNYTg1_dz8sxUJ6VD_CZK=s88-c-k-c0x00ffffff-no-rj,279,https://static-cdn.jtvnw.net/jtv_user_pictures/dc24d2d5-b25e-4ae1-a4f2-92c07d4f5f6e-profile_image-300x300.png
04ceb6c0caf740f4a694cad25f537c1f,823,26394,https://yt3.ggpht.com/UCtwlj8c0AXgQBTh6LV-k3Tg7i8Tkc9_mhx1-PbuXpO8xKSraLtlBGwNSFxkIdaAstYvgIM2=s88-c-k-c0x00ffffff-no-rj,200,https://static-cdn.jtvnw.net/jtv_user_pictures/3e4118e0-6ebe-4ebe-b2cd-840376012752-profile_image-300x300.png
04d2ff1dde6b4bb68503a734274f4b7e,104000,7321880,https://yt3.ggpht.com/IqtHvpNTbS6fonj6crh6F7YDY_QUH2HAPO--ba94oegziHtTGozE7Lkndw2j1gvFrC_2otgRjg=s88-c-k-c0x00ffffff-no-rj,,
04e61f47cdf542c7b5a3b3ae569fc021,249,2802,https://yt3.ggpht.com/1f4oNJBRSpS_B8-DtT69g0GbF4BJt2BJYl0-zsnCpbRObEDavTf6chCWD5tPWO5x-8VrhGCZ=s88-c-k-c0x00ffffff-no-rj,845,https://static-cdn.jtvnw.net/jtv_user_pictures/b9d0c60d-7dab-4f2e-8f00-bfd4b45e4266-profile_image-300x300.png
04e8814df3b54af0b0c7edc34b4cdda0,206,3468,https://yt3.ggpht.com/kx4bJFk48HyY90enijHi4lWSrhX41gC7LCnc4MmoVRZc7Eu4AKcO6apQG1a3mbPR7B2YdGOL=s88-c-k-c0x00ffffff-no-rj,,
04efe2883aff4fb189084cb815c7c036,428,0,https://yt3.ggpht.com/TL450t2Sx8k_EsZbYy8wcIfIKf9VsYGkaRyaRIgOfrk4nLmzj0rIIDqSGi_rtaUTrZn4exkq=s88-c-k-c0x00ffffff-no-rj,,
05055e62d34241888df31217ac25e671,380,19885,https://yt3.ggpht.com/R_vALDkTwp1TpxI6kg4vpugVMKmtJodi4NGgl0jYvCUI77DQe92GZI3eO3Aurcns-di13whmQg=s88-c-k-c0x00ffffff-no-rj,1300,https://static-cdn.jtvnw.net/jtv_user_pictures/cc97c561-b1b6-4be2-b006-e136928644dd-profile_image-300x300.png
0528d5a963af400884b2db8484a0d152,705,9752,https://yt3.ggpht.com/_ga29k0l7iPtaf8Qir0j1SUEYrIftWeWPGQAyxQ6LzUspCpqUB8fuFa-QBnFY_c9q-AkTWC7gA=s88-c-k-c0x00ffffff-no-rj,411,https://static-cdn.jtvnw.net/jtv_user_pictures/624b94f8-1697-41c4-8bbc-b1c8bf7791a6-profile_image-300x300.png
0572bddb85b24166820f34f39164f99c,,,,651,https://static-cdn.jtvnw.net/jtv_user_pictures/3ff29376-9b11-4ec7-8e7f-1d145eb8b7c1-profile_image-300x300.png
057faa70622247bd933959412bbeb667,,,,1101,https://static-cdn.jtvnw.net/jtv_user_pictures/b4444bdc-c184-49a4-9f7c-68993fc8794f-profile_image-300x300.png
058021ae015448cda91651a6bd41cdc6,6700,306820,https://yt3.ggpht.com/_MQBnbrJYFLaklj1XTdoQcVuerEfI8AKAgJBPzYS_QmAPaD3yfxDe6N41L5SEkYoUFYO9PrXjfs=s88-c-k-c0x00ffffff-no-rj,2678,https://static-cdn.jtvnw.net/jtv_user_pictures/6dcd4a2c-0326-4ca1-a494-79d02ce4e98c-profile_image-300x300.png
0591345aa6634a73ac41f08af6d4e06e,413,15434,https://yt3.ggpht.com/VnvCN8OMc5niuLjPm8xtP13WmxAgImvZIRSHK7KYaB8uzqoE9deRLsOFzpFSJqHxtHm_DFcZ=s88-c-k-c0x00ffffff-no-rj,,
05970b8580b4433d9afb8769568d2276,45,462,https://yt3.ggpht.com/Ig4Qwb-tUTXRMOmDXnwFtqTPVmMW22RSq7SLnopQ2X8L9ImlKMJoBL9kQ2CrixwcHDjgaOyUjw=s88-c-k-c0x00ffffff-no-rj,5,https://static-cdn.jtvnw.net/jtv_user_pictures/a173f9c8-b29e-465e-98d5-f50f08e67d5c-profile_image-300x300.png
05be4fb717614738a87daac46157ddb1,16800,986670,https://yt3.ggpht.com/zgjAeIajU72GY3CHrOI6lTWzZUT-2CCERnPZTcrF1CdtBgHSFLlZTuQRATOtfIrOUJL2aW4DAQ=s88-c-k-c0x00ffffff-no-rj,,
05d19eac5d22427f916e6fa59bf17b3b,106,6919,https://yt3.ggpht.com/ZhMysQWRQ-eV49YN4p8jxM-KaI47R69lAbL-ZrZZPhq-5Hrk5dVTXgaTQAjm4DuyC5YF4KqU=s88-c-k-c0x00ffffff-no-rj,1988,https://static-cdn.jtvnw.net/jtv_user_pictures/9a49e96d-5e09-4214-a32c-e4b77db3a7cb-profile_image-300x300.png
05e831b267914fc5b4d9b28de1f648dc,18700,858302,https://yt3.ggpht.com/MNa-ykMunA9XAexL93UWso5jdeORTZYTLrESGVjbu-REBZ7VC-o6dQz0LackHHcZNktKpHcz=s88-c-k-c0x00ffffff-no-rj,,
061fa27713ec453ebf41c21eb58b7719,137,1847,https://yt3.ggpht.com/n3WPVnFW7wNFVRnP7B6pufEOXY1z5NKeDOO2qBzTt8gPq1iFZvWjNN8Vta3KtMdquJr4GnbRTw=s88-c-k-c0x00ffffff-no-rj,,
061fb9c63b7e45bb85ea7e6bd4fe3745,65,2122,https://yt3.ggpht.com/J_kO1I3j3tHRk2RNJW_63SIfcF5d714n0HZu5_sgY1jidZ7EbVyXZknILHTiX_PlbrFsByGm9HY=s88-c-k-c0x00ffffff-no-rj,200,https://static-cdn.jtvnw.net/jtv_user_pictures/163d8f88-c029-4b26-bd05-af31b904cec7-profile_image-300x300.png
06337167c1a14d82b6a7f7cc71eac813,,,,791,https://static-cdn.jtvnw.net/jtv_user_pictures/2fbd6b7a-8b4f-48d7-9d2f-38f72682e161-profile_image-300x300.png
063fe3c0ae714b4ea4edaf79bda5dda0,97,0,https://yt3.ggpht.com/HiIGHtigLKOgrAGqZMi7YCoE2YJpEZeyOeS3Tm9LlJI76MuckgkM7maz9ZmfUMfWVXaOZXbHuA=s88-c-k-c0x00ffffff-no-rj,1998,https://static-cdn.jtvnw.net/jtv_user_pictures/b3090955-7f77-4a87-8e2f-c1aa94aeb7ec-profile_image-300x300.png
0641a9c8b9a94994aaa33e0c86fef75b,123000,21094565,https://yt3.ggpht.com/vKALKrLFo09MqpQASaS1hvOBVN9FRMn4aUPxf8UU8OzQCMXT8-C-XilHREtyV-wCeGwFee8_0A=s88-c-k-c0x00ffffff-no-rj,5649,https://static-cdn.jtvnw.net/jtv_user_pictures/dc40cc71-e079-46c7-a834-75f055eebf2e-profile_image-300x300.png
069ca07d5dd84cd3bf42e21a085d98fb,3310,25553,https://yt3.ggpht.com/klXFNWEXPUS1LQ3XToj4uD_NvH5XzLpwrNqhFzAoMhEwQsxW1Vu_tvz0_oHGA10midC3TSBNNXk=s88-c-k-c0x00ffffff-no-rj,172,https://static-cdn.jtvnw.net/jtv_user_pictures/07b21187-7207-481c-ab5f-60171151035b-profile_image-300x300.png
06a61409f4334b0eb8a5f647b819c78b,912,63145,https://yt3.ggpht.com/VPwdrCPatBTMf-1E83dCZfDO-VwAbaDTCOLi2ovrV75MOGcQr_LGYwWOifek_zdRIk5F29Vu=s88-c-k-c0x00ffffff-no-rj,,
06e9953eb191486d979e6b92b6601d9a,2750,803551,https://yt3.ggpht.com/nZfzQPi4CVnyQQuqaQN3cgI_PsSrKqhEr4XilZ4He1sz3qmuIZYXfhD854QW4E_d05YjILYDZw=s88-c-k-c0x00ffffff-no-rj,2248,https://static-cdn.jtvnw.net/jtv_user_pictures/oipceo-profile_image-ee8f6b6abed242c8-300x300.jpeg
06ebafa5a65643a2b59f83209b71faa2,178,2954,https://yt3.ggpht.com/pUzoU-kn9UoOntGyyYk7PzrojPBjCieVbJ04fFpU0-Vqrr3t7-fB6u4PSxtoRT_ncfv7J8m3=s88-c-k-c0x00ffffff-no-rj,,
0715c3b900ad423fa1b981cf4fc15c8f,4580,143231,https://yt3.ggpht.com/iP2-dtl7hcz0VYDSJ9e4el_sqoGQwMZBXo_AeHN7lppBvIfL9d5rH07bPXiA6fQTFcyJt4kv=s88-c-k-c0x00ffffff-no-rj,,
07930a961f0b4078a14f0a57f0a93965,319,22360,https://yt3.ggpht.com/plEwVvtzTlGMt2h14Kkmp4YORTGUxax5BP22aJnsh5VVjVWGTP38ub4ZPMh8FYc0bUMKCsxm=s88-c-k-c0x00ffffff-no-rj,,
07b9e0f7118446be96cc2d12f5d8ad02,3540,130350,https://yt3.ggpht.com/VLPv2x4zb7RsNIJ1H4vKaXI3eU-iCJnhUBysVVVgD7I55BAlbvv6Clo2mBwmdivLInIfYR2NM1s=s88-c-k-c0x00ffffff-no-rj,12332,https://static-cdn.jtvnw.net/jtv_user_pictures/43b4f4da-3f0c-4b2c-bf67-3e29ec398faf-profile_image-300x300.png
07e7b5801c93482daf6a6259ec569e43,79,413,https://yt3.ggpht.com/RFT_lzMxAEwAIH5RT-vSZWkKjG__Vi0-ep25BKzMaB1zP-zP1m-UZWhHrlOsyeryPAcqtSH86B8=s88-c-k-c0x00ffffff-no-rj,337,https://static-cdn.jtvnw.net/jtv_user_pictures/0f81bb33-d429-4d80-ac65-0b5defdbc15b-profile_image-300x300.jpeg
07fec8d9014a41c28216345a5adb1533,108,652,https://yt3.ggpht.com/8ewf8s1uFAovu99r4EDhVc_lNWTmUFdE7BJ5wbVByg2N45mZYMopJkCu6FAGfMKKugOspi794A=s88-c-k-c0x00ffffff-no-rj,488,https://static-cdn.jtvnw.net/jtv_user_pictures/b1c2b270-5dc6-4586-b754-00dc8a96f8cc-profile_image-300x300.png
0800162a149e420ea0386c9506e710b7,670,28301,https://yt3.ggpht.com/cfAZ6cjGWOO3ObzsvFl7evAXgGFiUv4oEZcLTd99A9PKDxjFtngza6HuZaqVoKYhegYBSbU5uA=s88-c-k-c0x00ffffff-no-rj,,
08158657738a4949bce0cbbc36c4e701,1870,75363,https://yt3.ggpht.com/2G_Iw6Da2x4U5ULYxEuFGjY3pc1sg_pd6DkBpJ4WeNNM3wWljhsHErzWrWKVYTQ0lofU-C-e4o4=s88-c-k-c0x00ffffff-no-rj,,
08184fac3ec1408a8009f2e7078794dd,13700,664660,https://yt3.ggpht.com/wCvRwf_nn9hQPC5nValsANGWiBo63xw74DS20Qvr2sQqXFpYEokDafRD_P8NCqYTA99pDsJGDxU=s88-c-k-c0x00ffffff-no-rj,,
0825b7bbb6134dbc98a132cc1782fb1f,35000,1155763,https://yt3.ggpht.com/Mlvwnxch1OfRna0H51QQK0CiLRgK6G1xq14sQEejMCoIjjQ-0UaDLuYqk7B0GqGFxQAbJt-n-A=s88-c-k-c0x00ffffff-no-rj,,
08268c9de16e423381e351aeef8f7ffb,730,19453,https://yt3.ggpht.com/KV0p6RMnugeDFxEu1r6qWP7ykDFS62r-knNVVAn9dIQgwLISJE3QJMY-M_mUU6IHbDWsINycFQ=s88-c-k-c0x00ffffff-no-rj,,
082df6a588424bc9aaa378c53b34315c,701,21756,https://yt3.ggpht.com/dZL9Bzj_4v_Jn6q-CSuHUAUiAHzh2iZP7rbgs35gtSEQ-AP5XfaLN8FzUxaqy2NZJSj-wUzY-A=s88-c-k-c0x00ffffff-no-rj,172,https://static-cdn.jtvnw.net/jtv_user_pictures/afd1f5cb-7e41-4644-bbb9-6522c9608dcb-profile_image-300x300.png
084c49d869114256af18c13cc4b56414,2190,41755,https://yt3.ggpht.com/nKxQsZx4qw0jgG5ABc92Txk8LB8w058HfFDSf5FjcHGDIVDMugipFOB5axDdDzlHfwjaBkJOFw=s88-c-k-c0x00ffffff-no-rj,,
0851296bdf4c4516b2506b8cce5151da,5980,568926,https://yt3.ggpht.com/FrQpk1Kl1deAY_fc-Ka9lBmeRveXIfZRWz8l_PNZ7cFbVeDCMsyH13cFFy3YhhNR6wOdqb7g=s88-c-k-c0x00ffffff-no-rj,,
085ed0ddc3294678b9570fdbcf581c64,441,1492,https://yt3.ggpht.com/4r1VcradVSkuZcUlSJUn9LiggQGx0xK_msx9V5nqfOYrhrBlZ4SA1iDsNoGmngXl_MPDuJercw=s88-c-k-c0x00ffffff-no-rj,30859,https://static-cdn.jtvnw.net/jtv_user_pictures/df023c37-f6bc-43b0-aaeb-1ad09ca5a72c-profile_image-300x300.png
08959069eae342deab6803454669b60e,455,0,https://yt3.ggpht.com/NC_lX444OmbPyjnKi8FEldsO1MNwPSO86AilM-cqOLd-4W-5rRr7tK3c0ktKtcXkzGEIO9LSQg=s88-c-k-c0x00ffffff-no-rj,,
08a612f1ecf84b619a8899a5caed28c1,5960,303624,https://yt3.ggpht.com/mexvqfbuxDblCYgp0W4XJaXFlwfrLqsnTdjVgva1UrSiAXJ2QOztsQGza6RgoSrgmT6Erexf=s88-c-k-c0x00ffffff-no-rj,20761,https://static-cdn.jtvnw.net/jtv_user_pictures/61e4e691-9608-4d5d-8337-3edf232dedd7-profile_image-300x300.png
08a9cb204a03447bbba896df3ee6a096,2170,11434,https://yt3.ggpht.com/xZE1BJNnkls0-waOmrRmmmpYLH7J7dTiY6evFLYMQizM3vUb6HhDfxx64i94d7gsedlmL6vbQUk=s88-c-k-c0x00ffffff-no-rj,387,https://static-cdn.jtvnw.net/jtv_user_pictures/0f119e55-c652-4f0b-bb61-b32b2e1a1c36-profile_image-300x300.png
08ad5252798346418db059ade21ae522,246,5142,https://yt3.ggpht.com/bW52ESkbRBaEXM3DkeSiRohMVdNpAPMSx113Pw-8tIXop9FKCj81xfansOxb50zKTp7BsOUig9M=s88-c-k-c0x00ffffff-no-rj,,
08be94e874d448f8a2794a44c61e8d8f,6330,434080,https://yt3.ggpht.com/AvRh3aGzkKVLJX6rWUuge__Qvu18Xb71iI8XPmVT4HV7i_-MHug51GmXMdI-P2bO-5kXg_7d=s88-c-k-c0x00ffffff-no-rj,,
090be1be8d29429183e190e22fc4be22,15200,829642,https://yt3.ggpht.com/5lOWRgCBd0q4Ia9kgxUAsGgx_-lghfddj-rZFKBeMmkUoepF6AfkF75DChiK6khdSIqny6bOBg=s88-c-k-c0x00ffffff-no-rj,3252,https://static-cdn.jtvnw.net/jtv_user_pictures/e233d797-e1a7-4268-8ccd-7f77e6bc3ab2-profile_image-300x300.png
091ac99f10804fe3b417a0f285731b4e,1340,81033,https://yt3.ggpht.com/pUED_Ael8fOJk2ofpDSZgxG1L3g3mizEtrDODLhjknX8F5adL-n3zslO62HgDxcLEmeCYxE2ddU=s88-c-k-c0x00ffffff-no-rj,444,https://static-cdn.jtvnw.net/jtv_user_pictures/01274db2-be73-4192-ab12-519c6073ec47-profile_image-300x300.png
0979940d57534fc0948e24369aa495c5,115,1166,https://yt3.ggpht.com/JkJoej_0YUJd4ZjONOP92k9EtuxKMc7uQdTEQYqXDMtz0gCuHi-gYtuq8e_Vjfrir5Ccc2Ry=s88-c-k-c0x00ffffff-no-rj,2887,https://static-cdn.jtvnw.net/jtv_user_pictures/b12c3fb8-4ba3-41cc-b0c7-7d8f62d6c62c-profile_image-300x300.png
09945e9139af4f3a96e6adfd73139d35,181,2324,https://yt3.ggpht.com/7QRP3msJVN8O4Rj1jj4U81fQoOnui41zvImSg8utx6gcc8bswdVZHDP74xhzmbNVMvfTMlKE=s88-c-k-c0x00ffffff-no-rj,1395,https://static-cdn.jtvnw.net/jtv_user_pictures/193c1069-cd56-4928-a20d-b06b00e60b7c-profile_image-300x300.png
0999b4ac6dbf496aacc1d48be59c4df0,6870,480294,https://yt3.ggpht.com/P6MWObyCfZED10KAWr1UWvPfcQ8Hlet9TcIlgAcYTTsy4srUmebf4HRlkRYUIiBYuOVq2yLVJic=s88-c-k-c0x00ffffff-no-rj,,
099a5fd0d27d4fc892f684793ac18c99,14800,1178569,https://yt3.ggpht.com/_OVAhuStA8p6stX0k2jgjbiDIgvy_nsGdUaKfYaZDjz42uXyzBa_RAkzyWZ22GWCrEWdmaSfFTI=s88-c-k-c0x00ffffff-no-rj,,
09b00ccde152498b808efe7317bd52f0,112,1330,https://yt3.ggpht.com/n93QJXi6ApBBmFdLuEL-cq-77Prx78rxHjbonWiDjX0YEbW2eoOfahjG149e5Dw46eXXbTBaqQ=s88-c-k-c0x00ffffff-no-rj,2676,https://static-cdn.jtvnw.net/jtv_user_pictures/47916914-b3bf-43b6-af9b-08e6df91681e-profile_image-300x300.png
09c9c71c41e24e7d9498ce41a78dae1c,496,15240,https://yt3.ggpht.com/aRJl4mP27YJ311YudZ5WjuT2qMZngmXQy5JjVQgnIloNZBxs6N_jR2yat1BixB6HK8JY7RtMyTo=s88-c-k-c0x00ffffff-no-rj,480,https://static-cdn.jtvnw.net/jtv_user_pictures/fae13578-0061-4fad-a345-38eb07d96280-profile_image-300x300.png
09ceaec049b74c6bbe11eca7d4aa3cf6,301,7781,https://yt3.ggpht.com/bQtfhwsi23kUzxrNq5sHDdbC6_HupoK6GDPcQFe17x-Rse2N42eOMXtgX63RNIyd_SwGT82k=s88-c-k-c0x00ffffff-no-rj,,
09db2ab40bc54cae831b5514b68be313,355,0,https://yt3.ggpht.com/tF3B8c5zb3d2_DmYc2iJ0McG61QbqYpi1Em_Tuc-J6uRxJ88gh1Kz3z5ySq1HdGoAXoF_kaJ7_k=s88-c-k-c0x00ffffff-no-rj,,
0a000a22ebd84abf860bcd5ef0a5ed60,792,25588,https://yt3.ggpht.com/OW5u8NYxDJlmX_fUJJx-VeqUKDcXo_MPOO7vdZhoLSgtTFi6KfiIR2hQVcKXYpDH_cqxzbdUCw=s88-c-k-c0x00ffffff-no-rj,1759,https://static-cdn.jtvnw.net/jtv_user_pictures/669159da-3239-4ce1-bb07-4c307cc279db-profile_image-300x300.png
0a067d81cfe24b39b770b67ad89b61a7,506,0,https://yt3.ggpht.com/ScMDos8kdeRlQR7xL80fiwqylHJ0a717xsCNMKhMJABwxJZTDxL56a1qJ1LhnSbLSlAHCSSm2jI=s88-c-k-c0x00ffffff-no-rj,,
0a0df52f847d482e90955a9cb5d1c84c,66,369,https://yt3.ggpht.com/kjODCB0JWEJInCDUEveJ8j3_Rbn9VL-FHsdyf5FOoG4GXa5-6tpSPtMJwMJYxR2a93DiynSf=s88-c-k-c0x00ffffff-no-rj,113,https://static-cdn.jtvnw.net/jtv_user_pictures/455e1e5b-0ca4-4980-82ff-a9990c64a057-profile_image-300x300.png
0a178f2c7b994a4ea8eb845ebd489a5a,1720,42248,https://yt3.ggpht.com/1QqUaDaogYtERjTic-HqrfDB4RORlzNSTC-UpsoxCrU00-575YRSKkI8iVLOI_IVLGFgdKN7bqY=s88-c-k-c0x00ffffff-no-rj,193,https://static-cdn.jtvnw.net/jtv_user_pictures/0b702ead-7c6e-42dc-90e4-ff762f6d8aff-profile_image-300x300.png
0a20931c68dc49c8bd08eda1486193d8,2740,67273,https://yt3.ggpht.com/-E-wipJAjQPi5hpDxjRpmNm9fctaPeAQVhQztsjpDbGJlks90CKuUAFFF_OWE6w2YiLz6kJLRw=s88-c-k-c0x00ffffff-no-rj,1463,https://static-cdn.jtvnw.net/jtv_user_pictures/fc0b0a0b-fb2c-461d-a809-5a393ef30c27-profile_image-300x300.png
0a293e8cda6645709e6fb92f7b66f069,164,7359,https://yt3.ggpht.com/Rxk58r_n5AunzlDfM-gafoQXTktEigFXuHLAmNmXm0KYiPl88jqPGqwR4w-LgCRvap_Gaqr_=s88-c-k-c0x00ffffff-no-rj,401,https://static-cdn.jtvnw.net/jtv_user_pictures/0d98a591-bd7d-4b8f-8e1e-ce8f3d9b4e3c-profile_image-300x300.png
0a55a882e4ae4a1e9c1e77ea001aa91b,730,50772,https://yt3.ggpht.com/v5KbmxW2obyqJ7gMddFutW657OPTWtD1aPy-aJWEGl0Cn_uNzXdfHCF-p7sgZtDDs1T6LqQw4Qk=s88-c-k-c0x00ffffff-no-rj,1301,https://static-cdn.jtvnw.net/jtv_user_pictures/986c874e-b3da-482c-80a4-6f5722bbe67e-profile_image-300x300.png
0a5bbdc460184f279cb8c7965a1d6098,147,9360,https://yt3.ggpht.com/lexQrP0LQ-gAZ34pzVkVBSbY3wU32IU03eVbHxRJWghjYCDuW3Do8H2yTlJE1dEGfmzbsbZl=s88-c-k-c0x00ffffff-no-rj,125,https://static-cdn.jtvnw.net/jtv_user_pictures/64c6c90b-6dfb-4c30-88ec-cb51c78dfff5-profile_image-300x300.png
0a67a8d822094ca3a59963f0fac8798a,582,15979,https://yt3.ggpht.com/ZTO95IeJCnk_wGUoCakafZwBDLs0qHAsmOIUDgkjt-mCBAik_h87AzKBeR3mRDKmLy47IRD-=s88-c-k-c0x00ffffff-no-rj,,
0a9ce04e6eee4c6d8dde6eb5a0f56c20,1070,12163,https://yt3.ggpht.com/DS9h4itD9h7ABPshKxtQlZLJ_HlMsMQEG78NJWDly5xbVsTRFUk3fabks-cleY9geU_yWVqd6Q=s88-c-k-c0x00ffffff-no-rj,,
0aa8c41f04bf4f12b9a8281353ea448a,825,34346,https://yt3.ggpht.com/BeP-qRWMM7WmTDRpClRgSf2Uvycfx1yoVwF_4LHEut1_bDVwuseov3n_84UvWrhnnLi1dwYGUQ=s88-c-k-c0x00ffffff-no-rj,4831,https://static-cdn.jtvnw.net/jtv_user_pictures/b04db3a2-4d26-4ce2-84ba-56e59861debc-profile_image-300x300.png
0ab147ded84b484eac14de7a46c9cf4e,5740,48939,https://yt3.ggpht.com/3X6nZwXrGJD-2NCPOAHlGmaRKp1BcidxGEEWj2P0U3NkZkEaZ0T35FNtsp7gMPnGLVRQkKtHmw=s88-c-k-c0x00ffffff-no-rj,,
0ab16bd60230422d97f73e6810be221c,3370,175051,https://yt3.ggpht.com/xWpEtCsId8S_MADyefhGQZ15aWPNRg-f7IzsFmuTCIXPtP2vrp_SKVGr05HAPypRjDm7oMBW=s88-c-k-c0x00ffffff-no-rj,,
0ac7e05c8a3842e7bd1401652ce2bf4f,2950,112487,https://yt3.ggpht.com/TeiVYjCnLQPxKCCgCvVtnftKvvV1EemcQPDsZNw4ju32RZJmHrO_BIdsbvbE0KMWtKs24mDgNvU=s88-c-k-c0x00ffffff-no-rj,,
0ad03ee6159c4d37a4feccbc49ba3dcf,486,31171,https://yt3.ggpht.com/ryYXDAiz7Qf1pbDQjWUwoT_pYyCjPaHFnfrHHKqMh-UnkCA5iCg6ssDYII5XTPGH8iL5tZgMH1w=s88-c-k-c0x00ffffff-no-rj,139,https://static-cdn.jtvnw.net/jtv_user_pictures/f3c98dda-8ccf-4ee7-a1bf-734d3dd8b674-profile_image-300x300.png
0b0668c6206c4500bdcbc281ee58680c,295,17793,https://yt3.ggpht.com/AbSR4BdztC0Yj9VDe9lKB380izgKpNATzb2roARGFAfFdk8b4H0y0SLB-0X-4WijncfHTNoV8Yc=s88-c-k-c0x00ffffff-no-rj,2723,https://static-cdn.jtvnw.net/jtv_user_pictures/9f30750c-2e71-470e-aade-fe2e7fb01e12-profile_image-300x300.png
0b0f8cd64c904508910707412b2c307f,1480,28525,https://yt3.ggpht.com/MgYdptohMmuCzb6a7uoox_cJuvgeInTwpZGzVEjxmIG_aFetQ910KqQ_SfWu9PT-AVBF3TnJfQ=s88-c-k-c0x00ffffff-no-rj,,
0b1217df534d441bbdeb11d5f2a6465b,5640,41983,https://yt3.ggpht.com/4L_Qc3JCBMtOx57T3afXekkgG_BtfFn0zz4OUphadBUgGQWl1iq08bNG0GtC58pihX0vuRaagg=s88-c-k-c0x00ffffff-no-rj,837,https://static-cdn.jtvnw.net/jtv_user_pictures/df2903f5-3b0f-4f5f-8d44-a122a7fa6013-profile_image-300x300.png
0b53549edaf5490ca350ef17aee7b8b9,34,193,https://yt3.ggpht.com/s66XX_w8_pXskCyZk5zarMtJwzhNvEiQIOvP0SK7zIXhN_uGgY8nJcDS7MsfMrOdrrhCgEVbKA=s88-c-k-c0x00ffffff-no-rj,506,https://static-cdn.jtvnw.net/jtv_user_pictures/69fddd7a-dec9-4c96-aaa9-eabf0a053dfb-profile_image-300x300.png
0b63fa89b80e4649b0297d156ed1c791,15700,1122633,https://yt3.ggpht.com/tBxeHg7Cu5hNNgbSkz3XbqoIRs8K5CxhEZRbPdvKCtDg-ALKGRfRnLUc5-vedzvVhTg9ExxTlA=s88-c-k-c0x00ffffff-no-rj,,
0b8d1c0fa1b14df6821e85def645425e,869,56717,https://yt3.ggpht.com/42StxkhphCz_VPO9AcVZ6zVte8-8d7GImOLONNIzv5YxE9kWgiohla9JTwh98KvUSQmItXQAag=s88-c-k-c0x00ffffff-no-rj,138,https://static-cdn.jtvnw.net/jtv_user_pictures/c70b8447-62a7-41db-ba4a-4ee366e44b6c-profile_image-300x300.png
0b91169f9d504a479f0e1010ae4edda1,1800,5521,https://yt3.ggpht.com/ytc/AIdro_k6M1xnS2_PA95ZZ5USlPaRcWZoSDxO0HTfCmJKwFTOvvY=s88-c-k-c0x00ffffff-no-rj,,
0bdff706ecb24c8aa773db2af30b702d,72,174,https://yt3.ggpht.com/NZE2hHluPFzHAgbD_SqCeZBtX2txwcFFlCuj3Q1kwg1m-GKLvmhIlK5fcx1Z6IbsduUaxhKRQDc=s88-c-k-c0x00ffffff-no-rj,486,https://static-cdn.jtvnw.net/jtv_user_pictures/0369f3e4-91d9-4931-b0db-89dbc7baab23-profile_image-300x300.png
0bef54320f364c5a9289fceac64c5411,2500,71206,https://yt3.ggpht.com/gYfQfGpAQbi0KOWZbMsz2G3SI65wpAE30z_qjfSEQU2udnU4obm4sJdJShtgbdp_McIU5IiLAg=s88-c-k-c0x00ffffff-no-rj,77,https://static-cdn.jtvnw.net/jtv_user_pictures/beff9920-7ec1-4bbe-bf47-100c7b7ba2d4-profile_image-300x300.png
0bf0ec441dc6489583f7218e02ab6a89,79700,8006983,https://yt3.ggpht.com/bybQ2iinFSmPYzd23f7l8eL9EmmsCJFUfVrUAuXJUGPW_kgY7PEEUifLkRmwWpWxRTo6cc2xRuM=s88-c-k-c0x00ffffff-no-rj,,
0bf305da1ec14c5c8447b9a007bc81f6,603,55138,https://yt3.ggpht.com/6M8QsLn9ertJae0r0k-bF-WF8nmF4uJn7nDQyzzKtvi5BmboQrT7xp1ZOnOAmpJ6xorks9GTpvA=s88-c-k-c0x00ffffff-no-rj,525,https://static-cdn.jtvnw.net/jtv_user_pictures/1de143d8-cb51-468f-90a8-07e2e45dabcd-profile_image-300x300.png
0bfd032de03c48a4bd7d1f4505335a7d,15800,581718,https://yt3.ggpht.com/kNHCCko8vu9FAJgV6DlAlAx3g_AlawXAXdBACP8auRrq0XIyP1rwc7i_w1WT-Kau2V0Lf0Z8zIc=s88-c-k-c0x00ffffff-no-rj,,
0c05eca1975b40b3a0b54d3dfd61055d,164,1697,https://yt3.ggpht.com/ZCMETBD1IG1E0-m0-xquzGR3bE0adAxUgeNWzqc-bc1YZoOdgKvsSFua6cqljy9YojRza91sMR8=s88-c-k-c0x00ffffff-no-rj,2169,https://static-cdn.jtvnw.net/jtv_user_pictures/1f8d86f6-249d-4928-b858-8cc715e0ff63-profile_image-300x300.png
0c09a69445864b44adbba11b487f9b1a,9450,320818,https://yt3.ggpht.com/woFAPBJC03J-pb1fyag09q7nRavVDgbJsnDkqlbpWeFuAyaDNBeYYHIiwlEMxh4Osce2ZiQEb2I=s88-c-k-c0x00ffffff-no-rj,828,https://static-cdn.jtvnw.net/jtv_user_pictures/ee60b9a7-eaf2-4dc9-ac4f-27870e7a221b-profile_image-300x300.png
0c1efcf431bc4ffbb208775a9738e348,552,34502,https://yt3.ggpht.com/iQc7FhmLOG2WR4hBm44jsOR2-NUJJ0iXcNXH3bEFhTxPzMx_dMttw_Py8ws02vlGWJ-w0-sEng=s88-c-k-c0x00ffffff-no-rj,,
0c2cb722c6ab4e3890139c922c80d4d8,303,0,https://yt3.ggpht.com/dh4ONW8EiV9sX2KnhtcNx546qdfn8_zzpowljTcbwn00atsHhg-gGDgnu_ghuTp_84nUr4X5vA=s88-c-k-c0x00ffffff-no-rj,159,https://static-cdn.jtvnw.net/jtv_user_pictures/5472671f-513c-4bdb-a627-7656ab04d30b-profile_image-300x300.png
0c3b5ae85d2940b8b73a92d72dc0d313,611,14392,https://yt3.ggpht.com/DF9TI4uI6_l5vkE1pIHwffSV-kciq6VXjfvj_lf3PkEqYqnxsDYX3gglWbLFtuZajfIVH67xHw=s88-c-k-c0x00ffffff-no-rj,358,https://static-cdn.jtvnw.net/jtv_user_pictures/d5aa34df-2006-4fee-8185-6d7da83bd021-profile_image-300x300.png
0c97b425059d4ac893cae0f804f4ccbc,174,10665,https://yt3.ggpht.com/kzJVzQ0KKCtmNnw8dnCd9v7fFjq0Ph3teIPUio48UvqkkoLCW1t_45l-oqliJE8TGtVs3pAd=s88-c-k-c0x00ffffff-no-rj,,
0cb217f7775543eb9c5aac3b9df75a86,22,525,https://yt3.ggpht.com/5JATFs0UfW0HWPOIZA4eyRoEJ1wqZOIVkd_EK9ot3me8Y-Yg-rqTO3xUB1xHQn4lOIINmc6l=s88-c-k-c0x00ffffff-no-rj,631,https://static-cdn.jtvnw.net/jtv_user_pictures/fda924c0-d8cb-41b8-a9b5-dbd3141edeac-profile_image-300x300.jpeg
0d080db8809848e2ba918799b2f7885b,816,7652,https://yt3.ggpht.com/SAm_7es7MALM-mXJiKNIvPhWGeFvy6_iHHe1gczm63LtXaohI31O6weobuIxImXgmRvnAIPv=s88-c-k-c0x00ffffff-no-rj,,
0d5952d2b54c440484592afb2681d680,1080,12677,https://yt3.ggpht.com/KTkIF76lNn-EM2O2lQD1pIR2XVN7oPcNlmUhSPlKK2fMvaHxcY7Ul5817asZl-fPUoHywzISrx0=s88-c-k-c0x00ffffff-no-rj,1091,https://static-cdn.jtvnw.net/jtv_user_pictures/93167afe-af5f-4d93-97b6-9e7b44d9b836-profile_image-300x300.png
0d717ed7ec134fb6ac94ce9dc4e25658,36500,1757946,https://yt3.ggpht.com/OXr7mVr7amPbcaqbNe01f-yndVexuX82B-AkQ-664QAjb31RzhmRSrwRvw6vb-H6eERqlG5T=s88-c-k-c0x00ffffff-no-rj,,
0d7502e74c394a7f82a07c31fee877ff,1050,33712,https://yt3.ggpht.com/WmB3pT077g0ykbTICWNzUdGw1m5RC2B2k3FMhhAvvJRcOYtOkwn5QB-KTNozQUpohCJ7l8KI=s88-c-k-c0x00ffffff-no-rj,,
0da343539de64a169fe51ad653e5c73d,1760,38228,https://yt3.ggpht.com/ytc/AIdro_mqbiUsWuK6-VbxiRPoMAlSFiDCsWzMA-2GbIq8moO6sA=s88-c-k-c0x00ffffff-no-rj,,
0dbf3f6f6521460782992a963122aed0,710,26471,https://yt3.ggpht.com/85fpTi97JM9gXs21TeCRIAsIb6PTYQBbhblSNOrsuUCV6r7Nsl-C0T8cvsc6iPuXrSuGR2w6aw=s88-c-k-c0x00ffffff-no-rj,275,https://static-cdn.jtvnw.net/jtv_user_pictures/d9b285fc-1337-4c36-a08a-ccaa55b74aa5-profile_image-300x300.jpeg
0dc64e677ea0451095971685f0618966,1810,98274,https://yt3.ggpht.com/F9FzMWqK6KPuKjAbSkHI_rhYYKtfn0gMQB0_5mdXBOabdudqIbYzW2zZqP8Wyy4PhVocIXAxLg=s88-c-k-c0x00ffffff-no-rj,,
0dc671f00179414c959171b6625785a0,1730,0,https://yt3.ggpht.com/0oVOrEnroWiVTFvVDGEshdtn8kD-k5CeEYWxIKCQ5UfwXmma-HekhlhMYfOw8M5Ilb9YetcC0w=s88-c-k-c0x00ffffff-no-rj,,
0def37f8b1024539acb6aaf387f3029e,5410,110803,https://yt3.ggpht.com/2L8C0whtky_pJGvE_ZyMzLDEslA9asdF8AJT2_gH-4980koeV6XWQqF4ebpqxesDysjRp4RW6FI=s88-c-k-c0x00ffffff-no-rj,8354,https://static-cdn.jtvnw.net/jtv_user_pictures/5ccce96f-029d-4dcd-8f89-19d300daa2e7-profile_image-300x300.png
0df008566e92461eb808c5b3ba9c7f0f,1260,47889,https://yt3.ggpht.com/6FlmEGpDo2d1Fmoclyr39rHHm7qeDZLlsd1JLP-NIvBFmXkAPvShJOGOgXBc0fuFoDDmR_BUwN0=s88-c-k-c0x00ffffff-no-rj,,
0e136a936a574815a311e6e801ce3ca6,397,12218,https://yt3.ggpht.com/nMZf6kWHWyQiRh_egttnvVqhnfw0TDe63AwZ2E9zE3isBkwvH830lu5GAgfSU7K8gIk5Zwn8=s88-c-k-c0x00ffffff-no-rj,16,https://static-cdn.jtvnw.net/jtv_user_pictures/35ee7369-a540-4ade-a5cb-e03a44024ec4-profile_image-300x300.png
0e17da7ad6e94a73a2ce539bb6ea293d,809,15173,https://yt3.ggpht.com/WB2heKCeUqodG8CwER4F7gm-5IGdQc6R-YKRdLaGVgd4x8wjiUbrFtW496EhTKwB0A2_ii1nS_4=s88-c-k-c0x00ffffff-no-rj,,
0e626700382f487b933bf7214e8765b3,37,140,https://yt3.ggpht.com/yKJ13v3etgQja7LZm_VxLKNHSVjUA58LtePiHSdffSZ11ZMA92imscgptwzSCGNhV94JUKZJZA=s88-c-k-c0x00ffffff-no-rj,,
0e8150c7419f4c1d94d8ccfb41a04280,3320,318669,https://yt3.ggpht.com/pGxPK7OzJRhJ98FJat1ZkPQsTkiy7SYVUfTo1KzboUvmUDNbQvL_HyL4sd6nTGq3-1IRnOqf3g=s88-c-k-c0x00ffffff-no-rj,,
0e9aeecbe8f04a62ab781cf2e520eba0,672,18832,https://yt3.ggpht.com/McN1ICVVkb_ZZU5X8GjKmeQ4pXWBaxbkcIUsXDkBF28hHxh27FE0O8O2IHMHWzbTIj6HxOl8410=s88-c-k-c0x00ffffff-no-rj,5789,https://static-cdn.jtvnw.net/jtv_user_pictures/14c55374-0f10-4e8c-b9ab-e1a26304bb83-profile_image-300x300.png
0eba942738504c8182c861668195c39e,28,416,https://yt3.ggpht.com/Ih5YVhLkHqWEas_GC9mBXON-BKDHYnczo-rkTbOJOgIMRWU9cCs7MIsBMj93d6cQ7Nyxx1eB=s88-c-k-c0x00ffffff-no-rj,469,https://static-cdn.jtvnw.net/jtv_user_pictures/4393d6ff-e0a2-4770-9e79-48b45b6effc5-profile_image-300x300.png
0ec3bf23ccba41659f6d91e424fb2b4a,983,38521,https://yt3.ggpht.com/eTJUA1rRfXs9YhG8i1IKFrFcyTOBbAAWeYm2S8C_UgetpdVcSh8OM-DFiAuk13gXz_ziDxqxaQ=s88-c-k-c0x00ffffff-no-rj,,
0ede84dfc1ff426cb42643d7390d2937,2820,302563,https://yt3.ggpht.com/k-h6Qx-wm1sOfQuZCuFkySCAkeMBPsq52jR0roBnBfad6uUOWmHsHmLOOUuxjo6O4Woret7TZg=s88-c-k-c0x00ffffff-no-rj,1373,https://static-cdn.jtvnw.net/jtv_user_pictures/d9eebea1-96df-4080-9a38-79464ff67469-profile_image-300x300.png
0f11420beab0442eae0208ac63d4474c,614,10732,https://yt3.ggpht.com/Fm6_VuIGKwLU3-glDc4HwcqGMzIIW-udmeG5RnkA__fgA1rOdS5PvfyTB-Z81A3EMg7M9NGg=s88-c-k-c0x00ffffff-no-rj,,
0f2ad43c618943d19d5101f2d3c49ac9,1410,265317,https://yt3.ggpht.com/uxtMI-Zaj-4clM5Qy8fbogz3EE9_uF2BHe4kFxPp2O4BrcRnMGcA0J6s75oggy89sls-bqhF=s88-c-k-c0x00ffffff-no-rj,182,https://static-cdn.jtvnw.net/jtv_user_pictures/1052c854-1402-4708-9c0b-5e90699c6de6-profile_image-300x300.png
0f47fc0a871843cb8bff547164959e59,1110,217,https://yt3.ggpht.com/BjSZBYimsHf9o8pKAyVC1wWzpp_T1iyZOG7gptjYDGkxCiN8y2zQVLU2WnWWZpAYhdML4RkAXw=s88-c-k-c0x00ffffff-no-rj,,
0f595c5e48be4f29befb358388a61f8b,15400,1209656,https://yt3.ggpht.com/VZIwgzxc1qRJvW6-5LD8ilmLZnm4IxCvdwlU7nqbnQmDe9R-0b4KetNIKJg-StRsINz_Ulp6=s88-c-k-c0x00ffffff-no-rj,378,https://static-cdn.jtvnw.net/jtv_user_pictures/671c2923-7803-4ec1-8500-7b773792602e-profile_image-300x300.png
0f5e3935971449daa91b654886313110,328,0,https://yt3.ggpht.com/yRJGzM1ZyaM514hOQ1FsVsT3lHOd8QT46wR2zPIYKNvjicnXbAvt67roOpZHfk97Wb2JErZBxQ=s88-c-k-c0x00ffffff-no-rj,2213,https://static-cdn.jtvnw.net/jtv_user_pictures/9a4b57d1-3ddb-4290-8318-28f514aefd13-profile_image-300x300.png
0f74555e05794780adc4eb0b9096f727,1030,9985,https://yt3.ggpht.com/GVT7B6DKRJziGCe_ZgAdFz1yEmN2PEropUR1UiC5d5SlWZRi5-OL8KyMTGKr_Dmxn9kxFm9nhg=s88-c-k-c0x00ffffff-no-rj,108,https://static-cdn.jtvnw.net/jtv_user_pictures/7a314bcc-d646-467e-959e-3892d73bbe7b-profile_image-300x300.png
0f7d7faa487642d0a8ff6d5fc8dbc394,1760,147510,https://yt3.ggpht.com/A_su6M1J3h6wCTLrt-kIXks9f-oR0SOB9OkQowWE4xZZwWjtveEq2b9War8HbACTsTGUz7MrAw=s88-c-k-c0x00ffffff-no-rj,1292,https://static-cdn.jtvnw.net/jtv_user_pictures/a3581c76-bfc3-491c-a721-1963b597bd79-profile_image-300x300.png
0f97f20ec79649e687590a4dc7328a21,750,19285,https://yt3.ggpht.com/ytc/AIdro_mJqDlOtr968082RwxB8uMFpjjLXweC4a_kqSNr66WJys0=s88-c-k-c0x00ffffff-no-rj,289,https://static-cdn.jtvnw.net/jtv_user_pictures/2aecb165-04d6-4d06-82b9-6b48317bdd0d-profile_image-300x300.png
0f9d996c066a406dbe04161776c17461,2740,126436,https://yt3.ggpht.com/snImElEap7E-ZR87-8OxrFkd6eYefq9ki9zti6tjlnxBfnEwdFU2wyiqS9dBV04k0WJkxZpjzTo=s88-c-k-c0x00ffffff-no-rj,,
0fa0331a92df4a21bc5fc771223c3b3c,186,6347,https://yt3.ggpht.com/yTJgUJE_TM8dNUpty8edMeYmWV4vqX8DQMrTDGaHgDr8A2hV1RCSE_qeMwtiRyNOzVActSmaCA=s88-c-k-c0x00ffffff-no-rj,1781,https://static-cdn.jtvnw.net/jtv_user_pictures/0c72a978-3bc6-4223-bf98-7314c92450ea-profile_image-300x300.png
0fa88d7be0ba4850abea150aa73fe440,4510,252637,https://yt3.ggpht.com/bHcfxJKyXpcr4g5JWcO-kOk75blD4oo5BzxXKmBURxLpk7A8C-ot_cWYg1PoKn3BVtUauteSDq8=s88-c-k-c0x00ffffff-no-rj,,
0fbdfcc1b9cf41fdb840cf2f546d9324,1160,35920,https://yt3.ggpht.com/97F8--S-73iY_yMM64y_cA6dwkkES4Aox6VmbWbPyri9NG3VO1RkhnLpJdr-kJXsLxyciaPeuw=s88-c-k-c0x00ffffff-no-rj,641,https://static-cdn.jtvnw.net/jtv_user_pictures/072b152c-bea2-4b0c-84e7-30b6abf88c19-profile_image-300x300.png
100af980504b4bd38c8b2192d1e71b29,495,26856,https://yt3.ggpht.com/UNYRYAnnyBT7Nnf_larhy2nDNlM7GbMCtCUM60VROfbdQMPGegJ_YQwCheFoA3EGnX5YpN8x_A=s88-c-k-c0x00ffffff-no-rj,,
1025a2d1ea674c649b1e7934895bd419,1720,46936,https://yt3.ggpht.com/Ua_CJh_BpItV1Vg_gqChurzlux-BAtDJQJ2BavGDziUSURS_-ENqAzHZPrRbJew_wy9qi2fwkg=s88-c-k-c0x00ffffff-no-rj,,
1053fad74222424c83f1498fc7896d75,518,256027,https://yt3.ggpht.com/o9Yztaifsv3KgTblNQ3-F8I4xpqp_xHAJHz2Qqp3B2Um7j4rHadIcSKXr-9fCsjl2gyIMvrY4Uw=s88-c-k-c0x00ffffff-no-rj,,
10550198223845c9a95ff1993088b464,439,6521,https://yt3.ggpht.com/bFHZ3HTCLSDTgW4MB4vkl1BYQUsVqc2uBJpTiylMnh107t2zuDzgMn-tWFEpTTGusT2baKCeXg=s88-c-k-c0x00ffffff-no-rj,,
1058d6e9f351455389e8a7a716ea26ff,520,33649,https://yt3.ggpht.com/fhzR5FMhw7bi9SfhahyfA3RKM_rXEgFSiJTtL-SjnQL0KBqqEmN5dHOsSeC16m-99VEXDKVU=s88-c-k-c0x00ffffff-no-rj,2943,https://static-cdn.jtvnw.net/jtv_user_pictures/1f51b651-2ab7-4bcc-986c-16452e713691-profile_image-300x300.png
105bfceb9747425eb58622b6ebccf920,76,653,https://yt3.ggpht.com/WnVGuRgLWouar3ualaahSs7cjsqQ2_8GrKtqFVOgWuVPCF2SaLNMe0pCFHxcPUam0nUyBxo4aA=s88-c-k-c0x00ffffff-no-rj,381,https://static-cdn.jtvnw.net/jtv_user_pictures/88d90f58-b24b-421b-b345-5ff0738fb59c-profile_image-300x300.png
105f7890339346329ab408f423f617c3,85,3400,https://yt3.ggpht.com/8Hg41s0VXBp9Mf0YR0XDxWNUWPOJtHOt9UD47iYwkr_wJmTyDc2x91M6Ay4Zkxe1L94w2fkO=s88-c-k-c0x00ffffff-no-rj,2118,https://static-cdn.jtvnw.net/jtv_user_pictures/8d9d5d45-894f-4e43-b154-a545475c38ab-profile_image-300x300.png
107ad23090e649b8935850f3d78ded99,558,18777,https://yt3.ggpht.com/XBmXpXb0QGrHbMUEqCM8_EQ_HUxQ97nn9y0i9oU7izGAezkO_OxDBS84H1WUSBMs2hBY5w83=s88-c-k-c0x00ffffff-no-rj,105,https://static-cdn.jtvnw.net/jtv_user_pictures/ced3cc98-7522-4f0f-91e7-a4086f7927d3-profile_image-300x300.png
107fac8e77f74af8ba95491ae9492642,51,68,https://yt3.ggpht.com/S3BflxtXJCoWW_JTyAGmguTAWYN1qq15-G3qX0fKJTqJQarHdm4dEWOG028vTBrS9mWAyNFKC60=s88-c-k-c0x00ffffff-no-rj,434,https://static-cdn.jtvnw.net/jtv_user_pictures/f198290d-0da7-4f5a-8551-d6e550e8aa4a-profile_image-300x300.png
1090032399054c2bb010a0a7287b2006,306,5573,https://yt3.ggpht.com/qmSxKxZTFG0WsQd7hNf_No8_2QH-6GNxyD1bmedW61X5fE5cgbzMGczBkb1YJWrgsOJsdFqHqg=s88-c-k-c0x00ffffff-no-rj,,
10c8c9b647e7464f9d95c7c1a865da01,1340,87170,https://yt3.ggpht.com/wSAzaTbCBjr5emI90f_UL3XdZgvlTfXPMt1syDjlZYdaZpwsS5TDpysFP9Qs58ym3abMXLnb=s88-c-k-c0x00ffffff-no-rj,1571,https://static-cdn.jtvnw.net/jtv_user_pictures/a1c7bb4d-3571-4d09-8eba-eb0f9a82d4df-profile_image-300x300.png
1140618a96154395909d53257bffe0e6,1540,52377,https://yt3.ggpht.com/7Ax5NFfHw2My8-fbkco6fV6HOlTzeUzstotlJjb4VMp9uD4m8SkzC8mh0eYi_OtW7VbPVf8NuTU=s88-c-k-c0x00ffffff-no-rj,,
1145b6f48caf4756a889a437025c3db2,1080,34440,https://yt3.ggpht.com/x9TRdlbRutwIFFJtCosrDb-ab9wfsL0u5apZj9hkT-1Ist4bdBLuGGsu2sMltly5HFKoTa8pGVM=s88-c-k-c0x00ffffff-no-rj,524,https://static-cdn.jtvnw.net/jtv_user_pictures/d330fd12-4fcb-43f2-a401-9508b536c568-profile_image-300x300.png
1158cc8efbb64d169dd3f2c9512c5bb5,4620,21324,https://yt3.ggpht.com/lT91m6-oJEP1D63iZJfvjpxoq7Z3WNjYstay_jO8WSwZyDyEbHMpfDF41QHGoeWWSJxNLQ35=s88-c-k-c0x00ffffff-no-rj,684,https://static-cdn.jtvnw.net/jtv_user_pictures/48e24027-9d3f-4deb-ac93-546fa39c4e68-profile_image-300x300.png
118c05e7f751446abee5fc827fda0215,2630,799569,https://yt3.ggpht.com/WpfYzIA2W41DG1k0R-0D-riziCEAs7Yd2ftUXF8EUzVmkoGJ-UCigRijxz4bW4oJj9jDdh-Kcgo=s88-c-k-c0x00ffffff-no-rj,,
11c279dd5d8e430ba442fec53dd1305e,95,833,https://yt3.ggpht.com/RdnUlHW7BXJeZNTq4irw9_w3BW-nVz5WqyNOhXfECbXsTyXfn4TTHVCro1fQ1fVjNOmq27ZizA=s88-c-k-c0x00ffffff-no-rj,,
11dd1f817a6b4c80a066aedd8e0fa419,2660,68926,https://yt3.ggpht.com/gdDy9qp1zSOGKWkDnbgkL-5RPHpO8W4r5Jf4JQuppvpUNx6s6bjjtNN6RQ4vbJcKPvfKjpc7qg=s88-c-k-c0x00ffffff-no-rj,,
1204e14e13fb4e1e9dcbd47e1a8dc7b2,404,4352,https://yt3.ggpht.com/PLIkarCKRrrJxnc0mAm6OFjf6k5duvPqx8SljfxOT0m50Z6AF3hhytBvzl7boeDOgnCMhgikKg=s88-c-k-c0x00ffffff-no-rj,670,https://static-cdn.jtvnw.net/jtv_user_pictures/7f874db4-d851-4dd0-8e28-d28b8aacf5d9-profile_image-300x300.png
1225d23bc1814140bc0093c1407f06b3,709,10879,https://yt3.ggpht.com/JDRTNX-0Sz93l7BkE9A6BBZlIg_2Y2OsfScbdovkKhAmJJtnpI2T67SpNAmyJUb173IHc4c-=s88-c-k-c0x00ffffff-no-rj,53,https://static-cdn.jtvnw.net/jtv_user_pictures/d2290c5e-41ef-420e-97c5-03133e8ca320-profile_image-300x300.png
12286b61ae55499b8c60101a4625b089,97,6533,https://yt3.ggpht.com/lD2EpM6CH467uXdfOHJpr96frHS8U4SF70c57hfJ7Q9f3JjaVXrcvh7aSKv8bWqO3zyldqKu=s88-c-k-c0x00ffffff-no-rj,226,https://static-cdn.jtvnw.net/jtv_user_pictures/39c95cf2-1d4b-4c39-b461-f89f32294452-profile_image-300x300.jpeg
123c79d3170e451eae2f0cc3543621f3,5650,366760,https://yt3.ggpht.com/CqRo5CeGGFMUhdK264hrkhIPlwqbFV68zRpIkAL4YfzHT9nE94mCSxBh5YnxNqmX82VwaN2mbw=s88-c-k-c0x00ffffff-no-rj,,
1245d4764fdf41c397ecbcf52cc16858,,,,241,https://static-cdn.jtvnw.net/jtv_user_pictures/fabefcf9-6ef9-4107-8d1f-97d1cf2b82e9-profile_image-300x300.png
12479712313d4ddda715483e1f93ee9d,207,3913,https://yt3.ggpht.com/wCBWWSIQPVwH3fKDJUSP2sdOGcSUb8pLaeqse6G8XTv2-m5C4MxnO2B7hFFqbE_EeM5oiZ_9Cw=s88-c-k-c0x00ffffff-no-rj,,
1254f176d93548aca5ac7f4b53313f71,7860,2643619,https://yt3.ggpht.com/r6L9Kr2dCeILag3-9_pdAIBfHTGZO5KBz_uU37-81pk9m_3-N4voY5ZCToomDTF-BGTUX4jWM0I=s88-c-k-c0x00ffffff-no-rj,1577,https://static-cdn.jtvnw.net/jtv_user_pictures/ed259b58-79f6-43c0-9ccf-c4c77282a86a-profile_image-300x300.png
1257fb7258eb49ad8cf58ed64b800056,1490,37871,https://yt3.ggpht.com/Y-kXc1TYohwAcPADnK33y1Dhljxik5E3000SvK4aRb9wPb5-H3XlRGvm8bsY0EpmQeQJmNNX=s88-c-k-c0x00ffffff-no-rj,553,https://static-cdn.jtvnw.net/jtv_user_pictures/68bb1895-1049-4de8-a10b-3310e6c03974-profile_image-300x300.png
126103200de947a7a3c2ac3971eef633,12000,668133,https://yt3.ggpht.com/pkTKx0HGcmHXpl0ulqQMtwRAxujbPDq4Fcllme9VNY_9r7Hf1dtdkRXCzchmvR71jp6IJ3xdkQ=s88-c-k-c0x00ffffff-no-rj,,
1266255bc3ec481abc9d970be9f14f6d,167,0,https://yt3.ggpht.com/-JHCb8q6fZayATENS_BXrZbNinKjMCKjTs_oUOJg1KQJGwuTbLZYe1M8pCIehsTljzeqaX_trcw=s88-c-k-c0x00ffffff-no-rj,,
12d506583827419e9eb3b64ec551a94d,541,20147,https://yt3.ggpht.com/ElvRjgx-NfuG39DWRtRFldsMQGB4XHZbcg2TlDkN68lzEIgJSzyFJmuax2cjfyjqfMORjXz09w=s88-c-k-c0x00ffffff-no-rj,26,https://static-cdn.jtvnw.net/jtv_user_pictures/51db884d-23cf-45b3-8d4c-98dc551d9ef4-profile_image-300x300.png
12ece01ae7004e9195e79309f0cdae40,71,577,https://yt3.ggpht.com/DZTjte8xOShYnyM738b4J3W9oR_GWqSzAv9otk9KzgPpNLhy8qr7W9XOxU_jNKONGFgurIugsQ=s88-c-k-c0x00ffffff-no-rj,2398,https://static-cdn.jtvnw.net/jtv_user_pictures/8a60f47d-12f8-4c5d-9e40-5a907e11ebf7-profile_image-300x300.png
12f22a9f1ecf4807a61eee4d628d4bd3,330,4446,https://yt3.ggpht.com/ytc/AIdro_mo02BLTI6MHxKXJrEEXMsktzBN6ZwM5MKHMO48fDPaoA=s88-c-k-c0x00ffffff-no-rj,,
12f51c457b27425fa98fe89c24ccb61c,1440,29715,https://yt3.ggpht.com/nLCP8MjoI4d354KaSbgUT4DG1y--5i7MxIat8d7MvWjgftgp_-ucBPx3UujkxfUZZ-oonpsxJRw=s88-c-k-c0x00ffffff-no-rj,,
1307131312c54a11ab326e62474efc8a,759,2579,https://yt3.ggpht.com/FrTvugD4_GybOnSV0YqFgfIW9FUq1GwqD6fvjaI0mo8wEwAasumJAGzcFw-S47NcQ1pLvS3Jtw=s88-c-k-c0x00ffffff-no-rj,,
1310ffb60dcf40eaaf6a08890e632234,2020,87776,https://yt3.ggpht.com/-nmsbR5_9f5XDUHPvxzn3I5YWSm7XffernXVdLwgl4ZlSsSAsAD631wmaA0Ge4ev6DSup324aA=s88-c-k-c0x00ffffff-no-rj,,
1323f1b775bf43659f8b8ec2899522cd,65300,3601030,https://yt3.ggpht.com/LKoLIrefM6DgEp7wKAgn6DWXNnf6Ax-0ErJO5fDKO4BfzxEG8892rucSg9lENm_4wJHnKGPPF_8=s88-c-k-c0x00ffffff-no-rj,,
135224fe261040639a802804b52f22db,134,5574,https://yt3.ggpht.com/lWsYC8NbiglzObRiJSUp7WSiqA968LJwAK-x8GQwR1tjh1UiSaoPLkqx2HNedXMnDEPdacge=s88-c-k-c0x00ffffff-no-rj,636,https://static-cdn.jtvnw.net/jtv_user_pictures/25648292-d3ee-44fe-83e8-9a803147dadb-profile_image-300x300.png
1357f282a9f04f6cbe3e215a0bd20482,159,4846,https://yt3.ggpht.com/TmS3zB8i38whHIjwhs2IxFVJriIcA2JjwN_rrR3B_vEGKH85PPanrwsJBfcerhRB5pMLhLnn4g=s88-c-k-c0x00ffffff-no-rj,434,https://static-cdn.jtvnw.net/jtv_user_pictures/63291a5e-57a2-4d23-a598-c453bca4297d-profile_image-300x300.png
1391c9808cd64cecb670a24b210ebc3f,348,0,https://yt3.ggpht.com/R4KlqtAyA4bmtpkvJtBBTAexEHlyvhjtmsyw0qE43ZhnDHwIJ2x5nSKMfg-eWL1_ua5AuyYlag=s88-c-k-c0x00ffffff-no-rj,,
13992a4fb59649ada3a2adf027b5b35a,3730,52808,https://yt3.ggpht.com/GLv_a7acMI6xHncjkyWN8lpLRwhh8oJT8J5cBDidBsDCeI9vGsoh-Lm3bzu3iLRH8xqb8NWj=s88-c-k-c0x00ffffff-no-rj,3752,https://static-cdn.jtvnw.net/jtv_user_pictures/9cdbb76a-0f24-4d5c-a6e7-1d9d8f77b545-profile_image-300x300.png
139f3f1818a2420aa35d5471adaf1a73,15300,459296,https://yt3.ggpht.com/dVrbEqvy2TrHbaCnuI8iZjYk49PrMjWc9_LpNtIgossXI53_TYp93T8moAi29CSVFQgZViaGrA=s88-c-k-c0x00ffffff-no-rj,,
13a3d049cda44b9e8da24006e642dd78,809,23977,https://yt3.ggpht.com/GXNtYv2PxQJJxg9qfzJGRpdTQyeiK5CACWGP4UETM-0mFsTLHMi-sZFPHv1FguRRBDxy9WN5=s88-c-k-c0x00ffffff-no-rj,2820,https://static-cdn.jtvnw.net/jtv_user_pictures/b642f4b0-9fa8-4d68-acc7-3dca89036437-profile_image-300x300.png
13a4e83f2bbc4d18bb27520a4dceef72,2570,106325,https://yt3.ggpht.com/kIFWOxmD0I6c1PHFO6bKjTCdVoHPtigL2aGGZlBbOLDvdIW2Z8xyf1dPxl01VcexmhA0ffUZ=s88-c-k-c0x00ffffff-no-rj,7415,https://static-cdn.jtvnw.net/jtv_user_pictures/124b9804-02a1-474d-b5dd-cc5030a0f1fb-profile_image-300x300.png
13a520e0a60c4aeea42f1c4d613e7e10,7170,237923,https://yt3.ggpht.com/ojUzWhMjvdIh6MDXQM5W6r0I1TuRGMNmwUZvy1UQoj38YPkh095cfUA9Y_PzjKTISgIDK_OP4w=s88-c-k-c0x00ffffff-no-rj,489,https://static-cdn.jtvnw.net/jtv_user_pictures/3fa19796-1292-440e-853a-141c35e2272e-profile_image-300x300.png
13b4e9aa6e064daeae11a136e2ec03fd,147,7230,https://yt3.ggpht.com/UYZRJmDuB1cN_5KItduZO_3RYgHr9GmGjsglHaR570kgLDW9BVohZvM1yp037JF8i7NjMicz=s88-c-k-c0x00ffffff-no-rj,,
13c69e2cf2ff4dc1907bbae9a87a8c0f,9430,450569,https://yt3.ggpht.com/fc77s-7RZVq8r57V-GS2C2dc2Nnd4Ono1mugSYgKvKN4Ng8mg61TN9GI1j7j4Z62KG2iPBiJPQ=s88-c-k-c0x00ffffff-no-rj,2552,https://static-cdn.jtvnw.net/jtv_user_pictures/da5175fc-aaf4-4207-8d9f-f57866960743-profile_image-300x300.png
13f0439da821404b9e40b290fff8856e,45,230,https://yt3.ggpht.com/j9QUCnaAHmIMqvYOA4FqYwmY6-_a4uZuA3RdqUtKrnCxkmVPNnEVC3N7nC4gKK8Yd5Wzl-oBOg=s88-c-k-c0x00ffffff-no-rj,,
14148e0fda054494b7cd2f9f38bb765a,472,17096,https://yt3.ggpht.com/8AkkaFSOEDmULwDrPq2_JQfPRnUmLzlktArhc5SNht9RWc7vIHeyVAMQd_CWnmKax6HYO8LEQg=s88-c-k-c0x00ffffff-no-rj,,
1434ae451f81469da327f32c387b9df0,9880,252339,https://yt3.ggpht.com/vcf14e6LyTvwhNu2-fI1WMW2krELImaSG-VN-b_uqVgQCDc7QIhJU9at0nDA5hoU-Zyzp8Nj=s88-c-k-c0x00ffffff-no-rj,,
14392ae1c106403ab690e8a6dea7c534,177,5326,https://yt3.ggpht.com/0TNM31g8b1F2vIgz7DHYyJAbWcD0C2yvNWEBcjcNBMjhWa7-M83gR-jwo6X4uysj58JdG6Dn4w=s88-c-k-c0x00ffffff-no-rj,,
14561bf5e63844f58b60deb87f443507,1900,0,https://yt3.ggpht.com/2QidUsL7Ep-YDzZ3FwM_TvEVl8FHUG6degk51yXmsG6Jm_mNU_pVZyA7HGvyvgzxI1DZEUgzCQ=s88-c-k-c0x00ffffff-no-rj,802,https://static-cdn.jtvnw.net/jtv_user_pictures/7ac32162-48cd-48bd-a00c-4ece41bf707d-profile_image-300x300.png
14770d49681b44c1a6a7fcbdc265f539,34800,1076268,https://yt3.ggpht.com/pXYgyu04wGORIyjJXmSq3FOfNovYEMzkeCWfW8cmJ-jsIOgiVv7a-Qu8VJP6GbsKLfrmBTbH2g=s88-c-k-c0x00ffffff-no-rj,,
14a9a08fbdc641e8ac8c384dedfccf0a,40700,2138282,https://yt3.ggpht.com/S4kfXpdsBQOeTQnDgAAYAZRmE0d1hiiYvZabM4hnmlHXOjL7eA5CRNfor22xZ8ujJRgNnwm5zf8=s88-c-k-c0x00ffffff-no-rj,8337,https://static-cdn.jtvnw.net/jtv_user_pictures/d5b143ac-087e-462f-a8c9-21246b8e0606-profile_image-300x300.png
14b644d58ff14ef1b491ef3d451e9e06,153,2523,https://yt3.ggpht.com/dXWs7BdoJuOMquSJKuQbxQujlCl0Mw7RmEHBGvk4T-7LXG094GTud8iIEALIqsNWrKIP_goJ=s88-c-k-c0x00ffffff-no-rj,3210,https://static-cdn.jtvnw.net/jtv_user_pictures/0ded36c5-2c35-4846-8e96-f58fd9f14772-profile_image-300x300.png
14b8fa0f43664c31a5d634b20f9112d9,1070,104117,https://yt3.ggpht.com/LeCfU_8wqWxuCg2-LI3XP5Ja-5-BteDJ6QzXMVCafUI0g4heHNp8Cmw4mPPHEyk7OeEhsb9sWQ=s88-c-k-c0x00ffffff-no-rj,,
14d334ad35f146ecbb047d1c20652fe1,2000,326519,https://yt3.ggpht.com/3S316OEcilOYMlfraXNqsCIhQr_kB6WlKd_5QtlrJeQH7rWSIwQcEvksH2Dm3jJY3rj0NNRw1g=s88-c-k-c0x00ffffff-no-rj,,
14d68e1fc65f4206b0c45d65970c0215,592,35294,https://yt3.ggpht.com/INeuK1t-y88qUPLQsrniCl3is2UMadmuBHCFv2knsBAhlGxkGYDf4k6w8OUg9EZENxOdgLs0GA=s88-c-k-c0x00ffffff-no-rj,,
14d83faa414c415097d577d2da9636ce,15600,660647,https://yt3.ggpht.com/Uu3_TnkXghUcE7aP8tXnDGGya3_VUV93fJSttSad_fqQIPUoMpl2ue0ZL8BXQv82tkEF_7elUQ=s88-c-k-c0x00ffffff-no-rj,,
1525e7221c00410886c8df3cdaab176e,6410,71266,https://yt3.ggpht.com/epgax2CaJKSxaljzUqdcgxaLAGupb2OufhwXSrNFDioa4TqIoqvp-qJcfYy9weHx3CnuyAQCkg=s88-c-k-c0x00ffffff-no-rj,121,https://static-cdn.jtvnw.net/jtv_user_pictures/f4b02954-9111-404a-a086-ae57c89bb473-profile_image-300x300.png
1551bebc6c26453e9893f342c68002bd,934,12283,https://yt3.ggpht.com/wjVGXxakcUxxDThSRrUP0-WqyBuigVEx61Y7zAUxff5eflhikZvAmVFCe8ZzxEp4DRB9-Fbm=s88-c-k-c0x00ffffff-no-rj,168,https://static-cdn.jtvnw.net/jtv_user_pictures/bb3f6cdd-626c-4bf3-af2f-4a48652cb916-profile_image-300x300.png
1556f727eee84b039b8852fc9fcbc0ba,70,1760,https://yt3.ggpht.com/Ubv-t4hVJdsNA_CXyMsSV7JH1OhlNN0V5O3CfhhW5n0jlXL7xu2IszaHBhHj1OabiSJoXF71fA=s88-c-k-c0x00ffffff-no-rj,13,https://static-cdn.jtvnw.net/jtv_user_pictures/0a4832fa-1fb2-49a4-90e0-fbd6ec100c12-profile_image-300x300.jpeg
1569b00373564846b894f47403376c6b,6590,234358,https://yt3.ggpht.com/ZXgtae25HfypRga2CA9cfT27Il1-6MJs7BAptxhCs7o_gHHCYwVfMkNw9ay_jmMOi_hstKKa3Q=s88-c-k-c0x00ffffff-no-rj,,
156aba6fe34b4d648a3fd210550963c7,234,983,https://yt3.ggpht.com/sbFfFUQvP7aqkN6N1olS3Kdavrs1M1XIYVqO5GLalt5L-JTJL7XwjlL92gFbTLD-MpV8LsCVoAs=s88-c-k-c0x00ffffff-no-rj,92,https://static-cdn.jtvnw.net/jtv_user_pictures/e0e99c43-8ab0-46c5-a458-49c1d6fef38c-profile_image-300x300.png
156c4271fe17425bb02fd7b24f5a2a7a,143,635,https://yt3.ggpht.com/vEcZ8Pg5kTNtGJJJUQgXGKMY_9T94xw_jptCzqYGz_qD0QL-vgVZ1bfqJFws6BLciLe_axBeAQ=s88-c-k-c0x00ffffff-no-rj,,
156fb169c746493bb50c813f20c4d1a8,11,77,https://yt3.ggpht.com/PwWzxo-dSI-m028Hvlkmnu0r3826nu8r3o61yCCIDlfAsP7relqeiiB6pQA8BDVwqqdG-0el=s88-c-k-c0x00ffffff-no-rj,28,https://static-cdn.jtvnw.net/jtv_user_pictures/1f5320fb-7c0e-4adb-b93c-d6e30288aebb-profile_image-300x300.png
15711ba2b93a46c295901d775aaf314e,920,31694,https://yt3.ggpht.com/DFRcj0kbxLnBpYBgWS7gkl77fezgfZ0-cecFy4KToZhoPW3IvuOrZL0wdFkDiltwmpgD7qoMbQ=s88-c-k-c0x00ffffff-no-rj,,
1594067d444e4a53abb95bc1aa40e6db,786,23956,https://yt3.ggpht.com/ytc/AIdro_nbS7iIT8eQkUomZSCKiW7WQiyAwNzA_6AxL1eHjxqdpZ8=s88-c-k-c0x00ffffff-no-rj,449,https://static-cdn.jtvnw.net/jtv_user_pictures/8c600de3-3d64-4fd2-bbc9-f039d86bb927-profile_image-300x300.png
15b8c0a77287451395102506f90ec98b,1820,641,https://yt3.ggpht.com/ayadY29TA0qXUk26mOfzude9icFP3eKi8x4o67be7GWYoHHg-24L1gT9TWYfoYVKmaXu1H0uVg=s88-c-k-c0x00ffffff-no-rj,,
15bc73fc2acf4a7695bab31fdea450f0,991,33198,https://yt3.ggpht.com/SBCtjcvRtZHBenukZxqxtbfdb7abzpENHCW4WWFf5TmtFQGztm9AM3U4IfmILwpKk5A0zDn5k7E=s88-c-k-c0x00ffffff-no-rj,,
15c9a54b946a40c38c07ea2f9efddfa5,71000,9952735,https://yt3.ggpht.com/cY2aEf1NOwF0zcGd-Ka0DcA5CUQEdEgmJnEhljPBcvyJ02AcJecUlXC6MSatn0QXFlzW5b507g=s88-c-k-c0x00ffffff-no-rj,38321,https://static-cdn.jtvnw.net/jtv_user_pictures/262ab8bf-fa09-4a79-b1a1-e4edb4c0f8b5-profile_image-300x300.png
15cbed02d2f74630b04b73515909c1f4,12400,402968,https://yt3.ggpht.com/uE5Jw-940zFXuTBIC-1-isDV9GlUye_zdRJLo8u6QsOOwM1NyWqjhjI-VyIiY7wLfYGy0dQleg=s88-c-k-c0x00ffffff-no-rj,2409,https://static-cdn.jtvnw.net/jtv_user_pictures/71b61046-49a1-4639-9089-df519cfc04e1-profile_image-300x300.png
15e4450f63904e50907dc93fee446fd2,4100,256548,https://yt3.ggpht.com/3vyu8BD5dsYcUeWrF5MSHkd-09Te7LpdjXN6YQ3kB3EtgeZY5CAxxLC8uJp2q9C4eO0bipiQ=s88-c-k-c0x00ffffff-no-rj,,
15ec206bfc374aaaa594bc12e9887a69,650,6701,https://yt3.ggpht.com/6ZqG20vRAqamQqKRZ0ETHBHBkEUoCLycebYwXYt694VPy2dWr6hPdurXLlT_7yKARgPc2-DGTg=s88-c-k-c0x00ffffff-no-rj,1401,https://static-cdn.jtvnw.net/jtv_user_pictures/5173bea7-0c39-415f-97be-82ddaea7b919-profile_image-300x300.png
160f90709224412f9cfc2aaa88e89a57,2980,104617,https://yt3.ggpht.com/dJr4QWKxOKGbw6Ar20DUarMJFxxV82fXWAigTgtUHdlkdCZOAHXxnsG2N80fi2T6qfM-PfRa=s88-c-k-c0x00ffffff-no-rj,,
1618171723d84cbe8b57cd69fa6f477f,111,2044,https://yt3.ggpht.com/AizDgXYrA0urNzVvjq54VfqufM_COpLy41C7JTJvz0qESaHqVi656ABJ-1-Ukq9-P375L8Df-A=s88-c-k-c0x00ffffff-no-rj,643,https://static-cdn.jtvnw.net/jtv_user_pictures/2bdf96fa-e6f5-444b-8f94-78f7dac28ed7-profile_image-300x300.png
16197a62aec94bcfa2e73220f291369b,4380,78587,https://yt3.ggpht.com/DRyoyUwOkiXjFv52gS-ARkmuZ3ZcaVIqiQHuNM_uSyFOz4QXeEsF4y6TD4UPn9MBLfs5P_mb=s88-c-k-c0x00ffffff-no-rj,,
1672489021244abda07543ce42d6af07,419,12486,https://yt3.ggpht.com/F4kIO3XBOU_pScJPWCh7IeKXthNXF1R8YbELb1kCmZfn1hGMNUOn5pxmp8UROzsc3pC23ZMalw=s88-c-k-c0x00ffffff-no-rj,,
16896dffcb474d7aa21540c944a2f7de,,,,2240,https://static-cdn.jtvnw.net/jtv_user_pictures/d2755b18-bf5f-4a8f-8bab-682af6db0e2a-profile_image-300x300.png
169c2f21a36649dea2b55c105fd6f337,671,30495,https://yt3.ggpht.com/E6hznJ3J1Wzz23nwGnVIr5N1jYY1Lb5HV2SSRm4tRFDYnmcBAYD7KaFgeQjhmzLCWLWJMRnS=s88-c-k-c0x00ffffff-no-rj,270,https://static-cdn.jtvnw.net/jtv_user_pictures/09402c68-5dba-4ea2-a507-40607980ca08-profile_image-300x300.png
16b8db1818764f81addb322d109b5da3,3380,170711,https://yt3.ggpht.com/u2rSGeWtZFEdg1EtRQ5IcnqNtHQ2b53q23VIgjrDBQxmVX51zvZtizFVFJF3DYjr-jmrkBaGVQ=s88-c-k-c0x00ffffff-no-rj,,
16c4a9b7211a44f6b98d8e1aebf4ea70,6140,209244,https://yt3.ggpht.com/-szuqFHlEl5npELb7fiaSpbUqK0rxi1G_A3_dUjqe9pjx2iPTc1QacY_eUybfThqU5PGpZwmKA=s88-c-k-c0x00ffffff-no-rj,655,https://static-cdn.jtvnw.net/jtv_user_pictures/52bfdfb2-664f-429c-99ae-dcdbcecff7ea-profile_image-300x300.png
16dba95f038f4b5ca6d3599c80ebe118,83,1427,https://yt3.ggpht.com/K3h5AU3pKjUXGJ8GG1Y8gBmVJ6WRAtvqtqZqB1vPnu5VL_5bKDYN1lBvwoaQryFAECEuRlKO=s88-c-k-c0x00ffffff-no-rj,,
16e0b967de004b45b5c10302382ad43e,99,1396,https://yt3.ggpht.com/1TF2y25puoYqom_9mcMj3ZQNVuvh2XjF24c0pORvH37s7MKPh0KQUCKvjsRwPX9dyQAhCdQ2=s88-c-k-c0x00ffffff-no-rj,362,https://static-cdn.jtvnw.net/jtv_user_pictures/4377e79b-1e2b-4d60-af9c-3327558c78f6-profile_image-300x300.png
17143fd7a2eb41aab006783b2584dda7,544,12085,https://yt3.ggpht.com/hC3lrJpAHYSSs8AXYoLMpSdicxcoSiGseoxxIRwOC0-vxQZUnZgufZzw-kVGusXmkklkfbvqEA=s88-c-k-c0x00ffffff-no-rj,725,https://static-cdn.jtvnw.net/jtv_user_pictures/cf55190a-dab2-4e96-972b-91af7fc49af3-profile_image-300x300.jpeg
1756e5a7f5a04ff6a7b5f482201b5cfc,2220,44308,https://yt3.ggpht.com/gCjVLFqzMF4kWWTri18dM71kpYAcWFcX1e2QnRbx4CQNG8Mh3S7fK4LrQMuBAyku0Y75E08H=s88-c-k-c0x00ffffff-no-rj,22781,https://static-cdn.jtvnw.net/jtv_user_pictures/ee07f6f6-4589-40c8-ad54-5d52e98d994a-profile_image-300x300.png
175cfc69dbb34f1a8987f24a935db17f,5760,197219,https://yt3.ggpht.com/JwePXXrYdPDC1V9n3v8o8eH1lWT_RRKg-lgTuzPbEOP0fSdNhftDYkwv-hJSzzw8aZbjU_oa9Q=s88-c-k-c0x00ffffff-no-rj,,
1760601b33854f2ab58b6217bd2cfedf,536,32474,https://yt3.ggpht.com/wyWZTCvyfpUZGCRUpRdXjK3TBAd1gR0UZi7rvedigtTtc8hdXrw6wcEgpdEBStOPhU8KttdwBA=s88-c-k-c0x00ffffff-no-rj,,
17610c1e36214c0f8002456d8b0bcf36,2540,105928,https://yt3.ggpht.com/SuJdiCajiemI5iA0jh0gKTVeX3UhoN9R9BvKiRqPmYCFBD4uMAYBOOe2420yAcsxZDa14wuvuOc=s88-c-k-c0x00ffffff-no-rj,,
17946118c2d641819c847aba0c491e13,779,4117,https://yt3.ggpht.com/rSCmNF1tgXPzzCmVIJmhtzCs0MsmV74zL1qriAlSOjHf2PUvNIb-SYZD9pWqGo2jVJxgbq-1=s88-c-k-c0x00ffffff-no-rj,4949,https://static-cdn.jtvnw.net/jtv_user_pictures/20c05989-b023-4ee8-b765-ffafe21aedb0-profile_image-300x300.png
179eb3fd3fb34ffe93859dd945b1b3a6,1000,4149,https://yt3.ggpht.com/pE0a9J8WDm_Y9XqZys_rCF8ZB2y_Y4-t61asTWZgxQsgLdQpL_qt70wlQE_Hha9OQjoRFmNc8cQ=s88-c-k-c0x00ffffff-no-rj,,
17a340801a7d4697be53c472c621993d,476,21941,https://yt3.ggpht.com/xajg7cnmgwfWoKvtF6Yc3S_E7RF4qltpRz8kzSF6CKbrVgUCNfYrenA3WhzrOmwy284eWNZn6XY=s88-c-k-c0x00ffffff-no-rj,725,https://static-cdn.jtvnw.net/jtv_user_pictures/6d1deeee-d947-4af4-89e0-3cabf204c669-profile_image-300x300.png
17b1d3fb1e1944dabd5e6a45f94e2f6b,1300,44827,https://yt3.ggpht.com/6mD3MMTL_1ec8Z-if-63zpzmOZH9kB7E4wHJQ0J5XCbWdNeDGiRu0XWxJkeBlQa3Bb6j64aKJno=s88-c-k-c0x00ffffff-no-rj,,
17c335762a694402b8cb9a96b2865572,66900,5382337,https://yt3.ggpht.com/X5Nfyl8twLp5efw4ZOHQ_Vs3Fc-RoMPY9n32K2N6S60d2e6TjvgfvjG7WUBD4OIFTlXhgqp0Mw=s88-c-k-c0x00ffffff-no-rj,,
182c265206924dccb716fc21b37486b0,524,8757,https://yt3.ggpht.com/ytc/AIdro_lu1WzXlDtmRsNBj0cl3Zg5s0YoBJH1taqokYLOR1jXiw=s88-c-k-c0x00ffffff-no-rj,,
182da09d8d454f37a52ec546cbb35e39,219000,9894361,https://yt3.ggpht.com/hu87zNYr-KH1CFjn2dFiDfQsQcd71wMTIKMinRDKtDjP0BS8QgqPZJkjrIepZnTDwFQJ7GM5ew=s88-c-k-c0x00ffffff-no-rj,,
183c98a5b67141469d956ff89efe35ec,735,0,https://yt3.ggpht.com/8rXfupK0lFQyGnWzHIQCqmCRvHOL4GGOicll-AK4WXk67CIs7W2C_ozoBHqJetxq4Yy7RIdWQQ=s88-c-k-c0x00ffffff-no-rj,,
188108fa6e2e41afb060e4038e49d4ab,76,2511,https://yt3.ggpht.com/gkXWmRfhH_GPnpVIUGjcjc6lNwxm-AE6HE-Vgo7Y9wXR9Q3p04LyHC7oXhYgFUEgani4NAyD0uI=s88-c-k-c0x00ffffff-no-rj,732,https://static-cdn.jtvnw.net/jtv_user_pictures/3277d6dc-c2ca-4186-8abe-c048ff050344-profile_image-300x300.png
188bbf1349f1482cbd24d06ba720cf17,1250,10654,https://yt3.ggpht.com/cwbtrDlrrkNwsHLxatb15UyhC9qdgNtLHEBhf3uaDJ2K2ab_G6xseEH3N20MO4hybxJI-evm=s88-c-k-c0x00ffffff-no-rj,510,https://static-cdn.jtvnw.net/jtv_user_pictures/7fb850fb-93f1-4647-a12e-0d323b2579e2-profile_image-300x300.png
18bd2d37e2e64f0cab20ec6a2b2f2474,17800,616499,https://yt3.ggpht.com/kgt77IZzXCGnnFdfb4YYoznHtiEIiQnxm6QeLWRVttCE6JpR6IG-fc7VXBlL8xu3zvck40IvGg=s88-c-k-c0x00ffffff-no-rj,1769,https://static-cdn.jtvnw.net/jtv_user_pictures/744a5d9c-a3e0-486b-9297-da8f784da5fb-profile_image-300x300.png
18d1c00e0bde4ddbb8be5eafe0967dfe,1150,52275,https://yt3.ggpht.com/n05B6xvZuL3tJd9W2O-W_dwsf1Y_8X9G7Y43YxgbKLsO0bIQF4A66hRQSX6qMSyun905sY00U84=s88-c-k-c0x00ffffff-no-rj,,
1901cef25e9940e7b3da42d3c189cada,2660,31950,https://yt3.ggpht.com/QP6NHGbzqnDdLd9BoZ8d8jffG-IlGuBZyTd7lb2tm1kLWBBoOPjwG0KQqbe4DRBBUvv9Wzmm=s88-c-k-c0x00ffffff-no-rj,,
191998e9f0ec4d67a19da194af311636,3520,20532,https://yt3.ggpht.com/W6ZD6Q86qLiNnx0J53Jde4J-gyr7tzDp86rWgceFQoGSp1iu-zHruJUod9ykHJvalzQCI-5WVg=s88-c-k-c0x00ffffff-no-rj,,
19234cc590224c45912a14487f756dc5,27000,1884355,https://yt3.ggpht.com/07JqV6Y-VhZMZeb-h6u3j0qKBVt8b29j2uNlFHFtP4RfimUpsq8tq5FSLfxJaavbBVUWBlG6Kw=s88-c-k-c0x00ffffff-no-rj,7406,https://static-cdn.jtvnw.net/jtv_user_pictures/860b2151-2e32-462d-b2ad-61da6b5ab4c0-profile_image-300x300.png
192be77802a54229bb67b40c00978520,262,1789,https://yt3.ggpht.com/WfxtwB_8ZFu_WL7GvQ5sIjt9KluHHtFSqzQ3MLQc6qpsWbi27mng-5Zi-T9HmL8syimgGQXwHw=s88-c-k-c0x00ffffff-no-rj,1067,https://static-cdn.jtvnw.net/jtv_user_pictures/818446fd-3b80-44cc-9c8f-f38710d59a68-profile_image-300x300.png
192d2decee72410e8346c135c4ac6e00,33100,1248212,https://yt3.ggpht.com/OciZ34ET06zjQAzmXIildfc8875Y_hR-MqvrI9cXxfVx7po-C9-6kzfT8ch40OyU6HL-0Rvf=s88-c-k-c0x00ffffff-no-rj,2279,https://static-cdn.jtvnw.net/jtv_user_pictures/d0b2b5ef-2593-4246-9fea-8f32f2550315-profile_image-300x300.png
1937fa889b474d339713d1117f435018,4850,505190,https://yt3.ggpht.com/OIQhsZm5CT1uofKb5uu5K25PuPBUMCjGxgVv5DedzynCzaHpXix1Im4mtVlYxYVpGGPwK-W1CCY=s88-c-k-c0x00ffffff-no-rj,6144,https://static-cdn.jtvnw.net/jtv_user_pictures/de74e74e-ae41-438d-aeae-4deb9c01195f-profile_image-300x300.png
19a2801d800547e58c6560aa1accf3e4,1680,71850,https://yt3.ggpht.com/VnXK23-KBUDCxBsWUuPRqJJGYR1SKOr12rF8E1JLd0mFF9ZrkLL53uY7t3fFLHVEDZXH-m-srQ=s88-c-k-c0x00ffffff-no-rj,414,https://static-cdn.jtvnw.net/jtv_user_pictures/2d4f782a-bc5d-4f74-b88a-62a62bd1368b-profile_image-300x300.png
19c3bdcc95134ef38ad98df3f92f3ccb,3980,199013,https://yt3.ggpht.com/6WcNQ3pGCnlzuc5V9WHKR5AMhYwKvHwdRIaqcevurGlEYKlE79Iaz4_Vivk3HJ6EtruwaR0xZg=s88-c-k-c0x00ffffff-no-rj,740,https://static-cdn.jtvnw.net/jtv_user_pictures/aa21536e-1c16-47b9-9a48-2ba6ef12788d-profile_image-300x300.png
19ccc34670ad4ea6b4d8bc5aaafdf876,607,12636,https://yt3.ggpht.com/rWNfzcWFiYqwTKo6yyLVMLsQWqDi9eE3pcMA_iEueMFN4b9nfoNmNXQxe2iF-pdxas40cj8_XQ=s88-c-k-c0x00ffffff-no-rj,,
19f507cc460a426cb02013fb203bd0a7,494,12900,https://yt3.ggpht.com/qAD5uaZ3i3MTvQPbmZklwCxj5AotLAds-2KDIop6nbTQaNBPcpR7JDiEnuhZcwzQr-fVYHV3Df8=s88-c-k-c0x00ffffff-no-rj,393,https://static-cdn.jtvnw.net/jtv_user_pictures/ccbae91a-4b12-4c5d-948a-ea8af332516f-profile_image-300x300.png
19fdf3885dcf4d45bdf768a6f3fd99b4,4,33,https://yt3.ggpht.com/ytc/AIdro_mU_H3t9oW_tpXa7CCfsUPVZQLFtmmZTZUmd_Q5ErZK1II=s88-c-k-c0x00ffffff-no-rj,597,https://static-cdn.jtvnw.net/jtv_user_pictures/06f8eb0d-7af1-4e1b-b752-490efd4b2d22-profile_image-300x300.png
1a39f2817a8d4b2d941677c2a07e896a,360,4112,https://yt3.ggpht.com/smpBWKGrFQ3fdnJngT-U4-MHsXXrK8ncsfphWD7WvQk-oszqz0NQfGkwx2WOhC1E3jHv_tjifvk=s88-c-k-c0x00ffffff-no-rj,,
1a3a0feb188e499ab4972c971d639f58,5850,253446,https://yt3.ggpht.com/0Sd9mCOx72lwR4V1ZenJ6gdk7XzcS90kg6AUatryWKvEQRsnTMxacehbL0lts9NttGV9MMBt=s88-c-k-c0x00ffffff-no-rj,,
1a520f3d2665454f985490e42467ae27,11800,253082,https://yt3.ggpht.com/Mbmp3pbafplbkXnokstkdNIdvJhBJ3_xF0bbxk8tDPT0xdjlNaAQ2-giw4e6sPIyVLZxpIW_m3c=s88-c-k-c0x00ffffff-no-rj,,
1a95847597f04ae39d6f0d9caba04a5f,437,15109,https://yt3.ggpht.com/ytc/AIdro_nILJkQb-89PfSZI8eSDA8O0slBpPsfrEBftJDxgRIBP5c=s88-c-k-c0x00ffffff-no-rj,1157,https://static-cdn.jtvnw.net/jtv_user_pictures/bdc1743d-910e-4e5b-bbbe-4635839c7ac2-profile_image-300x300.png
1a95bb88e451498ca3491b69af964588,,,,34163,https://static-cdn.jtvnw.net/jtv_user_pictures/825d4e86-95bb-47b5-b752-22ec421bc28e-profile_image-300x300.png
1aac7d12633a48c2b8f39356ee85de48,4640,117777,https://yt3.ggpht.com/zm5lHuyBeZuWnGtX3e_yjnry_clCaoEA91-S2trOMrJiQ82Yj5xL6w1pIEFaVjwYUSDb3HOw=s88-c-k-c0x00ffffff-no-rj,2472,https://static-cdn.jtvnw.net/jtv_user_pictures/41356ca2-1595-40d5-9f8d-55f72c7b52c1-profile_image-300x300.png
1addf96267ac494bb73c9e6f6e1793b8,,,,2436,https://static-cdn.jtvnw.net/jtv_user_pictures/78bf72b0-b1bd-437b-bff1-8ac295959e74-profile_image-300x300.png
1ae72d56be5547b1825cdc0fdc0cce2e,7210,38249,https://yt3.ggpht.com/UCCjv0AFZXrDBzPy6wcKs4V9egBfqj06Skk_G47k2NSH5HOQsVrrEGtEVL1aFhj2LWF338fvyw=s88-c-k-c0x00ffffff-no-rj,,
1afd3fcb51954f6ebb2b73a6cb849d40,73,86,https://yt3.ggpht.com/RzTWskNuR_uiWI92SbiQq-dlAom5RKPO72-SGmHaLNj8YyBmU9NlRZ57VzGugeNECV06q3dw=s88-c-k-c0x00ffffff-no-rj,275,https://static-cdn.jtvnw.net/jtv_user_pictures/3fe163f3-7c60-407b-b0a9-358f772a7023-profile_image-300x300.png
1b45eb3857ab407cb97447882c2ae525,1630,57993,https://yt3.ggpht.com/AB6fAT8VfOYgtA0srBAtY14NlI-Q-p3U1xVUYyG0mzfKhUN9nPNCelD127ld5NBanHTFkTjIga4=s88-c-k-c0x00ffffff-no-rj,,
1b63d89e0b1a4b579de6d99e25eaff8f,58600,8419156,https://yt3.ggpht.com/8LGo7uH0bUotyONC3K21m2BD1ZoyXfmEzvyjLs20R4-ugLptX7rv-o5UPd6cKpR-SlUkzerPqA=s88-c-k-c0x00ffffff-no-rj,8937,https://static-cdn.jtvnw.net/jtv_user_pictures/72bd3714-8d7b-4e33-b21c-a5527364df8b-profile_image-300x300.png
1b863baf309a4ff587385012bb5bde51,1600,135244,https://yt3.ggpht.com/CZ20vwAQiPc8464BG9QCV5sp9jUEF8GzCpgglalCmq-WwUEouYAt3zFU4W3kY8TI-OQKuOf56Q4=s88-c-k-c0x00ffffff-no-rj,350,https://static-cdn.jtvnw.net/jtv_user_pictures/6abc996b-52c4-43cc-9385-0a6a10cb4b3d-profile_image-300x300.png
1b8f1c5c6e784ef4930d7e0f1dc35e4e,656,0,https://yt3.ggpht.com/t2WSZEoByCP2kYPN_TzX6h1VV108wrP-ffW50bGOO2MWV7YcdFe8BcoQdvtNag5lN_kfufYJiQ=s88-c-k-c0x00ffffff-no-rj,,
1be04e1564c34845bee20467cdb8cfd1,1550,109488,https://yt3.ggpht.com/Qgf9EXT3A1lL0qj1ut3WbZhO_nKo5ts-cK0aImEYP1G1fWJV0N3j0S9aQ8Ct-jNQWxrZGYmnvpI=s88-c-k-c0x00ffffff-no-rj,,
1be625b10e2f4e65bab5b19d10a4d0b1,1550,18159,https://yt3.ggpht.com/b2Gk82G3j6yhSnKnb4aRImRnD6M1crEJ8bDmsOLTpIwo-6Jt0HEFHDhAyxMTJcFl7x3XMkEj=s88-c-k-c0x00ffffff-no-rj,,
1c096a5610c0459b84c74213c3b30f85,349,18454,https://yt3.ggpht.com/UMJyP3ReXz13sgRvQavAFy5HdOuPfK4f8hmiZAhqQdmci5EHZmgl8LMBF3PydYC_mi1MaSnJ=s88-c-k-c0x00ffffff-no-rj,224,https://static-cdn.jtvnw.net/jtv_user_pictures/666ce39e-0d6c-46f0-a3bf-98d93c7ecca6-profile_image-300x300.png
1c2de2bbc8ec43c49a84e3b3e67c8ca9,6270,330735,https://yt3.ggpht.com/jIfhmXTZ9C9gCrm9m3h7w2Kl_DavygtoEI1ozKIL2Qy1bFVvVgE0gqUijhQpGPLJPtUWWf7uww=s88-c-k-c0x00ffffff-no-rj,,
1c4d1b6728454276a4a5c4e0d6a94a20,2100,0,https://yt3.ggpht.com/8i0OwP06b5CHU6ciOCjEAndazS-KLe-HVCQ_qYcEOtyuDz5bhrtBRIsaDSN3yV62IZ0hV0j7mQ=s88-c-k-c0x00ffffff-no-rj,,
1c5619a4ece046dd8ba68ed343489ca3,527000,112021700,https://yt3.ggpht.com/ytc/AIdro_k1Z2wNTct9R3j4zYtjNDfMtsFZWVLdIfhQaLBw8mxwRQs=s88-c-k-c0x00ffffff-no-rj,31918,https://static-cdn.jtvnw.net/jtv_user_pictures/35c62237-00f7-4d97-9f35-03c50e3b0974-profile_image-300x300.png
1c6ebd51e0fc4ebab88347e853335c87,17500,207985,https://yt3.ggpht.com/wiwrcGMciXFBZvBktc2ck5Sgi3HiEnIT7xNLiyhWmg_3LPpV8rqtf6TXyLX9bHRb9BTifFwgmQ=s88-c-k-c0x00ffffff-no-rj,,
1c94e6e4d8cf4f8d9195385a9024275a,7620,79893,https://yt3.ggpht.com/u48paxt2nPPf1GEvxBBCJEv98Mfu-fwfCQsVQxnw7iy2ltda3Si1yuzr_rHa1cMHH3d0EcH95O4=s88-c-k-c0x00ffffff-no-rj,399,https://static-cdn.jtvnw.net/jtv_user_pictures/f2cc1b82-f1bc-425c-8bb4-a2455d67fa71-profile_image-300x300.png
1ccdbe5d48934f4cbabc86512dd1d357,71700,4866813,https://yt3.ggpht.com/EiXx2rZ6H0vP5277BDSgfPbLCfT24tpVpjR75SnlHuCcwmE_REEDYozWjtN6jr_F5IyF_32G6W4=s88-c-k-c0x00ffffff-no-rj,,
1ccf3d7852d34137b9cc70343dcc41bf,223,80536,https://yt3.ggpht.com/RecQqwmypvWKBCQazbhnWVgdLxPTJJqooPMXTv5GVJX8_6jXpWI8xhHaGTgzmpgfe0BNNfltIw=s88-c-k-c0x00ffffff-no-rj,112,https://static-cdn.jtvnw.net/jtv_user_pictures/8101db4e-27b7-4e54-981d-6ac3c2307145-profile_image-300x300.jpeg
1cdbceb7ad414bb59b3a9563a93fe840,1110,32084,https://yt3.ggpht.com/W4aJY8Ly8KN7mKfWlG_a0c9-3rHrgK1TV_LNRAB_ZcOWT9b7g-aHzxjwCmYtl_w9LH8ql2JCVKU=s88-c-k-c0x00ffffff-no-rj,,
1cddca10dd334373b8f51b3b0ed2efe4,379,17102,https://yt3.ggpht.com/bvF_6OVIGbLi6I5y7oBuT-hbG48HJPMyuvn8TlNUP1olDDNEe4k6zPRIlxc8rgPc0rN7tfEcFr4=s88-c-k-c0x00ffffff-no-rj,,
1cfadb0d2e154a258c3177ff8264336f,45900,3725409,https://yt3.ggpht.com/n4viwqg2LyRCcdvFJzRyq2ktGlUQsTP70t7wvrQA-GxCc0jDA5zT8F7KeqrO5VPaYksTXYT3aQ=s88-c-k-c0x00ffffff-no-rj,,
1d14efa0dfb34515831c46b7dfddf819,11100,519041,https://yt3.ggpht.com/BMcRCYLSG8_QmrFL6zchl6K2gSmzIJDI_RpHqxD3hrWsb3uYeUwTnTPz34NnasNZ7aBqREgkWOk=s88-c-k-c0x00ffffff-no-rj,,
1d1e155c827e4ed2a0596c256983c22d,661,42021,https://yt3.ggpht.com/stpU-1N-c376BX1I6WLHtzGykv2MGP-Xz12n5WG-cAGYmWQTGhV7JydWv8KadNX4eTAt19UDyA=s88-c-k-c0x00ffffff-no-rj,1749,https://static-cdn.jtvnw.net/jtv_user_pictures/2ed5ea03-4554-4ba0-8a8f-d87583d2dbcb-profile_image-300x300.png
1d2404a7bd5a4baab9473392d62e7ca9,15100,463158,https://yt3.ggpht.com/Cc8iBBeq9hGhk42zTNgJ2NROXnfujs0gg-klGNH97IwiLTlppYJ5YYRPC4sAbewbBfetbFbhUSM=s88-c-k-c0x00ffffff-no-rj,8717,https://static-cdn.jtvnw.net/jtv_user_pictures/85a6feec-1357-4cc3-a7fc-b9136abf142a-profile_image-300x300.png
1d5ee3e2653b4ae5b1050533f8d1ae31,9510,12065,https://yt3.ggpht.com/AC9k7dfa5GKyaTzjAQktwftWsnyblO6JcofLTxbe6sdeDyqjDzPI7ftZ-ej1T3TjY-couw2xfQ=s88-c-k-c0x00ffffff-no-rj,,
1dab397f9530482e96216024b42f5ef3,1910,71341,https://yt3.ggpht.com/hrJJKCnChhX3v2tz4Ms8kQPXtAfMsxrEsP7jtU9XCqQQmKnEfvXduWbPRXBFlHmRQ1fGhQ1U=s88-c-k-c0x00ffffff-no-rj,228,https://static-cdn.jtvnw.net/jtv_user_pictures/e34ee56d-3587-4088-bc43-550b35f2bfc7-profile_image-300x300.png
1daf23905a3d4aa9a59273e563e33382,90,4155,https://yt3.ggpht.com/5Wz27k6YTnv8HtTYn8LWii2SAMtqyh8dJv24WkZL6aIFQkTxhHTv3TozqPS-xR4tZGfCUo_NSw=s88-c-k-c0x00ffffff-no-rj,1887,https://static-cdn.jtvnw.net/jtv_user_pictures/7ba4d582-4fbb-417e-af8c-f4fcc22e52e5-profile_image-300x300.png
1db7ec043f284eaea0bd2213ecce2bad,33,14,https://yt3.ggpht.com/-0Mruqw2Qq65HxMu6VPfNREKmF8WS9OVHvb6Ap3HQRazE9Kid3vjoWgr2fnNVBZxBUYY4Db6MVM=s88-c-k-c0x00ffffff-no-rj,,
1dd6fdbb4f764fc3a18747c8adbf0692,6720,207667,https://yt3.ggpht.com/V0rjgNlWYwzTdpmqif6tICg45TrDiMJx4fq7BIZ-4tJw7BvEe6kMulsjFvzgE4tAUGkg95ubvw=s88-c-k-c0x00ffffff-no-rj,,
1e06211caf4f4afa98125699a4c66b5d,1230,0,https://yt3.ggpht.com/WKoEmA9ew7C-9f8ZNl_QFfhomr604RrjE5IvKtjTup3SDM5G_vu8aHqaEu4foahggZEO4oFC=s88-c-k-c0x00ffffff-no-rj,,
1e0ca2c7a8d7493baa62b792d78e7b07,1680,125638,https://yt3.ggpht.com/lUgeqbpHJeZ_ZhRbW2S6F9OJV9O6s6X-UUDsYIHwVNfDCDQlQQXAt-kJ4ZNT1GWBeG6V0g4F=s88-c-k-c0x00ffffff-no-rj,,
1e131b3460564fd49ca9675ead6ad9c6,104,2879,https://yt3.ggpht.com/jHJfD9CPqS4zmd7z6e9Ey_zf8IwEP61UC673FibIXtQNu6GbvmJs3hOkMZYp0UYBv_DZYqha=s88-c-k-c0x00ffffff-no-rj,,
1e4f8348a36e4ab3abda426f1810513a,511,12274,https://yt3.ggpht.com/R0vlCowtSjpr6C4dkDtVkaGClz5lYEY36tf-HIGlwVKwinKKefGAos1GTxyTbAQx2vOvmaGo_8o=s88-c-k-c0x00ffffff-no-rj,,
1e59cd43a10a44edb1407fb8ba8529a8,310,10969,https://yt3.ggpht.com/jnw5m8cpCGzMghZOUGve-d4e8PFlKs4QliIfcApBtq782gq8YgoWAfW6x9LgmHeUciEGbfof=s88-c-k-c0x00ffffff-no-rj,,
1e602bc3e53a4fd2a1cd28a053988fbc,224,3431,https://yt3.ggpht.com/5ZTF98Lf52t2ZpdhHgEwYsZwv2q5-CvBvXXrk-B50iC8K_bsRiE3j-hQ3D4zkHJJ_n72oVxBLLQ=s88-c-k-c0x00ffffff-no-rj,,
1e71d9b4bbb1411b84e1aa428a79c9bc,4730,62943,https://yt3.ggpht.com/YB1CgJA-hRPj0IQpivfQovCavxxEUhfxvdwHfs3pSS5NuNv_8FtQRWY4qemgpzlApXDfU4P_8A=s88-c-k-c0x00ffffff-no-rj,,
1ea0189fc3ce47fb9461b6cab10d78fe,103,1506,https://yt3.ggpht.com/ksbRmBTwdns6OeCzEPu5ENKk3uZmMVkp2k3GW7QB1p-kHarZ97yyaHBOUwX6rZGrpz8Oyxa5Ug=s88-c-k-c0x00ffffff-no-rj,105,https://static-cdn.jtvnw.net/jtv_user_pictures/7abbaa62-bc9f-43eb-b7f4-71f815acd104-profile_image-300x300.png
1ea5aa0a7a7d401b897630667cf4b44e,1380,70174,https://yt3.ggpht.com/vn2rR9zNLCx55HK8cY4yD6b870qtBM2PIAQEjqpl4OvN0r-qS8zJlwrv-y80h3vKSRXMskYFXGo=s88-c-k-c0x00ffffff-no-rj,943,https://static-cdn.jtvnw.net/jtv_user_pictures/6d46d821-e061-4e1d-baec-bf0fc005a97e-profile_image-300x300.png
1ead15220cb842a79c3922d08d618e31,2310,4391,https://yt3.ggpht.com/DIraLLuoMzA32su0SEh0EXkGbaygnmBVbOFO7RFbELkRTLT3nZZI9ezn0ZN7gneppP4rZV5ajg=s88-c-k-c0x00ffffff-no-rj,,
1edf4940878546569e52dd06c95b8581,29400,1462170,https://yt3.ggpht.com/SExHXe4pyzGxYjU-1SZpOPw-ITNFkiQfVokGh98G6jguLomngBlizKfgjP3Uym02GLeVqK8H=s88-c-k-c0x00ffffff-no-rj,,
1ee3a662da8a439887a931727cb07317,918,83186,https://yt3.ggpht.com/7uqqsG_9TJRG0KxwqyQ49eawGZA2VWAmBWPDdRQhhqSnVuNtyzrn3E4RPqerLzrRSP9vnRgD9a4=s88-c-k-c0x00ffffff-no-rj,,
1eec022f916a46b58f5124936afdabe3,10900,156899,https://yt3.ggpht.com/MJkM6XRNQ01Kaf-U30QxquCMW27wPIHomJ3sJGAPf00lOzz4jF4x8zYFVrkcUCr39BICzRp_Y9E=s88-c-k-c0x00ffffff-no-rj,,
1eef416d7ad94b6aa728e10d6da10304,1250,59264,https://yt3.ggpht.com/pVdAXZwc_szQV5GjhsSd5fKLMIN-lgtV4DI3uxqEtskr-1UnewE3dvj8edO28utwvSurPF3Ygg=s88-c-k-c0x00ffffff-no-rj,,
1eef7c0894a547a2bff186f6a735145a,934,14781,https://yt3.ggpht.com/5v5I-eWe27paKnISBG2sIyYkrtGhZ2Ej5EYpxcfjquUxV_sjVLdINho8Ge88WgrqWw-m7ZCrLA=s88-c-k-c0x00ffffff-no-rj,,
1f28ef7a3c88413d846f01c6d9c36e2d,137,4480,https://yt3.ggpht.com/n-51OlNHCQ3q4oXELfVCj9A2eSKlOKWrPt57--gJQCOiCLPQmLzBgTbnASyVDcXVNLa7CCUVIA=s88-c-k-c0x00ffffff-no-rj,,
1f2b5204983b4d5ebe0a9352de3a66f6,5030,122085,https://yt3.ggpht.com/gq1CeOK0o91oXJofnv1W0lPrwez0IWHE1_lMs46AM-eqjyuUiOM__uwRJlNJn-StNL8VU5osmQ=s88-c-k-c0x00ffffff-no-rj,,
1f378a6e115046ffa1a17f9079285d4a,517,6694,https://yt3.ggpht.com/tGklPTGh2NjTlZkWG0WFyRL_TitqEPs0bMZ_dexl_8eLqy0NiUaKixQA9_QMwtXYx-fKHryIFQ=s88-c-k-c0x00ffffff-no-rj,93,https://static-cdn.jtvnw.net/jtv_user_pictures/d402e370-415e-48d8-bf31-263fea9f29e7-profile_image-300x300.png
1f445fb1ee7447c2add6738b86570b2e,1690,69303,https://yt3.ggpht.com/V7NNMIeWAMUdT8kaw03DxQWxV-bigBuMbnZsX5exEgaZCcJ0nY-L-dLZ8TfiyZGRuzJGZODM=s88-c-k-c0x00ffffff-no-rj,,
1f455594561b421da20dde10d1540981,492,23363,https://yt3.ggpht.com/qqSndo7AOs_o1XwYsS55-4XtlSb606l5EBG3tsDAjgSBg7qZq_s10Bp2CHGUw7nP8qzbuohbSA=s88-c-k-c0x00ffffff-no-rj,5812,https://static-cdn.jtvnw.net/jtv_user_pictures/859b8e83-af19-457d-b649-79349c98eeee-profile_image-300x300.jpeg
1f54bc2ce03344728234e590bfb0134f,31600,0,https://yt3.ggpht.com/ytc/AIdro_lqZZRWVeH6XqGcG2ZzeqBwu4JEmbDI7YNnRMhtqBHk1FvxA0I=s88-c-k-c0x00ffffff-no-rj,1499,https://static-cdn.jtvnw.net/user-default-pictures-uv/998f01ae-def8-11e9-b95c-784f43822e80-profile_image-300x300.png
1f54eafd17434cd9bd175d27b72c2228,7000,181601,https://yt3.ggpht.com/McszUvqGvs8cj57c_bv03dKfjszj98I4_aBFyiQRq3KzqJSEptnLiZsgU6y870YBmZL6oPWfay4=s88-c-k-c0x00ffffff-no-rj,,
1f9790fcccf04b5b871fea65e7f59e30,693,32255,https://yt3.ggpht.com/fzUPQlH_QW0ItACwNIK5SLEs_2FdQZPdtBs2nq_onX_-zFfnIYFu-K40pEiKWFYsl0nM4pXh=s88-c-k-c0x00ffffff-no-rj,,
1fa9ddce23964bab8edddf7f18dad2f3,107,294,https://yt3.ggpht.com/D0zWxg_0VS41Be-MFeZcqF1Jx3SdPgdUfsqkN4pbAp1dZQt8DsxMNOzypmXWH9pOjC1G87VUFw=s88-c-k-c0x00ffffff-no-rj,1515,https://static-cdn.jtvnw.net/jtv_user_pictures/5076d316-788b-46eb-9691-9e933dedb375-profile_image-300x300.png
1fdc000815cc476dbc9d19aa431305b5,1580,39849,https://yt3.ggpht.com/gg46J80Pc8bl8UyEeFF58pUKF5FRjoWT1-R9I7wLkGv6PbAmGzhsb0z8DmLkGHARISTqZMl2Fg0=s88-c-k-c0x00ffffff-no-rj,,
20181f161f2c42d49003d8dee458dd5e,108,1592,https://yt3.ggpht.com/NmAh0PIXYOho5P1Emh4nNuBUlatek-KVjzKnt6vAyvD3H4Jly458TfL6zljGv_LLEN2f5TGg_Q=s88-c-k-c0x00ffffff-no-rj,36,https://static-cdn.jtvnw.net/jtv_user_pictures/ffc92771-8573-4382-a002-f57b55febf39-profile_image-300x300.png
202d7c3df0a0489288ace48e1e81ac9f,191,4544,https://yt3.ggpht.com/r3roy-a6TeBvb4dmnh0qbWUnCHr1DEDP3S8oOul49uceDBjGVeObnhdN4gamTpppHBNGSzapBA=s88-c-k-c0x00ffffff-no-rj,80,https://static-cdn.jtvnw.net/jtv_user_pictures/1e400979-ec14-4d49-bd0f-1a806643fd0b-profile_image-300x300.png
20327c35cc9d4deba93299b790d7d721,2100,92617,https://yt3.ggpht.com/EHJ3uOKLcGbKIvSa8s0nk8M2O0s_ffxzBsljDU_koL8iHxMhtCN3fyNXXcSMlTGxg_3zCT5PKg=s88-c-k-c0x00ffffff-no-rj,,
2047c8ae25624470b90251b1fd9502d5,694,27171,https://yt3.ggpht.com/iWGoc9oEipoPq-4MT9BXHi_214AWMfYabOLCP9jB6UeZis1FMlIUMFE21XlIMOyImkodgfPJ=s88-c-k-c0x00ffffff-no-rj,,
20915e6ca29e46589858783bae3a4885,700,20756,https://yt3.ggpht.com/WlnZNlRyCxyisRjZGjoIMdKYEJ2dvGGdEFEXZwukUy1Bbq95pC1G2Is_05EauZAcN_bTN0tu3A=s88-c-k-c0x00ffffff-no-rj,,
209a528363cd411886ec9e5d086ff1bc,8960,755598,https://yt3.ggpht.com/SjCKXoOzpg-ZFkae781knWnQYx4OCQI4UI0L70Q6rdUJyuAVGZ9pH6r37Mzp3ZmmCI4p_x_a5zo=s88-c-k-c0x00ffffff-no-rj,685,https://static-cdn.jtvnw.net/jtv_user_pictures/8fb4678e-e2c2-4ef2-8eaf-2b9996b41a58-profile_image-300x300.png
20a90dc3baab4736890b96a827912448,1480,37966,https://yt3.ggpht.com/1IpO-9f3rFVZWEs0L2ennXHVArTh8sEWTtUUhMsULgr7WUE1W-kUCobiIKkBo57FIJwkd8TeZw=s88-c-k-c0x00ffffff-no-rj,,
20b358775f2c4e7aa0a9f4e5090fe557,398,0,https://yt3.ggpht.com/2fajGsaGfOYcoPYjYVSU9OVt9gjT4qtA1UAbziKXgHM8S1yOWyKb4QibAgjMVjrm_pcx3Q2PsD4=s88-c-k-c0x00ffffff-no-rj,,
20b9316c0979495fbff724be3442d4a4,522,78072,https://yt3.ggpht.com/6TMbnDlgWzUyQQ57d36ryx8Jz29p3PlCbdYVGATfvmpX40ooqRTa5ZCVWFFe-JTako6C3QanSA=s88-c-k-c0x00ffffff-no-rj,18,https://static-cdn.jtvnw.net/jtv_user_pictures/fca8dc14-dca9-4457-87a7-5e74c2bde6d5-profile_image-300x300.png
20bfe5495db6453eaadbc55322c856f9,1110,32520,https://yt3.ggpht.com/sUfc1bwYQ1MmHTdpTUFNYelt03-SjZ1IP0cgFJfwOIdaqrfWh6y3LDEEKb01KeM5cxMJKSW6SQo=s88-c-k-c0x00ffffff-no-rj,,
20f0e269ce554a00920de0444bc22aaf,41300,3505937,https://yt3.ggpht.com/u7bQjCvLUrv-BCsIOiSJ1oX3eHuYlMoeAqYTgNiswN8c9Zo1MTyhMkDVqGoKuvP5bADxOWkMn6Y=s88-c-k-c0x00ffffff-no-rj,,
20f361a84fb3439999c550c10fcf5642,3770,85462,https://yt3.ggpht.com/qbp9iHg_1LRRwtRlWCl_-zFM3HEpkcJ84-3eZF_MrrFpGno2RCzW4pYQivfwk-Le4WDR6WNW=s88-c-k-c0x00ffffff-no-rj,1492,https://static-cdn.jtvnw.net/jtv_user_pictures/1675f420-84fc-417b-acc2-3d1058571089-profile_image-300x300.png
2103bcf7923d4f74b2d043bffef71cc1,452,21660,https://yt3.ggpht.com/KTESep2jWLVaV-bQhFCrF51fpgfzrPSsT7nIq8lWOySSXNYzmmbPFMuqW2FQ4BtUoNlusY-B9UQ=s88-c-k-c0x00ffffff-no-rj,,
21247d29bc504e5bb833b8ae522ee72d,78,197,https://yt3.ggpht.com/I4cDu21YjFg9PusJ3LS_MrgfQJr1zf0wAL0RVGuI1oF4LWFaerObQdFF6DP_QQpG9RO5n1leJQ=s88-c-k-c0x00ffffff-no-rj,256,https://static-cdn.jtvnw.net/jtv_user_pictures/e6d271d2-a739-4952-acb9-79a496c1a382-profile_image-300x300.png
2131a63328214b7f9a1022dae6890d66,1130,48625,https://yt3.ggpht.com/TarJ0rzGyM5bUA-lrjuF5v62q3ujz-bEIH78jEqvPZiaf3EkzSw9HFdACG1gqVzDNlN_D_znsA=s88-c-k-c0x00ffffff-no-rj,344,https://static-cdn.jtvnw.net/jtv_user_pictures/c9cd0694-197c-438e-92dc-6d91a322baac-profile_image-300x300.png
21428cae24af4607bffe25cb2746daa6,144000,0,https://yt3.ggpht.com/43IqhjaaoiXmweBnCbAj1h2B2nglhP0W3TlhypdQutlJvDT55gzZsx6iAmQcVUNPqVCBmX6IDg=s88-c-k-c0x00ffffff-no-rj,,
215d93a2bd634b4cbeed0e88ae6d6e14,23700,6901315,https://yt3.ggpht.com/ewhvn1unRHI0pceAKgZAPjOlj64B48HC_slQnYdt8MG_HO3-3-g7XYZKmMlC-wZznlb1-uNY=s88-c-k-c0x00ffffff-no-rj,197,https://static-cdn.jtvnw.net/jtv_user_pictures/8c8cffef-7e0e-41be-be36-da86126cf32b-profile_image-300x300.png
2161dd499b2b493096ab04591890b15b,2100,53829,https://yt3.ggpht.com/86OduQ05c04Je3PryQh0j9XFKOe8WKYZaLb5YsJI_kRJmvflEkvEz4piyQiPppBmd7HqEcxvLw=s88-c-k-c0x00ffffff-no-rj,822,https://static-cdn.jtvnw.net/jtv_user_pictures/8e8dfbb3-526f-40ad-a35c-de92c185d4e0-profile_image-300x300.png
218f418c23084e87a498d1c4fad724ae,1080,0,https://yt3.ggpht.com/ytc/AIdro_mSNCewYuvZ4m9_UB72NZFUF4Ge2_7Va3TDJyun7tD7Bn7Pel_CGJwrYXZHQT8cGIRc6Q=s88-c-k-c0x00ffffff-no-rj,,
21a80fdbdff448b98102b0d8ffa70888,1230,166,https://yt3.ggpht.com/w5-7DiWzFrG6tVNkY2mHpqdDCwOSd66zLRz-u6-O0kEHr92jiJEoupx_FcuAEr81KswX4AKR=s88-c-k-c0x00ffffff-no-rj,,
21a819efced54f6991abd3fc0b43091f,1040,28872,https://yt3.ggpht.com/x--Wh4-nOdnxAd3oGjHznmF3IScFHghS7enzHupbxzxNewkAdDHgflJALEtEPzXyeTd7hqBNRA=s88-c-k-c0x00ffffff-no-rj,288,https://static-cdn.jtvnw.net/jtv_user_pictures/d28edfc0-72c9-4372-ab77-85bac8fe1bf5-profile_image-300x300.png
21f5355738614770afb34b761a4c45af,490,3911,https://yt3.ggpht.com/-lON6bB-ZRKLsarSQ9t-hnFfLiyb7xNvkBx3ZlVAkk0aWnnhkHJdJytXRjDRLPron_j1fgFT=s88-c-k-c0x00ffffff-no-rj,,
21fcf23549a74111bbe31c949245e2cd,386,11907,https://yt3.ggpht.com/am-KKgqLPe6c8gxzyDaYs1XPRwamRx8WyJ1fDan5CDNq5TUzo4Gy_IPazXHPg7WOGBJoG3Sr4Q=s88-c-k-c0x00ffffff-no-rj,,
220353f9b2634c84953cc7d243fbc6a0,1360,102751,https://yt3.ggpht.com/Kg0Log8bVzJ4l1yHHpeKw2fsA8NocPA2JtpwlX6tyj3S2IADHc-RFZU1OFWXwCJqVz7tF8j7=s88-c-k-c0x00ffffff-no-rj,,
221563b6b46245379c6dc6328c9d0447,14600,1016366,https://yt3.ggpht.com/ytc/AIdro_lINQ71xETxMQMwmOn9GXDHiMQlCcKfV1Hgh8ujtj_fOQ=s88-c-k-c0x00ffffff-no-rj,,
222a91c2efbe47628911ee0b2413ae3e,23900,1771632,https://yt3.ggpht.com/ytc/AIdro_m0jEVYzakJRAQ95b9ciHlm-zH8GoHVMgrPUbBVJCBW6Gw=s88-c-k-c0x00ffffff-no-rj,2345,https://static-cdn.jtvnw.net/jtv_user_pictures/7990d687-4d63-4320-8b0b-94f1ca388d1d-profile_image-300x300.png
224e3ebb4c0540098ce414cc6e79df9d,,,,46,https://static-cdn.jtvnw.net/jtv_user_pictures/724bcba9-912d-430e-b740-f0b9073043fb-profile_image-300x300.png
226eb1e34c924ae2914d960039905d08,273,46839,https://yt3.ggpht.com/EagIfNw_kPTmYfPptGsp0jX9zj6-ygiZz6hbD7Gt10bwKR-LUe0DEQEUG3xBdg5ojFc9eOFe=s88-c-k-c0x00ffffff-no-rj,,
228427b15b964f1396b5a7b5eb224a21,,,,58,https://static-cdn.jtvnw.net/jtv_user_pictures/d46ec763-56e2-43cd-8257-63a5cf53be2f-profile_image-300x300.jpeg
22a21c1a529f4817b8790629d8b4590f,219,12561,https://yt3.ggpht.com/ufMOv2NrWnm_E5JEzAab23-lJdyUg3BLJtYOhCUCBVJYJeGqblAjoR9hPysF5-8scBl_2jpJEEU=s88-c-k-c0x00ffffff-no-rj,105,https://static-cdn.jtvnw.net/jtv_user_pictures/db792812-3066-4681-b0e1-f0f22107b579-profile_image-300x300.png
22a83c82e1914eb68b12e76b4ccb277c,734,18525,https://yt3.ggpht.com/CTiWWNPOUWa72zDxPA2WRe5seadOTRW0NXrGJefhAabC08sHUAhhh7-bZpmDUFlm5R4W2P8zdio=s88-c-k-c0x00ffffff-no-rj,,
22b0dfc3703e477d9ce6880cdbfafd91,479,17294,https://yt3.ggpht.com/rh__gxsfL5xtruy3q4pewzd5Xh2FrUyg1m6HD-UAVGn_bbN1GltsXkGweh8oHvCCqX4sCb45Nw=s88-c-k-c0x00ffffff-no-rj,1893,https://static-cdn.jtvnw.net/jtv_user_pictures/9fc21ea3-cd68-44db-8790-43617a248532-profile_image-300x300.png
22c4cd83790e401ca8055a64554cf3a7,,,,165,https://static-cdn.jtvnw.net/jtv_user_pictures/386393a8-504a-41f0-a47a-69c689618d08-profile_image-300x300.png
22c8ee785f7446e5978bab336fda92cb,25000,1238554,https://yt3.ggpht.com/xy8-o_auOgQa2-BULJ5usB3jxTpfieRQ4n0evjMOX48-2XNx7S5BmapM9PcFtztL0CJoV_uojg=s88-c-k-c0x00ffffff-no-rj,,
22ca620b93c94e5cb48175bbecf8d3af,46700,5000102,https://yt3.ggpht.com/zpvQqRVbl-p2MBJT12FoA67NJhIDo0SWs204Usg8X0K7ejsxYX1zsvLV_YSiGDWxvms7cEBxEg=s88-c-k-c0x00ffffff-no-rj,,
22d30950218c4df4adf0488b412f56b9,1060,1017,https://yt3.ggpht.com/JEJA7c63oIzXm9-K7MqZz3tU6RS7Gds1a8T81d_5pYt7flx5KKauUMkos8Chyh3wJ3BpWSve0DE=s88-c-k-c0x00ffffff-no-rj,,
22eea06367f4430d816e38dfb68a26cf,,,,923,https://static-cdn.jtvnw.net/jtv_user_pictures/da21050f-4921-4a5c-8706-0fe487ebb74b-profile_image-300x300.png
22f16847ee064b1bafd9bbe15bd31284,43,612,https://yt3.ggpht.com/Wbsh8DHTl4hsifr6W1KJqS61TzvuN5X5MUIhKgdHe81rDXT7ivgysWN4wsJ0qIRd1_ZVka8p=s88-c-k-c0x00ffffff-no-rj,601,https://static-cdn.jtvnw.net/jtv_user_pictures/c6ce73d2-aa2b-4479-bb75-bc3e54d5a7ef-profile_image-300x300.png
22fd5004e4a34134b6855525e01cda73,11500,292192,https://yt3.ggpht.com/43Fp9D5grapl1FSleUOn3ejF3bc4iM8gs8gdlZfeWvo8XL5Z2da6fSmWNBeEv9fwKtEXV8idaQ=s88-c-k-c0x00ffffff-no-rj,,
23354f18e2a94c9187fd0560fd874eeb,620,17382,https://yt3.ggpht.com/fSRb37Y7bSX7yOSShVMntCa_cob-ncv4TSFc6E_I7L0f_itnZVwU853Ww8-ORq40gut7O2zB=s88-c-k-c0x00ffffff-no-rj,1476,https://static-cdn.jtvnw.net/jtv_user_pictures/6e55158c-c354-4790-aa74-d889018af900-profile_image-300x300.png
236bfe277b89428dacb6ecc89fdb6ca2,379,0,https://yt3.ggpht.com/ANWHolABVdP6_35MdMCKQIxivopMaMqoaRFr67I2UZQ9ZWXkpNqhYO8CnxWH_Z4UiuxIl5VIJg=s88-c-k-c0x00ffffff-no-rj,,
238b4a68bcde4f3bbf18b0b01f66ec43,456,26744,https://yt3.ggpht.com/h9UuAXcJqcrA3gF7dX4XFTW337n9UI8PPqSk1G9i4bidwTua27XTyJJkS-FZVUwwpzSVGVHLxQ=s88-c-k-c0x00ffffff-no-rj,,
238b751368474f798a737e7cf1f4a87b,729,19491,https://yt3.ggpht.com/CYq42nt3t0wJE8yvbclUpi5gtHK353K1oU98k6e8DWFcY_i55BmlCv5FaZ1SLuBVh9Olefi8=s88-c-k-c0x00ffffff-no-rj,1637,https://static-cdn.jtvnw.net/jtv_user_pictures/a387d16b-4b2e-4637-8b55-e98a09244a94-profile_image-300x300.png
239947732521428d946087065b7c8e17,19300,1059728,https://yt3.ggpht.com/-JNi2LUqbck7y1HtQ4Nu0OJxqppPB-rujOK5Sr0S-9hrZf-DUlGEHZ4U2B0R5iXVaKK391nmKpI=s88-c-k-c0x00ffffff-no-rj,,
23af2b94549e42c282ec0d6eecf01102,580,8956,https://yt3.ggpht.com/hwOCJ29Z9oJkwylGETnpSSTe4vsmFLA7wxM9gRfMG-a-12EtUeXkHQ1OwY2c-SGLYVQQywEXag=s88-c-k-c0x00ffffff-no-rj,1841,https://static-cdn.jtvnw.net/jtv_user_pictures/d96d1178-6f72-4b00-a90f-47acc686487c-profile_image-300x300.png
23baf3f44f474b10acd1515fad003470,220,8234,https://yt3.ggpht.com/SrUSAf-2Q_duLs4g6EJt4onUowddhu7tJZyBgcmGeF_NmSy5ZZtKgVDWuYVGMcjSUsK33XwhHQ=s88-c-k-c0x00ffffff-no-rj,,
23d18a6678794320b2d3f9d468b9b3a4,205,5487,https://yt3.ggpht.com/V1ZYoT8vliwqidh1G8xegvv6Vuu4orDPOubOuYxwIK3PhqO7Yvxpho_0SLHh4EmLhVbFKLJF=s88-c-k-c0x00ffffff-no-rj,603,https://static-cdn.jtvnw.net/jtv_user_pictures/1b063070-7669-418f-8642-8191f22fd5ae-profile_image-300x300.png
23dda65e497d4888b87db304533b8138,200,5101,https://yt3.ggpht.com/OQ771osVwbYP2EYw_zo-Nttr1iLPpp7XCozL_QwzjJOug9dVPWs4EzKy3EgYhE_fA-olVgkVsA=s88-c-k-c0x00ffffff-no-rj,4578,https://static-cdn.jtvnw.net/jtv_user_pictures/677cb290-2ce9-4c27-8d31-39ef533226b7-profile_image-300x300.png
23ec5ecfb8c14ea893576783f1790643,84500,3948982,https://yt3.ggpht.com/6R4VboDUGDr1YzGHt9GfzwrWgQHItgQK0hMVJZUHnexZmLcKgJJCdlCk1u0uniszxRR4p0nADQ=s88-c-k-c0x00ffffff-no-rj,910,https://static-cdn.jtvnw.net/jtv_user_pictures/360a9ccc-4eea-4e0b-a230-e48e89adf9e6-profile_image-300x300.png
240c765d12ae40ab85e53fb39eb22b03,137,2330,https://yt3.ggpht.com/_j2LkOnTGKSMkVKBx4wd7a1dlkZxp7ORwknC20Hj2j_mPSGqyawZ5fnJY4faO1li1TAlKhegNg=s88-c-k-c0x00ffffff-no-rj,4399,https://static-cdn.jtvnw.net/jtv_user_pictures/dd70eb94-2131-49ad-84f8-3614acb20934-profile_image-300x300.jpeg
242326a56b0d4ca7a37c08a8fc2be138,,,,307,https://static-cdn.jtvnw.net/jtv_user_pictures/706a76bb-1072-48f5-81b1-c55823a80e54-profile_image-300x300.png
2463286fd3154219afa631c73d178147,2360,204896,https://yt3.ggpht.com/b967fsa6JkdXlO0vkWwKrJOOFBWq5acDun_RodbCmHnyzotopVz8c83HVCNleI9MeLnyVJwNpMM=s88-c-k-c0x00ffffff-no-rj,,
247215e876d24dae9932464b75fc577c,8690,596263,https://yt3.ggpht.com/gmD6lF0jIdxvd8YQJPYREwbn1C6wUElc6FVn7FhPLX2xiMe6RiZitwjm2b4PYOJor3hmhsALtw=s88-c-k-c0x00ffffff-no-rj,,
2479e2782c0b4a7880004832c84a336b,155,754,https://yt3.ggpht.com/YKmRNMtpuMe1hWxIO_ZuYYdYQtAucmnkigc1b3OxYHryL7kjkcTbdr52b9FBPnel5vGDkO0XWg=s88-c-k-c0x00ffffff-no-rj,274,https://static-cdn.jtvnw.net/jtv_user_pictures/925dbe48-32e8-4a1f-bd97-91d0e8b533dc-profile_image-300x300.png
24e82c81100a446c89de043b738483e9,5790,507370,https://yt3.ggpht.com/hofS-n9xJdpcMo_T2BDjvx0mkU72Efuh3ouZSAUD0jresWN60_duJxbflOttLFtI5wi4ghPL=s88-c-k-c0x00ffffff-no-rj,,
25262970b019418badba15bc46f9c048,77,9678,https://yt3.ggpht.com/NXC038d7j4XayS6xU0dtdaHuKhU5EVq3ThMUdyxDR-J3eTzRYpG8JE6JUOt4G3x7tRqLCK9ypA=s88-c-k-c0x00ffffff-no-rj,178,https://static-cdn.jtvnw.net/jtv_user_pictures/4fa51e79-1d25-4215-a220-6979682b7707-profile_image-300x300.png
25388daec64e40f38ca0e5a3a88fedb7,20800,687271,https://yt3.ggpht.com/qYp8uMjc4PkFIwLScc4TrqaVHU2N2tqoE_nNwE8EJcyKOUBerWNuMbIoHOkQUSN58_QaFm6Yzg=s88-c-k-c0x00ffffff-no-rj,2736,https://static-cdn.jtvnw.net/jtv_user_pictures/9e2886f8-07da-4c0a-987d-13b4c0727994-profile_image-300x300.png
255a5e79f9d14e6492d741b95f78cb7c,45,802,https://yt3.ggpht.com/dieH1jiFZ226B1Etznk5wrsjBji3oFmrQwLJjqsC8i1TfHmes-ZaFXOYUNzv6BjL-zup2ye84P4=s88-c-k-c0x00ffffff-no-rj,2293,https://static-cdn.jtvnw.net/jtv_user_pictures/48a46e3e-a3fc-4c32-848d-5c7844571a27-profile_image-300x300.png
25619abc5e0d4f79839e48d83234eaf8,244,4881,https://yt3.ggpht.com/F9dbBO7laWHykcY8OHHBcD8gv6fpzkePowavYPXPEFSmYtpP-7XpJwwiMM3t7B0PSxZgxM1_yVI=s88-c-k-c0x00ffffff-no-rj,667,https://static-cdn.jtvnw.net/jtv_user_pictures/788635f5-d56e-4315-abfb-bd455155c729-profile_image-300x300.png
256252fdd3d1437995088c56e674fcf0,,,,973,https://static-cdn.jtvnw.net/jtv_user_pictures/b9b7656a-a88e-4bae-adfc-14de3d7e8997-profile_image-300x300.png
256dd6464e974e118dc8103d5e9eb0b3,3600,34363,https://yt3.ggpht.com/-usx0RN4kKZ60Ykmu5Gckn32AAWOpZp6cBRwkM0qBdjOEVP89nWC8DMeqLg2jc5fOtGKsolj7g=s88-c-k-c0x00ffffff-no-rj,1174,https://static-cdn.jtvnw.net/jtv_user_pictures/93e96717-8181-4f04-9eee-f76a304b1709-profile_image-300x300.png
25904d8b82c84d74a8abffb804647e21,2270,109549,https://yt3.ggpht.com/ytc/AIdro_nBWMcec6re0wB3o1xHGAXxVj2XaNgBbXxlwnJhkTMcvUk=s88-c-k-c0x00ffffff-no-rj,398,https://static-cdn.jtvnw.net/jtv_user_pictures/425b49f7-50d3-49e3-9364-2205aeb684a2-profile_image-300x300.png
25938d6d61cc45379bb0b98da7924ddf,5820,156161,https://yt3.ggpht.com/P207fKqrid40QbAsCdfG99DiI3GtyEiQR6PIsK0VNlXHLExh9EEvs7rAGCRnJh2RVYqrY3B3=s88-c-k-c0x00ffffff-no-rj,,
25b1a8ceab1d439491fb4e98013cd0fc,1240,21890,https://yt3.ggpht.com/tZVSQhiKKgNc5z4SdY8L8eq5870O0TOSHcCpgeBMF9ju_ujnfoymRZ6ENgZTIT8JYXDPR48Xag=s88-c-k-c0x00ffffff-no-rj,576,https://static-cdn.jtvnw.net/jtv_user_pictures/48bebbe0-5225-4391-97ee-c4b12ebe33d1-profile_image-300x300.png
25b5885afcdc4430be0d822464ccff91,183,2870,https://yt3.ggpht.com/dvhass-UoBuLPo-NNcwWFubTeXFtuZ6PmyL8hZ_-dBsOpAhmbPC2XI-1mLCOIG3hFb5YSnM3pQ=s88-c-k-c0x00ffffff-no-rj,202,https://static-cdn.jtvnw.net/jtv_user_pictures/233a4210-0211-4a44-a2e7-c88fd645a27b-profile_image-300x300.png
25ebd185190b42d993d961d7c795b444,104,2223,https://yt3.ggpht.com/gCTOSJMpJ8RxKaLcfkeVvSWJImPQ8D6oUvccPBdJgm0SYW2VOpkgM5GtQw2nUMQUyhWwSrJy=s88-c-k-c0x00ffffff-no-rj,2440,https://static-cdn.jtvnw.net/jtv_user_pictures/54305907-3d98-46e2-9220-e9066e7d241a-profile_image-300x300.png
2608bc34d1f8497da55ab0cf4d0d7f0e,529,6251,https://yt3.ggpht.com/UcM9GtSyoIM0v7UZgFxujKMv5xbahcUMJAV5hOeNmTiqVTey06pSkWomzR8f9ZENMtRdmCAx=s88-c-k-c0x00ffffff-no-rj,1923,https://static-cdn.jtvnw.net/jtv_user_pictures/2c5437b2-295b-462b-a017-a9e442c992c8-profile_image-300x300.png
2608c2a6c6984df39ca3e96d582be3d8,101,723,https://yt3.ggpht.com/uu0onhxKWw2obfaPz7GgrG1Awtq1stkcAZ9jRwyBM3J7ZY_KPLlF38XOFQN_1udR73P0P_6mecY=s88-c-k-c0x00ffffff-no-rj,,
260f0fb7a8b1421394c38114230479bb,1420,47560,https://yt3.ggpht.com/zqR9IThlmNLq8ZUYhgKGwO4mzT2tOwXzSc04zhHuCAWe3FPQQkDjwCkX5tzzIgZ6JRfrjCJ7fA=s88-c-k-c0x00ffffff-no-rj,33,https://static-cdn.jtvnw.net/jtv_user_pictures/031dd5fd-3513-411d-b1ea-2e1999080725-profile_image-300x300.png
262babf659e0421facdf3af962039ad7,318,4525,https://yt3.ggpht.com/k5Ym4DU3N0obghx0UiJYT-5we5pO_yVMooFUa5nUcUaV4vlv96PA4ON4D2kmYI-xhaXm97HvGw=s88-c-k-c0x00ffffff-no-rj,,
263db06cfe814d4397e6fc8bc593e70e,679,42002,https://yt3.ggpht.com/zej5RHsUPjWZ2FNIT_HPaqXboBE8UhKFlbPc1TIkginZDOpIxvSOFtX1n7LzOSYjZN1T2hgvLg=s88-c-k-c0x00ffffff-no-rj,,
2656bc44436c45cca3e94e43a9a49c2d,358,23860,https://yt3.ggpht.com/0kx-cPVqMAjq6-gGIrZ-0ORvUs8wxQeOz2t9Tjs85KcRNSIlOArCf_mSv8cAM3lPnVlGBCy90I8=s88-c-k-c0x00ffffff-no-rj,,
265a18972d244affae35711cfd1f9931,172000,17686013,https://yt3.ggpht.com/0Uv5_yS0Fg5idY-TnMVTEN8po_AFNbdCr_IQiziFKT-hIeeXmn8tyUwHYS8hAZlCb7Pi-IrYsNM=s88-c-k-c0x00ffffff-no-rj,10356,https://static-cdn.jtvnw.net/jtv_user_pictures/4451583b-623a-4ce8-bd3f-75b125663e36-profile_image-300x300.png
2683fa864bd24112b6f7d04afb096a4e,1120,34413,https://yt3.ggpht.com/MqnCBo2qlYfF-OST570MRvqHLWeA-mw6LL3OgdARwsZBNeEZEys6gw-p8iTagLda6FXb61rMPv4=s88-c-k-c0x00ffffff-no-rj,222,https://static-cdn.jtvnw.net/jtv_user_pictures/5e7e47e3-964f-4b5e-9537-ece868db4c3f-profile_image-300x300.png
2694a505a0e0441bb99b49e8ce1f7473,59900,4152198,https://yt3.ggpht.com/9fbvLEeK4aT7FEcQpU3rCFw46IhQpS7ikcKyRRTPdObYUVnz57rEhWH02WmLyA6WA-qzNyXoOYs=s88-c-k-c0x00ffffff-no-rj,44429,https://static-cdn.jtvnw.net/jtv_user_pictures/032b62a6-d677-4bbe-9b53-203ea7de1a5e-profile_image-300x300.png
26ae367c497f410399b769ded171d29f,219,4999,https://yt3.ggpht.com/6IF74gM_Y7IlhUYUmpImMf5YwISJO7RPJFjDHG8IBKgsdJ4ojQetw_V_Oe-gKNyudnCRnFZmDg=s88-c-k-c0x00ffffff-no-rj,,
26b00f5ff5bf4b5a8dcb6c5c34e1b4f6,501,3886,https://yt3.ggpht.com/UnlAgHhto3vlIbd8dfD6xrlssaA1OmVQMVFAQzSuSZuQ3P0sPkHFWLZXyhTE0ap_4lERWo9HyYk=s88-c-k-c0x00ffffff-no-rj,3640,https://static-cdn.jtvnw.net/jtv_user_pictures/e082897e-ca8f-4cfc-90aa-917fd69699f5-profile_image-300x300.png
26e2e1583d404f48b879375ef74ae33a,182,7496,https://yt3.ggpht.com/9hpgrKpj9fiXSK3hZUjm6zE9APOdwu5OVe_Of8rtzr-v3NpCjTKrebjVRPcmqGMVAvEOO9oK=s88-c-k-c0x00ffffff-no-rj,,
26eba1f0fabf425aa5769e01e855ea28,808,59987,https://yt3.ggpht.com/BjMA-QViO6eefpDFlwqxc1TtNc_2Gu_aWRvgLu1DL3Jg4nkFwviT36j5pC1stUtBCXQArVIOJOA=s88-c-k-c0x00ffffff-no-rj,,
2741a90689f342548daad7f760b0a8f7,139000,33241322,https://yt3.ggpht.com/JyuyNKSMTBj0Mp7-ea_nn_FRNZvIST7qfiLsYrofBIly9FNwHCgp7dvkP09jbSGhPsloa1kc=s88-c-k-c0x00ffffff-no-rj,5618,https://static-cdn.jtvnw.net/jtv_user_pictures/f8fe57c5-5c28-46ea-8e61-642f15938a18-profile_image-300x300.png
275aaf8046a144198dee96d20bce8b1a,2580,57223,https://yt3.ggpht.com/FBTf1IvJnTWm9Tf6a55Xz7LVZkjdIw88d9EmWgHHwvTcHOOnMmBJH3P4kqkBWMirpo6Og-0juVI=s88-c-k-c0x00ffffff-no-rj,,
2760c9a44c20464d8e140e6367ed1cdf,41300,1990179,https://yt3.ggpht.com/VKDB77uP6323D_ugmnFZQPc7vWoDmRo8_XosUZpTtifEuxnrcEVecvj9D4P0ghkIazaVbPaV=s88-c-k-c0x00ffffff-no-rj,610,https://static-cdn.jtvnw.net/jtv_user_pictures/18e7c088-8b3c-4032-a6c9-822beb54791b-profile_image-300x300.png
278f93ad57b14f01a71f1e89598ee503,1000,8511,https://yt3.ggpht.com/FHpiFdtNdM27LozrEOu0nRIqeAxh_WRj7Gg9zVYJaycYaN-Fw3aoSUyq0C_nPWvb4LrI-Cwo=s88-c-k-c0x00ffffff-no-rj,,
279a45d6a8f9445389b9b8cdbcb72ae8,281,27084,https://yt3.ggpht.com/_QwKuNq5nsq4c1TrmR3_YIeeP2PZmQoegnMEz029_i8jng_-owvq5eb6EZ6E5u4hB7xRnt6G=s88-c-k-c0x00ffffff-no-rj,230,https://static-cdn.jtvnw.net/jtv_user_pictures/d2f61a38-7830-4af7-aa5e-8f2edbfc0659-profile_image-300x300.png
27a484e8f53a433396e73bea886fa2cb,371,19774,https://yt3.ggpht.com/G9k7wsqFzcuVhhVQxZdZXg-jNlQHbCHDWl07N2BSm_Klo5aRP2SCoHW47DFl1hWrx-CEW_f54A=s88-c-k-c0x00ffffff-no-rj,,
27b10e5896e34e8d841f1605792b96c9,800,40508,https://yt3.ggpht.com/nFDLKp_swx5GqUhGJgILuTayvmN0100zTU1CkKDl6T42_XkFRg2lpGI_EcL8_PuLUXYybNukVg=s88-c-k-c0x00ffffff-no-rj,358,https://static-cdn.jtvnw.net/jtv_user_pictures/43fedea6-7f12-4643-8e6b-e66cbb0486ef-profile_image-300x300.png
27bbe711f5e848a9bc8accc73fc79471,2180,47101,https://yt3.ggpht.com/avAynObz4DhZN2RHOqTnMNZQ2pVobHZj69SYE-BfFdj8ZGtd91c50hgLXCmS3CL3IBZ8kXaYLg=s88-c-k-c0x00ffffff-no-rj,,
27c0252056e84aa28da6dcebb8e86e85,9780,540698,https://yt3.ggpht.com/S1yEN2VqWYMSXvDdUiOsaAAHMQ4O24wpZOh34l759_UlERoST4vu39kFymixN3yTw1bN2QUzSA=s88-c-k-c0x00ffffff-no-rj,7568,https://static-cdn.jtvnw.net/jtv_user_pictures/5880a2e9-4a61-4d61-bf35-c79d38116a4c-profile_image-300x300.png
27f5926236d04e34a08fdb7ab83940bc,1480,44015,https://yt3.ggpht.com/QVXF8UnP9FZltlJtN7sUM-N7ep1dREFsL5L6ut6_GVqCTGRH-7xKZm0l8gseDk87Th-Ki70R=s88-c-k-c0x00ffffff-no-rj,,
281c7713c21e41bcb6e81365f328ab8c,6310,225629,https://yt3.ggpht.com/F6q1UVRkEMH_Pswq918h5aPmPH_vOUWLRe5kjAtF6bg5zsJr0s9_7cMQReUaQYUOxB_FW7-5=s88-c-k-c0x00ffffff-no-rj,,
284024f40bb34b429debb78e7dbf3391,2420,48112,https://yt3.ggpht.com/evWE-riy1-BNKPddC3-9Z8BBxT-4ygXAI6D9hijE330H4QPOdq1tgHqMwR9ayEk9jOpSsKdCDTA=s88-c-k-c0x00ffffff-no-rj,,
284904fe0fc5485f926eb7941427d8f4,538,9431,https://yt3.ggpht.com/Krnd_5vmcF8RPydWK3XAjGWFhmd-vapV4wk3Xy4HWPwbLFUUtHr27zTcFSFvtpJLAx2AqBDKjA=s88-c-k-c0x00ffffff-no-rj,,
286c24a67720434bbb4290d49fb42a54,1700,63342,https://yt3.ggpht.com/YzSvk4mifuTH3jcl4B6o-CoAKOHxgpiJZKkTRuajaTDs5QKLyHoTW-JMj74PDs3x1cavfk_C=s88-c-k-c0x00ffffff-no-rj,,
2875db54b5d74d01b301d63d36dd6fbf,2240,46424,https://yt3.ggpht.com/LlR8Gj_6HFJKXWKwZUhPSO1bX5Rj4yJmDeUfJ85mTK6n9OOpcui0UOxg0zEgJMrOtNbcnogfhQ=s88-c-k-c0x00ffffff-no-rj,,
2885972c2d0943e6b697bdc5e72c1d4a,12400,210303,https://yt3.ggpht.com/RMHXnp9KBiyZBITpnTdqyjLulZ36cxtFH1cU5dTyrbEeUiK0se4U8uwp0i5twmAT9HpIifyRUA=s88-c-k-c0x00ffffff-no-rj,,
288ba70f1a044c72a65ed9cf3b425d13,138,7734,https://yt3.ggpht.com/7hFr8EhsakCF4wN9QX5k0KNdNM6HI976YvH8BQmzGuDsRBhK1oECRTZsSjERPh1_SYLsWM91=s88-c-k-c0x00ffffff-no-rj,,
288d3972d3164ee595228b8a5959ac00,,,,2926,https://static-cdn.jtvnw.net/jtv_user_pictures/8eeb404c-ee6d-4271-9e56-3dbf84f49e6c-profile_image-300x300.png
288f2fba52bf4d6b9e0ba66e03439837,3340,51384,https://yt3.ggpht.com/fIpeqOnxzspeGg_Eg2uCoVakNkGVZRmRLbwa7XlGc4wIzvE1o00sgAZaJi67ZYM6IaErUHRj6n4=s88-c-k-c0x00ffffff-no-rj,2398,https://static-cdn.jtvnw.net/jtv_user_pictures/45731685-d4e3-4bf5-860a-feb004184857-profile_image-300x300.png
28a930938667442288010b333937e2ab,17100,1284772,https://yt3.ggpht.com/L4FT5jCxkRb_Rvje8JzTgfDVDkbzWiB7RBvxIUEFO7KgJtd2E_Z__RMOIZXDB1vmRiT_hjexdfs=s88-c-k-c0x00ffffff-no-rj,8879,https://static-cdn.jtvnw.net/jtv_user_pictures/1c2b693a-ab1d-4c0c-8152-1d49ff7ee147-profile_image-300x300.png
28c152a7489b4402960bd4bd36b7229b,399,33609,https://yt3.ggpht.com/DVghzx4Z2lh749eEmKELw3_13N_MJtl3LM1ohVYP6hik1L3sG7UX_k_uzv4XY59ePre_TxJ2tw=s88-c-k-c0x00ffffff-no-rj,104,https://static-cdn.jtvnw.net/jtv_user_pictures/00b07a12-4d5c-4c97-bcbb-085b05bbd171-profile_image-300x300.png
28e04c3575d84bd48e2de545801d4d06,739,17904,https://yt3.ggpht.com/c91uW9v5z-326mmAF1FrMwHKRF8nSL8axJiHmdKKj95pmYVwKySr2FP3R3u5fImsRWzQ_OgZ4ms=s88-c-k-c0x00ffffff-no-rj,,
28e15053de0b42b19476c21349bbcfc4,40,0,https://yt3.ggpht.com/6xRJA9t5eDX21YveBQI-vXzcDPQwI2MIfXGFlKbUbIYeDqsrGjeLdWhRYVArFceh7jwlZVSk=s88-c-k-c0x00ffffff-no-rj,13,https://static-cdn.jtvnw.net/jtv_user_pictures/db74d6ad-3db4-47bf-a0b8-827de371aade-profile_image-300x300.png
28e5717b1964475ca59ce02d81cb2796,551,12815,https://yt3.ggpht.com/EVy-jZiVDOJUNX4JIt_fSBHTlaqBnwMZZtvxFdiDlaLG2M4JbcEf2UTmzmmRZRt7Pij25yv3l48=s88-c-k-c0x00ffffff-no-rj,1857,https://static-cdn.jtvnw.net/jtv_user_pictures/91621522-4dab-416c-874c-12d3cdf07699-profile_image-300x300.png
28e6f7c12a3b45899e7508058f926af9,54,3977,https://yt3.ggpht.com/nCCqLHvFboYGG3nFT5MbgTqaIOEEiii0SS-VUzFJMAKVGbpzd0CMSOHrQ6rPslcpEsam_T9Vew=s88-c-k-c0x00ffffff-no-rj,1088,https://static-cdn.jtvnw.net/jtv_user_pictures/6ef6a766-db2a-4aaa-b840-acebb4f665f5-profile_image-300x300.png
290bbaa329eb45b1a267bfd7e35c3b14,156,8626,https://yt3.ggpht.com/2ns1MnJlEuEn10ktT89D0yO-5empX5NkLgQSgOg0oGK1B_7SL-zUD5kT2i2PJjvnd6wXlfUffBY=s88-c-k-c0x00ffffff-no-rj,464,https://static-cdn.jtvnw.net/jtv_user_pictures/bb85c24d-d70f-4469-9e23-bac78c730661-profile_image-300x300.png
2913f17e61014f7691e016fae8468404,1350,32340,https://yt3.ggpht.com/aIiDI2QkslfQ_wZvcI6TJDUsug6MDwK0dtk3Q8rhicgl2wqu2d77_pnQOMgfCVta_7uMmOyR1Sk=s88-c-k-c0x00ffffff-no-rj,240,https://static-cdn.jtvnw.net/jtv_user_pictures/fba367db-c01d-4e28-8338-e74498de129a-profile_image-300x300.png
2928a7d5624e4af8b1331eabae6bda17,128,1952,https://yt3.ggpht.com/xkI2Res7b6S5xrhzO2geAn32YPcYlx34abTZRJh6h-yqAr62XghkXgT8NkX7o_Wu_PBR2TUvEA=s88-c-k-c0x00ffffff-no-rj,699,https://static-cdn.jtvnw.net/jtv_user_pictures/b077c774-e1bf-4ec4-85e2-38004c32735d-profile_image-300x300.png
29294f0665864cee8bb2b48697b9e84f,3260,125738,https://yt3.ggpht.com/f9vyzDE7SnN7yEU_q9bSL7ks_ncDKYtoN719yuFkHILm-5Ug2GsaGPLnaTyEl1pHu4BMMAnllA=s88-c-k-c0x00ffffff-no-rj,217,https://static-cdn.jtvnw.net/jtv_user_pictures/15fd80c8-cb5b-4e84-9979-070371891371-profile_image-300x300.png
294b1c29030244c784387782c0cb6aee,417,9752,https://yt3.ggpht.com/dgFmrSsrpbEevGKur035F1obP_1U_gemFUNBBbgjY3uhAf3TNVcF6gyCsrfSuxhY0m61Tz48=s88-c-k-c0x00ffffff-no-rj,,
2971554445614cfaaccddd9cde93c599,698,19539,https://yt3.ggpht.com/zASzw4CRuyGmC_zxST8rUzylpooame9CloYW69ri4jQO_ovFGvnhWg5CxJR6rGeO7w9-7smTeGY=s88-c-k-c0x00ffffff-no-rj,992,https://static-cdn.jtvnw.net/jtv_user_pictures/8648602d-9643-4297-b234-ff51855150f6-profile_image-300x300.png
2978ff3ab5f54898947af41ca4d47c4c,167,17016,https://yt3.ggpht.com/lmG39JCZfBicgJliSyDQ6YxL8T3xIY_TexUhkkeC4xP0i-ihuz4HXJklPOT3H8k3U6BU_bdFD5E=s88-c-k-c0x00ffffff-no-rj,137,https://static-cdn.jtvnw.net/jtv_user_pictures/2634170f-6ffd-4c67-b1c3-6bddab9dab77-profile_image-300x300.png
29a3d514ca274f6fb966f9d70bed4b52,809,76875,https://yt3.ggpht.com/yOrLkJNyONTLK99k1c8FfuslWI0jYSY0youPivEmyfJfXa3ZLILttEYf3WBsDZxRyyrkDZfJ=s88-c-k-c0x00ffffff-no-rj,571,https://static-cdn.jtvnw.net/jtv_user_pictures/6ee15016-4a9a-4fe4-b9f2-fc4565ee5ead-profile_image-300x300.png
29c5ea1a6723412587c63a4ee1c1b910,213,8015,https://yt3.ggpht.com/maREzzclhggM3i4dstx8vil6sGHynLiILSwXbgcyiMmazANsNv-tTfIPgT5DFXueAB51n0sW1w=s88-c-k-c0x00ffffff-no-rj,,
29d3dea4a1684bec9592e2ccc3685c57,1990,61750,https://yt3.ggpht.com/hazudkWqxIm0xCDR_BpO6axKiT22g2vPOU02ISinRGc2pF1gUuN8lgdXEy4iKBQJ6U7OXsw8Xg=s88-c-k-c0x00ffffff-no-rj,,
29e2c3ae8e4d48f29fb3b89c463abb1c,363,5384,https://yt3.ggpht.com/J7Kov9YEu-6GCqIGdsJD3hVyPZKDzlAFl0JxCkWY2P76wxgc9Q12_HLmcBzcbnF18vSSzp829g=s88-c-k-c0x00ffffff-no-rj,438,https://static-cdn.jtvnw.net/jtv_user_pictures/17be062c-6b88-4b5c-b3f8-7432fb0e0675-profile_image-300x300.png
2a0de6059bd74c298a80f45a8052790e,136,9508,https://yt3.ggpht.com/fe9T1GqIQ7ukCuNZYXcrBCT9dSut3W4iXCcXfcKVKuLaYVA_sw_l8pGxWdhTFekbrhuGE0jh=s88-c-k-c0x00ffffff-no-rj,251,https://static-cdn.jtvnw.net/jtv_user_pictures/7197d155-c8ca-4cd9-a3b3-455d18926dd8-profile_image-300x300.png
2a20316d245d406193331300bb44fdec,1920,21530,https://yt3.ggpht.com/d7cKJ4sRe7eSRGvMAtmvCQbjs532gX1P1t95uv4efL4_w4zKcQM20HE1kM1QYRRhdWX2qpXVmek=s88-c-k-c0x00ffffff-no-rj,4680,https://static-cdn.jtvnw.net/jtv_user_pictures/2b37c50f-65fe-43fb-b625-f2ab391ad4fb-profile_image-300x300.png
2a25c205cc374cbeb8c8ccfe988ec9cc,44,783,https://yt3.ggpht.com/ytc/AIdro_mZjsn1YcYSgIwXavhZxwQsfX3a-u2Nn23MsG_ETjx2Oi0=s88-c-k-c0x00ffffff-no-rj,1316,https://static-cdn.jtvnw.net/jtv_user_pictures/0c472860-1f1a-43d5-9753-cf4516ab2698-profile_image-300x300.png
2a28e77671ae43d7bccec54e7e956dd9,18400,206527,https://yt3.ggpht.com/90_Dt7kV10LXw-mjWHwruGDOiqLF2PC_dqb3GaAH0ZI_-PVLgBSEcxOBwqltEmwbhvHrvoj1gQ=s88-c-k-c0x00ffffff-no-rj,,
2a2b7990365f4a1bb1d8acf1ae0f2f32,451,43530,https://yt3.ggpht.com/IDHwA6VkTl-oGkuzdq_s9NRBx-ZdwpIYIiKalYDX18OqL59xsPQkh73bcZJsBNMjSwv3znmp0g=s88-c-k-c0x00ffffff-no-rj,112,https://static-cdn.jtvnw.net/jtv_user_pictures/4c3c912e-e9b3-42c3-b16c-72aed90eea0a-profile_image-300x300.png
2a310e9273014b12a0517d13d25697e1,22200,991361,https://yt3.ggpht.com/0wUv8doFUzYVrdPNPSGtSFW7nkgTRiMd0AhUe2HLzoDCpqM9FHgzGiqcvcOb0KVVQ_4aXE3hKg=s88-c-k-c0x00ffffff-no-rj,,
2a3824dd5c0a46f597b27dd183283aea,4990,652258,https://yt3.ggpht.com/VHtyu_NRtNIzZ5wNtj_3A3SDXFAkWVAGfISROv8nX5495Lcm7627dgPFU8fN9UyiUiiljwlT8Q=s88-c-k-c0x00ffffff-no-rj,,
2a5241b8ebc54be98263c9ea2924b7e9,47,695,https://yt3.ggpht.com/knnenospWLFiE2hvJBd8LikmgsIcwsrEQAvNSNFZVUMwZ3xzo-hvuDUm6eoWeHLK8K786wBR1ZU=s88-c-k-c0x00ffffff-no-rj,1292,https://static-cdn.jtvnw.net/jtv_user_pictures/7720d826-0606-4d84-9af4-a61733cd5f5a-profile_image-300x300.png
2a5b6a733ac54aba9490db8f504378d1,5810,112073,https://yt3.ggpht.com/HvRZPhE1yU8I3XsqOf-sEelNdSrWudt62YBL8iA5niTqQsgam675OGbT9FXQsDFf6v2-OSL5r7s=s88-c-k-c0x00ffffff-no-rj,,
2a897c484c05483f9a46467e8f448314,4130,182467,https://yt3.ggpht.com/3nVJywTzUVNMp3kaO-TdC_DeX1_aqx1dsYMh47g1Q5X5N5Fp_KFmv1G6jqTqi5Lge7ZIkUueUg=s88-c-k-c0x00ffffff-no-rj,2856,https://static-cdn.jtvnw.net/jtv_user_pictures/9e83c7d9-7a9a-4d2f-83f2-f4f981c4a4c6-profile_image-300x300.png
2ad1be21723f4f8ca8efe98f93008b11,3670,104510,https://yt3.ggpht.com/WjQ4t_tGsXzdLgYqmuypwsoAtw8TX_Zzv-bEugWyHPt40_kxisO3b1QIeumAXib8CHTiWnr1_-s=s88-c-k-c0x00ffffff-no-rj,,
2ada3b89962b479bb8dbd2a63bca5da1,5550,223914,https://yt3.ggpht.com/Q6q6yx-PzuycDLAQ1o-gVNoG9Ki3yNIWk-xbA7efNTrFHDrbBC2fSDyOQgV0Gfqdahr0lqZCvg=s88-c-k-c0x00ffffff-no-rj,,
2adc6f9aabb64fd892ff5d29ebdd5c44,6120,146765,https://yt3.ggpht.com/CXawRipAjwkH3tyWuTpSnkk_FwgJM9KElnaPFyfJPk5c7_FRotviho6MEZd4VFi36IbMFhYlSSM=s88-c-k-c0x00ffffff-no-rj,,
2af109d54b1c49968b572aa2b59664ab,290,12093,https://yt3.ggpht.com/Y0N8lU0juHUfOR6ytpaklb3QL0bFG7cmn38yIQK8r39N-T46GBlwrrBrpDXPva9w46-p_aqB=s88-c-k-c0x00ffffff-no-rj,,
2af6cb0e15ce4839ba711b47608d4f4d,,,,3979,https://static-cdn.jtvnw.net/jtv_user_pictures/9ea8bdc9-5208-4619-8c63-b3c0a837481b-profile_image-300x300.png
2af83bdd7db644d88ffdaf123c38619b,2040,56021,https://yt3.ggpht.com/2N7r3uvIuUpwqxZcx0Mdo7QXIG-dr3fqtfWQyXmcBs53gzi2AUostJEdsOqpuatqzv0dXvBLgQ=s88-c-k-c0x00ffffff-no-rj,,
2afd93f378e14e78ad944fa86a84ed98,195,4893,https://yt3.ggpht.com/k5ynsAkgUh8leNwgtHnzbKj3JKt6kGq65K6ZEREKEQDsTrNJJewbxtPa-MNvK_1kIqBtMItT=s88-c-k-c0x00ffffff-no-rj,,
2afeb8ff2471460da2f02cb36c0c6345,422,4876,https://yt3.ggpht.com/yQ8GzeWoV_CEayzRkzEu9MUt6S0E6erYeCnH9niLPPIlDMcGTIT8GdKxtwqWKFuapAVPsQBT=s88-c-k-c0x00ffffff-no-rj,1328,https://static-cdn.jtvnw.net/jtv_user_pictures/c3b93cf8-3cc8-4282-8505-6aab62d480fa-profile_image-300x300.png
2b1ef81172474b6b8409100be2f30da7,284,3914,https://yt3.ggpht.com/4by8bfAQUrD5QK76FutgtMwCkVrHjfwqE0OC3uWUhX1XP-a_fZ6WLyP7yTqEfTHgcqzRkVtx=s88-c-k-c0x00ffffff-no-rj,2609,https://static-cdn.jtvnw.net/jtv_user_pictures/5d5be2bb-cdd8-4245-97d3-b73c3d7cc34c-profile_image-300x300.jpeg
2ba32c49f08849f9a109b7e485c9c5a5,12800,314436,https://yt3.ggpht.com/rSpO_7hK0PHNw6-zjNkDshMW4Q4BY4b2X0xcbeyFau_Y_bSWm_9HtPDFG6pKuIN7-FmHK9lP=s88-c-k-c0x00ffffff-no-rj,,
2be709cdd22f4a63a95504731ba79afd,19600,690750,https://yt3.ggpht.com/0k-D0EqgBBGIQKMvNdlKtVkrXfX20naQfSI78Zpt7j6Q-we5E9R9RvmRDRY5JiMQnP5r62A2Izg=s88-c-k-c0x00ffffff-no-rj,,
2bffdc20e3cb48de9bf46600f62d248e,510,24961,https://yt3.ggpht.com/pzTdWx6j0NEnp9P1HHj4CDYAoHnYKnCcpEAjajR96Vhv2hM4H8EX05JvUID-GKYUNEB8Cw9QFK4=s88-c-k-c0x00ffffff-no-rj,278,https://static-cdn.jtvnw.net/jtv_user_pictures/58074df6-9b50-4f8c-b572-a06c4dbbe129-profile_image-300x300.png
2c2db11a23aa43298ab96e60a20692d7,66,776,https://yt3.ggpht.com/X8EzAO7iwIqzLPRFfBmp6QGWrOw-GFUxVHqAJqDZZwvKBzg1yyy119niY6AAnIqm7LOnXI3SCA=s88-c-k-c0x00ffffff-no-rj,1531,https://static-cdn.jtvnw.net/jtv_user_pictures/55b3da44-53cd-47c4-9dd2-ae099ffb1305-profile_image-300x300.png
2c42a2d77b4c481bae57dc00a66c2f16,4410,384815,https://yt3.ggpht.com/sFJULWxXxJ6gpME7Kg968-hUXXwGbKk5SEvWjs6e_DzUMVrK4Bw32todNASohT1A7roKEiknmg=s88-c-k-c0x00ffffff-no-rj,,
2c6b5ad20b4e4bdc85310b791d02b364,529,17398,https://yt3.ggpht.com/ZuTifiBgweb4Y_hbJA_0D50Cv2xs5zmf2SUQQlddIH-yLkyewp240ZvPbxKdi7CPjR1a-fdqmw=s88-c-k-c0x00ffffff-no-rj,2127,https://static-cdn.jtvnw.net/jtv_user_pictures/57689087-e404-4075-8080-5f9373580055-profile_image-300x300.png
2c6d5a00eabf47e2affcc8fa6ec64f9c,736,4776,https://yt3.ggpht.com/1HnZHGyE-DblecM2xElX0YgiYkFch-uZMw2JoBAEt-6zDzhhZn5wI7l8ROQtV0pHoCg3wzys=s88-c-k-c0x00ffffff-no-rj,65,https://static-cdn.jtvnw.net/jtv_user_pictures/8109034f-7a50-4628-8ccf-ed882361096b-profile_image-300x300.png
2c83b5b4c0644e9d94c4221ba9543cc5,542,10804,https://yt3.ggpht.com/xq-cm8m0fQSktNDltkCXIartBAgK4s9LyM9KCJWzC-N739lRtHyNOqGRQg1DtX4Uj5Rkhn2H=s88-c-k-c0x00ffffff-no-rj,242,https://static-cdn.jtvnw.net/jtv_user_pictures/1f149776-dc42-4c07-b524-37ed006f6306-profile_image-300x300.png
2cc874f341184fb799b01c399477c0b4,1240,44816,https://yt3.ggpht.com/PN3BRoqoioobIvJMB58Jcvr-vmaVGf3MKgqDUPVMRTTbH1_c-QEJioEwZ_RexXvG5XB3f1nlCw=s88-c-k-c0x00ffffff-no-rj,140,https://static-cdn.jtvnw.net/jtv_user_pictures/062a77be-3b5d-4e84-bb7a-f9e96385a3c7-profile_image-300x300.png
2ceecb98e47845eab5e3d8d33bd53895,3100,92789,https://yt3.ggpht.com/0MejC5hnzerqlSGW5AJRkMRgIBj038lcZvBjOZkumfAvVu_UxBaF473_d-s07CSu0lFUmCCtNeM=s88-c-k-c0x00ffffff-no-rj,,
2d25a18a83af462a8d4062e162017a1a,102,4620,https://yt3.ggpht.com/O1_Ymh5N1cZIbcPn6TjGX7W051ytW1HpOwzYXCEihvNjexYIMP5uYUE_M28c7qirSzYzoKBt=s88-c-k-c0x00ffffff-no-rj,502,https://static-cdn.jtvnw.net/jtv_user_pictures/1fc63881-c4e3-4487-a8c8-bf47e5f26c63-profile_image-300x300.png
2d3deb7610dd4329ba77597dfdd13043,52,1448,https://yt3.ggpht.com/RerSlDb_wPjw-_ZD-iUqtCluHDsAQDVWnPVMCsrYGaz5FL8zj2STzTX115ygWn_MmpwwFTRAhA=s88-c-k-c0x00ffffff-no-rj,1603,https://static-cdn.jtvnw.net/jtv_user_pictures/d294f6bb-5050-4aee-a5cc-04dd7f42d49f-profile_image-300x300.png
2d57d202ef8e46a5871302b944309bc2,14200,1089953,https://yt3.ggpht.com/ytc/AIdro_lt7egmSGSJf0Asys7BMeAiel-WfSMbTyA71yqHEb_fEfM=s88-c-k-c0x00ffffff-no-rj,,
2d6886120def4c148c70514433d77e1e,7560,434536,https://yt3.ggpht.com/7E6XPSAmCTKf39Zusa7lsZQp__nA-6CVX1BY04A1_jKjVZWIjJ9bYx8ImdgL5aK02fRVSGa6kg=s88-c-k-c0x00ffffff-no-rj,,
2d8030df89d042fba678da36c8f68aea,10600,412002,https://yt3.ggpht.com/36v4UQan-UJOW30OQqyVNJgFAljR0S-zj8SqKj3WIk3iGFGWSjOLyoPr3B4f2gBxB-SOd5_G-Q=s88-c-k-c0x00ffffff-no-rj,,
2d95e2e1191046b1bb35697b37bda595,507,48025,https://yt3.ggpht.com/x8u_Koax4pCKg_Rvm93zg8aqmuquxKgS_eTni92qxz6uWZ89Ra6eQcIDRZXlmNVcpLJYqsa3eQ=s88-c-k-c0x00ffffff-no-rj,,
2d9ef8be75c34daf9ce9d17ecbbe0f7a,3330,514525,https://yt3.ggpht.com/murOcgdQHzxqgtxkqdxCKEoCfxR-Y0TdLBoDUAQZ2SmO0pg7b4M0SqkicufuuyAlxGMLsRCL=s88-c-k-c0x00ffffff-no-rj,443,https://static-cdn.jtvnw.net/jtv_user_pictures/31805017-f572-444d-81a1-1a2cb6843114-profile_image-300x300.png
2dc0dcb6a02e41b1b37c55639a898a68,562,26046,https://yt3.ggpht.com/F3nbiJ6ng0ZdB0fAdxm4dsES6vyjtqZJex0TkD3akQ0CXzo-jWhjQZYDJ0h_w38TwxNJkkS7=s88-c-k-c0x00ffffff-no-rj,,
2dc29f6b05584c718c60034af9883496,454,90666,https://yt3.ggpht.com/G5oG7swM7H0KvsT2aMFvTlpJaoHMgOxT5Xl6P_KEqUhTLbQ49MuZ4RbTRVkzej9Uym3amr2-=s88-c-k-c0x00ffffff-no-rj,,
2dce35ef53c345f4bbc667ed6246694a,92,6171,https://yt3.ggpht.com/AI_rbbnLoHWRlRuidpzXnCpfYPK2WD3f34QXjmi5wspz5r2Uak_59zgSo_8IfgmYxKzTapGiEA=s88-c-k-c0x00ffffff-no-rj,,
2df2e0bc14fa4450a0d17d294b5a0bc0,405,21700,https://yt3.ggpht.com/BH_xSs3n6ALxFl_gRGgrlYlaLp1oEf_a0-dIybYS6MtgIpkLjzOtxWbBUvEZoe9c3hvKKD4Yh88=s88-c-k-c0x00ffffff-no-rj,,
2dfcc511bca64a678926415857b097e9,201,0,https://yt3.ggpht.com/X4zD0NkUPNWZmkiRjAnZKApbbSVp83Glvx4JQGC0Za2D1iq6atIQC1QZE2DQ3xZr6xjidSm8Yg=s88-c-k-c0x00ffffff-no-rj,,
2e05bf5968cf4b3789a1316f5b05d857,267,51783,https://yt3.ggpht.com/UDs4a8NO99_E8GVmb5sPwrATsv5IX8EUyetRkad9sSAz8x8OtzOX8CAD0gMtjpkGy3NnIbhtWQ=s88-c-k-c0x00ffffff-no-rj,,
2e266a71aa3d4a67bb8d9a2a0b573319,4730,246670,https://yt3.ggpht.com/Ja0bX2OeXLjxA8GvthXWOUJ_20JgClRFQiikh4Uy4eB0u7tkdyOIcIgCpFzi2gyb_FzHpIOaTA=s88-c-k-c0x00ffffff-no-rj,41488,https://static-cdn.jtvnw.net/jtv_user_pictures/089b3096-6c1a-4ab2-ae8b-e8c05fbd540c-profile_image-300x300.png
2e2a6c392c024bb2a68b681bc210c187,33,1669,https://yt3.ggpht.com/9CvpBeVbPtO2niKVnBZMrND_YjSBDfo9wIaWQRTVz8qVp7-7Z4u4n7ZaSK3Yp1_Iff-fz6KOig=s88-c-k-c0x00ffffff-no-rj,239,https://static-cdn.jtvnw.net/jtv_user_pictures/d05a9de5-c42e-4a85-bf3d-52a28015f410-profile_image-300x300.png
2e7fa2f9a4ba4ca6a0ea1397839aafca,224,7699,https://yt3.ggpht.com/WUDxDXF5_a5sMO5xSrhUHuQ46NkH9QW_B8uLDpBFxngaYriujQTJGLQRWK753DpJDYrnRP4cdDw=s88-c-k-c0x00ffffff-no-rj,,
2e8c364f691740dd81c0fa61727a9790,1650,556240,https://yt3.ggpht.com/TftA-woThw8WsmKsdX7K9P9qCW7EFf5jMVh9fzgSx39gz03-X5LUMh0i4ErKa6NEwDDcEWihFTU=s88-c-k-c0x00ffffff-no-rj,3479,https://static-cdn.jtvnw.net/jtv_user_pictures/f30fd05a-7a81-4cfb-8c68-0b63f562ecc1-profile_image-300x300.png
2ea398a50afd48c3a9e3a819186a4375,1030,39366,https://yt3.ggpht.com/tUL20S2iItWNLBeYVXASYeYj3OVFxinV7EWSQ4ozc1ZKDeCi7SbiOBABuihyiCFcJx_3MwaZ2Y0=s88-c-k-c0x00ffffff-no-rj,122,https://static-cdn.jtvnw.net/jtv_user_pictures/d69554f5-d2ee-4a4f-b0cf-f810531f5e42-profile_image-300x300.png
2ea9fee301f94b70bc5ed51d628006a9,501,25699,https://yt3.ggpht.com/XDFgfkeS40h0Bj_AacO9DByBqyVcLmSF-3kYPLNjKEXC5HC-hWNb9QNYZBaF4ZCiuRsEedJL6Y8=s88-c-k-c0x00ffffff-no-rj,171,https://static-cdn.jtvnw.net/jtv_user_pictures/2bdb9927-20c5-4ff9-b45d-9e2b519e3298-profile_image-300x300.jpeg
2ead897ab38c4530aeeb69a2f02da623,628,28712,https://yt3.ggpht.com/srEDKbgH4q-fdG7Wtt2SZRs_Bky9-RHHrxYrczUs2U8wRIY5PfiwpooVpiQ8OBmqhjk7Y_Fu9g=s88-c-k-c0x00ffffff-no-rj,,
2ee2acc29fac42c5b130558543cbdf00,3810,101223,https://yt3.ggpht.com/HixWGRUDXvKUqXpr9yMCjFAE9MYpKwvcyacy1XIqqyKMOY0p-K4hGf9HcL2puAm_qmMeza4XkA=s88-c-k-c0x00ffffff-no-rj,582,https://static-cdn.jtvnw.net/jtv_user_pictures/95775f29-61a4-489d-8659-bb2525e6aeb1-profile_image-300x300.png
2efe1ad069184a7e94b0583b452ffac4,1150,71170,https://yt3.ggpht.com/GX_YG_nga04bCNisQuzql_U6AhyYwdc7NmxAEpJG_Zh5CmaFnTkDWLrUG8ExbemqKYhR44HoJQ=s88-c-k-c0x00ffffff-no-rj,,
2f0a0ee6478c45ae8af28953b4c370be,3930,238499,https://yt3.ggpht.com/a8dMV6uzdd2elvtwlXv6SzPOoZFs78IkqV6MWCdXbrDMb2z8ZH3W8FZF2L8XfIPG5jjM7dA8pA=s88-c-k-c0x00ffffff-no-rj,,
2f32fa150b4b4572bb6dd1a8e8c94ff1,40,1031,https://yt3.ggpht.com/2Z7jAUQ4r9DzqettWeA3kSIvaadoSg8v0c4j7SYDWfFVQgfEChVqzg-vtdJgKCi46od13ZMl8A=s88-c-k-c0x00ffffff-no-rj,2387,https://static-cdn.jtvnw.net/jtv_user_pictures/4bd1db95-79ca-4fe5-8508-d6d6432cea9d-profile_image-300x300.png
2f5ddd3c62064c14b4d813e7543c87a8,4190,47404,https://yt3.ggpht.com/XOs9RRkfVEyrrXRJCpYmMU6EbBhyAr9-dccGuw4VQqF8x--0P1MARnS9miY9Tx6_zJ_Vhmp_BA8=s88-c-k-c0x00ffffff-no-rj,,
2f607aefde1d4264814d4e9282dd5cb0,384,12516,https://yt3.ggpht.com/OA1O-3mdfkVQU39IulaiWtPFEthbW1y7iUq5sPjS2A0PVhjhFJLCRT2YvH2dqseP7MkpU2RA_w=s88-c-k-c0x00ffffff-no-rj,154,https://static-cdn.jtvnw.net/jtv_user_pictures/d4f524fd-9070-4587-8a5f-694c754ff22b-profile_image-300x300.png
2f6cee890853475a8bf91f5ed45f8d4f,,,,560,https://static-cdn.jtvnw.net/jtv_user_pictures/11ad7acf-191a-48a1-b089-b1c1e65f091c-profile_image-300x300.jpeg
2f7da7d6dbe84301b4ef52240cc05e9b,73,196,https://yt3.ggpht.com/E_5FatN1d3PMkVbIXtOCR69RKj4Pr2TzrT4yOQ0dVT3V7i5XF-uTVEtUgoX915hgC7gRxmwPLQ=s88-c-k-c0x00ffffff-no-rj,790,https://static-cdn.jtvnw.net/jtv_user_pictures/b766cd6c-c911-490e-90b8-d93e728cba83-profile_image-300x300.png
2f80e2f83d254bbdbf48b9c8b3fca995,2380,78187,https://yt3.ggpht.com/6ROuO9Df_cOiZKYliatClb_nQJV1HQJ8KkghBEXiW1lU4oIwhTlPTi6EMM-hT-Jdy-oKWge4=s88-c-k-c0x00ffffff-no-rj,,
2f966e51210f49ba9dce2ac90e3ada18,1160,19861,https://yt3.ggpht.com/ZKNMmArmiFqQTET7SGVjgghw5UKh7FtFGeXSzgdIgjqSBSdmmDNmzuUDHpPKQexrHgTAMLzHjw=s88-c-k-c0x00ffffff-no-rj,601,https://static-cdn.jtvnw.net/jtv_user_pictures/cf9c7663-dc13-4ff0-ac39-d6c046883145-profile_image-300x300.png
2ff6c25f8e5943d2ac0a6a006f5784c3,129,1173,https://yt3.ggpht.com/ZANn6OZdCwV8INtEyKPacsohOboOQsBxuas3k_i6h4dYk_-SwMubrkl_FHOYvpMkjyjwTX9K=s88-c-k-c0x00ffffff-no-rj,608,https://static-cdn.jtvnw.net/jtv_user_pictures/0608cd09-77cf-435b-aff3-0bd8b782cf90-profile_image-300x300.png
3005ff0c09064d7f924c506e1e9c18ba,11600,324040,https://yt3.ggpht.com/cX7eFaxHOiM1oHQy3actX0UZJU17GuJxQ7nrU1a9X4rZie9ZNeQbFeSxsNtMPr8QEkvok5AzLOg=s88-c-k-c0x00ffffff-no-rj,18101,https://static-cdn.jtvnw.net/jtv_user_pictures/aece8d61-0397-4be1-b8b9-89a77952a447-profile_image-300x300.png
30114f720b104e7f89d9dc0399a00dd4,27900,36043,https://yt3.ggpht.com/kbK7PmpQxU1guvfhRBoulb105SdrWzdPaln9curSzlbqzI2bNb_zz24I1zzynS846YsTZdDaRQ=s88-c-k-c0x00ffffff-no-rj,,
302b50b5cf4844d58868013404b1ec3f,806,7212,https://yt3.ggpht.com/l3VV88dzOmp2FbJcL1O3gH52o0WDYNNqNmDbnuEBVJ19PHVxZL_GLPUFaj4MPsj_IYM7a14j=s88-c-k-c0x00ffffff-no-rj,,
3034b51ec8ad439fa7033773a72a5c4a,762,15390,https://yt3.ggpht.com/niffIDDJ2AkueENeI73rlWcZWmRVvTQ55V7PsENRoaV1e3IG_D3mXGfLsr-PsIeEwcNB5Mm_yDU=s88-c-k-c0x00ffffff-no-rj,3213,https://static-cdn.jtvnw.net/jtv_user_pictures/b6075977-6681-462f-91c2-2981aabff62e-profile_image-300x300.png
3039dc305f614cd89e8ee8d028dea0ff,2180,64297,https://yt3.ggpht.com/4rG-jyfHt_Xbs11DkSdbNPRoTqR6HNVgCgZndMT94vw9ISRvddAUz0y_-HdkPtJz1qJKmkH0fw8=s88-c-k-c0x00ffffff-no-rj,,
303c4cd8cf334f01805afdd8df5adc7f,1380,53672,https://yt3.ggpht.com/cdUEiJjTW-mLtHwntxaGPqhhmRpI1mcK26qo_h7dSPktuPWU-kLs_KDUbNoF9mWMiE3PdrIE=s88-c-k-c0x00ffffff-no-rj,,
3040b4d9d4374815a4e0af0c887a42fc,103,9278,https://yt3.ggpht.com/1e39_8hfbWsmSP7PZzc8gjUkHDdjW7M7kMOnShCaoPa60o33AK_YNMedD0S4RFvkd7wBMievvA=s88-c-k-c0x00ffffff-no-rj,1017,https://static-cdn.jtvnw.net/jtv_user_pictures/80d8ef51-5d5f-4cd8-9bf8-03bda9278235-profile_image-300x300.png
305290c734e94a74881ae46c49ea18c4,3520,50601,https://yt3.ggpht.com/sMDpsNZHuIX0hnbqrn8N4LDkpvhXW6LmHYEHTxhBtGTYLvjWIyGqhxEMVeQmU-QWO8h1p-1m0h0=s88-c-k-c0x00ffffff-no-rj,4909,https://static-cdn.jtvnw.net/jtv_user_pictures/846ace5b-cd35-4018-a7ea-386b94e324c3-profile_image-300x300.png
306117a48f3445baad1d6a919ed340bb,1240,47849,https://yt3.ggpht.com/XLh65SXsT2KXLmUNxu7_SQ90UdfQX1YPhCI36aNJ4Gu8bIA457TltqXAbpBSMwhT42v8H9iMcAY=s88-c-k-c0x00ffffff-no-rj,155,https://static-cdn.jtvnw.net/jtv_user_pictures/b481daa9-5886-4ffa-be83-5ccefee37f00-profile_image-300x300.png
3082cc9c2e124fb3bf77cc799590042e,25,703,https://yt3.ggpht.com/Xgkmz-JAbSytF4luHZl8Uxz6v1YGa7VvQ0BbGo934Yn9-VPd1S8gS5lbV-LFWvx0wEKRPGyN=s88-c-k-c0x00ffffff-no-rj,,
3083d2b8192843958b2852553cb3bc70,332,2664,https://yt3.ggpht.com/07FPNqTISE0N1pv-0XI9NU0l0HLWl3b8xpvSXoy9b7-iJ7uEPfg8ASZINcTHDFeDE5NyOu5jEcA=s88-c-k-c0x00ffffff-no-rj,347,https://static-cdn.jtvnw.net/jtv_user_pictures/7203dd47-e5fe-4f56-898b-5df0cf4ad245-profile_image-300x300.png
30a4362c1143491ea0ed5383c4882251,1130,53094,https://yt3.ggpht.com/imFSiYXNVUjqThAd9ruuTNCdcJVeJ-JlHnHl3uVWTCXLTYogXUkp-CkuhrMOJA9DVyjqtlJw=s88-c-k-c0x00ffffff-no-rj,,
30bc516401f24514aaecce081979ab50,820,14480,https://yt3.ggpht.com/jSsvAs2YLW_6qZYvIIdC8jsk_va5xKAysZ5bYkNEnU9ncws9RXUsa7IxNZAJxWHemrvnETdm=s88-c-k-c0x00ffffff-no-rj,,
30f58f5fd3994b9a8751b3f44e543c17,1370,95852,https://yt3.ggpht.com/ytc/AIdro_np4BXDFRifx_xNYTdK_1t_A0-RAEROwWxe40E3ybQkLg=s88-c-k-c0x00ffffff-no-rj,,
30f59fd702d5417c9225bc729bf7ec32,2770,207479,https://yt3.ggpht.com/les3MQ_DjnMYrobNo-xo-8b6UU1n6dg7KUnOuLNzNw2d8yH0BSwmoEuU60f2W4hPEuO000Xb=s88-c-k-c0x00ffffff-no-rj,,
31073a45106c442cbe11fd4368e162fe,659,15994,https://yt3.ggpht.com/J9kF0FWOLdEc32ZjjqgZK0f82P39mVjjWjWuAHNElyz65I_L30ITSfKbjD5XdE3BGTMquoB0Mw=s88-c-k-c0x00ffffff-no-rj,2216,https://static-cdn.jtvnw.net/jtv_user_pictures/f20f2aee-74df-4d87-9d70-f24a967d9235-profile_image-300x300.png
310862830fb648b78cca7e581e2622a7,8640,266025,https://yt3.ggpht.com/MaQHztvFuV6zSwqOYCb1UQkzj2pT3gkQevyZaXqwujLNiPAUt7rEoOXGus7SI-Y8DLEY4e2g0ss=s88-c-k-c0x00ffffff-no-rj,17015,https://static-cdn.jtvnw.net/jtv_user_pictures/d9a50ddb-6e1a-4543-82ff-e023fe933d76-profile_image-300x300.png
310c827bd2b34fa58413b09453226ee9,1230,0,https://yt3.ggpht.com/eFPPOuKPpwf9p4T7hDDfbpBgtexoWodTBkiH1dikVRG1GisInoj_me2ib6xAzPMbDX4-l5IWUQ=s88-c-k-c0x00ffffff-no-rj,,
312fdd3c5e6d4aefa73fd3860ecc5613,186000,26372517,https://yt3.ggpht.com/BTw76Yg5si_NhKnloGXpULOvBcyZD_QU-RBkBO6N0Z6f4UiMWZ2t1LKOiK16hFbyvflyc8aWFQ=s88-c-k-c0x00ffffff-no-rj,13560,https://static-cdn.jtvnw.net/jtv_user_pictures/5309dcfe-1850-4511-873e-a0de0b9bfdaa-profile_image-300x300.png
318268a48a3c47b7a56609c204d02b03,553,2832,https://yt3.ggpht.com/ZL5-7wDeM7nGWplIwOMhcSD3QLObXAL88Bmof9hKUs9eFUQBqMP1i3Xl3mEerTGC3-2Nba87=s88-c-k-c0x00ffffff-no-rj,,
319383cd0cd4438990dbb916862cdbfc,3140,88641,https://yt3.ggpht.com/aTpwX43wmQqn-nZJft5E5SLWYnNcJiO4QYIFRijv1OhUR2TOFfGXCGkkQe7os_bzVm3IBGpbzA=s88-c-k-c0x00ffffff-no-rj,,
3197e5649c65405cbbe6e5f1a44cf8e1,26400,1248883,https://yt3.ggpht.com/zWGTL0AcQ1ltUWEZYPtrLPn3FUXVa-dveCht2zPOyOXhAAzBUAeLsmFdOEloj5V3LJ5gp3TI=s88-c-k-c0x00ffffff-no-rj,,
31a4ca5b5d554c13902eff32302e5eb9,,,,1442,https://static-cdn.jtvnw.net/jtv_user_pictures/bbbb48d2-8cf4-41b1-88b2-a50d9445cc58-profile_image-300x300.jpeg
31c7fada1ab24cbd83ab4ae698955a29,718,28888,https://yt3.ggpht.com/0N0gFZ1N5lP9Xt35__V-Y2mQikAtFvU0HOLbcLMZEgxNYltGFMep-Hz-2ejukOpkDKSa4oeztg=s88-c-k-c0x00ffffff-no-rj,,
31f17632340f4e7fbd0ced07193dd81b,30400,1530830,https://yt3.ggpht.com/BVM1M0b-XTTV27Siz7DH3pX3zZAj061uyYIY7XBtp4ktzXsZAwky4qGKVa1tImaNsb_QynZa=s88-c-k-c0x00ffffff-no-rj,,
31f4c00be9eb41a1a6be0356614048fd,,,,3536,https://static-cdn.jtvnw.net/jtv_user_pictures/102a9ce1-b689-4eac-8804-827a971c5b8d-profile_image-300x300.png
3204abe8247b45f08481bef65884ebc3,764,2934,https://yt3.ggpht.com/E2wLWkLg_mqj8zYB9o3SUJirFfR_B2RfwPaWe3tbM76-gGTG0joe_VbV6KOHulo8QSmJCV3y=s88-c-k-c0x00ffffff-no-rj,1311,https://static-cdn.jtvnw.net/jtv_user_pictures/2269eff6-ba37-4612-b45a-d87380ff721e-profile_image-300x300.png
323c21f9e49f47d48609f698a3f81fd5,412,4632,https://yt3.ggpht.com/8tKMRZZSmnuP-UlqmENo2fCo4s9KVVHv0rgSxtTE7KuNC85lTpAeCwBHQSwjrUki53S99srz=s88-c-k-c0x00ffffff-no-rj,,
325c292889f542688512641841b4ed8a,4400,161767,https://yt3.ggpht.com/G7F0-cGG3vjEYtp1wqKH2AttIbwU8XnFPdGlCwp10hvcu76FRFc0TV-jJ9bDTm79-IqHNw_eoQ=s88-c-k-c0x00ffffff-no-rj,,
326e21d5b6e7446698969bbd8be1b564,,,,2170,https://static-cdn.jtvnw.net/jtv_user_pictures/51a0b77e-4e1d-4897-8068-4230847b2754-profile_image-300x300.png
326e254f0da14bc6bfc5d379164cf5c6,2140,39877,https://yt3.ggpht.com/Cxxe66Sg8R_P7Q_ibtGIRWebG3tn5gxrNpC8mHdIonElOK7FwHrlM_GbxZu95sxHmEardme2kw=s88-c-k-c0x00ffffff-no-rj,,
32a08f858ffb4d6aba0624647cf8cf2d,2270,70257,https://yt3.ggpht.com/8Uy6DWHhi0R5kJdq4GdmLNF4MtScoD9IjA5cK24ZraJVeG05gddBHfkHnHwxrp71jSXn-PtK=s88-c-k-c0x00ffffff-no-rj,,
32a5b834b2bf4912bcd54ac00ae13285,885,2069,https://yt3.ggpht.com/JjB1viXHZ6gkWZfc4l93xz0lkiONg2-5ZepMs0YaNkiODoMFvSMbMsJ9ibPMRuA4h0c8bBIorEc=s88-c-k-c0x00ffffff-no-rj,1750,https://static-cdn.jtvnw.net/jtv_user_pictures/cab31f54-3452-441c-9e6a-336207a306db-profile_image-300x300.png
32aabdc7b41144a8b1bd28954cd3278c,,,,1558,https://static-cdn.jtvnw.net/jtv_user_pictures/debdaf04-b6b7-47db-9284-5d58f42c5055-profile_image-300x300.png
32ae564b306c42cab2e1a4a8a9d6adfe,70,797,https://yt3.ggpht.com/8OWudouXhuERO4iAJCvLOavhM46NerjQ_WBxkhu4BoyvNAmVNWxUzGLImQ2n18kL13UM-2-uVJM=s88-c-k-c0x00ffffff-no-rj,1325,https://static-cdn.jtvnw.net/jtv_user_pictures/8dd08333-d52c-4888-aceb-265dcddf9764-profile_image-300x300.png
32b5b05c6e0f4747a8c0932d06f97f8c,20100,558632,https://yt3.ggpht.com/1--cApE8_emCnK8DSfnFQl2P0uN-RdZSKcz1fKhZcR7C5Xa89_sE65jtyDSx-YlFk5doLWboqjg=s88-c-k-c0x00ffffff-no-rj,,
32b83b466c11418bb380623a95944302,3800,288499,https://yt3.ggpht.com/CdE8gTGgHyMvlpjqSHzWN6j0ywTShzQyYgyL_fh9CgPjAy0m3yr1SyLzP3DcNQg4X7HpQ8YmVg=s88-c-k-c0x00ffffff-no-rj,2508,https://static-cdn.jtvnw.net/jtv_user_pictures/48509459-8aa0-4b6a-938c-95b2a15fc386-profile_image-300x300.png
334133534368487780dfa99b7c9f5949,23700,9885345,https://yt3.ggpht.com/wGRGSpaS4JIjLnHQP3KhkXEmumO5SeV_zO3vtHIlLpyxHd1LKiLJ5cBzNT4pyMxEqngs5BWd-A=s88-c-k-c0x00ffffff-no-rj,,
3353f8693d7b4caa82abeb2de3d89815,69,388,https://yt3.ggpht.com/CZ6nMNtMq_WBlZdrwAhkqAVCrHxHSnd1KJ51e1esnLOuMSfUAueIH11EzbaEdYcCrIzu1ug0jDU=s88-c-k-c0x00ffffff-no-rj,561,https://static-cdn.jtvnw.net/jtv_user_pictures/6094f5ce-3966-4dc9-a0ea-d9e9372cdae6-profile_image-300x300.png
33546b9ad5a8408589405f9467063dd7,370,2768,https://yt3.ggpht.com/cSJ08q1ghzZtCuGJyPZO-FoYz48i1N69Pm0ZcStFtGP94ANIecY9i5dQHqJbmIwQtUVHK-fCCA=s88-c-k-c0x00ffffff-no-rj,2857,https://static-cdn.jtvnw.net/jtv_user_pictures/1150ea7e-fb88-4fc8-95d5-923c3ae1b470-profile_image-300x300.png
3367168108de48adb898018c257db64f,9070,69122,https://yt3.ggpht.com/ytc/AIdro_mNkj4pW6jUvChG4gBzsrYlBtzdpsU-SuNMu6MPKVmDoCxY2_D05vAOfPJE2IATJUm0Sw=s88-c-k-c0x00ffffff-no-rj,,
33683e3255b14c38a3b5e373490aba4f,27,566,https://yt3.ggpht.com/sBEGSZ9beYwp2-UvJC_p7LnWa8lwZJSg299DpwVbJM909BaJkK4V-sZr4oIY4IOMZcbLceUo=s88-c-k-c0x00ffffff-no-rj,65,https://static-cdn.jtvnw.net/jtv_user_pictures/0c85f903-c869-4245-ae6b-970ac58e4caa-profile_image-300x300.png
33918eea49984fb499619652ce58a4fa,2040,31525,https://yt3.ggpht.com/qqKtx4C1HQTMmegjKy55m-eYSVUhNn2lsI4AcpvQhPqmwmm7tf2vYmaKoKENvTkJrt3PeTgEAd0=s88-c-k-c0x00ffffff-no-rj,,
339b1998ac594ab2b45bedc3038d6cf0,581,2491,https://yt3.ggpht.com/UM3W0019yGSZzlZ7thbZJ_2bSqKnVRCbcdwivwxCVhectPSOEJ1Zg18JISyjJgV_EJ4o0QBIYw=s88-c-k-c0x00ffffff-no-rj,786,https://static-cdn.jtvnw.net/jtv_user_pictures/f64ba46d-ebd1-4f6c-b83f-497178635078-profile_image-300x300.png
339b4a73ce92470c97b1626405d5eb5b,2730,83108,https://yt3.ggpht.com/DfrlBJ8MNC0cbRb09X4L-UpodtjaiSbcTruCEJ84mXDpcExLCYbSvdAqjXqxEOp9EqMk9xZHpg=s88-c-k-c0x00ffffff-no-rj,434,https://static-cdn.jtvnw.net/jtv_user_pictures/8295419a-79fc-436a-aa14-31bd891bf2c1-profile_image-300x300.png
33e0b518387b4479a76910366cd2a413,1270,58504,https://yt3.ggpht.com/2eX7wCjZMSHpb2XI2M3Vz8OzLB864il2rdEUiWhMQSjBc_ugL148JKmIWr3fslGLEAANhMPJeA=s88-c-k-c0x00ffffff-no-rj,206,https://static-cdn.jtvnw.net/jtv_user_pictures/df4729d7-11d5-43ac-bcb6-5e645b8dfebe-profile_image-300x300.png
340d9b553db042bdb8294ba2f9fd6990,9840,236001,https://yt3.ggpht.com/qOoBJRJGfFhUMNAs5674UWaeV_FttuSBbZcshwkdzZz123PDDMsE2RrbgKWqeXr4bQmDYvpdR5I=s88-c-k-c0x00ffffff-no-rj,1141,https://static-cdn.jtvnw.net/jtv_user_pictures/b9e464b2-6ab6-41d0-946d-cc5ecb00240f-profile_image-300x300.png
3410ce8f1b78487f8025485a6c09b1b8,1080,31549,https://yt3.ggpht.com/lG7a8hLxtbc3-9oy4k-7L9EszEC-2UPwczTg9UbCvJ4dxjOMxUddWdXyrcYn-vfzYQqumkj3lNQ=s88-c-k-c0x00ffffff-no-rj,,
342b158ba02d4103a1407d62fe786f5e,3800,171863,https://yt3.ggpht.com/a8Vbd6BcQ3_FmCG8oUIzRjt705ABEpYk5Xd4MXzD9OeWTEsE3Fy9RCXQpaQ5NoGnRSxpV9utmLE=s88-c-k-c0x00ffffff-no-rj,1685,https://static-cdn.jtvnw.net/jtv_user_pictures/54026908-787b-4ab9-8642-843955bbf3ad-profile_image-300x300.png
342f808864164047acc8ddffe88c9618,170,4381,https://yt3.ggpht.com/EzG278rHNF-gJ7xgRflzEkSL7-IGRRWheAk26wmVKhco-bRNuSv8TnE1bSj0ekwBq2IKhtrOMA=s88-c-k-c0x00ffffff-no-rj,1189,https://static-cdn.jtvnw.net/jtv_user_pictures/70e1c334-b36b-4e16-b602-c91fa118b8bf-profile_image-300x300.png
3430201d0e1f4672a58faf16ee0f2761,2500,77660,https://yt3.ggpht.com/gq8iCMpfG9a59fFbId2NqDewjbHmzIDJeONEXuDunY49Izn7vyafEQogT4TL_4cHB_wDiXpNLVI=s88-c-k-c0x00ffffff-no-rj,1321,https://static-cdn.jtvnw.net/jtv_user_pictures/c15f0c2b-1a61-4467-b98b-6b0c4bf6c899-profile_image-300x300.png
3430389926a942cbacde9b444b3a6653,1280,49489,https://yt3.ggpht.com/pAP2eiYp4YON6P3SDyruwZWgDcZRyZ-rFHmQiFaM3FefXzuQ4Zstr2Di_Xwm_P_hniV7iNvF0Vs=s88-c-k-c0x00ffffff-no-rj,,
3434e3ca02904364b763c86e75fa6d4a,433,47602,https://yt3.ggpht.com/zMvogiced95lBCl9MFUOVj-qWvN9XTDUezygGVD0rZmcHfzLFoaxVrGlrsBUZale_cTTSrmOsQc=s88-c-k-c0x00ffffff-no-rj,1479,https://static-cdn.jtvnw.net/jtv_user_pictures/d32a8f38-9e76-437d-a79a-a26a9c06afd4-profile_image-300x300.png
3442df03030941b0933077faf6a75c6a,88,1647,https://yt3.ggpht.com/vcFX1iPHuF8Ah7I2Mu_fN8DoP5R-XXyEIUVNT_YwNtrpBv-b2wvgSKcc4bvBaW1xiAlouNjU=s88-c-k-c0x00ffffff-no-rj,377,https://static-cdn.jtvnw.net/jtv_user_pictures/d9eaa577-c1bb-4a3f-8b11-a8380ea0b7da-profile_image-300x300.png
345b2eb5c8bf4d7d9fa72176f67de440,1190,27554,https://yt3.ggpht.com/Tzfg-EGzzKx1JglN7ViisJggREWCeKUAdAz-GtHgKfub6YqU0D6guk_RCRJ_2sq02dgEpp-UQ08=s88-c-k-c0x00ffffff-no-rj,721,https://static-cdn.jtvnw.net/jtv_user_pictures/ac3aa6cd-33da-4e56-996f-46ef65c167c9-profile_image-300x300.png
3475b2087d9a4d799c10bd3ac5f45437,139,537,https://yt3.ggpht.com/6eGL3K-Ggg_reZXk8gJ-Y10NmpbA_Yi0h7ZCTPsYTWF2bPaECnOPiEKSZBsw2KbYEA9U2I-HyA=s88-c-k-c0x00ffffff-no-rj,953,https://static-cdn.jtvnw.net/jtv_user_pictures/5930beb2-e97e-463e-9d33-48121d94a8b9-profile_image-300x300.png
34973abcef4e41b29add2b476ce0a7fb,914,6210,https://yt3.ggpht.com/JQZzPANCsa4BlQy19BPdsLZ1ViAym0BsbCNrCl_4INZRfLwWVqmf5Z4-aHozfMtmKGayACk5FE4=s88-c-k-c0x00ffffff-no-rj,18,https://static-cdn.jtvnw.net/jtv_user_pictures/5cef474c-3318-4695-ada0-1420f4322f35-profile_image-300x300.png
34d968321e3c40aabf759ad22d33bb3a,1700,0,https://yt3.ggpht.com/0Uif4ZFrh8vo9Fng3pytBg1PHmTJgCdk1rOXSeh9n5ab1_90IBRJjKwuMr8Xj-_yZu8M58EwKA=s88-c-k-c0x00ffffff-no-rj,,
34edb431f7da4a43b2a6a9d79d2858d1,4220,187235,https://yt3.ggpht.com/-9xxyFcqeL5-9nY9Va3-2XVhOpuSHOViuqyTr_qr2YQphlbp2L41JiXbQuExkgIWA2sQefh0pQ=s88-c-k-c0x00ffffff-no-rj,,
350516d81d0944fd8dde463cbd4fd279,6950,676147,https://yt3.ggpht.com/xab0mCVrCZqVXlQxICzbiujRmSt-T7L4x2Muych9Ci9kyB-eaY7PzgC6DePSfU8Ms5POsUn0FA=s88-c-k-c0x00ffffff-no-rj,,
3506a4f43442492e83c6fbe4cdb09aba,2740,51657,https://yt3.ggpht.com/yH024dD3EkI1cCperimIUa711qjiPUNB1UHj7OiHhXFXQedKQzntt42s_8_rL7s0EuY71dmD=s88-c-k-c0x00ffffff-no-rj,,
350b440f9436415c8499526d4c6f3dfd,87,419,https://yt3.ggpht.com/uF-cSRodWts9g1Qrc1LJryCNezDE6tgdge1a5N1uqi7wj6vV826C-J79eXCEs8INNCFTErtS=s88-c-k-c0x00ffffff-no-rj,1503,https://static-cdn.jtvnw.net/jtv_user_pictures/881c3c3c-5596-4e08-910e-467e0f194245-profile_image-300x300.png
3513b73ded994bc3a92a70c9632c9856,466,7844,https://yt3.ggpht.com/LA0J0CJX8BFGRlEOA_To0gA0Q1bxU7q-rn-3rtTQiWee5qiB-UqDzczferMNSNJMK0PFKqYScU0=s88-c-k-c0x00ffffff-no-rj,6822,https://static-cdn.jtvnw.net/jtv_user_pictures/919b002a-23ed-45bf-adc4-695c7af5ad14-profile_image-300x300.png
351e16ae67e14d5e8c7294284c2ded4d,1680,51525,https://yt3.ggpht.com/dn3ohciT9fBkQTwpOwGcorBaf7jw9fTkQBvpPpB1KgzYuCA6QUkwCnEfxEMgaavixceRDQ4_Xg=s88-c-k-c0x00ffffff-no-rj,702,https://static-cdn.jtvnw.net/jtv_user_pictures/e2a4cf8a-759b-4347-9285-b421f2b4a150-profile_image-300x300.png
352894d7c4eb4c9f87e248eae450183a,1460,81108,https://yt3.ggpht.com/lpyihKPBAzy0_UmQeI1CDzm-Q4tUyobGBBiSS6s7z8nZdYlREqYrLTMwi343y4JTcHmrkoxaZhs=s88-c-k-c0x00ffffff-no-rj,,
354734963c7d49588387bbba859a05a2,156,232,https://yt3.ggpht.com/b_erOg39p7uQPIEWjlnXODRVA5-C4bVrvTyzpb8w1o1hFuyAw8jVLdamPqRBY0_x2R-_vTxMIzw=s88-c-k-c0x00ffffff-no-rj,,
355d53b23acb4f4697b858ca06b25fb7,449,18793,https://yt3.ggpht.com/xMVesmN4HLBXTRfy-Sd9cyBAJoYSIUvWlGIWbdMoVGkPiJ6siAR4E8qwJdp91UAHhmqHDUtipw=s88-c-k-c0x00ffffff-no-rj,,
356186a5552f499baab4ac520b7d4235,691,43771,https://yt3.ggpht.com/mzkUumgLyGZWC2ERYmWb7EZpka85Oaz0w_7pSpekqlWOdCgB2FNfsF2SL4vGvOQ7zSBQMr4hgA=s88-c-k-c0x00ffffff-no-rj,,
3569cab127ab4bf9af790de9a999a5f8,10600,335525,https://yt3.ggpht.com/Ybze9L95I54oAsiAz6A89dDmmfT4ZttZmbZm93-dDbRmMTGerwOpKqWEpnES8N7ZzeP2Seonxg=s88-c-k-c0x00ffffff-no-rj,533,https://static-cdn.jtvnw.net/jtv_user_pictures/64f04b92-ff9c-4f15-9ba3-b50ea269f664-profile_image-300x300.png
3584322d47f14c7aa8f6e98511d3c54a,1750,1326,https://yt3.ggpht.com/rt1ydlNAx5E9z6tPr8BH_E8FuD68F5PkGfa5wi44eHqu79GZ38-jalOutIHVPr8-gvOsmOW0aEA=s88-c-k-c0x00ffffff-no-rj,1064,https://static-cdn.jtvnw.net/jtv_user_pictures/c427f010-3d94-4919-b18f-4fe076583d89-profile_image-300x300.png
3588ee10f67c4911b544e48223c57c7d,1050,21936,https://yt3.ggpht.com/Lipv97s-y_vMDKLleLQ2Pw4HOne68RlDqjAt_EnB5XA5QJslWvqB9F87-IjDPnligzjJBghr=s88-c-k-c0x00ffffff-no-rj,,
3589be2c85dc460aa8de768c7a228730,3760,130642,https://yt3.ggpht.com/3Oxqt9Vm98RaF-I9gDIhQxdiskYBPW2KdgrbSfLBVZQEG617ZTmS-njA5Zf6VQfzugRuydULT20=s88-c-k-c0x00ffffff-no-rj,,
358be1981a1b485aa1c47b3ddf3f38bb,162,15521,https://yt3.ggpht.com/jMd5sTVVzKtXbvVDOmOuFuO5YNOrdEDHF2BmsvR6mgyut0kch9bRYpw8cAe3wGqJjJtQUETDPg=s88-c-k-c0x00ffffff-no-rj,,
359bb9450c49401da7b002980d4f97df,56,195,https://yt3.ggpht.com/Yg4bpogoRMfsOroOvlqcMTBS2go_nV8IZgPp3I2TvzM16OVF1-3uXoBRDCkQgZuhg8cBeUoICmY=s88-c-k-c0x00ffffff-no-rj,1014,https://static-cdn.jtvnw.net/jtv_user_pictures/2b6b4108-72f9-4b3c-981d-423f812a47e8-profile_image-300x300.png
35f3bb64e69c432180b98dde239f3bdd,4030,208432,https://yt3.ggpht.com/N08dBMzhk5UsF3AOpCRTwm9WbKx1l0zkQ7FZs7cSawPg2yA-zHukCy2IG_REf1B_a1O2t2Yv=s88-c-k-c0x00ffffff-no-rj,697,https://static-cdn.jtvnw.net/jtv_user_pictures/efaff883-c87d-4a8c-933c-bfd3ec0585d4-profile_image-300x300.png
36497373f4734ce49ea8cb6a703f050b,1650,13063,https://yt3.ggpht.com/KKOjZLgeyY-bINr8rBBKs76PZgbFvCqeiOz1sXiXPVGfon_TDoI9vJ78yq8JpaTnYxOeF5EKn-k=s88-c-k-c0x00ffffff-no-rj,,
364f94fc7493453e9f53787ade8e35c6,1860,258895,https://yt3.ggpht.com/NrdBnSRpNFlnwncmui9dG8HMntV2aTRpAypwFIrEbU7HyMdLczEuOsMQ4XqyqMeE6o6YL3X_tg=s88-c-k-c0x00ffffff-no-rj,10,https://static-cdn.jtvnw.net/jtv_user_pictures/bda9b6b1-0f34-454b-8b2e-5f2488833d68-profile_image-300x300.png
365db081229a4efeb4630f19587a96b2,14300,530639,https://yt3.ggpht.com/kgKCLnp9zeAXlKpuPj4mLin4TFd3uaKjbuesmldrce4pMDbf_mayxanDfaImu2w3oKZ9mgyW=s88-c-k-c0x00ffffff-no-rj,,
366df9da61654531a6581169c70a0432,337,0,https://yt3.ggpht.com/riVv4eTMmetT2vb-3vobh5lM79lQcLIBkswV_tBqvs2m6RZ3uwvIhhNGi4qo8_eldJhxKEI5=s88-c-k-c0x00ffffff-no-rj,25,https://static-cdn.jtvnw.net/jtv_user_pictures/b19a008e-33f5-4f54-a7c5-bba4f641dc66-profile_image-300x300.png
3681a0b4e4bd48888473b1884f6ee420,42800,4307755,https://yt3.ggpht.com/j5xhN-4pFt22gJEZMAB3puUilmZmq27r8leJ564wjV3GtCd5GGpHIFD0Zo4T_C2OwWYLWRvT=s88-c-k-c0x00ffffff-no-rj,,
368336c76b5b4ba1b28e5381d0b8b26d,3890,132647,https://yt3.ggpht.com/rhHjUMaURG6PtiYJ_kWFV5Pb44sx9zg1ZZOYIVvwMaa5qtvNfIo7YLEtUEPIj6EbOucK99Av=s88-c-k-c0x00ffffff-no-rj,,
36890ed250164897a7ab1066b83ad547,1350,9769,https://yt3.ggpht.com/BlP9cvTmAxOMBy6WGsWbdSDaWxoYERw7eJVUWbxubF1QO-jMT-0V-Xo_03pphoUfmnrD0SMJ=s88-c-k-c0x00ffffff-no-rj,,
36a96262405a4d4683db73d8403bf8b7,7750,696600,https://yt3.ggpht.com/HzRXWKqqAxJIfoTfTppVlhLNo3ee5fJsjOVfvNLzXDEO6IJIdLig_ojcnSh08FmFxH9K2N-vxw=s88-c-k-c0x00ffffff-no-rj,,
36beb36f581f44d393dcf0af2b194789,,,,6187,https://static-cdn.jtvnw.net/jtv_user_pictures/ae2b2c7e-a86e-43cf-ab44-4f726a73534b-profile_image-300x300.png
36f4fa8dbd7740c3ae5ac02b890fa502,4760,288272,https://yt3.ggpht.com/e-9rLtePX8qdq3d9aBmNxOVNddMypvoOWwMUqnWdnqQL4AK1aiKC-aTQVF0d2UPAoG4Cq4nFwg=s88-c-k-c0x00ffffff-no-rj,1095,https://static-cdn.jtvnw.net/jtv_user_pictures/e97f06fe-d5be-493a-ba3c-67f43e0216e9-profile_image-300x300.png
370f66a57c0341b0adef5bcbad64ff90,427,15633,https://yt3.ggpht.com/LO5RiE53d-RxXvk8phyOf5xhHxX9ZvoSypmXnpDoEFdjCBLKC_t6Neo46VRC1mkwKvI_lrWh=s88-c-k-c0x00ffffff-no-rj,,
3727892a417b429aa063c7300e132966,3730,217234,https://yt3.ggpht.com/4CHaczTuVQJGhuA96LS9HSW3fFFj1uyIIaqIA_Le7jTUYpFCEfwk2aqXQIvtTEn7ceKriMcbAQ=s88-c-k-c0x00ffffff-no-rj,,
372962c805114682a4d16b75c13c80ed,1350,66470,https://yt3.ggpht.com/HLRYZN23kjJyhBS4fz67lnV4O33udyxYgubHOYeMHtl6A5vrXsLklRv1d1PEkbWsBZsqskI1Kg=s88-c-k-c0x00ffffff-no-rj,,
3750eae778e9453eaeee75956a8dabc6,508,8347,https://yt3.ggpht.com/GWtIhAwY22UQG8BsR4I4swBWeInG8iZlp_4NkconYwGcqccgOYPS6V_KovSHYF5IF-X3ph6uYFI=s88-c-k-c0x00ffffff-no-rj,2413,https://static-cdn.jtvnw.net/jtv_user_pictures/7e3fa852-6750-4809-8f47-4f6450439e9c-profile_image-300x300.png
376881e818cc47c2a045ca4cb8361380,1010,42530,https://yt3.ggpht.com/OshZjRALJcaMZ1r3SnY71tkrtq1wBcluTfkKY_IsQK8wVvij3Evi7jDu0ZwkLsStDXxvQGRI=s88-c-k-c0x00ffffff-no-rj,977,https://static-cdn.jtvnw.net/jtv_user_pictures/704aa61a-757e-4d77-8cb6-d414e1f23223-profile_image-300x300.png
37df80920d2b4363b3fd69fd3c6be31c,1090,0,https://yt3.ggpht.com/upUGsxpsXnpQg8tOruarEv71g3rcHBNXatYWeI3860-7f30P-B7MclZApSkLBqvRaot7mNrM0g=s88-c-k-c0x00ffffff-no-rj,,
37e88453b9cb48b1863bc455328b34c1,480,7030,https://yt3.ggpht.com/Styayn75ydnIjcvF8Z8Jk5-DzizUUmb7SwZI_RzrEiwb5anhgAPo2Z0306DcRw9hUB-TSIDeiWQ=s88-c-k-c0x00ffffff-no-rj,1191,https://static-cdn.jtvnw.net/jtv_user_pictures/172ba945-9e7c-44ef-bda6-650b35fd97c2-profile_image-300x300.png
3809ec8a42634d11aa1b7b8f99755c6a,18700,1110389,https://yt3.ggpht.com/Ikw0uwMDkol7P2xTOsAeGZkGaZGvo4xwfjXhaM0_Y-260ZdrO8tSb7XpYFxmHeXrzG78O-jt0g=s88-c-k-c0x00ffffff-no-rj,61112,https://static-cdn.jtvnw.net/jtv_user_pictures/07f208b6-5522-4ea6-86e0-7eba753f4895-profile_image-300x300.png
381bb87f90794f2a909775a87c192dc5,3440,36560,https://yt3.ggpht.com/jtRzx3EuDXCgjZde7Ba2OqReSZR80lJQQZaDacRFdu6Xv2zPyG0agp0gb4cJVT67o0h9w0HK=s88-c-k-c0x00ffffff-no-rj,4624,https://static-cdn.jtvnw.net/jtv_user_pictures/cf72c812-2b03-4950-9c34-2f6847fa0208-profile_image-300x300.png
38391974f5af4fbbb6224e3d6f2f7fb3,2630,122345,https://yt3.ggpht.com/asma1rr6ryn3WpUj9QraI5YR8JBlNnLcIs2giSDDlcdRBpolXHsu2dHySxFuvT6yIrIRwtNc=s88-c-k-c0x00ffffff-no-rj,6205,https://static-cdn.jtvnw.net/jtv_user_pictures/e25b179e-035e-4049-a1df-04984a739fd3-profile_image-300x300.png
3840a44ffffd48098bdfc16c4ee537bb,187,237,https://yt3.ggpht.com/Y3NudPQe2t-Xu34MqKIuo49mx3GODlKu0BbhQ3Ba2rWCq2EGWI3-7t-iWxqxzBDwidmSeCQ5=s88-c-k-c0x00ffffff-no-rj,2634,https://static-cdn.jtvnw.net/jtv_user_pictures/6d1708e4-37a2-4e8f-a87b-a5077d176e13-profile_image-300x300.jpeg
3849edba2b2e411f8564e9c1d1aaaa51,509,53755,https://yt3.ggpht.com/IfgBxJYMslldoPsNl0bgauOF3eMzwyJpbGKmy7t_mdACpbYpXW5UfmTS_QoL4CooaAf35SDJuw=s88-c-k-c0x00ffffff-no-rj,,
385bd42bc1424825abb8e158bc2d95c4,567,14806,https://yt3.ggpht.com/qhcbx2NdFu93M4Eg61yvGJroJjXlX3m3gYB6EkDbBx9r683Z8UoTp5N1MHYSw_8B4HkTp42v25A=s88-c-k-c0x00ffffff-no-rj,,
3896e47ba9f64b7082eee3980734ab14,2470,254659,https://yt3.ggpht.com/doUM6zT_k5-U4ETP52oSnAt78ZJJ2S7P9Z8QnSnf6n7tJeNv7MDb1bnKj8-RfQhmcgc4AaYnBg=s88-c-k-c0x00ffffff-no-rj,,
389bd53524c74c44a32d72279b288b17,312,2669,https://yt3.ggpht.com/P2Ck8Wy2zRQ6h3BOzmIHGtohWo1VagMV7ovrbJ9fOs9gqyAFNs8kwE-JAcCkDcWGoGAOK7iq=s88-c-k-c0x00ffffff-no-rj,,
38ae17784f894dc190a28b89e5555cd3,313,611,https://yt3.ggpht.com/sTJ64pDBhScSU8oX80huInKhjluGT_-7YOiu7Yei5ZHZvXVZzJzwS-b7Lc7kaETW5CtGoDaxSg=s88-c-k-c0x00ffffff-no-rj,,
38c92430ea8d4620a584b5cf60eee321,164,8619,https://yt3.ggpht.com/YCupIbyLn8i9JnZDTfLjJZe6yMueihDUYZVWhN-CSnAAetcQm3YWq_oFGs1L1EM6R-NZBWkvwg=s88-c-k-c0x00ffffff-no-rj,,
38ecb20931514383b2d93885136c6b68,3480,112217,https://yt3.ggpht.com/LIboGCN-x1xgGzu3z7Omuabl_Gql1M9b-ZD-eM09X4OmO8q6e2AjGLdzgzmmxczWtVe0ode9=s88-c-k-c0x00ffffff-no-rj,,
38ed20b2671243ea9c5bb3dc8d37c4e5,91,1553,https://yt3.ggpht.com/xi2IKJBaaXTu3oP4K1inDQ9g4r4g2BgIJz1eZWcto2lM4fgoQvHx1aK88qBsIobpiTVO_mlvCg=s88-c-k-c0x00ffffff-no-rj,,
38fcf8bc7f3f45d68bab44577c019c84,16200,379724,https://yt3.ggpht.com/FUCarLkNKmpe4cd4x-Df7NwQLCbSMhwHnLX0OW78pbW-uTFDDHx7Y0fbRfxdajH-_njaBAzJp68=s88-c-k-c0x00ffffff-no-rj,,
390346240f4748bd9d81e472411c20c2,12700,295345,https://yt3.ggpht.com/hXj94gis6aQfPMZtzCsTjWmwJaX1Le7YNKmPSIUoA4vgexSK3oGm10CfVJEAnxEFCbdsdc5m=s88-c-k-c0x00ffffff-no-rj,3657,https://static-cdn.jtvnw.net/jtv_user_pictures/0e83313d-4a82-4c90-83af-798337e38984-profile_image-300x300.png
395eade6d67445e1831010cac52ab444,1510,36547,https://yt3.ggpht.com/JBDut5_NtCdf8be_A1h_ryGb9Ta4VthAqW5N5udWM220teBYodwB9c6fJJYaddrHUmDfGabT3A=s88-c-k-c0x00ffffff-no-rj,772,https://static-cdn.jtvnw.net/jtv_user_pictures/3bda8ab1-1f3f-4505-a5bb-1e23107a543f-profile_image-300x300.png
3981c01691a44d708da1191e9546eaad,444,27920,https://yt3.ggpht.com/W6lyWxfO7AQUGlqwb9Yjicqnm4-yH7nxVzX1G7BPN26c51HS0rLduF0JmtoEpQ7xvmspEB7UQA=s88-c-k-c0x00ffffff-no-rj,,
399a496d028447a58924b2660d0fc187,851,184,https://yt3.ggpht.com/WFgex2x_bkGNUeINzdaYC7JBBiBsKaiWaJ8d58TZsm4_DswTwuYOL6T_NM0mSM-7VcCl4b_jE4o=s88-c-k-c0x00ffffff-no-rj,,
3a13b2827ef048859006a3acb74c175a,202,169,https://yt3.ggpht.com/fG5wH3vF5k1co_BSXzmNzOblvcfI2onZl1IxPSAgNlLWzQ2mPyL-Y4GbiKdNb_J-yLhK4HqLI3M=s88-c-k-c0x00ffffff-no-rj,1874,https://static-cdn.jtvnw.net/jtv_user_pictures/44a0a897-dfcc-4f34-89f3-e09ed8d31cfd-profile_image-300x300.png
3a2199639669433faff0591468bcfa10,,,,1146,https://static-cdn.jtvnw.net/jtv_user_pictures/a0f64f7b-2d5d-4a26-8818-7f8c80fb6595-profile_image-300x300.png
3a29989f3f71430f88f1535125a1d32c,367,28790,https://yt3.ggpht.com/jU-Ejle5HyvmNjV-ErxlVgltHVItRRPVD_LhXjnRBwRozCDXemkHiTJ10SxHgEctyHWxY_rxClA=s88-c-k-c0x00ffffff-no-rj,,
3a43445829024217b728d04d5398b61c,3590,134608,https://yt3.ggpht.com/aiTLHEOn160UlrrA3tOCAuulmlN52P8G6UTYJVZ30tEcEg6NKpQQsGjKGk08nAWpLdcLzfgQKA=s88-c-k-c0x00ffffff-no-rj,,
3a44da0674144e61bff60415cc09a678,255,6806,https://yt3.ggpht.com/ViQku1c4yeg9BCo-GKwUMn28VehN3qE3GsUYR44HdWxCvMplA4gLJeP5TyKv5RkhSh-6xZSd=s88-c-k-c0x00ffffff-no-rj,,
3a4fe2f4720747ceabc87b3327ab2b17,3450,88753,https://yt3.ggpht.com/fs5alrNYECu7L8GHDVWVfONJ81rotdeYHknThgVi2fYuQIZOXsjH_FMWwPQmXfPnUkCetx4KdA=s88-c-k-c0x00ffffff-no-rj,,
3a8f78d98fd344cb9d32358e5c96eace,9700,400025,https://yt3.ggpht.com/Y16fc8sY9pytV0LZNJF3HcMr18itPwr2YvTCo1rCHdfQoOH8DBdpSHXV5fX_fZNW6-dXa_hFeQ=s88-c-k-c0x00ffffff-no-rj,566,https://static-cdn.jtvnw.net/jtv_user_pictures/74e22547-e1f4-4824-bd89-f29b98897382-profile_image-300x300.jpeg
3a8fe50b02d04b45af3974ed979c52eb,193,733,https://yt3.ggpht.com/MZSar_JPFEGFOpYj9mbkv21Gj7qc0ypA80dIrNcTmcHdcg8uP2y2l7t5XaLZlnls7KcVmuZkmQ=s88-c-k-c0x00ffffff-no-rj,,
3a932cc8813343b6bb5d822cb2f53558,748,37831,https://yt3.ggpht.com/ns8ThPjqPATb7sIiE3tr7we7DbntbTxyzJneWi_7jyK99q4P-923dwwU0OcI5X8E65vtYgYr=s88-c-k-c0x00ffffff-no-rj,2971,https://static-cdn.jtvnw.net/jtv_user_pictures/32553f57-aef5-4222-85f7-7e97024aec7c-profile_image-300x300.png
3a963b6901c7467da3d9c8bd74df9da6,1010,42666,https://yt3.ggpht.com/7xZJoAq-SUta-HXQCJCm9xEU4PowA4RF9pj0WVCg9Rc5K4Ce2wZZMk0Jkbk4c4-3qe0KCFEggg=s88-c-k-c0x00ffffff-no-rj,,
3b0031a4b57f46719f06cbf7c5cc42b6,3440,120057,https://yt3.ggpht.com/Aa-Nb4N52sLoCRdaRc5gV1TzDLwMMtkzOPMpntA0P2fN5JaZTdlxpbGOtztsV4KCe5fI_AVIMA=s88-c-k-c0x00ffffff-no-rj,,
3b0f8e9ace2b46a087a665d5c10b38dd,474,7920,https://yt3.ggpht.com/dhbnfVbcfRgSdXDmn726dyOy1zeBF1hVdfmcoyL8yIKQ1A2mslJkidMVJVawLaXqOYqO6lzF=s88-c-k-c0x00ffffff-no-rj,,
3b1860c399f445469efdda27cf8d9156,5560,71250,https://yt3.ggpht.com/3aRLPQSfODl8cbExLHpK7LfLvjDmaxYAe99A2FUyM2cO-T_YVaBSp8He7PhBwmD_EKfPsC9rrw=s88-c-k-c0x00ffffff-no-rj,72,https://static-cdn.jtvnw.net/jtv_user_pictures/dce96e55-670b-485d-b850-5fcc71f3ea15-profile_image-300x300.png
3b7dac5e2bdb4c08a139e18ef7f6f7e5,81,1308,https://yt3.ggpht.com/07oO73OUqW9e8ZzaB0FiRQrCx9GrN3fhYkTdHJ60sLU4jCTtglSKTl7qUtHSCy3CjrImYZ_S=s88-c-k-c0x00ffffff-no-rj,451,https://static-cdn.jtvnw.net/jtv_user_pictures/50a74451-73d0-4257-be2c-be36a81aa485-profile_image-300x300.png
3b9a06751f3c415993d424480d4d5060,1110,133096,https://yt3.ggpht.com/Bf5sSuNVLqLjHiTUS3nyhTAYpA_reOqj-OG7vaQJm3Ds4KTTmEpaMnYcd6ulawgMcMMcjmm0LQ=s88-c-k-c0x00ffffff-no-rj,,
3bbbe40f23e344fa8889d410b7315383,1870,1983,https://yt3.ggpht.com/7jG5tzWdx1iSSjQPEontmptVDuX0mt8Aihfpv0SdO5M209tU0_MTpbm9m3yP4HyYsHbwqwdf2A=s88-c-k-c0x00ffffff-no-rj,1692,https://static-cdn.jtvnw.net/jtv_user_pictures/68508e4f-c1bc-4b65-ad42-742b177ec6fd-profile_image-300x300.png
3bc6afb820df4f59b2c6ff1c25d1eed3,1280,91376,https://yt3.ggpht.com/gFqcyPF5XZvzxsjQdoTqUgb07f_a7w4eWNx6R8CFq9ERGoQnuKhml8k3dH3ySQdyOSvDq_HChmA=s88-c-k-c0x00ffffff-no-rj,,
3bcfb277595f489ba52734d6f21c08e1,3210,0,https://yt3.ggpht.com/d380kfPgOnE2WmMv9JH4WAtSK5xdjlD3S1ciarpfhzNTtzUcT1_IN2jXXh1UkrU7Z2yhIsuryA=s88-c-k-c0x00ffffff-no-rj,,
3be86a2a9cb447f393d235132e157789,26900,2073456,https://yt3.ggpht.com/4m_WSQKKwpvVVjYdttksoga8WImEZLGSNg40EK4gLIhwUsjjkXwqi0M4tbM9SIR1EnfQg-laU00=s88-c-k-c0x00ffffff-no-rj,,
3c16d0b797bf49c3a4a6c043802ee2ec,4980,28970,https://yt3.ggpht.com/7fYa8FSJ-xV1QzmWkqBHHPOtlW4eVyuEgZzSqjAAbDMKtwt8hDKsKwjmOfi_hsTsSDK5PPIkzw=s88-c-k-c0x00ffffff-no-rj,,
3c1783f6914f414b830c836829d1afa2,4070,90782,https://yt3.ggpht.com/cXyiJ3xMvYnzk-JuyKDKzEJRrmj7MH9v4eZgXwNuX6On0SLebny5f2XgQvm73Olado4clOC09oo=s88-c-k-c0x00ffffff-no-rj,192,https://static-cdn.jtvnw.net/jtv_user_pictures/9f46664f-1654-4fb8-bd8a-193ed4421366-profile_image-300x300.png
3c25eacbe340484cb36fc0920546d756,584,3892,https://yt3.ggpht.com/5_MMHkOEniDh9UJoPBYNGYMngt4gLsD-zNwTwcSsVSyD4xyijpj9VxY-QNgF7986UlO_MKtL=s88-c-k-c0x00ffffff-no-rj,172,https://static-cdn.jtvnw.net/jtv_user_pictures/5992a6aa-33e3-4438-9f21-fd097c627f06-profile_image-300x300.png
3c5b24ec5e7e4451a917bb1683298c05,5830,286761,https://yt3.ggpht.com/szJkA5VEZbpgjU10TnviC2NOTMJ5TOYmCOSFpVDa9uTbUAh48gUCVugr0GSPRF3sSvuLsmS4Jqk=s88-c-k-c0x00ffffff-no-rj,,
3cf4da41775b4e608f4dde5859cdda74,7250,1014153,https://yt3.ggpht.com/qMdKQvrObjQUWtWaG3bhfKW0Q06UYD7eFN-_TM01Qj9bG898S1VotvwQI7SAOfRo-PhKL0Qp8w=s88-c-k-c0x00ffffff-no-rj,,
3cf7289a95834ae1a25d4cb2909a1a9e,1020,22443,https://yt3.ggpht.com/iT0Lgze51pLCAh41QK_JqBwbwZfd1Cit_iZ-OwOWH_TDCy0m_mvpZfNlzmVMWXGvt0sCD6O4JUI=s88-c-k-c0x00ffffff-no-rj,,
3cfc2b54a543469b92a95ff1e3f1da54,,,,1708,https://static-cdn.jtvnw.net/jtv_user_pictures/d5073dc9-1b4c-4e78-bb67-ca321281fb5a-profile_image-300x300.png
3d23ff5303d54cc58e5a69aa53b1db50,1460,165296,https://yt3.ggpht.com/ku74Gq_8np1YZN_s-gyowO989C308QVjNJHKNS6z63B1F90yGxP1DtEGssyA0OyCoPULU1qESA=s88-c-k-c0x00ffffff-no-rj,,
3d2b3ac59c0c4930b36d71c1c82ce0e0,51,1817,https://yt3.ggpht.com/EySFGlOhOGUsL7FFnoxW6wsqq-3qUeLX55SW9Iv6m10dBbfpGQ2FaG41mnWWOhm4eAQ0yg-aTg=s88-c-k-c0x00ffffff-no-rj,,
3d33f15ad27c406abfd68d6c16e0b53d,1110,71962,https://yt3.ggpht.com/GyXdJPyZnBpQ7jr-CcHIGUPqgZryW_IFStOfb26nVwMlpLKPlsxqyX67-9_3Hk-WI7EwqxAp2tw=s88-c-k-c0x00ffffff-no-rj,,
3d5a0befb7b042f697f70d5fb3d6ab94,346,9351,https://yt3.ggpht.com/fB-ACrBhRu2l-yqwlUmXCT_3rDUi_uh4kj3bRdf0lAx8JoyIYPgepmu5_RBZJn_3gPnQXiV0Cn4=s88-c-k-c0x00ffffff-no-rj,,
3d786b116dbc437e8684d7b46567a1e5,37800,770076,https://yt3.ggpht.com/x9S6uPWq3f1o59AVDmCxD0vD61BCXANHaVJptfw8Rafq5FepCtv2yg10_2U7v6OwBvVCDKVvQrE=s88-c-k-c0x00ffffff-no-rj,6706,https://static-cdn.jtvnw.net/jtv_user_pictures/c5c2f9ae-9ee6-4a58-afe0-df41c20ab362-profile_image-300x300.png
3daee44c0bab401386813cff327a10a2,586,60005,https://yt3.ggpht.com/b1B2i4Oq62q1Ou4iir9cZ9dinDNpXFL4SuAKV4kihnP6yevy1MUQVzQUJXmo0pvd4Ce0xZVd=s88-c-k-c0x00ffffff-no-rj,,
3dc59c2e8b424c9e812fb48048ebdef8,205,5760,https://yt3.ggpht.com/r0xB4GoVx_aTc3L_hj08VbsEolWo9AkVthcuQBn0ZcII70AaqGQaAqWLHTsNMaA-6SP5saqalg=s88-c-k-c0x00ffffff-no-rj,1451,https://static-cdn.jtvnw.net/jtv_user_pictures/2ecbd51e-ea17-479a-b65d-16a79c24fd78-profile_image-300x300.png
3dd8c72cab6d494dbd6fbf0a0e3dc41a,1990,76188,https://yt3.ggpht.com/z5YN9DBsv5hcc_PC9Dfh0qlAnU5eqXjK3TOLaVc4tBJADXMEcErPy52-zCc_pINTe47HEChEEPA=s88-c-k-c0x00ffffff-no-rj,454,https://static-cdn.jtvnw.net/jtv_user_pictures/d0594f70-2d54-4f2c-88b5-e7e32c8710e6-profile_image-300x300.png
3dda133703f64b019d7eea0c5cb55335,21400,555639,https://yt3.ggpht.com/GNcCAaDMXZkaCVu445mFgC6xMHx6eGOhyfwD7DnlNfTrPAjF63_Q4dtuXqsdl16JNOfkGWc1=s88-c-k-c0x00ffffff-no-rj,20052,https://static-cdn.jtvnw.net/jtv_user_pictures/8ef0d3dc-c9c4-43aa-9f34-c42467ab9e20-profile_image-300x300.png
3de6bc82438b451abf5ebe76a366be24,,,,3650,https://static-cdn.jtvnw.net/jtv_user_pictures/d0ad3bdd-f2aa-483c-a13e-b0087a9eb983-profile_image-300x300.png
3df5dcf41cdb46c7b7de73e502ce4ae1,305,9786,https://yt3.ggpht.com/FIB_gum4n2oh9OC9pyYFMKMedUOOhfck19Exo1nI5sBJbwbdwNZ4h2gu3Or4YG4F6vrgxv_E=s88-c-k-c0x00ffffff-no-rj,675,https://static-cdn.jtvnw.net/jtv_user_pictures/1b99f34b-f6a7-409e-a788-e120a278d86e-profile_image-300x300.png
3e079110e939428085c1f1040ec756f9,636,6883,https://yt3.ggpht.com/OMzSjxTR7_TF31fBYNWQKTyHs_icaS7BPODQsQFommbsvBI_3hU1gS4-xugfxPp8o5bvcRXf=s88-c-k-c0x00ffffff-no-rj,,
3e0a5c0298c4455197ec2d8d49c28b11,176,1942,https://yt3.ggpht.com/Q5TygBMIm17ipSkBXfVCnm1WGO2khWqmHQE_4qFbRGMha1GpmKceRQ9SlsOXFO8NqMFAeCvuGg=s88-c-k-c0x00ffffff-no-rj,67,https://static-cdn.jtvnw.net/jtv_user_pictures/d32437f9-85ff-4aac-82e2-cc702d2001ff-profile_image-300x300.png
3e19e054b479401da231ebc3d3fab628,15800,160676,https://yt3.ggpht.com/GXnYbHWLLV78YwfjZDNQR8t35sue_t4x2YNbNcBVoHfCOq5k-D2MXJQlH6E3VSW-PzBpmo0xfg=s88-c-k-c0x00ffffff-no-rj,,
3e1c8d17663e49158b54330fdac1a308,7040,70680,https://yt3.ggpht.com/-Xzw3Uov344HlhQ0yzKa0N5KtYWp4fRt3LERn_UmkrVHEN3tseR0XqofnuGuPuDdU1OGRJYx4fk=s88-c-k-c0x00ffffff-no-rj,828,https://static-cdn.jtvnw.net/jtv_user_pictures/ce2be8cd-f453-494f-891a-845aaedc79d7-profile_image-300x300.png
3e269031fb4b45aaa0906ca424190ce2,7960,171050,https://yt3.ggpht.com/vDQLjEeyypy1dePot2PrVmg5IzPW9yv_t2YgSqqMiVpA5WefiIbwFv8PkWuGrqQjnlkxOnZc=s88-c-k-c0x00ffffff-no-rj,9839,https://static-cdn.jtvnw.net/jtv_user_pictures/28c64039-727c-45a8-a145-564d69855ff5-profile_image-300x300.png
3e340f9122814acc84ff51a0aec8ae13,4160,114279,https://yt3.ggpht.com/3AnkwZhCz5bOLx5k747-p6CfrL-T8BnGKmalJ6v9Gj6Rb58kOq5I4COjRA0Hp4Q4NWrTFP7julc=s88-c-k-c0x00ffffff-no-rj,,
3e41189706dd483db4e407c295b058ce,943,62946,https://yt3.ggpht.com/GFlLCn9DaQ5lDZuIb0Xd1DLzADPtKDSsQXlsuHz06H-bSSpegWGvcqGgMoFZTjGqx3__0QTRCp4=s88-c-k-c0x00ffffff-no-rj,3295,https://static-cdn.jtvnw.net/jtv_user_pictures/489140d0-b581-47bf-80f0-3dc3805342ff-profile_image-300x300.png
3e48227b123a4137a0cf1755b1142a6c,2330,66464,https://yt3.ggpht.com/5_eIPIwOFA33z14xhLV8ELjNspg8lVWAZWVFEsKk1CA5HYbYNXUe3KSZfPCPVfl3CBFuhJjnOg=s88-c-k-c0x00ffffff-no-rj,,
3e4c23394dde46f58f89cba536b208d5,667,17166,https://yt3.ggpht.com/8RJCJi5eZPJ-RtA7MtgVPBS_CNftn6ifghnemwtiEquTJ6YW3-Hf5CZjAHX7S5Pn7xkC7gZsPw=s88-c-k-c0x00ffffff-no-rj,,
3e6a09fe4ef744f987e27ae0f06cdf09,11000,184725,https://yt3.ggpht.com/2jLBs_WRPK0HXTIzdSC-zVWJA4bIIU4GTysY0dZs5WGpgZ310AVJzkaHvKy__0Ea-i7duCzyyQ=s88-c-k-c0x00ffffff-no-rj,,
3e7f5f5e829e4d4baca2a8a5916d60e4,147,139,https://yt3.ggpht.com/ThZ6zQIu1CjNEXUfb3u1KE1ICSMHJILT36SKl_j0EEO8nowCrElsztMIgmXrU_b62F5S6Ms4uA=s88-c-k-c0x00ffffff-no-rj,1014,https://static-cdn.jtvnw.net/jtv_user_pictures/de37834f-2d87-432d-bcba-53cdac880052-profile_image-300x300.png
3e86fddd8145474691e77ba761a6b2a5,230,29720,https://yt3.ggpht.com/19C7I6QAdOe1wKB9XoHzGCscBYSS8EAKZ7Roc-xnZHxWWciYR5RzhikTTMAkQif8_aFz1Jn1JA=s88-c-k-c0x00ffffff-no-rj,988,https://static-cdn.jtvnw.net/jtv_user_pictures/9ca5eacc-e147-4922-bce4-53302f123f33-profile_image-300x300.png
3ec59b8cb4114af7be754daa0b1b1ced,6720,274720,https://yt3.ggpht.com/PZ7yZp3Il-ow__pg0muHmNVWX2ZudTBFEqa421OqZ1hViBINOF9SbXvE9ylAI8cm0QF-kS9Jsq8=s88-c-k-c0x00ffffff-no-rj,,
3f12c2866e564c3086183c6e75ef79eb,2320,57922,https://yt3.ggpht.com/lPgTeNe3EnBgGUgxdXa5rAM0234Lqr01lGAnz4FD7_azHEgD10YLa2SkpUPZz0adhTdXQm4JmA=s88-c-k-c0x00ffffff-no-rj,,
3f2e41bdee4145f59fa97830ba3f5edb,419,3832,https://yt3.ggpht.com/lBTZJuvnQ7wDnPxC69iZeSzkD4bY94ngRPMFwucqgn9XGQr6itZYHNyY1hbN3Vp3a-eUY1Rn=s88-c-k-c0x00ffffff-no-rj,2038,https://static-cdn.jtvnw.net/jtv_user_pictures/cd5e02c2-8738-4b39-8864-9e8ef04fdc57-profile_image-300x300.png
3f387cab9bb0470aaf322bce5f436f18,667,22116,https://yt3.ggpht.com/LVf7nhu7xAzMmAMfTgBJjj5R6TXJx91WaLC1kUwR0U7P_YG8KPCw_Bzo_du5qgFhClQNTPR6jA=s88-c-k-c0x00ffffff-no-rj,,
3f3abaed158f420e84f9d1d5f4492b1d,778,48093,https://yt3.ggpht.com/H7aOortEs-fm1knjJ7ObW-TxWAJEKeTG3PusMp_OX9U9APIuB2OkO1-WqFvo1x4OWzdAnOQDIkE=s88-c-k-c0x00ffffff-no-rj,527,https://static-cdn.jtvnw.net/jtv_user_pictures/8c0979d7-de3d-4e05-a71c-9f96ed930f7a-profile_image-300x300.png
3f4650e05ceb41008bd16869780b7af1,95800,28855613,https://yt3.ggpht.com/Tr5mwTjN1ZHGF5ISM-iMSqpq4nnOSMgLHxQgiBE16W8FQLh-U_V7QsxO1KSqmZ_3shNVIStv=s88-c-k-c0x00ffffff-no-rj,,
3f74c9c84fac427ea0e3d147c6027e82,597,12225,https://yt3.ggpht.com/f6F9tBKY8Z3e8KQpKO6Ne6kN4rPvhpSwFBrYNJGvf91dtUFqpGpbGO1drZ6oU7CuFMOidwOYpQ=s88-c-k-c0x00ffffff-no-rj,,
3f8cb5f649e24dc1929711e90e49b387,,,,76,https://static-cdn.jtvnw.net/jtv_user_pictures/0e7104f3-e58b-4300-ada1-e89b11133b04-profile_image-300x300.jpeg
3ffbac2f7ae8478ca7b33d400d6e657e,2650,17600,https://yt3.ggpht.com/GHWTlAFf6gd7W8_XMD-h-buFVVq7hKCFfRvY88B3hjvgqXfJ-E6NI-pMVjF35duAJFmyha3G=s88-c-k-c0x00ffffff-no-rj,,
3ffe754930804f09ac328f7e6e9c53bd,396,21274,https://yt3.ggpht.com/BTLxmvmIw8Ci-z_77H2VRXuKaYCg9WVaBYyZUI4rxnpryEZcGSIqdwA4vPXkXTKHy_hCg6hM8qA=s88-c-k-c0x00ffffff-no-rj,,
405cf0a502a6496bacfe7e49647e7e28,519,20107,https://yt3.ggpht.com/1jqAZ4O5X1y8Vp4ONjecqZovXSszC9dxb-J36fagg5HeApuJGGPXC8bf5oEeBzXHF5NcwoC4Qg=s88-c-k-c0x00ffffff-no-rj,1315,https://static-cdn.jtvnw.net/jtv_user_pictures/8f67ea4f-8e1b-4f0d-8012-6964e535682a-profile_image-300x300.png
4071b27c63424e1f9882ebe04a884586,217,10515,https://yt3.ggpht.com/2637ihUdMIA3UmOSm3eo0DsO3Mt7NzwALA9rQpcp_A-5L79O-nLP2bpaZrcydUpqp5qWRyNQwFY=s88-c-k-c0x00ffffff-no-rj,2614,https://static-cdn.jtvnw.net/jtv_user_pictures/23aed98d-636d-4cd6-ac64-12b04cb30859-profile_image-300x300.png
4077520d348749e49598cd5fa1058b6a,1770,54222,https://yt3.ggpht.com/0yDHkZWaFdHvvAcPvFvDzz8xDHrzFKjfNmB4E-wBatY79DxTpkUvHnJj6TQfaZwr6H9WC63B=s88-c-k-c0x00ffffff-no-rj,233,https://static-cdn.jtvnw.net/jtv_user_pictures/478f87a2-89da-41a3-bde2-d3acae3cc2d8-profile_image-300x300.png
4082168d753e42b7aca1d25e759d09a7,1190,42295,https://yt3.ggpht.com/2ay6UQ16nQdlzWqQIaElX0BkyRiOjgiNJZAMG-8fSfEE9Ka9GAonUvhxLAKSYD3mUZDRpbN-lcM=s88-c-k-c0x00ffffff-no-rj,553,https://static-cdn.jtvnw.net/jtv_user_pictures/6114dd38-5630-4038-9f09-eeb43e49ef5f-profile_image-300x300.png
4082a4a1c5784e6c8bea9b58de009664,115,4168,https://yt3.ggpht.com/vYJa0whBjWEqpIxnLpynbJgTwe-FjUrtty1VkxqJspthmJ3rgL4H3WBLL79nrlLsk-O5rHhk=s88-c-k-c0x00ffffff-no-rj,,
40a4357f990e4fd8ad2ac18c26603925,569,13199,https://yt3.ggpht.com/t7ePVwDM3Hak3lik2reAMAx2SvqfKOqY4WcHzlQfKmQ8am9MoFbB_qjiNRInu_5Mk-RWW9L0vLo=s88-c-k-c0x00ffffff-no-rj,1587,https://static-cdn.jtvnw.net/jtv_user_pictures/479401b1-f221-4ba5-acc0-0e610efc967f-profile_image-300x300.png
40bb881e52be4d8b9c66a60be89e0504,561,31755,https://yt3.ggpht.com/gGSNeSVJEqD6OGhN7zd8LJsZwbfybiYfCfdFYif3yc-fkPU2tczF1TiOQWtlTepOWPpU6xbsYw=s88-c-k-c0x00ffffff-no-rj,,
40f76b568f384790a1a089bb6619ddb2,333,4828,https://yt3.ggpht.com/IPFfsUSJNy1z8rICjkPIZWBr75HYW86K74Zx8VvoSKKiLHqCMCEmTSPQ5lXI6pEHTmZCb7CW=s88-c-k-c0x00ffffff-no-rj,798,https://static-cdn.jtvnw.net/jtv_user_pictures/fbc4c449-e60b-4f44-9dcf-0ce88a7ce042-profile_image-300x300.png
40fca873cd074b01baa8f9b006f50d00,39,8128,https://yt3.ggpht.com/vJgGYHxll4UkteZUF4xa5j8-V2MR-bsQbC4Mu7oThHb_JO8E7QhEGeZIuViCSc2a3cI25TShtYg=s88-c-k-c0x00ffffff-no-rj,,
40fd0ce414e8465880489531775662e7,762,36131,https://yt3.ggpht.com/LIVnkUX-EI2UoV-pF6bOaBv6UXUob2wiiv4XxYtEqnXDLsdq8wiPiGD5ey1Qi58Dk7GYyCZipQ=s88-c-k-c0x00ffffff-no-rj,,
410a9fff47f5491d98c47a4fa25ddf83,5200,6761,https://yt3.ggpht.com/ytc/AIdro_m2HSF84c20KQJDPWRH3XlLqz0A6BC-UQ3Oy6FvSlIlNg=s88-c-k-c0x00ffffff-no-rj,,
415ca337b1104450acbed1eb046c0a58,816,73650,https://yt3.ggpht.com/ns4UWeaCAtY8MGTS17PRjD16CZZQQVBcfvUBIfRiqJCZvkaobAVZocdKUl1lMRDeqK1rumvhZ44=s88-c-k-c0x00ffffff-no-rj,271,https://static-cdn.jtvnw.net/jtv_user_pictures/95b0b537-843d-4970-835f-1840143565cd-profile_image-300x300.png
41a8958a1a4a4cc8b404d04da033400e,7910,342829,https://yt3.ggpht.com/3puSvrp8vc-FUEA1UnxWdjFHh3xfmEIpA8f4p50Kghce6frjgdeZl4nYZSpxvl9O6T2FZCrjwg=s88-c-k-c0x00ffffff-no-rj,489,https://static-cdn.jtvnw.net/jtv_user_pictures/90c0e555-3713-42f8-9bff-daadbd65e3ee-profile_image-300x300.png
41ad2f1c78f0406ab5460f38115002d7,454,17835,https://yt3.ggpht.com/ytc/AIdro_mIj0WL7x3b5U2i8OByMVvcSMj6cm96HjTiy692rc1iNg=s88-c-k-c0x00ffffff-no-rj,,
41ec65fd72424aa0b90cdfefd49bd35e,1010,1567,https://yt3.ggpht.com/zIVJg3uuikjei3pnZTD0iiDUX07K5Tsw-ieBo-doTNY1wSCG0xEE9pY-ab_YjK4B4TGW4N54Sg=s88-c-k-c0x00ffffff-no-rj,,
420208d1dcb74abfa325fc1f6a27e17b,6550,284789,https://yt3.ggpht.com/R8U21Gre6d7xVoXeIwI3tlcxZVLP9PgwcVSJHqjlUw7n3yfBmxNfQ6R0TXMxK8NlbMaxVkiRZA=s88-c-k-c0x00ffffff-no-rj,1359,https://static-cdn.jtvnw.net/jtv_user_pictures/e02be6dc-9011-4753-9773-d05526400c60-profile_image-300x300.png
423dd7da92be47f4af7273c5f74efb27,9190,397272,https://yt3.ggpht.com/DVnyvAY_LpBsrkDYZgzrkmVYPrNBOxic41bUKOgaIy6kOsT7G321GAh-5_PkQoxQE1UurAwFplU=s88-c-k-c0x00ffffff-no-rj,37730,https://static-cdn.jtvnw.net/jtv_user_pictures/e3c89c93-425a-4217-a363-67615698f40c-profile_image-300x300.png
423ee3a5dbd549f19893a1823856b8dc,136,3757,https://yt3.ggpht.com/XbjRaB5aPlrRjjKuku-yDBs5-mt8i00ptXXc6Iv8G7qulUPWLF1tdDMG9ie5tBu1BcWlEugFLg=s88-c-k-c0x00ffffff-no-rj,426,https://static-cdn.jtvnw.net/jtv_user_pictures/a8435751-9644-49fc-90b0-10a80a2801cb-profile_image-300x300.png
424043d4c55449cd9317bc0923c13299,258,72017,https://yt3.ggpht.com/enHSXvVgz8ZhB0kqoXh_ZrTQMI0f_dKKs_c4tkP-9IaI0b1p1o5qcAqVYySDOk1fTk9prwzvag=s88-c-k-c0x00ffffff-no-rj,206,https://static-cdn.jtvnw.net/jtv_user_pictures/11c6c0ad-1eeb-439a-8e64-97ea076bcb0a-profile_image-300x300.png
4267c862353e410388f1eaa5a5d85017,1280,31871,https://yt3.ggpht.com/IUqwt-pGJvrq4cYVgOukVO4QskG3euYGlgm1j0tkG3PKcP7mecsKXUaDoPn0drBuTG33DJNo4-Q=s88-c-k-c0x00ffffff-no-rj,,
428251b7832a48219276fb6e5f644e86,3570,477777,https://yt3.ggpht.com/rEY9aF8r2qa9VW3FC2ymx1MiUlfom2cMPWg_USrxWK3YbFTv-6bAS1cfkTGI_DlPyIF6FibQ_w=s88-c-k-c0x00ffffff-no-rj,252,https://static-cdn.jtvnw.net/jtv_user_pictures/9986a25e-bba6-4fa9-a1e5-c54d13f3d712-profile_image-300x300.png
42844ee6e0cc47938829b43a3101b9bb,10100,102836,https://yt3.ggpht.com/6I15fFVRHzknFFRApvp22F4JQyMlm1PfSgz-9kFroe57IJNUfJ8ab4Hy32l_7eR23TXZJiMwHrE=s88-c-k-c0x00ffffff-no-rj,4846,https://static-cdn.jtvnw.net/jtv_user_pictures/89705a0c-1f01-4992-aadf-9e59bc815ab3-profile_image-300x300.png
428d8a6b468c4edf9df31529a5b1afb1,53,968,https://yt3.ggpht.com/ivw40lRmbLQZnC3_iUwe7WfvtcOW3beVVWjqTB2huv26ljydOI2Em34lJX8yvpiqygCJ_omyAw=s88-c-k-c0x00ffffff-no-rj,,
4297ecbe09d04698a65f1778f5c16dc4,129,808,https://yt3.ggpht.com/0Sx7LlHfjiM2v_hcz9K4F3qRgSfV7avN1V-Pq2UNLuNmnwUJrER_Dv333vLdzlw_nGnn0LrC=s88-c-k-c0x00ffffff-no-rj,,
42b8bd7bed2a4ddd930cfd223657e9ca,848,21276,https://yt3.ggpht.com/y9Ysq41KrrERtyJvM9UWardX3blVLEMNQb7GNXb8ocox4bVjOF2voKU80lWuxqcvIS_I8Y0BO0U=s88-c-k-c0x00ffffff-no-rj,716,https://static-cdn.jtvnw.net/jtv_user_pictures/25c2dd40-2302-489c-85be-4f0dc3809e6e-profile_image-300x300.png
42d2b255295b468dafe439394130ae11,92,2742,https://yt3.ggpht.com/CgphrtM_ulyqZyBUJfkGKzizPqg-6m_wXHPhsyT0dfYLUift17LrtOu0X9nG4hO1XaTME3Rv=s88-c-k-c0x00ffffff-no-rj,367,https://static-cdn.jtvnw.net/jtv_user_pictures/5428af34-2d95-4e56-8b1f-51851007f9a5-profile_image-300x300.jpeg
42d6fec229134d0d9e6aa75299f45fe7,163,1181,https://yt3.ggpht.com/H9jve8-NjPg93tvz-OlKdyntwHNu900bQ7BQOBmhxUDRxnvFuhGe9CgIXpFMyHD46qPUpCqbLrM=s88-c-k-c0x00ffffff-no-rj,,
42e2bc7c16734352b2e18a82e48844ec,3150,404309,https://yt3.ggpht.com/MGGk4wD4C9ZhU72ar19qdlbBeHEHkjnqmN2D6fhVW1Wh_ffdK3Ko2yU_hQfUB79jA4ZTWL-K=s88-c-k-c0x00ffffff-no-rj,,
42ff41f7d6884ae8b93ed46415376d83,409,10923,https://yt3.ggpht.com/R2m3vIvl-P7MkvqEXwTj6iWN7DYBRaVDu_X8l_lBcgKhlvHAmQWQKH1eT68Gw731tpxJ3dD6Wg=s88-c-k-c0x00ffffff-no-rj,,
43056077596a49349ee4bea028f670f6,1380,77990,https://yt3.ggpht.com/6fBQaqyhL0UpfEegC3iJIezScqw4bKe3ZdCFnDyGTJvO6Jna2bkTk9x8-REzHiZDqsDWMT3PuPo=s88-c-k-c0x00ffffff-no-rj,302,https://static-cdn.jtvnw.net/jtv_user_pictures/31c2289d-c48f-45fe-9981-00934441507e-profile_image-300x300.png
432458f2f15549919dc6e3706ccbd417,3370,191373,https://yt3.ggpht.com/8-lcg6VO0HvjmqmN0PPIS-7jzYRC4JNTISuLEty1MN1bXveS2MQwNmAovvXqOuVvtMea1S6hMg=s88-c-k-c0x00ffffff-no-rj,,
433b2802b62441a39c721400926d59eb,190,3118,https://yt3.ggpht.com/0v7vPaXZvCHOZVXPdyJmP0k4AqSlAxEYW5pIcxbL5PJSBBAXEXY8pNOgPNawatqEP7SiXxMjJg=s88-c-k-c0x00ffffff-no-rj,,
4367339e8b084849a8fc6d0af6208eb0,56,557,https://yt3.ggpht.com/qQLhU3ZRzwY-X9CJW1a9cYokA4HZ_9B_vDLEflEZ3Yiia7_2B6urP0fYu87cUhrtX2Y5o-LV=s88-c-k-c0x00ffffff-no-rj,,
43864254e678407fae3dc899f7155912,10900,403439,https://yt3.ggpht.com/WSo_F1770CyGUw82R7fPoSRp0mMrHK-RQJL4KNOx7BMid_BaOAodlzKNv4X0k25VdtJU-tnDbX8=s88-c-k-c0x00ffffff-no-rj,,
43acb25e255340d09b50283f0308d1ff,930,276063,https://yt3.ggpht.com/ArLcyyLOxW8YFanEHi_eTqrVAhmId-bIbQPPYKT6F2RMHAuzK6PWSIB1Avr4Vgy0ZeSz1-APxA=s88-c-k-c0x00ffffff-no-rj,,
43b63a022b664691827cd276aff6e4f4,167,9918,https://yt3.ggpht.com/zSR9gVh8rk7xhhlzPPjqqp_TNZKQSNupLMCRIg0Ifh00XZQ9vQ-28R-1j9kYxWdPhzwTd30GJyQ=s88-c-k-c0x00ffffff-no-rj,,
43d785b8082f43138988dacd0236bb67,68,0,https://yt3.ggpht.com/am6bvBXyPPaPvxKGqvMxCFUKDTqGv4qQgd9OuNBcpy1Y6s2sWsqsfi49kH0f5yedGY7yKOvdLw=s88-c-k-c0x00ffffff-no-rj,466,https://static-cdn.jtvnw.net/user-default-pictures-uv/cdd517fe-def4-11e9-948e-784f43822e80-profile_image-300x300.png
44052b3832774bd7a4e4151f044c0901,5400,90902,https://yt3.ggpht.com/bpfHa_8wvr4xheYCVGW27asxr1QeSPe849r7GI_ggklx0P-y-i5QibdVTWaXu3BDuoRQXHv9Hw=s88-c-k-c0x00ffffff-no-rj,2091,https://static-cdn.jtvnw.net/jtv_user_pictures/a3607a3b-f24b-4e49-9e8a-155563a104ad-profile_image-300x300.png
442edbdb59fe4979a2be3e5183258cf8,356,13915,https://yt3.ggpht.com/JycN1flpoivVSNJ1EOaS06F8YSwE1cvhPYr241rP3Vb7bo0JzS63MbjIzAR8SWHJFkQ7wlWIWDI=s88-c-k-c0x00ffffff-no-rj,,
44332b31031149f5bd411f415cbb531e,950,25434,https://yt3.ggpht.com/4RSPmJ43yk_IsDKh7FUzAri_TYowzFhar5RoFuJ2d6pV0uZdnPv1fbm_ZSngDhoj5PFh7VqB=s88-c-k-c0x00ffffff-no-rj,232,https://static-cdn.jtvnw.net/jtv_user_pictures/a5db18b3-70c2-481f-8e0e-c8e538967796-profile_image-300x300.png
443ba741722742d5b7d5f76c3e7b445b,2500,134049,https://yt3.ggpht.com/4BDh4hYSlMkMF6FhaGeb53-OeKNGaNDBn5mQYIrK9JS8WmOU_QrBQJRyRK7HKNZHufH7MJKo=s88-c-k-c0x00ffffff-no-rj,,
443df65de03b4bd581708efc29b283ab,4560,69302,https://yt3.ggpht.com/ujsvsns-CgrkQeidy2iKNWb2G4k3Y1Z-kxJru1s0_L_FkkFapTgMUWwi72i7eKBPQ0oE8hM0=s88-c-k-c0x00ffffff-no-rj,2268,https://static-cdn.jtvnw.net/jtv_user_pictures/34d9687e-c739-4686-8e7e-d3359c7c4f92-profile_image-300x300.png
445a732fc0f64712b3213b4cd98fbdd3,1280,25028,https://yt3.ggpht.com/RJJGj1KFb4zP7t2sUnQ9g2Te3qaqXmudFNzAeoNaY63zk-TPSN1564xsrj9AroDOH37C6yTm0Q=s88-c-k-c0x00ffffff-no-rj,557,https://static-cdn.jtvnw.net/jtv_user_pictures/b2714dc2-00d7-4267-91b8-ed563dae374c-profile_image-300x300.png
446d4bc526a4477eb6a72ae186e9d538,7210,38218,https://yt3.ggpht.com/qzQ-yrFBA-KPBbIuGrer4j55YXsDhZQqZhxsnXReT_-U7vYB-4abztTSYUOH0lGnfcOfzlzPBHo=s88-c-k-c0x00ffffff-no-rj,,
4482e4f0cea64f92aa78b2513c7ed897,6590,469113,https://yt3.ggpht.com/HvFIqj6xuTMweKfXq1uJ6ukp57I3erGn-DHKSCSSaPx9QKPOnmHl1ZsVXh5LaMpyj07f1ACjRuY=s88-c-k-c0x00ffffff-no-rj,,
44ae1f339250472c82d1fc4ffb3610ad,999,33435,https://yt3.ggpht.com/WLZK6XUgng0vHb2Maq3Krid9lFcSEi-glik8GSU8cxruWHCrtwjmpWnS8llfEJskdk4ltJU9RTA=s88-c-k-c0x00ffffff-no-rj,1592,https://static-cdn.jtvnw.net/jtv_user_pictures/9eefe7ee-dd75-40e5-b74d-f96b8dfb5837-profile_image-300x300.png
44b22851b9df4612bec834e2cfde9489,1700,496928,https://yt3.ggpht.com/IRZ-YnCondY5GyUHtU2gwJ9GvK_zkS2vMXImGjCjXkQt7bBOvUk_FMLCcvPtLqUiGkH7Z2Bg=s88-c-k-c0x00ffffff-no-rj,,
44ed1695f2ea4c7790735fdd335aae78,271,2366,https://yt3.ggpht.com/j_-5q8HPlszy4cyhK7RRTwc97QitLgjq_B9I7cbuzpQWlCKRF_7MN3sVr_jRUbffqSc2HsJ6Wg=s88-c-k-c0x00ffffff-no-rj,1647,https://static-cdn.jtvnw.net/jtv_user_pictures/b941eae2-df13-4f57-9eca-a88cfcedf7ff-profile_image-300x300.png
44f1d1ad14034bd3949ad6f84624f0e4,823,22640,https://yt3.ggpht.com/ilreyA7E7COSx-nDei5bEb3qY8ct3dvqzTNCBuqEindNMhdSHoEsaHMWM-J0Ma9XuzPAHCEA=s88-c-k-c0x00ffffff-no-rj,1221,https://static-cdn.jtvnw.net/jtv_user_pictures/cf7c4ac1-e3aa-4230-ae7b-8bcaf4eb097f-profile_image-300x300.png
453cbd84364b42d8ac11cef8d3d63bd1,461,9051,https://yt3.ggpht.com/CBFmvaOeC63pLddW4CKsK2ohtNiatlJjtSBuvsaeWYDy2T0scvaEPv4J-CznV6YGSCwtFL-5=s88-c-k-c0x00ffffff-no-rj,,
4544974bc5624035ae7bb0c9ed33e44e,70200,5820770,https://yt3.ggpht.com/Wt4yMPTt9eYehtgeac9-YJjT0yiSem62wqrgYIVvZSxaoBZrUF6M4ZvMOmMRPAjNUMbySxZXrQ=s88-c-k-c0x00ffffff-no-rj,7676,https://static-cdn.jtvnw.net/jtv_user_pictures/3dda61ee-4110-48d7-91c6-66efed3d8c95-profile_image-300x300.png
4558095012964943921cd8a376a192fd,11600,392663,https://yt3.ggpht.com/Q_Oupb93Lz3rV05JSKnEDtlpKPqfat5GLL3z0SFyOnzTKNdyr_zGJZ6rh9w2pUMzgwffW25n1A=s88-c-k-c0x00ffffff-no-rj,5576,https://static-cdn.jtvnw.net/jtv_user_pictures/0120fab6-7849-42ea-88ea-79d8937f40e4-profile_image-300x300.png
4571c7a211b945f3b608c0066f7e73e4,9000,1688730,https://yt3.ggpht.com/vZXHwoWyb970xAho3GAR0CQ0LSSZUxx4NwuJTcUU4UmAkhgsvr1ujTDBFJOk2oo9YWvcK96v8rc=s88-c-k-c0x00ffffff-no-rj,783,https://static-cdn.jtvnw.net/jtv_user_pictures/ab7a8a1f-cdbc-4a43-a1a0-9679caac7b3c-profile_image-300x300.png
4576d781ddae45d59fc83c8d25385983,4920,102566,https://yt3.ggpht.com/HYpRPmbGXAx-GmrtJCmmYfTGPBK5xNatRgJHrzzFvuPdfWVAlXKJOpfGaVHjlhCcc-go1IAH=s88-c-k-c0x00ffffff-no-rj,253,https://static-cdn.jtvnw.net/jtv_user_pictures/44b58054-2580-4f0e-ae8f-4e2f2e3008f8-profile_image-300x300.png
45850b41e06641ef9dc11aa3d94c9738,65,2863,https://yt3.ggpht.com/ytc/AIdro_l-1hecLDWCMl1czFoT5lBB0aigE29Lh8JWbFf1q7ud1g=s88-c-k-c0x00ffffff-no-rj,,
4599283c135c4e779cc5068b2bc37156,299,2403,https://yt3.ggpht.com/wQGKOkdZzy1vHGwbhRinomBGbZCvHxDaxCMkFMGGcKgXeFk_UazSLBg0HgLf4TjKAZKNPZ2oCA=s88-c-k-c0x00ffffff-no-rj,603,https://static-cdn.jtvnw.net/jtv_user_pictures/4e843ee0-a116-42b3-ae1d-8bec01c189bb-profile_image-300x300.png
45baafce0f294208a063a496814b7986,1020,38995,https://yt3.ggpht.com/MCz5hqlb_LUBm8W0VSwJW7BNu2W29lWPjYh6vmj_DJJDXZKQK5GmHCn1nzPf_gjV1qxFSMyN4A=s88-c-k-c0x00ffffff-no-rj,,
45d38ce14fb644c0890823d444a33276,1070,1203,https://yt3.ggpht.com/_UChObn_SGrjBHc-wMMH4IRTXdvq1c7J2G6QLvkxgsyL3dOOq9bal8pUNynebll24oL5gHETACM=s88-c-k-c0x00ffffff-no-rj,,
45e104a6eabe4967a6cb84e720dd8e74,756,31109,https://yt3.ggpht.com/UyteHa0QKvHeX-3P8q7X9cZrbCg1Ewlga5Qkw_HJbyNZLnSJtuvtjMe_NyjEr8RfALimb6sTENQ=s88-c-k-c0x00ffffff-no-rj,1518,https://static-cdn.jtvnw.net/jtv_user_pictures/1a1b5c2d-b599-4cb1-bf90-3d0ebed05319-profile_image-300x300.png
46145dc9eaab4a84898468905a4759b0,3230,69354,https://yt3.ggpht.com/u-yTqR6FzdfLt_0Vj-x_MKVKCuih9Ug5580ryV5Nw551L3TKQ2iaDcamCqxGlM6emhSl0WRQjg=s88-c-k-c0x00ffffff-no-rj,,
46388caf23e34f09b145fff0fa25b897,1070,41744,https://yt3.ggpht.com/KnsPH4uOCvAXJrRgjDLOsfIyOhJwGZvndSEQfh5H3wFxxkPvg7rAz74TgdGbUtuqniNOqk88eg=s88-c-k-c0x00ffffff-no-rj,859,https://static-cdn.jtvnw.net/jtv_user_pictures/1a1ec556-9f1d-4a94-82fa-a7edadbadfee-profile_image-300x300.png
46821555a7af41e4aa70fe0fabd8a4f6,132,3010,https://yt3.ggpht.com/L4Occyhd5g5LDQ38d1NWeIay9Tg5-U-rfRaidWmHsSROEiDNvUTDM9KQ1DY2aP1nA4s0feqehg=s88-c-k-c0x00ffffff-no-rj,605,https://static-cdn.jtvnw.net/jtv_user_pictures/cb672627-f765-4b15-af6d-ad6201d057d0-profile_image-300x300.png
468c9630d37b4c41bb6b0305dc1143cf,6440,404133,https://yt3.ggpht.com/aVKU4LXPJ08gSPiw3UydUGYNZ4zcds_py39rYEnnzw9D-yMM9kIzJnEHF1o9wGaJRv6we4oKqQ=s88-c-k-c0x00ffffff-no-rj,1023,https://static-cdn.jtvnw.net/jtv_user_pictures/b3509469-d12b-42cf-b5e9-6159f28f861b-profile_image-300x300.png
468e093c0a3144359842fd8e5d3f9800,2750,39451,https://yt3.ggpht.com/tHK2yRDLJZSdVyR9qpmJ3ASKRLLsbZwnBf5avTxFOQe8p4MgCqM3CO5FcevL-WGMRDH2r6mFkV8=s88-c-k-c0x00ffffff-no-rj,143,https://static-cdn.jtvnw.net/jtv_user_pictures/0dedecaf-bd7a-489f-99f2-41eba92b6b41-profile_image-300x300.png
46a16e41f2af4523adeb4556f2e0b0d5,148,3204,https://yt3.ggpht.com/EcDwAbVgClMF3MD4jJdRl2juz0cOZN_vJNh2QwNVqlNSZXv6cy8okz76Mc8YhgQyWAutmsY7WxQ=s88-c-k-c0x00ffffff-no-rj,8580,https://static-cdn.jtvnw.net/jtv_user_pictures/dedc17dc-932e-4d10-b079-4bf40d8e035e-profile_image-300x300.png
46a8009adbca4aa083af580b50b69306,1060,21986,https://yt3.ggpht.com/ytc/AIdro_krifrBQTTjvSYFWHFokIoZExG1_a335WKqUG9gMCEwKx1c=s88-c-k-c0x00ffffff-no-rj,467,https://static-cdn.jtvnw.net/jtv_user_pictures/4120bb1b-95ec-4ba7-99a3-91550cadae88-profile_image-300x300.png
46e494bf06c640da95ad1b0b81631d98,1500,196551,https://yt3.ggpht.com/Nx34TX5CMbg1S-rLmmT87IRIjqGF7ZbOSEG5lbFQAnMKF2vXyD_Hro_qIfqr7SNsb5hHFYLDEw=s88-c-k-c0x00ffffff-no-rj,843,https://static-cdn.jtvnw.net/jtv_user_pictures/de79868f-414f-4434-88d9-56fd1c22194c-profile_image-300x300.png
46e65e217ca84bbf8d43b67c3e5a9d90,286,20550,https://yt3.ggpht.com/HBO0JGZEzsvZgtllzyYNUp5S6YIaEXG-7gsE3sopSOVw5wMiaqndSOpjj0Yrb2OTnIrW0Fc3rA=s88-c-k-c0x00ffffff-no-rj,123,https://static-cdn.jtvnw.net/jtv_user_pictures/50195e19-fec2-47e7-a305-b42e6dded0a5-profile_image-300x300.png
46fbbed7900f4e84bd73e0bb85a3598a,1350,52017,https://yt3.ggpht.com/DP9jbAAFaZcMB9K37PrilcaLC3eFKKpZCqloFyenC4ANTsT5j2af8qwk7ylBuVX4xhlELSwl=s88-c-k-c0x00ffffff-no-rj,,
470d1cb40a5e460e8cdc1414c5fd1a34,15600,312550,https://yt3.ggpht.com/F7I5jJJ163ilOjdtATeGjauyjvHe9r2nOqpH_fORRlWk53objN59Jw6IyzwgIaYQBGgpgcbH5g=s88-c-k-c0x00ffffff-no-rj,1289,https://static-cdn.jtvnw.net/jtv_user_pictures/fa0b19e8-16a1-40df-b49f-bd55bb0d2ac5-profile_image-300x300.png
4762b7be8b764f19a33a7cf167c2ea64,4480,55107,https://yt3.ggpht.com/8VfyuCPJkUm7TSf2evevnEobNHgSaHiNGCe8PcaiqaqHZSAmVmbR-misER_wDn2cBQGaAAKOYw=s88-c-k-c0x00ffffff-no-rj,,
4766ec1a407f4271bca77fb81487e81a,1210,11440,https://yt3.ggpht.com/tUjy9VOoejar2EoWgxCPbXodoYb8l-GVc-8_0XVnughHaGoifaulr5MP8cc5-inubM02OD-YQg=s88-c-k-c0x00ffffff-no-rj,3794,https://static-cdn.jtvnw.net/jtv_user_pictures/a5f006ed-5f69-492f-8c83-49d9f1d47219-profile_image-300x300.png
47cd428eee8640cb80afaa4ef9bb55e0,203,6573,https://yt3.ggpht.com/rTlYwXIZtf8bAdOjvnCy9_kG6Na5siXkz7WG1-Kv55G7JBYqPS4Ow3z98-61t0dMFZH0h7I=s88-c-k-c0x00ffffff-no-rj,1514,https://static-cdn.jtvnw.net/jtv_user_pictures/a7150072-7d20-4fd0-af4d-15f6a97fba5a-profile_image-300x300.png
47d591738d2449a496e7ce140b539662,181,1135,https://yt3.ggpht.com/Ki-7967wYJpo3HXONCl48xMOOraxd-LHNE7hDFL1dP1xRIsMFbriOOUOLhhMl1liIgEGo20B_TM=s88-c-k-c0x00ffffff-no-rj,2013,https://static-cdn.jtvnw.net/jtv_user_pictures/953d8d80-9944-4ce5-b95d-6423385ad0e7-profile_image-300x300.png
480715845a044cb780b135e2bfd0ded8,307,13499,https://yt3.ggpht.com/wDl38aUHl9PNHVBJzfOSb9lgKz0vbSFs23zoxCcdn1N6lTE6vtxRv23n8edh0zQhleWIVprhWg=s88-c-k-c0x00ffffff-no-rj,,
480aca28939a4eb5bf558a710e21709c,,,,2593,https://static-cdn.jtvnw.net/jtv_user_pictures/196b5c04-0342-4254-a8fd-a4f131488bfe-profile_image-300x300.png
483a76d7ad1d464aa290606959ddddec,720,41198,https://yt3.ggpht.com/QQKv_mBqOkUIRCwRFyah70c7C4zGuCAuLcPKbDDwQZxKaS5QLzkSehdottPMwfdfedZG1X7UTx4=s88-c-k-c0x00ffffff-no-rj,516,https://static-cdn.jtvnw.net/jtv_user_pictures/abc54698-ee88-4522-80e0-6133c855133b-profile_image-300x300.png
4859b57db8e043f1965e56324f137097,436,47413,https://yt3.ggpht.com/H87Tccl1yvBc1YDB5xDTNaJ1SeswiQvWhdklLggMaB_ulGIfgpq3F9SD2lA2j6o5OcgYnE_wYgY=s88-c-k-c0x00ffffff-no-rj,1195,https://static-cdn.jtvnw.net/jtv_user_pictures/6cfc2a5e-6b0d-464c-856a-04fba8edbb13-profile_image-300x300.png
4865c3feac234584909168181b7dc2be,4340,100249,https://yt3.ggpht.com/BP66B-9fMZpAw7m_cdD1vibLK8ZdLUhJ8N61pl_e6W7Z6IIwka6irCCjmPzlWS9CdzFHaMhcPSc=s88-c-k-c0x00ffffff-no-rj,212,https://static-cdn.jtvnw.net/jtv_user_pictures/e1e75028-1ec9-44b2-bcc3-3689a22f20a7-profile_image-300x300.jpeg
489752f0b42c49b785d43f1207429983,1310,38643,https://yt3.ggpht.com/9gil0lHOlzAjfZDfjPbZrFnfZDI8Rnlj42prB-9AB4-hK23VHXeCmv-_LHFs1iS7BH7SGHymlg=s88-c-k-c0x00ffffff-no-rj,,
48b978b1705a4f61a760b05280000b34,1870,8510,https://yt3.ggpht.com/ytc/AIdro_l9CCe6ffaQ1WqguV0m_N8kq4TCEK6ZwR7WVxKY1WuOSBE=s88-c-k-c0x00ffffff-no-rj,1284,https://static-cdn.jtvnw.net/jtv_user_pictures/0e0ada86-9149-48fa-be9a-f9e5521818a4-profile_image-300x300.png
48e18dcee4e640c6b5ede6a8bdc84ade,1030,20706,https://yt3.ggpht.com/0GMBlFiLJPr4uwGx067SryN0G1yDj3tA9BPGgCwZtGPsAbG8aadmSVv9Y1m7alcV3LOe-yfr=s88-c-k-c0x00ffffff-no-rj,,
48fd85a178c24579ac7d8f43f1e5bc39,4100,158360,https://yt3.ggpht.com/-QlxWHPSdM4Lq-GJ9rbzzA2QQ5ADiBFzSPF8FF4INZILf3EsfcOKsB_McGEBa_Ipv0r7a2iqzA=s88-c-k-c0x00ffffff-no-rj,188,https://static-cdn.jtvnw.net/jtv_user_pictures/0c89d4e3-06a9-4638-a68c-fa5ea2fe6ce6-profile_image-300x300.png
490a48eedc944f9cb74501e6eefeb04d,4710,223878,https://yt3.ggpht.com/sx-zwIi4NOF92nuxsUin1kBgl9lw9ERMHhyQJIjKqslciwpMecQcgxOPSOml49XWXsFf2mq3x_Q=s88-c-k-c0x00ffffff-no-rj,2393,https://static-cdn.jtvnw.net/jtv_user_pictures/32990478-41bf-4964-837d-709bc1d362b2-profile_image-300x300.png
490d50310ffe4de4aac9c6368b49a0aa,707,18663,https://yt3.ggpht.com/3r4gUubmCoEseaqpflI2PUtrfb_nT10u4jdx2E0q32as-ZX9OoNvIwBfshxy5xDr_ofWgXJN=s88-c-k-c0x00ffffff-no-rj,,
49196eec11454f589d4d6e52f1b1bbe8,5620,320896,https://yt3.ggpht.com/S8rDO3L5T2bZyKUzvutBWmtb7Vkro6vLsfIrHhVGzO0gB8gS4nPgcZc4o0sS3G56vJ11G9Qd=s88-c-k-c0x00ffffff-no-rj,,
491a6000ce4b472c9b4f8c1dcfdb772c,21700,3759833,https://yt3.ggpht.com/GIEUrLxQ3DgK8zbi6WuWu3-3uuiUd571P9I-jnbCkONugqPWOajP9Z_HnOHUOAZ8ulSpyeppxA=s88-c-k-c0x00ffffff-no-rj,1049,https://static-cdn.jtvnw.net/jtv_user_pictures/9f397fc5-b93b-43ec-ba01-c20d7f6fd139-profile_image-300x300.png
494d2c5daf9f4a8a8e4538687e6be14c,111000,4798274,https://yt3.ggpht.com/UT_EiCBMD-XWRKA4sztXWDaw3LvRbm3sULPghjtbZNYmQh-pvCk1eqFNxl4HCvd9-oxcTkIo8UI=s88-c-k-c0x00ffffff-no-rj,,
497385ad229548cdb0c80d89b70d050f,1190,60945,https://yt3.ggpht.com/hL0dNuA_CT1JD5ad5hbgjrTA4ZgENZvIDp8B1ZlUlvJO9AfIl1DCNg18Q0oxAkbaklg6bZ4NbA0=s88-c-k-c0x00ffffff-no-rj,,
49c4f54141434226960845b2a46c432b,1780,57462,https://yt3.ggpht.com/lZi3Qc0UNQMM312NiI4bvWmZOYhmbkX7pxz-7FB4RseRljDzQsaWe0f_non8tS0el4n655PZ32I=s88-c-k-c0x00ffffff-no-rj,,
49d38057272d4c4992cdbcb792c94d00,386,9510,https://yt3.ggpht.com/zUREcGlCKo4qk6Lp8ui4zkN3y-HcJUzX11t65GVsw-gXq_dCZKrPD6FaGq2IyPi_Gruw9-I8qw=s88-c-k-c0x00ffffff-no-rj,,
49eca1ea30a8425a8967677070c95627,12000,261237,https://yt3.ggpht.com/n3eeyDOo8s2nZ-AcoNqf4_e8zfkAmJpoRJHCoxU02iodFzLv06sw4nsc4HvYnnVl3npb_5tVWg=s88-c-k-c0x00ffffff-no-rj,,
49f14b84269f458099232c2a21b2ba74,1010,28029,https://yt3.ggpht.com/tPlk8VmXWSo3V6dk5F1R8t_kOxYArwT1fBKvo5ctZkxq_AjJkeb8L9Cg4RzuQrbqCza7vszK=s88-c-k-c0x00ffffff-no-rj,,
4a1e39ee23e6423fbfd3a15b1e28c8f3,2120,50209,https://yt3.ggpht.com/TyeVWjXgymzIfBHD92rIcBpkxkyrDla145wqEldut3zdnbMNC2qova-5vuJWkY_k30JjUhIV4g=s88-c-k-c0x00ffffff-no-rj,,
4a2df649332047d3b733c88209925f4c,428,7763,https://yt3.ggpht.com/lOnGhV75yfcsOkBO0XOu3tcKchF9lxKlMWOAYyUEbgOrVK_UWG65i1fWYK3eQNHwu8UPjxtRAA=s88-c-k-c0x00ffffff-no-rj,1180,https://static-cdn.jtvnw.net/jtv_user_pictures/5138f72a-54db-4bce-988d-1cfe6dd42911-profile_image-300x300.png
4a44ee7065ae41ad8d70469297599df8,3950,1085141,https://yt3.ggpht.com/OsfM5f8L14n7SkG-Uwjw7A1MKFMtBDY6fmaVHas-pA35BXv0VFtjY-idvtefxM0YW64CvzNGDw=s88-c-k-c0x00ffffff-no-rj,,
4a64836a88024358a7401530fed8e0f8,1940,257061,https://yt3.ggpht.com/0Wn7aCTa9guth7ftcSA0FY7ykVvjc9e5jjWBcz24-_bWqS0n-aM4OkCXh8376jnkkVSc3tFLRg=s88-c-k-c0x00ffffff-no-rj,5657,https://static-cdn.jtvnw.net/jtv_user_pictures/b0bc9630-5f63-4e6e-8fbe-4e7c3c103d67-profile_image-300x300.png
4abb927b8dc049768d63b4a8e229e8cc,480,0,https://yt3.ggpht.com/ytc/AIdro_mr4b8ZWcBp-SICTbi7P5UnxCwFl9XNXvXhG5v4zkp6Tw=s88-c-k-c0x00ffffff-no-rj,,
4ac7e88bd2234040a1da03644b06a501,2410,13768,https://yt3.ggpht.com/Xj7aKUhzUXy8PP-tQKu2-anZAK0guj4u3wQnxEDoVzZrWkvFTven427EanKjuSBqvrEMZiRdMQ=s88-c-k-c0x00ffffff-no-rj,,
4b305df8ba4546b48c8ec1cda5efb7e2,602,98644,https://yt3.ggpht.com/8Xguqxa5XRxCxyDTvUfG_cYndZ6IehMgXh67UmkZaOEgVOI3Fwip9xxrK_G8zZIxDOb3Pmde=s88-c-k-c0x00ffffff-no-rj,,
4b53aa789e544bd9aaecc9fbc79e4bbe,9720,718978,https://yt3.ggpht.com/EiALldaGSpQGlPj5q4zVIjC8xYrTMfXdO9SOMFYfcrP13exdsLfY_8FwQMUTzxsKFsOZXsJv=s88-c-k-c0x00ffffff-no-rj,,
4b6655120fbd4431a8f7894cac4a4d49,69800,7079652,https://yt3.ggpht.com/SQQgmAldGdA4RERGFb0sf6osvrjJA-ztwlcPxQsopWBdA0_1ZaMhyDVPakANI0vgVMV4yKGfSg=s88-c-k-c0x00ffffff-no-rj,,
4b6b055ada4d4f0ab63b7ad02a3fa3ef,227000,17596029,https://yt3.ggpht.com/R5-lPfi9HwEoQrmZQAq92xVay5Qa4fJLnLHftqmIxbgRT0jKwHt6QZ_4TwpzR_PNOb5654g4yg=s88-c-k-c0x00ffffff-no-rj,55771,https://static-cdn.jtvnw.net/jtv_user_pictures/48fa87ae-002e-4bcf-bda1-58bb1329b75a-profile_image-300x300.png
4b6b92e9aea74d7481d50636f088e9be,12,1197,https://yt3.ggpht.com/y89rujG3_DIKzlkfhjgb1kmppfmSAltMult5xOHKUWgJwX6f0xGtnptRJ89EkucrRmBpIJFxKA=s88-c-k-c0x00ffffff-no-rj,,
4b79f7afd84a42b98d11bd1c5cb6478c,3550,83644,https://yt3.ggpht.com/pZQDZwnzmXMZUHWhsiy6ADqABtSieW-A6_HfkMNH9sL7Vu6R5JHTbiTpfuzTrck2lWdrBxVVgA=s88-c-k-c0x00ffffff-no-rj,,
4b7c733a13d247ec84844698ecc7ba0c,1990,42573,https://yt3.ggpht.com/QD1kVSijjTMIEg1bQ7-mw40dzRPBRqC7DGa6YnKXJ9XE2OCmyWnzpKch66Q33Z_BjXJD8bb4Gg=s88-c-k-c0x00ffffff-no-rj,2698,https://static-cdn.jtvnw.net/jtv_user_pictures/aa2b11be-5f49-4cc7-bf2c-16c84653f439-profile_image-300x300.png
4b7ea2bd72234f9882b8e992b622b001,1040,58616,https://yt3.ggpht.com/i31yz5BSXXzi8fQw8BbaaKd4l0RG_w3Ib-Ldha5FEsmUaoHLCOggQmXoYu0wsT4vDeIUYBhtEA=s88-c-k-c0x00ffffff-no-rj,,
4b8137b8ba4e4a4dad994e2e07e351fe,40600,2280192,https://yt3.ggpht.com/jakDo6_UFHox4t1-7LidEZvv1O6aLTvAJh5TVxdOaWWs6K0YFqzYmIe0DGsg2Ws_ZdsxCKXC=s88-c-k-c0x00ffffff-no-rj,1728,https://static-cdn.jtvnw.net/jtv_user_pictures/8a55f56b-4d8f-414a-b14a-78c5dd50162d-profile_image-300x300.png
4b8f55c74e594978bb461a27b3924336,3100,67597,https://yt3.ggpht.com/gioXbL-rEacbxozbON-F0M0PwkQHGnUkHGdPw50_n6pzT3V0iMMxuNFiaN--WgtoKLeDc9Oqd0g=s88-c-k-c0x00ffffff-no-rj,825,https://static-cdn.jtvnw.net/jtv_user_pictures/66cfb838-538d-4107-a16b-2c80dfc63ba3-profile_image-300x300.png
4b9b64309ea0491bbde3b86b6c34bdd0,1050,65308,https://yt3.ggpht.com/ygN2s5sp6mYLtpI5wq8N6E-o_nDczfLnm47VBawoPa8vHk-tbirDVHCMxPt3MgiDFMsaYTTw=s88-c-k-c0x00ffffff-no-rj,,
4ba065758aa94ce18cfe227cc37b1afe,668,16971,https://yt3.ggpht.com/bojlQa5JxEHsRh9QbwmhjJNs9gkIXGnQnjQXtR37-2zvr75WA56lFK_p64PFEwHrUvVY4lsQ0w=s88-c-k-c0x00ffffff-no-rj,2624,https://static-cdn.jtvnw.net/jtv_user_pictures/50448a27-62ed-4bde-a086-3b3e0420b7b4-profile_image-300x300.png
4ba98a2155ad4b4392d8c5d7a51f4964,372,58991,https://yt3.ggpht.com/WHEBI4Zii6auhg2hJybZMpnYJ3_eZhwoshzV2U92ShV5WnUCa7XwOMPU2QjqpCcyKB0tCq938Q=s88-c-k-c0x00ffffff-no-rj,,
4bc8631382ba4559bca22733663cdad5,369,7352,https://yt3.ggpht.com/idQnXmvuZ_lbHKi_LYujLWl770kenomt_QIe1MM0JNYY8OVdpwt3ZqrqPfiYelnI6Zsw5Rx8xA=s88-c-k-c0x00ffffff-no-rj,,
4bdf9ee9f53f4785b37a9d9dbd2a0da8,908,43914,https://yt3.ggpht.com/pLMhqNfp1ohqvr398tPIqS1F35tFzQ-6flcf-rjEC8zt__EJ-TllaDuBPHm8d9uOJzTGIkxn=s88-c-k-c0x00ffffff-no-rj,,
4bfaeda5b1f242959a992d6ad8b8a036,4510,148047,https://yt3.ggpht.com/6WsTu0xMp0ZTis_OM6qe4OmlhomjYI6yx5LpGf62Pm5GjTCSS_c62RFSIMyovImo1tSI85J8DVQ=s88-c-k-c0x00ffffff-no-rj,463,https://static-cdn.jtvnw.net/jtv_user_pictures/7557e8c8-6203-41d7-bac9-ba3183e9e656-profile_image-300x300.png
4c127c01ba31487599018fc81ff1a3dd,572,32771,https://yt3.ggpht.com/yj4vXYI-fUeQcqX80AEkGILK5e-RQslBu1o0NcGQzCJOUpdeAxCf5ac_mpcHOVqrELvb5HF6lxI=s88-c-k-c0x00ffffff-no-rj,,
4c12d4acc74d46e3b336d51c07523305,1070,33549,https://yt3.ggpht.com/AGGUeXZsGWWk2eDCypxuTjzoXdJHwhDiiyNbIxtNUDPXLtz0BWvvPx2lThSujikFjv2gU3jOCA=s88-c-k-c0x00ffffff-no-rj,,
4c34c44a98974b709f7dbc7618847fd6,3280,176435,https://yt3.ggpht.com/aXDOIpOUeTkd7vrCgXk4AwFOj7mMAKUNYm_Ocxl69S6wzB83Nej-8hEHVSfT2VEuv5uuuBnOJQ=s88-c-k-c0x00ffffff-no-rj,11318,https://static-cdn.jtvnw.net/jtv_user_pictures/7d696094-89cf-4d63-801a-1742ee8bcae3-profile_image-300x300.png
4c3cae772e974f8fb8e04f4cc9c8cd8d,44100,2412759,https://yt3.ggpht.com/xVMVa_f62_Om75UFIT2GSrm5aDg7hQND3upWXYmhYk5LNa3VU9iK30CdfMGFjbFRoz-sReaV7w8=s88-c-k-c0x00ffffff-no-rj,,
4c3e3e5338ae44feae581bbdffa8b811,72,2918,https://yt3.ggpht.com/fl4PAbef34AFdLXz5WzXhzce0SFWpVkFMvB7O9pb2nbLhNAFvLQPcx4vxwPkI5xtQtxEAHXBWKE=s88-c-k-c0x00ffffff-no-rj,207,https://static-cdn.jtvnw.net/jtv_user_pictures/cb492c16-2f0b-4975-b070-080f2bfb6f3e-profile_image-300x300.png
4c42b9f574e7438d8aea8b099e451505,,,,1109,https://static-cdn.jtvnw.net/jtv_user_pictures/9876307e-8c7a-48f2-9bdf-8a27bc10d2c7-profile_image-300x300.png
4c466d73397a4899b4ca26f90aaf57ad,922,71303,https://yt3.ggpht.com/CfIAodxNcfTWiSBGKjzHC1fBRXP0fdkclbqksnK3quY2dj6jIWtmACqQYmMIUlhkmapjmEmf=s88-c-k-c0x00ffffff-no-rj,139,https://static-cdn.jtvnw.net/jtv_user_pictures/02478771-5a6b-4d71-ada3-023242759640-profile_image-300x300.png
4c4ebb91c8a346b2876d1ccd1a32dead,343,13280,https://yt3.ggpht.com/Q2UjvwSh8IFVfSkO7SjCfLZO4XzvgChY8Ant27btuC1IEbcucHYZxIBVT3aGP-7b6wYnM9tnfkQ=s88-c-k-c0x00ffffff-no-rj,235,https://static-cdn.jtvnw.net/jtv_user_pictures/bbb9c287-a94b-436d-84f5-56af9aa518bc-profile_image-300x300.jpeg
4c8efd1d28d04eeabd21a3c337f154b9,4020,49530,https://yt3.ggpht.com/fN6Xa7jPWCfemGN43oTyOiOXjn7-_J4CAOj2HQ7SD6ykPhu8FESdrRNDhXp2mr1uw8Y09q3pdWk=s88-c-k-c0x00ffffff-no-rj,,
4caaacdde06c4a0a9662e0d1e07114e0,792,14635,https://yt3.ggpht.com/XGOjtEokQUi8drCjPoKn62ciq93kvYRwLQ84oChh1v6fz0DukhVY2-2d6AwruybFHzR793SwMw=s88-c-k-c0x00ffffff-no-rj,,
4caacad18f2842a099e3f8cc31060aca,715,32403,https://yt3.ggpht.com/f4AglLdi9nwAcJZFO97x1Ok1s3fA3rYJfR8NBDhOVAi-czOuN159Bd60yyi-pi-sLYHRqswg3U4=s88-c-k-c0x00ffffff-no-rj,,
4cb08241fbce4905a83ed02de6a1af9c,,,,3927,https://static-cdn.jtvnw.net/jtv_user_pictures/d2630900-0a49-41c0-aa90-86362a3576c3-profile_image-300x300.png
4cc07f3cbfed434090bba391bc15fd6d,222,4585,https://yt3.ggpht.com/PwJ-F3BqAOf8272tSb2ojKRfO8qNOH7nkAeaySNgslOzs0qbTDQIYHh4Kd1eyM9BM5vCa5bk1g=s88-c-k-c0x00ffffff-no-rj,1388,https://static-cdn.jtvnw.net/jtv_user_pictures/11563301-01c4-4862-928d-36cd2b44050f-profile_image-300x300.png
4cd21df2b76148b182903cc0aebe2bfa,5400,179154,https://yt3.ggpht.com/i4AVyHmbVY8mhA3r14SLgjpgxwPRxiHgHSM-vXgCaNqeL6yc2cifaw0vkb3Yr7ngoR8UxlcYug=s88-c-k-c0x00ffffff-no-rj,,
4cdbc090126047f898b089440c8c618c,83,290,https://yt3.ggpht.com/2HZRSHejvEapYQEQd_PiRO-6xKL6FqJeevbyRcMGk_y9NTQ5aZD7nMkJqk9jfY5anz4ATCN4318=s88-c-k-c0x00ffffff-no-rj,120,https://static-cdn.jtvnw.net/jtv_user_pictures/c29c4de1-ea0d-45da-b5a1-9943f69cb8f6-profile_image-300x300.png
4cebb92683d548089e998ec18a484930,253,12089,https://yt3.ggpht.com/WXcsAjdU67R09BvRI4bVTha-g3Jz6FX-VIOWcTdZN5PSVsQa8rLvWrWENYEeQjWTaMZaXeDB=s88-c-k-c0x00ffffff-no-rj,,
4d01ec47d0804a47a9fef6d9d01d9c29,3290,86273,https://yt3.ggpht.com/p76pko8X3GyeN_ao0Galc7VBzJYX227kXLgt9OmdFNTZSo9g_BJMqUcx4EnNtDqVvXM3Mtl0=s88-c-k-c0x00ffffff-no-rj,2096,https://static-cdn.jtvnw.net/jtv_user_pictures/a1cc952f-c374-4f47-94d6-6c6fda7657e2-profile_image-300x300.png
4d347ba9ca0c41c59cda553ebe4af5b1,3300,125582,https://yt3.ggpht.com/fk8XgaCyZ9GTqhXUBwr4M1m3cOyGivSxVUyB0MPvXTtM0nf-kMoa5JHXXVlOWInBJ3PQCfIw=s88-c-k-c0x00ffffff-no-rj,1243,https://static-cdn.jtvnw.net/jtv_user_pictures/c638a164-e542-4f2b-8f73-423f0615a5e6-profile_image-300x300.png
4d4410bdde7d4107809dc6e1e2ce0e0e,839,28653,https://yt3.ggpht.com/bSj8x-ELJb0WJPvznPn8I2YD0V-AHuXHcocOtLi1Edd135GQsKpixFRzHeqah5RDu9D6piGQ1ak=s88-c-k-c0x00ffffff-no-rj,,
4d44c28a73394954a4d1bf2a1b2c162c,1860,101670,https://yt3.ggpht.com/grv2djz-l-x5VEdF-HjvgfogHovj0dnMscdEyjNYuYaoZ_X0BX51bAGeoCVkmfP_eWS76snYlg=s88-c-k-c0x00ffffff-no-rj,,
4d4db7afb4b84af7b4d54889a5f93947,268,11609,https://yt3.ggpht.com/QGOekMhibjyFO8X1f3Y_8-cIFD0sAB_YQepbPVQoE8V432Lv-6MG8uVzwrkN8FYaZ9M3JIQRXmQ=s88-c-k-c0x00ffffff-no-rj,,
4d8babea181e44df9855f3aafc06eb2c,3170,112091,https://yt3.ggpht.com/9tSKXveBTK-r3qsl5q8Fwco1uQ6vFYlIlg-2LI34g1IEH63AGZ1OoO4nZxuYBeIJySA7WlDWu8U=s88-c-k-c0x00ffffff-no-rj,,
4d96aeef13f949e19026682e337db138,106,2190,https://yt3.ggpht.com/2PVTd6hXjiBMv1pkygZd3kSKRqyR99r-u2emqt0r5iZ_Jt-wSrTOIidIO6m_SUQlydTGSgkHag=s88-c-k-c0x00ffffff-no-rj,2502,https://static-cdn.jtvnw.net/jtv_user_pictures/43c56d62-a3a1-4f39-af43-c4d454d00c42-profile_image-300x300.png
4d9730dc400443e6b8edb719febd5f46,567,4286,https://yt3.ggpht.com/5JpFfOcLM9N8WLx4Z5r-oAmMqs1TOF1UKI8cD_MVHf4N3mXc5VfwPkq4VHta7FyZIHaIU9GWnQ=s88-c-k-c0x00ffffff-no-rj,661,https://static-cdn.jtvnw.net/jtv_user_pictures/b8f2738b-e113-4e55-8306-31bb9634ef2d-profile_image-300x300.png
4da23321631a4d889104f580d301b68c,2,2,https://yt3.ggpht.com/OfpT7N149xLVayqjULrm2ejRX2qnrXFRUEuEA_57ilb1uHqKQ4qZ_f9iuxd-GWBK-hp14zfMfg=s88-c-k-c0x00ffffff-no-rj,184,https://static-cdn.jtvnw.net/jtv_user_pictures/506e4883-60a6-4a69-9ed3-3df3223a5605-profile_image-300x300.png
4dd71b1079284bdb8ba90198317e524d,1770,75990,https://yt3.ggpht.com/KQbFJyPzkIOw6w6i3FcTlUdDK134WOEbdXtDK3PwLhfthHm9OfHueL9QbxRbTI0PSM0IhAG-Cg=s88-c-k-c0x00ffffff-no-rj,,
4dd7cfc58ae54c1fa6211ba9b1c607ec,,,,1610,https://static-cdn.jtvnw.net/jtv_user_pictures/718b709d-f80d-43dd-a232-9d1569fd67c4-profile_image-300x300.png
4de233ea7dfc4a7da1738ab627babd48,468,21692,https://yt3.ggpht.com/gp3xWzGxRFO9u_eZbDvJ9ktKm-OXTfcpHiwLagbUiWt0zr_wIIEFWe1M_-DILEGr31MkF2Fj=s88-c-k-c0x00ffffff-no-rj,,
4de89158f20a4d0e8023f15db8a9526e,2020,42231,https://yt3.ggpht.com/kgw5V8O6SxF8ZoadjMhVGb7_wU2k2ixLPEBNGdwV7HCvD5N6sKDTTPFg8HpgDtsgepEOtRpm=s88-c-k-c0x00ffffff-no-rj,,
4e1dd2ab9e4b4c71bced0c5987cf9be7,338,13561,https://yt3.ggpht.com/ytc/AIdro_lpJceYyTjqy4bGwPkfa4ZAwXop66fMpH4cgXGL5PM6vA=s88-c-k-c0x00ffffff-no-rj,2554,https://static-cdn.jtvnw.net/jtv_user_pictures/d75bcf0e-1282-4af1-b0ae-c2880f5f75d7-profile_image-300x300.png
4e4721deba7c4681b1172714a29e6f19,1460,111255,https://yt3.ggpht.com/ekbJjzcc2M_Lpmhu_LxNmehOP_iuAPWTbjzfj6nTzggSRoenz2mbJoV5gWHKxov5obPVFkUO=s88-c-k-c0x00ffffff-no-rj,,
4e48e10b3c2f439c934b1db25679b972,2810,268206,https://yt3.ggpht.com/fDyMB2UOQkKPrY3gMIxs8zptu75dYNpgKZbCbzbQVzm1iY4XSg8eJ8qToujDZX8h_6MkjsJlsgQ=s88-c-k-c0x00ffffff-no-rj,,
4e4cbcbc0acf410ea5a50e4a6bbafd01,43,779,https://yt3.ggpht.com/xN6NfGU8_GR9HAWDrO7mZ8khHmTi0WWQ_i8xz81fuR9-LN7qwdPgguBjwEr6fjIUBVCttMbWtQ=s88-c-k-c0x00ffffff-no-rj,1513,https://static-cdn.jtvnw.net/jtv_user_pictures/6e8c334c-4a22-42ea-9f90-2c10684bd38a-profile_image-300x300.png
4e5a8a6380764f9b9f28732968e4aac8,24,25,https://yt3.ggpht.com/0T14y2oZjG3B-Tdh5ia-dxXoZdItEV0ZSoS-kfNeO2JctMZbOaa0BxIMmKtirIXO-3aByS7NfFY=s88-c-k-c0x00ffffff-no-rj,395,https://static-cdn.jtvnw.net/jtv_user_pictures/e90d93f4-4c0b-4bf0-b657-03bd1e9015b3-profile_image-300x300.png
4e7110080135486ba1d83d3e5cdbf0ca,1090,13985,https://yt3.ggpht.com/2w4St3Cm-l33oavSwPJN55NlQ2UnLme4-BL03OCAhOmy3jx9Xz9CsNH3K2xDFlmMBlybOSRSnYo=s88-c-k-c0x00ffffff-no-rj,299,https://static-cdn.jtvnw.net/jtv_user_pictures/a2317eff-9c18-47f5-a26e-c6876cba2d66-profile_image-300x300.png
4ec87ced65c74722927e8fd3f219a653,144,3121,https://yt3.ggpht.com/TRHdHNTUDcGaqrCUGnkOHihWjRxQh2q0BlbFFJrbJSU3epui_6nyspuZjn4WDPb8jwkdKvQp=s88-c-k-c0x00ffffff-no-rj,231,https://static-cdn.jtvnw.net/jtv_user_pictures/baf47315-a73f-4589-b945-c8c6f34feb77-profile_image-300x300.png
4eddb3c50fd84042a1d5a4be600fbb5e,130,1894,https://yt3.ggpht.com/Bx0wLkvjLlmp_B2vKtSl7d80-0L5BYzWX-A6ec8y_8kqTNTq6ks2VM87QkUqyt7f2j6FuUJCiA=s88-c-k-c0x00ffffff-no-rj,633,https://static-cdn.jtvnw.net/jtv_user_pictures/34502c75-9c4a-4585-aa58-0e8e558ccb63-profile_image-300x300.png
4eecf80e6ecc4644a7ff08314e6e0c82,1660,191710,https://yt3.ggpht.com/eFxF4dIz_HjiBHRzf9bmWYO4saZSq_0CfrbdynshP6eus43BgT0DlWAkjsjjn-6vKgssy2Ft=s88-c-k-c0x00ffffff-no-rj,248,https://static-cdn.jtvnw.net/jtv_user_pictures/e6fcd896-f609-47d0-9d24-2b3e22ea0a90-profile_image-300x300.png
4efffd7632e94c9faad30a543c3e1150,40,1555,https://yt3.ggpht.com/KlP_XlCO74urAVkzYkLdOI4GWSAwn6w5fQ4V5Zm25658UypLImpp62eLkDhjyk9bwvopTo2HeQ=s88-c-k-c0x00ffffff-no-rj,94,https://static-cdn.jtvnw.net/jtv_user_pictures/5382e343-2c54-4c54-b89f-2b6dc49a14cf-profile_image-300x300.jpeg
4f20b9493001401f81b7a451bf856fba,810,10543,https://yt3.ggpht.com/BoVMk4xxzCxEPe8fkotKd7G0fGZNQfxqR73McJCmh7INJA9Z52Xhwl0iyxpPM7MrLOgGF5yfkfU=s88-c-k-c0x00ffffff-no-rj,689,https://static-cdn.jtvnw.net/jtv_user_pictures/104e22dc-41e6-48c6-a8c3-f4cded8aa9be-profile_image-300x300.png
4f5a88e0193a4c948f7e84c56303db82,435,2117,https://yt3.ggpht.com/E-tiSSy8-4BF44WyYg8Q1VLA6UTHh_t480MGd8YvJ9DgMHqD6mElg5s8VJ06gAOViTTe_wbHqw=s88-c-k-c0x00ffffff-no-rj,,
4f917f1ccdd74d34a3746c379282b6fe,2540,177888,https://yt3.ggpht.com/Wudn9rA8RUcrVsIARSAprTshzOggf73VBonXVeZEnA_SgWAKMWwEIcy38JxBxEoS8HO2O9L0=s88-c-k-c0x00ffffff-no-rj,1319,https://static-cdn.jtvnw.net/jtv_user_pictures/e287a8e2-2c15-4dfc-8192-7d93c9c8c4ab-profile_image-300x300.png
4f93fe928d264a299c6589e09fbda21e,2140,162178,https://yt3.ggpht.com/MtXcJGzbioWcyDRmRYqZmFvcmJjo2jmldeYvCozcaoYEv5ZssZLNe51KfOmkoE_StQn4YAh6=s88-c-k-c0x00ffffff-no-rj,,
4f9a2315c6b24c129e3af5f859b67602,19,467,https://yt3.ggpht.com/zi1V21QnLODKIWsawj3-g9FJbb5H1454CtLYDq1aBGXMiHOQV6nv9a9GJwv5VduxLfhseozKKUk=s88-c-k-c0x00ffffff-no-rj,,
4fadb90960a844daab26191bb158d3a3,,,,3321,https://static-cdn.jtvnw.net/jtv_user_pictures/3481faae-173b-4a93-8b02-92706b07cad7-profile_image-300x300.png
4fc02db3aab84e6cb526c02405d18c6e,355,17277,https://yt3.ggpht.com/rORe5OQAovfhPwNmObokZ66zuZCXE9msm5lDPR-fJiIRfw8oDQag-8u2WLG6FPN344ri6c8G9g=s88-c-k-c0x00ffffff-no-rj,144,https://static-cdn.jtvnw.net/jtv_user_pictures/864b045b-2a93-460f-8f23-eae16b22e8c8-profile_image-300x300.png
4fc5a770272a43f1bb0a1d12aa3a9b46,44200,5093180,https://yt3.ggpht.com/TWy6Q56ivohFpakwbPX95EXI1UjlXk9Bi9Kro5nW0epiYcBL5iwKoeCgT996lKm4j42ZxoryRw=s88-c-k-c0x00ffffff-no-rj,,
4fcbdf1b0a384ee58733b1e852edefa5,,,,853,https://static-cdn.jtvnw.net/jtv_user_pictures/203832e9-89da-49e4-92f9-f4827190f461-profile_image-300x300.png
4fd17e8877024633876c5d85bc81e56b,27200,3404945,https://yt3.ggpht.com/LbEvgsLTFY-EYjlJNZE6QFyDiNZMEPnX6T6qeHd0IVY6u2ZanTUpbfH-TCnNSukrn9yO4yLyVA=s88-c-k-c0x00ffffff-no-rj,,
4fd21f7726694ecfb8e81e5352487a7b,6020,235541,https://yt3.ggpht.com/qbvfszxaHH_jVsUtwmoC6yf1wFGiQHmTX7rNNmR5WZ6CZ7grT1NZUOaN7ek1P9JPsOigIT67rA=s88-c-k-c0x00ffffff-no-rj,,
5000b613025542c498cd6ab2287865c6,376,1404,https://yt3.ggpht.com/CZG1y8BpM_EsxA5jpcKwTp8LvjoWu_1rT3eW34sDOeutkzYrGyJdOIrgX17W06GGob8HCKDDtM8=s88-c-k-c0x00ffffff-no-rj,2673,https://static-cdn.jtvnw.net/jtv_user_pictures/31a5cb85-cb93-4446-bac4-c47942a597ed-profile_image-300x300.png
50433c34f368460c9cda947f292a62b4,3150,224817,https://yt3.ggpht.com/vBSxxHxFu5WD0o2XECNEQ_VhxeaDbf4NZYQsgKkI_0kl4KA5OSzTc--H4cKQjmnDaSxkd5lQXds=s88-c-k-c0x00ffffff-no-rj,,
504678b9fa2f4506879ba42b27a13dff,1030,47206,https://yt3.ggpht.com/dvCCmSutbun3XSOnl705uUD-s-KSLDeGbVB3iyMhAjUo_SBkhA642tq-m5a77EN9P9v542KBK60=s88-c-k-c0x00ffffff-no-rj,,
506d9c6fdbd34c8aa5fda64d90d96ac2,1220,77162,https://yt3.ggpht.com/J1xDY8A6gezKHuZJWTt-uMiGxvdrjc0hkRIoyWJkW54JXQK8bYSQLmZa7QzSnBctYjK5W6yg=s88-c-k-c0x00ffffff-no-rj,,
507d48eff3d44b6cba7b707e321e01e7,901,18554,https://yt3.ggpht.com/k8fPfg4liw6lmpcU7QReVTuV-0cUDrYK-jostCWUZc0rSnnHjH5ANF50HeW-fXIqSLEOPSkR=s88-c-k-c0x00ffffff-no-rj,587,https://static-cdn.jtvnw.net/jtv_user_pictures/a7b6a95c-503d-4e19-a00a-c7159117c628-profile_image-300x300.png
50a0835b66844b0ab84f573934f20989,44100,1697305,https://yt3.ggpht.com/p0kznBHXFrtITEMnhyUk7JHowuIvjkgBp1j73LSNX2tN9hATa205bSth4M5KctVsXbmrSQ1qEw=s88-c-k-c0x00ffffff-no-rj,,
50a5bb8d33e14c81813bd0d02dc34b58,784,0,https://yt3.ggpht.com/keUm7NgL2zBdGHzRJOxnNN9FS1nO13YtC7z5s-bM_QObbUdqpZ_pn-H1NogUgeWS-d0Z3wZr5g=s88-c-k-c0x00ffffff-no-rj,,
50c9dbd2624f41408f2b6a9ccf61e447,44,0,https://yt3.ggpht.com/ytc/AIdro_lvajwrJ55Ak0oCnHeRSzWVCKHnbBgaM5MYSrg5QqjL9SAK=s88-c-k-c0x00ffffff-no-rj,266,https://static-cdn.jtvnw.net/jtv_user_pictures/008df4d8-60cd-4680-8c03-27ac2791e64d-profile_image-300x300.png
510bdce263cc479ca12d1fad64bfc65e,3940,191717,https://yt3.ggpht.com/7wiymreQN0LRRrnS2wnT5_JE9uoKOHdgVHXALiAzvf0OiXYghRdLVAGH15nYzipfQD1Qo4VFJQ=s88-c-k-c0x00ffffff-no-rj,,
512b64ec20174d018540516e9edf2b2f,62400,7650457,https://yt3.ggpht.com/h-5xNWhCqPt1EFcpDqQJInOtCqJ41qGJHjUg09-2h6yMk4b0xSpJqf94V8eWwR0jDWfICz6kGQ=s88-c-k-c0x00ffffff-no-rj,1175,https://static-cdn.jtvnw.net/jtv_user_pictures/1b558b99-ebcd-4da6-9d74-22cef7f5d5e0-profile_image-300x300.png
512e1f38a37942cc8b7cb8aed597a810,5400,38757,https://yt3.ggpht.com/_wV8ZsVXfMUZVr53GEEaxPEdn-6_lw1SDFtuUKD_UBxtL3VJsbsh-XynD4UF9km2a_QLNRthomo=s88-c-k-c0x00ffffff-no-rj,,
513641895d9a4fbca3b19aeb63d28915,84,2193,https://yt3.ggpht.com/2PlyrV_BhspyleR2vlacCVm8q6YuHNytlEgSX9JhJFkNrPJhXzEn1EKonGTNXaQ66_F0Ioll=s88-c-k-c0x00ffffff-no-rj,973,https://static-cdn.jtvnw.net/jtv_user_pictures/dcf7f889-b1ec-4c91-8d0d-843b9b6861f0-profile_image-300x300.png
513c300c8af04b8a84d18f665b66481f,316,34569,https://yt3.ggpht.com/jcmZc5H9YPK1aFv0YLewYQ8ZDnlxn8O_djamCWeo-RYiKJPuC_rSqTfmJ6M6hXb4ymCovyaLWg=s88-c-k-c0x00ffffff-no-rj,,
515abc7c33164a98be134d1c7fec84e2,1030,27167,https://yt3.ggpht.com/FLgJVTMOMGU8NDyzCNHafnTVnj9M32aXJU2whLOPSlAmEu3Gzmzy_YKKHMncVLwJvAstcQSn=s88-c-k-c0x00ffffff-no-rj,251,https://static-cdn.jtvnw.net/jtv_user_pictures/ec982211-bdaa-4822-bfaf-ce96c3f2928a-profile_image-300x300.png
515f61904a1a45688ea0d7bc1e7d499e,987,216349,https://yt3.ggpht.com/ARjBARN4AehCVwe0kPiZQkVVX1gfZ2bP8w84MsLwx80lgzfnYPTYCPGXTtEpblnMTfROuvXq1Q=s88-c-k-c0x00ffffff-no-rj,6,https://static-cdn.jtvnw.net/jtv_user_pictures/1f5c832f-fff9-445b-805a-46b6b0e52129-profile_image-300x300.png
51cd04cab0de47d4b2b5a156bbe2dfb0,11000,347024,https://yt3.ggpht.com/mFT_73OW7AW2nPxUqDGcyNY5WGgl11Fv_aLSxYBwVflOQwiMy78PiZQK0qHw_b1cS1tu1AGiYw=s88-c-k-c0x00ffffff-no-rj,,
52136fb3529d4f5eb5225ade4209b8b3,519,11847,https://yt3.ggpht.com/MyLbNzkVbgXIKDBGcijlmVKdS31jaBf_YmALt6bMKmfeqZnKcamd5NdH-XUITzL5MTPtiECZ=s88-c-k-c0x00ffffff-no-rj,,
521477be11a44c43b063b394757b2342,772,46397,https://yt3.ggpht.com/uiOYrje7_P6_j-kFdDzEXk7Rhcp_sDjCtrMPr65S7nbKZPy8TfYfQ_13-IKxqQFmEte80DLMVyA=s88-c-k-c0x00ffffff-no-rj,,
521d3e3d5e6e410aababfb8f290749b6,152,2392,https://yt3.ggpht.com/XAbhdJ8V-qOGlYkGNDI3ZUWMi3V-k20RFbCf0AdhL-sh32mfIjSY4nICpgJN-oszqA6_SaU2=s88-c-k-c0x00ffffff-no-rj,373,https://static-cdn.jtvnw.net/jtv_user_pictures/d4174955-bb83-416c-bda8-248ed59d1e1b-profile_image-300x300.png
521efecabae94dd6b1d21bc5e8543fcb,1110,38665,https://yt3.ggpht.com/h6cI44_KGg6djZ3bNOKFz3VlUOKgsL11zH_1N_tKgc91oIeMxHH_MRS_zbt5_rKgvZYGQyZpXQ=s88-c-k-c0x00ffffff-no-rj,382,https://static-cdn.jtvnw.net/jtv_user_pictures/69c3c937-dfd2-4298-90a6-ea203b6e8a41-profile_image-300x300.png
521fb650b9534787b19c8762957fb5d2,29400,0,https://yt3.ggpht.com/FNQjzPkw6qwFaAZvbgYuf6cmiTa6PXdBKUsti_CKtBaCqOy7YvM7txkEnrPc7Ax5EusLYCtUcQ=s88-c-k-c0x00ffffff-no-rj,,
5226367de740445789ec9b65a84d65c5,437,12915,https://yt3.ggpht.com/aS_u_C_r3196cHo36pR79APBuTezrmhH3My6dZMD6C5_hWL4vbUEmtt36CZooJ7xBjK4WAfBug=s88-c-k-c0x00ffffff-no-rj,254,https://static-cdn.jtvnw.net/jtv_user_pictures/0d8fcd96-749b-473a-9819-9da23e5ceeaa-profile_image-300x300.png
52643019126449999714c7b659b6539c,1710,0,https://yt3.ggpht.com/f4_Go1gkowCIBMJDWTb_cQQynbAbw50OuNU5JoGiPkrXWxMmKLXWN1lJOc239s42rXKBbYzF=s88-c-k-c0x00ffffff-no-rj,350,https://static-cdn.jtvnw.net/jtv_user_pictures/5c054384-5570-4cd4-a383-304d63fe6c35-profile_image-300x300.png
529328632b0b4701a469ebc14413f855,4320,140916,https://yt3.ggpht.com/XzI731az53kzzXPFvWPP8B_CdMZcdBD-D47_8E96zxsNrZmNGCijQMfSRnKcA7sHRE_ncncdPQ=s88-c-k-c0x00ffffff-no-rj,,
5298121274154e4b9154e8ac47d98beb,560,26003,https://yt3.ggpht.com/Tgrauqy6iVd6CL8aqeejNThmWRPm6Qd-yC3VuAtQ4uM83j-hh-wsKY2txaM9ki5X5wbSpvahSg=s88-c-k-c0x00ffffff-no-rj,,
52b5fa7ff03945368644f52035a5e798,3420,189689,https://yt3.ggpht.com/ytc/AIdro_lAbQ7V5mLvsYf_CGYClIER9w1z7jMF8nQKvbd8ptVBgA=s88-c-k-c0x00ffffff-no-rj,,
52ff14aabd804801a6e589681fc2fb4d,435,52195,https://yt3.ggpht.com/v7Yyw9Zh8fQf1pZ5nozvedT4d8jw7GYTQWjCwJlZS5OJKJSoOtDqnfeV2tS3NsyD42Yv2ix1Tg=s88-c-k-c0x00ffffff-no-rj,1656,https://static-cdn.jtvnw.net/jtv_user_pictures/1b6902a9-164e-418f-b6cb-3050c736b8ac-profile_image-300x300.png
532b143e82d6452fac9a18d1d025a2af,12000,71239,https://yt3.ggpht.com/efaEkO4p9pTdBIGSHHW7xQtG3W8lau6Z5hEV8FDiWmqZbDuZR_dlMCuENLYC41OymUSaTR8Y=s88-c-k-c0x00ffffff-no-rj,,
5356357f112b46db862b472a4aafcee8,1310,26154,https://yt3.ggpht.com/gPi465IxwCfbJpfXS83dJ2fjRRn5ED65-NarKuyfr9FU7sBFp8x2JQSFSPX_osy4YWYA86jWZg=s88-c-k-c0x00ffffff-no-rj,1257,https://static-cdn.jtvnw.net/jtv_user_pictures/98159cc5-50a6-48fd-b6b2-7a385b6aa7c7-profile_image-300x300.png
536213f7ad4545f5a318156568763a35,3320,88682,https://yt3.ggpht.com/67S7weAD69zEGCrhpzy0gCmg89YWWJDJJGzHScatS2tdstiqrB-l6jVcTlrNn57U4M8isAkG=s88-c-k-c0x00ffffff-no-rj,,
53707f0116dc4fca8614ac7139e40b83,5710,1472717,https://yt3.ggpht.com/v2vRjN8y_9pokIwephlm5pjZl3TKhkuSxYJQGI1B67oEZ6R81mlBQsqlT104hl_oBv8W3tVx=s88-c-k-c0x00ffffff-no-rj,4471,https://static-cdn.jtvnw.net/jtv_user_pictures/b02e5981-78fd-4840-98dc-0e7b0a02a72a-profile_image-300x300.png
538d1d2058da4bdea1c7f43f088e995b,8180,224100,https://yt3.ggpht.com/VOuEiK8LTPYI7SowD2fO-zotANjDNIFY-UKmuxBnCoiX3MuX4WNoMSEBHenADX_boA49lgab=s88-c-k-c0x00ffffff-no-rj,3253,https://static-cdn.jtvnw.net/jtv_user_pictures/60bd774e-71bd-4b9a-ab37-be0a5a2ed5b4-profile_image-300x300.png
5396c3113555413f8b8d722d44b413d3,929,24060,https://yt3.ggpht.com/zfs3v-bUKDlNK-MP8sWKuiob0T8Pm-Sw7fpvNev0AkQuZJXvpSi1caxyj4vB7knl9jDssoDSGA=s88-c-k-c0x00ffffff-no-rj,,
53b98a4bbf49419fb4516525846d4d35,102,335,https://yt3.ggpht.com/c1Trxlk-uDlPwbjGt2IkYxjIOuxixskoqcMKMYuZ_g11t0T7iqWCoX1-7eBTF0JlxiWrWSjuJYU=s88-c-k-c0x00ffffff-no-rj,1849,https://static-cdn.jtvnw.net/jtv_user_pictures/d2e092a0-ce52-48dc-a26a-498c66a00a18-profile_image-300x300.jpeg
53c811a3e7814de2b76dd4e0c241a9e5,15600,271691,https://yt3.ggpht.com/wJP5ApWEyoMWMJfAZejluvTFLbORNQMe47uXNNzPyuHlgCxIrEdhIl2LdEZFF8OHEo3R5ZLNSOE=s88-c-k-c0x00ffffff-no-rj,431,https://static-cdn.jtvnw.net/jtv_user_pictures/306e78b4-d76c-4a0a-b500-adb15cb3273e-profile_image-300x300.png
54355102572e408183af55831cb98e3a,262,13008,https://yt3.ggpht.com/LFHRwfXTPp4ZMgGjo5C8VwyvpnCJWRz5ZkQK7kox328mckQUR4wASSkIzMUJH7ImrhpOESOBi8E=s88-c-k-c0x00ffffff-no-rj,159,https://static-cdn.jtvnw.net/jtv_user_pictures/03ca6fc4-7cb3-47d8-a1f8-04022705c388-profile_image-300x300.png
543ddfe1d70d4a19920f6daa1959b3b4,6870,0,https://yt3.ggpht.com/Ik-jhZrbXcpQjHA5bX68sDgesefEuKUyxA1Y7FZVBOoDgCDiU7BOs3tGb9oZh-XLJ5O1SLCrZg=s88-c-k-c0x00ffffff-no-rj,,
547aa467c2ce497e9d95c4a085effe0d,,,,1405,https://static-cdn.jtvnw.net/jtv_user_pictures/0e010fc6-1596-43f5-b81b-a4a1ab09944d-profile_image-300x300.png
548f8fcaa1b24e878b97d572df450bcb,792,155707,https://yt3.ggpht.com/Vbcn7jhKgz57S8OJ1jGJ1jm7JqJSKXYUnn4J3uN7_BRs7e-dOQsguYKWVfkhLgW5cMGcTQvWASY=s88-c-k-c0x00ffffff-no-rj,,
54a8fe908e2040bfb366aca0e67cc23f,1660,35285,https://yt3.ggpht.com/VGkmkrkcnGDxBOAAm5ptVYhfto-bk23ummiD-5WU730eWvk2qwp8dGCvSNeFwImBTgSW-g-TAQ=s88-c-k-c0x00ffffff-no-rj,,
54b0131ceb734643b23b1eefee31cca0,3410,240963,https://yt3.ggpht.com/JAd14uu1i_hrK4OTaNhP9jwLbHIVBgCiG12lLB3Y3wz_QgXz8d7adBJFIoI3iwIqyDBTw8DMgQ=s88-c-k-c0x00ffffff-no-rj,767,https://static-cdn.jtvnw.net/jtv_user_pictures/adfd3c6f-a665-403d-9b66-c87224f02440-profile_image-300x300.png
54c49dea17ad4eb5aeb7ce1698dc01be,354,14043,https://yt3.ggpht.com/uTr1oe90fyib22QEMbHxPaaLkgyM1bYhwH5HmXRcGbOnbommPOoazVD_NYcVWRIn2vj_KVYU=s88-c-k-c0x00ffffff-no-rj,65,https://static-cdn.jtvnw.net/jtv_user_pictures/90301e31-b3cf-42ba-994d-88206752f35f-profile_image-300x300.jpeg
54e70d7cc2fb4c6da0d833519331c770,484,63680,https://yt3.ggpht.com/uShKVJjX3JIAzl8OVYP-WwHdhVTFJhm4LRKXEe9rclGjrp580TOIT9-H5Hgbw701mGv3JSjAkA=s88-c-k-c0x00ffffff-no-rj,1527,https://static-cdn.jtvnw.net/jtv_user_pictures/0bc67ee9-f4e1-4419-9b7a-639ca2409e5c-profile_image-300x300.png
54ea240f1bf1471981684464081645e7,221,3963,https://yt3.ggpht.com/N1tcYnue1Qi9SfHFz_O58Ue2YEry74L6KimO27mruMLKz_N9B6i2KGhi05UhV6yxNyj4R6i4zA=s88-c-k-c0x00ffffff-no-rj,332,https://static-cdn.jtvnw.net/jtv_user_pictures/4dfdd41c-09b6-470e-92ae-3532c2257ea6-profile_image-300x300.jpeg
5507154831064d69906acc64c76b1c99,527,15886,https://yt3.ggpht.com/-NPcR4qC8VSLlCqPqFF55eFTlQQX69kC65IK6Xnm2XNMtLUVbdoChEKxCR6KyrGIqgm_6NAF=s88-c-k-c0x00ffffff-no-rj,2598,https://static-cdn.jtvnw.net/jtv_user_pictures/94f02e26-6dd7-4b92-a855-199eb6e62fd4-profile_image-300x300.png
5535c9524eb046c38e172ebfa06b302f,367000,101595709,https://yt3.ggpht.com/ytc/AIdro_nZbaeUFeycNyFTeuYh0G6RSC-28-5tVARqAORA0Drt8yA=s88-c-k-c0x00ffffff-no-rj,71486,https://static-cdn.jtvnw.net/jtv_user_pictures/ff990472-f41e-4a7c-b9d4-be5701635ff5-profile_image-300x300.png
554ca19c3d924cacac1f680675b9fdd2,19900,175030,https://yt3.ggpht.com/AIW_AlXkPrCDYxsnJlzMh3g6LndIxgSzZaOZBY7048OF5BrarkqE_4s4zXWEzAnQNIS0xuCA=s88-c-k-c0x00ffffff-no-rj,,
555fe6a78fdb4d8b9fa8a286377972e8,,,,954,https://static-cdn.jtvnw.net/jtv_user_pictures/fc51e79d-f821-4b15-9e9a-e3351153a787-profile_image-300x300.png
556c69847bc14bc7be03b3e40e52ac98,7530,172481,https://yt3.ggpht.com/AYsnK0pBRlK8UdPWhP6hGgwqPzlz9QcE_icPxhWI1mrfkkRyBlqDcy3w8AxeT8t6eYC_DFH7tg=s88-c-k-c0x00ffffff-no-rj,1777,https://static-cdn.jtvnw.net/jtv_user_pictures/24d542ff-7c83-4e96-a09b-cc4bacf2f73e-profile_image-300x300.png
557a590ea9764e8c99e72415d1837d52,6410,21265,https://yt3.ggpht.com/nhGRVBpCpI6VrvaUtzKR_do-n45dFOvWWdeJp-YXRYm3Iiw2tWfcaYb6dKhtErgYHtRRhcwXAg=s88-c-k-c0x00ffffff-no-rj,,
55889d2ac7c34549b9baa54bd5c899f3,1340,0,https://yt3.ggpht.com/ytc/AIdro_mZfacvgAu7yBi9Jqosc6VAu4fWY9oJujFm8ntmRZV6CCQ=s88-c-k-c0x00ffffff-no-rj,23,https://static-cdn.jtvnw.net/jtv_user_pictures/427e62dd-bc79-4c46-9e19-ddea3e464edd-profile_image-300x300.png
558d8602fdeb4f3cb4ce484babb30577,7910,393649,https://yt3.ggpht.com/7SbSBe6K4cUtIDKa-o5t--GM1lp1zpGDkoUMEZ_fKZ_-27rfWCOaxmelD8ectxTwKf8JAcA4Ai0=s88-c-k-c0x00ffffff-no-rj,,
55be1972142c44799f83ce3db4f14fbd,20200,1065058,https://yt3.ggpht.com/rds2bZ2MvUSx4LK_CmsCE8CpDjN0Hw7l94JCP-6EUKPNxySjMXQdR5LspdVIWmNS8bOprtgSLA=s88-c-k-c0x00ffffff-no-rj,,
55e9448a0a9040f99dc8ea1cf86cbad5,,,,1368,https://static-cdn.jtvnw.net/jtv_user_pictures/7767fa72-d949-4218-9acf-1a7965d3db15-profile_image-300x300.png
5612ac8b150e45e5a7381a2c07e9671a,1510,59230,https://yt3.ggpht.com/k5rj-a6P43PvEkX1UVuJ4MlIvnukt66KhvORY9Vqv-qt-Nw_3qt3KwnQiA4sPWRcZa1Q5utj1Q=s88-c-k-c0x00ffffff-no-rj,,
564b411dc4874310be6f8ee9bb7a0312,1380,74979,https://yt3.ggpht.com/QHQ1U1thF3L050ehDSDaxKIN1znJtB3M-gOrfGKKwkEx0cgtaVRSVHlQA04di5_SW6AkkoY2Uw=s88-c-k-c0x00ffffff-no-rj,,
566e5b6f438a4cacb3e4036eb9ffe9b8,602,29994,https://yt3.ggpht.com/COykerPDO1i7I3FSGrs6CEnpm678Aj71T9KZ5oLrluNxJrR6WxKm3pWwkyQb23kWHFXYe0XoPA=s88-c-k-c0x00ffffff-no-rj,,
56abcaadabbe44dbbd18ab0ecfe1037f,7960,298825,https://yt3.ggpht.com/0pC5HA1ethxnj1dFLXH2RSobLl8RXQ3c8NcbK6oOzK4snetEBj1MOUuXsiImD1GaH3zt-YHw=s88-c-k-c0x00ffffff-no-rj,,
56e0088d20b04a059da9932476fc9a5b,177,20956,https://yt3.ggpht.com/zdKy6zVDdDlZ6-UDBAFXvMlqnCSGur9W-EwAqV1a5F-UysdNuZOhj47ACpMfsQwNuLK1i5F8=s88-c-k-c0x00ffffff-no-rj,2617,https://static-cdn.jtvnw.net/jtv_user_pictures/2c17e425-9e96-454f-862c-a19d7de79852-profile_image-300x300.png
56f4716f4b694eb3a29ad539035a262c,335,2557,https://yt3.ggpht.com/wel0CYecu5Ze-h9SVQ9bSz5IsROIxK9my0tFvFlaFgCMUz_SPvsVtElfHk8LqfQirfFJIY7a0Q=s88-c-k-c0x00ffffff-no-rj,,
572c03fa49b54d4b95935321b4722b68,2140,320313,https://yt3.ggpht.com/c30J8BJ9_qZBc_JE7IiPtDTJEawWxSdXtiIkSVBCEArm-WSl4G9Er1heT5U5i3-BB4RxAGtm=s88-c-k-c0x00ffffff-no-rj,1547,https://static-cdn.jtvnw.net/jtv_user_pictures/34b9978b-2a3d-4629-b68d-f08d4b234875-profile_image-300x300.png
5734f8f1aa53439e84769631937e0dd7,273,0,https://yt3.ggpht.com/An_5cyuG8Rn-i0tgbi8tum2Edoea7D_Yl82WxoWYU6PHWH8G5AFK2vGoFOUSNiFYJSSur8lQRA=s88-c-k-c0x00ffffff-no-rj,,
575d15d21f7240e1ad72935bf7fa0465,45700,1435783,https://yt3.ggpht.com/BJzvREJ0yMD0Edkuq3GH4TYj1i8mgMlIdefQse-OvTV78MkTvs6ruNivR2MoW4w7AKHS7Z9NjCw=s88-c-k-c0x00ffffff-no-rj,,
577251897dc7463393b68c5b6f96559b,76,1084,https://yt3.ggpht.com/M2SvNm6mTkyNo1qA441K4yB89BrDAeVcLyI3RGyQeYwlLQmXm8iLTTlqYOQEtkiCdmHoBV5EiJc=s88-c-k-c0x00ffffff-no-rj,369,https://static-cdn.jtvnw.net/jtv_user_pictures/322fbf58-2260-4442-b137-5f07cd9afb33-profile_image-300x300.png
577fdbca86fa4414a153b5ebdcab90d4,354,1989,https://yt3.ggpht.com/sulIi10MQTuac0zEDOiRsAV0kFCTKDWcR_wVdI8rcMF32aVFW_NFzQBxls-NI_MCYeQNvClN=s88-c-k-c0x00ffffff-no-rj,1776,https://static-cdn.jtvnw.net/jtv_user_pictures/ef122d69-2fd7-495a-8e97-b2d461e91cfe-profile_image-300x300.png
57843e9c870647729c2438a7a7077008,316,7642,https://yt3.ggpht.com/aKwGA8ozYNncT1seqtfz_62nzuCnn-kzkKIoEqAORUl4X8OaDuF1MHtjILoGlk8NrcEXC6fC5w=s88-c-k-c0x00ffffff-no-rj,99,https://static-cdn.jtvnw.net/jtv_user_pictures/2f283eac-85ca-4502-bce2-2d0d389d39e1-profile_image-300x300.png
58304450990a433b88acd02b889b74e6,1430,16482,https://yt3.ggpht.com/X3UmWYv1e6Y5N77w73V3DvN2FDGPvaEG9JLY1dq7BRxXJ98CUZ6O73xypGoYYHQqH2fSNngRyFY=s88-c-k-c0x00ffffff-no-rj,109,https://static-cdn.jtvnw.net/jtv_user_pictures/dbfd5b16-9bf0-477b-a2c5-2951b1817fef-profile_image-300x300.png
58374cba861d4267a84ad689bb6ce91a,833,29660,https://yt3.ggpht.com/OhESAhqu76GZ3nti3EUCT6TxHeBaZYVriWKXV_90VEIcKS9EPzjU0L5CoODto6pJFXbUuOW021s=s88-c-k-c0x00ffffff-no-rj,,
58588863643843439cebc85ef72654bb,754,35979,https://yt3.ggpht.com/BsyTo6detalH89CK38F6gyM-Ij3MZE1ZHCjO8Bkv2nQJXbnlJDyLX2F2AH8G5--lbghgKHV9X20=s88-c-k-c0x00ffffff-no-rj,,
586377912f314b4d8c3be33760526ae0,508,61477,https://yt3.ggpht.com/BAm7Gn2JNDe6AYV2sX7Q6rBpFTLt1eXKeuAUUjA89eHbLb6BiHTDtQHNSlor4HXefA-21Qz8=s88-c-k-c0x00ffffff-no-rj,,
58abad4aa8de49efb785367503dfd92c,123000,14298833,https://yt3.ggpht.com/0her8BhzJCM1dsvWfimIY_EZa2p4WDYinpk2bJxElsw998pwmFlRJDxWLTrgdBaMR2MGH4ApUBM=s88-c-k-c0x00ffffff-no-rj,,
58bb51ba1bba485a98cbf859fb5687f4,2440,131223,https://yt3.ggpht.com/I6Tu-ryCto9IhGoJb-uTfiVqbxCFktryCwYI4uAo7rO9c89rH-kvzksGBr6zygxQVbXaEZmS=s88-c-k-c0x00ffffff-no-rj,1739,https://static-cdn.jtvnw.net/jtv_user_pictures/8423f63d-b29c-4d89-b03d-ab7f42bb9956-profile_image-300x300.png
58c4453bedb9463ab1dcb522d4d50faf,4690,935999,https://yt3.ggpht.com/_e1xcXfAZMTq7hTAC5MOL8lT-dYxnqaaSSIX42WSRngqL3iPTAHyqChqFiVPgHmfql7bcdZi=s88-c-k-c0x00ffffff-no-rj,,
58e377df63f745fc8473368b20afe2ae,3630,195288,https://yt3.ggpht.com/UjxhSkuBLxIX5DcGcJXRIeVcc1u0boicVfiW7QPkCDMZgkJTQY04IxHYanyCeA__-Ih3cnAD=s88-c-k-c0x00ffffff-no-rj,281,https://static-cdn.jtvnw.net/jtv_user_pictures/e149cd1b-1be8-44d1-9469-ca7405bda421-profile_image-300x300.png
58f233e089ca45c8bc1969b471183766,134,20483,https://yt3.ggpht.com/aFPVXutZSNwnL222vZ1_wObURwoiaTmz2RdBJVAKRt2GfSJ_v5Xn_iTE1FN0SSfMEfxZ9f7tiw=s88-c-k-c0x00ffffff-no-rj,,
59005edeef174395915757d45718177d,2620,40487,https://yt3.ggpht.com/N2UL-ZKV_e5TES6xl-3xjpjDEvIWOaXP5kfE5asq0oLg8CfAvGG35bF3NCI8ySURcH-vw9ZQr-4=s88-c-k-c0x00ffffff-no-rj,,
5903a0f7274043058d817894a9b39e75,1390,30238,https://yt3.ggpht.com/jmwc3owix7pjwKgYNktS6PMbj3KiPtY4lBQhAXRawkYTGqyESfjp_wvp1FXO0mvAinIkBXM1Qkg=s88-c-k-c0x00ffffff-no-rj,,
5908563b5c944c7b919b08e5233a8a5a,307,25120,https://yt3.ggpht.com/ZADOFbbdtQNVR7C1gs0VAbLln9sfkgo9jwrlAhEVu_3oEG9GAHTtF5KrbB_Jk0zHgpMr2dKSLQ=s88-c-k-c0x00ffffff-no-rj,786,https://static-cdn.jtvnw.net/jtv_user_pictures/bf401981-f749-4319-952b-512b99d4352b-profile_image-300x300.png
59110c6bf6e64ce6bdf86b40246dc106,25300,1094816,https://yt3.ggpht.com/p5uucR0YnLNDqvxHv8UHbrB7Kebjcw2eaVF3zrmfpfHTFplhja1LFb77IaKNBvU6tPLJoh-bwQ=s88-c-k-c0x00ffffff-no-rj,,
59216a033f2b47128d190a5ed1add217,26,0,https://yt3.ggpht.com/AvUhSz5ne3TNJ3jSvZRNwEyB90vv36yAanexb3eyS0VOO8IRVVgR2z8jJ_-PRU4pG73RlEpe4BU=s88-c-k-c0x00ffffff-no-rj,254,https://static-cdn.jtvnw.net/jtv_user_pictures/daadcc2c-a805-41f0-ba64-410ab55ee91d-profile_image-300x300.jpeg
592e95fcfa4e4610959b5635e449813d,4650,298084,https://yt3.ggpht.com/ZmW1w4Np9KO8pm7AgJuRQeEHJkOqYcsSuZHX3eLdlof0jmdbUcbH7B_IoqNVbuKvqrzUJwD_2A=s88-c-k-c0x00ffffff-no-rj,768,https://static-cdn.jtvnw.net/jtv_user_pictures/6f039c13-418f-4dde-b3b5-55e17bc30172-profile_image-300x300.jpeg
5949eae32b844c9e873474efb19f4e6d,140,3597,https://yt3.ggpht.com/sYKsxZupPLYB0mI6STNUpXJNlxFdFlo6SNUdd9isHMHNrV-m3Wc0fx8rENtjn2MsPVPD7UqFRw=s88-c-k-c0x00ffffff-no-rj,,
5964947a5624455cba648007ec04a0b9,744,13756,https://yt3.ggpht.com/Sg20vGEL5hpMpoPvLV0ZdIR5ziy9wfLEu7Kq8hT6w8cVIqe7GaefrfCe9_-OvLoh3gEuo-2zRw=s88-c-k-c0x00ffffff-no-rj,,
59654ead905a4db2bbcb33812148555f,306,14515,https://yt3.ggpht.com/eiJI08WHVSQdSeSJzqxqD6JgYrxhdy64wRBjELcJu-gZiDfLQ1b3c3mXqfxb8znEp5cCcGacKg=s88-c-k-c0x00ffffff-no-rj,,
597fbfe660ae4e6d92bb20bd7e6f3738,1610,9394,https://yt3.ggpht.com/Msv4q3OvJxzf8WBrY_iQAFVjoZ791sT3H4M9YI5KoSRkAvAY0z2gCLCEyFE-AfrKEYufzl-0=s88-c-k-c0x00ffffff-no-rj,745,https://static-cdn.jtvnw.net/jtv_user_pictures/b8cb4cbc-5d61-484e-8504-9a56b679a554-profile_image-300x300.png
59904dcbea754d238b0710e75262d119,,,,205,https://static-cdn.jtvnw.net/jtv_user_pictures/2b68189a-e07b-4b1e-90a9-ca8416d1d597-profile_image-300x300.png
59c0d89447d54786966ba8ecd5649d63,6240,199753,https://yt3.ggpht.com/8FRqeyzh2TjeDz0zRp5_WhgBqCug6FARfM2qz27AvLmB2TSpexv_2decO2UGelsn7xp6SLjEiw=s88-c-k-c0x00ffffff-no-rj,1056,https://static-cdn.jtvnw.net/jtv_user_pictures/221c3a76-e845-45de-b472-f30df2fc2de2-profile_image-300x300.png
59e3094256344f8c83a3f4355b8b667b,252,1822,https://yt3.ggpht.com/ErIHJfJ3YjuF1wM_aOFw-3Ssn9FIZF-gvvFJSjF81mNLAvoabQj-0VotUpDu4wJaVgDxlksY=s88-c-k-c0x00ffffff-no-rj,1257,https://static-cdn.jtvnw.net/jtv_user_pictures/cba63329-cd7f-4a0d-b3b4-4435a2c70d70-profile_image-300x300.jpeg
59ea0c3b836c4dee8ba08df9bb73be86,189,0,https://yt3.ggpht.com/IUoEuVa6DKqNLfQyZPJyUwwlgPJOjWeskCbvyVFbyF9dwL_R_245QAUTq85R6JNRDw_ht4PA=s88-c-k-c0x00ffffff-no-rj,,
5a59b23a201f4b2d8729b0f4b33c9e6b,12,1426,https://yt3.ggpht.com/N3dmeE7ZNGdTg7OodpTVrN5tjr4_p43qw5ktiGAyBD6oCzENb1chiibfqEGG4SFR7LSta5v7SvE=s88-c-k-c0x00ffffff-no-rj,96,https://static-cdn.jtvnw.net/jtv_user_pictures/0c062c5f-faf3-42fb-8ef4-5c298548b61d-profile_image-300x300.png
5a60a41d2a604bc68368158cd0b1cc12,98,3809,https://yt3.ggpht.com/6Rc52Qlbjq2fztV9ITD0BSGVGVkjG9lluBdNm7-0KK25lWOrHStUmiHxPbxJTmh8SJ3PC7gpUQ=s88-c-k-c0x00ffffff-no-rj,535,https://static-cdn.jtvnw.net/jtv_user_pictures/cbf076f8-036b-47b4-a4e7-7550b061f405-profile_image-300x300.png
5a901d793927414493afa87af0c4baec,1170,20312,https://yt3.ggpht.com/zQElZob1g6FIh17oSDtqmpZUXebCcWnDhkEMj_zoJ822eA3TRY-ybmHIOMwclVbrEfm9YNlZjfs=s88-c-k-c0x00ffffff-no-rj,1058,https://static-cdn.jtvnw.net/jtv_user_pictures/c0ee3ad9-e937-44b8-9203-991c386fa1cb-profile_image-300x300.png
5a934764983e45959855735b79bcc90e,43500,1094098,https://yt3.ggpht.com/b2sWOUj4vm7_wnf5mICByQ_tmuYXNBXNkSK84a_xjS7ZdiBChNYh62KwpMsFGTFxufIqqp4uPbY=s88-c-k-c0x00ffffff-no-rj,8900,https://static-cdn.jtvnw.net/jtv_user_pictures/851c3fa0-dded-4a7d-800b-1db78f9c12ed-profile_image-300x300.png
5aaaa518ae674ae1a1162e8454a460f9,1120,22949,https://yt3.ggpht.com/GSnCzb5bqI_XBcQ1uTjBZqbjqfKZcpJiW7Ssw6dsWLIciGOqLzuJbEfvo4xP0OtJB8CieEfF=s88-c-k-c0x00ffffff-no-rj,1454,https://static-cdn.jtvnw.net/jtv_user_pictures/ca2cdae4-a9be-43b3-a487-e6c8c459ded1-profile_image-300x300.png
5ae7e41f9b9a420d9217a0b2c6755f52,338,3575,https://yt3.ggpht.com/7CVqdFJGYvNhpgrpOZLUPcnN0mX_9IThrUmrm-vXUBNWz69yOz6KJiGbyNjFtBth-p4V99eN9w=s88-c-k-c0x00ffffff-no-rj,,
5b0963427f8e4f04a35cb0e71d95698d,46,0,https://yt3.ggpht.com/AnkF7aPgszgKwYNcqNmClEev6543g4utmzXkrAkQa9BaTDR6HDHb8jlGqnEZXwOtTHnbN-7hvQ=s88-c-k-c0x00ffffff-no-rj,,
5b1bd72acc95440cb3aa381c89cfca3c,469,21513,https://yt3.ggpht.com/HVyZ6MlgBTDqxCQrFTFEezfi3ZzDSqYfNMLDMXJb7NQ38NZKmjqusd_50CgEcw_WGCjnjMrDBw=s88-c-k-c0x00ffffff-no-rj,,
5b40a93fac8646f48fca66add3d3642c,2170,175996,https://yt3.ggpht.com/MfjWtintvSm2nuMHwYofllcW4l4d6_Rha_A1V7A3Qebgzud5isYwsh7usdagfW6nZ_pc0--2qw=s88-c-k-c0x00ffffff-no-rj,,
5b62816b7dee4c13856f3c21629be3c4,,,,21866,https://static-cdn.jtvnw.net/jtv_user_pictures/975399e7-1b90-48fc-b1fe-80a2fbdc1176-profile_image-300x300.png
5b6584a73478450d9db3f44b918580fd,6090,0,https://yt3.ggpht.com/3TDPwnDq6L-OqQn-gr4lohLLWMtZHM4UeWpBUqPeaO3KxksCBmq8j_-uJUtlUBkWP4jHjtkqbA=s88-c-k-c0x00ffffff-no-rj,940,https://static-cdn.jtvnw.net/jtv_user_pictures/137ce184-b94e-4872-b98e-eb27da69721b-profile_image-300x300.png
5b85294949544a5f8855715acadf66a5,1940,55984,https://yt3.ggpht.com/w-eEBcIuHWrwSJe9e4yskGaf-CpWUVAtkDQYiL8IkTaVrzaMKB2AbV1Jwri-lYrle9nCzktsfg=s88-c-k-c0x00ffffff-no-rj,1748,https://static-cdn.jtvnw.net/jtv_user_pictures/a916c959-34ff-48d2-b459-9c4e0fe6c40e-profile_image-300x300.png
5b996b6eca90491cb8e1a43de23b2388,8430,83839,https://yt3.ggpht.com/siGRj8Zd2wo8J3Pm8eggGms4KnDowByCqU9djbZHNMKWLgZtbP9UCaEH7zjDr3Eyuockar-x1Q=s88-c-k-c0x00ffffff-no-rj,,
5ba11a0bf35147d499259ad5608a7de1,25100,1432135,https://yt3.ggpht.com/pj-aAObYqv2kLtCTQuo7nRE_FmtaPirHKbmjpv19SNHWBtg0K77-n-PUje3vN2rcS5XqXmU5Dxw=s88-c-k-c0x00ffffff-no-rj,4250,https://static-cdn.jtvnw.net/jtv_user_pictures/8834adcf-539f-4055-a88c-6872d7c26b4e-profile_image-300x300.png
5bbd1c2531594775a4b74928e630dd59,632,41627,https://yt3.ggpht.com/gCYFYlSU_qDAwux2LDGzagEDeW74-Szgirrj2Dk9IMSXriHrFQ3NEIcu5buajRWPmOgZNVlNrEo=s88-c-k-c0x00ffffff-no-rj,3432,https://static-cdn.jtvnw.net/jtv_user_pictures/601b2707-af86-4699-8c86-cea58cb7770b-profile_image-300x300.png
5bbfc7c1b6584cef8c75f2f9044387d2,2660,126232,https://yt3.ggpht.com/r7MG2yxXs2KE7m5b-FqafTywxNaP2DzUyeTn0l2IvgvwubUskL4Bw1nTRDT-P_f352_7D78eFQ=s88-c-k-c0x00ffffff-no-rj,,
5bc1ba6d941e4eca868a5b33425c3262,50,0,https://yt3.ggpht.com/3Qha52HpAtuFIhRkOSHcK12Mowo4ZlJAxrfM1DBavqO5_qP_QjPkqIPzp_c_HkFKsGo51HKP=s88-c-k-c0x00ffffff-no-rj,576,https://static-cdn.jtvnw.net/jtv_user_pictures/a0c4953c-deeb-418b-97e1-94f37aa31ac2-profile_image-300x300.png
5bc9033b30954bedb0e2442e8470d5a2,211,2631,https://yt3.ggpht.com/u7oftV466z-CfNMmW0zELG6g1nzM8gax40l1-NhPW_rHPN-_wqPIg14Espa6WgOp7bDIbJKrWg=s88-c-k-c0x00ffffff-no-rj,,
5bd39e2c6dcf4ff19436d8a5fa069464,46500,2203741,https://yt3.ggpht.com/_Wy5sZXGlpZCV8drnTZukN5JWZZZDntJ4Dp822m77RdBE1fq74wIVF8AOyU4MuasUxLqNj7C6w=s88-c-k-c0x00ffffff-no-rj,9626,https://static-cdn.jtvnw.net/jtv_user_pictures/361d6227-0d75-4284-ad32-cd510b82c59b-profile_image-300x300.png
5c164e07f385482181bf3289b030d748,1740,80982,https://yt3.ggpht.com/RL2atkcjs4URhbVLkhuROAdICO5Agwy_nYTi1WF7uMxQ8a6hQ9vz9A3_teAPX6G4SFaDeD15ig=s88-c-k-c0x00ffffff-no-rj,951,https://static-cdn.jtvnw.net/jtv_user_pictures/0d3784aa-85f8-4d6b-81d3-a900bc2bf122-profile_image-300x300.png
5c3ea93753724a63b32071a7a580af7b,329,17534,https://yt3.ggpht.com/ytc/AIdro_maNF10A4kPN895JU3fuZ6KkTn-dNFWywp9-2d3yE2Zl3zq=s88-c-k-c0x00ffffff-no-rj,1832,https://static-cdn.jtvnw.net/jtv_user_pictures/55ab664b-8d82-4200-a6fb-86ec3a81de0c-profile_image-300x300.png
5c4241def363418d9b7167d8369d0350,49300,2337516,https://yt3.ggpht.com/ytc/AIdro_nQA0Wtii3qzchU-xH3qWcEnPFJgi-NCzLvQOa8NwRLBfw=s88-c-k-c0x00ffffff-no-rj,43,https://static-cdn.jtvnw.net/jtv_user_pictures/5d8452c5-454b-4fcd-9ce2-5128d60de078-profile_image-300x300.png
5c5880d994854afbbea0a35716bce186,780,21899,https://yt3.ggpht.com/lWUDySnj2_WicXcfBZ4B0QXwAg2xr_3yK694F8hiW8krJVeOOUlHGUXJFWJXYhcJehv-plAh_Q=s88-c-k-c0x00ffffff-no-rj,1902,https://static-cdn.jtvnw.net/jtv_user_pictures/d138bece-f62d-4b15-af00-420ca02474c2-profile_image-300x300.png
5c70a4710fca4b86ac63d56b0e894284,413,24753,https://yt3.ggpht.com/jFsLNzhh9mla2RZBW--moU3RbV8WHpmSIL_D1OB4fB7__9hmxDYiH-mnh1hmF_0DEfk13C0GAg=s88-c-k-c0x00ffffff-no-rj,,
5c7278d46cd24b8eb5f49c446acc759d,218,5411,https://yt3.ggpht.com/30fywldIwTovsa-dmIf2ne9bRN8O9Afin551SUvpuzBfKNn2aqGuxV-2qp7jD4lJ0pna9kFA=s88-c-k-c0x00ffffff-no-rj,12,https://static-cdn.jtvnw.net/jtv_user_pictures/668d010c-2987-405a-b244-0c36d9a005f9-profile_image-300x300.png
5c7beefaa54444e3b0443d7abd93c1f7,37400,4090437,https://yt3.ggpht.com/4wr5lZTQ2NcU6DEm_0h12xLqzw3OsP-EzCa3wEY_soCvElddh1g3x1cuLBSlygNNjlD2vpa0lw=s88-c-k-c0x00ffffff-no-rj,3895,https://static-cdn.jtvnw.net/jtv_user_pictures/8b65733e-b323-4de1-bfb4-500ad369313c-profile_image-300x300.png
5c85ca3ffbfc4ff6b0591c29fc92b7eb,245,5511,https://yt3.ggpht.com/h12tNkPadOQFGVHss5nSO5-eugIxUjlYrpz1SNAi2leuD2CEI6plyi-wY2Umsc6t7VvAiBAOmQ=s88-c-k-c0x00ffffff-no-rj,,
5cb1c062f5f94b44a41ae658f4a53f0c,6210,124543,https://yt3.ggpht.com/M8B6UaDjzBGY2SdPuMtyJErB3Q8LttJCmufkvvjEq_FGpzP8GHQynPi7rk8S1Pu7dAOi5uT94Q=s88-c-k-c0x00ffffff-no-rj,12465,https://static-cdn.jtvnw.net/jtv_user_pictures/c81d9a40-be15-495b-9239-4f088be9aacc-profile_image-300x300.png
5cdecbd7413e4c9e9cb56373a186ccec,325,3722,https://yt3.ggpht.com/M7-y2XP-UHwzJcbVCGkCdW9J35fKNYwk_JN8f2Wx9wWRNKUUWua2pzPaRnPJmAZQEOZ_aNhO=s88-c-k-c0x00ffffff-no-rj,210,https://static-cdn.jtvnw.net/jtv_user_pictures/208ee17f-7f91-4fbb-afd7-b7d59a8235da-profile_image-300x300.png
5cdf289b83524643af7ab2f2c8788adf,6400,248527,https://yt3.ggpht.com/KpJGY24x3YrJJq1Tt2mS9fCWZjw0kYRkZLaUqQw3pboK0WuM8vRhdW43-a4iSljzLeTQ7Y1Yn4c=s88-c-k-c0x00ffffff-no-rj,,
5ce810e28ea54f5bacd55573589f4e4e,1450,88856,https://yt3.ggpht.com/N1lc9wA3EOUc8N2Ly6lncPLeVAa9nP8Znaczl6k023zN_S5TJwaDfGruVArdb3vjpO8uALfS=s88-c-k-c0x00ffffff-no-rj,,
5cfc673e9de1433096a85e9236895c79,540,15523,https://yt3.ggpht.com/oBJfb-KIPdeeGK6ZMA3r1c5Ggz4nOxZ5dy-MpqtG7R8TFU8FaARjSOO0nfzH9R3VosuhtOTDuA=s88-c-k-c0x00ffffff-no-rj,,
5cff30a1695346368e3ea7a7c7af4286,561,21986,https://yt3.ggpht.com/iRTIAzB5u7OB9rkA_wvb86-hdf_1hCIOCl0iNMFvvPchDTQeOE82vBvbYmmwXX6paataGZAKIyg=s88-c-k-c0x00ffffff-no-rj,716,https://static-cdn.jtvnw.net/jtv_user_pictures/9cc6d375-60d0-4c21-b160-f25dc2bff6bc-profile_image-300x300.png
5d00575c06d74f588238857d7dec1b02,21400,1693583,https://yt3.ggpht.com/3ruTW1ZNoz-I0tsEvFQ7eyc2D7BwlHIl1Cww47zOvJgIvxUXvY9Y7_9-ARD1mRetKr7IqKMP=s88-c-k-c0x00ffffff-no-rj,,
5d02c4219e484617979165267cbd8d7f,1160,7193,https://yt3.ggpht.com/kAx2rnNKhC084j3sz7dkgi0sTrxXlPIKtzzHfW0OiNigmZkhHpPNJcvh0D2AclegSXo1iIie=s88-c-k-c0x00ffffff-no-rj,8,https://static-cdn.jtvnw.net/jtv_user_pictures/238134d1-cbf8-4786-877c-90147bb14c37-profile_image-300x300.png
5d1f5182f62642a8a2e3ae5d3ead1014,472,23992,https://yt3.ggpht.com/DunI0LZh39-_FcMUxrr_84kc51MxmXdYQXYfMnpkSNnQDQLM3f1vR1vAR9TbVFUxv0ZUgSRj=s88-c-k-c0x00ffffff-no-rj,,
5d2231ea88fd474d8a11e5a759899216,9860,612178,https://yt3.ggpht.com/t5-9TC-aLbAz1ntuIMMkMLQ3XBasMuv5I6nzd8qQDdRJBvzBh_wVgA4TyB8b03u1zj2BQm7UPQ=s88-c-k-c0x00ffffff-no-rj,208,https://static-cdn.jtvnw.net/jtv_user_pictures/9b3cbeb8-f4e9-473c-9996-52d0066a6a16-profile_image-300x300.jpeg
5d73e7f013034d06b58decaf4b2b385c,1300,27622,https://yt3.ggpht.com/RTGoIvxUUKjhuB2-eF4H3KM0Kup74qWfQUJUOEW83nquV13nMqECNjUgBkDowPQk7JDZRSbHhQ=s88-c-k-c0x00ffffff-no-rj,,
5d8a211269e449868dc84cc422ae0ec7,15000,387985,https://yt3.ggpht.com/ULMRdBo3O1O1owaUsr1FD1AYbyxII5MAXsGsyJT0SbdU0My5sE2WtEzY0y7SNuQF1rY6nadQIg=s88-c-k-c0x00ffffff-no-rj,,
5d903f62e014487e9ab21a48c19fc6ac,1770,60413,https://yt3.ggpht.com/ehDrkjTDeTa-p6TT0NplaRu4_OrRYV_lRlcsNtNGNhXnjnl8-qt9gTg2D1ZYvVbU7zkIMy46ybA=s88-c-k-c0x00ffffff-no-rj,498,https://static-cdn.jtvnw.net/jtv_user_pictures/d8330917-6d75-47ea-8e55-12ec5d71b8e5-profile_image-300x300.png
5da1b6db7796434f9180d2f5e210ea6c,2270,139101,https://yt3.ggpht.com/tyFAywMoBegZ6a2VtQ2aoKNlRO9xtWd0hCXlysMd_9pBmemF-6M4Fje84O0neM25sPG2S6ff0A=s88-c-k-c0x00ffffff-no-rj,,
5da8c6fb027049cc8bc2030c56e8c489,2160,27764,https://yt3.ggpht.com/f57FEd9AYffD5OG11BQ-x0Is35E4s_25xFei5Ba20j8XMLG111tmjhxisQJitQum5oo-Cwe2=s88-c-k-c0x00ffffff-no-rj,136,https://static-cdn.jtvnw.net/jtv_user_pictures/f475fc1b-f9af-424e-ac66-77b1d6576a86-profile_image-300x300.png
5db725f32b5e4e1380ad64110b88c91d,7260,1778117,https://yt3.ggpht.com/qR2o9iFwP9ibcwB5_fzApiBvNuDL1bJKGdiIQmDQO5S7QQxoIs9QpXMULtIA-YlA1kUczPmqIA=s88-c-k-c0x00ffffff-no-rj,1007,https://static-cdn.jtvnw.net/jtv_user_pictures/eca0446b-eb75-4c02-a0f6-d991ffcaaf6c-profile_image-300x300.png
5dbed684176349d28353d5293085cd9c,6550,238367,https://yt3.ggpht.com/MkTmV4UR_qIQeMeTQ4dl34M4v23iQ73tE867gEHpBvOQSdDi31i-IMdHXFh7ooQd3L84bkT96A=s88-c-k-c0x00ffffff-no-rj,,
5dc565de88a948ecb092cce178aafe60,1730,472255,https://yt3.ggpht.com/zJO7s3yyHNUfct5g38lJpVSOikH_6xc3jjSbthTLrFOTFCMx4D8xI5KNiKUrIvNXlZn2II0RlQ=s88-c-k-c0x00ffffff-no-rj,223,https://static-cdn.jtvnw.net/jtv_user_pictures/d989f374-d1f6-420c-a50b-392d6bf36504-profile_image-300x300.png
5dd38c1bf796414399e7c80092c1d984,207,64049,https://yt3.ggpht.com/QUPR4VukpuvPtb9ArMRiJPXG8xvwkr6LLRlgBbAyUs-x_GknRJ_QiupWe6EweAG6YKLqL67y3w=s88-c-k-c0x00ffffff-no-rj,22,https://static-cdn.jtvnw.net/jtv_user_pictures/f4fe165b-a319-428b-bd31-541412c002a3-profile_image-300x300.png
5de329cf8bc5410fb40ef38d117be94d,310,8388,https://yt3.ggpht.com/6DjGCvVT-TDeB_c_p19UhEnJ_KJYUeP0uRhhFXuSYn2Q1pDUM5ogAGXJwh8ONsMEqz-jib4Q=s88-c-k-c0x00ffffff-no-rj,102,https://static-cdn.jtvnw.net/jtv_user_pictures/dd979d0c-49cc-4d92-baa2-ae2720019219-profile_image-300x300.png
5e0db06126544cfd944fc86a327be67a,9680,93303,https://yt3.ggpht.com/3czh4YKHXKHfOXJ3jZbwmUZyvXybG8F5hOAQIFO1l4XZG587cgsby2ARDW306Y510LNslMNYEuk=s88-c-k-c0x00ffffff-no-rj,,
5e259658ed814cc894dfe408d10ecc6e,360,18552,https://yt3.ggpht.com/UrvaTVqWTIZJuGH8PTm8AhRK0p6jD8-RKzR01PsHDfAoCHbpU1nehS9sFJkKtR81Nv3D7rvs7X4=s88-c-k-c0x00ffffff-no-rj,,
5e5a5e77c39148ef8f31ccc1c63fdcd4,407,6285,https://yt3.ggpht.com/_AxYatJXvbPeua1FIF4z3GhssjBKUG3s-uoMIk5z5xTMJw6PII1M_mybctezGQSlmknx8Wixuw=s88-c-k-c0x00ffffff-no-rj,49,https://static-cdn.jtvnw.net/jtv_user_pictures/5d500b3c-dffe-4e70-bb91-b5f89533f633-profile_image-300x300.png
5e931b583dfe4fdc98d10e4dceaf2c93,604,21730,https://yt3.ggpht.com/ClNUkNnJltpGmlKFGfg_6LBFW2czk-bo4Gv_vK_3VSiHmXyEmXoWWkj_my0BrZ7pqIve6QoBmA=s88-c-k-c0x00ffffff-no-rj,1283,https://static-cdn.jtvnw.net/jtv_user_pictures/d2e37aea-ec0e-47d7-bd37-fcc01eca86a9-profile_image-300x300.png
5ea1e4c39e1640e4bdacbc872f264f16,227,8498,https://yt3.ggpht.com/CdZg0eQBPiMQbWSccOKKTMtmZMNKqokdoBrSKGLAAtx1n955gyUncDUTXAY2RejNfirioul4s9M=s88-c-k-c0x00ffffff-no-rj,,
5ed5801d24c7412fa3fa65a82124aad0,294,8665,https://yt3.ggpht.com/onoGlPU5pkULsebBD3HE-Ja0ztKSK81nc1vuDAC5mqwxbz2oqCt6PX26E4WGCXX7lALxOKdH4Jg=s88-c-k-c0x00ffffff-no-rj,666,https://static-cdn.jtvnw.net/jtv_user_pictures/436b3f48-26e2-4bff-a865-6d2d5a3c3fca-profile_image-300x300.png
5ee3c46f62cf4b34accc313fb437581b,768,18943,https://yt3.ggpht.com/VuDNf4Kz0VaFduAofrhOaQUfhm7J2F3MsvYAEc0UqKZmjaz3Z3UOvIbpSg5FQAeijwof7_KbRmc=s88-c-k-c0x00ffffff-no-rj,,
5f0afd7885894861925e7030c096297e,7600,362033,https://yt3.ggpht.com/BaoGF-NOS-z4XtfsNg0nA4eUNALL6l-_bhwZ0kV3I1MXrqqGpUSDb6UlAX3oW73zEWXvSbqeGQ8=s88-c-k-c0x00ffffff-no-rj,,
5f12df329c6144e1a6c596f4fbcb9e81,86900,5189518,https://yt3.ggpht.com/iBe1mglxE9fnAwOCUH116klrNt0eqosdvMjp-O1irrxv7gWgAlXnAo0BDXbgpMS_3jp3u582qg=s88-c-k-c0x00ffffff-no-rj,,
5f413dce55614542940c58900ef1c82c,1000,23243,https://yt3.ggpht.com/ZUJby0CnvLgWcpKmuCLDchZOsB3720zFKNKbWkWFHHTdWcyZTYG1YLeZnG0fjc09OCOKDvyZ_Pk=s88-c-k-c0x00ffffff-no-rj,761,https://static-cdn.jtvnw.net/jtv_user_pictures/5ac1b44c-761a-4737-a25b-a90ad6e3f3e8-profile_image-300x300.png
5f68c9b585ad40c0ada7697c9b7f5055,111,0,https://yt3.ggpht.com/YUO7SqFlQn3i2KYh-ScvCzTvuK0bzZPE-O9STlluZhG_OWV3tbOW4zh4loSL-k4gKIEwiIYn2E8=s88-c-k-c0x00ffffff-no-rj,5939,https://static-cdn.jtvnw.net/jtv_user_pictures/b3356e68-469f-4d31-8cf9-1de5f9ddedc6-profile_image-300x300.png
5f6dcf3b9b71405498aa07a2b80cb5ec,584,93945,https://yt3.ggpht.com/9Qt4-TjKnnR6ljxWrzlxHcI93o4XTmo2-O_IXgYZR92og7wo6By8Ko2jgFVRw1kT7G2FqT0s=s88-c-k-c0x00ffffff-no-rj,854,https://static-cdn.jtvnw.net/jtv_user_pictures/e690f8ec-e528-4918-a52d-cacdea8fd36a-profile_image-300x300.jpeg
5f8e197a06bc453e8d9e0a1c6cb92f1c,715,24292,https://yt3.ggpht.com/Zf7_6oiAQLQhwX-bR8ObDrCpBaGr_2VCr69JEg7fHkRye6sUWycA-jz0ol2dJTZWn4cTEBv3kg=s88-c-k-c0x00ffffff-no-rj,1483,https://static-cdn.jtvnw.net/jtv_user_pictures/5f5a8fd0-3163-4b4f-a298-333150360b9c-profile_image-300x300.png
5f9767b104b54292bf6dd29863c0c6b1,3090,180937,https://yt3.ggpht.com/YYdMvLdYukGbCSaNMi8JII5A5Vgbg9OYW8pzSx4haYb0ZzTMoxOr6wCuZV09rDqyj3BYovoN_84=s88-c-k-c0x00ffffff-no-rj,,
5f9ded46df28474bbd1470d761700f30,1030,641512,https://yt3.ggpht.com/E7wgr2Cla2VIpl-k2_LICMRkus5oTJtUtpBTjfU6HWWeo7B3KOuk1P7rhwKDB4T8EnpdF-pMUA=s88-c-k-c0x00ffffff-no-rj,768,https://static-cdn.jtvnw.net/jtv_user_pictures/0c05dabe-0d0d-4c47-b0b3-12051baa8dec-profile_image-300x300.png
5fa2dee0fba64112aa476441cd6ff982,3570,124345,https://yt3.ggpht.com/6swNUAT8mIBLBgGZINSRkh98357v142sW9urXLco8J3Hg853ouC2OG4G4VlYgHi0srJczsGmxw=s88-c-k-c0x00ffffff-no-rj,,
5fbcb045887b4a87878773dbf5f63e26,7710,183029,https://yt3.ggpht.com/hLzuOZV-XAsI1nW--tFYGEiLT5C-7VNzvQQT7Lcf8JUxnT68CbDMPAtq1ghZV4WSHbqZLF4S=s88-c-k-c0x00ffffff-no-rj,337,https://static-cdn.jtvnw.net/jtv_user_pictures/80cd7636-a842-4354-a225-cf50812a0d44-profile_image-300x300.png
5fbf4f6751f24d03a5723670cd500aca,422,10737,https://yt3.ggpht.com/uayl_eKkyQq-me2pcCVBxIsBFu3RsGQdRF_xY0FSQaBNJ2GPz0sEb09wRxn19PMXNcVYxN9Ufw=s88-c-k-c0x00ffffff-no-rj,781,https://static-cdn.jtvnw.net/jtv_user_pictures/d32c12d0-6729-4a63-97f9-a2b2d6343a45-profile_image-300x300.png
5fc94cdcf7594a3ba5ce001ba405d3be,7210,384893,https://yt3.ggpht.com/ZDN54NVJn7qTyOHOgNEPMioITuOeMMPm1fNfn48cmLpp2ZLxwyyJLteFqPJLgZqtkWQ1uDqlZw=s88-c-k-c0x00ffffff-no-rj,1357,https://static-cdn.jtvnw.net/jtv_user_pictures/6d94a820-8478-4f48-87cc-08610067f469-profile_image-300x300.png
5fdd1d15cf404c918b0f697baff04218,50,1755,https://yt3.ggpht.com/nLEneMA8ZYAhJeB442h7gsZIO-Wv3Ob3xd50ZB-alAuRBzEzCSNlFRDEoF1Kv1IjeFXo_TF4iw=s88-c-k-c0x00ffffff-no-rj,1676,https://static-cdn.jtvnw.net/jtv_user_pictures/f29a275e-d95b-4149-b146-bbd9169c169f-profile_image-300x300.png
5ff20156ebbf4390a3573d6a94aed8df,1490,51409,https://yt3.ggpht.com/xfBKszTF8qoLrk5Lo2EByjwyMV5AKRKTrvcY9RMLF3gZNN6w8U4LNXywnzbufGujbrUSb5Eg0Q=s88-c-k-c0x00ffffff-no-rj,,
601b56797a3246f49cead93e9e190a49,3720,146459,https://yt3.ggpht.com/ps_P0E5k9dt_JlXl7kC9-0TsPvCzX40k_IAQAV0GGGBuNj-HibAMM83K-SKpFOdzOeLHO5cL=s88-c-k-c0x00ffffff-no-rj,,
60234dcffd2b42f097a78aaf121d410f,2440,51672,https://yt3.ggpht.com/wM0o-4hho-4-eTxS08bqlggc9GIoaaFW4vxlrWkqCWvbte7_t8-kUs3jw0Qn3btrZQAlrt6xbQ=s88-c-k-c0x00ffffff-no-rj,214,https://static-cdn.jtvnw.net/jtv_user_pictures/a4cc169b-1703-45f0-871f-e35eb9691a51-profile_image-300x300.png
60282d578bb747b8b232dba81168a5b6,43900,3077072,https://yt3.ggpht.com/TQG1B1RobC3gGv2moVLbRfgrmrNag5RSj7NoSGZWpodEBUsvv0rXjoYU6gQQXO77ryvX-S4d=s88-c-k-c0x00ffffff-no-rj,,
6037df04e04745699bff00fb7b0d1fd0,4120,123314,https://yt3.ggpht.com/SO9i_l7gdwHQzNv75c02dqC4H0ImJrnfqt2pn4UFfsNuVv1wPnu0t0FNBO0x1eKNdkeJQlRfev0=s88-c-k-c0x00ffffff-no-rj,,
604dc5a26bb54f3d8a69c9df659d23d7,130,1885,https://yt3.ggpht.com/qchFSociYamAHpnBTDdUPwg_rOZhZlRIfEX6lQB2lhq_1GQkcH2qG7A-LspJIllIiEUHrS9d9Q=s88-c-k-c0x00ffffff-no-rj,612,https://static-cdn.jtvnw.net/jtv_user_pictures/4dbf9671-8c6e-43f3-bc5c-8e0bf1eb9b42-profile_image-300x300.png
60602526ae1d48688c23a74b3cb527e8,2050,85142,https://yt3.ggpht.com/Gla8VaGu4m2tF_edBtgmKFn9n5pHEIOAgZTq808WpWKAxgM0F8yNJqO03Q80IDOxgsUU9UOKkg=s88-c-k-c0x00ffffff-no-rj,,
606b5d09425246eda64b4c462ecfbcb4,92,1051,https://yt3.ggpht.com/f2ESGoGT8RMp-1JZmqcDTlgYGDf1Oa53ODOgAPvFmBCVEbOphqhKj5iTIELYnR1sykAzRamVyWE=s88-c-k-c0x00ffffff-no-rj,,
60716febdfe949248e8f67d85634bec5,21400,8086378,https://yt3.ggpht.com/cu_R2AJWDmgSKE5_EkhedgikaBUKA2ElWQOLxcTCxB_oqP-FFW0epD5foEY_o7Rb1i8H_MCwvw=s88-c-k-c0x00ffffff-no-rj,,
6073eb006b764614915e90b5c54ce7e6,4530,247761,https://yt3.ggpht.com/-fAfYBq4eeCIwXdZ6m9fZx93rDkKT03s1ybbRpvpXmlwzgRtBeFfREfvvmwu95EYsegdfYSqyw=s88-c-k-c0x00ffffff-no-rj,3031,https://static-cdn.jtvnw.net/jtv_user_pictures/0ec3fb31-28ba-46dd-8c94-299f11b80d7c-profile_image-300x300.png
607a7be9721741c48e2901609c294ada,909,73380,https://yt3.ggpht.com/XGYtCU-idB_pEm3saXc2qH9wrFxZsYakp1vJRq2FoR6tkg2Lp6Lgak18g86HzlsS10AOY_Eq_Q=s88-c-k-c0x00ffffff-no-rj,1540,https://static-cdn.jtvnw.net/jtv_user_pictures/f5d87dd7-fcc9-4e3c-ad1b-0ea679dec346-profile_image-300x300.png
607d6173383c4118a32171fbcfc98e60,1100,31230,https://yt3.ggpht.com/u-1dHJiSfmbN0-Z4MjHFH_TNO6MgdU-x9y2ZTls6X0CgXuaxwoHELmBYO4LReZTfbdoPnBUyz8I=s88-c-k-c0x00ffffff-no-rj,13847,https://static-cdn.jtvnw.net/jtv_user_pictures/61aa7748-a79d-49b7-98d1-426d1c0606ed-profile_image-300x300.png
608b617ad99c4f18b97d10560e254b4b,889,23717,https://yt3.ggpht.com/D_qJ2BhH6zKchUeWhQrR-mxTQnqL1hFOJPYToOV6UMqz4bSSOTkERrV7CU6CzPBFuPAoiyr7zA=s88-c-k-c0x00ffffff-no-rj,,
60a400d6a5d841f78b352675c383dbef,1610,38615,https://yt3.ggpht.com/2AzjFa0tBPv2ytgLtNljtVloCe-yb1XHinu4PMMUN27jAiw3DssVn4LmD1zR1exolnsYSF-Z=s88-c-k-c0x00ffffff-no-rj,,
60a64aca51ed4528895fe35b08231670,351,9746,https://yt3.ggpht.com/8lAHIt9aBKOEaeiDUJmMJg8qfDQ7ZGFDE8MuLf4X2ENO22-HVZx4h24AKohOEgUMl1-1AlIfXw=s88-c-k-c0x00ffffff-no-rj,332,https://static-cdn.jtvnw.net/jtv_user_pictures/0f64d789-82aa-4a40-b1e9-5653a257ec25-profile_image-300x300.png
60ae2b3fd2254689bb65c216a0a09605,7700,176461,https://yt3.ggpht.com/rbHQ1ZGXN7oee2ESRYhY_hUwqzYrX0QABY_7TKQUS7J7UiAXlIsJg5PeyT8gOU2DhpawT-Hv56w=s88-c-k-c0x00ffffff-no-rj,134,https://static-cdn.jtvnw.net/jtv_user_pictures/b452c2bb-70d5-4821-9a07-3d6051c5b78c-profile_image-300x300.png
60cc7f18c0fe438280af5a81b31eb923,,,,2269,https://static-cdn.jtvnw.net/jtv_user_pictures/6a4880fc-9fb1-43a5-a5d1-ca690b2aab7b-profile_image-300x300.png
60da3bb357d64f998006b8ca3043fd00,541,19285,https://yt3.ggpht.com/2LEf6F6oMqm6rZphc4ohD8kb5Eqql4ZMEmAFKyELs0N2KH94T8W6mvZh_McWJTJjmu84Cj7U=s88-c-k-c0x00ffffff-no-rj,,
613b1c970cbf444980eba674ab40d807,4290,148987,https://yt3.ggpht.com/9N0wNqjdEcRdmz8lvYEnx8469ThpnObhAAezV7K3o-1waDSTRbIInheInoRKjdrHJn1YPIEKeg=s88-c-k-c0x00ffffff-no-rj,,
6159040406fc4e6cb73dbf9734717703,672,108164,https://yt3.ggpht.com/_wXvpK4FPyB5bIZcYpGQWKVMdibIJ6R_0lxkIHcD8gBx3O7K8uynBmkCtedd7iy3aru7-51XVw=s88-c-k-c0x00ffffff-no-rj,2180,https://static-cdn.jtvnw.net/jtv_user_pictures/383d7a45-6047-491d-93bc-9f0bb624532c-profile_image-300x300.png
619f48c4546c481bbc52aadc12c3e48f,322,1921,https://yt3.ggpht.com/kB_cKJ7vqji8QZ_CsXIEkynvqD7UT8bWnzLpM8w-IUftLz9W_GzwNQqtM0-t0UH3n9Qc9zb-gNE=s88-c-k-c0x00ffffff-no-rj,1651,https://static-cdn.jtvnw.net/jtv_user_pictures/816590d8-513a-45ad-abb3-20618fae0c30-profile_image-300x300.png
61c75f9fbf044b54872197eec7c9bafa,681,197560,https://yt3.ggpht.com/7UJWZW6tBH5owW37f4m8sZusGj6eq63l2n2bwpcvXGRSrSyr1Mt7A413gAMB40yAIAYtplT7ZQ=s88-c-k-c0x00ffffff-no-rj,,
61e81c6f534247b486b8125bd34fa960,1200,63392,https://yt3.ggpht.com/EWXXxhrVLWsKyA7UhXROVdoByA0IVjf04fNlRgEoBSskc_2PnoOLLY-KJxLi7rPmxSDazCVnyA=s88-c-k-c0x00ffffff-no-rj,19099,https://static-cdn.jtvnw.net/jtv_user_pictures/b38832bf-7385-4bac-a80b-1431a23e2927-profile_image-300x300.png
62080edda26345efbf8bc2bab0ab4136,1110,23288,https://yt3.ggpht.com/mtfBn6EGYgk9pEGyDl4FQV9w-WuKBDS9YAGVae2bq3aBoDBB8U8g4rgzDsZ90BsNdWx46KEmVg=s88-c-k-c0x00ffffff-no-rj,,
624948114ff449e79fc17a68a43ecd68,258,2327,https://yt3.ggpht.com/5OBHgz5XcGkPyWsyU5144axbpenNDXULsM3PfIg3V6Zj0aU3srdi7IKrP_N_jHCKy3o8yiZFWg=s88-c-k-c0x00ffffff-no-rj,747,https://static-cdn.jtvnw.net/jtv_user_pictures/1b197e3f-bf34-4ea4-a209-a07c02643bcd-profile_image-300x300.png
626750f4e7a745619c171c44fb1efcc0,37300,3688390,https://yt3.ggpht.com/5LbwcMQzyU08KJi-0YBNWnpk4wqE0uVqbtSXDpRupVShcaOGlrPuFcdHHzZrUr0num_gCMr82Q=s88-c-k-c0x00ffffff-no-rj,8321,https://static-cdn.jtvnw.net/jtv_user_pictures/513a56fa-aa70-4938-a231-39b1adce5c21-profile_image-300x300.png
6274e7f2acaf4d48b5fa569168f9468e,924,22891,https://yt3.ggpht.com/2KwYDQ79A1kKuHVNNVGnvrnhwmUSV1ZiVs-4DB298yOQUXODbp6l_55-joRqneeaIfbBxhOTwz8=s88-c-k-c0x00ffffff-no-rj,,
627d42f52e604f3e8eadc7f04ef74d2a,4150,57418,https://yt3.ggpht.com/ExwVdq_jsyndCLvh3c5m9EHob4dg5Cph-VJyvrnaGFe6nKh473p2OkQURIYL2twG66oP4DE=s88-c-k-c0x00ffffff-no-rj,2642,https://static-cdn.jtvnw.net/jtv_user_pictures/2c068aed-16a0-43e7-8301-2f8854284dd9-profile_image-300x300.png
62b7ee328a7b42b0a1da0ab3bc22d1db,715,50901,https://yt3.ggpht.com/EsZrG-B2nGaCRY50FyVkvUSEgdiJLQTmZpdoTP2azwQjz_hGtWUu4yuUxYcu_DkhDvSHOa1nJL0=s88-c-k-c0x00ffffff-no-rj,971,https://static-cdn.jtvnw.net/jtv_user_pictures/a8e12d4c-1b57-42e1-b050-e1ef170c00e5-profile_image-300x300.png
62ca936be6c645a7bf2222b67086800a,457,125222,https://yt3.ggpht.com/1hG7BgiCNIH2_qy120wKCB8Ez-OkQ9bZhqN5Gtvih5E8J4njN7_b7aP6mA3dfR3mgZlUrHz9=s88-c-k-c0x00ffffff-no-rj,1083,https://static-cdn.jtvnw.net/jtv_user_pictures/d19a0162-857c-4164-a8ad-8b294ef4cfbf-profile_image-300x300.png
62d6466e900941d9b516c95cf222aa40,2360,1999,https://yt3.ggpht.com/hqihKhamS4XBnFsLH6_-Lf-A9c52NUcEZfkIi37yTmcrazf9hBsbpfqg54yn5lrftrpMIFFf=s88-c-k-c0x00ffffff-no-rj,513,https://static-cdn.jtvnw.net/jtv_user_pictures/f1487711-f7ac-406d-a38c-805a9cba2dab-profile_image-300x300.png
62e0c4a2dc274095a08c49a7850d3b78,2540,38901,https://yt3.ggpht.com/ytc/AIdro_licJVjJF32OQVE7Rz0hbOsfcDQCaVy6Np2_1UJQrE7dJU=s88-c-k-c0x00ffffff-no-rj,1633,https://static-cdn.jtvnw.net/jtv_user_pictures/238356dc-d9a8-4f2d-8084-5709346a0fb0-profile_image-300x300.png
62e5d9c4ad1e4d7a9fb61fe531c4b940,35400,1387058,https://yt3.ggpht.com/6DVx2x_RsUV13923FAxP499-gVDqeaw7FKosPHmF11MgY3ix0U9I9IOD9bJliA_xYDU74NVubQ=s88-c-k-c0x00ffffff-no-rj,,
62e820e937ef4f4aaea0073bc5b21063,5380,151984,https://yt3.ggpht.com/_Uh4DbMP6A5hUdL5wCPC0dtQXGuRqK_h8RuFeHBOoit3SGg3arAP-NzO8Odh7YM15Cn_Tj013Kg=s88-c-k-c0x00ffffff-no-rj,,
62f0f99b50d84bef91d06efdfe1c011e,4340,125097,https://yt3.ggpht.com/m2_r6X2y5luPMAJN7s3O0keoIdrK82svWWaO6rCAA_sDP5bvVluAnooz1hWyebh7IwBQnIvUCw=s88-c-k-c0x00ffffff-no-rj,,
62f37fa0a2f44083945f03db36e50dff,2040,40690,https://yt3.ggpht.com/dKZIShSezXU69K8rYcAw-IN6WefCTeSLolkgeOvG50NrubkzB60MV3kYqLOlLKgfeX30f6YsnE4=s88-c-k-c0x00ffffff-no-rj,,
633c7350aca946428e98228660ee73e2,7100,89910,https://yt3.ggpht.com/oSfAqIjYjTntR1hnbN9f5RF_KQMFdTRrPWmTcjKL4bHPUT2GR7ZQtnlTJxKqmrQA-l9DUDCEDQ=s88-c-k-c0x00ffffff-no-rj,,
6358ea21f673491fab72d62494b2225f,26,0,https://yt3.ggpht.com/jaPqVBmsUcY4TzpV3Fhk6TsNTMFl57JvM89gQw_Rz_GiBLwQ8WBX5UK-m7yiqM7y6dJo9Ihe=s88-c-k-c0x00ffffff-no-rj,31,https://static-cdn.jtvnw.net/jtv_user_pictures/fe4d4ea3-85b0-4b9a-bd3d-09274e03941c-profile_image-300x300.png
63730ec82db64ce5a51464cf24f9a4aa,224,0,https://yt3.ggpht.com/3kVoHjt-RhpBC2anuaID2q-gfhcHcCp5UjIQXCxRXE4lWHx_kHo8W0trCFwotejrMv--GCHtYaU=s88-c-k-c0x00ffffff-no-rj,407,https://static-cdn.jtvnw.net/jtv_user_pictures/7aed99e1-619f-41fc-95ab-5d8dcfb4ee12-profile_image-300x300.png
637a5867616a436ba0f7cdd36057f55a,436,11715,https://yt3.ggpht.com/qRFRCSXvYZJqVsBUM6iqIOnDsX4pbeNIGe7DElONjcmGIplAFhiJD5CRVgH-CE_0XqHzcjOClw=s88-c-k-c0x00ffffff-no-rj,32,https://static-cdn.jtvnw.net/jtv_user_pictures/5b7574a7-5431-4ebc-858c-1a669b51a927-profile_image-300x300.png
637b3a1eb03443248ebd1caba56e6b5a,3010,145320,https://yt3.ggpht.com/9E_npNIQDq10qHkn9CJTsAg4ZczxPGdUGtoQEzhqv7buFoe8xyX9TEbDokh2fKtiiDKIKq6Eh4s=s88-c-k-c0x00ffffff-no-rj,,
638a58178dba428ab9747f78bd69b7ab,73,389,https://yt3.ggpht.com/oSHxXKbCh8XlAna_okrpjymUYZRsV306vquXvlOHrTQ64YqNCz-0q-ECIFmkNqsXKhUfUanC=s88-c-k-c0x00ffffff-no-rj,,
63a55bc5320e4f148ed0abd7991b0e01,9900,635994,https://yt3.ggpht.com/Lwy2mVe8IoTuqcAcsnnhHEKhzWac0ZHi6qNP4DpK50W0UYzcKn8fO84yD5ua6bIWz8hQvTG4GQ=s88-c-k-c0x00ffffff-no-rj,7006,https://static-cdn.jtvnw.net/jtv_user_pictures/5fc3933d-a7b8-42c9-8a23-2e4d2ee5d424-profile_image-300x300.png
63f45366143549d8a2d26406445e0077,3160,141826,https://yt3.ggpht.com/urLzMTX3dbuU_HxUETnWJhR3vW1TCZcXSwGD1GHbp7_59kb7SdamX0-7gN19Bmi3YNFIRO-ogWc=s88-c-k-c0x00ffffff-no-rj,,
63f727e673b9460abd6f7079bcbb1865,1840,78433,https://yt3.ggpht.com/dQPaaaL8xfrdJc4kr0JJF2PpZeFBWBJP4sq40uvdbcQDtN0HiSbir1iDhqKw4HqVBBFZRz9kyA=s88-c-k-c0x00ffffff-no-rj,,
6417469030e943748dfdba4ee26a08e4,2800,89160,https://yt3.ggpht.com/Z8HUZFKqbxcO2wJovICKJ7SNPngiRFJO6cQ6fsErfgkhdAhpnKE5ku_5XiSOxME7_w_zj-kNEA=s88-c-k-c0x00ffffff-no-rj,1102,https://static-cdn.jtvnw.net/jtv_user_pictures/ac35bec1-5a8a-4b15-9fe1-13c63287ccb4-profile_image-300x300.png
64199c3fe4914883a1a9b4a68dc332be,411,6424,https://yt3.ggpht.com/TWiTpH4UojF8Rl0cz_hv1WLWW1TqgaI67lJ0qDL3ksaUj5JRipZpSTxnWXdIlaEZRsLpRQ7e4A=s88-c-k-c0x00ffffff-no-rj,158,https://static-cdn.jtvnw.net/jtv_user_pictures/20cc0b12-8bef-4201-8abd-d9417ed48cc7-profile_image-300x300.png
6443d56896a848dd820e339b5f81e292,2910,74739,https://yt3.ggpht.com/764lpIlad2E4HX4h5GFlu7oDQ-F3qDjLJmMDbNDa3COTC26dVBkWH8upTIpWFyQX2TDWWPO6=s88-c-k-c0x00ffffff-no-rj,4351,https://static-cdn.jtvnw.net/jtv_user_pictures/9f246836-05ff-4201-a0d0-82d01aeb14c8-profile_image-300x300.png
644e669aa31443fe9a61a14e75ebd21e,,,,7292,https://static-cdn.jtvnw.net/jtv_user_pictures/8ec21f9b-1052-4ea3-88e2-74d3741ce3a4-profile_image-300x300.png
644ed2200e8a446bae2920103d1015e3,2690,91469,https://yt3.ggpht.com/GdVdZPk5cNfpT0CHh_MZxf9nxP5nZEY-6ghIS6Sh32E-EKbPimIM0eatOWDAlxy9clkCCZ07hg=s88-c-k-c0x00ffffff-no-rj,,
645fc774332a469ebd03f1a822ebe2be,9140,706786,https://yt3.ggpht.com/2kbgUl8WbrMhkVpQQobBFXC4Wb4bF2MmPVWKe3SCW2K6OYHu5cfPOmZULCjstANltNMVjxwT=s88-c-k-c0x00ffffff-no-rj,,
647a4992105c4f18b92239156e0064fb,948,21456,https://yt3.ggpht.com/y6fRs4ucgyOruNxDgrApDG3jYhpWwaG8B-xQ8QGxqnVk23ek9vfTDLDgAarTvqU7AmPg6xosRQ=s88-c-k-c0x00ffffff-no-rj,150,https://static-cdn.jtvnw.net/jtv_user_pictures/2b9712dd-b58f-4606-9316-959076b82997-profile_image-300x300.jpeg
648d77b2067849838a8ad3fdc0afb85a,645,412,https://yt3.ggpht.com/kgFe7I-Up9KL9mXs6Yjv3qAl2i9UpOu8_hGEcWqsH7fkMtuZo9dzvNjLOy540oh65Ave4uQPBQ=s88-c-k-c0x00ffffff-no-rj,335,https://static-cdn.jtvnw.net/jtv_user_pictures/e34f7853-c55f-43a7-8139-83c363a37cbc-profile_image-300x300.png
64bba754590e41c5b58df1c536d4e865,2540,76835,https://yt3.ggpht.com/6M_rLu2oL_UVoJsgcNDTCLBZgfvEycuapquxORbABFEyxgpQmh_e3Xm4mIPPM8peVnwyYPGW2w=s88-c-k-c0x00ffffff-no-rj,394,https://static-cdn.jtvnw.net/jtv_user_pictures/1d1ec9f6-cdc2-46a5-8d16-c64f7f48a3dd-profile_image-300x300.png
64c779f8cc214e7a9b570c7b3fc128cc,47000,3596662,https://yt3.ggpht.com/_7n11aOkWgW1NBEYC9QYViRXrfvxf2Q4EGsISway21VPjDzRQfW2nErpfcw5eqpfR1LBkdH3Qg=s88-c-k-c0x00ffffff-no-rj,4835,https://static-cdn.jtvnw.net/jtv_user_pictures/9e883a80-4506-43dc-8b19-d3c19f53f616-profile_image-300x300.png
64d9adbc552c487db0cdf42ac3845e18,444,36711,https://yt3.ggpht.com/iB_SCmTf6CrF9ZUKTeXCwyPmxU2-mizv_TGQkObhW9y7_IaKw-57xDRX_P-mrPm3kdQujMF2mQ=s88-c-k-c0x00ffffff-no-rj,70,https://static-cdn.jtvnw.net/jtv_user_pictures/4e4f1017-17f9-4bb8-810f-4e5a256dcdeb-profile_image-300x300.png
64dc8c2de5de4c43906e515ec03f79c6,943,79582,https://yt3.ggpht.com/DYSFrT-4aQJql0JxrPByvmFbVrX68XGQUcFOMyrQPtFeJnSPHkfSN9FUp4DTvIZKfW3fLmvuqw=s88-c-k-c0x00ffffff-no-rj,,
64e20992295c4be984e9af0a470d6440,351,4338,https://yt3.ggpht.com/kbnPYgzf860THUTToKwQR3BiJAQdJyGGEL1Q5pNNd1EPw8yiOcCFKCreCj39zyLUwd-mJE0t_FQ=s88-c-k-c0x00ffffff-no-rj,5179,https://static-cdn.jtvnw.net/jtv_user_pictures/f219bee7-d856-43e2-b29c-3308c83be20e-profile_image-300x300.png
6503172c78774a0fa639255ac2e7e85a,461,16040,https://yt3.ggpht.com/SK4ePdnCNXVy7QK3Fsh0b_2EBCSLfQnoyqnBc0f43xuINB8JQyo6CeHXuu2PR42i1g8A2jaSlQ=s88-c-k-c0x00ffffff-no-rj,,
6510332f58be4d86b0007c77a622c959,1760,233226,https://yt3.ggpht.com/Htuc4N9f9k6TUCjKiXIc7TS_tx7ihf4h6YjnwiyuSuRAmm09tmr7Tgox-zhaIrmNOIkZj7TzLQ=s88-c-k-c0x00ffffff-no-rj,2689,https://static-cdn.jtvnw.net/jtv_user_pictures/cc890d99-ba86-4c88-9b69-1b85fc9efee6-profile_image-300x300.png
6525ef6dfc2d4af08e5dd06bedcdab57,104,3293,https://yt3.ggpht.com/W2QjUeKl9byd16sgWd6kebNhPz9wFrAVM-HizIXYG-Xss3dy4oqkfJW_njvu7fmkx7S6HY3vDg=s88-c-k-c0x00ffffff-no-rj,1054,https://static-cdn.jtvnw.net/jtv_user_pictures/7edd7c34-0051-4e61-90e0-bed861aa6624-profile_image-300x300.jpeg
652b28416c394eed93337f121c0dcbf5,274,9000,https://yt3.ggpht.com/ilvvFycQZ4EnLCwwNDwsBWwA1hfov3HBxCQ0c6dM4HK82cox1GrZX0Gt-hcH91kfOVqa6S7KOFg=s88-c-k-c0x00ffffff-no-rj,,
652d06b0251940bea32cd69dec3057e6,2470,97579,https://yt3.ggpht.com/NkHA4MYvIthroZAh2P540Mrv9ztJGLgY_SLPSW9FRvZdAziXIFNwqM2owFDYAmF3ZSqBrHqXaw=s88-c-k-c0x00ffffff-no-rj,,
6542ad533b67427ab99e5b2277ace17d,554,15133,https://yt3.ggpht.com/AS4NVLX-DsYG3KHuVKUPELuh84q2cZ-K7WtddIg_2YAMaAdcmQQeBJ5RPmmrTgDdt6pwVMYeEA=s88-c-k-c0x00ffffff-no-rj,,
6559d42f66684b8f80b4cd4589addd85,11700,659684,https://yt3.ggpht.com/VLYREoTyUSuH2Qsf21m4l6nwguNSn3fs6fbhpB3vKVmgMRAvafpmGC1aG0HeqglqNetJLkd3=s88-c-k-c0x00ffffff-no-rj,3524,https://static-cdn.jtvnw.net/jtv_user_pictures/d5862694-8fd4-405e-8fbb-a271afee1c9e-profile_image-300x300.png
656455380d524045b9f75d6082563f94,13500,1160538,https://yt3.ggpht.com/tDXEmnDXXzROl9RRoucHuIeOVWYNOGiMVKloCW8S9HoTb5dYSOCyXkT7uVHljS03E4vOUFlXbg=s88-c-k-c0x00ffffff-no-rj,603,https://static-cdn.jtvnw.net/jtv_user_pictures/10788eb9-4165-4516-82bf-a1baa1fded09-profile_image-300x300.png
658e63bebdca421ca934b0bf6aa2bcd8,48900,4614921,https://yt3.ggpht.com/xfj6JHJK_JI4cBiltZ1rWA2aMDUEeO37Dz6UC7oqh3q4dyivFUCQd468q291u-u0IUYwodxKsEY=s88-c-k-c0x00ffffff-no-rj,10443,https://static-cdn.jtvnw.net/jtv_user_pictures/03957ffe-dff5-4e11-bda1-8a735532f2c1-profile_image-300x300.png
65a52797bec24b9bb2df5201068873a4,2310,20882,https://yt3.ggpht.com/-q0Y_-thsRg4MVPo6T-n-5TjX18oUK4rh6YSys8k7LrWdMupwkRewRsYvspRjdFh4FcRSiW4=s88-c-k-c0x00ffffff-no-rj,,
65ab938b60074946af1ea65a002c70df,7120,2015606,https://yt3.ggpht.com/Ktj1QWRLfbdHB0GdIKGg0lJVCPgVHWPFMvJyszMzeleiVywtD0B5JSMzQJh-s7EjxcMIQfjyPKg=s88-c-k-c0x00ffffff-no-rj,570,https://static-cdn.jtvnw.net/jtv_user_pictures/21fae498-b4ba-469c-9d9c-d66c8c6f1051-profile_image-300x300.png
65abc9bdfc964ec39f4ee1464a2011a5,43,111,https://yt3.ggpht.com/SgyWGGmqGc8vnh2iXIiw6oaY06IZla15AExXuXE5qH4ylGkCSY5HBoWB6_2kKpILc2T8ydfT=s88-c-k-c0x00ffffff-no-rj,580,https://static-cdn.jtvnw.net/jtv_user_pictures/1c782a9d-550a-47d0-9539-8463ffc25f62-profile_image-300x300.png
65c0e7f6562d419e944caea644836c1f,1490,43696,https://yt3.ggpht.com/Ph48zyNQ8luUn8FWAick9Zi7lO5nIBhMqrBX4gCwGuFRS1U43pMPR_a6zf0kbdWM5731masag58=s88-c-k-c0x00ffffff-no-rj,239,https://static-cdn.jtvnw.net/jtv_user_pictures/f4ca281e-1990-451a-8c36-8de000478fac-profile_image-300x300.png
65d2f574783c4c6297aaa915a891acda,4200,14496,https://yt3.ggpht.com/8lPJxk7_RGnzHcDhIWIU8tVnjy094Op_H2fT1wCP2uasApy--SIF8XZx-rqUTItU141hKgROHr4=s88-c-k-c0x00ffffff-no-rj,,
65d554df176e4b849379d015fb333abf,9280,63538,https://yt3.ggpht.com/ytc/AIdro_kIB5IA6ctvzva_sdiR-wLzAe7GYZepYXonq7FFVmg1fN0SLFqcdgNA01BzkaRlSJ-oHg=s88-c-k-c0x00ffffff-no-rj,,
65f0266aa5484b4e9f244e856e0d88b3,108,35,https://yt3.ggpht.com/-0mjl6EvwdvXb4gCS5-KaRjnciLRZjCfO3EWpOt0gHR0M6je29hTCTqEmO3pmGQ9DKwytPINUhs=s88-c-k-c0x00ffffff-no-rj,429,https://static-cdn.jtvnw.net/jtv_user_pictures/9c6d9dc9-e5bc-4e30-86c7-f70cf1d045d6-profile_image-300x300.jpeg
6603f7e70b684a07a3dac687460bacc5,6070,196571,https://yt3.ggpht.com/ytc/AIdro_n4-fdD93pFXEIo2FGdizOIC2ncAuecg_8T9nMc-em43g=s88-c-k-c0x00ffffff-no-rj,1189,https://static-cdn.jtvnw.net/jtv_user_pictures/4f8fbd12-b41d-4e3c-90d0-c86e464efec3-profile_image-300x300.png
660531d691fb49c6a454bff9b0fb8c9e,31200,983929,https://yt3.ggpht.com/JB9YI8y3wiQLw5UCbZ_O8fRVhPUSlq_nq2WUOBeMxbVFZxuAL9odU4Vak_ayM3pd_rGedruzIQ=s88-c-k-c0x00ffffff-no-rj,1273,https://static-cdn.jtvnw.net/jtv_user_pictures/c94b5be1-3e69-4353-b769-aede5efce5d5-profile_image-300x300.png
662341d52a8e413d8fe661c8da9470f0,2680,39514,https://yt3.ggpht.com/Jw93rNGFoj9vfmiQhVnVBGt9-F6W_cvcd2SHBeStbmq8zTx514eDLenNgPkxRudj-f9DIEJE=s88-c-k-c0x00ffffff-no-rj,,
663275f544cb427c85f2adde495e7f00,,,,2915,https://static-cdn.jtvnw.net/jtv_user_pictures/471ad5a6-01b9-445b-a7f0-bbb0da60fe78-profile_image-300x300.png
66345fc8147b45e99d6eba1b0df6ba7c,592,28911,https://yt3.ggpht.com/15Ftt1_zMNfx0ktEXgE6o94dJ1LHAdpBJuXmeVzjwy0r4KLjU7CR2DhwS30iYw6vdQRcL-Xu=s88-c-k-c0x00ffffff-no-rj,,
664e1b310cf343b78623f99b31e40fae,397000,59363564,https://yt3.ggpht.com/ApY2c7anYYt3PmX7GNpVQH8p7Ab1uJLUJ2v-Vm1S_Wm3c-plUY5ui3Y89jB5K2Tiu1FELzIq=s88-c-k-c0x00ffffff-no-rj,17221,https://static-cdn.jtvnw.net/jtv_user_pictures/bef57d05-91dc-4dd7-a057-98fccea47e87-profile_image-300x300.png
667d1f10770d4512a5350b74bcb3efc0,551,16747,https://yt3.ggpht.com/dGYnD63RrAlyTpwq0KUbr4ylG45s-IOPhOmihvrKv_n0Sg1PAnJMwepLV7HlAJ78NV7a2qq01w=s88-c-k-c0x00ffffff-no-rj,,
66830cad0b9949689741b0dc5ef39d29,1780,48067,https://yt3.ggpht.com/5ibBe_MP1E4Zy_DjRxehr-RHL1FVZlGbFcmrhHdvDpe5XXhORvz2PC0DwlNLgwJkxAkSzpqszQ=s88-c-k-c0x00ffffff-no-rj,,
6695a7e8f824489881f2c321501a36a6,419,22656,https://yt3.ggpht.com/8jOGwyo3NG25f3HNGvZ_LQvOsSfvCZISUS97PjCfx9CvePmm9ScbQdHOuRRNw3RZLCS1gq2Ojw=s88-c-k-c0x00ffffff-no-rj,,
66aa1c91546a4cfdab43faa119cea04a,5980,152,https://yt3.ggpht.com/mLQUtLnX4QipS6E3_HoPTwl9PQ7mQ2CObP1VlDXUiYCEx26j_-PPTnHE_E29576kRN2lqbQ7_w=s88-c-k-c0x00ffffff-no-rj,3952,https://static-cdn.jtvnw.net/jtv_user_pictures/2344abd6-e49e-44eb-9aee-045c57895a0a-profile_image-300x300.png
66ab3e28c90a428bb98100cd9119a4e9,218,4926,https://yt3.ggpht.com/H0XQ4Hdtljy8D-4Q6jkqeCsocWhOug9dZcwIfbf72ePYIuB1e-C34-ErC7a5-k_WY5lASdMjbg=s88-c-k-c0x00ffffff-no-rj,,
66c812bb04844241af1d1c7539b5e251,55500,38382744,https://yt3.ggpht.com/r2Ptk-Rbj8N6eNH5Q7oDnD7vCYqpPNO1ey4rKT1ZHyTv1rnP7zsTVZVXCfWl7-viejIVXf4aOiY=s88-c-k-c0x00ffffff-no-rj,1089,https://static-cdn.jtvnw.net/jtv_user_pictures/e9d27c9a-a7c2-49b7-b10d-32bd4808bb7d-profile_image-300x300.png
66d986eaa59347b0b18c5ed103cb173e,657,30300,https://yt3.ggpht.com/4s00_ur6RA0ypNRujtKycY6ftw05fCs7QCpzuYR0CJ-4JiRUVC_4s4m92V_PSDvvdEIsE78v3Rk=s88-c-k-c0x00ffffff-no-rj,,
670df075e5f9402bbcb6369685838b02,319,8296,https://yt3.ggpht.com/DYwhcmCaXoNPEZqVPl_BEGpjamxbSEIS-kT0AcvkGAUanr7rfBNPyok8IKaKchbFHgWr3zfl9dQ=s88-c-k-c0x00ffffff-no-rj,,
675071ddbd4844119d341bbfd6a0ee2a,5240,37686,https://yt3.ggpht.com/Im_Ye8byxBocpdIvIdJAo6cg_9NOoVQPQuhXXomgGFOEvITbG2UpzZXk-iu_rxNXGXBxVFOiRQ=s88-c-k-c0x00ffffff-no-rj,,
67784d7c61af482780ab0558083fcd1e,76,557,https://yt3.ggpht.com/-LYx4HedVG0Am4lD9wk1aFRa0ft8Q3_wyvUCtG40iugkTyky7zFpGFMBXpn6ev8qrKdgC0Y5Sg=s88-c-k-c0x00ffffff-no-rj,332,https://static-cdn.jtvnw.net/jtv_user_pictures/f3bbfbee-412e-4bff-94e0-61e22b05271e-profile_image-300x300.png
677a773535814b5fa2d557da2f80bb89,641,16518,https://yt3.ggpht.com/HShyIVxW1UaEu-uho9Ts2vCacj7HG-9QA8rw-msXixTN-UKij6yBLcmabBT_yQe-Gand23jWVg=s88-c-k-c0x00ffffff-no-rj,426,https://static-cdn.jtvnw.net/jtv_user_pictures/fb318742-2ef0-4828-b4a0-2f87b230fbbd-profile_image-300x300.png
677ae7ec361d4d3c9981bca8fbb974c8,2120,6057,https://yt3.ggpht.com/Vgt3bLybsa_FKcd379WTo5VFcuPn0LFCQeAVoysuCteIgjCJEgSW2ElXpQs8pFtkczDZTJfqXg=s88-c-k-c0x00ffffff-no-rj,377,https://static-cdn.jtvnw.net/jtv_user_pictures/9a16dd5a-b03e-43ab-893d-40ddd8a45fbf-profile_image-300x300.png
6790376d72ef4bb992cef011444aeeb6,303,53877,https://yt3.ggpht.com/ytc/AIdro_k2CTstkoi5I8qPWQNDsvQLTsZt79b8CMVtty3CHuwRiA=s88-c-k-c0x00ffffff-no-rj,,
679aef46b6f448e493fdedae7df5b288,6680,1086069,https://yt3.ggpht.com/yLUAHGjewlOr8gNXJ4N01um7Q29hmvP4NH1h87O2TmTAgeISilnLgZq40Cda1fE5JKdSSaRQjrg=s88-c-k-c0x00ffffff-no-rj,369,https://static-cdn.jtvnw.net/jtv_user_pictures/a92c7cd4-10b1-47f3-b6b7-330799133d59-profile_image-300x300.png
67b37e4e1f2f49d88a047d650b70be91,567,0,https://yt3.ggpht.com/vTzM4QeDyrKeGGCM1Pg_7UDndoJCi717PD8dIFf2isCoSRWzzcjCds0XqYUjt1pwuANe2IQuvw=s88-c-k-c0x00ffffff-no-rj,1556,https://static-cdn.jtvnw.net/jtv_user_pictures/e762ad25-f292-4fe8-a3c0-09cfd7f86962-profile_image-300x300.png
67b3f32472774d3191ecfea12f60a990,259,8254,https://yt3.ggpht.com/l6ycc6arcRtVLFWitZWT5mHuO_I5gAQbwZTgiNO8F3nAdg0SHQevvo2b_n5Od_ytbDUqo9FGEA=s88-c-k-c0x00ffffff-no-rj,109,https://static-cdn.jtvnw.net/jtv_user_pictures/58be4d78-bba1-40b3-9ba9-761770a5f3a3-profile_image-300x300.jpeg
67ba07d1ace445328c13bfb9d612d564,1000,19670,https://yt3.ggpht.com/Kg3qzK56K_TP88G4Vti_TA8tsIMI2_pop8nvqt5Ii7Yp3xpm4tzeXzH61FVSvqc0KlNAACJMIg=s88-c-k-c0x00ffffff-no-rj,,
67d348e6690c43729cce031e70a26645,19600,674547,https://yt3.ggpht.com/PhHQAJGYdG3T10x0VenbvK15tFRAG6RVyP7Cn1hxr0xHXNv_lpYh6Nfn7AtP_YCazZeTzlCy9Q=s88-c-k-c0x00ffffff-no-rj,25964,https://static-cdn.jtvnw.net/jtv_user_pictures/83a34005-6291-475c-9d9f-9d37979e7417-profile_image-300x300.png
67d6807619064938a78832b4106de5c0,20100,834054,https://yt3.ggpht.com/rI-36v6SRHLJ-aGo4J0yPJ076MzQ9y4DzC9F_1oRJ3WroLeo2dAi3BDf0Vmtqnrz6HMrupRDiw=s88-c-k-c0x00ffffff-no-rj,2919,https://static-cdn.jtvnw.net/jtv_user_pictures/20d1349f-9e07-4837-9f8a-9c3f72bd621b-profile_image-300x300.png
67dc6d443cff47a4bc6a31a56e8b72f5,152,12658,https://yt3.ggpht.com/ytc/AIdro_l9HEztfiUljQ_eqZ42QbAOTtSV-PPv_zzkPXrI2LhKRA=s88-c-k-c0x00ffffff-no-rj,,
67fdbfa65ee94cc688783102ef4f1ce5,3180,30867,https://yt3.ggpht.com/LaocfXV-TZv6vUSruX66fWyAxcrf-t-R4hg5gFfNdXHP7zKYTrA9U0anh-3GdTQKgd7ZMUmq=s88-c-k-c0x00ffffff-no-rj,,
682e400513134d0bacfa85513958c64d,333,9200,https://yt3.ggpht.com/pH5lKzuzphhVYrwx0ezCOfOgplQvBD-KEpeyDYMJhcCJDvfnU_h-cJRO1BWozgwrcoAdL-ue=s88-c-k-c0x00ffffff-no-rj,810,https://static-cdn.jtvnw.net/jtv_user_pictures/fad84783-ee7f-41a2-a642-d9a2dc0d9409-profile_image-300x300.png
683db9d9b58f4dd883966c82581a7b60,856,31513,https://yt3.ggpht.com/qjq1GJEyWr7rStSj9UoZX9QGDwXg9JLnauCd7Wq-3lLoc6GEr7buEnJH25uA5ipxtSqzFdhW=s88-c-k-c0x00ffffff-no-rj,,
684aeef535fb4dd2a483746cdaab5065,967,64546,https://yt3.ggpht.com/G595LHupKutgriRHsqyXnQp9D9G1Tp7JCoruyyJsnV6dPPUGigunv-2ZIP94OlDjNsAP8ybk=s88-c-k-c0x00ffffff-no-rj,176,https://static-cdn.jtvnw.net/jtv_user_pictures/0f4ae4dd-29cc-408d-8039-c40ad67ab948-profile_image-300x300.jpeg
6861903583ee45d191ddc03faf6cd0d8,1370,21181,https://yt3.ggpht.com/viP-gmPO3321HUY6N2gxlxwSGGxWD1KFsZuV_FJkwSqpacY0prMBU-By8_9gLZl6QH9Vj-GebNU=s88-c-k-c0x00ffffff-no-rj,1020,https://static-cdn.jtvnw.net/jtv_user_pictures/9ecf0c9f-be4d-430d-adf5-75d486fc9b81-profile_image-300x300.png
68671ee09add4d87b8038acebc5b48a4,119,239,https://yt3.ggpht.com/4VthTwlLgYwneBsPF835yKOVzjS5uNYuneLoamlkPjE8dGN_2jB76t-EJX1PjYL3bq1Fz0lRsg=s88-c-k-c0x00ffffff-no-rj,751,https://static-cdn.jtvnw.net/jtv_user_pictures/e7a618b4-7024-452e-9224-af461803e17a-profile_image-300x300.png
686fa700c1ee4d179ed277d5b101f8a4,825,27255,https://yt3.ggpht.com/k-QDIYB8ywz4q2IHbljJyyEppQN3ezBs6jKYQrWdG5Og228JPtGpXZ23pZ4Eug7i1umTnxaWKg=s88-c-k-c0x00ffffff-no-rj,,
6873f5b9a88c42ba980878bbffb5682a,1070,83201,https://yt3.ggpht.com/xy04tHe4iT0kft8FEp7VsPz0PbUViiLttQPEjZLKSV5tkYpO9KUbikJ9qwxnBJqiiRsiAPDj_Q=s88-c-k-c0x00ffffff-no-rj,,
687568c1c9254c8ab34e7b6efbdd6dbc,1260,159227,https://yt3.ggpht.com/E6nzBngiuh9A9ZIsoKyRLD9BJZUpvZkpgwYUDcf_gCKDeA4_u8yY5TvlhepXU7FetbUO-nARPSY=s88-c-k-c0x00ffffff-no-rj,,
689bcf2176f84f86a4fb53800f25ea7a,829,1488,https://yt3.ggpht.com/olxC36HgQC4uZE0kQxpG2KOJU5gsxRVfXFsJ-axU6rlGkNroLvmIRfsiftLiRFK6bLktenl10Cw=s88-c-k-c0x00ffffff-no-rj,,
68ded9e397c846acb7b85224713b8b80,698,18424,https://yt3.ggpht.com/ytc/AIdro_mUDP2hDdRoHYpSPwDvusQF8jh5dYLeQFQ2b4TGzlSEVA=s88-c-k-c0x00ffffff-no-rj,,
6908430ccb204a1b9d95ee7a1711cae3,,,,2621,https://static-cdn.jtvnw.net/jtv_user_pictures/d4f17768-13b3-4af7-8c9d-7fdd601db6da-profile_image-300x300.png
6926325d2c1c4c4e87f7be69ab675d53,151,34437,https://yt3.ggpht.com/_SYE52a2Osdjq6jKemVz9ulfKXLnBSCqExQCC0P9EI1nG_drHOGd82Y15_JWrTbLYPVfeR_DvJg=s88-c-k-c0x00ffffff-no-rj,,
6929e06cd9ed49739cadaa35115847c7,29500,1327384,https://yt3.ggpht.com/qVQVymaGCFDl-Jb9Qe40dlw9dQ7MxQc0cLHEL4cZQey5rcQvI5ERSucMV4htFVZWdQiIabeDLA=s88-c-k-c0x00ffffff-no-rj,,
6943bbfc993443d4b3853833b3bb1a66,33600,6211030,https://yt3.ggpht.com/CLnYzw_Hb2lFGbALV3ovJJgRfMVoMVvcTDBCG72KjfV0a_ajfmFipd9Fh8_eIei4Z7idt4j4ig=s88-c-k-c0x00ffffff-no-rj,,
696e947cd8624e609553d6786d21f11c,6910,185836,https://yt3.ggpht.com/7XWhYTcVHNDVnYG5fS6ZqKISbP6q7x2Jf4b6vW74aTIi-f3011UATKGIBlPBykkNFxaxqatcuQ=s88-c-k-c0x00ffffff-no-rj,,
698aa5547b7c4cf793b1411322d1b423,182,1661,https://yt3.ggpht.com/CekWMEU2jp4Yl8mqkXMD-WDX6YGorvrADf8BP-h6-WXwxTOHpVD4AqIcvHfw_mcCuRcfieInHA=s88-c-k-c0x00ffffff-no-rj,1028,https://static-cdn.jtvnw.net/jtv_user_pictures/2b39f663-318c-44dd-9160-1a823d4bf720-profile_image-300x300.png
698d1cca0e1f417892c954dabe0aacf8,189,1449,https://yt3.ggpht.com/078RCp8UsBpnc3B1xW-seLHxTL0ULfOZhxHC2Vl1flRkpVD2HbKaUlMAD-ewGZa415wro26wyfU=s88-c-k-c0x00ffffff-no-rj,2136,https://static-cdn.jtvnw.net/jtv_user_pictures/ac411740-4e1e-425f-a510-bc68d6d512c9-profile_image-300x300.png
699b0baa82d0413aa073155683edcd56,125,499,https://yt3.ggpht.com/-kC4r9fKyyXKdFsFVExW-VlgCtGqp3CINubD4nMwpqIeB1WnUCN6qN_uvEiK-SNE_tDztug3mg=s88-c-k-c0x00ffffff-no-rj,2024,https://static-cdn.jtvnw.net/jtv_user_pictures/77040ebc-8cc5-4f54-af9a-de0376d09373-profile_image-300x300.png
6a30fc9ee6f24d839198497406c63cc1,12900,1284025,https://yt3.ggpht.com/A6NB1n8i3VdCu28WTbI18xiGD7uas8nvSS9ty_R8w5yVwYJkabA97eXNUjopvNhqmdu9UNn1Rw=s88-c-k-c0x00ffffff-no-rj,521,https://static-cdn.jtvnw.net/jtv_user_pictures/25116d0c-8fa0-45ab-895f-d9451713e237-profile_image-300x300.png
6a6547a3f19d4870a6f11b88c60a5296,,,,3456,https://static-cdn.jtvnw.net/jtv_user_pictures/53cb95b4-e2e9-4809-ba1b-1fcf6512103f-profile_image-300x300.png
6a915915ad2a4d29b524ebd50f2dbbe4,116,1677,https://yt3.ggpht.com/FxDH3VKVXT-ERokG495lD2A6p7F4M2kHM56JXrP8l9hOyrvLWpb0MT3RKHoCiZ4ucVkSza_g7w=s88-c-k-c0x00ffffff-no-rj,1382,https://static-cdn.jtvnw.net/jtv_user_pictures/1e09d717-a0cb-45d2-b4fb-8bc68b4df536-profile_image-300x300.png
6a963053004f4deaa0dbdf875db41879,,,,518,https://static-cdn.jtvnw.net/jtv_user_pictures/d3c0725b-95d1-4ee5-89f9-0ca4e2e535e4-profile_image-300x300.png
6ab090baa4624f1c8fca28312799e826,1270,40444,https://yt3.ggpht.com/XkCYgbiOAOrENZoI3BNXLnYB6nkDQvoZZXLVscxohQV6I1ajC1nvMT54vc__W9SiRAOK4LgwIg=s88-c-k-c0x00ffffff-no-rj,687,https://static-cdn.jtvnw.net/jtv_user_pictures/aaa5e108-61f2-4470-8866-1dd80e8d7e72-profile_image-300x300.png
6ac39c9c814e4dfe9c2294345a2a3e9c,229,9360,https://yt3.ggpht.com/GNsEEJRRDQlSWEwtsDhlWefZK4kk99fO8liQVbNS61FRVTd8L-jA3kaIbyv1U-lgv_t6CaHAvA=s88-c-k-c0x00ffffff-no-rj,1024,https://static-cdn.jtvnw.net/jtv_user_pictures/c2f8f283-f637-493e-af1f-ef209a40cfdc-profile_image-300x300.png
6adad1ae67dc495dae88cefa06446593,1410,101984,https://yt3.ggpht.com/sqT2dstz7vwyfGSZwc_l_QHqbv38bxBnX7g0ApmrQ64oqeNay9MDD7cVItpnk5UEFWiUlkBI=s88-c-k-c0x00ffffff-no-rj,,
6aefa292dc61441e98c787efb0067922,40300,840540,https://yt3.ggpht.com/C9Xx9z2gJxYNc0Jh1CnA82sv9JAXjFwhewT98jhVRu_F8GeU6Axf62crsYhE2sL7bvYLTivV=s88-c-k-c0x00ffffff-no-rj,7564,https://static-cdn.jtvnw.net/jtv_user_pictures/3198b220-1303-482a-ae2e-fb966393bffa-profile_image-300x300.png
6af8929143294c72b25a7108e79e2faf,22200,624376,https://yt3.ggpht.com/cuLF724pxK3xgbOzFyMkXN9yHtk5D6UyzcW1-J9Ha8-qXKHLTMFHEg6IIPKZoQrXmPsP5uhxo8g=s88-c-k-c0x00ffffff-no-rj,,
6b21f41580a64cc7ab15d219a612723b,100,0,https://yt3.ggpht.com/602qXmsWiKUkpLmd08JVSH8MSObMGOr0yDyuQxE2sOPw3qoXXB-noBOnuHjonOyBpkjJnbOaQCI=s88-c-k-c0x00ffffff-no-rj,4587,https://static-cdn.jtvnw.net/jtv_user_pictures/24293100-1224-4d0e-91de-06f67f2e6108-profile_image-300x300.png
6b2ebe86ad7c4eda910035c42927391d,1480,49578,https://yt3.ggpht.com/koAfgqSqu2dyIlwpXJZB1T0NnAMJnqtZgcoOb-gTHVUj7SFZu6gtMcI1VYciZO34SlnOD4wQ=s88-c-k-c0x00ffffff-no-rj,,
6b36f446b10e4ea99d5d80d60beeee21,2090,46905,https://yt3.ggpht.com/ECC787Y-FFS2PvslKq0WJrfCl6KI728RI8w2G0B12kiODBuBus42jt1ENMhxlyI8hKIT8xFE=s88-c-k-c0x00ffffff-no-rj,8319,https://static-cdn.jtvnw.net/jtv_user_pictures/7dcb69a5-d862-4b4a-80cb-a1b954c12865-profile_image-300x300.png
6b43c568bdf044e4a4ae0bae0cb9fff2,2270,87323,https://yt3.ggpht.com/s_bMQ3ugqMdTRB-uUqReLeBDDxfQMtaMy_j_k2g6I2gtDXPCetDvx7_rA-fSjOZegt0b8A03nw=s88-c-k-c0x00ffffff-no-rj,,
6b5f0c6b2ff74b0b9f906f5000298b91,143,6317,https://yt3.ggpht.com/PRfhY-CppJpO1T4KqkxFbx5l9aMNKgfWo9ex8PFhg5QnQZiCDqiGlQSqZEzNMDUP95LuTNOkjA=s88-c-k-c0x00ffffff-no-rj,,
6b8922c9532e435eb4f03cabc8bb23b1,4040,162269,https://yt3.ggpht.com/MUeakNa2Um5d4qNAQdDzoteB-rTWI0BxGxNku0Zb8WGMemrGICDrrj-raMeDb3Id21BhI0vwYA=s88-c-k-c0x00ffffff-no-rj,2711,https://static-cdn.jtvnw.net/jtv_user_pictures/5f2230fb-983e-4efa-a465-db37f7b6b496-profile_image-300x300.png
6bb236447ed9412a98c9b2d7c9069e10,14,58,https://yt3.ggpht.com/jYAhto9M8Nt0G3BpBn2fJgmmFMWLJUP2HJ73VIi1OQCEntJSTsyx5oJEyWFcS1Ls2jECkshpnw=s88-c-k-c0x00ffffff-no-rj,1690,https://static-cdn.jtvnw.net/jtv_user_pictures/95a996e6-99d8-4672-95e4-c41042c3c450-profile_image-300x300.png
6bb99d03979041aa909d87375acaf92d,547,82112,https://yt3.ggpht.com/jrXCGul-Z9th7Ob5Rbwamo3HPE6FOvwkv8vZYtaldlzQt9-4tzzjf7dWjlG1vPvqsvBdnfh3Bg=s88-c-k-c0x00ffffff-no-rj,,
6bcb75418dd24274b2fe4b8e60a94999,35,1889,https://yt3.ggpht.com/Prf6ekVvf5OBc5CcMZqdBSagBjIVAczqeCMdaoWpo6LODgYW2KpKyy_jiMOOrdqML2dxBDhMow=s88-c-k-c0x00ffffff-no-rj,405,https://static-cdn.jtvnw.net/jtv_user_pictures/d7207914-ba17-4647-ba16-8876d218979c-profile_image-300x300.png
6bd49f94afb144e995247388ca8c42a8,60200,5319172,https://yt3.ggpht.com/mCQaVnGfbv9OxIYIv92s39xSTliYCai6S_P90hI8xRl9_GYD6tq4IgGv0OLVXviPU2VpLcQyKA=s88-c-k-c0x00ffffff-no-rj,47299,https://static-cdn.jtvnw.net/jtv_user_pictures/061ce9d9-66fe-4f4f-a291-8a7fd303dfa6-profile_image-300x300.png
6bddfe8d54104f4192c56e4935a871de,975,35010,https://yt3.ggpht.com/ECeUyKX_u2TOj__2zTFC9usDm9yGzqaKjvBR_mh1rga2r11RVUhpZZ9BZ4lftSSFMwwtjbEq=s88-c-k-c0x00ffffff-no-rj,260,https://static-cdn.jtvnw.net/jtv_user_pictures/b18c9a21-c712-4df7-ab21-f9cfe42bbe88-profile_image-300x300.png
6bf231719d5e485fa0cdee99905858d4,69,797,https://yt3.ggpht.com/IydMYesxNIYAmPnHBDfFKyO3N-atMXRsTf0z1Hep0xRc9WXcJ1BUoF6Lo0rcAbyF3I_N7Ft3AQ=s88-c-k-c0x00ffffff-no-rj,503,https://static-cdn.jtvnw.net/jtv_user_pictures/461c4bd4-4ee5-460f-9215-4d1482295245-profile_image-300x300.png
6bf5f37da9e74d539963689b6b0256a5,3520,393687,https://yt3.ggpht.com/vgeRPzDWxmh12Sys7UVEgsjYfk_0lWfff1iXANzR7Q4sA9cNVPrNM7g-0c7qN0KbLSmWvkte8vU=s88-c-k-c0x00ffffff-no-rj,,
6bff712e91fe4fc19332873f9db07c2a,727,22611,https://yt3.ggpht.com/BUA1HIDz_RlElYckOPkNVJN1mqV_Gh-o_jZLX8ksowbehvEYK7ovfEcui4wTL5Gf7LM1g8YlCg=s88-c-k-c0x00ffffff-no-rj,,
6c0758764e674c6db2f985710fcfbd7b,12200,460124,https://yt3.ggpht.com/3T17uBVnjd_SVE1ZhXtTylZ9k1npofbKGsk7CiqW0XO3_UB5NbLBtjEsp8xv910ysx4eOI8C7Q=s88-c-k-c0x00ffffff-no-rj,,
6c166d9128e74147a5c0b1dbf89c885c,412,5998,https://yt3.ggpht.com/dwix7-BkUPe7GGGtP4jyI5aYPst23EzTKfiePQ3Klq544zsYiU1WMTpBfvALKZVpYTFRvZYF=s88-c-k-c0x00ffffff-no-rj,,
6c2b07e387644ff1898d8c536747dcb0,585,12638,https://yt3.ggpht.com/43A7fFW7TKAdVueQxi1RIrMfBM968H3In83dRWeOtxEge34jG5isWJI3rAEexRPLoQ_Uzmsx0A=s88-c-k-c0x00ffffff-no-rj,254,https://static-cdn.jtvnw.net/jtv_user_pictures/09cbb875-0a1a-4d95-a18e-4a56c89a521a-profile_image-300x300.png
6c3a22611ac24eb19cec3bd7c78a8705,814,200843,https://yt3.ggpht.com/0YvXyu-ugr6L7KI2i4Sv56FWquKXO2X_tgPXx4yWAiEvXeIgwEbhZ-ke31I6ayU0dmm-Zzs74Q=s88-c-k-c0x00ffffff-no-rj,,
6c3eeb48b7764f11804ff8110d5d990b,820,77991,https://yt3.ggpht.com/ytc/AIdro_kNwQ6ePuUEPdXzSYip46PKzXZP0f2DetXXmJGMPz_Hmg=s88-c-k-c0x00ffffff-no-rj,,
6c4992a47ccc4c3bb997d3c49ddc2ec8,2380,54254,https://yt3.ggpht.com/PA2edyLaBhiAlnxjHFYFr7V2kTgnTePB9vRvheuRJntcTgTQAOG-KtOifnTqu-ltLqOKPjcwRwM=s88-c-k-c0x00ffffff-no-rj,714,https://static-cdn.jtvnw.net/jtv_user_pictures/60de52bf-3f64-4e17-8c63-37d1f2ffb10d-profile_image-300x300.png
6c5d547cdebf4daf813ac8b66c9fb873,711,17110,https://yt3.ggpht.com/JKQi5kVG02Gt_qet0LpwDoM_m4fael_UeBD5VTnU6d_YkKH913UjzSKuV0my9TjBnpLhMKvqrmg=s88-c-k-c0x00ffffff-no-rj,,
6c66740fc44a4a489e7a67ac93dd274e,100,1168,https://yt3.ggpht.com/jbNunxYhdBSNwAO581FuCaQ9gZbTQbh4fiu1moHRVa8H0sB62BkccklqQBP6Ow_BQOxfZnQXTw=s88-c-k-c0x00ffffff-no-rj,406,https://static-cdn.jtvnw.net/jtv_user_pictures/2d8fc820-d966-4583-8c06-cee134d15559-profile_image-300x300.png
6c7336d4605540c6871de5f96874129c,,,,20953,https://static-cdn.jtvnw.net/jtv_user_pictures/5cab7bf6-3eab-4e37-8168-28a5d2f89e24-profile_image-300x300.png
6c7a8b443aa942a89a83485c98d10559,16300,1350773,https://yt3.ggpht.com/2RBeq7Fy5EJab2zTCg2nKsTqHWQyWr35K8hGwSce6xh9C5fW8a9BJKJw3RFEbaRZ_Of4bKVMww=s88-c-k-c0x00ffffff-no-rj,,
6c812a2f61ac470f8e3b30a92dca9d81,2410,74249,https://yt3.ggpht.com/GGawimzSsqlvhca2qbo99gCSrjoK5R1We_h5rQw_Zm1VwhosUKiLl4fEcrmOxwtxb25BtByZVA=s88-c-k-c0x00ffffff-no-rj,,
6c872a4043b84e4493877a42af684d1d,54300,6256330,https://yt3.ggpht.com/4GK0hsDanM3vuFFivD1oOplDyd-Yhu0QbPQtzA2hmNAQ5EA2BdefBvcLkf8gKM-zkF9B0nwDKTk=s88-c-k-c0x00ffffff-no-rj,5085,https://static-cdn.jtvnw.net/jtv_user_pictures/4bcd61f1-0e01-408b-90f4-af52cf9d6e02-profile_image-300x300.png
6c88799c6f45407faf0f9ea007b0dcab,33900,1686279,https://yt3.ggpht.com/jQERQiVoEuJBIWxD29_DgNAjGxuFmD8grFCCjnzxw9MP5g3E-jeiAgHKrSVnFWp1Cq8N9HbU-Q=s88-c-k-c0x00ffffff-no-rj,,
6c8f616ab73c449d8eb8e3888c2c8bfe,87,8,https://yt3.ggpht.com/knmWQbcZnWu1KfHc5rMnzP0HMTngoGXwu3AGLdtfJlRcylJ-MF1XFNoeVzmwv2hnUBw-5SIEBA=s88-c-k-c0x00ffffff-no-rj,1463,https://static-cdn.jtvnw.net/jtv_user_pictures/16aff07f-37df-4c3a-b89f-65dae340621e-profile_image-300x300.png
6c9b67b00b3c4940a6af6a6604b0b1fd,455,11639,https://yt3.ggpht.com/ulLCy3VV8_LOZM6Q-0UhKS3WrFt1t8VfT4DQVwyadzrcKn1CYjRcB8tzPA_OmDVhiBpFSosqIQ=s88-c-k-c0x00ffffff-no-rj,,
6cd8cdc530d14e2d9d0a9cd20cb6b05c,1930,67696,https://yt3.ggpht.com/lL3iaV9sV_GB5wzn9yO7kfhqXoFunKFxsHbbB6KRDMYSbRiflF2_6QX1S1OPmPBxs6kYkuoo2zw=s88-c-k-c0x00ffffff-no-rj,,
6cdaf0b035d04e3794a5accd5ed8b08f,178,1326,https://yt3.ggpht.com/T63o1KaN-irc0Yy2yiX0X3O98guvKsuV5t1YJhFgAbyhffViHQC4BsfBBg8_UXmmLHftFtdoyA=s88-c-k-c0x00ffffff-no-rj,,
6ce5f9e78ea946d8a2fd4191005557aa,27300,827422,https://yt3.ggpht.com/Z2I7Mey00jAKZ27H52BgnQeJOPiPF5VPKV0y2jk4gAuF1iUdFv1xd4ww2zOp90Lgb_Bd4WL7ig=s88-c-k-c0x00ffffff-no-rj,615,https://static-cdn.jtvnw.net/jtv_user_pictures/0bc9a2f8-525e-4afd-8270-0436f94221bb-profile_image-300x300.png
6d144d78d2284fbcafa2428a5d132733,825,26128,https://yt3.ggpht.com/2AE37zfe1HYWX2jAtkHCo_6KZF6lAd1tV9TeSmsGepYbHrKwaIaBSyNLzp4gzxWBwvgl9EQOvQ=s88-c-k-c0x00ffffff-no-rj,687,https://static-cdn.jtvnw.net/jtv_user_pictures/6daf61c5-ea76-4bdf-a0c3-c51a238d3d84-profile_image-300x300.png
6d1b01658ae74a7f91c7f60b5abe1cb2,321,80203,https://yt3.ggpht.com/GE7E9xO-DN78GU-l-iOOYLLge0bweUoFZuDhcLSUn6fawqe9B4P0-aSrqiiJcI1NILdbrN2Zxg=s88-c-k-c0x00ffffff-no-rj,,
6d2945d11f504edb9962f742b54f6553,2070,32634,https://yt3.ggpht.com/b6kzW608C-xDLhfRZG8KlcvMXJNBeYC-_f3DqMpk20EvsycDOGCn_w3Eab_MM5JKdhpNUoderg=s88-c-k-c0x00ffffff-no-rj,1031,https://static-cdn.jtvnw.net/jtv_user_pictures/c15edd14-c9a0-4473-9233-418f5795962d-profile_image-300x300.png
6d61885259b744a28c7b92c0785e8fe9,1520,141497,https://yt3.ggpht.com/7G25ZZHW-aEjBRAmzBtkKaoJqHi9wh1qsw55Cm8uMNsjY8Hxh20AZ_I3iw3vUhHoV99tvxtDyjo=s88-c-k-c0x00ffffff-no-rj,860,https://static-cdn.jtvnw.net/jtv_user_pictures/62f31b65-f8be-47ea-95d6-fbabe963d202-profile_image-300x300.png
6d76e6b27f164061a216ec2831bd8dd3,184,0,https://yt3.ggpht.com/ytc/AIdro_kw9YmgEj88Jf-4HL93EXdKhaAdaJ_g0PiKjXzwSnaGzQ=s88-c-k-c0x00ffffff-no-rj,1053,https://static-cdn.jtvnw.net/jtv_user_pictures/b939e224-7b28-4502-90fa-c0ce76568ecf-profile_image-300x300.png
6db0d51e6ac9410f84f79e57448b8a60,1270,124458,https://yt3.ggpht.com/TvpReq_Rn-XY9IySZoFjM81Zx4uIoenvdtJ-g9bvRdkrNaqKa1qGS3pHSmuwi6dFpxRpcG5n=s88-c-k-c0x00ffffff-no-rj,,
6dc75ab227e34c928598bde8f2d324bf,111000,19628854,https://yt3.ggpht.com/gjoVfczXmGnfQlEiAbz70WYtViP4G5a8XBURH3kTKTCGoWELrqriM0x7V0VldJTsyFPVe4bemBE=s88-c-k-c0x00ffffff-no-rj,,
6df15d678de844d1a7f08226c02d6183,1230,7470,https://yt3.ggpht.com/QkyQQIcjY4MrAzm7VGOy9FLA7EXUw7wvaCISs_2A6SwNOhZW5TX7EnySEMHJxuuXh7NfFtiD=s88-c-k-c0x00ffffff-no-rj,,
6dfe72bb90994dceb7b753908876307d,9770,318060,https://yt3.ggpht.com/ZfM3nVKxrPHB5vj0IzLBGBw1L6RZl8khmxkDmI5l0QQ9_Cw239HPj8NATNegJPyw453CNuL9Zw=s88-c-k-c0x00ffffff-no-rj,,
6e1845e76035452287436153470e8656,2370,102912,https://yt3.ggpht.com/ytc/AIdro_ncnhKxGBeG05N4mU99NyPeKRJglkVm-cX5Wb2akkXK9FQ=s88-c-k-c0x00ffffff-no-rj,466,https://static-cdn.jtvnw.net/jtv_user_pictures/84a06f6b-2cd5-4fa4-86cd-250b3b389f9a-profile_image-300x300.png
6e51f06f6a02439d82b213b623cda4e8,8250,260019,https://yt3.ggpht.com/5xx-ipmLPkhoO8jg8YYvFYwbPmgYNM_Vh27aZ-XZbwnbOInKmA3ItlYSMnoYj6E-V5NVHmWkTFM=s88-c-k-c0x00ffffff-no-rj,,
6e6fd1311d2f42228faa8b1ccb0fa589,1310,54766,https://yt3.ggpht.com/KOXLYi5zozIuMxYPhMta7XPNVwj-mpzWv82_1TCead7TyWLWVhhikKeNLGcnKx7e0maOpkgLJw=s88-c-k-c0x00ffffff-no-rj,,
6e845fd52d044ab598cc4ca35ba91f88,1150,7567,https://yt3.ggpht.com/osIGqhHBlb9U5BMUABUVcncgEA4qM0cDKtdNUmV78rlWMhEzElAlJBTyfdxmSuhy-aS2mNKB=s88-c-k-c0x00ffffff-no-rj,,
6eac5ce6527b4513bcff4b38d277b5cc,279,10850,https://yt3.ggpht.com/U4-tB-Rveip3HA0GNa-Q6F_01CuoVrgSHI9xDCwIbM0-GSsxjT8oXQwUePXt5XtHUMW9mHAEwQ=s88-c-k-c0x00ffffff-no-rj,140,https://static-cdn.jtvnw.net/jtv_user_pictures/5012ef88-b9d9-45de-a84b-26e63e966064-profile_image-300x300.png
6ec708afd89043b682eb82dacc36c3c9,,,,953,https://static-cdn.jtvnw.net/jtv_user_pictures/37fc88be-e1ed-4f3b-9d7c-09be6f80f369-profile_image-300x300.png
6ec876adec524585af913c1585e8df1f,376,1064,https://yt3.ggpht.com/vJi_i80QnCVk-d_BqIhehB8JCUrof-_l8AyZ3lrYavQONWFx9MraaF7w-1jpmDXT9NOBESkTUg=s88-c-k-c0x00ffffff-no-rj,1373,https://static-cdn.jtvnw.net/jtv_user_pictures/010f0bad-41f1-4a3e-b48f-a6f5944722ac-profile_image-300x300.png
6eec62ae2c9849de8ca895cef44ec952,8110,349938,https://yt3.ggpht.com/rpF8NxPNYI3R4phbDneABidn1FFGyrXn0Jo82QC9mwI7KUB2PtRCOlQ4ERRLXaKLlZX78do7l1I=s88-c-k-c0x00ffffff-no-rj,981,https://static-cdn.jtvnw.net/jtv_user_pictures/5e946972-73bf-455c-ad86-c33dbd6b946e-profile_image-300x300.png
6eeed5b0702a45df8470a617ee2c5243,2060,23527,https://yt3.ggpht.com/M_ixB2c8jwpL1RgivAyeNZk2joynH1ZxiEAls4oNkyXyumTl9NGlw9fhX-rjmhjvSRs-bO9ZaQ=s88-c-k-c0x00ffffff-no-rj,,
6eefc3826f4f49a0b28a5288c5e0d83e,1890,15200,https://yt3.ggpht.com/xHEXKC90vezgNhfTi5Ssggz0q6DYx1LPX83ifXdPhKRx4W7Ffh6yh-XPBTkOnMHkcI_3w9mKjQ=s88-c-k-c0x00ffffff-no-rj,1965,https://static-cdn.jtvnw.net/jtv_user_pictures/a63c277b-ef8e-42f5-a503-42628a6370ff-profile_image-300x300.png
6ef3b507ab8e41d499c59d8cf8b65202,885,0,https://yt3.ggpht.com/ytc/AIdro_lzKq6pdBdsWEQcQufVB_IXdGzG9gPOn0aR7bRf0Bs94A=s88-c-k-c0x00ffffff-no-rj,,
6f382359f4d0436e9e1d4f87e4696e76,2080,59133,https://yt3.ggpht.com/5e2jRfCVXWse9bAX5WRmeYCcP3WKUBL9bEDo2JaTbMDAkRq1KL75ltVzDufqulwxke-jyiRwVA=s88-c-k-c0x00ffffff-no-rj,,
6f56b6d6dc114fd494cacb95948cb815,1680,28248,https://yt3.ggpht.com/jHQ37MCD4bLm3svuqPmou6v0fH3byUidm9E4DBVI4LU1Df6gHuC-ul5OpPvD75q_MqKJO5P8Yg=s88-c-k-c0x00ffffff-no-rj,,
6f68d3f50edf4814b59a4a018090b180,1310,25334,https://yt3.ggpht.com/wJ_iAIRpz3iSJyfuPBfKGNvZVT_Y8ject-CQygfm8eCy7fF3zIeymwn9WSd89IXB5t77P2gIpcY=s88-c-k-c0x00ffffff-no-rj,,
6f9d63518a69442a88ac602a3b37bf18,8420,455907,https://yt3.ggpht.com/81s1ygx14zIDyDPrRk8xzRGMyWQ27rSzojxlE6eGuifOLIxoihJLOboxB7z4DCxQaqCvzQjOkA=s88-c-k-c0x00ffffff-no-rj,,
6fa1245c717d4af68589205df5ab6427,4110,125284,https://yt3.ggpht.com/eSWnapxaVOr2CbGFT_7STI9VcK-oD5aW_xAGHt74dZeb9nYSpIn23bU4sYkkIyarp0b-EbEU=s88-c-k-c0x00ffffff-no-rj,428,https://static-cdn.jtvnw.net/jtv_user_pictures/03029578-6157-4bc4-b9a9-54b7ff87d1e4-profile_image-300x300.png
6fa20242354646ad8e8feea8d52e514e,280,6488,https://yt3.ggpht.com/z0JDq_WgQ-7ZUYF3ribEnk74QFRM9xF1wl3zsGNk6wyZnP-eI5stzvEkQOmYiVRB8S1t6P5o=s88-c-k-c0x00ffffff-no-rj,,
6fa5098cd1c644c5871a47a7e56803dc,1960,41566,https://yt3.ggpht.com/Gh6rY9NJ1jWPAOCGyYUELBP6Yf-5eRqyWEl-weiwM1iraB6gBfyIF-vDkj-j-67OqW2TWV9MJQA=s88-c-k-c0x00ffffff-no-rj,,
6fb8c6dea7404638a9d78d4b0d84f64c,40500,3371468,https://yt3.ggpht.com/GOYutNOHjvzxYMmXaJIIMDkheEbGjLxxj4HejRKpMABWbnLiswlP6TM4pw01FTx710R-Sq0UNg=s88-c-k-c0x00ffffff-no-rj,,
6ff6adcddc934a3b94e45448e1912539,1340,202337,https://yt3.ggpht.com/5kkiYVRf8_9IH9ofc7KOdFMXpVWEm8A3j6XV-qgxE0dIBB3ccyhPSJ7vQ1Cwrq7KMMAtjG2x7N8=s88-c-k-c0x00ffffff-no-rj,1894,https://static-cdn.jtvnw.net/jtv_user_pictures/17853fa4-9fc0-4335-9405-5efa646e86ed-profile_image-300x300.png
7003e3e3a24244ffb5ebfbbdc20c97f8,711,15461,https://yt3.ggpht.com/6NRIy-zziJq-eHc_PEMhlkgcCXC-yDribh4erRFPYaD0pmRcG5DjTUXEvFqd7vnf6lVoS4XUXQ=s88-c-k-c0x00ffffff-no-rj,,
702c74978d8f4adab79f292cbecb49a4,78700,6228783,https://yt3.ggpht.com/uza5ZbiYtnROpHJN-Ul-7RjZ7TXvzmX9eFAiQ47irT0yCc7gl3nzLEPErWDJP67zttv3uv3clw=s88-c-k-c0x00ffffff-no-rj,12380,https://static-cdn.jtvnw.net/jtv_user_pictures/bb6aee39-1b1c-486b-bae3-f85b409a8a9d-profile_image-300x300.png
703ae2c7ccc9431382a5b0f2c35e6ec1,9900,423077,https://yt3.ggpht.com/pKhPit3SGDRrM-NnqTBnlow45AezigBCjaoFiMiOaIM36T-l4iikeBHbW-hVO99FX9ap2TDPXw=s88-c-k-c0x00ffffff-no-rj,,
703cea871ebf4ab6a8b2704f7611197b,291,8269,https://yt3.ggpht.com/VmJtIQqJ8u4mb0gkqBnETsu8BQqr5c3H7WDRvmYqnk_SjUAR6MRHq4ngJVUyCbaNFO-1NVR0IXs=s88-c-k-c0x00ffffff-no-rj,,
704fc1f053134276ab03c19687cfcca6,150,0,https://yt3.ggpht.com/8uTzqzRCKcX1N5TmMKM1Nll_CN6bO_Jiij0YpPkQUmz55SheWdAjVPA8EQNSVpWfJj5aRDVZ8A=s88-c-k-c0x00ffffff-no-rj,,
7051e693d03645bda16b3591f06ebd3f,422,20012,https://yt3.ggpht.com/5EK0qQdnKQCJwu61kz8pGkBIObRWQL5ehQTFmhedTEfyG3ZLmdFcEUziiGN9_d5ssi7D405MsnU=s88-c-k-c0x00ffffff-no-rj,,
7081557634db487fa467b0bd2f939f66,22200,836801,https://yt3.ggpht.com/g5RIg8-BerNSCoPZYaBU-5qnnHG0OccJN2miwb6gBBNUos5VEQiuYH_OHIvpAE0b8btlVRWuvA=s88-c-k-c0x00ffffff-no-rj,,
70874043d50b4e3a873742127251caa5,1770,72075,https://yt3.ggpht.com/J8in2TdjrnoQkvqNO9XDIbBbt7h4tmjqRqV69B_wxoVtqu33dyg1BCwSX5fmWddSvwpTce-xRw=s88-c-k-c0x00ffffff-no-rj,,
70a7428607b845fc959fb7d4859d018b,3350,307221,https://yt3.ggpht.com/1N6dNuAko7yn8lUphnDbm7TJKHlJ_6oGFpCC5ZzGpthgHO7UGYkUxk7f_gawWV42LSAXvXji=s88-c-k-c0x00ffffff-no-rj,18940,https://static-cdn.jtvnw.net/jtv_user_pictures/1804bb02-f4e6-4844-84e3-a47bc7b62256-profile_image-300x300.png
70adcdf6f8a146089a4e724b14146efd,2750,73802,https://yt3.ggpht.com/yUhqwvlo9bd1nN-OvGN2RYa5nl4bTvVKL7uqvHB8oiE-cNnvMPV2NMUvOBACVNJc3TV384ZB0g=s88-c-k-c0x00ffffff-no-rj,,
70af0f70b6284690a524eb87aaa1d296,996,57523,https://yt3.ggpht.com/VpkYAf7ARYyeJhZ-cMxqrQd0ArEgU5Lf5y26xMLQxCn7fOGOYhpRAK9x5Gl1ZyE-fsX_P2wbbQ=s88-c-k-c0x00ffffff-no-rj,3210,https://static-cdn.jtvnw.net/jtv_user_pictures/93b9cde1-8dcd-40a3-b938-3487d1c64701-profile_image-300x300.png
70b86c53cafa43b49e2782fe4e4bbd6c,1110,0,https://yt3.ggpht.com/zGBDc9sq_og9DDRAzgnjX8SD1DctzdMv-7NJ-dfr6DnOv9I7AXBPuiFFqf04EfqeWgn7lTWIcAg=s88-c-k-c0x00ffffff-no-rj,,
70c982c2dffc4cd08c90431abcc8be97,1550,31092,https://yt3.ggpht.com/gChNq212bjI8dJk-7hDUu35tZdJoYPDfHC-CExBS02IpSg07jJUobFtPaog4chwfgQWPK7JCy-U=s88-c-k-c0x00ffffff-no-rj,62,https://static-cdn.jtvnw.net/jtv_user_pictures/40dda1fe-6631-482d-a781-cc6fc21bf8f6-profile_image-300x300.png
70d5f64a7e324d7584d7e5116d6dc5a2,1920,60509,https://yt3.ggpht.com/v-6vC_K5Vi-9awujIfc4YLX5iE1PIedgCAt3dvm3i6w0WhOyOJ5Ol4dzaaA5Ok4nkj0ejuvj=s88-c-k-c0x00ffffff-no-rj,,
711514ca9ac74041a4461b2259622a68,,,,642,https://static-cdn.jtvnw.net/jtv_user_pictures/a088c6df-a75f-4d4e-ac64-6ea9e34466ce-profile_image-300x300.png
712d031e7f004ed99aa1dfdb176cff32,1770,78891,https://yt3.ggpht.com/xwMfM8bVt3yFGybPa6erv7BCEm3LZFhxJebbZifuWzhJwJmtJdc9qeoZd29poKGBke6SBFHu5-M=s88-c-k-c0x00ffffff-no-rj,315,https://static-cdn.jtvnw.net/jtv_user_pictures/4e0596b3-44d3-4fe4-808c-485b9f4e6d8e-profile_image-300x300.png
715cc1261d7e42c18135d47bd1cf2500,6580,122760,https://yt3.ggpht.com/7P7-y3iCBA1d6Ry3GCyoKh3dVMvyRj4mZ_-bcanM3Y9ZWwLp2UWTZSuEFKlMNRStIIsp8TJE=s88-c-k-c0x00ffffff-no-rj,5504,https://static-cdn.jtvnw.net/jtv_user_pictures/51ec397c-faeb-4e62-9488-c7ff0e8eea0b-profile_image-300x300.png
7168995b95ab439aa7cf1f3099d7bd88,131,14669,https://yt3.ggpht.com/-F2bWryhc7fIj8XcByp96rXghiGC09umExgwcJI5uhi5uNjIuqAewIjCirCI9mDEGjljH0wdXw=s88-c-k-c0x00ffffff-no-rj,2201,https://static-cdn.jtvnw.net/jtv_user_pictures/793f1424-a8e8-45e2-81e0-572d68962b32-profile_image-300x300.png
7179f903569e4fa9842b5c5ea3f7a645,441,21825,https://yt3.ggpht.com/XwI8wGIZ8BBv7p25cyTAtXPfWYNoz4Gn9CuewIxAlLKr-gkyydJYkmjkaA6jl2YBhKHX5uRa64Y=s88-c-k-c0x00ffffff-no-rj,532,https://static-cdn.jtvnw.net/jtv_user_pictures/714c76ab-d9eb-45c4-afad-ff8ba3b9d898-profile_image-300x300.png
7180ef027197417da8c0143be2d45fa2,68,2447,https://yt3.ggpht.com/38fxDHQKAT5FwCJPpqSoefXU7CPF8C9x9zxaoFI-mfLMuCKx1YRGxPfeFMNGcREkkWty2XvsR18=s88-c-k-c0x00ffffff-no-rj,589,https://static-cdn.jtvnw.net/jtv_user_pictures/8c6385e4-48d7-4a01-a8cb-43ba04bd01c0-profile_image-300x300.png
7194df8aca7745c1b2a61dd91e56c6b8,1600,0,https://yt3.ggpht.com/aTVrwTtRJLOr_yregU-JaohIDInb3C7lxIt-mPc5KX0xO3dTcLA8zgplUHzJUIm_IGfh37t-=s88-c-k-c0x00ffffff-no-rj,,
71cb4ba2455f4b7ca91945b5104d5686,570,21186,https://yt3.ggpht.com/TuDMkAIoStj8A8kYFh3HLEmP3HdfdnKGF2fJAhNBR60v4zNL73gYXBa7HXSNWrKlgbkqDmes=s88-c-k-c0x00ffffff-no-rj,,
71cee502a14d4ef1b9b0264fa2db8987,18700,0,https://yt3.ggpht.com/-4I0qjlRPQSK-JwBXb7IvtwGowb4yUK_dPoCSaZaEwn3QVmwFWZkKHok4jkzXH7-DSe_nckC5YA=s88-c-k-c0x00ffffff-no-rj,5949,https://static-cdn.jtvnw.net/jtv_user_pictures/6d169c29-8d82-4ad2-a374-6a4faf9f080a-profile_image-300x300.png
71e1a399885b48e79c9a98e973e6b5e3,10200,3318991,https://yt3.ggpht.com/4VvRDiMjLjGD3lz_5gz3XtePv_PSMY_iVM9q4Xs1PhsEz8KJ1iptQt4XPA8AAOoNAZryX8Nnjno=s88-c-k-c0x00ffffff-no-rj,587,https://static-cdn.jtvnw.net/jtv_user_pictures/0e539ef2-db84-4cea-97fe-57cd6e6d83ff-profile_image-300x300.png
7232734df59c4e099205c7685007d8d4,347,69639,https://yt3.ggpht.com/ytc/AIdro_mgDnEYGOinScgOjBTSVmZPBkIMOoDEgUdwqTdpJxC7ewg=s88-c-k-c0x00ffffff-no-rj,853,https://static-cdn.jtvnw.net/jtv_user_pictures/4d7f67df-85af-4b18-8614-56bded6df312-profile_image-300x300.png
7259f7e619e943018e64fb24d4d20e34,1410,26876,https://yt3.ggpht.com/5SYsPrV2LNxwmUM-CEkhRMjLfRcI4aGH7pTQwlU0LvAojoXLK6WopXPUYzXWAsbLTyJBper_dyY=s88-c-k-c0x00ffffff-no-rj,,
729621ce509b4641ad8cde76dec037d0,37500,1518500,https://yt3.ggpht.com/XMwd_CHiVf0Ma5uLijAdBX4uLw8ALn5zgDfJpKYYgoa5865JMjhP7ZbLFvnYUVU9kkIu1tHdpA=s88-c-k-c0x00ffffff-no-rj,3519,https://static-cdn.jtvnw.net/jtv_user_pictures/8fd48ce0-ad78-433a-b130-ec56d9641b2e-profile_image-300x300.png
7298d2db845840d7ab462c7628967f4e,8400,347303,https://yt3.ggpht.com/Rnz2H9loXVsZVxgJJUl8cI0hktkEX53SUVMvKB7rlgWl0v8KIf-NTTObmiHGkUxcb9XTAe8OBog=s88-c-k-c0x00ffffff-no-rj,,
72a83f60773546dba886008320809d70,1870,355532,https://yt3.ggpht.com/RHwmdJO7zx4T3en5cNOW7ZBUp6RBfIw8NOPlqjAFjVAwjJxRsTRkuusL596UdIEJddgVXHCUf04=s88-c-k-c0x00ffffff-no-rj,9747,https://static-cdn.jtvnw.net/jtv_user_pictures/06de786b-a560-4737-a22e-5f919485bfcf-profile_image-300x300.png
72cc5bf1729245618e1f10da0b796d53,11000,407854,https://yt3.ggpht.com/64NV6LK94WJ_jrEOjcm46xNBsIcEo32xvADfvZn0v7oaaR0nHMXsdPWHO4c7AoBjjd4lCiZtDw=s88-c-k-c0x00ffffff-no-rj,1516,https://static-cdn.jtvnw.net/jtv_user_pictures/48e0901f-906c-4090-92ed-bf532ccb9628-profile_image-300x300.png
72edc688855047cbbbe495e3f2af9fda,821,27988,https://yt3.ggpht.com/cz72rZzdd0gBqptjrcG-CpJLQepQCB09vJmj0xVUZa9LlrNnOhXvPdY7TBjUkX_H3Dekxh2b9A=s88-c-k-c0x00ffffff-no-rj,,
72ee59fb29644f8b88a4dd3d7e91fe39,300,9367,https://yt3.ggpht.com/quE9wOZULHV-Qu8E-EPdc2qEsaIVyS650r-0maAoLkLdsHT-ajo7-F5jUIY929zBroiFniGG=s88-c-k-c0x00ffffff-no-rj,,
72f9ebd5a53f46199a492667190c0fc4,696,14457,https://yt3.ggpht.com/j-a6XbkztCiQ5HvNMm0_Gx-DbFNK_u0dNyhiswU1TkYgLlLiggHwVsdFaCFE96JSvabMAOROLg=s88-c-k-c0x00ffffff-no-rj,471,https://static-cdn.jtvnw.net/jtv_user_pictures/a9e2d3f9-17fa-492d-ae96-66873bf55e62-profile_image-300x300.png
7327248ff3f04589bca9e61665448ae8,1390,46482,https://yt3.ggpht.com/CDWEQCcIlSNoc9olivjMIsNZLlOdkFtpcGHdDPcbpIyWXmlFdneYe_2vaTKLhukqo864sd7XAw=s88-c-k-c0x00ffffff-no-rj,317,https://static-cdn.jtvnw.net/jtv_user_pictures/223b06b5-4d00-410c-9d2b-5ccfda34147a-profile_image-300x300.png
73273454c7b4453a834a74701826e0b8,37,512,https://yt3.ggpht.com/0ag0epcJhl04WoTlkE8MbwragVtSENiAeh8CvgmyR3IhxcW6JOBpglcNLZEeh4CWWu7EtZ7J=s88-c-k-c0x00ffffff-no-rj,648,https://static-cdn.jtvnw.net/jtv_user_pictures/d8f8080d-c240-45ab-b76a-d8a3050ba041-profile_image-300x300.png
7342482fda6d40f98e078505a24825d4,735,36045,https://yt3.ggpht.com/_qMBZ-eMFjvRS1scmYk1UhCt6V1u3EzGVMGsRG2o09pCh7MytWygmHuQiyu_GrBv5NyzdyJF=s88-c-k-c0x00ffffff-no-rj,,
7342e2aefa41449880565dfd15a35cad,619,18170,https://yt3.ggpht.com/JX9G1_nsiEpETdqD2nKsT1Z0of4L1OsKyXFciGQvYgi1bItY5e60Ac7G3qPtSgcXyM3_n75aeBo=s88-c-k-c0x00ffffff-no-rj,,
734477be3c5d42afbdde5356c6a6e8ee,1870,49900,https://yt3.ggpht.com/Ikh1N2QQUhGHzLPuLa8GqQ9qqnCJ3TEd9XkBjFhvmsfyVxyupMIyyet3cbxxBdDOUg1eg_3YLbg=s88-c-k-c0x00ffffff-no-rj,,
735a3d989210437f9e5b8e7a7ba6d88a,142,5872,https://yt3.ggpht.com/Df0sUfanXmo5mEYcq35GzgLLm6NjQbNTZapccRltvo-wLCmoN1_cs1Ap_yha3A7HZ6Y-VI-4=s88-c-k-c0x00ffffff-no-rj,79,https://static-cdn.jtvnw.net/jtv_user_pictures/af352ba7-90d3-4573-b9ac-b6134bfa2b51-profile_image-300x300.jpeg
7360e8cae69b4d4fbe91510c776b1c5e,36,2849,https://yt3.ggpht.com/g1GwihYsjyd_MSjsFu8bnRuRtP3BTwhiKdw0Us4ZXqfH4juumvJ1UdCgJ9f1-sLaf-xM-i9G=s88-c-k-c0x00ffffff-no-rj,195,https://static-cdn.jtvnw.net/jtv_user_pictures/135abce1-f622-4cbb-9516-6fb77cb8a9b1-profile_image-300x300.png
73675987096b486287784fc466b881be,1760,96124,https://yt3.ggpht.com/yWhypnuxW59aNhJm_x3JVvisIXRWh-lsm7bT3uTALJZZYQIC4eEDSVdH8f1eJHSe_q_Rzyrgxw=s88-c-k-c0x00ffffff-no-rj,,
73755322c8e74479864369766f924be1,331,16770,https://yt3.ggpht.com/ytc/AIdro_lihmkWgYlIhsoGDcGVIw5cHFqPvyvAWZJdlYL1iW5Fw-A=s88-c-k-c0x00ffffff-no-rj,4779,https://static-cdn.jtvnw.net/jtv_user_pictures/dd4a660f-2c65-49e7-875b-5abd77a1a48b-profile_image-300x300.png
738317b741174fff8eefca31fc2de9fe,199,15946,https://yt3.ggpht.com/IdrEGJjpoAAHEk_fRIjfuNp_FUdP3tQxfzgcbwu9HrQ4P77y2qlFNPg4McmkcCvQ32P3Pk-a2Vc=s88-c-k-c0x00ffffff-no-rj,,
73a6eae6a16942ef8726b2c475fef9e0,2210,133343,https://yt3.ggpht.com/ytc/AIdro_miyqcCDQLGTTeF2XXVC6dAZc59OEubCuQ8zfzNZH44Iw=s88-c-k-c0x00ffffff-no-rj,,
73a96bba42b444df98487ed22f97c240,39,0,https://yt3.ggpht.com/AA31nGVCuOMjYAMXZosEiyxwlbF8X398Dh_echx8-rjQMYyCbkoULEj7hskbLa9ZZtUU0xsFjQ=s88-c-k-c0x00ffffff-no-rj,8,https://static-cdn.jtvnw.net/jtv_user_pictures/f6497b99-9feb-4434-9a37-68457f294d1a-profile_image-300x300.png
73b97b1a35c84579aa8ffcd6534efad3,37400,3730443,https://yt3.ggpht.com/qYC-hJ-Xp-6ENCbyk9gaH5cF1f2F6c9BHZLbf3Xdwk2jLEpgiSGIDSVr0qTaj8aahwdr6i2Ag8g=s88-c-k-c0x00ffffff-no-rj,10286,https://static-cdn.jtvnw.net/jtv_user_pictures/3bb6e66d-1f33-4cb9-a8ca-a3b3588ed5d5-profile_image-300x300.png
73f219fc31294239804b67151318e0a8,796,38709,https://yt3.ggpht.com/NigctWZbKaU_tK2W1oUyDZkK2yiRarErvgaoLPQ--GF5yepSmUndAG9Ae5mS_Cm118fQFsgK4A=s88-c-k-c0x00ffffff-no-rj,259,https://static-cdn.jtvnw.net/jtv_user_pictures/92f31a32-149d-4c42-a27c-cf1a18dd9f08-profile_image-300x300.png
73f22d41c523451296a370bc2d2f4e00,2250,65018,https://yt3.ggpht.com/CfdDMRIQjHdtdAm47yIw-EFxgFNRc2t_9uY7e-YewPFKO2eFLmx1vir9J43qAhiACohpZj7W=s88-c-k-c0x00ffffff-no-rj,,
7425576151124e11a94609fd1b8687bc,,,,1540,https://static-cdn.jtvnw.net/jtv_user_pictures/7b29e95d-8277-4da0-82f6-a03fe9b61cae-profile_image-300x300.png
7441319fa18e4556a8ee9ef4e6396ee0,751,57662,https://yt3.ggpht.com/DAzq8_ITc5bfmNlht0tgFW2bVQs6qrdMHPQKIPCMiZA0ucP3zR_aAjOM_-HoPG6y5y4qQ1h0KA=s88-c-k-c0x00ffffff-no-rj,,
746abd9861714105823ebfb2a18f6fdc,318,16279,https://yt3.ggpht.com/TtZXQDFlzObyuC5R8xKOT07tTGtNQqsbL86jP6L42KieYgjbQu74dk5fcSeRBeWMbn8V-h5L=s88-c-k-c0x00ffffff-no-rj,,
747fb5e9d30240a1ac42fbf37e86b55d,1200,53726,https://yt3.ggpht.com/RPb0MXodPX6k4bhER8hf0pdV6hQJb6k5QEFGWedVLY7zOEln8jICqeN80JpnKqCdmwF4l0a-BMY=s88-c-k-c0x00ffffff-no-rj,374,https://static-cdn.jtvnw.net/jtv_user_pictures/7811dd0e-77d6-40ff-8b65-7ab0ae2e8757-profile_image-300x300.png
74acc3b3c4db41d2a13cce887ad2a856,48,3087,https://yt3.ggpht.com/ySyvjRbwsNx--fbEQh_4k-P1V1NSkakiblQLBZHN7KLDFKABrPdQaRsk-QEHa_54cc5mf3n6rw=s88-c-k-c0x00ffffff-no-rj,1524,https://static-cdn.jtvnw.net/jtv_user_pictures/1390bda3-8a00-4269-96dd-c265f6a6f9e7-profile_image-300x300.png
74beedbc5f694a2c94fe73545ba4037d,207,11536,https://yt3.ggpht.com/3X9OrBzE2LA_kaB9s2XQccRnKdObqMtFd5JSG0rAz1OhvJQYL1kRQDeoz9_NoTXQpWI1ATmMZA=s88-c-k-c0x00ffffff-no-rj,128,https://static-cdn.jtvnw.net/jtv_user_pictures/f0feef1b-d251-4f9a-aa0b-78beb1ba7c16-profile_image-300x300.png
74c26216c39a40d1a9f1c5f63fa4d344,8430,323949,https://yt3.ggpht.com/TuBmp8J774mTwWH_QtpmveYeo1EDuKmdTCPMLZu0dpWOcq0daJD-X5BFQmNOrS5yjBu6uGAwaw=s88-c-k-c0x00ffffff-no-rj,,
74c75f221fbb4cffa67de26881bae17d,866,48857,https://yt3.ggpht.com/XdqhZ3mF-5W_EqeqTL-_AOs_lxXyOYEakeaFj_g5Xeu4rZJdtlgq3Nzx17io1eKHOo1XsaN8=s88-c-k-c0x00ffffff-no-rj,,
74f214b764314c5aa446eb9981c94935,986,20523,https://yt3.ggpht.com/YvnHhtul8NPbPiHRzbUwillhTqrZD8wE96gKIqBb2oMCwbYI256RoIJisdaWNzv5JiAhS-oeMA=s88-c-k-c0x00ffffff-no-rj,,
751596501f4f420a8a5c5c9d839efb22,2380,115694,https://yt3.ggpht.com/_yB70DL7_11kopgUodoHTkoeP9g-CWEHPfdhlOVwJVK2i3K5aF1wc5qsqDvmUMLEdgnQIPBGBg=s88-c-k-c0x00ffffff-no-rj,291,https://static-cdn.jtvnw.net/jtv_user_pictures/14d5bb3c-f7ac-4b98-9f1b-690a1b2787da-profile_image-300x300.png
7531ceacd52e43b4a29ba4dc18a3f56c,706,29157,https://yt3.ggpht.com/TbYiEoQHBcojjQdPVaV79ZjbWbieEy-OgHk5fUC-izbctYYy1qg-OnFKkV1qVfSfo4xg6rGoeA=s88-c-k-c0x00ffffff-no-rj,1708,https://static-cdn.jtvnw.net/jtv_user_pictures/08b508d8-9b76-454c-8f38-564be41f3acf-profile_image-300x300.png
757f1b20f7bd459ebd8949da907dceea,5960,271124,https://yt3.ggpht.com/R4sB6Aa1QJmKM9onhIkIwnnoUR_YKQtDZFcbDYg_-45dfThBX0gGB-xrqMUAYmMbSRuCBdv7=s88-c-k-c0x00ffffff-no-rj,,
75a90497bfc2480f954c276b70f7b1c3,2310,170805,https://yt3.ggpht.com/zDZ4yD7QPRASjyqIqhifmXcgqLow3MeZdoxL2A62VJTVY3MyUrbF8VKFzp_Y9DXVEKykizxCM3g=s88-c-k-c0x00ffffff-no-rj,7023,https://static-cdn.jtvnw.net/jtv_user_pictures/41811555-85d4-4870-8f3c-7a47413f38b1-profile_image-300x300.png
75b388425b774a9f99a4483e295a13f0,4240,288315,https://yt3.ggpht.com/ReN3k7zhP4u6QlaZR_9H9NG4tdE1iuax2dB7GoPQLLR5rRfeBxFRlOzUeTJurfUO_lrm9emQuQ=s88-c-k-c0x00ffffff-no-rj,403,https://static-cdn.jtvnw.net/jtv_user_pictures/afbc43ed-6f16-4df9-9ce5-7ad6892423ac-profile_image-300x300.png
75d0bd5fa58a4a5fb479e3b2ebae82a7,10800,393392,https://yt3.ggpht.com/TFh9hp1Flixv1vxsaO0stWVecewL2NnkXzwDuPM_damew9_D9cgE8Bl9vCoK-QPvF3PPRNzzWwU=s88-c-k-c0x00ffffff-no-rj,,
75da31a9fa4e4dafac9e98135bfab373,121,0,https://yt3.ggpht.com/-ZadpPHijetuqcB20qMZisNdc-iyMhTVfcZbO507Pym4hE_xhkYvsB-jc2Fj4G8JFH1rswwqUGI=s88-c-k-c0x00ffffff-no-rj,,
75ddc749133b4c498eb35ceac1e2a0b2,19200,1741894,https://yt3.ggpht.com/A1lz0Xty_sXb_AzdBsznjACeMx4oFF7HsZVTMSTZ2OT-OMaGy8HRalYEBIa0QFrlAg9-Rnll=s88-c-k-c0x00ffffff-no-rj,,
75e0561f549f4775b90601a9d308340a,725,51278,https://yt3.ggpht.com/6NWmLqd1yvbf4Qv2f8AoJ5dBGzj8FJCp-hzg2h-S9w8u4K2chPjjPGnoVIZT4qbMC-1SyQEqRaQ=s88-c-k-c0x00ffffff-no-rj,,
75e2a9a237e14297976b9b8946818de5,757,1573,https://yt3.ggpht.com/ZHzC4fqmTB1vuiCzi4H1AcnuX5zF4-yuJRD2MvdgalM_R5fEWIk7Qo0KbEP0twCszox1fxzsfw=s88-c-k-c0x00ffffff-no-rj,,
75eb49d99170441ab784d7bec7378d21,191,7317,https://yt3.ggpht.com/KcH0KdEhxLwlVvw5x8PUfQ7OQhA48XfY4toRvRMRtckmY7nxw3ub6pMN7gaFaVKZt8yRWqixZA=s88-c-k-c0x00ffffff-no-rj,1088,https://static-cdn.jtvnw.net/jtv_user_pictures/6dc05bfd-6562-40a3-860b-89b1842d3db1-profile_image-300x300.png
75efe1c591fa4cba93c4938c58cfed27,631,0,https://yt3.ggpht.com/QNP7ZhVILWgl_3eVN_Z77vMN0DvuewnMFs-IfYCoV8JMO8aE9vhXtNtnZQ-pBWt3XBN2mr2K=s88-c-k-c0x00ffffff-no-rj,,
75f110ca5e9a4b7db3c57912baf5ca27,2000,166618,https://yt3.ggpht.com/HXvZjbWMBaORfjwlYh9K3z6YbWjhiZagIW2LxJc1b46MUhjduYQyvobVpow6kEKdl8_kmgQrjA=s88-c-k-c0x00ffffff-no-rj,2150,https://static-cdn.jtvnw.net/jtv_user_pictures/d3a3fc9f-078f-4df2-b1a0-7feede808a6c-profile_image-300x300.png
7607603e2b5f422fbdee3d495f62a411,1320,36759,https://yt3.ggpht.com/qlNuaQ5IdT5zp7vFOe8pMEGLfEg92TSiFUUF_tfimQf7u52fMohPd97XUe9NkP_oDTB_y8gMGw=s88-c-k-c0x00ffffff-no-rj,,
76165d25983b463eaa1da66c86a32b7c,2740,36743,https://yt3.ggpht.com/16TZG4iBHG1v9FlbKtY3o1g8mK-x0LQk1t4TucWWRfg99Y93z8J91LyKhDFNuphhaHT3RITI=s88-c-k-c0x00ffffff-no-rj,657,https://static-cdn.jtvnw.net/jtv_user_pictures/4231ee6d-3b5c-4146-a82c-ecd242ffdbf5-profile_image-300x300.png
76355385e14341a5b8360ea9d19d831e,39,196,https://yt3.ggpht.com/YiChuHtsIJqolZcvChU4WkKoRSfeuYwqLTMPWrUZTvDdOICBXJrB55SOzM0fD7DKxnLSBve0=s88-c-k-c0x00ffffff-no-rj,,
76489786a22c4162970f9c288157db6b,,,,1711,https://static-cdn.jtvnw.net/jtv_user_pictures/cc28651d-da35-43ef-af9b-497b93b745bb-profile_image-300x300.png
7653119a278b4ea59d2af5e2ba7d30e0,2170,81387,https://yt3.ggpht.com/KwVDRAK6dcRz8aS9qpfilkDaS11MJOKKCfHWD8B2Yw0Jd6k28do2Y43Q3C_zS3txF9Vr27QN5w=s88-c-k-c0x00ffffff-no-rj,,
7667228c716242d787e1e9cf37224896,2470,96963,https://yt3.ggpht.com/i_Fs2XH9Guq7l3sFlmoXbd97sLv3SAhMbN-a7M0C9soKlWExk6jczZSxmMP7vGova7sPOj8c=s88-c-k-c0x00ffffff-no-rj,,
7677c9c71c0a4decad1472b7ecc604bb,492,5300,https://yt3.ggpht.com/9rTxgloszAQe-7bCs71fG1FRZGwOGpBH8loGl9W_QDGekS71PEgZuyYHylYTKq5PymN63fJOBg=s88-c-k-c0x00ffffff-no-rj,498,https://static-cdn.jtvnw.net/jtv_user_pictures/b795bab7-bd2c-4ff4-a9cd-52bf36d14969-profile_image-300x300.jpeg
76a17ecab93c4c3db069c9a5d8d0ecf5,222,21238,https://yt3.ggpht.com/fkMTTg7r1_Nj4fg-At9MnJGDhj7P0sZCWsAg6Qxr8HIWW0lAzq_R6uTZ1Ybarma09xZbc8X3=s88-c-k-c0x00ffffff-no-rj,1615,https://static-cdn.jtvnw.net/jtv_user_pictures/d31c3de3-5584-4bf1-9517-58ef8e85fb36-profile_image-300x300.png
76b44153656540e7ab449a9f57cef7ce,112,2800,https://yt3.ggpht.com/sbnB2thYdAe-raio2LakfOU0y6lfVn9-lXwJYYICujY8mX5dBwF0-9tX6o_0F526qaMMQOMt5A=s88-c-k-c0x00ffffff-no-rj,56,https://static-cdn.jtvnw.net/jtv_user_pictures/6473732c-a852-424b-aa1f-e0a174ca06b5-profile_image-300x300.jpeg
76cafd8f4f5e41cbad5e0520520fcc1b,3450,0,https://yt3.ggpht.com/RbR4PGQ5TAzHMnblNQFlzA_VXaPN7PQG9QFE4xsr_XY66dMH9D8KsvxWqfhjWXlL6voHUnOZ8-Y=s88-c-k-c0x00ffffff-no-rj,,
76d68171666847cc913328359037139c,8110,282214,https://yt3.ggpht.com/LN6QU6KIp6DR15cXQDI7xRCLYZhl7lvbliRNYynWUM-GujJqspCcdMgXEERDndBSz-MCoyg5wc0=s88-c-k-c0x00ffffff-no-rj,970,https://static-cdn.jtvnw.net/jtv_user_pictures/727709fd-cce8-4fee-a551-1ff6a8106bb3-profile_image-300x300.png
76f2fa6f1aa44f0a816a01a1b277430a,746,27860,https://yt3.ggpht.com/TDaolFZTvIIOMsoY6o8M7qQ4HHRSua5wwSypJHGeeaJN0zba2j8jt_rYs6JLv-z0AHLa6DXFRw=s88-c-k-c0x00ffffff-no-rj,29,https://static-cdn.jtvnw.net/jtv_user_pictures/016ba01d-3fb7-4c88-8275-d3dfe090dd0d-profile_image-300x300.png
7731172cfcaa4e668762473a7b9d509a,441,12872,https://yt3.ggpht.com/WnFP17puw1s8ZfScJHaFowGNfn1ddr4SW0rS-Mzb8NysgEYAGqpZKziCRpMjArdDbeLVJiP72Q=s88-c-k-c0x00ffffff-no-rj,645,https://static-cdn.jtvnw.net/jtv_user_pictures/eae71e31-5bad-4a3c-963c-05d379223f76-profile_image-300x300.png
77364942d7f24440bbde8efa71c724df,111,6717,https://yt3.ggpht.com/PwW3V2m4DiCpLAl5XFGvmZIoo_up-Ta30iybbDFvxqwz5nz_yur8ToXCVZ2kNnOL1yOsCGnJ=s88-c-k-c0x00ffffff-no-rj,559,https://static-cdn.jtvnw.net/jtv_user_pictures/58b65cac-a4aa-44fa-ac83-4cc206d5c169-profile_image-300x300.png
773a7694afcf4666960b05a4faf1a1fa,781,17554,https://yt3.ggpht.com/gFRGRLEmRA3IM56n9JGCghwzZE5NvuSzNQvLwBRCJM-f2XKcK6hyYc8A834iBEO3FSSMeSlc=s88-c-k-c0x00ffffff-no-rj,,
7748d3ab76f34e06abb9d116bb432de2,3460,58181,https://yt3.ggpht.com/UcAsS85HbvkCyLDP9JVK_fLh5xKghdL_eKns5aOAUHsll27Hce0UeW-LaMGjIwmLTAgx_0EW=s88-c-k-c0x00ffffff-no-rj,1685,https://static-cdn.jtvnw.net/jtv_user_pictures/83bb6eb0-a849-4912-8131-729156c6c1b7-profile_image-300x300.png
77533b0fb2324e33bff67fbbf4daf13f,15300,3719428,https://yt3.ggpht.com/r6WuqRA-q0rP7BYzQPL6X1S9Actbss2Gl_Oo0kBJa-5MRUqvhrqexHYTSqrsnRPmZ9YrwOoj5w=s88-c-k-c0x00ffffff-no-rj,1451,https://static-cdn.jtvnw.net/jtv_user_pictures/9292688e-35dd-47ec-b25c-81c00e5dece1-profile_image-300x300.png
7754a4ea82814b7fbbecfcf459382001,1030,215325,https://yt3.ggpht.com/23bu7V2FIBaZZ8UgWnkaNSeIAkeOjybRTjiqN42DlzesE0nkvUxj3pwjOXvt1aTDp1RKDk1rWA=s88-c-k-c0x00ffffff-no-rj,2077,https://static-cdn.jtvnw.net/jtv_user_pictures/ade7f3de-320a-48df-b038-3bde983ef0d5-profile_image-300x300.png
777608b04fa74a42975497f6273ed6f9,204,11142,https://yt3.ggpht.com/qSFG3esaTP8U7QTtglwkE8dzm9vDd8gKTj_3GsMx0eRZycj8THP-8SFKudUC1zLBLkuLjBsVQQ=s88-c-k-c0x00ffffff-no-rj,2579,https://static-cdn.jtvnw.net/jtv_user_pictures/058d9519-50b6-4780-acbc-24da9e41ecee-profile_image-300x300.png
77829b31e6e246efbf1f648a353ff823,422,18495,https://yt3.ggpht.com/ELmDOliogZHYCThN3SfyW0hIBAdxNCSjo-74cDAcMmOcc-Qh8JmhxIgGezQgm-_dDt4ULgB5GLI=s88-c-k-c0x00ffffff-no-rj,,
779093d7bffe454aac7df7aea003f150,379,4671,https://yt3.ggpht.com/M8JHMmV_tpHRlhk9ccqQ66AWXVEZpVUSFLfJal_8PbkJhTGUs33aUylxj86els76oOS0kXBSoBQ=s88-c-k-c0x00ffffff-no-rj,,
77e980ab542a4db6a34b5ac9c8f3948b,6460,296856,https://yt3.ggpht.com/o3_kogJHMCAPRpIHRMcA7zgtgIkHRDG-hRK-yEOs6eX2d5tF_PS0XbK0VS2c_6jufLixnPfH=s88-c-k-c0x00ffffff-no-rj,619,https://static-cdn.jtvnw.net/jtv_user_pictures/8be1925f-b971-4337-b17a-6d78da9d0225-profile_image-300x300.png
77f4700c452c4200a4e62effa2884b4a,798,30980,https://yt3.ggpht.com/3rkbgbj9D1gdKnjeS-6yO3vozX3A7DxoViJ6IdKp-40iuvJlcZi9wNJrXq1qONNoMQMw1dNVXQ=s88-c-k-c0x00ffffff-no-rj,720,https://static-cdn.jtvnw.net/jtv_user_pictures/bd04f5d1-ecca-41df-9317-3baa06c536d6-profile_image-300x300.png
780f8a72bb1543a79feb5730b42130c6,2750,71262,https://yt3.ggpht.com/W5lkyuUu1f8AMBubOJAYi9UMBsummP5tGkUzc76netlTZrxurhL8kP17HwVcJCZv6HShxW42wg=s88-c-k-c0x00ffffff-no-rj,,
788611c913b04d999011628637657bee,7340,468510,https://yt3.ggpht.com/SGe6HQ5mIEqLd46G__-oIznvuzyvyaedmj5kTzpHo7iPRCyzD41iwp5rxvZ_IOB0SrmYSMjrDA=s88-c-k-c0x00ffffff-no-rj,,
789a5da3ba8146e9ac10a8814f096b49,381,14355,https://yt3.ggpht.com/7tqioltIccThM-Uyxyn2GHD6v0N1o2SbMjLiS23nSQhLUo6q4NIuDPg7CELG29KAUWfj00LG=s88-c-k-c0x00ffffff-no-rj,,
789a7f5d025349b4ace0925f9e17fdd7,249,807,https://yt3.ggpht.com/DcyElXqZkY8_jQzmI_magBT12uFMc6cxPnKDaec2IkJu7I4blvOVao2ib4PB4OtNmjxNKnH6bQ=s88-c-k-c0x00ffffff-no-rj,,
78d441a2d6584d078a6ce202238d36b9,1030,25130,https://yt3.ggpht.com/27j8OJ45ksaZVEWB5NOJBLJ13SVsLd940muvDKW2ZkEMP2olGbpzFQ5fYi6hGfsNDRxEUTxW7HQ=s88-c-k-c0x00ffffff-no-rj,,
78dea7b59be448329ec287a403f95a13,360,13541,https://yt3.ggpht.com/8wLZKOhfE6cytXdr-1sRbI1C0KMMHWySAsyQ6AOs0r9s1onfCvCKEa_1JbWVslc1Rm6W1gPc=s88-c-k-c0x00ffffff-no-rj,1416,https://static-cdn.jtvnw.net/jtv_user_pictures/36d37042-5f58-4652-a90d-0d085e583f4a-profile_image-300x300.png
78e76a50d39f46ecbbdd81ae2133706c,1470,13808,https://yt3.ggpht.com/yx5RXRLhwob-LfkaGX1BrvWCaSbX0oTtHP8bFybTnpVA9MDs-JPavoXXWoY6kg2hQrMnetD_KQ=s88-c-k-c0x00ffffff-no-rj,,
793ec2d37c544cc7915d3dc3e9902e1d,1830,48592,https://yt3.ggpht.com/_jInI77ig5DSJfJsTE6qZYzkSRcsr17YDUTCtKc8ZtwjtFbNTHRZr5GGBLsOfGsJM84jxBhkCA=s88-c-k-c0x00ffffff-no-rj,2015,https://static-cdn.jtvnw.net/jtv_user_pictures/c3b84e16-3fa1-4c92-a5c0-9de76af19a5e-profile_image-300x300.png
798dda88504941b08a086b309c81b4ef,1170,41598,https://yt3.ggpht.com/BSS9ZbDiFSN-C0JkVXNEkV00Q7ncHmDu5mfKbfxbsUAz70HlNwnPJuzvW9Q-dRSfEp8Pq8iR94c=s88-c-k-c0x00ffffff-no-rj,,
7a0c5fe0fe2f4427afe500c85ec958cb,3440,216051,https://yt3.ggpht.com/B2WSFTELp8LzYJ8QX17nWzEoZAeyJaGaPQmluL07-nOFoNWIp6MXkZnky6aBUyhcgGE4VwTr=s88-c-k-c0x00ffffff-no-rj,,
7a0eb6cbe5a94663888ef35a63ab3b5a,993,26013,https://yt3.ggpht.com/kJC0azASwOeNBt6zeSePSevzkw9sdpw_fgPkGirY-WlisfGIH2njind2o4zm3WYtIvTrokYnmLM=s88-c-k-c0x00ffffff-no-rj,1190,https://static-cdn.jtvnw.net/jtv_user_pictures/c7e4e201-c78d-4ad1-9453-c515230e1cc1-profile_image-300x300.png
7a160bd129144664804dd3fc08fceeb1,346,15694,https://yt3.ggpht.com/BQI2xOwaZ4SHgcFQ8zxp1XG7zYZhgKZYDlAjkqQYDNWslvPHLaxD7NTls-R5hy7OlOT71yh8nw=s88-c-k-c0x00ffffff-no-rj,2497,https://static-cdn.jtvnw.net/jtv_user_pictures/5e1db415-3d93-442e-8f6d-e23ea7a40e1e-profile_image-300x300.png
7a2ad28d7377465a8721724cfce9ffb5,477,6658,https://yt3.ggpht.com/nhDv-lFI6ExFkyhKxyhEgVTTvtXvZdeA1EC5jhyCRHpAvJDnK6gf3AexQ8e28KUG5St8Y8Bt6Q=s88-c-k-c0x00ffffff-no-rj,,
7a570b5273ae4e359a6491aba1313011,384,4303,https://yt3.ggpht.com/XK_OseChAADSj_WKwU--_quHwj8p95Umi9EbjDaFCg4CWdQnzFwFYY-4Gasrh5BiKMkH5sKSRQ=s88-c-k-c0x00ffffff-no-rj,3201,https://static-cdn.jtvnw.net/jtv_user_pictures/e633317e-9d80-4300-ace1-3c9e96ef86ad-profile_image-300x300.png
7a7e366c81d54d03a07cb2c6cb382884,193,5977,https://yt3.ggpht.com/Hr6irZY8YBOCGJj--WeSEU7WJZ0Gc-wUirSoroPSwi1l0MyJUYNkriealtsTbG9_bmlVcSKOS2Q=s88-c-k-c0x00ffffff-no-rj,,
7a88afc5eb644d76b35ed4ca968259bb,4900,202219,https://yt3.ggpht.com/v2Krn9mHUqUva_svadTTKn5Ajf_1ho0vt2P_QgxNasKQsU8Yj6Dx--Z6p3JKM3KSHGLxNgQeAQ=s88-c-k-c0x00ffffff-no-rj,15856,https://static-cdn.jtvnw.net/jtv_user_pictures/5d557770-c244-4281-a6cb-45091897c8e2-profile_image-300x300.png
7a93714b53274fbaad48bef3b409d458,2040,109106,https://yt3.ggpht.com/T9-dDQI2_Qik-LLAm0krJW2sPyM2QJqngePvPnBW0Vt_VM7nswwZu8Y64ZRjbyiFf4-oS9VOKQ=s88-c-k-c0x00ffffff-no-rj,,
7a9b7ab0d5bd411195d77800ff778a90,1000,21859,https://yt3.ggpht.com/pXz9q_GKfdmy5n4QRzfstaMjDIJUGSg380LMm1yPZuwRVYR8AyaWMYQ0tZ45Y0fjx6y5xjl96w=s88-c-k-c0x00ffffff-no-rj,62,https://static-cdn.jtvnw.net/jtv_user_pictures/e179ff3b-c972-4175-9b36-cd94aa0c6761-profile_image-300x300.jpeg
7aca9b05fe654223a3702531383002a8,3530,6355,https://yt3.ggpht.com/FfpIgaagUf5dMqr3nU_6W-sm2zkZ5AhRNqfPbXWKflJAzmVKzA__DQvqtDd0KYroFYtnt_5EJ0E=s88-c-k-c0x00ffffff-no-rj,2511,https://static-cdn.jtvnw.net/jtv_user_pictures/ca3b37ac-7a8d-4f59-b225-cb235ef95048-profile_image-300x300.png
7ae1c13d53fb44f49f386eef43c63ee4,4400,139539,https://yt3.ggpht.com/2qs1ZB6wAYrvzucjxH7YtBEA79txsa16opcOEi5KuhScp_qx6lMDnmRss2c_y3qkwU7Shc4-8Dc=s88-c-k-c0x00ffffff-no-rj,60,https://static-cdn.jtvnw.net/jtv_user_pictures/c39cb77b-63e9-4a45-8d76-6d960d5ee779-profile_image-300x300.png
7aeffe1ba0c443d5aa4721247b801593,853,115935,https://yt3.ggpht.com/wODD21jOb5VOcMb7S5NH3DNvMDckS-hgb_zmPKvEYDqPyKBfyT45lCWgvW9-UNwUXtJy1AJuiw=s88-c-k-c0x00ffffff-no-rj,,
7af8f321e84542dc9ccda160152fbf0b,960,61930,https://yt3.ggpht.com/KmF5MmKLi4nWQrr8XPsILWsntmyTA2TEYsAdISimmis7-kqSvBwRrLee5DX7pRfz1SD8DcNpsA=s88-c-k-c0x00ffffff-no-rj,,
7b2c8df9fd9d4f33bd5ec0c38f12826f,11200,0,https://yt3.ggpht.com/ytc/AIdro_kb8d9MQcHiggmCBAHVEPHRB94fVm1iFLop1vtYP3Gy7YGzDIs=s88-c-k-c0x00ffffff-no-rj,5935,https://static-cdn.jtvnw.net/user-default-pictures-uv/294c98b5-e34d-42cd-a8f0-140b72fba9b0-profile_image-300x300.png
7b2d1d71057b4ac2a16109b980a99e28,2440,54492,https://yt3.ggpht.com/6IHEn6JE2T564OWiWthLPEfbLy-PcFTssXRbpqnYhtPHbLN8wY8K1vzoCoOYcNpAJWfKSFkD=s88-c-k-c0x00ffffff-no-rj,,
7b578956fab14341919193c03ca3ab32,456,10788,https://yt3.ggpht.com/pMlf51sC1F95knUHWQtwPZxc7d93diDw14dM9k80dLpEe1yDtg6Ml6OBX-rNAp8ldds1ZSRYzLQ=s88-c-k-c0x00ffffff-no-rj,,
7b58646f89cb4b7cbcdce819499c475f,16500,259585,https://yt3.ggpht.com/BoYGAsuQpksrfhwNFXemVM_gtnHIuEkFGUU75IejbuhdESoL_A2Zc_4TNUXG7FXSB3pO_RqD=s88-c-k-c0x00ffffff-no-rj,,
7badd33c853240e280db61899f381ff2,282,10353,https://yt3.ggpht.com/7j_uat7-pXys2470new6-N5t5hwR9n-vubWLavzPJjRIhER6jVojkF7_-wBxqU9-c7js22vpmw=s88-c-k-c0x00ffffff-no-rj,428,https://static-cdn.jtvnw.net/jtv_user_pictures/13084fcb-78dc-4130-81f9-98a3bab0ec5c-profile_image-300x300.png
7bd1bc8b491d47e0b7cf0a573c36120e,1840,93837,https://yt3.ggpht.com/KFV_0dAtbTgLnMLchh2OHiIJ_WoXDUplN1sEA9uIR1ca6h6zlavfM3fg3ru6aD4FYUonH2YiX2k=s88-c-k-c0x00ffffff-no-rj,,
7bf1f37dccbe4c72860c81a2772b91e1,2650,1053427,https://yt3.ggpht.com/YDxkr8erHsBFLBWsiqzschQsnAzlnlHylc7M70ulkmL6U8Hr9Mcowj_yQZt3pBVM0uqVyxXMqw=s88-c-k-c0x00ffffff-no-rj,53,https://static-cdn.jtvnw.net/jtv_user_pictures/27046baf-429b-414b-bace-c2b5b7a8c344-profile_image-300x300.png
7c00b7dc73a240dc84d68be389732a0c,23200,1024952,https://yt3.ggpht.com/g98l3SF780DNY3k8C_1ZBW4BpC5lV3jsFeT5bxV8awiVx1e5D-0KgH9fmunauShf-NlcGOutFQ=s88-c-k-c0x00ffffff-no-rj,,
7c06b9e316ce4ac18ce836cd72442bbe,210000,48279435,https://yt3.ggpht.com/nKjTxjZ2sRN7LFXx_Jr62M_hW0Y0dK3AFjkWpED_wTUCxg6RAchLvSDYuKp3T-yALXo9ozuZtw=s88-c-k-c0x00ffffff-no-rj,52975,https://static-cdn.jtvnw.net/jtv_user_pictures/4f87fa7a-b072-4365-9e80-bbc437e5dbfa-profile_image-300x300.png
7c0acdc8fe2449deb487cbb827b51723,2400,97291,https://yt3.ggpht.com/NFnibkztv7AwQGbL8-Xm0e5I-a-FKGVYBCI5GWgnFHKgHIfpfUXWKOSR1XkJ7Yg7g178rOYS7A=s88-c-k-c0x00ffffff-no-rj,47,https://static-cdn.jtvnw.net/jtv_user_pictures/ff2f5be8-2c07-48cd-8f48-4bfb5e339da9-profile_image-300x300.png
7c147c43030b44b9ae244d82c387c82a,2150,38574,https://yt3.ggpht.com/hvYuP6M_PbQxDbMrzWWcZtuPWn2jFsLhWy1Xzr519F7O7bEDEedisny-YnlHfCzbJWMl71aAdA=s88-c-k-c0x00ffffff-no-rj,,
7c18bc597298484c8f2925759fc1ac4a,1640,69023,https://yt3.ggpht.com/3sy6B8VpPro13k0R3PBepYixwzm7G-WS7Uewu0ZlrfGMhuVpHC-8U7gYy-M9oBmVUVi6x0n2Dlc=s88-c-k-c0x00ffffff-no-rj,604,https://static-cdn.jtvnw.net/jtv_user_pictures/7e0d8f06-bd5b-461e-aab0-b72bdfac1ce5-profile_image-300x300.png
7c654d42b5f9447ab761a14b9ab42b77,188,2949,https://yt3.ggpht.com/NlbesPsiCAJWAlONvVDzDfYIXHotilsCeMWk6nCB_JDQBGh2vM5uGb24RkwtHx5myVCqdsKo2g=s88-c-k-c0x00ffffff-no-rj,219,https://static-cdn.jtvnw.net/jtv_user_pictures/3720e05d-8a08-4270-b3c0-1b2a731ea4b1-profile_image-300x300.png
7c6d1a181c90471887696ff9637aed03,1570,72052,https://yt3.ggpht.com/sLM35EYUIwEaY71u_av4RpT8YCPtZjRrnRg9rAgGBoTRwLak-epO3nxqd9QQyRnP4qwpsu_XKg=s88-c-k-c0x00ffffff-no-rj,,
7c781489389447e682388caccae7fb1c,529,17412,https://yt3.ggpht.com/W_uRBN_PmakIDIc35xExLNaLVXvs-4VgB6wTq_-jnS7LDXc9aYsCblDM6nOLUGjvQSGPlrhQ=s88-c-k-c0x00ffffff-no-rj,962,https://static-cdn.jtvnw.net/jtv_user_pictures/b0ad3701-30f6-4d20-ba40-f2c4af93817a-profile_image-300x300.png
7c88a51800fd4984ad24ba803d3760dd,958,15445,https://yt3.ggpht.com/UZzDHKnWKeaw6hw_Zh3AH22_JwEO0oOgSywscUtas5qL5qiNEdVEDF1Pw77-z6yE8bwUOxtlRA=s88-c-k-c0x00ffffff-no-rj,,
7ca56a8380d245b3b7e5398d12178478,28,300,https://yt3.ggpht.com/ytc/AIdro_mBZxbqbS7YJATwQ1K-NIZyzJsqxoSc8ZewFczf8vbB5ZU=s88-c-k-c0x00ffffff-no-rj,169,https://static-cdn.jtvnw.net/jtv_user_pictures/226c6ca9-9936-4a21-bc97-77d9029f8a60-profile_image-300x300.png
7ca610bac41843a28abba9e947aa9ded,677,32761,https://yt3.ggpht.com/S2t8XkgYVa521yQhXNTj7G4K4auDU8-rgB51yiH3qazcH5kvwzD34z-3trAKffzs5Uv-B28A3w=s88-c-k-c0x00ffffff-no-rj,2787,https://static-cdn.jtvnw.net/jtv_user_pictures/063b7c52-3465-4e57-906e-d763e044d610-profile_image-300x300.png
7ca8ec94cb4640ccb27719cbfc8a8df0,1010,51891,https://yt3.ggpht.com/9xNqUDzCHAoYIdQbtiDyr2grsqqchfG7JOws3Kn-WiaRgW9xv5ehWikwl6xqk9IIa3LbtOuA4w=s88-c-k-c0x00ffffff-no-rj,,
7caa52181a744f68be9e3995c7adec24,2310,118821,https://yt3.ggpht.com/9g5zJJ_f8Ig5NTnK5OKmNmEc-5eGjyKiwcGZ-RBMFDO3mgnjy2aVpXoJNkdKM62vXlCjS3n3=s88-c-k-c0x00ffffff-no-rj,,
7cbd1f537c3d4e67b38b9f9e31cb93d6,199,333,https://yt3.ggpht.com/yrZC0hbjUgh-DSmYJvcHcSQ8t1QBvJTEiYHPw8yLz9jC781RQd4uIVZ8DzgfA968C0YMmWdwqQ=s88-c-k-c0x00ffffff-no-rj,126,https://static-cdn.jtvnw.net/jtv_user_pictures/e2804bc3-1151-44fb-b726-8f4d555d4eac-profile_image-300x300.png
7ccac8385e2d41f69aab04b7f2b23cac,132,1622,https://yt3.ggpht.com/PEMAZxpjOAbYN3otELEK24_ay3xpKb0Y3QnH_RY5kr_0h9YxPFZ0o0RUQRHQ998fXUTgXG6_=s88-c-k-c0x00ffffff-no-rj,1381,https://static-cdn.jtvnw.net/jtv_user_pictures/12763e77-2ab6-415a-9b3e-05cbc8756075-profile_image-300x300.png
7cd55e03d87c4c77843a437ec0703670,,,,3084,https://static-cdn.jtvnw.net/jtv_user_pictures/ff0a55dc-31bb-4615-8d93-79116c1187be-profile_image-300x300.png
7ce04ee5bb63467f8b70a69136049218,2260,26111,https://yt3.ggpht.com/VBgvBYRd5y8unVqKiosdOW6lbtgxzs1YPsSVAIVl_0vuS4fsrfDS8FdAgbhD3iW0pi1Dc9Cn=s88-c-k-c0x00ffffff-no-rj,1640,https://static-cdn.jtvnw.net/jtv_user_pictures/5644fb02-e4fd-4a5b-ac95-6e9714cba30d-profile_image-300x300.png
7cecb437e7a54e07a29c3a164565957d,14300,394296,https://yt3.ggpht.com/eEfqkZEGnTdz265e3Ddy-p6VMWhZUCbqFxB8je1_ZkLrk663nu5cxScTbiz2o2VG1RRwzJEB=s88-c-k-c0x00ffffff-no-rj,,
7d0d99e77f624bdc934b17212a39a894,364,1342,https://yt3.ggpht.com/plsG50ugPxPjsH9-plvIUmgV9-3uqbr9U3YFGsnyOqzWpQZ6kOYUWWN9eoiLHAkJCi8Suk7Y=s88-c-k-c0x00ffffff-no-rj,3354,https://static-cdn.jtvnw.net/jtv_user_pictures/5288c31c-7dff-44f5-81a0-84839cd436ff-profile_image-300x300.jpeg
7d11ed1b02104cf58efd2df6cbc1ef69,111,2336,https://yt3.ggpht.com/96KdbrwpyGI4UBvhojC0FTbpPWhbi8u-D9XzPSq74WFOjcatw8KiUpd57o4nb2vjkIlEaTgUQg=s88-c-k-c0x00ffffff-no-rj,1092,https://static-cdn.jtvnw.net/jtv_user_pictures/7d110c5a-def2-440d-b8fc-4efaa1e31846-profile_image-300x300.png
7d2aa4176f60423bb1532ac37ed55e28,1150,47883,https://yt3.ggpht.com/S5gJhPNMlpx4LFzj_-061FDMip4LjFkZa1GtrdBOuHbdWy4LsjHZyAj263rynDYqmsmcCwAuAg=s88-c-k-c0x00ffffff-no-rj,,
7d622c5668b5414fae63c1363f4cd04d,83,483,https://yt3.ggpht.com/wlcMRGiPKeXPfyv0lrb9FeKxqflfzsBn5xCk0GNGCcrVbcQYAyyvsy1jHyv2yGQ6ttx_syeFAg=s88-c-k-c0x00ffffff-no-rj,,
7d66bf98da354f72baee891cdd91855b,32500,1298962,https://yt3.ggpht.com/FsGDYasfH8Rc0wu4x1sxHx9CxRbZqS7B6qWE-RLDXsCr5N_uEvPAbNxphQJ85J4fk3gXOSvGsw=s88-c-k-c0x00ffffff-no-rj,,
7d6a4fa5389c461bb553b8190c5e951f,1450,84065,https://yt3.ggpht.com/w-dmpJQInTedRV_EV_WpABA5uPyuJxlKmqiDF_aLMhKqSsLOU07hjQsENuUVLW3jPSZqoyhz=s88-c-k-c0x00ffffff-no-rj,,
7da08de1840847b99c6fe9a44a1ca0ac,2670,59300,https://yt3.ggpht.com/2FMfm3UvcBBs1CKTa5c2_TOhaf6bJ5Lxo6Z3TObYDmQX-xOUDO53ETJ_tc1b2w8KcPRPpmccfbg=s88-c-k-c0x00ffffff-no-rj,,
7dc8617f6004470c8a65a67a9abdf661,579,18264,https://yt3.ggpht.com/uT9sg6-uHZUQ0fsSh3L3Y4fKghZv8uOyX6JNQ7rI_suFa_r5ohwLb0faJ4T729w5-wPsCmIgpQ=s88-c-k-c0x00ffffff-no-rj,236,https://static-cdn.jtvnw.net/jtv_user_pictures/837c810e-66c9-4e04-955d-6a59c0839518-profile_image-300x300.png
7dd086a606284ba6b7b584f8b00dc190,,,,335,https://static-cdn.jtvnw.net/jtv_user_pictures/9efb9926-b011-4204-990e-10cb935b48d7-profile_image-300x300.jpeg
7ddebf4d8f6d4c63a4fc7268d8113c10,3260,272765,https://yt3.ggpht.com/2VoQr8hJB7GcPNDzNkiAl7i4ljMSEvKquf5GGh6RtLCsmjlxHuENPvaw6OC8gzIc2Wt5OifL=s88-c-k-c0x00ffffff-no-rj,4322,https://static-cdn.jtvnw.net/jtv_user_pictures/c2dc0686-8a31-4951-a3a1-8d9d8e10e7af-profile_image-300x300.png
7de64f4deb0946baa8d6b0da69699194,131,1670,https://yt3.ggpht.com/djoVjAp5BeRuHHnVHx7YPyLNA1RaLC54QKzc3pgmeSn0nwofx_q-zPnSgKHhztl9e-s0qZZOkg=s88-c-k-c0x00ffffff-no-rj,77,https://static-cdn.jtvnw.net/jtv_user_pictures/157f0c78-20bc-4765-bf5b-2b3754954e76-profile_image-300x300.png
7df81b926eec4a998d5ffcd67b59ff5e,962,25790,https://yt3.ggpht.com/ANpf7OgtrO-GYsYqVeKKZ051LPsiRLMhi0lf3m9i28st71YOZpxmmOjpvCKTZ5NHwIuBZdBaPoc=s88-c-k-c0x00ffffff-no-rj,,
7e088cf828bf4e02ae65bb8a1f6a8b89,5260,189245,https://yt3.ggpht.com/ytc/AIdro_kRQtEnOm38OTJcqrgHhWOvcwEfX2IT1y-KQKUcLdUBghc=s88-c-k-c0x00ffffff-no-rj,202,https://static-cdn.jtvnw.net/jtv_user_pictures/0e758b76-020a-488d-9062-c5d131e1e672-profile_image-300x300.png
7e1072448d24495f8cac5163c0290989,944,24566,https://yt3.ggpht.com/vdXWa2wJUlma2ilPxTFR-wEKw78M8JAOkDleLoS5Obwn-PvZ1J1tFHFq5p6zQwNMW4W2R1G-=s88-c-k-c0x00ffffff-no-rj,121,https://static-cdn.jtvnw.net/jtv_user_pictures/4d8f8e65-322d-4404-9ab9-021f00d03f8b-profile_image-300x300.png
7e26ddf485a84c0cb6d781a3bf432c55,687,60259,https://yt3.ggpht.com/auwimB1kuNh8MESllH6T42w68CEEDcE8_5fOZJNN1yX2cRKS6kqnoWMxkWisvWBrA640LOEl=s88-c-k-c0x00ffffff-no-rj,3171,https://static-cdn.jtvnw.net/jtv_user_pictures/f10f1a2b-d3a6-48ed-9e10-61d868379862-profile_image-300x300.png
7e50374d02184a429cfc6dfba9b52e2f,1620,6284,https://yt3.ggpht.com/3tRyDciNdxOlOSpbmQfrSkdrfSil6J9YaumSS8xeDga49b0FHhnA1HrIBZrl7igXzPk3ZIQGSQ=s88-c-k-c0x00ffffff-no-rj,,
7e8047d78da3487a8e9dd33c67554d30,452,16834,https://yt3.ggpht.com/QqisrISZ8M5uQuuwxSir-mv7b4NuKzAg4FZhqcqU8462M7GrHPG1bo64YVOGfZtrEPC7Kv99MDk=s88-c-k-c0x00ffffff-no-rj,105,https://static-cdn.jtvnw.net/jtv_user_pictures/85d8e6e4-4803-4afd-8460-399b3b7c0152-profile_image-300x300.png
7e81a72484054a5c89f3826ebc8946be,62700,3299468,https://yt3.ggpht.com/NnSSf9pBACCVz8A4M_DmGFh0yDBgLk25_oUk363ltzriaTNsGWtp_btHehl9leaIXdW6GsAVwg=s88-c-k-c0x00ffffff-no-rj,8018,https://static-cdn.jtvnw.net/jtv_user_pictures/8d45bdc0-9d5b-445c-8a51-bee58344135a-profile_image-300x300.png
7e8fe40622974698a75d14d78006e009,2280,96290,https://yt3.ggpht.com/sN_qqjnJu1uP_ZzbrRUZFuVwdNWYZvxsPBwMIYur0YU8RCTybfKhy9JSHKqmhJEhtkF5--vFJw=s88-c-k-c0x00ffffff-no-rj,1763,https://static-cdn.jtvnw.net/jtv_user_pictures/67b9db55-303f-4177-87b0-72820ad3ea7f-profile_image-300x300.png
7e957469a0c2404fa4a863ed9f75945c,3070,133339,https://yt3.ggpht.com/A-B6hbLHezBigK9dJ4bUaEemKp1ZCobHNoh-J0d2OaVZ3b_m0RsDi4kyDbU0bLddUIYt1jJLdqs=s88-c-k-c0x00ffffff-no-rj,,
7ead9e2cac544a7cb00444ef6b4698d1,61700,5730150,https://yt3.ggpht.com/N8cR2HsE_wAY7Eb4Z-HX5olDC1VuAXpRa5EYujpcbs24bt7ee8NaG_sY2qrTDlz5UHlPdci9WvQ=s88-c-k-c0x00ffffff-no-rj,21629,https://static-cdn.jtvnw.net/jtv_user_pictures/d566a92c-8b9e-408a-b93d-5dd2f3ea1e89-profile_image-300x300.png
7eb39f4278b04ed485060a084cd07876,1590,52109,https://yt3.ggpht.com/ACJ71hwrUVwAEngtXQXUJE0e2HM8cJAy6swIAea_Y3pWryQ2riRxCwIIJBSsdZ-K7rSMgj2mUg=s88-c-k-c0x00ffffff-no-rj,,
7ebc0dc9fdf3442688ecd63bbdc30c51,6020,140025,https://yt3.ggpht.com/1vgRA-cPOAEt6yBeaMgy0k29NvroyyXNAXmnN0ThqudptJ3sccK5hUZE5uF4KylJuWjOfuZ0=s88-c-k-c0x00ffffff-no-rj,,
7ee1b473a5584a1a85973acfa45e0e1d,289,5726,https://yt3.ggpht.com/vyketSgnOlcJ21Fes0URwGQwDlb2B_aRBVg-hmeK-jvB52tQePm5kj75YC9KVl-KPR21Vlqklg=s88-c-k-c0x00ffffff-no-rj,,
7ee7164af0d645a18422350715a1eef0,164,369,https://yt3.ggpht.com/uaxbxxTcu2hNdyqnlWYC-XS2aPoUpccZKsGgc-K5WVoIvzrKsE6mn6JOZIU7lY_C-9PMFNWKdnQ=s88-c-k-c0x00ffffff-no-rj,324,https://static-cdn.jtvnw.net/jtv_user_pictures/9e7b8a86-8916-4fb9-97b7-b8767fb3a295-profile_image-300x300.png
7eec0f9233fa49ed92c4f60fb8a82694,1800,35018,https://yt3.ggpht.com/LG_mbZr1jzxR-adlhG80_4yJHriWZVMLlbIyyPnkEgHOfA0mOMzhRTTeqAwPj_KhRvryci3AwQ=s88-c-k-c0x00ffffff-no-rj,949,https://static-cdn.jtvnw.net/jtv_user_pictures/c1ad5f6c-af92-4f38-ab35-6e244ac4ee33-profile_image-300x300.png
7ef2dc851df94f5aa7f632c736b4307e,13900,419244,https://yt3.ggpht.com/hjPzBkx0UtXmhINayw3wWNUL50oTIjYiac6RPX9hejzLZamCkPzuRxbSVNcNIoqSLM9eNId_agM=s88-c-k-c0x00ffffff-no-rj,612,https://static-cdn.jtvnw.net/jtv_user_pictures/2b857ec0-8c28-4e8e-aa37-9d2ea73b813a-profile_image-300x300.png
7f049d05ff3a4946998b9ddd7df409fd,3910,117803,https://yt3.ggpht.com/7SXN5ebZIGvI5yNZv6l4pdu9ZC9UcyFrsbICNe-Ez0qeOpXhezJ0DNAu9nhdLrlHcmwtW9uB=s88-c-k-c0x00ffffff-no-rj,2115,https://static-cdn.jtvnw.net/jtv_user_pictures/2a19e41f-f6e5-4953-be07-336c0a931579-profile_image-300x300.png
7f34e1e57aee461c8de6f8a112d45294,283,5271,https://yt3.ggpht.com/3H38Tm4Ci19PccOjJL_4jT1Bv2cLFINGnwfN3v7hSp6NI5EXZ3UId5atUvAG8NX5t102-Witgm8=s88-c-k-c0x00ffffff-no-rj,,
7f494e37d17544878977d81e26b13897,315,170,https://yt3.ggpht.com/ytc/AIdro_nVoeAAq7I5vGRJcXiDazChpS19Frmmb0td0b6JoltSSw=s88-c-k-c0x00ffffff-no-rj,,
7f4f30df30ec405bb0968c585b243fa5,1470,38944,https://yt3.ggpht.com/lA8n43ALaiJUrkIE-W_SoqQR-roXVx_bs-O85diOfLsU9rDpQj0LUFScDJg8XhSq17xOWwUWDw=s88-c-k-c0x00ffffff-no-rj,,
7f72433f23da4bf8bfbf7ee3904eb7ca,7400,288431,https://yt3.ggpht.com/EJ80OjboMXI--k3A9nWtxoAFI1GtD-qQhpfRKHjaQvPGZ1hkwaNo9bTYB4Vip1CoTlN4vvpH=s88-c-k-c0x00ffffff-no-rj,870,https://static-cdn.jtvnw.net/jtv_user_pictures/83c261b8-18f6-4352-8969-763c874a6fb7-profile_image-300x300.png
7f7e1579979c49249dc65783d457e890,1030,22805,https://yt3.ggpht.com/NkSgsOpFefmjJ7GG-g5XoLfZv6Td9xe7vJguzq7bvaWy-0WIruKUreBnEyNYMx8ZpziH-ChR=s88-c-k-c0x00ffffff-no-rj,395,https://static-cdn.jtvnw.net/jtv_user_pictures/e3a7f0dc-e2d7-48bd-9f8f-c1ef0a3255f7-profile_image-300x300.png
7f9d223a684e44e8b8d30bedcc07f1fa,6090,200503,https://yt3.ggpht.com/XOPjNn0DsNoajXzwFQbDLBNcW7SZ15WePyZckhvOMIy4RT-SD_rk8Z4FmuXCMeYGowh94DOm=s88-c-k-c0x00ffffff-no-rj,,
7fd852303a6c4087a1a99fde1fa92bfc,136,19090,https://yt3.ggpht.com/EvWJxdV2RYcKce-LbtqEvToHdKvogW4nSj12mI8YOOr5qZBTlRD1nDwpGIpNAXzQ4OwoqBp6rKY=s88-c-k-c0x00ffffff-no-rj,,
7fdfd0346667458a8657626f03434b59,7210,165940,https://yt3.ggpht.com/9uz8SkVVmGzg9A5r21GGSd8JUF_Sj4OBFPi7D-4claqYEQvm_tZfwvsy4f55-Qrgr_dzcG33PnQ=s88-c-k-c0x00ffffff-no-rj,268,https://static-cdn.jtvnw.net/jtv_user_pictures/7f61816d-50cd-456c-9a26-5b26b121a03d-profile_image-300x300.png
8013fa67a08945a5b4b976156b6f610f,364,6431,https://yt3.ggpht.com/scvixf4uJJPaTadRarTPEJ07KJkOgcM3rj5cglxyegCWJHmlD_j0BU1-hmmSK4inIi8cnh-S_A=s88-c-k-c0x00ffffff-no-rj,343,https://static-cdn.jtvnw.net/jtv_user_pictures/6c4050a5-7ffd-4f5b-a98c-c31c538e51b6-profile_image-300x300.png
8020c505099f474ca81da3023926485f,1670,89460,https://yt3.ggpht.com/a0UUqPcXBfSBp4k0IKcUANd3G4RAoyR6eH8-3UjnvAwMh9rMvs0KEkYww3SwFDSpBPB4AvLbnrA=s88-c-k-c0x00ffffff-no-rj,,
8024d67e25454783a698e5ecf2c4dc67,,,,463,https://static-cdn.jtvnw.net/jtv_user_pictures/c7665432-4bf1-47f8-845a-9176312557e3-profile_image-300x300.png
803435ca691f43a4b02360926fee23d1,145,5555,https://yt3.ggpht.com/xieKF6B8Xs9x5HcWHy1glP_u-U-W1tttslHYnYO-JWf6tmhE4SmMfszYlraOumJSREuoMDhN=s88-c-k-c0x00ffffff-no-rj,1384,https://static-cdn.jtvnw.net/jtv_user_pictures/7c8f5d09-a3e6-41ea-8787-68cfdf54caf8-profile_image-300x300.png
803b08925fae4e99a760dddbb217ae6e,51,938,https://yt3.ggpht.com/Sd36kVu42EvAVpeAvYchacHoVmrB9kPDWdHA_NLb-5E70TeBEg0dSNKi0w2M8Yz-mRriJSRjgMs=s88-c-k-c0x00ffffff-no-rj,196,https://static-cdn.jtvnw.net/jtv_user_pictures/09a1a867-4c90-4191-8c0f-29578f90a5ac-profile_image-300x300.jpeg
8044e4d538ab4e16b1952c8e42dee12e,1370,107384,https://yt3.ggpht.com/Wp8B1wOOL1HRN5bCYWCVbdYj8RIz67M8XQeVuOwVJAOW9VMzCaIPGVypeor2TTbTQQGl9mpkGQ=s88-c-k-c0x00ffffff-no-rj,,
8064b5c85fc64d10ae3e9d3a4c0dfd8f,116,1133,https://yt3.ggpht.com/z2HxvFENRZgRbIU8xQlRcCXD4Z3ip3omNJuk-sUOdakOHgQqw9i0t1a8l1-RijOJrJdsLl9nAQ=s88-c-k-c0x00ffffff-no-rj,2825,https://static-cdn.jtvnw.net/jtv_user_pictures/7cf48ff6-ba07-40e7-bbcd-6b9893e39546-profile_image-300x300.png
809ddec4aec2402ea41adeba2f8520ec,280,18692,https://yt3.ggpht.com/_FBfATe6KOuHnTqSbgCT8AaFzVgsfq_cjGGGJvojG1ou6lY5a09RtLU5YBznYBOzd7AQfypY=s88-c-k-c0x00ffffff-no-rj,1028,https://static-cdn.jtvnw.net/jtv_user_pictures/18d387e0-8898-44a5-bbc8-724bf7447856-profile_image-300x300.png
80ae039e7c3e4e90b6b3994ead599307,694,40360,https://yt3.ggpht.com/WzCZHwtCzBxqYVgB6YhhQSN8ZUuIc75ulvF9NuuWBoZfjVJ3j5w8LUBDUQ7z7qpNhMJb8RVP2w=s88-c-k-c0x00ffffff-no-rj,,
80b6efc8007f4f6d84ce2f93862ae319,528,84964,https://yt3.ggpht.com/zDNhkNAbhaC4IL3hHi3mWiDBzygbiLPXUP6Twpf0K_ytRwkaFgM4gNBdB5XI3uypvSh9KSbW=s88-c-k-c0x00ffffff-no-rj,,
80c426d23cdb4dcda1d1a0a1bd7e0245,2410,26463,https://yt3.ggpht.com/1O7fI0qFgRhdO7BLx3INhTOMVCgHEhS1YPUZZGd2U79PygOBzQrr8HRKHazVgmr_J_T22dWB0XQ=s88-c-k-c0x00ffffff-no-rj,6162,https://static-cdn.jtvnw.net/jtv_user_pictures/e6c8481d-8386-451c-a753-2fb92f6e6453-profile_image-300x300.png
80d6517a96e74265a4d24f86b9c295c5,1510,43789,https://yt3.ggpht.com/-oDgCe0GqvupWgh_dYJZOTyf7kIpInTtDWcLngD4Uj183340Pe2CNoccjGZyfv_HDGfRuoVAvw=s88-c-k-c0x00ffffff-no-rj,,
80dda735a7784d7fb999892874a05f0c,880,18099,https://yt3.ggpht.com/q-BwKeCKABVjI-QiISuuRVFj3UKUZVSC4bhepWkhs1T57RAzhClF6seVve_i0E-OgQADT8m4_Q=s88-c-k-c0x00ffffff-no-rj,4109,https://static-cdn.jtvnw.net/jtv_user_pictures/0b5daa6a-5b74-4bff-9515-f219dfb939bb-profile_image-300x300.png
80e2f3365bfd4479a3594c3278311103,1640,5129,https://yt3.ggpht.com/yzwh9N3i7mkqUFyOYVy5yxRU3PXrtsks1q4uoBa8vQWtZpn0-EBrMkV12LUIOkRnj7Qn1pDt2MM=s88-c-k-c0x00ffffff-no-rj,2146,https://static-cdn.jtvnw.net/jtv_user_pictures/5523653b-d908-4e1a-8a06-12da74c7b9be-profile_image-300x300.png
80ea9b92d31c48b8b2cf2ca5bacc2a08,2030,57805,https://yt3.ggpht.com/TD3EaR1lVGtbL6QbtPrjubXv5ZF3RSHkTxnKJkM6NoYvoUs-n7Gxsxntyn0QDmaeNEZ8qzqvXN0=s88-c-k-c0x00ffffff-no-rj,,
80f41a215cbc487b99f9015de3b58cf0,5800,239233,https://yt3.ggpht.com/lUgnl4rcvTdrhasOCZD6HsPMsIRtE1yXfEMi7hJgtRss0RciNcvqKOSPvYnCuRtObrqi452EFA=s88-c-k-c0x00ffffff-no-rj,,
80f4d6e50af64a48be812258498e86c0,6810,347037,https://yt3.ggpht.com/EC7JdP-bVNKePMnO4whZgNY9NR67htewnO69zu2rOGN9Spy4zOhVoBTfYiaF4VuxjfHahNQbWw=s88-c-k-c0x00ffffff-no-rj,163,https://static-cdn.jtvnw.net/jtv_user_pictures/d1428f2c-3fd4-4685-a8dc-4a077d73b669-profile_image-300x300.png
80f7b111f0e044abae4c37f6a96b5957,30100,773805,https://yt3.ggpht.com/dgatWKlytUq7Hucuzpi7Y0yOmgNxK780_1xtyTMIcnIdCSMMLMnSJPIlGoZHb2LxkCWZhQcy=s88-c-k-c0x00ffffff-no-rj,,
8125f51f9526408790a77c1c7b4a053b,2520,81687,https://yt3.ggpht.com/NHWoaqURT25-Zf4_Dfu-D-3x4rH5cBnw2UWBzL1dV-xTQRP4g_Jf5BsUlCvgPErx4MGPSiAclnE=s88-c-k-c0x00ffffff-no-rj,2427,https://static-cdn.jtvnw.net/jtv_user_pictures/23e520f0-85b7-4d23-96d1-b99fa841049f-profile_image-300x300.png
81387cdce77a4a9b9338145b28ae9ff6,4480,0,https://yt3.ggpht.com/myPdigXvTcMUSNOPI0bgHnb1XBKiwzKyMzc__Bkn64m_s9v0PqBh0Lkoo7amxQeo7Yt9ezMj=s88-c-k-c0x00ffffff-no-rj,,
8150f530d858418282811429cc32622b,23300,1245823,https://yt3.ggpht.com/RurFW7lfaMAbs33TCvokXAgxZFwwg1E_S5vumWHgUGc6-Fmid6yx8PkcaB7aeAJg1oVfEY3B=s88-c-k-c0x00ffffff-no-rj,11365,https://static-cdn.jtvnw.net/jtv_user_pictures/9e85fd00-d1e3-465f-8003-3073c7f75c7d-profile_image-300x300.png
81699719ffc04e4e92bb3207ab8a7a83,6790,70493,https://yt3.ggpht.com/njbQDIV1JS_3APrDYj9MTODm2NZYHDIZKbfIe13x5jn4yS8-guDd3giPYDRtIwC3Bg9yeaJj_A=s88-c-k-c0x00ffffff-no-rj,62,https://static-cdn.jtvnw.net/jtv_user_pictures/c86ba291-9ad4-45ea-9af7-45981d835408-profile_image-300x300.png
819cc1636ec94c0ab290b4513c6d629d,694,14623,https://yt3.ggpht.com/gLAIizgOPtz2UOPomerURozrB2bXmKw6zVZd2aJQB9NRWeF_HP5twX6ohJKIV0wtrjBvDeuB3w=s88-c-k-c0x00ffffff-no-rj,4499,https://static-cdn.jtvnw.net/jtv_user_pictures/71b42902-10bf-4c19-b1f2-fcb8c3755548-profile_image-300x300.png
822b9b7a9eca49df9bfd617a19b274b0,81,1382,https://yt3.ggpht.com/lnc3GYWt3ChUnaK1MKVPR1LwnAtxa3QGeLYKDrccgFHbKOTLl4UdEe0SVREfo1cWsJmiEH5ZIA=s88-c-k-c0x00ffffff-no-rj,,
823311ac8226476e8d1e323f536bf8b1,8180,152450,https://yt3.ggpht.com/yTFSAIzjtw6WgFV2c5amG0Md1IBKsqRB60cTxEHpDiL1d2d7Gg05lsdVuBAKLXHR0sIY2w2a=s88-c-k-c0x00ffffff-no-rj,1030,https://static-cdn.jtvnw.net/jtv_user_pictures/28351956-ed31-40e9-b82c-dbb941b0dd7e-profile_image-300x300.png
824bd7df6923453292dec9ff3e3f664a,7500,356235,https://yt3.ggpht.com/ZodmONcH_nIGsaYPtaj9MZoOLicgs4yICcSkgGaISM41I6EVEn1mGPUq_w8Y7fZ4X7bIV_6VFSU=s88-c-k-c0x00ffffff-no-rj,583,https://static-cdn.jtvnw.net/jtv_user_pictures/ebd3bb73-da0b-4c06-8800-f52ca570878f-profile_image-300x300.png
824c0c36956f4a73bb3ec479dd8e4da8,24400,1283756,https://yt3.ggpht.com/RoiMg3CykBCkvLepGCb0rq1zoi32SAxdpDytjcXWpL2EoeRh8YOwS5P2NSoYyaXhR95RTKWh=s88-c-k-c0x00ffffff-no-rj,1795,https://static-cdn.jtvnw.net/jtv_user_pictures/ac349f53-97c5-428e-8881-b76fb297e02f-profile_image-300x300.png
82563b4294034fefb5537f5d110044ee,152,1335,https://yt3.ggpht.com/F-NnY5Ns74Kwq_7o22Tv4c6_YsNLiTMurxWn7it5xIDwA-eLkbQKrXPia3cY-RIuyNm0lXZhFw=s88-c-k-c0x00ffffff-no-rj,,
8267ea37c12a471a8a038f501832e099,32500,1837938,https://yt3.ggpht.com/wJsdEWdOWgZ5pSVw-InSgDbYmiSwEAD6bfk09TC-bcfVqyfIovbkwany-3Ptgv7AsfAm2LiKtV0=s88-c-k-c0x00ffffff-no-rj,,
8282a91b3aae44d3a075d08507665f4e,2540,32299,https://yt3.ggpht.com/EOsuvOfK8WoxtORRXoxDd9qeoHfcPeUK-twOiH5xEhClQIfMbixTmj-bHuM3TbVITl128u507Q=s88-c-k-c0x00ffffff-no-rj,,
828ab4c66f5f43f298d237374a266b7e,,,,2643,https://static-cdn.jtvnw.net/jtv_user_pictures/f34b2138-178a-4533-a18a-370f6b8e9c4a-profile_image-300x300.png
829ebc1f7fc34bd1b770298799fccaa7,2050,55158,https://yt3.ggpht.com/JWGYXAH0KcnpgB-NwI9d1XpTqFdEau3iH-a9oIQBWYu5F4nDNF9efjetzNDdJuKpmtHRwujm0Q=s88-c-k-c0x00ffffff-no-rj,,
82af75b290f44cd8b9a97bc5addaaf58,58,857,https://yt3.ggpht.com/4eCJIg1pe5B0d88iJqZTMp9R03x036uRc1cEyadwZJMBwhAelG4MVj-LCfxflmINO_C3AT3AB4g=s88-c-k-c0x00ffffff-no-rj,127,https://static-cdn.jtvnw.net/jtv_user_pictures/c8dad1eb-7749-4bf8-9aab-89603369424a-profile_image-300x300.png
82ceab659cbe441fb2f6555fdcacad6c,67,1065,https://yt3.ggpht.com/ytc/AIdro_mZ0gIwpbgMVigzWb32Z-Yo_chvmwUcSVyss9od-2FCwg=s88-c-k-c0x00ffffff-no-rj,,
82d5f7612b7645f3a77dd954a0e30b24,1230,30201,https://yt3.ggpht.com/3uqGAkheghuZelUoglgF-gwNnaLprUeMwFkKIAGviEFvutRd5_VQaC-p8VsKhXGCVwQvAr-c=s88-c-k-c0x00ffffff-no-rj,,
82d775c8bb1740c0a6db1037d3bf5fe0,554,13822,https://yt3.ggpht.com/nxlukrBK1vRgohj0Q_x2UzYG47-N_sTvavO-O30iLYRKfnIViwF1UTCFQN7BtfeHcI84_YVStA=s88-c-k-c0x00ffffff-no-rj,,
82dcae1da14844ee88960a76041e7c27,119,474,https://yt3.ggpht.com/C03wUsKnjTHSSQhVy5RavL-iWvkSql4bgkoNHILxIUdR3yofS5LrX3t7Cmb8fCyRa1GLxeOrZQ=s88-c-k-c0x00ffffff-no-rj,279,https://static-cdn.jtvnw.net/jtv_user_pictures/b3f4ee42-ba2c-41a9-bd21-8830ee281566-profile_image-300x300.png
82e63a8d4ae14beab89e13b43b35fce3,10200,208594,https://yt3.ggpht.com/sTKGFB5y1Sv0wbTUXsMcI3Le4bdXh0veDwywbTTQAwOAxbDW2HOFkQaPQhPpvsIpQLvHSqK4PA=s88-c-k-c0x00ffffff-no-rj,,
8309d31b418642db83f0cf56b38fc9ad,6120,515785,https://yt3.ggpht.com/ZDLKBn9ET1JGY4xKqrk_J1iljg24IFnrh4x2UmCx60nQ-r4qu2z1ljWp94Ku2AWB4RT7v_Gqpg=s88-c-k-c0x00ffffff-no-rj,141,https://static-cdn.jtvnw.net/jtv_user_pictures/8c87d471-a405-4893-9921-d14858de75b5-profile_image-300x300.png
830fd8d5a40e44d1a71b83fe876e1ac5,260,8638,https://yt3.ggpht.com/gP2uerp4eVljbmKyz3YUijcQqA1Vjz9IYk-QBJiMoVn2Db3ePT2CTvqnSjbCZb1wZsbzgbe-3Q=s88-c-k-c0x00ffffff-no-rj,,
836015916a40475bb608e8c6a69b6a09,383,27290,https://yt3.ggpht.com/0lnqNrwCav9pMrV3fLqWQj5tC1FHxc5CqYpG62bMAmi7o6Vt-P1QxN1W79ToR6QYlBrCpdzx7w=s88-c-k-c0x00ffffff-no-rj,,
8362a08808604c0fbe3eaf6e945b3267,123,0,https://yt3.ggpht.com/s2Hsu9nCJOeC7oU_l5UoHSh8Noet4AalQ-t1kxdfDVLtQaMz4vkbsQ89vNEaUBt8ixsbM0XGHwE=s88-c-k-c0x00ffffff-no-rj,,
836540821b58433e9e04bea62c49cf2d,277,0,https://yt3.ggpht.com/zwVV0mm3RWY6ebdub38oRczpBs22dvFcrTL9j1PunphDUWynZFutsxNY6ebJ6xl6b1Ghi0hhJA=s88-c-k-c0x00ffffff-no-rj,346,https://static-cdn.jtvnw.net/jtv_user_pictures/86b243c1-76d6-4c16-89cc-2e07e74c8bf2-profile_image-300x300.png
836f66b079c4466db64a8b3bc9295450,10600,241426,https://yt3.ggpht.com/05ShViTIpdDIXbWp5KBmPVLdITekIFaPISq2qYAyKaLMrtGSTVNMO1RYb_6EkvzRZLw6CJS1=s88-c-k-c0x00ffffff-no-rj,,
836fc798e2ec48b9985333de75d490ac,4480,381461,https://yt3.ggpht.com/QeWEGg9r-PDK7l_de7yiL0Pd8Y-ZzEny-VDQxw_5APA3HkP83xUFNFahBPaoBQSjcywmrbti3w=s88-c-k-c0x00ffffff-no-rj,,
837cc45c90974caa9f07699c3899fa7b,613,28868,https://yt3.ggpht.com/5Yq1P6q79sdxSeyWZ8QV3salr7S5xpeT29IXtrrDM5lPqKLNuAXJfugaTa_-zHvbv24Q9Fki=s88-c-k-c0x00ffffff-no-rj,356,https://static-cdn.jtvnw.net/jtv_user_pictures/8c6c3ec0-9114-489d-b065-0c77257fbcdb-profile_image-300x300.png
838f883ea01f431f97bfe9dbf3064422,999,34794,https://yt3.ggpht.com/FTEm5hDiYaj115Mj-Dtw7OhnHshYjop6DJ9v7VqbB4UT4EKXz-ZQAVn9_d1nX9jHMzfE_3UGRg=s88-c-k-c0x00ffffff-no-rj,104,https://static-cdn.jtvnw.net/jtv_user_pictures/56790f59-4ba2-44bf-a8e1-d9d89ed2c96c-profile_image-300x300.png
83a59a0d6537461fb429af7e3af1d152,1900,247270,https://yt3.ggpht.com/v0ny43NsWyPvXYe0LN3weWCBwOZRHjW4RXEBrQrWT2k2JMoKCg9zdz08q0SbFCxbkZ5imuZfOQ=s88-c-k-c0x00ffffff-no-rj,,
83e0f3520699474ba7f017e5e4388a5f,2400,43112,https://yt3.ggpht.com/m2seMMZQOYg5PxiKchkmuuy1JdNPZZ9v4ILfikEInXuBDS6sxqvEBay5jnwVPhsIlW42GlenSjk=s88-c-k-c0x00ffffff-no-rj,,
83ec4919298a4ad5984e3da31109a4c8,716,8697,https://yt3.ggpht.com/5Y_X_qno2lkDrbk6H7Z-hJ874Qt7bip1eq1XdRy7lNSyg7Ncr-P0RjqqU6Z2nM9ZpZuVFiq8vuM=s88-c-k-c0x00ffffff-no-rj,6608,https://static-cdn.jtvnw.net/jtv_user_pictures/6088d384-bbe1-462a-abb7-590fa3b08f77-profile_image-300x300.png
83eff3b0de694818876092eaabd35b4a,1910,74292,https://yt3.ggpht.com/tlYB87XO7GZqEhE8HZm_rk1yyZYl2nITxrok9qJ8qazH_HT9u5XHnzlUmu79RuitmPzs2VUZmw=s88-c-k-c0x00ffffff-no-rj,,
83f4ec63112c46d1801fc596894c3e47,1110,40151,https://yt3.ggpht.com/YJaaWHc0uZdVLjzXtDGU7AlwNeIC-fNu7-1iRD1qGSEpV55xq8ztOihKtzfLWE-Q3D4dkJcrnA=s88-c-k-c0x00ffffff-no-rj,,
83f96fd6cab64f4da581c50cd2a31b82,424,5035,https://yt3.ggpht.com/WY2BxKmB8kLFznVKEQxwQLeT4zIy2u7ohLpD0DBt_D7RoNVLqu32GmDfAf0BU9kdxO45wg-8iw=s88-c-k-c0x00ffffff-no-rj,3462,https://static-cdn.jtvnw.net/jtv_user_pictures/fb5d5782-b4f3-4e3c-82b1-881108fee919-profile_image-300x300.png
8402646577b24bd5918bda8690e790b4,2770,323990,https://yt3.ggpht.com/usgoj4la_M-jvR81yl2luZXgyYHFBEmlkSyeZXUxxsuSTIzzz7vSEU7Il0X--Cpyb_P8wKUu=s88-c-k-c0x00ffffff-no-rj,1497,https://static-cdn.jtvnw.net/jtv_user_pictures/8e5b552f-ae60-4cfe-abfb-83155e088b90-profile_image-300x300.png
84111bbae2be41ea96c8b2f6c755f00c,198,4350,https://yt3.ggpht.com/Tf7UXonClYcpbmhi38B1FkdqEaOn250j7FN-rnpZFMKsPkWRGMu65bffbiUxhFtBngNm2tqD6Ho=s88-c-k-c0x00ffffff-no-rj,1052,https://static-cdn.jtvnw.net/jtv_user_pictures/9b4f515a-2190-4089-b38f-97a44f5d21e8-profile_image-300x300.png
843d99233b474827a2f0bc417ffd3852,551,19868,https://yt3.ggpht.com/Z73jcZPZb_ZxAFkwIQaXXQtjqnnQs16_QLv5iy3dipu1C5DQ3qnEtgBB92T9oPGXlZKAVc35JA=s88-c-k-c0x00ffffff-no-rj,4686,https://static-cdn.jtvnw.net/jtv_user_pictures/402a0e02-5079-4b3b-bd0a-02f8559f10b5-profile_image-300x300.png
844adbe9800c4c52863267075afd2c7f,168,8090,https://yt3.ggpht.com/C-npiAs3-KKdX_R4-Gl3zqR2mhk33ds2vMfCZfCk8XTpBjW5_V2CXs0fm6qtx3WxChisbbEaAqA=s88-c-k-c0x00ffffff-no-rj,,
8460a099a32044a5aa602f780dec94f2,673,85964,https://yt3.ggpht.com/Sesk4-ghlYjttdxH0_4hbfmzZ74iQTTzFKKjUtRau5kRu1Xg5KcYZ6l7KEpz60skQ_uDm31tDQ=s88-c-k-c0x00ffffff-no-rj,16,https://static-cdn.jtvnw.net/jtv_user_pictures/1a5f02d3-d6a4-4b91-8734-8ea5b4133700-profile_image-300x300.jpeg
8483ae3c14ca488394d427d271854d88,1740,33857,https://yt3.ggpht.com/UMETytq0NFn5oUwEX1M8UJBCjHGiRm9AW3zXbw4GJvOGogjMU5x_GpPDYZxQhto-uk7a2oabNbY=s88-c-k-c0x00ffffff-no-rj,,
8489d002b1704612bd0dd23f9a14ed51,1070,49080,https://yt3.ggpht.com/lfDwVSKNfFmz6juu3jUy2xsrOw4jbz0trZtHXDr5GcfdulxZCe6t976lgHJjbptVbczV1HOzyA=s88-c-k-c0x00ffffff-no-rj,180,https://static-cdn.jtvnw.net/jtv_user_pictures/1cb208cb-d4c4-449a-b611-8cd1e884163a-profile_image-300x300.png
84944da407dc4de9896c7b763132908c,4170,168090,https://yt3.ggpht.com/79mdz2lBMLgKxcsp0ejWKjnwXPG4OgLdzp5l-KrqLF-WCgVIUZBtCmOfAETzWKT7zHYVQriP=s88-c-k-c0x00ffffff-no-rj,,
849624dcb99b4abf814b0b748669b6ff,71,1055,https://yt3.ggpht.com/HwKJFgp8YLQNkV5SVvrvaUdxE-VVeUdAvKNgjbhTe-8iJqI7LFaQetMJg1rmFgcBduQ-MnCn=s88-c-k-c0x00ffffff-no-rj,,
84a911e2b05f4919a32e0c1618e32a7d,31800,855470,https://yt3.ggpht.com/FZCmjLbY9s5o0aoGEQ9MKOt_1_1QLT7mBEc5Xsk4CuIlh-3uX_JsE-p8cPFBiD9P6ad_XBTAFAQ=s88-c-k-c0x00ffffff-no-rj,,
84be0f1e2b414125b39c80648897dd7a,1470,20837,https://yt3.ggpht.com/1FwY-voVoWBU_FnkiOeTU2U2PnTKXDf1gZXy-ki-XR99Iugz-3ID6RdFUkJGNgyOQTYdt1g9FoI=s88-c-k-c0x00ffffff-no-rj,1852,https://static-cdn.jtvnw.net/jtv_user_pictures/d6274206-dcd8-4004-b36a-2fee87956da2-profile_image-300x300.png
84cccbea595d4bc69426d5c75f1ac3a4,1710,80845,https://yt3.ggpht.com/mg4IahZSt9VWLl0_Dz5nLRkCDqFMS6iQYip41R_-YqWmVtJNKzvp9bSjQBx2LvH7EUut5kzt_A=s88-c-k-c0x00ffffff-no-rj,,
84d68bef71304aa089c10d2c33c9a107,22700,728298,https://yt3.ggpht.com/fk62jmWxh9RvPSi-e-2-Bz4GLqMHzFXKLAMx56l2vQwO29u7OKURrQVblPdQUD1lpZtUKLhr7g=s88-c-k-c0x00ffffff-no-rj,,
8527ad14c0a348e19d1dc223e0abac20,425,8763,https://yt3.ggpht.com/Qg21cQefw6jMyz5bUAoBMY6GAa87a7NFDzutQ2lIog_k5zzD-RuB8o2RUM-GfYZsAHOAKbaISA=s88-c-k-c0x00ffffff-no-rj,,
85340d14d5654ac3b28b39b007a7dea7,203,10297,https://yt3.ggpht.com/r6GbW6FispEQeQJE2uCu_pknHyb10-KLVUwfaloPSmGKSyFGOx2wljcMgPKhTE2aJCyGwHze2g=s88-c-k-c0x00ffffff-no-rj,,
853afd5eb42e4f61bb0f9478aa8c1661,974,6045,https://yt3.ggpht.com/6h3ODbZcauVHBo4LzwUbYYI-AyDinK2MjixV0oWOVfK7U8l362cMuqEHHyAlyZZZ93-86AFZ=s88-c-k-c0x00ffffff-no-rj,,
854282eb3f32406aa85dd53f14748228,2750,56132,https://yt3.ggpht.com/deyc59eQYR0DB98Xqwfp6NGSUkIMgNR9FjldCguFT2QX3x0uaqb0dutaVGctqxcCkFvg0k0nBg=s88-c-k-c0x00ffffff-no-rj,7705,https://static-cdn.jtvnw.net/jtv_user_pictures/09e5c241-cd47-4c8c-bc98-7c9ee05dd5c2-profile_image-300x300.png
8564954960ba466fa7f17bc0e0ea5e8e,1960,38496,https://yt3.ggpht.com/lc2arh08Ey7nJGxmcyj65NyA-roOQfDz7XHMDNFBuZmE4Oqfa4nrBoS_2gMfhxO_eNpYMI2Pa3U=s88-c-k-c0x00ffffff-no-rj,350,https://static-cdn.jtvnw.net/jtv_user_pictures/0987b89c-a8ad-4326-99cf-7df4ba803fd7-profile_image-300x300.png
85aa19ec73ce4db08ba1bf3d0f1807ce,953,43796,https://yt3.ggpht.com/ATdR9aqhmycoC_bUaXX9vcZe4p74bOEz6W0En_WL6ANZeg54cbNEvBMm0pIbJrz9QiNyAutl8J8=s88-c-k-c0x00ffffff-no-rj,,
86154ca2dc964847b37297138aa65b9f,5300,186016,https://yt3.ggpht.com/35wXEcyG3UPHwn71GpdqBFyhez2aftyt_4gceDhofghrICnMPle2VOCvl-i9Sem_yH4fawoCCg=s88-c-k-c0x00ffffff-no-rj,1012,https://static-cdn.jtvnw.net/jtv_user_pictures/fb8f052f-d50f-4e9e-a658-888600a6e2ac-profile_image-300x300.png
86853cb239d740ce953573ba74bd08bd,1610,57761,https://yt3.ggpht.com/p-onXnmulWC2WD85eQtSex6O24NzxUKznOaf5ICPuKpwf00kf2bEIQH-rbWu9fcSLpChwVWF=s88-c-k-c0x00ffffff-no-rj,1745,https://static-cdn.jtvnw.net/jtv_user_pictures/083a54b6-de09-4d3f-bc30-8259320c909f-profile_image-300x300.png
868a7d0a1ef94befa5205a21fb65d7d5,141,2425,https://yt3.ggpht.com/my5vFrTlaiLfxDpjkCBCKq1wvJlWL_MQq5Y0P0VdjduTA92JPNkFAVf9YEgfpsEi4sFr1zYHIg=s88-c-k-c0x00ffffff-no-rj,4564,https://static-cdn.jtvnw.net/jtv_user_pictures/451813a1-5329-4910-a9a7-52a9eadbf483-profile_image-300x300.png
868f29ec868047fdb2a80a91f49fc55a,25700,0,https://yt3.ggpht.com/metuURHBjlUOSn7HIL6fwj-Ag2b_M8YoqQ-AP3EB7t_0UBpVYlcJcLnFk9ISawrFwErJQaTr0A=s88-c-k-c0x00ffffff-no-rj,,
86957fa57641453e9fcb73550e58b64f,1450,31263,https://yt3.ggpht.com/8VKGB7hrtZT5HOu57_eC0sbCH8pLywatK11THy-6WsKqgAD_1qVniuKPm5cjtM-JdBVUmocKKQ=s88-c-k-c0x00ffffff-no-rj,363,https://static-cdn.jtvnw.net/jtv_user_pictures/89d8102a-82b2-43ec-908c-e86a554423cd-profile_image-300x300.png
869d9d9067b64dd78418cc258cb6607b,247,5657,https://yt3.ggpht.com/4OEYGE_iFN7lwTnbEPmsV0XKD5skv-VeH0pZ4lrd-4GVceOPZEiwXP5lrHeguP3lr7NaRmlMKsc=s88-c-k-c0x00ffffff-no-rj,193,https://static-cdn.jtvnw.net/jtv_user_pictures/71fbeef9-c582-467f-90bb-babcf2987c65-profile_image-300x300.png
86e86bf2d8e54e9083613e7398e1e7ac,1600,34192,https://yt3.ggpht.com/MFoeK071JGpTr9YIVZjlfjJnOu3TbwUCX8W0eEKLUWbTa5V5JtssFd3wNrLSa2C1BdzYMmNmRg=s88-c-k-c0x00ffffff-no-rj,1564,https://static-cdn.jtvnw.net/jtv_user_pictures/56d9125c-7918-47eb-a1ce-348466004ce6-profile_image-300x300.png
870430bfaf9942f487819fcb4630fabb,1170,0,https://yt3.ggpht.com/iLM8whwUKcNYDUxtK73q4QWdEFtDRuowz7wfsPowmdYiltURF5TYKNCAsf8jnqSDauWW_HQR=s88-c-k-c0x00ffffff-no-rj,1116,https://static-cdn.jtvnw.net/jtv_user_pictures/54e5c45d-e8b8-43c9-b16d-155ac9ad015f-profile_image-300x300.png
8723ccecdfd84d92b1de24f9d6a86bcc,47,591,https://yt3.ggpht.com/g6AVyexzgN_Vgf32ZVfdHx9XUW5b5ptJj0BpPR_5HX5xsmG7AiFcntF2YM3nMUYA5rA4Qh7b=s88-c-k-c0x00ffffff-no-rj,2801,https://static-cdn.jtvnw.net/jtv_user_pictures/154d2707-c12a-43cf-aff3-ef3b598ef75f-profile_image-300x300.png
872627e5c7a248bfb41a055dee03029a,4190,107081,https://yt3.ggpht.com/MiBl8bUSQBWJ7DQLj_8U90Nm6UWDuqyiD6bbTw-T1IlChfwzE6BiQl8QDtu4mc_Dh8uvzzWUzg=s88-c-k-c0x00ffffff-no-rj,733,https://static-cdn.jtvnw.net/jtv_user_pictures/7ccc69d9-3f31-4103-a17a-00e70a95797d-profile_image-300x300.png
8729a18bfb7848d880a59da20b281640,614,0,https://yt3.ggpht.com/NiGa8NPRagfTbsMGRka0gKNClUmpiH7DfqX8YrjAxXPA9lg33NLuuPqdI05eB0muyb_qt44LhA=s88-c-k-c0x00ffffff-no-rj,561,https://static-cdn.jtvnw.net/jtv_user_pictures/fe1804fb-0984-4141-92eb-7fd0d68617be-profile_image-300x300.png
872b7ddfc20f433f9575e2a762e83c06,373,11821,https://yt3.ggpht.com/kqBvzCRx8gh-RLxMa8W1TDYS3wLxI33D-V79LhdZIMrKCHo5HfkoH64BiGVu4oOclKCANZ9x=s88-c-k-c0x00ffffff-no-rj,,
8746bf3b3b5843e7b00f6ec23fefb6b1,76600,35499602,https://yt3.ggpht.com/V7XclzJOzAfwC_ThXji-m7x-Nv8oZWz24LcmnH_kOnvE3cvvZNHT8O1Y4w7Yobq8NfM2kXOR=s88-c-k-c0x00ffffff-no-rj,12056,https://static-cdn.jtvnw.net/jtv_user_pictures/ff1b6fc0-9cb6-4b39-8e62-503efc5b6898-profile_image-300x300.png
876c11fba4af4235857127b9af87093e,345,17142,https://yt3.ggpht.com/kWkCDN6d5Mc3Y7Aq9SOnL4hLs3rBbWaLiUlMixZD-iLZcgXRvOCBRpImMYbVTjNkD2kxc9QKpw=s88-c-k-c0x00ffffff-no-rj,,
8774553046cb47a9b5165c15feb01e84,293,7070,https://yt3.ggpht.com/n4917pRskIYF2e1m_UaDkURkRfD_ug40M1SoCoYK2zn58JXTPPKUnNnyqn29GGUgd5YzSVMb5Bs=s88-c-k-c0x00ffffff-no-rj,373,https://static-cdn.jtvnw.net/jtv_user_pictures/81b942ca-4a5e-408d-ad54-660a5c83b963-profile_image-300x300.png
87968861d5794c01bfce46d51c8abfc7,2560,24660,https://yt3.ggpht.com/p6ME3Oup31U1U-jMM31zA1E1QFE3Gwb4tLOnEoXJSPLNcczLb4YDCRYUqMSlB_nTku6hZPSNzw=s88-c-k-c0x00ffffff-no-rj,,
8796ee6fb25b4b40a8ad9a188059951a,10100,156418,https://yt3.ggpht.com/ZDBubrvSl3nP2fBqjO_9GpcrJKWiwDJqgsO18AeEJ-2qOME_oAPq23oFiEeDmdAB8dkTULlF=s88-c-k-c0x00ffffff-no-rj,,
87df5b92303e4410884b8c52ff2c4e0d,396,12658,https://yt3.ggpht.com/1z90f5FAkRUd5ThtMTUcu5r9OIytL8fVE1GfzlS_zyUDShCg6k_voT7wuIH4lSl5a-aBSCHyTfc=s88-c-k-c0x00ffffff-no-rj,809,https://static-cdn.jtvnw.net/jtv_user_pictures/8d4bd9f8-4d0d-478e-a962-dd59b93d0b75-profile_image-300x300.png
87e486b2a37549cbaccc95bbf7d3f253,153,5611,https://yt3.ggpht.com/NmuPBNSBtgzs2x364WeQ2kFKgrqQ3dggoyIhvO2KUfPJoSoI7UtKhkXOXuBO_DCCIA_idzRAsQ=s88-c-k-c0x00ffffff-no-rj,,
87f156d485c047ec9c137894c7452da4,506,6634,https://yt3.ggpht.com/DrbpMGhCVLctFoW5iLGxnSsiMv7OABfN0tEuUIqkKE-Z0tj26SRUoCybZ19PhRp_AjnTsjYmVQ=s88-c-k-c0x00ffffff-no-rj,515,https://static-cdn.jtvnw.net/jtv_user_pictures/2f2e1233-2495-461b-a6a7-54ccd0d1cea8-profile_image-300x300.png
87ffb30de3914a299f6a586c7ec216ec,156,1708,https://yt3.ggpht.com/EmtOg-jjIxj3wayCqsPO89Bt_5d8vPFZeFhyunR9oWAETiC7ek0Iw5BRtwnXtc9N4W6JOQ7TUmE=s88-c-k-c0x00ffffff-no-rj,194,https://static-cdn.jtvnw.net/jtv_user_pictures/f7819003-86cc-4b91-b024-3dba72285f1e-profile_image-300x300.png
8814a6eccdd04fa6bf2f8201f12bf8ae,9,0,https://yt3.ggpht.com/jq9_AqteNqIYKh9A5YNhzOYVOJDEDfA02kPTsh1qdU1I0YkyMygIHzXehySOZLr0e7OWn4SF=s88-c-k-c0x00ffffff-no-rj,203,https://static-cdn.jtvnw.net/jtv_user_pictures/1bbfbd20-33ea-49fb-95b5-ddaab2469b19-profile_image-300x300.png
88526add0348499c95bd5838a5f35989,,,,1306,https://static-cdn.jtvnw.net/jtv_user_pictures/e2aae1f5-ef41-40c5-88bd-c6532ec79a3e-profile_image-300x300.png
8868dd9b4d75481397fd841b8ef6c55d,95,2124,https://yt3.ggpht.com/DhEIcst9owQTdxw4dwbr_BGRBz0-S2a_CVvMHJj5gxnKTs9recG4ZFMKMAkxULFDDVRSoVro=s88-c-k-c0x00ffffff-no-rj,10,https://static-cdn.jtvnw.net/jtv_user_pictures/5e9d6dbf-8a4f-4aea-952e-d02f78fc6342-profile_image-300x300.png
886a4e04bead4c5088c3d32896b28d9b,181,1352,https://yt3.ggpht.com/VRo-Do0SPI7n84Gw6cH_RSQLR3yQuKZElhgdnSUqzPa8Pr4G1i9u8YjSmrhcqRlukb40_Bj-=s88-c-k-c0x00ffffff-no-rj,,
886b8f7841a341af80b6faed09b18ba1,169,1077,https://yt3.ggpht.com/NWUsaSrO4V9zfaA79zBbFCEAO4oKyan7Yu3sg6paAu-g0XOkSiQLvxMZmWYaERzQV2YisBqz=s88-c-k-c0x00ffffff-no-rj,646,https://static-cdn.jtvnw.net/jtv_user_pictures/c1c1735c-8d96-4e1a-8d6d-9747231d1b67-profile_image-300x300.png
887b37336c9c4730809ace8b5e38df17,4830,25682,https://yt3.ggpht.com/JUWD-YuLKJpHsRbGM8kufGn5oeJLdFJX8C5adw7I1jWZCa2ucSBdgA8Xq68y2w-zOoGj7HYMug=s88-c-k-c0x00ffffff-no-rj,51222,https://static-cdn.jtvnw.net/jtv_user_pictures/3d62ab47-8664-4f1c-a537-e65b33ef566a-profile_image-300x300.png
8881d23b0a3c426590c8a2509e363ec1,644,82275,https://yt3.ggpht.com/pIaAaI61h4BMxl0J_EA-rQuGTx4BxTJseW7oQP9rmEs2jVvtm4Vv5TEVCVNPWOandnHmAaz8bw=s88-c-k-c0x00ffffff-no-rj,1690,https://static-cdn.jtvnw.net/jtv_user_pictures/87f7bf0f-ae7e-4cbd-87e6-37d68d015afb-profile_image-300x300.png
8882f2de2e6947e190be5b4f63a4e626,107,0,https://yt3.ggpht.com/rg8IZMWtIvg8QM6aUciIZR1FnlZuyIiaPAuctkFcWS9wvF-AKcyaJhjh5w9DGm86t6dydFwO-g=s88-c-k-c0x00ffffff-no-rj,,
889bb42644a14ae4af2b3594c51d057b,216,3653,https://yt3.ggpht.com/nvCl-zUyuFOLq6Ax9XaH2A_Tb516szrHct58UOVMdDbgq9vJ3pvu3dTrOcHPUhCXksb89_X6Ew=s88-c-k-c0x00ffffff-no-rj,,
889bc532fb85455bae33baf0aa7ec003,2130,164366,https://yt3.ggpht.com/VEWA1gqAINxVxcLRrjtlKt_KVS5CKxJpPXdPAXrRIfNrRjORp_izvrPoyFynWICgFSeywgA8J60=s88-c-k-c0x00ffffff-no-rj,,
88aa589d4a3648738e49243d2056d03b,14800,790433,https://yt3.ggpht.com/1wR7rYOgn9O1gU2eDDznaDtbh4C4uvbAzI49dIyC_IjdQW4DV5R3IXf8ij2kfW7QwBwNHKu1N_I=s88-c-k-c0x00ffffff-no-rj,1709,https://static-cdn.jtvnw.net/jtv_user_pictures/bd012b0a-61e8-4c0f-8642-fe0f1a6e2ca9-profile_image-300x300.png
88f782b3b6c6492c926f70e4a13390c9,13100,555232,https://yt3.ggpht.com/wn2xlsRJlfRnw2biAoP0XZgHcHrMrel2XuLDpy2gDht5Kor3ome3eWq0fyxJf30YIUw8kGsE=s88-c-k-c0x00ffffff-no-rj,525,https://static-cdn.jtvnw.net/jtv_user_pictures/a82e945e-6923-4e1b-bd44-8b087e0146c9-profile_image-300x300.png
89036aadc62d496aa73c0a0076d67f41,2240,66548,https://yt3.ggpht.com/I2S3Sbui9hxTjdrDjIUaEDgTXPGhoiiL6byjZEaOCYpz-6o9E5TFuzl0Spr5w9WiPrB610T-rlU=s88-c-k-c0x00ffffff-no-rj,2411,https://static-cdn.jtvnw.net/jtv_user_pictures/92bc5d97-80f4-44f5-a51d-2e7cefd9a22e-profile_image-300x300.png
890c5d306c5f4a218f861c8a98a1e74a,297,5300,https://yt3.ggpht.com/_-0RuPxdv5ShjbKp8zK-U68fWPXb6U95Fh2PzrmSND9S3CPS40fZt1yeVnM0tD09trdia2EL=s88-c-k-c0x00ffffff-no-rj,69,https://static-cdn.jtvnw.net/jtv_user_pictures/ac53a243-ca78-44ad-9c1a-a9cf6e49ce4c-profile_image-300x300.png
891c39f050e048aebafaafc90a1c4cbd,1850,10657,https://yt3.ggpht.com/ZEIHPPbt_xHfVvaCHSQwNjiV_a3rezcHySIPfrngqMjq8HfnuraT2GDeyg-0iPfeTdrEarAaeA=s88-c-k-c0x00ffffff-no-rj,149,https://static-cdn.jtvnw.net/jtv_user_pictures/3fd22f9c-6678-4bce-bf3e-ef6105e522da-profile_image-300x300.png
895f655b68e34434992fe2a9ebbc725a,1640,5936,https://yt3.ggpht.com/hpRTnw9s6XzlEDSLk2ZERq9RQAfW9f7OSIEAcQhnuHJxx4kFqhBGGhihyhush0FeO_qq7MyiEQ=s88-c-k-c0x00ffffff-no-rj,,
8961bc96eec34a99ad58505bae3f58f1,3360,133524,https://yt3.ggpht.com/WqKFocIwDuo907EXotKw5FoxkHuEHSSZJcXpOL8R1zusVlMsXpF5eqTudmB_i6qj9ybhlzuH=s88-c-k-c0x00ffffff-no-rj,,
8968a24fb6bf4f08b1611e694c98eb40,961,51124,https://yt3.ggpht.com/rFdyoyVXU_9NN0q5mk9ESl3HzT8oksCNwe_KQbpbhCHqGoBft6TgGy9trKItgC2dquaCutyOPQ=s88-c-k-c0x00ffffff-no-rj,,
896f74ae454b42a890e413bddc690335,26500,0,https://yt3.ggpht.com/6eYPRGHJuw3I3869ovoXrdFDOxVXZ1DDOopGcILqYZxfxi9lucEAOkHn7omAQWpB7DdyFS1Nqg=s88-c-k-c0x00ffffff-no-rj,1575,https://static-cdn.jtvnw.net/jtv_user_pictures/629cf5f1-59b9-4c91-9808-d363639dd44f-profile_image-300x300.png
897400f2658a483286ca6acc927006ca,224000,33315085,https://yt3.ggpht.com/-h4hpgJ9fqFFm71399v4cIwme_wbOkq42y9PHBALVxyQc5_4r3k8yh57H6jnG2MT9Kjl5rdn7g=s88-c-k-c0x00ffffff-no-rj,10121,https://static-cdn.jtvnw.net/jtv_user_pictures/fb5750c9-ce7e-4936-a169-b0c78393be4e-profile_image-300x300.png
89742766181f469b807f397325a2a6bf,3920,25764,https://yt3.ggpht.com/fGdGv-91Khu5whcAgTrTmLM6mg3N1vUPXbEzY-yR27cjLN71xh9YKrryzkzs8xJmDHs810PyqeA=s88-c-k-c0x00ffffff-no-rj,323,https://static-cdn.jtvnw.net/jtv_user_pictures/3685c892-0553-46d5-b2c7-0874f2e27a67-profile_image-300x300.png
899208f999aa4121ae2b67abb3190674,830,12882,https://yt3.ggpht.com/-YJlG3U_0appIUMq7MZQ4K6qjtUed0-dr9g4DCcICj8ZPGA-rcjZ7JzJIgLUK_AvxqrXxkoXEg=s88-c-k-c0x00ffffff-no-rj,4131,https://static-cdn.jtvnw.net/jtv_user_pictures/a2a359bd-8708-4b68-9ee0-0569694be8e4-profile_image-300x300.png
899e5f40cf7f49a8808969866758779e,331,6477,https://yt3.ggpht.com/Bx8bbHGH5naS7lRc3bLwflb7zdmygEMzPxPaul2MEw7inE0xQZvDWLZ9EmEiw6TfMfF_U96wRg=s88-c-k-c0x00ffffff-no-rj,109,https://static-cdn.jtvnw.net/jtv_user_pictures/fe4e24b8-c810-441f-87ec-ecae7a6e0fb9-profile_image-300x300.jpeg
89f4c9a5a9374700ae9f3725cd8a3f0f,263,9617,https://yt3.ggpht.com/Rp-KAogPCNtNvnrttqmHD0Fb0bd_yVQP5c30oTZdb3cC4TP6Zjx4B_ESXBKDzmWExpqhaIj9eg=s88-c-k-c0x00ffffff-no-rj,39,https://static-cdn.jtvnw.net/jtv_user_pictures/f0dcf978-3694-45e7-b2d3-7f6dc762b7ec-profile_image-300x300.png
8a0b024373544f31b54e5a6cadb124dc,17400,222536,https://yt3.ggpht.com/v7fTj9vX0EkKX_2-dIpB74PrbPtWsOa9myTcpGBkgrWLxMVeao50nGK__7kINkBijlHCiyn1PrI=s88-c-k-c0x00ffffff-no-rj,753,https://static-cdn.jtvnw.net/jtv_user_pictures/7a043e22-8a60-47db-b455-e45e4c4f0704-profile_image-300x300.png
8a3a04df8f6048d19825cdfef59ecdc1,700,19044,https://yt3.ggpht.com/XlGgxPXI5itZGbqnyVyfMY4BcGbT60x1oCvCwIHJ4ZyVUJF9o162WdSIF5vGUH6Cyoqpe2Mj=s88-c-k-c0x00ffffff-no-rj,,
8a4988902b5640e6ae1829285307c636,60200,4519540,https://yt3.ggpht.com/aaTpqiUjgAXotHYLFCl8Bbg6QNwFpY9pFKdPeBabC-tYfcHbhrJKI5qa87arpLl6QcS3ml0G3w=s88-c-k-c0x00ffffff-no-rj,,
8a5468bc4c7d44989e5ee4864a9b941a,910,72923,https://yt3.ggpht.com/pfwpPf-pXr__UUKoskbBxnUzWS2K9TkV1dGkDtQgZSum8iOmrsVtUPED78LQQq3nXB274BLjNw=s88-c-k-c0x00ffffff-no-rj,,
8a86c4d0f4ce462a92c6bf09c027e432,1750,370133,https://yt3.ggpht.com/v3JGnsN_hrW3V3m9F1virtlgISHhuYQfjGXbbqT40DLf-XKO12w_M9vmEbcRkZMJhQYgdWaN=s88-c-k-c0x00ffffff-no-rj,154,https://static-cdn.jtvnw.net/jtv_user_pictures/fc01fc6e-1645-4c40-a0fb-b444fb98e924-profile_image-300x300.png
8a8a1d0901c04d568be19e2d8bbc9ca1,292,28246,https://yt3.ggpht.com/30HSOIAZ4X3u1GG3RaUVgFrmXoKnheeuTQVQtTuZEP7hbTlesfOa3dBXYErVjZYMy2fD_NYq=s88-c-k-c0x00ffffff-no-rj,,
8a8bc32109654a41a7cae0a9f235d9fb,1090,5983,https://yt3.ggpht.com/WHPiejfdoQnwHgP_b6zHXwYRP0jzKibt_1cPYlFWlidM5LKysaBIsAcM0fLstEnZlaSNASmX09U=s88-c-k-c0x00ffffff-no-rj,450,https://static-cdn.jtvnw.net/jtv_user_pictures/27f5d874-df95-406d-ac1d-b81321b2ec50-profile_image-300x300.png
8ad9544f4e4f42a09ec1ecb6b514729f,1670,71907,https://yt3.ggpht.com/3_HxNYYfKv1ttuLk78Ev83jR6bmuzlAdJHxFkHct-8P4RyjtqLySP3o322mtVldN0sVyB2PHd9o=s88-c-k-c0x00ffffff-no-rj,,
8ae0f370cf124faa953a09089a427fd9,338,4668,https://yt3.ggpht.com/9ab_369SAWY_4uqkg2ztOaB_FzaNko4scz2l3DqJydIY3KNzHxS7W4uWkN1iBg2fiYRbX5F_yg=s88-c-k-c0x00ffffff-no-rj,,
8ae8129571fe478283e45a20972b94c2,409,4140,https://yt3.ggpht.com/ULMP3GMc7WFvaLvzNu1hc39Ou1y053B8R8WQEFSsRKE1NwFOIcLqOLVVu7ocQGAE4NhF9QvsM3o=s88-c-k-c0x00ffffff-no-rj,,
8ae87582ab1e4b31bfd38310afda77bd,268,1778,https://yt3.ggpht.com/BxBq3W5KGt_kWlhedBkvj8UlLu3e42a1T7UE6ewW-OoTXasgNv6Ff40wb8WD1H6IBXd7wGzz3g=s88-c-k-c0x00ffffff-no-rj,1236,https://static-cdn.jtvnw.net/jtv_user_pictures/6f1e61ca-cbd7-4158-8103-3776583159c2-profile_image-300x300.png
8b027d3a3f374c9c8398b6dd751e5018,4100,135086,https://yt3.ggpht.com/hniWCP6mrm8_AtA8wti-iCEY9u6ALshig29tK1F-jYp31iYTs6p9awZDNCUR8v2Lmh24Z0hTOg=s88-c-k-c0x00ffffff-no-rj,38320,https://static-cdn.jtvnw.net/jtv_user_pictures/2fdcab22-cd94-4f93-9d6c-686719076b76-profile_image-300x300.png
8b0dbadf9faa4815923944437f1c1abb,393,41459,https://yt3.ggpht.com/nzYJyos_RLAGxcJXaMh2RCuQX7ZfTXRn5dEo70WFBDg5cB2xeerA-UsPzfxlq0TzQ8rF93aa=s88-c-k-c0x00ffffff-no-rj,,
8b1758159f754a3a8d7f26dcf12c008f,142,6473,https://yt3.ggpht.com/C7sqFowMT4j3c7j-jo_yGI7nZLzQnWqO0fmSTu_GFNDL3kDKOEUJK98dPhWHDxE2TDVVUBEp0mI=s88-c-k-c0x00ffffff-no-rj,,
8b5d6e9353ba46789fa6a2cfd94f69b2,118,3582,https://yt3.ggpht.com/V8xgD_UX_rgH3aBKc5DpmzZcl90BQiIHIr2pKu-Htm2ndBp2GDi6Vs5MT8ipU1dJTHOwRJFb0A=s88-c-k-c0x00ffffff-no-rj,127,https://static-cdn.jtvnw.net/jtv_user_pictures/ede36e9c-cee8-49ca-bde0-abef9197f52d-profile_image-300x300.png
8b69d6c508194b93b14fc056038160ab,3330,75893,https://yt3.ggpht.com/KLIx6uNEeVA5rgGrsfVB5y4F-Q2KmivrTAnQ5GPoI0U_9wFxYnmG13twuBLyCGIN14P_Rymb=s88-c-k-c0x00ffffff-no-rj,1771,https://static-cdn.jtvnw.net/jtv_user_pictures/ec8e6266-03f3-44e9-91b4-e0dade8eb76e-profile_image-300x300.png
8b732f3260e0427f9cf795b93ada310a,1640,44383,https://yt3.ggpht.com/zGLaPHxDCOK0q5sopRzmMJThxxW-tC0gvDwe0ab35UlfQ0FTLdmA_SEiw1gUUNe55Yz1J4YO=s88-c-k-c0x00ffffff-no-rj,2449,https://static-cdn.jtvnw.net/jtv_user_pictures/06382376-f34d-4072-962a-56554aa8bd4d-profile_image-300x300.png
8b7a4cfb12e54a309645f0e077bb088a,2120,31094,https://yt3.ggpht.com/JD_H20yG_tc2F4kRahVOjjrd9wdF2bckLVMrabe5ixc_oo5Y8PFce8UYjQkgK1_f0aORRLPm=s88-c-k-c0x00ffffff-no-rj,,
8b810380ed254a5e8a85b65552ba4e61,1190,44033,https://yt3.ggpht.com/SZCl8xcdjB22LyykPTpu3Q3oT3cy6tAFFoz6_5IjEjHFg1eFahD_RfJEHx2PzHoNwoJvieHW=s88-c-k-c0x00ffffff-no-rj,8865,https://static-cdn.jtvnw.net/jtv_user_pictures/017ef6b6-56a7-4881-9794-16429249b5be-profile_image-300x300.png
8ba365057cdb4ba5ba9c27c02c7c7f3d,470,1510,https://yt3.ggpht.com/w6fRVQx0Yb5GsqYFprMTR0nlIYrOp_h-27hhG0cb7WroHBguz4kfiFL05EM0zfwhILBQiqDH8w=s88-c-k-c0x00ffffff-no-rj,1176,https://static-cdn.jtvnw.net/jtv_user_pictures/ba893b7b-bd33-45f8-8d6b-10900330c1d1-profile_image-300x300.png
8bd1aad0ee834101b6042c08495a31be,704,16568,https://yt3.ggpht.com/OgmnD5VUwgIur6aaxFtIjkD-7J-FkMobEfitaDtC-Qf3f8-l3uqDX1MQeKvxumTavstfwQEL=s88-c-k-c0x00ffffff-no-rj,239,https://static-cdn.jtvnw.net/jtv_user_pictures/8ebc0e43-8c2a-4386-89c9-cc25cdf72f48-profile_image-300x300.png
8bf35c3b9a9e461d825a9170555b71c2,74800,8175185,https://yt3.ggpht.com/wiN-x6KgaJatPrVn2Acg1afi6atNxYF99DX9Yzftr8Nlo0d02zKfegb2wVFbF9J6p_v8_oY-PA=s88-c-k-c0x00ffffff-no-rj,32194,https://static-cdn.jtvnw.net/jtv_user_pictures/ef15308c-2d43-43f2-b2ab-1d0250af071a-profile_image-300x300.png
8bf9e6165251449daa9b1b36af10e5bd,1690,0,https://yt3.ggpht.com/tRBd7Dq1UgaHnShkcevoO368e35-UmLJFan-Acnh-1vmwJrmazMSbF1URPG8a8K_3qhHa11rYA=s88-c-k-c0x00ffffff-no-rj,,
8c0ff863d66348898311ee83d16257b5,636,12073,https://yt3.ggpht.com/FSdq4Rgc5Gmuh7AZ5juMwZbrdUsiDlzxRzu0f4uyKMZaN7lzK8wEkSDIJXEDdb9mBUWjkqpLgw=s88-c-k-c0x00ffffff-no-rj,148,https://static-cdn.jtvnw.net/jtv_user_pictures/de7e3a01-4623-42a1-b452-0dd6dea0d827-profile_image-300x300.png
8c1fe8acf675446ebb2fd046e6396983,42,2251,https://yt3.ggpht.com/Uu9sAi3KwTwtwgLPoq_jxRgGKGt-460Bnv-KUxaoUbD0f0ad95n9687suapyqngvqAtgN7uoqc0=s88-c-k-c0x00ffffff-no-rj,92,https://static-cdn.jtvnw.net/jtv_user_pictures/3b3939b8-4afe-468b-8654-8847bbf47803-profile_image-300x300.png
8c25e14dcc3a4f71895d58924c69dc0a,3340,162535,https://yt3.ggpht.com/T72SYFOCqcPEFaX-C3xcULNLUVm3q8-Gclm5-UaUkVYXgt-9jKFbxdofRL6tn_-j3BbVIREt-qo=s88-c-k-c0x00ffffff-no-rj,,
8c3af9f56a3f4f1d84fcfcfa9f280c8d,10800,656254,https://yt3.ggpht.com/uo8Apz11sGE7a-5cYob-MNFevjAuVyR1DQ3fuPAnc3kYx8US1k2BvFy2_-AB0U0kK89dOhY_HTQ=s88-c-k-c0x00ffffff-no-rj,,
8c494e45ce5b462aa744d46bbdc54021,403,77083,https://yt3.ggpht.com/Msb9dRYVD7ZMDiCcMCqocL6oOELSj1zrpvkvhBNGVIlQt7ylI1QkN1X2uEk5iUQ-OcVoO-SG1Q=s88-c-k-c0x00ffffff-no-rj,235,https://static-cdn.jtvnw.net/jtv_user_pictures/87f3bbce-c9d2-43c9-8a6b-b35d81114d5e-profile_image-300x300.png
8c4d0ef0e1ee405e93be5d03974307ce,180,5588,https://yt3.ggpht.com/HcDX2qKIRxzuhd_d6vhdsHJW8MROYYt5kDIv0Nizb08rcuCR2ODmHpP5y9xeJ6wFBi1ji1XxHg=s88-c-k-c0x00ffffff-no-rj,6,https://static-cdn.jtvnw.net/jtv_user_pictures/ec2ffdce-88b7-459e-8f1a-5348dae49bc1-profile_image-300x300.jpeg
8c59e356f1564e068e1c81ac7de1a4e3,727,31311,https://yt3.ggpht.com/Y0aFA9yKEUjWQGuomXXNRCJUXVoD-De0t2l9XwxD662tzBVPQ1MBGYS_OlEs52rdVPlEA8Qi3A=s88-c-k-c0x00ffffff-no-rj,,
8c6bc741e4614154a63e987f930a468d,6220,251324,https://yt3.ggpht.com/MPJgVbTOkR8_1uWF8e6E5k8sFRJQtdCjxn_LdhbBMPD14B_D0qIoLo1njs2JY9aiLBs35BGI=s88-c-k-c0x00ffffff-no-rj,,
8cace62dbfc34c2a9a2a348e479cdbb1,1610,157852,https://yt3.ggpht.com/xvzR3OkTvanbAm9r429e93d222jGbiV6AMeGGuAW2BBF9Jt4aXZ4glJlpxXGQkbcgoZc3teUMA=s88-c-k-c0x00ffffff-no-rj,,
8cbfffe3cac54065be4149b03b680d87,,,,567,https://static-cdn.jtvnw.net/jtv_user_pictures/6576c1bb-725d-4617-9cc0-d31671844ebc-profile_image-300x300.png
8d0693c271284b76a407c9f6faffcfdc,2270,39793,https://yt3.ggpht.com/txL8j6eFWmvh4-8_A-mQ88iHXH83Cl5lINlOHHLihktPLTllTDYsBO0p-CJ3S7ZZTprnu062xA=s88-c-k-c0x00ffffff-no-rj,,
8d113670c4514e5bb28823a756385528,41400,1551352,https://yt3.ggpht.com/1iicdeViYmIDpfz1oMgWwDmXhb5D3RKnwS0U_ZafNGSdiv1abfuOEMI6Lw3EMSDIk21mc3p-=s88-c-k-c0x00ffffff-no-rj,11914,https://static-cdn.jtvnw.net/jtv_user_pictures/1bf21dfa-a031-4b46-a078-52840229621a-profile_image-300x300.png
8d512b4d20d34cb0b26ff7cca1acc1a8,529,5285,https://yt3.ggpht.com/T8NSXquCXZ1s5s8KiF-7OT6KXpPJq_TAj--1ZyCkX0h8A14YWwXF8dsh3xhQpwhdGgcNtJpNmg=s88-c-k-c0x00ffffff-no-rj,181,https://static-cdn.jtvnw.net/jtv_user_pictures/6a75ac8d-ab6c-44d6-adfa-a16267a00eec-profile_image-300x300.png
8d5345223f364c7d8cc7203ee0ffafd6,3100,154221,https://yt3.ggpht.com/C8JIx5XzfUtiIHyWG3hN8RzV0j_tzhiLE0jrQb2ik6gE_66UaAzCoflscz7GMCeB1FjBH50XHA=s88-c-k-c0x00ffffff-no-rj,,
8d65d936f3c7411ab8a812d7ebc70cdf,1560,83,https://yt3.ggpht.com/3scZFVuhkZynWY4Itmi9A0xBjpJKhyJlyZbPAtxQt63u-YRmU-CSPFVF4Nx0uNG6BnEdcdAobA=s88-c-k-c0x00ffffff-no-rj,243,https://static-cdn.jtvnw.net/jtv_user_pictures/a66be28b-d285-4911-9ea9-8eb271a5f1ef-profile_image-300x300.png
8d8b1382b7154504819e1db08ecbe8ee,1040,18907,https://yt3.ggpht.com/-EIDxhvNovmQBDrjinGf56wiVi0KxO_IIOwQnSJWiOXK-P7gYF4jx0ee2qNcjlqYeINFFv1a=s88-c-k-c0x00ffffff-no-rj,,
8dbec1de49be44d897f1c894427f3165,22200,541318,https://yt3.ggpht.com/5pkk89ojKbZfwFgHBil_im8XyHNugMj1gok3z308KE-wdYO20s65CI1Loz6eolHJjwsqCE_w-w=s88-c-k-c0x00ffffff-no-rj,2135,https://static-cdn.jtvnw.net/jtv_user_pictures/7716c3d4-29d8-4f08-92aa-626291c1f8d9-profile_image-300x300.png
8dd4a8b4598e483e9112b2b1a9466013,10100,2638010,https://yt3.ggpht.com/vsRyo9CguLQkE6uyzTZwk0Fj2dWVEil4tqZiewZfbg4l4wmXTwMH5y-yIe2th4FdP3vryC9ruk4=s88-c-k-c0x00ffffff-no-rj,258,https://static-cdn.jtvnw.net/jtv_user_pictures/6167ff42-be47-4354-83eb-35804170a284-profile_image-300x300.png
8e249f04f6cb48bda24f1513a472f4d8,3380,254547,https://yt3.ggpht.com/AcjWYthbk97aHLYFNAc459UwLp1OrFFHjHEyZ2ExA7obIJqAnGDuNsRzpCxiY-RQjKTRw5ruRg=s88-c-k-c0x00ffffff-no-rj,,
8e2559d9a7714ecd9cb0448b4d28f8d2,891,24894,https://yt3.ggpht.com/DOc8_Ayvj83c8L9L4RdmRzqP2JS7RStSmHLxf1M1bCnx3PKeN9XD5corzEEfh6bPcfKTZLskoA=s88-c-k-c0x00ffffff-no-rj,4995,https://static-cdn.jtvnw.net/jtv_user_pictures/0df3a953-fc66-48b3-8a8e-5d52bbb021a5-profile_image-300x300.png
8e6719bf286244e3ad9e27fd1d363953,3540,96532,https://yt3.ggpht.com/0sAa3qHMD1zZI-_fDhb0j01m4e4bn6kJJWhH1wm3HpUqiy2gw63kZU3bRaVb4LEnnH4Afm0l=s88-c-k-c0x00ffffff-no-rj,,
8e84c388bf0e4f9481434a0eb392a0da,515,11959,https://yt3.ggpht.com/tm_2VWtzhXLDm-mOolQjUOcjU-kInwJLMA7AZ0VkoRFQdbZSnvKj8SpwrU4NZD_TKZYFv_NkVQ=s88-c-k-c0x00ffffff-no-rj,,
8e84dbdebec446bab8c82b3f0467f398,1150,42841,https://yt3.ggpht.com/Y3BAovcxzNU3QJJQt02ic-eNNgIZh5XFWxI243EApBUQ6GCoOYiSjBua1cP5LXYkLVRuyPf5=s88-c-k-c0x00ffffff-no-rj,,
8e858eb26f3b4ca2beab2baccc887893,656,14203,https://yt3.ggpht.com/lwmArVfxXLGRpEhJK-PZxuxiM1QmOutVRfmbsZY1J1PuzehVCFzWFh6fGRbbz8Crtb-q2eyMEA=s88-c-k-c0x00ffffff-no-rj,2068,https://static-cdn.jtvnw.net/jtv_user_pictures/0dcdb2e7-ff0e-4988-afff-5f65b66727ca-profile_image-300x300.png
8e96dc48c7714f258034d97d8b9a7f51,11900,123718,https://yt3.ggpht.com/rWfzGMYcQb_lbvVcs91UquiYfU1nMUa2ZKZbCXjs8aeF4PeE58PI0_GeoqhTsRZmIxlS5KcjzA=s88-c-k-c0x00ffffff-no-rj,,
8ee549546bb14154b5e1fcaf3dd51f09,10600,12791,https://yt3.ggpht.com/h9LKrTGj_x_OSKknHf4siDEHjiwrpZPaoAoFM5lpdYrDUVZIizBXCbz7Dv5g4JL9YPmT0AjW=s88-c-k-c0x00ffffff-no-rj,958,https://static-cdn.jtvnw.net/jtv_user_pictures/e9ee121e-0a8c-48e5-bc70-239d5dcd9f19-profile_image-300x300.png
8f0b41303e8a481689fe4309a565ecd3,4150,172317,https://yt3.ggpht.com/wuYO_n7N2e-AFR-IqLpBkbgKG4tKFT4fV6jqTksO8yljwm79crV6bRrg33V-UTmOmFJrxosj=s88-c-k-c0x00ffffff-no-rj,1348,https://static-cdn.jtvnw.net/jtv_user_pictures/b5aa04f6-bcac-4a11-84be-de4c1fa3d549-profile_image-300x300.png
8f12066334ed4c4dae19ca1152781e59,39800,851311,https://yt3.ggpht.com/ARblBnj-lDHIBF7n6GciaW1hnPv_ROMX3sIAps3cbun4bMotpHZF2LBtoRXI3pIt7iYtmw625c8=s88-c-k-c0x00ffffff-no-rj,445,https://static-cdn.jtvnw.net/jtv_user_pictures/ef72bd25-0170-469a-b016-a74646197f87-profile_image-300x300.png
8f1a38101d324afcbfc7df27d5d1e0a9,1400,178724,https://yt3.ggpht.com/HmGUIIF6caLP08_9ME39qf5HRcL7fTa6AzLAiS5aaPaulZ4Anej5Dad0-DCYTlQ7Mw62FTbcyg=s88-c-k-c0x00ffffff-no-rj,,
8f4142c5ead94656b4744b425d800fb8,628,75089,https://yt3.ggpht.com/1Y8Vvv7WWqQ1qETWX7UDLC8WZFEXMvJN_ID1IMGjmx4L596wzLs_AVqXi1ZDD8diiNpKUev6nA=s88-c-k-c0x00ffffff-no-rj,,
8fae79a84cd049fd8a2ea50528a75e2b,5140,161746,https://yt3.ggpht.com/igT500pB1IRiTfRwVpl92uN9Wl4dLObkWN-zzAGT34-Jz7Vcc0TogQsq0uCI2sR88Hs00ylG4Q=s88-c-k-c0x00ffffff-no-rj,2016,https://static-cdn.jtvnw.net/jtv_user_pictures/6d140a13-f168-4687-a741-a27ea7a2093f-profile_image-300x300.png
8faff7aecb9d4e12917ea0144696e2de,10400,361858,https://yt3.ggpht.com/G4HTWUNhgpcNABVccHQqV8SQPH6aH6P_uz6ORAafccftaPVlPz2FcFRYpOsNMD_M6AZ6cn2D=s88-c-k-c0x00ffffff-no-rj,,
8fbd23f4e2ad442bb230aea8f433cd49,718,39833,https://yt3.ggpht.com/ngAPe-es6Y9yJkJpHOZbdfhif2ZXzpGAbiaRP-xjkj1XGETAG6HiLU7O0yFZtM-rHw0dwhNnvQ=s88-c-k-c0x00ffffff-no-rj,31,https://static-cdn.jtvnw.net/jtv_user_pictures/514d87c1-317f-4873-9248-664d5a0ba3b0-profile_image-300x300.png
8fd3526ba2074df896bbcb47e713565b,4470,107435,https://yt3.ggpht.com/xQBxp9Nxa6KCNYAeagzWichs4PKrfladhtkpoTqOdyLsXBZi9bUDfWuE17GQnCmLZ7XGCytbb60=s88-c-k-c0x00ffffff-no-rj,,
8fdfa107052d44b990d12045a71b3c8c,136,4062,https://yt3.ggpht.com/rAJwfHtnjom1p9EvpGYWo3L8n_jpOxLHPcS-XjVi6Drw6O1n5dC4m2ZOEirEAXWLX8ZU_s8_=s88-c-k-c0x00ffffff-no-rj,,
8fecd29b2aea40cabf5b9a58aeace0a9,149,4184,https://yt3.ggpht.com/kQdgJdYBBG6YmmJ79dNJBvR_JVFS7eDqGglnOB1EF9mSIb_Siely5TfxmJ7BG7McIb-WwWWMCA=s88-c-k-c0x00ffffff-no-rj,32,https://static-cdn.jtvnw.net/jtv_user_pictures/fb393025-4784-4871-835a-c61173ddda60-profile_image-300x300.png
900fad281b4047bf834688a08ade9236,4,468,https://yt3.ggpht.com/QasnnJQ1S-Hw8XwufPJNjH93dt90S9KXEci-LCSTdO0I9RcY1eQYfbA9fErX8E6xGSiePKgikQ=s88-c-k-c0x00ffffff-no-rj,76,https://static-cdn.jtvnw.net/jtv_user_pictures/e4a343e7-a6ec-4cd9-8b8c-aedcc2439ac9-profile_image-300x300.png
9012b1827e8141bd9d56d1a04b2f7ad1,4290,165669,https://yt3.ggpht.com/_48lqYaGG3SYT2-241slCT12eCdoxXfiobYiXSg8RwYwqIWmm1crBKTgckY16RRNzJK40dxWvw=s88-c-k-c0x00ffffff-no-rj,,
9031798ec1884b52b17df470b6c379b2,1570,44546,https://yt3.ggpht.com/vLSPbDFRD-Dz3zSdvHM6IK86oyINiYxZDSVoXJnx9XEswIqtDztJ7mdki3mUZcr3AZFMd8HCMQ=s88-c-k-c0x00ffffff-no-rj,,
90405cb21f7743639684632f6bc57a46,1170,6877,https://yt3.ggpht.com/NTaJIGU-qSjsCjNFTrecK5U9kZ7xWBUsveNmlGkUMBQd7CuWWhNbaBOU2PS2jN4XjnAnSCR5RMo=s88-c-k-c0x00ffffff-no-rj,,
904217f39af144a9b922beab57e61ae4,312,7422,https://yt3.ggpht.com/HapBp-azEmCmM49ajOzDe9M3yEWFWEv4SYEAyYTNHHDxN-D0-Hbo2FHx2uNSnrDS9ygOMCv7jgQ=s88-c-k-c0x00ffffff-no-rj,330,https://static-cdn.jtvnw.net/jtv_user_pictures/f1ecfd8b-62a7-4f0e-8fd5-d898c33dc962-profile_image-300x300.png
90446c6f1b704ff6b0fbbf017f0a68c5,3310,89603,https://yt3.ggpht.com/L4QALTcnfPT5nL0fP2IW1v9P9p0O_JB2MhOT_lwb00UV8edRxtNqpJvPiLGqAL_08dOwUVm18w=s88-c-k-c0x00ffffff-no-rj,,
904e3c91b4e1427f9b2d69f69aa3b13c,52,5398,https://yt3.ggpht.com/tiilQ95HK1H5VbrccPIo56bmcvmgAh2gCONOdFzLKMNT_2YxfvUtVikkxj_yW_1Pk8JXtRmN7w=s88-c-k-c0x00ffffff-no-rj,,
904f58005872497b82964fff25490152,229,10306,https://yt3.ggpht.com/g4FidDKledUMK3t0mJxq9sCJKYHH3i0K3KqffYC2SojQE8s5Ru-t-EnuwxpP63_GNUmFR3q8XOo=s88-c-k-c0x00ffffff-no-rj,180,https://static-cdn.jtvnw.net/jtv_user_pictures/be6f72ba-9f23-45a4-8536-9a538fa479d8-profile_image-300x300.png
905304e606344aba8c84b83717453f5e,491,28409,https://yt3.ggpht.com/bCf3IMRIRtv_sm5lhTvG7fjgo8RMe7t4-HpAwceSsiNxY5SQ_TzsZRqzWx3KmBnHsQ9aBz4Q5w=s88-c-k-c0x00ffffff-no-rj,,
906fcc288c6840858711cb82b4ebf5f0,1670,42994,https://yt3.ggpht.com/F_xWtWYpkd2bUkDhZYw3cUvzgfAgh8kzKRglT4BV2q8_MATquHHL9bZIqFdJKNfg9SbsvjJwrto=s88-c-k-c0x00ffffff-no-rj,,
907d39ec8a394cdcb645bd4b2e6351e7,3390,80144,https://yt3.ggpht.com/mLlYEZLPZF4zyP_Dseu4baxZFdBbKqBH5WgPEUdAJcb-oCvlBaPeradDs3U-ee6TRWaaYg14TcA=s88-c-k-c0x00ffffff-no-rj,,
9087489bcb234de9bb2a8942a1562a61,1780,72971,https://yt3.ggpht.com/D3r6ofKBtyx8bYzrBPm_O3l-KUxoaQjsCDu_HxahFCv1vYuGO5EM7n3NNOcyHt2yc1LyuCV7Og=s88-c-k-c0x00ffffff-no-rj,,
9099b86c3fe84a138b0bc1f258bca138,417,15224,https://yt3.ggpht.com/g4Z46_kdhQMMYn9YFSaT77yy2nRurl5gk8IbR7TfJQE1PlQYTBhLt8hASaE3yTH724prMj72iA=s88-c-k-c0x00ffffff-no-rj,,
90a8ac8d7653460298ba85cb7e4d3bc9,245,2975,https://yt3.ggpht.com/cy3lfjIHcugn3zjRY9j11Ef6CJU6a1MLuK2SMBgAxUhDtDQK2gvR60sv5zRlles_pvDqzT5U1DI=s88-c-k-c0x00ffffff-no-rj,54,https://static-cdn.jtvnw.net/jtv_user_pictures/8e4b5c33-edd9-4f97-b4d2-e71e69420676-profile_image-300x300.png
90c230602c7542daa149c6f6edebc7c4,131,1428,https://yt3.ggpht.com/Toe4MRllobHQ_-9gneiyjwtkBc_3OB1Clb69N4_HCs8NW394Al4Z8AX7K49_BZThiuo-miNk=s88-c-k-c0x00ffffff-no-rj,,
90c317900736475a8c5cae632bdd0960,2320,154941,https://yt3.ggpht.com/7oVGNt8U_sIxZYsRXZtIjYAL3WbsF0wdddhPFSdFSAKP_d_eTQNiuTU0ePRdLCJkiDiS2T0HbA=s88-c-k-c0x00ffffff-no-rj,,
91025114208d41b2bff535d6e277017e,1420,59059,https://yt3.ggpht.com/krQVxY1xdDR79ItoXodvmNIjzoGYNPebi514c2DlgXOjCuQfLxS9qblZ8PHJtKhefaLsafrh2g=s88-c-k-c0x00ffffff-no-rj,,
911d3403c8e84dc3b0c4a2f6017698b6,48400,1053758,https://yt3.ggpht.com/bPaYCjWICeoghZJNafJ2h7DMcFSyFpQ356iUi4kXXqD2oUUpxqpDmcX4-K_kwB6xfxRjg-9qGA=s88-c-k-c0x00ffffff-no-rj,2527,https://static-cdn.jtvnw.net/jtv_user_pictures/31a679e2-2b29-4144-8d6c-bc196fd3a247-profile_image-300x300.png
9124a5ccacc44fb68b5b1d5697e3fb90,53,684,https://yt3.ggpht.com/-f6VsZGSAz7sZjki6yxwW9db7b575FWLGv1yNRfwtnCZJlaiODUj16IXLhwXNrbMaXNM_2O-wA=s88-c-k-c0x00ffffff-no-rj,,
914f6caed3ff4348824d966f76662bc2,10000,783231,https://yt3.ggpht.com/CN-iuVvN0IP7wQNOruUDoAQfIzvZLWjPAWTCTBG5ZObrdXtzMN_jxhppoFgvEZZV_WP49JPXKg=s88-c-k-c0x00ffffff-no-rj,,
9189101a4bb740de969b772dde92125a,454,5714,https://yt3.ggpht.com/lxkiSzV5MZFORUnpHdfIq09EmUXTuXExb1eCd522DEc_jCwkVJKdVswqSO-BpO3IRE_430wP0w=s88-c-k-c0x00ffffff-no-rj,1171,https://static-cdn.jtvnw.net/jtv_user_pictures/5dd88045-e274-4739-b892-e3fc997162ba-profile_image-300x300.png
91919c2ad07a4db88e0b4cfbc1739940,20400,1042841,https://yt3.ggpht.com/7ndrrQcRPxZPLUSxsn5DvBCX5JTe3RFL7BFY76UXXXmm40i3uREXhl98P1UfmO4D0hzoYAPu8hk=s88-c-k-c0x00ffffff-no-rj,,
91f5b04be2e74f64b03e0774cc275748,489,20747,https://yt3.ggpht.com/CydkKz6QwOCj0r7AIANGQcccNusLKUtik96L_8e_EoWHDMj1nIx0UltIR93IlNE4F0tq_mllFl8=s88-c-k-c0x00ffffff-no-rj,,
920d34819cf944e99cf469f7552d535f,18100,1966050,https://yt3.ggpht.com/lp18xyBFkuv79Zv0U9fdfG2fjGdYFD1991WmgDHgDbty_9rmdNYyUYV4wypCkERc-U_b2pVq5vI=s88-c-k-c0x00ffffff-no-rj,,
921b0b3a8dd64a5494720801af95ba06,769,20300,https://yt3.ggpht.com/9uzJCSp8A7Wa7FMr5kfOXV6eREH8osWF00VPjOqWwjJv7F2U-IXlGogzv1zW1a79x38LYRuJ=s88-c-k-c0x00ffffff-no-rj,,
921d25072caf403ea797c3d5f61f84cf,,,,1686,https://static-cdn.jtvnw.net/jtv_user_pictures/731e8750-7bec-4d79-abae-02b51bbd0747-profile_image-300x300.png
92335c98e0b244eda7a8660694d90f70,13000,150507,https://yt3.ggpht.com/MthELAj9EkssozDC38pil0wdnVnQ84mL82HP7ZJE88K9rQjdGQbvkSqLEAtsoMMVKDW2EoaysQ=s88-c-k-c0x00ffffff-no-rj,,
92354b79050d4a2dbdb2289a7498a662,2330,36998,https://yt3.ggpht.com/o6jrKZ8t4F1URTHfIXKbXx2BVU5wBoysCTLETpxTeMOdSf_l9cXJG3GJnkFOya1CAR04TztQTXA=s88-c-k-c0x00ffffff-no-rj,,
925d91a363914edfb035fe6c08946be9,5060,135015,https://yt3.ggpht.com/MOI2rHbF1cY4vU-D5juzU9CYY3SgKOL4GNhbJf1dnZCN5fPFjq_e4Gj8ZEsysQ0lh_usLmZhig=s88-c-k-c0x00ffffff-no-rj,,
9265e640081f4625bd36cd1235c75bc7,19100,35173,https://yt3.ggpht.com/nOS1CUY0IVDzaZ0_4Vwiy_M2a-OZq9Hfu_mpV4YtiHKZ7kjIjiXZfnpkDu_w3UlJbcVtEM-wqQ=s88-c-k-c0x00ffffff-no-rj,1942,https://static-cdn.jtvnw.net/jtv_user_pictures/530b7dfe-bae8-455a-84fb-bc55692d95f2-profile_image-300x300.png
927ce160c29f4465ba196c3e1b8fee1c,30400,1497562,https://yt3.ggpht.com/WtEMynOXksnprhf1JfJLErRTpgexPvvblshC0fW5A5EvSfuhUFGFhGRiKi0V0EZFuzIP8pNRYg=s88-c-k-c0x00ffffff-no-rj,3206,https://static-cdn.jtvnw.net/jtv_user_pictures/9960a089-9460-4f24-a1e7-7747d2543145-profile_image-300x300.png
932fd42911c74016bc7da418abd29f0f,765,17361,https://yt3.ggpht.com/yCoUK-InwHoODxFLMp9KTrwmoTpn5m0WUma8Zbl0ALEBBRiPO-X5-HiuJOsggWePlnRabr0o3w=s88-c-k-c0x00ffffff-no-rj,60,https://static-cdn.jtvnw.net/jtv_user_pictures/111cf6dd-92fb-4ea2-9f38-778b497de47d-profile_image-300x300.png
9335c3076be84149abfbef91ac0e9e68,17500,413741,https://yt3.ggpht.com/x8riCQRxzhQ-tPsnhtvt2vI9M4vo-C7A_eEGY3l2ebLqwSDlQys4WjK_lmFOAfyScp8lK7ZP=s88-c-k-c0x00ffffff-no-rj,905,https://static-cdn.jtvnw.net/jtv_user_pictures/4b04e23b-368f-4040-9bb5-14ef8b552955-profile_image-300x300.png
9350b5c36c9e4f3faf01dfdda5b263f5,333,3603,https://yt3.ggpht.com/UH_5YuFLm9kF4eaoTZNuA_wfrYSYBeS5jEX5PprrXM2KUsZG0kN8A06owjJDiH9dwETkwIzWVQ=s88-c-k-c0x00ffffff-no-rj,1008,https://static-cdn.jtvnw.net/jtv_user_pictures/57b6d7b5-51d6-4c06-980f-86da399d71a4-profile_image-300x300.png
936b23e5e87144108c5d3f09f194c8b8,15900,1204808,https://yt3.ggpht.com/XmHLt4xlofUZ3wa4tgg-z8xgs26L-_SGO_WckPa3mJc854fMfDnA_rC_WWrkYWBBERjHnoicqw=s88-c-k-c0x00ffffff-no-rj,6889,https://static-cdn.jtvnw.net/jtv_user_pictures/56010d5e-1a7f-4463-92aa-71546d835203-profile_image-300x300.png
936b7b3d4250469d94b53ebc7e4936f6,139,184099,https://yt3.ggpht.com/gz4YyXNoXqVSv5OrmPUa05EYQ04PkQZgg9U2S3hZKNzx1cnN3XS_NJUaEhzBcDNUdbP37k7989Q=s88-c-k-c0x00ffffff-no-rj,858,https://static-cdn.jtvnw.net/jtv_user_pictures/93a5fab2-6d59-4337-a1d6-82ae432755c5-profile_image-300x300.png
9379ed7f979440218e22b8db58dd0dd1,2410,130125,https://yt3.ggpht.com/z3tJgg6fTRoNsoWoHaxn_XSSJ2BhkysDhxb-g72yISBuDpkuR1eFKKgAJxQw22lDQI4PnaegTA=s88-c-k-c0x00ffffff-no-rj,487,https://static-cdn.jtvnw.net/jtv_user_pictures/f6952aee-441e-4ea5-a1f7-95d47380c7a0-profile_image-300x300.png
93a4d479e67242d58d3ff80307d3bc84,8960,202414,https://yt3.ggpht.com/AmXc9YbYM1qBGQgOQCoC1eIdDEMMwEOQL3sNyXqlY8UNsQmmP9NuVPiegRh2mvGSwSe0Np8KVA=s88-c-k-c0x00ffffff-no-rj,95,https://static-cdn.jtvnw.net/jtv_user_pictures/faddb5d1-0196-488e-9de3-6eb848b24b65-profile_image-300x300.png
93bad1d4b0c54c8781e3775d13a62c38,29600,784157,https://yt3.ggpht.com/N_KNTAoXFaE0LRtmc1VSZKsRU0U9e2Y5u32I_FOYuGy8T0ww2WEOrjWA89tOsAz9T4OZRnyMmw=s88-c-k-c0x00ffffff-no-rj,577,https://static-cdn.jtvnw.net/jtv_user_pictures/6f7d53b8-1c35-4860-b9c9-cb10673f4211-profile_image-300x300.png
93bf43bc175742cd8c7af6b80687cd84,331,5924,https://yt3.ggpht.com/nGNVZkAS_DA_6CGzFQJGBgyQLePDMRHXYRkw4c9r7-6MeYg-ymrzQUKqCIIv05D7ZueBW7KY=s88-c-k-c0x00ffffff-no-rj,1373,https://static-cdn.jtvnw.net/jtv_user_pictures/cc7cc73e-b6db-40eb-9c2c-a9bd080e93af-profile_image-300x300.png
93e7079bd21c499f9004e79d18489d28,2090,456459,https://yt3.ggpht.com/ytc/AIdro_m9Ubj8_EOVYea3a_WfUtXpYE2AV97G9lXmK_jwd5gISYM=s88-c-k-c0x00ffffff-no-rj,87,https://static-cdn.jtvnw.net/jtv_user_pictures/70338856-6c27-4eef-a955-0576dfde54e1-profile_image-300x300.png
94082eb7d950471b934592394ad3e4c8,5090,251218,https://yt3.ggpht.com/VRRhgVKy_NAjKRoOi0fNZNFEAzBsix3NNONeClxYSKFLnQHLITboZwg3qepxRd1lou1ZBpbudXY=s88-c-k-c0x00ffffff-no-rj,,
943129b96d2341bcb7b25a66c9da2354,627,12727,https://yt3.ggpht.com/8-i7wh9pej9nKq4mm6myFa0Mm3_rFRfOAIYrIk-VxNeVuFX0N_i0qnGzgngz8nnHJtoyySN8DQ=s88-c-k-c0x00ffffff-no-rj,15797,https://static-cdn.jtvnw.net/jtv_user_pictures/7f5fb23e-ae14-41b3-acbb-c92f6bec30f9-profile_image-300x300.png
9434be74cca5450789bf73aa4359b542,374,11561,https://yt3.ggpht.com/7UvmUITTJSk7a5L8bNe3lmEo53o51PblfzP_wvCMY5X-qrQ4yy5PNQ9cNUXfEksD3XAjtgBBFvU=s88-c-k-c0x00ffffff-no-rj,,
943d968e125448c68172c629e29920b3,130,1848,https://yt3.ggpht.com/IErnA8spdPxEV0w8KkF5Quig7b7xAm6CcG8Mr-v1cZON5hV-g2UYFoJufN469NBGYBpmlgh9IuI=s88-c-k-c0x00ffffff-no-rj,676,https://static-cdn.jtvnw.net/jtv_user_pictures/3b194aa0-8d4b-466b-bba2-6dc327d2a4a0-profile_image-300x300.png
94595065e7aa498d93067274eb755301,4120,698081,https://yt3.ggpht.com/mHU2Vd8uy2mHy9VcNXrUu50eP1-Q6H5y92XDPMm8x47W5dcOi7_ccvzC2c58PJ-Y7pN2u9zXQA=s88-c-k-c0x00ffffff-no-rj,,
945e26a69e2145219406bf2ca0d59554,787,21392,https://yt3.ggpht.com/ytc/AIdro_lJ75gcOhvj0DEcXQSeOdPxqyioYe1lU7llwOblguSI6ns=s88-c-k-c0x00ffffff-no-rj,717,https://static-cdn.jtvnw.net/jtv_user_pictures/5517ca7d-cb86-4deb-ae8e-d4ce4eee6b15-profile_image-300x300.png
948c874aac8c4c7fa088b380e79b2154,615,18484,https://yt3.ggpht.com/HYCnNGnfIQFx28tpupSPia4uvdGYjkdZAD5OZLm6pS3spvXOpkp-m1915eJVS4jiLcyujzSGoOs=s88-c-k-c0x00ffffff-no-rj,,
948d1078ceaf4b39b3bef86fdab85482,1120,7279,https://yt3.ggpht.com/vfa2Jexpx8BGl5f6Eu-9x-EMqU3p3mueFzzYhh3ZUeawpt1BnnktQuS2A7qfNyQxiD_A55y3zF4=s88-c-k-c0x00ffffff-no-rj,,
949f184abcc84a82b8e9f333b41a2109,107,6252,https://yt3.ggpht.com/78rLz273NAFN90WchtVaxv-9PBfrsvMaOJaED9ODwnrcDMICA1bpIMVAwh07xOv73umL_Izprpo=s88-c-k-c0x00ffffff-no-rj,1682,https://static-cdn.jtvnw.net/jtv_user_pictures/2823e64c-bb0a-404b-90af-1d7862962c0f-profile_image-300x300.png
94b3f738cde248e3bf6061f1692d6337,683,165111,https://yt3.ggpht.com/oQa0pVbPmGgRx17quaAnaXkHxRoc8ZXMZJ9ZXJMf2wuQmYRTZ097roFio-3ZqgvGty43yW_M=s88-c-k-c0x00ffffff-no-rj,,
94c7cb6122bd4dcab2d8660ddc5f5508,6060,205570,https://yt3.ggpht.com/yP2eOYFMC7sehgBk7NqXhOmTqBBsxyHQ-kB7q2El926U0hWgRYkQCu-45ue1mRhAq72BA2MrkA=s88-c-k-c0x00ffffff-no-rj,411,https://static-cdn.jtvnw.net/jtv_user_pictures/c6c539cd-324f-4755-95d9-0c478626a6b2-profile_image-300x300.png
94ca3090942d4ca38a71b8f1b65c7343,264,16688,https://yt3.ggpht.com/rwqEyOLq5VmJ_nqrr_PsgJvVvfa7lpqPaDlzAsFGZYgAuKdcN-uPTWYyViDytXRED7o452VNTg=s88-c-k-c0x00ffffff-no-rj,140,https://static-cdn.jtvnw.net/jtv_user_pictures/38c52225-268f-47da-87bb-59a4704ff969-profile_image-300x300.png
94f9966aa28a45e1ab4b94507037d1d7,1100,92882,https://yt3.ggpht.com/8TydsC_t5m-H9mH7yvGs9A_yUZeXFlqNQS3_LgRZkig2ETqqZl2eolCBQ0oRQ7W2zUehbfclVw=s88-c-k-c0x00ffffff-no-rj,,
951dd0b605d04163b38de18262e9a438,23100,600362,https://yt3.ggpht.com/pho9Uk6X-5s7M1rvIc1mP3DjfJ466zgFFa-RFSlMx0GmRvIHjKx5TJBX0A-oHDeXWO6qMAMt=s88-c-k-c0x00ffffff-no-rj,1277,https://static-cdn.jtvnw.net/jtv_user_pictures/e7ca92f5-0bd9-4e6c-93b0-c1ce3e35300b-profile_image-300x300.png
9523dedfc79a4f99b18461ff40586307,67,10983,https://yt3.ggpht.com/NfrzpJb2w-xLufJNCJKnvIYCV30Bo9XjvfdqBRWQPHD8sGXVhJXZ79GNTEiSYEesmv6YHPSP=s88-c-k-c0x00ffffff-no-rj,0,https://static-cdn.jtvnw.net/jtv_user_pictures/79b157fd-c1f6-42fd-ac31-2f1542756ceb-profile_image-300x300.png
9539cc114b7648efb72bafc3a7358ae6,770,0,https://yt3.ggpht.com/ytc/AIdro_lTiMvcGEVY6wQdAUSHLlfmR04PCMTP9VdR3pSkwylqBA=s88-c-k-c0x00ffffff-no-rj,1974,https://static-cdn.jtvnw.net/jtv_user_pictures/b01d8709-6566-4124-8664-de79ef88c92f-profile_image-300x300.png
9543391286c44c5e9c9e9ed7ef608f20,221,2623,https://yt3.ggpht.com/Vg_z5XyWCfS7EwiuVkJhq7CHONH7CoMukaB5KkBhQ4BGN5MJyExgYWHSQ94jmIOuaIaxQY_X=s88-c-k-c0x00ffffff-no-rj,638,https://static-cdn.jtvnw.net/jtv_user_pictures/a01e209c-e4ee-4393-857f-ffbed0b3e7e7-profile_image-300x300.png
954590604f0e49e88fadc8ce6dafba1b,1150,49012,https://yt3.ggpht.com/sWXCft36MT48obcrd8pt1nTCqexajskwxZevtehd8wBeJRoJ1CC2FsVUpiXfO5WUq2ai-j7Ffg=s88-c-k-c0x00ffffff-no-rj,,
956591dc2e40411688b8f8e3079bc5e3,1080,97652,https://yt3.ggpht.com/AAr-vDcC-Ut5UP4UZ7ZNlfxEdU_r6P2eUR-kv_RzX1rotO3UTwUj0j_9vO2-YUiM1ivbQaXV1A=s88-c-k-c0x00ffffff-no-rj,,
95694a64c0fe4b5c987344f1edcec826,668,23881,https://yt3.ggpht.com/hv6-zJYZQwXXMbYnQpHnOJAUKQ0MD1NYAPmnu07UWA-BpcCT5amrRO6VdLxDjJQ9l1La-bcBjg=s88-c-k-c0x00ffffff-no-rj,1075,https://static-cdn.jtvnw.net/jtv_user_pictures/96700b31-5053-4575-84d3-1638950d7885-profile_image-300x300.png
95de1fe6727944e68404aec425d09170,26600,0,https://yt3.ggpht.com/e4IozMITqGlam7mcoIUyIqcbJMvc6E-yS4m1vwceMF6mIYlA3CYawqN335awQ7fEs8M0bIkiFQ=s88-c-k-c0x00ffffff-no-rj,3458,https://static-cdn.jtvnw.net/jtv_user_pictures/4005fc6d-17c4-46fb-b1de-596e8aac8430-profile_image-300x300.png
95df3846ff6644429227e9e058994ad8,392,17626,https://yt3.ggpht.com/vCjuh5tFGGzVIopEZCKTluWcioPDGjQqy7Azpw7FTh9AmlJk008RUYzs4IjiS0LOYJn6PU6u=s88-c-k-c0x00ffffff-no-rj,,
95e5788cabf340e397e2726def426229,8930,314293,https://yt3.ggpht.com/JLeBVUGGI4KIOoK0bZehlYvt_tieWOWCum5fnBiuoKd7mkS4ElPh0VxfPnF2thPxF80zy7sfPw=s88-c-k-c0x00ffffff-no-rj,,
95eabea4e8014fedb5d34ea27137a4ca,811,37824,https://yt3.ggpht.com/OsSV8q24B8E-IdQbK_dRKV-xdTITLha0AURF7XQ0KHdi1lKoeSbZ9UHTakNbLzj_Z9dae5slhhQ=s88-c-k-c0x00ffffff-no-rj,,
95f3f004ed9641139567827519f6b35e,2230,134193,https://yt3.ggpht.com/sCrxCLBKhSbL0chNOr8PzSnsdvzLMfoPYzqJvRxj2JMfo0ZqINE05DsP2tVKGbfq0Sm_d1cS=s88-c-k-c0x00ffffff-no-rj,257,https://static-cdn.jtvnw.net/jtv_user_pictures/5c1d59ec-8281-4f34-8843-b491335195e5-profile_image-300x300.png
95f8bb8a92c1450b8b5993f740b39338,1810,578907,https://yt3.ggpht.com/KWwjaXR2ED3Rp4GI2118L0m7GCgnI5orQCX4UWlsqOQD0ouXX2qO73adYqT2Pjzh5NfGtz1E=s88-c-k-c0x00ffffff-no-rj,269,https://static-cdn.jtvnw.net/jtv_user_pictures/00e0f563-22d9-429e-be5d-a433cd270fc8-profile_image-300x300.png
95fa8eef249d4edca59594271fedc487,1310,42026,https://yt3.ggpht.com/g7lD8XOhvTOSrpFBGVh0PI86UOCz-NEi1wgDFz7gCcYxIKaJb293t56Fw9YrvAOTKesXUPnz=s88-c-k-c0x00ffffff-no-rj,,
9604bd9896fc421ba131a9a6e11d50b0,5750,452657,https://yt3.ggpht.com/xoEp_wD8REEDx10-y88yXdkZE4VdNCpdCm6siVOH3J-n_gOPiKqf72zyQKAMdroYLwQnO9CCHA=s88-c-k-c0x00ffffff-no-rj,,
960c19dbf65f4b7fa27439d1ede2af21,627,22503,https://yt3.ggpht.com/wBiaRzUl8clqWghteELZtz1gUZjhScELTGGls711g7iFs_M8Hjic7V6WOAAUMAPivRhLgMqx=s88-c-k-c0x00ffffff-no-rj,,
9643c650b1804107b85de1f08010aa9d,932,31928,https://yt3.ggpht.com/zv4CrwkhqGCTsDaz7jttsVrZPJsJUbmwApcWsQ2jXK7GKuDAuxCDQ8tacyi9s66QR8ELeAosSQ=s88-c-k-c0x00ffffff-no-rj,280,https://static-cdn.jtvnw.net/jtv_user_pictures/2a30846e-0ac0-44c2-87c4-19fd65e3ed05-profile_image-300x300.png
964a0dde279c45ea85ffc6ad5d266206,214,2240,https://yt3.ggpht.com/hDKhRqa9ZIJYTZjaUzk75T1r-a1KLBsNTTKGlQTA1LHOIz_5m0-F3u3O1T9zLlZb5vBkjMgr9Q=s88-c-k-c0x00ffffff-no-rj,921,https://static-cdn.jtvnw.net/jtv_user_pictures/7ba8433d-8e53-4755-b38b-a569cccfa050-profile_image-300x300.png
965bb7d47d0243839535d38bc1bc66cc,2760,61157,https://yt3.ggpht.com/iuBj2coyRIG3HaIoheM880YQfPmmt_SmUauWLNV91ZfEbuTR0N_mSb_Eem31bHl75a3qvvzoYw=s88-c-k-c0x00ffffff-no-rj,,
965ff8a77ab845aaac693d9c7a56f82d,84,4439,https://yt3.ggpht.com/pqo3-Fk2sZ135iOrC2TyCsU2diYqLEbOX-MOMSdrisTiFTucB-KTk-vi3Gw55PhGP9CKDGcLJw=s88-c-k-c0x00ffffff-no-rj,609,https://static-cdn.jtvnw.net/jtv_user_pictures/812a6813-8169-435b-9d87-ed99f44c0c2f-profile_image-300x300.png
968f0b8c521942d6939234c70f49747a,684,11450,https://yt3.ggpht.com/g5THk-Ia2jw8uKK8k-dtwiE5vDJSM92EK4zsuWAiSyv9hsvJPDuw0bOouaM41mfjN7jEBhVRzw=s88-c-k-c0x00ffffff-no-rj,1723,https://static-cdn.jtvnw.net/jtv_user_pictures/7f62286b-69ee-4083-a45f-75de93a63474-profile_image-300x300.png
969122fc1adf4d8798a043b4754c893e,2400,19132,https://yt3.ggpht.com/FV3_T0A_xSyV8em5gCAE2hmQ_yQaQ8oJZH1lKHhrhtkpg_nYCfw-byAFDP_0whMThFQA_3hIRQ=s88-c-k-c0x00ffffff-no-rj,,
96be1e561acd4a75817c6424d9d4f9f0,3230,132727,https://yt3.ggpht.com/QItllc8ocNpAU6mup3ypaU2GBK82ljKxAXlCnJhmF9eqvGuAxGiy8kmdMzepVMef8QjCZ1ZY=s88-c-k-c0x00ffffff-no-rj,3985,https://static-cdn.jtvnw.net/jtv_user_pictures/64d3e27a-8749-4bff-83a9-9c91b4e4124d-profile_image-300x300.png
96f73c5682e942ef888a3313031c7f58,727,11449,https://yt3.ggpht.com/7mLux9WEqSMY-ADV394zEK-sTdGl1nWTqI5--Pmu9XV--LsadFHnetl3c02Smt87icfmwGDEsg=s88-c-k-c0x00ffffff-no-rj,,
96fc771ccb55485bb770997ec43e1ce1,10700,228766,https://yt3.ggpht.com/kqWTUrMlXyyMRBZ8giNLUknnBPdMvutfKvTmo2D1sd1hz6uby_U0wG6k7yebLop0Jqr-wfxSvg=s88-c-k-c0x00ffffff-no-rj,,
96ff628d2280470b833174c32200a749,1440,33998,https://yt3.ggpht.com/NzRSIt5BoLnxEiDH5UkvupTitneGdkJE4qYjPRqyIs-gciQJanb6nuSwfY2KKRyFCkSlzkS4LDk=s88-c-k-c0x00ffffff-no-rj,,
9715832a3f2b4469a59c5d277aa4fc34,1230,28684,https://yt3.ggpht.com/YFAE3SCQW7WhqSRBWSFzs0nJlk-gRbl3qk2PTgjC_Dky6OXgeRz74JHD3ECbw-BLsSaU_zKT=s88-c-k-c0x00ffffff-no-rj,,
971c91b32e9b4e1abfdafe711cb9e440,1000,42136,https://yt3.ggpht.com/zNTOHA9mix9D2USOGnEWl_i4eS1HDJi9tuBcpwtKq23JjYGSx97hxMK6cS8Vhjxjc7IPpPfG=s88-c-k-c0x00ffffff-no-rj,,
975ec89d484d499aa1beece0c6731a15,248,11602,https://yt3.ggpht.com/kHLv_HrAl7_5vJUqbUiR_IZevrKj9CvutVK2icfYtySkkjFKmncuAptpxkgXjQJujgyOovGurQ=s88-c-k-c0x00ffffff-no-rj,,
9760ffdb528f40a7bd010589f2ce06c4,609,27716,https://yt3.ggpht.com/iic5VsohrEfTpWCjn0E6Sbzg5mxQBslRLFuJbp6d84Ry4d6yvMV9uN_BqROb7SjYuW1b3AmB=s88-c-k-c0x00ffffff-no-rj,731,https://static-cdn.jtvnw.net/jtv_user_pictures/ff912b1e-ad30-4719-bc22-2302cde6a1f2-profile_image-300x300.png
9767904fedef42febaa98e9162973356,2180,449245,https://yt3.ggpht.com/eWLVtki8wOendm5tLUSQpHVko0z5-3NwQlJGFvmqokBj7uKGg422bZ3YaK37xByijnbXuEjzzQ=s88-c-k-c0x00ffffff-no-rj,,
976e0cf401784d3f874dc85b2b2c5839,9080,501575,https://yt3.ggpht.com/NtloGIkj6-SILMYL_Sfdvnja5Edj0LgYX01eAdPGsJlo4jotzcB7T8dpcMj15P4brhCWSv-NHg=s88-c-k-c0x00ffffff-no-rj,2198,https://static-cdn.jtvnw.net/jtv_user_pictures/8ba02a8a-7083-4fce-afa8-1667fdc37040-profile_image-300x300.png
97a56c6914ab431d9b670456d11b22ed,5560,85458,https://yt3.ggpht.com/A5ry9iQIxMi2WN0PQbLjl5WeeuN0ftspvjCCHKECBTYmd3sDhDFd4B8VfAVsoU3QfQue92rs=s88-c-k-c0x00ffffff-no-rj,,
98181ce64b3d45a9aa295c446e1bae9e,2840,45334,https://yt3.ggpht.com/dvxNVeqLC2siTUc7yycUsQA5yKvyE2g_SmDHW8L2lwQG1K5Kn7Nvh2EbpTRyMOS4MF8v3y7gjw=s88-c-k-c0x00ffffff-no-rj,329,https://static-cdn.jtvnw.net/jtv_user_pictures/dfecd2dd-28b2-4a6c-92e0-a09d5fcf4a22-profile_image-300x300.png
98187e2cc8c34f5d8e0853bffc1a30c9,4280,128392,https://yt3.ggpht.com/0totI5PJQGfKpxEl2II6bu7yOX4UShC0EW7Of68waNrBELym2kv0lpSxoAkyOVkhqRIIo_phHg=s88-c-k-c0x00ffffff-no-rj,,
982c25ae5cee423fb4bd95c881a6e6ad,238,4232,https://yt3.ggpht.com/Ro0hlMoIY0wNQ2UaUr2XfYs90fCkTExf5iscW_WkVfUVnYnyVKdgJvvWrrMKM7iGR6ArDOSfIlI=s88-c-k-c0x00ffffff-no-rj,,
985e77a95dcc46e38b513ab638c5ed25,140,7797,https://yt3.ggpht.com/YGb9LnQU4694vBxBX3-uICphkjwcuxkEMAQMlO2xCae6Oi1sd6GRw5ahr96XfXsEhY0hNDqp7A=s88-c-k-c0x00ffffff-no-rj,508,https://static-cdn.jtvnw.net/jtv_user_pictures/a5a4b56d-4200-49a2-9040-3a58ebb1683e-profile_image-300x300.jpeg
98619914a2eb4b07bd6bc0a02066e455,200,6854,https://yt3.ggpht.com/eJzVIIgTiaZtFf9q1MwRC_tuVC308FTnuMelZucdl_ozn2XzSEUGPmfv6Ii4J482QQefr-ofBA=s88-c-k-c0x00ffffff-no-rj,1058,https://static-cdn.jtvnw.net/jtv_user_pictures/caece746-1501-4ab4-88cd-5f2b211a7a21-profile_image-300x300.png
9870111c23124c19a12de7bbdeb8abc1,603,9483,https://yt3.ggpht.com/1cmTGKQDQqB6UhJ99a2WS_86bF-O4eE9DbvZ9A5ywebvGJb1qlL0W1O3tS_xwxAuY3SOLMOto7Y=s88-c-k-c0x00ffffff-no-rj,,
988d1a83ff6c4f82af6be42946987c36,2810,36697,https://yt3.ggpht.com/kyT45ZbpQINzNvIqAhRUzRbqZThiyiPgWvkcdWhA_zRr14OoHREuLN8lF-aWVA69Bn0hs6H3uA=s88-c-k-c0x00ffffff-no-rj,,
9895652479d04e30af5add19b08058e2,69,5250,https://yt3.ggpht.com/yPRFDZK217R4EVHHe0NfM8ebVRLQy0ejyF8KsU2hcOwQmzwyjPs6Em-Hbu80_OD-JLjM3m236w=s88-c-k-c0x00ffffff-no-rj,266,https://static-cdn.jtvnw.net/jtv_user_pictures/9b459a2f-c0b9-4f07-9260-53602162e36e-profile_image-300x300.png
98c577d538f84d75a3c34e0f9d13c8a3,161,6977,https://yt3.ggpht.com/-PAYC55ovzuf3SjCU4E6PIlm2pd3b8CGb27vffn_6vnuSWheFXu5FUqN_TCt8HVTzyydKMdz=s88-c-k-c0x00ffffff-no-rj,209,https://static-cdn.jtvnw.net/jtv_user_pictures/61a94188-87c1-4006-8515-858653901ba2-profile_image-300x300.png
98e3a5838fec4a6caa936ae35485de23,96600,6911886,https://yt3.ggpht.com/x8YIHOt-bE9D3u-bGrQrL-KIp4docMySvKeaoHab_9dor5j3TjtbmhT04cJCybWu4_p65HYRaQ=s88-c-k-c0x00ffffff-no-rj,,
98fd913e544f4725afdd28ad05f3e737,147,11184,https://yt3.ggpht.com/tu5bx9-O2q7hHKOekfgS47iWPu-Oc9PFuU4t1c5NkyxL1IKkG4yNe3Wm_fn1xwAulVC3ME_eWQ=s88-c-k-c0x00ffffff-no-rj,,
990b7e28df934de1bdab364d72c79f90,6980,41348,https://yt3.ggpht.com/PSY00Sw29R__--F9T-7W1k5KIeyLpOA0jKfU6EMpRZYVewzYDkPndqNi-dqD6NcGNA14kBoQ2A=s88-c-k-c0x00ffffff-no-rj,,
993abf9d9dd84cccae3b8cbba00df320,3180,144450,https://yt3.ggpht.com/DYArEH6rnsEwttyMC4pBi5kS2cFrehM3hTAEuLyO5RE3sSv7q_OU3tye5QdUyy4WDUe-ZS33Tg=s88-c-k-c0x00ffffff-no-rj,,
993f7baff5d24cf69d077e30f7fd1a9d,460,22099,https://yt3.ggpht.com/d76KaEkC6Sh24Lx8WbalY1GJeSB2cgqN2x3SOW5iiixsXfVGJki9UbIOkJSMPOEpstO5vZAoV-Q=s88-c-k-c0x00ffffff-no-rj,,
994fcc5db40840ae990cf1ce43728548,438,7356,https://yt3.ggpht.com/97XqCbG8Jm1CPSmkmSqoz9YYJqoiY8696N3UjHKaE8KYP-M7EYx2ncyjVwH5TYpkefBu9Qtk=s88-c-k-c0x00ffffff-no-rj,,
9959d43cae9b49dbbcd666f742322b4a,478,21484,https://yt3.ggpht.com/ZJEJSwLuMnf93uawInB_wtD5lcCUHSXKF4WEbSPppqdoI2YcK_FufbS1BpxrW_Q6WIQzxrC5ng=s88-c-k-c0x00ffffff-no-rj,572,https://static-cdn.jtvnw.net/jtv_user_pictures/b327c3f7-1f68-4c23-aadb-26986e416e11-profile_image-300x300.png
995bff308e7f4df3aa33305fc0ddde8e,957,38640,https://yt3.ggpht.com/6s4E_7ueiySFMkMC1U-NvPJ3JBEL9YuoVsd-OrOIs_mRcVKKdd3D5VGIJq8Iu3YEYfo-w_zXCA=s88-c-k-c0x00ffffff-no-rj,,
99cc071a06b949bf8515609757fa9d7e,3990,165036,https://yt3.ggpht.com/q2cR9ICQCojlBxFIX0HaN1Nf4U1wKYjLmGKJwVg8rmmc3PGde9VaolNlUBC0irPzjdhmb3C1Tg=s88-c-k-c0x00ffffff-no-rj,486,https://static-cdn.jtvnw.net/jtv_user_pictures/2215d0e4-f3ee-4edb-b312-afe66ea78e51-profile_image-300x300.png
99d1a2e0c8c047d2ad998e02d4dd9621,3020,97524,https://yt3.ggpht.com/wSe-YJZq6hqm3jAnSNi6U5ARnk9fchpvDwWp9rAzGncc7fxXEUUHoqrWiewF2PREVXIIoBd1Tw=s88-c-k-c0x00ffffff-no-rj,,
99e291fd358849b8877df76fba0a672e,11100,606077,https://yt3.ggpht.com/gzEDyEynBgQ_pdqt-G_XD1TPqC47TK9Y7Rfu5Khkvnol7uvlZ9FkXOfA4pj0WsuenmHlKoFEaw=s88-c-k-c0x00ffffff-no-rj,,
99e9616a2f73426d8c0a672dd20d9ad3,1100,195119,https://yt3.ggpht.com/ef0BlzHA77aiZWKJrtZs1xiFMWeGOqsKkENkFtAAVL-TGuGw1lmeGfO1FAxg-5GbvxJdX9CetQ=s88-c-k-c0x00ffffff-no-rj,62,https://static-cdn.jtvnw.net/jtv_user_pictures/7423d236-3461-4685-860d-1d3e4a3f245f-profile_image-300x300.png
99f6f80397b34d0b9a0cfd40f3801a35,41300,999240,https://yt3.ggpht.com/4GchRU2Wx3EkqdIlO_8miSptkPnGtUIhXw9ZWdAarR-z2ayIQp4q4JtL83cxE2HJ5vmiJhI4sdM=s88-c-k-c0x00ffffff-no-rj,20026,https://static-cdn.jtvnw.net/jtv_user_pictures/0aee2bd7-a20c-440e-bdda-d6929ccf210d-profile_image-300x300.png
99f95450781349058c1c4098d6fe9f41,965,51022,https://yt3.ggpht.com/uAXw2fUv9CyziLCTs-yJIVW1wRVL748zP40-jdRqr-SvmRaesInBWErUIE-RyUWx7pc5meBb0uM=s88-c-k-c0x00ffffff-no-rj,,
9a496e9b261f401dba4991a9f4c7048e,17500,389080,https://yt3.ggpht.com/U8k7mPpfWMDWxqPrItxnaSGDS-WUf9aV02qeTlrMVsXDa1RoabkkIJRYizX-J3SrdjDBDIFk=s88-c-k-c0x00ffffff-no-rj,,
9a6937dfa24a4c0aa2233c83284be939,131,4501,https://yt3.ggpht.com/3f93_ZevDRR6Tg8t643_kHoBtHEduLtuSW-fGJyKjis0PEEQ_gtXrddBCRl6cSfggXrmOOEgRL0=s88-c-k-c0x00ffffff-no-rj,,
9a7b047b85ae4227af74a0e200c3abc9,39,1076,https://yt3.ggpht.com/H5Wt-cUXR0MzGZmah_DgjDJjtCSdntv3mKA2rxDK69Lj97YjE1tUTrX1QpP0i_S45gQAnZbP=s88-c-k-c0x00ffffff-no-rj,462,https://static-cdn.jtvnw.net/jtv_user_pictures/14532ac0-6199-49f9-b313-d31c009c61e5-profile_image-300x300.png
9a7b7c9c31da44aca5a68395a2e69488,1270,582155,https://yt3.ggpht.com/DdkcmLzPvNAeVj7gRrqGV73-247tupuZlo_xI7XNs-MUNqaGYziUXMNLnLWeAavyRNO8_8XAKA=s88-c-k-c0x00ffffff-no-rj,100,https://static-cdn.jtvnw.net/jtv_user_pictures/dd79dc87-744d-4f0b-9b3d-ce42e374e72b-profile_image-300x300.png
9a7cd92a93da4d3082059e8e14454862,31,128,https://yt3.ggpht.com/QCBD0c2H15v8bfc9LNC2HYRoFQvroZgJUtRAjeWERd6C9sWqTuvJqU-9ahu4RF-LKj2KX99ZwA=s88-c-k-c0x00ffffff-no-rj,,
9abd60c00f0f412b978a2398b13ac4e8,303,37746,https://yt3.ggpht.com/aipj_ArgvY7Y92LuSvCXUt4gso-vMd_wsZVK2YSkhZXiYbMt0w3ia3FawolfVOuQk7h4arg76ng=s88-c-k-c0x00ffffff-no-rj,,
9ad37d3249e24861bc8cb84368883258,2610,119474,https://yt3.ggpht.com/_YUWjR2Bwpb_1SA19LGyObRBch9iFyfrYgtQpFfbpMwvaX5OVSA-x6Ql8NYhYf93iZQYVRRYlVk=s88-c-k-c0x00ffffff-no-rj,,
9af7c10c618844f08a327d38753124bd,26700,765299,https://yt3.ggpht.com/21pCg1n8OVhkuXNlKMpqtzeLiFjOPlIuBqP_zPzYuAeNm7iFTeMv-0ALoGpSXUJXGhEkOep2Mg=s88-c-k-c0x00ffffff-no-rj,15022,https://static-cdn.jtvnw.net/jtv_user_pictures/a6b7fcc0-ebe1-406a-bb01-91b5311cc880-profile_image-300x300.png
9b11be3138284ff3904d3292d6aaa284,4930,229590,https://yt3.ggpht.com/JlJG6Tj-lXMJZs3drRj9QvfEphI1lG61F6DqEQJQ8cuuFnxMJnxzFTCDuo090BO3nmp2-E0M=s88-c-k-c0x00ffffff-no-rj,,
9b2c7b20d02241b3b82492a5e78a71c0,1880,108891,https://yt3.ggpht.com/0Hamyhb5phkLRgzn0bCRUV-X8pxsiseYuZ4g8PV51pQBCXwXk1ncfMBemrevd9MVy_NGkvduVw=s88-c-k-c0x00ffffff-no-rj,,
9b33b75521bd43bca3346790ac65559c,6580,1317064,https://yt3.ggpht.com/PIzccGTAuCZpZZj9uBUImaRZ1cu2-_63Tq1goFN8zq5BXVHv7jVQ80NbqDmEW2m0UkYq48Sc=s88-c-k-c0x00ffffff-no-rj,7900,https://static-cdn.jtvnw.net/jtv_user_pictures/b9970d8e-2229-4d04-ad22-0328d4e0ebe1-profile_image-300x300.png
9b424d3a99ef4fc3b17bc7fef92fefd3,806,57933,https://yt3.ggpht.com/3zz8A5t--EjOyTewOJifi_FL-AlOqlXD6yV6Qg753XMb9sKH8w7KUSvRoL2o19RzOMZ3Tq2CeA=s88-c-k-c0x00ffffff-no-rj,367,https://static-cdn.jtvnw.net/jtv_user_pictures/ec53b33d-1a76-4b43-9f22-014a7f2da518-profile_image-300x300.png
9b5ec085252a4f6e9ba04cac0ad49e65,1040,56014,https://yt3.ggpht.com/upVrXPdZ9Le391rJZoCy2v0dn-z0eEjTAxIEBRrlfUG3eaY59uSkiLT7gtrNRO2llpIKR0TfMg=s88-c-k-c0x00ffffff-no-rj,2461,https://static-cdn.jtvnw.net/jtv_user_pictures/08782614-7130-40c3-b5a6-69f70d177143-profile_image-300x300.png
9b64082043fc451f9dd5edc793fa8605,682,7320,https://yt3.ggpht.com/CWgiSp_dJS3RcQVNT6BMrvzN9V08fKk-CVKdaAkeZc7Bnfe49ZlSc81bkOpMXocm2jchMbqa=s88-c-k-c0x00ffffff-no-rj,1014,https://static-cdn.jtvnw.net/jtv_user_pictures/16c52a06-a69b-4a39-a05f-65d893fe91c3-profile_image-300x300.png
9b8fe3ac0f30473f87290d314dfda74e,2270,31971,https://yt3.ggpht.com/hirSW-c95tal35cVKLLiRaVUB5hIciAE3Gnxm-Mmn1ofayDerD5b0b0Aye1FgH1n0pkm9NXsRg=s88-c-k-c0x00ffffff-no-rj,,
9b9409f309a54c54bf6225f43eae1167,139,3542,https://yt3.ggpht.com/P0Gq0vDqOVh6TIqzPF-EFTsKOnd0PIm01ZCpivQoeVawgAV11NnKV6zPoyMPf6Vu0759qERm=s88-c-k-c0x00ffffff-no-rj,1688,https://static-cdn.jtvnw.net/jtv_user_pictures/901ead36-edc1-48d3-a471-dbdce9ff3c11-profile_image-300x300.png
9bb20f60d5c440d39eb4f14fbe48a296,451,0,https://yt3.ggpht.com/WiNBvtwu2J8vpSJ0Ae2XEHKuOafHCkIkaqIZBKBLa6ClU9Z-oHI36jpKc1uT-NzQtP1QrlfpjA=s88-c-k-c0x00ffffff-no-rj,428,https://static-cdn.jtvnw.net/jtv_user_pictures/3ad2899e-1ea0-4a16-a709-97dcc8204748-profile_image-300x300.png
9bd9d680d6cf48d1a7171430f286fcb1,429,17332,https://yt3.ggpht.com/NS6rqm-92JCJdh1MCPM1MvHZTuU4eC_kOOCzjiFgeZ1YGVaNrqPww0y0lVeOvzc8-ey4fD_oiQ=s88-c-k-c0x00ffffff-no-rj,,
9be037b96ffa41c9a080edf332650649,1680,68457,https://yt3.ggpht.com/4q-RW8GFz_kUpl256WoXgRk-_rJ0FbZobiK6tHfKB4mxVlTC6qIxNzv-mLAcOYzZPt8NXs08WQ=s88-c-k-c0x00ffffff-no-rj,,
9be839573d1a4944a93740ca42fa65d4,181,7137,https://yt3.ggpht.com/K7sy8tFDul0U67GWa124yCtDyNklzWwqagSkSwNOutneM5ccf9HNh6Fl7b50RtWi_ttdQ0Pa8os=s88-c-k-c0x00ffffff-no-rj,995,https://static-cdn.jtvnw.net/jtv_user_pictures/36a14241-5731-4919-a2b1-13e8b9fe6dfe-profile_image-300x300.png
9bef8e0d321d4dab973b7e98443937ea,,,,333,https://static-cdn.jtvnw.net/jtv_user_pictures/b056326a-8da3-499f-9905-65a610700a14-profile_image-300x300.png
9bf758b113b048bc9331f244b619e4b2,1010,63696,https://yt3.ggpht.com/KW4D9AHR5nOl8loTJa1zUEwW5tTS14VJQVZ8SFWgGXdZn6cauxhxrDl9cljfuZN473zAUirC=s88-c-k-c0x00ffffff-no-rj,245,https://static-cdn.jtvnw.net/jtv_user_pictures/890a3fb3-564d-499b-b1d3-606f4b1f509a-profile_image-300x300.png
9c0184b0f01a4af4a4c2c56139682fb9,1870,41559,https://yt3.ggpht.com/UJQ989q-fuP_9Q_QI6PQsMUrZf_q3WN_MGVyL7uBaqdupOMYBO7QtmlInBait9lEWNmqKHp0LpI=s88-c-k-c0x00ffffff-no-rj,,
9c1450789da443f491a66e6f121482fc,2460,120852,https://yt3.ggpht.com/E9LiR9rTPTjAwUQIY02AEtz6acUY4Hdr0yndKuRuB26OOXdDnKFeY5LOKyHcFJ5uBgWLN8saBA=s88-c-k-c0x00ffffff-no-rj,308,https://static-cdn.jtvnw.net/jtv_user_pictures/861d2958-f6bc-45c3-8c9d-f3507709c5c8-profile_image-300x300.png
9c64ee54cc094bf7931398eaf0c072d6,2840,162798,https://yt3.ggpht.com/4tic2GjrvSU2NiD3rNjrN0A8zc0TqhSMdHR3Vh83rFc8HqgOZW8ifx1hi8M_8_VdoG7NXaFAkw=s88-c-k-c0x00ffffff-no-rj,1992,https://static-cdn.jtvnw.net/jtv_user_pictures/71e83b95-3ad9-4548-8e73-cfa7892fc3cb-profile_image-300x300.png
9c85aee2166449c395c18b0bc06f89e2,,,,355,https://static-cdn.jtvnw.net/jtv_user_pictures/67fbdd4b-fa06-4fe2-a287-2c0603e58c83-profile_image-300x300.png
9c913230c732455c9604dae9ebcfa64e,2320,22315,https://yt3.ggpht.com/0o43jZTkDthuhztsjd_w0ZNIdd8lmVK0sF_KMQpYd0pa-oJT7PKBlm6r2Jo0wTNyzkBPQs2HCDI=s88-c-k-c0x00ffffff-no-rj,986,https://static-cdn.jtvnw.net/jtv_user_pictures/c68df8e5-c7af-4654-9bbf-0f8a127ba882-profile_image-300x300.png
9ca05592c52f42649191751f18cb70e6,,,,2412,https://static-cdn.jtvnw.net/jtv_user_pictures/6ed3e971-3b34-4b5e-b848-785f0ba47ad3-profile_image-300x300.png
9ca368e73d514656ade48dc946f55956,33200,4134143,https://yt3.ggpht.com/W4YI7MZusB5MwyVQrwv8cDRHh4dMOWapCCRbtGUJnCOMDtbF6djlZX6BaLoUggEcpAkMIKt3Tg=s88-c-k-c0x00ffffff-no-rj,7839,https://static-cdn.jtvnw.net/jtv_user_pictures/9664e46c-151c-4303-83c1-c930ddefe7a8-profile_image-300x300.png
9cd8c8962dd94213804603687f9b0f5d,10,0,https://yt3.ggpht.com/4OirRfXe8ZwIendpZJMdZ2de3MidKAcnddS5XMjcl05yRktm4jcagOYpRKpxGaV582L3zPGHGm4=s88-c-k-c0x00ffffff-no-rj,,
9cdf183fa1ee43c2906cca70884a6278,1240,23327,https://yt3.ggpht.com/iIsaj99qTLdzT08zhc6jAQbsvfPIAUIhndhyN9kDCq79WGO1RhLX1KbCSgLqjGRzwNul1IRemQ=s88-c-k-c0x00ffffff-no-rj,,
9ceaafbe1a9a41bb9526b113354e03cc,3350,251300,https://yt3.ggpht.com/E0D5s4cNq0ZMUajmR77C469wuq8l0pbvDqOiRdYMpiz92zwVzBY9L1zs4aEu_zo5Px548WtvUsY=s88-c-k-c0x00ffffff-no-rj,,
9cec24b011ee45648eb404066c997f49,100000,13395827,https://yt3.ggpht.com/TSVzpX8PcgtsTKwO8bjKnik0hGeon_SNBUTpYgphNMP3Wt89eNkcp0vb942vhTaeGJeGxR11Gw=s88-c-k-c0x00ffffff-no-rj,31820,https://static-cdn.jtvnw.net/jtv_user_pictures/e107c853-46a5-4bce-8716-e0beb4981051-profile_image-300x300.png
9cfe61128e134f8dad9bb6ebf568cd71,839,18366,https://yt3.ggpht.com/dRudBfIw3CQaV6wiE5BHhqJ0FWJsYEP7Z4kQMmJU9BryWFMhMDxYATI5htWk5JA62ORrzRkr3w=s88-c-k-c0x00ffffff-no-rj,968,https://static-cdn.jtvnw.net/jtv_user_pictures/442b3516-014e-404b-95cf-5dc7ff9bd34d-profile_image-300x300.png
9d0fb5c59ea745f09934f3cfd932c393,8900,255481,https://yt3.ggpht.com/s4UhfpVAUzGCkjvfyCbCg0VDimriIEaKu6zfbs6Lope91dYg2AcuEkIOpTU66-xlUcdZoqVHBtk=s88-c-k-c0x00ffffff-no-rj,,
9d153fd60b584d31b600bca66a86e452,11300,583607,https://yt3.ggpht.com/pq0f-z0YC5qCU3SNd_YQthLRsZLC5IaWoVk03GhCnF_hLg6P4pOU_PwxRR3mZ2qQYTgd99RhpQ=s88-c-k-c0x00ffffff-no-rj,,
9d5365bf17564326a578781a38b72bea,287,0,https://yt3.ggpht.com/mR19dtaFnbfu9EjS5H35mFnmYNoUUQ3Hx3DWqj0xXI_tEON7ZhIFL3dLJekIFI1_82VDcLVuFDo=s88-c-k-c0x00ffffff-no-rj,,
9d74c909706a450ea35c1777cac79e77,2900,258896,https://yt3.ggpht.com/HYTD-y2WlbsGGBNgm6xlLWXOVpr_3AQFzqSSxIyKT-fp_QBLb9OqumLsu_mYF1RdK-jBV1ufnw=s88-c-k-c0x00ffffff-no-rj,777,https://static-cdn.jtvnw.net/jtv_user_pictures/a828913c-2957-46f1-83ea-bd9fcd4b0376-profile_image-300x300.png
9d9c6477329245cbb2557895f4f15686,74300,5151035,https://yt3.ggpht.com/ot0eOsuLpsa_91vYuH3HpgiuklmGPgjgnDCTEadbmmFiLscdy9V7WPTGqCXFeEpPjjGtm_6vlw=s88-c-k-c0x00ffffff-no-rj,152636,https://static-cdn.jtvnw.net/jtv_user_pictures/b8c34e1d-22f5-4ef6-8081-df85043af110-profile_image-300x300.png
9db6beb02e774aa7a97ba8674a5a8f9d,3990,78980,https://yt3.ggpht.com/413HfasqolE6diSOdsU0q46qWf8N7eLT7tQNRaOQLN7rhUV4iW9yMo_Ld5UtfMkqQo03MbOJ9g=s88-c-k-c0x00ffffff-no-rj,157,https://static-cdn.jtvnw.net/jtv_user_pictures/71d67ef9-f4a9-401a-95cb-0ab0be8d7cf9-profile_image-300x300.png
9de536d111214c379ec6969a52d92442,1310,65848,https://yt3.ggpht.com/ytc/AIdro_mJjXrLWwJxhf6UPuBbNOpf77bfe4hZoe1o9D9AmYRKmA=s88-c-k-c0x00ffffff-no-rj,,
9de74d9cd68f481396a3dbd76d529a24,1640,114668,https://yt3.ggpht.com/6ln7xqp0CQOASSc7iWzDb99kKAG5f3kTpBVOvqs0Y3RqWXc8c1Gmci2yTb-BV21Fe0Vr0fCkKEU=s88-c-k-c0x00ffffff-no-rj,,
9deb096c2fb943a7ae7487bf25e28026,1320,74794,https://yt3.ggpht.com/v0AlrGNnpBTCm72D8XXiLixhVly8IotrQEJ72x5kKuMjbbGEyEwkUpsUmg8LD0PyuQmzmt7ChA=s88-c-k-c0x00ffffff-no-rj,1136,https://static-cdn.jtvnw.net/jtv_user_pictures/dc336f52-f705-4b33-838d-e8ce4e92f6a4-profile_image-300x300.png
9e05802075c343a3bf2778550d5157da,1530,52437,https://yt3.ggpht.com/GvEgyOOkkmMEq3ogkGsIG9ybuFf0E2i2Xc4dzbfPY386IRhUvJOfxBgzvQPxL7C-yZjqHE31=s88-c-k-c0x00ffffff-no-rj,,
9e213402f2f54c42866d4f62545921b4,5180,95323,https://yt3.ggpht.com/V5UZVCGCNVifZc1IZzLZ2mhq2ztkJC4G9mEWbksrRQ2JAs3l0LUr7UJZn8gG-UMJGr-EB4szfA=s88-c-k-c0x00ffffff-no-rj,447,https://static-cdn.jtvnw.net/jtv_user_pictures/7b5e1771-b7a3-489f-9eb2-e21b8bf408dc-profile_image-300x300.png
9e3222bedec44f1a8fecdc237c020cbd,451,129915,https://yt3.ggpht.com/k4muv6F4IGedUZKIGfmmjMFNNumKD7bimiDbdlEHFpMr9erHvB8phDa-A7Bu2839qlq-hUNJOA=s88-c-k-c0x00ffffff-no-rj,331,https://static-cdn.jtvnw.net/jtv_user_pictures/f18ca1dc-d37a-4d32-85c2-82b113dc7a2a-profile_image-300x300.png
9e3edec3eec54f49a065f1970471d473,5840,183142,https://yt3.ggpht.com/QEeUksve3L2I68UB_kogF-5Pt46KtRT9WKFBdWJNTSjvtFiyeOI1_Gwt3HlZjMvl9BWpigisKWo=s88-c-k-c0x00ffffff-no-rj,798,https://static-cdn.jtvnw.net/jtv_user_pictures/d05fd327-3a86-42de-a462-52c3e0709713-profile_image-300x300.png
9e5e58a212584007b1ab1f22f5c59438,1300,90668,https://yt3.ggpht.com/OadrHSdQPbqnfRw6eDXZQ_EfqKSFt4cTG25126bdqTf-m5AjFhZxQxITKusjoKIv2G2WYlGexBM=s88-c-k-c0x00ffffff-no-rj,,
9e64bba43928414884503de36f805c48,,,,28040,https://static-cdn.jtvnw.net/jtv_user_pictures/5776408d-b100-4fbe-bd08-94711528b891-profile_image-300x300.png
9e6e69bfb48e4be0a8eecc737a6a0ba1,1290,51,https://yt3.ggpht.com/1gdrCiZaXCHP_r3ewY5g6l4erHqNjWQibmNGv9553ZdqrliZHrR6dI8lNLBB6C_FRazbyfLE=s88-c-k-c0x00ffffff-no-rj,249,https://static-cdn.jtvnw.net/jtv_user_pictures/a22d928f-8757-4943-ad74-0c2ec8d17b0a-profile_image-300x300.png
9ed7a28dd35e4e1c9400af811f6a284c,278,3947,https://yt3.ggpht.com/vGLUxQzVLoT4t3oYTs8nHk1nfWvJSRDkbD5rY1tHLawGkTUNNAIwX2jMLjXMGXnxqBtGkkKyJQ=s88-c-k-c0x00ffffff-no-rj,297,https://static-cdn.jtvnw.net/jtv_user_pictures/df1beaf7-8f2a-43f0-bba2-fa065eec4737-profile_image-300x300.png
9ee3c9b53c0048329175370a5868300b,387,35316,https://yt3.ggpht.com/oI-6Mn2CzGBfgmoZmsVyyeeEYwSS1b06m7DD9vFrquioLiuJfqqTrWUumYShcwU9m856Sv2Y8w=s88-c-k-c0x00ffffff-no-rj,,
9ee558b898964252a06e2c423f8d58ad,255,0,https://yt3.ggpht.com/RAkYhMpvC6jjR8fGFYmLEyDemSo0kDFCchUrzvoRqlNYyAVdUdoFhts-u4_floVP-UYNjH8-Yho=s88-c-k-c0x00ffffff-no-rj,,
9ef5ec69554f46e887a9ac0fe54b4f41,2220,83655,https://yt3.ggpht.com/woOQybRvWR6ttPAORWtD0TZyhmdcDzmTE0mGFLd6J71fNTew4Pq1mcPYbR0sXp3jas2lOFFBFg=s88-c-k-c0x00ffffff-no-rj,,
9efea510313f4733b4d0b5e3cfb6988b,1900,410809,https://yt3.ggpht.com/kzw1D29cJ-Z_PeaGviWoaaXfHucnn-jvR0l7yCIm33CtvbCEgjnGTOW98kJ_9uHiN1BZwMb9ig=s88-c-k-c0x00ffffff-no-rj,,
9f649d90164140bdb0e38f7e835c183b,24400,753923,https://yt3.ggpht.com/3e58MCNUBarbcoUdanXvUQHQEOCzIJpXSVE_8OiCfBWwMEYwAzk4PbnQmx3vG7g2w9_mW9aVGg=s88-c-k-c0x00ffffff-no-rj,,
9f68c1ebda2041c9a221d47733e3cab9,26,952,https://yt3.ggpht.com/ytc/AIdro_mAgDxNqVzPnIJFhvcbCcxQ82y93ZPSCVgdqAGTHGIKNA=s88-c-k-c0x00ffffff-no-rj,,
9f6a577ab2ab4beba810a02fffc98cee,3730,230393,https://yt3.ggpht.com/ThzCmfdrikGJx1XQcIxBk4Vm1pX7kuHM17z2KGFoBa6A4BOF5Kx5YHq911q2fSxJDDICNb1aUXA=s88-c-k-c0x00ffffff-no-rj,,
9f7bf6b3d935460e83896a0fe28012e9,543,4384,https://yt3.ggpht.com/vZAefvWFQCWjD_aqjvRthJG0p1bUOfIDQLLXkAmroSQgq1hfejPx8XYjAaFDtM9JXPOw0Tw1EA=s88-c-k-c0x00ffffff-no-rj,892,https://static-cdn.jtvnw.net/jtv_user_pictures/d2f1d767-7327-4896-bae3-71f0009baae8-profile_image-300x300.png
9f975d473431409190e397bdc946d5b0,363,7163,https://yt3.ggpht.com/BvjNdiZArTnHrs6L5um5SXhjruxAaXBTHpSEyBK3lPY0poBE43U7CLMnTPKEBWYK42FIBylbv0g=s88-c-k-c0x00ffffff-no-rj,121,https://static-cdn.jtvnw.net/jtv_user_pictures/b1f774eb-f956-4925-86a1-a9f5f4c71a26-profile_image-300x300.png
9fb51e14ba1c499eb6383a7a166a4d52,1300,16012,https://yt3.ggpht.com/_RvPqWUB8JgZiUI-CtYhlmmLRUo4sEfy6VBZk_b2reXHtD3Q6KLpdtfi2RUrZyHiq1YAHzJ3=s88-c-k-c0x00ffffff-no-rj,,
9fb9fe13bf124da3a1affb24c5bba5e2,877,28436,https://yt3.ggpht.com/8Rpm63_4G2RFkEvaLDu4al_hBQAO-UDZHpQxca6B5l4vr_bbVGzRAVYUEHpR3zkmlHRjjmR9jdU=s88-c-k-c0x00ffffff-no-rj,,
9ff652451cbd4ad098bf20dd9748ce12,37,904,https://yt3.ggpht.com/FQnK4j0KDHvjg6QVpKbKUhl-n88jwPq1zrK7WwHmjeOCZEvwlAcY9pSq-UqvNL2qGgNPah7YjA=s88-c-k-c0x00ffffff-no-rj,2137,https://static-cdn.jtvnw.net/jtv_user_pictures/39210e1b-43cb-4783-b7d5-7a9dbd9f60bc-profile_image-300x300.png
a000aa1d3ea7489c993277d33ab2457e,46000,3214280,https://yt3.ggpht.com/kvODYPFfqMSeOH3wt9TAR6zRjpwDtpRbouT7VmNG_aJk9C9krJuctW_j6f979R_tPNnf9Ge37w=s88-c-k-c0x00ffffff-no-rj,19499,https://static-cdn.jtvnw.net/jtv_user_pictures/723e60a4-3319-49bd-b13d-39e0d952ce04-profile_image-300x300.png
a00240316f524d218d889d00a8b42721,603,57225,https://yt3.ggpht.com/dDbRi4qChIdi7OGomxJIY6fT17fKpR1YhTN3gq1VkIeakVZHEA7_7yppZE5danM4kVTSBeGdWg=s88-c-k-c0x00ffffff-no-rj,,
a0467c81a3014fbf83029acffe5b1d3f,693,12084,https://yt3.ggpht.com/ytc/AIdro_m97nNrKe6IaHaJ4NCr0WjY9mrwqF70vOp0ERce9wSTNSA=s88-c-k-c0x00ffffff-no-rj,1167,https://static-cdn.jtvnw.net/jtv_user_pictures/ce6ddf20-b69b-4e6d-895e-75cf145aa497-profile_image-300x300.png
a052e4ff345b41919ab0f13a5b10ff02,5070,244188,https://yt3.ggpht.com/mfCaLVLgLVP_Ui21M-bqYyv0B4jIdtDerbmenBYo-564MEEwgXDEYEqp1leZ3-DDcacorSxU=s88-c-k-c0x00ffffff-no-rj,1930,https://static-cdn.jtvnw.net/jtv_user_pictures/b431fb63-22a7-4a99-b1d3-1decb6c56cb2-profile_image-300x300.png
a060cd640cf44c2bb8d78d8ff2411e68,17800,459500,https://yt3.ggpht.com/3bBwIf9HfhkRujnL_gEtPdT2Xmh-AEw5c3sYy-YsP4GwPid1Xildkw4USd6LRduXyYlGxDVvXKk=s88-c-k-c0x00ffffff-no-rj,,
a091320108954092a07650dd8a31a451,255,11412,https://yt3.ggpht.com/jgiuznQSm8JHR7e0kZ_34W4bEcQmYWJE8CedM52a76Cj4DystCZeqEoqL4LjvtPP3nDgq1yMI98=s88-c-k-c0x00ffffff-no-rj,,
a09298c0b6ab4dcda7cfe945f47f445f,1230,0,https://yt3.ggpht.com/-9zfUShdbWX5Rdi9vjI1IjCKyXkJOkA2O5IO7hWpOsxsLY9zGIDj6Eht6TxGcVi8i97jZGBnLgA=s88-c-k-c0x00ffffff-no-rj,,
a0ac84f84b914c21acf669844a163436,594,3192,https://yt3.ggpht.com/flC1hFc2iUfYVqg-dos4bW5GH5wWrxU4WMBKbT1UIwD3oDGNZJVxygWIiJOhEJVXj8aEvZKtxg=s88-c-k-c0x00ffffff-no-rj,,
a0b5f8b54a534dfcb66154002e97e4cc,163,0,https://yt3.ggpht.com/RksnDbpjCuazS7v_aW7jhxRvZIXZ3ilhkxR98Y9NIoLeIgGuTej9K9gnH2E-B_Emy4SopIkG6po=s88-c-k-c0x00ffffff-no-rj,153,https://static-cdn.jtvnw.net/jtv_user_pictures/39737ae4-c12d-4ce5-80b9-3bfd92b5ec7c-profile_image-300x300.png
a0ba9fee8a7747cab74e98ed61fb4a68,,,,922,https://static-cdn.jtvnw.net/jtv_user_pictures/eb9c2ede-734f-4c65-8a33-66e1c497df35-profile_image-300x300.png
a0c76cedf0e346a18586077a38f302d8,2510,102077,https://yt3.ggpht.com/W6Ocxk7WGQ_cVxtCH-WYHB3_2aSgCQxhxxkaxVFv7dHrmsvEj6KdmcU9ACA8wruv3loKZ4J3YCk=s88-c-k-c0x00ffffff-no-rj,162,https://static-cdn.jtvnw.net/jtv_user_pictures/e1f3e894-84f1-468b-acce-647bccb6d8e1-profile_image-300x300.png
a0d4fad2fd3d4e4981947642a9dbafc4,28600,1112900,https://yt3.ggpht.com/SDNyyIpWGoSi83-oybsx8oa35_DuZoBfhmi2_0zQK82WgoS5pW9t-9b7Dw-9wtprBV8IjNx8wg=s88-c-k-c0x00ffffff-no-rj,6333,https://static-cdn.jtvnw.net/jtv_user_pictures/3546cffb-6e11-4ccd-b7b2-c25fce5b7bb2-profile_image-300x300.png
a0dbf7095446402ea77b11d8cced5a4b,688,17549,https://yt3.ggpht.com/c6udR6Ml-IehO9Ckzbks8Z-Q9SHxMLVDLze00xHDwCQMTGZR2ZVEte2ffLTBL4Pv7Mfu4W5k9Q=s88-c-k-c0x00ffffff-no-rj,,
a0e2f9b9f851401bbd1736189d4b69b1,3870,90002,https://yt3.ggpht.com/6OI0h7brn9wtsBBSi4xV-0SJbsF9sHiupLtb79PIGHNYBxPYrLdRfyA5ZoBCV0cheF9zZPkg=s88-c-k-c0x00ffffff-no-rj,,
a0f657e0538e4269af88094fa1c3dacb,925,15276,https://yt3.ggpht.com/NftS_s7p3fTmLIbOHDbQX4nyemPfo_r9KzTDTi2T-y-l2CGQFBUlJz_2G-WE2U7OBWFl8umH=s88-c-k-c0x00ffffff-no-rj,,
a112fc34dd9944a5a15f50c1c078aa3e,1510,99990,https://yt3.ggpht.com/q4NISao86UDgtUb3wOk6ELztruApCtmQ6s9QCI3JoPABLUEFZoaSpAbCQnPcF51JsbAEsorwAQ=s88-c-k-c0x00ffffff-no-rj,,
a11814b8fb494b0c88170f182aa37cf9,10400,321320,https://yt3.ggpht.com/pDa96Dm25YL2z7TYtLlspQRyJEUNua9FKLV0e0cYejxslIXGxspp5wxrUg9YvgXGl8R4zimauA=s88-c-k-c0x00ffffff-no-rj,,
a127ff7335ae467d961641bcf84f1e2f,92,6776,https://yt3.ggpht.com/0gvyYkwQxxgI11t2fBBRq86RoQ4V1mUqaz7sRZiNz3gXZ1AF5Pj_JBICPQhjg9SsWCzjrXwn7Q=s88-c-k-c0x00ffffff-no-rj,2057,https://static-cdn.jtvnw.net/jtv_user_pictures/999c4596-192e-43f9-b028-0b8cf5b72674-profile_image-300x300.png
a13421f0201540ecaccd5c207b15c425,285,13780,https://yt3.ggpht.com/u5zmIQGWTyuL_F7upDdnujaVI3R70gA921FfAp1dZr7bXvAJIRdivjJSkXKM_M8cPLUE9B_8ew=s88-c-k-c0x00ffffff-no-rj,,
a1470eec8f9349668adfbad2f25329b1,5350,952,https://yt3.ggpht.com/cchdMwYwHaWmcpgKHfzive3tzLpEFgOkXvNI6lfo5jJEAUBt9745UkW_i8n2HJQ4kU76t68o=s88-c-k-c0x00ffffff-no-rj,1478,https://static-cdn.jtvnw.net/jtv_user_pictures/a2d89245-2635-46fe-8061-e27841e8d402-profile_image-300x300.png
a16471805f7f44f88237b42c79b9f3a2,244,8635,https://yt3.ggpht.com/yeer5fcOY7z5Sxf7B6kjYpgzABHv7dunmMTcyhBJMcWzvL3i3j5eVSrzJipsbcRooBfF5nIrdA=s88-c-k-c0x00ffffff-no-rj,,
a168211aa3dd451cb33e09b80df0ea0a,11700,284691,https://yt3.ggpht.com/pwWNZhhuvjH0lejbp6F0338PwSvYLTI_2vloHyT_J8j0pVsnrNCHpz-c7YbQmXGa-izLK1hfHw=s88-c-k-c0x00ffffff-no-rj,513,https://static-cdn.jtvnw.net/jtv_user_pictures/148c4b63-8f88-49a6-89f4-e97fe68577d1-profile_image-300x300.jpeg
a17fcdf32a124beba3fba16299aed2b3,,,,7748,https://static-cdn.jtvnw.net/jtv_user_pictures/651b653c-859e-4e2b-b93b-821d229f826b-profile_image-300x300.png
a1880ae475fe44fc92760277c3f850ed,745,6455,https://yt3.ggpht.com/ytc/AIdro_k25_68MAQIBavZLoyfZEFkYICA2sVD0SiRRpBAtzGe7w=s88-c-k-c0x00ffffff-no-rj,589,https://static-cdn.jtvnw.net/jtv_user_pictures/02be58d3-1fd9-4d5d-9ca2-3722e263d97c-profile_image-300x300.png
a188f157d0384e0db5ae73605240d68b,5050,264820,https://yt3.ggpht.com/8H6SBfUgo6veTcQnqJ3_IOOJQfk7xn0R6z3vDmVsdTTVtJle9bLuUorwPYB2HaFNNzJv3K04dQ=s88-c-k-c0x00ffffff-no-rj,591,https://static-cdn.jtvnw.net/jtv_user_pictures/e3da5720-62be-489b-84b7-85cf65311293-profile_image-300x300.png
a1a4762aa1eb4d95be1c0c7a528a8336,101,4204,https://yt3.ggpht.com/STJGuTG70GWA_V-7I0pUN6LBU2KITQ107ug0iwz9Jo84AkMg3GIcdKKOhKIDkF-mPIItCeOSlw=s88-c-k-c0x00ffffff-no-rj,1534,https://static-cdn.jtvnw.net/jtv_user_pictures/09c82661-2f6e-4dd5-bae5-f9080c864481-profile_image-300x300.png
a1d00cd951ed45afb01e1668dfae6592,633,8081,https://yt3.ggpht.com/p2Eq7mO6HjZZ3_cXqu8GLBn5nLSn1cmpqxeiprLDkEmon0Z4kCpt0Tq0E5DuADx6I4RhFfrP6Q=s88-c-k-c0x00ffffff-no-rj,,
a1d3d37caa68474288b903f309db32a1,119,7653,https://yt3.ggpht.com/V92YtIPHlRtlwkAqs2zziLONhnwbUBPu-iXVh1NZ_8HF6f5lgAV8eAdNWo9q8HLHrixDLz0vfXE=s88-c-k-c0x00ffffff-no-rj,,
a1ef171711404951a987f4c9bc5e64f0,869,47159,https://yt3.ggpht.com/i6uedOzS1JcyfqN9owYXANqOmAVnppH6FSFdJ6pxodKK20Sej3u-QnKKzwrfJaZ-GCjUQ_WEXw=s88-c-k-c0x00ffffff-no-rj,,
a2188c1a225e4f93a64e3385fa02d779,1240,62351,https://yt3.ggpht.com/cuEpXVYzKlqhmD3OFcgzrqV9tR4SCGyCFnPNVV5rI9Pvt2p6GvShHLzbV6QOV393G3BJo8lV4g=s88-c-k-c0x00ffffff-no-rj,,
a22035a68721415e830d1d7b8ffd172d,772,10274,https://yt3.ggpht.com/s_QYu2TCU_AOXAbbGhZJni-PiEiJ9OgHxhQD-WVILL9iHbUUKEsQOz-6YT-1rMsFrkGYQel9ow=s88-c-k-c0x00ffffff-no-rj,1846,https://static-cdn.jtvnw.net/jtv_user_pictures/a7a465ee-e43f-440c-a308-b1c2a8d28c5b-profile_image-300x300.png
a22d4c8d3bc94bb1ac4b3e672dfa0f91,205,0,https://yt3.ggpht.com/nV3UzX6DKem8qEBCvnbbIK3Vl1i-WScnHz0xd-uXVg8NQDrtbssaYqQAcD7q2wG9UqUNGOZwRQ=s88-c-k-c0x00ffffff-no-rj,,
a24116ba22c84747818b7be8cd8eb733,256,7838,https://yt3.ggpht.com/deasZ-KY8NZ_RMpsWSkOQ9ed5GBQJfCXbD0ehTpEpNaL0OCCpvhruyiQWU-zuy0lfaDtbFss8fo=s88-c-k-c0x00ffffff-no-rj,296,https://static-cdn.jtvnw.net/jtv_user_pictures/5ed0b051-7072-4925-9d46-95a1fdecde0e-profile_image-300x300.png
a246e7561e5f40799a48eeca69951b7b,3500,159261,https://yt3.ggpht.com/0sp1DghkLTNDqn4Zc8CIQg4F-riguw-1H2uaMbeVa9xhudPKvv4PX97NDrUt4bT-h9C8bWZ0xVg=s88-c-k-c0x00ffffff-no-rj,122,https://static-cdn.jtvnw.net/jtv_user_pictures/f158a50d-8406-41c3-9b0b-4d7ab440556c-profile_image-300x300.png
a2847bd09f954df794fb9289d6a96dae,79,906,https://yt3.ggpht.com/K6L7TR2t_em_zoRWN826onAgKhPBy21BjoSBC2I4aoZ5VE9_FfxaeBDZBjK1w9uvw267h1ovCg=s88-c-k-c0x00ffffff-no-rj,335,https://static-cdn.jtvnw.net/jtv_user_pictures/65c5289d-8dbb-402e-85af-28156d2e4111-profile_image-300x300.png
a2b11fd42f704616bf87b12a0d9bac9a,402,6869,https://yt3.ggpht.com/OTznYe0ltZDTt2rs1K-HN-ihn9dFAwLe0V7ODWeZbxGSgaRhHRbVQKD2deQj9r5mNJMOOQJP8Q=s88-c-k-c0x00ffffff-no-rj,824,https://static-cdn.jtvnw.net/jtv_user_pictures/3548c131-12c1-43c9-bb4c-d7b6fdb62291-profile_image-300x300.png
a2c7c34474174cd2bffcc17a32aeec21,1590,74688,https://yt3.ggpht.com/7LO-KgzmcS3sBa0FKK6aMvQDyNyPcX-NJ-E3ziFvTqHU_rZriZH59j09DJKUSqPS8GejO7RBOg=s88-c-k-c0x00ffffff-no-rj,825,https://static-cdn.jtvnw.net/jtv_user_pictures/48db35b6-aaaa-452a-8285-b67f5e726845-profile_image-300x300.jpeg
a2ca2eb4da5b4df3aa59637e1dbc260b,416,3159,https://yt3.ggpht.com/4vPvBZjjW1Uhbs1wLejhxMgFZtasMwRAWwZb3MBD6jrU7tJ61WXsL_fJZQY9OA5ZEYQ_yxAYgg=s88-c-k-c0x00ffffff-no-rj,740,https://static-cdn.jtvnw.net/jtv_user_pictures/cba1b38a-f1e2-48b6-9d41-e5abe2fb7f93-profile_image-300x300.png
a2ceea65ce58431085b1366a0cfe9c61,375,6961,https://yt3.ggpht.com/ytc/AIdro_n44JWtINWP9jybN3KVHnnbla1aUx3s1BZhdSRohHGgcaQ=s88-c-k-c0x00ffffff-no-rj,,
a2e67b720e754c16bd739bcf9a95e396,2110,66198,https://yt3.ggpht.com/4a0wGxrkPI_9wpcg8f-HoGDziRgPn4ceh-e3vmV38aG5M1efYLZYLLBzc8Q69DdvVc9GogSa=s88-c-k-c0x00ffffff-no-rj,,
a2ee4a74f9ca40f5b6218de51736b9c8,746,39406,https://yt3.ggpht.com/OTxrABQU4aTt9jX0ivelb66GbMdLe8bi82oduYxMIJdtYUdkY4sRu6PSoD4S1LbBeKC5gckq=s88-c-k-c0x00ffffff-no-rj,,
a2f9fd3568f3467aa35e411dbde1ab45,649,27216,https://yt3.ggpht.com/cdWRFSM8xNtnuY0jBZHiJZU2cGc0pxdl9NmKso_bdIwX0iofOJnbtJcQL0VSUr_8n_Qsyou6=s88-c-k-c0x00ffffff-no-rj,,
a31f3ab4cad841018b196b4de8186823,3220,132273,https://yt3.ggpht.com/f6tCXHMWWBesluXtwrkdb8W1zFwO3lWcrIPTUtIiGhHHMZrZnnlwl8lokKpYFANoQqUEYEQxfA=s88-c-k-c0x00ffffff-no-rj,,
a324be13dcdb4acbbe722638fc2dbfa4,263,14806,https://yt3.ggpht.com/N3XPqQiU6C_imUTe06hTtS8BW24vr-VXGSy41KXtGCmttDx_10q8XfLNa66TVEPW2Si4PCcGxg=s88-c-k-c0x00ffffff-no-rj,88,https://static-cdn.jtvnw.net/jtv_user_pictures/c66ad33b-0add-4240-be97-a7e41274e5ad-profile_image-300x300.png
a3452262e11348c88afea4031b0323a8,156,13989,https://yt3.ggpht.com/xlv6dwA4fZ3BTZiCR6zEEfVYHJEVnMXh6TdkkGDklSQ-WD_Uoqoudy212HvlIURLMkV96lg2YQ=s88-c-k-c0x00ffffff-no-rj,359,https://static-cdn.jtvnw.net/jtv_user_pictures/e139a6f3-2eae-4f14-81c0-a02626b580d1-profile_image-300x300.png
a34564e3f6574070b6e8e82f7bbfb2fa,,,,2501,https://static-cdn.jtvnw.net/jtv_user_pictures/bf80fb2a-3542-4449-9aa1-cac732484d50-profile_image-300x300.png
a39733d216994010b34bf5033be01589,3310,172525,https://yt3.ggpht.com/WN7IU79DJUKr4c5PL_Nj1XDSeS7cZBCIVAW1a-_srORzjOeYVh23rlGGYmBpYneObBy6-W0P=s88-c-k-c0x00ffffff-no-rj,,
a3a1caa89669445db63f22b9a3af88b0,,,,1196,https://static-cdn.jtvnw.net/jtv_user_pictures/5bccbb1f-a007-4975-abef-63180fc57633-profile_image-300x300.png
a3afce163c9341c992f526816d9d5440,218,3356,https://yt3.ggpht.com/gxm5ezrKHSOEi0sA7lpDOBz6IlcE2UyeEUICNhjlR9zE0G88ERFkVqWfPvh8iTZ_cFPiqp1ChQ=s88-c-k-c0x00ffffff-no-rj,92,https://static-cdn.jtvnw.net/jtv_user_pictures/7765f36f-b36f-46dd-886a-325924b98bd3-profile_image-300x300.png
a3bbe09809e141e5b0658a79ba63f977,138,6805,https://yt3.ggpht.com/YJm-cKybEpD6wKyzT7i0bjtJNIjmE0CvShGoLnGj3tGCqUxeGf0N8V9Lm1M_DoxHFEezB3rocg=s88-c-k-c0x00ffffff-no-rj,384,https://static-cdn.jtvnw.net/jtv_user_pictures/dc1207df-3b73-4f9a-9553-621db40fcd32-profile_image-300x300.png
a3ce195c0069494c99849d0b1a10a7fd,123000,12669610,https://yt3.ggpht.com/ytc/AIdro_lzFlTYihgN8kYMo75OcZACLjuG_Bth_p6Li7aQA40W1w=s88-c-k-c0x00ffffff-no-rj,25312,https://static-cdn.jtvnw.net/jtv_user_pictures/4b7ac6ff-290c-4201-a71a-3e17396f2d71-profile_image-300x300.png
a429c3010da544bab919814a3ea472a4,218,6207,https://yt3.ggpht.com/_2MruNGDSF0r0EI4GyUMBdPHK6tTMXup3iGAQk2Ei-X5ch9nIdpT_nz8mu7v8RGECyO4S9LY6Q=s88-c-k-c0x00ffffff-no-rj,2343,https://static-cdn.jtvnw.net/jtv_user_pictures/b23421a8-ea22-4395-8397-c53486a90944-profile_image-300x300.png
a46ad933ff6f4d0c91cc1069f0329265,167,3450,https://yt3.ggpht.com/EsnKXwhtSBwbG6jKZw5eEKPzpA2nYZuAIUpIoRB-xJORUNU5H9Kop42zVt9xcAG6y4A8XViy=s88-c-k-c0x00ffffff-no-rj,,
a4a9cd639c7546538ee9635b9a14989d,206,7159,https://yt3.ggpht.com/Ci-cayyZYifCMER4Tx1YWyePGN73KaXmC0Vk6R6H3sZp9pF33sF_s8ZGtOTHx1c4eqTz_-C7T0A=s88-c-k-c0x00ffffff-no-rj,,
a51be890a1f443ea87bee45c9d8acf13,10100,732824,https://yt3.ggpht.com/75iZeOFJDpC51KycyOmobod0yqZ4xSX8OZ7_--70IFUzL98BIvzX8-FJrhCGUxSk1agprIVKDw=s88-c-k-c0x00ffffff-no-rj,13184,https://static-cdn.jtvnw.net/jtv_user_pictures/3bc3ad4a-1899-406b-b2e1-149bbb80401d-profile_image-300x300.png
a5647aba47dc4bb48eaa0cde6de7c6bd,948,40039,https://yt3.ggpht.com/2xJ_xo6sKUx1aCpGXQ3gYFkjmT87n8ET4kPnUhv-zHAnew7UBjGjoV9kkbAuv6wsheHlrtyHXXY=s88-c-k-c0x00ffffff-no-rj,,
a56567301c734548bad86e8ace7d9140,355,49167,https://yt3.ggpht.com/ytc/AIdro_kScxnk4uu3BoejNcHp9uM8JZKByluKn8j1Uua7d8qh3Jw=s88-c-k-c0x00ffffff-no-rj,,
a5681ed32f994c57a107a0b9248fb228,778,15526,https://yt3.ggpht.com/8sfHwGv52uftIczVILnq2WorTBIZjJhbHmiCMMoK6AgNSXiDEt81SW-ydHJQVKf9uPhutWAP3aU=s88-c-k-c0x00ffffff-no-rj,,
a5773880b0f040a9abbecacf3eb0eb29,,,,2341,https://static-cdn.jtvnw.net/jtv_user_pictures/027a3153-8ce6-4bee-9ef3-59346708230c-profile_image-300x300.png
a577528125314beab91d127043218bb2,2520,91955,https://yt3.ggpht.com/RClvIEl78BFW8E4Qs23CXpxuub6HYJgt5NbnCkZU6FHazfGkNxNTdo5fsxwGN0_m31zg43R2NJ8=s88-c-k-c0x00ffffff-no-rj,,
a59b5e9b4b3f423faa754bb0c1c5e9f7,638,19640,https://yt3.ggpht.com/QRrZPLgbtlqcb0QBLwL9X85zZVy2t2rCreswKIGyVHfzE_LTj8x4MEnQKO86RdaaYoP9_JtctQ=s88-c-k-c0x00ffffff-no-rj,12,https://static-cdn.jtvnw.net/jtv_user_pictures/9bedcba5-1420-4ea0-a59b-dc50b5f1c359-profile_image-300x300.png
a5a59537edc54be3919408276c556bd7,205,4980,https://yt3.ggpht.com/mi-ERBvuL87XYSPC0xpYSEKYWy2a8CRNFdbXPU2959IRE9VNIihqk37VxmTUzEh7iyGMYgFXcg=s88-c-k-c0x00ffffff-no-rj,,
a5b71bba2a2347a080ae3443d5ef47d5,,,,648,https://static-cdn.jtvnw.net/jtv_user_pictures/329a6b00-fa64-4f00-be29-3059241eebe9-profile_image-300x300.png
a5c12a1268af408c9a3ed6adbb72c53c,1080,57119,https://yt3.ggpht.com/ytc/AIdro_nC2hT55sDLUHMGCQtRjZA6emBFZ6gH-zFMrHnulqmA=s88-c-k-c0x00ffffff-no-rj,,
a5ced44a2bb74575a9cf9ea48f9ec890,181,5182,https://yt3.ggpht.com/9dKeex1MZnVUTkLI2uekMTCQRD7y8VKThI8XL1NxHTpmAWB7ztaAV5MHx15qYg-9czLHDbIT3A=s88-c-k-c0x00ffffff-no-rj,,
a5e5533ac342488a94003dc77869ddf9,457,23447,https://yt3.ggpht.com/W5zR6KuqaNi1qPaacwmaVN89Y-shNlxK81nDx3kp1QsORyDwM7PyBbiDInH-HhsfyM9c8IXQV54=s88-c-k-c0x00ffffff-no-rj,,
a5f7302f9f1a4fcdb2471c4bc52a05fb,7290,327393,https://yt3.ggpht.com/bina3B-92YIbuaar6ePArp3k_VZO-Jj0b8M7TxSvCoCwOt83QuzJ-x4cYbFbJOqMQkt1agQ8ug=s88-c-k-c0x00ffffff-no-rj,,
a5fe6adcf3bd42b79475803c56a11832,92,1363,https://yt3.ggpht.com/7xHm86tkjGqJNwIfQ4H4GA4TmWBzxTDNn-o_UO5p6isui1BqimGxjxWgwpM9p8iE-J4YXxBR=s88-c-k-c0x00ffffff-no-rj,14,https://static-cdn.jtvnw.net/jtv_user_pictures/e2a976da-5627-40f1-8fac-62f9fd1beb93-profile_image-300x300.jpeg
a60c8fc0a1324bf8b65053231ee22373,1720,422682,https://yt3.ggpht.com/LQ3MCjrOK0Bch6C87YuS8mHAWEchguZ78LmLjTIuF_OcoMYbZVkS_v7biSZHjTC5r_25MMuoug=s88-c-k-c0x00ffffff-no-rj,101,https://static-cdn.jtvnw.net/jtv_user_pictures/94004e3e-5a46-41a9-8064-edb3b8547e0a-profile_image-300x300.png
a6199b4ad506405db5621d6158fe47ff,111,0,https://yt3.ggpht.com/ytc/AIdro_l1Ei_UOn3gRmgfSr7yz9KSSKyCjd8q_rgy03IhZBNtW-WLHx4=s88-c-k-c0x00ffffff-no-rj,,
a64ba9e0b7dd4de58ffbdf9ca043a90b,1170,37242,https://yt3.ggpht.com/ZMdzYRHy6V35zgCWyJq-6_k8roPRrCdKtQ3aMKQJQ0R5G9KgH9rX1rTdI09uXwGAHZKyjcdcrg=s88-c-k-c0x00ffffff-no-rj,,
a66441bdef584fe0806c4be0fd2cf53a,1180,45891,https://yt3.ggpht.com/eH4sod-aTGUksC4Ox1SC7jwdJCpJSZhUAdwYYUJVc55CRPEJPvFjQCUa83cwcbwIGEl0JbIpeg=s88-c-k-c0x00ffffff-no-rj,,
a666cf6707d14cdbbe6581a8964aabd0,758,19419,https://yt3.ggpht.com/1f6qRmq5SCKSI9PKBzclM-dcxPsZK9xP2erpRZ3ZKFfbtFxpshZSA3HZA19CZm2V4IespCamyg=s88-c-k-c0x00ffffff-no-rj,746,https://static-cdn.jtvnw.net/jtv_user_pictures/e674150d-ef82-459d-9d5c-11988281db9a-profile_image-300x300.png
a667c79cb8284de29d5843dc3eafcc57,22200,346700,https://yt3.ggpht.com/sdlwgZLLaMNOGsMy7op7I6KiEUb2sIFZmZW0Ga2dcqT3DQlHm4Y9sCASApq-qcHrmM8XJgKi97Y=s88-c-k-c0x00ffffff-no-rj,,
a6815e229f914db2a936ad70c285cea2,19,1240,https://yt3.ggpht.com/zSBBiIDQ6exQYVsQ8YDe0hs9uvUzEPLed9dcWJk57ibAVCVPaXdIXZNDhErEFmpOSCTw_fDrTw=s88-c-k-c0x00ffffff-no-rj,469,https://static-cdn.jtvnw.net/jtv_user_pictures/aa7120ec-d42e-4329-8d0e-033db6243fb0-profile_image-300x300.png
a6a155230538488e8488f01160598837,265,16792,https://yt3.ggpht.com/nGQO7b6ujoGtk_sSmEJlvS2lUOspcJ63Dd5wQ6HrlAFe6Log2alC3EXVydPuoUSu83o3dXS7=s88-c-k-c0x00ffffff-no-rj,,
a6a4e83ae23140e6bd1f7c817af8f864,64600,3317736,https://yt3.ggpht.com/ZF8geo_EHtXF5MIgcvCSffzoJz1Q-45ZMS9b28gxuhVS1tYDghfNIS4KCl2YmEoUQnr_lE9W=s88-c-k-c0x00ffffff-no-rj,8399,https://static-cdn.jtvnw.net/jtv_user_pictures/55540821-1fe0-484d-8248-33b356b2a6aa-profile_image-300x300.png
a6a789d93f3a4352b251a51b43f98d2c,1620,35073,https://yt3.ggpht.com/S6c2_ckyDrZS0fdFKBy5CLN3wT3OXeJ2KsLih4REsnc2OT9quVtAdLvGaGTn4VIur-fWD27Z_z4=s88-c-k-c0x00ffffff-no-rj,,
a6b0f8c8343041f0b1ea96c46ee4e582,240,6287,https://yt3.ggpht.com/OfvbkJD_EeKlr_LXobxQ8PALVT3P4PZdXjKYE3deu6AQWCjEEuJoYn77_6BcXk0laNXOTcb4bg=s88-c-k-c0x00ffffff-no-rj,57,https://static-cdn.jtvnw.net/jtv_user_pictures/c40f858a-55bb-4667-8b47-ab3ee91cadd8-profile_image-300x300.png
a6dfb7b286fe43ebbec2fd53b9cf032c,850,7183,https://yt3.ggpht.com/bWdFOIawM3sCrS54yg6VOpd7QWZD9AwLHo_ossQNHZqH01CkJhNVUu1SPlmEATgtXUaioZjseQ=s88-c-k-c0x00ffffff-no-rj,,
a725f6babc5f44779d7389886c6cd7b7,1120,28644,https://yt3.ggpht.com/SYtKlzV1NElQzbyX9MxpVjVp83FxfPGqi7qCh-DsgvU8sepTctEBk9llDCl6QGnf0RHwww-Yxw=s88-c-k-c0x00ffffff-no-rj,,
a73103b226f34098bb5d4cd00b86d2f6,46,793,https://yt3.ggpht.com/AvtX9rf_XCPOQ3a-IxA63n0cdBQVviVP3y_hqhwTdnefd_7SFBzWXAaA8_Z-YTQulMZ_5qeX1WU=s88-c-k-c0x00ffffff-no-rj,191,https://static-cdn.jtvnw.net/jtv_user_pictures/b861edb0-9f04-4733-aa4f-ae4c43879dd9-profile_image-300x300.png
a73b969a7fe24a9aaeb9bc1c63ca6450,1510,64851,https://yt3.ggpht.com/SrRx9xeQktbP7_zgV8VEUdWdAs-C-5YV1RW3M7cypNI_hOrh1hc8oeQOPIopRB6ouOvIv7Gztek=s88-c-k-c0x00ffffff-no-rj,4576,https://static-cdn.jtvnw.net/jtv_user_pictures/1ba52d1b-ce72-4fe6-ba2a-4d99be40162d-profile_image-300x300.png
a7410ae72f2d4648bcf192c21abd7c32,1370,47986,https://yt3.ggpht.com/MYZgxGhSiOpu-M07E5wsgV_5CEndbNdeghAf7tMYPso7n-BPjycF6i_Kwp42SC-VKWCV95KtNA=s88-c-k-c0x00ffffff-no-rj,158,https://static-cdn.jtvnw.net/jtv_user_pictures/f9b23ce3-d2ce-4d30-807e-ff0a469f0127-profile_image-300x300.png
a753be70dd194989835b604e4b249363,842,30045,https://yt3.ggpht.com/29FSEg5UJOciqxl9-1jJLVdo68xzDnykTsr0lngwSFeJDvK7Mg2fUft5okWS01mY3roUkpB-dw=s88-c-k-c0x00ffffff-no-rj,670,https://static-cdn.jtvnw.net/jtv_user_pictures/a64ec755-2dfe-4991-87f4-b7a17938f9da-profile_image-300x300.png
a76c19e10aa4463f92f0d2e0f30ab84a,1220,47287,https://yt3.ggpht.com/au2m_kTNJjlXTkZhLVFohNpe6KlsoFToID_wUgyDuRhEha2AnVSjh94sIR28p2PD2FVHsvm-vJE=s88-c-k-c0x00ffffff-no-rj,,
a76d4171e74448fd9d1a6eaf183be3ff,249,14507,https://yt3.ggpht.com/Rtdq2wn1X5jz8Rq8ZtRkFUKobxSYTs-inKXoxGeEFWLPdo-SzPvDmQg07pqQBG7M6m-Ai2uZ=s88-c-k-c0x00ffffff-no-rj,778,https://static-cdn.jtvnw.net/jtv_user_pictures/990e722c-e796-4898-81aa-c7fca9c6edf9-profile_image-300x300.png
a7810f3ba1af43ff888ccbbe477a1356,2580,58605,https://yt3.ggpht.com/E9yoRQ17OR1rJUgLKjXneqOkldl6ssjx3Wl0qQMukUjS3O-7x343-fj_QH30K8-Nq_33gtQasaY=s88-c-k-c0x00ffffff-no-rj,348,https://static-cdn.jtvnw.net/jtv_user_pictures/c98573a5-d433-4f24-a912-3146b4f9a79b-profile_image-300x300.png
a7874e2ea7a44640a4ad427680a1dc9a,2420,75202,https://yt3.ggpht.com/JAAgPMAkK_JtY6JOfn7RIGu_SUfmzsJv7oOfZGtUyANksvvVPlk0F8jNWMvW5unI36UqxoaZEQ=s88-c-k-c0x00ffffff-no-rj,,
a7a327b0dde5424f88618e9b5d89d224,3700,49698,https://yt3.ggpht.com/6paehIRiZUWt9kCdF5g89ZtHGkjAzF8JO9sjSgTJmimkyHCS0Aj6xx7TAQ876EcTNTiG_ks1S2o=s88-c-k-c0x00ffffff-no-rj,,
a7bb915cc1a0474080d7dbf6d245daf4,228,10927,https://yt3.ggpht.com/u0PWWQknhAMT8YiRZSHzB8XlB2qg9W4OU2tQc4MkDNMCHdTYUcEU6GKRWLQQTUBNJqo_0Mlv=s88-c-k-c0x00ffffff-no-rj,45,https://static-cdn.jtvnw.net/jtv_user_pictures/c2301455-ea44-436a-bf9b-736d2a6a4813-profile_image-300x300.png
a800589948934dd68ac2c728cc05fbaf,3870,10542,https://yt3.ggpht.com/p_1nhl1b8yGCOxUnfuO4nj06mXxrNVR7Aoq5iQsDHAydHg2d94m70w1eagW0t-HsZC1FhMz41w=s88-c-k-c0x00ffffff-no-rj,,
a823412858b749f7bd2bff3739ec55b7,1570,69323,https://yt3.ggpht.com/ytc/AIdro_ku1lZ4WrSwUGle21BPtE5TrNnOkOk61sM6U54-HlmlLdM=s88-c-k-c0x00ffffff-no-rj,387,https://static-cdn.jtvnw.net/jtv_user_pictures/08be727e-c4d1-406f-9f9e-2dc911ff96a8-profile_image-300x300.png
a83b6d485350402b90238deb371ae654,6170,99781,https://yt3.ggpht.com/IMUp_aWuMMJDhG3pZIq_bSTC6X7fr9J6oUbogzSdEiCI2pJ4nmofikRJAH_gcLsyWQwby4I5GQ=s88-c-k-c0x00ffffff-no-rj,3792,https://static-cdn.jtvnw.net/jtv_user_pictures/cbb70793-6dfd-4f67-bdba-a65dfa2be8c5-profile_image-300x300.png
a84b1b6deabc462b9cf994fd02304b5b,143,814,https://yt3.ggpht.com/fAokbPt2NnH822YGgVvQELAfhZMFFgpOsj_I3vs2bpcIGc3UjXFCpEi9svC0L9tqweOo7pBiHg=s88-c-k-c0x00ffffff-no-rj,1683,https://static-cdn.jtvnw.net/jtv_user_pictures/8e6415fa-04e6-40ec-9dfc-e3b8ac9e7c81-profile_image-300x300.png
a881100803aa4abc84dc3cc814dca0e7,1480,41612,https://yt3.ggpht.com/K2tlsdABTIiFJPUbTBb_sG3Kxr9aXD24A8740t9bYcrCtNV23Vs6hLgaz-el5foea8GvPjI2AQ=s88-c-k-c0x00ffffff-no-rj,,
a8bee4c680a54cf29b34d90bf7230ab1,157,2738,https://yt3.ggpht.com/ikTwrlCn9ASuyLB-SXUTDM5D4ze9u3ig4hRvmbq7Ecv-ce234DQg_ORSw3rbvGhf3IDinsJVxb4=s88-c-k-c0x00ffffff-no-rj,1863,https://static-cdn.jtvnw.net/jtv_user_pictures/83f2393f-2290-47e5-8c0b-ce944731aaf8-profile_image-300x300.png
a8ce4642418b4fe8ba1471a32097f4c4,57800,2936645,https://yt3.ggpht.com/r7nARtw07_oENnkyOS8y9_thVa_J4NssZZw5O0GZoWIUG_I2RK2cXKmSKVGS7KZ1MBnkF5WbWA=s88-c-k-c0x00ffffff-no-rj,,
a8e0ec03cb0a4e0292228e1a6ed35e6a,365,7921,https://yt3.ggpht.com/PuEDLFJKV1AwDMVo0HpAOchX4vfkVk2-V9hHCsQv7OA7JEgrpKGcWlPU-RhogHHYZqXABrK_=s88-c-k-c0x00ffffff-no-rj,852,https://static-cdn.jtvnw.net/jtv_user_pictures/0fd1efec-dbc3-4907-bf26-8815e3b8cfed-profile_image-300x300.png
a8e44e51a99c487694e2525dc57c85ca,1820,44811,https://yt3.ggpht.com/whhK_8Jhzhkjp54n58QeL43uN8iJ0PLrIBrKBDyOvZPP3p_Jdsc4pqja0X9dRSjHEJL8iaoI7ZE=s88-c-k-c0x00ffffff-no-rj,1099,https://static-cdn.jtvnw.net/jtv_user_pictures/41a83dcc-7235-4aac-9d64-851aa85a1eb4-profile_image-300x300.png
a91c83dff0c94387aa2c11e597424517,104,4309,https://yt3.ggpht.com/p92OIopEu5KySuH7wa2nMOHakSUhSesFJOMgAI9FuJPHL_2m4OcYq7uQ-7CpHT4xPzDc6Nh3Rw=s88-c-k-c0x00ffffff-no-rj,207,https://static-cdn.jtvnw.net/jtv_user_pictures/32061386-b2fa-403d-8fa6-c7fa432f0d57-profile_image-300x300.png
a920d67ea25f449491121763b3117f95,147,5021,https://yt3.ggpht.com/-F7m5qyWtuRut2r2QOIdkDbcY21qYyBXlfKjAf58yLODwTuSWJgzuxIsKFncNlFimJ1BEqA6ag=s88-c-k-c0x00ffffff-no-rj,289,https://static-cdn.jtvnw.net/jtv_user_pictures/df3308e3-21ec-4bca-8706-ab8307cf657f-profile_image-300x300.png
a9396c8dd95e43b29c694b14afa07ac4,279,7834,https://yt3.ggpht.com/5nPesidel-1RN4lLt9FNlPNcRWbakUl_TofErulng2dGc8DI9dxZKX-pdh7o9qdQo4AD7GPe=s88-c-k-c0x00ffffff-no-rj,2475,https://static-cdn.jtvnw.net/jtv_user_pictures/130eccbe-7a59-49ec-838f-2b3368a25ab3-profile_image-300x300.png
a960b283b1124f44bc4bf2a16199977a,1780,26026,https://yt3.ggpht.com/m5BpqY8CiMeduerAiwiY-rFHaxk5QdbxOddwdadPMbTqQTcPchHrDLA5Kzl9x2TKRb72kjg3MC4=s88-c-k-c0x00ffffff-no-rj,4455,https://static-cdn.jtvnw.net/jtv_user_pictures/c9e5f8c0-162d-4807-92d7-6959d0e2a4b0-profile_image-300x300.png
a9986f3ad4f340f297e9eb132a05ac84,675,15625,https://yt3.ggpht.com/YKJIUVUrRmVZplN5DuvjOB5Dw8e0eAICqlg9tiIzQ3qjGwwinh1h2SH3eHwQscMW1xtDj1ld_Q=s88-c-k-c0x00ffffff-no-rj,426,https://static-cdn.jtvnw.net/jtv_user_pictures/3762f088-644b-41f0-a2e9-513248d4b852-profile_image-300x300.png
a99bc695c89d41e391a5abf6e781c911,4420,295681,https://yt3.ggpht.com/y5lx3F2TcAZkc1ruiOE_NU4-dQCzWh-UmXliq2HNpnuRpGCpjPU-vAN_01XNf6YhKfaC7p14n-w=s88-c-k-c0x00ffffff-no-rj,,
a9ada11d61114319885597db6a0725fb,61,288,https://yt3.ggpht.com/XtcchJxchdw8O32m7Y08WTETYV_2qjmiCFXbLmbd6CKwUFsxjmTZUQ7wvPgSCHG-qzraE6kJGg=s88-c-k-c0x00ffffff-no-rj,645,https://static-cdn.jtvnw.net/jtv_user_pictures/18b59b04-a4ed-4212-8d38-8ec13acd779e-profile_image-300x300.png
a9b855767b2d432c9f263e3427ff33a6,98600,10421554,https://yt3.ggpht.com/hE4DsTrJl_RUwqfeHCLsX1mg7JhX_ID4bomb9iOcMql9oEPrlU_POdXrZ-doN4pgAgtBGUQK=s88-c-k-c0x00ffffff-no-rj,,
a9e5491563fd4b05896ef9a8cb2ee7d7,1770,109137,https://yt3.ggpht.com/rvRd88H0gvZQmMXlU1KAm-woVl6QK5rxpbQRJCu01lfb_6nZc1XL5R7TBu0E0CVyI6Mx5bSt=s88-c-k-c0x00ffffff-no-rj,,
a9f1edc233804d4b90a9996219a3b14b,4080,150493,https://yt3.ggpht.com/qhywh9CLxIGmjt9O1FtMUmimZTc01Ru0h-oZ8ZUPrQKWw6cUKf1xK5CF_nsujEHCGRW565EH=s88-c-k-c0x00ffffff-no-rj,,
a9f28d3e3d2a4ecb93ff10955be791d1,30400,1042565,https://yt3.ggpht.com/mSQY5VwVi2DTc16xQNIcnWEDtfHtNBfd6g_JWNOHc5G7Jv2b6HZyzPT3MxS1BX422hvCs6y6Wg=s88-c-k-c0x00ffffff-no-rj,8952,https://static-cdn.jtvnw.net/jtv_user_pictures/8fe884d4-3d8c-4474-b5f0-685a8f65b25f-profile_image-300x300.png
a9f6574e98f34b20a05269134930fb50,223000,9079016,https://yt3.ggpht.com/YXzIyJD5iCClsVq0hXuROO7aK7-SgeRipCzthDswNyXTxjXy_Jozjejvc_HDD9PiXQS8qsfnLg=s88-c-k-c0x00ffffff-no-rj,,
a9faef4b712b4649ba60c7e8e262175a,4060,21776,https://yt3.ggpht.com/iCjLVPlRIb4lWn0xmpArvK7cR7Pes2evHnejRaijxWj4l9fBC4hkUYI69VeZoU2BLji8MPji_w=s88-c-k-c0x00ffffff-no-rj,,
aa0d8c2604694532a20aaf0f0ced8a5e,168,1690,https://yt3.ggpht.com/_gZ0KNZD5PWHEc9a0SO0EPB4Cp7OFjagrwRr6bLX-2KBcrYj4AEpt5e2KNp8HvZ2DuNOI0PqzEo=s88-c-k-c0x00ffffff-no-rj,1900,https://static-cdn.jtvnw.net/jtv_user_pictures/789d788a-2811-422d-bd62-67c387a60c27-profile_image-300x300.png
aa182728aa6d44c4ae37caa7cdb8ed29,516,20030,https://yt3.ggpht.com/RJc_f2euJGqBZm2Seem4kxFy-QA8FmyLtPUa80SAL95QkK94fmOU3FtHTExbeTNDX5anIT6n=s88-c-k-c0x00ffffff-no-rj,226,https://static-cdn.jtvnw.net/jtv_user_pictures/c741710f-975c-4de3-bf64-79ee10d1b659-profile_image-300x300.png
aa1ff405338c41b98ff7197eb4d90349,22100,682384,https://yt3.ggpht.com/_FH0HEY20NSay8SzGRwTFkigI4YWcnnUG_ugqRtBu4qnoi3SL0Qi1W9URI9F9537NC7fjSI5vA=s88-c-k-c0x00ffffff-no-rj,,
aa673b95b03540288c87dbaa59477ef9,538,35333,https://yt3.ggpht.com/Ga2K-g6g6RC5DcDO90gMinPBDvZUzMGBS6HuN2M1H4iBx6nsL2J8XjUXnNBRVwM6WgGbYAkChg=s88-c-k-c0x00ffffff-no-rj,,
aa72818fdcaf460b9b3f90e92d702e57,93,571,https://yt3.ggpht.com/AxwSEJK-4glukiNmx2AqSivw-29o94VUK7F6qi-mvQxbEO6YG41K2alJBCLuiLX74bmiTw9I=s88-c-k-c0x00ffffff-no-rj,2207,https://static-cdn.jtvnw.net/jtv_user_pictures/720eeca5-b6fc-4846-89fd-5a65c787c606-profile_image-300x300.png
aa9fa329d639488dbb860b8f8b3235f8,675,809,https://yt3.ggpht.com/oOe1gIft9WYWw0Po_TEjlGnb91-YD-BvqynxUSvNBgEzdk0Y-m5TlYKYD_auHBYh2PkGlubx=s88-c-k-c0x00ffffff-no-rj,3107,https://static-cdn.jtvnw.net/jtv_user_pictures/9b858e42-c204-4f8f-865f-1f3bf853e24b-profile_image-300x300.png
aaa45dc386714427ba862f691d4471ac,15600,1061974,https://yt3.ggpht.com/0QDy6SDPT-FwtO821S51bwA0GzvgZdA2NeNC8-jOcq5qto3vT_yay_ytXKoZGNb_KjriHxs9=s88-c-k-c0x00ffffff-no-rj,1018,https://static-cdn.jtvnw.net/jtv_user_pictures/6f22845a-e632-4452-9966-fcc4a9c2462d-profile_image-300x300.png
aab094af87d74f3cbcb332bdac03fa23,1090,20602,https://yt3.ggpht.com/biPJfEasxj2txnrF42c_SKYbU1Tm0kxiAMTOUSdoEbSyGwcvv_D2ctorIjSTaQz_7Vct4T3h=s88-c-k-c0x00ffffff-no-rj,,
aabaf7767fa5449b86f58160496d0d4c,980,50886,https://yt3.ggpht.com/dim66eOLVoDt6SlXmWhs46RQEATNrmsfF6r88vaj2E8-O2uDCx0iPyQZUSsVoaA6EjWaxXtZ0A=s88-c-k-c0x00ffffff-no-rj,,
aac7be72efc74efe9e77148fd4af7151,284,8250,https://yt3.ggpht.com/qeONS97ZxiraET4kE_1cEfy2tYhbxtsmGRzu0LynoLqX06yJnIkJrunFtVuomUC2glugdbSQ=s88-c-k-c0x00ffffff-no-rj,,
ab069c9401bc4bd09eea8f5ece525d54,2090,313518,https://yt3.ggpht.com/p-_bGO-R2HeywjXN330_T4K1Z6SBCX_uJfYyslXKxRnZ6xF3PZ6xGrLMFbiozUtjcguP7iOu=s88-c-k-c0x00ffffff-no-rj,,
ab19e58312b74ebd9b68e27aeb0adde5,8130,370378,https://yt3.ggpht.com/1jOVjeTDLdpWD22qSwqOB1UKtzSFUqjO2ZQRodl1N12PWk7rSJAW0ts308uGcryxaUjIIV4ZTg=s88-c-k-c0x00ffffff-no-rj,,
ab4f892ca62e4043b6287bdfe50b145d,111000,17814824,https://yt3.ggpht.com/RuYJda2MSJ_MvSWCtF3YJIFkxTKdKMOkk0QxaZB88ZkZIQkqBch-td2s-IO6rX6a0K_bbuiQ_g=s88-c-k-c0x00ffffff-no-rj,1448,https://static-cdn.jtvnw.net/jtv_user_pictures/6ed7a571-f7cc-4073-a456-02f3cc231a1c-profile_image-300x300.png
ab540a5b73bb4dfa85cebffb70fad5db,319,5174,https://yt3.ggpht.com/VoftF-q0esog76vpBxAs804mAiiaYvi-khVcFo3Cbrll9nUnpT42Ogp9q7LMWQrSab-BtoMf9g=s88-c-k-c0x00ffffff-no-rj,701,https://static-cdn.jtvnw.net/jtv_user_pictures/8ae1dbeb-f87b-4c93-a787-7fdd0f4d3c6e-profile_image-300x300.png
ab5709b7d3074c6db2a57995d5b1c328,7160,391424,https://yt3.ggpht.com/7tbK7mUZxRSCotrrUHxiMmE5YuPiSJqcBK4VsU1qTjQ7Z6fOs7JW5Wakqt_qbOxttKGbmrmTwA=s88-c-k-c0x00ffffff-no-rj,,
ab64eaef68c94ab4afb3a89007c81e9c,2610,49994,https://yt3.ggpht.com/WkOxX9KfkCkBkuAcoNUEQHJtLn8LSr1T_iGj0cdJBPm1tmqhJIlQXqmBGDbo4xViW9uxeLuAsQ=s88-c-k-c0x00ffffff-no-rj,4480,https://static-cdn.jtvnw.net/jtv_user_pictures/f2432a21-a420-40db-b263-3b446156176b-profile_image-300x300.png
ab7fb3b59bef4d869388be703ffa8c01,738,12079,https://yt3.ggpht.com/9BAbur87eXSEZDJ1LJ-IYd6n80Q6fLl9LCMIx-tJ5_MPAKh8e1aKUkAuvGTespSCRpx_iunY=s88-c-k-c0x00ffffff-no-rj,,
aba9c942b0d2418b8db52e37fcd54dea,554,13594,https://yt3.ggpht.com/7PJcwRVCetshsKVAFm0WOQn8FZSzsEj40wrAHipnkTjwzJ2ByUnp6DVc2Bxwt9BB8U65bX0l=s88-c-k-c0x00ffffff-no-rj,,
abc7acc71b474ebebecfde51ad5f88e1,14300,471528,https://yt3.ggpht.com/SWaRnFx8XAOzt5vFr1isxqQUJwsOSBphDLqJHMM58N40vaTaFTawQEOhPtU2chNbJCsWenk7EQ=s88-c-k-c0x00ffffff-no-rj,1660,https://static-cdn.jtvnw.net/jtv_user_pictures/bf1e7fb5-1f04-47d1-ab8e-02e9494d499e-profile_image-300x300.png
abd64c9a64e04fb1b23faa2480c1c106,205000,70674858,https://yt3.ggpht.com/aLwEBbcga-E0PSXBx2RFaF4pVje6Twag_knFvC-YSQpEIDXU-NoBgCD6KBndvO9K4sbZjk7E=s88-c-k-c0x00ffffff-no-rj,2081,https://static-cdn.jtvnw.net/jtv_user_pictures/e739d3c3-c884-45fa-b22d-178ae4e364ed-profile_image-300x300.png
abda6c94394b47ba885c34417e3a4d08,302,8345,https://yt3.ggpht.com/EjeLgQ_ZxmNMPhRvIcA-QO6lLW5B8dsKlbsnRHWSI86XU80brgmkn6sNKpipt0Pu0Xeti4KfIQ=s88-c-k-c0x00ffffff-no-rj,664,https://static-cdn.jtvnw.net/jtv_user_pictures/59760c1d-1084-46da-814b-4f6046f27288-profile_image-300x300.png
abe3d72887f24ec6a36a7bf0d65d0124,5690,239537,https://yt3.ggpht.com/ypMFiBBKSDEzFmtUXIKXKqQzco-7U4Vo7wGBssAx9u1TVxKSPf_GN450nikMolxmPs-Ck__R=s88-c-k-c0x00ffffff-no-rj,,
ac1ce1eeaffa4e58a8155c20d8f85ff3,6650,225735,https://yt3.ggpht.com/6HF3gdCMacduXqDkHHWcactOEjXsJ4BmDiC6bUQtfVHzeN5TXjai_JYrTaUJ5dmuFvakzwsm5A=s88-c-k-c0x00ffffff-no-rj,,
ac2b3c839ed14b12af1acecf322a15bd,7420,261756,https://yt3.ggpht.com/4JHsA2bg3vFXZPMNkKV-ppNv2T44NpBwOfpwOx36CrH1M3FgfL1lMx4oLutFyLdCxZtdw2zWXw=s88-c-k-c0x00ffffff-no-rj,,
ac5176c53ad7447b8d63f82f65ba7200,1200,53895,https://yt3.ggpht.com/oooS77B_UQiWUy0Lizef6YA28tA7aCYE1rH0ZvmmWo3oC96aS5UswYORiTPdXIPhKv-ItRiyihk=s88-c-k-c0x00ffffff-no-rj,2566,https://static-cdn.jtvnw.net/jtv_user_pictures/5624ec33-c301-469b-a9ae-29662ef46807-profile_image-300x300.png
acac9c479b4b42ba99d0bdfa2004ee5f,1410,30144,https://yt3.ggpht.com/oCKJ1XNEHDePcC6blF_zP6wh2UcX44OQ798Tgcz0ga87vf92mo6giWA7NbxufVMVJq5MTUpkR8k=s88-c-k-c0x00ffffff-no-rj,957,https://static-cdn.jtvnw.net/jtv_user_pictures/c19d774b-eabc-4f0b-9547-85a1194db627-profile_image-300x300.png
acb95c574d8444cd80102796e0d56edd,273,10989,https://yt3.ggpht.com/6V_vaLEK6qgaw9Ol3JheWL7bTHcXY9R82UoHqVcJHXJRyw5CNq-u9mo7C1_6wbvIJ4QD_vreyA=s88-c-k-c0x00ffffff-no-rj,226,https://static-cdn.jtvnw.net/jtv_user_pictures/bdb2d020-8b64-458a-9320-f7191a7d43a8-profile_image-300x300.png
acc6cc72bdb74a74a719cc41baf0aade,606,17857,https://yt3.ggpht.com/GQujRcaUFvlCXq6a02R9pgiQR93okV7Yzp8q1ctogsQIDSfPdnktV7Sd3F94O8Sf0IWymlkuGA=s88-c-k-c0x00ffffff-no-rj,,
acc708b79f1c4e388466b407387e7cb5,504,36654,https://yt3.ggpht.com/0Q9BgwQYa4IGQM3eR0i4uIbSsv_WCC99W5z6Ymzd5QjCB_sNCwjQRWV-hvHETXWE2YuNS_bffw4=s88-c-k-c0x00ffffff-no-rj,,
accb26f2db2746e898b68ab07dd3c5bc,1740,91183,https://yt3.ggpht.com/QS5p3Nn94S-OjkuaT87_eUGfUoD5E-3ucYxPDem6oF4puIH6Y1xHnu0_BGJH9MOX2pTn1rqg4w=s88-c-k-c0x00ffffff-no-rj,536,https://static-cdn.jtvnw.net/jtv_user_pictures/0b96c547-ee84-49b7-be48-9dcc62ac1c8e-profile_image-300x300.png
accbad7e89df4174a13b68edcae74068,14300,120414,https://yt3.ggpht.com/b6KZvP0gbiKcnIsTA3IGjauiIkzw7C3EgsgVQO3v822tKUDlEOIVIWoOcE_NQap1n-aW5o4C=s88-c-k-c0x00ffffff-no-rj,,
ad26bb0363ef42c7988f79ef9b07dfcc,997,50390,https://yt3.ggpht.com/AevE6OWgdQRQ7PbQ3aIRrf-jMcDIGmNMPkbslfDVEbThSYDO_g15WpoWCZqMbLzv74YNfnTF=s88-c-k-c0x00ffffff-no-rj,,
ad2a1148ff4747229694f9aa2c3645d9,8320,520286,https://yt3.ggpht.com/zt1UfLz_inyh5Sm1K5lPPFKfL8BZ-iVNUxZisZmjL0vjokLFlD8kcC3tsSLkNsq33kQAOOry=s88-c-k-c0x00ffffff-no-rj,,
ad2aef5af5074f14af7f6ddf7899743a,,,,2109,https://static-cdn.jtvnw.net/jtv_user_pictures/e7f8c2e3-58fe-4d6d-88a7-4481e32c7fcb-profile_image-300x300.png
ad43fda31b7842dc8e7854840b974614,1890,76840,https://yt3.ggpht.com/obhuV4HXgffqzZ8BLJ6YfD3e2HATDaroVuipiKr4FZG1rReuNWls6oML5SkRHrmnk6Ttm5fhqw=s88-c-k-c0x00ffffff-no-rj,,
ad4d805afc1549348584aacb24035f89,9030,61682,https://yt3.ggpht.com/LfcnGpoMEnr2254PgyMSWM6iBXpjF78v8bE-4GI-5MEKEyjhZUEVjhMGS6QsU5ENcaC-YqJRbXk=s88-c-k-c0x00ffffff-no-rj,,
ad56a56e509c4b6fa0cf11ca959e3c72,22800,312993,https://yt3.ggpht.com/Pjquv06gFNJF8LX-RrCi2bKuEeeFP_CIyo363ZebGzHU51wQIT4fNPYfc5dP3S22SiF7HDSN41g=s88-c-k-c0x00ffffff-no-rj,125,https://static-cdn.jtvnw.net/jtv_user_pictures/c383177b-008d-42a9-8277-db6e1d62a47f-profile_image-300x300.png
ad6455da071543ab88cd4855a11cf39b,140,4951,https://yt3.ggpht.com/vYaZs_lQTrv_IihJdIUrgVQjquvFnZzI8LpTJeT6M_tcVaJ7iJVH3CC3H3a5nbzAQ8s6mJ0VwA=s88-c-k-c0x00ffffff-no-rj,,
adb7f358e8134f30ac0919a74c9d171b,600,12522,https://yt3.ggpht.com/D8gVEkli2lA8qMKyo-2YTKUvvbaVQ6Jsi_kEdsAod-p5gr5BY8LmA2HMS2nTh_uKLPo0to6x=s88-c-k-c0x00ffffff-no-rj,1901,https://static-cdn.jtvnw.net/jtv_user_pictures/d52d35be-9559-419e-9edf-7bc5a65a02c3-profile_image-300x300.png
adc9d30b5940427e96ae92238f0f8b83,19200,484914,https://yt3.ggpht.com/9i_XEmc4og4irTo0fWwXV9a4LTsLBXAEuEMc2E54hfgPyab028_FNDGydukpMIoEtedKwlOqyQ=s88-c-k-c0x00ffffff-no-rj,787,https://static-cdn.jtvnw.net/jtv_user_pictures/b64caeab-23d6-4be8-acc1-cb9cefbe5e81-profile_image-300x300.png
ae2d7595c5b94d0786e2fcd5c8973c06,177,2481,https://yt3.ggpht.com/YwsiIbOkiNYA7LtiFGuGEHeaFdxM2Dl-bhYm6Jw9BQNLm6l7qez70iZPxpGJ76VHUZ8arvZ2X10=s88-c-k-c0x00ffffff-no-rj,,
ae4eaef845fc4daaa8106a51a590e145,21000,962697,https://yt3.ggpht.com/86wuEfCxfqkKbhDCCRh0Ncg6saFrPQ-4hkI7APUtB_8L5utKX_J_xwtJzCHstO0GZQqUmWE-=s88-c-k-c0x00ffffff-no-rj,,
ae5e1ce2a3074d07818716492277408c,386,2630,https://yt3.ggpht.com/yp0g3pndBOCxpQ_kFK2OHfP1xDfzzyVNLoGQM4iaiFZKnD_1a8sidbKOUjwiGcQUIDTjD1VrF9o=s88-c-k-c0x00ffffff-no-rj,1187,https://static-cdn.jtvnw.net/jtv_user_pictures/da424a70-e324-47a6-8d47-66b889ac3c22-profile_image-300x300.png
ae5ffb6b5338483c91ff1b883d51a3e7,515,1856,https://yt3.ggpht.com/OdpI_fIEMyEj4D7HpouQjO5qtft4LC-cn1OLYlgpjFAV8ODZGoz9C-GVumTr_Pd2gGfO5I4lxA=s88-c-k-c0x00ffffff-no-rj,,
ae7dbe93a8cc4651b5ddb7b539e85d6b,363,22372,https://yt3.ggpht.com/CTcTTxd2snUSej4Ay7pjKXkq_CRuvOLwkR7Fk4Ull1FL3WFpsUjy0cpRaz5_AmTpQDAViImh=s88-c-k-c0x00ffffff-no-rj,,
aebb6a94560d43fb9807229237897119,705,13449,https://yt3.ggpht.com/hkq_pHVhlxqeqBEfqI5JD048xjRI2ysNujRZtlpg11lQAqI9omJfr1BUseZx0ftX1n0kPRReEQ=s88-c-k-c0x00ffffff-no-rj,2158,https://static-cdn.jtvnw.net/jtv_user_pictures/ad9de2fe-4d1c-4623-b98f-a397c4ce1165-profile_image-300x300.png
aef2ed42d49343f28394b6335695b5ac,743,189956,https://yt3.ggpht.com/RLw77qsuxxHYalORmvvYQl0THydPPU8NzKVSCJsjtiHkzBrBN8d4xddDu2YHeCzmKPgQ9ubXUQ=s88-c-k-c0x00ffffff-no-rj,2864,https://static-cdn.jtvnw.net/jtv_user_pictures/1e084d92-190d-455d-8722-1fc9fbac7884-profile_image-300x300.png
af04c9cb9b56499bb305a49ba7fd2eef,496,8771,https://yt3.ggpht.com/P1aRqghulfaSWbCDNJjOEvYut9H13UeSSCHRLQ_syKQ8CJ1TOOLMh6FqcIIxQncG9-DJGBEX-Q=s88-c-k-c0x00ffffff-no-rj,,
af132d32a46342178ed398b3c4243e80,125,1720,https://yt3.ggpht.com/jXees57qui7QCt-vFPbclYq3H5p2zGPqah9qfo_wFmR_xGlhE0QmmKC9Fyt-09gy9kKcywdAmRc=s88-c-k-c0x00ffffff-no-rj,,
af34d62a8f4e4ca180c11f11c2832893,1120,32443,https://yt3.ggpht.com/dmUifVfNOEr4CvOczvGAddTq2VuXzoALiif2KumC8hOusgr_zSky8NwzhhFaHvYYSc5_sU--Qg=s88-c-k-c0x00ffffff-no-rj,,
af40da4e1fc24360bf9ed4eb828bf912,1740,106,https://yt3.ggpht.com/jBM1OVuJtut1BvOJGvMr__Mk1PRLOXISN4HgxDQ8acnqOC_83zydBp9V3FdD8xmwwF_TWpmz=s88-c-k-c0x00ffffff-no-rj,,
af89613e72874e219c00ab0c89b6c641,223,49211,https://yt3.ggpht.com/71tLSyse3VfXcqTCwCNzFTkHXCom1ETLGfKV_rjG_uA_usTgfaxtyeRHuKNUrB-I5JFnesK5FQ=s88-c-k-c0x00ffffff-no-rj,5,https://static-cdn.jtvnw.net/jtv_user_pictures/db6fd75b-c746-41a6-b25f-e7f57f4fb889-profile_image-300x300.png
afa3e309e41044c5bffe17466607d481,,,,22538,https://static-cdn.jtvnw.net/jtv_user_pictures/dd351f37-2110-43c0-9e01-069582884574-profile_image-300x300.png
afe78c5051094e86bf9fdfe6cb2a4222,591,20800,https://yt3.ggpht.com/ZZxmisCq643VL7N98W28i-LYQRRXzLMHTpRRAwSszl06wwdsDdfp-ut6-YQApAXpd1XthGp34A=s88-c-k-c0x00ffffff-no-rj,,
aff718d907904c398ec8d685b71436a1,1810,29463,https://yt3.ggpht.com/NXdX2JSnRPWsfqwRTD_tRE4a2oWBPW0bkLAT2AqgoJmK4G-CcGyXeG7nOeHbcuPfsEF8cRfTKg=s88-c-k-c0x00ffffff-no-rj,322,https://static-cdn.jtvnw.net/jtv_user_pictures/4c2fb70e-4c09-41ec-aea0-e282f6cf49ec-profile_image-300x300.png
b023ec32c6b5474e95c7faf252925b8e,1740,36104,https://yt3.ggpht.com/HEwdq-EsM3UEbMB6j770edPLEf9W9orYa_-FtmDef65Zfi2kR7qzxP5f_ksViqN8gvWbzSKU=s88-c-k-c0x00ffffff-no-rj,173,https://static-cdn.jtvnw.net/jtv_user_pictures/15e636ea-3c29-4d33-8f4d-15d693d8f2a0-profile_image-300x300.png
b08047f2566246ac995e03a5db727cfe,34800,49698,https://yt3.ggpht.com/h0p9MACOw726X2FRuBnFs4giVIM2dH0oQDnzbpXUxzsGpPy-yM658xXNe2uGHFe_NN0Cm74P=s88-c-k-c0x00ffffff-no-rj,6945,https://static-cdn.jtvnw.net/jtv_user_pictures/fc2cf7d8-953a-43f8-bb68-4bc774b6df7d-profile_image-300x300.png
b09373e11cc74ed4b58440b9d7368172,206,14918,https://yt3.ggpht.com/dN2MxNxKLCFtdAslPREZbz3dLzW4gNuW2ptZMjprzSMmshclCcQjRt6m9rJrKuJ4MmRVb0lynw=s88-c-k-c0x00ffffff-no-rj,,
b0a7d70ae76549f5b4418e56ee4ad43f,81,2038,https://yt3.ggpht.com/-zfYdfDa1Lr0YCNtw4-sSphSJDzn7PHQx971NnqroaFu7jy1hgH1ZSXlilpKBQgjx8fRFu4O=s88-c-k-c0x00ffffff-no-rj,287,https://static-cdn.jtvnw.net/jtv_user_pictures/3c16dbe2-025c-4ceb-8e19-b67266b2e996-profile_image-300x300.png
b0b9e352f71d4a03ace9972ddec4ec56,814,22684,https://yt3.ggpht.com/60JI7T4vOGeK-6H2wiEIljPpyk3Oplxna3zKvQ_Tbg1OktFsgVsamHrP3F3TNNQj9QTMFtLmyQ=s88-c-k-c0x00ffffff-no-rj,,
b0df22881775422093e3e64a63b01a5a,376,22100,https://yt3.ggpht.com/zMYdexnvrMOmaREhZbNuCvi1IxBniaG8UGHe3M_ZjXZcIhTBIWcUqTJStVuthOBNGb_EcO1a=s88-c-k-c0x00ffffff-no-rj,122,https://static-cdn.jtvnw.net/jtv_user_pictures/f0c75da9-90d4-4502-b5ac-244568827d43-profile_image-300x300.jpeg
b0e88b4d4e5d41c4b5edd07540dc3637,1500,122659,https://yt3.ggpht.com/HKOm9SHnXtl_359FWjgpIXpvhWzKaVPf5ZRcCU5gcuRYRRaulzUDxWjKSGfxU156sBC6cF-v=s88-c-k-c0x00ffffff-no-rj,,
b0ec0f1ffbd8426982e7ca40d4b1064b,399,8910,https://yt3.ggpht.com/ytc/AIdro_meSOr3hk7h_HUHJ9Hl3Qp84dy8vIOcFVAY9XSRKAHoFA=s88-c-k-c0x00ffffff-no-rj,,
b0f00fccf8a14655911360748c4699cd,2760,110341,https://yt3.ggpht.com/wSHJGqKH1-p3nI9IBdFLU7oLVnYuB-8ddbGSWTgcvDyc1jS48ORHm2P8vrMUZkQS0lF-v77TOA=s88-c-k-c0x00ffffff-no-rj,,
b0f523194beb4abca2b433e9e41d912c,21400,469875,https://yt3.ggpht.com/hBLZYctyAf7uUilJdLOjuWazBZbTq1VXT1MjWTiLcnJlaOWfsVZh3sPw6sTHmNQ_RTrGgKLKj0c=s88-c-k-c0x00ffffff-no-rj,11713,https://static-cdn.jtvnw.net/jtv_user_pictures/a9e316a3-9372-4c3f-8ade-67723baa79d0-profile_image-300x300.png
b0fa9fc53f99425db4cca93d2d48a91f,25800,749620,https://yt3.ggpht.com/lGGhOwPx8OUX5FeiBy_QVtI4C-9wXX20b18JXFKDYROzNU5xejXDXSS5SJBb52n_or_PH0xoJg=s88-c-k-c0x00ffffff-no-rj,,
b10149a2a1ee4ffcbf1dacb1b1722f9f,6430,134793,https://yt3.ggpht.com/-TLtmS5USsgxYuXhPtECQimgfpuSkpvRvKgXlHTsZCjn7bDBWt_gwnWM2Ff4W8YZpSWzIhyUEA=s88-c-k-c0x00ffffff-no-rj,842,https://static-cdn.jtvnw.net/jtv_user_pictures/9a790085-3602-41ad-83a2-f91ea6667a41-profile_image-300x300.png
b115a7f57f664800a9f71a25eaf73b92,1270,45607,https://yt3.ggpht.com/E569cRam4H_VFMVqqVPdLNUchmC4SFhuC11MSGUa4mGwl-I8bqUcQYG8qdNSPFpA2DzZcQIV_Q=s88-c-k-c0x00ffffff-no-rj,,
b126053a1356460ebf85a874a6a55aca,102000,33705420,https://yt3.ggpht.com/nYoaXu4qNqijwvufMqIRtCNU2Ema1FCPi9h_g4bU4BCSIQLpZXS7mvpZTPQdQRZ82WOA1RyQ=s88-c-k-c0x00ffffff-no-rj,,
b165ca888a7d4f61b754ac53ca374f11,11400,704961,https://yt3.ggpht.com/5kP1A-6GkuVZqaap89mbB95ACS4Z8qvF8nrjfBtFBQBWwuiV7pnPXKMClkycIHaMuseLS4vxHg=s88-c-k-c0x00ffffff-no-rj,,
b16b9643e24d404a8de6d66551451b85,551,6672,https://yt3.ggpht.com/_MTe4-VkpxMPUrT1SY13lC3_HZmt5WC5Auv-jKU0Q42j7tsHosjcDO0HZOn78WYkctKVfrNP=s88-c-k-c0x00ffffff-no-rj,2974,https://static-cdn.jtvnw.net/jtv_user_pictures/f8918e2e-d453-4cd6-a3f5-9af0b843d245-profile_image-300x300.png
b174714646ea40e28ce32affabe3e93e,5290,119713,https://yt3.ggpht.com/-kcPxECdF19F6MBemO-xRn88lUaLBGfGILozPEc1XCeEvDBD2wDA7yl6M7KG234wuhdgbviRwQ=s88-c-k-c0x00ffffff-no-rj,266,https://static-cdn.jtvnw.net/jtv_user_pictures/ced67ee6-6d88-4afc-9678-4a4ae78c5026-profile_image-300x300.jpeg
b18dea7632bc49db974a22d6eb6660fb,130,3308,https://yt3.ggpht.com/sqj_6yBRNC4lrIZHT-XG_cLpZ9e_XkFPJtoaXRAUOxfaQ8F_CrK6chU4ZCB7wQGMA0kOYKwB-i0=s88-c-k-c0x00ffffff-no-rj,368,https://static-cdn.jtvnw.net/jtv_user_pictures/412af227-a0d6-44e0-a84e-686621471dd4-profile_image-300x300.png
b1939ca67a3c43cf8a6a0a9a88137419,10800,125410,https://yt3.ggpht.com/8rKB85EgCeCom0H_YvDBY5iMLLqR5U4xkhcfGp_Sy17F0d9Y4LzCkzl49ztFAuEUQLk3gv_srA=s88-c-k-c0x00ffffff-no-rj,,
b19d58b07131413a92b4bd16e37e8e38,2440,11265,https://yt3.ggpht.com/LOwA9YhN9Fe2Wadfc7a6KTdlVVlX1Q0ty_uABaHo4-kGr5AnGq-lVgCEU5Z8Jp3m46UML5EIfg=s88-c-k-c0x00ffffff-no-rj,,
b1ba066a7bc44c93a4ca264f2144f5bd,540,14917,https://yt3.ggpht.com/AcQXKAO9Dk-AGWvdUyutm2wZatdhmnvKi5bW03-D3VCRtdqK2FELmSorWMMONmz7YjyHDcTH=s88-c-k-c0x00ffffff-no-rj,854,https://static-cdn.jtvnw.net/jtv_user_pictures/ed7a0f66-0a7d-4c29-a86b-40d8c393907b-profile_image-300x300.png
b1c9458ca89b44bab0f09883ef40c45c,2370,53314,https://yt3.ggpht.com/jekBXnvhu6SAHp_FOb2Td74ZsV8sBQ50Whu2auEW4xkfgbaAub2zAWQo8Uojp3ZeyicLt7Jiwg=s88-c-k-c0x00ffffff-no-rj,,
b211eff7fcd04d47b81ed440890edabb,3810,96939,https://yt3.ggpht.com/ytOcol63k0KgS6jPnrtBXwyNAlnJvXr3w4jeoa5cQj-3mstVW6t5Kg_ZEWogVCkE4rGRgqG5=s88-c-k-c0x00ffffff-no-rj,390,https://static-cdn.jtvnw.net/jtv_user_pictures/78843db6-d560-4ca7-ac8b-579d2cc28c04-profile_image-300x300.png
b21dcc4162384eee9edd3ca7251795f2,727,22022,https://yt3.ggpht.com/7_XEzk4hOOxlxrXTM92cb4DzySeXyXzg6wGmngGT5y1oEHaUt8jHKz5HA8a0WdvYOcnLvtIJ3w=s88-c-k-c0x00ffffff-no-rj,,
b2313ef4c37542c89796ae94dfb8228d,3130,109725,https://yt3.ggpht.com/dea87Y2fg9-Bh1mWyeV4TgPKXDW1ZJ619MiJdlzY2_HIoB0K9-h5g0n2oBYfOcK8JowhOj6iR0I=s88-c-k-c0x00ffffff-no-rj,,
b256a399ae7a49e18208455d29c2eb12,1880,339630,https://yt3.ggpht.com/TN5gfhlmlr_Tq13RLfLuPC_1dqTokYgXxvcT-CsrzP-H8f4eUXCUYyoRm5fMactVttRGRVawHsQ=s88-c-k-c0x00ffffff-no-rj,808,https://static-cdn.jtvnw.net/jtv_user_pictures/6c2782b8-d8e9-45cd-b856-69cedfa9b75d-profile_image-300x300.png
b2e19555d1f441a8a0e3f53b6507863e,801,40836,https://yt3.ggpht.com/WVD6VFC6nt7gxhGPIsjweobGBnnnJkXAINV7WS3vZ2Ph33m8l38O8mRj8jRm2hir3jFxTgJa2w=s88-c-k-c0x00ffffff-no-rj,111,https://static-cdn.jtvnw.net/jtv_user_pictures/91c94942-eeb1-4dfc-91a5-4ea573817406-profile_image-300x300.png
b322780e7b80404193373149bfa8e86d,1600,27345,https://yt3.ggpht.com/5IaLtVkVJdv1_CoWdHYIzLUbXNKNe3iov-5yuINP4SsjzZhQV1DVgtBOO3JU6ruzfuJ5IswsNw=s88-c-k-c0x00ffffff-no-rj,,
b32d16e391cb490aaea0e1d2e366f839,2020,26203,https://yt3.ggpht.com/MMlzaHf0yaoe5PV1Hs-aHmzM7OvRFaL8PWG7Dr5WTKb_BqsjHcngCxOfEEO5Rj25mfwFMBM_IQ=s88-c-k-c0x00ffffff-no-rj,77,https://static-cdn.jtvnw.net/jtv_user_pictures/53e09e72-fc9c-4141-9f1b-23a2f2ce598f-profile_image-300x300.jpeg
b34b0381ce8e40f2b24fa0a96a1e1bd5,1920,90517,https://yt3.ggpht.com/DKacgqitatSc-XXF0xuoXR-vtBarZ9kaEw9pNPOc1-Zhngobt6JOsf4tePN87w1Y2viw1w181g=s88-c-k-c0x00ffffff-no-rj,,
b359f595b54b4edc8969423a8b5658ff,521,18670,https://yt3.ggpht.com/dD9fqFHksGshhKq3OkOKqgvES_r4YEj1SswEo7FqBKHlS-k7Ywn24TlEPpeU3VpnVSWITHleJgU=s88-c-k-c0x00ffffff-no-rj,,
b386124230514f5fa128ad046e85f12f,373,5167,https://yt3.ggpht.com/p2dEIY0YfGzN18ARaX-lUzj_wm-6FGF5XMYauCNCeJuHJutH32Pt1xotO1gZYHDQGtgsJZEDdP4=s88-c-k-c0x00ffffff-no-rj,413,https://static-cdn.jtvnw.net/jtv_user_pictures/ba057cc0-b8fc-42f9-8ca1-2c1112863cb7-profile_image-300x300.png
b39949e93e184c85bde930a33d1bee66,305,7064,https://yt3.ggpht.com/HdmuJY3BLdx3zRAWNY2Dn95Fu99qPdHKJAbRJxZNjQGqNID_SCp897ABz462UzUWbonsd1HVOA=s88-c-k-c0x00ffffff-no-rj,,
b3a1f0922f7440f3bb1adbfa7a04bd09,233,7841,https://yt3.ggpht.com/TG7U-_3fU-OHyybpMW-JZsVoawAJWPDgTsdQL_abHJm8IA1X3-c6sbE14EuJ_a6saUbREz6TXW8=s88-c-k-c0x00ffffff-no-rj,897,https://static-cdn.jtvnw.net/jtv_user_pictures/6e464f45-c0fd-48ef-99b1-e504e39db2ab-profile_image-300x300.png
b3b24f0ebecc45118f88f12042bd59c8,391,61096,https://yt3.ggpht.com/FpckFl776rNRARh5sMWMRRbjs3Fnxn-Fe64yrlIxx8W5oBwDhJckss1X8G6mCOZ3UQwhrArgLQ=s88-c-k-c0x00ffffff-no-rj,,
b3c1a09b09a54b9a8078d3310d151efe,4540,111239,https://yt3.ggpht.com/CC9s4p50YXQEm8VBIhFvfKhxsyN4HsYq6x8W4mLyH_KWrc2W_pLTe5D1NCPvTkZQvSeoiknHVQ=s88-c-k-c0x00ffffff-no-rj,,
b3dcdf2b73a64cd6ab7e4299ae43a6b8,32,1358,https://yt3.ggpht.com/2-ED4JrJ1mYEpk7T6ibhkIp9ftDSrZjg9Bc6DsbQ5KSjDhqK0QRlikznl1ucrmJ7qDc3UxdNTd0=s88-c-k-c0x00ffffff-no-rj,9,https://static-cdn.jtvnw.net/jtv_user_pictures/fbb859b1-6bd9-43b5-9799-5b89a72f6cf4-profile_image-300x300.jpeg
b3e0bc9dd06f4774b492e6d50dd92be2,48,65,https://yt3.ggpht.com/rKx6eDQphkSEN_sJ8Tz2s7jECDaamS6hmfbLQc7_W8zpI3Ulgq1jQ4y22DgDtARpFwKzmWTOTA=s88-c-k-c0x00ffffff-no-rj,196,https://static-cdn.jtvnw.net/jtv_user_pictures/109fff95-a769-4d59-9202-fd1a6eb01d81-profile_image-300x300.png
b3f711673fea4ec5b6f87c023353594d,2450,120324,https://yt3.ggpht.com/WIYb37ohMHh08mw_XxcK_LouQbAcSvKPuHeo4T5Wx88rp6KwassoGAEfTfG0mwbqBUpY70ZrdA=s88-c-k-c0x00ffffff-no-rj,,
b3fb28fe6a0e4fcfb8014e7a4070ca09,741,46339,https://yt3.ggpht.com/Qpl0z_nr19Ln1CaJPMYxCwrse7LlVFPV24l5U4vhR3Se-XALRhKvEEsrmotmol4Zjl8RpVdR=s88-c-k-c0x00ffffff-no-rj,,
b42416c629e64c948f75aff4ff5c9a8a,28700,1059475,https://yt3.ggpht.com/825327Sje2rk2vFbUKqMFZlhwP5x-CHwM-nTWuFt15xLSiIPdYiI6TVC-u8FwtmIfcyG925Z7Eg=s88-c-k-c0x00ffffff-no-rj,3241,https://static-cdn.jtvnw.net/jtv_user_pictures/5f91eeb2-dfa2-4acc-acbd-da21710a4ad9-profile_image-300x300.png
b4607ee6ce914078ae3704617ca03333,,,,548,https://static-cdn.jtvnw.net/jtv_user_pictures/d781a0b9-f16c-48da-bce4-e0a8a2479a12-profile_image-300x300.png
b473dffe721745f6beb34b5a49e9aeda,5280,375982,https://yt3.ggpht.com/RPw-nCG3aajmWUcftCSMg3IhB9ULgTbnhtI5k3H_U-ugmEGd4-0RfmnphS8Q3DT7SFUaWl-8=s88-c-k-c0x00ffffff-no-rj,,
b49c2970f97b4fd4a6762b3e9ba94f8e,1770,7156,https://yt3.ggpht.com/cwR5PNWcPcgxFI7F_OHElvCQIZJ4d3ext3LPQUy3eGg9rvuMtxprErABeZwDzhcwpT-vDS4S=s88-c-k-c0x00ffffff-no-rj,9240,https://static-cdn.jtvnw.net/jtv_user_pictures/fd2e1b53-17ee-4b32-a18d-2fd28d4af01d-profile_image-300x300.png
b4a1791208fd4d85b7b08ee2bad0c236,103000,9078254,https://yt3.ggpht.com/zT96WRXGs_E3Wm6t2km260AvqFPmCmihoeipk_69RR0NnmfNAk189UkyEjiqsaO-6IaUsYKNK2A=s88-c-k-c0x00ffffff-no-rj,,
b4b4fcedc8264cb5b90584935aebf110,691,15704,https://yt3.ggpht.com/hDdX9vB3QXpqGLDDYCe1LaTYewwaBPinrlB-jf8mVztPUM4b5DtBlYE9Qx3pI_fu6xjEXtaKeQ=s88-c-k-c0x00ffffff-no-rj,253,https://static-cdn.jtvnw.net/jtv_user_pictures/c96909a2-a263-4dbc-9bdf-5e11e3f2d3d1-profile_image-300x300.png
b4bf821f6a6a440996f4fd9cddaf250b,10000,374086,https://yt3.ggpht.com/QMo8tYv4B3HLOA5yz7agMBi0ekldzWGJplVLTg9vbBAPawpSmz5FwMp1KkW5uwcoe-qR6NQZTQ=s88-c-k-c0x00ffffff-no-rj,,
b4de9155a5f34284a41224c38e70c67e,1010,42971,https://yt3.ggpht.com/ytc/AIdro_nu1H21jKrBfQIHFwEMQq6KdRaiihW0fzFBa_SdJ4v9mBbf=s88-c-k-c0x00ffffff-no-rj,44,https://static-cdn.jtvnw.net/jtv_user_pictures/d424d2c8-447f-465a-ae29-752e9d5fbd6c-profile_image-300x300.png
b511c9a0eba7474fbb8ac8d02ff357b7,381,19188,https://yt3.ggpht.com/N_7OTtCGBn6PCiyXuO7JmrXM_7JZ17ntnl_W3C9HGF2owx9u5XE_-a29t10mhJ4N_Ybfe-0d_g=s88-c-k-c0x00ffffff-no-rj,,
b516b71a9e8d43b8a377dabe1f9057dd,1680,49105,https://yt3.ggpht.com/Amk2FxdO_li5r81-4dpDrv8R56EVHi7jdX2q0WGbZQtNAiVYc4Az9C2-Dm3_KHeWDcdGQHNk5w=s88-c-k-c0x00ffffff-no-rj,249,https://static-cdn.jtvnw.net/jtv_user_pictures/312971f5-d9e2-4d42-83c1-9b80629d2e1c-profile_image-300x300.jpeg
b54e216619d14031a317b820113e4084,6100,257934,https://yt3.ggpht.com/wtlZ6ZNo2B1KQjuD3lXqe__h3c18hLiWacFp7h6aFoehapg3ljCHpyT47QH7nS85Sj9pTNwf2w=s88-c-k-c0x00ffffff-no-rj,,
b5561ece0c9b4f4a8fccdd3b36ee3260,1100,6427,https://yt3.ggpht.com/ImgJGfXbak6kXNsU0ZtjrJtPi8eaAWWH6CpFsMr4my2eb30wR1YjmzX_SvIR3-pKEJ57SERMgK4=s88-c-k-c0x00ffffff-no-rj,,
b57162e62056494d85f1743abdbad648,11900,597052,https://yt3.ggpht.com/ufAktvBXki3bXUhgC2Ze8Tk0RJ4838FuiTlmvOlokYK-WVGIjeALPR_zlOkdKIKmUR6YGSx3=s88-c-k-c0x00ffffff-no-rj,309,https://static-cdn.jtvnw.net/jtv_user_pictures/0493ec16-dbbc-49e7-8756-faf37fa1ccc3-profile_image-300x300.png
b572cb7de27446e3bcda5135f6a23d8a,538,13434,https://yt3.ggpht.com/FSeW31BAI2G9nKaGEgpzWNZL3t8IE2UD5Tgyn6MvPkmPZVib5r2Bt3lPIQ_2N3QAJ5vcOS5o=s88-c-k-c0x00ffffff-no-rj,,
b586a78c976b44859e93d12f47bef826,960,25175,https://yt3.ggpht.com/cKOcuNU-iDnDyagYxfRWBtFRinWCpOqMi_nOvb9K5FYCOqwZFv72vHDDd5jiSV802Z3D6sqBDSE=s88-c-k-c0x00ffffff-no-rj,,
b58761a33d75486f8aa0bf3f5bf07fe5,5550,0,https://yt3.ggpht.com/ytc/AIdro_mIt70weBtots33ZYh-wBgpBNJ4NDe5g_HLVokCXJO8ycnxFH-BGhJ6R-2w_YgRMLEkfj0CiSfD=s88-c-k-c0x00ffffff-no-rj,1798,https://static-cdn.jtvnw.net/jtv_user_pictures/c3cd9c46-e2e5-4afd-aafa-1c374ee66a92-profile_image-300x300.png
b5c9831f97f4427a88a96d7c4ee40539,2220,195397,https://yt3.ggpht.com/gPf79irIQS4371jjBpIla8I_KgkrWR2Hc20MASapwxvojytW2Ck86XzLUamQtd5xOJDX5Liw0nU=s88-c-k-c0x00ffffff-no-rj,1503,https://static-cdn.jtvnw.net/jtv_user_pictures/1f24f5f3-4a40-4c43-9b1a-24e5888af6f6-profile_image-300x300.png
b5d3dfb81219492cb11a34291aab8cc8,1020,30373,https://yt3.ggpht.com/yZnxSY-MYbsS77Ibh_KE3ih0ub8y09eS_EBRzAXBADd6hPl_khzF9_1SgsMqWRpmbectSk60hw=s88-c-k-c0x00ffffff-no-rj,,
b5e6939c87f34003b2faf4bb3a72ca14,737,0,https://yt3.ggpht.com/QyeqBWeYtoA5vfF4lpf-6y-Rqkj9j6-oUjdcXcgQqlZvW-Lnw6YvVimrKL1oJtCLf9BuXec5_A=s88-c-k-c0x00ffffff-no-rj,,
b5ff000d6dd74683b17965294f1c4bf7,874,29169,https://yt3.ggpht.com/nGtg1MjFLtYw0GkRak6zO5--Ig53qNXmDwh6k3jV-VG4cEVQhZn1LiKYOxWrwXqgX7WQ6aNa8A=s88-c-k-c0x00ffffff-no-rj,779,https://static-cdn.jtvnw.net/jtv_user_pictures/8d99ab70-1058-4e83-a2ce-e1700ec6fd45-profile_image-300x300.png
b632def93af34129ad1a2a6f01a8277f,1780,81496,https://yt3.ggpht.com/ytc/AIdro_mPZ_rXTops_c-f8U5Si47RdGxs-k8_3zgqbqMgF6oGJRU=s88-c-k-c0x00ffffff-no-rj,,
b63a5ee44acf4498827a3fd984ab23e0,17700,1062787,https://yt3.ggpht.com/Rlid_uCbznS94rArZ6Zz9I-StuZasPoIGZ1x8792VtmX97IKhivUlq2mDl02FoQIhoCML-xV=s88-c-k-c0x00ffffff-no-rj,,
b6519fbc0d6941d4b43ce1742a14b0b2,,,,737,https://static-cdn.jtvnw.net/jtv_user_pictures/babfbdda-160a-4bdc-a8c4-8b23019d7813-profile_image-300x300.png
b683189bcb63413d87c8d6a6c9d44f4c,48,411,https://yt3.ggpht.com/nSr0uImdE5UR6HOTyJQkNXIX5zVrowGSqZYSNuMxTJgMr3c_EUK9J4xUWbyiNeouJWOp-YIQmQ=s88-c-k-c0x00ffffff-no-rj,,
b6a105f12b904256ba356935ae46657f,5120,124896,https://yt3.ggpht.com/BXjjwBU9q_K_V0nqOTTkNnh7mMyQ0b9JLWcisB4oXr2vVQVz-v1J_LzSwZEA76YCuPSlxOlV=s88-c-k-c0x00ffffff-no-rj,8056,https://static-cdn.jtvnw.net/jtv_user_pictures/d2e77389-816c-4987-b3bb-09f97419f453-profile_image-300x300.png
b6cc2e3d23f34ba8bbeba181d19a714c,205,3340,https://yt3.ggpht.com/FDLHAVvY75M3WIVLKp90MpidA1cORgUmymr6t4yZ4BP8RqvxbWc0gPGi2RD9cHOgeVBLd7Lv=s88-c-k-c0x00ffffff-no-rj,2358,https://static-cdn.jtvnw.net/jtv_user_pictures/be77f172-9169-49b6-a70c-b685ff209f3b-profile_image-300x300.png
b6f68e0e323f45458752f3a7ec6a08f2,27200,1863171,https://yt3.ggpht.com/mL2ZpDQHwYnufMIGTAJoww_kl2M8srv3WxZFjB6lqScXhoz6W2non-6-XEZe4he5Kn4qZbOc=s88-c-k-c0x00ffffff-no-rj,2354,https://static-cdn.jtvnw.net/jtv_user_pictures/70b96a05-84f6-4feb-ad69-464d8c083d8d-profile_image-300x300.png
b6f8117355b24e9c8a8a4c813a72aec9,4550,44747,https://yt3.ggpht.com/qIqkh2-6k5KdblpBRS0JLXj5ieEDMfZvWkSOw498Wl5HZNVM-zSO40Jof34Rfu7CUOGU-XXoBQ=s88-c-k-c0x00ffffff-no-rj,484,https://static-cdn.jtvnw.net/jtv_user_pictures/a8bdf7e9-7b9f-455a-9176-c8c0a77b81b1-profile_image-300x300.png
b72be2e34f9a41d598ea5332c1facb7b,1020,31624,https://yt3.ggpht.com/YCgLelCbW6_71XrFE7DjN_L77uUc-swi24NVQ4zfU-46y0tc_Gihyk7TDn_cSrBe7JT8BcauyA=s88-c-k-c0x00ffffff-no-rj,329,https://static-cdn.jtvnw.net/jtv_user_pictures/0d3cb864-60ce-41e1-9cc9-68c3734e0345-profile_image-300x300.png
b786a932f0304d40b217fd193460dd9b,922,20172,https://yt3.ggpht.com/CSjpm5ECNv0ugW0jHUco5DG5nP_kC52TAjqpVB7U09SBRfF3smPtI2hBskLVCPMuizPLElQXhFc=s88-c-k-c0x00ffffff-no-rj,41,https://static-cdn.jtvnw.net/jtv_user_pictures/c1ec1a6e-1a65-4a14-bcad-aea670820d21-profile_image-300x300.png
b79ac08a857c4553921c04c3b14b89ea,2020,102521,https://yt3.ggpht.com/-S19WxhnoMW5eiYHabBESZOAA41j6klFBqdL2F4XkBUkME910RMOwpTXf-kEpqbEG5XpVELQ=s88-c-k-c0x00ffffff-no-rj,496,https://static-cdn.jtvnw.net/jtv_user_pictures/ef213d9e-a648-4325-9429-95c9abfebd5b-profile_image-300x300.png
b7b1cb60f1c24c0ea4fb1f506d3e247a,518,12654,https://yt3.ggpht.com/j5MWHGm2_Tc2zNjPGu_AwMVooK2MUfhzSCndkMl2tKNYFy9iyTqeIbIEUO_9EmPqRENgyLIo2yY=s88-c-k-c0x00ffffff-no-rj,1452,https://static-cdn.jtvnw.net/jtv_user_pictures/931b888d-7c5b-4982-8d7e-87dcc2e06dfa-profile_image-300x300.png
b7d6389173e248aaa593956be60e38a3,44,10474,https://yt3.ggpht.com/9Ch4UYGMLMw1tJHUnHyuhkswdUWL-YA2b9e-TTI26H7Wzc1tYwRD8UQDMI3RBv3_QwvEzPYcENc=s88-c-k-c0x00ffffff-no-rj,429,https://static-cdn.jtvnw.net/jtv_user_pictures/d8b8e99d-fe18-4641-a457-184db837917f-profile_image-300x300.png
b7f222493f4d4bd1be65f1c08300b45e,9650,369281,https://yt3.ggpht.com/zQ18lDHx-6HNf7MXFFUrtozvT0l2UTV_PP_K5Lqa2BCaZIeCvhp7XlWcldP7hxBfy0B3xy2mPHU=s88-c-k-c0x00ffffff-no-rj,,
b7fa120fd2264ecca8f9f02ece2850a9,2230,133610,https://yt3.ggpht.com/FkcBOHbQ4NyPztqOow2GghGseECl9Z4r-ouUWQplBrSBzTbpPjFxpAUexyFogpzGYQB5o-y3Lw=s88-c-k-c0x00ffffff-no-rj,157,https://static-cdn.jtvnw.net/jtv_user_pictures/877c0701-e603-45d2-b5d8-e16e4f8beb57-profile_image-300x300.png
b80c21b76e7849f0a0fa94194fe2ad4b,1160,18898,https://yt3.ggpht.com/cO5F4MmMVleU9p14Z6RxQ6FvWW3De-aU3e_8AsZiz-cj6Nj5jOLLQFgvCZALBnrLCov_9kD_=s88-c-k-c0x00ffffff-no-rj,1092,https://static-cdn.jtvnw.net/jtv_user_pictures/9f9720d3-7f41-4eab-b6e7-b20ff1d27039-profile_image-300x300.png
b8495fc4bb174140acf0ebd7d64fe044,28,2533,https://yt3.ggpht.com/HBU-YCBDHg3UPSU3GZqXoKqd1VafHLlSdszmSCysB-jOjuu9li3OvyZ453LOIb0-1RaeX_7zow=s88-c-k-c0x00ffffff-no-rj,2821,https://static-cdn.jtvnw.net/jtv_user_pictures/0ca10e4d-6344-4e40-b963-1f09f6ca22f9-profile_image-300x300.png
b84f2dfff8ce4ca1af82bfc44405f1e7,1840,66752,https://yt3.ggpht.com/FxvZeRBLY4rjYA8wVQlWSjFxbkEST3GDRfx_YC0YrUlS4C3DuUYd08cv2jJtqfL67C6XxfjNQA=s88-c-k-c0x00ffffff-no-rj,,
b850c220033a4b6d83c9b9b70b04647b,159,3015,https://yt3.ggpht.com/bApZ-Ff18O8v22z60AlfDus3meD1TVy4iq2XBNAyjGv-zJuihcXjKZ4wabF8xcowsTuhJePMIA=s88-c-k-c0x00ffffff-no-rj,169,https://static-cdn.jtvnw.net/jtv_user_pictures/090cf5af-bd05-4fcb-b71a-05c9df51f8bf-profile_image-300x300.png
b8c13d7702844995a0b4a66eda4d31bc,764,12040,https://yt3.ggpht.com/bK52mBzD4OdV3tb_s9mK4k1MPA-8rH-QTkRlT0OCc9LiJngmHkhGTFEdpEHRvW2TVSKYFQhUJA=s88-c-k-c0x00ffffff-no-rj,582,https://static-cdn.jtvnw.net/jtv_user_pictures/1dd9fa3d-e232-47be-b130-e346e23187ab-profile_image-300x300.png
b8ccfa7aec6a419ca8ad1a91d9fafdf6,648,0,https://yt3.ggpht.com/NZtUsdXVwd3e5bcvqPXlFSyD_oWoLTW5tsVQqVgpZ69oxEvHEKJ7mO5wjIx-_EU5xHvIbrWj1w=s88-c-k-c0x00ffffff-no-rj,2146,https://static-cdn.jtvnw.net/jtv_user_pictures/d928709a-76b4-4598-80d1-21cb1c1ac28b-profile_image-300x300.png
b8ce93818de34a93901147e5d9857170,1450,80240,https://yt3.ggpht.com/IhZSat6e122KzDaHE7EEr8rhIEaqF_mP3hprd9lnQtW2F8C-1uCcNZb_FxvYzqz9fWJY0sLw_w=s88-c-k-c0x00ffffff-no-rj,,
b8d723ac79eb47229a23adc4029a5bd5,2100,0,https://yt3.ggpht.com/Abrilf8Mt-mkAoC1w7cmHSy9oy575w9lFAZ0X5pAFJZwyTImUtzZ96FVFmlE73naPvffVOdQj-s=s88-c-k-c0x00ffffff-no-rj,,
b9086ee5f7b54353a5ba85c973b2e2af,902,32279,https://yt3.ggpht.com/XtldALc3sH-lHt8pl7Ph7mwKnzIDdgiXEloRwU6a4qsp2k7IrQXIsOMYCKYJ9axLuHc3csjdXA=s88-c-k-c0x00ffffff-no-rj,,
b92c6e4c3bea4b938077a8f152f78083,7750,56517,https://yt3.ggpht.com/ytc/AIdro_khLRTClw9PNzFJEHbk1WPsF63bwCsWoMZVLaBszllunQ=s88-c-k-c0x00ffffff-no-rj,,
b92f05ad314c4937b09cd603f9ebd64b,,,,360,https://static-cdn.jtvnw.net/user-default-pictures-uv/cdd517fe-def4-11e9-948e-784f43822e80-profile_image-300x300.png
b932ddb915af47ec948b56d4bf901dab,225,2137,https://yt3.ggpht.com/liA5YCMtoqGNJ8LPrwa-gqOZABzfAE9xMZwswA22VjjOPd-qEG32u4RfuOLRuCaIA0GSgWHtqQ=s88-c-k-c0x00ffffff-no-rj,,
b93b5ffedc3f4310af888462d65e4082,846,37920,https://yt3.ggpht.com/hUMooF89xsREfOrkWlFq8dQKhGRZoANClrxI2HPz4npkkJ_501LzPHJM7e1OfoOKYMFDeEf65w=s88-c-k-c0x00ffffff-no-rj,703,https://static-cdn.jtvnw.net/jtv_user_pictures/4a6e82c3-35fb-4caa-b528-5d172a89d58f-profile_image-300x300.png
b9569d6e438b473ba61d88c0230899f5,4470,225045,https://yt3.ggpht.com/-kbbyNG3JWQ1xfm8mce3D-wqEwID8se1M77n2q1oejIiSrq5hHDALxcatInhTUQqfga3PWxXyw=s88-c-k-c0x00ffffff-no-rj,,
b95eb39c5bb74de687696afbc31fb836,2810,59848,https://yt3.ggpht.com/hXT4FrSlAM06tnsWVzA287lVkyXNJ89AOtfS2jt8MqYYNn3eNv6BPeKkS3U4e8HDIa-4WohUhQ=s88-c-k-c0x00ffffff-no-rj,323,https://static-cdn.jtvnw.net/jtv_user_pictures/b580305b-90d8-4310-910e-e0d9fb8c3805-profile_image-300x300.png
b96e4730713c48899004d4af5975fe21,765,4993,https://yt3.ggpht.com/7BDHP7616x5jITmpNlLCtYozTEEZSq1wJNXgj2bGQNjpsLj5_lXfz5voMgxcwkxzLU0-PqTA=s88-c-k-c0x00ffffff-no-rj,250,https://static-cdn.jtvnw.net/jtv_user_pictures/e3253da5-5396-4a64-b9c5-3e171bc5a5ca-profile_image-300x300.png
b96f58f4373a4b65977afe5f2829e9e4,472,108121,https://yt3.ggpht.com/Af6xeUSRZR0oOvdfBbM3G1-rY_6soBwj755GzzQN1qNEff-DdE4ybIhubEKIkfzOya-pf0IIyQ=s88-c-k-c0x00ffffff-no-rj,363,https://static-cdn.jtvnw.net/jtv_user_pictures/fc2f5f4f-51d2-4e7c-8a5b-4dd04736f990-profile_image-300x300.png
b975eb70ed174bbda87e181be25bd1c5,2280,79356,https://yt3.ggpht.com/EKJj6fcFo8eyYwmXUYBD1HRFrvLQ_tjdSINdlu0HcaPCH5qTnOw8AIiNzkp52dTQLIG7KM2L=s88-c-k-c0x00ffffff-no-rj,,
b9a09f50375248aebc3d6afdb7f5adf6,102,2539,https://yt3.ggpht.com/JaGL9INstPjQaQUOxsTnBf7gX3HrUP_yaUvLy0jo84C5RiBQ4X4s7JSwLmDLrD9FyHAimzRu=s88-c-k-c0x00ffffff-no-rj,833,https://static-cdn.jtvnw.net/jtv_user_pictures/2e41f8f8-026f-439b-9eb0-5a6617024342-profile_image-300x300.png
b9b727200b664a98bc1a8fd76d3cdb9c,826,18944,https://yt3.ggpht.com/cZH7zIPISF5YReOoAkkgVRzx9INBNxVB0hi0rwxheu-qK9I5UT0rUudiEu-AzPGeNawlakMFsA=s88-c-k-c0x00ffffff-no-rj,,
b9d51a073b4542ac800bd7c9e38d0902,33,959,https://yt3.ggpht.com/KmVwr6CFpQptnFeb_4DxT2dzYQ601wCqoRe7K3xPJZcUWh9DO3CywNKF-q83J-apNNcAXRpVhQ=s88-c-k-c0x00ffffff-no-rj,225,https://static-cdn.jtvnw.net/jtv_user_pictures/236605b0-3583-43d7-b026-95dae9d74476-profile_image-300x300.png
b9eb00549c554290a7dbc5cd05910239,444,12065,https://yt3.ggpht.com/BbOk4Gjtqp-peYj3cotwJd2FAc_mBJXi6l8l-YBrAFxCc64BRmXylrcmbFyUQ-gtXfgMx_xVdw=s88-c-k-c0x00ffffff-no-rj,,
ba27c499a50f4cac87e6e5b94da18292,82,1355,https://yt3.ggpht.com/N7hUVb7pXx7zU6adi2UCXy9qExqzpMpTdtlnAS3n43gEVAnl5JY9HdxQ9jr6xolYFO5G8TUUng=s88-c-k-c0x00ffffff-no-rj,868,https://static-cdn.jtvnw.net/jtv_user_pictures/8f4c9b7a-cbb4-4a05-b3c1-1f01a6bebee0-profile_image-300x300.png
ba41581d315943fdaebe0dc981020d1c,4160,192361,https://yt3.ggpht.com/yyj0tUOX7-TMILNjL-dPuA5-5NToeRCwPfdVh9uKoB3mgBGm4Iq2-nQADiK5tpBSl6sIXKHUPQ=s88-c-k-c0x00ffffff-no-rj,,
ba562aad440d483e988d3ce7e7217c94,,,,31387,https://static-cdn.jtvnw.net/jtv_user_pictures/f0420f62-10b1-43a3-a032-e25d5049c5ad-profile_image-300x300.png
ba59bb31bbcd4cf3a481c4cf72918fb0,51300,6591073,https://yt3.ggpht.com/PNuyNTRcq-uLbP1eZngL3sxWBpmNNyitPHMEfW2bxkepu1KVyE0e6rMy1svqF0v_YrOWY3WPdfU=s88-c-k-c0x00ffffff-no-rj,,
ba5ed25718a7421cb15cd0ec62df723e,2580,113749,https://yt3.ggpht.com/YXYDBGfL6AoV2Zhjh8pWYVUzqZYeweOrYtkcy0fcqtRzt2Bp8Rt18Qa-2HZUK3VsMrh1gRR4GfE=s88-c-k-c0x00ffffff-no-rj,444,https://static-cdn.jtvnw.net/jtv_user_pictures/f4bc780a-e191-435b-b7bf-148572b3a39b-profile_image-300x300.png
ba654048cca44792b683eb7c929654aa,1470,62411,https://yt3.ggpht.com/arro0e3aN-yWKkYHQYT3dN7SssZG7B5qZXmurIjvbgyG806c_7Q3ScS8wCPTpG2o0jKB9OXx=s88-c-k-c0x00ffffff-no-rj,,
ba795eb1ea0f4fea888b1bfff3d5be86,473,43817,https://yt3.ggpht.com/AwWl4V-Ez0JSoKi_YlWr0Vm7O4G9_1QrcR9ZX1bmAcx-HibmF7HfxaBPFxxJkfBgF1RJfRD7DA=s88-c-k-c0x00ffffff-no-rj,3352,https://static-cdn.jtvnw.net/jtv_user_pictures/ea14b73e-39e6-4eef-ace2-f248997067c5-profile_image-300x300.png
ba8a72116b644175830141c0f93b4764,118,3015,https://yt3.ggpht.com/3stqhdFKKsq5-nQIbSdGXw2brdE7JzUSpRSk5jvxGyR5KHHLEQeeFADm8XRcqS3LdixQ_2Jd=s88-c-k-c0x00ffffff-no-rj,,
bac1f0b8e8d149d4a48cfd30d7d7ad74,13800,1164209,https://yt3.ggpht.com/82hChZRq8FzXIpNHHmuJlPfiysm0QCqBQjIO6jAfZSIxvPmN_86MAg65tGn7Op7E4DCPHrsl=s88-c-k-c0x00ffffff-no-rj,,
bafb134fd2f849898d6242d1f5f683cc,136000,18379350,https://yt3.ggpht.com/X1f4q-q9h8Low_82zKoIPGiaTtPeaDM_MBwP2qj9952hKaNpez7YrZGQbEtDELaMgkzrA1Rz=s88-c-k-c0x00ffffff-no-rj,35694,https://static-cdn.jtvnw.net/jtv_user_pictures/22fd57dd-65e3-4513-aeaf-da0aed90c6a0-profile_image-300x300.png
bb0466e52fe240099d8498548b2fad3e,273,14891,https://yt3.ggpht.com/WucfZZucP35XJb2WujfHe9qeRCfHGPc9fRtE9Msqrhk_0ucqADYy32JuaDfTL5L5PpBMXBk1aQ=s88-c-k-c0x00ffffff-no-rj,79,https://static-cdn.jtvnw.net/jtv_user_pictures/7b2d777f-846f-449a-8259-a58c0f151bde-profile_image-300x300.png
bb1cda940e0a44b3a25f3e368c19c490,1270,30599,https://yt3.ggpht.com/2qWA4PWZPO9muHl8BmkxH4YGzQ785nFXb1eDRuhc1KlcD_lCtPCzbqVTJxXP4_TyjgPKdEJgYA=s88-c-k-c0x00ffffff-no-rj,,
bb21226dc1db41e294f545133948115b,184,9141,https://yt3.ggpht.com/tjLsGM0ErRIMNMaguIdAaKzNAaZDEXvd-EugHD_gVvK2DaZMIgej_uTFi_vTy6Fgq7T6hN_1=s88-c-k-c0x00ffffff-no-rj,876,https://static-cdn.jtvnw.net/jtv_user_pictures/77121eb7-df58-4083-98b1-f00daf77606a-profile_image-300x300.png
bb56715066e548c297232372a16ab083,891,55399,https://yt3.ggpht.com/ytc/AIdro_m8LXyapz2h5LcQdgyGM8MafX1E3SeVXNvwtn8DnQi5C0pd=s88-c-k-c0x00ffffff-no-rj,1415,https://static-cdn.jtvnw.net/jtv_user_pictures/70ad36c0-5a2a-4020-870c-d4a63c7ca7ec-profile_image-300x300.jpeg
bb775b8f85574398af290f5be009d40e,679,912,https://yt3.ggpht.com/Jcn9b_r64_dfDSY24o_tKuzTM2UZhxhbbFwLFkkmyoAvUHBCU5gxmzu0vpUzLMVwf8VKi-jaQMg=s88-c-k-c0x00ffffff-no-rj,,
bbd618a3874d4ae2ba5af36a23bc1914,1830,39464,https://yt3.ggpht.com/MJAOIxEF1OU4TdU-VIkC4CesD6VsNbviRLA7FblsYMN4W17q9s6zxSGymlaq6xgYo4HqoTUU5g=s88-c-k-c0x00ffffff-no-rj,8925,https://static-cdn.jtvnw.net/jtv_user_pictures/78d76c50-c689-4e08-9b0a-1d6a4957028e-profile_image-300x300.png
bc0b8c437eda4361b2a10003013f49cf,30900,330741,https://yt3.ggpht.com/6lzJ4q-h4YWVmihSJfp-EIIMiK8sCeaefXtaMVBfE9kIOa8R0sI_V1HWr-QowbDxLFylQjIsDtI=s88-c-k-c0x00ffffff-no-rj,,
bc500108607f4b7d87f3effce3ab5fc5,63,7751,https://yt3.ggpht.com/Aeg17IYPgf17NWoUAJcY75NqLB6ddLEhMO9k2nJgFaQHtpZBFOY7byx_p4ZvFEkJe8JujXVT=s88-c-k-c0x00ffffff-no-rj,174,https://static-cdn.jtvnw.net/jtv_user_pictures/428086a7-5f5e-4512-8704-760222396cb3-profile_image-300x300.jpeg
bc5f0ae969564d15a5e85bfbe4df3164,284,9252,https://yt3.ggpht.com/ytc/AIdro_msUtGI6E4FMWgjUwCDum9I5y3D2LnhHvDfFBduut0BzQ=s88-c-k-c0x00ffffff-no-rj,37,https://static-cdn.jtvnw.net/jtv_user_pictures/f667ba5f-067b-4e48-b33f-b2cd2bae15f6-profile_image-300x300.png
bc70de85cb744f13bffae8a81ebd6bb4,3780,92234,https://yt3.ggpht.com/w4VLmIHqTy0wxiFsii-hReG5WDf3795GcXVA492lGzkktsCSYEJcTkUyI8m86FjBYHF6qneAOx0=s88-c-k-c0x00ffffff-no-rj,,
bc77dc55cf9b4be88c878ac4b5c07438,726,3929,https://yt3.ggpht.com/Hr0NP62Dvdy2EcKj93JaSlIp20gFvMfT_8Wrt4qBc1v85H7e_LuCgIGONwhrZyX9h1LvukU6nw=s88-c-k-c0x00ffffff-no-rj,330,https://static-cdn.jtvnw.net/jtv_user_pictures/6283441b-19a2-4b29-bb4e-9abf7e94631b-profile_image-300x300.png
bc7d14416ba24cc8819f0753e1f595f5,1000,35802,https://yt3.ggpht.com/l2RC7rKiMkNikiz9wInUEZZwKdzbaySGxeEP0VTG30AqF3AzWi2tSLVYOL6qGbzXK7ysqYtK=s88-c-k-c0x00ffffff-no-rj,,
bcbde4d998e341418ebdf3e26884811d,3760,96051,https://yt3.ggpht.com/VgKjG_GxeD219R0VY-bJ6qSwa-KiiDuj3ry7g2D0_IPoDXOb1zOGX1xojn4LY6QBVJPnWMklQw=s88-c-k-c0x00ffffff-no-rj,,
bcbf00e1e98b4d5e8af20f29adbb0645,2880,165262,https://yt3.ggpht.com/UY0Hp01VbxQKKUcNiC0cXM_WX2gQATdPPjp6rwkkdvDK73F-vQbwpOjeenVOHR-OSbTVARmEpA=s88-c-k-c0x00ffffff-no-rj,,
bd04e64364a545d39069ab05e09c8156,1510,74366,https://yt3.ggpht.com/eEtAxXx_EVIhTzgmbsWSqJRKKB3KbeZZxrSW-ey0HHkIRXuCYS3Wm3c0NYJSdA7qbtDsCHXt=s88-c-k-c0x00ffffff-no-rj,,
bd119628dae64d45b71b44e0f158f23a,394,4365,https://yt3.ggpht.com/lmmvr7UHFo_gclIooAqBC0A5avNV8LRDE8T7ywIpjHRJtxd8ZwEDfvGQ-CMZsB4YIjpSur5IyUM=s88-c-k-c0x00ffffff-no-rj,3179,https://static-cdn.jtvnw.net/jtv_user_pictures/8b0c4114-7fae-4efb-bee5-95c58a01ce10-profile_image-300x300.png
bd16ea1e11d9475eb53a108ba90ea6a3,615,37402,https://yt3.ggpht.com/n_jLD3J8Fag4gs_CYc2qZYTgt-ZrIEZNUEmxbKZRvRrGbcRgvUYDH48ydkzfOtpB--iAfrq3dQ=s88-c-k-c0x00ffffff-no-rj,,
bd39e88e6dd24e659b135b7fe96bef5b,202,548,https://yt3.ggpht.com/OewfytgMpRkxO5YFflFa_mPLtFuptTPW527BzgW1fEuYPAtxI02kt7jcdTBjjMydwE-DmFkdXH4=s88-c-k-c0x00ffffff-no-rj,,
bd7947d2357941039893b911b18f3b4c,427,26995,https://yt3.ggpht.com/arhHsf1ynJaskNKj42NLvZrObQBadQJSgENLvEx7T2NIY8wRtaJ9WCDzJR5sxjxF1gCrWZJ6Ng=s88-c-k-c0x00ffffff-no-rj,567,https://static-cdn.jtvnw.net/jtv_user_pictures/e3179a47-4f8d-480a-86de-ce1088fbb92b-profile_image-300x300.png
bd8b9130e88a44c98f1bdcbed402ae01,49,624,https://yt3.ggpht.com/mrwK-mMsuhklz3K_gaZSu2aSG7qTiAbdx6_lvPu3de1-bRLgL5CEJQs5NiYVmDKR8Nrp4wFm1BM=s88-c-k-c0x00ffffff-no-rj,,
bd99f3c8cd6e4fffb75bf0e5b1b5b4fa,362,0,https://yt3.ggpht.com/1DsPiJEcCCY6RpECq9AtzCGjYly8GrUvGAozSN3uurWZB4uSE4PIVgAa7ScSlOgD15RsJOri_w=s88-c-k-c0x00ffffff-no-rj,,
bd9c7d2e96094ce7b8ca032228bb13c7,2420,47306,https://yt3.ggpht.com/ytc/AIdro_khNo4ue1nNAlxwNwOtrn-NDz10ZS0ksza34iYN8UI57g=s88-c-k-c0x00ffffff-no-rj,,
bdaa84ad3c7841d6a9ec8774ed9d40a9,4280,103704,https://yt3.ggpht.com/Jk9XM3YIZaFw1jjEi4UPF6ay4NINRMnw_Aj-zgqBY9NYoOz-qkREtRsyEqgG6ta5um55dvj-pfg=s88-c-k-c0x00ffffff-no-rj,,
bdc034d3afcd4456b6da2b96a2e460ef,8550,823265,https://yt3.ggpht.com/lhsbfh3w8mLUPHrCvTsSKU5srjU5nO36SZs7YFDPd09eoR72p27GqHQ5AqHIcFD-Oys7VfRgNsg=s88-c-k-c0x00ffffff-no-rj,1559,https://static-cdn.jtvnw.net/jtv_user_pictures/b2b20195-2e82-417d-9ab8-ec1fa4fd9629-profile_image-300x300.png
bdcf0d95e6544ebaaddbfba94839cd6b,1260,50604,https://yt3.ggpht.com/7bVy4by9UZwj4r49WPRdtCC0oSFWkbRjl8ScOO-P7YewGyV0SNNKrOVb3fxgpzFtWxmKYiu3=s88-c-k-c0x00ffffff-no-rj,,
bdd0c04996154ef0be37c1f65b3b8866,1010,28775,https://yt3.ggpht.com/Nxw976YUDxaEy6XWnnNLgHa11vezQWzpiCJKcQIOF_TcdiMwuKKMPJZr1JLX584NUdrosO1c9g=s88-c-k-c0x00ffffff-no-rj,,
bddcd7d262a2434f9b6d77150fbbc72c,3210,43554,https://yt3.ggpht.com/BcKWEX7OzTHTWGc6xJs2KnaNyC6vp4jvH8xkOXFNBkskdd3K-lEMr4lEKLm1efLni2UrfLpFgQ=s88-c-k-c0x00ffffff-no-rj,,
be1a18aa8599409ba250e5345e62fed6,,,,1665,https://static-cdn.jtvnw.net/jtv_user_pictures/5b96a162-8fc1-4dac-a20e-652447d10913-profile_image-300x300.png
be1bfb3aafb34118808fd5a5c059ffaf,295,27711,https://yt3.ggpht.com/feH2F_FnK7NMlEPbFp5gfAjcujhWB1QpPtKpP1ejagK0-Hz-O_T2t-SC-5M3aE1HqcFPY6S9LQ=s88-c-k-c0x00ffffff-no-rj,512,https://static-cdn.jtvnw.net/jtv_user_pictures/96b14593-7b62-4b2d-83ef-24adafd96985-profile_image-300x300.png
be45601754a44c568c9f60f7d2847ccb,175,3573,https://yt3.ggpht.com/TxPlMBX7RlBJ7PCe5e4Dq_H8t7QXVsju3cPgIyiBbcBy78g4YpsBsAjFV-2khgKAXZfwwHC-=s88-c-k-c0x00ffffff-no-rj,,
be4cf0f0dbca4973992d2cb553c1c2bc,153,2728,https://yt3.ggpht.com/Fha3cqwY_W2gSzM3tdl6c4FrZ2-R_6tYoaFUmH07jAMHp9bprrgcPV7tbw9ZCAaY--CzYevFYw=s88-c-k-c0x00ffffff-no-rj,914,https://static-cdn.jtvnw.net/jtv_user_pictures/bf27737a-2df6-454d-81ce-076df8d768de-profile_image-300x300.png
be56f6cf87ab4da7b132b9d62c74bc2e,1250,36847,https://yt3.ggpht.com/HgdzmQ3j5Qch9oI8oyJY27ZUutAqt8VIs9219fDMRRF3kFQxNiwwzNC8KzfPv2Y1N2kh_nFK=s88-c-k-c0x00ffffff-no-rj,,
be6c475c291d45a0a7349abdb70be20d,38600,11676071,https://yt3.ggpht.com/dtwjz8_LbFX427MfU4Tb-jPR-NDWKw9Sz_Rs4aXTCd1C2cgAuiDR0jKCb_RGvMoY-xG3hJ58-g=s88-c-k-c0x00ffffff-no-rj,,
be84d60f2d0e452ab7d66eaeb957477f,1790,76541,https://yt3.ggpht.com/a7tBCQ-36SSwxxpR71oS1M8sw8JXYY53qukTfJu9yJnljQPnTMwccEpfVLJRkrBfcuJAwtBUdS8=s88-c-k-c0x00ffffff-no-rj,,
becdcbab308f4fa18540982596eebbd5,753,6728,https://yt3.ggpht.com/_P_eeT9YyrUYeMM3WTRFu2AUS8DIMkijwkoySWQ8fLtC6IQYeEe_4RdXXQvj14u1yq6Emfqr=s88-c-k-c0x00ffffff-no-rj,6343,https://static-cdn.jtvnw.net/jtv_user_pictures/dad23d63-4cc5-4a5a-959e-0a7b7e7a175e-profile_image-300x300.png
bedd14283dd34a639c5f77a95856ecad,288,8701,https://yt3.ggpht.com/55Q9Z-bx950wIPk1pfKmless8Cp0qlZX93So91Hr-Qoq4tubLxBXhPikJS1DtVw6G-KiFtkL=s88-c-k-c0x00ffffff-no-rj,,
bee432690bb44e03940ab4a86bbbbdfd,1840,47633,https://yt3.ggpht.com/wTLKH0FMwRctdAPkejNeUi7i__o2z_BDlaGyPne7wYdWDVlZleGajeyIuDL-z5xbizN-RqCjTQ=s88-c-k-c0x00ffffff-no-rj,,
bee7e3be201d4df089b9d73d384b75c5,580,866,https://yt3.ggpht.com/nlvmMG7fYfGiME76pvSSSlQZp7otBbEIqFlW8ya12zcibOMdovkHVHfSws5gznR6keCVe66CSg=s88-c-k-c0x00ffffff-no-rj,,
bee9506c5d714205bfc69573280852c2,578,30395,https://yt3.ggpht.com/b5k8kBWdgQbNXuA-oGIO5f8f40l_nhMU2lhVV0xvrHbo3GTO3zwAgdHroy7pqGjf5lqZbPKz=s88-c-k-c0x00ffffff-no-rj,1914,https://static-cdn.jtvnw.net/jtv_user_pictures/1423254b-af49-432d-8b40-3cee56dc021f-profile_image-300x300.png
bf03fd8b5b55481590ea63338c5cdd20,1410,27000,https://yt3.ggpht.com/mu1_2l7JXRxjis_9LPuLMq_hjcaA4K-T04i69lPqRBBb5AU9WL7Px2VLjNe3BEeL8yL7t2EzDA=s88-c-k-c0x00ffffff-no-rj,2012,https://static-cdn.jtvnw.net/jtv_user_pictures/40de4dab-f787-46de-bfe7-f250ff13f3e2-profile_image-300x300.png
bf124655587e4f5b937d695be814d25d,1780,132347,https://yt3.ggpht.com/lQyC7YrDmzLfWmqrvziu85Sgw6_j9orkGVE-Gw6Hr6TVzLJVlC5f4JpWJD31x4SXoQ56BAc8=s88-c-k-c0x00ffffff-no-rj,,
bf195265fa5944d894dc53baf7143645,626,3274,https://yt3.ggpht.com/OiYPdpO1qefLti4cPTy5L9M7h7fwlWV4GUvLCC92cps4KNEDPgPRONwBTicpqW9dJn9-3szJOPw=s88-c-k-c0x00ffffff-no-rj,,
bf197e3d2cd6400db5f7e397427965e5,13200,227930,https://yt3.ggpht.com/CLiuBgKx7O_sScF7Lb1ArzV8iH0CrlbLeznxMMBcEgra7S1L7v7zTeq4HRhaJyBi91n1F0XHfVE=s88-c-k-c0x00ffffff-no-rj,220,https://static-cdn.jtvnw.net/jtv_user_pictures/9e306872-ac4c-4fa8-967f-039070dcf3c4-profile_image-300x300.png
bf277797951346fe991c27c79a6c5081,,,,9082,https://static-cdn.jtvnw.net/jtv_user_pictures/b41ccdce-c57c-4481-afde-d1ed93126afa-profile_image-300x300.png
bf425f4bc9154c00918ed885bdced632,1360,80222,https://yt3.ggpht.com/LL21r2LkjIYCJZ6fUwp_DgafPCBlEOX0EThpOtuSh8S4ffSJNmf2WXLaYN6jfZ5iwAYhmzLheTg=s88-c-k-c0x00ffffff-no-rj,,
bf48aafcc9464111b358a4595cc7311c,5550,127297,https://yt3.ggpht.com/ZcEvpCBV9d9mP66dGi1ryLzAhnVDMAnD0j23C_10VZVAH1URdcXdHh1i8lpNaoquozo6PblcuuM=s88-c-k-c0x00ffffff-no-rj,,
bf58297d50a741e5b1808ec4c445f216,7200,393967,https://yt3.ggpht.com/sWkDTgg3GfRUx8EEDNDfEX6rIjflPSMZTO-VsATTMH6tHbR1gxv2aVLNffuRhT68XkZPQAg3eQ=s88-c-k-c0x00ffffff-no-rj,,
bf6401d2159c40a8a616defa8c2c4a66,217,25265,https://yt3.ggpht.com/P_fNSU-86s7EBriDUIoATbCg3GLE-Tm6sUeSS6fXPDDj6K9PSj0vPKEu2MAAww1DS9I9cBi8=s88-c-k-c0x00ffffff-no-rj,853,https://static-cdn.jtvnw.net/jtv_user_pictures/5fc53be1-04f2-431d-b016-76f4f4edfb1e-profile_image-300x300.png
bf7122f997f04401b0a6938abaded38c,236,14529,https://yt3.ggpht.com/RjNLoT-i6-uhEptV2szq4Zne4lZiB_Hc-d7CltxCbsrjhxTEqgmm-GM7mcc6BnZoHMek0oZz=s88-c-k-c0x00ffffff-no-rj,,
bff3b878d9864ff893bd79d1f2a7a849,506,28465,https://yt3.ggpht.com/AFhsMKYd64cueVLq_meXsQc176oe_Huh0eb5xPdwNULt4BwPKCn_VEZLsB10uo123CwAMTLSwA=s88-c-k-c0x00ffffff-no-rj,90,https://static-cdn.jtvnw.net/jtv_user_pictures/a6897b6b-6c09-4190-bf41-a2efe323d046-profile_image-300x300.png
bff58c28269748eb99103a257886309a,602,14861,https://yt3.ggpht.com/nse7HwmzrhyA_kIy-Bn9xJPx8T_LZPsggG3XMklVBBKkpZRNrR1y5gihuYyVk0vEHHwPDgrH2w=s88-c-k-c0x00ffffff-no-rj,,
c01af5d5f9b74ac29b51dcae0dc55a2d,3650,224103,https://yt3.ggpht.com/aEI1AeAcUkBAWuiRHg_8fPykiuqfDg1k53fLKokT6sxe8kV3kbqnTQU0fHsteUYQqErn6yZTotw=s88-c-k-c0x00ffffff-no-rj,,
c04f006e69e04000a68cd0c41f888eb2,155000,10257329,https://yt3.ggpht.com/g3FTENF_Neq0Z-cN1fl29a_eKtM5Or_X5m9w7pfc1pAYO7Tqq_6AmtLafMvlYjABRapV_EmC=s88-c-k-c0x00ffffff-no-rj,,
c06b6f1eb79d41ecb17aaaf80e035daa,,,,1511,https://static-cdn.jtvnw.net/jtv_user_pictures/f9a2fa99-6a6b-45e9-8d5f-9373f25c985b-profile_image-300x300.png
c08ae8d7412d407c8b233f6e445d081c,148,511,https://yt3.ggpht.com/XvQoNrzwJeLwRdMqeYIuk569U9w3tSD_SJM8Zri6FbsDPHrsFb1I3YoJWDwzC1Mvayj4BJZ9fh0=s88-c-k-c0x00ffffff-no-rj,684,https://static-cdn.jtvnw.net/jtv_user_pictures/c7335b54-e5c6-4978-a842-177ab31d78b8-profile_image-300x300.png
c099b7e8d46c418d8e17097d496f3b83,,,,2501,https://static-cdn.jtvnw.net/jtv_user_pictures/ba123c3c-0603-473d-a3ab-00c88eee1de1-profile_image-300x300.png
c0ae01f224734769a38c39b97fb6dbb7,1830,50227,https://yt3.ggpht.com/IBUdZHimWEIQDucqaK0aEf5qmFHATQbOIND6K0Iqytzrc0sIPCJGHpO4U2fYWe5czzWlxF9o=s88-c-k-c0x00ffffff-no-rj,268,https://static-cdn.jtvnw.net/jtv_user_pictures/a40dd87f-f0f4-46a0-8255-57799ff86bfb-profile_image-300x300.png
c0c033c9c8014562b58a7124b6b22fb0,94100,1021589,https://yt3.ggpht.com/geOLDtymkczOk3VvXr7zUkIw2UeobEPgrSJZXNTI2unpHPlGVaqpsz3eVCeekMhzcHog0EokZvc=s88-c-k-c0x00ffffff-no-rj,,
c0c35f0471774be2b33163ae20f2d6bb,20500,924620,https://yt3.ggpht.com/6-6xlR3eG8bEddQ291QZAo6dcNL2VDOsOnCTyZr6uaBtpgTOfEGIhXP5ewGDnkUM6B902I8c5Q=s88-c-k-c0x00ffffff-no-rj,,
c0ce3bfbf1434af3a2a7bd7b2c38e7e7,173,10120,https://yt3.ggpht.com/omwEf1s_bnaKOhFJskvVBEt8b4pz9Cv08QSVPbuBbvFzMe-HAR9j5ZQa_RBG7HYQ96F6mfcf748=s88-c-k-c0x00ffffff-no-rj,,
c11749c10e1941a9adb2a231eee2f2ea,342,4445,https://yt3.ggpht.com/2ydmkQNLfd8TIfKybxqY3435ot1jXcUTCjGRRbFRHvTep1Prn-nLN04tLng1S2TylqMm-Vi1eA=s88-c-k-c0x00ffffff-no-rj,,
c163cb7f683c453fa8a994ebbb09ede8,9180,170427,https://yt3.ggpht.com/FzxZa48F-GbZplaJ98-FcnWuYY8xkZLBEaBgSGDnY2wyORFOFSKNXcAVKwtBDZ2tugscGYvA0g=s88-c-k-c0x00ffffff-no-rj,,
c16daca9d8b84b18a38ab97cdcd7577a,1670,195425,https://yt3.ggpht.com/WE79DR7e7HTB4-3N-XhwF1seycJ_NieItFDXCjlqo-uf0iyCy04gWllh57DYPlzIMsgpCQnH=s88-c-k-c0x00ffffff-no-rj,,
c17ad3ef81904c26982024c9af1f0f3a,3750,136473,https://yt3.ggpht.com/4bfabuQOdy-kJJPbj7ef6pslP4WcoNgq6TEPaeNdiXM6Yt_kfdqECzhQvZFOFYneIemNzkdUmg=s88-c-k-c0x00ffffff-no-rj,3356,https://static-cdn.jtvnw.net/jtv_user_pictures/f15fe60b-4644-4634-93e5-4c0bdf42db9f-profile_image-300x300.png
c192b6e25df841ad85cbc8bbf0bd8bfe,1650,103720,https://yt3.ggpht.com/DOZniS3B1gW7wx5aqecmWHJ_YEszBG6AkN4n-QsaIz2GzehZe55s_zeugXADrSB786V5X6It0Q=s88-c-k-c0x00ffffff-no-rj,,
c194064ba23845cd9ef020dd9db79895,935,30387,https://yt3.ggpht.com/XqCmS2UF0Yb9otIFupqwoZMbFgRfFTB5ELf3leVdPYKuCrpqqf5jC4XS4r6FBRIeFHv2LDB0cQ=s88-c-k-c0x00ffffff-no-rj,1576,https://static-cdn.jtvnw.net/jtv_user_pictures/ece5b652-6be8-4822-8a02-31102454012c-profile_image-300x300.png
c1aa10208a06439481231599b25845b0,1880,87140,https://yt3.ggpht.com/d4UErmFWzWnOQFSQfUXzX-lhTB4VYVSwPYUBOKPTZKf_shW5DenA5XiugencetehpuagRM2sbA=s88-c-k-c0x00ffffff-no-rj,,
c1ca3c2282084d0ebbdeb3896801aec9,595,14101,https://yt3.ggpht.com/REnpTlEvvWPwsbSvFBf63dQwCnbK7lFmb7yyVrXpRGRKM360q5WKlWtQBBOdJbXpr74tipPB=s88-c-k-c0x00ffffff-no-rj,245,https://static-cdn.jtvnw.net/jtv_user_pictures/1c16c1ac-572a-435f-914d-0074097192f9-profile_image-300x300.png
c2012638512742e2801d0ced54f61711,1240,59478,https://yt3.ggpht.com/w0_nWh714DxLkFhD8iq447-M8qDZYTbHmyXqDgwTkMmeC8zNdPq5Yd5pQewI-Bw8hX8VztTSvPg=s88-c-k-c0x00ffffff-no-rj,,
c21605e81c714d7d9d66a627984dc30b,4270,0,https://yt3.ggpht.com/gEF70rUs1Bn0nGIq97RoEPUvt-yoAqM3p3qrbBtlFM8I71HXMlzcqR0fQ_9FTjdWq-tWgZlYSg=s88-c-k-c0x00ffffff-no-rj,,
c21d4186912d4652a7fb5a1b3ef382b6,3930,119033,https://yt3.ggpht.com/f_KvDx0f8ST3u1aaT_AtjxCQ6vDOElCL-v2uKgac0VackNxerB6uNDZvafi0dWOJAs1ARuE1WQ=s88-c-k-c0x00ffffff-no-rj,2216,https://static-cdn.jtvnw.net/jtv_user_pictures/1c0f5303-9b86-4348-8ef7-13899b0aa46b-profile_image-300x300.png
c22cb6790eaf4fcc8ac47633e0ab6c49,501,9110,https://yt3.ggpht.com/tfMIF3T7H9l2xvnN3npTnP_vMKYR9P5mpeIaBjHjC6NpLic0pKKzKbXn88uJMQTfrte7Er4h4MM=s88-c-k-c0x00ffffff-no-rj,151,https://static-cdn.jtvnw.net/jtv_user_pictures/c49e6081-1a21-4972-84ba-ecbef5423814-profile_image-300x300.jpeg
c232b3088a6e49b997b325d5de9a3013,283,3124,https://yt3.ggpht.com/rHbHpNiGtSvYqihKw3iDEF0NGh8K1c5TZFVf7QK9m6wsgRik6c2ZzS9O6UBrnQPMJ-V9Jb4Jqw=s88-c-k-c0x00ffffff-no-rj,126,https://static-cdn.jtvnw.net/jtv_user_pictures/78a9be71-eaf5-4c15-b8e8-7dba0e5ec8cf-profile_image-300x300.jpeg
c2362f5ca48445a89fd081c4b2bc74d4,1550,56579,https://yt3.ggpht.com/DlAyrUtg6XA9VL9HYHFqMASyV5ny0Uki_1IsEi6Xtw8mlR6P3nztpMuF71ok-SP8JDqwmciVn_Y=s88-c-k-c0x00ffffff-no-rj,111,https://static-cdn.jtvnw.net/jtv_user_pictures/8e6006e7-e8d8-47e7-a58a-b26c5bd5652c-profile_image-300x300.png
c265c71f4d2744919a319f0f38c008f9,448,16142,https://yt3.ggpht.com/EDagtwYN1sQG1dU1P9ZaZE_MvvMaKvGJgfRjLOMFwatSKGTP9-FGrcfXr8F5Be7n5WSpK7NvIg=s88-c-k-c0x00ffffff-no-rj,4874,https://static-cdn.jtvnw.net/jtv_user_pictures/7fd3ff36-07eb-4f4e-823b-0e8d9c85b9d6-profile_image-300x300.png
c269bafe425f470e957731c454b8925c,32,1961,https://yt3.ggpht.com/bzvKGUHItZCiFP8nnQRkU24KswSOG8QA7wvWO4PzyaJJ_6_R4CVYJ-InHtxLtRL0A-H2ReWYDHc=s88-c-k-c0x00ffffff-no-rj,366,https://static-cdn.jtvnw.net/jtv_user_pictures/22b8eda4-486b-4c4a-b7cc-85408f420980-profile_image-300x300.png
c26ea894da5741df9e1bc62044f6bce7,873,3986,https://yt3.ggpht.com/BOgi43amy8hpq1L8quncAuPEhjk8BcUSSzeUdJ-L_hAgwyzcUfCeW25WSs7qYsiYNUoO4NbpuQ=s88-c-k-c0x00ffffff-no-rj,241,https://static-cdn.jtvnw.net/jtv_user_pictures/650eaea4-e24f-4eda-8926-45b7399faeb4-profile_image-300x300.png
c274c90379ca4e57a79251976cda3e54,231,8685,https://yt3.ggpht.com/xhxbPLtd9RQ7hfxRNDMGQxQwdt5jRzfRJD6JkD2tFCfU8TuWEZhgjOpB07btWSLtLtRuBnMF=s88-c-k-c0x00ffffff-no-rj,334,https://static-cdn.jtvnw.net/jtv_user_pictures/fb3eee02-a506-4b6a-ad19-8aacb4ecc3ff-profile_image-300x300.png
c2777df3c8d341f4a1f0bb9cda8d9365,,,,1457,https://static-cdn.jtvnw.net/jtv_user_pictures/49dfb125-63a3-46c3-9656-e58dd4309ef8-profile_image-300x300.png
c28d59f83d9345de91d208cf7732bac5,3080,81792,https://yt3.ggpht.com/4PgRoxmwytpmK8ujt3J5jaosOy1hDaSVhyy0JtEUJ_kT7ceHLH0pEaoy0ENynykKxIN6mLrm4A=s88-c-k-c0x00ffffff-no-rj,,
c29627e1a48a4ea8b21c858aba1836d0,123,2016,https://yt3.ggpht.com/UJN8upI0P8Qcbx5fOwgvc4au6JsLJP5M17GpfuSBk8xAG0vMCch0XRjUxgdejrIbkUpCDSK50Q=s88-c-k-c0x00ffffff-no-rj,197,https://static-cdn.jtvnw.net/jtv_user_pictures/1b919743-51db-4e52-b7d2-9dae2c9e90d9-profile_image-300x300.jpeg
c29bc8bf78dd417980491f19333c8fa2,,,,11986,https://static-cdn.jtvnw.net/jtv_user_pictures/dd0dbf86-cf98-4ede-a65e-6f0ce075505a-profile_image-300x300.png
c2b2f9bf0228445289b8791110b340ec,277,40988,https://yt3.ggpht.com/-i0EWXHfMjCZOBGT3p5b8DOeWB5Cj7K-OhPsHmkeJkdE7cnKnX5nTBrfhncBaevtY-wDhV8nO4g=s88-c-k-c0x00ffffff-no-rj,69,https://static-cdn.jtvnw.net/jtv_user_pictures/97970693-d9ea-4c7b-ba30-8d8c25d9d6b6-profile_image-300x300.png
c2b9638d8dd54888a91caa8a67366907,1090,19726,https://yt3.ggpht.com/OQMWQBu6_7zSvMSZw1WNKOle_uOihf2sq8H4lJEAA1uQeKQe56Zq8P7pV--dJrc6vf93hqrzQw=s88-c-k-c0x00ffffff-no-rj,2087,https://static-cdn.jtvnw.net/jtv_user_pictures/f35f21da-4e5b-4605-808b-912c76a0de74-profile_image-300x300.png
c2bbc6bca92c4825b72d635634197e2b,3070,60174,https://yt3.ggpht.com/uulrb7ozNqgtH_PAD3eGjquwstBcy3-_BrwkjV0vfygZLc2NKBKAKH19yotKtg5rLIITAFXWmg=s88-c-k-c0x00ffffff-no-rj,,
c2f77009b4264e3fa09aa054c89bb40c,363,7738,https://yt3.ggpht.com/PQ9qbO1M6IrItWCDejguRXNqRwtzWThZxd9c60HxaaNHbxu4SQvbFn_3R8u9PO0RkiVS8s1E=s88-c-k-c0x00ffffff-no-rj,80,https://static-cdn.jtvnw.net/jtv_user_pictures/97ed094e-01b1-41ca-b48b-718a0bcbba34-profile_image-300x300.png
c321746bebe740cb98625ca4cf6fb9a7,5440,138764,https://yt3.ggpht.com/a27z_TTEgA_nBvH5ZzXUcE1hCv0kpH1_y31TuFx0gRhW5gk1tN1nfrSVxm_qwMoRHSh7G9f1=s88-c-k-c0x00ffffff-no-rj,,
c371d4c7f516451bac8ae3a9a13dc7f2,3400,104826,https://yt3.ggpht.com/WpPU-qZ2vPjYKRxij_vu4tVtgpKqzPCqdvLSqOvEm7Uy9FnJquJ-qDwSpFksyO4QnL4HD2yg=s88-c-k-c0x00ffffff-no-rj,1321,https://static-cdn.jtvnw.net/jtv_user_pictures/2fcd4126-f0d6-4a46-bb09-132b08c15d56-profile_image-300x300.png
c377cbfa47984f0ba9242b1f6e3dfc75,2360,23565,https://yt3.ggpht.com/wdi9wFWb8-LPDOxjtAcPrDrj90oBYjsG9aWgmraoa--eIxzRlYiQ_tc1SwkRhoNwQsvWtNBi=s88-c-k-c0x00ffffff-no-rj,2300,https://static-cdn.jtvnw.net/jtv_user_pictures/66b23668-c51d-4a38-b771-8e06a932412e-profile_image-300x300.png
c379e3f4f1eb41869ec465481b182e50,11500,331934,https://yt3.ggpht.com/tZjVFwnsAa4-iTRUiJxpOhQAIP-wuo1TVCROd9hzZZ20YtzHbMUigG01-JUkxwpSM3q-Hrgb=s88-c-k-c0x00ffffff-no-rj,,
c3945429509246f79c5f0a18594f696d,237,2265,https://yt3.ggpht.com/mXMLN39hjRchfKLVAv3QZDv01UA_OumPb5AlqDDjojUP1n-abYfgoBsrDfmwegsrR_VgIlD-=s88-c-k-c0x00ffffff-no-rj,8662,https://static-cdn.jtvnw.net/jtv_user_pictures/8c6f1cbc-dba2-4b5c-b259-0a8dc9a76350-profile_image-300x300.png
c3bec3f382754230b178f8278eb550fb,3480,91166,https://yt3.ggpht.com/UmvjMEa4FaE7e8N1zp8lTUaa-72-B8AsIqEZ3E8g0f5yVj2axURN6qDEYT0eHeuHcWZuJFxUHh0=s88-c-k-c0x00ffffff-no-rj,,
c3e1a96f96334696af38e93fa8178085,729,44284,https://yt3.ggpht.com/t0FAKOkGVYpSTeia7tvxiQPNRvpLLBcq1r6Ln3mghpzzv4EQAQvWLhHkmx5LzlXtgBNWlDKJ=s88-c-k-c0x00ffffff-no-rj,1129,https://static-cdn.jtvnw.net/jtv_user_pictures/4d3a1423-1d02-4a09-95c3-effade330956-profile_image-300x300.png
c40a8ff66b3348dc8459766b74846feb,2550,0,https://yt3.ggpht.com/ytc/AIdro_mSEWdi6wrP3q1usYpwKBQw-ZmTVYMmKI6dsZo72xzGhaI=s88-c-k-c0x00ffffff-no-rj,1779,https://static-cdn.jtvnw.net/jtv_user_pictures/592582c2-483d-40a9-b08e-4706220594fc-profile_image-300x300.png
c40c5082434e4b1ca8e19f82d54f83b2,5240,1585257,https://yt3.ggpht.com/re8P_VFd5xG63Hfg7DEK3FxX26Y9fWx466vtQ6MUTjoz0Y-OALYazIlskOzAruC6BdJJdihm=s88-c-k-c0x00ffffff-no-rj,,
c41044006a014ed28107f33221a7de98,47900,4185606,https://yt3.ggpht.com/XQzirmyhKLQw-B6qt_dsSP9Up5KgDKCHl7-bmVogkqiqR4li8J2QJ5_UY_vSTQkLu41dFhDasqI=s88-c-k-c0x00ffffff-no-rj,5252,https://static-cdn.jtvnw.net/jtv_user_pictures/4e636aa2-bbfd-4625-a737-6eebbd18e062-profile_image-300x300.png
c41a24bf9c8f48ee9454119057088688,2110,81874,https://yt3.ggpht.com/ED5jvGk3GO3Al2Il9ey8hKg6zv-7HipvHD4oCJztNlKwsDwJ0PHpzVrUD_Znd3kh6rjIQG6JKw=s88-c-k-c0x00ffffff-no-rj,,
c4268d9874b14b3282613fa11102ce4b,295,18270,https://yt3.ggpht.com/Mq9O4UEQJOfm4WRX1QejgvhXbsbnR8_okUnEk7I79zBJFN5Pp0Esoziaq3lK-nvM897T04XXDQ=s88-c-k-c0x00ffffff-no-rj,275,https://static-cdn.jtvnw.net/jtv_user_pictures/86d30b3a-d837-4140-83a5-dfe9e2140165-profile_image-300x300.png
c430f1e7cfee4440b2b537c80a2a667d,5590,194194,https://yt3.ggpht.com/QnGx1yufSdf7Yug9qZo69JNvq5KCVrz0slhT3PsLPNoOyseZ4evTaeRLfrk92s2dXzUGCf00=s88-c-k-c0x00ffffff-no-rj,,
c441bf25222246ac8f1a67477d047520,85,0,https://yt3.ggpht.com/dvzQ4mrgZ4IVY38KS5z8HkJsD6XYEkwJWXWvhwknMbTQa6ZHCFfBMDJDGd99c4wE75TGXvYMkA=s88-c-k-c0x00ffffff-no-rj,,
c4470a1419984fb8aec0851f225b177a,6830,552669,https://yt3.ggpht.com/_tnn-8VQasynJBmJiKAKIbMkC39lKq5_cr-yZoZibJCc396eThEOzAyLfHsveiwxh4_V4wTexQ=s88-c-k-c0x00ffffff-no-rj,,
c45e260cafa14b3fab4030fb339ed1ab,1040,41514,https://yt3.ggpht.com/0Gt4BvKi8Uj3V7cQZxxEeweSukkgXTBjkTof8Ii_MRca73KSYNMduTr6yiXGhADlWkwv9FqY=s88-c-k-c0x00ffffff-no-rj,23,https://static-cdn.jtvnw.net/jtv_user_pictures/a0f79d84-d63e-4d04-a6ec-b3397a162aff-profile_image-300x300.png
c4651b162abb45c3a85640e3d456fa71,1630,50139,https://yt3.ggpht.com/Nw-gh6GhiXo6g32qNQsYN6CxfoeVLu4k5_uDr-xQu9JxKqWwQE8po3RNNZAxKU1B2kaTT_x1=s88-c-k-c0x00ffffff-no-rj,325,https://static-cdn.jtvnw.net/jtv_user_pictures/91468936-2d63-4f56-a264-4e9f2e9c11cd-profile_image-300x300.png
c485c46db92a4cda909347804da07153,314,20236,https://yt3.ggpht.com/hMuLqTolVZ02YlQsxoAEBxFSeorPmpyijNVnwL6-F7nbEY9zERaRwpIeHJZFfU6crT6zZWeOC6Y=s88-c-k-c0x00ffffff-no-rj,305,https://static-cdn.jtvnw.net/jtv_user_pictures/1c14b220-3578-491f-bb22-d9fac794a8f1-profile_image-300x300.png
c489b78388904133a8b93cd4d0470aad,151,85105,https://yt3.ggpht.com/Sbl0_ATck6nIV6lXtPQc7z8d7IhqxIu0Y0bCi1qGngCvCv6bXuU03QYnqGL6NVc0z92VUGShqlY=s88-c-k-c0x00ffffff-no-rj,546,https://static-cdn.jtvnw.net/jtv_user_pictures/824a042b-7c86-4bcf-bf0f-683a95a16f95-profile_image-300x300.png
c4ad3b6c4fe94f9a8142895fd869dfb9,574,4245,https://yt3.ggpht.com/XxOOsfqqvzSqoNl1VO9TNE03clsk-htt2wA7RUaesGUd5qbhwlNI0N__Ml5gEMJ17pkpqKUzsA=s88-c-k-c0x00ffffff-no-rj,1495,https://static-cdn.jtvnw.net/jtv_user_pictures/ac73aa84-cf09-48e5-a574-e3f56cd45888-profile_image-300x300.png
c4bc52355d334a98bdaa1e57c05673ad,11500,1020284,https://yt3.ggpht.com/m5CmIRG6dJVWn0Rn49TFwijcWSlmvGNoqd7_RXUJHkHRGFX0zim2D6LywDs8MbVBAJDBIXM7=s88-c-k-c0x00ffffff-no-rj,,
c4c40346f25443958f26010756c4693a,6580,417246,https://yt3.ggpht.com/RHH8IDGN3qW9oZOe0NM59eeqfuVvPHe6pdhftANfAKZ6arE2WDldqah9Oo7wj0p4Wm23gvUShBg=s88-c-k-c0x00ffffff-no-rj,94,https://static-cdn.jtvnw.net/jtv_user_pictures/8e0ead92-8ffa-4149-ab47-01d84c70f95d-profile_image-300x300.png
c4df5c9723704291a4d51d973a4bdfd5,1640,31703,https://yt3.ggpht.com/-OEmLfCLs19CULZVPD0AFpRF0NwZTJEi7ep9l9e_X7zkFVf99nnxHg4lguEADfPkdBhgO_Cj=s88-c-k-c0x00ffffff-no-rj,,
c4fafcb15c694ad5ab88d1948d401e54,642,25986,https://yt3.ggpht.com/50ZmHa2DOCZGpg65sh4R9BpOS8hQ_WtH-jqJf8sF4VjyHbmBlWROi-9cGk_lF-7BRNMtAz3rkA=s88-c-k-c0x00ffffff-no-rj,,
c4ffb821927d406682f3f17edfdf3bcd,7020,176645,https://yt3.ggpht.com/iwq1Pu4tpYS_XIvW5PKO6CsHsrl3OV1Hvux3V3aVRfaEHc6EFaG4V9p8HJGAcwWFxqm3hlwxEQ=s88-c-k-c0x00ffffff-no-rj,,
c506f1ab266f47e2be683220533a4790,1120,32168,https://yt3.ggpht.com/llXlpt1L6oSFlmIvpSft6IyI0o6NaNlGuwln850AuNDQVb6UJMscTIcZKaCu7PXxHRAzZgde=s88-c-k-c0x00ffffff-no-rj,,
c518b228a5a849179ab26f28d230036e,11000,130016,https://yt3.ggpht.com/QUJ3TqeXsaG9xTUCiWL3MXkEMk1GAvpmqR2lcCYKCwTHaFsXugRlxavKIbTtazQ9QdYbAFH4U1k=s88-c-k-c0x00ffffff-no-rj,,
c52b95b6a42d48f0ae888720492a5a46,1810,107661,https://yt3.ggpht.com/3g-wnpTMx4u8n58v4e1PG4x05UBnLntEatS5ffFitBNzjZWhlAv2koStxPM6f9KDwi1rv7-S=s88-c-k-c0x00ffffff-no-rj,,
c540124532e14ceb8e9ffc654a0ec4c9,16700,17432205,https://yt3.ggpht.com/EDa0mik41BhRZ-Dug7MBHxb0oNqLQxvTSOYM1_GgiB24Ohy_ZTvGIibZ7z07sY2j4fC_eNuqSg=s88-c-k-c0x00ffffff-no-rj,1136,https://static-cdn.jtvnw.net/jtv_user_pictures/973d4ca5-7d45-4529-866c-288a309335cf-profile_image-300x300.png
c543b53edfbd4b3c92f4801cb8d3346c,215,10683,https://yt3.ggpht.com/qDkr7km0fXPPwERj4UFK87VJ-8Qdkcxza8DiA-LG2ImSDlWS2fcqr0UxOYBkSBTm-E0L4mIu6vI=s88-c-k-c0x00ffffff-no-rj,,
c56801a52568414ca54724a3c24c3417,192,17428,https://yt3.ggpht.com/Cn5Mq5BggK_36Dm76UCRnMaW9stM4J4y-1FTTQ61pn3Wi07P3N0Z1-I6XK8O_dMWAhtsWkZJFB4=s88-c-k-c0x00ffffff-no-rj,2076,https://static-cdn.jtvnw.net/jtv_user_pictures/e1d0404d-d402-4ab0-9e9f-376a584d6df2-profile_image-300x300.png
c572dfdd998b439fb17f01f4633cfb31,283,12535,https://yt3.ggpht.com/5H0Oo33gx6G-2Yv2XgcMDm2if4sn0LZUiUn7BaJxlmruABo59lkHVETUv_iVe70CO4BpKEfR=s88-c-k-c0x00ffffff-no-rj,,
c5ac07b79a304f37b039266446fd4f3b,407,20219,https://yt3.ggpht.com/fzEipJXXuP1-Prvjbq9NjC22sCQ0sTz_x0R4uNHnoqdEBYmpPeN3Oiw3rJa96bEnignmPrUD9p8=s88-c-k-c0x00ffffff-no-rj,,
c5e956bdce614dddbeddfaf6ada4200d,293,14369,https://yt3.ggpht.com/DqDMB3R6PB-CP2i_0GdFBYfZZx9G7XNhX9IbwoiRNaSiRo4pMVuX_MchI_1hRHWsR5_yvtPc7g=s88-c-k-c0x00ffffff-no-rj,,
c5fe413a473d4638b53fb3f9019aabbe,52800,3254256,https://yt3.ggpht.com/2SBvVkD1LOK8FUU2NfndNGcyy2XgoxCqRmjeu666pig7giqKFZBhc9pEXfvpCMI2oU3fH1_TSIE=s88-c-k-c0x00ffffff-no-rj,7424,https://static-cdn.jtvnw.net/jtv_user_pictures/5cffe9c5-622d-4a8d-9384-aeec9484574e-profile_image-300x300.png
c61d5dd825d5423fac8fd1bc0596d1ff,11000,108853,https://yt3.ggpht.com/nFzec2WDdmTy8yjCHGnBAaNiwT3ALtAE6HevT1qUwO8Y_W6cTcY-rRstoeLT__Wr6ahXyHymFQ=s88-c-k-c0x00ffffff-no-rj,,
c6286d22a9344325bb1609918d442b93,687,44680,https://yt3.ggpht.com/UVIx84OV9kGknA8mn9M_WDxMj697ipDhoKAf6BtmCPJP28lFdDhQ3lwdq_R-aC_l9oO-1gWLfQ=s88-c-k-c0x00ffffff-no-rj,72,https://static-cdn.jtvnw.net/jtv_user_pictures/cb30f32a-f78a-4841-ae6c-b28fe2b7e8be-profile_image-300x300.png
c65e7caaf81a43249d5132b9fe312b24,126000,7440279,https://yt3.ggpht.com/rhMLIlTsuMpxnAVh-9rx6BJyLWRffyIppuCzv7dNAt_AKlpIucicUTYQxGTMMjIbHtVrWyQloI4=s88-c-k-c0x00ffffff-no-rj,,
c6704a4edfef443ba46ba7f0db0c4ff9,253,7987,https://yt3.ggpht.com/OoQ6U7gDlwdqLf1vbyjLOKZCMYKFA33SQxYr_GIUUECRr2qM2A_wwYCsHqTiYKlIci5pltPB=s88-c-k-c0x00ffffff-no-rj,,
c68bc0ba32f14d9b8669b0594435b68b,31,926,https://yt3.ggpht.com/6D1-bF2dUA-qpBhaIh6fpDtfjhCoKpJLvNntxLgQYULL1bK04AubSn6QQdv7YlirAjjGcc7cLA=s88-c-k-c0x00ffffff-no-rj,194,https://static-cdn.jtvnw.net/jtv_user_pictures/89c1a400-5ef7-4e6b-b1c5-fcc8d0b14e2c-profile_image-300x300.png
c699beab8e8a4064849c977b67058447,79,4770,https://yt3.ggpht.com/9LHU9VXmwXfxS8WK7vr-K4JZ0t6BdsVr1Pa5HBkNYi7Ashs0VCKGUBwiRMJT3v4oy1RjjeeJ6Q=s88-c-k-c0x00ffffff-no-rj,477,https://static-cdn.jtvnw.net/jtv_user_pictures/7517cc12-ef93-437f-b7f9-33c2a6eafdc3-profile_image-300x300.png
c6af4f23c6ce4adab5301d79b0bd343a,196,1908,https://yt3.ggpht.com/hnHAxSbpT_FScczwGtEVjvAQjzmMev1YjxXmJRoej7gjHj-EvYU3lADoTf039N0Qcviis2bCsw=s88-c-k-c0x00ffffff-no-rj,2555,https://static-cdn.jtvnw.net/jtv_user_pictures/1901a903-4b2f-46aa-855e-97844cf1eea6-profile_image-300x300.png
c6ce333916b446d48d27be05df1a218e,1250,18065,https://yt3.ggpht.com/OleJI_bE0091R2b_mJEZIYk8SyotFAN7toQXBJkw2R-d9ywaL6ACDjSTcdAP1sJ-KUEaAnHieg=s88-c-k-c0x00ffffff-no-rj,453,https://static-cdn.jtvnw.net/jtv_user_pictures/227e8cda-d800-4eb8-904e-9b043e5db49c-profile_image-300x300.jpeg
c6dab598fcee4b6b9bff76d2e8ffc8e6,3400,190410,https://yt3.ggpht.com/I4GhPCipJRNbanTylo7ytqY4ftZvQkHmLsoqYEWbaLqMdgVvUGOrDjHjQX9jWLEgN7KugeLl=s88-c-k-c0x00ffffff-no-rj,786,https://static-cdn.jtvnw.net/jtv_user_pictures/d3124e78-7723-4519-aa46-f39eac0755c9-profile_image-300x300.png
c6e955ae1fce48678120bc086a436073,372,12364,https://yt3.ggpht.com/31CBpg48bS9GmY1bOUUnTgHrLcv2A92YzJF-59p8xUKirw34WZ2ZjbwA5kieCzVi65ejRSXfoQ=s88-c-k-c0x00ffffff-no-rj,,
c72045d5b8714411af64d5c9d29cea97,439,14600,https://yt3.ggpht.com/uoM3atpSrfY7pe-QtcF4AVQYNJiFD_nHBoKVN1cEtKpUaT69Bp-zbDyXhvc-pd1uRx03erAlqHE=s88-c-k-c0x00ffffff-no-rj,,
c72226925ba94855b9fcc88fc2a25acc,6850,547617,https://yt3.ggpht.com/XCMgQ67uMHIYdgw6g6De3ybGkdTKxqo07zDDb44ZbMQW7lW26fFsUTSdL2i3R4B3KurcfZZE-A=s88-c-k-c0x00ffffff-no-rj,,
c7344bac508b46f2a20c4bb6861f33ab,949,12267,https://yt3.ggpht.com/CphKOi_GbgA_r5vI89EVnezx8_bQTEXqXBu-xRScVGelPLpPfU0FMsGqtWIlHww6NEryqx_Qxw=s88-c-k-c0x00ffffff-no-rj,,
c7400e2934c646e49f7df1816de41360,426,17302,https://yt3.ggpht.com/F-3n-IWNGQFa0KQcUEx12DuhwqaZ-VePSzCb31W0lhPwgRX-lNaffJcUk7Jiwvx4IFJXVC0-bA=s88-c-k-c0x00ffffff-no-rj,26,https://static-cdn.jtvnw.net/jtv_user_pictures/d12ff7e8-2490-4211-834d-b34118edabcf-profile_image-300x300.png
c747687c19704747b4cae2d4d5715aa0,744,11251,https://yt3.ggpht.com/Vt7gZqj7wuQsqKgVx8zzhYVCXqSQEDAREhpDOZfnWnOvTCTMdF3v07ydHWlwgSkEvsEl4-Ma=s88-c-k-c0x00ffffff-no-rj,3883,https://static-cdn.jtvnw.net/jtv_user_pictures/3395ad41-ac33-45ba-9e37-284616b71914-profile_image-300x300.png
c79b5a5a5c8b4d8f917afdfc16c01961,2190,85912,https://yt3.ggpht.com/56lioeslVjAN2vKB_3ClJvlbN2caZMjfIkfAU1KLpv-HjR4VvP0fCbJ4N8eCTQGzTvgPPuD8IA=s88-c-k-c0x00ffffff-no-rj,2763,https://static-cdn.jtvnw.net/jtv_user_pictures/5c625bad-e715-4094-8614-da79597d3d9a-profile_image-300x300.png
c79c2ac57f9048eebdc1b9329209e19f,430,16129,https://yt3.ggpht.com/qPm_-C7ZNop4zXNY72RJqZQcbMbbmkx-7ZdK56At5ZC8yvlY62qgNRqdnBJGlYuvYz2ddKZ0Ww=s88-c-k-c0x00ffffff-no-rj,285,https://static-cdn.jtvnw.net/jtv_user_pictures/06b2ec44-5dba-41ef-ab95-3ddacd813f1c-profile_image-300x300.png
c7a0e87fdeb94bcc883307e49f520173,1380,53162,https://yt3.ggpht.com/ytc/AIdro_lRYUqlPEH7nvh-SamXp3hKRBeY42kT4kChM-vhRR1o1w=s88-c-k-c0x00ffffff-no-rj,,
c7a3d726bb4243cabb70dfd1e9545cd0,3150,139616,https://yt3.ggpht.com/2uJCF9FOc3WptwZbBoQvUZFS-uVbzlnIKT79dKFFqj7nvHPTbUcnvy15IP_XOTcPpnzeHGjV=s88-c-k-c0x00ffffff-no-rj,,
c7f53f2fbdbe4db488629ab4d738a16a,,,,581,https://static-cdn.jtvnw.net/jtv_user_pictures/35184357-ac92-4f9b-87de-0b0398a113f9-profile_image-300x300.png
c805a5c2c4fb4a068a65267452aa4da5,2220,81253,https://yt3.ggpht.com/NeLLUBGUFEoRjOjbI1lAXBs19ZRUTRQCOaQSNxHDJrYHkgS46DZFsacKicw7ELglH41geGoe4fs=s88-c-k-c0x00ffffff-no-rj,,
c822d7ffe24248fdbca2f3b1bdfd1139,52,428,https://yt3.ggpht.com/n3d-SMKo21CdwjUV4sOEGdHsAJ_arOcribcTwtckMB5MsaRdez_uihxY6mb_7T5BgohVqAz3bxU=s88-c-k-c0x00ffffff-no-rj,1424,https://static-cdn.jtvnw.net/jtv_user_pictures/7cec092d-d624-4027-aa07-418f7e728c46-profile_image-300x300.png
c82ab1b4f8f64d1f84cae4ce09aa0dea,133000,18979550,https://yt3.ggpht.com/drSubB4WP6okiy6-zvzNg_uT6mxiEN639p-sXIO8twygu7Iw-CqUvCmfXLGKOuTMpilkDlHEfw=s88-c-k-c0x00ffffff-no-rj,46177,https://static-cdn.jtvnw.net/jtv_user_pictures/2a3ff8bc-2dbe-4b12-8d37-8e2d6a0a4f0b-profile_image-300x300.png
c85822960da341bb8f5323219b233bd1,127,6742,https://yt3.ggpht.com/XCTDlID1WDz8DX2ALErbi7eaYNhyEAaUWhB-2A7QBdBYGIDzAooGsesXdOv5r7aL-Gk4ZVPMuw=s88-c-k-c0x00ffffff-no-rj,,
c85f3da0538546c499238b23d273f627,2180,76841,https://yt3.ggpht.com/mbYXEN6LSsRgySEqZS1QKcO78urEIFGfhl0dI8FEkzjB1LWpALoFNOaJnnp2EIT_I_GPuJAbgk4=s88-c-k-c0x00ffffff-no-rj,406,https://static-cdn.jtvnw.net/jtv_user_pictures/42cf0025-9a94-42fa-b163-1e03582a6d2b-profile_image-300x300.png
c88554bbf263412da16e7a17fd03e467,22500,351139,https://yt3.ggpht.com/bUePUPFed2hqp8Cjn2Va1cc8GidEANAggeIdJ6UeVj0X3P7aTNG5ddApO38ubCCEkNXCUnbCxpE=s88-c-k-c0x00ffffff-no-rj,,
c897f2f0ae414985aa623bfe2dfe8f1c,5070,114270,https://yt3.ggpht.com/HvPS475nl7ebfq3_t9Ic2TD3-XB0-L8nkYsXMuvgeayTKsvTnT0IaUYk3UYxEsENgYRjVzj9wA=s88-c-k-c0x00ffffff-no-rj,,
c8bd7c9fcc714269b8092571f2622867,192,467,https://yt3.ggpht.com/wd2S27osKMPW-oF9X4V-5mCSL_snqpS-kcFTOx3bo93tzW7TVNOkvmNikWNEPX-0hDkKodXdhQ=s88-c-k-c0x00ffffff-no-rj,,
c8c0ab1d59fb4608ab1e460e946fa88a,499,4725,https://yt3.ggpht.com/k04C-cI4HXgt97I9xHUu9Q5l29zkv9vUOJor9v62HGYPdUOrG9lFlimzgjsonYIGkAsdH70RgOY=s88-c-k-c0x00ffffff-no-rj,,
c8c87552da404928bcb9fcbafd896591,6320,168300,https://yt3.ggpht.com/SPf9IdWqLC7kUwoYRHODEQuXXpx-d2fx01qUP2bvketHqunFSEvCtK3DsmoEgtKNSb7m2Ps1Ew=s88-c-k-c0x00ffffff-no-rj,,
c8cb49db0c6842afa1a9bb8bb2620e8f,401,22040,https://yt3.ggpht.com/g7n74A3FexjZ9XRAx4WjjdM40M2WZzn1j-0L0T-UuWBuXMzMpr6LtV2NCFrU2GAMzYyNnyft=s88-c-k-c0x00ffffff-no-rj,,
c8e7047c84614b1bb8e9f352c7dac95e,99,1120,https://yt3.ggpht.com/Q7MrdjfQS1NG_3KjkgtUCths_9Q6o3gjGS1M7v0kY2Fj7PJNbBRymKPbONPxIv45mz2yyUqlPA=s88-c-k-c0x00ffffff-no-rj,692,https://static-cdn.jtvnw.net/jtv_user_pictures/bf890896-1b10-425b-b7d7-601be877e46c-profile_image-300x300.png
c90914afde364f5e982414615662f5a7,3980,316743,https://yt3.ggpht.com/ck6ymBhUmblB9_vWkeAQ5uuaQfl0l5D-52XX1FFo-QsGZ3c9jl1vLvvRMLBjeCmX4q2ovuzdXA=s88-c-k-c0x00ffffff-no-rj,983,https://static-cdn.jtvnw.net/jtv_user_pictures/a3aa5b8a-cc52-4885-a533-3885b9c7d7b9-profile_image-300x300.png
c92baa46ff4e41c9918ad2427c0853d6,398,20999,https://yt3.ggpht.com/XiA7m0ylsZCd0YcAjNF_sPxRjaZSMpn4iCjELALZlolCiJCPazxkDR3fRw9XVdhtJ3Bkdj0lgA=s88-c-k-c0x00ffffff-no-rj,3815,https://static-cdn.jtvnw.net/jtv_user_pictures/5ff045a5-9c7f-4275-8ee7-7db06695b718-profile_image-300x300.png
c9510d2324d34b6fbd19ce627bf2bbac,2820,0,https://yt3.ggpht.com/eX8S1PmGQJynz3BphVcek6gWTMnikqiXbqLNUmfTSMiQ-oDVf1iEbnrlzsSUS0hPw586hfIfuA=s88-c-k-c0x00ffffff-no-rj,,
c964cb46cc9d411aaca372f9e459d2dc,1140,52985,https://yt3.ggpht.com/R8w_QrTEt-VohqiMJDs23hMkNVH2gTyUQbpGFor5LC8f3dGEmpRcWycIkRcNWOE6SdSrckadgfA=s88-c-k-c0x00ffffff-no-rj,226,https://static-cdn.jtvnw.net/jtv_user_pictures/a4d6bfef-2667-45ba-b7a2-c49865ea6599-profile_image-300x300.png
c97b665a89c34600be01f83eb1f77063,349,9625,https://yt3.ggpht.com/0NY0AHJ0bhK0PO3i3kGMyS01y5arlFXAZPhw8W3BL_bvHL7IqVb65O_jzYL3RLuVmMuqOQagZQ=s88-c-k-c0x00ffffff-no-rj,,
c9ac78b9004c4c26ba4107ccefe399ec,3900,157300,https://yt3.ggpht.com/0nDYR-r-EWmNqoZl1gOS8s9GW5aJIH4re_zYn7lhxZgkm7FmH2CZLFteB0JaFaAvBB2UIz9Otg=s88-c-k-c0x00ffffff-no-rj,,
c9e933e250e747f88f8cbf4857ec7f3b,126,0,https://yt3.ggpht.com/laLN-RkorYegldSPaHyp3GjifM-qTV5ozBuABBXEKVKgkadzrL2QsHOQNZ5MLHcLafVdtN36nQ=s88-c-k-c0x00ffffff-no-rj,2875,https://static-cdn.jtvnw.net/jtv_user_pictures/8b49dfe8-9091-44c8-ae07-06377386113a-profile_image-300x300.png
c9ece3513c804b3db003cd8fca683857,19800,764858,https://yt3.ggpht.com/PMb5zWiHSVMPO2tG20f0wup9kUW_PZQvuv9HmLQ0SMTIDwOMjlKDg_bOPUsCLWo-esyUOKuk=s88-c-k-c0x00ffffff-no-rj,7222,https://static-cdn.jtvnw.net/jtv_user_pictures/4ed2e91e-2ae6-461e-9a10-501fe917ab2a-profile_image-300x300.png
ca161c4e0ef54cd4a311705625caf164,320,10139,https://yt3.ggpht.com/wLn6h7B8uo3NLH3b8BbGNyiIEdLgYVPtik69xtyOWRyOQVc85DIzMvRJ_Fa9bX18vl1JWQjDXA=s88-c-k-c0x00ffffff-no-rj,2282,https://static-cdn.jtvnw.net/jtv_user_pictures/bab6b16f-9136-4087-af32-877c00dc3a86-profile_image-300x300.png
ca4210c7562b479cb3af76082fb70fcd,196,1679,https://yt3.ggpht.com/PBR6TAADBG8-BPy6rz7H0VwOUB13C2zCkLYZae5XeDhJizNkFNqmxqGnTQuBV8p3MiJ7WF8T_Q=s88-c-k-c0x00ffffff-no-rj,2471,https://static-cdn.jtvnw.net/jtv_user_pictures/926abed4-8584-48e2-a7f0-1ed3d4c0f7f5-profile_image-300x300.png
ca8d038d311e4cccb2deded15cee89cd,753,34734,https://yt3.ggpht.com/ytc/AIdro_lM9thjcfoKeeLvg1WnIwTyBBOr3jKESlBrhokDhaLZ6Q=s88-c-k-c0x00ffffff-no-rj,114,https://static-cdn.jtvnw.net/jtv_user_pictures/0d643a9d-aeed-4b53-9635-9810737b770f-profile_image-300x300.png
cad7f93653b54779932a6809a5f3a769,8140,181429,https://yt3.ggpht.com/dpolTz7OigGyWT3wg-EgIVl1JTVa2nScB3iMv-PL_LybklvdhcN7OBB6FWGFk_YR9ct95wFuWwc=s88-c-k-c0x00ffffff-no-rj,420,https://static-cdn.jtvnw.net/jtv_user_pictures/19d3396a-6923-4fd4-b9e4-14f2ca12e38d-profile_image-300x300.png
cad8c81461ac41c887bdf3617ccdaee6,,,,1064,https://static-cdn.jtvnw.net/jtv_user_pictures/bd0c0fda-14ca-42ff-a376-1d43239b0cbc-profile_image-300x300.jpeg
caebfeea12c840f0ae0f0e2beb57b4e2,3800,201617,https://yt3.ggpht.com/DVxciEa3QbhqeXVEd5PTGxSLLUqJ0g4wlSl5zZiAu4qAqj3GoAZLwpJn0iUnyXjCpoJArugbBw=s88-c-k-c0x00ffffff-no-rj,,
caf08c74dd7b4919bca49eef394d5475,1050,101996,https://yt3.ggpht.com/7-_3HgLOseRdZRC_4QsgymWFis_6DrxSpINqLVMYTdBXGpgW3QA2W8ryx05Um2HPOQzKE736dQ=s88-c-k-c0x00ffffff-no-rj,1907,https://static-cdn.jtvnw.net/jtv_user_pictures/0403c0ca-ba06-4032-83f1-1acc89c2a8a9-profile_image-300x300.png
cb52afa541704e6e8f1098a20679135c,2040,114855,https://yt3.ggpht.com/ytc/AIdro_kCPVBFLtbI2Hq_mraubBx01beu5NyUk5qczdwbXRzvGsM=s88-c-k-c0x00ffffff-no-rj,190,https://static-cdn.jtvnw.net/jtv_user_pictures/272a959d-4933-47df-8a84-abdd795e775e-profile_image-300x300.png
cb5ff5f1898a45b1bc27a32057a1fa91,455,5043,https://yt3.ggpht.com/R6oth5WSM4WlZXmWTDwPXDjW5GD4cPxEZ8tvvAeMI4MxRNhbYfGZIOjuhsghmbnu25lldYYxSA=s88-c-k-c0x00ffffff-no-rj,1746,https://static-cdn.jtvnw.net/jtv_user_pictures/88756551-2763-434e-be5b-4fb49fb1c15e-profile_image-300x300.png
cb8dab545aa1409c8c6cf887f8825485,1680,58717,https://yt3.ggpht.com/tSkAlkL-09Vr1rngzXkfqQ8FdeSyK8Aa_-DVrmX7fOObrCAVmPdNAicBVwjw4MXWOgfaV5xU=s88-c-k-c0x00ffffff-no-rj,,
cb94019fb4714e168b47d6757995efc3,36300,1900907,https://yt3.ggpht.com/tfWljzjq90qJTU7YkMumDXC4k9u7yzuYBDLAujKxm_Ll1u593apcLptpk8nml8-6A2oODY3P9w=s88-c-k-c0x00ffffff-no-rj,3804,https://static-cdn.jtvnw.net/jtv_user_pictures/283ea27e-8705-4abc-8ff1-64f3d532b204-profile_image-300x300.jpeg
cbaa062d8a2443b1b2b1efd92d9bd3bb,215,0,https://yt3.ggpht.com/zNnHaaFgeGgxhLIvDU0hLlUNI8MG5jOW1nCP7c8fHpv06DdOBnBd8IsQTuESTlXgKuyg6Z5Z=s88-c-k-c0x00ffffff-no-rj,,
cbb0ea239d8e4f65a46ada52dfb778e3,302,3971,https://yt3.ggpht.com/XkJxZTglFhtYVXn6DolcZwP8XtVDvyk6wiE6q-Y_hntduo1RTWuhqSiYL7WoQR3OPskZUpwN0uU=s88-c-k-c0x00ffffff-no-rj,421,https://static-cdn.jtvnw.net/jtv_user_pictures/3718f384-fd35-4b50-9f89-9655cfc15604-profile_image-300x300.png
cbd9ed35dc0045aa9c57bb9ee14b02e0,1550,688037,https://yt3.ggpht.com/mFJY9tUl9tcltOVG1wEraZjDK6rxabZRvvvw4yBP7LZ3GWVg5a4BdHsi6Di5Nnx0Z8Z8zUqg5g=s88-c-k-c0x00ffffff-no-rj,,
cc1bad00639b4149b277f0d2e99c2abe,1980,81019,https://yt3.ggpht.com/mQXB6W_HxGKqGS5WsL8y_LGPDdY9n0ju_QaQlr3FlDsKqfh8W38f-RAWBdy-vPsBYwzbFf6GjQ=s88-c-k-c0x00ffffff-no-rj,,
cc2a13ac075e4640b19020a51dcf9d88,4470,98899,https://yt3.ggpht.com/upoaHGy7HASpw_gc_-or1WDD2YlDQ5Z3gJEU5yAM7xsYm0YZiZpi6EEJIN1w160XhHQU8BQ=s88-c-k-c0x00ffffff-no-rj,396,https://static-cdn.jtvnw.net/jtv_user_pictures/a5443867-fb98-490a-acb7-edbb98061b60-profile_image-300x300.png
cc641478434a4af8bb042c88f6588b2b,1390,0,https://yt3.ggpht.com/9e2DxPFY7eYOgHxc_OBUpks-cpI-GRUigJAQjsmy-sCjV0JmjDczXzS8am9Lbkko3T6GP6-Vtg=s88-c-k-c0x00ffffff-no-rj,,
cc85e4120c0746b7925c898a963f0747,380,21356,https://yt3.ggpht.com/kWXh3F1RNGlq1SaQszLOEc5KLpxLiCk5ZEEvESyGdeWcMkHEdfZFXPpVwyFUl6LrBWAjToKpGw=s88-c-k-c0x00ffffff-no-rj,,
cc882664d9794fb88b06a5a0aa1591ae,4480,236561,https://yt3.ggpht.com/jIbsjp5mlclAjJHQWKyMR0dpDHbopRy5aDOICCNs_xt0ndU5phxg9vgr1-TdIDk9SGUY6FqOhA=s88-c-k-c0x00ffffff-no-rj,,
ccc1420185ad46d49d40b6b774db9b11,4200,206709,https://yt3.ggpht.com/BhsEd05WieI3Vn4dJBC7zUeLHDhWXbVwlO7Cp7OAykY1vZpiYqL1zBaK-02ySVnQH3NDHzcu=s88-c-k-c0x00ffffff-no-rj,677,https://static-cdn.jtvnw.net/jtv_user_pictures/173708b0-ee7f-46de-9fe5-6ef0e5f72fa5-profile_image-300x300.png
cce33288177341058833d8b4a093b03f,379,20493,https://yt3.ggpht.com/c8m6AUJUPHPLI0NAu6c6GyP8j0ol4W6j8G4mbuJFVKoadADHpkWV48TSbWj2UFPfWea3VeLZuTA=s88-c-k-c0x00ffffff-no-rj,,
ccf93d7646f249dfa3454f5a60f466c8,1180,37699,https://yt3.ggpht.com/sDtV3FWChangbtf49ckiXIGaL1b3t_8t6bC4vWCRC7GFDT4QGXl5z_s-YfcjudhlIroWf-6Jkg=s88-c-k-c0x00ffffff-no-rj,115,https://static-cdn.jtvnw.net/jtv_user_pictures/aadabc25-10a2-4709-b6fc-526a2d316258-profile_image-300x300.png
cd0b2f63c88e4b4abd5b83296a5d7866,254,3595,https://yt3.ggpht.com/zaOLcfE7IG3jxtse6CkcADBmInQvGQMHjJXB1KLiKZYjIKWho48U7mnG1AW0vk4JtFIrojRqRw=s88-c-k-c0x00ffffff-no-rj,3562,https://static-cdn.jtvnw.net/jtv_user_pictures/837e2b6d-1ace-4014-8a16-40775d2960b9-profile_image-300x300.png
cd1224f4756340c594f3c36245e9b4d4,137,7990,https://yt3.ggpht.com/X_zkgvIQpuSdbEwyFvDb3AFh6rBPdgirO03EGEEnWUPm62iP2mbLImCnCRHh40AniFGKA2TC=s88-c-k-c0x00ffffff-no-rj,1489,https://static-cdn.jtvnw.net/jtv_user_pictures/4f8f2a39-420b-46ba-95a9-86e0e72a3c39-profile_image-300x300.png
cd13255567c04182914111635ed1530f,83,14400,https://yt3.ggpht.com/7KnyVNlKR7H4TBd7dsSLEo50nnQ8w6GMGn5pSmlip_KkA2yp6QBqcWMW1RNq3FaWje7ILoeQlw=s88-c-k-c0x00ffffff-no-rj,445,https://static-cdn.jtvnw.net/jtv_user_pictures/5d8ec143-0378-4c90-86d3-3fd401a5405e-profile_image-300x300.png
cd38e82545b04cb8a3e047fe41f2ba40,115,1126,https://yt3.ggpht.com/Fp7YGaJ8TuqRbEO6kI0sr2_3bHbDIzsWvkkY5PmDvkm8-s8tRft9_wttzQnWOwKQ5kjW6FEK=s88-c-k-c0x00ffffff-no-rj,450,https://static-cdn.jtvnw.net/jtv_user_pictures/20aa7521-967a-47ce-88ba-a3e16509d8e3-profile_image-300x300.png
cd42e06c40534d9eac7e30a434e47d43,71300,5324539,https://yt3.ggpht.com/J_19uce8FnDuypdsf8DvD1oSVEPanon556c0aNPKocJ9v-o_MuPe5HjgJXvVk4Y7sebmMp7vsQ=s88-c-k-c0x00ffffff-no-rj,2252,https://static-cdn.jtvnw.net/jtv_user_pictures/481aecfe-4b46-4c2e-9c00-b2df5ce28963-profile_image-300x300.png
cd44db2c12a54568963299704aa8d4a6,3930,101191,https://yt3.ggpht.com/vStAsPYpG_-TGZ4eIsjcfojY6x7RX9fs9gjRXHBr54OMQGAt2vXEb-LczKNuywDvibUltdzPoQ=s88-c-k-c0x00ffffff-no-rj,,
cd4c94db2aed435794cc7e55999016e7,1750,91232,https://yt3.ggpht.com/dPmDzpJ57HzHeWZ4REUwpVyLOEcVCVbYUFb8mYTmVTFVPO10sCneHrrL_hPtLd5mEDi8vS87=s88-c-k-c0x00ffffff-no-rj,299,https://static-cdn.jtvnw.net/jtv_user_pictures/6807c2c7-b498-4746-ad60-59f3adf7e86d-profile_image-300x300.png
cd542f88cc8b47d087301d567b7cebca,5310,149433,https://yt3.ggpht.com/03CLlufTxNv6TmP2xpbh13D1aXZFYMywgeCBhbTy-ZRt1iwzg_T1zO8xMVC74IgqucswboHnEA=s88-c-k-c0x00ffffff-no-rj,750,https://static-cdn.jtvnw.net/jtv_user_pictures/8ad2d199-6c7e-438e-8000-7c5829e57863-profile_image-300x300.png
cd6b428bead74294b2d660b49a58edd3,1550,32551,https://yt3.ggpht.com/lQgQz3IUNzUC24jTIwHZCIA40pzOX-10eOXi3UNcon5MznjTqsABIBIgS1v92syGSrWxJxEARQ=s88-c-k-c0x00ffffff-no-rj,833,https://static-cdn.jtvnw.net/jtv_user_pictures/104a4b27-5902-41fe-9895-555e1e60fde1-profile_image-300x300.png
cd88de8b4bc84a71975df9afb42192b8,18500,911138,https://yt3.ggpht.com/YYLrr_2PJYNaDzixazEIN8h9C4oinfi6ZiC3SYs8yWLoSuZ5Y1ZkbAzuOc1koLBwRVh2p3KgSw=s88-c-k-c0x00ffffff-no-rj,3725,https://static-cdn.jtvnw.net/jtv_user_pictures/db9404e9-c8a4-4456-8a7b-4c62481d3d94-profile_image-300x300.png
cd90274cae394fa7be47a5535b563882,592,0,https://yt3.ggpht.com/0gjB6OH5Pz-Qb8yIQ8TaNAr3l_J7UcgFLrZHDvHHLAhz9pKa9Cg-eonVg3n7HZ0qszIyEDR4a0k=s88-c-k-c0x00ffffff-no-rj,,
cd9733cb91b6400aae0bc23e3f25d7eb,1280,34779,https://yt3.ggpht.com/ytc/AIdro_kd2ohfweeY2RR146_Pv4kU4oY2fd8UBpQ4-ttLUGJKjPI=s88-c-k-c0x00ffffff-no-rj,,
cda3e684b52b46a49b5967e0e85e238f,49,2363,https://yt3.ggpht.com/25VmMXy3hCQbb6g4hZKaUvgruq5zNivqqIHBO-bTkeHjhiIgHlDyce_kVFvIwecaX1FPNDnhfg=s88-c-k-c0x00ffffff-no-rj,676,https://static-cdn.jtvnw.net/jtv_user_pictures/d80b2d1f-3054-4da2-9738-9274b6f6202f-profile_image-300x300.png
cda9668f324445a7bd507094ad6946b8,,,,416,https://static-cdn.jtvnw.net/jtv_user_pictures/d0f9c3a1-2f0a-4ff7-a7c1-aeace352aa86-profile_image-300x300.png
cdb5c89f61c94949a989457cf549b7e4,15900,774497,https://yt3.ggpht.com/mREQo1RozcqHty6JpD8IHrCjWpuJ_Wo7m_vCfN5CEO4ATsyTm4hWMPpTEuoAl3uguKSxc4bZ=s88-c-k-c0x00ffffff-no-rj,,
ce013f56157740e59c7735bd51356260,517,22121,https://yt3.ggpht.com/lPi_QmHYVKwLLRSi6NTS8aw3aOjIJxzeENj3YSsaAVWTdE7Dzw_EYHW5zfozUBzpU5EPmmlRmg=s88-c-k-c0x00ffffff-no-rj,371,https://static-cdn.jtvnw.net/jtv_user_pictures/bef9d117-98cc-45c5-8d92-b8ac3fb101be-profile_image-300x300.png
ce2a2c07a74640fc8d3b39d022b16dd9,50400,3916881,https://yt3.ggpht.com/Gl-Pvb9LJvt-ZvTOlFHXHuvQpNnSgqbOr59Pu9QGJk60v2giI2PYrXwzGAeLrlWWECLwYmxLZQ=s88-c-k-c0x00ffffff-no-rj,,
ce408f8b30704b42a7492f0e40684317,437,17207,https://yt3.ggpht.com/g5mOqZfLX82TDgw_JMjO-Pcg7ygSFzgHdHOXKPO7t4sAXigI_j9TrmduGRnJhlOPtdeFyZIUgg=s88-c-k-c0x00ffffff-no-rj,289,https://static-cdn.jtvnw.net/jtv_user_pictures/4c83617e-cd80-4a79-9abf-c3919aefae2e-profile_image-300x300.png
ce59f11c200841dab2e8a5e30655a827,1670,222986,https://yt3.ggpht.com/VMYo6FjZovdY4apBC74daWkjhLuoKwOTFlgxU-y3DX6dPiFVHhdExvt-mOb2GgC5EDfk0x5_jw=s88-c-k-c0x00ffffff-no-rj,28,https://static-cdn.jtvnw.net/jtv_user_pictures/c9e3122e-5e8c-43b7-9115-f264a2594b61-profile_image-300x300.png
cec266a3203a4d1599494b42f35b4012,17,335,https://yt3.ggpht.com/GAh9JCX_IdAe7C_BdqniuqI2FyLDKpNdDzublzZKQ9HyjpPY9mkePeS3yYtudtyCiFzXw40DPQ=s88-c-k-c0x00ffffff-no-rj,331,https://static-cdn.jtvnw.net/jtv_user_pictures/6d4fc491-e381-4705-853d-fc2e7fac9bd6-profile_image-300x300.png
ced6b5d82fc848a5a0f45a1b3da4cfae,1700,75668,https://yt3.ggpht.com/PiiS7Ny3sa_1aAXHWyMVune1_HvOITgzsC9_h7EKMipgPxoqqnK_NgxVPMK_wcNJqZv3mnqjX2c=s88-c-k-c0x00ffffff-no-rj,193,https://static-cdn.jtvnw.net/jtv_user_pictures/5378ae62-3611-4616-88da-168be4c03b49-profile_image-300x300.png
cf38ee666e104dce949c195f5ac58da2,682,209389,https://yt3.ggpht.com/qI9bjkFC97UE9jwVXdt8qFownH07pTi8V5ZWs7Av_7hEeNXABJkV7v8LZhaG-_Qgn5KL3UvQ=s88-c-k-c0x00ffffff-no-rj,,
cf3f6ac6a22446ce912bbdc59c9f64ae,763,39238,https://yt3.ggpht.com/jSrQ-Sw02ui0GQTFXaUhnlOeK-itjtOrx90iRXHRFFFF9Xr1mkXYvtiyKUhGJ_Vz5cJAzcpqqA=s88-c-k-c0x00ffffff-no-rj,383,https://static-cdn.jtvnw.net/jtv_user_pictures/cdf5f25f-106e-4cd6-a3dc-31052c9c2fa7-profile_image-300x300.png
cf51f722dc714a0cbb022f89fa311014,17,516,https://yt3.ggpht.com/jCv1reaB3kcsPXA6_FXqP664_0pZTTBDJYtLW40Khi9ZlgMYPUDvmF6TSHghCYwKMyf0szF9fQ=s88-c-k-c0x00ffffff-no-rj,,
cf648a09bdbc45429f4fae7dfff1a040,3570,42919,https://yt3.ggpht.com/xSF_CitfXw7ih-7CjmqK--fDIbn1WMufoG6zq7rjVmSKwujzYXrJ_b_iJXK6lSlcTaQlHaHl=s88-c-k-c0x00ffffff-no-rj,,
cf66d52e3a4146dbaf03c1578fc25c47,7950,0,https://yt3.ggpht.com/l8u0iLMJ-4oESJpjHnc5UWMOwm_Ak7gBwUEmo9tNi_eytrel6jKq5Nx3eFx09mR8haVj6ZcmLg=s88-c-k-c0x00ffffff-no-rj,935,https://static-cdn.jtvnw.net/jtv_user_pictures/0c16a694-b3bf-4e79-b883-fb885bde53d1-profile_image-300x300.png
cfa15a7e93824927ad4b84a519b0ab68,1190,145014,https://yt3.ggpht.com/Xod032sJKJvSCTNo0rrnbkyPv5Qpn681GzSvcLdoAiQ4WYw7eFK-V5Wl5d_J2m5oDG3NDcdFlw=s88-c-k-c0x00ffffff-no-rj,,
cfc7bcf869514c70a5091672d3acb031,,,,300,https://static-cdn.jtvnw.net/jtv_user_pictures/f8a1b135-ee92-4c58-bda9-1a84176b5ff7-profile_image-300x300.png
cfe0c2386d794c229d71c5a6a7e28333,200,11331,https://yt3.ggpht.com/2-X6HaKmI6ENACnhXLAUWpqxaIQA9yLrFmgkq926r-BI2uYrrt2jmLAmCMg3I-Qi1qBRt8wG=s88-c-k-c0x00ffffff-no-rj,,
d007ab56aa654d77b10cffc2f993db25,36,692,https://yt3.ggpht.com/tKk3N_UmXJ3WRTxxnw2w3bY7IQ2j8R7cQmNPbtj1GH3yYMvtr_DL89mEUCs68NUFstXIZulkzQ=s88-c-k-c0x00ffffff-no-rj,,
d017bd7855e547298906060f0e9b442e,222,3617,https://yt3.ggpht.com/qU4VFH5aHP4NA8_JZ65JWtv2m7WOckxpCguMn7YdyFUfu_0e3StSIzegSaXWS1vVRUdTT3ytEw=s88-c-k-c0x00ffffff-no-rj,1146,https://static-cdn.jtvnw.net/jtv_user_pictures/48104a4a-607a-4d89-ba1a-2ae008e9c63f-profile_image-300x300.png
d035333252764e9e8376858cde0b3bca,565,28736,https://yt3.ggpht.com/PxGidA-SVzOXHivTvqOhGndB-fyUaHW4TFY9NCZoYde6lGqHN-NTJ7MmOW_6grZI_T-IbnI=s88-c-k-c0x00ffffff-no-rj,672,https://static-cdn.jtvnw.net/jtv_user_pictures/6dec310a-7e33-4f8c-80de-a1298341c8ab-profile_image-300x300.png
d09b9f800b7940deb1f8a2b58a302f07,292,4044,https://yt3.ggpht.com/-M5VVFXgntg9z1_9bVz_m4juXMg7yM_vR5TUIzew6w0gQXkX182o8pHKMXPbwVNNsqMgARsv=s88-c-k-c0x00ffffff-no-rj,4097,https://static-cdn.jtvnw.net/jtv_user_pictures/a9cf38da-34cd-408f-b808-d473f2a401a8-profile_image-300x300.png
d0b68b633fba4c02a627751778973f36,4710,101432,https://yt3.ggpht.com/aBX0GlmxPJgk6tBG6o2fdnmAN19U0w0iObON6uN5pVIE3bmPGFiQhwHIm8AjrFfFxpoK9a8_nA=s88-c-k-c0x00ffffff-no-rj,,
d0c2bb3e9091413e8d245bdc217e9420,1520,44661,https://yt3.ggpht.com/th0aRSd55lXZLjf3gaQKo3ceKtY4jSKUpcox9_CScBIgUOtN9cLh0TBfC-OpKk3nISCJa3V8m2I=s88-c-k-c0x00ffffff-no-rj,,
d0e0745dd98a4cab9c5e4ff43e3d246f,2650,82347,https://yt3.ggpht.com/xWQ2b9m4BLjx07cgNwqWelrK46o-vdbJ9t3VD0kxvdL1_xiZuSYGBwmlVHY3uK6mccz81YZO2g=s88-c-k-c0x00ffffff-no-rj,,
d11123a75b874ad2bb120bb237e94c8d,379,2133,https://yt3.ggpht.com/82d9H_yJyCjw8pzDozTkPYN8c_JcDaHuckf_0Y3cNrg4SHRWuWHZu9L52otywaMjQ1D9d4z-lw=s88-c-k-c0x00ffffff-no-rj,4063,https://static-cdn.jtvnw.net/jtv_user_pictures/c571b571-988b-4b33-aff9-7c2f96879317-profile_image-300x300.png
d13fdb8fdd3049e5bf80b5ab0fa8a1a6,5380,356326,https://yt3.ggpht.com/irK4ijS8tgXq5Jo1TSJEYMxMo8SDAModO-j2H84NlMw1oYl0thUYYN5TeBQ-klQrfeBrUpoyDA=s88-c-k-c0x00ffffff-no-rj,,
d148768158984ce8b3a8214b1fb3dafc,179,2251,https://yt3.ggpht.com/LeZmanOaIuTdeMeL7dSo7Utyf0v-CFfzdPSOnBTIr-R0_9ITSQMls4heilfOM6ZEWTMDl9sraw=s88-c-k-c0x00ffffff-no-rj,120,https://static-cdn.jtvnw.net/jtv_user_pictures/07dcc7c6-7de9-4d13-b4fe-ecd10c233caa-profile_image-300x300.png
d15b3fadead04e7399faaeb47fdf37f9,615,24681,https://yt3.ggpht.com/HvdvXI8pi6PDXvYGcIJzBuFwqFI49vUYOZE2JlD7lzzBsA2Dsy2ZpDxh-fpHTpSdqLCI_zfcUw=s88-c-k-c0x00ffffff-no-rj,,
d1694c709e0f489fbd07fc9bc67c0a66,33200,1464010,https://yt3.ggpht.com/YjLNJBPdJK0_vw0UbfrtbRK7AZdzdbLlIh85bajMPbL0l6ebjm_vEHaD51Yd6tNuVKQP6pd5kpE=s88-c-k-c0x00ffffff-no-rj,1636,https://static-cdn.jtvnw.net/jtv_user_pictures/e967823b-75d7-4f94-9413-0fd35d5ffe79-profile_image-300x300.png
d1719d9d50c347efa498bb8644447392,457,0,https://yt3.ggpht.com/digkL9KGDAZBdJkbN4WHUFZXeWHfVKwN0Oa5Kv3wJQYMs1DkcqcFvYS-EJKwPoltt0Tbvf9nfKc=s88-c-k-c0x00ffffff-no-rj,,
d177ac8568a14720b35bcc1a829aff51,3470,118937,https://yt3.ggpht.com/ytc/AIdro_msrF-WY2oU8hUpT7RI7I1ul49DIzinFj3hfEqCetEaOA=s88-c-k-c0x00ffffff-no-rj,,
d17f504657b84cd9af8a3d405713e918,4640,278045,https://yt3.ggpht.com/fxKL4h7N9loPgmz9wpXKEJaIxQ2ghU67TqUEH9guDxvlx9ZZE4BptR8WYAkdyobl7S02G2EbhYA=s88-c-k-c0x00ffffff-no-rj,136,https://static-cdn.jtvnw.net/jtv_user_pictures/a1e72b9e-5b1e-4cda-b96b-2921ef0b6cef-profile_image-300x300.png
d18dd7d3e19f469b9e3faaa6c1fe2b0d,190,3869,https://yt3.ggpht.com/muRWYGcCz_mBJ-0AjtRcNjev2mkozz55u5yCfRPbng4VeP5kWxNtqMSzE_HEIcZuQ4dH7Fqi=s88-c-k-c0x00ffffff-no-rj,204,https://static-cdn.jtvnw.net/jtv_user_pictures/9511054c-3be1-43d7-ada6-f29bfb6daa7c-profile_image-300x300.png
d1d879cfccf7411296dcc765ca40e39c,257,28086,https://yt3.ggpht.com/A9aXghCX4Y72jbUyN_73hkeLwCe6IMJCQdoSNDVtI2rxXXKg2AKuMp6JzLHVQw7RE-Q4q50H4zc=s88-c-k-c0x00ffffff-no-rj,668,https://static-cdn.jtvnw.net/jtv_user_pictures/94fca95a-7ee2-4c18-a10f-b75b14699923-profile_image-300x300.png
d1dcec3b0dbe4e39b2907be832c467a1,1830,0,https://yt3.ggpht.com/25W5sO0k0Q8_d4Q25QPBEA3D8g4Kh7afiml6qlzXIH3TrZ7gF93ywHfHLt_A-6K8Qwt2PjyJjA=s88-c-k-c0x00ffffff-no-rj,,
d1dd83b6e8a24df4b61f766cff45113c,27300,15129299,https://yt3.ggpht.com/9lfzMQ3s_z9fUDPH9je8KX1zpGYvXz_jHc0lHO9aGtOE2FmtHqHBd8OFRC9JGG_dKziv7MDC7Co=s88-c-k-c0x00ffffff-no-rj,489,https://static-cdn.jtvnw.net/jtv_user_pictures/eb8b807f-6740-4d11-8a72-ba4a31bc12a5-profile_image-300x300.png
d1ea458cb9094770ab63aa0bfc487981,422,7669,https://yt3.ggpht.com/EgYt8W88-xkOT7zqWIQPZcQzddrwm1yw0M5zxb1q6O1_nBDDtrZUpT5JVYLPiLCHWMkAW9CB=s88-c-k-c0x00ffffff-no-rj,,
d1f20b59a19e4ec499d423a7ba65d602,1100,29009,https://yt3.ggpht.com/X23wJOPG9CgIvFJZFEmvzccxxgfndfp0_-eoY66IOtNdEU6suM6ogNF6X2XVvkk_lw8SZtZCCg=s88-c-k-c0x00ffffff-no-rj,,
d20c66018a094127805133f051037124,1780,71022,https://yt3.ggpht.com/g09c5kogsEOTGe2HeyL2D-OVsuYqubOsIpyO67NhoB89RT0YlJsxafyBTqg5MW_6hAMfr1QhAg=s88-c-k-c0x00ffffff-no-rj,1571,https://static-cdn.jtvnw.net/jtv_user_pictures/d99fb10f-dca6-4878-8f31-7238bbf2729b-profile_image-300x300.png
d210d8dfc0ec4a97907b9cebb5413ae3,2420,135823,https://yt3.ggpht.com/G_asMSPXDsFvfHteg7r1TBIVwXvNWxR2RU0LUsrMpfu_781OMSwDJtVONqa2MybkGrX1u2RYJQ=s88-c-k-c0x00ffffff-no-rj,,
d21ddfb9a7a540f6b4f259edf36065ca,436,8938,https://yt3.ggpht.com/TXRSKH4Uwhr2GoOtAq6CY_6vi5Emw17dCp1hkWVZdUJO4rPaGvJ702CD2IrLh-P2NlHZ4rWKilw=s88-c-k-c0x00ffffff-no-rj,,
d23dbc9d1db64c42821697d1bac8fb66,466,14471,https://yt3.ggpht.com/6uPq8XKVP9rVYkJJEEMflupWx0IKc17-NVx-PGKC44cIWXZ_PzDqMr8lPiVhsv6m6Xvo2XSGOQ=s88-c-k-c0x00ffffff-no-rj,,
d23e5f9f3abf4b36b79c04f5265a8efc,423,16806,https://yt3.ggpht.com/klR5j-cjQHiaHyz6wzizhghzbJxV9-MC3wH6tUOS9ou1ZN-4Hbvf63t5P394SrothUIBpcMI=s88-c-k-c0x00ffffff-no-rj,141,https://static-cdn.jtvnw.net/jtv_user_pictures/a88c7095-5b17-47c0-9b4d-597035670bb1-profile_image-300x300.png
d2585e0ae32c467e8fc868eb531400a4,453,7336,https://yt3.ggpht.com/tLopKyIDVSj_hxvbvn8QTJu0LEJl8nBCE5FQQN4NrI8u7nz1XbATCU2bXfAr6pK077ae652DbSU=s88-c-k-c0x00ffffff-no-rj,,
d26893447610406da66ee14abfbd5868,685,16748,https://yt3.ggpht.com/Epg7TnrF7W195Zo6j-8mb2WsRAhnjJGZZMy8EoFjooxJlc1Q3JmwI-FImBIdhI6Vk9bXkrGWOQ=s88-c-k-c0x00ffffff-no-rj,,
d29682522104427fb366fa19a0521bc3,1160,19265,https://yt3.ggpht.com/Z2R7tdF1_jY1eEJ8pncT5rikoNXasGtrJRmyRCmLTehucG5c-Rg8wV_72knJp9qpGSmu-wck=s88-c-k-c0x00ffffff-no-rj,508,https://static-cdn.jtvnw.net/jtv_user_pictures/40866679-82f0-490c-bc2b-8f1d1c68e14b-profile_image-300x300.png
d2a7b2d142ea4076afcfc7263b9e09fd,6170,343741,https://yt3.ggpht.com/_FdoqVMu8m-aT12nsdIglHlUkse27JGsKMIjCe6hjkAX4NnW6d_k-RolblGMdrjlWML3YQCqIg=s88-c-k-c0x00ffffff-no-rj,754,https://static-cdn.jtvnw.net/jtv_user_pictures/0776b4a6-fb2a-42db-892f-057e1e3b5619-profile_image-300x300.png
d2b1ba87da034210bbe54bfa1c01bc41,2220,48220,https://yt3.ggpht.com/6XO61xatlNAF35tMzjA-vy5tj8oAD9a698dyTwkIeTDAgueYq8fwDvTE3oJ4ME3I7KrCmp1iQQ=s88-c-k-c0x00ffffff-no-rj,8648,https://static-cdn.jtvnw.net/jtv_user_pictures/3732e144-1972-4518-8431-9e4ed6c84e50-profile_image-300x300.png
d2b6390494b94f44ac75b6e53780a09c,2150,32795,https://yt3.ggpht.com/ytc/AIdro_luGc9E_yMHQpsfd4EC4pUKhfbOF7k9B1O7-LHFY3a4tDI=s88-c-k-c0x00ffffff-no-rj,63,https://static-cdn.jtvnw.net/jtv_user_pictures/ec294bfd-b5bc-4535-9089-a1946a8c32e0-profile_image-300x300.png
d2c5b1c430fa45c8b9be0b8be65d8a6b,767,6199,https://yt3.ggpht.com/qovMkX0Y7TZKOiRYxeWFn9uvchwaiB_eh-U0aeOuNXBRvGOZ6vSClmTWQNxD1KCDciMgP_YdCQ=s88-c-k-c0x00ffffff-no-rj,317,https://static-cdn.jtvnw.net/jtv_user_pictures/617ef9c7-e14d-498f-b47a-bc7d4507dd4a-profile_image-300x300.png
d2c76258b7ff45ee88e3585c4c9ed0c1,11700,356720,https://yt3.ggpht.com/FgPkmhvBi9uQnV6FaMS0zf4r8AGjtElVlVpVsvMd6bjP1ex1P3WZTNJHGHVTKB5Xbd0UxX5KdQ=s88-c-k-c0x00ffffff-no-rj,3813,https://static-cdn.jtvnw.net/jtv_user_pictures/743afc31-ccd9-4d9b-9f6e-55e460519b20-profile_image-300x300.png
d2da40bb201e49ddbd6a8780bfaf8b63,155,1391,https://yt3.ggpht.com/iQa0zECi_Qej3SAt82GFED4M7143FS3MiaHFiiBNPaDtJy1lTaRZ7VeNAXyY62M0-YiybhtgAw=s88-c-k-c0x00ffffff-no-rj,628,https://static-cdn.jtvnw.net/jtv_user_pictures/6f795d23-0620-461b-828e-b9462ec896ab-profile_image-300x300.png
d2e2645a97a14ce4b58a7884c0e6ec56,273,27216,https://yt3.ggpht.com/_gasIRF7fNCLs06uoKMhpXoDBwdUjohHuK9VKrzIXsjXZs3EjSMp7Jh1vvlc2lbEUGP_y2VHEg=s88-c-k-c0x00ffffff-no-rj,857,https://static-cdn.jtvnw.net/jtv_user_pictures/f6221aed-5ac9-4176-8389-f63bbff2c018-profile_image-300x300.png
d2f9e9b19102408bbef636a6458934e6,418,5131,https://yt3.ggpht.com/Tiz4C3ysaEa43EKNzZR2IALMHBtMVJPvdHV-Jubs4C1KX54gBqBsj8d0V45HSPid9uAUjRqX=s88-c-k-c0x00ffffff-no-rj,,
d32bd28cd67b4e64a56b24f9a76dadcd,15000,802983,https://yt3.ggpht.com/ytc/AIdro_nLOxFuHGtSImq8h4-4fflMaw1WCjTFETMyhukIhHB6gA=s88-c-k-c0x00ffffff-no-rj,305,https://static-cdn.jtvnw.net/jtv_user_pictures/89314d8d-7559-4842-afd8-d5434f9550fc-profile_image-300x300.png
d33940525b7f4b9db9ce85e08b4c175e,1470,49063,https://yt3.ggpht.com/QHM9nRum2tJNBD4vO9QPF_EJYqGCEWnP4ChjdKNlot98ngDuW1nE-hOyfaEUDimtUYsFaLMFEA=s88-c-k-c0x00ffffff-no-rj,6427,https://static-cdn.jtvnw.net/jtv_user_pictures/0a725711-a715-4fe4-ab9e-cffc6e572c1c-profile_image-300x300.png
d35707348d554507a98f97eb59230efc,24300,1376753,https://yt3.ggpht.com/M8M3y_81HTusp4sel4exs9V7RE5kyR3jkQbdG7ZToAdV9S0h6474D_gwQGZEKp9gFPmBtw0hpg=s88-c-k-c0x00ffffff-no-rj,1612,https://static-cdn.jtvnw.net/jtv_user_pictures/ddb33a36-2784-41c4-91a6-d0ef3924bf20-profile_image-300x300.png
d3a0a421fd184f9fa51856096d01e85b,258,15801,https://yt3.ggpht.com/ytc/AIdro_mjO67QIDirLQai9bvyawuVGd8t9CKd75vIITKEwjAtXg=s88-c-k-c0x00ffffff-no-rj,,
d3a3eab7a3e34ea98784c44e3691c726,2310,82762,https://yt3.ggpht.com/urxsJtFDyAM8NGTpq6sA1xk5ZU70UgmuL-WbeW9ooIm1pVHo49CkItMwESgMtDTSpCx5DXKvtA=s88-c-k-c0x00ffffff-no-rj,,
d3a75c3d9f204420808f38ed629becf4,16500,0,https://yt3.ggpht.com/nK0VynEcPsuOiqztf_KLzaqfEDoTmc5f4awKX1ffuRMpgLTBRRdmMxQ9H3qGsWhYM7jt_fCAL6w=s88-c-k-c0x00ffffff-no-rj,1556,https://static-cdn.jtvnw.net/jtv_user_pictures/958ac4b4-6d1d-44c8-ad05-3282bc18f371-profile_image-300x300.png
d3ae105969be4117ade8be2e8d19c008,1480,0,https://yt3.ggpht.com/vpN_GcHNtqnie0hh6HlmH2LwREcgnUQZTOvGWNYrExX62I0mtW3J65WYt9J1PLDf827Xd7F-2Eo=s88-c-k-c0x00ffffff-no-rj,2086,https://static-cdn.jtvnw.net/jtv_user_pictures/8ecfb730-2841-463e-a3cc-f7b8b5925302-profile_image-300x300.jpeg
d3b5f619038a4c488d36aeaeddc0f790,362,6930,https://yt3.ggpht.com/Pg7jAcgij0iiPM5DUCH7qjGvJg4u8lOXF_uq9Un83KPP0SRa1XIZEawavxHDs6J80x1SaVa8=s88-c-k-c0x00ffffff-no-rj,,
d3e4f9bdbb6c42fc97b60148cefdb6e0,863,17458,https://yt3.ggpht.com/mXghbbjngZsjUTzKzOKlF2eWWLaWMwHNh2crxJwI6G71Dy5SuY2bP8oyWMqNBy84m35nv_sFyA=s88-c-k-c0x00ffffff-no-rj,3016,https://static-cdn.jtvnw.net/jtv_user_pictures/31d31f80-631d-4abc-836f-0b5ad653d4f2-profile_image-300x300.png
d407b30c72a841bd82af1f5cc8ec0667,8570,361859,https://yt3.ggpht.com/C-LTTdGpRni6tsn84I8JwmI9d0OWJ3Zv5sP9LaW8QqCMFTHLRAdkFbUd0fXg6pTi5GdHI0WUcg=s88-c-k-c0x00ffffff-no-rj,5474,https://static-cdn.jtvnw.net/jtv_user_pictures/16f98442-1178-4cf5-a0dc-50e6cafed4ca-profile_image-300x300.png
d418b8a185f449b3a15c1656ba654780,2230,152833,https://yt3.ggpht.com/qIgwYM2d2glpwtsz5VNZmjvzx5Zsp1hJib8P-uKYZDy260B_tZwexJybGjeepwgUFu_dfQrrbhw=s88-c-k-c0x00ffffff-no-rj,,
d41f0a9dfdec46929f6f9534f8d79167,4400,52823,https://yt3.ggpht.com/P51LgTR_toXHjtQGA1sAuUdo7ooecPDxG1YGzOL1NvET5pTOk1DtLcVcZyvX6FKt2TSvBvAPPq8=s88-c-k-c0x00ffffff-no-rj,,
d44dc8542b4f4dacab8f54b7e3483728,581,23993,https://yt3.ggpht.com/aUkQQ85GsAxOtvqjhz4e4OyZ_ijuxmrNRz0hNl0zy5yhl3jMp3X0pKDH2XAkpS-6w3DO_pjA=s88-c-k-c0x00ffffff-no-rj,,
d45c287a84b6485e8ff3400cf50f5db7,2170,165237,https://yt3.ggpht.com/Teexk1QBDtq3l-hCYIHlTGIhmXDnJLI0xIrgAiyMtROqftZ_Vr3DoOe52hEO9UY-HGU8Zm2mjg=s88-c-k-c0x00ffffff-no-rj,3735,https://static-cdn.jtvnw.net/jtv_user_pictures/a32c9637-6130-4dc3-b229-d83782a1fd1e-profile_image-300x300.png
d460f1ea172d49f9a23f3277a391ce30,730,4529,https://yt3.ggpht.com/b5U_tQ5RwAE1Ph_KPF7sXxCkDIMQLpNyyIv5bBsQzGKgvO6HYETaEot4QF0qmEtjE3cLHS5ByyQ=s88-c-k-c0x00ffffff-no-rj,480,https://static-cdn.jtvnw.net/jtv_user_pictures/a7a088f3-10b0-401f-af30-06f2ed3770e9-profile_image-300x300.png
d475848a566848dc9f6ad02707d87e2a,946,95440,https://yt3.ggpht.com/9QAv9K0ZLI61uJ4Dt-p-XkftKWBpl6XqRIi9JRFZUCmMJrEoxm9TxvjaAMaeER2uUAKqRaw1Irg=s88-c-k-c0x00ffffff-no-rj,,
d4b4a16e0ccc4bb49ff82c8584e6ed79,1250,42000,https://yt3.ggpht.com/UpYQtudK-FDoAbRa9jOSKmrmEz1051V7zp7lzKTToaQCfpeSmgGQa5hnKgSzSCp4bypQJT5oEw=s88-c-k-c0x00ffffff-no-rj,,
d4c077fa180a460cabadc4e2838d1855,1190,57580,https://yt3.ggpht.com/VnOmzrBpj0HHtUkhTE9BY-BjG4kFHD20jhT7niaEzhZtBJfAtyy7qOXrcuNhXVsgbFIm5k88TQ=s88-c-k-c0x00ffffff-no-rj,,
d4cd6eee95774ca389aebf3e783a8cd8,21,168,https://yt3.ggpht.com/3Mh8m1f5lngVnh1U8-rb22vxDQvFg6Hxds7cbN9vN7QaRTCJeoxOXjvJdXO7lF0qFkVQGDdLbg=s88-c-k-c0x00ffffff-no-rj,402,https://static-cdn.jtvnw.net/jtv_user_pictures/a35a6671-a19a-4135-ad83-1b86240c5fa7-profile_image-300x300.png
d4e45d5ea1bf4a3a887b9f99ef60fda3,1290,29492,https://yt3.ggpht.com/KtDbp1LbyV4mEg5lPGsa6MI6WMQ6m846XAyEk8S3ugNC4LA5-TbmhxEeSoK33JGhbcO7C4j6aw=s88-c-k-c0x00ffffff-no-rj,,
d50d9b85f098470c8220cd99de802b17,353,18871,https://yt3.ggpht.com/ytc/AIdro_mdEvIHkqmyJYnLcbuFSxjmu6VfPT4-aiqNhAI959kiIK4=s88-c-k-c0x00ffffff-no-rj,,
d552c8b266414973b7044a2bd737a549,1110,26735,https://yt3.ggpht.com/TpMvwCYHwFRyG2ciTAspRl1COu9lGfrwfojEFpgOEszzoGn6hZFoZZw0yXih1DnS8VE-Rz3eYg=s88-c-k-c0x00ffffff-no-rj,101,https://static-cdn.jtvnw.net/jtv_user_pictures/202fc159-a06d-4ceb-a9c8-ea383a0f49fd-profile_image-300x300.png
d55860f26114410c97af27ba1269e3ed,2570,124958,https://yt3.ggpht.com/vzx2fuF7TsOuFvZFqvOhxoBSzk5fCzBUjO9RJZ8sTZlXq80FMNQ13kKzp3D0AjjaY3OsQnoe9Q=s88-c-k-c0x00ffffff-no-rj,1437,https://static-cdn.jtvnw.net/jtv_user_pictures/f609e277-1c8f-4ae4-8cd8-3d2acd13ed12-profile_image-300x300.png
d564dc69725f4258b8b08d8d5df285a8,185,1022,https://yt3.ggpht.com/Y8ObxWIXjtjqW93D89cR_R3yErKtsKRu0OpjL3CK_OU_efr4n322h3beNkqTnw9T0T_OmHc_GEg=s88-c-k-c0x00ffffff-no-rj,46,https://static-cdn.jtvnw.net/jtv_user_pictures/8e9aac61-8e6d-402f-91b1-d45231229edb-profile_image-300x300.png
d564ef4ee383435787e18dee18247631,1040,43603,https://yt3.ggpht.com/_DvgxPlnzRGxQRZG7FtAVKDPonTFr39sHeWRhjKLgL_zQ2tpH5KGAhCjnW2uxfUrfX0P9dWKGw=s88-c-k-c0x00ffffff-no-rj,271,https://static-cdn.jtvnw.net/jtv_user_pictures/089a061d-1d6d-441c-8ef7-4ebdb3b8229f-profile_image-300x300.png
d573ba517ed043a780491c40a7aaa22e,730,0,https://yt3.ggpht.com/QhK0vpYTGE0cPUC_Exf67e44zo-WrYpyPBa4-TCNhmWbtvCnUEelHXjSgfMlDyWyn3R3JCRP_A=s88-c-k-c0x00ffffff-no-rj,,
d576c2396a004f3c8dd91baf14254898,2360,71887,https://yt3.ggpht.com/46XByPXIjuy3sEJGy5H6RuCta72BvlkidVJOEn9Tv3jOnT6e2ZbOi8u6AxsCHUc-tI8iHJJH-Y0=s88-c-k-c0x00ffffff-no-rj,2684,https://static-cdn.jtvnw.net/jtv_user_pictures/af35667a-fca2-46e5-a313-83ccbd250a02-profile_image-300x300.png
d57b7459ef5949ef96672a96fb33d8a2,1540,59215,https://yt3.ggpht.com/ob0pE5ymz34zy7vK-3PGkh8c9v-ik-2L7RpMELFBRuBdBasb0Yq4EN4iKZAkFaNTtWuFGL4UTQ=s88-c-k-c0x00ffffff-no-rj,932,https://static-cdn.jtvnw.net/jtv_user_pictures/c118f24a-74cc-4fa4-afa6-ae9d97e48ea0-profile_image-300x300.png
d5aa3e4d1b5e4346baaa0db456048bfa,12400,176164,https://yt3.ggpht.com/HdUjjckQjCV6CbauYP4SsbYGlKYVpWEqukj6zMbf793N8wQ9nkXnLcVJy_m5V0uMTwl6NBs6QQ=s88-c-k-c0x00ffffff-no-rj,,
d5c19a6328af48ba88bf41b2dd757f14,13800,557794,https://yt3.ggpht.com/HrG7QgwmW53DfPoqbQ3tb9IKtEZOzcmgBgQdlTCS_tEMcj7gT5u3uEs_SpKJQY6ht1cSdSXZuAY=s88-c-k-c0x00ffffff-no-rj,,
d5fdf5fc55d14476908e416e6d43c121,44600,2025098,https://yt3.ggpht.com/aa9Iqf9byzGivm6U-VM-aasLeR5uPXuJIntCvQPOeKZ1x5W2O8VHYU1_hzJdYpwrVR90yGYWJw=s88-c-k-c0x00ffffff-no-rj,,
d613059b356d4cc9b1c3e998f32d1a5a,447,17182,https://yt3.ggpht.com/23a9Zvb923loBKt1w149x7vTFjuu_oeWKThHY0-Aqr9vtocUc7sSrVgGrpVEn5053snCdpH3wQ=s88-c-k-c0x00ffffff-no-rj,4966,https://static-cdn.jtvnw.net/jtv_user_pictures/01ebad2c-967e-43fd-b65a-c444341d700a-profile_image-300x300.png
d6666443c70f478eb3008d28a33e0f61,152,3315,https://yt3.ggpht.com/NBD6kH9MRdOIc1Sz5o0ITNCDHlQWUy0MBHtQDELHOJRPJ9QZRIq0XvPABShcYz4RdVl-nVE-qUc=s88-c-k-c0x00ffffff-no-rj,,
d66fb507852f4d889e426c8ea0f9f246,783,16152,https://yt3.ggpht.com/4WX8KIK8FKgr9_Rqaj1SUaiRYKIHfopxEK5IEtFhxlvxxtvfKZ1lPORx2tf0hI3kpk9eVbmjRA=s88-c-k-c0x00ffffff-no-rj,270,https://static-cdn.jtvnw.net/jtv_user_pictures/49e2efd5-a6ee-4451-9f95-3789d3e43c7f-profile_image-300x300.png
d6827fe530ca4db4b748651c72e81ead,180,2396,https://yt3.ggpht.com/W_GVYCk0F9Nnnhusud11J2SylahBVcy6CFdQQ1oCMY6pWQVd_K1Ip03Uw8_HWYLqbjXiWZJxrA=s88-c-k-c0x00ffffff-no-rj,110,https://static-cdn.jtvnw.net/jtv_user_pictures/fe204c5c-ada2-4492-a48a-00060616a0a7-profile_image-300x300.png
d695f574875549f28432ee0a9bbf6235,742,6756,https://yt3.ggpht.com/Z7AAwUlKmgd0aFSVc-e_JDmrR6L3YQcRwv4DnellEKVEGENyRRBZZ2ZLxZG_o8btc3Z_kPr9BFY=s88-c-k-c0x00ffffff-no-rj,429,https://static-cdn.jtvnw.net/jtv_user_pictures/6d2f5989-158e-4968-b7bf-72660b74d06a-profile_image-300x300.png
d6afb902dbe04e35ab52f961f538f9bd,512,10783,https://yt3.ggpht.com/Z-BHwpnIzMFi81kwmSqvLC8C4HWAfGRpg9v7v808Kt7XC06RF0YOMRho8uU1iRQlM-z32iDK7Q=s88-c-k-c0x00ffffff-no-rj,109,https://static-cdn.jtvnw.net/jtv_user_pictures/f6e19922-bc06-437b-8f1e-cfa0c682f0cf-profile_image-300x300.png
d6c4708f6eb94ac6ad7668363b132248,25300,729807,https://yt3.ggpht.com/OsIXcahPR_2E-h9XjrI-9ZJCGj__Djn1EwDY5i4Bu3ES8YJtZMhg_l6lmdsGu3DWCLMu-SOUmA=s88-c-k-c0x00ffffff-no-rj,,
d70830a282b9446f89bc9d82c88b8db3,1370,108499,https://yt3.ggpht.com/AEgPVPxCuBZGUo5PzKZtZ96vl38ZgkFHccCevpHKrVS59QSaMzPwq_jZ1m8-_6kGCkBYzrCROSw=s88-c-k-c0x00ffffff-no-rj,234,https://static-cdn.jtvnw.net/jtv_user_pictures/59dc2bef-66f9-43f2-8f97-f801c3b79b6f-profile_image-300x300.png
d710be5717d04f2a995ac6384100df20,108,943,https://yt3.ggpht.com/VvO5yU4dar57WZMcQSh6165cYraNsa3bbJ9M-gxqCMP34dLMUsY1UN-_yxxJv8aA10eVlh_wYVc=s88-c-k-c0x00ffffff-no-rj,,
d748a977fcd24752ad9e038468713bf2,1560,36199,https://yt3.ggpht.com/cUkVHA30hRo1A7MhGj39hA_BYeNfd8sCYLVE89-ZCDXbs6dpomKT-nfFjjPox2MjuY-QR6i2DQ=s88-c-k-c0x00ffffff-no-rj,,
d766d15cb84b4aa9b33122097eefff76,1450,0,https://yt3.ggpht.com/rp42QHivVfIjLr_0DrYTns4wbuerD6h17JgPHJ90lPlV9R3sgG8-wJyIHmE6iEr47wC9iBka1w=s88-c-k-c0x00ffffff-no-rj,10993,https://static-cdn.jtvnw.net/jtv_user_pictures/326189ed-947a-48ed-99ef-b9476c26786d-profile_image-300x300.png
d78d72ce0aac4c9d9c5c16604209ced3,2490,90503,https://yt3.ggpht.com/0Zcfk8ik1SuLkwgqXqBKzZKoL4YZZQVRu9xsCFel1L2pmqvopGf3HREIwY5PHtzh0J8Bk5iM68w=s88-c-k-c0x00ffffff-no-rj,,
d792696470b54bd4947a59b10759a636,891,40321,https://yt3.ggpht.com/zrNeCfBxs-SXQaoDMN_o9HqbMT55bQZSZgTsYGl9xmKxEf5b-PSoD34HqnD34rVlpI6K13vQbKY=s88-c-k-c0x00ffffff-no-rj,,
d7963784d96543e28a290361d38efe30,1460,89669,https://yt3.ggpht.com/GYOS8uEb5hx5AO9dzlP-0zSw7eUYwhg7FjWIAush5uU6FWC6wyRkrAYadxdjDzfhJe5s0g982w=s88-c-k-c0x00ffffff-no-rj,964,https://static-cdn.jtvnw.net/jtv_user_pictures/6f75c6a0-5f5f-491a-855c-6c7feca17736-profile_image-300x300.png
d797701ab1564b62906f91a341134a9e,43500,2551944,https://yt3.ggpht.com/Jfzr5vByihIBJ1683B-_S1GKB3kzuQqTozKi5uXE_6bKsu0stDer8tJdghQWRD4Fy5j7jNmoEWQ=s88-c-k-c0x00ffffff-no-rj,3184,https://static-cdn.jtvnw.net/jtv_user_pictures/4a3ddb64-f1bb-49cf-96ac-a884db9df4f8-profile_image-300x300.png
d798cb880a814f61b472559384756a2c,191,3131,https://yt3.ggpht.com/roMkEbehKPLLvWeEI8rZZbeVuYA_trObf6phS44fwhWyVFv8hPfuOdPVkSradDm8KxZwzhOW=s88-c-k-c0x00ffffff-no-rj,,
d7b96c6024ce479f9b8f8c0a5439c9af,634,9554,https://yt3.ggpht.com/RW3LGy8bniM-93X63jT4vjXP7z8qZ7qEBg6QNcvSIb8dW2kPPeprhdbFxDGSubMvqBaM3GG3k5E=s88-c-k-c0x00ffffff-no-rj,1855,https://static-cdn.jtvnw.net/jtv_user_pictures/9d4a6805-b20d-4d50-9746-fd37f4e3b358-profile_image-300x300.png
d7e9a44c2bbe439b9f062d64dc1b96f3,644,25817,https://yt3.ggpht.com/p2CKgosSSdeBevqd7Ej3sXBznjjCAA34xXfVPL1V_3FzDbnKoh263cWXwQWqfKmmvXGf5XCtYxI=s88-c-k-c0x00ffffff-no-rj,,
d8008bc6129d49d4bebfe530c4d02751,2380,0,https://yt3.ggpht.com/Qk3eoYDUFQDJQrDG1A-yMTjIYGXfBbwJPZJ2c9m1Y_4AZ0lAmgAySweVNnUA-2z_wLfke6apkLE=s88-c-k-c0x00ffffff-no-rj,,
d804bcd787db4333bca9dccd268ed32a,,,,2958,https://static-cdn.jtvnw.net/jtv_user_pictures/03f38e17-943e-4170-a9d3-34df7d4739a7-profile_image-300x300.png
d80f5bc1e3ce4c35aa3eced40cc3bddc,2430,55628,https://yt3.ggpht.com/rpy9L0414LPvk3xVd3yGqC0WTW1iPWfzGi_paRbem4-CZrrNvQce-vAokowNTu8Q4o2bU-50=s88-c-k-c0x00ffffff-no-rj,384,https://static-cdn.jtvnw.net/jtv_user_pictures/3f23d970-13dd-4742-941b-0e52c504c1d6-profile_image-300x300.png
d81d1032a43642eca36e82ba9a3c39c5,31200,1183282,https://yt3.ggpht.com/74kwK2WTCjYBAg1k5wY2Y6rPhzb07dp8Ag2MpTD3ocRHNJUoPNKB0JZhoxaT7qmTEyghfRDtSR8=s88-c-k-c0x00ffffff-no-rj,10545,https://static-cdn.jtvnw.net/jtv_user_pictures/7cf8c0f5-132e-47ef-ba1a-b22b18773e8a-profile_image-300x300.png
d837e8fda137492c9d77882b98ff863a,212000,51200091,https://yt3.ggpht.com/4kO_O9X8R_XJj8VgNgN_8rAWEUJy1T57Y14XydW-LhYeoxk3GGwAPV0IYRUY4uJbtRNinM3_=s88-c-k-c0x00ffffff-no-rj,16106,https://static-cdn.jtvnw.net/jtv_user_pictures/adc3654d-4dbf-4cee-89bb-2c0975d67709-profile_image-300x300.png
d8520b0d7b424141bf19b3254d264960,286,6629,https://yt3.ggpht.com/HEddTTE1pu5Cs4NBW4CLWnuXh8291Bou0j3u2GHmpAwxklR7-fkyHUD5DfT5AvlRJleSHWq_TQ=s88-c-k-c0x00ffffff-no-rj,,
d859857097fe4e9d90a2d840c0e7fca1,310,17935,https://yt3.ggpht.com/ocWfPGUAZmG-7sn8l6g01tTgi5_RS4JnczgT4U6cNqgctU6xbUN_qsaX3EiWSk3k9iM6KCdnPro=s88-c-k-c0x00ffffff-no-rj,232,https://static-cdn.jtvnw.net/jtv_user_pictures/96f880de-0f3c-4ed1-83da-3ecebb59be02-profile_image-300x300.png
d889f67fe7b84a38a9742ab2a47f346a,2990,134277,https://yt3.ggpht.com/ENgoLiciprMrClGRqvUz20pGNsvJtNPLWFGbaLHU1ZlPRReqs3_RqE5vEYI2iU3CBI4k5C5Njg=s88-c-k-c0x00ffffff-no-rj,2779,https://static-cdn.jtvnw.net/jtv_user_pictures/e0314b95-ce39-4e55-b91a-56d720c090b9-profile_image-300x300.png
d88c3cbdb65940e69a3feb152dc93d6d,317,1086,https://yt3.ggpht.com/l9FYQrAIlGFZ-H4HJ4dk-Km4AWtIdrHOnurM0P_u1elfLhnihBVgeo49lQaTO3mHU8-Pu3G-G08=s88-c-k-c0x00ffffff-no-rj,339,https://static-cdn.jtvnw.net/jtv_user_pictures/662df65b-57eb-4a2a-8bfe-24ee7884c47e-profile_image-300x300.png
d8b0b4e36c614d328620461a295572a1,819,36110,https://yt3.ggpht.com/3AJ_T5LwH-7aHgHoZHQczhqaajHBAwn0omfqSw0OS0EwWxmPIUrzs_oV4X9QsibHlj0CUgOZCw=s88-c-k-c0x00ffffff-no-rj,132,https://static-cdn.jtvnw.net/jtv_user_pictures/ac764205-f68d-4f1c-bd72-b026cf565cb3-profile_image-300x300.png
d8b5835bc6aa46119cc7ddd4447e780f,220,34911,https://yt3.ggpht.com/cZkM2lkUvVi-abnQyYxhCshCI4HhC7uWV_Pq3wet-8nSBi83uMpFwgUQFFjUQVYh4-GvHbixtA=s88-c-k-c0x00ffffff-no-rj,1922,https://static-cdn.jtvnw.net/jtv_user_pictures/9ff28e9a-6751-46c2-b385-c5e4af5a52bb-profile_image-300x300.jpeg
d8fa0fb407c043cb9b65ab66c2221e8d,195,67990,https://yt3.ggpht.com/_2BuiauHkzJnIxlLlRvp-rC-B5kGCD57uIpUd96Y7A5J_iOttyDNXrrbDk3s5TwXfkLqw_PJ=s88-c-k-c0x00ffffff-no-rj,2092,https://static-cdn.jtvnw.net/jtv_user_pictures/931a5fae-1bd7-4e2b-95bf-ae15edb5d1c4-profile_image-300x300.png
d9171721f30c421cb182deba2fddf18c,57,1821,https://yt3.ggpht.com/EzvwiitHgSfAJJe3t7vsAhGuSwhhJaTe9FiH949mdsHAlqsXdzxChVTNrONgZ8lNYDQILi2SMQ=s88-c-k-c0x00ffffff-no-rj,,
d91ffcc2823f4121a2caa347a8c2a507,,,,837,https://static-cdn.jtvnw.net/jtv_user_pictures/9820f690-95fc-4939-b4a3-5cd8c97ec2db-profile_image-300x300.png
d9205a7681c74bacae6e0c413aff1ab1,2540,73306,https://yt3.ggpht.com/B4Bf6jMX1VyBXsB7RYFwppqVzzRd_fV5L12QKec4JWXpCxNr2XcF0yH0WO0DKAtYcqP2GZ4b=s88-c-k-c0x00ffffff-no-rj,,
d92c3f9d55fb49e0bc29039b70da5dfb,144,1332,https://yt3.ggpht.com/RgDarVlPLTB8HenRPqnnfgCFDBVMroDhow-s9ChbfxmeNIY_4-rwPQVujHRVzf6Y9-n8H8YO=s88-c-k-c0x00ffffff-no-rj,474,https://static-cdn.jtvnw.net/jtv_user_pictures/e9a895f9-0607-463a-a6f1-3300c7408ea1-profile_image-300x300.png
d93ec185504e45e2894865980da489a9,,,,1315,https://static-cdn.jtvnw.net/jtv_user_pictures/4e61646b-feff-4c42-b71a-adbbfbf041d1-profile_image-300x300.png
d95e3d9eed1a4e87a736a882a1fb9288,2500,233082,https://yt3.ggpht.com/pLOs9ZO7Or_G1OnHJcF670ckrH8fBP7ODgLzpCRvatlWhv72fxD_3-zfspNpBNyV1xhUGHrV_A=s88-c-k-c0x00ffffff-no-rj,72,https://static-cdn.jtvnw.net/jtv_user_pictures/6f127809-a16e-4675-9c9a-e883615cb6bf-profile_image-300x300.png
d9672cfcc1be4d7da82a1333849d52df,36,151,https://yt3.ggpht.com/IUaDbZMlq858XsVDHD01Dr31bG2XHxdPUzjs4InPGihYFQhTTGeHCOZIZpKPgBeiSQGQ-RCn=s88-c-k-c0x00ffffff-no-rj,13,https://static-cdn.jtvnw.net/jtv_user_pictures/43a1e576-de83-4c0f-a5a1-e9a4db1d93af-profile_image-300x300.jpeg
d96ffd71ce0d4f508b270703149a6669,4870,167653,https://yt3.ggpht.com/yiWla4iHdK76Egr1BJUNzDJipN_ibnqb-RGi5VUm7Zy6WJt8rIm4Dhh2Ycpwupe-5iRkjw5_=s88-c-k-c0x00ffffff-no-rj,,
d97c620f77bb48f990dc5b1c9ad10c75,63,166,https://yt3.ggpht.com/9-eMLCn8ImtFb8x3QTx9a8y5N_kXQsKH7VMl82qZJjIt8Sz2PiRfAiy4uDhNL8qYi0PDg48c=s88-c-k-c0x00ffffff-no-rj,200,https://static-cdn.jtvnw.net/jtv_user_pictures/57c67fd9-5853-4dce-9a69-86640437a0ac-profile_image-300x300.png
d9baa82223d04494abd266da86171d95,793,0,https://yt3.ggpht.com/sZf7eiIbygVT0GW5J7KxWGx20UpoS6H3HJK1j1GYYoXACsSkrdL7C6yv4n1yAF8mmiV-gQwu=s88-c-k-c0x00ffffff-no-rj,653,https://static-cdn.jtvnw.net/jtv_user_pictures/861b0262-a3a0-4618-aede-1d9bf43c1d70-profile_image-300x300.png
d9e5219a4cd84ac59bc35faa94729f01,8290,308584,https://yt3.ggpht.com/jciz6G8K2xGFFZKZJP5nhblngc9EkwPC7kRCOaJ8nyTKPYHQk75D4oci62PvkH0o9JCUDywF=s88-c-k-c0x00ffffff-no-rj,7737,https://static-cdn.jtvnw.net/jtv_user_pictures/3acc8b27-7d67-42f0-a075-e00cf381db93-profile_image-300x300.png
d9f302ca07b54664a88124d64442abac,40,7258,https://yt3.ggpht.com/ytc/AIdro_nCVjOupKouS1AKNlDh-ZWBd1ZONVhvyP-eiVOUetiD3A=s88-c-k-c0x00ffffff-no-rj,117,https://static-cdn.jtvnw.net/jtv_user_pictures/23848ed3-417b-4486-be1f-3e393dbfce75-profile_image-300x300.png
da028e87249944c2a8c86defb7ad3919,312,4349,https://yt3.ggpht.com/SGY2Lnm8AF50_7P-sbF4oPubpWbwafDmxv_Vx0Ao4Wc75dnbX_QGiay78s7WKhZPop9O2F-wNQ=s88-c-k-c0x00ffffff-no-rj,,
da165e838dfe49aea3f91457f3825657,409,8889,https://yt3.ggpht.com/gM6Q6uaUcDZnASSQdWedNVZkORMlSntZCQo8xIaQhcDsy5fAjcs8W-qlK6iqdcl0i-swS4nCnQ=s88-c-k-c0x00ffffff-no-rj,,
da189f9d282e4c31a4a8024d11fe368d,3100,127497,https://yt3.ggpht.com/aZj-MAAjSWGIvPx5FFNIukx-JYHM5LdZaQBvCzpQ_j8d_tZKWovRL0uQf3zHqVyrYPCivhXkCg=s88-c-k-c0x00ffffff-no-rj,,
da3a3993bd8946da824d66d5a5d456e2,6350,312123,https://yt3.ggpht.com/XGen87-SwBTcK4iTFje1x3ABYHBeBD75EIBCL-muHT34uKBXCjNiSLMVZ-8jLTrsIWXh5EYSQQ=s88-c-k-c0x00ffffff-no-rj,,
da3d722ffea34b5b87fbb62c6026cba2,358,12843,https://yt3.ggpht.com/c0SKql_TGQGFE3luA12RB_3dl_nyfPJci62jHq1KDplJLZHMgDU6SUEUBTNfdnof_T2zuDKeqA=s88-c-k-c0x00ffffff-no-rj,138,https://static-cdn.jtvnw.net/jtv_user_pictures/d2595770-3242-4ec6-b54e-d1219f0f157d-profile_image-300x300.jpeg
da4a58b114b94469a0a93f6b8ee7512d,17200,451722,https://yt3.ggpht.com/N522tAzafaNPlkpQJ1DmBW1CGdpR1aeP-5cCxRbA9d6YQGSoLsQru-NAG_jJHRhjyjrkoHr7Ag=s88-c-k-c0x00ffffff-no-rj,11819,https://static-cdn.jtvnw.net/jtv_user_pictures/02d60e18-3df4-4d13-b4f0-712e5a1d9a31-profile_image-300x300.png
da503b835e2a41d58433ebf6960db356,1600,56542,https://yt3.ggpht.com/czkpzYk77eFzcL0ajd_-u2in769SFyrvs33CUDkWUEt0f3AywRRlky7KIqAaJ8jXRJfDtcrB=s88-c-k-c0x00ffffff-no-rj,802,https://static-cdn.jtvnw.net/jtv_user_pictures/e83f2529-a40d-4e8f-8af0-7529845306c2-profile_image-300x300.png
daa0d327175a43dc9bb627bc6db7de56,,,,1333,https://static-cdn.jtvnw.net/jtv_user_pictures/bddc028c-aa33-4070-8f3b-c371479e5b1c-profile_image-300x300.png
dad6fb7439d744739755a9a7c6c18d20,22500,1730287,https://yt3.ggpht.com/Nue9C9Aq41WZr-dmQwKkl596UagtLn50baloEG8KqDKcsUPwv8_9YI4DpLx_GM7FFnPVuIzXeA=s88-c-k-c0x00ffffff-no-rj,1673,https://static-cdn.jtvnw.net/jtv_user_pictures/dc0326ff-7c77-4d25-9c7d-96d61418fe6c-profile_image-300x300.png
dadb89bee9044261848ad444625d94f7,2740,29322,https://yt3.ggpht.com/yZLwzg6tjHG-10QQMx8KwbtZZPklVDht1Y1t13pgUrh0DmvVOY9oONlBW6P8AnUzDNpIJQhULpU=s88-c-k-c0x00ffffff-no-rj,,
daf01d921fcd4d59876e7f574a083aba,2500,50945,https://yt3.ggpht.com/gFH0mI5q1jvGDJ8bibEH6ODYVjR177Y3xVBsKXiDhK53nzNy8Vt8mCeJurc9wi2jFaqg8Wbkz_8=s88-c-k-c0x00ffffff-no-rj,,
db2f279f9960492082f3ae6ad20aca91,1800,42694,https://yt3.ggpht.com/ytc/AIdro_kzhWj-7EFWDl_v__5pbVOXjtfaSSLkI83LnsgX5mPAmx8=s88-c-k-c0x00ffffff-no-rj,510,https://static-cdn.jtvnw.net/jtv_user_pictures/5fea9ea6-0726-4460-b400-15fc28d883be-profile_image-300x300.png
db3a6f094c3146c2ab6f2f267337f132,118,1630,https://yt3.ggpht.com/5k228ga7_q6o-DXZH4Bp1y4ECsCI9GFPQv9ezRYeQbJ9sLarTyVBzCGc2kxbpIqpZtZPy-n5fQ=s88-c-k-c0x00ffffff-no-rj,777,https://static-cdn.jtvnw.net/jtv_user_pictures/879db9cf-5d9e-4a2d-8b29-cc15a20462f8-profile_image-300x300.png
db4fd03c50654057bd32b9201666b345,2930,118802,https://yt3.ggpht.com/ytc/AIdro_mmqOfIVYW_dSAYP_M3XM3AWAYYwFpvwcMk_Wx4OqMohU4=s88-c-k-c0x00ffffff-no-rj,2313,https://static-cdn.jtvnw.net/jtv_user_pictures/4f5306d8-5745-4a3e-aa45-588cbb9d8091-profile_image-300x300.png
db52957b67e94991b36e41e4a20fb52a,1040,0,https://yt3.ggpht.com/jXdtyDxCIg8TgUrQ0wU95hSqw6LkcRUi70spx2fme8FXxfxx8rp2GlbCprIYGTr9evps1BXsGo8=s88-c-k-c0x00ffffff-no-rj,51,https://static-cdn.jtvnw.net/jtv_user_pictures/1a112e08-3755-4f00-bfe4-40a44d0a2570-profile_image-300x300.png
db67d9cacbcf4797ba2d41a6d115e2ff,647,36264,https://yt3.ggpht.com/VMMGMNtAp1TXQq3wXGcYNaUIZTWgt3VAZuDj50UzcfIjo2hqiWzs8XRts4irvFjyTCWHDP8r7w=s88-c-k-c0x00ffffff-no-rj,,
db6b14a0319e4f639bfcf8d4309c064d,,,,2647,https://static-cdn.jtvnw.net/jtv_user_pictures/d7c3ea6a-3232-437d-b075-fd145efcecf1-profile_image-300x300.png
dba1db65ba874e18a33d8465d52d8f2e,2840,86321,https://yt3.ggpht.com/lnzHvZxdisFd8X2td2Yz7Fczo39TciLPYMju87EKW_4M_wrU3HxH5szJHH5gDKjwm0JzD9uH=s88-c-k-c0x00ffffff-no-rj,,
dbabd28a98cf447189088251a5b973d4,1790,30159,https://yt3.ggpht.com/oTHGhff8IOTfHQnfXSRdxDsBp07MuFG7-rX39ErBwzj6WaM915lA5ofufmxwg1v29L4oPwhf-to=s88-c-k-c0x00ffffff-no-rj,231,https://static-cdn.jtvnw.net/jtv_user_pictures/d76b1e38-c221-41f6-acdc-60b84a672edc-profile_image-300x300.png
dbbb8592c30840c8b00ae8091a684e5c,117,1466,https://yt3.ggpht.com/Pd3uTBje28WzDnjvoPhHX-Bn_GKJPB7wm32bcxIWDkFI-1vOroaf9w7TEGj3Lwu7Y5BwB0s7eQ=s88-c-k-c0x00ffffff-no-rj,924,https://static-cdn.jtvnw.net/jtv_user_pictures/74a97472-9575-439f-a8cd-aabef2645797-profile_image-300x300.jpeg
dbe3f9880dec4a03bcc1943343455a6c,1260,49798,https://yt3.ggpht.com/P04CP5bNUF1F-3xUfl3Pa8ihPfDom8bB08JFC88N6q3uodgfoDF5k_IsTG83tadEmXxQa-2a=s88-c-k-c0x00ffffff-no-rj,,
dbf7b5a346e645f7be7d0d19d2193bc5,322,22814,https://yt3.ggpht.com/V2jlgKfl5jbLvcTITCNWa3cdFSSReM-dcYFah32iCOGSVUw3tw0c5NlBp2vcWsi8vQuW3PAD7Q=s88-c-k-c0x00ffffff-no-rj,,
dbfaa5f3d01142df8a05c4946a0a22dc,1440,63031,https://yt3.ggpht.com/uS7yaTv-uko8SlPasFUKMrOix_BlzaY-TaQNsEb-SKnqpVbldWf1F8jS04BzoBOgYRyVGw26OQ=s88-c-k-c0x00ffffff-no-rj,,
dc0f8e297afc4531ac04e46808f7ef6d,204,15901,https://yt3.ggpht.com/XwPLF3wox8aX-SnB3wk-13ciXu0Ew4lpgDbaQz2l5E2w6LP4jTpL3UTtI-oCau7BhRUaB5EXiQ=s88-c-k-c0x00ffffff-no-rj,1050,https://static-cdn.jtvnw.net/jtv_user_pictures/4d663023-1677-493b-9207-9d930bfe2311-profile_image-300x300.png
dc27d7819dac471f907e0ace5131580f,174,3875,https://yt3.ggpht.com/dNn0VZN4dDGWzacUknic49sOv1mzd4ylMgZ1WU9AjGj8xnHXLDs3IFXs7x_NZd9v6DcAP094wA=s88-c-k-c0x00ffffff-no-rj,1130,https://static-cdn.jtvnw.net/jtv_user_pictures/dfcbc630-b4df-4884-9697-1332ffc563cd-profile_image-300x300.png
dc3e05e0c12b4e0a93dc230f30925ee0,6640,178082,https://yt3.ggpht.com/P-I--fHV1_gd9dy0YgKHOGftAiR_QCa_BbZhzAC-Sr0m-mf7xMcp6DzPd7veJ8vDK1fNad4d=s88-c-k-c0x00ffffff-no-rj,5784,https://static-cdn.jtvnw.net/jtv_user_pictures/bcaa3eac-b5c0-4ff2-b0e2-a8c10c133ca5-profile_image-300x300.png
dc8226bfc9c64cf5bc768f387a41c48d,1270,12830,https://yt3.ggpht.com/jxGFLzPZx_wmYOVlSxy922ylGOzTgfZABhMCVMMsmig7ZPYH3b92enEGS0EISF_yIzODSGarbg=s88-c-k-c0x00ffffff-no-rj,,
dc97af965a4942d281cc7365805233f1,119,2362,https://yt3.ggpht.com/ViXU-OZFzdP-T1Y_nWgLkdtac_DeyOu3mRlqZTaoGITYiTxyrgsuA2Dew59-dpxDyBwuKwxUUOc=s88-c-k-c0x00ffffff-no-rj,,
dc9cd2bc942d427d8cc73370d1194f9e,186,11744,https://yt3.ggpht.com/nEY5WxhTgRVnqpCD6gc-tNpMt22pJqkEQAwGO8-M0sRnJ8uN46zkhbG6SQTXgoxR3KPRxrr5=s88-c-k-c0x00ffffff-no-rj,,
dcbe7946e39e48bcb0b725de64a445c8,3340,141126,https://yt3.ggpht.com/7i34WkfBF2lDIuTIKF3snHvuym0ydhlx5yPUrJcES3lDOYVIMfcyvLIdDwOVkOjDlusiLGTH9Q=s88-c-k-c0x00ffffff-no-rj,,
dcebd098c3ea479ba2b0e32a2696a5ec,18000,588835,https://yt3.ggpht.com/ZJb60BWDfavs2UifIkHrr5eno86dD49gFepeTHm66Y76GKzXEPFF1vNeez-qlEYNz9qM6gNAwA=s88-c-k-c0x00ffffff-no-rj,,
dd0401d23f5444c69b9d10db3b22d444,582,16918,https://yt3.ggpht.com/aN_r-jWx5hGxqsu131DtnPtkAKd5cppvoncGlDv3F-2gcGE4VBK6-1L7AZSLmhzOMpKyEHRolg=s88-c-k-c0x00ffffff-no-rj,21,https://static-cdn.jtvnw.net/jtv_user_pictures/762ef5e5-2bbe-424d-b81f-b0dec37e1c58-profile_image-300x300.png
dd9bf471b0304627877f38daaec5407b,101,286,https://yt3.ggpht.com/ifKDGWMaIRGFqU30q5gFom06OXPmp8eEROg65VLnF-n-SJBMmBeiK0kQPstViypFFk6_cbSglTo=s88-c-k-c0x00ffffff-no-rj,924,https://static-cdn.jtvnw.net/jtv_user_pictures/d5893b3a-0223-42e2-aa3f-d484346237b2-profile_image-300x300.png
dda9d5733f5f49f4aa77f147640040c3,45,187,https://yt3.ggpht.com/21o_fBmIHbb6TH42sOP17h3tCr2jKpWF2Cm0ruKTQAV5HgfWGE37cG-MvbTP3trp_q4yebjPbm8=s88-c-k-c0x00ffffff-no-rj,544,https://static-cdn.jtvnw.net/jtv_user_pictures/ddbba0fb-3435-439b-a28d-3e8e15c3eb1c-profile_image-300x300.png
de0e98c9266449b7874a942cbbb63a0d,25100,1756216,https://yt3.ggpht.com/h0hDgTKMcY5QRUzeRQCB1aYjHjgKy7WuHNzeSHNjii4-1zMVByRIXYSSdzk23wq1rXM01XhU=s88-c-k-c0x00ffffff-no-rj,3167,https://static-cdn.jtvnw.net/jtv_user_pictures/23e4c763-822a-4868-b164-ae53e66da391-profile_image-300x300.png
de1fec02e4ab43aa948a415621abc524,1420,87398,https://yt3.ggpht.com/g-upDK3tRRAMauGaie1nFZJuShwjBy0yTqGjA39b96WZgYgXtvuW1i0Bz0MSzKyAhrRgVjov8A=s88-c-k-c0x00ffffff-no-rj,,
de266b34e79c49b48fa566e9fb1a24af,16900,894116,https://yt3.ggpht.com/d6h6hRGfxZuzVnPD_yMEM_x94Z3JXTqeeuQyfsNEAD7gonxqjoBFY0XUsH4QyborHZLpL7WcNQ=s88-c-k-c0x00ffffff-no-rj,491,https://static-cdn.jtvnw.net/jtv_user_pictures/9996e38b-0c0d-4f3a-a914-99c6c8940d21-profile_image-300x300.png
de362d2d371446d898953e74e27abd2a,2710,253566,https://yt3.ggpht.com/Zxb-tvQuvqMAq5xiZI4RMN1WudmRQASh24PaPA-RcKJPeq9L_2haTGWkrMI7MadEfW_1uk-MR2s=s88-c-k-c0x00ffffff-no-rj,,
de49994d9fd14067bf9ea5b4fbac7229,1050,25303,https://yt3.ggpht.com/Vilv6N5ljqjLjvVo2CnogORcUUiBDIAcNEJGaRWOZRaKhePNyHPgImcHhVCybIp1JobzF75YPA=s88-c-k-c0x00ffffff-no-rj,365,https://static-cdn.jtvnw.net/jtv_user_pictures/eefc1b21-83c2-4e08-aee8-15edcae75805-profile_image-300x300.png
de5f8aaf92814bb79eb91adb0efc8f1d,226,10018,https://yt3.ggpht.com/qqDv8VHexMxDn5emWpktQOnL-uPgOqOQ93wIvr4LVCNtjkE2lm8bzLv7uaT2FouLjFBrxetE=s88-c-k-c0x00ffffff-no-rj,,
de610557c5c041df85e41e7f2f5490f5,1880,4582,https://yt3.ggpht.com/8NxAJKU0pSaFQxrK4YEreHndojPrcX7mkD_PvzEenzVw4_kVFJGsk-ThjzYaUIkmRztQnKcD=s88-c-k-c0x00ffffff-no-rj,,
de6ab52e6aca42d2ab88274244e772fc,755,25005,https://yt3.ggpht.com/ytc/AIdro_kJB2xhMahY44E5nwVZ0iuZh8BS7-GrkquxzIGp3BH_vg=s88-c-k-c0x00ffffff-no-rj,,
de7f8ba1753d4e4cb95e6ac99007eacc,1300,27446,https://yt3.ggpht.com/CUYEYYCf2-fWNeO9pnhtWx4pyzjx200kh7MMFGMHBSqrl1IaMfk83F5K_6q_jNVijewJ2blk3ts=s88-c-k-c0x00ffffff-no-rj,,
de81b740d66c439685aa37491d27efc4,4860,454643,https://yt3.ggpht.com/ytc/AIdro_kKx2b33a0_ATNh-fhM9Jdk2SShTpBCkGsjoNuliizSAa4=s88-c-k-c0x00ffffff-no-rj,4334,https://static-cdn.jtvnw.net/jtv_user_pictures/177dba77-0480-415a-a6db-d0594f38e221-profile_image-300x300.png
de8c5ca15afd4534a822e5a1a9c2784e,193,1783,https://yt3.ggpht.com/XGiBYZNu_2TaJy09Z3N9Z8f9sNpXshgs2ubluTZ3dtPDEy38seqeqosSD4KU-NjRFZtAB4PdT7g=s88-c-k-c0x00ffffff-no-rj,1943,https://static-cdn.jtvnw.net/jtv_user_pictures/be71cfa0-4ece-41c2-a6dd-ea62b23e2d5b-profile_image-300x300.png
dec8ff1f1ef243ccb8fa65edb7a813bd,636,8163,https://yt3.ggpht.com/P_BLJr-8KnGysD9hX0952bT1Z-PGsetuExS8V2mpTEjuJ8yYZ-sb54t5vI3trWtmQE0W3QXAfQ=s88-c-k-c0x00ffffff-no-rj,336,https://static-cdn.jtvnw.net/jtv_user_pictures/bec56273-be29-4a6f-a874-368390d57e29-profile_image-300x300.png
dee8efe8990e458c915e4f6a6a16b49f,43100,5084865,https://yt3.ggpht.com/_aFdTRPzBhJBOIMSmqerr5fep93vaoEp89hK9jQ-SIIp5fDv-aWuzQsWPHg5-HNLD24eROdRWQ=s88-c-k-c0x00ffffff-no-rj,3338,https://static-cdn.jtvnw.net/jtv_user_pictures/c5a1d7ef-351d-46a4-8c54-81618a0decfd-profile_image-300x300.png
def76c5c31fe4466b5ae6e6940ae6e58,3570,354929,https://yt3.ggpht.com/oCGAqum_lRJEgYGNzcxAW4JzI1RspGiOSOzP5VUb9Umx3ZwDR3fV3qMNce-MkqKSDBVGCAYhWQ=s88-c-k-c0x00ffffff-no-rj,,
defbc693cb874182807b768593439616,571,17914,https://yt3.ggpht.com/fjTjvBjYklcyO4Z3Bmazw7aeqxg98jlAvNHQCsYxckg08JH_3A2weP1uejP-S9KaaMISTba-FC0=s88-c-k-c0x00ffffff-no-rj,1458,https://static-cdn.jtvnw.net/jtv_user_pictures/2d3fe304-1cb1-45ef-b048-5e3048a0f453-profile_image-300x300.png
df02d1a89bc74c928c825773996bbb7b,41,1753,https://yt3.ggpht.com/ef7qcbobhOi9zVXDha1deCPeDr0beX_fuY2-r-RG07uwBmIxKsYocrzqxPbfIkvELZaPXURAtg=s88-c-k-c0x00ffffff-no-rj,984,https://static-cdn.jtvnw.net/jtv_user_pictures/3799962a-c993-4b84-812b-4c72414109f8-profile_image-300x300.png
df079afa77ea4a65baedaaa701936050,194,0,https://yt3.ggpht.com/ytc/AIdro_ldFcyN868oBCdkKWbgSV9rPIyBBgyaOi3iUuI6hAt5Cw=s88-c-k-c0x00ffffff-no-rj,,
df0c2ce19ccf4e26ac1a18065f85dacc,7800,427608,https://yt3.ggpht.com/iMD8pQ5FCNnBWCBspL-KI_bjimD8RWjyImxy2FVb9W78qrny1mnlZPZdfJ1F28vfdXTfrn3NpA=s88-c-k-c0x00ffffff-no-rj,,
df49a373151f4d21a118829e7ee471c0,87,0,https://yt3.ggpht.com/ytc/AIdro_nZd_9LPzdXKEnueM12lhYJQp6teUBgQ0ZRdGNQjhw7h_4R=s88-c-k-c0x00ffffff-no-rj,1650,https://static-cdn.jtvnw.net/jtv_user_pictures/ac4d4160-56d1-4bb5-bd8a-643437a5dc81-profile_image-300x300.png
df4db34100964e258eef7ba08b7571bb,230,7765,https://yt3.ggpht.com/sTfnLR4xJPRIA_uyF7_1EQ-vAhtg5V7kWE1X6odVILAx8HrfcKqT2M4595A69-n8q6yv7UNnWCo=s88-c-k-c0x00ffffff-no-rj,,
df6443487ffb4142aea2b053b4aa8db7,238,12515,https://yt3.ggpht.com/OwGn07yTZeFweSjOX6XUiHy5DeZBH6pKZcfYLX11Xa-0qhr2vkuHmyAmKJeu4TsXQkBYSSelgw=s88-c-k-c0x00ffffff-no-rj,1462,https://static-cdn.jtvnw.net/jtv_user_pictures/16ec36db-6eff-451f-8c9c-e3288aa65716-profile_image-300x300.png
df6e2520044744f0957a83db74b386bb,571,15439,https://yt3.ggpht.com/xpAc9ZbGRxXnG29f8AQG2Il8hhy5nieHTWM07jEjAxd70s7013jQZIo45BWqS03AE0sKpIhGTtw=s88-c-k-c0x00ffffff-no-rj,,
df7b08cd72224681a63e6e85e0753132,281,17785,https://yt3.ggpht.com/24qP5u5lFHj-s_-Y6ws_Khf-SMCXa4OCz2iCT3OPaOZIfsc6YiIAPWSEFIcWU-GDNqmD5Qhx=s88-c-k-c0x00ffffff-no-rj,110,https://static-cdn.jtvnw.net/jtv_user_pictures/9194b9ca-5c0f-4149-9e7c-0a6ef7f79ff0-profile_image-300x300.png
df7bcc29e3204005877b25cdad9206b7,1710,79863,https://yt3.ggpht.com/beYeq-598we1jMk9rP6b5bML81h1TkV8frswjVuu4AEdS3ndqQUxzsTiXnTBy8FnjOJMotwbFQ=s88-c-k-c0x00ffffff-no-rj,,
dfa5fefa546a40d5a677ddfff02ff3e1,296,11980,https://yt3.ggpht.com/22jgT3OGWN4HTOlWZvarpqvUlvxtcKrtISzIBIXqKJWR0DxExfCFntF9Ox-NnCB3Qf6xfe-Q=s88-c-k-c0x00ffffff-no-rj,754,https://static-cdn.jtvnw.net/jtv_user_pictures/e5de5113-18b5-4553-b7f8-e879d5eb4ea7-profile_image-300x300.png
dfb8234ecf8444e4a4732d53c17cd3a2,50,653,https://yt3.ggpht.com/Np5UF3m7kVjWmoyPLFwW6hw0o9m_mGQEqELlyRMEdhtgAURvkTPua17zkGzkRwiWnjyZtGkozPo=s88-c-k-c0x00ffffff-no-rj,124,https://static-cdn.jtvnw.net/jtv_user_pictures/7ff033c2-47f3-40ca-bd07-a473b81a7f62-profile_image-300x300.jpeg
dfc411c6b5d24d97b944f527ddfd2f0b,343,21337,https://yt3.ggpht.com/ndKwe1QRRTVKlgaiTC5KGQTHNyRbPLA4QzXB2zhfE6_dN3fSvHKaeqjHZybiCH7ucrW4I2Uorg=s88-c-k-c0x00ffffff-no-rj,,
dfcc58f964d84bacaf7c65f494de6b97,137,63,https://yt3.ggpht.com/A_qssDHyJloE7aICgaVxIGUiMyJmPNKF3VjQbbV-JyQsE-J35MSrb-_f3vW7_XhU2x9CMLhI6IE=s88-c-k-c0x00ffffff-no-rj,61,https://static-cdn.jtvnw.net/jtv_user_pictures/a25df3a9-b8f6-40f7-ad0c-b8b475f7db91-profile_image-300x300.png
e02e777312df43b986f089339652402e,9790,0,https://yt3.ggpht.com/bxqs7HWBVDn8Z7jFxiDdofEJE-9sqj3YRXjaaccWYMvlzZG0ucyqJnTZtBzmiqwaqjpLQmCj=s88-c-k-c0x00ffffff-no-rj,,
e04b970f339243258cb0dc0c5735274a,38,1019,https://yt3.ggpht.com/eUamr294rlmHQR0j5rtqT3LNwtaaNUJx5PMK0qN2hABc1AnWD959qOAXL0v-SPyQ5up1CTrE4Q=s88-c-k-c0x00ffffff-no-rj,,
e0535f2d38f04d26aca33772bccb33b8,260,9239,https://yt3.ggpht.com/drMcrcboUFyKzhBZwSrBJwhcySCqfpZlCU6lJDh8a0Wv9h7MjkJuHjxBp-VBUjB0Ppuk9FHosA=s88-c-k-c0x00ffffff-no-rj,1321,https://static-cdn.jtvnw.net/jtv_user_pictures/e860a2b4-fffb-4613-a53e-f98730720a3b-profile_image-300x300.png
e069724ddab54dd690d6c3425574effd,31700,3778175,https://yt3.ggpht.com/O-t6pjeaEJTD8mD7mmXmuLllq764mT6t0qaalZBXGbzOqZOjvbPzgzeAqeURCYIc3QiGvaUV=s88-c-k-c0x00ffffff-no-rj,3162,https://static-cdn.jtvnw.net/jtv_user_pictures/4a2da09f-0ada-47dd-8362-ebb5429bf826-profile_image-300x300.png
e07cd7e29645414481d441fcfd4fd456,613,25740,https://yt3.ggpht.com/ZVIxWEVG0ZVQTkIOjMi9x2owAu9Cmtawk1jiJY_o1W23RSPXVpHIvwtMxsUqIvolhYmwzje7=s88-c-k-c0x00ffffff-no-rj,,
e0823adb7a574647b6e395e70038509d,84,346,https://yt3.ggpht.com/4ZgpR4HGKpdEDTaDjHaU4H5MKgvK1AQiX5MXf3t2u3Qfmh3jZ3EjiqiRlaZ98yc2jQmtoNNl7A=s88-c-k-c0x00ffffff-no-rj,,
e0c7d57886cc4835a4ff3617bd5e922c,7370,42809,https://yt3.ggpht.com/rB6XkDBfmXLgw34jmedhb4J3eI3nD-1ijgBlh6SnMVp300WjAdavIZzW13WLB3IfdnDY6KJZPg=s88-c-k-c0x00ffffff-no-rj,,
e0cd8e719dc64b5f9c171736bbaff6f7,6640,353429,https://yt3.ggpht.com/NA4rvXfod8fFs_7dkW7wgwOkTFxNLsA6t3l5-vuy-t_GiXu8IKQsd2KFLAXhoGqEOED3q2BE_w=s88-c-k-c0x00ffffff-no-rj,,
e0f419006f244a51804050ede1d1a5aa,2350,459584,https://yt3.ggpht.com/DjPSCad9BYZWAtOW3H39xhxMdGGamRuCfY_aSvpjtRoDtzU3jW6gMGUcm-4oKmf8KLQw-k37lg=s88-c-k-c0x00ffffff-no-rj,,
e113ace92bbe445385bcc4635a9ca570,61800,13724,https://yt3.ggpht.com/Uy3FnCMoFBsF0tjFnnXpYHanSOGyOg9l1UcNMAiVEZFBD3fhc8ijGzjJxJHX43a8gMOOm8ZOJQ=s88-c-k-c0x00ffffff-no-rj,,
e11a32eec71e4b49aba5525ba012a02a,9450,375049,https://yt3.ggpht.com/3DDljUsuOQZa0puiYCwsUDNnL880XLU7VyhhboB1bepW2p4qeKewZunH51xpktqHVpo6HR87cg=s88-c-k-c0x00ffffff-no-rj,175,https://static-cdn.jtvnw.net/jtv_user_pictures/f8253c2b-1921-4549-a3a7-6b8e3b7c9adf-profile_image-300x300.png
e1421ddfd4e442b490e2a74656a2838d,299,198,https://yt3.ggpht.com/ytc/AIdro_ktA0SfXkOAWxHNjBh2UF7socjuEOJO8GZrdIsrWwi3xHU=s88-c-k-c0x00ffffff-no-rj,838,https://static-cdn.jtvnw.net/jtv_user_pictures/9f233ad6-671f-4d24-a531-22bd6eee0c4d-profile_image-300x300.png
e14d4aac184c4ccdba6f2a9718cfea62,32400,1624521,https://yt3.ggpht.com/bwTTUvGSSxPPdBpgNLihCsEA22moe3a4kx2Oyx0T_YJo8Ijwq0MRi8Hq7RHsA9T93Y6N747l=s88-c-k-c0x00ffffff-no-rj,,
e150e350532b4327b26989dd43cd3bad,30400,1659000,https://yt3.ggpht.com/zoXi8LB-5mZ3ptgU2DwvuAQYm1NxZXD4neK1lUstDych48IYHGl5M0XdaxgoCnKlVODE_HDiIQ=s88-c-k-c0x00ffffff-no-rj,440,https://static-cdn.jtvnw.net/jtv_user_pictures/34573a99-a899-4f81-8b45-93cb4ee098e6-profile_image-300x300.png
e17f42aa104040deae2ee3f3b1e85ed8,5550,270161,https://yt3.ggpht.com/YQNu10BdfixdhetVJIZzPxE3lMGhsUDADWNLGrhY87WxpDcphPbFncacUZOz91HO7guKaoeOSw=s88-c-k-c0x00ffffff-no-rj,39238,https://static-cdn.jtvnw.net/jtv_user_pictures/bd607de3-1fa5-4b90-ba30-5505741f48be-profile_image-300x300.png
e18c43e19e9b4fc8af0cdc24c33ae476,,,,2133,https://static-cdn.jtvnw.net/jtv_user_pictures/757fb7e2-b4fa-44e7-8c5b-1c015b12ef0d-profile_image-300x300.png
e1b2337b79d1449e9ae6a754ec74050d,4450,545510,https://yt3.ggpht.com/ytc/AIdro_lEIldyFuGch7dijLsmb3aTyw5l5ZVUlUj7dA0lZGJDig=s88-c-k-c0x00ffffff-no-rj,,
e1e11ed8ecb24ab6ad7e1d4c4c39f563,7050,109732,https://yt3.ggpht.com/5isk-LQ8ND6pwntUKJL1ubmSj93pJdAdgbeZVEr0ZcvSN2YJEwDtVKOC9V12-ZSiFQ7WdwvEWQ=s88-c-k-c0x00ffffff-no-rj,,
e210fb08b0744535a907823fa9f062cc,1390,41407,https://yt3.ggpht.com/Jsucqj1SxioeuMydvQ21seBzitQweOYnESI3Ruk-6E4H43kOhNMHn0-18XcGoE5j8IiC0CCFyg=s88-c-k-c0x00ffffff-no-rj,397,https://static-cdn.jtvnw.net/jtv_user_pictures/de7c416f-07ea-489f-9562-230159820696-profile_image-300x300.jpeg
e212d468e3e64ad5b8f22f61bc4e06f7,1100,32451,https://yt3.ggpht.com/zcl7TsoUJTE2JAa9xRah0dNdgEiWIm4btJ7vfDGwqgbn_iDkxLW8G6bRiSHmIGjygJ5M2GKZ4IU=s88-c-k-c0x00ffffff-no-rj,,
e214241ed6574d939e398051ae25921d,1620,30069,https://yt3.ggpht.com/MUVS4Ru89P7bkcbLL1sKJkQcu4fON_hHaBwnedW3-bdqU3w9wfUByyXcHrSJv-5y4Mrmksdj=s88-c-k-c0x00ffffff-no-rj,,
e2448cc1f0df41b08247cb7a51119a67,45,422,https://yt3.ggpht.com/7MutIF5EVyTricO0I3EI07VvBtL2VTE-gQxBKp7Za0mzRmnHzk8Wn5OMxIh_3vyJNSD8e6hH=s88-c-k-c0x00ffffff-no-rj,567,https://static-cdn.jtvnw.net/jtv_user_pictures/d64ed526-2cd5-44c2-8dfa-3e019737ec9a-profile_image-300x300.png
e28e3e0d6eeb41fd836c199f4007b4df,681,6336,https://yt3.ggpht.com/77_hANkgXFRNikxhWWkM_C1_kfk01C50s4dJGOxjl7Rlls14gm3x_9hPj7ZRkMsgpknDHSyDPME=s88-c-k-c0x00ffffff-no-rj,2742,https://static-cdn.jtvnw.net/jtv_user_pictures/cf9ed655-7725-4198-9f1b-d987c35249aa-profile_image-300x300.png
e290f49c193149708cd72747639d5ced,675,29833,https://yt3.ggpht.com/lSiGHBrMSl0cL3qgNnsC4qQKnVyHnmHD1JvNBvBQtXMqiyiLB-o0f2erG-AWCXs9bv2zB5Glig=s88-c-k-c0x00ffffff-no-rj,,
e2df9d4aea8b4cb4b8e38c31cbf73036,1330,48885,https://yt3.ggpht.com/ekNU6HwCcBkkOaV_SY8NpjyiEBG0RAsIF2pJqzYGIz_2m3CamtORDCOTAi4vJeT4YOcQt-Ua8Q=s88-c-k-c0x00ffffff-no-rj,,
e2e125618df1445c9da9494bbd643b95,454,26354,https://yt3.ggpht.com/ytc/AIdro_l13BsyezZK8VgsF5uAZB66QhSUnKMNcsll68wpKwxME7A=s88-c-k-c0x00ffffff-no-rj,26,https://static-cdn.jtvnw.net/jtv_user_pictures/606d4af5-2692-4712-a16c-45216420c88e-profile_image-300x300.png
e306270e80094416818cfddb33153419,497,13528,https://yt3.ggpht.com/-LhwWv8wlmTHK_HzfhVErXQ3Mfy5N6J1dHjS4IAG3v3MIXaJJ-dSol-1fCg5I8p2Nl_hOb41ZTQ=s88-c-k-c0x00ffffff-no-rj,,
e308f7f536c8462baf851d52cdff7fb9,1230,39725,https://yt3.ggpht.com/Bt6MA7AJ4ciRbr3Po7i5DerRQ57DOIt5D_wIKRlQsJtWsIg8_csTE0m2uWx80zmQJBuNsh0JbQ=s88-c-k-c0x00ffffff-no-rj,,
e312462015a2454087c9fe83dd939994,1280,15741,https://yt3.ggpht.com/VE0YQd0-Y1I2ynPlyDeRq9jMpsL3OtLcDSmLNbpgqyogi6_7j34vmzrrzrNkIBWdQ0JsSxJP=s88-c-k-c0x00ffffff-no-rj,,
e3157ce546a640029cfcccb9107f8154,1360,73892,https://yt3.ggpht.com/FFwFYoJhfL82cHRv7B-KEWjTE4O6W9hBuPbt7hGIttFrymoPNm_nLWHsM8TIKDiIEiVGjJY63w=s88-c-k-c0x00ffffff-no-rj,,
e32a4d49fba7459fbdf9e242288fa18c,,,,4578,https://static-cdn.jtvnw.net/jtv_user_pictures/656cdd72-c709-4261-b220-3fbd907d6d7d-profile_image-300x300.png
e32a7d950f5a4b53ab2f47d225aec4fd,2000,51499,https://yt3.ggpht.com/hqyyNT-OTJA_pAAQ2CgNdwUzAKWrNCysBF7Wr1dKWG7bpSsmN_Fc2yXxinG_QChMBygQ7aDzEd4=s88-c-k-c0x00ffffff-no-rj,,
e32b6351f1684034955171b93b1c5e63,327,0,https://yt3.ggpht.com/f5kP1SZ-0ozOW8P9xK27ovPsBza9VBmdnsBTGXwJTVOSU1f5W_56lJknuP3doIJ82imOgxsEGQ=s88-c-k-c0x00ffffff-no-rj,1770,https://static-cdn.jtvnw.net/jtv_user_pictures/6a3e42e9-b152-4a71-831e-a5d4ca63016c-profile_image-300x300.png
e3451dd6f3c0444c888eb6f67704613a,1110,42090,https://yt3.ggpht.com/v9ce3bH9-UNEuD_-9P5EDxM4MTYiHQzywJC_fEybs5eHMDWJZ2q6enn4PYPW5mWC6u1vdl9R8g=s88-c-k-c0x00ffffff-no-rj,,
e350c8b7e41045419ee1ac73bc78921b,40100,4129340,https://yt3.ggpht.com/eHH3b7RoLW3A8c5NC2-z6FbSRy3AyuYMLEFnbJzeE9rNzhPQ67MiVAO7a2zv-U04eUAKodDAjw=s88-c-k-c0x00ffffff-no-rj,,
e353f482c5be4887838ea9fdf802ad91,,,,2640,https://static-cdn.jtvnw.net/jtv_user_pictures/f23ec827-aeac-4b77-bb5c-0a429b33a62f-profile_image-300x300.png
e39607950249427da8b60fa012115e44,1740,96926,https://yt3.ggpht.com/p2k0alPkeTkxRItL_bnB45St98EGgZ-WlvrY1-6RsdB2ivcxcI2RjPpml-EdDEJmbkLLrFKc=s88-c-k-c0x00ffffff-no-rj,,
e3b2ba3f0767417a911eedeb6604ec7f,1800,2136,https://yt3.ggpht.com/WE6c5Y5UUSkCS3viP_hVUBH-xJNFjgN8DFhc6buVChuDxYhuNNG-e-4Mw0LjOj3FpCbyGUnjxC8=s88-c-k-c0x00ffffff-no-rj,,
e3b9c06f64d84a0dabb3e97c0caacaca,38,4198,https://yt3.ggpht.com/mmq2j5Rzzswt9IdCbFI0jDz3OigsvPCTwxZmhuB_jA1QEuvp7ypJFGlw_m77GYbJ3DUwE0w7=s88-c-k-c0x00ffffff-no-rj,,
e41bf48a09d64e4aa3d96064a9a63b08,339,28873,https://yt3.ggpht.com/srDgziuQqO-06Bjdgj6aErw1rOaR0ED-1cIJpIXjfkvD1FJtAumHirqQDgPwn8LWRj_i-JSIlw=s88-c-k-c0x00ffffff-no-rj,75,https://static-cdn.jtvnw.net/jtv_user_pictures/b6729e00-3bd7-433b-a4c8-797412578c6a-profile_image-300x300.png
e4421bd8d15848c09fa4ad4df162c858,,,,343,https://static-cdn.jtvnw.net/jtv_user_pictures/35259991-c217-47f5-ae62-df77e6679f4e-profile_image-300x300.png
e443b9e0c3524137ba2774625c6c78cd,309,2845,https://yt3.ggpht.com/T5hffMWGVcNWGUQnct62VuBDxAhQ0RsQrTexcLoFG-hHlFDVwKDXvPyfV44vcekdI9Au-ff6=s88-c-k-c0x00ffffff-no-rj,579,https://static-cdn.jtvnw.net/jtv_user_pictures/12796a98-2902-484a-abb1-476117deb78a-profile_image-300x300.png
e44a37ed06c749da9aeea8e16b309a84,694,28734,https://yt3.ggpht.com/ytc/AIdro_lfmt90twIXDX2gQOZE9ZtySvkuWZE2lzpBfNrYcbVL=s88-c-k-c0x00ffffff-no-rj,27,https://static-cdn.jtvnw.net/jtv_user_pictures/1e69da6c-df61-4e51-8447-941725b34749-profile_image-300x300.png
e46d27918a77488ca5b4144eb1b978df,1000,58411,https://yt3.ggpht.com/Z-IyB4IUZy7d-LG1Nkuzw01H7TGaJ9buYVDDf3kX_U15CE6z1JvQhu-VQGejVeZtEOxYQmuhG7A=s88-c-k-c0x00ffffff-no-rj,,
e4a78a4115b7463eb3e42f1cbbd59aa0,615,35676,https://yt3.ggpht.com/pKghf2DFK_yDwPphwdIXD6CIdR2F8D7IoVUvdOB7zIF71Fe9p_ZI5sTN0snhYYA8wuqAX5tHGQ=s88-c-k-c0x00ffffff-no-rj,,
e4bea3dcc8934426a57516d4d6b373f4,1980,73028,https://yt3.ggpht.com/_6j0PicnTCSVG08Vx8M4Ezte39GZs8S8HhKy6AhGctynI7RmHAdVbn6R1jtiBgJIqBgKn9Eu4w=s88-c-k-c0x00ffffff-no-rj,3936,https://static-cdn.jtvnw.net/jtv_user_pictures/112c9c10-bda7-4d63-93fa-d660067e6710-profile_image-300x300.png
e50da8792cd94b009eaa8dd4be738d59,606,1868,https://yt3.ggpht.com/wNwkHd72bOVu-zOuxaCKqIidy2cukSuKus2Z-QWGL4imaIYNst2SYviPQaP3bDWA6Nr7gIrG2-c=s88-c-k-c0x00ffffff-no-rj,970,https://static-cdn.jtvnw.net/jtv_user_pictures/4e98ed19-d541-4edc-a3c0-4270e7a2d392-profile_image-300x300.png
e53606f1bf0c4059b1226b6c2e037fd0,,,,729,https://static-cdn.jtvnw.net/jtv_user_pictures/05296bdc-f41a-4238-843d-705206f14191-profile_image-300x300.jpeg
e5433e4a21eb49e2bcd508e3b12fba6d,1300,3916,https://yt3.ggpht.com/ZIa9qFaw-V4BLgK85iA7Vcv0RkEXFzY9jv3uRCCT2mX4rK3TOjnd14zGDmbvS-hdC2K7jitjaw=s88-c-k-c0x00ffffff-no-rj,188,https://static-cdn.jtvnw.net/jtv_user_pictures/4e5c2ea3-7859-4db3-ad00-987a9071cd97-profile_image-300x300.png
e55e67f2f7f64a6da7ae604df1652f5e,621,224202,https://yt3.ggpht.com/APwBUQguJdXZbXdLlDtX7fls1BwcvBi5J-W0y4OvadJtTXLue1bsaDYITVcbwelh0v9i88s5iQ=s88-c-k-c0x00ffffff-no-rj,,
e58a5a6f40e040d79bbcd139824d6fc7,817,60341,https://yt3.ggpht.com/m8zWIBBRG4oNcZu8ZJI6Q-Wj2-Luvv10jC-tVHqwVQTvn5rMzRn6Aybfv_WhLYwBYWuVluAdY7Q=s88-c-k-c0x00ffffff-no-rj,7534,https://static-cdn.jtvnw.net/jtv_user_pictures/bce525c8-567c-4eba-9f49-e6138cb228e0-profile_image-300x300.png
e5eb10612f5c4b069928fc1a71ad8e7d,159,7084,https://yt3.ggpht.com/ESwuLGrnryxL-cEujGV6NPGD62ezOVZ_yuQBUw56VwiIiT2ace4yIzbBfQ6gRI20FODzdIeC0g=s88-c-k-c0x00ffffff-no-rj,,
e5f4b34c47844699a1c9c6dc3326cf6b,1570,0,https://yt3.ggpht.com/jCgYpKr_NwKQSdA7QYsbs1_d7aSNQoxyC47r9oYS840U0bI22kj_GKSa-fxxHRgPLr_Bq4w7=s88-c-k-c0x00ffffff-no-rj,73,https://static-cdn.jtvnw.net/jtv_user_pictures/3d1f1a28-f223-4f95-9228-50445c94c178-profile_image-300x300.png
e63047f70b0b4a7eba70e7d8cbd507ec,943,31238,https://yt3.ggpht.com/ZOJAXVFbMf5vFZpKmx23uDagLEYSRtjCb7xhIJfwXsJ2G0xxxGviI3JTqSylatjuEyxZf9IeRwc=s88-c-k-c0x00ffffff-no-rj,,
e63fe9e27be44403b222fb0319c027b6,168,3448,https://yt3.ggpht.com/OMIcahcaE22yrb0DxxEdbVw7E6IGUhwRF9AaTRoz8MkDFV8ACka9FN905z4NlXNL4OMSWnBOPw=s88-c-k-c0x00ffffff-no-rj,1429,https://static-cdn.jtvnw.net/jtv_user_pictures/024a0989-0731-4567-9441-1a5d443ac546-profile_image-300x300.png
e66d389ebb604096bfa99178e1a13c27,1070,10226,https://yt3.ggpht.com/U80glMPForHYvZps--M-pUKgnUhHpsjGg4kP9hNsKdIC2NjqNU6w7DrgK7svLSXMJ1cOg5zr=s88-c-k-c0x00ffffff-no-rj,3291,https://static-cdn.jtvnw.net/jtv_user_pictures/db32386e-2f31-41d0-aa56-69be114b1e79-profile_image-300x300.png
e6794eac6ea541c5a9e5570a041ac3b9,671,10036,https://yt3.ggpht.com/MKw59f2R95-NKBRcjHZX5DQZIwwAAVWHzdC1EJsvMG-uu4a3ms3haFLZXyQtJ1MIJDHzIYAQ=s88-c-k-c0x00ffffff-no-rj,961,https://static-cdn.jtvnw.net/jtv_user_pictures/b0be5a5d-c493-4913-bfdc-4c6bd3760821-profile_image-300x300.png
e68bb26e386a4d49a2f521f8abc83376,2570,0,https://yt3.ggpht.com/WijSsnFtQqUklrSBXyFnj9wacRmrcjkw9Eopqxbo4HdCNWhgqMNIrv0F3cmVIPcyrpHMQvfN9g=s88-c-k-c0x00ffffff-no-rj,3562,https://static-cdn.jtvnw.net/jtv_user_pictures/282765c3-05e9-4d5d-bd5b-752a2f960d0d-profile_image-300x300.png
e698befe9649448885d93094cd4dc6a9,,,,3253,https://static-cdn.jtvnw.net/jtv_user_pictures/fba8416f-3c6e-4b9b-bd25-a11db3e0e0c2-profile_image-300x300.png
e6a9746af2a84387b6ed5a7d3a4434da,73,417,https://yt3.ggpht.com/5sxYbu8KXJUr-qeOZoTb9Ssqb9llG1fH1kYN5-yO4YAlWxny9w12_fuqSBib67BMyZiBOgU50w=s88-c-k-c0x00ffffff-no-rj,,
e72542ff8bb14e47929b037c626c320a,1580,23469,https://yt3.ggpht.com/omkBjBn_ywSU_rM_XBpQtJ4_2ETyLFivuGJtsWz1CN-YBZtZQQm_M5BVHE4RZ09-kS3Yoj2oxA=s88-c-k-c0x00ffffff-no-rj,,
e73551cd98ec47388899522353fc89e3,31000,2138641,https://yt3.ggpht.com/HLi4ggIbYglCdHJ2i56dm95b5J3EcKcSpCmXSZ2Q6e9uQFA3B9vZ5EKRCOYemr7aE4BSiyob=s88-c-k-c0x00ffffff-no-rj,552,https://static-cdn.jtvnw.net/jtv_user_pictures/d0187483-0179-411a-80dc-68653f2055c0-profile_image-300x300.png
e76a030f33bc48a58257b261f95ee3af,3170,101742,https://yt3.ggpht.com/It6BWu70M1ux7KRj2s8GoMI4P8xNHLPe1JwpncYLs5a4hlP7thBlYy5y7Tjki9BLS1dkHtsQKw=s88-c-k-c0x00ffffff-no-rj,,
e773129f910c4bd182f3b702c9ec1b55,290,8674,https://yt3.ggpht.com/rZoJjCxLQdeu4nXLi3DUi6ZY0mvkCZy0wNIiDjHMObpE4fNTkf0DwPXqGjtXpo6iJUsM6W9o=s88-c-k-c0x00ffffff-no-rj,,
e78cffa246c24a1c88031151cad8c385,110000,7917792,https://yt3.ggpht.com/SEBDZ90mRvGJU6kZVIKptEQ9JadtK8P2xl7uy1YsXiUMtT1LaPZ53_R8pI0kIKYgm4VUrtKw=s88-c-k-c0x00ffffff-no-rj,2157,https://static-cdn.jtvnw.net/jtv_user_pictures/28ea2f3d-13df-46cc-b288-b6e5814d355b-profile_image-300x300.png
e7ac18c2e713426692cfd0ef7fe2b897,253,29,https://yt3.ggpht.com/ytc/AIdro_kb8d9MQcHiggmCBAHVEPHRB94fVm1iFLop1vtYP3Gy7YGzDIs=s88-c-k-c0x00ffffff-no-rj,151,https://static-cdn.jtvnw.net/jtv_user_pictures/ac722f93-5d19-4b43-811e-fb0d6c000f77-profile_image-300x300.png
e7e219a17a7644cd9d28a2ab871f5f7c,4830,120823,https://yt3.ggpht.com/7fBreQnuPsNM2O8zA72HmTYcCjV5wtw1kKOUSPgymIVvH9cRBaux0ztTS7F55GmEHsZHwS3AOA=s88-c-k-c0x00ffffff-no-rj,2398,https://static-cdn.jtvnw.net/jtv_user_pictures/2662072b-5e6b-4943-9914-6f1ba53cf81c-profile_image-300x300.png
e7f01ae0c78b4daeaaf8f3fe39946e8d,460,21119,https://yt3.ggpht.com/AAp7qp-tEO5L05UjjACi6nKIoPw4pJ7oJM_t2nJOkNwHNjRL9TzJJg9pkDfQ5IujPm2QJNiJ=s88-c-k-c0x00ffffff-no-rj,,
e7fd5d01e57c42658be2bf1e3ad5d696,25100,0,https://yt3.ggpht.com/4B12buFxno7HcZaeqS_HWU28yIZEJ0Tu_U-fUxqY4hLo1naBQAgPfLJPGCwRioYzkB4oPIg0=s88-c-k-c0x00ffffff-no-rj,,
e802bcea6eb04ce6aa9041aa5e06ceae,396,12939,https://yt3.ggpht.com/Uv-DkejV0bGoeT5h1CY9_Yhq20VbtNjUpm4gRCaukSVMO_pw9PIn-lDYWywPdFmaIJq4atLd=s88-c-k-c0x00ffffff-no-rj,,
e810dcd23c334fd184d254718517764e,2990,191968,https://yt3.ggpht.com/BLKfTvqrRp7TCJH8qnyDa7crKJ25xkUkxl_t4IsL3uUNYZBnk_UXEhjeIWZrTkM_ini6pIzqhA=s88-c-k-c0x00ffffff-no-rj,,
e83a22c584774763a3b91d557141604d,737,6256,https://yt3.ggpht.com/iJTkhAEKbP-S8P8laPGPyiDJXYZZ-xyzxYBhOmhMGudmpvdF2lpbLVRlwy4O4asMAy3kTbkyeg=s88-c-k-c0x00ffffff-no-rj,1749,https://static-cdn.jtvnw.net/jtv_user_pictures/ef59586f-4839-4a76-90ec-606f48a6d8f5-profile_image-300x300.png
e888326df83d41f680960f24bb55c670,766,15314,https://yt3.ggpht.com/zamKCKn3VFIXEVPPxQpmf1CrWQhOOqzYQ8Oh_ROp0nmkOJzKKhGbkzIwnRWsfUb0F4Zwy-uYXA=s88-c-k-c0x00ffffff-no-rj,,
e897180feafa4f748c41f13306b6f379,207,30160,https://yt3.ggpht.com/-5a0-vV0FH0SyODjlYMPfJlhSI7vmYsv_FZ_BoqHREAxkXQHAB47ZJR76x6DMbATNBDOTUqemQ=s88-c-k-c0x00ffffff-no-rj,11,https://static-cdn.jtvnw.net/jtv_user_pictures/1c79bf32-9307-41e6-b0c5-cc9a038ac717-profile_image-300x300.png
e8be1d48c5a249cebcef72b17653ef34,2410,6756,https://yt3.ggpht.com/NmJEyDE8mPazhMkW8TpZglqg2OZrOyJZPHem9Nv0WeiZqgiS75XR_-2R5toY4IBjlejUFqU8nQ=s88-c-k-c0x00ffffff-no-rj,,
e8c89b4aec4d45fbbb76533eb3db0428,5840,120862,https://yt3.ggpht.com/xO0UCm2EdCrsqq_tztIQW_BopjaK0M4XftRO5wODU9Xd9LS_UDcbm1EsnjIzaB9q_8Kv9xyM=s88-c-k-c0x00ffffff-no-rj,,
e8eb343e61df420bbfa5de7fea1a90b2,1600,0,https://yt3.ggpht.com/sy3zJZAtI1Zht3uxy3-FDXIwvuwOKHET4jDUqZTqKnC7PuutrOh565BqYBNTSJBiZTMOVmUB=s88-c-k-c0x00ffffff-no-rj,,
e9047e02eb6340ff940114f754c76875,2080,52747,https://yt3.ggpht.com/nLPZmsH_FiJ_S1MBiCq3jpjZ9tIker4A40OHkHgtNKOugj1XmAMl1iOQdy4YtK0TbdcAhmflUDs=s88-c-k-c0x00ffffff-no-rj,,
e911a56d410b4949aee1d3a8dc84f4ad,546,29988,https://yt3.ggpht.com/6KW8-IWbeq_cocERwcsHNIazRBBNQ3zYnSBvCKImVA88ZSBdgwTczv8xU1KqSqZrC1NVEnB-tA=s88-c-k-c0x00ffffff-no-rj,,
e93182ff3a954e0e92567136dc3659ed,11300,200041,https://yt3.ggpht.com/iAFhuKyWN3iF83MooVSWEZWpMjkirh2JR-iqsStKtuyAfQnuo7w9M-2tgR42_Dzgo3GZBNuHKw=s88-c-k-c0x00ffffff-no-rj,,
e93734c51e5141419d44dc147f1c5420,3760,216496,https://yt3.ggpht.com/ytc/AIdro_n7Oal46f5-4Q9vZmam9NDGgvynDT96o2VnbCJpFwt4f2Y=s88-c-k-c0x00ffffff-no-rj,,
e93b2dd2339a422f8ab3d21c9d95161c,107,892,https://yt3.ggpht.com/9g1uOlqd6hmTEoOF9FW6xG_h2m3bONTXMeEcXnd8ubqe-EhIO3XHfZgC3zzKxTEqlmfQIByIrw=s88-c-k-c0x00ffffff-no-rj,407,https://static-cdn.jtvnw.net/jtv_user_pictures/35707b07-90a2-4f75-b048-74d6004d773a-profile_image-300x300.png
e93bd1102e214cbaa71cc5b2e4a53595,165000,25247902,https://yt3.ggpht.com/uj2J1CyizTJx7Q0gH3_gw5BtmivVMY4n7rF0nsVe85XPGJLzyqr46MsyrRoJXPHemkseyb636w=s88-c-k-c0x00ffffff-no-rj,73912,https://static-cdn.jtvnw.net/jtv_user_pictures/2d9b9335-f801-48c4-97ba-ba2b5106b80b-profile_image-300x300.png
e94e1e38a611403192e4db197c2d9d91,322,6800,https://yt3.ggpht.com/zduJiX-XBa689BJPMjzYxrM9n858_fwNyBvWEy2Hwp00j_toXhicnwbQVtCl5jU2u5YawdUnuRc=s88-c-k-c0x00ffffff-no-rj,,
e9569c3f60c541ab83899c09079feaa2,138,7356,https://yt3.ggpht.com/AMicaDMMfwphC7oJrCFtbrbvud8-JhBZFTu4Benim_T8yhhIH-iQTCmGm72sDOYHcLskC4S1=s88-c-k-c0x00ffffff-no-rj,1633,https://static-cdn.jtvnw.net/jtv_user_pictures/aea7c04f-b6c5-41ae-9d9d-327facc152b6-profile_image-300x300.png
e9a30300d33f4c2e9b1c3bd1d64148cc,1340,27690,https://yt3.ggpht.com/nZUv7Rqao8xp5xZRBY3HKqF9RxPJGEVY69B604F7auVYyqc6pgyGr59JfcOH4UPREzFknR4aeA=s88-c-k-c0x00ffffff-no-rj,,
e9a9d88bf69e4c83842fe05b3ae1601b,17100,710223,https://yt3.ggpht.com/M7AegX6BUu_YtOr2UISyKdir3rlAeWF5mo1sHoykQsHHA2lpXkNWb7TdvEb2aMVwcygJZwdQWg=s88-c-k-c0x00ffffff-no-rj,10703,https://static-cdn.jtvnw.net/jtv_user_pictures/d989c414-3ee0-4be8-b151-3f42cb0c882c-profile_image-300x300.png
e9c48535f2af4f638e5a4c54ffa7862c,2830,146650,https://yt3.ggpht.com/FLsKXAH9Du0ZA5Av60ZVEU1ZLBFlLf0nzPr5H2jGiZthqgKnieZiR1QdCwf0yZQ6BoKgn_s_og=s88-c-k-c0x00ffffff-no-rj,,
e9ec2395070144b0af7231570e06a743,17200,482080,https://yt3.ggpht.com/1bgJlvz_Cs_HESSZIKBz6iox_Fm0eZekj7nt5TJdhK003Yi-V5M7SJpHndd8XrYkIBgrIujK=s88-c-k-c0x00ffffff-no-rj,,
e9fa90c6824c47abbfd114e9cd9b4125,777,29226,https://yt3.ggpht.com/xiq9K6mOTXwXJ62pOt9Tz_jU3kgZjTNigHCNi5m0zgpLBkJ9iJWBatm5UANMVFN7Zm1kdZp-ofQ=s88-c-k-c0x00ffffff-no-rj,,
ea31f43c943742be847e205495fc64ad,95,1712,https://yt3.ggpht.com/-ZvbwTRv8AiLDoGIc6RBrkccrfysHgs0wrWsz-6KHwiATHksbbxlLtMgozx7kKJRVbJjKsZx8Q=s88-c-k-c0x00ffffff-no-rj,1486,https://static-cdn.jtvnw.net/jtv_user_pictures/1bbc4c10-a3e7-4b7f-94bc-98fca09c0473-profile_image-300x300.png
ea4c1a67c2e445ad8028768616ceb659,85000,9394355,https://yt3.ggpht.com/ytc/AIdro_nIvJCRqMHTDI2MJ74WX4bOCARktdMS6uHDR4TDh7Y7LA=s88-c-k-c0x00ffffff-no-rj,,
ea62d2e6bc854e7a81b01a2362be310f,3160,200622,https://yt3.ggpht.com/N8Z9-q43yXghP5gAj5xoBpQ0aYMbBv2RPYULECTKLgYRE0IRReRw7vNFRim-bh3jx-bZUt-U1Q=s88-c-k-c0x00ffffff-no-rj,346,https://static-cdn.jtvnw.net/jtv_user_pictures/9d87b467-a285-4a6e-ac6e-3be495cceea3-profile_image-300x300.png
ea7d228d8fb2462f95aef21fc5bd4fb8,4820,750003,https://yt3.ggpht.com/1_c-LhjAfz4w-cwvhUuTcQAjtzQ13P2wNzwDWpr-88F8-_2VN0HRzbPRSyLC_4vet1oMBQOVww=s88-c-k-c0x00ffffff-no-rj,,
eaa1d55ba99c40ce82413701233efdbd,1430,54326,https://yt3.ggpht.com/kUE_6h4Yf9-mB1Yy-qPYwKEifYRPJp6zIj2x8hgCGOtRlIyoFSn3RWwih_SPwKyrsgUxIksmpg=s88-c-k-c0x00ffffff-no-rj,,
eab02228a491402a824805ab47174ff4,151,0,https://yt3.ggpht.com/ytc/AIdro_lAnWXoQXSpNvvE_AcXpQWRgZhKkSFf1lxmhyOMabzmig_ZscSfbTZuInp2bg4XYctXVg=s88-c-k-c0x00ffffff-no-rj,,
ead3db33c54e411baa75a4bad3b48aee,9,59,https://yt3.ggpht.com/JSxzqOgFJNhpD-2p9074GqGDg38T3FYWQmMlotTQISS5LgEsg3za4ZnUXgUP3qVRm3B9qB5fzA=s88-c-k-c0x00ffffff-no-rj,864,https://static-cdn.jtvnw.net/jtv_user_pictures/624b3829-45b9-4230-ab84-08965f69ac5a-profile_image-300x300.png
eadf377f5cbd41ac9842c3f5559268f6,38,657,https://yt3.ggpht.com/VLodFcscS3FFvce043RNNk_ty3cSaD_-sINj-kRWvlEs43vwxlpFl4RyQyqRYKsua7RD3GdxLQ=s88-c-k-c0x00ffffff-no-rj,193,https://static-cdn.jtvnw.net/jtv_user_pictures/a38cc96d-c010-4f99-9492-d0a101ca1c6c-profile_image-300x300.png
eaed529d7fc84fc8a80e56674981f615,132,1742,https://yt3.ggpht.com/IaszojVdpqiP6_Z7zwxCrl3KuYK_bwNXm8c-EPPaZ-0QPjKL3Ss1os39evbfxOzIl1qw7HxO=s88-c-k-c0x00ffffff-no-rj,,
eafb808b078844fdab1d8ed561dbd462,5560,186224,https://yt3.ggpht.com/irc9oOjP01vilWBTULZfl1veiV3wUmpAJYF8RYERYAbVeD35-uAxxZyaJSRvLJAEJKp9R7bW=s88-c-k-c0x00ffffff-no-rj,,
eb159df5d55b4730ab2955c5e2638e3f,2860,82089,https://yt3.ggpht.com/-CYLJg5dwFZ3drmD77UNCm274OekekRhbubdBXLJqy7dEz4k_KGrAFj7IRyKl7Dw1GI-Fry3zQ=s88-c-k-c0x00ffffff-no-rj,,
eb38f509e8464ba19ba8579e0b99e262,1860,63828,https://yt3.ggpht.com/VbVFerIL1Jr9RNu4XOP6mjI_DWlAcAuktenI1qZyEbRGMqCYxKCzrPLJcWhUyuRMHUAVI4vEVw=s88-c-k-c0x00ffffff-no-rj,,
eb4cd9453fb04a3ea056ec068b02348f,536,61227,https://yt3.ggpht.com/XLHLAo7GK5u7fz4gAtP-Eu6hWjxRj5jwWPWzPl7YYpR8vP0ToktHx-TL9GaK_4i65w3EXDsSBq4=s88-c-k-c0x00ffffff-no-rj,154,https://static-cdn.jtvnw.net/jtv_user_pictures/5e4f36f7-62f9-441e-8761-7efb42dc4906-profile_image-300x300.png
eb54f557a3734bfda57ecddd8df07681,1440,21098,https://yt3.ggpht.com/61XYXEjsw2AOBvztq78xcLvYZmT0OT8gpszPYFCa57-j1S8bcGdXA6BMOUPDUHf9iu2UzYOVpHY=s88-c-k-c0x00ffffff-no-rj,476,https://static-cdn.jtvnw.net/jtv_user_pictures/f01d11fe-333d-4f9e-ae49-322ec68405f7-profile_image-300x300.png
eb9c18d484464a8e9ac12f44c761ce27,2470,64197,https://yt3.ggpht.com/ytc/AIdro_k3TOr4JuawSeH4D5VnSo42cTDCbePF0Ye9cH98QH7hMQ=s88-c-k-c0x00ffffff-no-rj,708,https://static-cdn.jtvnw.net/jtv_user_pictures/d6372af5-375c-46d3-8d07-2f26a1181de2-profile_image-300x300.png
ebc44e2ba78f4790b832d02c31410262,14600,377789,https://yt3.ggpht.com/1aGq3fkbULmUrL1AL5p79qyK9jQ3x0nUskkGhhF_8stIrqd8YAjqJKYkt36FeWSDF4igjmuGrQ=s88-c-k-c0x00ffffff-no-rj,328,https://static-cdn.jtvnw.net/jtv_user_pictures/48d6f97f-818a-466a-aeae-59ca81899c09-profile_image-300x300.png
ebe5c5f9d67f44f3bc5e70b413ce9df7,40000,1770367,https://yt3.ggpht.com/4bT5C56HasKDFsHTAzVovL9eXoJlcPmkBYrj3kxomkNU5nBxIJCtwEMJnTfOPLWHsDXEA6xATs4=s88-c-k-c0x00ffffff-no-rj,8521,https://static-cdn.jtvnw.net/jtv_user_pictures/5e07ca28-98b9-432b-b1fa-a032c4b896b4-profile_image-300x300.png
ec045a49833c4c2fa7b7012ca7544e18,,,,1614,https://static-cdn.jtvnw.net/jtv_user_pictures/b8f5699f-e9c0-445c-a508-fc32888d729b-profile_image-300x300.png
ec183b10574a449f91e43ab216976a60,6250,473643,https://yt3.ggpht.com/M_eKe7NH1Kg687-41l9WDqW-o_pM1YOa-rD6Ioi7bgWRj9Cb_FgAfvCRXh-IDSWiQgy0uv7YZA=s88-c-k-c0x00ffffff-no-rj,1039,https://static-cdn.jtvnw.net/jtv_user_pictures/6a915f0f-7bfc-4f6a-aa8d-a2a6d7a61eb2-profile_image-300x300.png
ec198b33036c436591c01ee93976b6a3,254,7147,https://yt3.ggpht.com/RGTZxIW-fklJWdO0825mmJVOVOvAEwaWrDZFjCKrosIyB6f0nNZbxhlardzueZAUMrqm4VXXgA=s88-c-k-c0x00ffffff-no-rj,,
ec1dec0e956c41ea97dfcebe96bc41b4,,,,11832,https://static-cdn.jtvnw.net/jtv_user_pictures/29c25c99-4337-417f-b676-ef9390c9563d-profile_image-300x300.png
ec332c6e824044698204e6dba3e5fbfc,489,8525,https://yt3.ggpht.com/6f2THNbcK7QciW11wOShV7bdEJlaFQ-YEm0Cw-VlGZ6Lt7j5nbURsRhhiesyIjoIe4rj2IDsGg=s88-c-k-c0x00ffffff-no-rj,480,https://static-cdn.jtvnw.net/jtv_user_pictures/73b06b74-3039-41fd-9a4c-84099ea33cdc-profile_image-300x300.png
ec4bc8d279af43eaba4679b762bbbc59,20200,653652,https://yt3.ggpht.com/cXzA4nQmGhMeB9UjaeYRRzBloH7rNhUIX8j2koqVXhZ2rIlUZYefKDbVv8HzQLClK7s-rXWiUg=s88-c-k-c0x00ffffff-no-rj,,
ec65566d949944ffb1e2723f97ded6e0,72100,401618,https://yt3.ggpht.com/GNuuRBzxD3myYJt0StWtF_-PyarJ3m2c2r02ZvSI3Bf8X5x8YyBPohDNHUpAiJb9IfeeE-U4=s88-c-k-c0x00ffffff-no-rj,7347,https://static-cdn.jtvnw.net/jtv_user_pictures/5d9fb87a-4482-41e4-8c3f-b48b9276ca6a-profile_image-300x300.png
ec9a791b8152478b95858b199b866ef9,1110,43850,https://yt3.ggpht.com/Scssmuv2MzqcdCwY6NdndHhakF-MqiYWY0xND52CWp8pCYka5Ihh0FgVRNawkz7MGvSC-lDXOg=s88-c-k-c0x00ffffff-no-rj,380,https://static-cdn.jtvnw.net/jtv_user_pictures/abf66369-4213-401f-ae2f-c25f2ea5be57-profile_image-300x300.png
ecbe9a46c7ec4f3d8fe217012c39d490,843,253853,https://yt3.ggpht.com/GN0f55Sl1m2_eN09mGmOneylrT1jO4I3rbcvn6_uDRPRU0rYh899he20uWrmfGE5I7Fopvtowg=s88-c-k-c0x00ffffff-no-rj,,
ecbeda5532474bdb8d08d4e15ce98d89,1690,22913,https://yt3.ggpht.com/F1LqWuKEX-C2lSRSDiVHghpG1bZuP9nR4McI-QggT8oo1F7tgvNffoDZe0677Vf3L-h4RPxI4x0=s88-c-k-c0x00ffffff-no-rj,2863,https://static-cdn.jtvnw.net/jtv_user_pictures/54ff6a36-10ca-4882-b7b2-1466807197c5-profile_image-300x300.png
ecd7e504a0b64480a4127a25678e4b4a,7240,98440,https://yt3.ggpht.com/WpXvJdTlbGf_CmpykWecKJ2KV4IbaY4zYbLyU9ARY9a3QxNkfU1p75oz5RZAYhZxuLTDfCpT=s88-c-k-c0x00ffffff-no-rj,,
ed051ffc6cd643c287a678fea774e644,,,,2794,https://static-cdn.jtvnw.net/jtv_user_pictures/74528b6f-c1e0-4d01-9355-1bb772e2d726-profile_image-300x300.png
ed1b68a3184d466bb17b3c3363fad948,,,,755,https://static-cdn.jtvnw.net/jtv_user_pictures/79a986ca-3656-4d27-ba61-a3e6a6fd98fc-profile_image-300x300.png
ed28c754bb704dbf8a296f7008c2b5e4,10900,104192,https://yt3.ggpht.com/ucZymUhkXgUCfrTI_wyJlceLlKUEvaK-w6oOZtJcoeKSzP9Av8uUDwVFqeYunWJQ1BEAD8kX0A=s88-c-k-c0x00ffffff-no-rj,1021,https://static-cdn.jtvnw.net/jtv_user_pictures/1b4cef34-a1bb-44c5-8a09-08e7734e828b-profile_image-300x300.png
ed3f69b9de7c43f3a32b4e7dfdb5bfd0,16400,440724,https://yt3.ggpht.com/UHynZzI8Tvs7S7ubipddkeqYQFdo2bK78O9YQ1CuYPdA190pRM_Bz7UsKMGA6FhGxtmudi7yEQ=s88-c-k-c0x00ffffff-no-rj,,
ed426712876641848613137bef236d26,29800,1410557,https://yt3.ggpht.com/deLLOolo88x9o1bN-Ak98n0eByjlwsKXDK_4pVjV_zgyX6vQMUt1_MGIgJZAUocgauDr7Hm1qQ=s88-c-k-c0x00ffffff-no-rj,5421,https://static-cdn.jtvnw.net/jtv_user_pictures/7ccd1b81-6136-45eb-bb76-43b81832c56a-profile_image-300x300.jpeg
ed4666af39034d54913aba64cfea6f47,2590,171534,https://yt3.ggpht.com/FcJ7fTdykZ56pd1EEhiMy5Y17XTZPCF-VkHJZk4u2HMlWBjfcezcuY1vBHBMo3_7Tzo4veALIM4=s88-c-k-c0x00ffffff-no-rj,,
eda6bf91049349e08f0f269fb4f8c0f9,3220,71963,https://yt3.ggpht.com/L5bWwH0jZmw6bv_CfyE9wEvqGpHc1H57xS6dxu2IEduFisz4F5Z2u-AZ423zh-xsHXLhTM5-sRQ=s88-c-k-c0x00ffffff-no-rj,174,https://static-cdn.jtvnw.net/jtv_user_pictures/fda8440f-3587-426f-92a9-7587936509ad-profile_image-300x300.png
edbd401267284e8886c1fd27d08283d4,3880,66479,https://yt3.ggpht.com/Tz9UdMr5n_HYeKkdpd7CDWXYHtjBE4rRoFcsZBZn0PRsKKje5YympAUJ0fCiPEN6oJ80fA_qh30=s88-c-k-c0x00ffffff-no-rj,1048,https://static-cdn.jtvnw.net/jtv_user_pictures/6939673b-010d-4cbc-922a-bc906d4e92ff-profile_image-300x300.png
edc63a5ab371435ea8614134d401c517,2270,90246,https://yt3.ggpht.com/aHEdXovHdbdaP8ExnUduiXCebpXE67blUsKG425yH2NTMgrXwRWpYsL9uZXufehZ48lQQpxf4w=s88-c-k-c0x00ffffff-no-rj,,
ede21f904daf4a9b978efe15b0d9a31f,62,219,https://yt3.ggpht.com/bjEnseQ8N7Q9XxuB6-xDWD_WS3BLm44EcZJD9-jLGkRJ616ZK_pGF0337FeKyHawQLN_a6qE=s88-c-k-c0x00ffffff-no-rj,1267,https://static-cdn.jtvnw.net/jtv_user_pictures/6975771f-920d-404d-99b1-1d7f0befed3f-profile_image-300x300.png
edf9e466820347828b0d2d10e5e9bb72,3200,196974,https://yt3.ggpht.com/-KWBr0BYzKVb8SzkewBF8ospmLqd86vzzZd9uJSo84UE3nQP9L9Nw8OrRNCwx0GloKov7UglvQ=s88-c-k-c0x00ffffff-no-rj,399,https://static-cdn.jtvnw.net/jtv_user_pictures/f1515f2f-e89c-4850-9400-7a94a285b32f-profile_image-300x300.jpeg
edfed5b0978a4fb98f94319bfc639d98,101,584,https://yt3.ggpht.com/XZL1jaKDsEh2XyUiJlQ36qslcpjZnR2sD9mQoWIAmPhAW_AFB-uWuyn0wI_iBRSV4253QXcvgQ=s88-c-k-c0x00ffffff-no-rj,344,https://static-cdn.jtvnw.net/jtv_user_pictures/9595f001-1f7f-4930-a28b-7647f623a4f7-profile_image-300x300.png
ee1be8631b3e4abdbcc12dbe96d5268f,1010,38888,https://yt3.ggpht.com/DKGwGbldA7T6IdnXpoOgiiypzdLEW2JOWfvm6HEzBlp6pxSeimzYs5XiJSqryR3V18mk8mACQQ=s88-c-k-c0x00ffffff-no-rj,,
ee5418c900a7400fa44c821eaaca0218,534,12309,https://yt3.ggpht.com/OGE6jUMqa5idjjaOIoV7HF46fkp8Hx9mR9xeCz1khcNxn5x17DsumxIZGiA_C1g8aJjp4rUKow=s88-c-k-c0x00ffffff-no-rj,566,https://static-cdn.jtvnw.net/jtv_user_pictures/be423ef0-4a55-41ca-9525-d1b4b06c2114-profile_image-300x300.png
ee77ed51da394f02b72c33756b155eac,35,2822,https://yt3.ggpht.com/uN9BuMFt-UmDSsA4gBqYTWE525R46dzZWH00u_0qyqEUbCs9NoXC6sXK5b0AVD4kuNQNrZpQ-A=s88-c-k-c0x00ffffff-no-rj,559,https://static-cdn.jtvnw.net/jtv_user_pictures/c2875a65-db72-43a7-a74b-6b5b7243737a-profile_image-300x300.png
ee7cfe445bc84d6fa7fff5df6fbf0d32,1390,38046,https://yt3.ggpht.com/wB0TufzZp8etiP9yfx77fNR0zhAG1QyEedknSf4yYAgMyp_KemtVr2GwXcRog9UgwnP8WStL=s88-c-k-c0x00ffffff-no-rj,689,https://static-cdn.jtvnw.net/jtv_user_pictures/c0d4a43d-6f72-44c2-a412-2de1f3bdd656-profile_image-300x300.png
eec1f137ea78444185a4268f72f59611,1360,45751,https://yt3.ggpht.com/ujfXE8M_O72dsL4isaU_Dw0Elx-imAnaQrAlvjS9_Gz89AwjUoi0BbeyWFiyAYabQasJ_g5gaec=s88-c-k-c0x00ffffff-no-rj,,
eeefa43ecaf74f7b822dde3f0e7683d4,,,,1899,https://static-cdn.jtvnw.net/jtv_user_pictures/0f519fec-2870-46e6-9130-950cd089560d-profile_image-300x300.png
eef7776c596141afb7efb9c1790bcb64,742,33324,https://yt3.ggpht.com/uYLjXD_atktk3BB8SY4ceIse4-EW7N-swfOn3saFqJCqFDvOzZrQLMR8P3nN-CoCQx22qpeoyw=s88-c-k-c0x00ffffff-no-rj,1539,https://static-cdn.jtvnw.net/jtv_user_pictures/3ebfd121-6b80-46cc-99fc-fb1dab0100bc-profile_image-300x300.png
ef03340f293242f89fe15f2f828dbf7f,1720,32827,https://yt3.ggpht.com/0iHB354PUhZvzO6Gvfj2g816QOvG0875pjI-qa4q-elHceNBb28t6Cz_kwt3ZSRdIoRFPJOWVkU=s88-c-k-c0x00ffffff-no-rj,547,https://static-cdn.jtvnw.net/jtv_user_pictures/aff029fe-0587-4df8-af5f-991255abf3b2-profile_image-300x300.png
ef2c9ea8d1644ce283daada94023648b,143,6308,https://yt3.ggpht.com/y8riXeTbpvz7ZPTGRCboXVpfm03vUkmLfUdpRflH7spWnVOMzJGmUcp2GgbdstUrx4l1lZz7sDk=s88-c-k-c0x00ffffff-no-rj,,
ef5da0bd8595474e8630994b11c3eb46,41,370,https://yt3.ggpht.com/LHW0QTD4gAg6-9jA-shwsDQywVhSAfPPc9a89uD2GzvMJl-hZcafL5Hi2I3nwC5vmIaY9PfTrg8=s88-c-k-c0x00ffffff-no-rj,770,https://static-cdn.jtvnw.net/jtv_user_pictures/82730abd-e25e-43dc-a558-ef41597311d3-profile_image-300x300.png
ef67b676c0334ef182151f473469c1f1,13700,542116,https://yt3.ggpht.com/hC2mpz2wvja8N4VzwmXdfgsL24PVvVe6Z3MgAtcHn26dDILKqDU9UdocU1kl78cQ-RVs82oB=s88-c-k-c0x00ffffff-no-rj,,
efe21404e1e344dda7e75ecb2c160895,771,19107,https://yt3.ggpht.com/iSL8GFYP0NVQtuJrTNjlmLe0c4zWtG_DHm_jWSZ7VwZdk8EBeK67IPLzYqx-gz9yy6ogGcB5=s88-c-k-c0x00ffffff-no-rj,,
efe550a729e14dbab790a3f73205d8ed,30800,1107266,https://yt3.ggpht.com/NHjF5U1Q5fGqmnIjOQ48w5q1TETnXX4KOpervOZmCbpVgk-st89IF08Y7XbIh4EP92VYiVkwBw=s88-c-k-c0x00ffffff-no-rj,,
eff26caff6bd4720957cefaf8f6fc87a,45,935,https://yt3.ggpht.com/L1P1K3BhNqGdh-QKtueWHeNeyAjj-mcGFP4050sIL6o4iEkaucZkY72OYbPpdSPDx5UWQYoahw=s88-c-k-c0x00ffffff-no-rj,718,https://static-cdn.jtvnw.net/jtv_user_pictures/208fffed-3c51-43be-8863-7d66e0d08333-profile_image-300x300.png
effe96469a7348c786d01ccea8cf71cb,5260,167999,https://yt3.ggpht.com/DPCpbslgcYB58vj_aygqLTyZqFDBwCDykTm92OjQ9H9_m0Jfx4YyCBED-6XCAHWAx-FO_Na8vVI=s88-c-k-c0x00ffffff-no-rj,,
f03fa714465e44ef8d339474bd0f4a02,2930,69816,https://yt3.ggpht.com/mnGn8th-7CO5bdD_RODwDbNyIJBZJFuFOtBXSK5zCZMCBUh5YCCFSplUj5yYEm4_Tk779CEm=s88-c-k-c0x00ffffff-no-rj,,
f072e780d0c84ca08c27020e1f2de365,403,7436,https://yt3.ggpht.com/G39W9ctTgBSHgxJ1Y3lyh2icAZcNB7SG0d3zZZ5YvrcLtXf2gcMgaT2yDLTGyIxbwdKU-B1s_gg=s88-c-k-c0x00ffffff-no-rj,601,https://static-cdn.jtvnw.net/jtv_user_pictures/9dcbb1d5-9bc2-438a-b540-fceaa2cae6a7-profile_image-300x300.jpeg
f0987ff6444945558cd159a508cd823f,352,4836,https://yt3.ggpht.com/kMnFiFLTr8hjoVV42gesXjVWsp3tpurmOtPP_808KkYdgnoVw8P5mI8XpKRArtGA7ugty_H6Kw=s88-c-k-c0x00ffffff-no-rj,2057,https://static-cdn.jtvnw.net/jtv_user_pictures/178e6b97-5fa9-443b-9c86-ef80209c0d45-profile_image-300x300.png
f09a7c3155a047c98f155434b2634ecf,107,3191,https://yt3.ggpht.com/DtNOCg7zqfZNYSH4b8ERfSJ1Apq9glXKg1JB8VtTM4v4AGEes-Sah7Pqh9O5Qr8KE_AA2NXfOg=s88-c-k-c0x00ffffff-no-rj,381,https://static-cdn.jtvnw.net/jtv_user_pictures/1afb0f41-3cc1-40e7-ab57-db4d77765774-profile_image-300x300.png
f0a395b14fa34e64ba1aaedb906c7dd3,21100,73215,https://yt3.ggpht.com/bT2HrO-Mmp-fOLLXV6yBlx0towQ8ze3vF_zywDn_YXoWJ0XwDWK55cCr2aejeQzcGbdRVTFSH3Y=s88-c-k-c0x00ffffff-no-rj,,
f0afa83a8d2d4cc6bb9eb80655bbe40d,786,11926,https://yt3.ggpht.com/PRjzqqcSgxfLNLmqHv_WHdUMCLofW0v-mfr1gJNPdpTtB1isw36XNkhA_aAqwgdjM1yAjU4=s88-c-k-c0x00ffffff-no-rj,,
f0bc26cfe4a8451d863a8d8cbd6313ed,,,,7,https://static-cdn.jtvnw.net/jtv_user_pictures/95b46e47-ace4-4293-911f-35537d9932c2-profile_image-300x300.png
f0cf456a9f204645a4b468f8cbefb150,,,,1445,https://static-cdn.jtvnw.net/jtv_user_pictures/7231c950-5054-480b-bd06-0b75a7b52e7e-profile_image-300x300.png
f0f6694a60de4fb799b3f315abbaf7b6,435,19212,https://yt3.ggpht.com/-AjcfqJ6ZLOuTGGNcZ2seoCISml8EUF4kovHlDHuG-pUEcA1Xa7Lrlhniq2mv_w04SlX1hEE=s88-c-k-c0x00ffffff-no-rj,,
f1020d6d2f904704a363cf21806327a1,909,17502,https://yt3.ggpht.com/LwGQpofH_0BhRuuOsFvI7qUDpEV7lgIr0EOrLwTZuZ8s3HAfB-CyJw-Qt_MvjrXSCT7sBJzk=s88-c-k-c0x00ffffff-no-rj,204,https://static-cdn.jtvnw.net/jtv_user_pictures/eaafbb76-edb1-4cf9-abcc-0723d4a66ed1-profile_image-300x300.jpeg
f10dc84fab2a41d385c2553b0f1d788b,94,3196,https://yt3.ggpht.com/6utTXZhg8pn1NVDTK1fyvzJlt3h7fjKFyzfaNMXewwvZvg8riAoDrY-0WmcgV-ortmAzD000=s88-c-k-c0x00ffffff-no-rj,468,https://static-cdn.jtvnw.net/jtv_user_pictures/c4e58116-26c1-43b1-9945-57a8632a2272-profile_image-300x300.jpeg
f110fd69b66941bab04de9ada563c6ac,144000,14136559,https://yt3.ggpht.com/6Iolft6K5hFv-0U3q_D7CHOONuM9prt-CoeVDJ8m2I8AfGuoWM8G7EfmUewwlLbSo9Hl6IBfOg=s88-c-k-c0x00ffffff-no-rj,5671,https://static-cdn.jtvnw.net/jtv_user_pictures/c92437f2-82f1-4bcf-abbf-723a46fac910-profile_image-300x300.png
f146e7f1a1164dbfab960ea34873afb5,2300,81833,https://yt3.ggpht.com/6mCn0srn5uLdd3i9yu1DtrDeBJxU22PLeSn2coxenskN94H_1nQSgcpgpPcbjedxlwo8iRko=s88-c-k-c0x00ffffff-no-rj,94,https://static-cdn.jtvnw.net/jtv_user_pictures/2d9185e0-d389-44db-bad9-dd8f9e12c29c-profile_image-300x300.jpeg
f16af590d65d4d07bb6603aed00a1a78,419,0,https://yt3.ggpht.com/ahjcnUmWpdXAYtxNS7G8DdiqKIADW-71eVMPCPjFOr76gRFGw_6uxhrVKXhyqvEUlLeNqXAlVA=s88-c-k-c0x00ffffff-no-rj,,
f18407d79b4b43ffa6adf629d1723a8f,28100,1275,https://yt3.ggpht.com/ytc/AIdro_nX4HfiXY6W7mAzsZPP4xrRi4LVwy3DxJ8n5bP9lQBRqqbrj1s=s88-c-k-c0x00ffffff-no-rj,,
f1af649939f441ef83a72bac4dc974e3,543,17135,https://yt3.ggpht.com/vSZ-a97OhR-HM8xJuIGXsoXry_U6OAtROgiGjONbkjgy1PkNW3CzBGLjOdjqz-ZVAauOsXoN4IY=s88-c-k-c0x00ffffff-no-rj,,
f1b5f88144e14bd188e17b2f98303713,109000,4555725,https://yt3.ggpht.com/6u-NHYT15apyqBo5QoB1dANVNApm9FsSQO6oVxZotPhtzEpDVZEhKc6MScK7pxp97_Pbc2FIPHc=s88-c-k-c0x00ffffff-no-rj,,
f1bcb26adebc4b95abd8fb779dfc4f6f,38,82,https://yt3.ggpht.com/vUa_hRV0NZ1bCIsB_yhNkYtkREVmrmXzMDqnVmDYXloQGC7n-vAyUcoOhsIz--9Naf2ZC-AJ=s88-c-k-c0x00ffffff-no-rj,,
f1cd5373408f4509b94caed34d4c05e9,405,4778,https://yt3.ggpht.com/hliE7f2PG7XNnWA77RE2BmImNcbuZiXyiJnsOvVaIiOlO9emOCwimgGY7_lgkoEdzpoaoMDn1g=s88-c-k-c0x00ffffff-no-rj,,
f1d9ff59d3d74b0ebb4268de53698dbf,213,6100,https://yt3.ggpht.com/f8vE4Wj-pC6M7oEo6YMpybQWGqBslpjtlFPMC44pR4I38s6Vwq0N6zbOYIK1_ZLy_kviyOGxhQ=s88-c-k-c0x00ffffff-no-rj,674,https://static-cdn.jtvnw.net/jtv_user_pictures/80fb6a36-d09b-4347-97b7-8b9bf57ccd12-profile_image-300x300.jpeg
f1dff6bebe3a4fa7a4b9c05f91bdc42b,787,0,https://yt3.ggpht.com/ytc/AIdro_nubZCOCNq9ZLXIDkT6BaciY7RdvAiCa4LAwFXLgGHDCqA=s88-c-k-c0x00ffffff-no-rj,,
f220baaf52864d7eba4b39877bc2afd2,642,0,https://yt3.ggpht.com/rwL0THdORLj_zTY9eJC0DKZH9KjLxczuDOfFhQFtP245f2VTcVUNFiQQaclJanAE6JhNfK2-KYA=s88-c-k-c0x00ffffff-no-rj,1173,https://static-cdn.jtvnw.net/jtv_user_pictures/54719a84-ea53-473f-ad7d-93d3398b2411-profile_image-300x300.png
f227226fd52e4fbe801b4c89acfe4887,1460,36700,https://yt3.ggpht.com/t6BNN9vz77grQaGl2ndshHjtSTHnUeZx4PWOTgCGfJ_I_BtsDweBD-QgZVYCnGSWwRvR6iC-Og=s88-c-k-c0x00ffffff-no-rj,,
f24626ac0ce34975a3b3fd6d8455f4f7,330,7379,https://yt3.ggpht.com/C_OLWS8gKisH--Y9NN8Lcp-8jhCQZ2bgM6vtWzFECtetAXYJOj3-8tllw_MseP4p0PLRe9fbHw=s88-c-k-c0x00ffffff-no-rj,174,https://static-cdn.jtvnw.net/jtv_user_pictures/229a37f2-4472-4004-9131-9b73ef31cdc2-profile_image-300x300.png
f2a403cb46354371837550730a397bd1,20000,1229096,https://yt3.ggpht.com/9L72Zsl5o9fN6bOACWRHyIRu58RswIXZkrXYXGVwCwbRaY_Dkq2d4ctsaz-s9jnRcmDfKp_k=s88-c-k-c0x00ffffff-no-rj,,
f2ad5f187c9141ab8830b8eaf81c3aee,3380,206573,https://yt3.ggpht.com/mLxoWlNSIwUMJ2kWQ_ecf0xnm-3UN5txZ4ixI-7dpU1VlZNGHdInwticn070mAWeBTkwFXIh7w=s88-c-k-c0x00ffffff-no-rj,,
f2b0bc3e82024bd3ae1c7cb5fe926829,365,10000,https://yt3.ggpht.com/hIOqCkvVkUZwggvyTnjIq3omSbBzbSMrZp6pqJoXOUXeLZNh97deNRfHtBMsIvvrqPo4wwDY0g=s88-c-k-c0x00ffffff-no-rj,,
f2dc08b1c55843d9a3d1e0461ebf57c1,4090,212524,https://yt3.ggpht.com/YguSDhAiPkT8wQEPdS52CGIe5cy5FX8U87sREOs6jy0eLPbt0W0AOoeuEtQwV7e2ThDzlVnI2w=s88-c-k-c0x00ffffff-no-rj,,
f3085e3337f34b178380b52e3ca429af,1500,59218,https://yt3.ggpht.com/eOR4tzf1tcEAs8mvRdh1_F81OOiuZOaAISpBnnxuReJIjD3QHSKPijddxG4ZeE_d8hOFLApc8Q=s88-c-k-c0x00ffffff-no-rj,868,https://static-cdn.jtvnw.net/jtv_user_pictures/10a4503b-7fc0-4373-a10a-e001c1936c8b-profile_image-300x300.png
f30f6a2e994641b5af169b97f2aad13b,187,6762,https://yt3.ggpht.com/ytc/AIdro_kvj376j5lKf8qrZLLTkqRC1CR-URfryijiWUJyvqAEytw=s88-c-k-c0x00ffffff-no-rj,539,https://static-cdn.jtvnw.net/jtv_user_pictures/ebc397f8-de94-4fb3-9466-125a379ca487-profile_image-300x300.png
f314b215c987471888b4477dc4d8bf08,142,0,https://yt3.ggpht.com/akEIkOc_uicHnuf2lXC2LNhzZTbT8cSv2bUJXIW97fbzV6rGyRQTzts8Oa4atpUQ6pbUfXb82w=s88-c-k-c0x00ffffff-no-rj,,
f332651666ff4dcfab45f08a39a62d8d,4020,0,https://yt3.ggpht.com/-0wfA7azwU3Od7o1F9yrHTJ4i9_cqNV-tGjueOs_pw5sLOmCSiY6FB3rPt1KGh7zvCwaVzTosw=s88-c-k-c0x00ffffff-no-rj,,
f3404208a69741c481201fffcdea3d9e,7590,136424,https://yt3.ggpht.com/daITAOcIHDZnxxrOw6q2hxrAVE7uJjeN08vh4b3xIoReCP9ZgXjcNx5zvgIgwPvQUsn3W3lY=s88-c-k-c0x00ffffff-no-rj,,
f35a552c958c4e798cac3bff3f5fff2b,93,557,https://yt3.ggpht.com/bMrTkYJJ8zBCIj55Xg9DIPnIJr86Kq1s6ov9F_dj8E51ntSQ22Kuj3f2DKvRquIqI4ZlhB47n_U=s88-c-k-c0x00ffffff-no-rj,664,https://static-cdn.jtvnw.net/jtv_user_pictures/b21acf19-2144-48e1-8f27-ef870f817ce0-profile_image-300x300.png
f36c774fbf4847e1afdf66a1e4806ea3,720,12300,https://yt3.ggpht.com/IWzito8ASIHJlxK9H0NNzJ1qRsc_zIzSlhWym1BP7vROH5Ck3IxAUX0pnBQLDjI_U5WKmuYmbA=s88-c-k-c0x00ffffff-no-rj,1881,https://static-cdn.jtvnw.net/jtv_user_pictures/05cbc080-1fac-4bb5-bb08-ed246acc208f-profile_image-300x300.png
f3914ae7ae6541198b6b5f4d63febe48,1710,46913,https://yt3.ggpht.com/deXlykO_nw-kexoBZTxMK_S-OFUXstiyO9kql6m6OltG_E0Zd4TgleOtMvCe8_lq6bHu51iwvw=s88-c-k-c0x00ffffff-no-rj,,
f3a1ec7e996e4897ba4e34376f7c0be2,258,4250,https://yt3.ggpht.com/O5lblDH27klov5Cd0Lz-YgYosyQmraM87cqeqe3LeKkcnOyOe6mb7yB6kVfb1BBFvGUgo_Y4pVU=s88-c-k-c0x00ffffff-no-rj,731,https://static-cdn.jtvnw.net/jtv_user_pictures/9ab5860f-28f5-4c51-9218-c4fce17d9543-profile_image-300x300.png
f3fe9fb6de2a477fae878a39924c15bd,313,5029,https://yt3.ggpht.com/p9jtTKqcxEFK-ERTyMeSVbqx7nfeWnDRjkKvI7kez7QZ8hsblp7Fr7PJUBAbnjsob3uk9Oiq=s88-c-k-c0x00ffffff-no-rj,2105,https://static-cdn.jtvnw.net/jtv_user_pictures/0e25d1b7-dc0e-4de5-b75f-6e3e4aa49760-profile_image-300x300.png
f40b8e8debf14680b5cc88bae98918f7,6760,208372,https://yt3.ggpht.com/E9pdUQJN7nUZZN4TtqtHpanu9A03_aizSOxcdxTbWdOWwQ98CYBgP7SWQoYBUDU2Iq2QlFNT5w=s88-c-k-c0x00ffffff-no-rj,,
f42c6f5877f14a38aef3f3b515769149,7630,707280,https://yt3.ggpht.com/IsP2Se398I8NxLKxC69sonFqr5w4zPa8Z2AykKAUgAFEG9gh8jXfEOrOhfQAknI0EL_XHuls=s88-c-k-c0x00ffffff-no-rj,,
f44835c18dac441f910f4eb821ffd7ce,406,18333,https://yt3.ggpht.com/QCuIsfyCt1__-kj7wy85ag_W4IuJgYYBXPoeo7ZiNIgxyUCyWBge5kv7SJJboT7eXHG0ZfE_NpE=s88-c-k-c0x00ffffff-no-rj,2974,https://static-cdn.jtvnw.net/jtv_user_pictures/c1c3ef61-2631-43dc-9381-93c4382536d1-profile_image-300x300.png
f45249f9d8094f9d85f6d02aec4af029,3390,743118,https://yt3.ggpht.com/rvkKiL8lcvJgnFeLSnzLbf4j_i_XW2GnjAOICQMka6swg7XZYeyMQBYaENf26cApQMccV1nhFtM=s88-c-k-c0x00ffffff-no-rj,,
f461b26ba47b4e37a90d2ca4fa5fa329,845,21953,https://yt3.ggpht.com/zuNnqMXqZfsEmhyUvam3ElzjO7NcDD3-o32alcNPgsrVIpsTSqF93KoLjXPrKAV4VIDD_RtixAA=s88-c-k-c0x00ffffff-no-rj,,
f466201465ac40ef9f3aefc9b08a39d1,963,38631,https://yt3.ggpht.com/EmIzo5BNI724Ar1o13hoZZdvtm77IcGJrBuwCwbBpdMunzRigIbIYjSXjGHaiajFhEt3S9LBJg=s88-c-k-c0x00ffffff-no-rj,967,https://static-cdn.jtvnw.net/jtv_user_pictures/8d63609b-d54e-4b8a-8088-1d09257d5711-profile_image-300x300.png
f46e5ebb899548cab53d24f1901315b0,341,13502,https://yt3.ggpht.com/RpxR2Q5jPNuHK0QI8dYGAOKM-YIjEK2s3AVv1704pi744T1LPLjEzSfvS0fzwU_Jl5pto_kVyQ=s88-c-k-c0x00ffffff-no-rj,137,https://static-cdn.jtvnw.net/jtv_user_pictures/8db6cfa8-1ea5-46ce-9579-65c691b37a2d-profile_image-300x300.png
f479e1403f614727a5f2a2be339bad74,1080,12363,https://yt3.ggpht.com/nFGysuaWtdHAOKqxnnYHQghpwbK4HFik89Iuzle-3gHeUF8e_Wzs-mWNE7Fw_0t1B99B-08s=s88-c-k-c0x00ffffff-no-rj,3084,https://static-cdn.jtvnw.net/jtv_user_pictures/c3e2beed-7dd8-4c28-9d1e-5a255e219c0a-profile_image-300x300.png
f48eb9c6edaa4e45b2a1ebad1e9304ff,5600,83585,https://yt3.ggpht.com/lkI2TakRDZBJFWOCmewFbt5PQjvl0Y3JfzcnsPdF_8ZJ7w2NVGK1MmwklAf9Rd_a9rpz07ua6Pc=s88-c-k-c0x00ffffff-no-rj,72,https://static-cdn.jtvnw.net/jtv_user_pictures/825ce271-c137-4185-8bfe-1894ed2eca12-profile_image-300x300.png
f4da0eee989545d2ade906b022a50e8c,1860,72508,https://yt3.ggpht.com/6Og-ItvConzIL6-Wow_wRoP5yP6Cmop9i9nsPud0Yu65BMU72QN6RMZy24tnFrw4L7Kfc0Istc0=s88-c-k-c0x00ffffff-no-rj,3208,https://static-cdn.jtvnw.net/jtv_user_pictures/6abd6beb-f53c-46f0-937d-15f9c42fa471-profile_image-300x300.png
f4dd5cb31cc4403589b69fb7140c0010,36,1763,https://yt3.ggpht.com/l4pIy6Dyg5xIj_fiRH-cBitMmkXm-arzXdpFf7wJL_Vsgz3DppjcvZsSMisvFmIPRNRs6Z2t=s88-c-k-c0x00ffffff-no-rj,,
f4fc9f87ed4b4f05a339b1f1a1d621b6,4390,90527,https://yt3.ggpht.com/_3roov_IAV6peuhOOX3d4rKNJq9My4WsCi4XRfYvwQda4o4eAl-5C3dPzXEJ3FjqR9ltI6H5BA=s88-c-k-c0x00ffffff-no-rj,,
f5034a946bf249c780a864c19efda669,,,,398,https://static-cdn.jtvnw.net/jtv_user_pictures/f287062a-37d6-465d-b506-aca69a848265-profile_image-300x300.png
f513e865b8aa4afab938316563c4955f,667,29487,https://yt3.ggpht.com/U7NRF7uoReCFR7uYrCz_eM9l2xbycP0GjhKbUQUniZT_SzEf92noAhrIxemhj_3x_CZ9h-Gq=s88-c-k-c0x00ffffff-no-rj,445,https://static-cdn.jtvnw.net/jtv_user_pictures/3f5aa3c0-cc6c-42c3-bfc9-001e1f56d0ee-profile_image-300x300.png
f5260b1a196a43f8b4aff1cc742a67f4,642,7405,https://yt3.ggpht.com/IsWX5sF0hSPQ4QE7t16vkJfczl9wR8cOLV3wS47xwLPr87YAp75S2TOrwf0OXULTXfS-1tpC=s88-c-k-c0x00ffffff-no-rj,,
f535c31fb7624e808c5b7f17f5a9bfd9,31,58,https://yt3.ggpht.com/nkB4dAxO2wHZktVGFTTyx2wESs32_X0nUE3YiB_6qPG1M-AeUDNg_mQXns416257ueQ2u6qx=s88-c-k-c0x00ffffff-no-rj,378,https://static-cdn.jtvnw.net/jtv_user_pictures/9e245519-1986-4fcb-8fb0-83ebe136709a-profile_image-300x300.png
f53807443055490f87b85ded6caee0aa,8650,384428,https://yt3.ggpht.com/NMevuKZIpI9IlXtK8WjbQjwNU6aL2BmzzksZXiwGASBztN90FShBWj_czNw2JR6i3B22LEmC6cQ=s88-c-k-c0x00ffffff-no-rj,394,https://static-cdn.jtvnw.net/jtv_user_pictures/7b5a923d-4bd3-4efc-8256-e73208d8b089-profile_image-300x300.png
f53e734fd8ec432da4632f30e899338b,4540,134457,https://yt3.ggpht.com/wyTFSZ768kN3Id_0j_Cb7mejQFrSWe-lzchwldj9b3BQ1WB8n_AsrJ-JcX49kff2KZEaaLJIuA=s88-c-k-c0x00ffffff-no-rj,,
f5493e350f514aae860e4fbc529adf4c,562,3019,https://yt3.ggpht.com/nDdKLL4OzrijX4ZBUGWUH8RPx76f0-qjcdXpifrAvxCIrH5gPdkK3nYY3czXELmqngLdk_60Yg=s88-c-k-c0x00ffffff-no-rj,,
f55b426f2ceb419d964d1d1bcd3860e9,129,2129,https://yt3.ggpht.com/WGNwiaxppRoWr9kNxpDCYzLbwGsOadj6FdGLn6ZbMmiItaCfUkoaB95-cyJPadT-nxw0jQnW=s88-c-k-c0x00ffffff-no-rj,,
f560e7811b454fe489044165c53dba83,966,45901,https://yt3.ggpht.com/pdI8UnRVdJO-IoMKyFFiVSv4tUPwDulSzyYDMF97p6igeVaorfrpq-deyMhp1_uikhe-un6gqgY=s88-c-k-c0x00ffffff-no-rj,,
f58318cdd690482c9d19fb68bca374a4,2270,83541,https://yt3.ggpht.com/aHjL9lZYcd0SXcelGYO1EkHdF0ID7whpp--u_2jdaAfp3P_ENBymSVABWjogIuKosnAB-a0PVoQ=s88-c-k-c0x00ffffff-no-rj,124,https://static-cdn.jtvnw.net/jtv_user_pictures/4d80211b-58e9-4602-9bb5-477f6de12ff9-profile_image-300x300.png
f5838bbd59cf4922897b71efe3dc25af,1130,2213,https://yt3.ggpht.com/lRipSkPU1J3XEEVDYiojgL5pQzsi6J__Qvrbxw1kAtGnN8tB8ouIBZrySxM4LJF5ope3G4Ga=s88-c-k-c0x00ffffff-no-rj,919,https://static-cdn.jtvnw.net/jtv_user_pictures/cafd63aa-6f11-446d-85f4-878488784f96-profile_image-300x300.png
f5a37da60cb74069a7dc13867404521f,727,47566,https://yt3.ggpht.com/rxkAuDwPXdaMHuHTrwQv4NAjOhe6_Mi200TNL-L8NhW_fdAvRdZ4qfTDy-YAN4TGc8tFS4U3=s88-c-k-c0x00ffffff-no-rj,,
f5a683eeac6b4936b44d547c1e4edbc2,2860,65202,https://yt3.ggpht.com/0ingTPvuz8k5E3lk_7Qy4MhN18JeLBRPIrSlI-KW4KbCGGM04MuqOi20NU7JGdyslCfgcQXz=s88-c-k-c0x00ffffff-no-rj,,
f5a99c6ea78e4023b1bc84c1502f432d,454,12343,https://yt3.ggpht.com/bh6i0tPlIji2-TZrmwK_FZ9VmB1KlEICMkJ_UrBowSJuurlauTuGhwHgRwNYMYKakSJL4fzg=s88-c-k-c0x00ffffff-no-rj,,
f5c278ed50af44b6a78e8436020c871f,106,2099,https://yt3.ggpht.com/U-tEDWfLAzIDrEgt0jlWjw5rSZ0ZVM-3UKG2hr-i9v3Ra3LEIxSuz_lp8c5oEFHD6rxxGfErCQ=s88-c-k-c0x00ffffff-no-rj,,
f5ff982730f54cd4826ff0530a4288c2,49300,3469938,https://yt3.ggpht.com/b-HXLxKfSHBKUSwzIpzEcSw98HUbuapLvjH0nMnAUriZotemhe6DiqB0i9QOuGNuQZdbKRF1=s88-c-k-c0x00ffffff-no-rj,,
f656e3210df449889b6ad9e72acd7a72,1560,67944,https://yt3.ggpht.com/mB37OOM2V5ABicWUdIzEWyGGRwQ2Dotp3v_BTcAAjAmljQwTZ1Vzsku17DVx-M8pfremEogqJQ=s88-c-k-c0x00ffffff-no-rj,,
f6a02208132e4cdeb72d84d1fb487384,339,0,https://yt3.ggpht.com/uiSlsYM8oH-aH7cNQ1fKhUleDfh_VHdxlLM3etwajupG0Qww6AANv-RGWQSfXVEGi-V3UA67RQ=s88-c-k-c0x00ffffff-no-rj,,
f6a4e7aa8d0c4e5cb39d199845ec4d02,455000,54827708,https://yt3.ggpht.com/BlEIj9ceMmfIvieulM54kBLhtoaijmbqavPiAFoIaE_59lKbRO4NnQXulPRwcwhBPLt0HiI3zA=s88-c-k-c0x00ffffff-no-rj,115396,https://static-cdn.jtvnw.net/jtv_user_pictures/66a24ad3-a6b1-4c99-9d31-3de84c4591e4-profile_image-300x300.png
f6a8c59d8b8d4e009d4e147ec268cd73,31800,1410373,https://yt3.ggpht.com/JdDcBEGSrDcAfC_kXZxmwReqm3xytSFZ4lQqJkerGFRiDYOywe9BZwzSArk-8UysYpqynZ7eig=s88-c-k-c0x00ffffff-no-rj,3975,https://static-cdn.jtvnw.net/jtv_user_pictures/26656891-8e69-48fd-bc59-138e45afd83f-profile_image-300x300.png
f6c33980cbb9463d88229e058bd54b3f,114,962,https://yt3.ggpht.com/zRWeCf6_gO4eRu8_2GWDbrs9bnr5BLyQXY-lk2_r7uokCCaB25ZlLnbB_MhoLXoDd3d1jEfz=s88-c-k-c0x00ffffff-no-rj,,
f6c34086d07a4322b9d4ebc538bada96,6080,108166,https://yt3.ggpht.com/sGonnD0yg-zhUuhE2-2epHcGO8JTGFCs82JHB8KSk6f52_OQoqkuWaYCZOAD401VraE9OXSj=s88-c-k-c0x00ffffff-no-rj,,
f6d83aa286de43568b4e8f9e0976615a,794,23297,https://yt3.ggpht.com/E7fObl0B3jCqWGRaG6PP0nAxQMxD8zKMv34-uf1C5mwA-VMamDcfPpZ3t_DZB1sEl1a2zC7B7ZA=s88-c-k-c0x00ffffff-no-rj,,
f702d43aeff84979ad97438d0b1d8bcc,916,9543,https://yt3.ggpht.com/ajjVuQYctjxZTMthMSGpXraMcB5lnYP7C24mrdy980rXy1LvYVuvHO7sRta2Q-zrLJ5QdOaEjA=s88-c-k-c0x00ffffff-no-rj,464,https://static-cdn.jtvnw.net/jtv_user_pictures/485f3b40-34e2-4bcb-ac79-97f478b5f285-profile_image-300x300.png
f7185f45c8a44e69bf829405206996b9,227,7041,https://yt3.ggpht.com/kohHMG3S5SKMw-c4iIpdatDHYgBEACF8vDyU4EapISThXuELyonhUopdrJ5voyUAY7pUIxJq=s88-c-k-c0x00ffffff-no-rj,31,https://static-cdn.jtvnw.net/jtv_user_pictures/14d6e853-cc85-440c-80e5-d0fc7188212f-profile_image-300x300.png
f73be498fddd4e718f18f8203af00f33,5130,94080,https://yt3.ggpht.com/hAey-mnHjANjtKKYVcivccb6QDeFKe6Mn9AzHhukmlKGZZocMf87mqrDq2YY6RHWEzogQVmcpA=s88-c-k-c0x00ffffff-no-rj,105,https://static-cdn.jtvnw.net/jtv_user_pictures/96743def-1f5d-4d9d-b029-acc850c126c9-profile_image-300x300.png
f771e51357eb44d2820afd47aba3b546,410,9411,https://yt3.ggpht.com/cs0wEbkNHFXZWq3zwggEfq-_Mxyc4bdw1OUkJ4f5sXd1Evl_opIPFjdLNveGrkmL2UctjVv8=s88-c-k-c0x00ffffff-no-rj,296,https://static-cdn.jtvnw.net/jtv_user_pictures/2ab3ad84-2269-4ae5-8658-7333eb66a782-profile_image-300x300.jpeg
f7758d944fd8438a86bfe1235c7bcd17,230,13802,https://yt3.ggpht.com/UVD8iDfTaLS12EPpT-C6DAqCnGgaUzHLkAB7A-X2y6-BwliNY3W88TdNwCCganu26vyWTxXO=s88-c-k-c0x00ffffff-no-rj,470,https://static-cdn.jtvnw.net/jtv_user_pictures/758a8c0b-f151-455c-acc7-07ba18b3f511-profile_image-300x300.png
f7b1eada802e4ed89c306c6641d243b3,5070,198594,https://yt3.ggpht.com/3nlF8cHgCepFeyCs_lL2-7RF1aOYq7Ws1c-8vtJN7QAtSbk64ZBLOI_7rFKF_OMJjLMkGLo0=s88-c-k-c0x00ffffff-no-rj,408,https://static-cdn.jtvnw.net/jtv_user_pictures/d4583cb8-c82f-4fee-9324-d1e342ee1610-profile_image-300x300.png
f7bfeaf6288f4afe80b62dab32698a0c,1500,453645,https://yt3.ggpht.com/cApDD01wEZdKLkkrPuD08K9Nz3SZfH84ZF-t0uiqSaMPT6-ySLaVJYkLkI91WupgXaRA9XBaxw=s88-c-k-c0x00ffffff-no-rj,321,https://static-cdn.jtvnw.net/jtv_user_pictures/32327469-66a4-45da-bd85-727975e15610-profile_image-300x300.png
f7c48554816643cdb8d343e6e9e6d313,27000,1448347,https://yt3.ggpht.com/zA7x1vnxfCk9E26hyEIY1XW3QZdARm8QdwKuHPTju8GTUoFYsb80hq5mNcS469tupd3fx_1A=s88-c-k-c0x00ffffff-no-rj,10195,https://static-cdn.jtvnw.net/jtv_user_pictures/3fd15390-4e26-41fe-b973-7f79d1ed8583-profile_image-300x300.png
f7c5066e776943ef9f277e3f41232272,127,4322,https://yt3.ggpht.com/prurVEqX7fYEiRy5pBXnRm-Uvt6FKNV-WBoFJNlEgkRGlmVqEXmaef9oxaCwJl8cmMhux32i=s88-c-k-c0x00ffffff-no-rj,,
f7c5ff874d1d4528a36c0a54d27017a3,672,51455,https://yt3.ggpht.com/ytc/AIdro_kuPzK8IouiCi0Dm5Vh3ZptWZ81MZ_zjdqTig7GtCZiGOo=s88-c-k-c0x00ffffff-no-rj,,
f7c8264349654390a5e39810dc012a38,20000,1255762,https://yt3.ggpht.com/gBYxfPuWQrB1-Jc5TB2j4veyhX6XGkH3th4Yy_9Vjtbevd-en77uffYg9KytIgRoziredn2LqA=s88-c-k-c0x00ffffff-no-rj,,
f7d0e4ed95e84262b329740d5d27afc9,8320,31527,https://yt3.ggpht.com/tarRJeSWXSxXd7dtth39o_IuBgKRoo1LercKEvVgN3SMCjLy740VsWrBdiI8bY0cBj0SxCM-nw=s88-c-k-c0x00ffffff-no-rj,,
f819220249044c7ca97126c828833c9b,5280,0,https://yt3.ggpht.com/i_2fuDorQErz4s4YEZCRltkWPTWWsgjhOkO210ctfllA3c9r216Araaft5fhYkq66PSmLJUhcQ=s88-c-k-c0x00ffffff-no-rj,,
f81d4ef6f2f54e0c8c6d12a09e1fa5c7,7460,40328,https://yt3.ggpht.com/aBURx7FDlkr-ZwYpjCFIWhf4xFAMcnajwaihoee2I0v3m7vbfxpgdnva5Bz0vZ_bmNb8MxJd=s88-c-k-c0x00ffffff-no-rj,,
f82fe7762b1a4ba983f4a0c918ea70d5,18,89,https://yt3.ggpht.com/uQePk1dyMuG4XwkzsMfS3ooYWSSR2_21JF0see_tkgsXR7dusGxE05XxErVm340t2qBMTreNozI=s88-c-k-c0x00ffffff-no-rj,2,https://static-cdn.jtvnw.net/jtv_user_pictures/5deabe03-b153-4255-8eab-5641956d931b-profile_image-300x300.png
f84598913e654789a80556fd38388dfb,,,,1536,https://static-cdn.jtvnw.net/jtv_user_pictures/08bf54a2-ec9b-44d4-af9e-d0026c1e3467-profile_image-300x300.png
f8ade397837d42f7a9167e0d4f20fc56,,,,2676,https://static-cdn.jtvnw.net/jtv_user_pictures/28eb9819-255e-4c1a-8e37-4c8c7365b517-profile_image-300x300.png
f8e4654549304ea9933e02c2dcf48aae,53,0,https://yt3.ggpht.com/ytc/AIdro_mDRJ_ubQBt0ybk0Wc6JKlA9jbwtuhR3Chi7RT7HhnU7R4llJG_8PVE5wF6c4UsTJ7YTQ=s88-c-k-c0x00ffffff-no-rj,617,https://static-cdn.jtvnw.net/user-default-pictures-uv/cdd517fe-def4-11e9-948e-784f43822e80-profile_image-300x300.png
f9174719d2a148eea3b406e332e4fcab,409,0,https://yt3.ggpht.com/Bf_7C6dax3GBzl2WyDXOd24C0iuZZVbbsOZQK2OIWkxD2nFFPWjTYE3It-eMXa13qu-4gQ2Ahw=s88-c-k-c0x00ffffff-no-rj,,
f9247dd02dd24e209eba623edcd8354b,404,27443,https://yt3.ggpht.com/p317bgvwBaL4VWuqiQW-kq6hXKXtERJ095OHQU3dRusMhh7fCVyzkBC-07KkzU6VvbeB-LmlP8A=s88-c-k-c0x00ffffff-no-rj,451,https://static-cdn.jtvnw.net/jtv_user_pictures/348fd235-fb50-43b1-9d98-9ae84c1c10a2-profile_image-300x300.png
f928118054aa4e11aa4ec88504d8b886,32500,1724224,https://yt3.ggpht.com/_qombTvHgsoUD-q8whzhfbihNDqQpeRzsHSwCiBnA0HNYOwjZSyOuD_HBXil02gtWiyNLstR=s88-c-k-c0x00ffffff-no-rj,1689,https://static-cdn.jtvnw.net/jtv_user_pictures/0c1042b7-bb0d-4453-ad08-d1d098f02a51-profile_image-300x300.png
f928e57423634094b3d7d8461321c028,33100,712136,https://yt3.ggpht.com/phImMJO51pG9QC7T-Lfyt21oWPxEVE-dwlexJgQZjd4l8aAisRt9g0grfuOCeYo7JaqaMeyVkjc=s88-c-k-c0x00ffffff-no-rj,2723,https://static-cdn.jtvnw.net/jtv_user_pictures/29f23d8b-42eb-499a-901d-897bdefba2a1-profile_image-300x300.png
f9444f6d790344a4a51a301110665229,2080,90689,https://yt3.ggpht.com/MaowQz2QDbTqxvMu95A20zgTAYDkZkLrGota1gJ0nG1RA1S2Ol_TLsmh56pYPUB552TPMqXt2f4=s88-c-k-c0x00ffffff-no-rj,,
f94ba8ea1a5441c4852d53e8f528ee20,1370,50840,https://yt3.ggpht.com/ojJEiyBwgbLpg7mbQtqF3JsCC12Z3S3AvcxLL9wQL9swHErXc1NxKH8vs83HJWn1kwXK1n1h=s88-c-k-c0x00ffffff-no-rj,490,https://static-cdn.jtvnw.net/jtv_user_pictures/e6818b2e-fc26-4f44-8b6e-d136e1f4cc45-profile_image-300x300.png
f9641107ffee492cbec14839b1958144,,,,2275,https://static-cdn.jtvnw.net/user-default-pictures-uv/998f01ae-def8-11e9-b95c-784f43822e80-profile_image-300x300.png
f96c65701df94732853d86ffd893081e,2370,61582,https://yt3.ggpht.com/iL7WTHgmf5E1fubSUVXhIBQBdZPNhanhgl5wZ5kxCFXfgUhPhZyIdwSZal3VzpabMhpGliZA=s88-c-k-c0x00ffffff-no-rj,,
f97745a8003c480fa728cf34d61afc6c,297,4171,https://yt3.ggpht.com/WUccLtfKsGhmhqp8MK5A3-ayotFvhk9_R8OLsxEJ9eOYkdELXLpVHcWtO_LvAr9RLcgxzUTM3w=s88-c-k-c0x00ffffff-no-rj,,
f985903969ad4e8b839e919aabe94480,45000,632650,https://yt3.ggpht.com/LgTaD94DjjrHnoREgoauwNpM-enABwebfeHf8jZsyPJWcSYXIFgY9N1tqUxUHGyKFSNednZkmQ=s88-c-k-c0x00ffffff-no-rj,,
f99429e8c2324c5db10f11c3a2c51b5d,1940,25825,https://yt3.ggpht.com/OfbGb1avicZAVBkeOYpMOFr6UTgIJB-Dgp27e2BT787LpSgW6WcUGnAWBTLMoHE6Qkdx9L3pcA=s88-c-k-c0x00ffffff-no-rj,,
f998ba5e4a2f4cd9a979e034d338bfe9,421,11184,https://yt3.ggpht.com/wTstCvotpC0ti5tjE5K61FKedZYGBvYDMxGRews_9tHHJwW84Weqd4xvwKtABkNp0RDcixs5yg=s88-c-k-c0x00ffffff-no-rj,,
f9c7e5b8bcae492aa838379fb3190c20,4710,192053,https://yt3.ggpht.com/tjRSOdmFz7Yca3FaQyquqwvunluT-oI9I3TdxmByXcyjXL6SzYQC92W39MEFb-xlgPIf8IM_iIY=s88-c-k-c0x00ffffff-no-rj,,
f9c9c29a9fb143539ade06564b99b233,5060,855,https://yt3.ggpht.com/UU1ylr9q78loSyK6LQA5rjvU65ZvDi1LBMT7jhC4T0Me56WsLuQEj0aQw3krt2P1eTp68GYN0Q=s88-c-k-c0x00ffffff-no-rj,,
f9d27b07ff84433b8397b0587f339e27,63,8065,https://yt3.ggpht.com/5hJTuWOmC8BNhNsobooQrIORcbNGWkCx29dIRzllUrrOQX1y8rIbxz4V_OuK5GzA5RGjnrQ7=s88-c-k-c0x00ffffff-no-rj,172,https://static-cdn.jtvnw.net/jtv_user_pictures/e76f78a7-d408-4b96-a316-c30eacafe739-profile_image-300x300.png
f9f38aebd04f4a219e165e0c6e1fb347,899,14942,https://yt3.ggpht.com/ytc/AIdro_nQkwMGl9feEbB-Yhem2_OkISvfxmNaQMHwnt1ZZnZJLA=s88-c-k-c0x00ffffff-no-rj,,
fa2a2255fa7d4aa7b5b54dea5dd2b1c4,1740,55064,https://yt3.ggpht.com/i-YQNghC2kOHtb9UNtl0cCGONiJUrSCtRYy8mC3JvK4tXqx8eL_ZAQBfhBVwFgkX6vCSmP5iHg=s88-c-k-c0x00ffffff-no-rj,,
fa3bc2669fe041dfaa0765278ffd6330,11600,408873,https://yt3.ggpht.com/Ldx6yroy-lFE6hRub6e40GuqPAfAGj0j8w889zhQ71jHIU7PkqggQmJPI6c2rxrUn7dW4Kw57g=s88-c-k-c0x00ffffff-no-rj,2723,https://static-cdn.jtvnw.net/jtv_user_pictures/813dbbdb-fa7e-4e1c-bc44-7b153b95d67c-profile_image-300x300.png
fa4720c840ac4877966044322b79c9ba,95,381,https://yt3.ggpht.com/a9f4F9d6q8NNCGMcusoC70Py8sWnib8_gQvVP0V8aBIBDkhtTHFkek80H3PO63YIbyr1OzTpzg=s88-c-k-c0x00ffffff-no-rj,,
fa4fe8c441404dcf85dda8b8bce34a9a,1780,40446,https://yt3.ggpht.com/O9thI_Jvt52BhlW5Vvy91q65BvYiXUnSxTJvGdPzf4qPZ6x3SBZd79xNPPBKPNYzz42Hkr-XRQ=s88-c-k-c0x00ffffff-no-rj,,
fa59e2edc64c432ebaeeb66b2a53ab2d,,,,2647,https://static-cdn.jtvnw.net/jtv_user_pictures/3f1df4b4-726e-4fbf-aaf7-47b582f9a7c6-profile_image-300x300.png
fa5a7cdc259543259af42bb23f1e4041,109000,19401238,https://yt3.ggpht.com/38U-3sFdnKircka7Xjf39fQCm_IHpuPt-KeHmnnbKShCJjkiXXQecImVbcc6ABiVCY4hw9vJ0A0=s88-c-k-c0x00ffffff-no-rj,,
fa83a68ebfff419983124d69373ede6f,422,6634,https://yt3.ggpht.com/5LwJUUD9U-2HS6y4-c4zCFyDOWHv6YCyQKvyKVDbIqoVZd5ZmqndrbLjiActL6mXu_dv5sNr=s88-c-k-c0x00ffffff-no-rj,1619,https://static-cdn.jtvnw.net/jtv_user_pictures/e47f1dc7-381c-4d8b-9e58-a791d5b37f1c-profile_image-300x300.png
faa4994019724702a9da315a8c3641bc,822,22492,https://yt3.ggpht.com/V69kneiMZLPfbixJY8X_ezF1xWL0LLR13fwOiWpUNzo7BPycbkPYwoa31L-YXFegKul7d1lkHQ=s88-c-k-c0x00ffffff-no-rj,,
facccde0b22e4f66bc41f54815fced73,699,25772,https://yt3.ggpht.com/M7sj6_Hr2P-TgoOUNlDLndLW7SQOow_Oe3aaGTlW4ThD8E0hLxqSGh02yySqAD0ibD5Mq5FzxA=s88-c-k-c0x00ffffff-no-rj,,
fad52a34935b402a819aa4bb504453da,590,26528,https://yt3.ggpht.com/UiArrueyjyt01psKOIrNeYq_p4bNh6nCcII8uvdvsByNK-DgUo8P5QR9U57Gb9my8Pu8LJmGEQ=s88-c-k-c0x00ffffff-no-rj,,
fad69c2a625446829ef410d9ef277c8f,3280,83832,https://yt3.ggpht.com/OzKB0cbDoubhN6VQAq7hEh5RmqHFRTYNQdREjc4fgN3KezT3l0nz7EfmpC5N79iCuVFCGypS=s88-c-k-c0x00ffffff-no-rj,,
fb23227395a04a26abe441d1ac7978de,683,78739,https://yt3.ggpht.com/8aVviYDU1TkY6DNncikjtqwL3iiwvGd2sr6dBdrHCoZNCXXdyf4aMMzOSy5d1IEB2XRoTzI7iA=s88-c-k-c0x00ffffff-no-rj,43,https://static-cdn.jtvnw.net/jtv_user_pictures/b04b47b1-22b6-4fe9-a0dd-28d77224b04c-profile_image-300x300.png
fb72bfcead034da2abef22637e7b2b3c,558,14624,https://yt3.ggpht.com/iCt7ocpWPjMw4yN7zeRDrFMtrbEyhzMVvtOlugJIH96vVVIA6fBCEH-7URIHbcTr6Q_7fKVZTg=s88-c-k-c0x00ffffff-no-rj,1314,https://static-cdn.jtvnw.net/jtv_user_pictures/0879b2cb-e9b0-4cb1-b2b8-86162a2bc9a0-profile_image-300x300.png
fbb142bcb07a4808b0164c41ab1877ea,14500,903612,https://yt3.ggpht.com/mg4gZp6smBqE9XSk4zRdD4crci36ISt0NIutEI1BfbGmsSe-gABTahWSIxeF_BEh9vxvuZCo35I=s88-c-k-c0x00ffffff-no-rj,,
fbc25614b5c24774b849d42ccf45eae6,406,5132,https://yt3.ggpht.com/ZrCtcO8LJZt24_qolfoqa3XQ9BVaQXo8j1zTVdAAwUriEDIJl2Vg3bxQOq6lIjtlZCedATpJ4g=s88-c-k-c0x00ffffff-no-rj,934,https://static-cdn.jtvnw.net/jtv_user_pictures/ba3e1f57-1f29-49f7-b2f4-4d988e9e549a-profile_image-300x300.png
fbced2373c5a48f6abee998296f20617,7890,62553,https://yt3.ggpht.com/c-ynPxiNWkStU_79r-XmySrmvRzQfO1jXFmZs6BwqfPyZdytN_xHWMk7MglSKpPMWfxWYUP97w=s88-c-k-c0x00ffffff-no-rj,,
fbd0d260a09c47b1a9dcc73fd41e7eca,255,2859,https://yt3.ggpht.com/ytc/AIdro_ky2voyATlPqZWYhRU9leHcasBCWz9SCnwmqLtdu8hZtg=s88-c-k-c0x00ffffff-no-rj,6394,https://static-cdn.jtvnw.net/jtv_user_pictures/fcb41195-0f91-420e-88b4-f44725ee2db1-profile_image-300x300.png
fbf616b4f812413dbe6b156c8a9d5e5f,2580,68944,https://yt3.ggpht.com/Q2nGXAf-yAmxBtpgZizPi6lLUYojfSRsGQS40le-0GcNbg6MBOhJfK4IrzFyjblo-VlCK7GWxQ=s88-c-k-c0x00ffffff-no-rj,,
fc6a8de6e0e14e05a11b1d35dfce1d71,620,32348,https://yt3.ggpht.com/iwcZKQp9QES7mJ2zD_cnSX6pYIGS3vySNX5Xzg8D5NjTGCvOc3fD_Uxt3c1YS3FlUL9n-H2giQ=s88-c-k-c0x00ffffff-no-rj,,
fc90561b03104438b6e8f657a28574ce,1710,52005,https://yt3.ggpht.com/b_5Mz2YXDsNOW_nFYOcQW7Lvu7Mcp_Olsb2Whz2QkE9qRU9OZ_Mmbw0yQ2Y7KH9hyd5t0jEaheE=s88-c-k-c0x00ffffff-no-rj,,
fcb4d9b8cd4a49dba6b421d97c179065,1470,65017,https://yt3.ggpht.com/Ea3QnvKbzeb5JPMvF8MQ5WrbuLvQ-ldEzab3a_a52LbwYpAvUMrWZ1x9UUOGbXFuYKtARGjMMRk=s88-c-k-c0x00ffffff-no-rj,836,https://static-cdn.jtvnw.net/jtv_user_pictures/1d1175f7-914d-48d1-b50e-f91a7e635509-profile_image-300x300.png
fceadce7c37f4cc08bc747aa79c3cf9e,4940,101562,https://yt3.ggpht.com/6God6ITlMw3i213Xh5If5uMmxOgkk4MQwc-RbmnNMIsesh0BYDszPdRqbXSXK_AWCQVWbXhtGg=s88-c-k-c0x00ffffff-no-rj,,
fcf160e0e39147b4b4037d1e4d18f076,65,2347,https://yt3.ggpht.com/axvAkHdep571FZqo9JcgTWc20xNDWfCcelccwIAxcF0MEQoVdl5_Kc02cOYdWra1SbgLkxbi4Uk=s88-c-k-c0x00ffffff-no-rj,,
fcf611e0ddc5474b9836eb8aa2fe1d24,771,60567,https://yt3.ggpht.com/NwW8OU5AWNBfgMQRu7TZlkJtoht-hkDeZExnCHTr-eQVc0nB9iUbhwRluNu7q35VCr2BTIMPMg=s88-c-k-c0x00ffffff-no-rj,,
fd1f154909d743129d5d6f58813bf231,69,3745,https://yt3.ggpht.com/rz2CIgoUIhKysXfbC8xxKREsSnY-0jz8rfmddKJgYrNiWN4yJR0E2_OhR_Voa7VunvbxbZNf3w=s88-c-k-c0x00ffffff-no-rj,,
fd5a1e004f224586aa65f9c5b374cc4a,266,3881,https://yt3.ggpht.com/JGFgk0avEO2KjA0QzWlHVmoWdkDEogX3hlkDWNHb_HKZxyMWoQ4BLqyU0_7IbgJkn27oD86NeQ=s88-c-k-c0x00ffffff-no-rj,3286,https://static-cdn.jtvnw.net/jtv_user_pictures/37b29f22-292d-43aa-bdf2-30a0d39e7d54-profile_image-300x300.png
fd62c955979d4f14b788100154fb26e8,1540,10100,https://yt3.ggpht.com/o_Yn1nCF_Uo0LSOxwpJFhw8V6LMxMrQDCr-AGJn6ikw8HK7Malhvk3PUoBqPaRDs3Occh06n=s88-c-k-c0x00ffffff-no-rj,940,https://static-cdn.jtvnw.net/jtv_user_pictures/167608ba-4c7c-4de1-a67f-7092fe903b2e-profile_image-300x300.png
fd638ba6820241d1b3367afab0c6ab3e,127,8451,https://yt3.ggpht.com/PLzzmvIudxcPWlUAm6Q6cUYTyJeedovXHQklw6hh9wOTxlAntB3YyKyCAtDNA1nE0B8WtO696A=s88-c-k-c0x00ffffff-no-rj,,
fd6a0236861940389e15ef85b16c6069,47100,2626803,https://yt3.ggpht.com/ytc/AIdro_mkXpht9Uc3vLwFqaqthE7_0CwmgnPRAlL8PPoKH0p8dAI=s88-c-k-c0x00ffffff-no-rj,143615,https://static-cdn.jtvnw.net/jtv_user_pictures/f8d3e5a8-a0a8-43e9-929e-e9e7085dd374-profile_image-300x300.png
fd7a69505569429fb845ac056825f3a9,14000,1116902,https://yt3.ggpht.com/eLsWimBMlilj10rFa_os5xUr3zffgDb0_0BLCvZ1fYCh1K9Kd4FYh5GbnSZu7AtI4tyT7p7zHro=s88-c-k-c0x00ffffff-no-rj,,
fd81a8861669442ca49c50bc4cfd4b5e,2840,153407,https://yt3.ggpht.com/ccWYs6M9ml0lRpX6vTnYBV1jUse0NTl_6sIm3Lap-vV7U3aIY8Yk2iEaWoL5TG2fwkqNw-ctiw=s88-c-k-c0x00ffffff-no-rj,,
fda1d7f773b04b6898f5180e21e47874,2830,0,https://yt3.ggpht.com/LCaa3o8KSRro19jEXh64mHAUIAEi6en0CFz4rT7aF9ADa-sMFsWE0d1GtiYWld0JUisfEJrKeQ=s88-c-k-c0x00ffffff-no-rj,,
fdb0805c65e24f13b7f23e50e0db8ae2,500,36456,https://yt3.ggpht.com/fzOm0aPd8G2vPvjOaC1nokOH65cEsK54pweBnBHJgGlrUl6XJcpyhzflj6x1E-OVU3QSzKxtZw=s88-c-k-c0x00ffffff-no-rj,7362,https://static-cdn.jtvnw.net/jtv_user_pictures/d90cc98a-9e94-481b-83d8-a461741734db-profile_image-300x300.png
fe0305c914c549879b315b6dc3204748,244,1528,https://yt3.ggpht.com/hOSR5Htn32WtCbW0i1iXbG3qezuhAHs-5jPwu6zVjmtIUYCPdLwFNiJXiYEp_KLOV6-ohMbA7Uo=s88-c-k-c0x00ffffff-no-rj,,
fe1731a49d43440391f571347747604c,107,293,https://yt3.ggpht.com/nDP0c5c0WQ8O4Q5OtQ227jAuw7u8pjJWbrG_9uje8Ra3-klpjPCeHSTR4OwNy25j0Eb_Uc7lRA=s88-c-k-c0x00ffffff-no-rj,1030,https://static-cdn.jtvnw.net/jtv_user_pictures/c61d3f3d-3422-4800-8451-5dd367913532-profile_image-300x300.png
fe1abd28f3114015ac31ae1821e8dd3f,29000,842407,https://yt3.ggpht.com/so8DWPUH_Lq0GIzn0ARpaPL_tXTpcR-Pz4Aq1qRfS2chzW_kFJIXv3Egt5-bD4sgsa-AjW1PAA=s88-c-k-c0x00ffffff-no-rj,2883,https://static-cdn.jtvnw.net/jtv_user_pictures/8f70b7b0-5eff-4a31-ad55-7f406daac352-profile_image-300x300.png
fe1bd62313574733ab86c1a56b7143ab,138,794,https://yt3.ggpht.com/SQjkurSmWmSHakIs0tDHg-h5bPuIRv1PKhsT91VtOx3t4CNayrMspbH80jlt9hRZoO2TJingpVg=s88-c-k-c0x00ffffff-no-rj,1602,https://static-cdn.jtvnw.net/jtv_user_pictures/eaab4880-2f9d-479e-acb7-6c33005b3e59-profile_image-300x300.png
fe1d3152398b44e39d69f7ef78e73a8c,7020,451310,https://yt3.ggpht.com/Ni1_B1U3SO23kA04Zvarc7OFxPbxhkVfb1sUXJwoA8bbO9Opdez551UVSUbU3DEWqIXw26oZPw=s88-c-k-c0x00ffffff-no-rj,,
fe555b322c784b5b9c2297c585bc9352,1190,36692,https://yt3.ggpht.com/FmXYQebY4guIgfmawcBM3XP4QnyxMTNIEgRvUvOlIZYCjz47idpL3pTpdikeOb06tmfLaz-hGaU=s88-c-k-c0x00ffffff-no-rj,,
fe569b0c059e406daf57eb2acd11cc21,24400,1369184,https://yt3.ggpht.com/98uVd441NL0Zn7mxN_IFXUFMbERGxEIpienJAmwpGFGI2EjPWWc3dHf8uZJuc5MBxSUFEBSq=s88-c-k-c0x00ffffff-no-rj,,
fe5a0ac164a940c79e430eab9995da2e,1880,180885,https://yt3.ggpht.com/ofpT_O2bq_2k_3wgOB89Dt6RhxpbrMnNly7tsQhTAA0aIv-rZ5R41T2QvsMVasHsvvswPw5DMw=s88-c-k-c0x00ffffff-no-rj,113,https://static-cdn.jtvnw.net/jtv_user_pictures/dd8df605-4237-4046-87e3-8e9c72ddf605-profile_image-300x300.png
fe5e2d95569c47f29e863a8212ed7c60,2140,65840,https://yt3.ggpht.com/Mj4tzCorO5wiyI86HmmMSQQkSxLCffNXf2air4eEJREF63kkwTmTEHDh10AdixFeeRIc1b34rQE=s88-c-k-c0x00ffffff-no-rj,4223,https://static-cdn.jtvnw.net/jtv_user_pictures/1dd19329-1c50-47d2-abea-78b2f9596080-profile_image-300x300.png
fe62d50e41af4aa29c3e2b0cfc62fb3d,,,,788,https://static-cdn.jtvnw.net/jtv_user_pictures/b6318a77-0f0c-4362-82e8-5e2d3b0f0401-profile_image-300x300.png
fe660ff34f8a41e4ac75bd6f9ac67400,7730,239386,https://yt3.ggpht.com/_2J_0EBEgQ2Hy-Bj-KhZm02B0AngtwD2WbXayWjtsOvDTfB3DAIiSHrQQpMKMjmJk58tRB3-yg=s88-c-k-c0x00ffffff-no-rj,,
fe70a0055df1453a82bea6582d3072fa,950,37978,https://yt3.ggpht.com/k4Vl_pwzcMZ1y0N1tJweLWhKtDXjgSggCLgxXb_qhABPlwcuxk3GHR-3YadZi18WZBZH1eNvoQ=s88-c-k-c0x00ffffff-no-rj,,
fe8ee7b57ae74a1388127b81b136c7ea,3140,79502,https://yt3.ggpht.com/uLR8rVNk_Ohg1V6Y2Hx1Zr-el_4R8st6jdVSjYQdmL2MPnvoP0aiitmPhIK1McARywcsShJ1JdQ=s88-c-k-c0x00ffffff-no-rj,435,https://static-cdn.jtvnw.net/jtv_user_pictures/fb6fb986-22cf-4059-9869-8fd25de8ab95-profile_image-300x300.png
febd22ec0bec4ecdbcd383be8c2694c3,6210,0,https://yt3.ggpht.com/fZm15WfzBjctS1uKXy37jyPOdJhZOlgJl-yMvMVdE3alcB0rO-xfDoX11WJEO3tTE2MTPQ7PVw=s88-c-k-c0x00ffffff-no-rj,,
fec8644970684cffbbae8dd37a52d59c,450,24301,https://yt3.ggpht.com/aYMTcwLoxE64noh5KmgN6tnjnWDvUaTQt8oXJHCA-DOBvwHnbBRaQ0kgwgEVIDW-ysXqd6VpXQ=s88-c-k-c0x00ffffff-no-rj,389,https://static-cdn.jtvnw.net/jtv_user_pictures/08db8702-0ef6-423d-b1f1-fbd92617807c-profile_image-300x300.png
fef1577c0352446c8e371b9fd9e7cc73,122,7817,https://yt3.ggpht.com/ytc/AIdro_lIr5USMtROlJO-RgOUi1RebNM7h8AeZok11nSkrTNsNQ=s88-c-k-c0x00ffffff-no-rj,113,https://static-cdn.jtvnw.net/jtv_user_pictures/4f1eafdd-eb1b-4adf-8f1e-367c3503c121-profile_image-300x300.jpeg
fefbcad20d8344c79c74a103d0ea45b2,10300,276057,https://yt3.ggpht.com/ZUaL0K8x04hfLIQkmTG9VmRCnYax8oEqDcPGAQWeQfeIwMXDiTKikhu6ZqcyQn7vWJVAHUzu=s88-c-k-c0x00ffffff-no-rj,,
ff063abda8d24869b8d34267e673958f,806,0,https://yt3.ggpht.com/ytc/AIdro_nTqdw2Vw5VAkcW9DZAjRqI53ewCujwrbcFNX6BA0KiJA=s88-c-k-c0x00ffffff-no-rj,,
ff445c140e9a4211960268c261e18fba,421,10407,https://yt3.ggpht.com/Eom_KdUneF_GDclUlwYRH4OotGOnwTACvPM-UQ6q2zOhkXkyktDDwpS3WXX0_P7GLFX9Pszv=s88-c-k-c0x00ffffff-no-rj,1428,https://static-cdn.jtvnw.net/jtv_user_pictures/4f7a3cb1-cb03-46c9-9f55-75efc9644f65-profile_image-300x300.png
ff88906b47654805b8370426415f1183,516,22888,https://yt3.ggpht.com/DhuymMcqkanmz-qqCREBL6AE8uGjIiPAeuSzNqtkt5hUtARilFHdXE5ClUp0yLtDFuZx2vZ2ius=s88-c-k-c0x00ffffff-no-rj,2205,https://static-cdn.jtvnw.net/jtv_user_pictures/23fe193f-353f-40ae-8ca3-e28f39bb8184-profile_image-300x300.png
ffa52ddf68ff4b229dc09ad683d9d36d,,,,439,https://static-cdn.jtvnw.net/jtv_user_pictures/ea275178-8c75-44ff-af27-0f79aa787394-profile_image-300x300.png
ffaf6da580a44e11bba9715e3c854958,386,22973,https://yt3.ggpht.com/nkDOnsqLQerV6iDPdVnE4JuTUUgl0NmP6YEfPhAhv91Yv2iI6kdN-UCZ7XRT0HcTr2oP_UMQgA=s88-c-k-c0x00ffffff-no-rj,172,https://static-cdn.jtvnw.net/jtv_user_pictures/d53072d5-9816-4ee1-891e-ce86a6bcc902-profile_image-300x300.png
ffb8b8f15321474a98628cb638631bf1,3070,344973,https://yt3.ggpht.com/4unqRVHqgZ1QA0EVd1wL64bZ69Tf55qApjt9dwQxa8F3Pu358s9IXZi50-62tvZsGLHIs3fE4g=s88-c-k-c0x00ffffff-no-rj,,
ffdc53dc3c764656a2f76031ee262b60,523,7162,https://yt3.ggpht.com/JTI7taBW1DEzPCtPBecz-pI5JYGfw-l1qv5cXDLqD7p1mUpKJldzZ-ZeqYeN06wgiHTnQu26=s88-c-k-c0x00ffffff-no-rj,246,https://static-cdn.jtvnw.net/jtv_user_pictures/99263c95-eff7-4182-918d-dcaf524afd24-profile_image-300x300.png
ffe3f2e400ab4237ac873ae9d5a0eda4,1680,4929,https://yt3.ggpht.com/g76E47s_k5llRLCWS643A1SaYS4W4T9cPksna1LNnK5x4UwWNBADwNqF_e4QJG4Od1Z_Y2AVzg=s88-c-k-c0x00ffffff-no-rj,,
ffe6a7983e434702a68fe18c169e3164,957,32510,https://yt3.ggpht.com/HKo8SrkyDcJnmcQ2ebaa3UtLeEcQAR4LxBtMYRlfOYaWtMJh45CBBcpdxUQvQKBh5dglt9xKew=s88-c-k-c0x00ffffff-no-rj,355,https://static-cdn.jtvnw.net/jtv_user_pictures/2d541dc4-2449-49e2-a580-93924e6d33dc-profile_image-300x300.png
fff74fa431cd4468b177675010504ee1,981,20443,https://yt3.ggpht.com/vX9r0NwLWXND3r6_HM9Ofqv58QNx80mWwShjSG9AOuKscR4RhE3VwBvmmPRQa_p-mchs1Xjd-A=s88-c-k-c0x00ffffff-no-rj,221,https://static-cdn.jtvnw.net/jtv_user_pictures/68da13aa-cdec-44a1-9a89-908c2bfe097a-profile_image-300x300.png
fffd31d236a2479c9070bcc171bdc13d,6450,164177,https://yt3.ggpht.com/nvst3F2tXvOXIwu5HjacVZMqkOqLSpUOlx883ZdpnvZPyczcLxRtIfWJaCRc4tBI4-kIH2dpomw=s88-c-k-c0x00ffffff-no-rj,,
