VTuber ID,View Count,Title,Publish Time,URL,Thumbnail URL
f99b7c49c1c8472681987ac2d1ff87bc,244935,「瑞杏盃」VALORANT特戰英豪 實況主 X Vtuber大賽,2024-03-17T08:33:40Z,https://www.twitch.tv/videos/2093293233,https://static-cdn.jtvnw.net/cf_vods/d3vd9lfkzbru3h/d63cf83eb2032161b5bd_restiafps_41148324407_1710664414//thumb/thumb0-%{width}x%{height}.jpg
f99b7c49c1c8472681987ac2d1ff87bc,215122,【Apex英雄】打架沒子彈了怎麼辦? 那就只能來個無敵高拋雷! #瑞斯帝亞 #restia #apexlegends,2024-02-29T04:00:11Z,https://www.youtube.com/watch?v=YDP7VV20lxI,https://i.ytimg.com/vi/YDP7VV20lxI/mqdefault.jpg
6dc75ab227e34c928598bde8f2d324bf,185146,【shorts】手術結束後從靦腆小生成為穩重大叔的轉變過程~ 🦁 #shorts #short #vtuber #vtuberclip #vtuber精華 #海克莉絲 #hercules,2024-02-29T03:00:34Z,https://www.youtube.com/watch?v=pakw-twgfGk,https://i.ytimg.com/vi/pakw-twgfGk/mqdefault.jpg
f99b7c49c1c8472681987ac2d1ff87bc,180923,【Apex英雄】神秘小地方! 這後面竟然可以躲人 #瑞斯帝亞 #restia #apexlegends,2024-03-06T04:00:15Z,https://www.youtube.com/watch?v=iIQ8BwHBjhg,https://i.ytimg.com/vi/iIQ8BwHBjhg/mqdefault.jpg
bdc034d3afcd4456b6da2b96a2e460ef,180717,DECO*27 Rabbit Hole loop animation : Kureiji Ollie #vtuber #animation  #kureiji_ollie,2024-03-19T04:21:00Z,https://www.youtube.com/watch?v=rDP2WKNDL1o,https://i.ytimg.com/vi/rDP2WKNDL1o/mqdefault.jpg
d837e8fda137492c9d77882b98ff863a,160309,Vtuber被觀眾當成兄控的原因 #台v #vtuber #真理果,2024-02-28T10:00:18Z,https://www.youtube.com/watch?v=FKXFn_ulNCo,https://i.ytimg.com/vi/FKXFn_ulNCo/mqdefault.jpg
d837e8fda137492c9d77882b98ff863a,144439,全世界尿尿最快的Vtuber! #vtuber #台v #真理果,2024-03-05T10:00:01Z,https://www.youtube.com/watch?v=1eRBzoa653w,https://i.ytimg.com/vi/1eRBzoa653w/mqdefault.jpg
575d15d21f7240e1ad72935bf7fa0465,143406,🍡當代Vtuber的消費觀 ♡ 錢錢怎麼不見惹 ♡ 【夏羽由里】 #vtuber #台灣vtuber #short #shorts #台V #vtuber,2024-03-14T10:00:27Z,https://www.youtube.com/watch?v=HfPI85HgM00,https://i.ytimg.com/vi/HfPI85HgM00/mqdefault.jpg
f99b7c49c1c8472681987ac2d1ff87bc,139955,【Restia瑞斯帝亞】狙神CrazyFace在瑞杏盃中一槍帶走三個人!? #瑞杏盃 #restia #瑞斯帝亞 #特戰英豪 #valorant,2024-03-19T04:00:25Z,https://www.youtube.com/watch?v=N52ZOZuG8d8,https://i.ytimg.com/vi/N52ZOZuG8d8/mqdefault.jpg
334133534368487780dfa99b7c9f5949,133800,一分鐘學會醋飯飯糰 🍙 #cooking #lifestyle #vtuber,2024-03-04T06:00:22Z,https://www.youtube.com/watch?v=nRMjgAzf0bU,https://i.ytimg.com/vi/nRMjgAzf0bU/mqdefault.jpg
fd6a0236861940389e15ef85b16c6069,132792,烟花－0312－烟花 3.0 蘿羊來啦.. 好緊張  ꜀(^. .^꜀ )꜆੭ | !加班  !生日 !比賽,2024-03-12T12:57:46Z,https://www.twitch.tv/videos/2088593185,https://static-cdn.jtvnw.net/cf_vods/d3vd9lfkzbru3h/b08347d2efb85f4ef2ea_hennie2001_41135458935_1710248259//thumb/thumb0-%{width}x%{height}.jpg
9d9c6477329245cbb2557895f4f15686,130228,/ᐠ. ̫ .ᐟ\ 0308 晚上七點好玩遊戲 ꔫ滑鼠游標在dc公告給大家使用 !比賽 .ᐟ.ᐟ 新動態桌布在DC股東大會 ⸜♡⸝ ✿ !LINE !周邊 !DC !COVER,2024-03-08T08:44:41Z,https://www.twitch.tv/videos/2084576762,https://static-cdn.jtvnw.net/cf_vods/d3vd9lfkzbru3h/b52ce965c1deba5a15b9_iitifox_41124537799_1709887475//thumb/thumb0-%{width}x%{height}.jpg
fd6a0236861940389e15ef85b16c6069,127037,烟花－0319－好想打瓦 卻更新嚕 嗚嗚💖訂閱插圖已在DC頻道🌟遊戲儲值找!魔儲 | !加班 !生日 ꜀(^. .^꜀ )꜆੭,2024-03-18T22:24:57Z,https://www.twitch.tv/videos/2094774776,https://static-cdn.jtvnw.net/cf_vods/d3vd9lfkzbru3h/360752dd6192e93b9c44_hennie2001_41152538087_1710800689//thumb/thumb0-%{width}x%{height}.jpg
2741a90689f342548daad7f760b0a8f7,122899,當Vtuber睡覺睡過頭達到十萬訂閱，想要讓觀眾退訂再一次十萬來慶祝時。,2024-03-21T13:13:39Z,https://www.youtube.com/watch?v=sAq-cp2DtBo,https://i.ytimg.com/vi/sAq-cp2DtBo/mqdefault.jpg
2741a90689f342548daad7f760b0a8f7,122235,【嘔吐聲注意】在醫院聞過腐臭肉味的希翁，怎麼可能因為個罐頭就嘔嘔嘔嘔嘔嘔嘔#shorts #short,2024-03-04T14:14:35Z,https://www.youtube.com/watch?v=_-MgBtsU4sc,https://i.ytimg.com/vi/_-MgBtsU4sc/mqdefault.jpg
f99b7c49c1c8472681987ac2d1ff87bc,117642,ALGS職業聯賽東南亞賽區 APAC South 區域決賽觀賽台 !瑞杏盃 !日程 !VPN,2024-03-10T07:55:59Z,https://www.twitch.tv/videos/2086613953,https://static-cdn.jtvnw.net/cf_vods/d3vd9lfkzbru3h/5ba2151106672178d181_restiafps_41129782503_1710057352//thumb/thumb0-%{width}x%{height}.jpg
310862830fb648b78cca7e581e2622a7,112237,◆ 加班台DAY118 ◆ 23點才會入城! // !加班 !周邊 !抽獎 //【赤羽亞矢】,2024-03-06T11:08:02Z,https://www.twitch.tv/videos/2082771508,https://static-cdn.jtvnw.net/cf_vods/d3vd9lfkzbru3h/16b9a60dcd2f550592cc_ayaakahane_41119895655_1709723275//thumb/thumb0-%{width}x%{height}.jpg
f99b7c49c1c8472681987ac2d1ff87bc,106440,【Apex英雄】教你在Apex裡面如何使出波動拳!? #瑞斯帝亞 #restia #apexlegends,2024-03-14T04:00:15Z,https://www.youtube.com/watch?v=ZFjlDvoVf24,https://i.ytimg.com/vi/ZFjlDvoVf24/mqdefault.jpg
f110fd69b66941bab04de9ada563c6ac,105306,【3Dio FS XLR】 由我來負責你的生理需求...用．舌．頭♥｜深入舔耳、喘息、嬌喘、治癒ASMR ♡♡♡ #星隕計畫【AoiHinamori】,2024-03-16T16:53:53Z,https://www.youtube.com/watch?v=nY_3nPeqgRs,https://i.ytimg.com/vi/nY_3nPeqgRs/mqdefault.jpg
2741a90689f342548daad7f760b0a8f7,101856,什麼藝人的頭最圓...大便糖諧音爛笑話連發！#shorts #short,2024-03-06T10:54:42Z,https://www.youtube.com/watch?v=r2fyhVyS-FE,https://i.ytimg.com/vi/r2fyhVyS-FE/mqdefault.jpg
fd6a0236861940389e15ef85b16c6069,99467,烟花－0316－明天比賽WA!!!!💖訂閱插圖已在DC頻道🌟遊戲儲值找!魔儲  | !加班  !生日 !比賽  ꜀(^. .^꜀ )꜆੭,2024-03-16T14:28:21Z,https://www.twitch.tv/videos/2092457725,https://static-cdn.jtvnw.net/cf_vods/d3vd9lfkzbru3h/bfa738a6b08a3bbb3a14_hennie2001_41146579511_1710599296//thumb/thumb0-%{width}x%{height}.jpg
5535c9524eb046c38e172ebfa06b302f,99214,【星穹鐵道】🚀花火 [培養全攻略]▸量子隊最後一塊拼圖！耗點型輸出以外，配隊泛用性有多廣？先抽星魂還是光錐？速度堆多少？遺器｜配隊｜畢業面板｜星魂推薦｜抽取建議 ▹璐洛洛◃,2024-03-01T14:00:07Z,https://www.youtube.com/watch?v=9v-mGvBLERM,https://i.ytimg.com/vi/9v-mGvBLERM/mqdefault.jpg
fd6a0236861940389e15ef85b16c6069,98630,烟花－0303－今天是幸運數字3的大日子! | !加班 !比賽 ꜀(^. .^꜀ )꜆੭,2024-03-03T07:58:03Z,https://www.twitch.tv/videos/2079894958,https://static-cdn.jtvnw.net/cf_vods/d3vd9lfkzbru3h/ba9e6f3b57ca7a0e73a7_hennie2001_41112222535_1709452678//thumb/thumb0-%{width}x%{height}.jpg
334133534368487780dfa99b7c9f5949,98436,一分鐘學會自製米腸（全素） 🌭 #cooking #lifestyle #vtuber,2024-03-08T07:19:33Z,https://www.youtube.com/watch?v=gkYkrzMgPUA,https://i.ytimg.com/vi/gkYkrzMgPUA/mqdefault.jpg
f6a4e7aa8d0c4e5cb39d199845ec4d02,93027,【杏仁ミル】小打一下 4pm別挨餓  | !周邊 !3C @vtuber_amiru,2024-03-22T20:14:40Z,https://www.twitch.tv/videos/2098353564,https://static-cdn.jtvnw.net/cf_vods/d3vd9lfkzbru3h/3a9c5d43527e772d70c2_vtuber_amiru_41162901159_1711138472//thumb/thumb0-%{width}x%{height}.jpg
6dc75ab227e34c928598bde8f2d324bf,92154,【short】4090的魅力？！一群憑實力單身～🦁 #shorts #short #vtuber #vtuberclip #vtuber精華 #海克莉絲 #hercules,2024-03-11T03:00:14Z,https://www.youtube.com/watch?v=TBq9LmQ9hXQ,https://i.ytimg.com/vi/TBq9LmQ9hXQ/mqdefault.jpg
f99b7c49c1c8472681987ac2d1ff87bc,91628,ALGS職業聯賽日韓 APAC North 區域決賽觀賽台 !瑞杏盃 !日程 !VPN,2024-03-09T06:57:32Z,https://www.twitch.tv/videos/2085536672,https://static-cdn.jtvnw.net/cf_vods/d3vd9lfkzbru3h/3fc291abf291f1e2504e_restiafps_41127005831_1709967445//thumb/thumb0-%{width}x%{height}.jpg
0641a9c8b9a94994aaa33e0c86fef75b,91552,平常囂張跋扈欺負大家ㄉ臭小鬼結果感冒了直接被觀眾反過來騎在頭上⋯#vtuber #shorts #台V #vtuberclip #vtuber中文 #kuromu,2024-03-09T09:00:22Z,https://www.youtube.com/watch?v=_fkzXFIcZKY,https://i.ytimg.com/vi/_fkzXFIcZKY/mqdefault.jpg
0641a9c8b9a94994aaa33e0c86fef75b,90745,還好女生不會什麼量自己多深之類的（？ 畫面感覺超怪的笑死#vtuber #shorts #台V #vtuberclip #vtuber中文 #kuromu,2024-03-21T12:02:06Z,https://www.youtube.com/watch?v=Q6u5C0Duemw,https://i.ytimg.com/vi/Q6u5C0Duemw/mqdefault.jpg
9d9c6477329245cbb2557895f4f15686,89713,/ᐠ. ̫ .ᐟ\ 0301 晚上瑞杏盃選秀 .ᐟ.ᐟ 新動態桌布在DC股東大會 ⸜♡⸝ ✿ !LINE !周邊 !DC !COVER,2024-03-01T08:22:28Z,https://www.twitch.tv/videos/2077856685,https://static-cdn.jtvnw.net/cf_vods/d3vd9lfkzbru3h/f78830820171637754a5_iitifox_41106931495_1709281343//thumb/thumb0-%{width}x%{height}.jpg
fd6a0236861940389e15ef85b16c6069,87997,烟花－0314－白色情人節快樂💖 10張訂閱福利插圖已經發送在DC嚕 -OωO- | !加班  !生日 !比賽  ꜀(^. .^꜀ )꜆੭,2024-03-14T14:52:49Z,https://www.twitch.tv/videos/2090518252,https://static-cdn.jtvnw.net/cf_vods/d3vd9lfkzbru3h/ca977ec4e6680f9a8381_hennie2001_41141157223_1710427962//thumb/thumb0-%{width}x%{height}.jpg
2741a90689f342548daad7f760b0a8f7,84789,懲罰讓亞洛赫嘴對嘴喂希翁吃芋頭，又在直播中開吐！？#shorts  #short,2024-03-15T14:20:13Z,https://www.youtube.com/watch?v=QTIjlKdAPVI,https://i.ytimg.com/vi/QTIjlKdAPVI/mqdefault.jpg
702c74978d8f4adab79f292cbecb49a4,81811,陽台野戰的真實故事 #台灣vtuber #vtuber,2024-03-12T11:09:30Z,https://www.youtube.com/watch?v=zkCmA18dbwg,https://i.ytimg.com/vi/zkCmA18dbwg/mqdefault.jpg
5535c9524eb046c38e172ebfa06b302f,80656,【原神】4.5前瞻直播懶人包🎯▸千織登場! 荒瀧一斗/那維萊特/楓原萬葉復刻！全新卡池『集錄祈願』機制怎麼抽？卡池抽取建議、版本優化內容搶先看 ! ▹璐洛洛◃,2024-03-02T14:00:09Z,https://www.youtube.com/watch?v=QfbODxhZof8,https://i.ytimg.com/vi/QfbODxhZof8/mqdefault.jpg
2741a90689f342548daad7f760b0a8f7,79650,明天還是好天氣～～希翁收到的白癡醫療諧音大便糖...#shorts #short,2024-03-19T14:26:19Z,https://www.youtube.com/watch?v=shbERusOgUc,https://i.ytimg.com/vi/shbERusOgUc/mqdefault.jpg
2694a505a0e0441bb99b49e8ce1f7473,79330,【3/17】比賽啦！！！我要開心玩｜紅包活動記得填表單抽獎 !紅包 3/15 截止＆抽獎｜!RP !瑞杏盃 !yt !綠界 !會員 !7tv !指令,2024-03-17T08:07:46Z,https://www.twitch.tv/videos/2093283907,https://static-cdn.jtvnw.net/cf_vods/d3vd9lfkzbru3h/51d6de41dad52a1d3107_kannazukilubee_41148269095_1710662858//thumb/thumb0-%{width}x%{height}.jpg
5535c9524eb046c38e172ebfa06b302f,76989,【星穹鐵道】🚀2.1前瞻節目懶人包▸黃泉&砂金登場🤩卡池抽取建議！別錯過首儲雙倍重置！周年狂送30抽！模擬宇宙第9新飾品、新場景、策劃Q&A、版本優化！ ▹璐洛洛◃,2024-03-17T13:45:07Z,https://www.youtube.com/watch?v=9xbR11Kip1k,https://i.ytimg.com/vi/9xbR11Kip1k/mqdefault.jpg
f99b7c49c1c8472681987ac2d1ff87bc,75636,第一次跟一堆人玩別挨餓 !VPN,2024-03-23T08:38:17Z,https://www.twitch.tv/videos/2098913789,https://static-cdn.jtvnw.net/cf_vods/d3vd9lfkzbru3h/237a60106189ae02376b_restiafps_41164063975_1711183092//thumb/thumb0-%{width}x%{height}.jpg
fd6a0236861940389e15ef85b16c6069,75124,烟花－0322－WA 下禮拜再玩VR 等等瓦! 💖訂閱插圖已在DC頻道🌟遊戲儲值找!魔儲 | !加班 !生日 ꜀(^. .^꜀ )꜆੭,2024-03-22T13:00:01Z,https://www.twitch.tv/videos/2098024294,https://static-cdn.jtvnw.net/cf_vods/d3vd9lfkzbru3h/31b1862b5aca340c536b_hennie2001_41161971511_1711112396//thumb/thumb0-%{width}x%{height}.jpg
5535c9524eb046c38e172ebfa06b302f,74201,🔴AR60 ASIA【#原神 / Genshin】4.5前瞻直播一起看！節目前先玩《崩壞3rd》第二部！直播尾聲抽空月祝福！  ▹璐洛洛◃,2024-03-01T13:23:32Z,https://www.youtube.com/watch?v=_J6aUKbKIVo,https://i.ytimg.com/vi/_J6aUKbKIVo/mqdefault.jpg
fd6a0236861940389e15ef85b16c6069,73977,烟花－0323－睡眠陪伴zzz💜訂閱插圖已在DC頻道🌟遊戲儲值找!魔儲 | !加班 !生日 ꜀(^. .^꜀ )꜆੭,2024-03-23T17:42:14Z,https://www.twitch.tv/videos/2099248428,https://static-cdn.jtvnw.net/cf_vods/d3vd9lfkzbru3h/12a7971f59e311c3dd5b_hennie2001_41165538519_1711215726//thumb/thumb0-%{width}x%{height}.jpg
f99b7c49c1c8472681987ac2d1ff87bc,72607,先聊天下 21:00轉播瑞杏盃特戰英豪比賽團練  !瑞杏盃 !日程 !VPN,2024-03-12T11:43:39Z,https://www.twitch.tv/videos/2088559430,https://static-cdn.jtvnw.net/cf_vods/d3vd9lfkzbru3h/0d0dda078bf6a9b5a899_restiafps_41135193687_1710243814//thumb/thumb0-%{width}x%{height}.jpg
6dc75ab227e34c928598bde8f2d324bf,72268,【short】痛苦二選一！３公分 VS ３秒鐘？！🦁 #shorts #short #vtuber #vtuberclip #vtuber精華 #海克莉絲 #hercules,2024-03-14T03:00:26Z,https://www.youtube.com/watch?v=ph6oImsbKP0,https://i.ytimg.com/vi/ph6oImsbKP0/mqdefault.jpg
f99b7c49c1c8472681987ac2d1ff87bc,71812,比賽辦完了聊聊天 !VPN,2024-03-18T12:32:52Z,https://www.twitch.tv/videos/2094334667,https://static-cdn.jtvnw.net/cf_vods/d3vd9lfkzbru3h/54fba76afeac39565461_restiafps_41151482135_1710765167//thumb/thumb0-%{width}x%{height}.jpg
7c06b9e316ce4ac18ce836cd72442bbe,71802,YOASOBI - 大正浪漫｜子午計畫7人合唱【Cover】,2024-03-15T14:00:08Z,https://www.youtube.com/watch?v=nJShXbXGaXU,https://i.ytimg.com/vi/nJShXbXGaXU/mqdefault.jpg
6dc75ab227e34c928598bde8f2d324bf,71588,【short】上廁所沒有屎味可是不能說服室友的唷！🦁 #shorts #short #vtuber #vtuberclip #vtuber精華 #海克莉絲 #hercules,2024-03-08T03:00:17Z,https://www.youtube.com/watch?v=XTpqtg7T3jk,https://i.ytimg.com/vi/XTpqtg7T3jk/mqdefault.jpg
f99b7c49c1c8472681987ac2d1ff87bc,70590,喪尸末日RP 占卜師米露克的第一天 !瑞杏盃 !日程 !VPN,2024-03-06T11:03:42Z,https://www.twitch.tv/videos/2082769900,https://static-cdn.jtvnw.net/cf_vods/d3vd9lfkzbru3h/d5e556a697856740cef5_restiafps_41119882391_1709723018//thumb/thumb0-%{width}x%{height}.jpg
2741a90689f342548daad7f760b0a8f7,69465,Vtuber當護士的時候在醫院有撞鬼的經驗嗎？#shorts #short,2024-03-09T07:45:15Z,https://www.youtube.com/watch?v=xo1w3POqroo,https://i.ytimg.com/vi/xo1w3POqroo/mqdefault.jpg
2741a90689f342548daad7f760b0a8f7,69464,Vtuber開嗆觀眾降低好感退訂頻道，但觀眾們怎麼好像怪怪的...,2024-03-24T10:07:55Z,https://www.youtube.com/watch?v=P1xPDBX8uBg,https://i.ytimg.com/vi/P1xPDBX8uBg/mqdefault.jpg
f99b7c49c1c8472681987ac2d1ff87bc,68721,【APEX英雄】S20最強積分角色亡靈! 配上空投EVA8無限跳躍瘋狂亂殺! ft.KSP、橙Yuzumi,2024-03-01T04:03:54Z,https://www.youtube.com/watch?v=W2e_U4Whi6M,https://i.ytimg.com/vi/W2e_U4Whi6M/mqdefault.jpg
58abad4aa8de49efb785367503dfd92c,67672,【耳舐めASMR | KU100】♡舔耳吐息深入顱內♡含耳包覆睡眠誘導♡按摩不眠症解消 EarEating EarMassage♡耳マッサージ、耳はむ、耳塞ぎ | 黑3Dio【野薔薇 Vtuber 】,2024-03-05T16:59:34Z,https://www.youtube.com/watch?v=yRFGZJwrSBY,https://i.ytimg.com/vi/yRFGZJwrSBY/mqdefault.jpg
7c06b9e316ce4ac18ce836cd72442bbe,67533,tuki. - 晩餐歌 / 浠Mizuki【歌ってみた/Cover】,2024-02-28T11:00:08Z,https://www.youtube.com/watch?v=XvaESh248MI,https://i.ytimg.com/vi/XvaESh248MI/mqdefault.jpg
d837e8fda137492c9d77882b98ff863a,67487,Vtuber實況中被小姪女突襲？！ #台v #vtuber #真理果,2024-03-10T09:00:25Z,https://www.youtube.com/watch?v=l3e_TIA5B70,https://i.ytimg.com/vi/l3e_TIA5B70/mqdefault.jpg
fdb0805c65e24f13b7f23e50e0db8ae2,67236,🔴[陪伴台] 早灣~ 揪團可參加抱愛心貼圖抽獎! 掛台換連假出國禮抽獎券❤ !線下聚 @lunymeow_tw,2024-03-15T01:26:34Z,https://www.twitch.tv/videos/2091052153,https://static-cdn.jtvnw.net/cf_vods/d3vd9lfkzbru3h/6cfe6d75764e4d4944ec_lunymeow_tw_41141965415_1710465987//thumb/thumb0-%{width}x%{height}.jpg
fd6a0236861940389e15ef85b16c6069,66665,烟花－0301－生日月到了!!!今天加班轉盤最後G會!!! | !加班 ꜀(^. .^꜀ )꜆੭,2024-03-01T11:34:36Z,https://www.twitch.tv/videos/2077922733,https://static-cdn.jtvnw.net/cf_vods/d3vd9lfkzbru3h/85c0b4bf9a43a55dc4d5_hennie2001_41107364999_1709292871//thumb/thumb0-%{width}x%{height}.jpg
0641a9c8b9a94994aaa33e0c86fef75b,66602,尿尿ㄉ地方請好好尿尿ㄟ⋯#vtuber #shorts #台V #vtuberclip #vtuber中文 #kuromu,2024-03-17T08:53:10Z,https://www.youtube.com/watch?v=zov-Mjh4Rco,https://i.ytimg.com/vi/zov-Mjh4Rco/mqdefault.jpg
310862830fb648b78cca7e581e2622a7,65918,◆ 加班台DAY128 ◆ 廢棄之城-亞梅蝶 你最值得信賴的夥伴 // !加班 !周邊 !抽獎 //【赤羽亞矢】,2024-03-18T12:01:39Z,https://www.twitch.tv/videos/2094320518,https://static-cdn.jtvnw.net/cf_vods/d3vd9lfkzbru3h/865fe6dbc86782c8dd28_ayaakahane_41151362263_1710763292//thumb/thumb0-%{width}x%{height}.jpg
0641a9c8b9a94994aaa33e0c86fef75b,65886,出了甜點禮盒結果貓草也說要開洞⋯⋯ #vtuber #shorts #台V #vtuberclip #vtuber中文 #kuromu,2024-02-29T11:11:44Z,https://www.youtube.com/watch?v=dcuLtKdtG98,https://i.ytimg.com/vi/dcuLtKdtG98/mqdefault.jpg
fd6a0236861940389e15ef85b16c6069,64835,"烟花－0228－晚上9:oo高爾夫連動,牙敗還有點小困 | !加班 ꜀(^. .^꜀ )꜆੭",2024-02-28T12:48:18Z,https://www.twitch.tv/videos/2076083688,https://static-cdn.jtvnw.net/cf_vods/d3vd9lfkzbru3h/070614281610afeabf05_hennie2001_41102800679_1709124493//thumb/thumb0-%{width}x%{height}.jpg
2741a90689f342548daad7f760b0a8f7,64494,女朋友一直要我去大便的時候合照..dcard感情版瘋狂文章！#shorts #short,2024-03-11T15:00:22Z,https://www.youtube.com/watch?v=4d9UsU5OFsg,https://i.ytimg.com/vi/4d9UsU5OFsg/mqdefault.jpg
9d9c6477329245cbb2557895f4f15686,64482,/ᐠ. ̫ .ᐟ\ 031ˇ3 恨電腦 恨DC 但是愛你 ꔫ 滑鼠游標在dc公告給大家使用 !比賽 .ᐟ.ᐟ 新動態桌布在DC股東大會 ⸜♡⸝ ✿ !LINE !周邊 !DC !COVER,2024-03-12T17:02:59Z,https://www.twitch.tv/videos/2088747118,https://static-cdn.jtvnw.net/cf_vods/d3vd9lfkzbru3h/dde1fdf12a7596f63966_iitifox_41136094135_1710262974//thumb/thumb0-%{width}x%{height}.jpg
d5fdf5fc55d14476908e416e6d43c121,64068,【形象預告】雪之下織雪 ／ 四月九日 ／ 晚上七點半／芥川 Akutagawa Vtuber Project,2024-03-05T11:30:07Z,https://www.youtube.com/watch?v=BiEvbCfHv0E,https://i.ytimg.com/vi/BiEvbCfHv0E/mqdefault.jpg
5535c9524eb046c38e172ebfa06b302f,63976,【原神研究室】千織🏵️角色培養放大鏡▸真正的『速切』後台副C🥰低命XP抽，滿命課長抽！岩傷の無想一刀！機制解析/聖遺物/武器/命座/畢業面板! ▹璐洛洛◃,2024-03-14T14:50:07Z,https://www.youtube.com/watch?v=PDgCzUq7vIc,https://i.ytimg.com/vi/PDgCzUq7vIc/mqdefault.jpg
2741a90689f342548daad7f760b0a8f7,63852,護理師過去在值夜班的時候幫阿公打點滴結果被爆打一頓！？　#shorts 　#short,2024-03-13T14:51:45Z,https://www.youtube.com/watch?v=6gzPVowKIFM,https://i.ytimg.com/vi/6gzPVowKIFM/mqdefault.jpg
5535c9524eb046c38e172ebfa06b302f,62943,🔵【崩壞：星穹鐵道】🚀2.1前瞻直播一起看！洛洛最喜歡的大姊姊黃泉要來了😳 ？▹璐洛洛◃,2024-03-16T13:24:49Z,https://www.youtube.com/watch?v=JTEKx5OFwNI,https://i.ytimg.com/vi/JTEKx5OFwNI/mqdefault.jpg
6dc75ab227e34c928598bde8f2d324bf,62934,【short】痛苦二選一！叫聲 VS 顏值？！🦁 #shorts #short #vtuber #vtuberclip #vtuber精華 #海克莉絲 #hercules,2024-03-13T03:00:15Z,https://www.youtube.com/watch?v=VK8Z7_GgvhI,https://i.ytimg.com/vi/VK8Z7_GgvhI/mqdefault.jpg
5535c9524eb046c38e172ebfa06b302f,62850,【星穹鐵道】🚀黃泉 [培養全攻略]▸版本T0虛無大C！一定要星魂2嗎？虛無隊友的選擇？遺器｜配隊｜畢業面板｜星魂推薦｜抽取建議 ▹璐洛洛◃,2024-03-27T12:35:07Z,https://www.youtube.com/watch?v=b7CoJocfCjo,https://i.ytimg.com/vi/b7CoJocfCjo/mqdefault.jpg
2694a505a0e0441bb99b49e8ce1f7473,62801,【3/16】新楓之谷我的快樂泉源｜紅包活動記得填表單抽獎 !紅包 3/15 截止＆抽獎｜!RP !瑞杏盃 !yt !綠界 !會員 !7tv !指令,2024-03-16T12:00:38Z,https://www.twitch.tv/videos/2092365298,https://static-cdn.jtvnw.net/cf_vods/d3vd9lfkzbru3h/b54e63a27d4294da9891_kannazukilubee_41146036199_1710590433//thumb/thumb0-%{width}x%{height}.jpg
0641a9c8b9a94994aaa33e0c86fef75b,62459,大家在路上看到什麼一定都會在心裡偷偷想吧？#vtuber #shorts #台V #vtuberclip #vtuber中文 #kuromu #BlingBangBangBorn,2024-03-12T10:04:47Z,https://www.youtube.com/watch?v=yHRonXoLs_g,https://i.ytimg.com/vi/yHRonXoLs_g/mqdefault.jpg
f99b7c49c1c8472681987ac2d1ff87bc,62288,【APEX英雄】怎麼有個倫在Apex裡逛街啊!? 尾盤剩兩人撿到空投小幫手後打出神級操作! ft.劉小魚、厄倫蒂兒,2024-03-05T04:00:16Z,https://www.youtube.com/watch?v=oW-_KPrSfic,https://i.ytimg.com/vi/oW-_KPrSfic/mqdefault.jpg
0641a9c8b9a94994aaa33e0c86fef75b,62163,庫庫生日快到ㄌ 你有在苦惱要送庫庫什麼嗎？！#vtuber #shorts #台V #vtuberclip #vtuber中文 #kuromu,2024-03-15T08:59:45Z,https://www.youtube.com/watch?v=Vl0F8KbvBEM,https://i.ytimg.com/vi/Vl0F8KbvBEM/mqdefault.jpg
2741a90689f342548daad7f760b0a8f7,62121,請問今天是支語檢定考嗎？#shorts #short,2024-03-26T12:38:34Z,https://www.youtube.com/watch?v=N0iKVBgMjQA,https://i.ytimg.com/vi/N0iKVBgMjQA/mqdefault.jpg
f6a4e7aa8d0c4e5cb39d199845ec4d02,61600,【杏仁ミル】小開一下  | !周邊 !3C @vtuber_amiru,2024-03-11T12:12:01Z,https://www.twitch.tv/videos/2087662776,https://static-cdn.jtvnw.net/cf_vods/d3vd9lfkzbru3h/74a98dd1ded569cdceb2_vtuber_amiru_41132795575_1710159115//thumb/thumb0-%{width}x%{height}.jpg
64c779f8cc214e7a9b570c7b3fc128cc,60873,【雑談】努力往上爬！！一起來玩這款勵志又充滿正能量的輕鬆小品(?)遊戲吧💖 #初見歓迎 | 利卡洛斯 LiKaRuZ | A Difficult Game About Climbing,2024-03-16T14:09:29Z,https://www.youtube.com/watch?v=gcUx87HVvGU,https://i.ytimg.com/vi/gcUx87HVvGU/mqdefault.jpg
6dc75ab227e34c928598bde8f2d324bf,60768,【short】寶可夢也可以開車🚗？！🦁 #shorts #short #vtuber #vtuberclip #vtuber精華 #海克莉絲 #hercules,2024-03-06T03:00:04Z,https://www.youtube.com/watch?v=8f-uRPFfA7o,https://i.ytimg.com/vi/8f-uRPFfA7o/mqdefault.jpg
d837e8fda137492c9d77882b98ff863a,60692,繪師Vtuber讓聊天室來決定一張圖的走向結果…這什麼鬼？？ #台v #vtuber,2024-03-13T09:00:33Z,https://www.youtube.com/watch?v=ZUmpft2Q1kI,https://i.ytimg.com/vi/ZUmpft2Q1kI/mqdefault.jpg
5535c9524eb046c38e172ebfa06b302f,60600,4.5活動武器『沙中偉賢的對答』適合誰🤩？ #璐洛洛 #genshinimpact  #原神,2024-03-20T09:00:10Z,https://www.youtube.com/watch?v=Dl4SUz_by0w,https://i.ytimg.com/vi/Dl4SUz_by0w/mqdefault.jpg
0641a9c8b9a94994aaa33e0c86fef75b,60282,關於庫庫小時候很殘暴這件事情⋯⋯#vtuber #shorts #台V #vtuberclip #vtuber中文 #kuromu,2024-03-19T10:03:02Z,https://www.youtube.com/watch?v=nddQYlM9p0c,https://i.ytimg.com/vi/nddQYlM9p0c/mqdefault.jpg
9d9c6477329245cbb2557895f4f15686,60167,/ᐠ. ̫ .ᐟ\ 0304 睡了個精神滿滿的午覺 !比賽 .ᐟ.ᐟ 新動態桌布在DC股東大會 ⸜♡⸝ ✿ !LINE !周邊 !DC !COVER,2024-03-05T08:08:37Z,https://www.twitch.tv/videos/2081783391,https://static-cdn.jtvnw.net/cf_vods/d3vd9lfkzbru3h/a1b76978fc2b4c47e7f6_iitifox_41117036503_1709626112//thumb/thumb0-%{width}x%{height}.jpg
2694a505a0e0441bb99b49e8ce1f7473,58928,【3/12】團練時間｜紅包活動記得填表單抽獎 !紅包 3/15 截止＆抽獎｜!RP !瑞杏盃 !yt !綠界 !會員 !7tv !指令,2024-03-12T12:55:05Z,https://www.twitch.tv/videos/2088591694,https://static-cdn.jtvnw.net/cf_vods/d3vd9lfkzbru3h/b685e743a82f97551460_kannazukilubee_41135449351_1710248100//thumb/thumb0-%{width}x%{height}.jpg
334133534368487780dfa99b7c9f5949,58489,一分鐘學會魷魚粥 🦑 #cooking #lifestyle #vtuber,2024-03-10T01:00:19Z,https://www.youtube.com/watch?v=myWIVTBwNL8,https://i.ytimg.com/vi/myWIVTBwNL8/mqdefault.jpg
310862830fb648b78cca7e581e2622a7,58227,◆ 加班台DAY121 ◆ 廢棄之城-亞梅蝶 我的一片心意 // !加班 !周邊 !抽獎 //【赤羽亞矢】,2024-03-11T11:30:28Z,https://www.twitch.tv/videos/2087645080,https://static-cdn.jtvnw.net/cf_vods/d3vd9lfkzbru3h/41cb9213d87b62a462c7_ayaakahane_41132649479_1710156624//thumb/thumb0-%{width}x%{height}.jpg
6dc75ab227e34c928598bde8f2d324bf,57990,"【shorts】窮人3D?! 自己的莉絲自己""立""!! 🦁#shorts #short #vtuber #vtuberclip #vtuber精華 #海克莉絲 #hercules",2024-03-01T03:00:20Z,https://www.youtube.com/watch?v=RFFJ_PHSYj4,https://i.ytimg.com/vi/RFFJ_PHSYj4/mqdefault.jpg
fd6a0236861940389e15ef85b16c6069,57966,烟花－0321－7:00PM - Hell Let Loose (超大型連動)!!!💖訂閱插圖已在DC頻道🌟遊戲儲值找!魔儲 | !加班 !生日 ꜀(^. .^꜀ )꜆੭,2024-03-20T20:39:33Z,https://www.twitch.tv/videos/2096532804,https://static-cdn.jtvnw.net/cf_vods/d3vd9lfkzbru3h/c6f64e4c30c433db39db_hennie2001_41157708407_1710967168//thumb/thumb0-%{width}x%{height}.jpg
6dc75ab227e34c928598bde8f2d324bf,56993,【short】痛苦二選一！5秒鐘 VS 5小時？！🦁 #shorts #short #vtuber #vtuberclip #vtuber精華 #海克莉絲 #hercules,2024-03-15T03:00:35Z,https://www.youtube.com/watch?v=tNOwbnllYnw,https://i.ytimg.com/vi/tNOwbnllYnw/mqdefault.jpg
f99b7c49c1c8472681987ac2d1ff87bc,56493,先隨便玩玩 23:00VALORANT馬德里大師賽觀賽派對 !瑞杏盃 !日程 !VPN,2024-03-15T12:49:55Z,https://www.twitch.tv/videos/2091382197,https://static-cdn.jtvnw.net/cf_vods/d3vd9lfkzbru3h/26b12e3ec1e4020dbcea_restiafps_41143383847_1710506988//thumb/thumb0-%{width}x%{height}.jpg
58abad4aa8de49efb785367503dfd92c,56458,【耳舐めASMR】♡濃密舔耳♡両耳♡耳奧攻入♡理性消退♡深入舔耳♡含耳吐息♡DEEPEarEating EarLicking|耳はむ 、耳責め 귀핥기| 黑3DIO KU100【野薔薇 Vtuber】,2024-03-14T17:53:29Z,https://www.youtube.com/watch?v=zcXNudvf4B0,https://i.ytimg.com/vi/zcXNudvf4B0/mqdefault.jpg
fd6a0236861940389e15ef85b16c6069,55884,烟花－0310－今天不小心跌倒 小拇指撞到無力qq | !加班 !比賽 !生日 !蘿皮 ꜀(^. .^꜀ )꜆੭,2024-03-10T17:09:29Z,https://www.twitch.tv/videos/2086937687,https://static-cdn.jtvnw.net/cf_vods/d3vd9lfkzbru3h/ff7179716a63ea9c94e1_hennie2001_41131142295_1710090561//thumb/thumb0-%{width}x%{height}.jpg
6dc75ab227e34c928598bde8f2d324bf,55535,【short】玉女內心深處的吶喊與心聲！🦁 #shorts #short #vtuber #vtuberclip #vtuber精華 #海克莉絲 #hercules,2024-03-25T03:00:05Z,https://www.youtube.com/watch?v=AOY25NhOTIQ,https://i.ytimg.com/vi/AOY25NhOTIQ/mqdefault.jpg
2694a505a0e0441bb99b49e8ce1f7473,55490,【3/15】我要在新楓之谷裡找回失去的自信心｜紅包活動記得填表單抽獎 !紅包 3/15 截止＆抽獎｜!RP !瑞杏盃 !yt !綠界 !會員 !7tv !指令,2024-03-15T12:00:35Z,https://www.twitch.tv/videos/2091358373,https://static-cdn.jtvnw.net/cf_vods/d3vd9lfkzbru3h/cafcf79cee4368f06b3b_kannazukilubee_41143189735_1710504029//thumb/thumb0-%{width}x%{height}.jpg
d837e8fda137492c9d77882b98ff863a,55127,Vtuber五萬訂閱頻道的大秘密公開？！ #vtuber #台v #真理果,2024-03-17T09:30:00Z,https://www.youtube.com/watch?v=3HDvujnjywg,https://i.ytimg.com/vi/3HDvujnjywg/mqdefault.jpg
334133534368487780dfa99b7c9f5949,55017,一分鐘學會滑菇（なめ茸） 🍄 #cooking #lifestyle #vtuber,2024-02-28T06:11:05Z,https://www.youtube.com/watch?v=0D2v1D4hSYQ,https://i.ytimg.com/vi/0D2v1D4hSYQ/mqdefault.jpg
23ec5ecfb8c14ea893576783f1790643,53516,你知道嗎？其實排檔桿無所不在  別太驚訝❗️#vtuber #vtuberclip #台v #台v精華,2024-03-15T11:18:07Z,https://www.youtube.com/watch?v=gAW35IjV_-M,https://i.ytimg.com/vi/gAW35IjV_-M/mqdefault.jpg
fd6a0236861940389e15ef85b16c6069,53412,烟花－0306－今天不一定RP，星期四晚上～星期六早上這期間請假不開台窩～ | !加班 !比賽 ꜀(^. .^꜀ )꜆੭,2024-03-06T08:59:59Z,https://www.twitch.tv/videos/2082728503,https://static-cdn.jtvnw.net/cf_vods/d3vd9lfkzbru3h/843fc08ca32cee345b6c_hennie2001_41119600855_1709715595//thumb/thumb0-%{width}x%{height}.jpg
310862830fb648b78cca7e581e2622a7,53322,◆ 加班台DAY120 ◆ 比琪休息 先來練拳，晚一點進城 // !加班 !周邊 !抽獎 //【赤羽亞矢】,2024-03-08T11:31:33Z,https://www.twitch.tv/videos/2084635420,https://static-cdn.jtvnw.net/cf_vods/d3vd9lfkzbru3h/4adf91d6c7e8c4b187f0_ayaakahane_41124912167_1709897487//thumb/thumb0-%{width}x%{height}.jpg
f99b7c49c1c8472681987ac2d1ff87bc,53191,【Restia瑞斯帝亞】真不愧是圖奇最扛的女人KSP! #restia #瑞斯帝亞 #特戰英豪,2024-03-08T04:29:33Z,https://www.youtube.com/watch?v=ksqfEJ20v5A,https://i.ytimg.com/vi/ksqfEJ20v5A/mqdefault.jpg
f6a4e7aa8d0c4e5cb39d199845ec4d02,52509,【杏仁ミル】N皮 勿貪  | !周邊 !3C @vtuber_amiru,2024-03-04T14:49:35Z,https://www.twitch.tv/videos/2081033565,https://static-cdn.jtvnw.net/cf_vods/d3vd9lfkzbru3h/ad1c5a557df95fb2debe_vtuber_amiru_41115701799_1709563769//thumb/thumb0-%{width}x%{height}.jpg
fd6a0236861940389e15ef85b16c6069,52060,烟花－0325－羊包包💜訂閱插圖已在DC頻道🌟遊戲儲值找!魔儲 | !加班 !生日 ꜀(^. .^꜀ )꜆੭,2024-03-25T12:23:25Z,https://www.twitch.tv/videos/2101004802,https://static-cdn.jtvnw.net/cf_vods/d3vd9lfkzbru3h/f218c80e60407945ab0c_hennie2001_41169977687_1711369399//thumb/thumb0-%{width}x%{height}.jpg
f6a4e7aa8d0c4e5cb39d199845ec4d02,51946,【杏仁ミル】死者甦醒  | !周邊 !3C @vtuber_amiru,2024-02-28T06:08:08Z,https://www.twitch.tv/videos/2075942697,https://static-cdn.jtvnw.net/cf_vods/d3vd9lfkzbru3h/00cd8a555876b22ed0d7_vtuber_amiru_41101880615_1709100482//thumb/thumb0-%{width}x%{height}.jpg
17c335762a694402b8cb9a96b2865572,51861,Thirteen ASMR:福利向💜 |理性喪失💜密著攻勢濃厚舔耳💜今天是舔舔舔時間💜| 耳舐め/キス音 | 拾參Thirteen / VTuber,2024-03-03T16:24:19Z,https://www.youtube.com/watch?v=gAfOdZ2D2io,https://i.ytimg.com/vi/gAfOdZ2D2io/mqdefault.jpg
729621ce509b4641ad8cde76dec037d0,51712,✧縱型耐久+圖奇雙開✧超級簡單（？）的爬山遊戲絕對不會把桌子劈開一半的對吧！！希妮·亞里絲🤍SinnieAris✨,2024-03-28T14:46:46Z,https://www.youtube.com/watch?v=L0shUxW8fQ8,https://i.ytimg.com/vi/L0shUxW8fQ8/mqdefault.jpg
cd42e06c40534d9eac7e30a434e47d43,51398,蛤? #台灣vtuber#台灣vtuber #帕豹pabo #shorts #short,2024-02-28T00:00:13Z,https://www.youtube.com/watch?v=_1DLEvMO99U,https://i.ytimg.com/vi/_1DLEvMO99U/mqdefault.jpg
334133534368487780dfa99b7c9f5949,51337,一分鐘學會簡單韭菜盒子 🥟 #cooking #lifestyle #vtuber,2024-03-16T01:00:13Z,https://www.youtube.com/watch?v=K2W5ZixFbC8,https://i.ytimg.com/vi/K2W5ZixFbC8/mqdefault.jpg
310862830fb648b78cca7e581e2622a7,51192,◆ 加班台DAY132 ◆ 廢棄之城-亞梅蝶 Day15 樂子人 // !加班 !周邊 !抽獎 //【赤羽亞矢】,2024-03-25T11:06:00Z,https://www.twitch.tv/videos/2100972076,https://static-cdn.jtvnw.net/cf_vods/d3vd9lfkzbru3h/32fe282821154fbec911_ayaakahane_41169714247_1711364753//thumb/thumb0-%{width}x%{height}.jpg
f99b7c49c1c8472681987ac2d1ff87bc,50495,【瑞杏盃 - 特戰英豪Valorant】隊長選秀大會  !瑞杏盃 !名單 !日程 !VPN,2024-03-01T11:50:51Z,https://www.twitch.tv/videos/2077929294,https://static-cdn.jtvnw.net/cf_vods/d3vd9lfkzbru3h/8c133415c1d50ad81e1e_restiafps_41107414551_1709293846//thumb/thumb0-%{width}x%{height}.jpg
d837e8fda137492c9d77882b98ff863a,49963,Vtuber的大嫂為了做效果居然講出了這種話？！ #台v #vtuber #真理果,2024-03-08T01:00:04Z,https://www.youtube.com/watch?v=AsexQCuTCl4,https://i.ytimg.com/vi/AsexQCuTCl4/mqdefault.jpg
0641a9c8b9a94994aaa33e0c86fef75b,49905,這怎麼跟我想ㄉ誇誇不一樣( ･᷄ὢ･᷅ )⋯#vtuber #shorts #台V #vtuberclip #vtuber中文 #kuromu,2024-03-14T09:00:28Z,https://www.youtube.com/watch?v=jgZicCE1TUk,https://i.ytimg.com/vi/jgZicCE1TUk/mqdefault.jpg
2694a505a0e0441bb99b49e8ce1f7473,49866,【3/14】練習嗎｜紅包活動記得填表單抽獎 !紅包 3/15 截止＆抽獎｜!RP !瑞杏盃 !yt !綠界 !會員 !7tv !指令,2024-03-14T12:09:32Z,https://www.twitch.tv/videos/2090431247,https://static-cdn.jtvnw.net/cf_vods/d3vd9lfkzbru3h/9878e367c5929fb16c78_kannazukilubee_41140577159_1710418165//thumb/thumb0-%{width}x%{height}.jpg
f99b7c49c1c8472681987ac2d1ff87bc,49399,"【Apex英雄】這個圈Alliance輸了我跳樓! 無敵祭品已下,結局究竟如何?!",2024-03-09T04:00:47Z,https://www.youtube.com/watch?v=WeyAAMhBdrU,https://i.ytimg.com/vi/WeyAAMhBdrU/mqdefault.jpg
f99b7c49c1c8472681987ac2d1ff87bc,49267,先自主人鬼一下 21:00瑞杏盃團練 乖兒子隊 VS Kant隊 !瑞杏盃 !日程 !VPN,2024-03-14T09:01:50Z,https://www.twitch.tv/videos/2090364660,https://static-cdn.jtvnw.net/cf_vods/d3vd9lfkzbru3h/2064a49ec3e367f6e925_restiafps_41140042487_1710406903//thumb/thumb0-%{width}x%{height}.jpg
f99b7c49c1c8472681987ac2d1ff87bc,48580,先快打一下 22:00跟BB、蒂兒、Kirali一起玩怪談恐怖遊戲 !瑞杏盃 !日程 !VPN,2024-03-08T12:30:54Z,https://www.twitch.tv/videos/2084662071,https://static-cdn.jtvnw.net/cf_vods/d3vd9lfkzbru3h/897e867e3f32267fb5db_restiafps_41125127047_1709901049//thumb/thumb0-%{width}x%{height}.jpg
310862830fb648b78cca7e581e2622a7,48030,◆ 加班台DAY119 ◆ 廢棄之城-亞梅蝶 上帝眷顧的女人 // !加班 !周邊 !抽獎 //【赤羽亞矢】,2024-03-07T11:02:09Z,https://www.twitch.tv/videos/2083697676,https://static-cdn.jtvnw.net/cf_vods/d3vd9lfkzbru3h/abfbe867d7e0efa5ed28_ayaakahane_41122357815_1709809324//thumb/thumb0-%{width}x%{height}.jpg
e93bd1102e214cbaa71cc5b2e4a53595,47688,﹝中/日ok﹞先吃個飯打個配，16:00 多人挨餓團 ░ @earendelxdfp !指令 !隊友 !RP,2024-03-23T06:49:16Z,https://www.twitch.tv/videos/2098873657,https://static-cdn.jtvnw.net/cf_vods/d3vd9lfkzbru3h/7a1dd5dd7749f3a23d22_earendelxdfp_41163830727_1711176551//thumb/thumb0-%{width}x%{height}.jpg
9d9c6477329245cbb2557895f4f15686,47575,團練一條龍 比賽一條蟲 頂級賽門稻米米 | 特戰英豪 ft. @restiafps @kmomo0512 @Jongie @9qoq9qoq ​⁠@Kant0211 幻月,2024-03-16T03:53:20Z,https://www.youtube.com/watch?v=VZMVBPw1Sj8,https://i.ytimg.com/vi/VZMVBPw1Sj8/mqdefault.jpg
f99b7c49c1c8472681987ac2d1ff87bc,47542,【APEX英雄】情人節當然就要要打Apex啊! 最後搞耍的結果竟然是....?!,2024-03-10T04:00:10Z,https://www.youtube.com/watch?v=RGv_sR5KY-I,https://i.ytimg.com/vi/RGv_sR5KY-I/mqdefault.jpg
f6a4e7aa8d0c4e5cb39d199845ec4d02,47353,【杏仁ミル】遊戲之夜  | !周邊 !3C @vtuber_amiru,2024-03-15T10:48:43Z,https://www.twitch.tv/videos/2091328925,https://static-cdn.jtvnw.net/cf_vods/d3vd9lfkzbru3h/e959a039d18bb3dfaa92_vtuber_amiru_41142957207_1710499719//thumb/thumb0-%{width}x%{height}.jpg
192d2decee72410e8346c135c4ac6e00,47128,【日常短片】 讓姐姐來溫暖你【九十九真淵】,2024-03-10T11:30:12Z,https://www.youtube.com/watch?v=YGB_zqNXECo,https://i.ytimg.com/vi/YGB_zqNXECo/mqdefault.jpg
6dc75ab227e34c928598bde8f2d324bf,47012,【short】痛苦二選一！女友魂阿婆體 VS 女友身阿婆魂？！🦁 #shorts #short #vtuber #vtuberclip #vtuber精華 #海克莉絲 #hercules,2024-03-19T03:00:33Z,https://www.youtube.com/watch?v=tdqIIIRXOWI,https://i.ytimg.com/vi/tdqIIIRXOWI/mqdefault.jpg
d837e8fda137492c9d77882b98ff863a,46757,在美國的大賣場居然買得到這種東西？！ #vtuber #台v #真理果,2024-03-03T10:00:19Z,https://www.youtube.com/watch?v=HhUjNnAVYWU,https://i.ytimg.com/vi/HhUjNnAVYWU/mqdefault.jpg
192d2decee72410e8346c135c4ac6e00,46742,【形象預告】九十九真淵 ／ 四月八日 ／晚上七點半／芥川 Akutagawa Vtuber Project,2024-03-05T11:30:33Z,https://www.youtube.com/watch?v=uTkqg_Rs8w8,https://i.ytimg.com/vi/uTkqg_Rs8w8/mqdefault.jpg
310862830fb648b78cca7e581e2622a7,46292,◆ 加班台DAY135 ◆ 廢棄之城 亞梅蝶 大戰日 // !加班 !周邊 !抽獎 //【赤羽亞矢】,2024-03-28T11:08:09Z,https://www.twitch.tv/videos/2103787943,https://static-cdn.jtvnw.net/cf_vods/d3vd9lfkzbru3h/8414005431a9db40130c_ayaakahane_41177808919_1711624084//thumb/thumb0-%{width}x%{height}.jpg
f99b7c49c1c8472681987ac2d1ff87bc,46172,【Restia瑞斯帝亞】特戰英豪婕提飛刀小提琴挑戰! #restia #瑞斯帝亞 #valorant #特戰英豪,2024-03-17T04:37:30Z,https://www.youtube.com/watch?v=XewCQ-B0Bqo,https://i.ytimg.com/vi/XewCQ-B0Bqo/mqdefault.jpg
310862830fb648b78cca7e581e2622a7,46078,◆ 加班台DAY129 ◆ 廢棄之城-亞梅蝶  // !加班 !周邊 !抽獎 //【赤羽亞矢】,2024-03-20T11:07:18Z,https://www.twitch.tv/videos/2096140186,https://static-cdn.jtvnw.net/cf_vods/d3vd9lfkzbru3h/d6f6ca70982cb561e84a_ayaakahane_41156450487_1710932831//thumb/thumb0-%{width}x%{height}.jpg
334133534368487780dfa99b7c9f5949,46069,一分鐘學會椒鹽百頁豆腐 🧈 #cooking #lifestyle #vtuber,2024-03-01T06:00:01Z,https://www.youtube.com/watch?v=4Ib-QLsPYCk,https://i.ytimg.com/vi/4Ib-QLsPYCk/mqdefault.jpg
f99b7c49c1c8472681987ac2d1ff87bc,45481,【APEX英雄】為什麼會掉下去RRRR? 厄倫蒂兒的墜落史記,2024-03-16T04:03:19Z,https://www.youtube.com/watch?v=AZApdt13aXA,https://i.ytimg.com/vi/AZApdt13aXA/mqdefault.jpg
6bd49f94afb144e995247388ca8c42a8,45471,【橙Yuzumi】【中/日】工作台｜ @yuzumi_neon  !LINE貼圖,2024-03-19T08:47:13Z,https://www.twitch.tv/videos/2095164495,https://static-cdn.jtvnw.net/cf_vods/d3vd9lfkzbru3h/6ca2e4177ff976927d60_yuzumi_neon_41153411847_1710838026//thumb/thumb0-%{width}x%{height}.jpg
0bf0ec441dc6489583f7218e02ab6a89,45414,🔴【COVER募資】03/10 21:00 歌名就叫做想捉I❤️金額到了會有12獎勵【香草奈若】,2024-03-10T19:59:15Z,https://www.youtube.com/watch?v=dZn3mIsV6p0,https://i.ytimg.com/vi/dZn3mIsV6p0/mqdefault.jpg
f99b7c49c1c8472681987ac2d1ff87bc,45326,【瑞杏盃】參賽選手公佈 3/1號20:00隊長選秀 !瑞杏盃 !名單 !日程 !VPN,2024-02-29T11:38:28Z,https://www.twitch.tv/videos/2076985533,https://static-cdn.jtvnw.net/cf_vods/d3vd9lfkzbru3h/3e92f7e566764ad17c30_restiafps_41104930151_1709206703//thumb/thumb0-%{width}x%{height}.jpg
2741a90689f342548daad7f760b0a8f7,45244,【閱覽注意】我想不通為什麼會有人要吃大便欸#shorts #short,2024-03-01T10:22:58Z,https://www.youtube.com/watch?v=TiIfXevXzp8,https://i.ytimg.com/vi/TiIfXevXzp8/mqdefault.jpg
f99b7c49c1c8472681987ac2d1ff87bc,44652,3/17明天17:00 「瑞杏盃」特戰英豪比賽開打 !瑞杏盃 !VPN,2024-03-16T11:22:03Z,https://www.twitch.tv/videos/2092346371,https://static-cdn.jtvnw.net/cf_vods/d3vd9lfkzbru3h/d63179870eb09c964527_restiafps_41145914503_1710588118//thumb/thumb0-%{width}x%{height}.jpg
f99b7c49c1c8472681987ac2d1ff87bc,44323,快睡著了跟4位大哥大姐排一下 !瑞杏盃 !日程 !VPN,2024-03-03T13:59:01Z,https://www.twitch.tv/videos/2080071446,https://static-cdn.jtvnw.net/cf_vods/d3vd9lfkzbru3h/1f035a44d2b32ee92408_restiafps_41113182311_1709474336//thumb/thumb0-%{width}x%{height}.jpg
2741a90689f342548daad7f760b0a8f7,44275,5MA之歌 Challenge / 希翁 #5machallenge #shorts,2024-03-02T12:39:44Z,https://www.youtube.com/watch?v=Iri_yPvGrNc,https://i.ytimg.com/vi/Iri_yPvGrNc/mqdefault.jpg
f99b7c49c1c8472681987ac2d1ff87bc,44066,【瑞杏盃 VALORANT】自己主辦首屆實況主 X Vtuber大賽! 比賽Crazyface竟然一槍狙擊一穿三打出三殺!?,2024-03-22T04:00:16Z,https://www.youtube.com/watch?v=5VApAzIMTOY,https://i.ytimg.com/vi/5VApAzIMTOY/mqdefault.jpg
6dc75ab227e34c928598bde8f2d324bf,43764,【shorts】蟋蟀的生活美學!! 打輸才可以蕉配?!  🦁 #shorts #short #vtuber #vtuberclip #vtuber精華 #海克莉絲 #hercules,2024-03-03T03:00:08Z,https://www.youtube.com/watch?v=FAjv7RGm1Jg,https://i.ytimg.com/vi/FAjv7RGm1Jg/mqdefault.jpg
310862830fb648b78cca7e581e2622a7,43587,◆ 加班台DAY123 ◆ 晚點入城漆彈大賽，亞梅蝶不能拿槍的手要被解放了嗎 // !加班 !周邊 !抽獎 //【赤羽亞矢】,2024-03-13T11:03:20Z,https://www.twitch.tv/videos/2089476353,https://static-cdn.jtvnw.net/cf_vods/d3vd9lfkzbru3h/5ab9382e33b47f16886c_ayaakahane_41137673079_1710327795//thumb/thumb0-%{width}x%{height}.jpg
f99b7c49c1c8472681987ac2d1ff87bc,43369,跟老大辦的比賽【瑞杏盃】開催決定! 3/1號20:00隊長選秀 !瑞杏盃 !日程 !VPN,2024-02-28T12:47:15Z,https://www.twitch.tv/videos/2076083212,https://static-cdn.jtvnw.net/cf_vods/d3vd9lfkzbru3h/1b9a886381b623c45f9a_restiafps_41102797575_1709124429//thumb/thumb0-%{width}x%{height}.jpg
4544974bc5624035ae7bb0c9ed33e44e,43247,女孩子終於也有蛋蛋了！ #瓦西瓦瓦 #vaswawa,2024-03-13T04:00:10Z,https://www.youtube.com/watch?v=DoGAl_1oZlU,https://i.ytimg.com/vi/DoGAl_1oZlU/mqdefault.jpg
9d9c6477329245cbb2557895f4f15686,43203,稻米米新年牢飯特輯 feat. @9qoq9qoq  @sweetcampercs @kmomo0512  @tts2535 炎炎 | 特戰英豪,2024-02-29T15:00:06Z,https://www.youtube.com/watch?v=29kzxGdX04I,https://i.ytimg.com/vi/29kzxGdX04I/mqdefault.jpg
6dc75ab227e34c928598bde8f2d324bf,42802,【short】大力震動導致物理壞掉？！🦁 #shorts #short #vtuber #vtuberclip #vtuber精華 #海克莉絲 #hercules,2024-03-26T03:00:20Z,https://www.youtube.com/watch?v=TWWaasM4Wso,https://i.ytimg.com/vi/TWWaasM4Wso/mqdefault.jpg
f99b7c49c1c8472681987ac2d1ff87bc,42461,【Restia瑞斯帝亞】#瑞烟不仲 叔叔:10份贈訂就直接砍下去 烟花:友誼是用錢衡量的嗎 #restia #瑞斯帝亞 #烟花蹦蹦蹦,2024-03-20T04:00:17Z,https://www.youtube.com/watch?v=X5ouqhjoLsQ,https://i.ytimg.com/vi/X5ouqhjoLsQ/mqdefault.jpg
6bd49f94afb144e995247388ca8c42a8,42304,【橙Yuzumi】【中/日】廢棄之城 - 木登 剛睡醒  ｜ @yuzumi_neon  !LINE貼圖 !人設,2024-03-22T18:06:33Z,https://www.twitch.tv/videos/2098236565,https://static-cdn.jtvnw.net/cf_vods/d3vd9lfkzbru3h/5e4c4bd0f8fcba89eab0_yuzumi_neon_41162765447_1711130787//thumb/thumb0-%{width}x%{height}.jpg
f99b7c49c1c8472681987ac2d1ff87bc,41984,20:00跟朋友們第一次玩多人Outlast !VPN,2024-03-20T10:57:16Z,https://www.twitch.tv/videos/2096135861,https://static-cdn.jtvnw.net/cf_vods/d3vd9lfkzbru3h/3d0171d9bee593fe6eaf_restiafps_41156413511_1710932231//thumb/thumb0-%{width}x%{height}.jpg
6dc75ab227e34c928598bde8f2d324bf,41724,【short】努力鑽出隙縫的天選之子！！🦁 #shorts #short #vtuber #vtuberclip #vtuber精華 #海克莉絲 #hercules,2024-03-24T03:00:29Z,https://www.youtube.com/watch?v=v6ud-baJWQY,https://i.ytimg.com/vi/v6ud-baJWQY/mqdefault.jpg
71e1a399885b48e79c9a98e973e6b5e3,41634,能額外獲得的代幣 網路上還是要注意形象啊！ #shorts #台灣 #台V #vtuber #vtuber精華 #vtuberclip #slimeclip,2024-03-01T10:00:32Z,https://www.youtube.com/watch?v=WGSfRBtcxQw,https://i.ytimg.com/vi/WGSfRBtcxQw/mqdefault.jpg
e93bd1102e214cbaa71cc5b2e4a53595,41467,﹝中/日ok﹞17:00瑞杏盃開打！先自主練習和吃吃飯！！！！ ░ @earendelxdfp !指令 !隊友 !RP !瑞杏盃,2024-03-17T09:30:13Z,https://www.twitch.tv/videos/2093314542,https://static-cdn.jtvnw.net/cf_vods/d3vd9lfkzbru3h/2697f5f06eb3e23e2ae6_earendelxdfp_41148440663_1710667806//thumb/thumb0-%{width}x%{height}.jpg
64c779f8cc214e7a9b570c7b3fc128cc,41450,【雑談】今天一定要登頂......(如果我不幸倒了記得傳承我的精神) #初見歓迎 | 利卡洛斯 LiKaRuZ | A Difficult Game About Climbing,2024-03-23T11:43:30Z,https://www.youtube.com/watch?v=B_Zz_y0KDts,https://i.ytimg.com/vi/B_Zz_y0KDts/mqdefault.jpg
f99b7c49c1c8472681987ac2d1ff87bc,41395,【Apex英雄】毒奶國師就是你! 所有人都被奶死的世界線?! Apex亞洲嘉年華變成毒奶大賽!,2024-03-07T04:00:14Z,https://www.youtube.com/watch?v=eG2s2uYMF3g,https://i.ytimg.com/vi/eG2s2uYMF3g/mqdefault.jpg
b6f68e0e323f45458752f3a7ec6a08f2,41371,【#縱型遊戲】用仙境傳說PC版跟大家說午安 🐲✨ 有多少人會被回憶打到，我的頭..好痛🦗【月下香幽芳YuFang】,2024-03-27T14:15:20Z,https://www.youtube.com/watch?v=Rhiyjvj3ZFM,https://i.ytimg.com/vi/Rhiyjvj3ZFM/mqdefault.jpg
0641a9c8b9a94994aaa33e0c86fef75b,41261,驚！！開台上公然調戲真台主！？#vtuber #shorts #台V #vtuberclip #vtuber中文 #kuromu,2024-03-05T10:24:08Z,https://www.youtube.com/watch?v=jkqhY-JAfo4,https://i.ytimg.com/vi/jkqhY-JAfo4/mqdefault.jpg
6dc75ab227e34c928598bde8f2d324bf,40686,【shorts】泌尿科醫生表示：不要自己偷烤秋琴還跑來說我技術差!!! 🦁 #shorts #short #vtuber #vtuberclip #vtuber精華 #海克莉絲 #hercules,2024-02-28T03:00:05Z,https://www.youtube.com/watch?v=3ClCXpU_cI4,https://i.ytimg.com/vi/3ClCXpU_cI4/mqdefault.jpg
d837e8fda137492c9d77882b98ff863a,40662,Vtuber做忍笑挑戰不到一分鐘就破功大笑 #vtuber #台v #真理果,2024-03-09T10:00:04Z,https://www.youtube.com/watch?v=5ucSiWpx24s,https://i.ytimg.com/vi/5ucSiWpx24s/mqdefault.jpg
abd64c9a64e04fb1b23faa2480c1c106,40551,【４人實況】這張照片最後竟成了我們的遺照 ! ? Backrooms 最終回 ! ! 最後真的能成功「逃離後室」😨？(全字幕),2024-02-29T13:28:16Z,https://www.youtube.com/watch?v=hRtEZgEOjbM,https://i.ytimg.com/vi/hRtEZgEOjbM/mqdefault.jpg
6dc75ab227e34c928598bde8f2d324bf,40373,【short】痛苦二選一！出賣另一半 VS 出賣自己？！🦁 #shorts #short #vtuber #vtuberclip #vtuber精華 #海克莉絲 #hercules,2024-03-18T03:00:05Z,https://www.youtube.com/watch?v=8QhrQqfC0uI,https://i.ytimg.com/vi/8QhrQqfC0uI/mqdefault.jpg
3681a0b4e4bd48888473b1884f6ee420,40280,超扯擇偶條件！？（反串要註明） #台灣vtuber  #台v  #vtuber精華  #vtuber中文,2024-03-10T11:00:07Z,https://www.youtube.com/watch?v=n143Rly_q1c,https://i.ytimg.com/vi/n143Rly_q1c/mqdefault.jpg
9d9c6477329245cbb2557895f4f15686,40159,/ᐠ. ̫ .ᐟ\ 0310 嘿嘿 我是超狐 ꔫ滑鼠游標在dc公告給大家使用 !比賽 .ᐟ.ᐟ 新動態桌布在DC股東大會 ⸜♡⸝ ✿ !LINE !周邊 !DC !COVER,2024-03-10T07:45:49Z,https://www.twitch.tv/videos/2086609784,https://static-cdn.jtvnw.net/cf_vods/d3vd9lfkzbru3h/fbe17a7993cd223198cc_iitifox_41129762823_1710056743//thumb/thumb0-%{width}x%{height}.jpg
a3ce195c0069494c99849d0b1a10a7fd,39849,【#悠姊姊音聲ASMR 48 -red-】姐姐的各種香味♥️｜ #悠白 #Ubye #中文音聲 #ASMR #音聲 #3dio,2024-03-10T16:01:17Z,https://www.youtube.com/watch?v=X5Jo2f5DnGw,https://i.ytimg.com/vi/X5Jo2f5DnGw/mqdefault.jpg
6dc75ab227e34c928598bde8f2d324bf,39792,【short】龍山寺之花的生活與辛酸～🦁 #shorts #short #vtuber #vtuberclip #vtuber精華 #海克莉絲 #hercules,2024-03-23T03:00:37Z,https://www.youtube.com/watch?v=wvXIe625E8g,https://i.ytimg.com/vi/wvXIe625E8g/mqdefault.jpg
d837e8fda137492c9d77882b98ff863a,39428,我媽是怎麼發現我在當Vtuber的？ 超瞎故事！#台v #vtuber #真理果,2024-03-23T09:30:14Z,https://www.youtube.com/watch?v=nVibBJfA7y4,https://i.ytimg.com/vi/nVibBJfA7y4/mqdefault.jpg
310862830fb648b78cca7e581e2622a7,39330,◆ 加班台DAY133 ◆ 先吃個飯小聊等等自虐環節 // !加班 !周邊 !抽獎 //【赤羽亞矢】,2024-03-26T12:10:30Z,https://www.twitch.tv/videos/2101926458,https://static-cdn.jtvnw.net/cf_vods/d3vd9lfkzbru3h/2563b0a6441129346461_ayaakahane_41172512455_1711455023//thumb/thumb0-%{width}x%{height}.jpg
d837e8fda137492c9d77882b98ff863a,39206,Vtuber被觀眾嫌棄、大家都只想聽姪女迷你果的奶音！ #vtuber #台v,2024-03-19T09:30:07Z,https://www.youtube.com/watch?v=Nj75p1p2R5Q,https://i.ytimg.com/vi/Nj75p1p2R5Q/mqdefault.jpg
334133534368487780dfa99b7c9f5949,39177,一分鐘學會薯餅 🥔 #cooking #lifestyle #vtuber,2024-03-19T06:00:24Z,https://www.youtube.com/watch?v=zsDjkHVUG98,https://i.ytimg.com/vi/zsDjkHVUG98/mqdefault.jpg
310862830fb648b78cca7e581e2622a7,38999,◆ 加班台DAY127 ◆ 吃個晚餐再入城嗎? // !加班 !周邊 !抽獎 //【赤羽亞矢】,2024-03-17T11:04:10Z,https://www.twitch.tv/videos/2093352785,https://static-cdn.jtvnw.net/cf_vods/d3vd9lfkzbru3h/e1788e14a7ec8306a0a6_ayaakahane_41148660599_1710673445//thumb/thumb0-%{width}x%{height}.jpg
f99b7c49c1c8472681987ac2d1ff87bc,38880,星期一休息小開一下 !瑞杏盃 !日程 !VPN,2024-03-11T11:23:56Z,https://www.twitch.tv/videos/2087642708,https://static-cdn.jtvnw.net/cf_vods/d3vd9lfkzbru3h/13c16d508c1843a1a102_restiafps_41132629863_1710156229//thumb/thumb0-%{width}x%{height}.jpg
f99b7c49c1c8472681987ac2d1ff87bc,38479,先扁人再想想要做什麼 !瑞杏盃 !日程 !VPN,2024-03-05T11:59:57Z,https://www.twitch.tv/videos/2081859472,https://static-cdn.jtvnw.net/cf_vods/d3vd9lfkzbru3h/d95ee888fe2b675821b6_restiafps_41117578327_1709639992//thumb/thumb0-%{width}x%{height}.jpg
bafb134fd2f849898d6242d1f5f683cc,38427,偽物人間40号 - ¿?shimon／涅默Nemesis ft. @HibikiVtuber【Cover】,2024-03-01T12:00:10Z,https://www.youtube.com/watch?v=5zx923nwuC0,https://i.ytimg.com/vi/5zx923nwuC0/mqdefault.jpg
f6a4e7aa8d0c4e5cb39d199845ec4d02,38420,【杏仁ミル】這次有老師，再學不會刪遊戲  | !周邊 !3C @vtuber_amiru,2024-03-19T11:38:17Z,https://www.twitch.tv/videos/2095219643,https://static-cdn.jtvnw.net/cf_vods/d3vd9lfkzbru3h/58dc82d0d2a6b660e971_vtuber_amiru_41153824391_1710848289//thumb/thumb0-%{width}x%{height}.jpg
6bd49f94afb144e995247388ca8c42a8,38350,【橙Yuzumi】【中/日】17:00 瑞杏杯 超級大美男猛女宇宙劈哩啪啦超酷炫隊  ｜ @yuzumi_neon  !LINE貼圖 !瑞杏杯 !主台,2024-03-17T09:12:33Z,https://www.twitch.tv/videos/2093307999,https://static-cdn.jtvnw.net/cf_vods/d3vd9lfkzbru3h/3fbb057f5d0ef99ca83b_yuzumi_neon_41148405431_1710666747//thumb/thumb0-%{width}x%{height}.jpg
6dc75ab227e34c928598bde8f2d324bf,38340,【short】這隻獅子再不出門遲早被全台灣唾棄ｗ🦁 #shorts #short #vtuber #vtuberclip #vtuber精華 #海克莉絲 #hercules,2024-03-22T03:00:07Z,https://www.youtube.com/watch?v=8qpEd6SldyI,https://i.ytimg.com/vi/8qpEd6SldyI/mqdefault.jpg
d837e8fda137492c9d77882b98ff863a,38199,只要+1訂閱就+1分鐘的壺男耐久。1 SUB = 1 MIN #gettingoverit,2024-03-05T18:38:35Z,https://www.youtube.com/watch?v=FPV9jiTdx7E,https://i.ytimg.com/vi/FPV9jiTdx7E/mqdefault.jpg
f6a4e7aa8d0c4e5cb39d199845ec4d02,38135,【杏仁ミル】廢棄之城 黎殤 中二小屁孩  | !周邊 !3C @vtuber_amiru,2024-03-06T11:44:34Z,https://www.twitch.tv/videos/2082784912,https://static-cdn.jtvnw.net/cf_vods/d3vd9lfkzbru3h/bd20596f1903177821a6_vtuber_amiru_41120005159_1709725467//thumb/thumb0-%{width}x%{height}.jpg
9d9c6477329245cbb2557895f4f15686,38082,/ᐠ. ̫ .ᐟ\ 0315 你好香啊 ꔫ 滑鼠游標在dc公告給大家使用 !比賽 .ᐟ.ᐟ 新動態桌布在DC股東大會 ⸜♡⸝ ✿ !LINE !周邊 !DC !COVER,2024-03-16T04:52:32Z,https://www.twitch.tv/videos/2092183216,https://static-cdn.jtvnw.net/cf_vods/d3vd9lfkzbru3h/d088e84d38cb311eee1e_iitifox_41145033623_1710564747//thumb/thumb0-%{width}x%{height}.jpg
15c9a54b946a40c38c07ea2f9efddfa5,38043,AMIT - 母系社會｜煌Kirali【Cover】feat.@ringbandtw,2024-03-08T13:53:16Z,https://www.youtube.com/watch?v=bSVz7Gg56dw,https://i.ytimg.com/vi/bSVz7Gg56dw/mqdefault.jpg
6dc75ab227e34c928598bde8f2d324bf,38034,【short】KTV包廂裡那不能說的秘密！🦁 #shorts #short #vtuber #vtuberclip #vtuber精華 #海克莉絲 #hercules,2024-03-10T03:00:22Z,https://www.youtube.com/watch?v=hg6dtzo1zmU,https://i.ytimg.com/vi/hg6dtzo1zmU/mqdefault.jpg
f99b7c49c1c8472681987ac2d1ff87bc,37989,GTA末日喪尸RP 我要調作息 !瑞杏盃 !日程 !VPN,2024-03-13T11:08:29Z,https://www.twitch.tv/videos/2089478324,https://static-cdn.jtvnw.net/cf_vods/d3vd9lfkzbru3h/0b1b9b05b64510b46033_restiafps_41137690487_1710328102//thumb/thumb0-%{width}x%{height}.jpg
5535c9524eb046c38e172ebfa06b302f,37946,【星穹鐵道】🚀姬子 [培養全攻略]▸虛構敘事還不能滿星？快練起永遠的姬子老師！追擊×灼燒×超爽收割群傷！遺器｜配隊｜畢業面板｜星魂推薦｜機制解析 ▹璐洛洛◃,2024-03-12T13:30:07Z,https://www.youtube.com/watch?v=wZ16RQuKjl4,https://i.ytimg.com/vi/wZ16RQuKjl4/mqdefault.jpg
9d9c6477329245cbb2557895f4f15686,37831,/ᐠ. ̫ .ᐟ\ 0326 好熱好熱 晚上八點連動 .ᐟ.ᐟ  晚點RP ⸜♡⸝ 新動態桌布在DC股東大會  ✿ !LINE !周邊 !DC !COVER,2024-03-26T07:32:00Z,https://www.twitch.tv/videos/2101831565,https://static-cdn.jtvnw.net/cf_vods/d3vd9lfkzbru3h/1b9df7e684ac6db195f8_iitifox_41171834839_1711438314//thumb/thumb0-%{width}x%{height}.jpg
310862830fb648b78cca7e581e2622a7,37821,◆ 加班台DAY124 ◆ 大家都在SF6我手好癢，晚點再入城 // !加班 !周邊 !抽獎 //【赤羽亞矢】,2024-03-14T11:00:35Z,https://www.twitch.tv/videos/2090402373,https://static-cdn.jtvnw.net/cf_vods/d3vd9lfkzbru3h/8277986948d4b3a732c2_ayaakahane_41140328359_1710414028//thumb/thumb0-%{width}x%{height}.jpg
fd6a0236861940389e15ef85b16c6069,37709,烟花－0305－又忙到晚上後偷睡一下起來嚕 Hehe | !加班 !比賽 ꜀(^. .^꜀ )꜆੭,2024-03-05T07:50:02Z,https://www.twitch.tv/videos/2081777214,https://static-cdn.jtvnw.net/cf_vods/d3vd9lfkzbru3h/93a19bfc29acadc13e80_hennie2001_41117003255_1709624996//thumb/thumb0-%{width}x%{height}.jpg
f99b7c49c1c8472681987ac2d1ff87bc,37621,TGS Rust最後一天攻城戰 !TGS !日程 !VPN,2024-03-02T07:52:24Z,https://www.twitch.tv/videos/2078851181,https://static-cdn.jtvnw.net/cf_vods/d3vd9lfkzbru3h/c4143dc837dedfa11c70_restiafps_41109546983_1709365938//thumb/thumb0-%{width}x%{height}.jpg
b4a1791208fd4d85b7b08ee2bad0c236,37461,【直式直播】為你做晚餐！#shorts #vtuber #瑪格麗特諾爾絲 #料理,2024-03-27T13:18:03Z,https://www.youtube.com/watch?v=IuqBP-ld1AU,https://i.ytimg.com/vi/IuqBP-ld1AU/mqdefault.jpg
e93bd1102e214cbaa71cc5b2e4a53595,37128,﹝中/日ok﹞去找小鹿聊聊天，晚點APEX啟動！ ░ @earendelxdfp !指令 !隊友,2024-02-28T12:09:55Z,https://www.twitch.tv/videos/2076066720,https://static-cdn.jtvnw.net/cf_vods/d3vd9lfkzbru3h/d6c28fd0f329e5a38dd9_earendelxdfp_41102668807_1709122191//thumb/thumb0-%{width}x%{height}.jpg
4544974bc5624035ae7bb0c9ed33e44e,37065,【官方歌回剪輯】獻給親愛的BO鼠，我在課金。【瓦西瓦瓦 / Vaswawa】,2024-03-09T04:00:04Z,https://www.youtube.com/watch?v=DaVpyOi5WyM,https://i.ytimg.com/vi/DaVpyOi5WyM/mqdefault.jpg
6dc75ab227e34c928598bde8f2d324bf,36674,【short】痛苦二選一！終極大車拼！御姊和小妹的最終選擇！🦁 #shorts #short #vtuber #vtuberclip #vtuber精華 #海克莉絲 #hercules,2024-03-20T03:00:17Z,https://www.youtube.com/watch?v=NZXGoJP8LTU,https://i.ytimg.com/vi/NZXGoJP8LTU/mqdefault.jpg
f99b7c49c1c8472681987ac2d1ff87bc,36665,「瑞杏盃」VALORANT特戰英豪 實況主 X Vtuber大賽,2024-03-17T19:20:09Z,https://www.youtube.com/watch?v=FPpjeDTG95s,https://i.ytimg.com/vi/FPpjeDTG95s/mqdefault.jpg
9d9c6477329245cbb2557895f4f15686,36190,/ᐠ. ̫ .ᐟ\ 0307 晚上團練 緊張緊張 !比賽 .ᐟ.ᐟ 新動態桌布在DC股東大會 ⸜♡⸝ ✿ !LINE !周邊 !DC !COVER,2024-03-07T07:39:48Z,https://www.twitch.tv/videos/2083632326,https://static-cdn.jtvnw.net/cf_vods/d3vd9lfkzbru3h/c9e882570d52ab742f6c_iitifox_41121938439_1709797180//thumb/thumb0-%{width}x%{height}.jpg
b4a1791208fd4d85b7b08ee2bad0c236,35828,VTuber 料理大賽 #shorts  #vtuber #瑪格麗特諾爾絲#灰妲 #洛可洛斯特,2024-03-09T07:31:44Z,https://www.youtube.com/watch?v=uztAogwpt_I,https://i.ytimg.com/vi/uztAogwpt_I/mqdefault.jpg
6dc75ab227e34c928598bde8f2d324bf,35590,【short】貓科哈扣的特殊排軟方式？！🦁 #shorts #short #vtuber #vtuberclip #vtuber精華 #海克莉絲 #hercules,2024-03-09T03:00:11Z,https://www.youtube.com/watch?v=Nz31-fG1-TA,https://i.ytimg.com/vi/Nz31-fG1-TA/mqdefault.jpg
f6a4e7aa8d0c4e5cb39d199845ec4d02,35481,【杏仁ミル】瑞杏盃今天選秀  | !周邊 !3C @vtuber_amiru,2024-03-01T12:14:03Z,https://www.twitch.tv/videos/2077940702,https://static-cdn.jtvnw.net/cf_vods/d3vd9lfkzbru3h/617ade2318396cc8ea36_vtuber_amiru_41107507191_1709295239//thumb/thumb0-%{width}x%{height}.jpg
7c06b9e316ce4ac18ce836cd72442bbe,35174,花ざかりWeekend✿／浠Mizuki × KSP × Leggy x 杏仁ミル【歌ってみた】,2024-03-08T12:00:06Z,https://www.youtube.com/watch?v=1H3l-bGxh2w,https://i.ytimg.com/vi/1H3l-bGxh2w/mqdefault.jpg
f99b7c49c1c8472681987ac2d1ff87bc,35030,【Restia精華】Kirali vs 厄倫蒂兒! 高爾夫球遊戲白給爐主之爭!,2024-03-02T04:00:15Z,https://www.youtube.com/watch?v=bTP9SzvFkbA,https://i.ytimg.com/vi/bTP9SzvFkbA/mqdefault.jpg
265a18972d244affae35711cfd1f9931,35002,🐙15萬耐久🐙TAKOASMR：舔耳貼貼向  陪姐姐一起度過這個開心時刻好嗎❤️15萬大成功睡覺囉 【3D配信】【MiroLive/塔芭絲可】,2024-03-23T05:27:36Z,https://www.youtube.com/watch?v=r3mOgWE49Wo,https://i.ytimg.com/vi/r3mOgWE49Wo/mqdefault.jpg
f99b7c49c1c8472681987ac2d1ff87bc,34816,【Restia精華】抄襲、騙氪、換皮、為什麼過了十年手遊市場還是完全沒有進步? 實況聊聊遊戲產業的一些行為現象!,2024-03-27T04:11:00Z,https://www.youtube.com/watch?v=4lSO3UKHfJ8,https://i.ytimg.com/vi/4lSO3UKHfJ8/mqdefault.jpg
3681a0b4e4bd48888473b1884f6ee420,34683,女生喜歡的類型？ (反串要註明) #台v #比鄰星域 #台灣vtuber  #vtuber精華 #vtuber中文,2024-03-19T11:00:07Z,https://www.youtube.com/watch?v=MqAYY9wWo1k,https://i.ytimg.com/vi/MqAYY9wWo1k/mqdefault.jpg
6dc75ab227e34c928598bde8f2d324bf,34571,【short】日本人童心未泯因為他們愛玩玩具～🦁 #shorts #short #vtuber #vtuberclip #vtuber精華 #海克莉絲 #hercules,2024-03-28T03:00:13Z,https://www.youtube.com/watch?v=UpA7GKIS9PU,https://i.ytimg.com/vi/UpA7GKIS9PU/mqdefault.jpg
a9b855767b2d432c9f263e3427ff33a6,34523,Loveit? / 埃穆亞OUMUA.cover【歌ってみた】,2024-03-21T14:30:07Z,https://www.youtube.com/watch?v=-IAk7jnRtDY,https://i.ytimg.com/vi/-IAk7jnRtDY/mqdefault.jpg
f99b7c49c1c8472681987ac2d1ff87bc,34425,【瑞杏盃 VALORANT】好色喔Crazyface! 怎麼有個變態夜戮一直摸Vtuber屁股啊?! 鹿比心態直接崩了,2024-03-24T04:00:35Z,https://www.youtube.com/watch?v=uLyywwT1bso,https://i.ytimg.com/vi/uLyywwT1bso/mqdefault.jpg
6dc75ab227e34c928598bde8f2d324bf,34369,【short】痛苦二選一！幽幻導師 VS 富田姐妹花？！🦁 #shorts #short #vtuber #vtuberclip #vtuber精華 #海克莉絲 #hercules,2024-03-17T03:00:37Z,https://www.youtube.com/watch?v=zEsNQpT0kpk,https://i.ytimg.com/vi/zEsNQpT0kpk/mqdefault.jpg
0641a9c8b9a94994aaa33e0c86fef75b,34364,我這個解法應該是最好的ㄌ吧⋯⋯⋯⋯ #vtuber #shorts #台V #vtuberclip #vtuber中文 #kuromu,2024-03-13T11:45:58Z,https://www.youtube.com/watch?v=-tG4PsLb3so,https://i.ytimg.com/vi/-tG4PsLb3so/mqdefault.jpg
9d9c6477329245cbb2557895f4f15686,34362,/ᐠ. ̫ .ᐟ\ 0317 17:00 瑞杏盃 ꔫ 滑鼠游標在dc公告給大家使用 !比賽 .ᐟ.ᐟ 新動態桌布在DC股東大會 ⸜♡⸝ ✿ !LINE !周邊 !DC !COVER,2024-03-17T05:39:20Z,https://www.twitch.tv/videos/2093222081,https://static-cdn.jtvnw.net/cf_vods/d3vd9lfkzbru3h/d43ef3a25fb061dd4fca_iitifox_41147933239_1710653955//thumb/thumb0-%{width}x%{height}.jpg
6bd49f94afb144e995247388ca8c42a8,34146,【橙Yuzumi】【中/日】 廢棄之城 入城 ｜ @yuzumi_neon  !LINE貼圖 !RP,2024-03-06T11:02:58Z,https://www.twitch.tv/videos/2082769644,https://static-cdn.jtvnw.net/cf_vods/d3vd9lfkzbru3h/0bdf1b2360a0b8442ab3_yuzumi_neon_41119879863_1709722973//thumb/thumb0-%{width}x%{height}.jpg
6dc75ab227e34c928598bde8f2d324bf,34040,【shorts】你知道嗎?? 7成螞蟻跟你一樣都是可撥社畜?!  🦁 #shorts #short #vtuber #vtuberclip #vtuber精華 #海克莉絲 #hercules,2024-03-04T03:00:18Z,https://www.youtube.com/watch?v=J-WfARsRIVA,https://i.ytimg.com/vi/J-WfARsRIVA/mqdefault.jpg
f99b7c49c1c8472681987ac2d1ff87bc,33950,一天兩開 !VPN,2024-03-20T18:07:37Z,https://www.twitch.tv/videos/2096395410,https://static-cdn.jtvnw.net/cf_vods/d3vd9lfkzbru3h/020ade6b6cc5179b08ad_restiafps_41157565447_1710958051//thumb/thumb0-%{width}x%{height}.jpg
310862830fb648b78cca7e581e2622a7,33631,◆ 加班台DAY130 ◆ 廢棄之城-亞梅蝶 末日生存 // !加班 !周邊 !抽獎 //【赤羽亞矢】,2024-03-21T11:02:20Z,https://www.twitch.tv/videos/2097058309,https://static-cdn.jtvnw.net/cf_vods/d3vd9lfkzbru3h/78d657fa4dd442aa733b_ayaakahane_41158979815_1711018934//thumb/thumb0-%{width}x%{height}.jpg
310862830fb648b78cca7e581e2622a7,33519,◆ 加班台DAY130 ◆ 廢棄之城-亞梅蝶 Day13我的末日會如何發展呢? // !加班 !周邊 !抽獎 //【赤羽亞矢】,2024-03-22T11:06:49Z,https://www.twitch.tv/videos/2097972080,https://static-cdn.jtvnw.net/cf_vods/d3vd9lfkzbru3h/86a89ab5db6b4fb17079_ayaakahane_41161573031_1711105604//thumb/thumb0-%{width}x%{height}.jpg
312fdd3c5e6d4aefa73fd3860ecc5613,33466,【歌回LA】點歌回🕊️歌單更新LA #shorts #縦型配信 #森森鈴蘭,2024-02-29T14:53:11Z,https://www.youtube.com/watch?v=tNx5LLWkc5M,https://i.ytimg.com/vi/tNx5LLWkc5M/mqdefault.jpg
8bf35c3b9a9e461d825a9170555b71c2,32739,【澪Rei】現在窩是鐵牌三  !YT !通販 !LINE !DC 中文/Eng/日本語,2024-03-17T05:54:50Z,https://www.twitch.tv/videos/2093229503,https://static-cdn.jtvnw.net/cf_vods/d3vd9lfkzbru3h/58e62b6a44ccbe9cd487_reirei_neon_41147966295_1710654884//thumb/thumb0-%{width}x%{height}.jpg
1ccdbe5d48934f4cbabc86512dd1d357,32667,【cosplay歌回】覺得唱歌的人很可愛的話請按下喜歡喔！【日籍台V】,2024-03-23T09:24:10Z,https://www.youtube.com/watch?v=2PJ0T1ERFOo,https://i.ytimg.com/vi/2PJ0T1ERFOo/mqdefault.jpg
310862830fb648b78cca7e581e2622a7,32544,◆ 加班台DAY125 ◆ 廢棄之城-亞梅蝶 社恐日 // !加班 !周邊 !抽獎 //【赤羽亞矢】,2024-03-15T11:47:34Z,https://www.twitch.tv/videos/2091352076,https://static-cdn.jtvnw.net/cf_vods/d3vd9lfkzbru3h/05b394025be788bb4437_ayaakahane_41143139719_1710503249//thumb/thumb0-%{width}x%{height}.jpg
f99b7c49c1c8472681987ac2d1ff87bc,32315,【瑞杏盃 - 特戰英豪Valorant】隊長選秀大會  !瑞杏盃 !名單 !日程 !VPN,2024-03-01T15:11:05Z,https://www.youtube.com/watch?v=l1vcz7vAcK8,https://i.ytimg.com/vi/l1vcz7vAcK8/mqdefault.jpg
4544974bc5624035ae7bb0c9ed33e44e,31773,英文聽力測驗小技巧 #瓦西瓦瓦 #vaswawa,2024-03-23T04:00:08Z,https://www.youtube.com/watch?v=IQnlKF4hr2s,https://i.ytimg.com/vi/IQnlKF4hr2s/mqdefault.jpg
31f17632340f4e7fbd0ced07193dd81b,31605,【下廚】嘗試做 蘑菇濃湯 0廚藝被禁止進入廚房首次親自下廚做毒湯 (?  with 鳥居老師 (怕會把廚房搞爆先抓人陪)【達亞】,2024-03-26T14:50:17Z,https://www.youtube.com/watch?v=OyNQzOVyhCY,https://i.ytimg.com/vi/OyNQzOVyhCY/mqdefault.jpg
6bd49f94afb144e995247388ca8c42a8,31535,【橙Yuzumi】【中/日】廢棄之城 - 木登  ｜ @yuzumi_neon  !LINE貼圖 !人設 !rp,2024-03-24T12:29:49Z,https://www.twitch.tv/videos/2100041175,https://static-cdn.jtvnw.net/cf_vods/d3vd9lfkzbru3h/0c71e0961cb5f52ff25d_yuzumi_neon_41167471271_1711283384//thumb/thumb0-%{width}x%{height}.jpg
9d9c6477329245cbb2557895f4f15686,31460,/ᐠ. ̫ .ᐟ\ 0318 YAAY 滑鼠游標在dc公告給大家使用 .ᐟ.ᐟ 新動態桌布在DC股東大會 ⸜♡⸝ ✿ !LINE !周邊 !DC !COVER,2024-03-18T10:18:35Z,https://www.twitch.tv/videos/2094283108,https://static-cdn.jtvnw.net/cf_vods/d3vd9lfkzbru3h/62888a00bde82a3c2216_iitifox_41151052471_1710757107//thumb/thumb0-%{width}x%{height}.jpg
b6f68e0e323f45458752f3a7ec6a08f2,31232,【#縱型雜談】生日禮物開箱 2🐲✨ 晚安！蟀勾們送了什麼呢？我們繼續拆！🦗【月下香幽芳YuFang】,2024-03-22T18:58:20Z,https://www.youtube.com/watch?v=wnAKBpMA_Ms,https://i.ytimg.com/vi/wnAKBpMA_Ms/mqdefault.jpg
9d9c6477329245cbb2557895f4f15686,31178,/ᐠ. ̫ .ᐟ\ 0306 !比賽 .ᐟ.ᐟ 新動態桌布在DC股東大會 ⸜♡⸝ ✿ !LINE !周邊 !DC !COVER,2024-03-06T09:23:52Z,https://www.twitch.tv/videos/2082736604,https://static-cdn.jtvnw.net/cf_vods/d3vd9lfkzbru3h/8cbc339ed1175c11910a_iitifox_41119649079_1709717027//thumb/thumb0-%{width}x%{height}.jpg
6dc75ab227e34c928598bde8f2d324bf,30694,【short】不演了？車速太慢選擇直接開飛機？！🦁 #shorts #short #vtuber #vtuberclip #vtuber精華 #海克莉絲 #hercules,2024-03-27T03:00:10Z,https://www.youtube.com/watch?v=KO9FlAE1xRM,https://i.ytimg.com/vi/KO9FlAE1xRM/mqdefault.jpg
312fdd3c5e6d4aefa73fd3860ecc5613,30614,唱LA🎤 #shorts #縦型配信 #森森鈴蘭,2024-03-09T13:52:05Z,https://www.youtube.com/watch?v=3md6ph5zU9o,https://i.ytimg.com/vi/3md6ph5zU9o/mqdefault.jpg
b4a1791208fd4d85b7b08ee2bad0c236,30441,【直式直播】Vtuber的龍鬚糖初體驗！#shorts #vtuber #瑪格麗特諾爾絲 #龍鬚糖,2024-03-19T15:22:26Z,https://www.youtube.com/watch?v=IqlOA6gKWe4,https://i.ytimg.com/vi/IqlOA6gKWe4/mqdefault.jpg
ba59bb31bbcd4cf3a481c4cf72918fb0,30330,【廣東話極限rap😤】Bling-Bang-Bang-Born【米亞Mya】,2024-03-09T04:00:06Z,https://www.youtube.com/watch?v=pZh1E4rQZcc,https://i.ytimg.com/vi/pZh1E4rQZcc/mqdefault.jpg
9d9c6477329245cbb2557895f4f15686,30327,/ᐠ. ̫ .ᐟ\ 0303 晚上七點暮光邀請盃 !比賽 .ᐟ.ᐟ 新動態桌布在DC股東大會 ⸜♡⸝ ✿ !LINE !周邊 !DC !COVER,2024-03-03T07:43:42Z,https://www.twitch.tv/videos/2079889094,https://static-cdn.jtvnw.net/cf_vods/d3vd9lfkzbru3h/8b2946c31b1611b6bf02_iitifox_41112192887_1709451817//thumb/thumb0-%{width}x%{height}.jpg
6dc75ab227e34c928598bde8f2d324bf,30071,【short】原來獅子也會吃瓜？！🦁 #shorts #short #vtuber #vtuberclip #vtuber精華 #海克莉絲 #hercules,2024-03-07T03:00:27Z,https://www.youtube.com/watch?v=Y9Fe5ig9rm8,https://i.ytimg.com/vi/Y9Fe5ig9rm8/mqdefault.jpg
9d9c6477329245cbb2557895f4f15686,29567,/ᐠ. ̫ .ᐟ\ 0323 2點連動 ⸜♡⸝ 滑鼠游標在dc公告給大家使用 .ᐟ.ᐟ 新動態桌布在DC股東大會  ✿ !LINE !周邊 !DC !COVER,2024-03-23T04:00:02Z,https://www.twitch.tv/videos/2098781598,https://static-cdn.jtvnw.net/cf_vods/d3vd9lfkzbru3h/a1086c4da0013b4408ec_iitifox_41163467911_1711166396//thumb/thumb0-%{width}x%{height}.jpg
f99b7c49c1c8472681987ac2d1ff87bc,29408,尋求瓦羅蘭好朋友 在那之前先快打一下 !VPN,2024-03-26T12:19:17Z,https://www.twitch.tv/videos/2101930480,https://static-cdn.jtvnw.net/cf_vods/d3vd9lfkzbru3h/451426a3a8769650c830_restiafps_41172544327_1711455550//thumb/thumb0-%{width}x%{height}.jpg
f99b7c49c1c8472681987ac2d1ff87bc,29363,有點累的快打 歡迎朋友們50++ !VPN,2024-03-27T11:58:55Z,https://www.twitch.tv/videos/2102856892,https://static-cdn.jtvnw.net/cf_vods/d3vd9lfkzbru3h/f9ea7a53f7c6af1024cc_restiafps_41175143607_1711540728//thumb/thumb0-%{width}x%{height}.jpg
f6a4e7aa8d0c4e5cb39d199845ec4d02,29122,【杏仁ミル】8點蜘蛛人 | !周邊 !3C @vtuber_amiru,2024-03-27T11:55:34Z,https://www.twitch.tv/videos/2102855234,https://static-cdn.jtvnw.net/cf_vods/d3vd9lfkzbru3h/aeb53f4f817fe48e7f49_vtuber_amiru_41175128407_1711540529//thumb/thumb0-%{width}x%{height}.jpg
b6f68e0e323f45458752f3a7ec6a08f2,29108,【#縱型歌雜】午安🐲 大過敏龍今天還是想要來練練歌唱唱曲【月下香幽芳YuFang】,2024-03-06T12:03:20Z,https://www.youtube.com/watch?v=0r-eEfOXBZ0,https://i.ytimg.com/vi/0r-eEfOXBZ0/mqdefault.jpg
b6f68e0e323f45458752f3a7ec6a08f2,28944,【#縱型雜談】龍來呷甜 🐲✨午安！昨天法環玩太晚，熬夜太多天，只好來吃甜點【月下香幽芳YuFang】,2024-03-10T09:14:22Z,https://www.youtube.com/watch?v=EuX2sHp8qCI,https://i.ytimg.com/vi/EuX2sHp8qCI/mqdefault.jpg
d837e8fda137492c9d77882b98ff863a,28932,筷子長香菇我媽還拿來繼續用？！ #台v #vtuber #真理果,2024-03-21T09:30:19Z,https://www.youtube.com/watch?v=hswMMCkltyI,https://i.ytimg.com/vi/hswMMCkltyI/mqdefault.jpg
2694a505a0e0441bb99b49e8ce1f7473,28861,【3/8】團練一下｜紅包活動記得填表單抽獎 !紅包｜!RP !瑞杏盃 !yt !綠界 !會員 !7tv !指令,2024-03-08T10:38:00Z,https://www.twitch.tv/videos/2084614986,https://static-cdn.jtvnw.net/cf_vods/d3vd9lfkzbru3h/d68b73f7371707b6dbc1_kannazukilubee_41124769463_1709894272//thumb/thumb0-%{width}x%{height}.jpg
2694a505a0e0441bb99b49e8ce1f7473,28852,【3/13】廢棄之城 10點有漆彈大賽！ 鹿特波斯不知道DAY幾｜紅包活動記得填表單抽獎 !紅包 3/15 截止＆抽獎｜!RP !瑞杏盃 !yt !綠界 !會員 !7tv !指令,2024-03-13T13:50:21Z,https://www.twitch.tv/videos/2089556662,https://static-cdn.jtvnw.net/cf_vods/d3vd9lfkzbru3h/5fa3c879e6bb9b377a20_kannazukilubee_41138292887_1710337816//thumb/thumb0-%{width}x%{height}.jpg
b6f68e0e323f45458752f3a7ec6a08f2,28789,【#縱型雜談】龍來呷甜 🐲✨ 早安！明天就可以買龍鬚糖團購了！期待🦗【月下香幽芳YuFang】,2024-03-24T08:24:33Z,https://www.youtube.com/watch?v=hsJZm8wiyV4,https://i.ytimg.com/vi/hsJZm8wiyV4/mqdefault.jpg
f6a4e7aa8d0c4e5cb39d199845ec4d02,28655,【杏仁ミル】睡醒ㄌ  | !周邊 !3C @vtuber_amiru,2024-03-10T15:02:51Z,https://www.twitch.tv/videos/2086835330,https://static-cdn.jtvnw.net/cf_vods/d3vd9lfkzbru3h/bc0cb9b9a8e76ee2efc3_vtuber_amiru_41130906775_1710082966//thumb/thumb0-%{width}x%{height}.jpg
f99b7c49c1c8472681987ac2d1ff87bc,28444,【瑞杏盃 VALORANT】誰都沒想到的比分!? 乖兒子跟Crazyface被Kant讀到屁股裡去啦! 瑞杏盃小組賽第二輪精華,2024-03-23T04:00:16Z,https://www.youtube.com/watch?v=IZhFWQkkWHg,https://i.ytimg.com/vi/IZhFWQkkWHg/mqdefault.jpg
9d9c6477329245cbb2557895f4f15686,28339,/ᐠ. ̫ .ᐟ\ 0315 你好香啊 ꔫ 滑鼠游標在dc公告給大家使用 !比賽 .ᐟ.ᐟ 新動態桌布在DC股東大會 ⸜♡⸝ ✿ !LINE !周邊 !DC !COVER,2024-03-15T09:49:51Z,https://www.twitch.tv/videos/2091309485,https://static-cdn.jtvnw.net/cf_vods/d3vd9lfkzbru3h/d72689a9803a362f5dba_iitifox_41142818727_1710496185//thumb/thumb0-%{width}x%{height}.jpg
fa5a7cdc259543259af42bb23f1e4041,28334,看到男友被口 #Vtuber #vtuberclips #台v精華 #515,2024-03-15T09:05:18Z,https://www.youtube.com/watch?v=LXpPun6vSYs,https://i.ytimg.com/vi/LXpPun6vSYs/mqdefault.jpg
f6a4e7aa8d0c4e5cb39d199845ec4d02,28305,【杏仁ミル】今天肚子痛 小開  | !周邊 !3C @vtuber_amiru,2024-03-12T11:02:46Z,https://www.twitch.tv/videos/2088544676,https://static-cdn.jtvnw.net/cf_vods/d3vd9lfkzbru3h/3df1cefe74d68054805d_vtuber_amiru_41135072759_1710241359//thumb/thumb0-%{width}x%{height}.jpg
4544974bc5624035ae7bb0c9ed33e44e,28264,直接在BO鼠面前唱爆『我在課金』 #瓦西瓦瓦 #vaswawa,2024-03-09T04:00:05Z,https://www.youtube.com/watch?v=IqcDAxcgfXk,https://i.ytimg.com/vi/IqcDAxcgfXk/mqdefault.jpg
6c872a4043b84e4493877a42af684d1d,28218,如果有這麼一個女人..你會怎麼對她 #台V #vtuber #台v精華 #Vtuberclip #銀河galaxy #vtuber中文 #台vtuber #shorts,2024-02-28T10:29:00Z,https://www.youtube.com/watch?v=cWG_HZlZ7GM,https://i.ytimg.com/vi/cWG_HZlZ7GM/mqdefault.jpg
e93bd1102e214cbaa71cc5b2e4a53595,28165,﹝中/日ok﹞19:00 BB兵團出動！ft. BB / 鹿比 / Restia / 瓜 / YUZUMI / 烟花 ░ @earendelxdfp !指令 !隊友 !RP,2024-03-21T10:53:21Z,https://www.twitch.tv/videos/2097054715,https://static-cdn.jtvnw.net/cf_vods/d3vd9lfkzbru3h/e29228b06f7b4131dbb0_earendelxdfp_41158950231_1711018396//thumb/thumb0-%{width}x%{height}.jpg
9d9c6477329245cbb2557895f4f15686,28113,/ᐠ. ̫ .ᐟ\ 0324 哇咧 ⸜♡⸝ 滑鼠游標在dc公告給大家使用 .ᐟ.ᐟ 新動態桌布在DC股東大會  ✿ !LINE !周邊 !DC !COVER,2024-03-24T04:56:03Z,https://www.twitch.tv/videos/2099840160,https://static-cdn.jtvnw.net/cf_vods/d3vd9lfkzbru3h/3c5a1fbbfa25934faafe_iitifox_41166366695_1711256157//thumb/thumb0-%{width}x%{height}.jpg
2741a90689f342548daad7f760b0a8f7,28104,【台語歌回】希翁醫院旅行團出發【希翁／Chion】,2024-03-03T17:28:54Z,https://www.youtube.com/watch?v=M577ggNBphE,https://i.ytimg.com/vi/M577ggNBphE/mqdefault.jpg
f99b7c49c1c8472681987ac2d1ff87bc,28093,先跟大家別挨餓 0:00看特戰大師賽決賽 !VPN,2024-03-24T15:49:20Z,https://www.twitch.tv/videos/2100181592,https://static-cdn.jtvnw.net/cf_vods/d3vd9lfkzbru3h/a87eb16b917bc46a28f3_restiafps_41168059735_1711295354//thumb/thumb0-%{width}x%{height}.jpg
334133534368487780dfa99b7c9f5949,27961,30秒學會椒鹽茄子 🍆 #cooking #lifestyle #vtuber,2024-03-11T06:33:04Z,https://www.youtube.com/watch?v=qdSwHy6RF98,https://i.ytimg.com/vi/qdSwHy6RF98/mqdefault.jpg
fa5a7cdc259543259af42bb23f1e4041,27949,直播一個同性戀的生活 A gay’s life #shorts,2024-03-15T17:31:18Z,https://www.youtube.com/watch?v=XAoq245icMU,https://i.ytimg.com/vi/XAoq245icMU/mqdefault.jpg
f6a4e7aa8d0c4e5cb39d199845ec4d02,27881,【杏仁ミル】N皮 勿貪  @iitifox  @9qoq @kant0211 @kmomo_0512 | !周邊 !3C @vtuber_amiru,2024-03-03T12:05:50Z,https://www.twitch.tv/videos/2080003120,https://static-cdn.jtvnw.net/cf_vods/d3vd9lfkzbru3h/3cf56e3e53168da887a8_vtuber_amiru_41112811799_1709467545//thumb/thumb0-%{width}x%{height}.jpg
f6a4e7aa8d0c4e5cb39d199845ec4d02,27796,【杏仁ミル】小開一下  | !周邊 !3C @vtuber_amiru,2024-03-02T13:36:48Z,https://www.twitch.tv/videos/2079010050,https://static-cdn.jtvnw.net/cf_vods/d3vd9lfkzbru3h/1c1c7364f2877fb6a4ca_vtuber_amiru_41110462967_1709386600//thumb/thumb0-%{width}x%{height}.jpg
f6a4e7aa8d0c4e5cb39d199845ec4d02,27788,【杏仁ミル】晚上8點不挨餓  | !周邊 !3C @vtuber_amiru,2024-03-10T05:41:30Z,https://www.twitch.tv/videos/2086550138,https://static-cdn.jtvnw.net/cf_vods/d3vd9lfkzbru3h/33a9956fd522d6bd2aa5_vtuber_amiru_41129494999_1710049285//thumb/thumb0-%{width}x%{height}.jpg
c82ab1b4f8f64d1f84cae4ce09aa0dea,27496,Vtuber的辛酸 被迫開闢新市場 #Shorts,2024-03-08T10:00:13Z,https://www.youtube.com/watch?v=ByNL6ezWJcg,https://i.ytimg.com/vi/ByNL6ezWJcg/mqdefault.jpg
a000aa1d3ea7489c993277d33ab2457e,27483,【突發】早安!我作息越來越正常!來想一下下周要幹嘛⌇幻月Moondogs,2024-03-10T05:03:41Z,https://www.youtube.com/watch?v=zhPr52B5K6c,https://i.ytimg.com/vi/zhPr52B5K6c/mqdefault.jpg
9d9c6477329245cbb2557895f4f15686,27481,/ᐠ. ̫ .ᐟ\ 0304 睡了個精神滿滿的午覺 !比賽 .ᐟ.ᐟ 新動態桌布在DC股東大會 ⸜♡⸝ ✿ !LINE !周邊 !DC !COVER,2024-03-04T12:06:35Z,https://www.twitch.tv/videos/2080951965,https://static-cdn.jtvnw.net/cf_vods/d3vd9lfkzbru3h/f8028fa1e514817c8357_iitifox_41115171735_1709553990//thumb/thumb0-%{width}x%{height}.jpg
6dc75ab227e34c928598bde8f2d324bf,27391,【shorts】海豹媽的陰謀之海豹本人來看台?!   🦁 #shorts #short #vtuber #vtuberclip #vtuber精華 #海克莉絲 #hercules,2024-03-05T03:00:10Z,https://www.youtube.com/watch?v=R7VGHSECwhw,https://i.ytimg.com/vi/R7VGHSECwhw/mqdefault.jpg
67d348e6690c43729cce031e70a26645,27316,五點瑞杏盃 !比賽  3/12,2024-03-17T08:21:02Z,https://www.twitch.tv/videos/2093288601,https://static-cdn.jtvnw.net/cf_vods/d3vd9lfkzbru3h/215e363245caf9293b44_hakuzenyo_41148296503_1710663652//thumb/thumb0-%{width}x%{height}.jpg
58abad4aa8de49efb785367503dfd92c,27287,【耳舐めASMR】♡KISS慢熱哄睡♡耳奧舔耳♡精油按摩x含耳吐息♡DEEPEarEating EarLicking|耳はむ 、耳マッサージ 귀핥기| 黑3DIO KU100【野薔薇 Vtuber】,2024-03-16T19:11:17Z,https://www.youtube.com/watch?v=wwaWjDa_hNU,https://i.ytimg.com/vi/wwaWjDa_hNU/mqdefault.jpg
f99b7c49c1c8472681987ac2d1ff87bc,27280,【Restia瑞斯帝亞】跟D2一起打保齡球怎麼畫面完全長得不一樣?! #restia #瑞斯帝亞 #厄倫蒂兒,2024-03-26T04:00:28Z,https://www.youtube.com/watch?v=Z-MIqwVfLy4,https://i.ytimg.com/vi/Z-MIqwVfLy4/mqdefault.jpg
2694a505a0e0441bb99b49e8ce1f7473,27233,【3/6】先載個遊戲再廢棄之城啟動｜紅包活動記得填表單抽獎 !紅包｜!RP !瑞杏盃 !yt !綠界 !會員 !7tv !指令,2024-03-06T12:31:28Z,https://www.twitch.tv/videos/2082806375,https://static-cdn.jtvnw.net/cf_vods/d3vd9lfkzbru3h/a329d52f39988f0e1429_kannazukilubee_41120183959_1709728283//thumb/thumb0-%{width}x%{height}.jpg
9d9c6477329245cbb2557895f4f15686,27176,/ᐠ. ̫ .ᐟ\ 0319 晚上好哇 ⸜♡⸝ 滑鼠游標在dc公告給大家使用 .ᐟ.ᐟ 新動態桌布在DC股東大會  ✿ !LINE !周邊 !DC !COVER,2024-03-19T09:27:03Z,https://www.twitch.tv/videos/2095176287,https://static-cdn.jtvnw.net/cf_vods/d3vd9lfkzbru3h/8778699cb07d1e554bb7_iitifox_41153489783_1710840418//thumb/thumb0-%{width}x%{height}.jpg
d837e8fda137492c9d77882b98ff863a,27042,你會先笑還是我先笑出來？✧ 真理果 Marika,2024-02-28T12:38:23Z,https://www.youtube.com/watch?v=sRkuC38eDF4,https://i.ytimg.com/vi/sRkuC38eDF4/mqdefault.jpg
7a570b5273ae4e359a6491aba1313011,26958,3/14 ✬ 實況盟友紀念日♡ 來跟大家一起打日麻 觀眾場++ | 歌回累計活動開跑 @chloelancemay |  !轉盤 | !活動,2024-03-14T13:56:47Z,https://www.twitch.tv/videos/2090486443,https://static-cdn.jtvnw.net/cf_vods/d3vd9lfkzbru3h/d51cdfa74bd598b1732f_chloelancemay_41140986135_1710424602//thumb/thumb0-%{width}x%{height}.jpg
b6f68e0e323f45458752f3a7ec6a08f2,26740,【#縱型繪雜】畫龍點心 - 午安🐲  起床先來粗換，然後開畫2月最後爛盤兵限定的飯友!【月下香幽芳YuFang】,2024-03-09T10:07:49Z,https://www.youtube.com/watch?v=JdyS7Vaw5bw,https://i.ytimg.com/vi/JdyS7Vaw5bw/mqdefault.jpg
fd6a0236861940389e15ef85b16c6069,26737,"烟花－0326－先羊壽抽抽,明天瓦瓦羊💜訂閱插圖已在DC頻道🌟遊戲儲值找!魔儲 | !加班 !生日 ꜀(^. .^꜀ )꜆੭",2024-03-26T14:18:56Z,https://www.twitch.tv/videos/2101995197,https://static-cdn.jtvnw.net/cf_vods/d3vd9lfkzbru3h/5f7ef631ca9d66c9e304_hennie2001_41172976151_1711462730//thumb/thumb0-%{width}x%{height}.jpg
1b63d89e0b1a4b579de6d99e25eaff8f,26445,拆廟小故事(上)無神論的大舅 #Vtuber #貓祭 #shorts ​#祭庫shorts,2024-03-22T12:53:33Z,https://www.youtube.com/watch?v=AEU1EhP2iZM,https://i.ytimg.com/vi/AEU1EhP2iZM/mqdefault.jpg
31f17632340f4e7fbd0ced07193dd81b,26377,(((可能鎖會限))) 感冒用斯斯 窩感冒ㄌ....被迫早睡【達亞】,2024-03-17T03:10:17Z,https://www.youtube.com/watch?v=kg19tnW-a4g,https://i.ytimg.com/vi/kg19tnW-a4g/mqdefault.jpg
b4a1791208fd4d85b7b08ee2bad0c236,26321,到底誰用打呼聲在飆車啦！！！ #shorts  #vtuber #台v,2024-03-04T11:00:08Z,https://www.youtube.com/watch?v=5OnjrbbqjWM,https://i.ytimg.com/vi/5OnjrbbqjWM/mqdefault.jpg
f6a4e7aa8d0c4e5cb39d199845ec4d02,26248,還記得我嗎? 我是你最好的朋友杏仁咪嚕阿【#杏仁ミル】,2024-02-28T17:30:57Z,https://www.youtube.com/watch?v=osjAr5Bor7U,https://i.ytimg.com/vi/osjAr5Bor7U/mqdefault.jpg
310862830fb648b78cca7e581e2622a7,26222,◆ 加班台DAY121 ◆ 廢棄之城-亞梅蝶 末日財富自由是否錯了? // !加班 !周邊 !抽獎 //【赤羽亞矢】,2024-03-10T11:03:41Z,https://www.twitch.tv/videos/2086690469,https://static-cdn.jtvnw.net/cf_vods/d3vd9lfkzbru3h/8548745646baf74c4aa5_ayaakahane_41130178775_1710068614//thumb/thumb0-%{width}x%{height}.jpg
6943bbfc993443d4b3853833b3bb1a66,26195,你們這些人上課可不可以認真一點啊💩 #台灣vtuber #vtuber #台V #直播精華 #直播  #迷因 #迷因靈魂,2024-03-13T10:13:33Z,https://www.youtube.com/watch?v=h5fzWy8shVA,https://i.ytimg.com/vi/h5fzWy8shVA/mqdefault.jpg
cd42e06c40534d9eac7e30a434e47d43,26186,在日本的阿豹穿和服 竟然被要求拍照 !! 被當成日本妹子了XD #台灣vtuber#台灣vtuber #帕豹pabo #shorts #short,2024-03-04T00:00:12Z,https://www.youtube.com/watch?v=JNb1jTKGXLk,https://i.ytimg.com/vi/JNb1jTKGXLk/mqdefault.jpg
9d9c6477329245cbb2557895f4f15686,26155,/ᐠ. ̫ .ᐟ\ 0311 太冷了 給我抱抱 ꔫ滑鼠游標在dc公告給大家使用 !比賽 .ᐟ.ᐟ 新動態桌布在DC股東大會 ⸜♡⸝ ✿ !LINE !周邊 !DC !COVER,2024-03-11T11:47:44Z,https://www.twitch.tv/videos/2087651585,https://static-cdn.jtvnw.net/cf_vods/d3vd9lfkzbru3h/3c20fd023f7217878c13_iitifox_41132701351_1710157660//thumb/thumb0-%{width}x%{height}.jpg
a000aa1d3ea7489c993277d33ab2457e,26089,【早安配月】早安!補一下昨天的!!跟大家聊聊休假在幹嘛⌇幻月Moondogs,2024-03-09T06:22:30Z,https://www.youtube.com/watch?v=Y-oHYzaoJys,https://i.ytimg.com/vi/Y-oHYzaoJys/mqdefault.jpg
c04f006e69e04000a68cd0c41f888eb2,25967,【 Minecraft : 時空進化】1.16地獄大更新🔥緊張的地獄探險💀 | 接力生存第17棒 | Rluo Ch. 阿洛,2024-03-05T09:30:01Z,https://www.youtube.com/watch?v=5RKxBISvvAM,https://i.ytimg.com/vi/5RKxBISvvAM/mqdefault.jpg
bafb134fd2f849898d6242d1f5f683cc,25871,【03.22】買了新造型來用用看／!指令 !隊友,2024-03-22T09:29:58Z,https://www.twitch.tv/videos/2097939381,https://static-cdn.jtvnw.net/cf_vods/d3vd9lfkzbru3h/9c145b1d5bcda5e04cc4_nemesisxdfp_41161341111_1711099792//thumb/thumb0-%{width}x%{height}.jpg
2741a90689f342548daad7f760b0a8f7,25815,【吐了就下播】在房間開鯡魚罐頭做料理【希翁／Chion】,2024-02-29T14:00:58Z,https://www.youtube.com/watch?v=cQn55fyW1A8,https://i.ytimg.com/vi/cQn55fyW1A8/mqdefault.jpg
e069724ddab54dd690d6c3425574effd,25796,你有被問過嗎！今天我哪裡不一樣？#vtuber  #台灣vtuber #新人vtuber #shorts #short #台v #vtuber,2024-03-02T12:00:27Z,https://www.youtube.com/watch?v=UcF68Wxap88,https://i.ytimg.com/vi/UcF68Wxap88/mqdefault.jpg
6bd49f94afb144e995247388ca8c42a8,25610,【橙Yuzumi】【中/日】木登防守組  ｜ @yuzumi_neon  !LINE貼圖 !人設 !rp,2024-03-28T12:55:41Z,https://www.twitch.tv/videos/2103838333,https://static-cdn.jtvnw.net/cf_vods/d3vd9lfkzbru3h/eece72668d308e2c4dde_yuzumi_neon_41178215559_1711630536//thumb/thumb0-%{width}x%{height}.jpg
15c9a54b946a40c38c07ea2f9efddfa5,25575,【子午獎】子午計畫二週年，一起來慶祝頒獎吧！｜煌Kirali,2024-03-15T14:32:50Z,https://www.youtube.com/watch?v=GLsk2Cf3aqI,https://i.ytimg.com/vi/GLsk2Cf3aqI/mqdefault.jpg
f6a4e7aa8d0c4e5cb39d199845ec4d02,25466,【杏仁ミル】如果我連出九手都會掉下來，那就是天命  | !周邊 !3C @vtuber_amiru,2024-03-21T11:34:38Z,https://www.twitch.tv/videos/2097070304,https://static-cdn.jtvnw.net/cf_vods/d3vd9lfkzbru3h/0972655666443069bd5b_vtuber_amiru_41159078343_1711020871//thumb/thumb0-%{width}x%{height}.jpg
0641a9c8b9a94994aaa33e0c86fef75b,25463,生活中總是太多不小心ㄉ意外ㄌ⋯⋯ #vtuber #shorts #台V #vtuberclip #vtuber中文 #kuromu,2024-03-26T11:04:33Z,https://www.youtube.com/watch?v=51s3yvc2Ca0,https://i.ytimg.com/vi/51s3yvc2Ca0/mqdefault.jpg
f99b7c49c1c8472681987ac2d1ff87bc,24918,【瑞杏盃 VALORANT】真是太諷刺了肯特! 你居然被虧皮釘在了恥辱柱上?!,2024-03-25T04:06:38Z,https://www.youtube.com/watch?v=XEi9JKtVvqI,https://i.ytimg.com/vi/XEi9JKtVvqI/mqdefault.jpg
15c9a54b946a40c38c07ea2f9efddfa5,24877,【煌Kirali】等等比賽先獨自美麗,2024-03-17T07:04:02Z,https://www.twitch.tv/videos/2093259946,https://static-cdn.jtvnw.net/cf_vods/d3vd9lfkzbru3h/c8a9f2a9bf61d74b3f24_kirali_neon_41148129255_1710659034//thumb/thumb0-%{width}x%{height}.jpg
6bd49f94afb144e995247388ca8c42a8,24848,【橙Yuzumi】【中/日】先聊個天等等再進城｜ @yuzumi_neon  !LINE貼圖,2024-03-20T13:00:03Z,https://www.twitch.tv/videos/2096189775,https://static-cdn.jtvnw.net/cf_vods/d3vd9lfkzbru3h/c749599ffeb0db28b29d_yuzumi_neon_41156837799_1710939598//thumb/thumb0-%{width}x%{height}.jpg
e93bd1102e214cbaa71cc5b2e4a53595,24808,﹝中/日ok﹞今天一樣16:00 多人挨餓團 ░ @earendelxdfp !指令 !隊友 !RP,2024-03-24T07:43:12Z,https://www.twitch.tv/videos/2099917772,https://static-cdn.jtvnw.net/cf_vods/d3vd9lfkzbru3h/6a400b4b141a1f88cbc3_earendelxdfp_41166746375_1711266187//thumb/thumb0-%{width}x%{height}.jpg
5535c9524eb046c38e172ebfa06b302f,24775,【崩壞3rd 第二部】新手上路懶人包⭐▸每日/每周必做？卡池機制、抽取建議？從萌新到鹹魚，輕鬆拿獎勵！米哈遊多修玩家帶你前進火星！ ▹璐洛洛◃,2024-03-05T14:30:08Z,https://www.youtube.com/watch?v=yjusgLSX5ms,https://i.ytimg.com/vi/yjusgLSX5ms/mqdefault.jpg
2694a505a0e0441bb99b49e8ce1f7473,24626,【2/28】DAY37 電腦給我乖一點喔 ｜紅包活動記得填表單抽獎 !紅包｜!yt !綠界 !會員 !7tv !指令,2024-02-28T15:45:06Z,https://www.twitch.tv/videos/2076182951,https://static-cdn.jtvnw.net/cf_vods/d3vd9lfkzbru3h/38432b54297f938875f3_kannazukilubee_41103315527_1709135100//thumb/thumb0-%{width}x%{height}.jpg
6943bbfc993443d4b3853833b3bb1a66,24537,你也有大姨丈嗎？ #台v #vtuber #台灣vtuber #擴散希望 #迷因  #迷因療法 #冷知識,2024-03-14T11:17:33Z,https://www.youtube.com/watch?v=6wAQUu4mJG8,https://i.ytimg.com/vi/6wAQUu4mJG8/mqdefault.jpg
9d9c6477329245cbb2557895f4f15686,24474,/ᐠ. ̫ .ᐟ\ 0327 惡魔聯名手機殼上市了 .ᐟ.ᐟ  趕緊買起來 ⸜♡⸝ 新動態桌布在DC股東大會  ✿ !LINE !周邊 !DC !COVER,2024-03-27T09:35:33Z,https://www.twitch.tv/videos/2102802780,https://static-cdn.jtvnw.net/cf_vods/d3vd9lfkzbru3h/aac170d2fa373766f608_iitifox_41174703751_1711532128//thumb/thumb0-%{width}x%{height}.jpg
6bd49f94afb144e995247388ca8c42a8,24272,【擊殺耐久BETA測試版】究竟花多久才能打開這個牢房的門( ´•̥̥̥ω•̥̥̥` )【橙Yuzumi】,2024-02-28T18:25:25Z,https://www.youtube.com/watch?v=l1D2YPu6vBQ,https://i.ytimg.com/vi/l1D2YPu6vBQ/mqdefault.jpg
d5fdf5fc55d14476908e416e6d43c121,24264,【芥川組】雪之下織雪 ／ 四月九日 ／ 晚上七點半,2024-03-06T11:30:05Z,https://www.youtube.com/watch?v=771ZWYunbCc,https://i.ytimg.com/vi/771ZWYunbCc/mqdefault.jpg
d837e8fda137492c9d77882b98ff863a,24203,Vtuber罵了觀眾反而增加800訂閱！？ #台v #vtuber #真理果,2024-03-27T10:06:35Z,https://www.youtube.com/watch?v=palwIb1IalE,https://i.ytimg.com/vi/palwIb1IalE/mqdefault.jpg
6bd49f94afb144e995247388ca8c42a8,24195,勇者 / 橙Yuzumi 【歌ってみた】,2024-03-14T15:30:07Z,https://www.youtube.com/watch?v=xawlmOzf3hI,https://i.ytimg.com/vi/xawlmOzf3hI/mqdefault.jpg
7c06b9e316ce4ac18ce836cd72442bbe,24157,結婚證書=賣身契 #shorts,2024-03-26T03:08:07Z,https://www.youtube.com/watch?v=cF3rsOnN6Rc,https://i.ytimg.com/vi/cF3rsOnN6Rc/mqdefault.jpg
6dc75ab227e34c928598bde8f2d324bf,23904,【short】痛苦二選一！五體不滿足 VS 下骨豊超滿足？！🦁 #shorts #short #vtuber #vtuberclip #vtuber精華 #海克莉絲 #hercules,2024-03-16T03:00:28Z,https://www.youtube.com/watch?v=t9Uha2Sc8qA,https://i.ytimg.com/vi/t9Uha2Sc8qA/mqdefault.jpg
e93bd1102e214cbaa71cc5b2e4a53595,23837,﹝中/日ok﹞20:00玩多人恐遊~ ft. ░ @earendelxdfp !指令 !隊友 !RP,2024-03-20T12:34:29Z,https://www.twitch.tv/videos/2096176917,https://static-cdn.jtvnw.net/cf_vods/d3vd9lfkzbru3h/1e000962d3fb82a53fcc_earendelxdfp_41156748615_1710938064//thumb/thumb0-%{width}x%{height}.jpg
0bf0ec441dc6489583f7218e02ab6a89,23814,🔴【美食評測】02/29 21:00 鏡頭開啟！小心撞暈！牛排會掉到大ＵＵ上面嗎？❤️【香草奈若】,2024-02-29T21:06:13Z,https://www.youtube.com/watch?v=wdiELg7XTBQ,https://i.ytimg.com/vi/wdiELg7XTBQ/mqdefault.jpg
8bf35c3b9a9e461d825a9170555b71c2,23771,【澪Rei】廢棄之城#1：第一次的RP出發 !YT !FF42 中文/Eng/日本語,2024-03-06T11:00:19Z,https://www.twitch.tv/videos/2082768437,https://static-cdn.jtvnw.net/cf_vods/d3vd9lfkzbru3h/cff5a8ff0c415e46c4b9_reirei_neon_41119868343_1709722814//thumb/thumb0-%{width}x%{height}.jpg
58abad4aa8de49efb785367503dfd92c,23769,【耳舐めASMR】舌壓♡耳奧濃密舔耳♡甜蜜緩速♡零距離含耳吐息♡EarEating EarLicking|耳はむ、耳ふー、耳はー #shorts | 黑3DIO KU100【野薔薇 Vtuber】,2024-03-20T17:43:10Z,https://www.youtube.com/watch?v=_2e0VS0os2A,https://i.ytimg.com/vi/_2e0VS0os2A/mqdefault.jpg
767afb93c0454b6291ea94d28ae5b5de,23643,【歌回】深夜唱唱✨【羽宮奈奈】2024/03/21 21:30,2024-03-21T18:10:30Z,https://www.youtube.com/watch?v=5xAfVtkJdrI,https://i.ytimg.com/vi/5xAfVtkJdrI/mqdefault.jpg
2741a90689f342548daad7f760b0a8f7,23586,【夜勤病棟】深夜一起乾杯乾杯【希翁／Chion】#縱型直播#shorts,2024-03-16T21:15:35Z,https://www.youtube.com/watch?v=yxSDNvbHy-U,https://i.ytimg.com/vi/yxSDNvbHy-U/mqdefault.jpg
310862830fb648b78cca7e581e2622a7,23557,◆ 加班台DAY126 ◆ 休閒日終於可以拿槍了! // !加班 !周邊 !抽獎 //【赤羽亞矢】,2024-03-16T11:05:57Z,https://www.twitch.tv/videos/2092339169,https://static-cdn.jtvnw.net/cf_vods/d3vd9lfkzbru3h/cc9cf0f62dee180730ef_ayaakahane_41145870695_1710587151//thumb/thumb0-%{width}x%{height}.jpg
ba59bb31bbcd4cf3a481c4cf72918fb0,23527,米亞 MYA《奔跑日記！》Official Music Video（跑Online主題曲）,2024-03-03T12:45:11Z,https://www.youtube.com/watch?v=S8pX7bL1svE,https://i.ytimg.com/vi/S8pX7bL1svE/mqdefault.jpg
9d9c6477329245cbb2557895f4f15686,23370,"/ᐠ. ̫ .ᐟ\ 0229 九點比賽團練 ദ്ദി,,ｰ̀ｭｰ́ )✧ .ᐟ.ᐟ 今天是動圖幫的大勝利 ⸜♡⸝ ✿ !LINE !周邊 !DC !COVER",2024-02-29T09:29:04Z,https://www.twitch.tv/videos/2076940630,https://static-cdn.jtvnw.net/cf_vods/d3vd9lfkzbru3h/6e0d0acc59cbccd07869_iitifox_41104610071_1709198939//thumb/thumb0-%{width}x%{height}.jpg
58abad4aa8de49efb785367503dfd92c,23261,【ASMR | 睡眠導入】意識消卻♡零距離吐息♡溫感舔耳♡掏耳按摩♡ EARCLEANING EARMASSAGE♡耳マッサージ、耳はー、耳舐め| 黑3DIO KU100【野薔薇 Vtuber】,2024-03-22T18:10:37Z,https://www.youtube.com/watch?v=xqshgoCDfFg,https://i.ytimg.com/vi/xqshgoCDfFg/mqdefault.jpg
f99b7c49c1c8472681987ac2d1ff87bc,23179,先跟大家別挨餓 0:00看特戰大師賽決賽 !VPN,2024-03-24T08:46:31Z,https://www.twitch.tv/videos/2099941174,https://static-cdn.jtvnw.net/cf_vods/d3vd9lfkzbru3h/19e79dc45ef8fee2c019_restiafps_41166880695_1711269985//thumb/thumb0-%{width}x%{height}.jpg
fd6a0236861940389e15ef85b16c6069,23168,烟花－0327－瓦更新！？Wa瓦💜訂閱插圖已在DC頻道🌟遊戲儲值找!魔儲 | !加班 !生日 ꜀(^. .^꜀ )꜆੭,2024-03-27T12:49:35Z,https://www.twitch.tv/videos/2102882975,https://static-cdn.jtvnw.net/cf_vods/d3vd9lfkzbru3h/f548398f3d20ff1d4a16_hennie2001_41175367127_1711543769//thumb/thumb0-%{width}x%{height}.jpg
e78cffa246c24a1c88031151cad8c385,23111,當Vtuber在現實被問到有沒有開實況....,2024-03-06T15:01:54Z,https://www.youtube.com/watch?v=y8xUBgi38WE,https://i.ytimg.com/vi/y8xUBgi38WE/mqdefault.jpg
4544974bc5624035ae7bb0c9ed33e44e,22919,轟隆隆隆隆衝衝衝拉風 #瓦西瓦瓦 #vaswawa,2024-03-05T04:00:00Z,https://www.youtube.com/watch?v=-GujS14ArfQ,https://i.ytimg.com/vi/-GujS14ArfQ/mqdefault.jpg
2694a505a0e0441bb99b49e8ce1f7473,22891,【3/24】今天會有進度嗎｜紅包活動這陣子找時間抽獎｜!RP !yt !綠界 !會員 !7tv !指令,2024-03-24T08:20:48Z,https://www.twitch.tv/videos/2099931836,https://static-cdn.jtvnw.net/cf_vods/d3vd9lfkzbru3h/d992912c22b8ac237218_kannazukilubee_41166826775_1711268442//thumb/thumb0-%{width}x%{height}.jpg
6bd49f94afb144e995247388ca8c42a8,22784,【橙Yuzumi】【中/日】廢棄之城#2 木登 ｜ @yuzumi_neon  !LINE貼圖 !RP !人設,2024-03-08T13:28:17Z,https://www.twitch.tv/videos/2084692542,https://static-cdn.jtvnw.net/cf_vods/d3vd9lfkzbru3h/0dd361e6b9a9bb002f18_yuzumi_neon_41125345495_1709904491//thumb/thumb0-%{width}x%{height}.jpg
a000aa1d3ea7489c993277d33ab2457e,22632,【突發】早安!謝謝原本要出去玩!這天氣勸退我了⌇幻月Moondogs,2024-03-02T06:50:16Z,https://www.youtube.com/watch?v=idki6nHAUrM,https://i.ytimg.com/vi/idki6nHAUrM/mqdefault.jpg
9d9c6477329245cbb2557895f4f15686,22624,/ᐠ. ̫ .ᐟ\ 0321 尊督假督 ⸜♡⸝ 滑鼠游標在dc公告給大家使用 .ᐟ.ᐟ 新動態桌布在DC股東大會  ✿ !LINE !周邊 !DC !COVER,2024-03-21T08:47:59Z,https://www.twitch.tv/videos/2097016178,https://static-cdn.jtvnw.net/cf_vods/d3vd9lfkzbru3h/9ef60247dfd56e6a9dee_iitifox_41158677303_1711010871//thumb/thumb0-%{width}x%{height}.jpg
a000aa1d3ea7489c993277d33ab2457e,22584,【早安配月】早安!3萬衝刺!⌇幻月Moondogs,2024-03-23T07:40:27Z,https://www.youtube.com/watch?v=stpvc33Li3U,https://i.ytimg.com/vi/stpvc33Li3U/mqdefault.jpg
f6a4e7aa8d0c4e5cb39d199845ec4d02,22401,【杏仁ミル】部隊起不來  | !周邊 !3C @vtuber_amiru,2024-03-16T09:06:36Z,https://www.twitch.tv/videos/2092291926,https://static-cdn.jtvnw.net/cf_vods/d3vd9lfkzbru3h/d984c3b20275b869a372_vtuber_amiru_41145588983_1710579989//thumb/thumb0-%{width}x%{height}.jpg
334133534368487780dfa99b7c9f5949,22282,一分鐘學會椒香魚塊 🐠 #cooking #lifestyle #vtuber,2024-03-06T06:00:02Z,https://www.youtube.com/watch?v=8P2acXryGZ0,https://i.ytimg.com/vi/8P2acXryGZ0/mqdefault.jpg
f99b7c49c1c8472681987ac2d1ff87bc,22228,跟一堆人玩戰地遊戲 !VPN,2024-03-21T12:39:38Z,https://www.twitch.tv/videos/2097099511,https://static-cdn.jtvnw.net/cf_vods/d3vd9lfkzbru3h/73b65dcf9b0dbf60fd78_restiafps_41159315959_1711024771//thumb/thumb0-%{width}x%{height}.jpg
6dc75ab227e34c928598bde8f2d324bf,22039,【shorts】我實在是不知道為何剪輯師要把這段剪出來... 🦁 #shorts #short #vtuber #vtuberclip #vtuber精華 #海克莉絲 #hercules,2024-03-02T03:00:31Z,https://www.youtube.com/watch?v=mlCf-mJ-eZQ,https://i.ytimg.com/vi/mlCf-mJ-eZQ/mqdefault.jpg
b4a1791208fd4d85b7b08ee2bad0c236,21970,新手畫畫vs專業繪師 #shorts #meme  #vtuber #瑪格麗特諾爾絲,2024-03-16T11:04:00Z,https://www.youtube.com/watch?v=02NmUhSVGXM,https://i.ytimg.com/vi/02NmUhSVGXM/mqdefault.jpg
9d9c6477329245cbb2557895f4f15686,21696,/ᐠ. ̫ .ᐟ\ 0314 白色情人節 ꔫ 滑鼠游標在dc公告給大家使用 !比賽 .ᐟ.ᐟ 新動態桌布在DC股東大會 ⸜♡⸝ ✿ !LINE !周邊 !DC !COVER,2024-03-14T09:21:39Z,https://www.twitch.tv/videos/2090370783,https://static-cdn.jtvnw.net/cf_vods/d3vd9lfkzbru3h/7a7cd1d5a5094033f4ed_iitifox_41140084519_1710408094//thumb/thumb0-%{width}x%{height}.jpg
5535c9524eb046c38e172ebfa06b302f,21588,🔴AR60 ASIA【#原神 / Genshin】滿命滿精千織來我家！圖奇掉寶領原石！實測新角色『用嘴打深淵｜儲值→!LD !曼德洛 !周邊▹ @ruroroisme ◃,2024-03-13T11:06:10Z,https://www.twitch.tv/videos/2089477457,https://static-cdn.jtvnw.net/cf_vods/d3vd9lfkzbru3h/f5f3cfc68c2dbf22ee18_ruroroisme_41137682151_1710327960//thumb/thumb0-%{width}x%{height}.jpg
6bd49f94afb144e995247388ca8c42a8,21476,【橙Yuzumi】【中/日】木登偷偷的 ｜ @yuzumi_neon  !LINE貼圖 !RP !人設,2024-03-11T01:08:15Z,https://www.twitch.tv/videos/2087369422,https://static-cdn.jtvnw.net/cf_vods/d3vd9lfkzbru3h/9166daadc69bee595893_yuzumi_neon_41131595063_1710119287//thumb/thumb0-%{width}x%{height}.jpg
854282eb3f32406aa85dd53f14748228,21394,3/8  唱歌唱歌唱歌,2024-03-08T11:51:36Z,https://www.twitch.tv/videos/2084643160,https://static-cdn.jtvnw.net/cf_vods/d3vd9lfkzbru3h/fea2b8339811da5e9fae_binbin0707_41124970935_1709898687//thumb/thumb0-%{width}x%{height}.jpg
3f4650e05ceb41008bd16869780b7af1,21370,【貓咪研究室】超賢者敵人時代來臨！美女神迎來超本能！？13.2更新懶人包介紹！《水羽 ほむら》【貓咪大戰爭】,2024-03-08T14:00:07Z,https://www.youtube.com/watch?v=6ZhboxMIddA,https://i.ytimg.com/vi/6ZhboxMIddA/mqdefault.jpg
9d9c6477329245cbb2557895f4f15686,21370,/ᐠ. ̫ .ᐟ\ 0320 緹主包在線安安 ⸜♡⸝ 滑鼠游標在dc公告給大家使用 .ᐟ.ᐟ 新動態桌布在DC股東大會  ✿ !LINE !周邊 !DC !COVER,2024-03-20T10:10:26Z,https://www.twitch.tv/videos/2096120933,https://static-cdn.jtvnw.net/cf_vods/d3vd9lfkzbru3h/ba4b51ee6b86629bbfe6_iitifox_41156302679_1710929421//thumb/thumb0-%{width}x%{height}.jpg
334133534368487780dfa99b7c9f5949,21310,一分鐘學會蘋果軟糖 🍎 #cooking #lifestyle #vtuber,2024-03-12T06:00:07Z,https://www.youtube.com/watch?v=Ljz3fkxhfa8,https://i.ytimg.com/vi/Ljz3fkxhfa8/mqdefault.jpg
f6a4e7aa8d0c4e5cb39d199845ec4d02,21262,【杏仁ミル】瑞杏盃✦拜請福能大神  | !周邊 !3C @vtuber_amiru,2024-03-17T08:59:56Z,https://www.twitch.tv/videos/2093302776,https://static-cdn.jtvnw.net/cf_vods/d3vd9lfkzbru3h/5be8bce2c01dc9c92d89_vtuber_amiru_41148377463_1710665990//thumb/thumb0-%{width}x%{height}.jpg
e93bd1102e214cbaa71cc5b2e4a53595,21242,【這裡下次會考】DD教學！你還在遭受沒有超過兩雙耳朵的困擾嗎？ 【厄倫蒂兒 Earendel】,2024-03-06T11:00:06Z,https://www.youtube.com/watch?v=avVBoagn9QA,https://i.ytimg.com/vi/avVBoagn9QA/mqdefault.jpg
e93bd1102e214cbaa71cc5b2e4a53595,21236,【伴睡歌回】輕聲細語地伴你入睡。謝謝你願意在這樣的夜晚，在身旁聽我唱歌。  ░  睡眠導入歌枠｜Singing Stream,2024-03-18T16:01:34Z,https://www.youtube.com/watch?v=eHEx1rPZwVg,https://i.ytimg.com/vi/eHEx1rPZwVg/mqdefault.jpg
6bd49f94afb144e995247388ca8c42a8,21232,【腳臭臭勞贖】回家到底是先洗腳還先洗澡？｜橙Yuzumi #shorts,2024-03-05T10:36:09Z,https://www.youtube.com/watch?v=E58-myg4psw,https://i.ytimg.com/vi/E58-myg4psw/mqdefault.jpg
4c3cae772e974f8fb8e04f4cc9c8cd8d,21165,✞  縦 × 歌雑 ꙳  ✞  不能剪精華 🌧 膀胱無力歌回 🌧 *.  ┊ Square Live 白白虹,2024-03-03T11:23:00Z,https://www.youtube.com/watch?v=73XMEF9syAE,https://i.ytimg.com/vi/73XMEF9syAE/mqdefault.jpg
512b64ec20174d018540516e9edf2b2f,21138,低能竟是我自己！！！,2024-03-23T10:13:06Z,https://www.youtube.com/watch?v=NIb1BR3CBb4,https://i.ytimg.com/vi/NIb1BR3CBb4/mqdefault.jpg
d35707348d554507a98f97eb59230efc,21131,【咲寶說聲早→歌雜】接下來是社交力點滿的一週🙌祝我順利，也希望你們開心😉 #縦型配信 #初見歓迎【天櫻咲樂/VTuber】,2024-03-18T04:24:29Z,https://www.youtube.com/watch?v=9mGl_dKHNP8,https://i.ytimg.com/vi/9mGl_dKHNP8/mqdefault.jpg
a000aa1d3ea7489c993277d33ab2457e,21127,【突發】早安!結果這周沒月休⌇幻月Moondogs,2024-03-03T06:24:43Z,https://www.youtube.com/watch?v=XCC9V_hYGaM,https://i.ytimg.com/vi/XCC9V_hYGaM/mqdefault.jpg
5535c9524eb046c38e172ebfa06b302f,21093,🔴AR60 ASIA【#原神 / Genshin】滿命滿精千織來我家！圖奇掉寶領原石！實測新角色『用嘴打深淵』 ▹璐洛洛◃,2024-03-13T15:33:38Z,https://www.youtube.com/watch?v=XeWeziRipBk,https://i.ytimg.com/vi/XeWeziRipBk/mqdefault.jpg
b6f68e0e323f45458752f3a7ec6a08f2,20987,【#縱型繪雜】畫龍點心 - 晚安🐲  🦗今天我們一起迎來兩萬訂閱！畫畫給自己的生日圖！【月下香幽芳YuFang】,2024-03-19T18:00:29Z,https://www.youtube.com/watch?v=RTOK0nkIrb0,https://i.ytimg.com/vi/RTOK0nkIrb0/mqdefault.jpg
310862830fb648b78cca7e581e2622a7,20867,◆ 加班台DAY131 ◆ 廢棄之城-亞梅蝶 Day14 回歸團隊! // !加班 !周邊 !抽獎 //【赤羽亞矢】,2024-03-24T11:01:42Z,https://www.twitch.tv/videos/2099995452,https://static-cdn.jtvnw.net/cf_vods/d3vd9lfkzbru3h/fb477ac57c7931b3b84f_ayaakahane_41167187223_1711278097//thumb/thumb0-%{width}x%{height}.jpg
fa5a7cdc259543259af42bb23f1e4041,20841,小朋友下樓梯87階耐久 !  #shorts,2024-03-03T16:18:11Z,https://www.youtube.com/watch?v=-RtqI7m7zv8,https://i.ytimg.com/vi/-RtqI7m7zv8/mqdefault.jpg
f110fd69b66941bab04de9ada563c6ac,20841,【星隕計畫】究竟要多少抽才可以把我自己回家呢！｜回答問卷上患者們的疑問！【AoiHinamori】,2024-03-20T14:26:43Z,https://www.youtube.com/watch?v=ePfvCQD388c,https://i.ytimg.com/vi/ePfvCQD388c/mqdefault.jpg
cd42e06c40534d9eac7e30a434e47d43,20821,【BeYourLover】鏡頭警告! 又要來介紹酷酷的杯杯了! 這次超猛! ♡  嗷嗚~ #vtuber,2024-03-20T16:19:29Z,https://www.youtube.com/watch?v=GLFiGwa7j10,https://i.ytimg.com/vi/GLFiGwa7j10/mqdefault.jpg
e93bd1102e214cbaa71cc5b2e4a53595,20781,【伴睡歌回】最近的你累了嗎？睡前可以來暖爐前。聽聽哪首歌說著你的故事吧  ░  睡眠導入歌枠｜Singing Stream,2024-03-04T15:50:05Z,https://www.youtube.com/watch?v=CwwhhPu0Y0I,https://i.ytimg.com/vi/CwwhhPu0Y0I/mqdefault.jpg
0bf0ec441dc6489583f7218e02ab6a89,20721,全都沒了,2024-03-07T08:36:14Z,https://www.youtube.com/watch?v=HqgjBi0Yymc,https://i.ytimg.com/vi/HqgjBi0Yymc/mqdefault.jpg
f6a4e7aa8d0c4e5cb39d199845ec4d02,20679,【杏仁ミル精華】當你以為阿汪已經做完牢，他只是換個地方做牢...影片最後大慘事這集不看整集白看【幻獸帕魯】,2024-03-11T04:00:30Z,https://www.youtube.com/watch?v=k63u7ruHiHQ,https://i.ytimg.com/vi/k63u7ruHiHQ/mqdefault.jpg
31f17632340f4e7fbd0ced07193dd81b,20597,偏安靜的工作台 可能會刪檔,2024-03-10T02:44:55Z,https://www.youtube.com/watch?v=UyBu5UK2c2g,https://i.ytimg.com/vi/UyBu5UK2c2g/mqdefault.jpg
1c5619a4ece046dd8ba68ed343489ca3,20572,【中國妹子堅決武統🚀】台灣小哥寧逝...也絕不服從！💥,2024-03-07T09:42:02Z,https://www.youtube.com/watch?v=NXAdoEjwuzQ,https://i.ytimg.com/vi/NXAdoEjwuzQ/mqdefault.jpg
e93bd1102e214cbaa71cc5b2e4a53595,20543,﹝中/日ok﹞想挨餓，但大家都好忙sadge 先來一邊作事一邊聊天 ░ @earendelxdfp !指令 !隊友 !RP,2024-03-26T15:23:28Z,https://www.twitch.tv/videos/2102034529,https://static-cdn.jtvnw.net/cf_vods/d3vd9lfkzbru3h/82e3c41eeff2076e8665_earendelxdfp_41173154247_1711466602//thumb/thumb0-%{width}x%{height}.jpg
15c9a54b946a40c38c07ea2f9efddfa5,20448,【煌Kirali】我不是盤子,2024-03-13T12:11:41Z,https://www.twitch.tv/videos/2089505178,https://static-cdn.jtvnw.net/cf_vods/d3vd9lfkzbru3h/51af28c7ef6bed98b10a_kirali_neon_41137916807_1710331894//thumb/thumb0-%{width}x%{height}.jpg
334133534368487780dfa99b7c9f5949,20402,一分鐘學會南瓜炒鹹蛋 🎃 #cooking #lifestyle #vtuber,2024-03-13T01:00:13Z,https://www.youtube.com/watch?v=GDZmJx8tn8A,https://i.ytimg.com/vi/GDZmJx8tn8A/mqdefault.jpg
e93bd1102e214cbaa71cc5b2e4a53595,20364,﹝中/日ok﹞新手瓦瓦每天練習 ░ @earendelxdfp !指令 !隊友,2024-03-07T13:07:31Z,https://www.twitch.tv/videos/2083752493,https://static-cdn.jtvnw.net/cf_vods/d3vd9lfkzbru3h/e2920aa7137598878141_earendelxdfp_41122788983_1709816847//thumb/thumb0-%{width}x%{height}.jpg
15c9a54b946a40c38c07ea2f9efddfa5,20329,【煌Kirali】我終於要開一間超市了WA 19:00入城,2024-03-28T10:01:20Z,https://www.twitch.tv/videos/2103763031,https://static-cdn.jtvnw.net/cf_vods/d3vd9lfkzbru3h/09bf50fc34f9fc49f639_kirali_neon_41177615319_1711620075//thumb/thumb0-%{width}x%{height}.jpg
5535c9524eb046c38e172ebfa06b302f,20254,【星穹鐵道】🚀0+1花火、0+1真理醫生 [混沌12層－0T通關]▸對決160萬血量薩姆！風套多刷幾件總是有用的！ @xiaochujian1124   ▹璐洛洛◃,2024-03-18T14:15:08Z,https://www.youtube.com/watch?v=4SzO8wXHsdo,https://i.ytimg.com/vi/4SzO8wXHsdo/mqdefault.jpg
4c3cae772e974f8fb8e04f4cc9c8cd8d,20211,✞ 雀魂麻將 ꙳  ✞  跟我打就是白打  ̖́-   因為我靠北強 🌧 *.  ┊ Square Live 白白虹,2024-03-18T23:22:06Z,https://www.youtube.com/watch?v=Jw2me3wvhzQ,https://i.ytimg.com/vi/Jw2me3wvhzQ/mqdefault.jpg
1c5619a4ece046dd8ba68ed343489ca3,20200,中國男生在宿舍想壞壞🚫【但台灣G友願意挺身而出😳】,2024-02-28T09:39:08Z,https://www.youtube.com/watch?v=KknzO8HANPo,https://i.ytimg.com/vi/KknzO8HANPo/mqdefault.jpg
5535c9524eb046c38e172ebfa06b302f,20176,【星穹鐵道】🚀0+1花火、青雀 [混沌12層－0T通關]▸平民光錐，一輪三動！遺器&面板展示  @xiaochujian1124  ▹璐洛洛◃,2024-03-04T13:30:08Z,https://www.youtube.com/watch?v=IVYzUDAe7yI,https://i.ytimg.com/vi/IVYzUDAe7yI/mqdefault.jpg
0641a9c8b9a94994aaa33e0c86fef75b,20169,千古大難題來ㄌ所以到底會不會懷孕？#vtuber #shorts #台V #vtuberclip #vtuber中文 #kuromu,2024-03-08T09:00:04Z,https://www.youtube.com/watch?v=5ZUXWVSAzDY,https://i.ytimg.com/vi/5ZUXWVSAzDY/mqdefault.jpg
f6a4e7aa8d0c4e5cb39d199845ec4d02,19917,【杏仁ミル】今天是啥日子  | !周邊 !3C @vtuber_amiru,2024-03-14T12:22:39Z,https://www.twitch.tv/videos/2090437131,https://static-cdn.jtvnw.net/cf_vods/d3vd9lfkzbru3h/f3e56932e6ef21d1dcc0_vtuber_amiru_41140625175_1710418955//thumb/thumb0-%{width}x%{height}.jpg
334133534368487780dfa99b7c9f5949,19862,一分鐘學會韓式涼拌山茼蒿（쑥갓나물） 🍶 #cooking #lifestyle #vtuber,2024-03-09T06:30:03Z,https://www.youtube.com/watch?v=EnhMIvfLgs8,https://i.ytimg.com/vi/EnhMIvfLgs8/mqdefault.jpg
9cec24b011ee45648eb404066c997f49,19857,【03/06】廢棄之城RP啟動！↖咘。嬡喏★╮↘上線啦～,2024-03-06T11:02:28Z,https://www.twitch.tv/videos/2082769440,https://static-cdn.jtvnw.net/cf_vods/d3vd9lfkzbru3h/4dfabeac8b85f42d5c45_cygxdfp_41119878119_1709722943//thumb/thumb0-%{width}x%{height}.jpg
9d9c6477329245cbb2557895f4f15686,19844,/ᐠ. ̫ .ᐟ\ 0322 好想RP 還沒入城 ⸜♡⸝ 滑鼠游標在dc公告給大家使用 .ᐟ.ᐟ 新動態桌布在DC股東大會  ✿ !LINE !周邊 !DC !COVER,2024-03-22T09:37:02Z,https://www.twitch.tv/videos/2097941603,https://static-cdn.jtvnw.net/cf_vods/d3vd9lfkzbru3h/cce2f116eeb59ecbe398_iitifox_41161356679_1711100214//thumb/thumb0-%{width}x%{height}.jpg
e93bd1102e214cbaa71cc5b2e4a53595,19844,﹝中/日ok﹞瑞杏盃練習賽！努力練練！只能努力惹Ｑ－Ｑ ░ @earendelxdfp !指令 !隊友 !RP !瑞杏盃,2024-03-12T12:33:44Z,https://www.twitch.tv/videos/2088581633,https://static-cdn.jtvnw.net/cf_vods/d3vd9lfkzbru3h/c2d36328c9b0528d35ff_earendelxdfp_41135379575_1710246818//thumb/thumb0-%{width}x%{height}.jpg
312fdd3c5e6d4aefa73fd3860ecc5613,19839,【歌回LA】初見歡迎來聽一下的歌回🎵 #shorts #縦型配信 #森森鈴蘭,2024-03-19T14:17:01Z,https://www.youtube.com/watch?v=qCb2faWD8qg,https://i.ytimg.com/vi/qCb2faWD8qg/mqdefault.jpg
729621ce509b4641ad8cde76dec037d0,19806,✧縱型歌回#26✧固定週三歌回！這一次為大家唱些什麼呢！希妮·亞里絲🤍SinnieAris✨,2024-03-13T11:45:14Z,https://www.youtube.com/watch?v=9P_TRYADilg,https://i.ytimg.com/vi/9P_TRYADilg/mqdefault.jpg
b6f68e0e323f45458752f3a7ec6a08f2,19801,【#縱型雜談】生日禮物開箱 🐲✨ 午安！蟀勾們送了什麼呢？我終於可以拆了！🦗【月下香幽芳YuFang】,2024-03-22T18:42:38Z,https://www.youtube.com/watch?v=qovegJj7wUQ,https://i.ytimg.com/vi/qovegJj7wUQ/mqdefault.jpg
bafb134fd2f849898d6242d1f5f683cc,19768,【中華郵政】行動郵局APP兩歲生日饋樂！#郵涅真好 ！讓我們來看看有什麼好禮送給大家 ⌇【涅默Nemesis】,2024-03-21T00:30:02Z,https://www.youtube.com/watch?v=4cYHwCuiDh8,https://i.ytimg.com/vi/4cYHwCuiDh8/mqdefault.jpg
fa5a7cdc259543259af42bb23f1e4041,19763,挑戰！腦筋急轉彎！笨蛋絕對通關不了#shorts,2024-02-29T15:20:14Z,https://www.youtube.com/watch?v=CU85nzTkOVI,https://i.ytimg.com/vi/CU85nzTkOVI/mqdefault.jpg
8bf35c3b9a9e461d825a9170555b71c2,19744,【澪Rei】工作後打個瓦 !YT !FF42 中文/Eng/日本語,2024-03-02T11:39:19Z,https://www.twitch.tv/videos/2078943630,https://static-cdn.jtvnw.net/cf_vods/d3vd9lfkzbru3h/c78ca68726e8062593a7_reirei_neon_41110048071_1709379554//thumb/thumb0-%{width}x%{height}.jpg
e93bd1102e214cbaa71cc5b2e4a53595,19711,【伴睡歌回】在3月將要結束、春天即將到來之際，給自己一個暫時休息的時間吧。  ░  睡眠導入歌枠｜Singing Stream,2024-03-25T15:43:54Z,https://www.youtube.com/watch?v=YV9tvjuGgG4,https://i.ytimg.com/vi/YV9tvjuGgG4/mqdefault.jpg
f99b7c49c1c8472681987ac2d1ff87bc,19495,【Restia精華】在Rust裡開飛機15秒就爆炸?! 瑞斯機長的飛行大挑戰! ft.厄倫蒂兒,2024-03-13T04:00:26Z,https://www.youtube.com/watch?v=rAOpm3RFzv8,https://i.ytimg.com/vi/rAOpm3RFzv8/mqdefault.jpg
31f17632340f4e7fbd0ced07193dd81b,19462,突發 ! 修女也瘋狂 來爆打不守規則的小王八蛋 ! 其實今天算工作台啦 !【達亞】,2024-03-08T02:21:16Z,https://www.youtube.com/watch?v=19gJG6XNGas,https://i.ytimg.com/vi/19gJG6XNGas/mqdefault.jpg
15c9a54b946a40c38c07ea2f9efddfa5,19254,【煌Kirali】3月啦！,2024-03-01T14:35:49Z,https://www.twitch.tv/videos/2078018295,https://static-cdn.jtvnw.net/cf_vods/d3vd9lfkzbru3h/8e30b15c70225d5d9671_kirali_neon_41107993255_1709303744//thumb/thumb0-%{width}x%{height}.jpg
3f4650e05ceb41008bd16869780b7af1,19194,【貓咪研究室】點本能之前請先看完這隻影片！千萬別浪費NP！本能推薦點法（激稀有篇）《水羽 ほむら》【貓咪大戰爭】,2024-03-19T13:30:33Z,https://www.youtube.com/watch?v=zMWvopu-f5Y,https://i.ytimg.com/vi/zMWvopu-f5Y/mqdefault.jpg
ce2a2c07a74640fc8d3b39d022b16dd9,19166,算泥倒楣，我就愛這樣玩，大型豹崽子社死現場|名雪薇薇 #shorts #vtuber #台灣vtuber #搞笑 #ff42 #線下聚 #搞笑 #雜談 #迷因 #名雪薇薇 #雪豹,2024-03-11T11:12:11Z,https://www.youtube.com/watch?v=KO66AWdLnog,https://i.ytimg.com/vi/KO66AWdLnog/mqdefault.jpg
9d9c6477329245cbb2557895f4f15686,19136,/ᐠ. ̫ .ᐟ\ 0317 17:00 瑞杏盃 ꔫ 滑鼠游標在dc公告給大家使用 !比賽 .ᐟ.ᐟ 新動態桌布在DC股東大會 ⸜♡⸝ ✿ !LINE !周邊 !DC !COVER,2024-03-17T13:48:40Z,https://www.twitch.tv/videos/2093445304,https://static-cdn.jtvnw.net/cf_vods/d3vd9lfkzbru3h/67e009d237870e639fc4_iitifox_41149214983_1710683313//thumb/thumb0-%{width}x%{height}.jpg
9d9c6477329245cbb2557895f4f15686,19120,稻米米的可愛可不只一兩種 | 百變稻乙緹,2024-03-04T13:57:14Z,https://www.youtube.com/watch?v=dkjKhSo_4uM,https://i.ytimg.com/vi/dkjKhSo_4uM/mqdefault.jpg
6bd49f94afb144e995247388ca8c42a8,19102,【橙Yuzumi】【中/日】廢棄之城 - 木登  ｜ @yuzumi_neon  !LINE貼圖 !人設 !rp,2024-03-27T13:01:18Z,https://www.twitch.tv/videos/2102890136,https://static-cdn.jtvnw.net/cf_vods/d3vd9lfkzbru3h/604e66174235a5ff17dc_yuzumi_neon_41175420919_1711544473//thumb/thumb0-%{width}x%{height}.jpg
bafb134fd2f849898d6242d1f5f683cc,19100,【就為了說這句】電話連call光光！接通後...⌇涅默Nemesis,2024-02-28T12:00:50Z,https://www.youtube.com/watch?v=veKidAWX0dw,https://i.ytimg.com/vi/veKidAWX0dw/mqdefault.jpg
15c9a54b946a40c38c07ea2f9efddfa5,19024,【煌Kirali】首次圖奇正式歌回,2024-03-12T10:52:43Z,https://www.twitch.tv/videos/2088540671,https://static-cdn.jtvnw.net/cf_vods/d3vd9lfkzbru3h/595d91f1a3f73c581dca_kirali_neon_41135039367_1710240756//thumb/thumb0-%{width}x%{height}.jpg
b6f68e0e323f45458752f3a7ec6a08f2,18971,【#縱型雜談】壽司雜談  午安！這是我這周第二次壽司，我很誠實跟你們說，為什麼? 好吃啊!【月下香幽芳YuFang】,2024-03-17T06:22:15Z,https://www.youtube.com/watch?v=ZVpHq4vcwcs,https://i.ytimg.com/vi/ZVpHq4vcwcs/mqdefault.jpg
5535c9524eb046c38e172ebfa06b302f,18970,🔴【原神】作業台! (千織SOLO單通深淵中) ｜儲值→!LD !曼德洛 !周邊▹ @ruroroisme ◃,2024-03-15T15:58:28Z,https://www.twitch.tv/videos/2091497203,https://static-cdn.jtvnw.net/cf_vods/d3vd9lfkzbru3h/d02a6e8fd1f7bf969faa_ruroroisme_41144013591_1710518298//thumb/thumb0-%{width}x%{height}.jpg
0641a9c8b9a94994aaa33e0c86fef75b,18908,【庫雜談】聊聊近況!【庫洛姆Kuromu】#台灣Vtuber #庫洛姆,2024-03-27T17:03:39Z,https://www.youtube.com/watch?v=hZP8TNt7BHA,https://i.ytimg.com/vi/hZP8TNt7BHA/mqdefault.jpg
312fdd3c5e6d4aefa73fd3860ecc5613,18906,🐺蘭蘭秀茶藝 #shorts,2024-03-08T10:00:19Z,https://www.youtube.com/watch?v=TgdG3rAi32Y,https://i.ytimg.com/vi/TgdG3rAi32Y/mqdefault.jpg
b4a1791208fd4d85b7b08ee2bad0c236,18891,【直式直播】你有一通來自女友的未接來電！🌼 #shorts #vtuber #瑪格麗特諾爾絲,2024-02-29T06:47:22Z,https://www.youtube.com/watch?v=Fo7kcBSAV-k,https://i.ytimg.com/vi/Fo7kcBSAV-k/mqdefault.jpg
a9f6574e98f34b20a05269134930fb50,18854,【歌枠】伍佰老師歌回revenge1 歌枠 Karaoke🐭Singing Stream　※日本語と中国語/茸茸鼠,2024-03-12T14:31:54Z,https://www.youtube.com/watch?v=6Iu-LvFV-A4,https://i.ytimg.com/vi/6Iu-LvFV-A4/mqdefault.jpg
f99b7c49c1c8472681987ac2d1ff87bc,18838,【Apex英雄】男人的快樂就是這麼的樸實無華 #瑞斯帝亞 #restia #apexlegends,2024-03-28T04:00:27Z,https://www.youtube.com/watch?v=mXyZNBua2Q8,https://i.ytimg.com/vi/mXyZNBua2Q8/mqdefault.jpg
5535c9524eb046c38e172ebfa06b302f,18832,【原神】用嘴打深淵06▸萌新挑戰『滿命千織』💥傷害破表，但是最該BAN的角色是？  Ft. @yironron.0622  ▹璐洛洛◃,2024-03-21T14:45:07Z,https://www.youtube.com/watch?v=I8muZ3-c_Jg,https://i.ytimg.com/vi/I8muZ3-c_Jg/mqdefault.jpg
310862830fb648b78cca7e581e2622a7,18818,◆ 加班台DAY134 ◆ 廢棄之城 亞梅蝶 我們都是一家人的對吧?! // !加班 !周邊 !抽獎 //【赤羽亞矢】,2024-03-27T11:00:15Z,https://www.twitch.tv/videos/2102832127,https://static-cdn.jtvnw.net/cf_vods/d3vd9lfkzbru3h/7777ffd7d72d16fb4397_ayaakahane_41174928631_1711537210//thumb/thumb0-%{width}x%{height}.jpg
7c06b9e316ce4ac18ce836cd72442bbe,18799,節奏女友 #shorts,2024-03-18T05:51:32Z,https://www.youtube.com/watch?v=rdITlecjYrE,https://i.ytimg.com/vi/rdITlecjYrE/mqdefault.jpg
6bd49f94afb144e995247388ca8c42a8,18736,【橙Yuzumi】【中/日】9點團練 ｜ @yuzumi_neon  !LINE貼圖 !瑞杏杯 !RP !人設,2024-03-12T12:44:13Z,https://www.twitch.tv/videos/2088586605,https://static-cdn.jtvnw.net/cf_vods/d3vd9lfkzbru3h/dc69fd618c82759c0e8c_yuzumi_neon_41135414279_1710247448//thumb/thumb0-%{width}x%{height}.jpg
3f4650e05ceb41008bd16869780b7af1,18711,【貓咪研究室】全新本能以及三階超激登場！米希莉亞變成古代殺手！梅露可回歸更新內容介紹！《水羽 ほむら》【貓咪大戰爭】,2024-03-03T13:00:39Z,https://www.youtube.com/watch?v=n4NhvYK_RVA,https://i.ytimg.com/vi/n4NhvYK_RVA/mqdefault.jpg
512b64ec20174d018540516e9edf2b2f,18600,面交老金旺！（不過你們全程在口袋裡什麼也看不到）,2024-03-08T09:42:26Z,https://www.youtube.com/watch?v=aRrI7kugk6c,https://i.ytimg.com/vi/aRrI7kugk6c/mqdefault.jpg
334133534368487780dfa99b7c9f5949,18582,一分鐘學會豆腐鍋（두부찌개） 🍲 #cooking #lifestyle #vtuber,2024-03-15T06:00:24Z,https://www.youtube.com/watch?v=c-a8tkxP0ps,https://i.ytimg.com/vi/c-a8tkxP0ps/mqdefault.jpg
5535c9524eb046c38e172ebfa06b302f,18502,🔴LIVE【鳴潮】奏鳴測試開玩EP.1▸劇情變得不一樣了？多了那些改動？中文版介面一起來看看！😍 ​ ▹璐洛洛◃,2024-03-07T17:34:22Z,https://www.youtube.com/watch?v=znAhh1kwcec,https://i.ytimg.com/vi/znAhh1kwcec/mqdefault.jpg
0f595c5e48be4f29befb358388a61f8b,18486,【屎了都要愛????】今天網路真的用夠多了....#vtuber #shorts #台V #vtuberclip #vtuber中文 #新人vtuber #irisadaily #irisalive,2024-02-28T12:00:27Z,https://www.youtube.com/watch?v=ZoBNC0kPWWE,https://i.ytimg.com/vi/ZoBNC0kPWWE/mqdefault.jpg
1c5619a4ece046dd8ba68ed343489ca3,18486,「李聽」pubg縱向！台灣小哥哥撩中國兄弟💕｜VTuber絕地,2024-03-06T17:52:14Z,https://www.youtube.com/watch?v=miK0FIL_mlg,https://i.ytimg.com/vi/miK0FIL_mlg/mqdefault.jpg
2e266a71aa3d4a67bb8d9a2a0b573319,18469,【仔魚】-   ０３/０２   ｜  !周邊 !LINE,2024-03-02T01:49:48Z,https://www.twitch.tv/videos/2078596425,https://static-cdn.jtvnw.net/cf_vods/d3vd9lfkzbru3h/cbc36dbee7a6f06f6f0d_ziifish_41108891879_1709344178//thumb/thumb0-%{width}x%{height}.jpg
9cec24b011ee45648eb404066c997f49,18439,【酒雜】七萬訂閱大感謝！久違的要來喝...我的酒量還是一樣爛啦，還請大家手下留請　_(:3 」∠ )_█熙歌Cygnus,2024-02-28T16:06:55Z,https://www.youtube.com/watch?v=rEgAGU_ZZaQ,https://i.ytimg.com/vi/rEgAGU_ZZaQ/mqdefault.jpg
e93bd1102e214cbaa71cc5b2e4a53595,18429,﹝中/日ok﹞新手瓦瓦上路！隊友我只知道有烟花和叔叔！其他還不知道 ░ @earendelxdfp !指令 !隊友,2024-03-03T13:37:16Z,https://www.twitch.tv/videos/2080057584,https://static-cdn.jtvnw.net/cf_vods/d3vd9lfkzbru3h/491c95a442645614c92a_earendelxdfp_41113120759_1709473028//thumb/thumb0-%{width}x%{height}.jpg
0641a9c8b9a94994aaa33e0c86fef75b,18393,【庫雜談】拚月底十萬?!有沒有什麼有料ㄉ企劃RRRRR【庫洛姆Kuromu】#台灣Vtuber #庫洛姆,2024-03-16T16:34:27Z,https://www.youtube.com/watch?v=aPUEsk1fjXc,https://i.ytimg.com/vi/aPUEsk1fjXc/mqdefault.jpg
e78cffa246c24a1c88031151cad8c385,18375,【似曾相識的「那些遊戲」都換火柴人當主角了，你真的能夠順利通關嗎？】遊戲名字長到根本都不用打標題了。,2024-03-23T19:36:56Z,https://www.youtube.com/watch?v=eh8nNLTPSsg,https://i.ytimg.com/vi/eh8nNLTPSsg/mqdefault.jpg
6943bbfc993443d4b3853833b3bb1a66,18363,追女生必看😍🩵 #台V #vtuber #台灣vtuber #迷因 #迷因靈魂 #迷因梗圖 #冷知識,2024-03-17T10:53:16Z,https://www.youtube.com/watch?v=k7h286DdtpM,https://i.ytimg.com/vi/k7h286DdtpM/mqdefault.jpg
767afb93c0454b6291ea94d28ae5b5de,18339,【還債過敏糬💚】真心話大冒險 & 撒嬌台詞【羽宮奈奈】2024/03/20 20:10,2024-03-20T17:14:46Z,https://www.youtube.com/watch?v=xZTBQt5tb6A,https://i.ytimg.com/vi/xZTBQt5tb6A/mqdefault.jpg
c82ab1b4f8f64d1f84cae4ce09aa0dea,18303,冷冷ㄉ天我好想睡｜汐Seki｜!週邊 !指令,2024-03-11T13:02:49Z,https://www.twitch.tv/videos/2087686876,https://static-cdn.jtvnw.net/cf_vods/d3vd9lfkzbru3h/06bd4dc07352c189eb8f_seki_meridian_41132981319_1710162164//thumb/thumb0-%{width}x%{height}.jpg
9d9c6477329245cbb2557895f4f15686,18265,一堆酷酷諧音梗的歡樂坐牢 稻米米 with 咪咪蛋 Crazyface 文玄 阿一九一 | 特戰英豪,2024-03-26T10:30:10Z,https://www.youtube.com/watch?v=0tDAsNKezfQ,https://i.ytimg.com/vi/0tDAsNKezfQ/mqdefault.jpg
6bd49f94afb144e995247388ca8c42a8,18215,【橙Yuzumi】【中/日】廢棄之城 - 木登  ｜ @yuzumi_neon  !LINE貼圖 !人設 !rp,2024-03-25T14:13:20Z,https://www.twitch.tv/videos/2101063976,https://static-cdn.jtvnw.net/cf_vods/d3vd9lfkzbru3h/4a76f7dd0202c34d311e_yuzumi_neon_41170370535_1711375994//thumb/thumb0-%{width}x%{height}.jpg
2694a505a0e0441bb99b49e8ce1f7473,18032,【3/10】做完週表再開｜紅包活動記得填表單抽獎 !紅包 3/15 截止＆抽獎｜!RP !瑞杏盃 !yt !綠界 !會員 !7tv !指令,2024-03-10T13:09:36Z,https://www.twitch.tv/videos/2086758544,https://static-cdn.jtvnw.net/cf_vods/d3vd9lfkzbru3h/d12474ee990c4059d260_kannazukilubee_41130583591_1710076169//thumb/thumb0-%{width}x%{height}.jpg
334133534368487780dfa99b7c9f5949,17951,一分鐘學會黑糖蜜黑豆 🫘 #cooking #lifestyle #vtuber,2024-02-29T06:00:11Z,https://www.youtube.com/watch?v=Uf_auMTNqWQ,https://i.ytimg.com/vi/Uf_auMTNqWQ/mqdefault.jpg
0641a9c8b9a94994aaa33e0c86fef75b,17912,你們都被洗腦被騙ㄌ！醒醒RRRR #vtuber #shorts #台V #vtuberclip #vtuber中文 #kuromu,2024-03-11T11:32:01Z,https://www.youtube.com/watch?v=vLf3asB7lt4,https://i.ytimg.com/vi/vLf3asB7lt4/mqdefault.jpg
f6a4e7aa8d0c4e5cb39d199845ec4d02,17805,【杏仁ミル】昨天喝太多 胃不舒服 挨個餓 | !周邊 !3C @vtuber_amiru,2024-03-24T08:59:11Z,https://www.twitch.tv/videos/2099945915,https://static-cdn.jtvnw.net/cf_vods/d3vd9lfkzbru3h/6d0c57dd3f160ef2993c_vtuber_amiru_41166907351_1711270746//thumb/thumb0-%{width}x%{height}.jpg
6bd49f94afb144e995247388ca8c42a8,17789,【橙Yuzumi】【中/日】被抓來打仗 ft. @nwbigboss @hennie2001 @earendelxdfp    @restiafps @kannazukilubee @jongie  ｜ @yuzumi_neon  !LINE貼圖,2024-03-21T11:00:15Z,https://www.twitch.tv/videos/2097057262,https://static-cdn.jtvnw.net/cf_vods/d3vd9lfkzbru3h/43d663dbc179f9a937b8_yuzumi_neon_41158970455_1711018811//thumb/thumb0-%{width}x%{height}.jpg
71e1a399885b48e79c9a98e973e6b5e3,17743,隱藏小支線：賭神的傳奇 #shorts #台灣 #台V #vtuber #vtuber精華 #vtuberclip #slimeclip,2024-02-28T10:00:33Z,https://www.youtube.com/watch?v=fcZOWnpYNNQ,https://i.ytimg.com/vi/fcZOWnpYNNQ/mqdefault.jpg
23ec5ecfb8c14ea893576783f1790643,17729,為了應付親戚 另一半條件：除了父母雙亡還要… #vtuber #vtuberclip #台v #台v精華,2024-03-01T11:04:23Z,https://www.youtube.com/watch?v=O0UW6Dzqlo8,https://i.ytimg.com/vi/O0UW6Dzqlo8/mqdefault.jpg
fa5a7cdc259543259af42bb23f1e4041,17712,這真的是給小女生玩的玩具嗎???? #玩具,2024-03-18T11:49:22Z,https://www.youtube.com/watch?v=xI6D5cCxXzg,https://i.ytimg.com/vi/xI6D5cCxXzg/mqdefault.jpg
2741a90689f342548daad7f760b0a8f7,17680,【十萬等待】進來一起等待吧...令人感動的一刻！！！【希翁／Chion】,2024-03-18T11:15:29Z,https://www.youtube.com/watch?v=ZiflTfb9204,https://i.ytimg.com/vi/ZiflTfb9204/mqdefault.jpg
5535c9524eb046c38e172ebfa06b302f,17506,🔴AR60 ASIA【原神】先來複習《崩壞3rd》胃痛環節😂？！周日也能健檢《星穹鐵道》，萌新健檢&滷肉幫到你家 ▹璐洛洛◃,2024-03-03T18:24:13Z,https://www.youtube.com/watch?v=VhGqOw8-6Ek,https://i.ytimg.com/vi/VhGqOw8-6Ek/mqdefault.jpg
15c9a54b946a40c38c07ea2f9efddfa5,17506,【煌Kirali】來製作基拉男吧,2024-03-03T06:01:11Z,https://www.twitch.tv/videos/2079840684,https://static-cdn.jtvnw.net/cf_vods/d3vd9lfkzbru3h/ce1a91b639decaea937e_kirali_neon_41111970407_1709445666//thumb/thumb0-%{width}x%{height}.jpg
6bd49f94afb144e995247388ca8c42a8,17487,【橙Yuzumi】【中/日】廢棄之城#4 木登 ｜ @yuzumi_neon  !LINE貼圖 !瑞杏杯 !RP !人設,2024-03-13T13:33:39Z,https://www.twitch.tv/videos/2089547924,https://static-cdn.jtvnw.net/cf_vods/d3vd9lfkzbru3h/e244ad4aed75d7d9674e_yuzumi_neon_41138236135_1710336812//thumb/thumb0-%{width}x%{height}.jpg
265a18972d244affae35711cfd1f9931,17463,TAKOR18ASMR：福利向  好久沒有好好跟你深入了解呢 ❤️成人限定❤️ 【MiroLive/塔芭絲可】,2024-03-24T19:28:14Z,https://www.youtube.com/watch?v=2-rY0HGUML8,https://i.ytimg.com/vi/2-rY0HGUML8/mqdefault.jpg
e93bd1102e214cbaa71cc5b2e4a53595,17438,﹝中/日ok﹞瓦！每日練習！有搖可樂的你們我會加油的！ ░ @earendelxdfp !指令 !隊友 !RP !瑞杏盃,2024-03-16T14:24:18Z,https://www.twitch.tv/videos/2092454993,https://static-cdn.jtvnw.net/cf_vods/d3vd9lfkzbru3h/85431089ee187cc994de_earendelxdfp_41146567351_1710599053//thumb/thumb0-%{width}x%{height}.jpg
334133534368487780dfa99b7c9f5949,17429,一分鐘學會大麵鹼 🍜 #cooking #lifestyle #vtuber,2024-03-24T01:00:23Z,https://www.youtube.com/watch?v=tZYFFjHQGeE,https://i.ytimg.com/vi/tZYFFjHQGeE/mqdefault.jpg
f6a4e7aa8d0c4e5cb39d199845ec4d02,17382,【杏仁ミル】瑞杏盃✦拜請福能大神  | !周邊 !3C @vtuber_amiru,2024-03-17T16:05:20Z,https://www.twitch.tv/videos/2093546415,https://static-cdn.jtvnw.net/cf_vods/d3vd9lfkzbru3h/07156f9a22c3bf3d01f6_vtuber_amiru_41149565911_1710691514//thumb/thumb0-%{width}x%{height}.jpg
cd42e06c40534d9eac7e30a434e47d43,17363,阿豹的祕密就這樣被大家揭開了已經沒有臉見大家了 #台灣vtuber#台灣vtuber #帕豹pabo #shorts #short,2024-03-03T00:00:31Z,https://www.youtube.com/watch?v=nEJpQcWKj48,https://i.ytimg.com/vi/nEJpQcWKj48/mqdefault.jpg
312fdd3c5e6d4aefa73fd3860ecc5613,17353,🐺唇印禮物 #shorts,2024-03-01T10:15:02Z,https://www.youtube.com/watch?v=iSGSKW76Wao,https://i.ytimg.com/vi/iSGSKW76Wao/mqdefault.jpg
23ec5ecfb8c14ea893576783f1790643,17348,交Vtuber男朋友？我：虧爛 #vtuber #vtuberclip #台v #台v精華,2024-03-21T11:06:09Z,https://www.youtube.com/watch?v=C5_0rL_e7pg,https://i.ytimg.com/vi/C5_0rL_e7pg/mqdefault.jpg
49bb221fc77f440cae0c007a73f99aab,17241,復電少女回歸 Day29 ⋮ !加班 !尼魯貼圖 !DC !綠界,2024-03-08T13:40:57Z,https://www.twitch.tv/videos/2084699307,https://static-cdn.jtvnw.net/cf_vods/d3vd9lfkzbru3h/33058228dccc74eec59c_ukuruniru_41125391207_1709905252//thumb/thumb0-%{width}x%{height}.jpg
15c9a54b946a40c38c07ea2f9efddfa5,17240,【突發】我真的很想唱歌｜煌Kirali,2024-03-04T19:16:45Z,https://www.youtube.com/watch?v=GUFYL5Cvecc,https://i.ytimg.com/vi/GUFYL5Cvecc/mqdefault.jpg
ce2a2c07a74640fc8d3b39d022b16dd9,17230,男友徵招中…|名雪薇薇 #shorts #vtuber #台灣vtuber #搞笑 #雜談 #聊天 #包貨日常 #名雪薇薇 #雪豹,2024-03-03T05:16:38Z,https://www.youtube.com/watch?v=SroseXYmWb0,https://i.ytimg.com/vi/SroseXYmWb0/mqdefault.jpg
512b64ec20174d018540516e9edf2b2f,17216,開車直播🚗開心星期六換機油🥰吃點午餐,2024-03-23T18:06:24Z,https://www.youtube.com/watch?v=9651Pan0yL4,https://i.ytimg.com/vi/9651Pan0yL4/mqdefault.jpg
5535c9524eb046c38e172ebfa06b302f,17209,🔴AR60 ASIA【原神】「星鐵」2.1前瞻懶人包即將上片！周日也能健檢《星穹鐵道》，萌新健檢&滷肉幫到你家 ▹璐洛洛◃,2024-03-17T20:19:33Z,https://www.youtube.com/watch?v=edWQ-HKSSH8,https://i.ytimg.com/vi/edWQ-HKSSH8/mqdefault.jpg
512b64ec20174d018540516e9edf2b2f,17146,煩😅😅😅💥🌪️🌪️⁉️直播,2024-03-24T16:00:46Z,https://www.youtube.com/watch?v=FCRDr0NnVcA,https://i.ytimg.com/vi/FCRDr0NnVcA/mqdefault.jpg
6bd49f94afb144e995247388ca8c42a8,17111,【橙Yuzumi】【中/日】自主練習 ｜ @yuzumi_neon  !LINE貼圖 !瑞杏杯,2024-03-16T13:49:46Z,https://www.twitch.tv/videos/2092430789,https://static-cdn.jtvnw.net/cf_vods/d3vd9lfkzbru3h/ca80678bbfa4c6f4f9ba_yuzumi_neon_41146448327_1710596980//thumb/thumb0-%{width}x%{height}.jpg
15c9a54b946a40c38c07ea2f9efddfa5,17109,【煌Kirali】火皇這次獨自美麗嗎,2024-03-27T11:15:29Z,https://www.twitch.tv/videos/2102838697,https://static-cdn.jtvnw.net/cf_vods/d3vd9lfkzbru3h/88941b0277767c66ffa4_kirali_neon_41174986967_1711538123//thumb/thumb0-%{width}x%{height}.jpg
9d9c6477329245cbb2557895f4f15686,17108,/ᐠ. ̫ .ᐟ\ 0228 新動態桌布在DC股東大會 .ᐟ.ᐟ 今天是動圖幫的大勝利 ⸜♡⸝ ✿ !LINE !周邊 !DC !COVER,2024-02-28T08:45:43Z,https://www.twitch.tv/videos/2075996253,https://static-cdn.jtvnw.net/cf_vods/d3vd9lfkzbru3h/0456121f31f044cd293b_iitifox_41102161111_1709109936//thumb/thumb0-%{width}x%{height}.jpg
ebe5c5f9d67f44f3bc5e70b413ce9df7,17081,【加班#3】早上想來唱唱歌！加班時間又要增加了嗎QAQ【依可露】#shorts #short,2024-03-02T07:25:02Z,https://www.youtube.com/watch?v=EtHIvJX_pN4,https://i.ytimg.com/vi/EtHIvJX_pN4/mqdefault.jpg
f6a4e7aa8d0c4e5cb39d199845ec4d02,17055,【杏仁ミル】吃飽休完 好像團滅了 | !周邊 !3C @vtuber_amiru,2024-03-24T15:22:01Z,https://www.twitch.tv/videos/2100160561,https://static-cdn.jtvnw.net/cf_vods/d3vd9lfkzbru3h/c38e63559cd5ae2dfbfb_vtuber_amiru_41168000615_1711293715//thumb/thumb0-%{width}x%{height}.jpg
5535c9524eb046c38e172ebfa06b302f,16949,【原神】滿命千織代抽精華▸三滿命一次滿足？？？媽祖繞境不在家，常駐七星來我家？  Ft.  @yironron.0622   ▹璐洛洛◃,2024-03-19T13:30:06Z,https://www.youtube.com/watch?v=GTkwD1R9ks0,https://i.ytimg.com/vi/GTkwD1R9ks0/mqdefault.jpg
312fdd3c5e6d4aefa73fd3860ecc5613,16931,【#門票開賣】🥊盛開BLOOMING演唱會✨最新戰況 #演唱會 #2024盛開Blooming演唱會 #森森鈴蘭,2024-03-02T13:44:21Z,https://www.youtube.com/watch?v=2Yw5hU0c8sA,https://i.ytimg.com/vi/2Yw5hU0c8sA/mqdefault.jpg
d837e8fda137492c9d77882b98ff863a,16886,只要+1訂閱就+1分鐘的壺男耐久。1 SUB = 1 MIN #gettingoverit Part 2,2024-03-21T15:07:13Z,https://www.youtube.com/watch?v=UW0_8lBBYnw,https://i.ytimg.com/vi/UW0_8lBBYnw/mqdefault.jpg
767afb93c0454b6291ea94d28ae5b5de,16875,【歌回】唱唱糬民點的歌✨【羽宮奈奈】2024/03/17 19:00,2024-03-17T15:23:14Z,https://www.youtube.com/watch?v=swPioEpWr8M,https://i.ytimg.com/vi/swPioEpWr8M/mqdefault.jpg
7ead9e2cac544a7cb00444ef6b4698d1,16856,【歌回】嗨歌唱起來！｜響Hibiki,2024-03-03T17:44:02Z,https://www.youtube.com/watch?v=xD3yl_IO4y8,https://i.ytimg.com/vi/xD3yl_IO4y8/mqdefault.jpg
ea4c1a67c2e445ad8028768616ceb659,16769,【🥞超濃起司警告】各位獸控期待的獸可初配信....超絕不獸控制的預感！？【洛可洛斯特 / VTUBER】,2024-03-13T16:23:35Z,https://www.youtube.com/watch?v=g2E9IqUNWn0,https://i.ytimg.com/vi/g2E9IqUNWn0/mqdefault.jpg
6943bbfc993443d4b3853833b3bb1a66,16767,尼莫壞掉了，童年毀了🥹#台灣vtuber #vtuber #台V #冷知識 #皮克斯 #海底總動員 #迷因 #迷因靈魂,2024-03-15T10:30:44Z,https://www.youtube.com/watch?v=SvjIfxQGQL0,https://i.ytimg.com/vi/SvjIfxQGQL0/mqdefault.jpg
e93bd1102e214cbaa71cc5b2e4a53595,16759,【伴睡歌回】甚麼時候最讓你感覺到自己是『一個人呢』？今天選的哪首歌，說的是你的故事呢？  ░  睡眠導入歌枠｜Singing Stream,2024-03-11T15:50:51Z,https://www.youtube.com/watch?v=5xBQ8yAzFUg,https://i.ytimg.com/vi/5xBQ8yAzFUg/mqdefault.jpg
31f17632340f4e7fbd0ced07193dd81b,16639,【雜談】關於我線上夾娃娃 店員看不下去那檔事...【達亞】,2024-03-19T22:16:48Z,https://www.youtube.com/watch?v=vpZzy0st3mg,https://i.ytimg.com/vi/vpZzy0st3mg/mqdefault.jpg
75ddc749133b4c498eb35ceac1e2a0b2,16596,【初配信】永生花盛放之夜，歡迎大家一起來聞香🌷【紫茗ZiMing】,2024-03-21T14:34:06Z,https://www.youtube.com/watch?v=uB32cNRavdo,https://i.ytimg.com/vi/uB32cNRavdo/mqdefault.jpg
c82ab1b4f8f64d1f84cae4ce09aa0dea,16572,握握手 我們都是好朋友｜汐Seki｜!週邊 !指令,2024-02-28T12:49:35Z,https://www.twitch.tv/videos/2076084259,https://static-cdn.jtvnw.net/cf_vods/d3vd9lfkzbru3h/06727ddf354a969dac68_seki_meridian_41102805079_1709124569//thumb/thumb0-%{width}x%{height}.jpg
ea4c1a67c2e445ad8028768616ceb659,16452,【🥞？】深夜唱歌辣好氣好氣我錯過咪哭日了，我的網路線是被胖貓咬斷了484【洛可洛斯特 / VTUBER】,2024-03-10T00:59:17Z,https://www.youtube.com/watch?v=rNEXyAUXyJc,https://i.ytimg.com/vi/rNEXyAUXyJc/mqdefault.jpg
17c335762a694402b8cb9a96b2865572,16324,Thirteen ASMR:舒眠向💜 | 姊系女友的甜蜜採耳👾💜 | 優しく耳かきで眠りを誘う | GF gently cleans your ears  | 拾參Thirteen / VTuber,2024-02-28T16:58:00Z,https://www.youtube.com/watch?v=B-jyRUU1Bz8,https://i.ytimg.com/vi/B-jyRUU1Bz8/mqdefault.jpg
7c06b9e316ce4ac18ce836cd72442bbe,16313,【ゲリラ歌枠】迎接超神合唱曲之唱唱🎤神コンビ合唱公開まで歌おう✨初見さん大歓迎🎵【浠Mizuki Karaoke】#shorts #縦型配信 #初見歓迎,2024-03-08T12:10:13Z,https://www.youtube.com/watch?v=A6LtEl9Qzrg,https://i.ytimg.com/vi/A6LtEl9Qzrg/mqdefault.jpg
15c9a54b946a40c38c07ea2f9efddfa5,16263,【煌Kirali】廢棄之城第一天: 火皇出發啦！,2024-03-06T11:00:42Z,https://www.twitch.tv/videos/2082768652,https://static-cdn.jtvnw.net/cf_vods/d3vd9lfkzbru3h/857377863b25b3b66fd9_kirali_neon_41119870391_1709722837//thumb/thumb0-%{width}x%{height}.jpg
334133534368487780dfa99b7c9f5949,16219,30秒學會自製蔥油 🧴 #cooking #lifestyle #vtuber,2024-03-07T06:00:19Z,https://www.youtube.com/watch?v=nU-iRNwk1kg,https://i.ytimg.com/vi/nU-iRNwk1kg/mqdefault.jpg
7c06b9e316ce4ac18ce836cd72442bbe,16205,【2.5周年歌枠】邊一起等新歌邊慶祝周年唱唱🎊新曲公開一緒に待ちながら歌おう🌊初見さん大歓迎🎵【浠Mizuki Karaoke】#shorts #縦型配信 #初見歓迎,2024-02-28T11:09:44Z,https://www.youtube.com/watch?v=ezWGtT5qNAQ,https://i.ytimg.com/vi/ezWGtT5qNAQ/mqdefault.jpg
dad6fb7439d744739755a9a7c6c18d20,16184,【手遊排行榜】我今天一定要找到可以療癒我的優質手遊！【角蓮Caren】#縱型配信,2024-03-10T11:31:58Z,https://www.youtube.com/watch?v=m-nfMRTtD6M,https://i.ytimg.com/vi/m-nfMRTtD6M/mqdefault.jpg
31f17632340f4e7fbd0ced07193dd81b,16174,歡迎 ! 開著工作~ 沒有特別要幹嘛~,2024-03-11T15:34:55Z,https://www.youtube.com/watch?v=eKly9FFEVbU,https://i.ytimg.com/vi/eKly9FFEVbU/mqdefault.jpg
8267ea37c12a471a8a038f501832e099,16073,【ASMR】3Dio FS XLR ♡ 深度舔耳-回家後姐姐的一小時獎勵成為我的弟弟嗎? ♡ 口腔音【萊菈 希格娜斯】 ​#3dio,2024-03-09T14:00:06Z,https://www.youtube.com/watch?v=urBvM5v-BP8,https://i.ytimg.com/vi/urBvM5v-BP8/mqdefault.jpg
f110fd69b66941bab04de9ada563c6ac,16070,推心置腹…？推薪致富…？ #shorts,2024-03-10T04:00:34Z,https://www.youtube.com/watch?v=zvW_TYfxBKA,https://i.ytimg.com/vi/zvW_TYfxBKA/mqdefault.jpg
2741a90689f342548daad7f760b0a8f7,16042,【電車難題】殘酷二選一!?讓大家看看我的劣根性【希翁／Chion】,2024-02-28T18:42:33Z,https://www.youtube.com/watch?v=4FDqYj_pkrU,https://i.ytimg.com/vi/4FDqYj_pkrU/mqdefault.jpg
512b64ec20174d018540516e9edf2b2f,16014,「TobaRana鳥羽樂奈【靛之森Ainomori】」正在直播！,2024-03-01T08:24:06Z,https://www.youtube.com/watch?v=Zqf3kC5zN84,https://i.ytimg.com/vi/Zqf3kC5zN84/mqdefault.jpg
abd64c9a64e04fb1b23faa2480c1c106,15992,【四人實況】晚上的學校到底有多可怕？隨機生成逃脫恐怖遊戲 《迷宮校舎 | School Labyrinth》Feat. 阿斯 雪兔 小光,2024-03-19T13:15:16Z,https://www.youtube.com/watch?v=x9nUUE6dnCs,https://i.ytimg.com/vi/x9nUUE6dnCs/mqdefault.jpg
e350c8b7e41045419ee1ac73bc78921b,15945,對不起我真的不該這樣🧎… #vtuber #台v #台灣vtuber #shorts #shortvideo #vtuberclip #vtuber中文,2024-03-22T10:35:37Z,https://www.youtube.com/watch?v=wqO807oHwjE,https://i.ytimg.com/vi/wqO807oHwjE/mqdefault.jpg
c5fe413a473d4638b53fb3f9019aabbe,15913,【跳繩罵倒】絕對真心誠意的邊跳邊罵 #玻璃心勿近🔹#帕蘿妮 #Paroniie #SHORTS #直向配信,2024-03-07T11:52:37Z,https://www.youtube.com/watch?v=C13QQgSER8k,https://i.ytimg.com/vi/C13QQgSER8k/mqdefault.jpg
5535c9524eb046c38e172ebfa06b302f,15877,【黑色沙漠】2024年還是很能打，新手入坑或回鍋最佳時機!🌟 季節伺服器常駐開放、東(V)飾品，最新必知資訊!▹璐洛洛◃,2024-03-22T13:00:07Z,https://www.youtube.com/watch?v=_bGChH5jO0g,https://i.ytimg.com/vi/_bGChH5jO0g/mqdefault.jpg
d5fdf5fc55d14476908e416e6d43c121,15869,【日常】外面下雨了呢...feat.九十九真淵【雪之下織雪】,2024-03-08T11:30:33Z,https://www.youtube.com/watch?v=rtbNkElotGY,https://i.ytimg.com/vi/rtbNkElotGY/mqdefault.jpg
c82ab1b4f8f64d1f84cae4ce09aa0dea,15865,呼呼饅頭｜汐Seki｜!週邊 !指令,2024-03-04T13:39:35Z,https://www.twitch.tv/videos/2080996134,https://static-cdn.jtvnw.net/cf_vods/d3vd9lfkzbru3h/9de307fea8c9621a71da_seki_meridian_41115505623_1709559570//thumb/thumb0-%{width}x%{height}.jpg
d837e8fda137492c9d77882b98ff863a,15827,在美國吃到史上最雷的韓式烤肉！？ #vtuber #台v #真理果,2024-03-25T09:30:00Z,https://www.youtube.com/watch?v=3bd6GnvxiL0,https://i.ytimg.com/vi/3bd6GnvxiL0/mqdefault.jpg
312fdd3c5e6d4aefa73fd3860ecc5613,15750,【歌回LA】唱歌！ #森森鈴蘭,2024-03-28T16:20:10Z,https://www.youtube.com/watch?v=ZwVY6DhqJ9A,https://i.ytimg.com/vi/ZwVY6DhqJ9A/mqdefault.jpg
f6a4e7aa8d0c4e5cb39d199845ec4d02,15748,【杏仁ミル】今天是VR日 全身動ㄘ動ㄘ | !周邊 !3C @vtuber_amiru,2024-03-28T12:05:10Z,https://www.twitch.tv/videos/2103813255,https://static-cdn.jtvnw.net/cf_vods/d3vd9lfkzbru3h/77822e7e2efe3e3d4c35_vtuber_amiru_41178017447_1711627505//thumb/thumb0-%{width}x%{height}.jpg
f6a4e7aa8d0c4e5cb39d199845ec4d02,15743,【杏仁ミル精華】別挨餓開團啦！ 咪嚕蜘蛛女王和他的朋友們....朋友很好吃到底聽了些什麼！@Uzra730505 @Koko0416 @nein1203 @Dou0722 【#杏仁ミル】,2024-03-20T07:00:14Z,https://www.youtube.com/watch?v=GbryICQ50kw,https://i.ytimg.com/vi/GbryICQ50kw/mqdefault.jpg
ec65566d949944ffb1e2723f97ded6e0,15730,我已經不想再藏了…,2024-03-13T12:28:52Z,https://www.youtube.com/watch?v=Jegwemo4hqo,https://i.ytimg.com/vi/Jegwemo4hqo/mqdefault.jpg
2e266a71aa3d4a67bb8d9a2a0b573319,15696,【仔魚】-   ０３/０４ ｜  !周邊 !LINE,2024-03-04T00:35:53Z,https://www.twitch.tv/videos/2080614163,https://static-cdn.jtvnw.net/cf_vods/d3vd9lfkzbru3h/3b0e0be8802fe4d9fa7d_ziifish_41113990903_1709512543//thumb/thumb0-%{width}x%{height}.jpg
c65e7caaf81a43249d5132b9fe312b24,15618,Vtuber Plays Violin to Rizz You!!,2024-03-08T07:47:18Z,https://www.youtube.com/watch?v=lgV0q_QiM2U,https://i.ytimg.com/vi/lgV0q_QiM2U/mqdefault.jpg
6c872a4043b84e4493877a42af684d1d,15572,怎麼每次聊天室都這麼奇怪！,2024-03-05T10:29:00Z,https://www.youtube.com/watch?v=DSZYct6-32k,https://i.ytimg.com/vi/DSZYct6-32k/mqdefault.jpg
b6f68e0e323f45458752f3a7ec6a08f2,15541,【#縱型繪雜】畫龍點心 - 午安🐲  起床先來快樂畫畫圖!【月下香幽芳YuFang】,2024-03-02T09:10:04Z,https://www.youtube.com/watch?v=J5ftCz8ZqYc,https://i.ytimg.com/vi/J5ftCz8ZqYc/mqdefault.jpg
ea4c1a67c2e445ad8028768616ceb659,15539,【🥞深夜酒雜女子會】喝酒聊天時間！我今天真的瘋狂看AOI被瑪麗弄到鑽地洞。【洛可洛斯特 / VTUBER】FT.瑪格麗特諾爾絲/AOI/依筆,2024-03-02T18:17:38Z,https://www.youtube.com/watch?v=izvuVTpR63Q,https://i.ytimg.com/vi/izvuVTpR63Q/mqdefault.jpg
2694a505a0e0441bb99b49e8ce1f7473,15524,【3/2】好MS寶每天都要玩新楓之谷｜紅包活動記得填表單抽獎 !紅包｜!RP !瑞杏盃 !yt !綠界 !會員 !7tv !指令,2024-03-02T12:00:13Z,https://www.twitch.tv/videos/2078954090,https://static-cdn.jtvnw.net/cf_vods/d3vd9lfkzbru3h/d93f5a12e04224d2dfaf_kannazukilubee_41110115319_1709380807//thumb/thumb0-%{width}x%{height}.jpg
e93bd1102e214cbaa71cc5b2e4a53595,15465,【#戀與深空】新髮型揭露！白色情人節讓我們一起過，邊聊天邊玩玩辣個遊戲學習如何當個懂撩的倫（不是工商）｜#gaming Stream,2024-03-14T16:02:25Z,https://www.youtube.com/watch?v=NQ2NjrpAiY4,https://i.ytimg.com/vi/NQ2NjrpAiY4/mqdefault.jpg
6dc75ab227e34c928598bde8f2d324bf,15410,【short】敏感報社龜 VS 社不出來忍著龜!! 你選哪一個?? 🦁 #shorts #short #vtuber #vtuberclip #vtuber精華 #海克莉絲 #hercules,2024-03-12T03:00:08Z,https://www.youtube.com/watch?v=IviVP_-E5Ok,https://i.ytimg.com/vi/IviVP_-E5Ok/mqdefault.jpg
ce2a2c07a74640fc8d3b39d022b16dd9,15398,「歌回」錢XKTV華語歌曲排行榜 你聽過幾首？初見大歡迎！ #shorts #縱型歌回,2024-03-02T15:30:37Z,https://www.youtube.com/watch?v=RLub9a32zsM,https://i.ytimg.com/vi/RLub9a32zsM/mqdefault.jpg
7c06b9e316ce4ac18ce836cd72442bbe,15389,勁辣雞腿堡❤ #shorts #mizukilive,2024-03-07T02:32:16Z,https://www.youtube.com/watch?v=buueBaPom58,https://i.ytimg.com/vi/buueBaPom58/mqdefault.jpg
b4a1791208fd4d85b7b08ee2bad0c236,15386,【直式直播】狐理狐突🌼 #shorts #瑪格麗特諾爾絲 #vtuber #箱箱thebox,2024-03-08T16:22:32Z,https://www.youtube.com/watch?v=N6oF6O_sfc8,https://i.ytimg.com/vi/N6oF6O_sfc8/mqdefault.jpg
5535c9524eb046c38e172ebfa06b302f,15352,來一場不眠之夜，做結尾！🎉 #honkaistarrail #璐洛洛,2024-03-21T10:00:47Z,https://www.youtube.com/watch?v=tQ-6ePOk03w,https://i.ytimg.com/vi/tQ-6ePOk03w/mqdefault.jpg
64c779f8cc214e7a9b570c7b3fc128cc,15325,【酒雑🍸】喝酒不會醉的主播...就是我！！ #初見歓迎 | 利卡洛斯 LiKaRuZ,2024-02-29T15:26:15Z,https://www.youtube.com/watch?v=AJbz-Kqt0y4,https://i.ytimg.com/vi/AJbz-Kqt0y4/mqdefault.jpg
c65e7caaf81a43249d5132b9fe312b24,15325,This Vtuber is a Violinist™!!,2024-02-29T08:49:06Z,https://www.youtube.com/watch?v=ZOyRB-b-qiE,https://i.ytimg.com/vi/ZOyRB-b-qiE/mqdefault.jpg
3681a0b4e4bd48888473b1884f6ee420,15325,女孩子有多能吃？ #台v #台灣vtuber #佐藍 #vtuber中文 #vtuber精華 #大胃王,2024-03-02T11:00:09Z,https://www.youtube.com/watch?v=wItRC3l6LUg,https://i.ytimg.com/vi/wItRC3l6LUg/mqdefault.jpg
ebe5c5f9d67f44f3bc5e70b413ce9df7,15285,【加班】廢棄之城RP 加班轉盤拉霸中  !加班 !綠界 可以用7tv唷【依可露】,2024-03-14T08:58:18Z,https://www.twitch.tv/videos/2090363287,https://static-cdn.jtvnw.net/cf_vods/d3vd9lfkzbru3h/a2159e4b50dc59684c7a_ekorru_41140033751_1710406691//thumb/thumb0-%{width}x%{height}.jpg
334133534368487780dfa99b7c9f5949,15281,一分鐘學會馬鈴薯蛋沙拉 🥗 #cooking #lifestyle #vtuber,2024-03-22T07:00:27Z,https://www.youtube.com/watch?v=xDcuv88-ei8,https://i.ytimg.com/vi/xDcuv88-ei8/mqdefault.jpg
7c06b9e316ce4ac18ce836cd72442bbe,15274,【ヤンデレ歌枠】你的病嬌女友唱歌來給你聽啦❤不要輕易走開喔🥰ずっと一緒にいようね*˶ˆᴗˆ˵初見大歓迎❤【浠Mizuki Karaoke】,2024-03-09T14:53:48Z,https://www.youtube.com/watch?v=URJJwTz6oTo,https://i.ytimg.com/vi/URJJwTz6oTo/mqdefault.jpg
4c3cae772e974f8fb8e04f4cc9c8cd8d,15245,✞  縦 × 歌雑 ꙳  ✞  從初音到抖音 🌧 微感冒 ♡ 可愛唱 🌧 *.  ┊ Square Live 白白虹,2024-03-24T10:59:49Z,https://www.youtube.com/watch?v=CO6OWIrCAzY,https://i.ytimg.com/vi/CO6OWIrCAzY/mqdefault.jpg
e93bd1102e214cbaa71cc5b2e4a53595,15238,【TGS RUST】伺服器最後一日！參加攻城計畫及放煙火！！又要跟RUST說掰掰一段時間惹QQ 初參 JP伺服器！#tgsrust  ｜Gaming Stream,2024-03-02T15:14:39Z,https://www.youtube.com/watch?v=lRNLP209kb0,https://i.ytimg.com/vi/lRNLP209kb0/mqdefault.jpg
b4a1791208fd4d85b7b08ee2bad0c236,15136,【狐前刀工地獄廚房】鬆餅VS雞腿，今晚的拉姆齊北極狐到底能不能活到最後呢？ With @ReLiveDaDa @Locolost65,2024-03-01T12:29:29Z,https://www.youtube.com/watch?v=vNjqyELvS6c,https://i.ytimg.com/vi/vNjqyELvS6c/mqdefault.jpg
5f12df329c6144e1a6c596f4fbcb9e81,15133,台湾文化勉強作戦会議 ft.乙夏れい、神楽ゆら【Torako Podcast 大合虎子】,2024-03-12T13:16:31Z,https://www.youtube.com/watch?v=WWaHO-sCedw,https://i.ytimg.com/vi/WWaHO-sCedw/mqdefault.jpg
729621ce509b4641ad8cde76dec037d0,15127,✧縱型雜談✧陪我逛街台！好想買漂亮的小裙子！！希妮·亞里絲🤍SinnieAris✨,2024-03-19T13:10:02Z,https://www.youtube.com/watch?v=FFKosvyrMgM,https://i.ytimg.com/vi/FFKosvyrMgM/mqdefault.jpg
8bf35c3b9a9e461d825a9170555b71c2,15122,【澪Rei】狸貓有很多事沒有做 !YT !FF42 中文/Eng/日本語,2024-03-01T15:38:43Z,https://www.twitch.tv/videos/2078057657,https://static-cdn.jtvnw.net/cf_vods/d3vd9lfkzbru3h/abbec81b49a90a849c75_reirei_neon_41108164487_1709307516//thumb/thumb0-%{width}x%{height}.jpg
ea4c1a67c2e445ad8028768616ceb659,15113,レクイエム / Kanaria covered by 洛可洛斯特 × 浠Mizuki【歌ってみた】,2024-03-04T14:00:10Z,https://www.youtube.com/watch?v=aYxtz0vDy7w,https://i.ytimg.com/vi/aYxtz0vDy7w/mqdefault.jpg
c5fe413a473d4638b53fb3f9019aabbe,15092,【告解】原諒是上帝的事、我負責送你去見他就行了。BY 修女帕🔹#帕蘿妮 #Paroniie #SHORTS #直向配信,2024-02-29T16:21:27Z,https://www.youtube.com/watch?v=2KVroteJZ38,https://i.ytimg.com/vi/2KVroteJZ38/mqdefault.jpg
e93bd1102e214cbaa71cc5b2e4a53595,15074,【拜託先不要】 瘋狂抖抖搖頭！我跟你真的不熟【厄倫蒂兒 Earendel】,2024-02-28T12:00:38Z,https://www.youtube.com/watch?v=eFLAPeIqXE4,https://i.ytimg.com/vi/eFLAPeIqXE4/mqdefault.jpg
6943bbfc993443d4b3853833b3bb1a66,15064,我要當人瑞主播👹 #台灣vtuber #vtuber #台V #迷因 #迷因靈魂 #冷知識 #冷知識小教室,2024-03-05T10:28:28Z,https://www.youtube.com/watch?v=keZH4TxwWV8,https://i.ytimg.com/vi/keZH4TxwWV8/mqdefault.jpg
c40c5082434e4b1ca8e19f82d54f83b2,15011,【Shorts】在台港人 Vs 在港台人 #Shorts #vtuber中文 #中文vtuber #台v,2024-03-01T15:30:01Z,https://www.youtube.com/watch?v=A7h8QhyAHaY,https://i.ytimg.com/vi/A7h8QhyAHaY/mqdefault.jpg
265a18972d244affae35711cfd1f9931,15005,TAKOASMR：舒眠向  首次超美麗3D ASMR全新體驗 全肯定陪你好好補充能量❤️  【MiroLive/塔芭絲可】,2024-03-17T16:18:13Z,https://www.youtube.com/watch?v=dIBiSl74vyo,https://i.ytimg.com/vi/dIBiSl74vyo/mqdefault.jpg
c82ab1b4f8f64d1f84cae4ce09aa0dea,15004,【歌回】隨意唱些喜歡的歌 是最開心的事｜汐Seki,2024-03-10T16:35:21Z,https://www.youtube.com/watch?v=85nwWN5Z5Q4,https://i.ytimg.com/vi/85nwWN5Z5Q4/mqdefault.jpg
4544974bc5624035ae7bb0c9ed33e44e,14996,當發現自己無法停下口癖 #瓦西瓦瓦 #vaswawa,2024-03-11T04:00:11Z,https://www.youtube.com/watch?v=A027Qxj83cM,https://i.ytimg.com/vi/A027Qxj83cM/mqdefault.jpg
e17f42aa104040deae2ee3f3b1e85ed8,14966,【肉肉薔蒔】03/22,2024-03-22T05:35:26Z,https://www.twitch.tv/videos/2097861893,https://static-cdn.jtvnw.net/cf_vods/d3vd9lfkzbru3h/e6202968c3b84730a54b_aishakumo_41160909991_1711085721//thumb/thumb1-%{width}x%{height}.jpg
d5fdf5fc55d14476908e416e6d43c121,14908,【日常短片】 兔子大便真的可以吃【雪之下織雪】,2024-03-14T11:30:00Z,https://www.youtube.com/watch?v=-SqyaydKyBk,https://i.ytimg.com/vi/-SqyaydKyBk/mqdefault.jpg
767afb93c0454b6291ea94d28ae5b5de,14904,【台語練唱】你們那邊還來得及！！快把握最後拯救世界的機會✨【羽宮奈奈】2024/03/25 21:00,2024-03-25T17:03:24Z,https://www.youtube.com/watch?v=tZ02DZxYpyE,https://i.ytimg.com/vi/tZ02DZxYpyE/mqdefault.jpg
6bd49f94afb144e995247388ca8c42a8,14897,【橙Yuzumi】【中/日】 終究逃不過 ｜ @yuzumi_neon  !LINE貼圖,2024-03-01T15:27:10Z,https://www.twitch.tv/videos/2078050344,https://static-cdn.jtvnw.net/cf_vods/d3vd9lfkzbru3h/cf05f584b89d3b8d2e99_yuzumi_neon_41108136359_1709306824//thumb/thumb0-%{width}x%{height}.jpg
15c9a54b946a40c38c07ea2f9efddfa5,14892,【煌Kirali】歡樂下午快樂生活,2024-03-11T08:42:38Z,https://www.twitch.tv/videos/2087592251,https://static-cdn.jtvnw.net/cf_vods/d3vd9lfkzbru3h/04a6915d47cd5eee0165_kirali_neon_41132258215_1710146551//thumb/thumb0-%{width}x%{height}.jpg
ec65566d949944ffb1e2723f97ded6e0,14877,椅子模擬器比你想得還糟糕... #台v #台灣vtuber #vtuber #shorts #meme,2024-03-01T10:46:50Z,https://www.youtube.com/watch?v=Z7_xr6UTMK0,https://i.ytimg.com/vi/Z7_xr6UTMK0/mqdefault.jpg
7c06b9e316ce4ac18ce836cd72442bbe,14866,【歌枠】腳骨折了自己唱唱歌施上療癒魔法🎤足の骨折れた…歌で癒してあげる🎵初見さん大歓迎✨【浠Mizuki Karaoke】#shorts #縦型配信 #初見歓迎,2024-03-13T14:35:01Z,https://www.youtube.com/watch?v=vBf2JTm2Yms,https://i.ytimg.com/vi/vBf2JTm2Yms/mqdefault.jpg
0f595c5e48be4f29befb358388a61f8b,14825,【自尊消磨尺】你的闊度是多少?!#vtuber #shorts #台V #vtuberclip #vtuber中文 #新人vtuber #irisadaily #irisalive,2024-03-06T12:00:27Z,https://www.youtube.com/watch?v=enUF2MzvSU8,https://i.ytimg.com/vi/enUF2MzvSU8/mqdefault.jpg
fa5a7cdc259543259af42bb23f1e4041,14815,童年陰影 #vtuber #台v #精華,2024-03-10T04:36:59Z,https://www.youtube.com/watch?v=cB-kj-77cTI,https://i.ytimg.com/vi/cB-kj-77cTI/mqdefault.jpg
8bf35c3b9a9e461d825a9170555b71c2,14799,【澪Rei】好耶練團囉！!YT !FF42 中文/Eng/日本語,2024-03-09T14:37:33Z,https://www.twitch.tv/videos/2085772530,https://static-cdn.jtvnw.net/cf_vods/d3vd9lfkzbru3h/84aaf51a0bb9240c3d67_reirei_neon_41128240455_1709995049//thumb/thumb0-%{width}x%{height}.jpg
2694a505a0e0441bb99b49e8ce1f7473,14784,【3/1】DAY39 今天一定下班｜紅包活動記得填表單抽獎 !紅包｜!RP !瑞杏盃 !yt !綠界 !會員 !7tv !指令,2024-03-01T12:57:11Z,https://www.twitch.tv/videos/2077961154,https://static-cdn.jtvnw.net/cf_vods/d3vd9lfkzbru3h/6e79782e1532489187ba_kannazukilubee_41107652871_1709297826//thumb/thumb0-%{width}x%{height}.jpg
e17f42aa104040deae2ee3f3b1e85ed8,14702,【肉肉薔蒔】03/21 ru04d; yji4vu6,2024-03-20T20:36:35Z,https://www.twitch.tv/videos/2096530244,https://static-cdn.jtvnw.net/cf_vods/d3vd9lfkzbru3h/b2781e66cebedcfd769f_aishakumo_41157706199_1710966987//thumb/thumb0-%{width}x%{height}.jpg
e93bd1102e214cbaa71cc5b2e4a53595,14679,【縦型歌雑】明天就是MIKU日！來唱唱久違的Ｖ家歌，回味一下以前得到的感動！！！ ░  #歌枠 #雑談 #shorts #short #縦型配信｜Singing Stream,2024-03-08T13:25:50Z,https://www.youtube.com/watch?v=2_okjVuOsd0,https://i.ytimg.com/vi/2_okjVuOsd0/mqdefault.jpg
cd42e06c40534d9eac7e30a434e47d43,14656,【生日新衣裝&禮物開箱】鏡頭注意! 今天是我生日耶! 會有怎樣的禮物呢! ♡  嗷嗚~ #vtuber,2024-03-21T20:23:22Z,https://www.youtube.com/watch?v=X71izgd56pE,https://i.ytimg.com/vi/X71izgd56pE/mqdefault.jpg
ebe5c5f9d67f44f3bc5e70b413ce9df7,14651,【加班#25】周日的中午，明天就是BLUE MONDAY啦｜加班拉霸機啟動【依可露】#shorts #vtuber #縱型配信 #talking #short #singing,2024-03-17T08:12:39Z,https://www.youtube.com/watch?v=J1HJo-Knf1Y,https://i.ytimg.com/vi/J1HJo-Knf1Y/mqdefault.jpg
6fb8c6dea7404638a9d78d4b0d84f64c,14629,【🌟🌟🌟】3D初配信！讚嘆、興奮吧！！！一起來看最真實、超好動的祈菈！【祈菈．貝希毛絲】,2024-03-20T16:16:59Z,https://www.youtube.com/watch?v=foHPBB5JwN8,https://i.ytimg.com/vi/foHPBB5JwN8/mqdefault.jpg
7c06b9e316ce4ac18ce836cd72442bbe,14625,【歌枠】白情溫柔情歌回♥將雪白染上你的顏色吧🎤ホワイトデーにやさしいバラードを届ける🎶初見大歓迎❤【浠Mizuki Karaoke】,2024-03-15T16:20:57Z,https://www.youtube.com/watch?v=tGQ8QkjYDAs,https://i.ytimg.com/vi/tGQ8QkjYDAs/mqdefault.jpg
5535c9524eb046c38e172ebfa06b302f,14568,【女武神契約】新手入坑必看指南▸隊伍推薦、遊戲玩法懶人包！3倍911抽 共2733抽免費送!?🤩 ▹璐洛洛◃,2024-03-16T13:00:06Z,https://www.youtube.com/watch?v=iOvZDZjEJ8E,https://i.ytimg.com/vi/iOvZDZjEJ8E/mqdefault.jpg
a000aa1d3ea7489c993277d33ab2457e,14566,【午餐配月】午安!今天做封面邊跟大家聊天⌇幻月Moondogs,2024-02-28T06:19:04Z,https://www.youtube.com/watch?v=1nY9UO9s900,https://i.ytimg.com/vi/1nY9UO9s900/mqdefault.jpg
0641a9c8b9a94994aaa33e0c86fef75b,14547,驚！直播中竟露出庫庫ㄉ⋯小褲褲？#vtuber #shorts #台V #vtuberclip #vtuber中文 #kuromu,2024-03-22T14:23:50Z,https://www.youtube.com/watch?v=b97eGo2Ki4U,https://i.ytimg.com/vi/b97eGo2Ki4U/mqdefault.jpg
6bd49f94afb144e995247388ca8c42a8,14515,【全方位美少女】哪個角度你最喜歡？ ｜橙Yuzumi  #全方向美少女 #shorts,2024-03-19T10:00:42Z,https://www.youtube.com/watch?v=ty68Bkoj7OY,https://i.ytimg.com/vi/ty68Bkoj7OY/mqdefault.jpg
02d67d58d59644be9cdf0b1179419637,14499,當觀眾要羊羊閉嘴時  #台v #vtuber #shortsbeta  #shortsvideo #罵倒,2024-02-29T11:39:50Z,https://www.youtube.com/watch?v=xDaLClMMIPs,https://i.ytimg.com/vi/xDaLClMMIPs/mqdefault.jpg
b6f68e0e323f45458752f3a7ec6a08f2,14488,【#縱型繪雜】畫龍點心 - 晚安🐲  🦗 最後衝刺還債！不畫完不下播！【月下香幽芳YuFang】,2024-03-28T15:24:16Z,https://www.youtube.com/watch?v=LtJGzXuRPbE,https://i.ytimg.com/vi/LtJGzXuRPbE/mqdefault.jpg
e93bd1102e214cbaa71cc5b2e4a53595,14480,【#迷宮校舎】恐遊密室逃脫！只要有人叫得更大聲，我就是最勇敢的那個！ft.@restiafps / BB / @Kirali_Neon   ｜#gaming Stream,2024-03-08T17:02:15Z,https://www.youtube.com/watch?v=zCrSzv3KGVA,https://i.ytimg.com/vi/zCrSzv3KGVA/mqdefault.jpg
0641a9c8b9a94994aaa33e0c86fef75b,14440,【庫生日】3歲ㄌ!出現ㄌ小庫庫....?!一起過陪庫過生日!!!禮物拆箱!新周邊公布!【庫洛姆Kuromu】#台灣Vtuber #庫洛姆,2024-03-20T20:35:05Z,https://www.youtube.com/watch?v=tpNEEoONouc,https://i.ytimg.com/vi/tpNEEoONouc/mqdefault.jpg
6bd49f94afb144e995247388ca8c42a8,14407,【橙Yuzumi】【中/日】 哄睡台失敗人 ｜ @yuzumi_neon  !LINE貼圖,2024-03-02T17:20:18Z,https://www.twitch.tv/videos/2079177506,https://static-cdn.jtvnw.net/cf_vods/d3vd9lfkzbru3h/bdec006459db60f275ad_yuzumi_neon_41111007047_1709400010//thumb/thumb0-%{width}x%{height}.jpg
5535c9524eb046c38e172ebfa06b302f,14392,🔴LIVE【鳴潮】奏鳴測試體驗EP.2▸這畫面真的太棒了😍努力衝等解鎖後面聯機系統！ ​ ▹璐洛洛◃,2024-03-09T19:54:52Z,https://www.youtube.com/watch?v=L5IhdE0Uac8,https://i.ytimg.com/vi/L5IhdE0Uac8/mqdefault.jpg
2e266a71aa3d4a67bb8d9a2a0b573319,14326,【仔魚】-   ０３/13 ｜  !周邊 !LINE,2024-03-13T01:22:38Z,https://www.twitch.tv/videos/2089195438,https://static-cdn.jtvnw.net/cf_vods/d3vd9lfkzbru3h/0b8489c1d02cb730e3dd_ziifish_41136596935_1710292948//thumb/thumb0-%{width}x%{height}.jpg
a6a4e83ae23140e6bd1f7c817af8f864,14320,【 #ASMR 】獨佔慾超強的撒嬌女友♡一起過白色情人節（耳かき/オイルマッサージ/囁き/心音）【露熙妲 Luxida．Vtuber】#縦型配信 #縱型配信,2024-03-14T17:07:21Z,https://www.youtube.com/watch?v=jMIf38HDaP0,https://i.ytimg.com/vi/jMIf38HDaP0/mqdefault.jpg
c65e7caaf81a43249d5132b9fe312b24,14294,The WORST Elden Ring First Run,2024-03-02T05:51:28Z,https://www.youtube.com/watch?v=3WjbY-oLSZo,https://i.ytimg.com/vi/3WjbY-oLSZo/mqdefault.jpg
c82ab1b4f8f64d1f84cae4ce09aa0dea,14257,【夜語汐談】直男大會考 ft. 黑銀夜烏 & 直男界天花板—麵音白湯｜汐Seki,2024-03-01T17:24:02Z,https://www.youtube.com/watch?v=eEbAPm7QIZI,https://i.ytimg.com/vi/eEbAPm7QIZI/mqdefault.jpg
04d2ff1dde6b4bb68503a734274f4b7e,14246,【舒眠ASMR】初次嘗試縱型 | 讓宿醉的姊姊哄你做個甜美的夢,2024-03-20T15:52:30Z,https://www.youtube.com/watch?v=QmNLShNUxRA,https://i.ytimg.com/vi/QmNLShNUxRA/mqdefault.jpg
e93bd1102e214cbaa71cc5b2e4a53595,14246,﹝中/日ok﹞17:00瑞杏盃開打！先自主練習和吃吃飯！！！！ ░ @earendelxdfp !指令 !隊友 !RP !瑞杏盃,2024-03-17T06:31:23Z,https://www.twitch.tv/videos/2093246491,https://static-cdn.jtvnw.net/cf_vods/d3vd9lfkzbru3h/8bf3edf6aea6ae44b0db_earendelxdfp_41148054567_1710657078//thumb/thumb0-%{width}x%{height}.jpg
3f4650e05ceb41008bd16869780b7af1,14174,Vtuber直播時途中男友(?)電話亂入！觀眾大破防！？#shorts #short #vtuber,2024-03-21T13:52:58Z,https://www.youtube.com/watch?v=asSql5L6TLE,https://i.ytimg.com/vi/asSql5L6TLE/mqdefault.jpg
e93bd1102e214cbaa71cc5b2e4a53595,14148,【縦型雑談】今天也辛苦惹！#倫家不知道啟動！關心時事，看看最近有哪些事情發生！關心你的最近！ ░  #雑談 #shorts #short #縦型配信｜Chatting Stream,2024-02-29T14:12:30Z,https://www.youtube.com/watch?v=D1RvdRZPisY,https://i.ytimg.com/vi/D1RvdRZPisY/mqdefault.jpg
9cec24b011ee45648eb404066c997f49,14145,【03/１３】↖咘。嬡喏★╮↘進城啦！10點漆彈比賽！,2024-03-13T12:54:19Z,https://www.twitch.tv/videos/2089525243,https://static-cdn.jtvnw.net/cf_vods/d3vd9lfkzbru3h/7f8df57128c0ab0cee19_cygxdfp_41138074439_1710334454//thumb/thumb0-%{width}x%{height}.jpg
702c74978d8f4adab79f292cbecb49a4,14115,一邊尿急一邊唱歌會唱成怎樣? 國外街頭賣藝歌回台#台灣vtuber #御姊 #台v,2024-03-08T16:42:09Z,https://www.youtube.com/watch?v=ugbPB8-fmHg,https://i.ytimg.com/vi/ugbPB8-fmHg/mqdefault.jpg
575d15d21f7240e1ad72935bf7fa0465,14090,🍡當vtuber的前世是隻貓咪 ♡ 轉世來把你吃乾抹淨啦 ♡ 【夏羽由里】 #vtuber #台灣vtuber #short #shorts #台V #vtuber #貓咪,2024-03-03T10:00:08Z,https://www.youtube.com/watch?v=DNYg0JounRU,https://i.ytimg.com/vi/DNYg0JounRU/mqdefault.jpg
15c9a54b946a40c38c07ea2f9efddfa5,13971,【煌Kirali】還債之前我來逃避一下,2024-03-19T13:32:51Z,https://www.twitch.tv/videos/2095275263,https://static-cdn.jtvnw.net/cf_vods/d3vd9lfkzbru3h/dd93c3ed254a1796d67e_kirali_neon_41154253511_1710855165//thumb/thumb0-%{width}x%{height}.jpg
5535c9524eb046c38e172ebfa06b302f,13929,【星穹鐵道】🚀0+1黃泉 [混沌12層－0T通關]▸對決160萬血量薩姆！這遺器也可以？黃佩銀花，輸出爆炸！  @xiaochujian1124  ▹璐洛洛◃,2024-03-28T14:30:07Z,https://www.youtube.com/watch?v=ROaClm3_q4k,https://i.ytimg.com/vi/ROaClm3_q4k/mqdefault.jpg
729621ce509b4641ad8cde76dec037d0,13899,✧晚安縱型歌回✧接力歌回聽不夠？希希來陪你晚安晚安！！希妮·亞里絲🤍SinnieAris✨,2024-03-23T16:44:17Z,https://www.youtube.com/watch?v=_zeqw0yPLSc,https://i.ytimg.com/vi/_zeqw0yPLSc/mqdefault.jpg
17c335762a694402b8cb9a96b2865572,13898,Thirteen ASMR:福利向💜 |絲足浪漫💜絲滑觸感昇天體驗💜讓姊姊親手帶你體驗足控的美好💜| 耳舐め/キス音 | 拾參Thirteen / VTuber,2024-03-17T19:43:06Z,https://www.youtube.com/watch?v=h8pmBkY9d34,https://i.ytimg.com/vi/h8pmBkY9d34/mqdefault.jpg
58abad4aa8de49efb785367503dfd92c,13898,【ASMR | 舒壓】露手♡放鬆減壓♡吐息親親♡溫柔掏耳按摩♡ #shorts  EARCLEANING EARMASSAGE♡耳マッサージ、耳掃除| 白黑3DIO KU100【野薔薇 Vtuber】,2024-03-07T07:40:35Z,https://www.youtube.com/watch?v=cIxAPeo6cl4,https://i.ytimg.com/vi/cIxAPeo6cl4/mqdefault.jpg
fa5a7cdc259543259af42bb23f1e4041,13853,暴怒買了一整箱橡皮擦 #Vtuber #vtuberclips #台v精華 #515,2024-03-08T09:23:23Z,https://www.youtube.com/watch?v=Fbru5knOX5A,https://i.ytimg.com/vi/Fbru5knOX5A/mqdefault.jpg
265a18972d244affae35711cfd1f9931,13850,TAKOASMR：哄睡向  想被喊老公嗎 進來深入聊天❤️  【MiroLive/塔芭絲可】,2024-03-06T17:20:26Z,https://www.youtube.com/watch?v=YI9NRqBMxZo,https://i.ytimg.com/vi/YI9NRqBMxZo/mqdefault.jpg
b6f68e0e323f45458752f3a7ec6a08f2,13837,【#縱型雜談】壽司配信🐲✨  早'安！冷冷的天來吃最喜翻的壽司！【月下香幽芳YuFang】,2024-03-03T06:46:56Z,https://www.youtube.com/watch?v=W1oUtVzHkqo,https://i.ytimg.com/vi/W1oUtVzHkqo/mqdefault.jpg
c82ab1b4f8f64d1f84cae4ce09aa0dea,13830,【歌回】今天沒歌單！開心自在唱唱歌｜汐Seki,2024-03-03T15:22:22Z,https://www.youtube.com/watch?v=Y4sdMVY4bMA,https://i.ytimg.com/vi/Y4sdMVY4bMA/mqdefault.jpg
e069724ddab54dd690d6c3425574effd,13828,科學麵都怎麼吃？捏碎？直接吃？#vtuber  #台灣vtuber #新人vtuber #shorts #short #台v #vtuber,2024-03-05T12:01:00Z,https://www.youtube.com/watch?v=uQ0YGlngYEc,https://i.ytimg.com/vi/uQ0YGlngYEc/mqdefault.jpg
9cec24b011ee45648eb404066c997f49,13773,【快打旋風6】突發！冷到生氣，小開環節，嘗試打打看真人，準備被虐成渣囉...(ﾒﾟДﾟ)ﾒ█熙歌Cygnus,2024-03-02T17:07:23Z,https://www.youtube.com/watch?v=tcE14QGPke0,https://i.ytimg.com/vi/tcE14QGPke0/mqdefault.jpg
f6a4e7aa8d0c4e5cb39d199845ec4d02,13763,【杏仁ミル】部隊起不來  | !周邊 !3C @vtuber_amiru,2024-03-16T15:06:43Z,https://www.twitch.tv/videos/2092485765,https://static-cdn.jtvnw.net/cf_vods/d3vd9lfkzbru3h/852a2236dacffd1bd310_vtuber_amiru_41146696487_1710601597//thumb/thumb0-%{width}x%{height}.jpg
9d9c6477329245cbb2557895f4f15686,13744,稻米米的瓦羅蘭體驗怎麼跟別人都不一樣啊 可愛小孩 頂級路人 | 特戰英豪,2024-03-10T16:54:22Z,https://www.youtube.com/watch?v=E9sS29wA_Mk,https://i.ytimg.com/vi/E9sS29wA_Mk/mqdefault.jpg
42844ee6e0cc47938829b43a3101b9bb,13733,3/21【雜談】先聊天工作晚點聖獸之王，亞連你坐阿／300格刮刮樂進行中斗內即可抽！獎項請打 !刮刮樂 @lusaminach,2024-03-21T09:51:36Z,https://www.twitch.tv/videos/2097035001,https://static-cdn.jtvnw.net/cf_vods/d3vd9lfkzbru3h/4c0a5b938495843dba59_lusaminach_41158804567_1711014690//thumb/thumb0-%{width}x%{height}.jpg
e93bd1102e214cbaa71cc5b2e4a53595,13711,【VALORANT】新手回歸！我連操作都忘了，今天變成其他人的壓力測試！每次玩遊戲都要擔心朋友-1 ft.劉小魚 / 永發 /油條 /烟花蹦蹦蹦 ｜Gaming Stream,2024-03-01T15:03:41Z,https://www.youtube.com/watch?v=Ez-d8pRDOuo,https://i.ytimg.com/vi/Ez-d8pRDOuo/mqdefault.jpg
b6f68e0e323f45458752f3a7ec6a08f2,13699,【#縱型歌雜】誤關重開-午安🐲 休息了兩天其實完全不知道今天要練什麼，但是開心開台【月下香幽芳YuFang】,2024-03-16T09:23:08Z,https://www.youtube.com/watch?v=a8-lUbhOnlA,https://i.ytimg.com/vi/a8-lUbhOnlA/mqdefault.jpg
e93bd1102e214cbaa71cc5b2e4a53595,13645,【3D演唱會】『鏡花水月』復仇大更新!先來一睹為快更新後的大街還有彩排的小彩蛋吧!  ░  #vtuber  #雑談 #演唱會  ｜#chatting  Stream,2024-03-19T15:36:12Z,https://www.youtube.com/watch?v=hNhxwrYkmMo,https://i.ytimg.com/vi/hNhxwrYkmMo/mqdefault.jpg
9d9c6477329245cbb2557895f4f15686,13619,都是些孩子呀...♥ | 稻米米的特戰英豪就是這麼樸實無華,2024-03-09T21:51:13Z,https://www.youtube.com/watch?v=Q3m_UJL4fHY,https://i.ytimg.com/vi/Q3m_UJL4fHY/mqdefault.jpg
7ddebf4d8f6d4c63a4fc7268d8113c10,13586,【耶格/Day17】廢棄之城RP【3/28】!DC !7TV  @kusaka_ice,2024-03-28T11:27:59Z,https://www.twitch.tv/videos/2103795766,https://static-cdn.jtvnw.net/cf_vods/d3vd9lfkzbru3h/1c2b007a3e0a182f2cab_kusaka_ice_41177872151_1711625274//thumb/thumb0-%{width}x%{height}.jpg
f928118054aa4e11aa4ec88504d8b886,13580,【虛擬同事】滑廢片一下子時間就過啦！一邊聊天陪你度過下午的時光！ 【#縱型直播 #臺灣vtuber / #雲際線】,2024-03-08T10:51:56Z,https://www.youtube.com/watch?v=MJzctjoR1Xw,https://i.ytimg.com/vi/MJzctjoR1Xw/mqdefault.jpg
312fdd3c5e6d4aefa73fd3860ecc5613,13572,🐺東方神秘力量 #shorts,2024-03-22T10:00:50Z,https://www.youtube.com/watch?v=yednnGJ_I2A,https://i.ytimg.com/vi/yednnGJ_I2A/mqdefault.jpg
e17f42aa104040deae2ee3f3b1e85ed8,13572,【肉肉薔蒔】03/26,2024-03-26T03:15:20Z,https://www.twitch.tv/videos/2101715036,https://static-cdn.jtvnw.net/cf_vods/d3vd9lfkzbru3h/83fbe163af07e183ac73_aishakumo_41171403639_1711422914//thumb/thumb0-%{width}x%{height}.jpg
afa3e309e41044c5bffe17466607d481,13570,雪雪๐•ᴗ•๐ 3/18 先打個爐石吧 @yukkkkiouo ♡初配信準備中♡,2024-03-18T13:31:19Z,https://www.twitch.tv/videos/2094364107,https://static-cdn.jtvnw.net/cf_vods/d3vd9lfkzbru3h/1841d42db6ffc9c1fef0_yukkkkiouo_41151707367_1710768672//thumb/thumb0-%{width}x%{height}.jpg
702c74978d8f4adab79f292cbecb49a4,13569,誰喜歡聞衛生棉的味道…蛤 #台灣vtuber #裴妮 #vtuber,2024-03-11T11:04:01Z,https://www.youtube.com/watch?v=uQ4m5A6St-A,https://i.ytimg.com/vi/uQ4m5A6St-A/mqdefault.jpg
c5fe413a473d4638b53fb3f9019aabbe,13536,【歌回】試手氣抽色違的時候到了！預計10首歌一首轉一次轉盤！🔹#帕蘿妮 #Paroniie #SHORTS #直向配信,2024-03-08T09:53:46Z,https://www.youtube.com/watch?v=xUXPlP5dFmo,https://i.ytimg.com/vi/xUXPlP5dFmo/mqdefault.jpg
ea4c1a67c2e445ad8028768616ceb659,13533,【🥞#VT大會考】如果VTUBER的頻道名全部變成輕小說風格？各位猜得出來嗎？【洛可洛斯特 / VTUBER】FT.灰妲/瓦西瓦瓦/黑羽/社長KUMA,2024-02-28T16:05:45Z,https://www.youtube.com/watch?v=GKVt_h58E7k,https://i.ytimg.com/vi/GKVt_h58E7k/mqdefault.jpg
767afb93c0454b6291ea94d28ae5b5de,13528,【歌回】聽力測試👀 今天的聲音有不一樣嗎✨【羽宮奈奈】2024/03/28 22:00,2024-03-28T18:14:43Z,https://www.youtube.com/watch?v=laqhRpi1lQI,https://i.ytimg.com/vi/laqhRpi1lQI/mqdefault.jpg
4c3cae772e974f8fb8e04f4cc9c8cd8d,13490,✞  歌雜 ꙳ ✞ 睡前軟趴趴 亂唱 嘻嘻「不能剪精華」 🌧 *. ┊ Square Live 白白虹,2024-03-16T20:16:03Z,https://www.youtube.com/watch?v=tHHSj6VKvNY,https://i.ytimg.com/vi/tHHSj6VKvNY/mqdefault.jpg
e93bd1102e214cbaa71cc5b2e4a53595,13486,﹝中/日ok﹞醜媳婦要見公婆了！！！第一次團練！！！我要裂開了！！ ░ @earendelxdfp !指令 !隊友 !RP,2024-03-11T15:36:14Z,https://www.twitch.tv/videos/2087771626,https://static-cdn.jtvnw.net/cf_vods/d3vd9lfkzbru3h/95a1b75bf27c39bc7547_earendelxdfp_41133436375_1710171369//thumb/thumb0-%{width}x%{height}.jpg
f7c8264349654390a5e39810dc012a38,13466,原來是間諜潤滑X ??【星見遙】#台v #vtuber精華 #直播精華,2024-03-18T11:01:00Z,https://www.youtube.com/watch?v=yH8KtL4XAIw,https://i.ytimg.com/vi/yH8KtL4XAIw/mqdefault.jpg
702c74978d8f4adab79f292cbecb49a4,13458,你靠實力單身 #vtuber #台灣vtuber #裴妮,2024-03-25T11:04:02Z,https://www.youtube.com/watch?v=tvKGdSs2L-I,https://i.ytimg.com/vi/tvKGdSs2L-I/mqdefault.jpg
e17f42aa104040deae2ee3f3b1e85ed8,13441,【肉肉薔蒔】03/20 喵,2024-03-19T16:15:01Z,https://www.twitch.tv/videos/2095373066,https://static-cdn.jtvnw.net/cf_vods/d3vd9lfkzbru3h/5e6f6e75f8b3bd8e1446_aishakumo_41154704791_1710864895//thumb/thumb0-%{width}x%{height}.jpg
15c9a54b946a40c38c07ea2f9efddfa5,13424,【歌回】愛歌歌回: 想唱唱自己的愛歌｜煌Kirali,2024-03-22T15:16:16Z,https://www.youtube.com/watch?v=3oO8CzsyVic,https://i.ytimg.com/vi/3oO8CzsyVic/mqdefault.jpg
8bf35c3b9a9e461d825a9170555b71c2,13367,【澪Rei】試圖打完通行證 !YT !FF42 中文/Eng/日本語,2024-03-05T14:47:49Z,https://www.twitch.tv/videos/2081944472,https://static-cdn.jtvnw.net/cf_vods/d3vd9lfkzbru3h/683fd80e10f17c54c225_reirei_neon_41118150375_1709650063//thumb/thumb0-%{width}x%{height}.jpg
3f4650e05ceb41008bd16869780b7af1,13357,【貓咪研究室】元素小精靈第一隻四階進化！血量高達180萬！比同系列傳說稀有還要強！？超颶風精靈王艾爾方帝角色介紹！《水羽 ほむら》【貓咪大戰爭】,2024-03-23T06:30:17Z,https://www.youtube.com/watch?v=uyzdZYyhPYE,https://i.ytimg.com/vi/uyzdZYyhPYE/mqdefault.jpg
e93bd1102e214cbaa71cc5b2e4a53595,13333,﹝中/日ok﹞瓦！每日練習！有搖可樂的你們我會加油的！ ░ @earendelxdfp !指令 !隊友 !RP !瑞杏盃,2024-03-15T13:08:46Z,https://www.twitch.tv/videos/2091393618,https://static-cdn.jtvnw.net/cf_vods/d3vd9lfkzbru3h/7feb3df3293e1de6cacd_earendelxdfp_41143466775_1710508119//thumb/thumb0-%{width}x%{height}.jpg
2e266a71aa3d4a67bb8d9a2a0b573319,13328,【仔魚】-   ０３/11 ｜  !周邊 !LINE,2024-03-11T19:02:39Z,https://www.twitch.tv/videos/2087930921,https://static-cdn.jtvnw.net/cf_vods/d3vd9lfkzbru3h/1e4ca897935b60ecf331_ziifish_41133732183_1710183749//thumb/thumb0-%{width}x%{height}.jpg
f6a4e7aa8d0c4e5cb39d199845ec4d02,13323,【快打6】現代艾德速成班！這次有老師啦！ft. @ROHao10 【#杏仁ミル】,2024-03-19T22:19:13Z,https://www.youtube.com/watch?v=JfC4Cbh5Ld4,https://i.ytimg.com/vi/JfC4Cbh5Ld4/mqdefault.jpg
5535c9524eb046c38e172ebfa06b302f,13319,🔵【崩壞：星穹鐵道】🚀花火來我家！量子艦隊成形了嗎？全新混沌回憶直接上陣！配裝&抽取建議在線疑難全都問~ ▹璐洛洛◃,2024-02-29T13:16:41Z,https://www.youtube.com/watch?v=M7c-ss3zMa0,https://i.ytimg.com/vi/M7c-ss3zMa0/mqdefault.jpg
b6f68e0e323f45458752f3a7ec6a08f2,13304,【#縱型繪雜】畫龍點心 - 晚安🐲  今天來畫一下圖聊個天~【月下香幽芳YuFang】,2024-03-12T17:42:28Z,https://www.youtube.com/watch?v=Wegca6urDN0,https://i.ytimg.com/vi/Wegca6urDN0/mqdefault.jpg
6929e06cd9ed49739cadaa35115847c7,13263,【雜痰】靈光一閃突花！挑一下椅子和恐油 𓂃🌥️｜雲隙光．kumosuki,2024-03-02T13:09:42Z,https://www.youtube.com/watch?v=zQAxNY9smi8,https://i.ytimg.com/vi/zQAxNY9smi8/mqdefault.jpg
52e472aa762449b585c45a2d578bdf41,13247,超越人體極限的教學 #vtuber #台v #台灣vtuber #新人vtuber  剪輯：匿名,2024-03-18T10:25:55Z,https://www.youtube.com/watch?v=U8UmrFs4PAM,https://i.ytimg.com/vi/U8UmrFs4PAM/mqdefault.jpg
23ec5ecfb8c14ea893576783f1790643,13245,【午安聊天】🖤邊聊聊天邊想新目標🖤今天穿自己的痛衣 【雜談】 #vtuber #台v #星軌工作室,2024-03-22T06:57:56Z,https://www.youtube.com/watch?v=s-5dMV5uM_A,https://i.ytimg.com/vi/s-5dMV5uM_A/mqdefault.jpg
4544974bc5624035ae7bb0c9ed33e44e,13230,彩虹頻道(物理) #瓦西瓦瓦 #vaswawa,2024-03-17T04:00:11Z,https://www.youtube.com/watch?v=9YGXmCKV_Hc,https://i.ytimg.com/vi/9YGXmCKV_Hc/mqdefault.jpg
e9a9d88bf69e4c83842fe05b3ae1601b,13196,【廢棄之城RP精華】紅白姊弟入城第一天就遇到考驗記性的原住民 ft.鴨鴨二、哈瓜 - 遊戲│GTAV│台V #廢棄之城RP #abdcityrp,2024-03-12T05:53:31Z,https://www.youtube.com/watch?v=5Gu1JM-9yJ4,https://i.ytimg.com/vi/5Gu1JM-9yJ4/mqdefault.jpg
6bd49f94afb144e995247388ca8c42a8,13189,【VALORANT】久違的單人特戰時間【橙Yuzumi】,2024-03-25T12:23:26Z,https://www.youtube.com/watch?v=j8DfcEr6LsI,https://i.ytimg.com/vi/j8DfcEr6LsI/mqdefault.jpg
e069724ddab54dd690d6c3425574effd,13187,鼻子大的女生沒人幹？#vtuber  #台灣vtuber #新人vtuber #shorts #short #台v #vtuber,2024-02-28T12:00:12Z,https://www.youtube.com/watch?v=DwnqiVw0L78,https://i.ytimg.com/vi/DwnqiVw0L78/mqdefault.jpg
ea4c1a67c2e445ad8028768616ceb659,13185,當蘿莉控說著愛蘿莉卻慘遭被電的瞬間 #shorts #short,2024-03-14T10:00:40Z,https://www.youtube.com/watch?v=l-v8_NsWub4,https://i.ytimg.com/vi/l-v8_NsWub4/mqdefault.jpg
15c9a54b946a40c38c07ea2f9efddfa5,13154,【煌Kirali】一下 肯定一下,2024-03-05T15:28:05Z,https://www.twitch.tv/videos/2081968740,https://static-cdn.jtvnw.net/cf_vods/d3vd9lfkzbru3h/6dcefd0a6ad8488d7c8c_kirali_neon_41118251655_1709652480//thumb/thumb0-%{width}x%{height}.jpg
b4a1791208fd4d85b7b08ee2bad0c236,13152,晚上了 該...chipi chipi chapa chapa  #shorts  #vtuber #meme,2024-03-05T14:24:19Z,https://www.youtube.com/watch?v=D3jtBUEnwSc,https://i.ytimg.com/vi/D3jtBUEnwSc/mqdefault.jpg
5535c9524eb046c38e172ebfa06b302f,13126,🔴AR60 ASIA【原神】千織代抽預約中！周日也能健檢《星穹鐵道》，萌新健檢&滷肉幫到你家 ▹璐洛洛◃,2024-03-10T18:02:19Z,https://www.youtube.com/watch?v=jkz9oI_Vl00,https://i.ytimg.com/vi/jkz9oI_Vl00/mqdefault.jpg
95f8bb8a92c1450b8b5993f740b39338,13124,When a Star Rail player plays Genshin,2024-03-18T10:00:26Z,https://www.youtube.com/watch?v=NdTgJd6y9qQ,https://i.ytimg.com/vi/NdTgJd6y9qQ/mqdefault.jpg
fa5a7cdc259543259af42bb23f1e4041,13124,Shorts回顧！今年到底剪多少好笑精華？#shorts,2024-03-09T15:45:29Z,https://www.youtube.com/watch?v=94a3vmEHc84,https://i.ytimg.com/vi/94a3vmEHc84/mqdefault.jpg
e17f42aa104040deae2ee3f3b1e85ed8,13096,【肉肉薔蒔】03/02,2024-03-02T14:12:00Z,https://www.twitch.tv/videos/2079033105,https://static-cdn.jtvnw.net/cf_vods/d3vd9lfkzbru3h/5ae2cd0f8653d3c6d9a9_aishakumo_41110579607_1709388715//thumb/thumb0-%{width}x%{height}.jpg
bafb134fd2f849898d6242d1f5f683cc,13090,【感謝可愛費】有誰能抗拒會在地上打滾還會喵喵撒嬌的貓呢？⌇涅默Nemesis,2024-03-06T11:00:45Z,https://www.youtube.com/watch?v=rcsqZ51Rk2c,https://i.ytimg.com/vi/rcsqZ51Rk2c/mqdefault.jpg
fd6a0236861940389e15ef85b16c6069,13073,烟花－0319－瓦拉瓦拉💖訂閱插圖已在DC頻道🌟遊戲儲值找!魔儲 | !加班 !生日 ꜀(^. .^꜀ )꜆੭,2024-03-18T19:20:45Z,https://www.twitch.tv/videos/2094607700,https://static-cdn.jtvnw.net/cf_vods/d3vd9lfkzbru3h/25490834ed985bda770b_hennie2001_41152377495_1710789637//thumb/thumb0-%{width}x%{height}.jpg
dad6fb7439d744739755a9a7c6c18d20,12987,【角蓮實習週記#36】更吹落，星如雨，我可以當你的燈火闌珊處✦【角蓮Caren】,2024-03-23T21:32:20Z,https://www.youtube.com/watch?v=BCbW8X_-J4I,https://i.ytimg.com/vi/BCbW8X_-J4I/mqdefault.jpg
ea4c1a67c2e445ad8028768616ceb659,12940,是誰說台南的空氣奔跑就會有一串棉花糖？？ #shorts #short,2024-03-07T12:41:10Z,https://www.youtube.com/watch?v=uD4QGegxUkE,https://i.ytimg.com/vi/uD4QGegxUkE/mqdefault.jpg
a000aa1d3ea7489c993277d33ab2457e,12912,【突發】早安!今天是2月最後一天⌇幻月Moondogs,2024-02-29T04:08:16Z,https://www.youtube.com/watch?v=VoYPE5-WhHw,https://i.ytimg.com/vi/VoYPE5-WhHw/mqdefault.jpg
6dc75ab227e34c928598bde8f2d324bf,12902,【鑑賞】抖音鑑賞：海克莉絲使出降智打擊！上班上課前來補充點奇怪的能量！🦁️,2024-03-24T16:44:02Z,https://www.youtube.com/watch?v=SxUqukhieWY,https://i.ytimg.com/vi/SxUqukhieWY/mqdefault.jpg
afa3e309e41044c5bffe17466607d481,12773,雪雪๐•ᴗ•๐ 3/23 餓餓的 @yukkkkiouo ♡初配信準備中♡,2024-03-23T08:09:19Z,https://www.twitch.tv/videos/2098903757,https://static-cdn.jtvnw.net/cf_vods/d3vd9lfkzbru3h/d774d3dffd5cbbd2d83c_yukkkkiouo_41164005575_1711181351//thumb/thumb0-%{width}x%{height}.jpg
15c9a54b946a40c38c07ea2f9efddfa5,12760,【為霓寫歌】這次交的到朋友嗎？｜煌Kirali,2024-03-05T15:33:04Z,https://www.youtube.com/watch?v=1z4ajun9RIE,https://i.ytimg.com/vi/1z4ajun9RIE/mqdefault.jpg
5ba11a0bf35147d499259ad5608a7de1,12725,【重返未來：1999】截止陸服1.7上半版本的未來視！還不知道哪個角色必抽嗎？快來看看！塑造/抽取/組隊推薦 #reverse1999 【蝦拉拉】,2024-03-02T15:48:53Z,https://www.youtube.com/watch?v=Gv66niTbK0E,https://i.ytimg.com/vi/Gv66niTbK0E/mqdefault.jpg
8bf35c3b9a9e461d825a9170555b71c2,12705,【澪Rei】水零進城D4 喉嚨不舒服可能少講話 !YT !通販 !LINE !DC 中文/Eng/日本語,2024-03-20T13:00:47Z,https://www.twitch.tv/videos/2096190430,https://static-cdn.jtvnw.net/cf_vods/d3vd9lfkzbru3h/d5967c3b9e85f92a61c0_reirei_neon_41156842423_1710939640//thumb/thumb0-%{width}x%{height}.jpg
8bf35c3b9a9e461d825a9170555b71c2,12704,【澪Rei】廢棄之城#2：水零不是浣熊只是社恐 !YT !FF42 中文/Eng/日本語,2024-03-08T13:00:34Z,https://www.twitch.tv/videos/2084676898,https://static-cdn.jtvnw.net/cf_vods/d3vd9lfkzbru3h/c959dd7b8ddafcfcce4d_reirei_neon_41125235239_1709902827//thumb/thumb0-%{width}x%{height}.jpg
a9f6574e98f34b20a05269134930fb50,12684,【歌枠】作業BGMにどうぞ～～ Karaoke🐭Singing Stream　※日本語と中国語/茸茸鼠,2024-03-05T13:52:01Z,https://www.youtube.com/watch?v=1D9zcLbZ9iU,https://i.ytimg.com/vi/1D9zcLbZ9iU/mqdefault.jpg
5535c9524eb046c38e172ebfa06b302f,12661,🔴LIVE 【崩壞3rd】第二部前進火星！來抽希娜狄雅😍新手絕佳入坑時機！2800水晶免費領！ ▹璐洛洛◃,2024-03-02T18:55:32Z,https://www.youtube.com/watch?v=siUCL67nreY,https://i.ytimg.com/vi/siUCL67nreY/mqdefault.jpg
1c5619a4ece046dd8ba68ed343489ca3,12615,【台灣人遇到韓國人🔥】肯定要講台語...才有辦法溝通的🤣🤣,2024-03-19T12:13:38Z,https://www.youtube.com/watch?v=WMFNf3pM5XE,https://i.ytimg.com/vi/WMFNf3pM5XE/mqdefault.jpg
7c06b9e316ce4ac18ce836cd72442bbe,12568,【深夜歌枠】只能溫柔的唱唱了✨やさしく歌うよ🎤初見さん大歓迎🎵【浠Mizuki Karaoke】#shorts #縦型配信 #初見歓迎,2024-03-20T19:23:07Z,https://www.youtube.com/watch?v=c32aWcD2hGU,https://i.ytimg.com/vi/c32aWcD2hGU/mqdefault.jpg
6943bbfc993443d4b3853833b3bb1a66,12560,還在騙欸杜甫😡#迷因 #冷知識 #杜甫 #vtuber #台V #台灣vtuber #迷因靈魂,2024-03-18T10:27:23Z,https://www.youtube.com/watch?v=IT8jNdxi_yE,https://i.ytimg.com/vi/IT8jNdxi_yE/mqdefault.jpg
c5fe413a473d4638b53fb3f9019aabbe,12543,【歌回】一些比較不熟練又唱起來有點害羞的🔹#帕蘿妮 #Paroniie #SHORTS #直向配信,2024-03-04T11:28:45Z,https://www.youtube.com/watch?v=Z4r5v96FzIo,https://i.ytimg.com/vi/Z4r5v96FzIo/mqdefault.jpg
2694a505a0e0441bb99b49e8ce1f7473,12531,【3/22】九點機玩幫出動！！來玩玩看《戰車世界》 #worldoftanks #戰車世界｜紅包活動這陣子找時間抽獎｜!RP !yt !綠界 !會員 !7tv !指令,2024-03-22T12:00:08Z,https://www.twitch.tv/videos/2097993758,https://static-cdn.jtvnw.net/cf_vods/d3vd9lfkzbru3h/4e84f7539e2bb4f808d1_kannazukilubee_41161737063_1711108803//thumb/thumb0-%{width}x%{height}.jpg
a3ce195c0069494c99849d0b1a10a7fd,12516,【#悠姊姊音聲ASMR 49 -blue-】嚕啦啦嚕啦啦～悠姊姊幫你洗香香♥️｜ #悠白 #Ubye #中文音聲 #ASMR #音聲 #3dio,2024-03-24T16:04:44Z,https://www.youtube.com/watch?v=jTJJ-tmuNNc,https://i.ytimg.com/vi/jTJJ-tmuNNc/mqdefault.jpg
7c06b9e316ce4ac18ce836cd72442bbe,12492,情人節禮物就是我呀❤ #shorts #mizukilive,2024-02-29T04:23:00Z,https://www.youtube.com/watch?v=GJvmPpKEcnk,https://i.ytimg.com/vi/GJvmPpKEcnk/mqdefault.jpg
f6a4e7aa8d0c4e5cb39d199845ec4d02,12467,遊戲之夜🎮今天會玩不挨餓跟特戰英豪【#杏仁ミル】,2024-03-16T02:04:02Z,https://www.youtube.com/watch?v=nb5a4mkQu34,https://i.ytimg.com/vi/nb5a4mkQu34/mqdefault.jpg
c82ab1b4f8f64d1f84cae4ce09aa0dea,12465,Happy Friyay｜汐Seki｜!週邊 !指令,2024-03-22T13:02:17Z,https://www.twitch.tv/videos/2098026180,https://static-cdn.jtvnw.net/cf_vods/d3vd9lfkzbru3h/c18d0c5de3e6eca7463f_seki_meridian_41161985703_1711112532//thumb/thumb0-%{width}x%{height}.jpg
1c5619a4ece046dd8ba68ed343489ca3,12464,【打遊戲遇到外國人❓】台灣主播用十級英文+台語，跟老外爆笑互動🤣🤣,2024-03-15T09:47:34Z,https://www.youtube.com/watch?v=hVsaIbcuSuw,https://i.ytimg.com/vi/hVsaIbcuSuw/mqdefault.jpg
4544974bc5624035ae7bb0c9ed33e44e,12449,好想去上課 #瓦西瓦瓦 #vaswawa,2024-03-15T04:00:30Z,https://www.youtube.com/watch?v=Y1OdMHTVi1M,https://i.ytimg.com/vi/Y1OdMHTVi1M/mqdefault.jpg
7c06b9e316ce4ac18ce836cd72442bbe,12444,夜排吃廚餘北極星 #shorts,2024-03-24T13:04:03Z,https://www.youtube.com/watch?v=hEfSuNEAx3s,https://i.ytimg.com/vi/hEfSuNEAx3s/mqdefault.jpg
729621ce509b4641ad8cde76dec037d0,12432,✧縱型歌回#29✧週三固定歌回！來唱唱喜歡的歌！！希妮·亞里絲🤍SinnieAris✨,2024-03-27T10:49:17Z,https://www.youtube.com/watch?v=8iYtRP9Oj0k,https://i.ytimg.com/vi/8iYtRP9Oj0k/mqdefault.jpg
c5fe413a473d4638b53fb3f9019aabbe,12424,【練歌】這是一首編詞作曲都超高級每個觀眾一定都很喜歡的歌～ #ofortuna #腦公🔹#帕蘿妮 #Paroniie #SHORTS #直向配信,2024-03-02T10:06:38Z,https://www.youtube.com/watch?v=NML530Kro50,https://i.ytimg.com/vi/NML530Kro50/mqdefault.jpg
8bf35c3b9a9e461d825a9170555b71c2,12412,【澪Rei】聲明：不是我取的！ !YT !FF42 中文/Eng/日本語,2024-03-10T13:25:43Z,https://www.twitch.tv/videos/2086768461,https://static-cdn.jtvnw.net/cf_vods/d3vd9lfkzbru3h/7ab65bc6098ae253c2e4_reirei_neon_41130635479_1710077138//thumb/thumb0-%{width}x%{height}.jpg
15c9a54b946a40c38c07ea2f9efddfa5,12405,【煌Kirali】火皇這次能撐多久,2024-03-25T14:32:08Z,https://www.twitch.tv/videos/2101074524,https://static-cdn.jtvnw.net/cf_vods/d3vd9lfkzbru3h/8698bdb672399825509e_kirali_neon_41170423239_1711377122//thumb/thumb0-%{width}x%{height}.jpg
f99b7c49c1c8472681987ac2d1ff87bc,12373,【GTARP】怎麼被全城通緝啦!? 黑白通吃的楊醫生與王瑞斯帝亞犯罪生活的一天,2024-03-15T04:00:19Z,https://www.youtube.com/watch?v=KlkzEiSOoAI,https://i.ytimg.com/vi/KlkzEiSOoAI/mqdefault.jpg
312fdd3c5e6d4aefa73fd3860ecc5613,12365,🐺開箱小廢物 #shorts,2024-03-16T10:00:32Z,https://www.youtube.com/watch?v=TDWC1civkzQ,https://i.ytimg.com/vi/TDWC1civkzQ/mqdefault.jpg
e93bd1102e214cbaa71cc5b2e4a53595,12351,P5X【Wake up your hero】 / 厄倫蒂兒Earendel. 《女神異聞錄：夜幕魅影》Cover 【歌ってみた】#P5X #女神異聞錄夜幕魅影,2024-03-06T13:30:09Z,https://www.youtube.com/watch?v=sQXC9Vivp0c,https://i.ytimg.com/vi/sQXC9Vivp0c/mqdefault.jpg
664e1b310cf343b78623f99b31e40fae,12324,【中文翻唱】地獄旅館Hazbin Hotel同人曲《HEAVEN 2 HELL》Covered by 迪鹿 @DeluCats、喵太 @nekota.studio,2024-03-23T10:00:11Z,https://www.youtube.com/watch?v=HzUi6hFQplc,https://i.ytimg.com/vi/HzUi6hFQplc/mqdefault.jpg
2741a90689f342548daad7f760b0a8f7,12318,【我只是睡一覺就】快退訂快退訂快退訂【希翁／Chion】,2024-03-18T10:57:14Z,https://www.youtube.com/watch?v=cmx3msPkmyY,https://i.ytimg.com/vi/cmx3msPkmyY/mqdefault.jpg
e350c8b7e41045419ee1ac73bc78921b,12302,OO是很好吃嗎？ #vtuber #台v #台灣vtuber #夏伊拉 #shorts #vtuberclip #搞笑 #短片 #直播,2024-03-09T09:04:46Z,https://www.youtube.com/watch?v=Uj_rl8YKyBE,https://i.ytimg.com/vi/Uj_rl8YKyBE/mqdefault.jpg
b4a1791208fd4d85b7b08ee2bad0c236,12297,【直式直播】肚子餓了🌼 #shorts #瑪格麗特諾爾絲 #vtuber #箱箱thebox,2024-03-10T07:49:19Z,https://www.youtube.com/watch?v=RLzU3EkQJg8,https://i.ytimg.com/vi/RLzU3EkQJg8/mqdefault.jpg
4544974bc5624035ae7bb0c9ed33e44e,12292,朋朋該加會員了吧 #瓦西瓦瓦 #vaswawa,2024-02-29T04:00:00Z,https://www.youtube.com/watch?v=1TGRGwbIeXM,https://i.ytimg.com/vi/1TGRGwbIeXM/mqdefault.jpg
6e51f06f6a02439d82b213b623cda4e8,12283,〈#初配信〉酒精自備！夜晚無限！今晚第一次先不收費！《安戈洛 Englar-AxTris》Debut Stream,2024-03-22T13:22:23Z,https://www.youtube.com/watch?v=0cBElfxrjCQ,https://i.ytimg.com/vi/0cBElfxrjCQ/mqdefault.jpg
31f17632340f4e7fbd0ced07193dd81b,12262,【轉盤】各位深山毒奶轉盤啟動!!!!!!!!!!!!!!!!!!!!!!【達亞】,2024-03-13T16:11:29Z,https://www.youtube.com/watch?v=CmMmzrtMA8A,https://i.ytimg.com/vi/CmMmzrtMA8A/mqdefault.jpg
afa3e309e41044c5bffe17466607d481,12256,雪雪๐•ᴗ•๐ 3/3 坐牢 @yukkkkiouo ♡初配信準備中♡,2024-03-03T12:06:04Z,https://www.twitch.tv/videos/2080003267,https://static-cdn.jtvnw.net/cf_vods/d3vd9lfkzbru3h/04b0f06dfa64a16e40c0_yukkkkiouo_41112812487_1709467557//thumb/thumb0-%{width}x%{height}.jpg
67d348e6690c43729cce031e70a26645,12247,冠軍0-0 peepoReyna !比賽  3/20,2024-03-20T09:26:48Z,https://www.twitch.tv/videos/2096107366,https://static-cdn.jtvnw.net/cf_vods/d3vd9lfkzbru3h/71cfd851391fa9bf7e93_hakuzenyo_41156207543_1710926799//thumb/thumb0-%{width}x%{height}.jpg
3f4650e05ceb41008bd16869780b7af1,12233,【貓咪研究室】絕命美少女第九隻角色！烈波無效！超級特別的遠範角色！忍者娘多萌耶 /響食忍者多萌耶角色介紹！《水羽 ほむら》【貓咪大戰爭】,2024-03-14T13:30:09Z,https://www.youtube.com/watch?v=LjCTxgVqUIg,https://i.ytimg.com/vi/LjCTxgVqUIg/mqdefault.jpg
71cee502a14d4ef1b9b0264fa2db8987,12229,【Kas】3/26 | 主題歌雜：哭泣 | #shorts #vtuber #singing #縱型配信 #talking,2024-03-26T19:50:31Z,https://www.youtube.com/watch?v=4-uPt9wOz_k,https://i.ytimg.com/vi/4-uPt9wOz_k/mqdefault.jpg
c40c5082434e4b1ca8e19f82d54f83b2,12216,【Shorts】一定是香港人 #Shorts #vtuber中文 #中文vtuber #台v,2024-03-15T15:30:04Z,https://www.youtube.com/watch?v=F3dS1JENBFk,https://i.ytimg.com/vi/F3dS1JENBFk/mqdefault.jpg
15c9a54b946a40c38c07ea2f9efddfa5,12196,【就是要唱豹】帶你們去KTV唱歌！｜煌Kirali,2024-03-26T14:22:25Z,https://www.youtube.com/watch?v=khKKP6a9P8g,https://i.ytimg.com/vi/khKKP6a9P8g/mqdefault.jpg
fa5a7cdc259543259af42bb23f1e4041,12166,一分鐘內畫出熱門的VTuber #Vtuber #vtuberclips #台v精華 #515,2024-03-02T10:30:15Z,https://www.youtube.com/watch?v=sXUra9egaBc,https://i.ytimg.com/vi/sXUra9egaBc/mqdefault.jpg
c65e7caaf81a43249d5132b9fe312b24,12165,Vtuber Teaches You MUSIC THEORY: The Basic Beeps and Boops,2024-03-22T06:00:15Z,https://www.youtube.com/watch?v=HToyt3xoXRQ,https://i.ytimg.com/vi/HToyt3xoXRQ/mqdefault.jpg
5535c9524eb046c38e172ebfa06b302f,12134,🔴AR60 ASIA【原神】「崩鐵」6+5黃泉代抽預約！周日也能健檢《星穹鐵道》，萌新健檢&滷肉幫到你家 ▹璐洛洛◃,2024-03-24T17:57:41Z,https://www.youtube.com/watch?v=kslOZfMzD8g,https://i.ytimg.com/vi/kslOZfMzD8g/mqdefault.jpg
ebe5c5f9d67f44f3bc5e70b413ce9df7,12130,【加班#5】禮拜天了！天氣突然變得好冷，就算如此也是努力加班！【依可露】#shorts #short,2024-03-03T07:05:57Z,https://www.youtube.com/watch?v=MA-yGP6XEBs,https://i.ytimg.com/vi/MA-yGP6XEBs/mqdefault.jpg
c82ab1b4f8f64d1f84cae4ce09aa0dea,12116,【歌回】爸媽最愛台語金曲之 echo一定要開到最大｜汐Seki,2024-03-24T15:44:17Z,https://www.youtube.com/watch?v=q271zTEX5s0,https://i.ytimg.com/vi/q271zTEX5s0/mqdefault.jpg
15c9a54b946a40c38c07ea2f9efddfa5,12090,【煌Kirali】阿基cover二選一 LET'S GO,2024-03-23T14:47:58Z,https://www.twitch.tv/videos/2099106119,https://static-cdn.jtvnw.net/cf_vods/d3vd9lfkzbru3h/207531b064a9c2ff5d7f_kirali_neon_41165173175_1711205272//thumb/thumb0-%{width}x%{height}.jpg
8bf35c3b9a9e461d825a9170555b71c2,12084,【澪Rei】廢棄之城D8，聽說今晚有大的 !YT !通販 !LINE !DC 中文/Eng/日本語,2024-03-28T13:24:25Z,https://www.twitch.tv/videos/2103855185,https://static-cdn.jtvnw.net/cf_vods/d3vd9lfkzbru3h/8c6a60e009241b3cbf76_reirei_neon_41178341607_1711632260//thumb/thumb0-%{width}x%{height}.jpg
5f12df329c6144e1a6c596f4fbcb9e81,12074,【歌雑/縱配信】おはようTorako～雑談～！！#8 #vtuber  【Torakolive】,2024-03-23T07:05:19Z,https://www.youtube.com/watch?v=IeSUvg5h78c,https://i.ytimg.com/vi/IeSUvg5h78c/mqdefault.jpg
aaa45dc386714427ba862f691d4471ac,12070,連妳阿嬤都喜歡的Vtuber在這？#vtuber #台v精華 #波cut #shorts,2024-03-15T11:14:08Z,https://www.youtube.com/watch?v=iGvabF2PR2Y,https://i.ytimg.com/vi/iGvabF2PR2Y/mqdefault.jpg
15c9a54b946a40c38c07ea2f9efddfa5,12060,【煌Kirali】打一下瓦,2024-03-02T14:47:59Z,https://www.twitch.tv/videos/2079056690,https://static-cdn.jtvnw.net/cf_vods/d3vd9lfkzbru3h/a63ec3d9492249266c74_kirali_neon_41110681943_1709390874//thumb/thumb0-%{width}x%{height}.jpg
2741a90689f342548daad7f760b0a8f7,12021,【算術でGO!】絕對不能算錯劑量的我一定沒問題【希翁／Chion】,2024-03-12T15:02:20Z,https://www.youtube.com/watch?v=qAiqr2P1NU4,https://i.ytimg.com/vi/qAiqr2P1NU4/mqdefault.jpg
95f8bb8a92c1450b8b5993f740b39338,12011,This is NOT Travis Scott 💀,2024-03-22T10:00:03Z,https://www.youtube.com/watch?v=3xyjGIfeXWA,https://i.ytimg.com/vi/3xyjGIfeXWA/mqdefault.jpg
936b23e5e87144108c5d3f09f194c8b8,11986,一個人的壽司 兩人份的食量 #vtuber #台灣vtuber #蔥鴨嘎嘎live #雜談 #台v #memes #shorts,2024-03-05T01:00:10Z,https://www.youtube.com/watch?v=IHUJWs9kuSU,https://i.ytimg.com/vi/IHUJWs9kuSU/mqdefault.jpg
192d2decee72410e8346c135c4ac6e00,11976,【日常短片】 弟弟在OO上塗綠油精【九十九真淵】,2024-03-14T11:30:15Z,https://www.youtube.com/watch?v=e4MkKb_iuEc,https://i.ytimg.com/vi/e4MkKb_iuEc/mqdefault.jpg
4c3cae772e974f8fb8e04f4cc9c8cd8d,11971,✞ 白噪音 ꙳  ✞  一場雜談 多重滿足   ̖́-   在地獄講笑話算是一種地獄梗嗎   🌧 *.  ┊ Square Live 白白虹,2024-03-27T12:21:28Z,https://www.youtube.com/watch?v=0HU40AMagmo,https://i.ytimg.com/vi/0HU40AMagmo/mqdefault.jpg
ebe5c5f9d67f44f3bc5e70b413ce9df7,11959,【加班#34】準備下班？｜倒數一小時雙倍啟動【依可露】,2024-03-24T08:16:18Z,https://www.youtube.com/watch?v=7hORrIh-PXY,https://i.ytimg.com/vi/7hORrIh-PXY/mqdefault.jpg
ebe5c5f9d67f44f3bc5e70b413ce9df7,11931,【加班】廢棄之城RP 加班轉盤拉霸中  !加班 !綠界 可以用7tv唷【依可露】,2024-03-18T06:01:10Z,https://www.twitch.tv/videos/2094206039,https://static-cdn.jtvnw.net/cf_vods/d3vd9lfkzbru3h/b380ba188ae9d5d18958_ekorru_41150563079_1710741665//thumb/thumb0-%{width}x%{height}.jpg
15c9a54b946a40c38c07ea2f9efddfa5,11928,【煌Kirali】起床醒腦,2024-03-23T02:38:42Z,https://www.twitch.tv/videos/2098716330,https://static-cdn.jtvnw.net/cf_vods/d3vd9lfkzbru3h/1870f7d6585bdb606152_kirali_neon_41163332455_1711161516//thumb/thumb0-%{width}x%{height}.jpg
15c9a54b946a40c38c07ea2f9efddfa5,11921,【煌Kirali】嗚嗚嗚我要來謝謝你們,2024-03-07T13:28:35Z,https://www.twitch.tv/videos/2083762957,https://static-cdn.jtvnw.net/cf_vods/d3vd9lfkzbru3h/5fa7915ae5b63c5f61c6_kirali_neon_41122864903_1709818110//thumb/thumb0-%{width}x%{height}.jpg
3f4650e05ceb41008bd16869780b7af1,11919,【貓咪研究室】紅超獸兵器！？超賢者特效！12.7~13.1超本能角色介紹！《水羽 ほむら》【貓咪大戰爭】,2024-03-05T14:00:13Z,https://www.youtube.com/watch?v=I8gxoTlMbVU,https://i.ytimg.com/vi/I8gxoTlMbVU/mqdefault.jpg
7c06b9e316ce4ac18ce836cd72442bbe,11908,【歌枠】回家自由唱唱喜歡的歌曲🎤好きな曲たくさん歌いたい🎶初見大歓迎❤【浠Mizuki Karaoke】,2024-03-23T16:33:53Z,https://www.youtube.com/watch?v=MiFJYQXksJc,https://i.ytimg.com/vi/MiFJYQXksJc/mqdefault.jpg
7ead9e2cac544a7cb00444ef6b4698d1,11866,【廢棄之城RP】D15比琪進城啦~想到處走走看看找人聊聊天～,2024-03-25T12:53:12Z,https://www.twitch.tv/videos/2101018981,https://static-cdn.jtvnw.net/cf_vods/d3vd9lfkzbru3h/dda46bfe7b3b0c145ed8_hibiki_meridianproject_41170083127_1711371187//thumb/thumb0-%{width}x%{height}.jpg
15c9a54b946a40c38c07ea2f9efddfa5,11840,【霓董事會】白色情人節，就是要來紅娘台阿！｜煌Kirali,2024-03-14T15:37:56Z,https://www.youtube.com/watch?v=G_zXyM8zeKs,https://i.ytimg.com/vi/G_zXyM8zeKs/mqdefault.jpg
dad6fb7439d744739755a9a7c6c18d20,11828,【手遊排行榜】你的優質手遊發現大師主BO已經上線【角蓮Caren】#縱型配信,2024-03-24T12:00:28Z,https://www.youtube.com/watch?v=r6lXfRdQxqQ,https://i.ytimg.com/vi/r6lXfRdQxqQ/mqdefault.jpg
7c06b9e316ce4ac18ce836cd72442bbe,11779,Jump!!! #shorts #3D #mizukilive,2024-03-01T03:27:58Z,https://www.youtube.com/watch?v=pnM4SHj1d9Q,https://i.ytimg.com/vi/pnM4SHj1d9Q/mqdefault.jpg
1ccdbe5d48934f4cbabc86512dd1d357,11773,測謊機壞了...#shorts #short,2024-03-20T07:23:20Z,https://www.youtube.com/watch?v=h67U8Catxkw,https://i.ytimg.com/vi/h67U8Catxkw/mqdefault.jpg
9cec24b011ee45648eb404066c997f49,11756,【春魚經紀人大解密】你以為的經紀人是甚麼呢？實際上的他們又在做些甚麼呢？沒想到，經紀人最重要的能力竟然是這個...！？ﾚ(ﾟ∀ﾟ;)ﾍ█熙歌Cygnus,2024-03-12T16:21:13Z,https://www.youtube.com/watch?v=JCLNEMoUBWk,https://i.ytimg.com/vi/JCLNEMoUBWk/mqdefault.jpg
2694a505a0e0441bb99b49e8ce1f7473,11755,【3/20】回來啦！今天要幹嘛勒｜紅包活動這陣子找時間抽獎｜!RP !瑞杏盃 !yt !綠界 !會員 !7tv !指令,2024-03-20T13:11:30Z,https://www.twitch.tv/videos/2096196560,https://static-cdn.jtvnw.net/cf_vods/d3vd9lfkzbru3h/46c27c9f32d87933945b_kannazukilubee_41156887831_1710940283//thumb/thumb0-%{width}x%{height}.jpg
5535c9524eb046c38e172ebfa06b302f,11735,🔴【原神】邊肝邊處理事情的音樂作業台｜儲值→!LD !曼德洛 !周邊▹ @ruroroisme ◃,2024-03-23T15:32:42Z,https://www.twitch.tv/videos/2099140111,https://static-cdn.jtvnw.net/cf_vods/d3vd9lfkzbru3h/526a4951aa1cb1366b05_ruroroisme_41165295511_1711207953//thumb/thumb0-%{width}x%{height}.jpg
58abad4aa8de49efb785367503dfd92c,11731,【ASMR | 睡眠導入】露手舔耳♡油壓按摩x溫柔掏耳♡ #shorts EARLicking  EARMASSAGE♡耳マッサージ 耳舐め  | 白黑3DIO KU100【野薔薇 Vtuber】,2024-03-21T11:03:00Z,https://www.youtube.com/watch?v=8M-PC2cgt5U,https://i.ytimg.com/vi/8M-PC2cgt5U/mqdefault.jpg
512b64ec20174d018540516e9edf2b2f,11729,：）,2024-03-28T22:15:05Z,https://www.youtube.com/watch?v=Rd-Q1CIhqRs,https://i.ytimg.com/vi/Rd-Q1CIhqRs/mqdefault.jpg
cdb5c89f61c94949a989457cf549b7e4,11724,誠實的成分閒聊99.9% 唱歌0.1% ♡ﾟ+ #vtuber #雜談 #台v #台灣vtuber #歌回 #歌枠,2024-03-03T20:55:36Z,https://www.youtube.com/watch?v=Xu20sEaOq48,https://i.ytimg.com/vi/Xu20sEaOq48/mqdefault.jpg
4544974bc5624035ae7bb0c9ed33e44e,11712,霧鎖王國是一款真正的好遊戲 #瓦西瓦瓦 #vaswawa #霧鎖王國 #enshrouded,2024-03-25T04:00:28Z,https://www.youtube.com/watch?v=qGMC0TSeySQ,https://i.ytimg.com/vi/qGMC0TSeySQ/mqdefault.jpg
9d9c6477329245cbb2557895f4f15686,11691,/ᐠ. ̫ .ᐟ\ 032˙8 廢棄之城 .ᐟ.ᐟ 惡魔聯名手機殼上市了⸜♡⸝ 新動態桌布在DC股東大會  ✿ !LINE !周邊 !DC !COVER,2024-03-28T12:27:03Z,https://www.twitch.tv/videos/2103823933,https://static-cdn.jtvnw.net/cf_vods/d3vd9lfkzbru3h/3d5a7e3c98a7e7e37254_iitifox_41178103831_1711628818//thumb/thumb0-%{width}x%{height}.jpg
2e266a71aa3d4a67bb8d9a2a0b573319,11680,【仔魚】-   ０３/０6 ｜  !周邊 !LINE,2024-03-05T23:30:23Z,https://www.twitch.tv/videos/2082359711,https://static-cdn.jtvnw.net/cf_vods/d3vd9lfkzbru3h/d83625d326bebb04883f_ziifish_41118790647_1709681412//thumb/thumb0-%{width}x%{height}.jpg
c65e7caaf81a43249d5132b9fe312b24,11668,VTUBER learns how to be a MOTHER???,2024-03-01T07:44:21Z,https://www.youtube.com/watch?v=C3Z7MbMedPA,https://i.ytimg.com/vi/C3Z7MbMedPA/mqdefault.jpg
4b6b055ada4d4f0ab63b7ad02a3fa3ef,11663,Rumi和大丸首次連動，不但成為大便哥哥還直接星爆氣流斬？？｜Rumi/懶貓子 ft. @winds123,2024-03-21T10:00:36Z,https://www.youtube.com/watch?v=f5RyjyAVfP8,https://i.ytimg.com/vi/f5RyjyAVfP8/mqdefault.jpg
1c5619a4ece046dd8ba68ed343489ca3,11611,【台灣人自願統一，中共國人笑嘻嘻💕】台灣主播告訴你黨的好、黨的棒❗❗,2024-03-27T12:28:42Z,https://www.youtube.com/watch?v=eNScIBqzSFI,https://i.ytimg.com/vi/eNScIBqzSFI/mqdefault.jpg
6bd49f94afb144e995247388ca8c42a8,11608,【橙Yuzumi】【中/日】 RANK ｜ @yuzumi_neon  !LINE貼圖 !RP !人設,2024-03-07T14:00:12Z,https://www.twitch.tv/videos/2083779256,https://static-cdn.jtvnw.net/cf_vods/d3vd9lfkzbru3h/4e44efee8fde5c8904b0_yuzumi_neon_41122966535_1709820004//thumb/thumb0-%{width}x%{height}.jpg
73b97b1a35c84579aa8ffcd6534efad3,11600,猜人名大賽，無答勝有答| #vtuber #shorts #台v #vtuberclip #vtuber中文 #台v精華 #台vtuber,2024-03-08T09:00:40Z,https://www.youtube.com/watch?v=kA8aXeU_2AQ,https://i.ytimg.com/vi/kA8aXeU_2AQ/mqdefault.jpg
3197e5649c65405cbbe6e5f1a44cf8e1,11600,【縱型歌回】三字歌回｜3月3日3字歌回✨ #直式直播 #shorts 【白月心宿】,2024-03-03T18:49:57Z,https://www.youtube.com/watch?v=pja8ZlMqyTs,https://i.ytimg.com/vi/pja8ZlMqyTs/mqdefault.jpg
f6a4e7aa8d0c4e5cb39d199845ec4d02,11600,【杏仁ミル】趴在桌子睡著了 話很少 | !周邊 !3C @vtuber_amiru,2024-03-28T06:40:56Z,https://www.twitch.tv/videos/2103698105,https://static-cdn.jtvnw.net/cf_vods/d3vd9lfkzbru3h/a6121d59894b1bed8462_vtuber_amiru_41177201591_1711608051//thumb/thumb0-%{width}x%{height}.jpg
b6f68e0e323f45458752f3a7ec6a08f2,11590,【#縱型歌雜】午安🐲 休息了兩天其實完全不知道今天要練什麼，但是開心開台【月下香幽芳YuFang】,2024-03-16T08:31:31Z,https://www.youtube.com/watch?v=avlzxhgbfFY,https://i.ytimg.com/vi/avlzxhgbfFY/mqdefault.jpg
95f8bb8a92c1450b8b5993f740b39338,11584,POV youre an NPC during Kafka's jump scene:,2024-03-02T10:29:03Z,https://www.youtube.com/watch?v=tJJnaSlh3sU,https://i.ytimg.com/vi/tJJnaSlh3sU/mqdefault.jpg
b4a1791208fd4d85b7b08ee2bad0c236,11569,【瑪麗歌回】8+9慶祝歌回🌼聽不聽?一句話啦！ #瑪格麗特諾爾絲 #箱箱TheBox,2024-03-22T15:55:30Z,https://www.youtube.com/watch?v=WuWQ4yRPRA8,https://i.ytimg.com/vi/WuWQ4yRPRA8/mqdefault.jpg
d35707348d554507a98f97eb59230efc,11535,【歌回】經典中文歌回！沒聽過的就當新歌，沒問題吧😉 #縦型配信 #初見歓迎【天櫻咲樂/VTuber】,2024-03-01T15:52:46Z,https://www.youtube.com/watch?v=gwd8A2GsJ2w,https://i.ytimg.com/vi/gwd8A2GsJ2w/mqdefault.jpg
55be1972142c44799f83ce3db4f14fbd,11527,【高低音不分】明明是歌勢Vtuber 卻沒被合唱團選上的原因？｜有・柚実yuzzmi #shorts #vtuber精華 #搞笑  #funnyvideo #可愛い #擴散希望 #拡散希望,2024-03-21T10:00:32Z,https://www.youtube.com/watch?v=WoE1taNI-MA,https://i.ytimg.com/vi/WoE1taNI-MA/mqdefault.jpg
b4a1791208fd4d85b7b08ee2bad0c236,11524,【直式直播】羊羊早早🌼 #shorts #瑪格麗特諾爾絲 #vtuber #箱箱thebox,2024-03-17T05:53:12Z,https://www.youtube.com/watch?v=gUIMiW40fJ4,https://i.ytimg.com/vi/gUIMiW40fJ4/mqdefault.jpg
2741a90689f342548daad7f760b0a8f7,11504,【用號稱痛到會去見上帝的嘴破藥】來治療我的嘴【希翁／Chion】,2024-03-16T21:15:26Z,https://www.youtube.com/watch?v=Aqu22q7Ta_M,https://i.ytimg.com/vi/Aqu22q7Ta_M/mqdefault.jpg
4fd17e8877024633876c5d85bc81e56b,11497,台灣早期的廣告太刺激 #vtuber   #台V #vtuber  #台灣vtuber #vtuber中文  #vtuberclip #光頭Vtuber #atamahikari,2024-02-29T10:10:00Z,https://www.youtube.com/watch?v=CIU7FmvpuSE,https://i.ytimg.com/vi/CIU7FmvpuSE/mqdefault.jpg
d837e8fda137492c9d77882b98ff863a,11489,「沒有台語歌」的突發歌回，但是... ?,2024-03-24T14:00:30Z,https://www.youtube.com/watch?v=aV8SaXVpT8s,https://i.ytimg.com/vi/aV8SaXVpT8s/mqdefault.jpg
2694a505a0e0441bb99b49e8ce1f7473,11488,【3/7】鹿特波斯 DAY2 小進城一下晚點可能會瓦｜紅包活動記得填表單抽獎 !紅包｜!RP !瑞杏盃 !yt !綠界 !會員 !7tv !指令,2024-03-07T14:52:30Z,https://www.twitch.tv/videos/2083807942,https://static-cdn.jtvnw.net/cf_vods/d3vd9lfkzbru3h/3029b1870bb403e774a7_kannazukilubee_41123115479_1709823145//thumb/thumb0-%{width}x%{height}.jpg
2694a505a0e0441bb99b49e8ce1f7473,11475,【3/23】和很多人一起玩別挨餓｜紅包活動這陣子找時間抽獎｜!RP !yt !綠界 !會員 !7tv !指令,2024-03-23T14:07:41Z,https://www.twitch.tv/videos/2099077951,https://static-cdn.jtvnw.net/cf_vods/d3vd9lfkzbru3h/2efa5e7c40494ccb1ecd_kannazukilubee_41165051095_1711202856//thumb/thumb0-%{width}x%{height}.jpg
7ddebf4d8f6d4c63a4fc7268d8113c10,11468,【耶格/Day16】廢棄之城RP【3/27】!DC !7TV  @kusaka_ice,2024-03-27T10:59:46Z,https://www.twitch.tv/videos/2102831837,https://static-cdn.jtvnw.net/cf_vods/d3vd9lfkzbru3h/d1cb418bfec0c22a15cd_kusaka_ice_41174925543_1711537179//thumb/thumb0-%{width}x%{height}.jpg
6bd49f94afb144e995247388ca8c42a8,11462,5ma之歌🧡 #5MAChallenge #大罐結冰水 #shorts,2024-03-04T01:51:55Z,https://www.youtube.com/watch?v=hOZ-lmFlquI,https://i.ytimg.com/vi/hOZ-lmFlquI/mqdefault.jpg
334133534368487780dfa99b7c9f5949,11433,一分鐘學會雞蛋黑豆腐 🧈 #cooking #lifestyle #vtuber,2024-03-05T06:00:29Z,https://www.youtube.com/watch?v=xYLPguQ9qI8,https://i.ytimg.com/vi/xYLPguQ9qI8/mqdefault.jpg
ce2a2c07a74640fc8d3b39d022b16dd9,11428,你們有一樣的經歷嗎？|名雪薇薇 #shorts #vtuber #台灣vtuber #搞笑 #dcard #梗圖 #迷因 #名雪薇薇 #雪豹,2024-03-01T03:40:19Z,https://www.youtube.com/watch?v=VbR2LsDT23c,https://i.ytimg.com/vi/VbR2LsDT23c/mqdefault.jpg
15c9a54b946a40c38c07ea2f9efddfa5,11417,【四萬訂閱耐久】我要出道四個月啦！一起唱歌慶祝！｜煌Kirali,2024-03-11T17:44:47Z,https://www.youtube.com/watch?v=xSLq0UsZneA,https://i.ytimg.com/vi/xSLq0UsZneA/mqdefault.jpg
4c3cae772e974f8fb8e04f4cc9c8cd8d,11414,✞ 白噪音 ꙳  ✞ 聊天囉  ̖́-  朝著雜談大師之路邁進 🌈 *.  ┊ Square Live 白白虹,2024-03-22T10:51:56Z,https://www.youtube.com/watch?v=pTXFa9eYD3M,https://i.ytimg.com/vi/pTXFa9eYD3M/mqdefault.jpg
729621ce509b4641ad8cde76dec037d0,11408,✧縱型歌雜✧晚安~晚安~輕聲細語的晚安~希妮·亞里絲🤍SinnieAris✨,2024-03-11T17:09:11Z,https://www.youtube.com/watch?v=3FVdMw8q7y0,https://i.ytimg.com/vi/3FVdMw8q7y0/mqdefault.jpg
60282d578bb747b8b232dba81168a5b6,11404,【歌回】一定有尼聽過的西洋Pop Song! | 冰霧Eisnebel,2024-03-02T19:31:29Z,https://www.youtube.com/watch?v=siKwR-R_wBs,https://i.ytimg.com/vi/siKwR-R_wBs/mqdefault.jpg
c5fe413a473d4638b53fb3f9019aabbe,11386,【歌回】復健！咳嗽退散！如果能唱下週就開唱！🔹#帕蘿妮 #Paroniie #SHORTS #直向配信,2024-03-28T11:38:51Z,https://www.youtube.com/watch?v=ASmXRD0mFAg,https://i.ytimg.com/vi/ASmXRD0mFAg/mqdefault.jpg
e350c8b7e41045419ee1ac73bc78921b,11380,小時候用foxy的悲慘經驗#shorts #vtuber #台v #台灣vtuber #夏伊拉 #火影忍者  #直播 #vtuberclip #vtuber中文,2024-03-16T10:38:16Z,https://www.youtube.com/watch?v=9lEEBzSr82M,https://i.ytimg.com/vi/9lEEBzSr82M/mqdefault.jpg
4544974bc5624035ae7bb0c9ed33e44e,11376,【翻唱】煌Kirali Liar謊癮 瓦西瓦瓦 / Vaswawa Cover 歌ってみた,2024-03-18T03:06:20Z,https://www.youtube.com/watch?v=mpZm_tlBajM,https://i.ytimg.com/vi/mpZm_tlBajM/mqdefault.jpg
c0c033c9c8014562b58a7124b6b22fb0,11329,【#乙事主回饋料理製作影片】國粹珍奶獅子頭! 紅燒獅子頭裡加珍珠奶茶啦! 全台首創! 獨門料理! 僅此一家!,2024-03-14T04:00:17Z,https://www.youtube.com/watch?v=dOrFpRfTK-8,https://i.ytimg.com/vi/dOrFpRfTK-8/mqdefault.jpg
512b64ec20174d018540516e9edf2b2f,11325,homeless owl 🦉一個人住宿體驗,2024-03-01T11:38:21Z,https://www.youtube.com/watch?v=EkM7yW_Gjys,https://i.ytimg.com/vi/EkM7yW_Gjys/mqdefault.jpg
265a18972d244affae35711cfd1f9931,11319,神秘小知識：你們知道刮刮樂很壞嗎 每次都被暴雷😡,2024-03-01T10:39:06Z,https://www.youtube.com/watch?v=wikVKgbcMLo,https://i.ytimg.com/vi/wikVKgbcMLo/mqdefault.jpg
f1b5f88144e14bd188e17b2f98303713,11316,真正的名字其實是…… #亞洛赫 #shorts #台v #vtuber,2024-03-18T12:00:26Z,https://www.youtube.com/watch?v=RCpJau50fMU,https://i.ytimg.com/vi/RCpJau50fMU/mqdefault.jpg
c40c5082434e4b1ca8e19f82d54f83b2,11313,【Shorts】廢話式打招呼 #Shorts #vtuber中文 #中文vtuber #台v,2024-03-21T15:30:01Z,https://www.youtube.com/watch?v=30HX9V5kzkE,https://i.ytimg.com/vi/30HX9V5kzkE/mqdefault.jpg
e93bd1102e214cbaa71cc5b2e4a53595,11302,【縦型雑談】#倫家不知道啟動！關心最近的你我，最近的你會不會感覺有點累了呢？ ░  #雑談 #shorts #short #縦型配信｜Chatting Stream,2024-03-22T13:57:01Z,https://www.youtube.com/watch?v=DqhWX9cyU3U,https://i.ytimg.com/vi/DqhWX9cyU3U/mqdefault.jpg
3005ff0c09064d7f924c506e1e9c18ba,11302,【猫夜凜】廢棄之城DAY17 貓鈴 最後   | @nekoyarin |  !語音 !猫韻 !RP  | 3/28,2024-03-28T12:11:40Z,https://www.twitch.tv/videos/2103816565,https://static-cdn.jtvnw.net/cf_vods/d3vd9lfkzbru3h/54b30d56d7873fc4d249_nekoyarin_41178045463_1711627895//thumb/thumb0-%{width}x%{height}.jpg
1ccdbe5d48934f4cbabc86512dd1d357,11284,【地獄】喜歡數會增加健身環時間的直播,2024-03-17T15:33:07Z,https://www.youtube.com/watch?v=lrj5FdjVcic,https://i.ytimg.com/vi/lrj5FdjVcic/mqdefault.jpg
334133534368487780dfa99b7c9f5949,11261,30秒學會滷鳥蛋 🐤 #cooking #lifestyle #vtuber,2024-03-23T01:00:05Z,https://www.youtube.com/watch?v=EZwseX9lCsk,https://i.ytimg.com/vi/EZwseX9lCsk/mqdefault.jpg
a6a4e83ae23140e6bd1f7c817af8f864,11258,千萬別讓女友看到這段影片！你看過這麼綠茶的Vtuber嗎？【露熙妲 Luxida】#vtuber精華 #shorts,2024-03-27T04:00:10Z,https://www.youtube.com/watch?v=EVATKbI56jU,https://i.ytimg.com/vi/EVATKbI56jU/mqdefault.jpg
c82ab1b4f8f64d1f84cae4ce09aa0dea,11256,槍槍｜汐Seki｜!週邊 !指令,2024-03-17T13:00:15Z,https://www.twitch.tv/videos/2093413918,https://static-cdn.jtvnw.net/cf_vods/d3vd9lfkzbru3h/928eac20b6e13a366f63_seki_meridian_41149039255_1710680410//thumb/thumb0-%{width}x%{height}.jpg
afa3e309e41044c5bffe17466607d481,11250,雪雪๐•ᴗ•๐ 3/24 挨餓啟動 @yukkkkiouo ♡初配信準備中♡,2024-03-24T09:50:14Z,https://www.twitch.tv/videos/2099965459,https://static-cdn.jtvnw.net/cf_vods/d3vd9lfkzbru3h/aea01aee825624c2d36c_yukkkkiouo_41167012087_1711273806//thumb/thumb0-%{width}x%{height}.jpg
215d93a2bd634b4cbeed0e88ae6d6e14,11245,《神貓配音》米奇不妙屋,2024-03-14T11:00:00Z,https://www.youtube.com/watch?v=-0bbRLb3GFg,https://i.ytimg.com/vi/-0bbRLb3GFg/mqdefault.jpg
8bf35c3b9a9e461d825a9170555b71c2,11239,【澪Rei】哈哈又是我你們的狸貓好朋友 !YT !通販 !LINE !DC 中文/Eng/日本語,2024-03-24T15:00:34Z,https://www.twitch.tv/videos/2100144022,https://static-cdn.jtvnw.net/cf_vods/d3vd9lfkzbru3h/3ab426cc257a7b50ddff_reirei_neon_41167946279_1711292430//thumb/thumb0-%{width}x%{height}.jpg
cd42e06c40534d9eac7e30a434e47d43,11230,我每次在做完XX我都不敢點開XX我怕我自己把自己丟掉 #台灣vtuber#台灣vtuber #帕豹pabo #shorts #short,2024-03-18T00:00:01Z,https://www.youtube.com/watch?v=1pIcv-yCbEY,https://i.ytimg.com/vi/1pIcv-yCbEY/mqdefault.jpg
a3ce195c0069494c99849d0b1a10a7fd,11230,速速前是在搶衣服｜悠白Ubye #vtuber  #shorts  #台V  #vtuberclip  #vtuber中文 #雲際線,2024-03-08T11:15:00Z,https://www.youtube.com/watch?v=0dYi_Eun1YM,https://i.ytimg.com/vi/0dYi_Eun1YM/mqdefault.jpg
7c06b9e316ce4ac18ce836cd72442bbe,11214,子午最忠實的女僕 #shorts,2024-03-09T10:01:44Z,https://www.youtube.com/watch?v=uMGh1NJcXvA,https://i.ytimg.com/vi/uMGh1NJcXvA/mqdefault.jpg
f110fd69b66941bab04de9ada563c6ac,11211,被A媽嗆詞彙量匱乏🤪 #shorts,2024-03-12T04:00:27Z,https://www.youtube.com/watch?v=xPZjtTHLzrA,https://i.ytimg.com/vi/xPZjtTHLzrA/mqdefault.jpg
d35707348d554507a98f97eb59230efc,11203,【歌回】下午來聽歌！今天也陪咲樂慢慢建構歌單吧！ #縦型配信 #初見歓迎【天櫻咲樂/VTuber】,2024-02-28T10:23:37Z,https://www.youtube.com/watch?v=9Lg5Dw7d5t8,https://i.ytimg.com/vi/9Lg5Dw7d5t8/mqdefault.jpg
7a88afc5eb644d76b35ed4ca968259bb,11198,🔴 【 吧噗 🍦】03/24 ASMR live 💤 Ear Licking 耳舐め 明天要上班上課了.. 近來聽聽 ... ?,2024-03-24T17:28:52Z,https://www.youtube.com/watch?v=W7lxFz_mQ2Y,https://i.ytimg.com/vi/W7lxFz_mQ2Y/mqdefault.jpg
15c9a54b946a40c38c07ea2f9efddfa5,11179,【歌回】復仇歌回: 我來了！我要復仇！｜煌Kirali,2024-03-08T14:05:22Z,https://www.youtube.com/watch?v=N6Njwnnflsc,https://i.ytimg.com/vi/N6Njwnnflsc/mqdefault.jpg
4c3cae772e974f8fb8e04f4cc9c8cd8d,11172,✞  歌雜 ꙳ ✞  不能剪精華  ̖́-  軟趴趴的唱歌  🌧 *. ┊ Square Live 白白虹,2024-03-17T14:14:52Z,https://www.youtube.com/watch?v=RzPUvkARWjE,https://i.ytimg.com/vi/RzPUvkARWjE/mqdefault.jpg
c5fe413a473d4638b53fb3f9019aabbe,11170,【歌回】一些沒唱過的情歌🔹#帕蘿妮 #Paroniie #SHORTS #直向配信,2024-03-03T09:22:13Z,https://www.youtube.com/watch?v=8LXQHSD81q4,https://i.ytimg.com/vi/8LXQHSD81q4/mqdefault.jpg
d35707348d554507a98f97eb59230efc,11158,【上班偷聽台】嘗試來個電台風🎙️ 聊聊最近的生活體驗  #縦型配信 #初見歓迎【天櫻咲樂/VTuber】,2024-03-22T09:05:17Z,https://www.youtube.com/watch?v=WYtAASF2mrs,https://i.ytimg.com/vi/WYtAASF2mrs/mqdefault.jpg
2741a90689f342548daad7f760b0a8f7,11130,【懲罰】唸我自己中二時期的日記32分鐘(悲壯)【希翁／Chion】,2024-03-20T16:48:34Z,https://www.youtube.com/watch?v=OdTen2ePHuw,https://i.ytimg.com/vi/OdTen2ePHuw/mqdefault.jpg
6943bbfc993443d4b3853833b3bb1a66,11112,俄羅斯方塊的秘密🤫 #台v #台灣vtuber #迷因療法 #迷因栗量 #迷因梗圖  #冷知識 #俄羅斯方塊 #shorts,2024-03-02T11:23:16Z,https://www.youtube.com/watch?v=ZyAfY5pBOJM,https://i.ytimg.com/vi/ZyAfY5pBOJM/mqdefault.jpg
e93bd1102e214cbaa71cc5b2e4a53595,11109,﹝中/日ok﹞新手瓦瓦每天練習 ░ @earendelxdfp !指令 !隊友,2024-03-07T10:38:28Z,https://www.twitch.tv/videos/2083689304,https://static-cdn.jtvnw.net/cf_vods/d3vd9lfkzbru3h/152d8657f7040a0269b7_earendelxdfp_41122293799_1709807903//thumb/thumb0-%{width}x%{height}.jpg
8bf35c3b9a9e461d825a9170555b71c2,11098,【澪Rei】霓NEOn非常好立牌！讓朋友有借有還，再借不難 ゝ∀･b,2024-03-21T09:34:27Z,https://www.youtube.com/watch?v=YSOeQQuG-V4,https://i.ytimg.com/vi/YSOeQQuG-V4/mqdefault.jpg
95f8bb8a92c1450b8b5993f740b39338,11096,Genshin Cosplay is Wild 😳,2024-03-20T10:00:09Z,https://www.youtube.com/watch?v=7JgdGE4xFXQ,https://i.ytimg.com/vi/7JgdGE4xFXQ/mqdefault.jpg
d837e8fda137492c9d77882b98ff863a,11086,Vtuber現場公審觀眾的留言！你們講這是什麼話啦！！,2024-03-18T14:13:59Z,https://www.youtube.com/watch?v=eGdG9DaKYCQ,https://i.ytimg.com/vi/eGdG9DaKYCQ/mqdefault.jpg
6dc75ab227e34c928598bde8f2d324bf,11079,【四萬訂大感謝】縱型配信 - 台語歌挑戰：穩定血壓日！今天的台語逮就補！補檔Ｘ／點歌Ｘ／初見Ｏ～🦁️,2024-03-15T16:15:24Z,https://www.youtube.com/watch?v=V94N7CayKTw,https://i.ytimg.com/vi/V94N7CayKTw/mqdefault.jpg
4c3cae772e974f8fb8e04f4cc9c8cd8d,11022,✞ 白噪音 ꙳  ✞  難笑笑話大量發生  🌧 *.  ┊ Square Live 白白虹,2024-03-13T10:50:21Z,https://www.youtube.com/watch?v=RAlVYNs17iA,https://i.ytimg.com/vi/RAlVYNs17iA/mqdefault.jpg
5535c9524eb046c38e172ebfa06b302f,10997,🔵【崩壞：星穹鐵道】🚀一場直播2個7+5？找了超多Vtuber朋友！最非就念繞口令🤣！ Ft.  @shalala1120 @STORIANarrator @yironron.0622  ▹璐洛洛◃,2024-03-27T12:32:12Z,https://www.youtube.com/watch?v=cFWuVikVL34,https://i.ytimg.com/vi/cFWuVikVL34/mqdefault.jpg
7c06b9e316ce4ac18ce836cd72442bbe,10981,凱蒂貓都市傳說 #shorts #mizukilive,2024-03-03T06:27:10Z,https://www.youtube.com/watch?v=3hPoZa9OU8Y,https://i.ytimg.com/vi/3hPoZa9OU8Y/mqdefault.jpg
512b64ec20174d018540516e9edf2b2f,10979,我是一個奇怪的觀光客,2024-03-09T21:00:43Z,https://www.youtube.com/watch?v=YjygPjV_NB8,https://i.ytimg.com/vi/YjygPjV_NB8/mqdefault.jpg
9af7c10c618844f08a327d38753124bd,10946,【03/15】今天來逛一逛，彌補昨˙天失去的時間  | !yt !會員 !RP !注意事項 !酒 !指令,2024-03-15T10:43:02Z,https://www.twitch.tv/videos/2091327084,https://static-cdn.jtvnw.net/cf_vods/d3vd9lfkzbru3h/96519037740f2a94d0b9_shurakukiriko_41142943559_1710499377//thumb/thumb0-%{width}x%{height}.jpg
6943bbfc993443d4b3853833b3bb1a66,10940,衣夫人本體長這樣‼️ #台灣vtuber #vtuber #台V #冷知識 #迷因 #迷因靈魂 #超人特工隊 #衣夫人 #shorts,2024-03-16T10:39:10Z,https://www.youtube.com/watch?v=lyvuixaR9wI,https://i.ytimg.com/vi/lyvuixaR9wI/mqdefault.jpg
de266b34e79c49b48fa566e9fb1a24af,10929,希珥 Shir -【2.0配信X新曲發佈】Official Teaser,2024-03-05T09:00:09Z,https://www.youtube.com/watch?v=7AAIlS1QHPw,https://i.ytimg.com/vi/7AAIlS1QHPw/mqdefault.jpg
15c9a54b946a40c38c07ea2f9efddfa5,10922,【歌回】下雨歌單：雨滴滴答答，我幫你撐把傘唱首歌！｜煌Kirali,2024-03-16T13:18:19Z,https://www.youtube.com/watch?v=2jPLfsOZE-k,https://i.ytimg.com/vi/2jPLfsOZE-k/mqdefault.jpg
7ead9e2cac544a7cb00444ef6b4698d1,10922,【廢棄之城RP】比琪進城啦~跟著亞美蝶一起去冒險,2024-03-06T14:57:26Z,https://www.twitch.tv/videos/2082884793,https://static-cdn.jtvnw.net/cf_vods/d3vd9lfkzbru3h/f576927a7ac261525768_hibiki_meridianproject_41120669783_1709737040//thumb/thumb0-%{width}x%{height}.jpg
be6c475c291d45a0a7349abdb70be20d,10909,【GTA5實況】第一時間玩突襲噹噹鐘農場！,2024-03-07T15:18:23Z,https://www.youtube.com/watch?v=a_5qoA7mjrs,https://i.ytimg.com/vi/a_5qoA7mjrs/mqdefault.jpg
a9f6574e98f34b20a05269134930fb50,10888,【玩遊戲】Palworld作業枠！！　※ほぼ中国語/茸茸鼠,2024-02-28T15:35:02Z,https://www.youtube.com/watch?v=xZHpnoQ2A48,https://i.ytimg.com/vi/xZHpnoQ2A48/mqdefault.jpg
e9a9d88bf69e4c83842fe05b3ae1601b,10881,【廢棄之城RP精華】紅白姊弟請毛毛警官吃冷掉的炒飯 ft. 不會跌倒的羽毛、鴨鴨二、馬魯ㅇㅅㅇ - 遊戲│GTAV│台V #廢棄之城RP #abdcityrp,2024-03-18T15:18:23Z,https://www.youtube.com/watch?v=3x-tWP0QYeQ,https://i.ytimg.com/vi/3x-tWP0QYeQ/mqdefault.jpg
c82ab1b4f8f64d1f84cae4ce09aa0dea,10872,最近想過爛肉般的生活｜汐Seki｜!週邊 !指令,2024-03-20T13:06:37Z,https://www.twitch.tv/videos/2096194036,https://static-cdn.jtvnw.net/cf_vods/d3vd9lfkzbru3h/52841653b50f9995643b_seki_meridian_41156868839_1710939992//thumb/thumb0-%{width}x%{height}.jpg
f110fd69b66941bab04de9ada563c6ac,10862,【？？？】？？？？？？？？？？ 【AoiHinamori】,2024-02-28T18:11:34Z,https://www.youtube.com/watch?v=sjPiBYStz8U,https://i.ytimg.com/vi/sjPiBYStz8U/mqdefault.jpg
4c3cae772e974f8fb8e04f4cc9c8cd8d,10842,✞ 白噪音 ꙳  ✞  聊天天   ̖́-  為晚上的 RP 做一點心理建設  🌧 *.  ┊ Square Live 白白虹,2024-03-15T10:31:04Z,https://www.youtube.com/watch?v=ljqON44Ur_I,https://i.ytimg.com/vi/ljqON44Ur_I/mqdefault.jpg
512b64ec20174d018540516e9edf2b2f,10834,這邊有一隻可愛的紅面番鴨,2024-03-23T14:21:54Z,https://www.youtube.com/watch?v=gYOkCJx_-Mo,https://i.ytimg.com/vi/gYOkCJx_-Mo/mqdefault.jpg
8f12066334ed4c4dae19ca1152781e59,10823,『 Bling‐Bang‐Bang‐Born』【実力を歌ってみた】Cover by .雛森ラビ,2024-03-21T11:00:44Z,https://www.youtube.com/watch?v=re-Gzhid4Io,https://i.ytimg.com/vi/re-Gzhid4Io/mqdefault.jpg
7ddebf4d8f6d4c63a4fc7268d8113c10,10820,【耶格/Day14】廢棄之城RP【3/24】!DC !7TV  @kusaka_ice,2024-03-24T11:25:02Z,https://www.twitch.tv/videos/2100006080,https://static-cdn.jtvnw.net/cf_vods/d3vd9lfkzbru3h/b2925fb7372debb855d6_kusaka_ice_41167254455_1711279495//thumb/thumb0-%{width}x%{height}.jpg
9cec24b011ee45648eb404066c997f49,10818,【SF6】酷酷的東西來ㄌ！ヽ(✿ﾟ▽ﾟ)ノ　重新找手感，大家準備一起中風囉 ヽ(✿ﾟ▽ﾟ)ノ█熙歌Cygnus,2024-03-09T17:56:48Z,https://www.youtube.com/watch?v=qxFxTITbYsE,https://i.ytimg.com/vi/qxFxTITbYsE/mqdefault.jpg
7a88afc5eb644d76b35ed4ca968259bb,10817,🔴 【 吧噗 🍦】03/14 ASMR live 💤 Ear Licking 耳舐め,2024-03-13T18:52:17Z,https://www.youtube.com/watch?v=qedLwKKwDkc,https://i.ytimg.com/vi/qedLwKKwDkc/mqdefault.jpg
aaa45dc386714427ba862f691d4471ac,10788,Vtuber難言之隱！爸爸竟誤會我賣情趣用品？#vtuber #台v精華 #波cut #shorts,2024-03-11T11:00:17Z,https://www.youtube.com/watch?v=T0idQ-PGs3E,https://i.ytimg.com/vi/T0idQ-PGs3E/mqdefault.jpg
6dc75ab227e34c928598bde8f2d324bf,10784,【三萬訂大感謝】縱型配信 - 華文歌曲：復健歌雜初見歡迎！下周全數靜音無法補檔，太久沒唱歌了，獻醜了!! ~~🦁️ #short #shorts,2024-03-01T16:17:00Z,https://www.youtube.com/watch?v=vUrsvkqTV4I,https://i.ytimg.com/vi/vUrsvkqTV4I/mqdefault.jpg
b4a1791208fd4d85b7b08ee2bad0c236,10767,【直式直播】今天晚餐吃甚麼呢？#shorts #vtuber #瑪格麗特諾爾絲 #料理,2024-03-28T13:13:25Z,https://www.youtube.com/watch?v=263I9lRJDw4,https://i.ytimg.com/vi/263I9lRJDw4/mqdefault.jpg
4544974bc5624035ae7bb0c9ed33e44e,10757,【偷薪水】到底是誰要在這時間配信的！？直式配信。【瓦西瓦瓦 / Vaswawa】,2024-03-26T05:53:59Z,https://www.youtube.com/watch?v=hswKp0pkuLs,https://i.ytimg.com/vi/hswKp0pkuLs/mqdefault.jpg
a8ce4642418b4fe8ba1471a32097f4c4,10754,【下午茶歌回】一起聊聊天唱唱歌 ! 隨時看可怕的老師在不在 ~  #shorts  #縦型配信【歐妲/惡獸時代】,2024-03-09T12:59:23Z,https://www.youtube.com/watch?v=VoZQHYgJVVY,https://i.ytimg.com/vi/VoZQHYgJVVY/mqdefault.jpg
e17f42aa104040deae2ee3f3b1e85ed8,10753,【肉肉薔蒔】03/27,2024-03-27T04:56:11Z,https://www.twitch.tv/videos/2102705818,https://static-cdn.jtvnw.net/cf_vods/d3vd9lfkzbru3h/97daa0eb0bfc4dd135a7_aishakumo_41174183351_1711515364//thumb/thumb0-%{width}x%{height}.jpg
71cee502a14d4ef1b9b0264fa2db8987,10750,【Kas】3/13 | GTA RP 廢棄之城D6 #abdCityRP | Rest in Peace 平安來了 | 請訂閱圖奇、YT | !gta !yt !情書 !x,2024-03-14T12:14:26Z,https://www.twitch.tv/videos/2090433450,https://static-cdn.jtvnw.net/cf_vods/d3vd9lfkzbru3h/73ce22c7d60021a50575_kas_aepro_41140594999_1710418461//thumb/thumb0-%{width}x%{height}.jpg
6bd49f94afb144e995247388ca8c42a8,10710,【歌雜】唱聊走起ヾ(•ω•`)o話說歌雜的雜...是雜談的雜對...吧？【橙Yuzumi】,2024-03-09T18:34:24Z,https://www.youtube.com/watch?v=7y_2nrPrhFQ,https://i.ytimg.com/vi/7y_2nrPrhFQ/mqdefault.jpg
6943bbfc993443d4b3853833b3bb1a66,10708,今晚…一起…💤 #台灣vtuber #vtuber #台V #冷知識 #催眠曲 #迷因,2024-03-19T10:23:51Z,https://www.youtube.com/watch?v=KrujghMG2HQ,https://i.ytimg.com/vi/KrujghMG2HQ/mqdefault.jpg
2741a90689f342548daad7f760b0a8f7,10704,【新幹線 0号】chilla's新作！不好意思突然要去搭高鐵了【希翁／Chion】,2024-03-23T23:23:19Z,https://www.youtube.com/watch?v=qRmkHbOTz_k,https://i.ytimg.com/vi/qRmkHbOTz_k/mqdefault.jpg
cd42e06c40534d9eac7e30a434e47d43,10701,【歌雜】今天能唱幾首歌呢? ♡  嗷嗚~ #vtuber,2024-03-14T19:15:35Z,https://www.youtube.com/watch?v=AOa8tudQbM0,https://i.ytimg.com/vi/AOa8tudQbM0/mqdefault.jpg
e93bd1102e214cbaa71cc5b2e4a53595,10696,【TGS RUST】伺服器倒數！不知道我的家是否還安好，給大家看我有好多良好因子的南瓜！我是好農夫！ 初參 JP伺服器！#tgsrust  ｜Gaming Stream,2024-02-29T17:46:16Z,https://www.youtube.com/watch?v=r79pguoA4Hc,https://i.ytimg.com/vi/r79pguoA4Hc/mqdefault.jpg
f110fd69b66941bab04de9ada563c6ac,10690,星隕計畫—錄音彩蛋🫠 #shorts,2024-03-23T04:31:14Z,https://www.youtube.com/watch?v=TvhVucI90Xw,https://i.ytimg.com/vi/TvhVucI90Xw/mqdefault.jpg
9cec24b011ee45648eb404066c997f49,10687,【SF6】小開環節，熱身結束後嘗試用路克打打牌位 _(´ཀ`」 ∠)_█熙歌Cygnus,2024-03-26T16:14:48Z,https://www.youtube.com/watch?v=uFol7qkQ7sU,https://i.ytimg.com/vi/uFol7qkQ7sU/mqdefault.jpg
7ead9e2cac544a7cb00444ef6b4698d1,10643,【廢棄之城RP】D5比琪進城啦~,2024-03-11T13:26:31Z,https://www.twitch.tv/videos/2087698823,https://static-cdn.jtvnw.net/cf_vods/d3vd9lfkzbru3h/9cae53a0116554338e69_hibiki_meridianproject_41133068135_1710163585//thumb/thumb0-%{width}x%{height}.jpg
afa3e309e41044c5bffe17466607d481,10643,雪雪๐•ᴗ•๐ 3/17 弦一郎我來了 @yukkkkiouo ♡初配信準備中♡,2024-03-17T11:28:40Z,https://www.twitch.tv/videos/2093363755,https://static-cdn.jtvnw.net/cf_vods/d3vd9lfkzbru3h/7f186bc9f37c1c5c3db6_yukkkkiouo_41148726327_1710674913//thumb/thumb0-%{width}x%{height}.jpg
0641a9c8b9a94994aaa33e0c86fef75b,10639,介紹甜點為什麼會講到貓奶頭？ #vtuber #shorts #台V #vtuberclip #vtuber中文 #kuromu,2024-03-04T09:59:03Z,https://www.youtube.com/watch?v=1A2DsKLkILs,https://i.ytimg.com/vi/1A2DsKLkILs/mqdefault.jpg
9d9c6477329245cbb2557895f4f15686,10637,/ᐠ. ̫ .ᐟ\ 0312 wawa ꔫ 滑鼠游標在dc公告給大家使用 !比賽 .ᐟ.ᐟ 新動態桌布在DC股東大會 ⸜♡⸝ ✿ !LINE !周邊 !DC !COVER,2024-03-12T09:25:44Z,https://www.twitch.tv/videos/2088514218,https://static-cdn.jtvnw.net/cf_vods/d3vd9lfkzbru3h/d890a912a081f2d8a5e6_iitifox_41134844231_1710235538//thumb/thumb0-%{width}x%{height}.jpg
5f12df329c6144e1a6c596f4fbcb9e81,10623,【歌雑/縱配信】早安歌配信～雑談～VOCALOID多め！！#6 中/日 ok  【Torakolive】,2024-03-09T06:23:05Z,https://www.youtube.com/watch?v=6dux0ChNYac,https://i.ytimg.com/vi/6dux0ChNYac/mqdefault.jpg
5535c9524eb046c38e172ebfa06b302f,10612,1分鐘 [千織] 養成懶人包🏵️▸畢業面板、聖遺物推薦、天賦加點順序 #原神 #璐洛洛 #chiori,2024-03-17T08:35:08Z,https://www.youtube.com/watch?v=bTTylrkBWvY,https://i.ytimg.com/vi/bTTylrkBWvY/mqdefault.jpg
a000aa1d3ea7489c993277d33ab2457e,10595,【早安配月】早安!聊一下下周要幹嘛⌇幻月Moondogs,2024-03-14T05:12:11Z,https://www.youtube.com/watch?v=iwDxD-bsSfs,https://i.ytimg.com/vi/iwDxD-bsSfs/mqdefault.jpg
3005ff0c09064d7f924c506e1e9c18ba,10593,【猫夜凜】廢棄之城DAY15 貓鈴   | @nekoyarin |  !語音 !猫韻 !RP  | 3/25,2024-03-25T13:14:01Z,https://www.twitch.tv/videos/2101030953,https://static-cdn.jtvnw.net/cf_vods/d3vd9lfkzbru3h/038d1f23f52a0a081872_nekoyarin_41170170023_1711372436//thumb/thumb0-%{width}x%{height}.jpg
ebe5c5f9d67f44f3bc5e70b413ce9df7,10591,【加班】廢棄之城RP 加班轉盤拉霸中  !加班 !綠界 可以用7tv唷【依可露】,2024-03-24T06:19:14Z,https://www.twitch.tv/videos/2099883185,https://static-cdn.jtvnw.net/cf_vods/d3vd9lfkzbru3h/7e7d968cc4b6b4f3c0da_ekorru_41166556375_1711261147//thumb/thumb0-%{width}x%{height}.jpg
334133534368487780dfa99b7c9f5949,10557,一分鐘學會青江菜炒鹹蛋 🥬 #cooking #lifestyle #vtuber,2024-03-03T01:00:30Z,https://www.youtube.com/watch?v=nuHVyGXW7sA,https://i.ytimg.com/vi/nuHVyGXW7sA/mqdefault.jpg
c40c5082434e4b1ca8e19f82d54f83b2,10525,【Shorts】智障設計 #Shorts #vtuber中文 #中文vtuber #台v,2024-03-14T15:30:11Z,https://www.youtube.com/watch?v=cAvAMY-oR8c,https://i.ytimg.com/vi/cAvAMY-oR8c/mqdefault.jpg
bafb134fd2f849898d6242d1f5f683cc,10522,【03.20】久違打配！／!指令 !隊友,2024-03-20T08:31:05Z,https://www.twitch.tv/videos/2096090777,https://static-cdn.jtvnw.net/cf_vods/d3vd9lfkzbru3h/f14baca358b2e0e4179e_nemesisxdfp_41156098839_1710923459//thumb/thumb0-%{width}x%{height}.jpg
8bf35c3b9a9e461d825a9170555b71c2,10506,【歌回】還債+五萬？？，等待著五萬的同時想跟你們一起度過這個夜晚｜澪Rei,2024-03-27T15:58:27Z,https://www.youtube.com/watch?v=YHlRqm4KF0M,https://i.ytimg.com/vi/YHlRqm4KF0M/mqdefault.jpg
6e51f06f6a02439d82b213b623cda4e8,10505,不可能有人脾氣比我還大 #vtuber #男v #沒大沒小 #狐狸或狗 #擴散希望 #問號大師,2024-03-07T11:17:06Z,https://www.youtube.com/watch?v=l8542UJhMHw,https://i.ytimg.com/vi/l8542UJhMHw/mqdefault.jpg
a000aa1d3ea7489c993277d33ab2457e,10504,【突發】早安!⌇幻月Moondogs,2024-03-16T04:25:09Z,https://www.youtube.com/watch?v=HGqid59vhy8,https://i.ytimg.com/vi/HGqid59vhy8/mqdefault.jpg
dad6fb7439d744739755a9a7c6c18d20,10498,【歌回】如果你閉上眼睛，那就會黑黑的✦♫♩♫♪♩✦ Karaoke Stream／歌枠【角蓮Caren】,2024-03-26T18:27:46Z,https://www.youtube.com/watch?v=9qrxWGJyVvE,https://i.ytimg.com/vi/9qrxWGJyVvE/mqdefault.jpg
f1b5f88144e14bd188e17b2f98303713,10493,【希赫】我們剛認識時的對話記錄大公開…… | 亞洛赫 | ft. #希翁,2024-03-17T18:18:36Z,https://www.youtube.com/watch?v=8Q0NLr15pCw,https://i.ytimg.com/vi/8Q0NLr15pCw/mqdefault.jpg
ec65566d949944ffb1e2723f97ded6e0,10483,心情不好或睡不著只要OO就能解決…,2024-03-16T11:25:06Z,https://www.youtube.com/watch?v=1-_vn451VKw,https://i.ytimg.com/vi/1-_vn451VKw/mqdefault.jpg
e93bd1102e214cbaa71cc5b2e4a53595,10477,【縦型雑談】#倫家不知道 啟動！關心你我也關心時事！有些想法想問問大家！晚點降落在純桑頻道一起看連動！ ░  #雑談 #shorts #short #縦型配信｜Chatting Stream,2024-03-26T13:46:36Z,https://www.youtube.com/watch?v=H2lK9SJ5oNU,https://i.ytimg.com/vi/H2lK9SJ5oNU/mqdefault.jpg
6ce5f9e78ea946d8a2fd4191005557aa,10474,整人綜藝 辦公室鬧鬼 工讀生當場嚇哭【貝我監視中】,2024-03-02T09:00:08Z,https://www.youtube.com/watch?v=HgRAVd-ECik,https://i.ytimg.com/vi/HgRAVd-ECik/mqdefault.jpg
95f8bb8a92c1450b8b5993f740b39338,10451,Vtuber plays Star Rail on Apple Vision Pro,2024-02-28T10:00:17Z,https://www.youtube.com/watch?v=OEPdyCHa824,https://i.ytimg.com/vi/OEPdyCHa824/mqdefault.jpg
0641a9c8b9a94994aaa33e0c86fef75b,10408,【Father's Days】恐怖遊戲日ㄛ【庫洛姆Kuromu】#台灣Vtuber #庫洛姆,2024-03-02T19:35:17Z,https://www.youtube.com/watch?v=1CUZxO1e3uE,https://i.ytimg.com/vi/1CUZxO1e3uE/mqdefault.jpg
936b23e5e87144108c5d3f09f194c8b8,10352,什麼樣的男生讓主播驚呆了 #台灣vtuber #蔥鴨嘎嘎live #vtuber #台v #shorts,2024-03-21T01:00:21Z,https://www.youtube.com/watch?v=rmhoP7Cm-VU,https://i.ytimg.com/vi/rmhoP7Cm-VU/mqdefault.jpg
312fdd3c5e6d4aefa73fd3860ecc5613,10348,【泡茶LA】蘭蘭秀茶藝🥺❓如何泡出一杯好茶 Feat.花花們和狗 #森森鈴蘭,2024-03-07T13:19:32Z,https://www.youtube.com/watch?v=hwls-hB1fdE,https://i.ytimg.com/vi/hwls-hB1fdE/mqdefault.jpg
b4a1791208fd4d85b7b08ee2bad0c236,10322,【直式直播】來煮煲仔飯！有手就會...吧！ #shorts #vtuber #煲仔飯 #瑪格麗特諾爾絲,2024-03-14T16:39:55Z,https://www.youtube.com/watch?v=r3lFhC1J0j0,https://i.ytimg.com/vi/r3lFhC1J0j0/mqdefault.jpg
1b63d89e0b1a4b579de6d99e25eaff8f,10322,我的弟弟世上最暖心 #Vtuber #貓祭 #shorts ​#祭庫shorts,2024-03-17T12:01:46Z,https://www.youtube.com/watch?v=O52Q6QcHTc0,https://i.ytimg.com/vi/O52Q6QcHTc0/mqdefault.jpg
506d9c6fdbd34c8aa5fda64d90d96ac2,10311,【2.0新衣裝發表】罪人阿,2024-03-14T14:07:11Z,https://www.youtube.com/watch?v=4NCo7TpJzaI,https://i.ytimg.com/vi/4NCo7TpJzaI/mqdefault.jpg
73b97b1a35c84579aa8ffcd6534efad3,10303,【兩萬特慶】百歌回 Day1✨用古風曲做開篇!! 百歌挑戰開始!! #初見歡迎,2024-03-25T16:49:20Z,https://www.youtube.com/watch?v=lPQ8nByhYmI,https://i.ytimg.com/vi/lPQ8nByhYmI/mqdefault.jpg
4544974bc5624035ae7bb0c9ed33e44e,10299,我的雞雞很沒用唉！！ #瓦西瓦瓦 #vaswawa,2024-03-07T04:00:12Z,https://www.youtube.com/watch?v=dy1nryDFJvk,https://i.ytimg.com/vi/dy1nryDFJvk/mqdefault.jpg
cd42e06c40534d9eac7e30a434e47d43,10276,好色喔各位 想被我踩踩的現在舉手手讓我好好的疼愛你呀 ! #台灣vtuber#台灣vtuber #帕豹pabo #shorts #short,2024-03-06T00:00:06Z,https://www.youtube.com/watch?v=CNArEy741n4,https://i.ytimg.com/vi/CNArEy741n4/mqdefault.jpg
31f17632340f4e7fbd0ced07193dd81b,10264,【雜談】來聊聊這幾天的直播吧 ! 我知道你們快中風ㄌXD【達亞】,2024-03-27T16:36:28Z,https://www.youtube.com/watch?v=vToY0IFP0Os,https://i.ytimg.com/vi/vToY0IFP0Os/mqdefault.jpg
494d2c5daf9f4a8a8e4538687e6be14c,10262,【中大告知】答應過要讓你們知道...所以【兔姬UsagiHime | 惡兔重工】,2024-03-06T17:08:58Z,https://www.youtube.com/watch?v=ss92yQ79gYo,https://i.ytimg.com/vi/ss92yQ79gYo/mqdefault.jpg
265a18972d244affae35711cfd1f9931,10226,🐙老公貼貼🐙14萬訂閱慶祝-喊1400位老公耐久 今天好恥...【MiroLive/塔芭絲可】,2024-03-03T16:06:44Z,https://www.youtube.com/watch?v=0oyn4N6lWek,https://i.ytimg.com/vi/0oyn4N6lWek/mqdefault.jpg
a000aa1d3ea7489c993277d33ab2457e,10192,【午餐配月】午安!今天是非常重要的日子~兌發票!⌇幻月Moondogs,2024-03-25T05:30:37Z,https://www.youtube.com/watch?v=vCitmwWx1KA,https://i.ytimg.com/vi/vCitmwWx1KA/mqdefault.jpg
15c9a54b946a40c38c07ea2f9efddfa5,10176,【歌回】饒舌歌回: 阿基來當一回饒舌歌手｜煌Kirali,2024-03-01T14:59:53Z,https://www.youtube.com/watch?v=hDgQp1nYdno,https://i.ytimg.com/vi/hDgQp1nYdno/mqdefault.jpg
08be94e874d448f8a2794a44c61e8d8f,10155,【#縦型配信】縦型歌枠！慶祝5000訂閱歌回！唱五個字的歌 ✦ 狸咪 Tanuki Miihi,2024-03-23T17:16:45Z,https://www.youtube.com/watch?v=n2V-HNCfS44,https://i.ytimg.com/vi/n2V-HNCfS44/mqdefault.jpg
71cee502a14d4ef1b9b0264fa2db8987,10142,【Kas】3/17 | 先打LOL 晚點看看比賽、再晚點就GTA RP 廢棄之城D9 #abdCityRP | 請訂閱圖奇、YT | !gta !yt !情書 !x,2024-03-17T09:32:42Z,https://www.twitch.tv/videos/2093315598,https://static-cdn.jtvnw.net/cf_vods/d3vd9lfkzbru3h/37d0e5d21fe6c959f167_kas_aepro_41148446967_1710667957//thumb/thumb0-%{width}x%{height}.jpg
e9a9d88bf69e4c83842fe05b3ae1601b,10138,【廢棄之城RP #1】我叫紅白姬，第一名討厭的東西是蟲子、第二名就是殭屍，希望這討厭的末日快點結束。而你、我的弟弟，我不希望你變成第三名，所以聽話點。#abdCityRP #GTARP,2024-03-06T12:11:28Z,https://www.twitch.tv/videos/2082797358,https://static-cdn.jtvnw.net/cf_vods/d3vd9lfkzbru3h/9a9268e19697a786fe99_homete416_41120112295_1709727083//thumb/thumb0-%{width}x%{height}.jpg
a000aa1d3ea7489c993277d33ab2457e,10133,【午餐配月】午安!聊聊昨天的比賽跟做週表!!⌇幻月Moondogs,2024-03-18T05:57:51Z,https://www.youtube.com/watch?v=GnGklmZ1IgM,https://i.ytimg.com/vi/GnGklmZ1IgM/mqdefault.jpg
ad2a1148ff4747229694f9aa2c3645d9,10130,【突發一下】台灣遊覽車KTV之夜簡稱台V之夜～聽說六千訂就有大餐可以吃？！ #縱型直播｜ 鶇 Tsugumi,2024-03-24T00:10:13Z,https://www.youtube.com/watch?v=02ltygakXgs,https://i.ytimg.com/vi/02ltygakXgs/mqdefault.jpg
5b6584a73478450d9db3f44b918580fd,10119,當你有很多Vt老婆的煩惱🙊 #sadhamster #shorts #vtuber #台v #vtuber中文 【迦米爾Kamir😈💫】,2024-03-12T13:00:56Z,https://www.youtube.com/watch?v=u038HF-7cWg,https://i.ytimg.com/vi/u038HF-7cWg/mqdefault.jpg
512b64ec20174d018540516e9edf2b2f,10114,奉公守法好貓鷹 #資源回收,2024-03-23T06:07:23Z,https://www.youtube.com/watch?v=JaBjVbZoCD0,https://i.ytimg.com/vi/JaBjVbZoCD0/mqdefault.jpg
e17f42aa104040deae2ee3f3b1e85ed8,10109,【肉肉薔蒔】03/19 喵,2024-03-18T17:14:39Z,https://www.twitch.tv/videos/2094502978,https://static-cdn.jtvnw.net/cf_vods/d3vd9lfkzbru3h/a5023e73a0130b1a9ee6_aishakumo_41152234423_1710782071//thumb/thumb0-%{width}x%{height}.jpg
8bf35c3b9a9e461d825a9170555b71c2,10099,【澪Rei】挑戰十分鐘不道歉的狸貓！喔不，是浣熊,2024-03-08T10:00:14Z,https://www.youtube.com/watch?v=JNMb1-rCWCE,https://i.ytimg.com/vi/JNMb1-rCWCE/mqdefault.jpg
d17f504657b84cd9af8a3d405713e918,10097,【COVER】NIGHT DANCER - imase Covered by 溫特斯格倫 Ventus Columba,2024-02-29T11:00:12Z,https://www.youtube.com/watch?v=EprLSBnUXjg,https://i.ytimg.com/vi/EprLSBnUXjg/mqdefault.jpg
9cec24b011ee45648eb404066c997f49,10088,【酒後不通話】內有可愛注意！醉後大熙歌！█熙歌Cygnus,2024-03-06T11:00:25Z,https://www.youtube.com/watch?v=ULOnTGqkUnk,https://i.ytimg.com/vi/ULOnTGqkUnk/mqdefault.jpg
702c74978d8f4adab79f292cbecb49a4,10088,V女直播露美腿 竟一夕老十歲,2024-03-07T11:06:03Z,https://www.youtube.com/watch?v=_JzXNJOuhbM,https://i.ytimg.com/vi/_JzXNJOuhbM/mqdefault.jpg
f6a4e7aa8d0c4e5cb39d199845ec4d02,10070,【杏仁ミル精華】歡喜冤家，鬼屋兔兔幫啟動！FT. @restiafps 【廢棄之城RP】,2024-03-16T11:00:49Z,https://www.youtube.com/watch?v=tg0hq9iiLfk,https://i.ytimg.com/vi/tg0hq9iiLfk/mqdefault.jpg
95f8bb8a92c1450b8b5993f740b39338,10057,Bro got the wrong version of the song 💀,2024-03-14T10:00:30Z,https://www.youtube.com/watch?v=UJb3cUJBzYU,https://i.ytimg.com/vi/UJb3cUJBzYU/mqdefault.jpg
7ead9e2cac544a7cb00444ef6b4698d1,10055,【歌回】哄睡歌回 就算帥也是可以溫柔的吧｜響Hibiki,2024-03-10T16:41:50Z,https://www.youtube.com/watch?v=NSP4Cf6sts4,https://i.ytimg.com/vi/NSP4Cf6sts4/mqdefault.jpg
4c3cae772e974f8fb8e04f4cc9c8cd8d,10046,✞ 白噪音 ꙳  ✞ 初見大歡迎  ̖́-  來培養感情吧 🌧 *.  ┊ Square Live 白白虹,2024-03-20T10:34:21Z,https://www.youtube.com/watch?v=oDspHzRmDKY,https://i.ytimg.com/vi/oDspHzRmDKY/mqdefault.jpg
5535c9524eb046c38e172ebfa06b302f,10039,1分鐘 [荒瀧一斗] 養成懶人包🏵️▸畢業面板、聖遺物推薦、天賦加點順序 #原神 #璐洛洛 #itto,2024-03-18T11:30:55Z,https://www.youtube.com/watch?v=8RTYfRKqRtk,https://i.ytimg.com/vi/8RTYfRKqRtk/mqdefault.jpg
334133534368487780dfa99b7c9f5949,10036,一分鐘學會涼拌海帶絲 🌿 #cooking #lifestyle #vtuber,2024-03-02T01:00:13Z,https://www.youtube.com/watch?v=SwSrx9uhvKk,https://i.ytimg.com/vi/SwSrx9uhvKk/mqdefault.jpg
50a0835b66844b0ab84f573934f20989,10035,【官方精華】實用系寶可夢叫聲？！【蘿貝塔 VTuber】#vtuber #台灣vtuber #vtuber精華 #shorts,2024-03-26T16:30:11Z,https://www.youtube.com/watch?v=Xn9uOkbMOEk,https://i.ytimg.com/vi/Xn9uOkbMOEk/mqdefault.jpg
e93bd1102e214cbaa71cc5b2e4a53595,10032,【歡迎工商邀請】請給我們機會！擅長把生菜煮成飯！？ 【厄倫蒂兒 Earendel】,2024-03-20T11:30:25Z,https://www.youtube.com/watch?v=Ty4WzQM19Y4,https://i.ytimg.com/vi/Ty4WzQM19Y4/mqdefault.jpg
ebe5c5f9d67f44f3bc5e70b413ce9df7,10032,【GTA5】廢棄之城RP SIDE柯以露 !綠界 可以用7tv唷【依可露】,2024-03-28T11:15:59Z,https://www.twitch.tv/videos/2103791065,https://static-cdn.jtvnw.net/cf_vods/d3vd9lfkzbru3h/a4a864d0b059f76560c2_ekorru_41177834951_1711624554//thumb/thumb0-%{width}x%{height}.jpg
cd42e06c40534d9eac7e30a434e47d43,10027,【女僕刮刮樂!】規則在資訊欄! ♡  嗷嗚~ #vtuber,2024-03-10T20:34:18Z,https://www.youtube.com/watch?v=7vjCQn7Rrj8,https://i.ytimg.com/vi/7vjCQn7Rrj8/mqdefault.jpg
7a88afc5eb644d76b35ed4ca968259bb,10018,🔴 【 吧噗 🍦】03/19 ASMR live 💤 Ear Licking 耳舐め,2024-03-19T17:24:58Z,https://www.youtube.com/watch?v=FcnR5wHuFEc,https://i.ytimg.com/vi/FcnR5wHuFEc/mqdefault.jpg
f928118054aa4e11aa4ec88504d8b886,9994,【熱炒雜談】來聊聊上班會遇到的那些有的沒有和一些趣事 【#縱型直播 #臺灣vtuber / #雲際線】,2024-03-04T15:37:32Z,https://www.youtube.com/watch?v=0TW4i7h8Ves,https://i.ytimg.com/vi/0TW4i7h8Ves/mqdefault.jpg
ebe5c5f9d67f44f3bc5e70b413ce9df7,9963,【加班#23】久違的歌台💜｜加班拉霸機啟動【依可露】#shorts #vtuber #縱型配信 #talking #short #singing,2024-03-15T09:05:37Z,https://www.youtube.com/watch?v=EGJzEzuM_dc,https://i.ytimg.com/vi/EGJzEzuM_dc/mqdefault.jpg
f6a4e7aa8d0c4e5cb39d199845ec4d02,9959,【廢棄之城RP精華】廢棄之城第一天小屁孩第一次搶就搶到神？！【杏仁ミル】,2024-03-15T04:00:27Z,https://www.youtube.com/watch?v=r6187IhklkM,https://i.ytimg.com/vi/r6187IhklkM/mqdefault.jpg
6943bbfc993443d4b3853833b3bb1a66,9935,最喜歡香香的女生了‼️#台灣vtuber #vtuber #台V #冷知識 #迷因 #迷因靈魂 #迷因梗圖,2024-03-27T11:12:48Z,https://www.youtube.com/watch?v=k14C1-9TGN8,https://i.ytimg.com/vi/k14C1-9TGN8/mqdefault.jpg
cd42e06c40534d9eac7e30a434e47d43,9923,你們到底有多希望主播跟別人的男人生小孩??? #台灣vtuber#台灣vtuber #帕豹pabo #shorts #short,2024-03-27T00:00:07Z,https://www.youtube.com/watch?v=IXNYMtNQDyw,https://i.ytimg.com/vi/IXNYMtNQDyw/mqdefault.jpg
1323f1b775bf43659f8b8ec2899522cd,9920,【官方精華】柴的地位不保了?!!🐸🍁,2024-03-04T05:35:04Z,https://www.youtube.com/watch?v=QetvRMCcUto,https://i.ytimg.com/vi/QetvRMCcUto/mqdefault.jpg
71cee502a14d4ef1b9b0264fa2db8987,9871,【Kas】3/25 | 廢棄之城 GTA RP D15 #abdCityRP | 請訂閱圖奇、YT | !gta !yt !情書 !x,2024-03-25T14:30:25Z,https://www.twitch.tv/videos/2101073470,https://static-cdn.jtvnw.net/cf_vods/d3vd9lfkzbru3h/fbdfef00c3bf1319e046_kas_aepro_41170418423_1711377020//thumb/thumb0-%{width}x%{height}.jpg
bafb134fd2f849898d6242d1f5f683cc,9850,【歌枠】今天也想唱些最近好喜歡的新歌給你們聽：Aimer / ヨルシカ / IU【涅默Nemesis】,2024-03-26T13:01:55Z,https://www.youtube.com/watch?v=ZGcxGRzNPBw,https://i.ytimg.com/vi/ZGcxGRzNPBw/mqdefault.jpg
58abad4aa8de49efb785367503dfd92c,9837,深田老師的口X教學👌🏻👅（實戰非片片用。#台v #hkvtuber #shorts #vtuberclip #vtuber中文 #台灣vtuber #台v精華 #野薔薇asmr,2024-03-02T02:44:57Z,https://www.youtube.com/watch?v=w5CIsW1rSeI,https://i.ytimg.com/vi/w5CIsW1rSeI/mqdefault.jpg
15c9a54b946a40c38c07ea2f9efddfa5,9811,【煌Kirali】聊一下之後RP,2024-03-24T13:43:05Z,https://www.twitch.tv/videos/2100088151,https://static-cdn.jtvnw.net/cf_vods/d3vd9lfkzbru3h/701b42b9f3d13b1478eb_kirali_neon_41167726295_1711287779//thumb/thumb0-%{width}x%{height}.jpg
767afb93c0454b6291ea94d28ae5b5de,9807,【歌回】本周第一開！錄音錄了一整天但是好快樂的沙啞糬💚【羽宮奈奈】2024/03/07 22:00,2024-03-07T18:11:39Z,https://www.youtube.com/watch?v=DCMOx973URc,https://i.ytimg.com/vi/DCMOx973URc/mqdefault.jpg
e93bd1102e214cbaa71cc5b2e4a53595,9803,【縦型雑談】#倫家不知道啟動！限時樹洞關心你的最近，想跟大家放輕鬆聊聊天後帶你們去聽聽一個不一樣的我。 ░  #雑談 #shorts #short #縦型配信｜Chatting Stream,2024-03-06T13:48:10Z,https://www.youtube.com/watch?v=eD7KluIseZM,https://i.ytimg.com/vi/eD7KluIseZM/mqdefault.jpg
4fd17e8877024633876c5d85bc81e56b,9802,超神奇減重方法 #vtuber   #台V #vtuber  #台灣vtuber #vtuber中文  #vtuberclip #光頭Vtuber #atamahikari,2024-03-03T10:00:18Z,https://www.youtube.com/watch?v=VenzeI5dbJs,https://i.ytimg.com/vi/VenzeI5dbJs/mqdefault.jpg
c65e7caaf81a43249d5132b9fe312b24,9800,This Vtuber plays violin pretty alright!!,2024-03-21T00:47:53Z,https://www.youtube.com/watch?v=Oya0ZHEkDwM,https://i.ytimg.com/vi/Oya0ZHEkDwM/mqdefault.jpg
7ead9e2cac544a7cb00444ef6b4698d1,9800,【廢棄之城RP】D9比琪進城啦~,2024-03-18T13:57:34Z,https://www.twitch.tv/videos/2094377179,https://static-cdn.jtvnw.net/cf_vods/d3vd9lfkzbru3h/1f4ad1cef82a8f6da7a1_hibiki_meridianproject_41151792791_1710770247//thumb/thumb0-%{width}x%{height}.jpg
c65e7caaf81a43249d5132b9fe312b24,9798,Teaching you how to RIZZ,2024-03-23T06:21:50Z,https://www.youtube.com/watch?v=dCmeAqKwfTU,https://i.ytimg.com/vi/dCmeAqKwfTU/mqdefault.jpg
58abad4aa8de49efb785367503dfd92c,9788,變胖了不是我的錯！！#台v #hkvtuber #shorts #vtuberclip #vtuber中文 #台灣vtuber #台v精華 #野薔薇asmr,2024-03-01T01:57:13Z,https://www.youtube.com/watch?v=KiBEdzLgT6M,https://i.ytimg.com/vi/KiBEdzLgT6M/mqdefault.jpg
31f17632340f4e7fbd0ced07193dd81b,9783,【加班台】睡覺直播 ! 歡迎訂閱 !  #vtuber  #23,2024-02-28T05:04:47Z,https://www.youtube.com/watch?v=Q7v7FVzR_qo,https://i.ytimg.com/vi/Q7v7FVzR_qo/mqdefault.jpg
31f17632340f4e7fbd0ced07193dd81b,9779,【塔羅牌】開心幫大家算算看 ! !【達亞】,2024-03-28T15:55:07Z,https://www.youtube.com/watch?v=FQdQGPxctO0,https://i.ytimg.com/vi/FQdQGPxctO0/mqdefault.jpg
fa5a7cdc259543259af42bb23f1e4041,9770,這是一部有味道的影片 #Vtuber #vtuberclips #台v精華 #515,2024-03-14T08:47:47Z,https://www.youtube.com/watch?v=lYt-ZMJ7sVo,https://i.ytimg.com/vi/lYt-ZMJ7sVo/mqdefault.jpg
9af7c10c618844f08a327d38753124bd,9767,【03/13】做封面等消化  | !yt !會員 !RP !注意事項 !酒 !指令,2024-03-14T13:29:54Z,https://www.twitch.tv/videos/2090471892,https://static-cdn.jtvnw.net/cf_vods/d3vd9lfkzbru3h/704281acbb1ae6eedad3_shurakukiriko_41140891527_1710422988//thumb/thumb0-%{width}x%{height}.jpg
0641a9c8b9a94994aaa33e0c86fef75b,9757,ASMR·舔舐·毛毛ㄉ·PEROPERO·#vtuber #shorts #台V #vtuberclip #vtuber中文 #kuromu #Thefirstrice,2024-03-07T03:21:15Z,https://www.youtube.com/watch?v=8s464RRqCbY,https://i.ytimg.com/vi/8s464RRqCbY/mqdefault.jpg
4544974bc5624035ae7bb0c9ed33e44e,9755,茄子是水果 #瓦西瓦瓦 #vaswawa,2024-03-01T04:00:07Z,https://www.youtube.com/watch?v=N7-FTqhkIGc,https://i.ytimg.com/vi/N7-FTqhkIGc/mqdefault.jpg
4544974bc5624035ae7bb0c9ed33e44e,9745,玩音樂的孩子不會變壞 #瓦西瓦瓦 #vaswawa,2024-03-19T04:00:16Z,https://www.youtube.com/watch?v=WmzlgcTgYdk,https://i.ytimg.com/vi/WmzlgcTgYdk/mqdefault.jpg
265a18972d244affae35711cfd1f9931,9736,怎麼會這樣...太難過了..😭😭,2024-03-04T15:44:39Z,https://www.youtube.com/watch?v=lHOgsdEyN8Y,https://i.ytimg.com/vi/lHOgsdEyN8Y/mqdefault.jpg
7c06b9e316ce4ac18ce836cd72442bbe,9718,【ボカロ歌枠】唱唱最近超愛聽的V家歌曲！也許會有超級懷念的歌✨あの超懐かしい曲も…？初見大歓迎❤【浠Mizuki Karaoke】,2024-03-02T15:29:10Z,https://www.youtube.com/watch?v=J9uChvkkpK8,https://i.ytimg.com/vi/J9uChvkkpK8/mqdefault.jpg
1ccdbe5d48934f4cbabc86512dd1d357,9714,【有懲罰遊戲】日本人對台灣人檢定有幾題能答對呢？,2024-03-18T14:14:20Z,https://www.youtube.com/watch?v=oERLUszj8NE,https://i.ytimg.com/vi/oERLUszj8NE/mqdefault.jpg
f6a4e7aa8d0c4e5cb39d199845ec4d02,9709,【杏仁ミル雜談精華】我是咪咪我有超濃起司🧀誰是加菲貓你才加菲貓你全家都加菲貓...咪咪自爆已經OO,2024-03-08T10:30:08Z,https://www.youtube.com/watch?v=ONwaSuQf8cs,https://i.ytimg.com/vi/ONwaSuQf8cs/mqdefault.jpg
4544974bc5624035ae7bb0c9ed33e44e,9706,【偷薪水】醫生說我牙口不好，這輩子只能吃軟飯了，直式配信。【瓦西瓦瓦 / Vaswawa】,2024-03-04T07:51:19Z,https://www.youtube.com/watch?v=KUCuDNtvKY0,https://i.ytimg.com/vi/KUCuDNtvKY0/mqdefault.jpg
215d93a2bd634b4cbeed0e88ae6d6e14,9702,Minecraft超激烈的跑酷大賽!!!!,2024-03-10T11:00:21Z,https://www.youtube.com/watch?v=HAhAf5TW7gk,https://i.ytimg.com/vi/HAhAf5TW7gk/mqdefault.jpg
f1b5f88144e14bd188e17b2f98303713,9702,【禮物開箱】祝我生日快樂 | 亞洛赫 | #shorts,2024-03-06T02:30:31Z,https://www.youtube.com/watch?v=zULNPxro1Rc,https://i.ytimg.com/vi/zULNPxro1Rc/mqdefault.jpg
7c06b9e316ce4ac18ce836cd72442bbe,9698,【ゲリラ歌枠】合唱前先開嗓🎤這週超多合唱新歌！今週中新曲がいっぱい🎵初見さん大歓迎🎵【浠Mizuki Karaoke】#shorts #縦型配信 #初見歓迎,2024-03-04T09:56:23Z,https://www.youtube.com/watch?v=Chtan7d1z14,https://i.ytimg.com/vi/Chtan7d1z14/mqdefault.jpg
a9f6574e98f34b20a05269134930fb50,9684,【玩遊戲】Palworld作業枠！！　※ほぼ中国語/茸茸鼠,2024-03-14T16:09:57Z,https://www.youtube.com/watch?v=d_ZjXTVDL-w,https://i.ytimg.com/vi/d_ZjXTVDL-w/mqdefault.jpg
f928118054aa4e11aa4ec88504d8b886,9683,【其實不難吃？】可能很多人都誤解了它...... #台v精華  #twvtuber #臺灣vtuber #vtuberclip #vtuber中文,2024-03-18T14:26:02Z,https://www.youtube.com/watch?v=LnSrM-nC9Mg,https://i.ytimg.com/vi/LnSrM-nC9Mg/mqdefault.jpg
5ce810e28ea54f5bacd55573589f4e4e,9674,【中文翻唱】Hell is Forever Cover by 莉媞奧蕾雅 【地獄永無終日】#hazbinhotel #vtuber,2024-03-14T04:00:07Z,https://www.youtube.com/watch?v=967VLJLmu9A,https://i.ytimg.com/vi/967VLJLmu9A/mqdefault.jpg
626750f4e7a745619c171c44fb1efcc0,9657,【重返未來1999】37各塑造實戰技巧/組隊推薦，實現追擊完美循環【天使Vtuber小雪Yukichan】#MEPay魔儲 #Reverse1999 #重返未來1999 #37,2024-02-29T11:00:08Z,https://www.youtube.com/watch?v=PCHr6w3Vs-U,https://i.ytimg.com/vi/PCHr6w3Vs-U/mqdefault.jpg
64c779f8cc214e7a9b570c7b3fc128cc,9646,【芝士台】宿醉上學的主播回來了...... #初見歓迎 | 利卡洛斯 LiKaRuZ,2024-03-01T09:15:48Z,https://www.youtube.com/watch?v=_r_Qo1RT64g,https://i.ytimg.com/vi/_r_Qo1RT64g/mqdefault.jpg
c0c033c9c8014562b58a7124b6b22fb0,9631,這次我要在獅子頭裡加珍珠! 國粹珍珠獅子頭! 高階會員乙事主專屬回饋! 想知道更多的guts版料理 就加入高階會員! #shorts,2024-03-07T04:00:14Z,https://www.youtube.com/watch?v=TjNjycfkyok,https://i.ytimg.com/vi/TjNjycfkyok/mqdefault.jpg
aaa45dc386714427ba862f691d4471ac,9619,好油喔Peko！Gura壽司郎聯名合作 #vtuber #台v精華 #波cut #shorts,2024-03-01T11:00:36Z,https://www.youtube.com/watch?v=dEC_jbihWLs,https://i.ytimg.com/vi/dEC_jbihWLs/mqdefault.jpg
8bf35c3b9a9e461d825a9170555b71c2,9614,【觀眾募集】狸來看澪薯們的房間啦！｜澪Rei,2024-03-19T15:34:02Z,https://www.youtube.com/watch?v=oXTL5KvLqOE,https://i.ytimg.com/vi/oXTL5KvLqOE/mqdefault.jpg
f6a8c59d8b8d4e009d4e147ec268cd73,9614,【#雑談 chatting】 作業・・・・ #shorts #karaoke#vtuber,2024-03-10T04:49:58Z,https://www.youtube.com/watch?v=iKEWDMluaOw,https://i.ytimg.com/vi/iKEWDMluaOw/mqdefault.jpg
ce2a2c07a74640fc8d3b39d022b16dd9,9600,流水線男友Part2|名雪薇薇 #shorts #vtuber #台灣vtuber #搞笑 #雜談 #直播精華 #名雪薇薇 #雪豹,2024-03-05T08:16:56Z,https://www.youtube.com/watch?v=MnPr5i2zdvs,https://i.ytimg.com/vi/MnPr5i2zdvs/mqdefault.jpg
e93bd1102e214cbaa71cc5b2e4a53595,9590,【縦型雑談】#倫家不知道啟動！關心最近的你我，以及討論感激的YT和圖奇訂閱怎麼度過呢？ ░  #雑談 #shorts #short #縦型配信｜Chatting Stream,2024-03-15T13:17:57Z,https://www.youtube.com/watch?v=nYPaVcpN5SI,https://i.ytimg.com/vi/nYPaVcpN5SI/mqdefault.jpg
c0c033c9c8014562b58a7124b6b22fb0,9587,【 #台灣文創足跡(足姬)1】(·⚇·) DIKA豚足姬 (·⚇·)很開心邀請到金漫獎常勝軍『柯宥希(顆粒)老師』擔任本企劃的第一棒!!!我們碰不到彼此膝蓋，但一定會是個促膝長談的下午www,2024-03-11T19:31:15Z,https://www.youtube.com/watch?v=bmMVTUiwoS8,https://i.ytimg.com/vi/bmMVTUiwoS8/mqdefault.jpg
e93bd1102e214cbaa71cc5b2e4a53595,9578,【Study with me】番茄鐘！讓雨聲一起陪著我們做事，每25分鐘休息一下後繼續加油！ ░  #vtuber  #雑談 ｜#chatting  Stream,2024-03-20T09:47:30Z,https://www.youtube.com/watch?v=erzH6R7SXx8,https://i.ytimg.com/vi/erzH6R7SXx8/mqdefault.jpg
7ddebf4d8f6d4c63a4fc7268d8113c10,9577,【耶格/Day13】廢棄之城RP【3/22】!DC !7TV  @kusaka_ice,2024-03-22T11:44:47Z,https://www.twitch.tv/videos/2097986836,https://static-cdn.jtvnw.net/cf_vods/d3vd9lfkzbru3h/ddd99cdf096df07e1c5d_kusaka_ice_41161684855_1711107882//thumb/thumb0-%{width}x%{height}.jpg
c82ab1b4f8f64d1f84cae4ce09aa0dea,9576,睡不著來聽姐姐講故事 #Shorts,2024-03-15T10:00:29Z,https://www.youtube.com/watch?v=gxGnp5L9TXs,https://i.ytimg.com/vi/gxGnp5L9TXs/mqdefault.jpg
64c779f8cc214e7a9b570c7b3fc128cc,9562,【雑談】今天怎麼這麼的冷🥶......進來一起溫暖一下吧☕ #初見歓迎 | 利卡洛斯 LiKaRuZ,2024-03-20T14:09:22Z,https://www.youtube.com/watch?v=nGdyoDYoy2c,https://i.ytimg.com/vi/nGdyoDYoy2c/mqdefault.jpg
f928118054aa4e11aa4ec88504d8b886,9558,【虛擬同事】陪你度過下午的時光！來聊聊昨天的春酒和其他趣事吧！ 【#縱型直播 #臺灣vtuber / #雲際線】,2024-03-01T10:29:42Z,https://www.youtube.com/watch?v=Mh9c95pUyGk,https://i.ytimg.com/vi/Mh9c95pUyGk/mqdefault.jpg
6bd49f94afb144e995247388ca8c42a8,9546,【智力測驗】我！肯定很聰明的！對.....對嗎(⊙ˍ⊙)？【橙Yuzumi】,2024-03-24T08:18:01Z,https://www.youtube.com/watch?v=OgW6oXul7d8,https://i.ytimg.com/vi/OgW6oXul7d8/mqdefault.jpg
1af2e898b30a47518c54d7cb52ea92db,9546,有一種成熟叫「習慣了被傷害」 #台v #vtuber精華 #雜談,2024-03-14T10:54:56Z,https://www.youtube.com/watch?v=U78VrZ6d66w,https://i.ytimg.com/vi/U78VrZ6d66w/mqdefault.jpg
52e472aa762449b585c45a2d578bdf41,9536,沒直播的時候私底下做的事情#vtuber #台v #台灣vtuber #新人vtuber  剪輯：匿名,2024-03-05T03:15:43Z,https://www.youtube.com/watch?v=rM1sG7ttC88,https://i.ytimg.com/vi/rM1sG7ttC88/mqdefault.jpg
334133534368487780dfa99b7c9f5949,9522,一分鐘學會苦瓜炒鹹蛋 🥚 #cooking #lifestyle #vtuber,2024-03-18T06:24:51Z,https://www.youtube.com/watch?v=x3crk66RyK4,https://i.ytimg.com/vi/x3crk66RyK4/mqdefault.jpg
f6a4e7aa8d0c4e5cb39d199845ec4d02,9520,【杏仁ミル】餓餓好朋友  | !周邊 !3C @vtuber_amiru,2024-03-08T16:42:36Z,https://www.twitch.tv/videos/2084813073,https://static-cdn.jtvnw.net/cf_vods/d3vd9lfkzbru3h/a64d790b0538d2a74ff5_vtuber_amiru_41125878199_1709916151//thumb/thumb0-%{width}x%{height}.jpg
64c779f8cc214e7a9b570c7b3fc128cc,9515,【雑談】放學啦！今天上班上課的大家也都辛苦了唷💜 #初見歓迎 | 利卡洛斯 LiKaRuZ,2024-03-13T15:09:01Z,https://www.youtube.com/watch?v=dBZub_0uS6g,https://i.ytimg.com/vi/dBZub_0uS6g/mqdefault.jpg
71cee502a14d4ef1b9b0264fa2db8987,9494,【Kas】3/20 | 廢棄之城 GTA RP D11 #abdCityRP | 請訂閱圖奇、YT | !gta !yt !情書 !x,2024-03-20T13:35:59Z,https://www.twitch.tv/videos/2096209639,https://static-cdn.jtvnw.net/cf_vods/d3vd9lfkzbru3h/123a86865d73618fd31f_kas_aepro_41156980727_1710941753//thumb/thumb0-%{width}x%{height}.jpg
7c06b9e316ce4ac18ce836cd72442bbe,9474,狗狗坐車車 #shorts,2024-03-21T05:42:50Z,https://www.youtube.com/watch?v=0d57kCUv5eg,https://i.ytimg.com/vi/0d57kCUv5eg/mqdefault.jpg
e93bd1102e214cbaa71cc5b2e4a53595,9474,【 #迎春傳唱🌲✉️ 】第１棒迎接春天的到來！準備好多歌曲想給你們滿滿的好心情！ ░  歌枠｜Singing Stream,2024-03-02T06:44:02Z,https://www.youtube.com/watch?v=9AXt1LCVHLQ,https://i.ytimg.com/vi/9AXt1LCVHLQ/mqdefault.jpg
e93bd1102e214cbaa71cc5b2e4a53595,9466,﹝中/日ok﹞挨餓團出動！ ░ @earendelxdfp !指令 !隊友 !RP !瑞杏盃,2024-03-19T16:11:23Z,https://www.twitch.tv/videos/2095370659,https://static-cdn.jtvnw.net/cf_vods/d3vd9lfkzbru3h/3f42c2cfcfa82b858d5b_earendelxdfp_41154698023_1710864675//thumb/thumb0-%{width}x%{height}.jpg
664e1b310cf343b78623f99b31e40fae,9456,自製造型饅頭能有多醜? #迪鹿挑戰 #vtuber,2024-03-02T10:00:19Z,https://www.youtube.com/watch?v=TI1XWDedv_4,https://i.ytimg.com/vi/TI1XWDedv_4/mqdefault.jpg
512b64ec20174d018540516e9edf2b2f,9440,我感冒了，但應該快好了🥶🤒🤧,2024-03-07T15:01:59Z,https://www.youtube.com/watch?v=_OBkclDp01Y,https://i.ytimg.com/vi/_OBkclDp01Y/mqdefault.jpg
23ec5ecfb8c14ea893576783f1790643,9422,過期但還沒長毛就可以吃？請勿模仿‼️ #vtuber #vtuberclip #台v #台v精華,2024-03-12T11:11:16Z,https://www.youtube.com/watch?v=6oggahhIXYM,https://i.ytimg.com/vi/6oggahhIXYM/mqdefault.jpg
afa3e309e41044c5bffe17466607d481,9415,雪雪๐•ᴗ•๐ 3/7 輕鬆一下 晚點繼續挑戰碎星 @yukkkkiouo ♡初配信準備中♡,2024-03-07T11:02:10Z,https://www.twitch.tv/videos/2083697680,https://static-cdn.jtvnw.net/cf_vods/d3vd9lfkzbru3h/c1e14c0d28e003b3cfb2_yukkkkiouo_41122357863_1709809325//thumb/thumb0-%{width}x%{height}.jpg
6bd49f94afb144e995247388ca8c42a8,9412,【早橙電台🍊】おはよう🔆二月有著許多特殊的日子✨只要你想，不論是大事小事都來分享吧💬 【橙Yuzumi】#shorts  #縦型配信,2024-03-07T03:49:38Z,https://www.youtube.com/watch?v=9mc6L1mWRrk,https://i.ytimg.com/vi/9mc6L1mWRrk/mqdefault.jpg
2694a505a0e0441bb99b49e8ce1f7473,9412,【3/25】我好飽｜紅包活動這陣子找時間抽獎｜!RP !yt !綠界 !會員 !7tv !指令,2024-03-25T15:15:27Z,https://www.twitch.tv/videos/2101100945,https://static-cdn.jtvnw.net/cf_vods/d3vd9lfkzbru3h/dd680bcf5dcc7d106a16_kannazukilubee_41170539191_1711379720//thumb/thumb0-%{width}x%{height}.jpg
334133534368487780dfa99b7c9f5949,9410,1分鐘學會做開胃抹醬（Relish） 🥒 #cooking #lifestyle #vtuber,2024-03-26T06:00:20Z,https://www.youtube.com/watch?v=trwhA-NTy2o,https://i.ytimg.com/vi/trwhA-NTy2o/mqdefault.jpg
9cec24b011ee45648eb404066c997f49,9399,【熙絲特懺悔室】「來吧...告訴我你的罪，神會寬恕你的。」全新企畫重磅登場！讓熙絲特來聆聽大家的罪過吧 ♥ █熙歌Cygnus,2024-03-16T14:45:34Z,https://www.youtube.com/watch?v=paCyMn2FYnA,https://i.ytimg.com/vi/paCyMn2FYnA/mqdefault.jpg
afa3e309e41044c5bffe17466607d481,9390,雪雪๐•ᴗ•๐ 3/5 先A一下 晚點坐牢 @yukkkkiouo ♡初配信準備中♡,2024-03-05T11:04:57Z,https://www.twitch.tv/videos/2081838634,https://static-cdn.jtvnw.net/cf_vods/d3vd9lfkzbru3h/9671c73713f447d06e02_yukkkkiouo_41117410423_1709636692//thumb/thumb0-%{width}x%{height}.jpg
64c779f8cc214e7a9b570c7b3fc128cc,9380,【雑談】主播要成為大魔法師！！哈利波特普通巫術等級測驗🪄 #初見歓迎 | 利卡洛斯 LiKaRuZ,2024-03-07T14:36:34Z,https://www.youtube.com/watch?v=Rb7H25EQCZs,https://i.ytimg.com/vi/Rb7H25EQCZs/mqdefault.jpg
73b97b1a35c84579aa8ffcd6534efad3,9368,【遊戲碧】爬山遊戲✨會當凌絕頂，最多爬三小,2024-03-22T12:20:00Z,https://www.youtube.com/watch?v=1V72SwSh28M,https://i.ytimg.com/vi/1V72SwSh28M/mqdefault.jpg
5f12df329c6144e1a6c596f4fbcb9e81,9362,【歌枠】早安歌配信～雑談～中/日 ok  【Torakolive】,2024-03-02T07:15:20Z,https://www.youtube.com/watch?v=Wan_I0i1UDQ,https://i.ytimg.com/vi/Wan_I0i1UDQ/mqdefault.jpg
5535c9524eb046c38e172ebfa06b302f,9361,沉玉谷的隱藏寶箱你拿了嗎？ #原神 #璐洛洛 #genshinimpact,2024-02-28T10:30:02Z,https://www.youtube.com/watch?v=5eUkLWQmAg0,https://i.ytimg.com/vi/5eUkLWQmAg0/mqdefault.jpg
2e266a71aa3d4a67bb8d9a2a0b573319,9359,【仔魚】-   ０３/27｜  !周邊 !LINE,2024-03-27T04:26:01Z,https://www.twitch.tv/videos/2102689847,https://static-cdn.jtvnw.net/cf_vods/d3vd9lfkzbru3h/9a601451747e59a3291a_ziifish_41174136327_1711513552//thumb/thumb0-%{width}x%{height}.jpg
f5ff982730f54cd4826ff0530a4288c2,9350,🍜 【官方好料】暈船坦白講比死還難過 | 直播精華【白湯】,2024-03-06T12:45:07Z,https://www.youtube.com/watch?v=cXBwJ9zcUpw,https://i.ytimg.com/vi/cXBwJ9zcUpw/mqdefault.jpg
2e266a71aa3d4a67bb8d9a2a0b573319,9348,【仔魚】-   ０３/11 ｜  !周邊 !LINE,2024-03-11T09:54:26Z,https://www.twitch.tv/videos/2087612936,https://static-cdn.jtvnw.net/cf_vods/d3vd9lfkzbru3h/3d5e607574b50ce0430c_ziifish_41132397751_1710150856//thumb/thumb0-%{width}x%{height}.jpg
3f4650e05ceb41008bd16869780b7af1,9339,【貓咪大戰爭】從零開始的貓戰生活EP102 一日挑戰！決戰雙塔BOSS！,2024-03-09T15:19:12Z,https://www.youtube.com/watch?v=1UqFgEQwg24,https://i.ytimg.com/vi/1UqFgEQwg24/mqdefault.jpg
ebe5c5f9d67f44f3bc5e70b413ce9df7,9331,【加班】廢棄之城RP 加班轉盤拉霸中  !加班 !綠界 可以用7tv唷【依可露】,2024-03-20T16:42:44Z,https://www.twitch.tv/videos/2096326944,https://static-cdn.jtvnw.net/cf_vods/d3vd9lfkzbru3h/98a430bfb2e31f74fe83_ekorru_41157447255_1710952957//thumb/thumb0-%{width}x%{height}.jpg
767afb93c0454b6291ea94d28ae5b5de,9330,【歌回】女僕店的深夜酒吧？！一起來聽歌吧💚【羽宮奈奈】2024/03/10 21:30,2024-03-10T17:35:50Z,https://www.youtube.com/watch?v=0Ek8WdmK3kI,https://i.ytimg.com/vi/0Ek8WdmK3kI/mqdefault.jpg
664e1b310cf343b78623f99b31e40fae,9325,料理小白做威靈頓牛排，會不會翻車？#迪鹿挑戰 #Vtuber,2024-03-09T10:00:32Z,https://www.youtube.com/watch?v=Xyqd6SgZtDM,https://i.ytimg.com/vi/Xyqd6SgZtDM/mqdefault.jpg
58abad4aa8de49efb785367503dfd92c,9310,【ASMR | 舒壓】作業用♡露手沉浸式舔耳按摩♡輕語及物件音♡ EarLicking EARMASSAGE♡耳マッサージ、耳掃除、耳舐め| 黑3DIO KU100【野薔薇 Vtuber】＃２轉會限,2024-03-27T05:44:30Z,https://www.youtube.com/watch?v=kbdq-n1hDpw,https://i.ytimg.com/vi/kbdq-n1hDpw/mqdefault.jpg
c04f006e69e04000a68cd0c41f888eb2,9297,【 蝙蝠酒雜🥂 】喝點甜甜的水果酒，久違的吃個棉花糖❗#shorts #vtuber #酒雜 #阿洛,2024-03-22T15:42:11Z,https://www.youtube.com/watch?v=cgQ2M96xgAM,https://i.ytimg.com/vi/cgQ2M96xgAM/mqdefault.jpg
e93bd1102e214cbaa71cc5b2e4a53595,9283,﹝中/日ok﹞看別人家的店到店經營這麼好，我試試看能幾分鐘開始想睡覺 ░ @earendelxdfp !指令 !隊友 !RP,2024-03-28T15:32:12Z,https://www.twitch.tv/videos/2103933926,https://static-cdn.jtvnw.net/cf_vods/d3vd9lfkzbru3h/80c708cb90c2a509b2e3_earendelxdfp_41178755815_1711639925//thumb/thumb0-%{width}x%{height}.jpg
1b63d89e0b1a4b579de6d99e25eaff8f,9279,拆廟小故事(下) 被拆廟的廟公#Vtuber #貓祭 #shorts ​#祭庫shorts,2024-03-23T08:24:24Z,https://www.youtube.com/watch?v=Yj3w4VfA1eo,https://i.ytimg.com/vi/Yj3w4VfA1eo/mqdefault.jpg
15c9a54b946a40c38c07ea2f9efddfa5,9267,【煌Kirali】怎麼輕鬆怎麼來,2024-03-10T14:51:08Z,https://www.twitch.tv/videos/2086825919,https://static-cdn.jtvnw.net/cf_vods/d3vd9lfkzbru3h/f49decb65842df2abeaf_kirali_neon_41130875783_1710082262//thumb/thumb0-%{width}x%{height}.jpg
1ccdbe5d48934f4cbabc86512dd1d357,9241,【日籍台V】3月第一的歌回!!,2024-03-10T09:27:43Z,https://www.youtube.com/watch?v=ScdIs52m-G4,https://i.ytimg.com/vi/ScdIs52m-G4/mqdefault.jpg
6bd49f94afb144e995247388ca8c42a8,9235,【文字遊戲】我中文很好！酷酷的中文字解謎肯定難不倒我【橙Yuzumi】,2024-03-10T14:47:45Z,https://www.youtube.com/watch?v=ICxECAlm-5A,https://i.ytimg.com/vi/ICxECAlm-5A/mqdefault.jpg
6bd49f94afb144e995247388ca8c42a8,9234,【橙Yuzumi】【中/日】 兩把睡覺 ｜ @yuzumi_neon  !LINE貼圖,2024-03-04T14:46:34Z,https://www.twitch.tv/videos/2081031953,https://static-cdn.jtvnw.net/cf_vods/d3vd9lfkzbru3h/2a6d8ce5da2d8eb471be_yuzumi_neon_41115694775_1709563589//thumb/thumb0-%{width}x%{height}.jpg
15c9a54b946a40c38c07ea2f9efddfa5,9233,【煌Kirali】子午計畫恐怖遊戲代表 ft. D2 BB 叔叔,2024-03-08T13:59:41Z,https://www.twitch.tv/videos/2084709593,https://static-cdn.jtvnw.net/cf_vods/d3vd9lfkzbru3h/89e9221dd7c39b4cc89b_kirali_neon_41125452343_1709906376//thumb/thumb0-%{width}x%{height}.jpg
3681a0b4e4bd48888473b1884f6ee420,9220,【突發】陪你上班工作台💙超認真簽拍立得 ⚠️露3D手注意 #縱型,2024-03-22T10:31:23Z,https://www.youtube.com/watch?v=gUlp9-EpY_k,https://i.ytimg.com/vi/gUlp9-EpY_k/mqdefault.jpg
71cee502a14d4ef1b9b0264fa2db8987,9210,【Kas】3/21 | 廢棄之城 GTA RP D12 #abdCityRP | 請訂閱圖奇、YT | !gta !yt !情書 !x,2024-03-21T12:05:37Z,https://www.twitch.tv/videos/2097083704,https://static-cdn.jtvnw.net/cf_vods/d3vd9lfkzbru3h/f5508f5a05578d3791be_kas_aepro_41159191063_1711022732//thumb/thumb0-%{width}x%{height}.jpg
729621ce509b4641ad8cde76dec037d0,9199,✧縱型歌回#24✧週三固定歌回！今天會唱什麼呢？來聽歌吧！！希妮·亞里絲🤍SinnieAris✨,2024-03-06T10:31:44Z,https://www.youtube.com/watch?v=wF6SU1_4bUs,https://i.ytimg.com/vi/wF6SU1_4bUs/mqdefault.jpg
cd42e06c40534d9eac7e30a434e47d43,9193,第一天就RIP 果然我也是有瑟瑟天賦的! #台灣vtuber#台灣vtuber #帕豹pabo #shorts #short,2024-03-17T00:00:24Z,https://www.youtube.com/watch?v=piskLA96J3k,https://i.ytimg.com/vi/piskLA96J3k/mqdefault.jpg
6bd49f94afb144e995247388ca8c42a8,9193,【文字遊戲】我！會速速通關！！【橙Yuzumi】,2024-03-18T15:29:44Z,https://www.youtube.com/watch?v=bHUT30jF7cE,https://i.ytimg.com/vi/bHUT30jF7cE/mqdefault.jpg
3f4650e05ceb41008bd16869780b7af1,9191,男娘Vtuber大談過往經驗！？關於XX被開發的程度...#shorts #short #vtuber,2024-03-26T13:03:06Z,https://www.youtube.com/watch?v=qspTlhAHrf4,https://i.ytimg.com/vi/qspTlhAHrf4/mqdefault.jpg
95f8bb8a92c1450b8b5993f740b39338,9174,Nah what are these Vtubers bruh 💀,2024-03-19T10:00:42Z,https://www.youtube.com/watch?v=rYqKzb-gVj8,https://i.ytimg.com/vi/rYqKzb-gVj8/mqdefault.jpg
8bf35c3b9a9e461d825a9170555b71c2,9153,【澪Rei】試圖打完通行證 !YT !FF42 中文/Eng/日本語,2024-03-05T09:44:25Z,https://www.twitch.tv/videos/2081812368,https://static-cdn.jtvnw.net/cf_vods/d3vd9lfkzbru3h/ea0e46c4bcacd0989b91_reirei_neon_41117214391_1709631860//thumb/thumb0-%{width}x%{height}.jpg
ea4c1a67c2e445ad8028768616ceb659,9150,【COVER】「L・O・V・E・リーロコ♡」【洛可洛斯特 / ロコロスト】,2024-03-25T12:00:07Z,https://www.youtube.com/watch?v=4hkz9zBMtZ4,https://i.ytimg.com/vi/4hkz9zBMtZ4/mqdefault.jpg
8bf35c3b9a9e461d825a9170555b71c2,9136,【歌回】不插電歌回：只有電腦插了電 ｜澪Rei,2024-03-07T15:20:59Z,https://www.youtube.com/watch?v=ckMVG1JjP4Y,https://i.ytimg.com/vi/ckMVG1JjP4Y/mqdefault.jpg
e17f42aa104040deae2ee3f3b1e85ed8,9129,【肉肉薔蒔】03/17 喵,2024-03-17T15:27:11Z,https://www.twitch.tv/videos/2093516224,https://static-cdn.jtvnw.net/cf_vods/d3vd9lfkzbru3h/f3ba36c3ed4ab28b5b2f_aishakumo_41149484375_1710689224//thumb/thumb0-%{width}x%{height}.jpg
4544974bc5624035ae7bb0c9ed33e44e,9119,【偷薪水】天生氣質，指數爆頂，直式配信。【瓦西瓦瓦 / Vaswawa】,2024-03-13T07:00:34Z,https://www.youtube.com/watch?v=REmYRdoTTlQ,https://i.ytimg.com/vi/REmYRdoTTlQ/mqdefault.jpg
2e266a71aa3d4a67bb8d9a2a0b573319,9107,【仔魚】-   ０３/16 ｜  !周邊 !LINE,2024-03-16T13:07:49Z,https://www.twitch.tv/videos/2092404616,https://static-cdn.jtvnw.net/cf_vods/d3vd9lfkzbru3h/9269b05dd6cf1928e82f_ziifish_41146294071_1710594460//thumb/thumb0-%{width}x%{height}.jpg
1323f1b775bf43659f8b8ec2899522cd,9103,【縱型歌雜】聊聊天唱唱歌🐸🍁,2024-03-12T13:05:31Z,https://www.youtube.com/watch?v=3JypLHg-30Y,https://i.ytimg.com/vi/3JypLHg-30Y/mqdefault.jpg
f6a4e7aa8d0c4e5cb39d199845ec4d02,9099,【杏仁ミル】瑞杏盃✦拜請福能大神  | !周邊 !3C @vtuber_amiru,2024-03-17T14:01:00Z,https://www.twitch.tv/videos/2093454230,https://static-cdn.jtvnw.net/cf_vods/d3vd9lfkzbru3h/fc2b0cb6dcdb3038a2c0_vtuber_amiru_41149254711_1710684055//thumb/thumb0-%{width}x%{height}.jpg
abd64c9a64e04fb1b23faa2480c1c106,9088,FNF 官方終於有動作！一起看最新預告影片！FNF正式版即將到來？,2024-03-21T14:25:35Z,https://www.youtube.com/watch?v=WZ_iMJyTEv8,https://i.ytimg.com/vi/WZ_iMJyTEv8/mqdefault.jpg
15c9a54b946a40c38c07ea2f9efddfa5,9071,【企劃募集】阿基換裝娃娃，幫我換衣服｜煌Kirali,2024-03-25T13:33:47Z,https://www.youtube.com/watch?v=Mk2QPduHItE,https://i.ytimg.com/vi/Mk2QPduHItE/mqdefault.jpg
afa3e309e41044c5bffe17466607d481,9070,雪雪๐•ᴗ•๐ 3/10 #相信 @yukkkkiouo ♡初配信準備中♡,2024-03-10T11:28:20Z,https://www.twitch.tv/videos/2086701508,https://static-cdn.jtvnw.net/cf_vods/d3vd9lfkzbru3h/28011455652be3bdc903_yukkkkiouo_41130245511_1710070095//thumb/thumb0-%{width}x%{height}.jpg
0bf0ec441dc6489583f7218e02ab6a89,9033,🔴【情人節抽獎】03/14 21:00 餅乾裡面有大人才能吃的食材喔🍪充滿我的愛❤️【香草奈若】,2024-03-14T20:17:43Z,https://www.youtube.com/watch?v=dykZE-D8ouE,https://i.ytimg.com/vi/dykZE-D8ouE/mqdefault.jpg
e93bd1102e214cbaa71cc5b2e4a53595,9029,﹝中/日ok﹞我要回去打APEXXXXXXXXXXXXXXXXXXXXXXXXXXXX ░ @earendelxdfp !指令 !隊友 !RP,2024-03-22T14:27:46Z,https://www.twitch.tv/videos/2098075993,https://static-cdn.jtvnw.net/cf_vods/d3vd9lfkzbru3h/960773523b376c987912_earendelxdfp_41162291495_1711117660//thumb/thumb0-%{width}x%{height}.jpg
6bd49f94afb144e995247388ca8c42a8,9026,【早橙電台🍊】おはずみ🔆聊聊COVER勇者的心得【橙Yuzumi】#shorts  #縦型配信,2024-03-21T03:36:56Z,https://www.youtube.com/watch?v=DbaM38fV4jw,https://i.ytimg.com/vi/DbaM38fV4jw/mqdefault.jpg
b77374e93bbf4e289a5b6082a7b43c3c,9021,女友死亡問題！？該如何回答？#shorts #Vtuber #vtubermeme #vtuberclips #animegirl #anime #台灣vtuber,2024-03-04T09:42:46Z,https://www.youtube.com/watch?v=m6Hvcw4KVng,https://i.ytimg.com/vi/m6Hvcw4KVng/mqdefault.jpg
8bf35c3b9a9e461d825a9170555b71c2,8988,【澪Rei】我開台是真的也不知道要幹嘛 !YT !通販 !LINE !DC 中文/Eng/日本語,2024-03-23T15:50:34Z,https://www.twitch.tv/videos/2099153383,https://static-cdn.jtvnw.net/cf_vods/d3vd9lfkzbru3h/7e2bfa0875209cf0e776_reirei_neon_41165338567_1711209027//thumb/thumb0-%{width}x%{height}.jpg
3005ff0c09064d7f924c506e1e9c18ba,8986,【猫夜凜】廢棄之城DAY14   | @nekoyarin |  !語音 !猫韻 !RP  | 3/24,2024-03-24T13:16:04Z,https://www.twitch.tv/videos/2100070593,https://static-cdn.jtvnw.net/cf_vods/d3vd9lfkzbru3h/455a11c397afb2cc1c95_nekoyarin_41167637991_1711286158//thumb/thumb0-%{width}x%{height}.jpg
b6f68e0e323f45458752f3a7ec6a08f2,8982,【#縱型雜談】晚安 🐲✨  來測試個網路順便工作做周表【月下香幽芳YuFang】,2024-03-10T17:49:47Z,https://www.youtube.com/watch?v=9Pj5VP1zbo8,https://i.ytimg.com/vi/9Pj5VP1zbo8/mqdefault.jpg
aaa45dc386714427ba862f691d4471ac,8978,【歌回】萬訂耐久縦型歌枠 | 波‧路譜 Pool Loop,2024-03-05T13:36:18Z,https://www.youtube.com/watch?v=cpg_6Gx0zNE,https://i.ytimg.com/vi/cpg_6Gx0zNE/mqdefault.jpg
31f17632340f4e7fbd0ced07193dd81b,8974,【雜談】看完3體 我覺得蠻好看ㄉ~ 所以來聊天聊天 ! 【達亞】,2024-03-23T10:12:02Z,https://www.youtube.com/watch?v=UT_bqc9njyc,https://i.ytimg.com/vi/UT_bqc9njyc/mqdefault.jpg
8fae79a84cd049fd8a2ea50528a75e2b,8969,✦ 運氣好到不會講話惹 ✦ #shorts #vtuber #新人vtuber #nyaru #fps #valorant #valorantclips #fpsgames #特戰英豪 #瓦羅蘭,2024-03-18T11:00:45Z,https://www.youtube.com/watch?v=ktCIwRv5Gyo,https://i.ytimg.com/vi/ktCIwRv5Gyo/mqdefault.jpg
8c3af9f56a3f4f1d84fcfcfa9f280c8d,8966,我只是想謀權篡位怎麼突然就兒孫滿堂了？？？ #台v　#vtubershorts #shorts,2024-03-06T04:00:24Z,https://www.youtube.com/watch?v=vbTG5B5RXQg,https://i.ytimg.com/vi/vbTG5B5RXQg/mqdefault.jpg
d889f67fe7b84a38a9742ab2a47f346a,8960,當我用純潔的眼神翻譯著日本OO片 #shorts #AkaitoTwT,2024-03-01T10:30:15Z,https://www.youtube.com/watch?v=uIug7-HCrPw,https://i.ytimg.com/vi/uIug7-HCrPw/mqdefault.jpg
ebe5c5f9d67f44f3bc5e70b413ce9df7,8957,【加班#10】工作雜談！一邊聊聊昨天RP的心得？【依可露】#shorts #short,2024-03-07T08:14:57Z,https://www.youtube.com/watch?v=m1gkQQbNitk,https://i.ytimg.com/vi/m1gkQQbNitk/mqdefault.jpg
a9f6574e98f34b20a05269134930fb50,8942,【玩遊戲】Palworld作業枠！！　※ほぼ中国語/茸茸鼠,2024-03-07T14:34:51Z,https://www.youtube.com/watch?v=DTN5xADs1r4,https://i.ytimg.com/vi/DTN5xADs1r4/mqdefault.jpg
2e8c364f691740dd81c0fa61727a9790,8935,查點的重要性 #valorant  #valorantclips #valorant #无畏契约 #瓦羅蘭 #特戰英豪 #新造型 #技巧 #vtuber #twitch,2024-03-27T04:00:23Z,https://www.youtube.com/watch?v=UakEqvOEy_E,https://i.ytimg.com/vi/UakEqvOEy_E/mqdefault.jpg
f110fd69b66941bab04de9ada563c6ac,8929,【深夜雜談】我回台灣啦！！！！！深夜來聊聊我在日本做了什麼⸜(*ˊᵕˋ*)⸝‬ #shorts 【AoiHinamori】,2024-03-13T17:14:32Z,https://www.youtube.com/watch?v=5XvPkrexXWo,https://i.ytimg.com/vi/5XvPkrexXWo/mqdefault.jpg
9cec24b011ee45648eb404066c997f49,8919,【歌枠】分靈體歌回來啦！終於連唱歌都要精分了嗎...這次不只有很多分靈體，還有新歌喔！ლ(╹◡╹ლ)█熙歌Cygnus,2024-03-22T15:20:51Z,https://www.youtube.com/watch?v=5mNK7kgK7To,https://i.ytimg.com/vi/5mNK7kgK7To/mqdefault.jpg
c40c5082434e4b1ca8e19f82d54f83b2,8887,【Shorts】不對捏！阿北！ #Shorts #vtuber中文 #中文vtuber #台v,2024-03-19T15:30:00Z,https://www.youtube.com/watch?v=aOlKftV9py8,https://i.ytimg.com/vi/aOlKftV9py8/mqdefault.jpg
6dc75ab227e34c928598bde8f2d324bf,8876,【short】大多男生所不知道的愉悅洗頭方式！！🦁 #shorts #short #vtuber #vtuberclip #vtuber精華 #海克莉絲 #hercules,2024-03-21T03:00:35Z,https://www.youtube.com/watch?v=uDw5yiaMwG8,https://i.ytimg.com/vi/uDw5yiaMwG8/mqdefault.jpg
1323f1b775bf43659f8b8ec2899522cd,8869,【官方精華】關於柴犬的尾巴...🐸🍁,2024-03-11T08:58:45Z,https://www.youtube.com/watch?v=7n7ymed0vjQ,https://i.ytimg.com/vi/7n7ymed0vjQ/mqdefault.jpg
8b027d3a3f374c9c8398b6dd751e5018,8869,03/26｜想便便惹 | !周邊 !VPN !人設 !GG !BOOBA !貼圖,2024-03-26T06:59:55Z,https://www.twitch.tv/videos/2101821418,https://static-cdn.jtvnw.net/cf_vods/d3vd9lfkzbru3h/2cecdd5af23b62a2b9ab_lisheng_tw_41171775735_1711436391//thumb/thumb0-%{width}x%{height}.jpg
334133534368487780dfa99b7c9f5949,8865,30秒學會自製美乃滋 🧴 #cooking #lifestyle #vtuber,2024-03-21T06:00:00Z,https://www.youtube.com/watch?v=-lRwsUcp6Ns,https://i.ytimg.com/vi/-lRwsUcp6Ns/mqdefault.jpg
fa5a7cdc259543259af42bb23f1e4041,8851,對外公大不敬 #Vtuber #vtuberclips #台v精華 #515,2024-03-09T06:30:08Z,https://www.youtube.com/watch?v=K5l2Zm5Y1nY,https://i.ytimg.com/vi/K5l2Zm5Y1nY/mqdefault.jpg
13c69e2cf2ff4dc1907bbae9a87a8c0f,8849,用個指甲 一堆人要拔我鍵盤主機 都不用直播了是不是啦幹 #vtuber #台v #台v精華 #研研菟,2024-02-29T05:09:10Z,https://www.youtube.com/watch?v=IdQxF938o1c,https://i.ytimg.com/vi/IdQxF938o1c/mqdefault.jpg
6bd49f94afb144e995247388ca8c42a8,8829,【哄睡雜談🌙】輕聲細語的陪伴你入睡💤【橙Yuzumi】,2024-03-02T17:23:06Z,https://www.youtube.com/watch?v=a0I3-fxmi7s,https://i.ytimg.com/vi/a0I3-fxmi7s/mqdefault.jpg
71cee502a14d4ef1b9b0264fa2db8987,8826,【Kas】3/15 | GTA RP 廢棄之城D8 #abdCityRP | Rest in Peace 平安來了 | 請訂閱圖奇、YT | !gta !yt !情書 !x,2024-03-15T15:22:16Z,https://www.twitch.tv/videos/2091473742,https://static-cdn.jtvnw.net/cf_vods/d3vd9lfkzbru3h/e2b79f3a03969c4dca7e_kas_aepro_41143926999_1710516129//thumb/thumb0-%{width}x%{height}.jpg
9cec24b011ee45648eb404066c997f49,8825,【台南法律】在台南點飲料無糖違法？還能邊跑邊做棉花糖？█熙歌Cygnus,2024-03-27T12:30:03Z,https://www.youtube.com/watch?v=2nMKD4nudiU,https://i.ytimg.com/vi/2nMKD4nudiU/mqdefault.jpg
1323f1b775bf43659f8b8ec2899522cd,8825,【縱型雜談】到家了來聊聊天🐸🍁✨要搬家了趕快開台,2024-03-23T15:57:09Z,https://www.youtube.com/watch?v=gq8Ktzt7qGs,https://i.ytimg.com/vi/gq8Ktzt7qGs/mqdefault.jpg
a000aa1d3ea7489c993277d33ab2457e,8822,【突發】早安!痾..身體自己起來了⌇幻月Moondogs,2024-03-05T04:22:09Z,https://www.youtube.com/watch?v=KZzdTjRvVnQ,https://i.ytimg.com/vi/KZzdTjRvVnQ/mqdefault.jpg
265a18972d244affae35711cfd1f9931,8818,🐙15萬耐久🐙拜託了大家😭這15萬的里程碑..不要讓我錯過QQ 【MiroLive/塔芭絲可】,2024-03-22T19:53:15Z,https://www.youtube.com/watch?v=tZ3z7hNKWKo,https://i.ytimg.com/vi/tZ3z7hNKWKo/mqdefault.jpg
2694a505a0e0441bb99b49e8ce1f7473,8785,【3/21】今天聲音可能會有點不一樣我明天想辦法｜紅包活動這陣子找時間抽獎｜!RP !瑞杏盃 !yt !綠界 !會員 !7tv !指令,2024-03-21T11:00:13Z,https://www.twitch.tv/videos/2097057224,https://static-cdn.jtvnw.net/cf_vods/d3vd9lfkzbru3h/7199ecd4b48eaf97cfc3_kannazukilubee_41158969943_1711018806//thumb/thumb0-%{width}x%{height}.jpg
c3bec3f382754230b178f8278eb550fb,8783,【COVER】Payphone - Maroon 5 Covered by 優塔Jutta,2024-02-28T11:00:07Z,https://www.youtube.com/watch?v=4ltzPqZld0k,https://i.ytimg.com/vi/4ltzPqZld0k/mqdefault.jpg
60282d578bb747b8b232dba81168a5b6,8776,冰棒棒 #vtuber #squarelive #歌ってみた #cover #blingbangbangborn,2024-03-20T10:30:05Z,https://www.youtube.com/watch?v=GHkC19TqRAs,https://i.ytimg.com/vi/GHkC19TqRAs/mqdefault.jpg
bafb134fd2f849898d6242d1f5f683cc,8765,【歌枠】令人放鬆又充滿感動的春季歌回🌸【涅默Nemesis】,2024-03-19T13:19:43Z,https://www.youtube.com/watch?v=sgl0XdtKMlk,https://i.ytimg.com/vi/sgl0XdtKMlk/mqdefault.jpg
8bf35c3b9a9e461d825a9170555b71c2,8758,【澪Rei】公......公威！ !YT !FF42 中文/Eng/日本語,2024-03-11T14:54:33Z,https://www.twitch.tv/videos/2087746551,https://static-cdn.jtvnw.net/cf_vods/d3vd9lfkzbru3h/20479fb9b5fa058dae3a_reirei_neon_41133332823_1710168867//thumb/thumb0-%{width}x%{height}.jpg
8bf35c3b9a9e461d825a9170555b71c2,8750,【歌雜】話說得多還是歌唱得多？ ｜澪Rei,2024-02-29T16:00:48Z,https://www.youtube.com/watch?v=cjjzoDj3dc0,https://i.ytimg.com/vi/cjjzoDj3dc0/mqdefault.jpg
626750f4e7a745619c171c44fb1efcc0,8742,30公分先不要，真的會受不了【天使Vtuber小雪Yukichan】#台灣Vtuber #Vtuber #小雪 #戀愛話題 #shorts,2024-03-15T10:00:52Z,https://www.youtube.com/watch?v=rstbFm7Ob34,https://i.ytimg.com/vi/rstbFm7Ob34/mqdefault.jpg
73b97b1a35c84579aa8ffcd6534efad3,8741,女性生理期期間使用手冊| #vtuber #shorts #台v #vtuberclip #vtuber中文 #台v精華 #台vtuber,2024-03-07T06:00:26Z,https://www.youtube.com/watch?v=do1nblksQb0,https://i.ytimg.com/vi/do1nblksQb0/mqdefault.jpg
9de74d9cd68f481396a3dbd76d529a24,8728,【煦 Teru】夢都女孩 #vtuber #台灣vtuber #新人vtuber,2024-03-01T10:00:40Z,https://www.youtube.com/watch?v=pasYV3aQqD8,https://i.ytimg.com/vi/pasYV3aQqD8/mqdefault.jpg
a6a4e83ae23140e6bd1f7c817af8f864,8714,【 #ASMR 】睡前陪兄控妹妹在棉被裡說說話♡お兄ちゃん大好き妹【露熙妲 Luxida．Vtuber】#縦型配信 #縱型配信,2024-03-27T17:44:06Z,https://www.youtube.com/watch?v=-BHNuXQDZFQ,https://i.ytimg.com/vi/-BHNuXQDZFQ/mqdefault.jpg
95f8bb8a92c1450b8b5993f740b39338,8699,Vtuber Staring Contest ft. @deusrhea,2024-03-16T10:16:13Z,https://www.youtube.com/watch?v=bog2nUZgvQY,https://i.ytimg.com/vi/bog2nUZgvQY/mqdefault.jpg
e93bd1102e214cbaa71cc5b2e4a53595,8698,﹝中/日ok﹞每天打起精神練習！！！ ░ @earendelxdfp !指令 !隊友 !RP !瑞杏盃,2024-03-13T15:48:04Z,https://www.twitch.tv/videos/2089628014,https://static-cdn.jtvnw.net/cf_vods/d3vd9lfkzbru3h/919117f85243d849678e_earendelxdfp_41138627943_1710344877//thumb/thumb0-%{width}x%{height}.jpg
19234cc590224c45912a14487f756dc5,8685,【這才是真正的運動台】我爬多久大家就多長壽 這遊戲能有多難呢 我們繼續看下去 #a difficult game about climbing,2024-03-26T13:28:28Z,https://www.youtube.com/watch?v=0KtjqAVfkAg,https://i.ytimg.com/vi/0KtjqAVfkAg/mqdefault.jpg
aaa45dc386714427ba862f691d4471ac,8683,【歌回】KTV歌枠：你的朋友都會點什麼？ | 波‧路譜 Pool Loop,2024-03-25T14:05:41Z,https://www.youtube.com/watch?v=V9J5ArOdQTI,https://i.ytimg.com/vi/V9J5ArOdQTI/mqdefault.jpg
920d34819cf944e99cf469f7552d535f,8675,【遊戲雜談】工作｜大谷翔平｜紀念碑谷2【厭世醫師阿萬】,2024-03-02T16:26:55Z,https://www.youtube.com/watch?v=zN-mqGXvals,https://i.ytimg.com/vi/zN-mqGXvals/mqdefault.jpg
5f12df329c6144e1a6c596f4fbcb9e81,8674,報台湾新聞的日本主播！用字幕君證明台湾老師教得很標準（大概） | 虎子播新聞#31,2024-03-04T13:50:45Z,https://www.youtube.com/watch?v=kmpBn3F0BrI,https://i.ytimg.com/vi/kmpBn3F0BrI/mqdefault.jpg
7ead9e2cac544a7cb00444ef6b4698d1,8668,【廢棄之城RP】D14比琪進城啦~,2024-03-24T12:52:47Z,https://www.twitch.tv/videos/2100054757,https://static-cdn.jtvnw.net/cf_vods/d3vd9lfkzbru3h/84c662deca3f8a28a875_hibiki_meridianproject_41167548343_1711284762//thumb/thumb0-%{width}x%{height}.jpg
6c872a4043b84e4493877a42af684d1d,8652,我好像不該開這個話題的..不許再造謠！！ #台V #vtuber #台v精華 #Vtuberclip #銀河galaxy #vtuber中文 #台vtuber #shorts,2024-03-13T10:29:00Z,https://www.youtube.com/watch?v=J5qs8WKdFQ8,https://i.ytimg.com/vi/J5qs8WKdFQ8/mqdefault.jpg
8bf35c3b9a9e461d825a9170555b71c2,8626,【歌回】白色情人節前夜，來唱情歌吧！｜澪Rei,2024-03-13T15:08:28Z,https://www.youtube.com/watch?v=LyC-tNUjO7w,https://i.ytimg.com/vi/LyC-tNUjO7w/mqdefault.jpg
2694a505a0e0441bb99b49e8ce1f7473,8615,【一週年紀念回】 雖然一週年已經過了5天了但還是可以慶祝一下的對吧【神無月鹿比🦌】,2024-03-03T17:14:53Z,https://www.youtube.com/watch?v=eEsgtmMrUsI,https://i.ytimg.com/vi/eEsgtmMrUsI/mqdefault.jpg
9af7c10c618844f08a327d38753124bd,8598,【03/20】還在努力學習雙鐮刀跳砍的死神 | !yt !會員 !RP !注意事項 !酒 !指令,2024-03-20T06:00:21Z,https://www.twitch.tv/videos/2096042044,https://static-cdn.jtvnw.net/cf_vods/d3vd9lfkzbru3h/3d2b81e98e58064b1204_shurakukiriko_41155788199_1710914417//thumb/thumb0-%{width}x%{height}.jpg
0e8150c7419f4c1d94d8ccfb41a04280,8581,夜晚校園中多出了一個人 #獸V #台灣Vtuber #台v #台v精華 #CanisLive #shorts,2024-03-09T03:30:14Z,https://www.youtube.com/watch?v=imDAYKVqjlg,https://i.ytimg.com/vi/imDAYKVqjlg/mqdefault.jpg
9cec24b011ee45648eb404066c997f49,8580,【新幹線0號】我又來挑戰恐怖遊戲了...上次八號出口不算太可怕，這個應該也...還好..嗎???? ༼ ༎ຶ ෴ ༎ຶ༽█熙歌Cygnus,2024-03-24T15:47:11Z,https://www.youtube.com/watch?v=GkV7CNTv6YU,https://i.ytimg.com/vi/GkV7CNTv6YU/mqdefault.jpg
15c9a54b946a40c38c07ea2f9efddfa5,8570,【煌Kirali】美感的進化長這樣...,2024-03-02T10:00:34Z,https://www.youtube.com/watch?v=j5RpwMX92Us,https://i.ytimg.com/vi/j5RpwMX92Us/mqdefault.jpg
e78cffa246c24a1c88031151cad8c385,8546,這是一隻會害你做惡夢的超棒生日娃娃,2024-02-28T14:21:57Z,https://www.youtube.com/watch?v=gPxnXSlIEyQ,https://i.ytimg.com/vi/gPxnXSlIEyQ/mqdefault.jpg
a6a4e83ae23140e6bd1f7c817af8f864,8531,【#縦型配信 】好想你們還是開一下好了(；；) 聊天做周表【露熙妲 Luxida】#shorts #直式直播,2024-03-11T19:47:53Z,https://www.youtube.com/watch?v=-3MzyR5plFQ,https://i.ytimg.com/vi/-3MzyR5plFQ/mqdefault.jpg
265a18972d244affae35711cfd1f9931,8531,🐙三週年-3D重大發表🐙你可以從360度 詳細的看我..好色喔 【MiroLive/塔芭絲可】,2024-03-13T16:07:04Z,https://www.youtube.com/watch?v=Ujkzcl7JDZk,https://i.ytimg.com/vi/Ujkzcl7JDZk/mqdefault.jpg
64c779f8cc214e7a9b570c7b3fc128cc,8515,為什麼小明爬到二樓，腳就痠了？ #vtuber #vtuberclips #台v #台灣vtuber #台v精華 #利卡洛斯 #likaruz #likair #515 #515x20,2024-03-02T08:00:14Z,https://www.youtube.com/watch?v=TeJRnm9fL78,https://i.ytimg.com/vi/TeJRnm9fL78/mqdefault.jpg
747fb5e9d30240a1ac42fbf37e86b55d,8511,越來越奇怪的視力測驗 ft. 春日部つむぎ【ルイ・グリム / Louis Grimm】#shorts,2024-03-03T04:00:11Z,https://www.youtube.com/watch?v=WydBM947uJU,https://i.ytimg.com/vi/WydBM947uJU/mqdefault.jpg
d5fdf5fc55d14476908e416e6d43c121,8490,【日常短片】當你想看奶的時候 【雪之下織雪】,2024-03-10T11:30:22Z,https://www.youtube.com/watch?v=t-g5jziLKLU,https://i.ytimg.com/vi/t-g5jziLKLU/mqdefault.jpg
71cee502a14d4ef1b9b0264fa2db8987,8487,【Kas】3/28 | 廢棄之城 GTA RP D17 #abdCityRP | 請訂閱圖奇、YT | !gta !yt !情書 !x,2024-03-28T14:13:02Z,https://www.twitch.tv/videos/2103884052,https://static-cdn.jtvnw.net/cf_vods/d3vd9lfkzbru3h/b1cd4e346d3e5207c16b_kas_aepro_41178522311_1711635177//thumb/thumb0-%{width}x%{height}.jpg
7ead9e2cac544a7cb00444ef6b4698d1,8481,【廢棄之城RP】D13比琪進城啦~,2024-03-22T13:09:50Z,https://www.twitch.tv/videos/2098030677,https://static-cdn.jtvnw.net/cf_vods/d3vd9lfkzbru3h/4c0fc32bda5213fd768d_hibiki_meridianproject_41162019687_1711112985//thumb/thumb0-%{width}x%{height}.jpg
c40c5082434e4b1ca8e19f82d54f83b2,8478,【Shorts】太奇怪了吧 #Shorts #vtuber中文 #中文vtuber #台v,2024-03-18T15:30:02Z,https://www.youtube.com/watch?v=6OOy6P9ILCU,https://i.ytimg.com/vi/6OOy6P9ILCU/mqdefault.jpg
c40c5082434e4b1ca8e19f82d54f83b2,8475,【Shorts】廣東話小教室 #Shorts #vtuber中文 #中文vtuber #台v,2024-03-03T15:30:09Z,https://www.youtube.com/watch?v=XTWSi8e44vA,https://i.ytimg.com/vi/XTWSi8e44vA/mqdefault.jpg
e350c8b7e41045419ee1ac73bc78921b,8475,小時候的神奇少女漫畫！#shorts #vtuber #台v #台灣vtuber #夏伊拉 #少女漫畫  #直播 #vtuberclip #vtuber中文,2024-03-23T10:15:58Z,https://www.youtube.com/watch?v=QFH3l8_qhmw,https://i.ytimg.com/vi/QFH3l8_qhmw/mqdefault.jpg
7c06b9e316ce4ac18ce836cd72442bbe,8472,傻子與白癡 - 象牙舟 / 浠Mizuki【翻唱/Cover】ft. SLSMusic / 漏打Loda,2024-03-15T16:15:07Z,https://www.youtube.com/watch?v=xXi_sZwo_Nc,https://i.ytimg.com/vi/xXi_sZwo_Nc/mqdefault.jpg
4544974bc5624035ae7bb0c9ed33e44e,8469,搶票的時候遇到OOOO #瓦西瓦瓦 #vaswawa,2024-03-03T04:00:21Z,https://www.youtube.com/watch?v=Z8esd_FyAq8,https://i.ytimg.com/vi/Z8esd_FyAq8/mqdefault.jpg
920d34819cf944e99cf469f7552d535f,8466,待在這種醫院真的會嚇死醫生  #台v #vtuber #男v #vtuberclip,2024-03-18T12:03:41Z,https://www.youtube.com/watch?v=5y2e8ihU9Aw,https://i.ytimg.com/vi/5y2e8ihU9Aw/mqdefault.jpg
c4bc52355d334a98bdaa1e57c05673ad,8462,出道即黑歷史😭最速pon傳說的初配信 #台灣vtuber #vtuber #染aizen#搞笑 #黑歷史 #夢想之都工作室,2024-03-22T10:00:15Z,https://www.youtube.com/watch?v=KQwdb2oagoc,https://i.ytimg.com/vi/KQwdb2oagoc/mqdefault.jpg
4c3cae772e974f8fb8e04f4cc9c8cd8d,8438,✞ 送月月的禮物 ✞ 接受的原因是？ 不被愛的才是第三者！⌇ Square Live 白白虹 xxhacucoxx,2024-02-28T12:00:59Z,https://www.youtube.com/watch?v=vHIbZ9XtoDg,https://i.ytimg.com/vi/vHIbZ9XtoDg/mqdefault.jpg
f110fd69b66941bab04de9ada563c6ac,8431,【ASMR／3Dio XLR】適合想睡覺的你、哄睡雜談💆‍♀️🌙｜靠近耳朵講話、掏耳、按摩、刷子 #shorts 【AoiHinamori】,2024-02-28T16:58:34Z,https://www.youtube.com/watch?v=SfHBzst6YfQ,https://i.ytimg.com/vi/SfHBzst6YfQ/mqdefault.jpg
58abad4aa8de49efb785367503dfd92c,8426,【ASMR | KU100】吹耳吐息♡放鬆減壓♡溫柔掏耳按摩♡ #shorts  EARCLEANING EARMASSAGE♡耳マッサージ、耳掃除| 黑3DIO【野薔薇 Vtuber】,2024-03-05T07:53:25Z,https://www.youtube.com/watch?v=FruMuBKoqmw,https://i.ytimg.com/vi/FruMuBKoqmw/mqdefault.jpg
8b027d3a3f374c9c8398b6dd751e5018,8420,03/04｜會開喔 | !VPN !人設 !GG !BOOBA !貼圖,2024-03-04T07:45:00Z,https://www.twitch.tv/videos/2080866477,https://static-cdn.jtvnw.net/cf_vods/d3vd9lfkzbru3h/5982a25797bfb1260641_lisheng_tw_41114569271_1709538295//thumb/thumb0-%{width}x%{height}.jpg
6bd49f94afb144e995247388ca8c42a8,8405,【租咪酒味褲子】柚柚班們搶著要！｜橙Yuzumi #shorts,2024-03-26T11:00:52Z,https://www.youtube.com/watch?v=x6Ij5cRkpk4,https://i.ytimg.com/vi/x6Ij5cRkpk4/mqdefault.jpg