VTuber ID,Video Type,Title,Publish Time,URL,Thumbnail URL
887b37336c9c4730809ace8b5e38df17,live,新手🌸陪我練手手♡ |🌿新桌布dc領 ₍ ᐢ.⌄.ᐢ ₎ ꜆˖.♡,2024-03-07T21:15:40Z,https://www.twitch.tv/isyourlulu,https://static-cdn.jtvnw.net/previews-ttv/live_user_isyourlulu-{width}x{height}.jpg
9d9c6477329245cbb2557895f4f15686,live,/ᐠ. ̫ .ᐟ\ 0309 瓦狐 ꔫ滑鼠游標在dc公告給大家使用 !比賽 .ᐟ.ᐟ 新動態桌布在DC股東大會 ⸜♡⸝ ✿ !LINE !周邊 !DC !COVER,2024-03-08T08:44:35Z,https://www.twitch.tv/iitifox,https://static-cdn.jtvnw.net/previews-ttv/live_user_iitifox-{width}x{height}.jpg
49bb221fc77f440cae0c007a73f99aab,live,復電少女回歸 Dayˇ30 ⋮ !加班 !尼魯貼圖 !DC !綠界,2024-03-08T13:40:52Z,https://www.twitch.tv/ukuruniru,https://static-cdn.jtvnw.net/previews-ttv/live_user_ukuruniru-{width}x{height}.jpg
52ff14aabd804801a6e589681fc2fb4d,live,殘月 EclipseYuki Eng/中 隨時烙幹,2024-03-08T15:33:32Z,https://www.twitch.tv/eclipseyuki,https://static-cdn.jtvnw.net/previews-ttv/live_user_eclipseyuki-{width}x{height}.jpg
76165d25983b463eaa1da66c86a32b7c,live,【日常台】睡過頭RRRRRRRR ! | 歡迎大家音量5%掛台 | @yorurovtuber,2024-03-08T17:50:28Z,https://www.twitch.tv/yorurovtuber,https://static-cdn.jtvnw.net/previews-ttv/live_user_yorurovtuber-{width}x{height}.jpg
ebe5c5f9d67f44f3bc5e70b413ce9df7,live,【加班】廢棄之城RP 繼承懶主播的良好傳統？團長的第一次加班台！ !加班 !綠界 可以用7tv唷【依可露】,2024-03-08T19:25:01Z,https://www.twitch.tv/ekorru,https://static-cdn.jtvnw.net/previews-ttv/live_user_ekorru-{width}x{height}.jpg
824c0c36956f4a73bb3ec479dd8e4da8,live,【EN/中文】03/09 DAY 20 跟觀眾打架遊戲 ~ 加班台有新動態桌布｜ !加班 !donate !yt !ig !fanbox,2024-03-08T19:50:30Z,https://www.twitch.tv/shimizusachiko,https://static-cdn.jtvnw.net/previews-ttv/live_user_shimizusachiko-{width}x{height}.jpg
09b00ccde152498b808efe7317bd52f0,live,【希米】3/9 生日加班台DAY58٩(｡・ω・｡)و  | @himmi0111 | !DC !新片 !委託,2024-03-08T20:41:53Z,https://www.twitch.tv/himmi0111,https://static-cdn.jtvnw.net/previews-ttv/live_user_himmi0111-{width}x{height}.jpg
28a930938667442288010b333937e2ab,live,🦊焦兒🍡身體警告我休息了，中午12點起床🍫衝刺350自主訂閱積分💙魔競娛樂「魔儲」註冊輸入推薦碼享200元折價| @joerze |!yt !工商 !週邊 !dc 看台裝7tv,2024-03-09T04:00:42Z,https://www.twitch.tv/joerze,https://static-cdn.jtvnw.net/previews-ttv/live_user_joerze-{width}x{height}.jpg
921d25072caf403ea797c3d5f61f84cf,live,0309 | 呼呼齁哈,2024-03-09T04:53:13Z,https://www.twitch.tv/kamijo11298,https://static-cdn.jtvnw.net/previews-ttv/live_user_kamijo11298-{width}x{height}.jpg
970ee869c72747eeb83f71f3c533fab3,live,⭐蘿蔔悠玄⭐3/10 冥界年末加班台 Day83 初見新追隨+1分鐘💙 昨天世粗音生日!!!!!!! | !加班 !ㄆㄕㄕ !周邊 !伺服器 !偷打 !小白粉 !上香,2024-03-09T05:19:52Z,https://www.twitch.tv/youxuan_ghost,https://static-cdn.jtvnw.net/previews-ttv/live_user_youxuan_ghost-{width}x{height}.jpg
8b810380ed254a5e8a85b65552ba4e61,live,【🐇】03/09 8點抽主機殼!!!｜ !VIP  !點歌 @nayomi0204,2024-03-09T08:05:23Z,https://www.twitch.tv/nayomi0204,https://static-cdn.jtvnw.net/previews-ttv/live_user_nayomi0204-{width}x{height}.jpg
04e61f47cdf542c7b5a3b3ae569fc021,live,自己一ㄍ人錄歌太累ㄌ 帶上一些馬鈴薯,2024-03-09T09:11:57Z,https://www.twitch.tv/happiegrassie,https://static-cdn.jtvnw.net/previews-ttv/live_user_happiegrassie-{width}x{height}.jpg
31073a45106c442cbe11fd4368e162fe,live,3/9 天冷的時候床是最好的歸宿 目標過紫勾勾 大家能幫我掛台嘛~幫掛台記得開5%音量!  @katie20210731,2024-03-09T09:51:54Z,https://www.twitch.tv/katie20210731,https://static-cdn.jtvnw.net/previews-ttv/live_user_katie20210731-{width}x{height}.jpg
a127ff7335ae467d961641bcf84f1e2f,live,【傻摩】先APEX後黑沙公會王，如果沒有要打副本就女鬼橋PART1，玩不完就明天起床繼續 | 沒砸砸 | 3/9 !dc,2024-03-09T10:03:36Z,https://www.twitch.tv/samomeow,https://static-cdn.jtvnw.net/previews-ttv/live_user_samomeow-{width}x{height}.jpg
5c3ea93753724a63b32071a7a580af7b,live,貓到天亮,2024-03-09T10:22:45Z,https://www.twitch.tv/siro9527,https://static-cdn.jtvnw.net/previews-ttv/live_user_siro9527-{width}x{height}.jpg
37e88453b9cb48b1863bc455328b34c1,live,3/9 和朋友打虫虫   | 歡掛台|國粵語,2024-03-09T10:39:22Z,https://www.twitch.tv/kinarira,https://static-cdn.jtvnw.net/previews-ttv/live_user_kinarira-{width}x{height}.jpg
8125f51f9526408790a77c1c7b4a053b,live,❣️日麻❣️各種鬼轉／聊天室打!親到 來親到!!! / 白色情人節周邊預購中,2024-03-09T10:44:13Z,https://www.twitch.tv/sesney720,https://static-cdn.jtvnw.net/previews-ttv/live_user_sesney720-{width}x{height}.jpg
26b00f5ff5bf4b5a8dcb6c5c34e1b4f6,live,【伊德海拉 Yidhra】03/09 聊天唱歌打遊戲！歡迎掛忠誠點數💜｜Valorant｜The Finals｜Lethal Company｜ @yidhra0727 @da1179 @1ove_77 @magnumghc,2024-03-09T10:57:59Z,https://www.twitch.tv/yidhra0727,https://static-cdn.jtvnw.net/previews-ttv/live_user_yidhra0727-{width}x{height}.jpg
170e76a9d21c42978143f41526df72cc,live,"千追加班企劃DAY20-睡睡-歡迎入內聊天,本公主很好相處的www !加班",2024-03-09T11:34:55Z,https://www.twitch.tv/princesseleanora,https://static-cdn.jtvnw.net/previews-ttv/live_user_princesseleanora-{width}x{height}.jpg
67d6807619064938a78832b4106de5c0,live,【雙人加班台】睡覺覺囉  @siaodi12398,2024-03-09T11:55:54Z,https://www.twitch.tv/chengmimeow,https://static-cdn.jtvnw.net/previews-ttv/live_user_chengmimeow-{width}x{height}.jpg
53707f0116dc4fca8614ac7139e40b83,live,【兄妹加班台#105】睡覺，早上１０－１１點起床【喪屍迪】Ft.  @chengmimeow,2024-03-09T11:56:31Z,https://www.twitch.tv/siaodi12398,https://static-cdn.jtvnw.net/previews-ttv/live_user_siaodi12398-{width}x{height}.jpg
7a88afc5eb644d76b35ed4ca968259bb,live,【 吧噗 🍦】03/09 正在連動中 ! 💤 週邊預購開始辣 ! 三月自主看下方資訊欄,2024-03-09T12:02:43Z,https://www.twitch.tv/babu_desu,https://static-cdn.jtvnw.net/previews-ttv/live_user_babu_desu-{width}x{height}.jpg
699b0baa82d0413aa073155683edcd56,live,【生日加班台Day76】【瓦羅蘭】0309 今天是肚子餓餓水豚(?) 練槍槍 | 0329 PM9:00 雪咘初配信 | 推薦頻道： @unhoshishiro | 揪團：,2024-03-09T12:03:55Z,https://www.twitch.tv/yukibu_yuma,https://static-cdn.jtvnw.net/previews-ttv/live_user_yukibu_yuma-{width}x{height}.jpg
9ca05592c52f42649191751f18cb70e6,live,【中文/日本語】3/9 隨筆日誌(PC) - 一週連六終於結束了,2024-03-09T12:15:33Z,https://www.twitch.tv/sinonyuki,https://static-cdn.jtvnw.net/previews-ttv/live_user_sinonyuki-{width}x{height}.jpg
b9a09f50375248aebc3d6afdb7f5adf6,live,小小夢魘2,2024-03-09T12:21:51Z,https://www.twitch.tv/eunice00602040,https://static-cdn.jtvnw.net/previews-ttv/live_user_eunice00602040-{width}x{height}.jpg
9c64ee54cc094bf7931398eaf0c072d6,live,< 犬飼征二 > 想標題想了10分鐘 @inukai_seiji_ch,2024-03-09T12:37:51Z,https://www.twitch.tv/inukai_seiji_ch,https://static-cdn.jtvnw.net/previews-ttv/live_user_inukai_seiji_ch-{width}x{height}.jpg
61e81c6f534247b486b8125bd34fa960,live,【BLUE】想想要吃甚麼  @blue_kao,2024-03-09T12:48:34Z,https://www.twitch.tv/blue_kao,https://static-cdn.jtvnw.net/previews-ttv/live_user_blue_kao-{width}x{height}.jpg
0b53549edaf5490ca350ef17aee7b8b9,live,【惡靈古堡3 PS1】鬼轉惡靈古堡3,2024-03-09T12:58:08Z,https://www.twitch.tv/amaranthia302876,https://static-cdn.jtvnw.net/previews-ttv/live_user_amaranthia302876-{width}x{height}.jpg
3475b2087d9a4d799c10bd3ac5f45437,live,【☁️03/09 連動台】連動完繼續日麻爬段位雜談時間，一起聊聊天吧｜!賭 !心結 !dc｜ @unhoshishiro,2024-03-09T12:59:21Z,https://www.twitch.tv/unhoshishiro,https://static-cdn.jtvnw.net/previews-ttv/live_user_unhoshishiro-{width}x{height}.jpg
c21d4186912d4652a7fb5a1b3ef382b6,live,【雜談】工作聊天台 ❄ 忙完來玩點麥塊 #卡妮娜 #kanina,2024-03-09T13:01:05Z,https://www.twitch.tv/kanina521,https://static-cdn.jtvnw.net/previews-ttv/live_user_kanina521-{width}x{height}.jpg
4c34c44a98974b709f7dbc7618847fd6,live,記得領貨~｜原神星鐵小廚房後洛克人｜ !YT 更新  !DC !抽尾巴 !推特 !魔儲(｢･ω･)｢,2024-03-09T13:04:49Z,https://www.twitch.tv/5l5l3,https://static-cdn.jtvnw.net/previews-ttv/live_user_5l5l3-{width}x{height}.jpg
dd9bf471b0304627877f38daaec5407b,live,原定計畫取消/小開一下 /練習歌回/歡迎聊天【歡迎~追隨與訂閱或掛台】,2024-03-09T13:08:23Z,https://www.twitch.tv/ola_bear,https://static-cdn.jtvnw.net/previews-ttv/live_user_ola_bear-{width}x{height}.jpg
5535c9524eb046c38e172ebfa06b302f,live,🔴LIVE【鳴潮】奏鳴測試體驗EP.2▸這畫面真的太棒了😍努力衝等解鎖後面聯機系統！  ｜儲值→!LD !曼德洛 !周邊▹ @ruroroisme ◃,2024-03-09T13:15:52Z,https://www.twitch.tv/ruroroisme,https://static-cdn.jtvnw.net/previews-ttv/live_user_ruroroisme-{width}x{height}.jpg
8e2559d9a7714ecd9cb0448b4d28f8d2,live,【VALORANT / 03.09 / @blueberry_oho 🫐】打瓦打瓦bangbangbang丨 歡迎訂閱加入DC群！丨!鼠標 !莓服 !加班 !二周年 ! 🫐,2024-03-09T13:16:03Z,https://www.twitch.tv/blueberry_oho,https://static-cdn.jtvnw.net/previews-ttv/live_user_blueberry_oho-{width}x{height}.jpg
0aa8c41f04bf4f12b9a8281353ea448a,live,果果🍓－0310  - 今天是QQ生日！ ( ¯•ω•¯ ) ♡ 測試玻璃滑鼠墊│ @strawberry0908 @qq948032,2024-03-09T13:22:37Z,https://www.twitch.tv/strawberry0908,https://static-cdn.jtvnw.net/previews-ttv/live_user_strawberry0908-{width}x{height}.jpg
d859857097fe4e9d90a2d840c0e7fca1,live,【！開台！遊戲！雙人成行 It Takes Two＃４！】後面剩下幾封信來著？,2024-03-09T13:35:21Z,https://www.twitch.tv/funsasa,https://static-cdn.jtvnw.net/previews-ttv/live_user_funsasa-{width}x{height}.jpg
bf03fd8b5b55481590ea63338c5cdd20,live,3/10 加班台day127 대만인 !加班 !치지직 !週邊 / 揪團每10人2分 / !DC / @komorikuma_vtuber / 7tv++,2024-03-09T13:37:53Z,https://www.twitch.tv/komorikuma_vtuber,https://static-cdn.jtvnw.net/previews-ttv/live_user_komorikuma_vtuber-{width}x{height}.jpg
5507154831064d69906acc64c76b1c99,live,【DBD遊雜】沒想到養老使者還有參加DBD台V盃的一天，練練殺手?｜!DBD !點歌教學｜0309｜ @44yomi44,2024-03-09T13:46:48Z,https://www.twitch.tv/44yomi44,https://static-cdn.jtvnw.net/previews-ttv/live_user_44yomi44-{width}x{height}.jpg
76a17ecab93c4c3db069c9a5d8d0ecf5,live,【2024/03/09】全職業200等 (目前進度：12/50),2024-03-09T13:56:31Z,https://www.twitch.tv/chiami911,https://static-cdn.jtvnw.net/previews-ttv/live_user_chiami911-{width}x{height}.jpg
28e6f7c12a3b45899e7508058f926af9,live,3/9 聽君一席話如聽一席話 | @phivy | 點歌!sr !棉花糖 !dc【國/粵/ENG】,2024-03-09T13:57:12Z,https://www.twitch.tv/phivy,https://static-cdn.jtvnw.net/previews-ttv/live_user_phivy-{width}x{height}.jpg
d45c287a84b6485e8ff3400cf50f5db7,live,✧ 兩天不見好想大家｜加班台｜新衣裝爆肝製作中｜03/09｜ @can1021 【罐罐】!7tv !魔儲 !棉花糖,2024-03-09T14:00:37Z,https://www.twitch.tv/can1021,https://static-cdn.jtvnw.net/previews-ttv/live_user_can1021-{width}x{height}.jpg
fcb4d9b8cd4a49dba6b421d97c179065,live,觀眾場歌回!  #追隨追起來 #六月草,2024-03-09T14:03:31Z,https://www.twitch.tv/mayasuzume,https://static-cdn.jtvnw.net/previews-ttv/live_user_mayasuzume-{width}x{height}.jpg
619f48c4546c481bbc52aadc12c3e48f,live,✦睡覺✦3.10｜晚安好夢~ 衝千追隨中!!｜ !指令 !賭松果｜ @ritta_tta,2024-03-09T14:04:21Z,https://www.twitch.tv/ritta_tta,https://static-cdn.jtvnw.net/previews-ttv/live_user_ritta_tta-{width}x{height}.jpg
1ea5aa0a7a7d401b897630667cf4b44e,live,【酒雜連動】沒有主題的酒雜連動，所以到底為什麼是奶嘴？ ft. @yuwen1221 【蓋爾Gale】,2024-03-09T14:12:45Z,https://www.twitch.tv/gale_vtuber,https://static-cdn.jtvnw.net/previews-ttv/live_user_gale_vtuber-{width}x{height}.jpg
590a2bca0051444fb98915e5d761d47c,live,【AirLife】喔MG 練習煙妹d3(快放棄) !女子賽｜!IG !DC !隊友｜:>,2024-03-09T14:15:35Z,https://www.twitch.tv/komorimio,https://static-cdn.jtvnw.net/previews-ttv/live_user_komorimio-{width}x{height}.jpg
62b7ee328a7b42b0a1da0ab3bc22d1db,live,【亞羅Aro】魔物獵人 世界：冰原-EP20-兩個月沒玩快忘記怎麼操作了【台灣/男性/個人勢/Vtuber】,2024-03-09T14:18:48Z,https://www.twitch.tv/arofischer,https://static-cdn.jtvnw.net/previews-ttv/live_user_arofischer-{width}x{height}.jpg
7299d6e9ebff46c9ae859fa5c6f27206,live,【楓之谷(殺)】｜鬼轉當楓寶｜今年朝紫勾勾努力｜遊戲個人勢ก(ｰ̀ωｰ́ก)｜!週邊 !dc !斗內｜,2024-03-09T14:22:49Z,https://www.twitch.tv/rakuraku66,https://static-cdn.jtvnw.net/previews-ttv/live_user_rakuraku66-{width}x{height}.jpg
2ee2acc29fac42c5b130558543cbdf00,live,【遊戲Gaming】遊雜★星穹啟動啦！今日來衝主賬之前沒過到的劇情鴨！一起來歡樂玩原神吧！「橘 爱日梨Tachibana Aihiri」#新人vtuber #vtuber #初見歓迎,2024-03-09T14:25:02Z,https://www.twitch.tv/tachibanaaihiri,https://static-cdn.jtvnw.net/previews-ttv/live_user_tachibanaaihiri-{width}x{height}.jpg
3f3abaed158f420e84f9d1d5f4492b1d,live,【TRPG-漢生村】秘密本開啟，究竟誰心懷鬼胎呢？誰又能信任呢？ Ft.很多人,2024-03-09T14:28:58Z,https://www.twitch.tv/hyougetsu_kona,https://static-cdn.jtvnw.net/previews-ttv/live_user_hyougetsu_kona-{width}x{height}.jpg
a83b6d485350402b90238deb371ae654,live,【夢娜】二週年加班台開始~ !加班 !同樂加時【加班台Day207】【歡迎掛台】,2024-03-09T14:34:08Z,https://www.twitch.tv/monna_nana,https://static-cdn.jtvnw.net/previews-ttv/live_user_monna_nana-{width}x{height}.jpg
8bf35c3b9a9e461d825a9170555b71c2,live,【澪Rei】團練時間 !YT !FF42 中文/Eng/日本語,2024-03-09T14:37:29Z,https://www.twitch.tv/reirei_neon,https://static-cdn.jtvnw.net/previews-ttv/live_user_reirei_neon-{width}x{height}.jpg
31f4c00be9eb41a1a6be0356614048fd,live,雑談ARK！明日は人生代わるイベントが発生！｜イラストギフト企画 !イラスト｜【コーラ禁69日目】,2024-03-09T14:39:38Z,https://www.twitch.tv/yeee_shen,https://static-cdn.jtvnw.net/previews-ttv/live_user_yeee_shen-{width}x{height}.jpg
75eb49d99170441ab784d7bec7378d21,live,〖緹婭💤〗爬分.....嗎｜OverWatch2｜2024/03/09 !DC !YT,2024-03-09T14:41:35Z,https://www.twitch.tv/tiavannessa,https://static-cdn.jtvnw.net/previews-ttv/live_user_tiavannessa-{width}x{height}.jpg
d91ffcc2823f4121a2caa347a8c2a507,live,我很菜,2024-03-09T14:58:39Z,https://www.twitch.tv/totsukiii,https://static-cdn.jtvnw.net/previews-ttv/live_user_totsukiii-{width}x{height}.jpg
843d99233b474827a2f0bc417ffd3852,live,【抹茶】03/09｜在咪哭日壓線跑去買咪哭痛包ʕ⸝⸝⸝˙Ⱉ˙ʔ今天好冷｜魔儲合作 !爸爸 🍵 星鐵+工作台+BIGTIME｜ @isuzumaccha ｜掛台感謝 (◍•ᴗ•◍)❤ #茶室營業中,2024-03-09T15:13:42Z,https://www.twitch.tv/isuzumaccha,https://static-cdn.jtvnw.net/previews-ttv/live_user_isuzumaccha-{width}x{height}.jpg
a3452262e11348c88afea4031b0323a8,live,今天是紅蓮保衛戰！！！,2024-03-09T15:32:35Z,https://www.twitch.tv/haivender,https://static-cdn.jtvnw.net/previews-ttv/live_user_haivender-{width}x{height}.jpg
c08ae8d7412d407c8b233f6e445d081c,live,OAO,2024-03-09T15:32:57Z,https://www.twitch.tv/bk20112,https://static-cdn.jtvnw.net/previews-ttv/live_user_bk20112-{width}x{height}.jpg
d8fa0fb407c043cb9b65ab66c2221e8d,live,【希耶】3/9 [FF7R] 不小心睡著了，還是開遊戲來玩一下｜訂閱告急｜有砸砸｜!魔儲  @ca0510,2024-03-09T15:42:32Z,https://www.twitch.tv/ca0510,https://static-cdn.jtvnw.net/previews-ttv/live_user_ca0510-{width}x{height}.jpg
0ad03ee6159c4d37a4feccbc49ba3dcf,live,【Vtuber默夜】 緋染天空 大半夜來看劇情,2024-03-09T15:43:43Z,https://www.twitch.tv/mokuya987,https://static-cdn.jtvnw.net/previews-ttv/live_user_mokuya987-{width}x{height}.jpg
8dd4a8b4598e483e9112b2b1a9466013,live,好像該農一下馬娘了QQ 晚點來熟悉一下新滑鼠~,2024-03-09T15:43:51Z,https://www.twitch.tv/thgindoog_live,https://static-cdn.jtvnw.net/previews-ttv/live_user_thgindoog_live-{width}x{height}.jpg
9e3222bedec44f1a8fecdc237c020cbd,live,✨休息是為了可以好好睡覺,2024-03-09T15:49:37Z,https://www.twitch.tv/winter4t2h,https://static-cdn.jtvnw.net/previews-ttv/live_user_winter4t2h-{width}x{height}.jpg
a920d67ea25f449491121763b3117f95,live,【連動瓦瓦】再度開瓦!!! 是飛毒佬帶飛!!!  伊格要繼續雷人囉!!!! | ft. 飛毒 @virus_flying  | 伊格·斯奈克ch.,2024-03-09T16:01:19Z,https://www.twitch.tv/turtle1258,https://static-cdn.jtvnw.net/previews-ttv/live_user_turtle1258-{width}x{height}.jpg
3f2e41bdee4145f59fa97830ba3f5edb,live,【飛毒】深夜放毒電台 瓦瓦同樂場 ft. @turtle1258  🐑 加班台3月13日啟動 !! 【03/10】,2024-03-09T16:02:07Z,https://www.twitch.tv/virus_flying,https://static-cdn.jtvnw.net/previews-ttv/live_user_virus_flying-{width}x{height}.jpg
53c811a3e7814de2b76dd4e0c241a9e5,live,💌【雜談】阿台快碎著惹｜歡迎降落 !DC !抖內 !YT !推特 @yuetaii,2024-03-09T16:02:45Z,https://www.twitch.tv/yuetaii,https://static-cdn.jtvnw.net/previews-ttv/live_user_yuetaii-{width}x{height}.jpg
1058d6e9f351455389e8a7a716ea26ff,live,【 原神 | Genshin 】深夜原神；,2024-03-09T16:08:56Z,https://www.twitch.tv/toujipaisen,https://static-cdn.jtvnw.net/previews-ttv/live_user_toujipaisen-{width}x{height}.jpg
b1b462c602904499a13c056be34c6dd5,live,0310 沉浸式聽歌,2024-03-09T16:10:42Z,https://www.twitch.tv/aunt010,https://static-cdn.jtvnw.net/previews-ttv/live_user_aunt010-{width}x{height}.jpg
c2777df3c8d341f4a1f0bb9cda8d9365,live,20240309 | 柒夜 @chi_ya_ouo | GTA | 哈哈,2024-03-09T16:10:55Z,https://www.twitch.tv/chi_ya_ouo,https://static-cdn.jtvnw.net/previews-ttv/live_user_chi_ya_ouo-{width}x{height}.jpg
3005ff0c09064d7f924c506e1e9c18ba,live,【猫夜凜】FF7Rebirth 陸行鳥會飛的那章 | @nekoyarin |  !語音 !猫韻 !RP  | 3/9,2024-03-09T16:11:45Z,https://www.twitch.tv/nekoyarin,https://static-cdn.jtvnw.net/previews-ttv/live_user_nekoyarin-{width}x{height}.jpg
0572bddb85b24166820f34f39164f99c,live,【⑨②＊】 3/10 刷副本刷到沒時間開 | 35345 |  蘑菇蘑菇 ˙ฅ^•ﻌ•^ฅ,2024-03-09T16:14:18Z,https://www.twitch.tv/nininaowo,https://static-cdn.jtvnw.net/previews-ttv/live_user_nininaowo-{width}x{height}.jpg
a3ce195c0069494c99849d0b1a10a7fd,live,3/9 課後練習｜#悠白 #Ubye,2024-03-09T16:19:54Z,https://www.twitch.tv/konyunubye,https://static-cdn.jtvnw.net/previews-ttv/live_user_konyunubye-{width}x{height}.jpg
b96f58f4373a4b65977afe5f2829e9e4,live,【世界計畫/プロセカ参加型】 JP 初見歓迎,2024-03-09T16:30:26Z,https://www.twitch.tv/cieloneve_,https://static-cdn.jtvnw.net/previews-ttv/live_user_cieloneve_-{width}x{height}.jpg
77364942d7f24440bbde8efa71c724df,live,泡槍貓咪也想上分| 雜談聊天  | !DC  !ID |,2024-03-09T16:47:55Z,https://www.twitch.tv/kuroyamanekota,https://static-cdn.jtvnw.net/previews-ttv/live_user_kuroyamanekota-{width}x{height}.jpg
8723ccecdfd84d92b1de24f9d6a86bcc,live,3/9 σ ﾟ∀ ﾟ) ﾟ∀ﾟ)σ我懷疑你是一根黃瓜 又綠又細還欠拍 .. 聽懂掌聲  | 26Day描邊大濕  | 小頭幫幫主  忠誠換小吉 @bofu0520,2024-03-09T16:50:35Z,https://www.twitch.tv/bofu0520,https://static-cdn.jtvnw.net/previews-ttv/live_user_bofu0520-{width}x{height}.jpg
256252fdd3d1437995088c56e674fcf0,live,【PC】睡不著... 新手打槍槍 打到想睡  |初見歡迎  |指令: !DC !吃 !喝 !吉他 !甲酒,2024-03-09T16:52:47Z,https://www.twitch.tv/seto_m_setekh,https://static-cdn.jtvnw.net/previews-ttv/live_user_seto_m_setekh-{width}x{height}.jpg
1fa9ddce23964bab8edddf7f18dad2f3,live,EN/JP【雜談】明天回溫 來聊一下｜罵倒台詞募集中【夢魅デラ】,2024-03-09T17:03:17Z,https://www.twitch.tv/yumemidella,https://static-cdn.jtvnw.net/previews-ttv/live_user_yumemidella-{width}x{height}.jpg
ab64eaef68c94ab4afb3a89007c81e9c,live,人中之龍8 | 集合吧黑道森友會 | @maimaivtuber,2024-03-09T17:03:41Z,https://www.twitch.tv/maimaivtuber,https://static-cdn.jtvnw.net/previews-ttv/live_user_maimaivtuber-{width}x{height}.jpg
d2e2645a97a14ce4b58a7884c0e6ec56,live,【】我真的想不到要幹嘛｜｜｜,2024-03-09T17:23:40Z,https://www.twitch.tv/inayakunemu,https://static-cdn.jtvnw.net/previews-ttv/live_user_inayakunemu-{width}x{height}.jpg
359bb9450c49401da7b002980d4f97df,live,3/10 | 天冷，來隻蟲蟲取暖吧 | HELLDIVERS™ 2  FT. | @kijyou_yukino @giovanna_unger @vagarinyogtha,2024-03-09T17:28:17Z,https://www.twitch.tv/seyameow666,https://static-cdn.jtvnw.net/previews-ttv/live_user_seyameow666-{width}x{height}.jpg
65abc9bdfc964ec39f4ee1464a2011a5,live,【茶太】 且看且珍惜(?) ｜ 掛台音量1%感謝 (*´∀`)~♥ ｜ 感謝追隨揪團 ｜,2024-03-09T18:02:55Z,https://www.twitch.tv/shibayachata,https://static-cdn.jtvnw.net/previews-ttv/live_user_shibayachata-{width}x{height}.jpg