VTuber ID,Video Type,Title,Publish Time,URL,Thumbnail URL
e949052e4ee24ecd8b352a68f6bf51e1,upcoming,「Chaos ch.卡俄斯」直播,1970-01-01T00:00:00Z,https://www.youtube.com/watch?v=9NpLOC1drHo,https://i.ytimg.com/vi/9NpLOC1drHo/mqdefault_live.jpg
25619abc5e0d4f79839e48d83234eaf8,upcoming,【Ori and the Will of the Wisps】繼續找光❄ @霍普迪米特,1970-01-01T00:00:00Z,https://www.youtube.com/watch?v=TUzxjOYxpWQ,https://i.ytimg.com/vi/TUzxjOYxpWQ/mqdefault_live.jpg
7805f5aaa7be47878ebcf88c6ff4669a,upcoming,【初配信後日談】終於結束初配信了！來跟你們聊聊初配信前的大小事,1970-01-01T00:00:00Z,https://www.youtube.com/watch?v=wNW6yA1pRs4,https://i.ytimg.com/vi/wNW6yA1pRs4/mqdefault_live.jpg
e92219319c904d17ad14a223a304f7b5,upcoming,「浮幽幽 FUU ch.」直播,1970-01-01T00:00:00Z,https://www.youtube.com/watch?v=awbqo8uHkQ0,https://i.ytimg.com/vi/awbqo8uHkQ0/mqdefault_live.jpg
aae348caede446649e2ef8b15536119c,upcoming,「Silmueiris ch.星櫻雪」直播,1970-01-01T00:00:00Z,https://www.youtube.com/watch?v=7LxdJ1EhbFc,https://i.ytimg.com/vi/7LxdJ1EhbFc/mqdefault_live.jpg
ab24c13e4bff4ff8909a7650260f8b19,upcoming,【FINAL FANTASY XIV】好想打酷酷的極99殲滅戰喔...會有人願意打嗎😭,1970-01-01T00:00:00Z,https://www.youtube.com/watch?v=ABx3OaXrHHc,https://i.ytimg.com/vi/ABx3OaXrHHc/mqdefault_live.jpg
e312462015a2454087c9fe83dd939994,upcoming,这个标题很懒，什么都不想留下,1970-01-01T00:00:00Z,https://www.youtube.com/watch?v=SsUjIb5TDzk,https://i.ytimg.com/vi/SsUjIb5TDzk/mqdefault_live.jpg
a1915cccb8584d57b9b22975263c7af4,upcoming,【英雄聯盟】來玩隨機單中，歡迎觀眾場進來跟我一起玩~,1970-01-01T00:00:00Z,https://www.youtube.com/watch?v=Xohct89O8Is,https://i.ytimg.com/vi/Xohct89O8Is/mqdefault_live.jpg
6885bffce2184355bed557901e079522,upcoming,【突發】惡靈古堡：安魂曲 瘋狂難度 禁無限彈藥 速通看看 #初見歡迎 #降落歡迎,1970-01-01T00:00:00Z,https://www.youtube.com/watch?v=WA8Wq5MAKwU,https://i.ytimg.com/vi/WA8Wq5MAKwU/mqdefault_live.jpg
8774553046cb47a9b5165c15feb01e84,upcoming,「帕比咪帕比波💗┊PabimiPabibo Ch.」直播,1970-01-01T00:00:00Z,https://www.youtube.com/watch?v=-29wNe4qGdU,https://i.ytimg.com/vi/-29wNe4qGdU/mqdefault_live.jpg
9eb1907910c148d980f8b8c0c84f4d26,upcoming,「香草 Vanilla Ch.」直播,1970-01-01T00:00:00Z,https://www.youtube.com/watch?v=iseRddbgElU,https://i.ytimg.com/vi/iseRddbgElU/mqdefault_live.jpg
316dd044dc644c4cac9e140dcba5d210,upcoming,【酒雜歌回】｜#初見歡迎 #vtuber  #雜談 #降落歡迎,1970-01-01T00:00:00Z,https://www.youtube.com/watch?v=W4P-Yx_GZY8,https://i.ytimg.com/vi/W4P-Yx_GZY8/mqdefault_live.jpg
20b9316c0979495fbff724be3442d4a4,upcoming,【艾恩葛朗特 迴盪新聲 Echoes of Aincrad】EP07 [城 游音Yune]#游音 #SAO #SAOEoA #デスゲームチャレンジ  #刀劍神域,1970-01-01T00:00:00Z,https://www.youtube.com/watch?v=sJEzU85FREY,https://i.ytimg.com/vi/sJEzU85FREY/mqdefault_live.jpg
5e931b583dfe4fdc98d10e4dceaf2c93,upcoming,《蛤》挖 你敢信,1970-01-01T00:00:00Z,https://www.youtube.com/watch?v=dp9Ic7QQB7I,https://i.ytimg.com/vi/dp9Ic7QQB7I/mqdefault_live.jpg
0628f4d0fcbd4f0a980b64b3b1deeb74,upcoming,「Loran Ch. 洛嵐」直播,1970-01-01T00:00:00Z,https://www.youtube.com/watch?v=S-MfVACJE54,https://i.ytimg.com/vi/S-MfVACJE54/mqdefault_live.jpg
2f966e51210f49ba9dce2ac90e3ada18,upcoming,ʚ ruriilive ɞ 0903 到9. 10.左右｜喜歡我的話，追隨一下吧｜掛台請幫我開個5%的音量,1970-01-01T00:00:00Z,https://www.youtube.com/watch?v=0XixGk200dc,https://i.ytimg.com/vi/0XixGk200dc/mqdefault_live.jpg
803435ca691f43a4b02360926fee23d1,upcoming,【柚香】海拉魯躺地青年 EP.19 | #曠野之息 | #1007,1970-01-01T00:00:00Z,https://www.youtube.com/watch?v=J8uHTvPtlrg,https://i.ytimg.com/vi/J8uHTvPtlrg/mqdefault_live.jpg
5cbb7048a694444ea3a414396d9ae55d,upcoming,「妮可絲克洛伊 🐾 Nicos Chloe Ch.」直播,1970-01-01T00:00:00Z,https://www.youtube.com/watch?v=Gpcf4X2LbCU,https://i.ytimg.com/vi/Gpcf4X2LbCU/mqdefault_live.jpg
26e2e1583d404f48b879375ef74ae33a,upcoming,【神奇寶貝・紫羅蘭】#01 新地區，出發！,1970-01-01T00:00:00Z,https://www.youtube.com/watch?v=_ACyeSsdYps,https://i.ytimg.com/vi/_ACyeSsdYps/mqdefault_live.jpg
018244f1ad404c9eaa4ddf747c3bafa0,upcoming,【久我山栞的死法手帳 】記憶漸漸恢復！得知自己不是XX而死的。真相漸漸明瞭，與唯一的生者主角一起調查各種死因！(Switch),1970-01-01T00:00:00Z,https://www.youtube.com/watch?v=yaZf1EaKtw8,https://i.ytimg.com/vi/yaZf1EaKtw8/mqdefault_live.jpg
b1939ca67a3c43cf8a6a0a9a88137419,upcoming,【雙人連動歌枠】【龍貓窩KTV】feat.  ⁨@ReGulusOAO   ❘ POV：當花火龍貓遇到笑聲超級炸裂的九命怪喵 #歌枠 #vsinger #花火布蕾亞 #蕾古露絲,1970-01-01T00:00:00Z,https://www.youtube.com/watch?v=eQ_hIafVpwA,https://i.ytimg.com/vi/eQ_hIafVpwA/mqdefault_live.jpg
3353f8693d7b4caa82abeb2de3d89815,upcoming,【10/07】打龍打龍打龍 ヾ(*ΦωΦ)ツ   #貓貓桃實 #深夜  #初見歡迎 #monsterhunter,1970-01-01T00:00:00Z,https://www.youtube.com/watch?v=e6pGu2X7vxU,https://i.ytimg.com/vi/e6pGu2X7vxU/mqdefault_live.jpg
21c774c9133043baaf8d283705cd9093,upcoming,「Myndis ch.冥蝶-0元出道vtuber」直播,1970-01-01T00:00:00Z,https://www.youtube.com/watch?v=ZubOY3qi4Ak,https://i.ytimg.com/vi/ZubOY3qi4Ak/mqdefault_live.jpg
41a105676f5643d981a2167e8ac55552,upcoming,【修女 Shiro シロ✞】,1970-01-01T00:00:00Z,https://www.youtube.com/watch?v=tnrXRjxJ7Xg,https://i.ytimg.com/vi/tnrXRjxJ7Xg/mqdefault_live.jpg
7ee1b473a5584a1a85973acfa45e0e1d,upcoming,📜突發📜原神趕進度中!!!,1970-01-01T00:00:00Z,https://www.youtube.com/watch?v=aadzIqY4EZk,https://i.ytimg.com/vi/aadzIqY4EZk/mqdefault_live.jpg
75eb49d99170441ab784d7bec7378d21,upcoming,沒日沒夜ㄉ打槍｜OW+R6S｜ 261004〖緹婭💤〗,1970-01-01T00:00:00Z,https://www.youtube.com/watch?v=770mb1bzoQ8,https://i.ytimg.com/vi/770mb1bzoQ8/mqdefault_live.jpg
67b37e4e1f2f49d88a047d650b70be91,upcoming,｜ 【貓乃瑠依】 #vtuber,1970-01-01T00:00:00Z,https://www.youtube.com/watch?v=dzlOsyDXX0M,https://i.ytimg.com/vi/dzlOsyDXX0M/mqdefault_live.jpg
348b76fa1b194d3d8aa28b17abe8b153,upcoming,「歇可Sheirco大學牲Vtuber 」直播,1970-01-01T00:00:00Z,https://www.youtube.com/watch?v=R8NUFlHVaJs,https://i.ytimg.com/vi/R8NUFlHVaJs/mqdefault_live.jpg
451cf387126b426a89e3db63676c84b0,upcoming,【DOTA2】先測試新的OBS設定能不能用,1970-01-01T00:00:00Z,https://www.youtube.com/watch?v=IuSBx7sEwyU,https://i.ytimg.com/vi/IuSBx7sEwyU/mqdefault_live.jpg
65a52797bec24b9bb2df5201068873a4,upcoming,【】【Kawas/理可Lyco】,1970-01-01T00:00:00Z,https://www.youtube.com/watch?v=2GDCnhyW8io,https://i.ytimg.com/vi/2GDCnhyW8io/mqdefault_live.jpg
ad56a56e509c4b6fa0cf11ca959e3c72,upcoming,【歌回】這邊打標題 初見 降落大歡迎【白音エルル/白音艾露露】#Vtuber,1970-01-01T00:00:00Z,https://www.youtube.com/watch?v=nBnUZDTEq6s,https://i.ytimg.com/vi/nBnUZDTEq6s/mqdefault_live.jpg
9bf758b113b048bc9331f244b619e4b2,upcoming,【啾棉電波室】中秋烤肉，有準備醬料嗎? EP26《收益衝刺加班台》 #台灣Vtuber #台V #twvtuber #Mianyulive,1970-01-01T00:00:00Z,https://www.youtube.com/watch?v=8kL5eyoBDao,https://i.ytimg.com/vi/8kL5eyoBDao/mqdefault_live.jpg
52b5fa7ff03945368644f52035a5e798,upcoming,【楓之谷artale】今天目標180等！ #楓之谷artale  #楓之谷  #vtuber #台V  #姬德月兔,1970-01-01T00:00:00Z,https://www.youtube.com/watch?v=JMnQqKRGsYg,https://i.ytimg.com/vi/JMnQqKRGsYg/mqdefault_live.jpg
9cb41588918b4fcf9d8e21ce0b6896c6,upcoming,【O】U【天鹿琥珀/Kohaku】,1970-01-01T00:00:00Z,https://www.youtube.com/watch?v=TUaWsU9MUBc,https://i.ytimg.com/vi/TUaWsU9MUBc/mqdefault_live.jpg
1d9db35aa47c4d2d8bea3fb94afbd1b9,upcoming,「白御shiroto 🐺📖【御夢坊所屬】」直播,1970-01-01T00:00:00Z,https://www.youtube.com/watch?v=MsbwPZcdY68,https://i.ytimg.com/vi/MsbwPZcdY68/mqdefault_live.jpg
63f727e673b9460abd6f7079bcbb1865,upcoming,《明日方舟：終末地 /Arknights: Endfield》10/06 - ‬來看前瞻啦！！初見安安，歡迎掛台 ~ ♥ 【穎兒Yinger】,1970-01-01T00:00:00Z,https://www.youtube.com/watch?v=7cyKBlrml6o,https://i.ytimg.com/vi/7cyKBlrml6o/mqdefault_live.jpg
326a721a7a904cb9b5ed0dad4899d7c2,upcoming,「憩貓脆脆 Ch.」直播,1970-01-01T00:00:00Z,https://www.youtube.com/watch?v=rjRFoAjvCMc,https://i.ytimg.com/vi/rjRFoAjvCMc/mqdefault_live.jpg
f1a631b2661b45718c7caf5862ddcd68,upcoming,「謬樂Myular」直播,1970-01-01T00:00:00Z,https://www.youtube.com/watch?v=yiV9lYkldoU,https://i.ytimg.com/vi/yiV9lYkldoU/mqdefault_live.jpg
72a83f60773546dba886008320809d70,upcoming,0722【UC小雞】今天是狂嗑高蛋白不知道吃啥日！指令： !抖內影片  !上班收聽,1970-01-01T00:00:00Z,https://www.youtube.com/watch?v=aOkZdtqoI_Y,https://i.ytimg.com/vi/aOkZdtqoI_Y/mqdefault_live.jpg
d95abd62958c4081a999660b995d72ce,upcoming,【天城光希\天城こうき】突發!! 今天繼續化妝鏡~【台灣Vtuber】【新人Vtuber】,1970-01-01T00:00:00Z,https://www.youtube.com/watch?v=6CGvzbCRbHM,https://i.ytimg.com/vi/6CGvzbCRbHM/mqdefault_live.jpg
a28e29c9e8ec4791a700cd2e30904534,upcoming,「潮汐春実 Harumi」直播,1970-01-01T00:00:00Z,https://www.youtube.com/watch?v=fPDNvx9xyDI,https://i.ytimg.com/vi/fPDNvx9xyDI/mqdefault_live.jpg
fae9210539d44a39a2a275b8d53cae37,upcoming,【猛獸派對】開扁~｜羅摩Lomo｜!dc !抖內｜#vtuber #台v,1970-01-01T00:00:00Z,https://www.youtube.com/watch?v=YVsavOhYTQQ,https://i.ytimg.com/vi/YVsavOhYTQQ/mqdefault_live.jpg
d23dbc9d1db64c42821697d1bac8fb66,upcoming,刪檔測試 本王調個麥,1970-01-01T00:00:00Z,https://www.youtube.com/watch?v=YhJVbJWt4V0,https://i.ytimg.com/vi/YhJVbJWt4V0/mqdefault_live.jpg
2bffdc20e3cb48de9bf46600f62d248e,upcoming,打手枪【冬夜Toya】,1970-01-01T00:00:00Z,https://www.youtube.com/watch?v=brG9ZzJPg9o,https://i.ytimg.com/vi/brG9ZzJPg9o/mqdefault_live.jpg
08da85c2b24747a2aaeec4fe6cf9d681,upcoming,「Hami 哈米」直播,1970-01-01T00:00:00Z,https://www.youtube.com/watch?v=qr4xKlWBHbM,https://i.ytimg.com/vi/qr4xKlWBHbM/mqdefault_live.jpg
8a56c920e9da4acb800d38c625391680,upcoming,「狐與虎 Huli-Huer ch.」直播,1970-01-01T00:00:00Z,https://www.youtube.com/watch?v=v02ij_yk9As,https://i.ytimg.com/vi/v02ij_yk9As/mqdefault_live.jpg
cfc335d4b3e3411ca5b39ccb41a81958,upcoming,Rivals | 這些人在幹嘛...?,1970-01-01T00:00:00Z,https://www.youtube.com/watch?v=0BbXZLnuIro,https://i.ytimg.com/vi/0BbXZLnuIro/mqdefault_live.jpg
bd7947d2357941039893b911b18f3b4c,upcoming,#3【東方紅魔鄉：新典】我們穿越了嗎? 東方最新作是?,1970-01-01T00:00:00Z,https://www.youtube.com/watch?v=XkYdlHFLs8w,https://i.ytimg.com/vi/XkYdlHFLs8w/mqdefault_live.jpg
9f9bfcbf980b43bcb00c03261439d18d,upcoming,2026/9/29 你啊罵火鍋,1970-01-01T00:00:00Z,https://www.youtube.com/watch?v=Hhf1cdPQeGo,https://i.ytimg.com/vi/Hhf1cdPQeGo/mqdefault_live.jpg
50c6983298d84cbeac8e6376349e672b,upcoming,測試,1970-01-01T00:00:00Z,https://www.youtube.com/watch?v=LbHe4iFELOo,https://i.ytimg.com/vi/LbHe4iFELOo/mqdefault_live.jpg
7a93714b53274fbaad48bef3b409d458,upcoming,【工作台】線下聚會表單製作中,1970-01-01T00:00:00Z,https://www.youtube.com/watch?v=n86EuQELuuE,https://i.ytimg.com/vi/n86EuQELuuE/mqdefault_live.jpg
7870ac4364ca4c97a4dfe7474251bf5b,upcoming,【VALORANT】有夢師父跟小公主在！我已經躺好蓋好被子了！ ft. @chero.limnos @monmonjinrou ｜薄葉透UsubaToru｜SDS,1970-01-01T00:00:00Z,https://www.youtube.com/watch?v=rVDC0tjszhM,https://i.ytimg.com/vi/rVDC0tjszhM/mqdefault_live.jpg
f0b85b56d1d84085aca5ab7f592bd7da,upcoming,【】【】,1970-01-01T00:00:00Z,https://www.youtube.com/watch?v=tZo4sK1E_AM,https://i.ytimg.com/vi/tZo4sK1E_AM/mqdefault_live.jpg
a667c79cb8284de29d5843dc3eafcc57,upcoming,「巴巴鼬戈 / Baba Yoger Ch.」直播,1970-01-01T00:00:00Z,https://www.youtube.com/watch?v=bMOl1gbaMGM,https://i.ytimg.com/vi/bMOl1gbaMGM/mqdefault_live.jpg
d9b8f1ac9c93423fa62e8073a8173d30,upcoming,「Den癲電 Ch.」直播,1970-01-01T00:00:00Z,https://www.youtube.com/watch?v=sQb3_YDL1UE,https://i.ytimg.com/vi/sQb3_YDL1UE/mqdefault_live.jpg
5efb403f9a174bfd82d04d528a121042,upcoming,【】【幽李鈴／Uririn】,1970-01-01T00:00:00Z,https://www.youtube.com/watch?v=9tcBIY2HgJA,https://i.ytimg.com/vi/9tcBIY2HgJA/mqdefault_live.jpg
f3914ae7ae6541198b6b5f4d63febe48,upcoming,【雜談】消失一年的愛恨情仇【台灣Vtuber/磷騷現象】#初見歡迎 #降落歡迎,1970-01-01T00:00:00Z,https://www.youtube.com/watch?v=BjsRqURyxYc,https://i.ytimg.com/vi/BjsRqURyxYc/mqdefault_live.jpg
f1bcb26adebc4b95abd8fb779dfc4f6f,upcoming,「柯琳焙可Korin Beiko」直播,1970-01-01T00:00:00Z,https://www.youtube.com/watch?v=pSEzypBH5J0,https://i.ytimg.com/vi/pSEzypBH5J0/mqdefault_live.jpg
dabf31fbee9b4214958603268d48b780,upcoming,「LeiT ch. 蕾忒」直播,1970-01-01T00:00:00Z,https://www.youtube.com/watch?v=RwD2UeTSFEU,https://i.ytimg.com/vi/RwD2UeTSFEU/mqdefault_live.jpg
c6af4f23c6ce4adab5301d79b0bd343a,upcoming,【可諾】初見!血源詛咒，不用需要劇透指導 | bloodborne | 2026/10/6,1970-01-01T00:00:00Z,https://www.youtube.com/watch?v=3X6HpiiWaGs,https://i.ytimg.com/vi/3X6HpiiWaGs/mqdefault_live.jpg
9ad37d3249e24861bc8cb84368883258,upcoming,▲ #歌枠 #雜談  ▼ RRRRR _夏賀円那 | #台灣Vtuber #vtuber #降落歡迎,1970-01-01T00:00:00Z,https://www.youtube.com/watch?v=6hiVfIOaYVw,https://i.ytimg.com/vi/6hiVfIOaYVw/mqdefault_live.jpg
7d3b310a867942cab270e48f7a397e0d,upcoming,【鳴潮】3.7主線 心!我來救你了   | 森嵜光 Vtuber  中文實況,1970-01-01T00:00:00Z,https://www.youtube.com/watch?v=cYYVrjelZj0,https://i.ytimg.com/vi/cYYVrjelZj0/mqdefault_live.jpg
40a4357f990e4fd8ad2ac18c26603925,upcoming,《神社仕事中》發會員 隨意玩,1970-01-01T00:00:00Z,https://www.youtube.com/watch?v=-H9xzXW-4Xg,https://i.ytimg.com/vi/-H9xzXW-4Xg/mqdefault_live.jpg
4297ecbe09d04698a65f1778f5c16dc4,upcoming,好久沒打來打一下:D  #初見さん大歓迎 #台灣vtuber,1970-01-01T00:00:00Z,https://www.youtube.com/watch?v=E1tnFNxgcbE,https://i.ytimg.com/vi/E1tnFNxgcbE/mqdefault_live.jpg
1eef7c0894a547a2bff186f6a735145a,upcoming,【#歌雜 】突發，吃個飯聊個天唱個歌兒 / 今日もお歌歌いますぞぃ。 #台湾vtuber #初見歓迎,1970-01-01T00:00:00Z,https://www.youtube.com/watch?v=LQ169IoyhIY,https://i.ytimg.com/vi/LQ169IoyhIY/mqdefault_live.jpg
f9444f6d790344a4a51a301110665229,upcoming,「貓妮亞🦋Vtuber」直播,1970-01-01T00:00:00Z,https://www.youtube.com/watch?v=sR_xPlSj6rA,https://i.ytimg.com/vi/sR_xPlSj6rA/mqdefault_live.jpg
aab094af87d74f3cbcb332bdac03fa23,upcoming,【雜談】久久一次生存報告(?)【赫姆‧謝普蘇】,1970-01-01T00:00:00Z,https://www.youtube.com/watch?v=ii4eESScslE,https://i.ytimg.com/vi/ii4eESScslE/mqdefault_live.jpg
5d27ac4b9342450990a299e95818bbb0,upcoming,【Valorant】一場上去提早下班 祝我好運 | 成為臺灣最強瓦V Day 5 | 多多綠 DuoLiu🍡,1970-01-01T00:00:00Z,https://www.youtube.com/watch?v=EJqcjK1VTus,https://i.ytimg.com/vi/EJqcjK1VTus/mqdefault_live.jpg
591a7323f0134cf2929e75d959f21f68,upcoming,【BenMao】沒關就是開了,1970-01-01T00:00:00Z,https://www.youtube.com/watch?v=OzZkGy5me7Q,https://i.ytimg.com/vi/OzZkGy5me7Q/mqdefault_live.jpg
d177ac8568a14720b35bcc1a829aff51,upcoming,【 #深夜RE聊 】你買票了嗎?｜2025.10｜深夜聊什麼｜雜談｜#台灣vtuber,1970-01-01T00:00:00Z,https://www.youtube.com/watch?v=ZL86Y-pKXPY,https://i.ytimg.com/vi/ZL86Y-pKXPY/mqdefault_live.jpg
cf100db6a3dc4010b32802b75f5abc14,upcoming,[個人勢VT-武闇]三國群英傳:策定九州,1970-01-01T00:00:00Z,https://www.youtube.com/watch?v=DMuN61QsBuo,https://i.ytimg.com/vi/DMuN61QsBuo/mqdefault_live.jpg
e66d389ebb604096bfa99178e1a13c27,upcoming,【德瑪西亞杯同步觀賽】五強六強，總比在家強!!這個娛樂賽怎麼這麼好看啦!!XD #觀戰死神｜阿爾西婭．幽梨雅🌺,1970-01-01T00:00:00Z,https://www.youtube.com/watch?v=VvWKgsu2_s8,https://i.ytimg.com/vi/VvWKgsu2_s8/mqdefault_live.jpg
7b00dfda406f484eaf75107c186abe33,upcoming,[800訂閱衝刺]  軟爛Podcast~~ !!歡迎來跟我聊天  #初見歡迎 #降落歡迎 #掛台大感謝,1970-01-01T00:00:00Z,https://www.youtube.com/watch?v=_puJcgQ43Sg,https://i.ytimg.com/vi/_puJcgQ43Sg/mqdefault_live.jpg
1058d6e9f351455389e8a7a716ea26ff,upcoming,【 超能殺機：兩個靈魂 | Beyond:Two Souls 】一直想玩的！！；,1970-01-01T00:00:00Z,https://www.youtube.com/watch?v=NDNbHFPGLXI,https://i.ytimg.com/vi/NDNbHFPGLXI/mqdefault_live.jpg
44f1d1ad14034bd3949ad6f84624f0e4,upcoming,〖#誕生日 〗生日後日談之簽到雜談🎂｜嘻希呦 ShiKi nozomi,1970-01-01T00:00:00Z,https://www.youtube.com/watch?v=P2MOuRQwsE4,https://i.ytimg.com/vi/P2MOuRQwsE4/mqdefault_live.jpg
4077520d348749e49598cd5fa1058b6a,upcoming,【雷門達也】【直屏版】R6一下 有冇人嚟玩~~~   09/29,1970-01-01T00:00:00Z,https://www.youtube.com/watch?v=pvNJ3hm6KB8,https://i.ytimg.com/vi/pvNJ3hm6KB8/mqdefault_live.jpg
90446c6f1b704ff6b0fbbf017f0a68c5,upcoming,「余偉文 Fisher 🐟」直播,1970-01-01T00:00:00Z,https://www.youtube.com/watch?v=ImwABaeozaw,https://i.ytimg.com/vi/ImwABaeozaw/mqdefault_live.jpg
208d8aa3792641d6ae4e0de5a10a4a6f,upcoming,【雜談】來聊聊天吧 放鬆一下～晚點可能玩遊戲w  #絲出名   #vtuber   #台灣VTUBER,1970-01-01T00:00:00Z,https://www.youtube.com/watch?v=viTNF8atrbM,https://i.ytimg.com/vi/viTNF8atrbM/mqdefault_live.jpg
9959d43cae9b49dbbcd666f742322b4a,upcoming,【後談】鬼熊隊長3.0＆Cover《鬼ノ宴》公開後談！一起聊聊新衣裝與翻唱幕後👹🐻 新指令: !今日運勢 !今天吃什麼,1970-01-01T00:00:00Z,https://www.youtube.com/watch?v=ro-MY1g5TAU,https://i.ytimg.com/vi/ro-MY1g5TAU/mqdefault_live.jpg
d71e503b11d04c8a9a7ae74f5e0d9fc4,upcoming,佖夏 | 練習！,1970-01-01T00:00:00Z,https://www.youtube.com/watch?v=ary3-Ppuhw0,https://i.ytimg.com/vi/ary3-Ppuhw0/mqdefault_live.jpg
095d5621db8b44ed914d81f9e1183673,upcoming,【練歌回】在夾縫裡的找時間【拉爾妮蒂 Lar Niti】＃初見歡迎,1970-01-01T00:00:00Z,https://www.youtube.com/watch?v=fxT7jTF89hw,https://i.ytimg.com/vi/fxT7jTF89hw/mqdefault_live.jpg
d2437a12d8e54e858d2bdfa6d4053a9a,upcoming,【乱玩】瓦....哇....wha...bye。,1970-01-01T00:00:00Z,https://www.youtube.com/watch?v=2ECjYOFlp_8,https://i.ytimg.com/vi/2ECjYOFlp_8/mqdefault_live.jpg
d709ac4a052b401abfeb8bc5c600e937,upcoming,【晚安雜談】牙牙主播上任 #初見歡迎 #降落歡迎 #掛台大感謝,1970-01-01T00:00:00Z,https://www.youtube.com/watch?v=qY7tOpSgqhE,https://i.ytimg.com/vi/qY7tOpSgqhE/mqdefault_live.jpg
a168211aa3dd451cb33e09b80df0ea0a,upcoming,"【練歌回】彈琴,唱歌,猜歌大會!!! │神崎艾爾法",1970-01-01T00:00:00Z,https://www.youtube.com/watch?v=Y9VdyXN_Pp4,https://i.ytimg.com/vi/Y9VdyXN_Pp4/mqdefault_live.jpg
932fd42911c74016bc7da418abd29f0f,upcoming,#vtuber #live2D #初配信 #個人勢,1970-01-01T00:00:00Z,https://www.youtube.com/watch?v=NCLAYHmSZns,https://i.ytimg.com/vi/NCLAYHmSZns/mqdefault_live.jpg
7a88afc5eb644d76b35ed4ca968259bb,upcoming,【 ʙᴀʙᴜ 】09/30 💤 𝘓𝘪𝘷𝘦 𝘈𝘚𝘔𝘙 睡覺覺 ʕ ˵ ͒ ʖ̯ ͒ ˵ ʔ,1970-01-01T00:00:00Z,https://www.youtube.com/watch?v=WWHQfDixy5E,https://i.ytimg.com/vi/WWHQfDixy5E/mqdefault_live.jpg
ef0319d27b10495795a5b994bc2249d5,upcoming,【】【瑚珀Haku】 #台灣新人vtuber,1970-01-01T00:00:00Z,https://www.youtube.com/watch?v=5akouqNc6Ew,https://i.ytimg.com/vi/5akouqNc6Ew/mqdefault_live.jpg
f71990c8428c4e76a2acc42dcba7ad95,upcoming,「雪月星奈Yukizukisena Ch.【Vtuber準備中】」直播,1970-01-01T00:00:00Z,https://www.youtube.com/watch?v=_uLgN1VmO8I,https://i.ytimg.com/vi/_uLgN1VmO8I/mqdefault_live.jpg
a55a6a4b6453413cb8b1dc69423b67d5,upcoming,【 #歌枠 】夏の夜の曲縛り～初見さん大歓迎！台湾大学生Vtuberが歌います！！日曜日恒例縦型歌枠 ～🍀🎤 #shorts  #vtuber,1970-01-01T00:00:00Z,https://www.youtube.com/watch?v=a0vsV5QTNW4,https://i.ytimg.com/vi/a0vsV5QTNW4/mqdefault_live.jpg
7425576151124e11a94609fd1b8687bc,upcoming,工作臺 | 被圖奇搞一個來YT收益化努力中 | 卡桑德拉,1970-01-01T00:00:00Z,https://www.youtube.com/watch?v=9hRZ5Qefs-8,https://i.ytimg.com/vi/9hRZ5Qefs-8/mqdefault_live.jpg
ad57b32de5f34598a57ac5af8b8004e2,upcoming,【早安雜談】健康！今天也是早起的一天！#vtuber #台灣vtuber #新人vtuber,1970-01-01T00:00:00Z,https://www.youtube.com/watch?v=k29x7z_a5Tk,https://i.ytimg.com/vi/k29x7z_a5Tk/mqdefault_live.jpg
e212d468e3e64ad5b8f22f61bc4e06f7,upcoming,【how to fish】有蝦蝦了還要釣魚嗎 斷線回來 ft.お魚 悠果 蝦蝦【雪見めぐみ】,1970-01-01T00:00:00Z,https://www.youtube.com/watch?v=Sad0DxAnA88,https://i.ytimg.com/vi/Sad0DxAnA88/mqdefault_live.jpg
8e249f04f6cb48bda24f1513a472f4d8,upcoming,【狐狐】邊緣&失蹤狐狸｜御影曇天ㄧ,1970-01-01T00:00:00Z,https://www.youtube.com/watch?v=M84_sp4i5QU,https://i.ytimg.com/vi/M84_sp4i5QU/mqdefault_live.jpg
36b917d4265f43a1a6cc9eb1d7b20608,upcoming,【#突發 】很突然的!!  ♡夜露妮亞 Yoruniya,1970-01-01T00:00:00Z,https://www.youtube.com/watch?v=aRVCnnq6elQ,https://i.ytimg.com/vi/aRVCnnq6elQ/mqdefault_live.jpg
7ca8ec94cb4640ccb27719cbfc8a8df0,upcoming,【雨你一起】乜野話！！！六年喇？！！！【雨宮みずき】,1970-01-01T00:00:00Z,https://www.youtube.com/watch?v=iT3lE5XclWM,https://i.ytimg.com/vi/iT3lE5XclWM/mqdefault_live.jpg
7136d4451e954a2daed572b2ba517303,upcoming,「Goia Ch. 歌雅」直播,1970-01-01T00:00:00Z,https://www.youtube.com/watch?v=13SVboJAKds,https://i.ytimg.com/vi/13SVboJAKds/mqdefault_live.jpg
7a184a9a63cd425a9319691e20e3b148,upcoming,「莊周 Zhou ch.」直播,1970-01-01T00:00:00Z,https://www.youtube.com/watch?v=oHQhtllIOME,https://i.ytimg.com/vi/oHQhtllIOME/mqdefault_live.jpg
db4df79a2e664ebb96d1a0ce5e4c0e63,upcoming,「伊鬱 Yiyu ch.」直播,1970-01-01T00:00:00Z,https://www.youtube.com/watch?v=30cGEbsLXuU,https://i.ytimg.com/vi/30cGEbsLXuU/mqdefault_live.jpg
accb26f2db2746e898b68ab07dd3c5bc,upcoming,【VTuber薰雪珞】N.24、OLG 靈魂行者。,1970-01-01T00:00:00Z,https://www.youtube.com/watch?v=saZrU60Walg,https://i.ytimg.com/vi/saZrU60Walg/mqdefault_live.jpg
33cabb57d2454dfdbdf7453c54429940,upcoming,「千松嶁雷」直播,1970-01-01T00:00:00Z,https://www.youtube.com/watch?v=N_qptuLbfhI,https://i.ytimg.com/vi/N_qptuLbfhI/mqdefault_live.jpg
e6373c7f689c44f8971ca0f83c817789,upcoming,出國後日談(大阪自由行),1970-01-01T00:00:00Z,https://www.youtube.com/watch?v=xli6wNftBRc,https://i.ytimg.com/vi/xli6wNftBRc/mqdefault_live.jpg
8ae0f370cf124faa953a09089a427fd9,upcoming,「早安喲、可悠悠🪻Koyoyo Ch.」直播,1970-01-01T00:00:00Z,https://www.youtube.com/watch?v=fqp5uYCHGxM,https://i.ytimg.com/vi/fqp5uYCHGxM/mqdefault_live.jpg
e7f01ae0c78b4daeaaf8f3fe39946e8d,upcoming,【BCS全員逃走中——小豬盃】,1970-01-01T00:00:00Z,https://www.youtube.com/watch?v=MHLG6UdwjYg,https://i.ytimg.com/vi/MHLG6UdwjYg/mqdefault_live.jpg
670990d65f7b459ba2a3728c39d4cb9a,upcoming,「莓Ichii Channel」直播,1970-01-01T00:00:00Z,https://www.youtube.com/watch?v=YaZTV5ZVvMI,https://i.ytimg.com/vi/YaZTV5ZVvMI/mqdefault_live.jpg
6d83214d4d964bc9a236f4cbdd8d99e4,upcoming,【mc】考完試來玩MC   Ft. @奈亞_Nya,1970-01-01T00:00:00Z,https://www.youtube.com/watch?v=a2-Ui2R7lq0,https://i.ytimg.com/vi/a2-Ui2R7lq0/mqdefault_live.jpg
45d566a561914da0a15a5a21574eb30a,upcoming,「星霜祈【Seisou_Inori】Ch.」直播,1970-01-01T00:00:00Z,https://www.youtube.com/watch?v=SYxiUwjwZNU,https://i.ytimg.com/vi/SYxiUwjwZNU/mqdefault_live.jpg
9b33b75521bd43bca3346790ac65559c,upcoming,「荻珥_ Dear Ch. 直播精華」直播,1970-01-01T00:00:00Z,https://www.youtube.com/watch?v=h1wL_Iye-hg,https://i.ytimg.com/vi/h1wL_Iye-hg/mqdefault_live.jpg
fc6a8de6e0e14e05a11b1d35dfce1d71,upcoming,【恐怖遊戲】在傑難逃─今天來玩一款恐怖遊戲【台灣八美肉系Vtuber/星蝶ミミ】,1970-01-01T00:00:00Z,https://www.youtube.com/watch?v=hhJG5Zd6n7Q,https://i.ytimg.com/vi/hhJG5Zd6n7Q/mqdefault_live.jpg
676db89cb8a9483486442231b615b46f,upcoming,【遊戲時間】 Monster Hunter Wilds |  鬼轉獵人  | !簽到 !指令,1970-01-01T00:00:00Z,https://www.youtube.com/watch?v=g8rBybRS6Tg,https://i.ytimg.com/vi/g8rBybRS6Tg/mqdefault_live.jpg
2d3deb7610dd4329ba77597dfdd13043,upcoming,「璃瑛りえ Ch. Rie」直播,1970-01-01T00:00:00Z,https://www.youtube.com/watch?v=AEWN7JtQhFI,https://i.ytimg.com/vi/AEWN7JtQhFI/mqdefault_live.jpg
399c26439e254a229a1161ed12f1ab83,upcoming,【LIVE｜連動!!】連動-繪圖躲貓貓｜8/22｜瑪西亞桎梏,1970-01-01T00:00:00Z,https://www.youtube.com/watch?v=WvSXihfTGDA,https://i.ytimg.com/vi/WvSXihfTGDA/mqdefault_live.jpg
8bc70fad02c8432d99056ebd5a8e2ae5,upcoming,「羽黑焰 -Haguro-」直播,1970-01-01T00:00:00Z,https://www.youtube.com/watch?v=wyxHjmjL1zw,https://i.ytimg.com/vi/wyxHjmjL1zw/mqdefault_live.jpg
c6e955ae1fce48678120bc086a436073,upcoming,【繪畫作業台】畫圖～禮拜日要去西打K認親,1970-01-01T00:00:00Z,https://www.youtube.com/watch?v=1AIq1wmYg7o,https://i.ytimg.com/vi/1AIq1wmYg7o/mqdefault_live.jpg
23d18a6678794320b2d3f9d468b9b3a4,upcoming,【小小開一下】隨便玩到吃晚餐～今天開始小夜班18-03✨新平台Gosh同步直播💖『參與共遊：追隨互動有印象為超過１個月觀眾』꙳˖.✧.˖凜澪月˖.✦.˖ ꙳✨聒噪系四足古飛龍✦,1970-01-01T00:00:00Z,https://www.youtube.com/watch?v=Gm7qL7r82Zo,https://i.ytimg.com/vi/Gm7qL7r82Zo/mqdefault_live.jpg
8c1fe8acf675446ebb2fd046e6396983,upcoming,【底特律：變人】［２］初見!!! 會有怎樣的結局呢?｜訂閱大感謝!【蓮諾‧絲萊許/個人勢Vtuber】,1970-01-01T00:00:00Z,https://www.youtube.com/watch?v=rVE4sRbftn8,https://i.ytimg.com/vi/rVE4sRbftn8/mqdefault_live.jpg
c060912477dd414ea79d74adddfb4661,upcoming,史萊姆家族5人挑戰饑荒?!｜黑白史萊姆,1970-01-01T00:00:00Z,https://www.youtube.com/watch?v=WNwYFpeDlNo,https://i.ytimg.com/vi/WNwYFpeDlNo/mqdefault_live.jpg
2e7fa2f9a4ba4ca6a0ea1397839aafca,upcoming,[疾風柳橙]玩路亞的小正太 參戰!,1970-01-01T00:00:00Z,https://www.youtube.com/watch?v=igSrn-edutA,https://i.ytimg.com/vi/igSrn-edutA/mqdefault_live.jpg
06f1c7339e1c47ecb69ea7385f4635a1,upcoming,是我的瓦寶 ! / 掛台請幫我開5%謝謝~!,1970-01-01T00:00:00Z,https://www.youtube.com/watch?v=Cq7BsVhAw3g,https://i.ytimg.com/vi/Cq7BsVhAw3g/mqdefault_live.jpg
b3b24f0ebecc45118f88f12042bd59c8,upcoming,「CSO」 B106 凌晨直播《NR530型末班車》【貓樂火神/Nekoraku Hikami】,2026-07-14T17:15:00Z,https://www.youtube.com/watch?v=LH9WYZsZCTg,https://i.ytimg.com/vi/LH9WYZsZCTg/mqdefault_live.jpg
b3b24f0ebecc45118f88f12042bd59c8,upcoming,五週年的火神 CT22《NR530型列車紀念廣播》【貓樂火神/Nekoraku Hikami】,2026-07-15T14:03:55Z,https://www.youtube.com/watch?v=mpxAwkCnCfI,https://i.ytimg.com/vi/mpxAwkCnCfI/mqdefault_live.jpg
98181ce64b3d45a9aa295c446e1bae9e,upcoming,🍬 《疑?》  #yuunanalive #悠配信 ｜Yuunana悠77,2026-07-16T12:00:00Z,https://www.youtube.com/watch?v=-52UFynM7hU,https://i.ytimg.com/vi/-52UFynM7hU/mqdefault_live.jpg
dcbe7946e39e48bcb0b725de64a445c8,upcoming,【#FE風花雪月】青獅線D3！折損一堆大將後該如何是好呢...？ #聖火降魔錄 #火焰紋章【#梅迪歐】#ReLiveProject #台v,2026-07-24T00:00:00Z,https://www.youtube.com/watch?v=b4GUq6XunOs,https://i.ytimg.com/vi/b4GUq6XunOs/mqdefault_live.jpg
11dd1f817a6b4c80a066aedd8e0fa419,upcoming,【放火精華２選１】十年老粉回憶錄時間！！我相信記憶點最深刻的一定不是吃ㄐㄐ：Ｄ｜艾麗Ellie,2026-07-25T13:00:00Z,https://www.youtube.com/watch?v=RTesUZxZlIg,https://i.ytimg.com/vi/RTesUZxZlIg/mqdefault_live.jpg
ec198b33036c436591c01ee93976b6a3,upcoming,[ACG前哨戰］星石雜談室#2,2026-07-25T14:00:00Z,https://www.youtube.com/watch?v=GyrqPiMuTxA,https://i.ytimg.com/vi/GyrqPiMuTxA/mqdefault_live.jpg
11dd1f817a6b4c80a066aedd8e0fa419,upcoming,【遊戲】閃電十一人：交鋒（可能鬼轉到英雄之路）！鬼道友人一定不知道他們四個男團出道的話團名可以叫GAYS｜艾麗Ellie,2026-07-27T13:30:00Z,https://www.youtube.com/watch?v=NU9RryIKmVA,https://i.ytimg.com/vi/NU9RryIKmVA/mqdefault_live.jpg
887b37336c9c4730809ace8b5e38df17,upcoming,【天月麻雀 Amatsuki Mahjong】週年慶通行證「命運共鳴」💖送全新雀士角色及幻裝！｜雪羽婭露露LuLu,2026-07-29T13:00:00Z,https://www.youtube.com/watch?v=xxaxRot6mBU,https://i.ytimg.com/vi/xxaxRot6mBU/mqdefault_live.jpg
11dd1f817a6b4c80a066aedd8e0fa419,upcoming,【向著收益全速的前進】距離2千兆訂閱又靠近了0.000000009mm了！可喜可樂！！｜艾麗Ellie,2026-08-01T09:30:00Z,https://www.youtube.com/watch?v=qrPg9GjtuX0,https://i.ytimg.com/vi/qrPg9GjtuX0/mqdefault_live.jpg
7a570b5273ae4e359a6491aba1313011,upcoming,FiFi ♡ˊ˗ 𝟮𝟬𝟮𝟲𝟬𝟴𝟭𝟰  戀愛訪談企劃 【談戀愛的好處和壞處】ft. @panaijian @tamashii0124     |   @fifi_vtuber,2026-08-14T13:00:00Z,https://www.youtube.com/watch?v=jNZ_zhUvtRE,https://i.ytimg.com/vi/jNZ_zhUvtRE/mqdefault_live.jpg
93785f5e8b614be98bf8e096f5b1f997,live,【音樂台】酒館裡什麼人都有，就是沒有你。 | 幻想異世界音楽 | 睡眠 | 勉強 | 讀書音樂陪伴 | Fantasy Sounds | 作業用BGM【冬蜜 DonBee】,2026-08-17T07:03:44Z,https://www.youtube.com/watch?v=cA_4WAdQIvI,https://i.ytimg.com/vi/cA_4WAdQIvI/mqdefault_live.jpg
93785f5e8b614be98bf8e096f5b1f997,live,【音樂台】聽音樂坐著喝酒，再打個魔物。 | 幻想異世界音楽 | 睡眠 | 勉強 | 讀書音樂陪伴 | Fantasy Sounds | 作業用BGM【冬蜜 DonBee】,2026-08-17T07:03:52Z,https://www.youtube.com/watch?v=L4t2SbJRYDA,https://i.ytimg.com/vi/L4t2SbJRYDA/mqdefault_live.jpg
93785f5e8b614be98bf8e096f5b1f997,live,你的世界下雨了，來躲雨吧。 | 有雨聲，可以學習、專注、睡眠的輕鬆音樂,2026-08-17T07:03:59Z,https://www.youtube.com/watch?v=CtqVJb4xp0g,https://i.ytimg.com/vi/CtqVJb4xp0g/mqdefault_live.jpg
debdcce813bc48478ac33a0c39f05999,upcoming,⋆⁺₊⋆  ⋆⁺₊⋆ ʚ本周周表ɞ ⋆⁺₊⋆ ⋆⁺₊⋆,2026-08-23T13:39:27Z,https://www.youtube.com/watch?v=IZ9ct-8Uz8c,https://i.ytimg.com/vi/IZ9ct-8Uz8c/mqdefault_live.jpg
aa1ff405338c41b98ff7197eb4d90349,upcoming,【紅眼露比】#臨時有事 趕的回來就開 趕不回來就早安台見  ૮ ・ﻌ・ა【雪迎】,2026-08-28T13:00:00Z,https://www.youtube.com/watch?v=300WvH9wwJ4,https://i.ytimg.com/vi/300WvH9wwJ4/mqdefault_live.jpg
aa1ff405338c41b98ff7197eb4d90349,upcoming,【盛世天下 女帝篇3】#聽說我還有一段路要走 以我的心機大概能活幾集  ૮ ・ﻌ・ა【雪迎】,2026-09-11T13:00:00Z,https://www.youtube.com/watch?v=n2O1OjaohP8,https://i.ytimg.com/vi/n2O1OjaohP8/mqdefault_live.jpg
88f782b3b6c6492c926f70e4a13390c9,upcoming,【晚安雜談】打個招呼就被裝進罐子裡？陪你聊天直到說晚安🫶｜CB Ortega// • Vtuber,2026-09-12T15:30:00Z,https://www.youtube.com/watch?v=J_Uw3-0U4o0,https://i.ytimg.com/vi/J_Uw3-0U4o0/mqdefault_live.jpg
88f782b3b6c6492c926f70e4a13390c9,upcoming,【汪汪汪】下午開始喝，隔天上班肯定不會宿醉的對吧,2026-09-13T08:00:00Z,https://www.youtube.com/watch?v=9Ekg4yo8sj8,https://i.ytimg.com/vi/9Ekg4yo8sj8/mqdefault_live.jpg
e6373c7f689c44f8971ca0f83c817789,upcoming,生存報告雜談,2026-09-15T13:00:00Z,https://www.youtube.com/watch?v=ENbgd_8vlDU,https://i.ytimg.com/vi/ENbgd_8vlDU/mqdefault_live.jpg
6929e06cd9ed49739cadaa35115847c7,upcoming,【全箱英文名鑑賞】小時候都被英文老師取了什麼菜市場名呢..𓂃🌥️｜雲隙光．kumosuki,2026-09-15T14:30:00Z,https://www.youtube.com/watch?v=THiHTJBjmaE,https://i.ytimg.com/vi/THiHTJBjmaE/mqdefault_live.jpg
f958b1a87ecd4bfab42ba0d1443bfa61,upcoming,FF XIV 國際服 周任 日常! 9/29,2026-09-29T11:30:00Z,https://www.youtube.com/watch?v=G3Gn9lnTGiI,https://i.ytimg.com/vi/G3Gn9lnTGiI/mqdefault_live.jpg
5cff30a1695346368e3ea7a7c7af4286,upcoming,【隻狼Sekiro🚩】我曾經被這遊戲困擾🌀【被貓欺負的如丸】,2026-10-03T13:00:00Z,https://www.youtube.com/watch?v=Q9_Fdi39qoY,https://i.ytimg.com/vi/Q9_Fdi39qoY/mqdefault_live.jpg
40c846b91c4a44a980eddf20f0f789c0,upcoming,✦ ₊˚ 圖奇雙開 |APEX兔襲| 音量注意 ˚₊✧,2026-10-04T11:00:00Z,https://www.youtube.com/watch?v=2-iorxnQGbY,https://i.ytimg.com/vi/2-iorxnQGbY/mqdefault_live.jpg
e53ab7560fbc44fcba0dc3b7dceff697,upcoming,「雨塔☁️Rainta ch. 」正在直播！,2026-10-04T13:11:40Z,https://www.youtube.com/watch?v=43yn1CJs7Qk,https://i.ytimg.com/vi/43yn1CJs7Qk/mqdefault_live.jpg
17946118c2d641819c847aba0c491e13,live,九笙 ❖ 10.06°˖✧ 好想吃有肉的火鍋 |  !點播 !加班,2026-10-05T19:22:17Z,https://www.twitch.tv/kyusho9999,https://static-cdn.jtvnw.net/previews-ttv/live_user_kyusho9999-{width}x{height}.jpg
19234cc590224c45912a14487f756dc5,live,10/05【今天沒有運動】等等OHO!│ ˶˙ᵕ˙˶ )꜆  !懶蛋a卡 !DC !口號 !RAZER,2026-10-05T20:38:26Z,https://www.twitch.tv/venomdianh,https://static-cdn.jtvnw.net/previews-ttv/live_user_venomdianh-{width}x{height}.jpg
ba562aad440d483e988d3ce7e7217c94,live,[貓宮香草] 10/6  今天是第幾天  ，，!DC  !魔儲,2026-10-05T21:35:00Z,https://www.twitch.tv/vanilla_shironeko,https://static-cdn.jtvnw.net/previews-ttv/live_user_vanilla_shironeko-{width}x{height}.jpg
28e0e0a574fe4deca3d5ded0aa5d64ef,upcoming,【Twitch開台通知｜菸斗保存觀察箱】工作雜談，學姊嚴肅監視中｜莫爾Belmoru,2026-10-06T04:00:00Z,https://www.youtube.com/watch?v=vjx3Ci2WGII,https://i.ytimg.com/vi/vjx3Ci2WGII/mqdefault_live.jpg
4dcc1a1d70224d95b48a64543a38e10d,upcoming,ʚ #伴渺同繪 ɞ  委託畫畫DAY．୨ৎ．這幾天感冒喉嚨爛掉可能會有咳嗽 但我還是要開台啦 .ᐟ.ᐟ,2026-10-06T11:00:00Z,https://www.youtube.com/watch?v=yUvyAGfsJR4,https://i.ytimg.com/vi/yUvyAGfsJR4/mqdefault_live.jpg
673abaca34d047b49b11d50214a9a463,upcoming,【練歌回】 從零開始的日文歌練習，先挑慢一點的歌曲吧。ꉂ  • ༚ • ིྀต੭  #Vtuber #歡迎初見 #歡迎降落 #雜談 #陪伴 #朔時零 #歌回,2026-10-06T12:30:00Z,https://www.youtube.com/watch?v=zy_hMLosAMI,https://i.ytimg.com/vi/zy_hMLosAMI/mqdefault_live.jpg
a9e5491563fd4b05896ef9a8cb2ee7d7,upcoming,【帕魯】公開初體驗 with 小曦瓜【曦卡Sica🍶】,2026-10-06T12:55:57Z,https://www.youtube.com/watch?v=4-e5-P1ZcmU,https://i.ytimg.com/vi/4-e5-P1ZcmU/mqdefault_live.jpg
887b37336c9c4730809ace8b5e38df17,live,我回台灣了～Drop掉寶🎁訂閱抽日本週邊✨歡迎+好友 ฅ ̳͒•ˑ̫• ̳͒ฅ♡⁺˳✿ ₊,2026-10-06T15:39:56Z,https://www.twitch.tv/isyourlulu,https://static-cdn.jtvnw.net/previews-ttv/live_user_isyourlulu-{width}x{height}.jpg
76165d25983b463eaa1da66c86a32b7c,live,【日常】心悸寶貝-周4重灌電腦【靛之森Ainomori】|【夜彩Yoruro】可用7TV貼圖 因為害羞非常不感謝揪團Q_Q,2026-10-06T17:56:07Z,https://www.twitch.tv/yorurovtuber,https://static-cdn.jtvnw.net/previews-ttv/live_user_yorurovtuber-{width}x{height}.jpg
7a160bd129144664804dd3fc08fceeb1,live,[兔森] 睡到咪咪毛毛.... | @usamori |,2026-10-07T00:47:56Z,https://www.twitch.tv/usamori,https://static-cdn.jtvnw.net/previews-ttv/live_user_usamori-{width}x{height}.jpg
9d864d1af4e749f5a58171b06c070565,live,早餐台 | 有一點想拚紫勾| !魔儲 |自主訂閱 |!周邊 !綠界 !點播 | !VPN | (1007)  #MEPay魔儲,2026-10-07T01:26:19Z,https://www.twitch.tv/masteridun,https://static-cdn.jtvnw.net/previews-ttv/live_user_masteridun-{width}x{height}.jpg
f479e1403f614727a5f2a2be339bad74,live,1007【MDDT】你好我是郵差鴨 @chalortti,2026-10-07T01:48:40Z,https://www.twitch.tv/chalortti,https://static-cdn.jtvnw.net/previews-ttv/live_user_chalortti-{width}x{height}.jpg
58d43efc5b4046148d02de0e65ef9120,live,【空之軌跡the2nd】在這裡逛街是什麼感覺呢？【圖奇雙開】#初見歡迎 #降落歡迎,2026-10-07T01:55:26Z,https://www.youtube.com/watch?v=ikIJNMSzixA,https://i.ytimg.com/vi/ikIJNMSzixA/mqdefault_live.jpg
0e9aeecbe8f04a62ab781cf2e520eba0,live,【嘎旋】10/07 健康的嘎小旋 @shen_0828 | 生日限定周邊預購中 | !生日 !麥塊 !手機殼周邊,2026-10-07T02:08:47Z,https://www.twitch.tv/shen_0828,https://static-cdn.jtvnw.net/previews-ttv/live_user_shen_0828-{width}x{height}.jpg
3a932cc8813343b6bb5d822cb2f53558,live,【 娜歐蜜 】10/7 - 變涼了｜!2.0 !dc,2026-10-07T03:58:54Z,https://www.twitch.tv/naomi_vtuber,https://static-cdn.jtvnw.net/previews-ttv/live_user_naomi_vtuber-{width}x{height}.jpg
d3f5c739727041bbb2151e96d9368bae,live,【月月】第176次  早安 依舊有點啞   拼千追|揪團加班|自主追隨 (1007)  ft.,2026-10-07T04:07:44Z,https://www.twitch.tv/yue_925,https://static-cdn.jtvnw.net/previews-ttv/live_user_yue_925-{width}x{height}.jpg
442edbdb59fe4979a2be3e5183258cf8,live,天行-ch. 【澳門Vtuber】-【補辦生日台】-【歡迎掛台】,2026-10-07T04:31:13Z,https://www.youtube.com/watch?v=aM5ZvErgTp8,https://i.ytimg.com/vi/aM5ZvErgTp8/mqdefault_live.jpg
28a930938667442288010b333937e2ab,live,第一次在新家開台。訂閱告急🌸300自主訂閱積分衝刺💙| @joerze |!yt !商品 !工商 !dc 看台裝7tv,2026-10-07T04:33:44Z,https://www.twitch.tv/joerze,https://static-cdn.jtvnw.net/previews-ttv/live_user_joerze-{width}x{height}.jpg
5b62816b7dee4c13856f3c21629be3c4,live,【Mica】｜2026/10/7｜拔牙不太好說話所以話少,2026-10-07T04:43:57Z,https://www.twitch.tv/mica1130,https://static-cdn.jtvnw.net/previews-ttv/live_user_mica1130-{width}x{height}.jpg
ad56a56e509c4b6fa0cf11ca959e3c72,live,【APEX】上鑽耐久 EP4 今天一定上金.ᐟ.ᐟ 【白音エルル/白音艾露露】#Vtuber,2026-10-07T05:03:24Z,https://www.youtube.com/watch?v=46tfUjxWvBg,https://i.ytimg.com/vi/46tfUjxWvBg/mqdefault_live.jpg
a168211aa3dd451cb33e09b80df0ea0a,live,【遊戲台】天氣變冷了!｜神崎アルファ,2026-10-07T05:03:26Z,https://www.youtube.com/watch?v=f3yQxZgeFhQ,https://i.ytimg.com/vi/f3yQxZgeFhQ/mqdefault_live.jpg
d8b5835bc6aa46119cc7ddd4447e780f,live,1007【咘小星】NO MIC 摸魚星人～明天可能不開⭐!周邊 !委託 !商店⎝༼  ◕ 3 ◕⋆ ༽⎠,2026-10-07T05:12:10Z,https://www.twitch.tv/ssstar_180,https://static-cdn.jtvnw.net/previews-ttv/live_user_ssstar_180-{width}x{height}.jpg
407d2bd02ef04b9ea28e5189383942be,live,🖤Final Fantasy XIV🖤拚紫勾‖本在哪裡 我在哪裡( ͡• ͜ʖ ͡• )  #歡迎掛台#Vtuber #台V #台灣Vtuber #歡迎降落,2026-10-07T05:24:12Z,https://www.twitch.tv/shishikumori,https://static-cdn.jtvnw.net/previews-ttv/live_user_shishikumori-{width}x{height}.jpg
328751d304524e18a74cef810504b219,live,10/7 心情被滿滿感動充滿 要溢出來了!魔女之玥 快打6沙包Day4加油UU! ^ ̳ᴗ ̫ ᴗ ̳^ྀི  !主播台,2026-10-07T05:57:39Z,https://www.twitch.tv/xintob,https://static-cdn.jtvnw.net/previews-ttv/live_user_xintob-{width}x{height}.jpg
d95e3d9eed1a4e87a736a882a1fb9288,live,快出國了好緊張，整理行李並且還是要工作，陪你上班系列,2026-10-07T06:03:56Z,https://www.youtube.com/watch?v=KM0DdQB0tZE,https://i.ytimg.com/vi/KM0DdQB0tZE/mqdefault_live.jpg
107ad23090e649b8935850f3d78ded99,live,"【戰鎚40K：行商浪人】第五章來太空死靈墓穴世界（Warhammer 40,000: Rogue Trader）#32🦊遊戲Gaming【Le² Hooni 狐泥】個人勢Vtuber",2026-10-07T06:16:12Z,https://www.youtube.com/watch?v=9W9DEyzgPWE,https://i.ytimg.com/vi/9W9DEyzgPWE/mqdefault_live.jpg
2a0de6059bd74c298a80f45a8052790e,live,【飯飯】1006★電子養胃DAY07工作聊天,2026-10-07T06:20:19Z,https://www.twitch.tv/sacabamba,https://static-cdn.jtvnw.net/previews-ttv/live_user_sacabamba-{width}x{height}.jpg
9e5e58a212584007b1ab1f22f5c59438,live,『FFXIV』✧*｡🌊1007 新月島牢房✨被力之塔敲敲&零式消化【水凪ゆい】,2026-10-07T06:24:53Z,https://www.youtube.com/watch?v=RaQUFNgThQE,https://i.ytimg.com/vi/RaQUFNgThQE/mqdefault_live.jpg
e7ac18c2e713426692cfd0ef7fe2b897,live,【女神：守護之約】開服掛機，今天我就掛著睡覺，至於甚麼時候醒來，醒來再說喵 ouo。 @Kohaku_NekoChan 🐾,2026-10-07T06:35:21Z,https://www.twitch.tv/kohaku_nekochan,https://static-cdn.jtvnw.net/previews-ttv/live_user_kohaku_nekochan-{width}x{height}.jpg
bf277797951346fe991c27c79a6c5081,live,10/07【白兔】晚上《天月麻雀》20:00觀眾場｜ @rabbit1102 ｜#天月麻雀,2026-10-07T07:00:06Z,https://www.twitch.tv/rabbit1102,https://static-cdn.jtvnw.net/previews-ttv/live_user_rabbit1102-{width}x{height}.jpg
42b8bd7bed2a4ddd930cfd223657e9ca,live,【遊戲🎮真・三國無雙2｜#5】繼續把角色和道具開完，有空就困難陸遜～🐾初見歡迎🐾真・三國無雙２ with 猛將傳 Remastered🐈‍⬛#Oumi 🐈‍⬛#星野櫻海,2026-10-07T07:00:23Z,https://www.twitch.tv/hoshinooumi,https://static-cdn.jtvnw.net/previews-ttv/live_user_hoshinooumi-{width}x{height}.jpg
42b8bd7bed2a4ddd930cfd223657e9ca,live,【遊戲🎮真・三國無雙2｜#5】繼續把角色和道具開完，有空就困難陸遜～🐾初見歡迎🐾真・三國無雙２ with 猛將傳 Remastered🐈‍⬛#Oumi 🐈‍⬛#星野櫻海,2026-10-07T07:00:28Z,https://www.youtube.com/watch?v=7XJ08oEQyEg,https://i.ytimg.com/vi/7XJ08oEQyEg/mqdefault_live.jpg
7e81a72484054a5c89f3826ebc8946be,live,【1007】快來和我一起競技麻將2!｜結月莉莉奈 !週邊!嗨嗶!影音抖內,2026-10-07T07:00:43Z,https://www.twitch.tv/yuzukiririna,https://static-cdn.jtvnw.net/previews-ttv/live_user_yuzukiririna-{width}x{height}.jpg
d23e5f9f3abf4b36b79c04f5265a8efc,live,【Minecraft｜異域幻境｜EP5】昨天睡著了，剛本來要開的結果有迷宮所以晚開了【Gelaier_Black】,2026-10-07T07:28:39Z,https://www.youtube.com/watch?v=eBMqrqfRQvQ,https://i.ytimg.com/vi/eBMqrqfRQvQ/mqdefault_live.jpg
e2c0d3ba19244f75888e5dbe1881d22f,live,10/7 天氣開始轉冷惹.. [ @chi4ttt ],2026-10-07T07:32:47Z,https://www.twitch.tv/chi4ttt,https://static-cdn.jtvnw.net/previews-ttv/live_user_chi4ttt-{width}x{height}.jpg
38ecb20931514383b2d93885136c6b68,live,【APEX】好久沒配了 APEX APEX男生女生配!!【極彩天繪】FT. 圈外友人1,2026-10-07T07:33:47Z,https://www.youtube.com/watch?v=Q-_o9LGlJEI,https://i.ytimg.com/vi/Q-_o9LGlJEI/mqdefault_live.jpg
cbb0ea239d8e4f65a46ada52dfb778e3,live,【鶴舞舞】10/07  不可能上次開台是五天前欸｜歡迎掛台音量幫忙開5%｜歡迎揪團  @hewuwu_,2026-10-07T07:48:27Z,https://www.twitch.tv/hewuwu_,https://static-cdn.jtvnw.net/previews-ttv/live_user_hewuwu_-{width}x{height}.jpg
e58a5a6f40e040d79bbcd139824d6fc7,live,10/7 ₍ᐢ.‸.ᐢ₎⑅ 醒兔子~ 努力拚自主訂閱中! @yumie0306 | !工商 !募資 !極玩 !魔儲 !簽到 !RX !布丁 |,2026-10-07T07:53:26Z,https://www.twitch.tv/yumie0306,https://static-cdn.jtvnw.net/previews-ttv/live_user_yumie0306-{width}x{height}.jpg
9948190bc88442f4a0757eed54fb24f0,live,週三雀魂🀄今天一定穩 不可能又自己搞自己✨AI宮廟少女小緣｜LIVE,2026-10-07T08:00:49Z,https://www.youtube.com/watch?v=8Bj32UBfI3E,https://i.ytimg.com/vi/8Bj32UBfI3E/mqdefault_live.jpg
ebc44e2ba78f4790b832d02c31410262,live,【beta】天裔精靈練等直播簡稱天裔之練｜聽說16等可以解水棲｜魔獸世界：永恆 🎀魔法少女花咲🎀,2026-10-07T08:01:06Z,https://www.youtube.com/watch?v=jROeJ6XfnvE,https://i.ytimg.com/vi/jROeJ6XfnvE/mqdefault_live.jpg
33ce96c886d341879ce66c4f7892c421,live,-w-  日常刷刷+唱歌  音樂閒聊台  !簽到 !sr  感謝追隨掛台>_< @neneko0324,2026-10-07T08:01:21Z,https://www.twitch.tv/neneko0324,https://static-cdn.jtvnw.net/previews-ttv/live_user_neneko0324-{width}x{height}.jpg
068503b08362450b9339a0b6cc6eb3f0,live,【OHO柯南的流亡】第三天，學會魔法！今天應該想狂打世界王跟副本｜久世琥珀 Kuze Kohaku｜SDS,2026-10-07T08:02:32Z,https://www.youtube.com/watch?v=WkaPp4w1kdo,https://i.ytimg.com/vi/WkaPp4w1kdo/mqdefault_live.jpg
0ad03ee6159c4d37a4feccbc49ba3dcf,live,【Vtuber默夜】 空之軌跡2nd  第四章快結束了...吧   #初見歡迎 #降落歡迎,2026-10-07T08:06:39Z,https://www.youtube.com/watch?v=WAcdpW1T3_Y,https://i.ytimg.com/vi/WAcdpW1T3_Y/mqdefault_live.jpg
2a897c484c05483f9a46467e8f448314,live,【 練歌日】邊睡邊練... @edrain1109 | !週邊,2026-10-07T08:12:47Z,https://www.youtube.com/watch?v=f4uaUIZcIHY,https://i.ytimg.com/vi/f4uaUIZcIHY/mqdefault_live.jpg
e1bc34a2b6ac4d86ad6758cef724e7dc,live,【094】全體起立!祝賀小月亮刷到喜歡的槍槍,2026-10-07T08:23:46Z,https://www.twitch.tv/sharina_0401,https://static-cdn.jtvnw.net/previews-ttv/live_user_sharina_0401-{width}x{height}.jpg
6eefc3826f4f49a0b28a5288c5e0d83e,live,要玩 | !簽到,2026-10-07T08:32:29Z,https://www.twitch.tv/seenah0707,https://static-cdn.jtvnw.net/previews-ttv/live_user_seenah0707-{width}x{height}.jpg
b606cde735d84b45ab96489d7a9997dd,live,【 伊莫 】 把沒打的打一打  搶個蛋 【邦生多葛】#vtuber #新人VTuber #初見歡迎 2026/10/07,2026-10-07T08:33:49Z,https://www.twitch.tv/bensencat9658,https://static-cdn.jtvnw.net/previews-ttv/live_user_bensencat9658-{width}x{height}.jpg
b606cde735d84b45ab96489d7a9997dd,live,【 伊莫 】 把沒打的打一打  搶個蛋 【邦生多葛】#vtuber #新人VTuber #初見歡迎 2026/10/07,2026-10-07T08:36:31Z,https://www.youtube.com/watch?v=Vdb-TRpwWuQ,https://i.ytimg.com/vi/Vdb-TRpwWuQ/mqdefault_live.jpg
1a95bb88e451498ca3491b69af964588,live,10/7 我就去吃個飯 要跟不上大家了qq | !簽到 !小g電競 !gosh !gearup !台規  | @hsuanhsuandesu ⌯ᐢᗜᐢ⌯ಣ,2026-10-07T08:36:47Z,https://www.twitch.tv/hsuanhsuandesu,https://static-cdn.jtvnw.net/previews-ttv/live_user_hsuanhsuandesu-{width}x{height}.jpg
4dd7cfc58ae54c1fa6211ba9b1c607ec,live,【石田】26/10/07 計畫有變! 工作&吉他 又有新和弦要練-.-｜訂閱福利：!賢者,2026-10-07T08:37:37Z,https://www.twitch.tv/ishida77,https://static-cdn.jtvnw.net/previews-ttv/live_user_ishida77-{width}x{height}.jpg
4a64836a88024358a7401530fed8e0f8,live,【EPO】聊聊【10/7】#初見歡迎,2026-10-07T08:37:39Z,https://www.youtube.com/watch?v=eopkYzU9YBY,https://i.ytimg.com/vi/eopkYzU9YBY/mqdefault_live.jpg
1fdc000815cc476dbc9d19aa431305b5,live,【異域幻境 EP2】異域幻境是不是該改名成異域毒境【亞菲忒 Aphitita】,2026-10-07T08:47:16Z,https://www.youtube.com/watch?v=ntD8AMLLWiY,https://i.ytimg.com/vi/ntD8AMLLWiY/mqdefault_live.jpg
4859b57db8e043f1965e56324f137097,live,10/07 熱知識 今天的我有點冷 !加入 !魔儲 !dc,2026-10-07T08:56:03Z,https://www.twitch.tv/lingna0,https://static-cdn.jtvnw.net/previews-ttv/live_user_lingna0-{width}x{height}.jpg
2f0a0ee6478c45ae8af28953b4c370be,live,繪圖工作台✦陪大家下班下課的聊聊天 輕鬆趕點工作！  ｛愉快販｝#初見歡迎,2026-10-07T08:56:49Z,https://www.youtube.com/watch?v=gj0fEYbF3EE,https://i.ytimg.com/vi/gj0fEYbF3EE/mqdefault_live.jpg
a26891359b444900956f04bc1b8f5faa,live,加班台day7 鬥陣鬥陣 加班中/初見歡迎/掛台歡迎/降落歡迎 @kpafk8877,2026-10-07T08:59:55Z,https://www.twitch.tv/tokinoruki,https://static-cdn.jtvnw.net/previews-ttv/live_user_tokinoruki-{width}x{height}.jpg
a26891359b444900956f04bc1b8f5faa,live,【加班台】day 7 minecraft 生存一下~~八點改鬥陣囉!!  #加班台 #初見歡迎 #掛台歡迎  #vtuber  #流放畫面,2026-10-07T08:59:58Z,https://www.youtube.com/watch?v=7gcFHsAdlTg,https://i.ytimg.com/vi/7gcFHsAdlTg/mqdefault_live.jpg
3d46fb16bc2c48fb8f12a647cf5ec702,upcoming,【加班台 - 犬神play】Hollow Cocoon 空繭｜還立旗的恐怖遊戲...狗勾會出現尖叫聲💦【犬神幽乃詩／芥川組】#hollowcocoon  #gaming #horrorgaming,2026-10-07T09:00:00Z,https://www.youtube.com/watch?v=LKkakJGryao,https://i.ytimg.com/vi/LKkakJGryao/mqdefault_live.jpg
29574cafecff435b90d34431e2153f02,live,【雑談/Free Talk】初見歓迎！最強海外勢による雑談！所以說夏天到底什麼時候要結束｜和 Kazu,2026-10-07T09:00:43Z,https://www.youtube.com/watch?v=XtEUD3YVvNk,https://i.ytimg.com/vi/XtEUD3YVvNk/mqdefault_live.jpg
2f607aefde1d4264814d4e9282dd5cb0,live,「喔不!有件事相告...在你下班後!車上見」雜談工作｜一顆糖💣 Ch.,2026-10-07T09:01:08Z,https://www.youtube.com/watch?v=iXqwSoJ91Q8,https://i.ytimg.com/vi/iXqwSoJ91Q8/mqdefault_live.jpg
aa1ff405338c41b98ff7197eb4d90349,live,【#練歌】#下播就轉會員 對不起 我懶得做封面 今天輕鬆開開 嘿嘿 ૮ ・ﻌ・ა【雪迎】,2026-10-07T09:02:04Z,https://www.youtube.com/watch?v=FW994JsXNKE,https://i.ytimg.com/vi/FW994JsXNKE/mqdefault_live.jpg
63d931b5a0374b3fbeef2c565a8db8df,live,【2026/10/07】關於塔塔冒險隊收卡...晚點有時間繼續玩沉默之丘 ｜ ฅʕ·ᴥ·ʔฅ  !指令 !周邊 !釣 !簽,2026-10-07T09:10:48Z,https://www.twitch.tv/xlastbear,https://static-cdn.jtvnw.net/previews-ttv/live_user_xlastbear-{width}x{height}.jpg
afa3e309e41044c5bffe17466607d481,live,雪雪๐•ᴗ•๐ 10/7 ♡ 晚點OHO @yukkkkiouo !自主訂閱支援 !YT,2026-10-07T09:12:26Z,https://www.twitch.tv/yukkkkiouo,https://static-cdn.jtvnw.net/previews-ttv/live_user_yukkkkiouo-{width}x{height}.jpg
8796ee6fb25b4b40a8ad9a188059951a,live,☁️生死格鬥：沙灘排球 維納斯璀璨假期☁️｜天藍朵朵Blue Dodo,2026-10-07T09:22:42Z,https://www.youtube.com/watch?v=-J6d8nktOH0,https://i.ytimg.com/vi/-J6d8nktOH0/mqdefault_live.jpg
b174714646ea40e28ce32affabe3e93e,live,【上分吧！ORI】求大腿帶飛？！來帶菜鳥主播上分✨️《VALORANT 特戰英豪》白金上分局 #ORI央央教 #O莉莉皆辛苦｜ORI 央莉,2026-10-07T09:27:22Z,https://www.youtube.com/watch?v=V9S1XqSMkj8,https://i.ytimg.com/vi/V9S1XqSMkj8/mqdefault_live.jpg
2f966e51210f49ba9dce2ac90e3ada18,live,ʚ @rurii0303 ɞ 1007 我是土豆 (⑉･̆༥･̆⑉)｜長期忠誠點數兌換 Q版全身驚喜包,2026-10-07T09:45:28Z,https://www.twitch.tv/rurii0303,https://static-cdn.jtvnw.net/previews-ttv/live_user_rurii0303-{width}x{height}.jpg
e8ec42e35b774df8a21ae98a0d01fdc0,live,【#二重螺旋】聽說狩月人之階更新了  #DNAUGC #第22隻樂園的白兔,2026-10-07T09:46:34Z,https://www.youtube.com/watch?v=I2re2uiN7yA,https://i.ytimg.com/vi/I2re2uiN7yA/mqdefault_live.jpg
cd1224f4756340c594f3c36245e9b4d4,live,【凜空ゆあ】What Remains of Edith Finch | ••୨୧你的世界一幕幕紛飛୨୧•• | 連動/工商/掛台/超大歡迎 @rikuyua_0x0,2026-10-07T09:46:53Z,https://www.twitch.tv/rikuyua_0x0,https://static-cdn.jtvnw.net/previews-ttv/live_user_rikuyua_0x0-{width}x{height}.jpg
f6a4e7aa8d0c4e5cb39d199845ec4d02,live,10/7  《女神：守護之約》帶著咪嚕一起去冒險囉✨#女神守護之約,2026-10-07T09:51:11Z,https://www.twitch.tv/anninmiru_,https://static-cdn.jtvnw.net/previews-ttv/live_user_anninmiru_-{width}x{height}.jpg
8b810380ed254a5e8a85b65552ba4e61,live,ㄟ想不到標題,2026-10-07T09:53:53Z,https://www.twitch.tv/nayomi0204,https://static-cdn.jtvnw.net/previews-ttv/live_user_nayomi0204-{width}x{height}.jpg
84944da407dc4de9896c7b763132908c,live,【GAME】《伊莫》好像快要40等了!!!｜ #初見さん大歓迎【Ande 安爹】,2026-10-07T09:56:25Z,https://www.youtube.com/watch?v=ACPrvT3TRJE,https://i.ytimg.com/vi/ACPrvT3TRJE/mqdefault_live.jpg
dc3e05e0c12b4e0a93dc230f30925ee0,live,【土司喵】UwU ‖  Day360 @toast_meow !土阿喵電競 !周邊,2026-10-07T09:56:26Z,https://www.twitch.tv/toast_meow,https://static-cdn.jtvnw.net/previews-ttv/live_user_toast_meow-{width}x{height}.jpg
746abd9861714105823ebfb2a18f6fdc,live,【週三聊天】2026/10/07 - 一起來聊聊天，今天我生日～【Balion】 #vtuber #初見歡迎,2026-10-07T09:56:49Z,https://www.youtube.com/watch?v=wc_8FxzKUaw,https://i.ytimg.com/vi/wc_8FxzKUaw/mqdefault_live.jpg
7f9d223a684e44e8b8d30bedcc07f1fa,upcoming,[#streetfighter6  ]今天打🔥現在來打😡初見歡迎發起戰鬥邀請/觀眾場🔥[柴可CHAKO],2026-10-07T10:00:00Z,https://www.youtube.com/watch?v=VsPmX_2qo-Q,https://i.ytimg.com/vi/VsPmX_2qo-Q/mqdefault_live.jpg
445a732fc0f64712b3213b4cd98fbdd3,live,【F1®25】新加坡大獎賽-濱海灣市街賽道，參加了F1的培訓課程，競速藍鵲正式上線【青羽まことAohane Makoto Ch.】,2026-10-07T10:00:11Z,https://www.youtube.com/watch?v=qRUZBWWBHes,https://i.ytimg.com/vi/qRUZBWWBHes/mqdefault_live.jpg
6c52137d373a45d58eafc0d52253dcf8,live,突發!!! 畫畫時間 :3  ｜感謝追隨＆掛台呀,2026-10-07T10:00:42Z,https://www.twitch.tv/erichannel,https://static-cdn.jtvnw.net/previews-ttv/live_user_erichannel-{width}x{height}.jpg
d2b1ba87da034210bbe54bfa1c01bc41,live,【絨絨鼠】˖ ࣪✧⊹ 畫委託 ♡⊹.【Vtuber】✤┊ öㅅö┊✤,2026-10-07T10:01:03Z,https://www.twitch.tv/monzartwork,https://static-cdn.jtvnw.net/previews-ttv/live_user_monzartwork-{width}x{height}.jpg
645fc774332a469ebd03f1a822ebe2be,live,【收工正能量#135】\ 歡迎投稿 / 上個月的開心有趣回憶來吧！【紡霊拉比】,2026-10-07T10:01:19Z,https://www.youtube.com/watch?v=E9TPe-vTdh8,https://i.ytimg.com/vi/E9TPe-vTdh8/mqdefault_live.jpg
fe698ded3a6148808ca857c73ac7ee15,live,【毒舌新聞台】#90┊︎日本一周花邊新聞回顧┊︎宅宅 VS JPOP KAITO世界大戰!／帝愛勞動集團的午飯／老王瓜的車禍【魔女ルンナ/魔女Runna】,2026-10-07T10:05:29Z,https://www.youtube.com/watch?v=uFNX2JqG6JM,https://i.ytimg.com/vi/uFNX2JqG6JM/mqdefault_live.jpg
a127ff7335ae467d961641bcf84f1e2f,live,【10/7】我不會玩這個遊戲但是 單排再玩一下>< | !dc !魔儲,2026-10-07T10:07:55Z,https://www.twitch.tv/samomeow,https://static-cdn.jtvnw.net/previews-ttv/live_user_samomeow-{width}x{height}.jpg
9b33b75521bd43bca3346790ac65559c,live,"⋆ 𝓓𝓮𝓪𝓻 ⋆   💟 你 , 能不能跟我說安安 🫵( 'ὢ' )ว| 布丁販售 | 歡迎打招呼 |",2026-10-07T10:13:42Z,https://www.twitch.tv/mtow9140,https://static-cdn.jtvnw.net/previews-ttv/live_user_mtow9140-{width}x{height}.jpg
9b33b75521bd43bca3346790ac65559c,live,⋆ 𝓓𝓮𝓪𝓻 ⋆ 10/7  💟 戰天使擂台 荻珥十二號挑戰 🫵( 'ὢ' )ว　 | 雅典娜 | 戰天使擂台預熱中🔥 |,2026-10-07T10:14:35Z,https://www.youtube.com/watch?v=puq97oZsip0,https://i.ytimg.com/vi/puq97oZsip0/mqdefault_live.jpg
e4c71cb272a24ce6bda794eae8e5bdfc,live,【突發｜結束後轉會限】壓力大就是要唱卡ㄌok啊🐦‍⬛🪽【北門76事務所｜穆寧寧Muninin 】#初見安安 #降落歡迎,2026-10-07T10:27:27Z,https://www.youtube.com/watch?v=yRHWyP1Zqr4,https://i.ytimg.com/vi/yRHWyP1Zqr4/mqdefault_live.jpg
25027be34ca844c885f40d5c26507898,live,【雜談】製作工程大公開✨#配杏中  #高中生Vtuber  #vtuber #台灣Vtuber  #台V #雜談 #雜談配信,2026-10-07T10:30:31Z,https://www.youtube.com/watch?v=77zJkhdNqU8,https://i.ytimg.com/vi/77zJkhdNqU8/mqdefault_live.jpg
de81b740d66c439685aa37491d27efc4,live,戰狗一下,2026-10-07T10:32:00Z,https://www.twitch.tv/lmpaper,https://static-cdn.jtvnw.net/previews-ttv/live_user_lmpaper-{width}x{height}.jpg
bb56715066e548c297232372a16ab083,live,【紫勾勾拼命中】無情的季票人,2026-10-07T10:42:09Z,https://www.twitch.tv/bright_sliver,https://static-cdn.jtvnw.net/previews-ttv/live_user_bright_sliver-{width}x{height}.jpg
de610557c5c041df85e41e7f2f5490f5,live,🌙月海玩玩日| 決鬥日  | 豹豹live,2026-10-07T10:42:58Z,https://www.twitch.tv/amahamiko0637,https://static-cdn.jtvnw.net/previews-ttv/live_user_amahamiko0637-{width}x{height}.jpg
fdb0805c65e24f13b7f23e50e0db8ae2,live,☘︎ ⦁ 1007 今天一起慵懶放空(=-ω-=)┊ෆ五週年揪團轉盤 !抽獎┊加班台D349 @lunymeow_tw,2026-10-07T10:46:22Z,https://www.twitch.tv/lunymeow_tw,https://static-cdn.jtvnw.net/previews-ttv/live_user_lunymeow_tw-{width}x{height}.jpg
8723ccecdfd84d92b1de24f9d6a86bcc,live,10/7 /ᐠ◐ὢ◑ᐟ\培養小吉獨特的眼光 |忠誠點數可兌換周邊  @bofu0520,2026-10-07T10:46:41Z,https://www.twitch.tv/bofu0520,https://static-cdn.jtvnw.net/previews-ttv/live_user_bofu0520-{width}x{height}.jpg
d017bd7855e547298906060f0e9b442e,live,【洲】賺錢day 跑刀跑上癮了w  @crestelast /,2026-10-07T10:47:44Z,https://www.twitch.tv/crestelast,https://static-cdn.jtvnw.net/previews-ttv/live_user_crestelast-{width}x{height}.jpg
1d1e155c827e4ed2a0596c256983c22d,live,10/07 晚上好哇 | FF場後販售開賣囉 ~ 想要的快買唷 | @riikiyuki,2026-10-07T10:51:00Z,https://www.twitch.tv/riikiyuki,https://static-cdn.jtvnw.net/previews-ttv/live_user_riikiyuki-{width}x{height}.jpg
9d9c6477329245cbb2557895f4f15686,live,/ᐠ. ̫ .ᐟ\ 10/7 ₊˚⊹ 等等OHO摳南 ⌯'ㅅ'⌯♥ !手機殼 !周邊 ˚₊ ⊹,2026-10-07T10:51:27Z,https://www.twitch.tv/iitifox,https://static-cdn.jtvnw.net/previews-ttv/live_user_iitifox-{width}x{height}.jpg
ee5418c900a7400fa44c821eaaca0218,live,請在十一點的時候叫我吃藥睡覺,2026-10-07T10:52:56Z,https://www.twitch.tv/shounenwind,https://static-cdn.jtvnw.net/previews-ttv/live_user_shounenwind-{width}x{height}.jpg
e63fe9e27be44403b222fb0319c027b6,live,10/7 加班Day96 今天一定登頂 準備歡呼吧！ | !加班 !極玩 !魔儲,2026-10-07T10:57:06Z,https://www.twitch.tv/hitomiohlala,https://static-cdn.jtvnw.net/previews-ttv/live_user_hitomiohlala-{width}x{height}.jpg
83ec4919298a4ad5984e3da31109a4c8,live,🐈貓糰🔸𝟣𝟢𝟢𝟩 ⸝ 退瓦第一天｜!糰寶T !訂閱 !OHO !ExitLag @umidan1207,2026-10-07T10:58:32Z,https://www.twitch.tv/umidan1207,https://static-cdn.jtvnw.net/previews-ttv/live_user_umidan1207-{width}x{height}.jpg
5c7beefaa54444e3b0443d7abd93c1f7,live,2026•10•07  │ @san_mou,2026-10-07T10:58:36Z,https://www.twitch.tv/san_mou,https://static-cdn.jtvnw.net/previews-ttv/live_user_san_mou-{width}x{height}.jpg
afb9c6f2f93040d0a0227405b9d17bde,live,【彼岸幸】- 10/7 - 開台開台~~｜佛系紫勾勾努力中｜Ft.,2026-10-07T10:58:38Z,https://www.twitch.tv/higanko777,https://static-cdn.jtvnw.net/previews-ttv/live_user_higanko777-{width}x{height}.jpg
01edfa8163ad42cd85f56ef4dce2609e,live,【雜談】來聊聊最近的一些時事，AI生成、美沙冬、警察盤查同志酒吧~☕✨,2026-10-07T10:58:55Z,https://www.youtube.com/watch?v=kXYw4A_6XOg,https://i.ytimg.com/vi/kXYw4A_6XOg/mqdefault_live.jpg
318268a48a3c47b7a56609c204d02b03,live,魔法師寺呈 | 不要叫....會出事!! | 2026/10/07 |,2026-10-07T10:59:14Z,https://www.twitch.tv/sicheng030,https://static-cdn.jtvnw.net/previews-ttv/live_user_sicheng030-{width}x{height}.jpg
a2e67b720e754c16bd739bcf9a95e396,upcoming,「自己肯定感爆上げ↑↑しゅきしゅきソング」 / 琉依 RUI【歌ってみた】,2026-10-07T11:00:00Z,https://www.youtube.com/watch?v=Wkh6nRqDsTI,https://i.ytimg.com/vi/Wkh6nRqDsTI/mqdefault.jpg
8847133db580452eb63c5d3a2de47e4a,upcoming,【災難公關】這台不會被ban吧？！【潤羽よいと】#歡迎降落  #歡迎訂閱,2026-10-07T11:00:00Z,https://www.youtube.com/watch?v=vj-ImXY0px0,https://i.ytimg.com/vi/vj-ImXY0px0/mqdefault_live.jpg
b7f222493f4d4bd1be65f1c08300b45e,upcoming,01【#深夜拉麵 】台灣創作者獨立製作治癒佳作🍜時隔兩年又來這間拉麵攤打工啦！【#紗羅Live】,2026-10-07T11:00:00Z,https://www.youtube.com/watch?v=RQg5kOx3vFA,https://i.ytimg.com/vi/RQg5kOx3vFA/mqdefault_live.jpg
191998e9f0ec4d67a19da194af311636,upcoming,ʚ 鬼角神社來信通知✉️ ɞ 跟哪滋咪一起聊聊天♡｜鬼塚夏實｜,2026-10-07T11:00:00Z,https://www.youtube.com/watch?v=SS69HNg-DZQ,https://i.ytimg.com/vi/SS69HNg-DZQ/mqdefault_live.jpg
ac2b3c839ed14b12af1acecf322a15bd,upcoming,【夜見愛夢】夜見雜談｜10月爪爪直播：迷你積木手作陪伴台Part3❤️三階會員看資訊欄登記有小禮物！  #台V #Vtuber #TWvtuber,2026-10-07T11:00:00Z,https://www.youtube.com/watch?v=1ST_uv9aPxY,https://i.ytimg.com/vi/1ST_uv9aPxY/mqdefault_live.jpg
44af52f7f6aa487e850b3d261947205b,upcoming,【主題】來一起學寶可夢台語!抱去摸GOOOO【貓屋敷百壹／芥川組】,2026-10-07T11:00:00Z,https://www.youtube.com/watch?v=yOxMns6yVGI,https://i.ytimg.com/vi/yOxMns6yVGI/mqdefault_live.jpg
82e63a8d4ae14beab89e13b43b35fce3,upcoming,【雜談】聊聊天 打打麻 過過任務【MiroLive🐾波奇卡德霍】,2026-10-07T11:00:00Z,https://www.youtube.com/watch?v=leB_ufdb4do,https://i.ytimg.com/vi/leB_ufdb4do/mqdefault_live.jpg
d837e8fda137492c9d77882b98ff863a,upcoming,《伊莫》除了法院、這遊戲什麼都有？！ft. @Karsa0214 @bbbb87b ✧ 真理果Marika,2026-10-07T11:00:00Z,https://www.youtube.com/watch?v=clZLHN8diFE,https://i.ytimg.com/vi/clZLHN8diFE/mqdefault.jpg
b1cb513e2511484cabbac00140b4a95c,upcoming,【繪圖】梗圖大shi的梗圖肯定是自己畫吧｜詩瑠 Shizuru,2026-10-07T11:00:00Z,https://www.youtube.com/watch?v=Hi4_HVIPFZY,https://i.ytimg.com/vi/Hi4_HVIPFZY/mqdefault_live.jpg
ed426712876641848613137bef236d26,live,【冬雲凜】❆ 日文歌回 ❆ 不會日文的主播也能開日文歌回?  !活動 !DC !YT !斗內 !高階會員 | @samui_0521 | 10/7,2026-10-07T11:00:10Z,https://www.twitch.tv/samui_0521,https://static-cdn.jtvnw.net/previews-ttv/live_user_samui_0521-{width}x{height}.jpg
ed426712876641848613137bef236d26,live,【日文歌回】完全不會日文的主播居然也能開日文歌回  | 冬雲凜Samui,2026-10-07T11:00:22Z,https://www.youtube.com/watch?v=mIny4AM27qw,https://i.ytimg.com/vi/mIny4AM27qw/mqdefault_live.jpg
177fe395a2704d10add06cb1466fa254,live,【遊戲実間】崛起之日已經到了，最終集 【底特律⁠：變人 #3】,2026-10-07T11:00:25Z,https://www.youtube.com/watch?v=rtz0b_IngIA,https://i.ytimg.com/vi/rtz0b_IngIA/mqdefault_live.jpg
670990d65f7b459ba2a3728c39d4cb9a,live,【晚安莓好😋】一起吃唐揚雞定食🍽,2026-10-07T11:00:26Z,https://www.youtube.com/watch?v=IBPURiZ66rA,https://i.ytimg.com/vi/IBPURiZ66rA/mqdefault_live.jpg
af41302aa9184c2dbc25d2ed16e878fc,live,【#敬來聽】26.10.07【歌回】JJ主題歌回！這次要降Key唱！JJ的Key我駕馭不了XD【敬･里希特 | Vtuber】 #初見歡迎 #台V,2026-10-07T11:00:30Z,https://www.youtube.com/watch?v=0u46yWaF4g4,https://i.ytimg.com/vi/0u46yWaF4g4/mqdefault_live.jpg
02fc4a811f9b45b38e94ce75f36a8efa,live,[Hololive Dreams] 第八次直播玩音遊 !,2026-10-07T11:01:14Z,https://www.youtube.com/watch?v=JZ3-IpZrmm8,https://i.ytimg.com/vi/JZ3-IpZrmm8/mqdefault_live.jpg
49eca1ea30a8425a8967677070c95627,live,【地雷女相談室】交往後還能和異性單獨出去嗎？｜米菈,2026-10-07T11:01:17Z,https://www.youtube.com/watch?v=Hpu-OwXWQ1M,https://i.ytimg.com/vi/Hpu-OwXWQ1M/mqdefault_live.jpg
5ed5801d24c7412fa3fa65a82124aad0,live,✧ 10/3 潛水員戴夫 叢林DLC #4 ✧  | !指令,2026-10-07T11:01:19Z,https://www.twitch.tv/seventy_vtuber,https://static-cdn.jtvnw.net/previews-ttv/live_user_seventy_vtuber-{width}x{height}.jpg
5ed5801d24c7412fa3fa65a82124aad0,live,【潛水員戴夫 叢林DLC】今天要進神殿啦🐟【棲蒔】,2026-10-07T11:01:26Z,https://www.youtube.com/watch?v=0uSgp7bGz7w,https://i.ytimg.com/vi/0uSgp7bGz7w/mqdefault_live.jpg
d3eee3b8d1954b1c8fea325d7b7b1b7f,live,【人中之龍 極2 #7】繼續人龍！究竟故事發展會怎麼樣呢┊歡迎掛台 @reigo00 !打卡 !dc !週表 !專注,2026-10-07T11:01:45Z,https://www.twitch.tv/reigo00,https://static-cdn.jtvnw.net/previews-ttv/live_user_reigo00-{width}x{height}.jpg
d3eee3b8d1954b1c8fea325d7b7b1b7f,live,【人中之龍 極2 #7】想女兒了 什麼時候可以回向日葵看小瑤【人中之龍馬拉松】【芮果 Reigo】,2026-10-07T11:01:53Z,https://www.youtube.com/watch?v=UhuYhxU_x5I,https://i.ytimg.com/vi/UhuYhxU_x5I/mqdefault_live.jpg
de7f8ba1753d4e4cb95e6ac99007eacc,live,〖Sound〗Sound Alchemy 聲音鍊金室｜初級聲音鍊金術士#14.ᐟ.ᐟ #雜談 #歡迎降落,2026-10-07T11:02:48Z,https://www.youtube.com/watch?v=TkDhxn2DHIg,https://i.ytimg.com/vi/TkDhxn2DHIg/mqdefault_live.jpg
ca8d038d311e4cccb2deded15cee89cd,live,「絕地戰兵2」打打戰兵(20261007 #參加型實況 #絕地戰兵2,2026-10-07T11:02:49Z,https://www.youtube.com/watch?v=vZHrFbcYass,https://i.ytimg.com/vi/vZHrFbcYass/mqdefault_live.jpg
038ee6280ef742bcad8450ad52049944,live,【女神：守護之約】戰棋、製作、佈置、戀愛養成全部塞在一起？！今天第一次來女神世界看看會玩成什麼樣子www【哈魯雅Haruya】 #女神守護之約,2026-10-07T11:03:26Z,https://www.youtube.com/watch?v=akTenvF-lz4,https://i.ytimg.com/vi/akTenvF-lz4/mqdefault_live.jpg
575d15d21f7240e1ad72935bf7fa0465,live,🍡當王女陷入內戰危機！我是騎士團 真的假的 ♡ ​內有遊戲序號抽獎 ♡ ​《和平締造者：腥紅帝王》 ♡ 【夏羽由里/Vtuber】,2026-10-07T11:04:27Z,https://www.youtube.com/watch?v=rNx8FdkGu1Q,https://i.ytimg.com/vi/rNx8FdkGu1Q/mqdefault_live.jpg
e4488c7dece84f7580bc0ab130222e08,live,【夜鵺Yaya】🦉,2026-10-07T11:07:14Z,https://www.twitch.tv/hyakuya0719,https://static-cdn.jtvnw.net/previews-ttv/live_user_hyakuya0719-{width}x{height}.jpg
36beb36f581f44d393dcf0af2b194789,live,【沃夫曼】10/7 喵喵喵,2026-10-07T11:07:38Z,https://www.twitch.tv/lswoofman,https://static-cdn.jtvnw.net/previews-ttv/live_user_lswoofman-{width}x{height}.jpg
8eec9fd38e7440f09bf1bc864e4d6e38,live,〚OHO〛Day3 今天能努力練等嗎？｜🔔指令: !簽 !賭 !DC｜滔滔饕餮Taotao,2026-10-07T11:08:46Z,https://www.twitch.tv/taotietaotao,https://static-cdn.jtvnw.net/previews-ttv/live_user_taotietaotao-{width}x{height}.jpg
0563e1d0ff394d1ab0d6a09d89870fba,live,【槍彈辯駁1】什麼！有內奸！？【稀蘿·多兒卡】#稀貓派對 #新人vtuber #vtuber #台v,2026-10-07T11:09:53Z,https://www.twitch.tv/shiro_dollcat,https://static-cdn.jtvnw.net/previews-ttv/live_user_shiro_dollcat-{width}x{height}.jpg
0563e1d0ff394d1ab0d6a09d89870fba,live,【槍彈辯駁1】什麼！有內奸！？【稀蘿·多兒卡】#稀貓派對 #新人vtuber #vtuber #台v,2026-10-07T11:09:58Z,https://www.youtube.com/watch?v=rhqLP58IC9c,https://i.ytimg.com/vi/rhqLP58IC9c/mqdefault_live.jpg
9bd9d680d6cf48d1a7171430f286fcb1,live,【Street Fighter 6】用30天從現代玩家挑戰經典的話能到大師嗎！今天開一下下！#2｜天雪夕納,2026-10-07T11:10:35Z,https://www.youtube.com/watch?v=jlv3bgk-MwI,https://i.ytimg.com/vi/jlv3bgk-MwI/mqdefault_live.jpg
fd6a0236861940389e15ef85b16c6069,live,"全勤𝖣𝖺𝗒𝟩🐏𝟣𝟢𝟢𝟩 ˊ˗｜大家好,今天我要玩一款遊戲叫沉默之丘 (⸝⸝Q-Q⸝⸝) ｜@hennie2001｜!YT !DC !週表 !周邊",2026-10-07T11:12:47Z,https://www.twitch.tv/hennie2001,https://static-cdn.jtvnw.net/previews-ttv/live_user_hennie2001-{width}x{height}.jpg
32aabdc7b41144a8b1bd28954cd3278c,live,7u7_154｜Groove Coaster 隔壁在玩黃遊尻尻,2026-10-07T11:14:59Z,https://www.twitch.tv/7u7_154,https://static-cdn.jtvnw.net/previews-ttv/live_user_7u7_154-{width}x{height}.jpg
fc90561b03104438b6e8f657a28574ce,live,【#dressmaker 】為什麼我長休第一個玩的遊戲還是要踩縫紉機阿？神父我沒有罪👉👈🥺#ReLiveProject #台v #遊戲科普#針影裁夢,2026-10-07T11:17:32Z,https://www.youtube.com/watch?v=-DBfdIk0TPQ,https://i.ytimg.com/vi/-DBfdIk0TPQ/mqdefault_live.jpg
06f1c7339e1c47ecb69ea7385f4635a1,live,今天體虛可能早休 所以早開 ! ft. @satsuki1016 @laogua_ @nadinne68 @shehuidiceng  / 掛台請幫我開5%謝謝~! / !周邊 !指令,2026-10-07T11:18:15Z,https://www.twitch.tv/huntmeow73,https://static-cdn.jtvnw.net/previews-ttv/live_user_huntmeow73-{width}x{height}.jpg
07b6c0dad3114eca9e903fd5725cc4e8,live,稍微睡過頭了!伊莫!(๑•̀ㅂ•́)و✧~(歡迎聊天閒聊!,2026-10-07T11:20:12Z,https://www.twitch.tv/kusunosekazuki,https://static-cdn.jtvnw.net/previews-ttv/live_user_kusunosekazuki-{width}x{height}.jpg
7168995b95ab439aa7cf1f3099d7bd88,live,50%OFF衣服開賣 ✨追隨IG 訂閱YT✨｜掛台換周邊 揪團有畫圖活動｜✨ !活動 !魔儲 !SR點歌  ε٩(๑> ₃ <)۶  @ciaomei28,2026-10-07T11:22:06Z,https://www.twitch.tv/ciaomei28,https://static-cdn.jtvnw.net/previews-ttv/live_user_ciaomei28-{width}x{height}.jpg
3b7dac5e2bdb4c08a139e18ef7f6f7e5,live,打lol囉~   @asahina_yuuto 新指令:!簽到 !補簽 !查簽 !簽排 !愛奈寶 !週年 !打 !要抱抱 !淺草籤 !抽卡,2026-10-07T11:23:22Z,https://www.twitch.tv/asahina_yuuto,https://static-cdn.jtvnw.net/previews-ttv/live_user_asahina_yuuto-{width}x{height}.jpg
a000aa1d3ea7489c993277d33ab2457e,live,【10/07】小開~快6萬追了真假~ @moondogs_celestial,2026-10-07T11:25:27Z,https://www.twitch.tv/moondogs_celestial,https://static-cdn.jtvnw.net/previews-ttv/live_user_moondogs_celestial-{width}x{height}.jpg
8ae0f370cf124faa953a09089a427fd9,live,寶可夢：朱,2026-10-07T11:25:32Z,https://www.twitch.tv/koyoyo4444,https://static-cdn.jtvnw.net/previews-ttv/live_user_koyoyo4444-{width}x{height}.jpg
8ae0f370cf124faa953a09089a427fd9,live,《寶可夢：朱》#6,2026-10-07T11:25:37Z,https://www.youtube.com/watch?v=HJACmnEkXL8,https://i.ytimg.com/vi/HJACmnEkXL8/mqdefault_live.jpg
e739323b76994f8abcca757db52a440d,live,【歌談】今天是點歌台~如果被房東投訴就鬼轉遊戲台~ | Kiyoru 翡夜 · 貓拾 #malaysiavtuber #myvtuber  #歡迎降落,2026-10-07T11:28:47Z,https://www.youtube.com/watch?v=LRxyaEl5Hvg,https://i.ytimg.com/vi/LRxyaEl5Hvg/mqdefault_live.jpg
3f3abaed158f420e84f9d1d5f4492b1d,live,【Minecraft】繼續開模組來玩玩,2026-10-07T11:29:47Z,https://www.twitch.tv/hyougetsu_kona,https://static-cdn.jtvnw.net/previews-ttv/live_user_hyougetsu_kona-{width}x{height}.jpg
3f3abaed158f420e84f9d1d5f4492b1d,live,【Minecraft】繼續開模組來玩玩,2026-10-07T11:29:54Z,https://www.youtube.com/watch?v=VOJsQsEvLdI,https://i.ytimg.com/vi/VOJsQsEvLdI/mqdefault_live.jpg
d6c4708f6eb94ac6ad7668363b132248,upcoming,《底特律：變人／Detroit: Become Human》#02 五個小時↑ 耐久｜這次要奔結局了！【人偶．薩賓娜／Panenka Sabina】,2026-10-07T11:30:00Z,https://www.youtube.com/watch?v=6zEgTu0mDvA,https://i.ytimg.com/vi/6zEgTu0mDvA/mqdefault_live.jpg
319383cd0cd4438990dbb916862cdbfc,upcoming,【雜談】背著我偷吃😡來嚴肅看你們在DC放的食物！,2026-10-07T11:30:00Z,https://www.youtube.com/watch?v=KRnK3b9xjcg,https://i.ytimg.com/vi/KRnK3b9xjcg/mqdefault_live.jpg
af9a2d0fab684be9b9da09e251f6bae6,upcoming,【突發！】我放假了 ！然後忙到忘記我是誰！！#初見歡迎【豆豆果柴.Vtuber】,2026-10-07T11:30:00Z,https://www.youtube.com/watch?v=3TmnK_XwTzE,https://i.ytimg.com/vi/3TmnK_XwTzE/mqdefault_live.jpg
8a56c920e9da4acb800d38c625391680,upcoming,來蒐集圖鑑~,2026-10-07T11:30:00Z,https://www.youtube.com/watch?v=Fx2mPgQOmkE,https://i.ytimg.com/vi/Fx2mPgQOmkE/mqdefault_live.jpg
7cecb437e7a54e07a29c3a164565957d,upcoming,✨拆拆生日禮物✨珍惜地打開每一份心意🤍✨ ⋄⟣ 可莉.露/𝐾𝑒𝑟𝑖.𝑙𝑢【𝑉𝑡𝑢𝑏𝑒𝑟】. #vtuber #台V,2026-10-07T11:30:00Z,https://www.youtube.com/watch?v=DGXu1P15tmk,https://i.ytimg.com/vi/DGXu1P15tmk/mqdefault_live.jpg
34edb431f7da4a43b2a6a9d79d2858d1,upcoming,【雜談】Gartic Phone.ᐟ.ᐟ一起畫畫吧∑ദ്ദി˙◡･)｜初見歡迎~降落會畫一個小Q人♡ 【解語JIEYU】,2026-10-07T11:30:00Z,https://www.youtube.com/watch?v=wJZsQgdeFj8,https://i.ytimg.com/vi/wJZsQgdeFj8/mqdefault_live.jpg
7f049d05ff3a4946998b9ddd7df409fd,upcoming,【近況告知】美玉搬家完回歸啦！跟大家報告新家近況，有沒有想我想到寢食難安😤✨初見歡迎！ #歡迎降落,2026-10-07T11:30:00Z,https://www.youtube.com/watch?v=KcyjSi2ERv8,https://i.ytimg.com/vi/KcyjSi2ERv8/mqdefault_live.jpg
a8ce4642418b4fe8ba1471a32097f4c4,upcoming,【二三階會員限定】個人占卜+稍微補一點點東西!!【歐妲/惡獸時代】,2026-10-07T11:30:00Z,https://www.youtube.com/watch?v=X6lxL2Sh0iY,https://i.ytimg.com/vi/X6lxL2Sh0iY/mqdefault_live.jpg
b6a105f12b904256ba356935ae46657f,live,⋆. 𐙚˚࿔ 茉茉𝓜𝓞𝓜𝓞 𝜗𝜚˚⋆ ૮꒰ ˶• ༝ •˶꒱ა ♡ 10/7 萬事達卡拮据殺手! ⋆ʚ⭑ɞ⋆ !募資 !簽到 !想 @shiroganemomo,2026-10-07T11:30:16Z,https://www.twitch.tv/shiroganemomo,https://static-cdn.jtvnw.net/previews-ttv/live_user_shiroganemomo-{width}x{height}.jpg
356186a5552f499baab4ac520b7d4235,live,【進擊羔羊傳說】ep5 有可能是最終章？ #macgame  【雨的AMeNo】,2026-10-07T11:31:09Z,https://www.youtube.com/watch?v=Bt92o1v233U,https://i.ytimg.com/vi/Bt92o1v233U/mqdefault_live.jpg
9d74c909706a450ea35c1777cac79e77,live,【 #聖火降魔錄 萬縷千絲 】舞姬蕾達第五章支線 ✦ 新的故事啟程!! ✨ #18『 #FireEmblem: Fortune's Weave 』,2026-10-07T11:31:23Z,https://www.youtube.com/watch?v=_FIUmfCsaWI,https://i.ytimg.com/vi/_FIUmfCsaWI/mqdefault_live.jpg
e3b45528947e48a4b68964369bb69e00,live,【10/07】突發!!! 哈哈是我啦!~ 沒想到吧~   @sayurisayuri1231,2026-10-07T11:31:31Z,https://www.twitch.tv/sayurisayuri1231,https://static-cdn.jtvnw.net/previews-ttv/live_user_sayurisayuri1231-{width}x{height}.jpg
9d74c909706a450ea35c1777cac79e77,live,【 聖火降魔錄 萬縷千絲 】蕾達線!!!! ✦ 悠閒掛台賺點數『 采彩AYA 』  @ayaya_00813,2026-10-07T11:31:45Z,https://www.twitch.tv/ayaya_00813,https://static-cdn.jtvnw.net/previews-ttv/live_user_ayaya_00813-{width}x{height}.jpg
fd5a1e004f224586aa65f9c5b374cc4a,live,【芙森家】1oo7 ꔫ ｜YT千訂努力中｜ 乖乖吃藥 努力往前 ܤ | ✐ᝰ @crush_freya_ ♡｜!YT !斗內,2026-10-07T11:32:01Z,https://www.twitch.tv/crush_freya_,https://static-cdn.jtvnw.net/previews-ttv/live_user_crush_freya_-{width}x{height}.jpg
8eb72e789cfa47a6ba3c3db753d8a830,live,【夜暮昤】潛水員戴夫 叢林探險！#11,2026-10-07T11:32:41Z,https://www.youtube.com/watch?v=xSUnQCKrd7g,https://i.ytimg.com/vi/xSUnQCKrd7g/mqdefault_live.jpg
a823412858b749f7bd2bff3739ec55b7,live,【日常】週三晚間陪伴型開台人~遊戲X雜談X作業。【白月レン】,2026-10-07T11:33:02Z,https://www.youtube.com/watch?v=bhxImJaNWRg,https://i.ytimg.com/vi/bhxImJaNWRg/mqdefault_live.jpg
5908563b5c944c7b919b08e5233a8a5a,live,10/7 ✦九點打FF14的團，所以先裁縫✦ !指令 !尿布 !製肥 @liangxliang,2026-10-07T11:33:28Z,https://www.twitch.tv/liangxliang,https://static-cdn.jtvnw.net/previews-ttv/live_user_liangxliang-{width}x{height}.jpg
3b0031a4b57f46719f06cbf7c5cc42b6,live,【崩壞：星穹鐵道 】今天先不加班!!先來跑崩鐵!!抽珍珠!!,2026-10-07T11:38:04Z,https://www.youtube.com/watch?v=RHV6h2dj8c4,https://i.ytimg.com/vi/RHV6h2dj8c4/mqdefault_live.jpg
b09373e11cc74ed4b58440b9d7368172,live,潛水員DAY14★一心二用?! A來挑戰邊玩邊唱 ~★【 上班想偷偷做的事】EP152,2026-10-07T11:40:09Z,https://www.youtube.com/watch?v=eJNGVBk5d6Y,https://i.ytimg.com/vi/eJNGVBk5d6Y/mqdefault_live.jpg
02fa128da7cc4f3aab0f1c5ee356f342,live,1007 畫畫 唱歌打遊戲 歡迎來聊天,2026-10-07T11:41:23Z,https://www.twitch.tv/susu0510,https://static-cdn.jtvnw.net/previews-ttv/live_user_susu0510-{width}x{height}.jpg
fa67b0859f2e45589e754f7e528967d6,live,☆10/7☆OHO柯南｜!夢夢,2026-10-07T11:42:08Z,https://www.twitch.tv/monmon_jinrou,https://static-cdn.jtvnw.net/previews-ttv/live_user_monmon_jinrou-{width}x{height}.jpg
bc77dc55cf9b4be88c878ac4b5c07438,live,【EN/JP】ふふふ₊˚⊹ |10/7 DAY170,2026-10-07T11:42:53Z,https://www.twitch.tv/rena1017_,https://static-cdn.jtvnw.net/previews-ttv/live_user_rena1017_-{width}x{height}.jpg
c06b6f1eb79d41ecb17aaaf80e035daa,live,【透抽一隻】今天幹了好多事，看一下水獺的小筆記.... 還是有好多事要幹！我去.... ！+ (˶´⚰︎`˵)〃｜缺水獺｜+ 20261007 + #忠誠點數抽獎小水獺周邊 #米克什好帥 #航天快樂員二獺 #兌換浪浪飼料券 #獺好惹 #獺可愛,2026-10-07T11:46:42Z,https://www.twitch.tv/roci_1117,https://static-cdn.jtvnw.net/previews-ttv/live_user_roci_1117-{width}x{height}.jpg
17933ba43ccf4e3c85961523b77bd901,live,今天一樣是放置工作時間｜!指令｜ @niponipon1,2026-10-07T11:48:25Z,https://www.twitch.tv/niponipon1,https://static-cdn.jtvnw.net/previews-ttv/live_user_niponipon1-{width}x{height}.jpg
3a13b2827ef048859006a3acb74c175a,live,10/7 小開小開拉哈哈 ft.【!指令 !觀眾場 !簽 !偷金幣 !抖內】,2026-10-07T11:50:28Z,https://www.twitch.tv/yanran_feretto,https://static-cdn.jtvnw.net/previews-ttv/live_user_yanran_feretto-{width}x{height}.jpg
c29627e1a48a4ea8b21c858aba1836d0,live,鬥陣大更新! Magumo Anonditeerera!!,2026-10-07T11:51:04Z,https://www.twitch.tv/mo_chan_neko,https://static-cdn.jtvnw.net/previews-ttv/live_user_mo_chan_neko-{width}x{height}.jpg
0024f8db99514a76bc5d5db1004c9bf4,live,ฅ՞•ﻌ•՞ฅ  想認識更多朋朋!!  (｡•̀ᴗ-)✧喜歡焰狼的記得要追追哀居 @yanlangblaze,2026-10-07T11:51:06Z,https://www.twitch.tv/yanlangblaze,https://static-cdn.jtvnw.net/previews-ttv/live_user_yanlangblaze-{width}x{height}.jpg
d7e9a44c2bbe439b9f062d64dc1b96f3,live,網路有點卡，還沒想到要尬麻... #初見大大大的歡迎 #台灣Vtuber,2026-10-07T11:51:44Z,https://www.youtube.com/watch?v=LSAZo2RgSXk,https://i.ytimg.com/vi/LSAZo2RgSXk/mqdefault_live.jpg
9a7b7c9c31da44aca5a68395a2e69488,live,h,2026-10-07T11:52:27Z,https://www.twitch.tv/trombeningen,https://static-cdn.jtvnw.net/previews-ttv/live_user_trombeningen-{width}x{height}.jpg
8fae79a84cd049fd8a2ea50528a75e2b,live,1007 l 聽說可以惹人生氣的遊戲 我來了 .·˖*𖠌*˖·. ∣ @nyarukoizumi,2026-10-07T11:53:08Z,https://www.twitch.tv/nyarukoizumi,https://static-cdn.jtvnw.net/previews-ttv/live_user_nyarukoizumi-{width}x{height}.jpg
9a7b7c9c31da44aca5a68395a2e69488,live,【無声透明Vtuber】Gears of War: E-Day #1【バ美肉、バ美声不使用】,2026-10-07T11:53:24Z,https://www.youtube.com/watch?v=B2JyULfFk4M,https://i.ytimg.com/vi/B2JyULfFk4M/mqdefault_live.jpg
05055e62d34241888df31217ac25e671,live,钻石我来了！！ road to daiyaaammmm ダイヤモンド とるぜ！[EN/CN/JP],2026-10-07T11:55:15Z,https://www.twitch.tv/vtuberkono,https://static-cdn.jtvnw.net/previews-ttv/live_user_vtuberkono-{width}x{height}.jpg
21507f58118d406b87fd42a39c87855a,live,【狸妖夜話】那個神祕的、傳說中的...... Part 3 Ft. @Rishu0910  #螢螢開台 #八幡螢 #Hotaru #初見歡迎 中文/EN OK!,2026-10-07T11:56:21Z,https://www.youtube.com/watch?v=AcMdljbWPFc,https://i.ytimg.com/vi/AcMdljbWPFc/mqdefault_live.jpg
f7472d5310ce42819d17459c4f3fd7c1,live,【雜談】盤點近期值得一看的動漫新番‼️【新番推薦】 ᦂ 貓太Nyanta,2026-10-07T11:58:34Z,https://www.twitch.tv/nyantavtuber,https://static-cdn.jtvnw.net/previews-ttv/live_user_nyantavtuber-{width}x{height}.jpg
69af139be1d3454c91192d9153e5bb65,live,【若祈】魔物獵人 崛起 破曉,2026-10-07T11:58:45Z,https://www.twitch.tv/ruochi2022,https://static-cdn.jtvnw.net/previews-ttv/live_user_ruochi2022-{width}x{height}.jpg
00d3ddb7b65247eaa16473cfd1376723,live,【RUST 無名島 DAY3】18位主播在孤島上生存！第三天我覺得要認真搞裝備了！,2026-10-07T11:58:59Z,https://www.twitch.tv/noir_1221,https://static-cdn.jtvnw.net/previews-ttv/live_user_noir_1221-{width}x{height}.jpg
b1ba066a7bc44c93a4ca264f2144f5bd,live,10/7 ◖遊雜｜真・三國無雙 起源 #5◗ 戀與三國，找到真愛不容易，我是說吳國重新出發不容易！GO！｜ @AkiMiiieyy,2026-10-07T11:59:48Z,https://www.twitch.tv/akimiiieyy,https://static-cdn.jtvnw.net/previews-ttv/live_user_akimiiieyy-{width}x{height}.jpg
14a9a08fbdc641e8ac8c384dedfccf0a,live,【朔Sakuro】我們真的能蓋好房子嗎？ ft.阿謙、木莓、Nyaru,2026-10-07T11:59:48Z,https://www.twitch.tv/sakuro_moonlit,https://static-cdn.jtvnw.net/previews-ttv/live_user_sakuro_moonlit-{width}x{height}.jpg
9c1450789da443f491a66e6f121482fc,live,【恐怖黎明】練等 #11 #VTuber #台V #黑結愛 #小愛 #grimdawn,2026-10-07T11:59:52Z,https://www.twitch.tv/blacklovech,https://static-cdn.jtvnw.net/previews-ttv/live_user_blacklovech-{width}x{height}.jpg
a2e67b720e754c16bd739bcf9a95e396,upcoming,【#2026生誕祭合唱歌回】獻給新一歲的我，也獻給一路走到這裡的你---今晚，我會比平常更閃耀一些!✦ #初見歡迎 #降落歡迎 | 琉依RUI,2026-10-07T12:00:00Z,https://www.youtube.com/watch?v=gD_QbrNMvEw,https://i.ytimg.com/vi/gD_QbrNMvEw/mqdefault_live.jpg
6e6fd1311d2f42228faa8b1ccb0fa589,upcoming,【Hollow Knight #21】苦痛之路，我希望能走完。【桃米糰子】,2026-10-07T12:00:00Z,https://www.youtube.com/watch?v=YmS1UP96Mus,https://i.ytimg.com/vi/YmS1UP96Mus/mqdefault_live.jpg
fc7fa0c5a7604cc8a420ee89472fcac3,upcoming,【咒言戰】中二戰隊集結! 熱血喊招魔力爆發 ft.AOI、山闌珊君、斯洛姆 | 青佚 Silus  #vtuber #咒言戰 #gameplay,2026-10-07T12:00:00Z,https://www.youtube.com/watch?v=w_fWEX2XyVs,https://i.ytimg.com/vi/w_fWEX2XyVs/mqdefault_live.jpg
e92219319c904d17ad14a223a304f7b5,upcoming,【#幽點想聊 】監獄大比拼!  / 浮幽幽 FUU,2026-10-07T12:00:00Z,https://www.youtube.com/watch?v=9iwnURpvFHI,https://i.ytimg.com/vi/9iwnURpvFHI/mqdefault_live.jpg
32a08f858ffb4d6aba0624647cf8cf2d,upcoming,【奶茶One take #81】定玄/ 黃霄雲 Cover by 米可緹Milk tea,2026-10-07T12:00:00Z,https://www.youtube.com/watch?v=Qhaib8LNDrM,https://i.ytimg.com/vi/Qhaib8LNDrM/mqdefault.jpg
0641a9c8b9a94994aaa33e0c86fef75b,upcoming,【鏡頭注意】驗收體重？來打賭我瘦多少！！  #台灣Vtuber #庫洛姆,2026-10-07T12:00:00Z,https://www.youtube.com/watch?v=vvUqdJiqAY0,https://i.ytimg.com/vi/vvUqdJiqAY0/mqdefault_live.jpg
25388daec64e40f38ca0e5a3a88fedb7,upcoming,出大事了...被某位實況主點名？！,2026-10-07T12:00:00Z,https://www.youtube.com/watch?v=_6T9kdJs_vc,https://i.ytimg.com/vi/_6T9kdJs_vc/mqdefault_live.jpg
8e84dbdebec446bab8c82b3f0467f398,upcoming,【八號窗口：千禧年】生日前來解個謎(內有微恐怖注意)【好冷又好爽】,2026-10-07T12:00:00Z,https://www.youtube.com/watch?v=uHSxsnyMaug,https://i.ytimg.com/vi/uHSxsnyMaug/mqdefault_live.jpg
c72226925ba94855b9fcc88fc2a25acc,upcoming,【#灰冠王座 】#猛鬼大廈 地府有新搞作?! 等系統本人帶你體驗新節目啦!【綽貓喵 /HKVtuber】,2026-10-07T12:00:00Z,https://www.youtube.com/watch?v=PayA0SGxoBY,https://i.ytimg.com/vi/PayA0SGxoBY/mqdefault_live.jpg
d0390d1ee4c744cba3ac19af6ae16171,upcoming,【刀劍亂舞】大阪城開啦！萬事拜託了我的總務組長///【希綠 Shilüe】#晨希綠光 #樹舍開放中,2026-10-07T12:00:00Z,https://www.youtube.com/watch?v=N3GYnF26RrE,https://i.ytimg.com/vi/N3GYnF26RrE/mqdefault_live.jpg
d80f5bc1e3ce4c35aa3eced40cc3bddc,upcoming,#dressmaker ｜第一次挑戰做衣服✨搞不好我天賦異稟有搞砸的天賦😏｜司淇 #雜談 #台V #初見歡迎,2026-10-07T12:00:00Z,https://www.youtube.com/watch?v=_W6OU5FQLuQ,https://i.ytimg.com/vi/_W6OU5FQLuQ/mqdefault_live.jpg
7ee1b473a5584a1a85973acfa45e0e1d,upcoming,📜天月麻雀📜久違打麻將啦!!!【安納希塔Anahita】,2026-10-07T12:00:00Z,https://www.youtube.com/watch?v=V3-LkroqZ2I,https://i.ytimg.com/vi/V3-LkroqZ2I/mqdefault_live.jpg
247215e876d24dae9932464b75fc577c,upcoming,【1007 世界棉花日】 新衣裝第一場冷知識台 使用 Kahoot! 來看看龍準備了哪些棉花與衣服小知識吧 | 高維爾冷知識 #台灣Vtuber,2026-10-07T12:00:00Z,https://www.youtube.com/watch?v=yiwhzm06CKA,https://i.ytimg.com/vi/yiwhzm06CKA/mqdefault_live.jpg
2f607aefde1d4264814d4e9282dd5cb0,upcoming,主題雜談｜台灣美食之旅「我是愛吃便當專家!」FT. @lalaweee0401_ch  ｜一顆糖💣 Ch.,2026-10-07T12:00:00Z,https://www.youtube.com/watch?v=WO2XNZjwzyY,https://i.ytimg.com/vi/WO2XNZjwzyY/mqdefault_live.jpg
9cb41588918b4fcf9d8e21ce0b6896c6,upcoming,【雜談】食物2選1 不知道你們會挑選怎樣的食物呢?【天鹿琥珀/Kohaku】,2026-10-07T12:00:00Z,https://www.youtube.com/watch?v=NDGhMsAJmWM,https://i.ytimg.com/vi/NDGhMsAJmWM/mqdefault_live.jpg
87e1b5eec62040118b6bd49efbe5d61c,upcoming,【特別節目】收集全台灣最好吃的東西！｜FT. @一顆糖SugarDom1031,2026-10-07T12:00:00Z,https://www.youtube.com/watch?v=s_glHf_WT0k,https://i.ytimg.com/vi/s_glHf_WT0k/mqdefault_live.jpg
14392ae1c106403ab690e8a6dea7c534,upcoming,【台V】圖書館員：整理魔法圖書館吧！-上次整理到哪了......今天目標突破2500?【浮士德Faust】,2026-10-07T12:00:00Z,https://www.youtube.com/watch?v=nsXmoqLj-4Y,https://i.ytimg.com/vi/nsXmoqLj-4Y/mqdefault_live.jpg
182da09d8d454f37a52ec546cbb35e39,upcoming,在GTA6發售之前我先玩了台北GTA6,2026-10-07T12:00:00Z,https://www.youtube.com/watch?v=VuatNsq-sjI,https://i.ytimg.com/vi/VuatNsq-sjI/mqdefault_live.jpg
fad69c2a625446829ef410d9ef277c8f,upcoming,GamE︱來了~來了~ 星期三了~ 我的小雞出來了吧🕹️︱ 依涅斯Inez #初見さん大歓迎 #歡迎初見 #CS2 #CounterStrike2,2026-10-07T12:00:00Z,https://www.youtube.com/watch?v=7NXkGspskrY,https://i.ytimg.com/vi/7NXkGspskrY/mqdefault_live.jpg
6fa1245c717d4af68589205df5ab6427,upcoming,【 #無名島 Day3】🐧今天想辦法來做槍!!✨ #NAMELESSISLAND  #初見歡迎 |易恆Arkia| 26/10/07,2026-10-07T12:00:00Z,https://www.youtube.com/watch?v=2XReNtYIwBs,https://i.ytimg.com/vi/2XReNtYIwBs/mqdefault_live.jpg
c321746bebe740cb98625ca4cf6fb9a7,upcoming,🍓雀魂觀眾型🪽目標和牌✨與花夕來場麻將吧🩷【莓果花夕 berihanayu Ch.】,2026-10-07T12:00:00Z,https://www.youtube.com/watch?v=YfDqsB10U1w,https://i.ytimg.com/vi/YfDqsB10U1w/mqdefault_live.jpg
b1ba066a7bc44c93a4ca264f2144f5bd,upcoming,10/7 ◖遊雜｜真・三國無雙 起源 #5◗ 戀與三國，找到真愛不容易，我是說吳國重新出發不容易！GO！【#秋未】,2026-10-07T12:00:00Z,https://www.youtube.com/watch?v=_Q2PfuL7Fhs,https://i.ytimg.com/vi/_Q2PfuL7Fhs/mqdefault_live.jpg
0ab147ded84b484eac14de7a46c9cf4e,upcoming,【雜談】主播又做了怪東西嗎? #初見歡迎 #男V #凱利斯 #台V,2026-10-07T12:00:00Z,https://www.youtube.com/watch?v=i9adeLPXITo,https://i.ytimg.com/vi/i9adeLPXITo/mqdefault_live.jpg
c91577ba12cd45deb9c8e5c666c290be,upcoming,【Devil May Cry 3】決戰超猛禿頭佬 - part 8,2026-10-07T12:00:00Z,https://www.youtube.com/watch?v=HqZqW1SxVpY,https://i.ytimg.com/vi/HqZqW1SxVpY/mqdefault_live.jpg
4b214cdeac0649989f03f39e497816cf,upcoming,☾ 工作雜談台 ☽ 好像又有一堆事情要處理...，邊做邊聊天！【兔子偉威Weiwei_Rabbit】#練囂威  #初見歡迎 #降落歡迎 #台V,2026-10-07T12:00:00Z,https://www.youtube.com/watch?v=cLcPMCTrKKo,https://i.ytimg.com/vi/cLcPMCTrKKo/mqdefault_live.jpg
9881cf3008684e55aea70a2499e84163,upcoming,【Super Shout Showdown】你姓狗卷，你也姓狗卷？這裡還有第五個狗卷嗎？#初見歡迎 #降落歡迎┃山君酷塔,2026-10-07T12:00:00Z,https://www.youtube.com/watch?v=IS8usIO1lSo,https://i.ytimg.com/vi/IS8usIO1lSo/mqdefault_live.jpg
59f5e287671149398135c5c08b5ed2f7,upcoming,【歌枠】星期三歌回♡十點半前關台！｜羅妲Rhoda【福呱娛樂所屬】#歌枠 #歌回,2026-10-07T12:00:00Z,https://www.youtube.com/watch?v=0MNMUqYfi5s,https://i.ytimg.com/vi/0MNMUqYfi5s/mqdefault_live.jpg
4b6b055ada4d4f0ab63b7ad02a3fa3ef,upcoming,【視聴者参加型雀魂】喝酒啦～！🀄✨｜Rumi/懶貓子,2026-10-07T12:00:00Z,https://www.youtube.com/watch?v=wct-pez-nkU,https://i.ytimg.com/vi/wct-pez-nkU/mqdefault_live.jpg
911d3403c8e84dc3b0c4a2f6017698b6,upcoming,【飛輪台】歡迎來到合法折磨主播現場｜請戴耳機進 【蕾蒂希婭 Letizia】,2026-10-07T12:00:00Z,https://www.youtube.com/watch?v=Ep2STbo1gN4,https://i.ytimg.com/vi/Ep2STbo1gN4/mqdefault_live.jpg
5535c9524eb046c38e172ebfa06b302f,upcoming,【明日方舟：終末地】1.6前瞻懶人包🐉▸祀、明河登場！冰火雙修全能輔助＋全傷增幅導電近衛，卡池抽取建議？羅德島重磅消息前瞻爆料！  ▹璐洛洛◃,2026-10-07T12:00:00Z,https://www.youtube.com/watch?v=HPIpefULh30,https://i.ytimg.com/vi/HPIpefULh30/mqdefault.jpg
757f1b20f7bd459ebd8949da907dceea,upcoming,【工作臺】來製作5周年斗內特別小禮物【稻荷七櫻Nao】,2026-10-07T12:00:00Z,https://www.youtube.com/watch?v=Uk5Ll_pgWlg,https://i.ytimg.com/vi/Uk5Ll_pgWlg/mqdefault_live.jpg
a3ce195c0069494c99849d0b1a10a7fd,upcoming,【#玩u戲】我只記得西蒙的聖光美顏和植物學刺蝟頭忍者大哥。 #魔物獵人物語3 🦖｜ #悠白 #Ubye,2026-10-07T12:00:00Z,https://www.youtube.com/watch?v=XfFUMplZfos,https://i.ytimg.com/vi/XfFUMplZfos/mqdefault_live.jpg
00d3ddb7b65247eaa16473cfd1376723,upcoming,【RUST 無名島 DAY3】18位主播在孤島上生存！第三天我覺得要認真搞裝備了！,2026-10-07T12:00:00Z,https://www.youtube.com/watch?v=Na53qjRnwQU,https://i.ytimg.com/vi/Na53qjRnwQU/mqdefault_live.jpg
b1bfaed0ed7f4ca9ae96c017159efe77,upcoming,【歌雜】昨天破完音，今天繼續破！（？｜3000小時觀看時數衝刺｜【仙喵SkyMeowu】,2026-10-07T12:00:00Z,https://www.youtube.com/watch?v=OJixvQvSY6A,https://i.ytimg.com/vi/OJixvQvSY6A/mqdefault_live.jpg
260f0fb7a8b1421394c38114230479bb,upcoming,【現在遊戲宗】在投石車的石雨中，悟出了感情觀的我，已經看透紅塵了(?)觀眾場歡迎++！  #初見大歡迎 #掛台歡迎,2026-10-07T12:00:00Z,https://www.youtube.com/watch?v=dktOY02387s,https://i.ytimg.com/vi/dktOY02387s/mqdefault_live.jpg
ebc44e2ba78f4790b832d02c31410262,upcoming,【模擬】加油啊蒲公英｜タンポポは耐える。 🎀魔法少女花咲🎀,2026-10-07T12:00:00Z,https://www.youtube.com/watch?v=nfr95m0kNrk,https://i.ytimg.com/vi/nfr95m0kNrk/mqdefault_live.jpg
efe550a729e14dbab790a3f73205d8ed,upcoming,【 #教妹妹開車 】抖內轉盤抽人設教妹妹開車的遊戲?!  | #MalaysiaVtuber #馬來西亞Vtuber【秋月イノリ | 秋月祁】,2026-10-07T12:00:00Z,https://www.youtube.com/watch?v=pqYGrWpRo3E,https://i.ytimg.com/vi/pqYGrWpRo3E/mqdefault_live.jpg
e14d4aac184c4ccdba6f2a9718cfea62,upcoming,【歌回】用可怕的裝扮鋪墊萬聖節的氣氛！ | 🌙鯨諾whalefall🐋 | #whalefall #鯨諾,2026-10-07T12:00:00Z,https://www.youtube.com/watch?v=4LUqHuhE-ok,https://i.ytimg.com/vi/4LUqHuhE-ok/mqdefault_live.jpg
a168211aa3dd451cb33e09b80df0ea0a,upcoming,祈菈‧貝希毛絲 - サファイア / 百人白首 #68,2026-10-07T12:00:00Z,https://www.youtube.com/watch?v=MBPU4nr8Kdo,https://i.ytimg.com/vi/MBPU4nr8Kdo/mqdefault.jpg
2717397c3d824350ace8ed9b6ba2f08f,upcoming,【  誕生日配信 】首次生日活動慶祝中，一起看看大家的禮物，最後有新消息!!｜蕾莎 Resa,2026-10-07T12:00:00Z,https://www.youtube.com/watch?v=gbLlvcnJpAU,https://i.ytimg.com/vi/gbLlvcnJpAU/mqdefault_live.jpg
2a3824dd5c0a46f597b27dd183283aea,live,【PEAK】找回手感的特訓！大家喜歡獨自一人做什麼樣的事情呢？今天的繭眠獨自登山,2026-10-07T12:00:02Z,https://www.youtube.com/watch?v=lRLDg40ANRw,https://i.ytimg.com/vi/lRLDg40ANRw/mqdefault_live.jpg
4d1ee216944d484094d6a1d8c30cdd86,live,10/7 真三國無雙2猛將傳重製版#3 小刷一下明天要去照胃鏡ㄌ幫主播加油,2026-10-07T12:00:08Z,https://www.twitch.tv/natimodgmod,https://static-cdn.jtvnw.net/previews-ttv/live_user_natimodgmod-{width}x{height}.jpg
a17fcdf32a124beba3fba16299aed2b3,live,10/7 今天一定可以打到O12S對吧？嗎？。(՞꜆ .ˬ.՞)꜆⋆⸜♡⸝,2026-10-07T12:00:11Z,https://www.twitch.tv/chikayan,https://static-cdn.jtvnw.net/previews-ttv/live_user_chikayan-{width}x{height}.jpg
ef0319d27b10495795a5b994bc2249d5,live,【瑚作非為】美麗的一周由工作Day開啟，自從有了工作台後再也沒有通宵做過報紙了(?)【瑚珀Haku】#新人vtuber,2026-10-07T12:00:15Z,https://www.youtube.com/watch?v=pybsV_T4o1k,https://i.ytimg.com/vi/pybsV_T4o1k/mqdefault_live.jpg
75ddc749133b4c498eb35ceac1e2a0b2,live,【#特別企劃】諧音梗通靈王｜你能精準猜出主播想的諧音梗嗎？ #初見歡迎【紫茗ZiMing】,2026-10-07T12:00:15Z,https://www.youtube.com/watch?v=awTMXIKAGik,https://i.ytimg.com/vi/awTMXIKAGik/mqdefault_live.jpg
60ff50e95399472b96a6fbe83d75e806,live,【RUST-無名島】要做的事還有很多....不夠玩啊!!! Day3【 L.M. Live | 海希霖涅 】,2026-10-07T12:00:17Z,https://www.youtube.com/watch?v=pgzuuv2MDjQ,https://i.ytimg.com/vi/pgzuuv2MDjQ/mqdefault_live.jpg
25388daec64e40f38ca0e5a3a88fedb7,live,中秋烤肉，出大事啦！紫勾努力中(第二階段0/6)，揪團掛台大感謝😳｜ !抽獎 !簽到 @satofuri777,2026-10-07T12:00:23Z,https://www.twitch.tv/satofuri777,https://static-cdn.jtvnw.net/previews-ttv/live_user_satofuri777-{width}x{height}.jpg
2db2ffc41ff340a990a6d4dcec000d08,live,【55555耐久歌回】嗚嗚嗚嗚嗚呆腦獸（但我其實沒有要唱這首歌，我要唱一堆悲傷抒情）【雪Koyuki】,2026-10-07T12:00:34Z,https://www.youtube.com/watch?v=zIFMH1Udx0A,https://i.ytimg.com/vi/zIFMH1Udx0A/mqdefault_live.jpg
d55860f26114410c97af27ba1269e3ed,live,【RUST：豹立淨】03｜牛羊也太會生了吧！？然後想擴建了【10/07】,2026-10-07T12:00:38Z,https://www.twitch.tv/joannajonas_vt,https://static-cdn.jtvnw.net/previews-ttv/live_user_joannajonas_vt-{width}x{height}.jpg
47cd428eee8640cb80afaa4ef9bb55e0,live,[參加型]打魔物!!!!!睽違一年的回鍋謝謝,2026-10-07T12:00:38Z,https://www.twitch.tv/shimotsukinoyouko,https://static-cdn.jtvnw.net/previews-ttv/live_user_shimotsukinoyouko-{width}x{height}.jpg
c099b7e8d46c418d8e17097d496f3b83,live,【踢踢】10.7  |  誕生日紀念配信    ദ്ദി₍ᐢ .ᆺ.ᐢ₎🥕  新衣裝! 小驚喜! 感謝抽獎!!  |  !幸運兔團 !生日 ✦耶比✦,2026-10-07T12:00:40Z,https://www.twitch.tv/ttspoon,https://static-cdn.jtvnw.net/previews-ttv/live_user_ttspoon-{width}x{height}.jpg
3a30426a65fe450bbef138fd8ba35f1e,live,【逆轉檢察官1&2】完全初見「逆轉檢察官2」！奇怪的獄中殺人案...並且還被剝奪了搜查權！？只好以律師助手的身份來尋找真相了！【劇情暴雷注意】【猫又くろね★Vtuber★】#初見歡迎 #歡迎降落,2026-10-07T12:00:42Z,https://www.youtube.com/watch?v=0D9x8YwgzDA,https://i.ytimg.com/vi/0D9x8YwgzDA/mqdefault_live.jpg
365db081229a4efeb4630f19587a96b2,upcoming,【#七日殺】末日生存初體驗！我能活過今晚嗎？求寶寶現場指導！,2026-10-07T12:00:58Z,https://www.youtube.com/watch?v=Ofm9GkVAOWM,https://i.ytimg.com/vi/Ofm9GkVAOWM/mqdefault_live.jpg
9e121751e3774a15bdf9ccfab7eb7faf,live,10/7【遊戲】又是一個新賽季 | ft.,2026-10-07T12:01:00Z,https://www.twitch.tv/hoooonka,https://static-cdn.jtvnw.net/previews-ttv/live_user_hoooonka-{width}x{height}.jpg
4b53aa789e544bd9aaecc9fbc79e4bbe,live,【誕生日配信🎂】うれしいお知らせもあるよ！✨【#あのねホタルちゃん】#vsinger,2026-10-07T12:01:03Z,https://www.youtube.com/watch?v=Qi426MxdH_E,https://i.ytimg.com/vi/Qi426MxdH_E/mqdefault_live.jpg
d55860f26114410c97af27ba1269e3ed,live,【RUST：豹立淨】03｜牛羊也太會生了吧！？然後想擴建了【喬安娜喬納斯💙💖 JoannaJonas 】,2026-10-07T12:01:14Z,https://www.youtube.com/watch?v=eY1U7F1gD54,https://i.ytimg.com/vi/eY1U7F1gD54/mqdefault_live.jpg
5f6f102dd7cc4bfaa99e4cde16b85290,live,【peak】吃了超大牛肉麵好困 睏睏幽昵 Yawnii !指令,2026-10-07T12:01:16Z,https://www.twitch.tv/yawnii_aelis,https://static-cdn.jtvnw.net/previews-ttv/live_user_yawnii_aelis-{width}x{height}.jpg
208d8aa3792641d6ae4e0de5a10a4a6f,live,【雜談】來聊聊天吧 放鬆一下～晚點可能玩遊戲w,2026-10-07T12:01:34Z,https://www.twitch.tv/mis_0326,https://static-cdn.jtvnw.net/previews-ttv/live_user_mis_0326-{width}x{height}.jpg
e2ddcd13e70643238d46f50fba8261b2,live,觀眾場【高時數掉寶】新賽季、新角、新神話、駭影、豬、沒有法拉 |今年一定3333追!,2026-10-07T12:01:37Z,https://www.twitch.tv/onesunttv,https://static-cdn.jtvnw.net/previews-ttv/live_user_onesunttv-{width}x{height}.jpg
db3a6f094c3146c2ab6f2f267337f132,live,【遊戲】跟朋友玩玩新遊戲!!  | 夏提,2026-10-07T12:01:50Z,https://www.twitch.tv/siati1021,https://static-cdn.jtvnw.net/previews-ttv/live_user_siati1021-{width}x{height}.jpg
0d717ed7ec134fb6ac94ce9dc4e25658,live,【LOL】與宵甜(ㄊㄨㄥˋ)蜜(ㄎㄨˇˇ)雙排召喚峽谷，一個人脾氣好壞就要看這款遊戲【希洛萊昂】,2026-10-07T12:02:02Z,https://www.twitch.tv/shirol30n,https://static-cdn.jtvnw.net/previews-ttv/live_user_shirol30n-{width}x{height}.jpg
05d19eac5d22427f916e6fa59bf17b3b,live,【10/7】 APEX 排隊啦,2026-10-07T12:02:04Z,https://www.twitch.tv/orangecat331,https://static-cdn.jtvnw.net/previews-ttv/live_user_orangecat331-{width}x{height}.jpg
01ba034aab854ec680fe6f1ddc7008e2,live,『#Don'tDropTheCake』這是一款不能讓蛋糕掉下來的游戲，顧名思義 #歡迎降落 #夏犬布魯斯,2026-10-07T12:02:10Z,https://www.youtube.com/watch?v=vBw2zg04lAY,https://i.ytimg.com/vi/vBw2zg04lAY/mqdefault_live.jpg
943a063e5df041a08d7a304517e3b420,live,"【Deemo Reborn】讓Deemo彈琴給我聽 ✡夜墨澪笙Reishou┃#初見,降落歡迎┃掛台,追隨感謝| @reishouvtuber |",2026-10-07T12:02:21Z,https://www.twitch.tv/reishouvtuber,https://static-cdn.jtvnw.net/previews-ttv/live_user_reishouvtuber-{width}x{height}.jpg
4c34c44a98974b709f7dbc7618847fd6,live,10/7 看公告! 甚麼公告? 我還沒PO!( *・ω・)✄,2026-10-07T12:02:40Z,https://www.twitch.tv/5l5l3,https://static-cdn.jtvnw.net/previews-ttv/live_user_5l5l3-{width}x{height}.jpg
943a063e5df041a08d7a304517e3b420,live,【Deemo Reborn】跟Deemo一起彈琴【夜墨澪笙┃Reishou.Ch 】#初見歡迎 #降落歡迎,2026-10-07T12:02:41Z,https://www.youtube.com/watch?v=3B5yDtZA6Xc,https://i.ytimg.com/vi/3B5yDtZA6Xc/mqdefault_live.jpg
920d34819cf944e99cf469f7552d535f,live,《控制:共振》在崩壞的曼哈頓直面超自然恐懼！ GeForce NOW 無負擔雲端遊玩最新3A大作,2026-10-07T12:03:05Z,https://www.twitch.tv/drlifesucks,https://static-cdn.jtvnw.net/previews-ttv/live_user_drlifesucks-{width}x{height}.jpg
00c2bd1279064d88b05ad2d17d790e37,live,【VALORANT】75 遲到，他說他要每局殺 20 個賠罪。 ft. @hiotoukei_ocs @komachitaniba @x_75__  @komori_tutuu ₊⛪︎ !DC !VIP !歌單,2026-10-07T12:03:22Z,https://www.twitch.tv/lullabye_v,https://static-cdn.jtvnw.net/previews-ttv/live_user_lullabye_v-{width}x{height}.jpg
5fbcb045887b4a87878773dbf5f63e26,live,【無名島D3】我的泡水摩托車算不算一種鐵達尼號？ #NAMELESSISLAND,2026-10-07T12:03:49Z,https://www.twitch.tv/yakamitubioaop,https://static-cdn.jtvnw.net/previews-ttv/live_user_yakamitubioaop-{width}x{height}.jpg
68820304b6164959806479d6c9dad127,live,【雜談】職場上最怕碰到的雷包分享大會⚡來看看到底有多雷#初見歓迎｜希沫洛佩｜VerseLink,2026-10-07T12:04:04Z,https://www.youtube.com/watch?v=BGeyup4PZWY,https://i.ytimg.com/vi/BGeyup4PZWY/mqdefault_live.jpg
95d273bbc6664a48a3114a26ce71b227,live,10/7  吃飽想睡睡飽想吃 晚點小練 500追抽獎!  | !愛金杯 !運勢 !dc !吃甚麼 !抽 掛台5%音量,2026-10-07T12:04:34Z,https://www.twitch.tv/jyungobell,https://static-cdn.jtvnw.net/previews-ttv/live_user_jyungobell-{width}x{height}.jpg
a73b969a7fe24a9aaeb9bc1c63ca6450,live,橙雨沐沿《聊聊》好9不見啦 | 超棒十月不要忘記訂閱喔！| 20261007,2026-10-07T12:04:40Z,https://www.twitch.tv/nerolirain,https://static-cdn.jtvnw.net/previews-ttv/live_user_nerolirain-{width}x{height}.jpg
6f0d9d64bb6a4a81af1e84a72d30f5b8,live,【獨立製作遊戲】《失憶之谷》遊戲試玩！在threads上遇見的獨立製作者製作的RPG喔！ 會是什麼樣的故事呢？#艾栗live #艾栗洛亞 #初見歡迎 #降落歡迎,2026-10-07T12:05:15Z,https://www.youtube.com/watch?v=-t5KBXUm1q8,https://i.ytimg.com/vi/-t5KBXUm1q8/mqdefault_live.jpg
508ebe96e7a94e94893609e616086dff,live,10/7 〃惡靈古堡2〃 昨晚夢見我爬牆打殭屍 ʕ๑•́ ₃ •̀๑ʔ,2026-10-07T12:05:23Z,https://www.twitch.tv/estherarctos,https://static-cdn.jtvnw.net/previews-ttv/live_user_estherarctos-{width}x{height}.jpg
ad57b32de5f34598a57ac5af8b8004e2,live,【風之旅人】來玩買了好久沒有玩的遊戲！聽說是TGC神作！,2026-10-07T12:05:24Z,https://www.youtube.com/watch?v=HVoQGpVgC4M,https://i.ytimg.com/vi/HVoQGpVgC4M/mqdefault_live.jpg
403697f0f5ba49ef873673236c07e2d3,live,【✦田丁】VALORANT 特戰英豪🦇聯動居然還是打瓦嗎... w/ @hiotoukei_ocs @lullabye_v @x_75__ @komori_tutuu,2026-10-07T12:05:46Z,https://www.twitch.tv/komachitaniba,https://static-cdn.jtvnw.net/previews-ttv/live_user_komachitaniba-{width}x{height}.jpg
ad57b32de5f34598a57ac5af8b8004e2,live,10/7【風之旅人】每到steam特價之時我就會拼命把倉庫裡放著積灰塵的遊戲拿出來玩 #台灣vtuber #新人vtuber,2026-10-07T12:05:51Z,https://www.twitch.tv/jiyueteng,https://static-cdn.jtvnw.net/previews-ttv/live_user_jiyueteng-{width}x{height}.jpg
d6666443c70f478eb3008d28a33e0f61,live,【Super Shout Showdown】咒言戰隊咒連者！參上！Ft.青佚、AOI、山闌珊君【斯洛姆】#斯在哈囉 #初見歡迎 #歡迎降落,2026-10-07T12:06:00Z,https://www.youtube.com/watch?v=AhOyVzOBYxI,https://i.ytimg.com/vi/AhOyVzOBYxI/mqdefault_live.jpg
fdbcdd7db6b04ed4b2336b1b3da66564,live,雖然是瓦 但因為是連動 所以不是平常的瓦 但因為是平常的我 所以還是平常的瓦 ft. @komachitaniba @lullabye_v @x_75__ @komori_tutuu,2026-10-07T12:06:47Z,https://www.twitch.tv/hiotoukei_ocs,https://static-cdn.jtvnw.net/previews-ttv/live_user_hiotoukei_ocs-{width}x{height}.jpg
256dd6464e974e118dc8103d5e9eb0b3,live,୨୧ 在拚紫勾勾ᑋᵉᑊᑊᵒ ᵕ̈  ୨୧ ☑️𝟏𝟎𝟎𝟕 恐鬼團隊｜ 立志成為女護航 ⟡.·｜歡迎掛忠誠點數⟡.·  !歌單 !MCN  !DC !簽到 ｜⟡.· @yidhra0727,2026-10-07T12:07:11Z,https://www.twitch.tv/mutuer,https://static-cdn.jtvnw.net/previews-ttv/live_user_mutuer-{width}x{height}.jpg
b6f68e0e323f45458752f3a7ec6a08f2,live,【月下香幽芳】恐遊ya....【周三臺】 !沒有忘記 !蟀勾 !月下香幽芳,2026-10-07T12:07:25Z,https://www.twitch.tv/yufang_13moontroupe,https://static-cdn.jtvnw.net/previews-ttv/live_user_yufang_13moontroupe-{width}x{height}.jpg
95e5788cabf340e397e2726def426229,live,【歌雜】晚風冷冷的，歌聲暖暖的【杜邊優妮】,2026-10-07T12:08:38Z,https://www.youtube.com/watch?v=5Gv1aacV2IU,https://i.ytimg.com/vi/5Gv1aacV2IU/mqdefault_live.jpg
e66d389ebb604096bfa99178e1a13c27,live,【聯盟外傳-努努之歌】新電腦應該要跑得動遊戲了吧!! #觀戰死神｜阿爾西婭．幽梨雅🌺,2026-10-07T12:09:27Z,https://www.twitch.tv/altheayolia,https://static-cdn.jtvnw.net/previews-ttv/live_user_altheayolia-{width}x{height}.jpg
09b185b91ede45769f179d43b227da47,live,🔥【10/07】｜Keep me company and talk to me for a while.｜ 綠色平台需要你的支持｜!喵喵 !賭 !拉 !毛球 ⚞^. .^⚟🔥  /•᷅•᷄\୭,2026-10-07T12:09:55Z,https://www.twitch.tv/mr_wilsonnn,https://static-cdn.jtvnw.net/previews-ttv/live_user_mr_wilsonnn-{width}x{height}.jpg
ccc1420185ad46d49d40b6b774db9b11,live,【FGO-2.7】EP05 前往觀星塔【星眷蕾米】,2026-10-07T12:11:33Z,https://www.twitch.tv/hoshikenremi,https://static-cdn.jtvnw.net/previews-ttv/live_user_hoshikenremi-{width}x{height}.jpg
ccc1420185ad46d49d40b6b774db9b11,live,【FGO-2.7】EP05 前往觀星塔【星眷蕾米】,2026-10-07T12:11:36Z,https://www.youtube.com/watch?v=s3TQlZJA08k,https://i.ytimg.com/vi/s3TQlZJA08k/mqdefault_live.jpg
91025114208d41b2bff535d6e277017e,live,【鳴潮】鏡鎖妄世，心照紅塵【其那】,2026-10-07T12:12:33Z,https://www.youtube.com/watch?v=jm8iqbB2tbE,https://i.ytimg.com/vi/jm8iqbB2tbE/mqdefault_live.jpg
ce908f10dcde4e2480c8f97aafd45883,live,我又回來砍鬼了《鬼武者：劍之道》｜中/日/EN｜KuroLIVE,2026-10-07T12:15:07Z,https://www.twitch.tv/kuro777_twitch,https://static-cdn.jtvnw.net/previews-ttv/live_user_kuro777_twitch-{width}x{height}.jpg
75f110ca5e9a4b7db3c57912baf5ca27,live,O--O ｜ 1007⚡️ ｜ !雷蛇 !Surfshark !簽到 自主訂閱++ #ChampsCostream,2026-10-07T12:15:58Z,https://www.twitch.tv/mayj0501,https://static-cdn.jtvnw.net/previews-ttv/live_user_mayj0501-{width}x{height}.jpg
fede6fee793048f1a576cab38a6bd414,live,【夏森】打瓦能貸款媽?｜10/7｜!嗨幣(抖內影片)｜,2026-10-07T12:18:04Z,https://www.twitch.tv/xiasen_,https://static-cdn.jtvnw.net/previews-ttv/live_user_xiasen_-{width}x{height}.jpg
53d808d5b57f452a96d67861f3da1f8c,live,【無名島】第三天！好像會有什麼事情發生？ | Rust #無名島 #NAMELESSISLAND【雅列姬塔 / L.M. Live】,2026-10-07T12:18:05Z,https://www.youtube.com/watch?v=r-sGhjgQAxo,https://i.ytimg.com/vi/r-sGhjgQAxo/mqdefault_live.jpg
2bb0e68d998d4b2bbfc79557a233fb33,live,【繪雜(?)】試著畫看看紅色&紫色學校用的會員徽章【珞雪嵐 Rakusetsu Ran】,2026-10-07T12:21:49Z,https://www.twitch.tv/rakusetsu_ran,https://static-cdn.jtvnw.net/previews-ttv/live_user_rakusetsu_ran-{width}x{height}.jpg
a05afa97381b4f96b02a1af859426f9c,live,【洛發聲】精修100首歌，第二回 ( 沒有要唱一百首喔！！)【深洛Raku】 #台灣新人vtuber #歌回,2026-10-07T12:22:06Z,https://www.youtube.com/watch?v=2vDlDpAFf8w,https://i.ytimg.com/vi/2vDlDpAFf8w/mqdefault_live.jpg
342f808864164047acc8ddffe88c9618,live,10/7 逆Neeplus ✿【OW】最初的起點！訂閱者觀眾場！,2026-10-07T12:24:10Z,https://www.twitch.tv/nee606,https://static-cdn.jtvnw.net/previews-ttv/live_user_nee606-{width}x{height}.jpg
ebc44e2ba78f4790b832d02c31410262,live,永恆beta｜天裔之練｜目標練到16等解水棲 🎀魔法少女花咲🎀,2026-10-07T12:24:30Z,https://www.twitch.tv/hanasakich,https://static-cdn.jtvnw.net/previews-ttv/live_user_hanasakich-{width}x{height}.jpg
902740b39aed4b3cb381701c96a73f3a,live,小蝙｜圖奇直播Day.58｜All the Mods 10 Aeronautics ver.0.7.1 - 平日的全員到齊｜有時YT雙開,2026-10-07T12:24:47Z,https://www.twitch.tv/smallbatouo,https://static-cdn.jtvnw.net/previews-ttv/live_user_smallbatouo-{width}x{height}.jpg
9ed7a28dd35e4e1c9400af811f6a284c,live,【10/7】昨天沒人投訴 今天爽玩紙嫁衣3 嘻嘻｜歡迎追隨圖奇訂閲YT| 初見掛台揪團大歡迎！ | @karlylinnea |,2026-10-07T12:25:00Z,https://www.twitch.tv/karlylinnea,https://static-cdn.jtvnw.net/previews-ttv/live_user_karlylinnea-{width}x{height}.jpg
adb7f358e8134f30ac0919a74c9d171b,live,【伊莫】好想要有一杯手搖杯ㄛ｜用盡全力拚紫勾勾的龍，歡迎揪團、聊天、掛台 @milkblack_tea,2026-10-07T12:25:16Z,https://www.twitch.tv/milkblack_tea,https://static-cdn.jtvnw.net/previews-ttv/live_user_milkblack_tea-{width}x{height}.jpg
53707f0116dc4fca8614ac7139e40b83,live,鬼武者｜挑戰直到破台！今晚斬鬼！｜嵐迪,2026-10-07T12:25:41Z,https://www.twitch.tv/siaodi12398,https://static-cdn.jtvnw.net/previews-ttv/live_user_siaodi12398-{width}x{height}.jpg
f10dc84fab2a41d385c2553b0f1d788b,live,【飢荒】度過一年的我們在秋天就這樣：好餓：(｜ @nine0501_vtuber ｜20261007｜,2026-10-07T12:26:12Z,https://www.twitch.tv/nine0501_vtuber,https://static-cdn.jtvnw.net/previews-ttv/live_user_nine0501_vtuber-{width}x{height}.jpg
d576c2396a004f3c8dd91baf14254898,live,10/7 [ 空之軌跡 the 2nd ] 空空||@7yananaha || !綠界贈品,2026-10-07T12:26:39Z,https://www.twitch.tv/7yananaha,https://static-cdn.jtvnw.net/previews-ttv/live_user_7yananaha-{width}x{height}.jpg
5356357f112b46db862b472a4aafcee8,live,[MapleStory SEA] w PinkEyepatch Kyu,2026-10-07T12:26:47Z,https://www.twitch.tv/kyuneko_ch,https://static-cdn.jtvnw.net/previews-ttv/live_user_kyuneko_ch-{width}x{height}.jpg
7e1072448d24495f8cac5163c0290989,live,【饑荒】秋天好像真的來了~ @amibeeq @nine0501_vtuber @xiaoke0109 @icesakura1122,2026-10-07T12:26:52Z,https://www.twitch.tv/msginger0707,https://static-cdn.jtvnw.net/previews-ttv/live_user_msginger0707-{width}x{height}.jpg
5dc565de88a948ecb092cce178aafe60,live,7 OCT | 想解vector 30發彈匣,2026-10-07T12:26:54Z,https://www.twitch.tv/himuvtuber,https://static-cdn.jtvnw.net/previews-ttv/live_user_himuvtuber-{width}x{height}.jpg
13992a4fb59649ada3a2adf027b5b35a,live,ღ Michelle ღ❤ 清楚系蜜雪只玩全年齡版，歡迎掛台收聽唷 ☪︎初見歡迎 ☪︎陪伴助眠系☆ﾟ.*･｡,2026-10-07T12:27:06Z,https://www.twitch.tv/michelle_tw,https://static-cdn.jtvnw.net/previews-ttv/live_user_michelle_tw-{width}x{height}.jpg
33cabb57d2454dfdbdf7453c54429940,live,1007｜嗚呼！  ₍₍ (ง ˘ω˘ )ว ⁾⁾aaaaaaa,2026-10-07T12:27:18Z,https://www.twitch.tv/loulei820,https://static-cdn.jtvnw.net/previews-ttv/live_user_loulei820-{width}x{height}.jpg
2d9ef8be75c34daf9ce9d17ecbbe0f7a,live,◖SILENT HILL: Townfall◗無人島觀光旅遊團 #初見歡迎 #降落歡迎 #Vtuber #奶茶當水喝🍼,2026-10-07T12:27:23Z,https://www.twitch.tv/milktea___life,https://static-cdn.jtvnw.net/previews-ttv/live_user_milktea___life-{width}x{height}.jpg
32b83b466c11418bb380623a95944302,live,今日目標：入手甘寧武器【無界V】,2026-10-07T12:28:09Z,https://www.twitch.tv/mao_mukai,https://static-cdn.jtvnw.net/previews-ttv/live_user_mao_mukai-{width}x{height}.jpg
238b751368474f798a737e7cf1f4a87b,live,⚔️進擊羔羊傳說⚔️ | 你好！信教嗎OwO |  !dc !yt !活動!簽到!週邊  @yuzuri0321 ft.,2026-10-07T12:28:38Z,https://www.twitch.tv/yuzuri0321,https://static-cdn.jtvnw.net/previews-ttv/live_user_yuzuri0321-{width}x{height}.jpg
e949052e4ee24ecd8b352a68f6bf51e1,live,【10/07】冒險者接待員 ┇!dc!指令┇@chaosshermes_st┇星軌工作室┇自主訂閱++,2026-10-07T12:29:04Z,https://www.twitch.tv/chaosshermes_st,https://static-cdn.jtvnw.net/previews-ttv/live_user_chaosshermes_st-{width}x{height}.jpg
13992a4fb59649ada3a2adf027b5b35a,upcoming,【野良與皇女與流浪貓之心】這款遊戲經費充足唷！ part 2,2026-10-07T12:30:00Z,https://www.youtube.com/watch?v=2iJbeII0NRo,https://i.ytimg.com/vi/2iJbeII0NRo/mqdefault_live.jpg
2d9ef8be75c34daf9ce9d17ecbbe0f7a,upcoming,◖SILENT HILL: Townfall◗無人島觀光旅遊團 #初見歡迎 #降落歡迎 #Vtuber #奶茶當水喝🍼,2026-10-07T12:30:00Z,https://www.youtube.com/watch?v=XsaekboEJEI,https://i.ytimg.com/vi/XsaekboEJEI/mqdefault_live.jpg
e810dcd23c334fd184d254718517764e,upcoming,【Ace Combat 8 | 空戰奇兵 8】艦隊擊滅戰【香港Vtuber】,2026-10-07T12:30:00Z,https://www.youtube.com/watch?v=IhXM1ioSGnQ,https://i.ytimg.com/vi/IhXM1ioSGnQ/mqdefault_live.jpg
d334f3b3ba8b4e43bd7b5a237a7b4476,upcoming,【遊戲🍁連動】Bombanana! | 正式版終於來啦！ | w/Lilou & 六六 | 百里羽 #馬來西亞vtuber  #马来西亚vtuber #歡迎降落,2026-10-07T12:30:00Z,https://www.youtube.com/watch?v=jj3XzObuwmk,https://i.ytimg.com/vi/jj3XzObuwmk/mqdefault_live.jpg
f45249f9d8094f9d85f6d02aec4af029,upcoming,【Bombanana 】再一次，猴子，一起，強大 #馬來西亞vtuber #vtuber,2026-10-07T12:30:00Z,https://www.youtube.com/watch?v=4QJ1aOxzJ-w,https://i.ytimg.com/vi/4QJ1aOxzJ-w/mqdefault_live.jpg
84944da407dc4de9896c7b763132908c,upcoming,【狼人殺 】希望今天可以跟拉拉和里長同隊｜降落+10分鐘 #爹の加班 Day293 #初見さん大歓迎【Ande 安爹】,2026-10-07T12:30:00Z,https://www.youtube.com/watch?v=dn6u3sBZ1oA,https://i.ytimg.com/vi/dn6u3sBZ1oA/mqdefault_live.jpg
29294f0665864cee8bb2b48697b9e84f,upcoming,【 Bow wow Battle｜汪汪大作戰 】瘋狗！拿捏！先讓我練一下:D【呦呦YUNYUN/VTuber】,2026-10-07T12:30:00Z,https://www.youtube.com/watch?v=gKj1TKE7jNM,https://i.ytimg.com/vi/gKj1TKE7jNM/mqdefault_live.jpg
def76c5c31fe4466b5ae6e6940ae6e58,upcoming,"▶遊戲直播◁ 阿西, 美女室友竟然...？2 💘 我也要讓你們選擇困難症 直播送遊戲‼【NAGISA凪砂 / HKVtuber】",2026-10-07T12:30:00Z,https://www.youtube.com/watch?v=f1Ua3Hiq81U,https://i.ytimg.com/vi/f1Ua3Hiq81U/mqdefault_live.jpg
cdb5c89f61c94949a989457cf549b7e4,upcoming,🍓ＦＦ１４ ♥ˎˊ˗  教練我好想...打新月島...（上播說下播要打、實際上打的次數：0） ♡.゜〖莓芊時戀💖┊Final Fantasy XIV〗,2026-10-07T12:30:00Z,https://www.youtube.com/watch?v=uYC9xrN3Smw,https://i.ytimg.com/vi/uYC9xrN3Smw/mqdefault_live.jpg
83cb016f535f4275bba29ad276b2084f,upcoming,【機車筆試讀書】機車駕照生死鬥：我跟題庫只能活一個💥｜午後陪伴 月瑤 YueYao ꕤ Mojoylive 三期生,2026-10-07T12:30:00Z,https://www.youtube.com/watch?v=o6plEc91cA4,https://i.ytimg.com/vi/o6plEc91cA4/mqdefault_live.jpg
a725f6babc5f44779d7389886c6cd7b7,upcoming,【APEX】 打APEX復健 上分【＃VTuber/＃夜羽結伊子】,2026-10-07T12:30:00Z,https://www.youtube.com/watch?v=B18XOjxBIDQ,https://i.ytimg.com/vi/B18XOjxBIDQ/mqdefault_live.jpg
9031798ec1884b52b17df470b6c379b2,upcoming,【推理之夜】狼人殺《夢魘攝夢人》🍁 今晚的夢境是美夢還是噩夢呢？ ft.很多人【芒楓】,2026-10-07T12:30:00Z,https://www.youtube.com/watch?v=Aye_i1gFcsU,https://i.ytimg.com/vi/Aye_i1gFcsU/mqdefault_live.jpg
97a56c6914ab431d9b670456d11b22ed,upcoming,【女神：守護之約】女神玩女神 簡直天作之合✨️✨️,2026-10-07T12:30:00Z,https://www.youtube.com/watch?v=LxvnmFuEaMo,https://i.ytimg.com/vi/LxvnmFuEaMo/mqdefault_live.jpg
c88554bbf263412da16e7a17fd03e467,upcoming,【晚間雜談】睡前集合.ᐟ.ᐟ 今晚來說點悄悄話吧♡｜#初見歡迎 ☁ 天蕓茶茶 ☁,2026-10-07T12:30:00Z,https://www.youtube.com/watch?v=EF0PME1efQI,https://i.ytimg.com/vi/EF0PME1efQI/mqdefault_live.jpg
161544bf51864b2bad46cdd769bee278,upcoming,【碧藍幻想relink 無盡黃昏】副本地獄！！應該快結束了！ EP.16 #新人Vtuber #初見歡迎  #降落歡迎 #燒開LIVE,2026-10-07T12:30:00Z,https://www.youtube.com/watch?v=8NOdPZyjTiI,https://i.ytimg.com/vi/8NOdPZyjTiI/mqdefault_live.jpg
91216a87fe704ea9a42d3aabc1683f90,upcoming,〖 #歌回 〗唱開心ㄉ歌!!!🌟｜天晴ひかり｜#初見歡迎 #歡迎降落,2026-10-07T12:30:00Z,https://www.youtube.com/watch?v=Ws56gwYSLCU,https://i.ytimg.com/vi/Ws56gwYSLCU/mqdefault_live.jpg
312fdd3c5e6d4aefa73fd3860ecc5613,upcoming,【歌回LA】鈴家女孩...？🎤,2026-10-07T12:30:00Z,https://www.youtube.com/watch?v=wlqm_p6LGVI,https://i.ytimg.com/vi/wlqm_p6LGVI/mqdefault_live.jpg
3e6a09fe4ef744f987e27ae0f06cdf09,upcoming,【活俠傳01】讓我重新用學了二十幾年的中文會會它🥸 | 知花Chika,2026-10-07T12:30:00Z,https://www.youtube.com/watch?v=hFi9no_Ndfs,https://i.ytimg.com/vi/hFi9no_Ndfs/mqdefault_live.jpg
8999cce711d64abfb6d451ca6172dd3e,upcoming,【旅遊雜談】馬來西亞旅遊雜談PART2！想分享好心情給你 ✧ 比托利亞/VTuber ✧,2026-10-07T12:30:00Z,https://www.youtube.com/watch?v=nTlPCEyi8UU,https://i.ytimg.com/vi/nTlPCEyi8UU/mqdefault_live.jpg
670df075e5f9402bbcb6369685838b02,upcoming,這周活動真香 上線追賞金目標 GTA V日常,2026-10-07T12:30:00Z,https://www.youtube.com/watch?v=aRZfPU7DDwY,https://i.ytimg.com/vi/aRZfPU7DDwY/mqdefault_live.jpg
6a9a7c7dc3f94605b5f619e9fbcfa33d,upcoming,【Level Devil】邪惡遊戲的最終回，直面作者的惡意＆不敲桌挑戰！｜拉斐利婭Laphria,2026-10-07T12:30:00Z,https://www.youtube.com/watch?v=2mDADE053jo,https://i.ytimg.com/vi/2mDADE053jo/mqdefault_live.jpg
220353f9b2634c84953cc7d243fbc6a0,upcoming,【貓咪大戰爭】養女兒推貓戰!!【回家部/庚庚】,2026-10-07T12:30:00Z,https://www.youtube.com/watch?v=d0nc7nA_D14,https://i.ytimg.com/vi/d0nc7nA_D14/mqdefault_live.jpg
a060cd640cf44c2bb8d78d8ff2411e68,upcoming,【BOMBANANA!】很榮幸再次邀請到兩位猴子一起拆炸彈 ft. @Kirukiru.limnos @KouituSinCH  ｜諾鴉・奈菲墨｜,2026-10-07T12:30:00Z,https://www.youtube.com/watch?v=TQns1JaErAU,https://i.ytimg.com/vi/TQns1JaErAU/mqdefault_live.jpg
60a400d6a5d841f78b352675c383dbef,upcoming,【貓奴體驗營】😈穿越獸世，我要拿著罐罐成為萬喵迷(X) #台V 【但但】,2026-10-07T12:30:00Z,https://www.youtube.com/watch?v=Xe2Ktia1WQM,https://i.ytimg.com/vi/Xe2Ktia1WQM/mqdefault_live.jpg
0d080db8809848e2ba918799b2f7885b,upcoming,【伊莫】遊戲閒聊 #伊莫  #Aniimo  #皮耶洛 #面具王子,2026-10-07T12:30:00Z,https://www.youtube.com/watch?v=fW7yz9Kt-oI,https://i.ytimg.com/vi/fW7yz9Kt-oI/mqdefault_live.jpg
8309d31b418642db83f0cf56b38fc9ad,upcoming,【潛龍諜影：和平先驅 #3】蛇叔強勢回歸！！！｜PEACE WALKER｜狸野梨 Rieri,2026-10-07T12:30:00Z,https://www.youtube.com/watch?v=IVuaHnfUT7s,https://i.ytimg.com/vi/IVuaHnfUT7s/mqdefault_live.jpg
3bc6afb820df4f59b2c6ff1c25d1eed3,upcoming,🌹【克式畫紫】繪圖雜談主題～封神演義 2026-10-07【香港Vtuber】,2026-10-07T12:30:12Z,https://www.youtube.com/watch?v=wZoK0AT7ZoA,https://i.ytimg.com/vi/wZoK0AT7ZoA/mqdefault_live.jpg
326a721a7a904cb9b5ed0dad4899d7c2,live,【工作台】今天是認真工作的貓咪 嗎( •̀ ω •́ )✧!推特 !周邊 !脆脆,2026-10-07T12:30:20Z,https://www.twitch.tv/yasumi_crisp,https://static-cdn.jtvnw.net/previews-ttv/live_user_yasumi_crisp-{width}x{height}.jpg
676db89cb8a9483486442231b615b46f,live,【遊戲時間】 Monster Hunter Wilds | 歷戰王好難... | !簽到 !指令,2026-10-07T12:30:28Z,https://www.twitch.tv/yanagi8960,https://static-cdn.jtvnw.net/previews-ttv/live_user_yanagi8960-{width}x{height}.jpg
70ab761191014a39b7d090541f785cd2,live,【突發】2026-10-07 ✦︎  ✦︎ ｜恐鬼症｜預計一小時左右關台!! #台灣VTuber #女V #台V,2026-10-07T12:30:37Z,https://www.twitch.tv/seraphina1112,https://static-cdn.jtvnw.net/previews-ttv/live_user_seraphina1112-{width}x{height}.jpg
161544bf51864b2bad46cdd769bee278,live,【碧藍幻想relink 無盡黃昏】副本地獄！！應該快結束了！ EP.16   #新人Vtuber #初見歡迎 #歡迎降落,2026-10-07T12:30:37Z,https://www.twitch.tv/zishaow,https://static-cdn.jtvnw.net/previews-ttv/live_user_zishaow-{width}x{height}.jpg
c1aa10208a06439481231599b25845b0,live,【推理之夜】今天是夢魘攝夢人版！！！ Ft.一堆香香的V朋朋 | !簽到 !愛靈婪 !手機桌布 !魔儲 | 靈婪 @linglai8787,2026-10-07T12:31:48Z,https://www.twitch.tv/linglai8787,https://static-cdn.jtvnw.net/previews-ttv/live_user_linglai8787-{width}x{height}.jpg
cec266a3203a4d1599494b42f35b4012,live,【Valheim】感冒了 | 歡迎大家來跟阿邊聊天 @cuterban | With.很多人,2026-10-07T12:32:39Z,https://www.twitch.tv/cuterban,https://static-cdn.jtvnw.net/previews-ttv/live_user_cuterban-{width}x{height}.jpg
64e20992295c4be984e9af0a470d6440,live,《楓兔》今天可能提早關 取決於我不知道 /勾勾呢Day282♥指令 !魔儲,2026-10-07T12:33:04Z,https://www.twitch.tv/streamerrabbit48,https://static-cdn.jtvnw.net/previews-ttv/live_user_streamerrabbit48-{width}x{height}.jpg
6bf231719d5e485fa0cdee99905858d4,live,【10/07】暮夜茶會 別挨餓 先連動 晚點上學,2026-10-07T12:33:47Z,https://www.twitch.tv/xiaoke0109,https://static-cdn.jtvnw.net/previews-ttv/live_user_xiaoke0109-{width}x{height}.jpg
4cc07f3cbfed434090bba391bc15fd6d,live,茶會時光！(｡•ㅅ•｡)♡！！【10/7】  !米彼  !委託 !二周年周邊 \  @amibeeq /,2026-10-07T12:33:47Z,https://www.twitch.tv/amibeeq,https://static-cdn.jtvnw.net/previews-ttv/live_user_amibeeq-{width}x{height}.jpg
9a7b047b85ae4227af74a0e200c3abc9,live,你有借過別人錢嗎?,2026-10-07T12:34:53Z,https://www.twitch.tv/session_cookie,https://static-cdn.jtvnw.net/previews-ttv/live_user_session_cookie-{width}x{height}.jpg
29e2c3ae8e4d48f29fb3b89c463abb1c,live,3000追ㄉ單獨恐遊...｜菈妮菓列૮ ・ﻌ・ა,2026-10-07T12:34:54Z,https://www.twitch.tv/vtlabrador0118,https://static-cdn.jtvnw.net/previews-ttv/live_user_vtlabrador0118-{width}x{height}.jpg
1254f176d93548aca5ac7f4b53313f71,live,【關麥繪圖作業台】為了畫第四部漫畫研究不明新技術(●ˇ∀ˇ●)｜兩命爺  2026/10/06,2026-10-07T12:34:59Z,https://www.twitch.tv/ny8821205,https://static-cdn.jtvnw.net/previews-ttv/live_user_ny8821205-{width}x{height}.jpg
ee77ed51da394f02b72c33756b155eac,live,[Valheim]20261007 | 今天可以弄出裝備嗎？  @cknekko @alicekifikar @hitomi_0311_ @theahjohn @idalam3027 @cuterban,2026-10-07T12:35:25Z,https://www.twitch.tv/cknekko,https://static-cdn.jtvnw.net/previews-ttv/live_user_cknekko-{width}x{height}.jpg
a3bbe09809e141e5b0658a79ba63f977,live,【之沙Zssa】HGUC 賽克 艾因 第三種武裝 組裝  | 坐等魔審PC版更新 | 魔法少女的魔女審判是我心中的神作 | @zssa_alton | 本台支援7tv→ !7tv【10/7】,2026-10-07T12:37:12Z,https://www.twitch.tv/zssa_alton,https://static-cdn.jtvnw.net/previews-ttv/live_user_zssa_alton-{width}x{height}.jpg
db86eecb7c7047a984098e23de131e29,live,感覺今天可以衝個結局喔 ㊣ JKY,2026-10-07T12:39:20Z,https://www.twitch.tv/jkybrain,https://static-cdn.jtvnw.net/previews-ttv/live_user_jkybrain-{width}x{height}.jpg
0a000a22ebd84abf860bcd5ef0a5ed60,live,【!揪團轉盤】今天要打贏第二隻BOSS！未公開的高難無中文肉鴿遊戲 邀請羊咩、展先生、風風一起體驗試玩🧸!週邊 五週年紀念週邊熱賣中👑 !指令 !愛貓排,2026-10-07T12:40:27Z,https://www.twitch.tv/nekokatsu_0104,https://static-cdn.jtvnw.net/previews-ttv/live_user_nekokatsu_0104-{width}x{height}.jpg
c8be9c7ed05442dcb2b278dc5a6bc1de,live,10/7 ฅ咪咪莎ฅ  ~麻將局~各位咪咪貓都好可愛~我忘了問玩的時間,2026-10-07T12:40:28Z,https://www.twitch.tv/shakumi393,https://static-cdn.jtvnw.net/previews-ttv/live_user_shakumi393-{width}x{height}.jpg
f0987ff6444945558cd159a508cd823f,live,🔴 10/7 🩷🦊｜!歌單｜+7tv ｜ @kurumi_1016,2026-10-07T12:41:11Z,https://www.twitch.tv/kurumi_1016,https://static-cdn.jtvnw.net/previews-ttv/live_user_kurumi_1016-{width}x{height}.jpg
cad7f93653b54779932a6809a5f3a769,live,來啦來啦~今天探險~找車車 10/7 蕾古露絲,2026-10-07T12:41:51Z,https://www.twitch.tv/regulusoaop,https://static-cdn.jtvnw.net/previews-ttv/live_user_regulusoaop-{width}x{height}.jpg
adbcdff5b9e7441dae817c01c283ec00,live,開始冒險囉~,2026-10-07T12:42:17Z,https://www.twitch.tv/jjaer_030,https://static-cdn.jtvnw.net/previews-ttv/live_user_jjaer_030-{width}x{height}.jpg
29d8d144d6a24ff28476d25306286836,live,沒錢了分我一點|5%掛台 歡迎降落/•᷅•᷄୭| !布丁 !周邊  |@Shirumu_,2026-10-07T12:47:38Z,https://www.twitch.tv/shirumu_,https://static-cdn.jtvnw.net/previews-ttv/live_user_shirumu_-{width}x{height}.jpg
16896dffcb474d7aa21540c944a2f7de,live,10/7  鬼殺隊day2 一閃一閃亮晶晶  VIP會員可以使用忠誠點數兌換超級香的圖囉,2026-10-07T12:47:48Z,https://www.twitch.tv/wuwind1767,https://static-cdn.jtvnw.net/previews-ttv/live_user_wuwind1767-{width}x{height}.jpg
bed176f79b074789ba4d21c90ca54a9c,live,10/7 【緋緋】11:00跟日本好朋友練習 脹氣兩天...快死惹,2026-10-07T12:47:50Z,https://www.twitch.tv/fat0615,https://static-cdn.jtvnw.net/previews-ttv/live_user_fat0615-{width}x{height}.jpg
f3a1ec7e996e4897ba4e34376f7c0be2,live,VALORANT｜今晚團練！打完繼續錄歌趕片 #台V #初見歡迎 #唱歌 #斗內請至關於欄連結,2026-10-07T12:48:34Z,https://www.twitch.tv/mizuki_utarei,https://static-cdn.jtvnw.net/previews-ttv/live_user_mizuki_utarei-{width}x{height}.jpg
30e2594ce7cf4bc3a7e536639b15ff30,live,【惡靈古堡2+3=5】第二代破台接著第三代囉✦芙蕾格✦!歌單✦ #台v #女v #雜談 #陪伴 #惡靈古堡2 #克蕾兒篇 #惡靈古堡3,2026-10-07T12:50:14Z,https://www.twitch.tv/flegervtuber,https://static-cdn.jtvnw.net/previews-ttv/live_user_flegervtuber-{width}x{height}.jpg
b18dea7632bc49db974a22d6eb6660fb,live,【小鹿】10/7 天冷了 瑪奇Mobile,2026-10-07T12:53:43Z,https://www.twitch.tv/gelcxy_mue,https://static-cdn.jtvnw.net/previews-ttv/live_user_gelcxy_mue-{width}x{height}.jpg
d6827fe530ca4db4b748651c72e81ead,live,【明日方舟】衛戍協議,2026-10-07T12:53:56Z,https://www.twitch.tv/irisformosana,https://static-cdn.jtvnw.net/previews-ttv/live_user_irisformosana-{width}x{height}.jpg
28c152a7489b4402960bd4bd36b7229b,live,10/7【艾爾登法環】今天要怎麼虐待自己?,2026-10-07T12:54:28Z,https://www.twitch.tv/koyokainekomata,https://static-cdn.jtvnw.net/previews-ttv/live_user_koyokainekomata-{width}x{height}.jpg
9959d43cae9b49dbbcd666f742322b4a,live,【How to Fish】四個人一起釣魚，會先釣到魚還是先出事？！💎🐻｜ @bear_ghost_haha Ft.  @inari_0315 @yuenn1022 @yutsuki0711 ｜新指令: !今日運勢 !今天吃什麼,2026-10-07T12:55:23Z,https://www.twitch.tv/bear_ghost_haha,https://static-cdn.jtvnw.net/previews-ttv/live_user_bear_ghost_haha-{width}x{height}.jpg
7c0acdc8fe2449deb487cbb827b51723,live,聊天工作聽歌！,2026-10-07T12:56:06Z,https://www.twitch.tv/kii_tooru,https://static-cdn.jtvnw.net/previews-ttv/live_user_kii_tooru-{width}x{height}.jpg
54e70d7cc2fb4c6da0d833519331c770,live,⋮  10/7 │ 團練day ft. 幸運鼠餅 │ !委託 !排隊 !簽到回饋 !喵喵籤 !周邊 │ @t… ^⑉･-･⑉^ ੭,2026-10-07T12:57:23Z,https://www.twitch.tv/ting1an_,https://static-cdn.jtvnw.net/previews-ttv/live_user_ting1an_-{width}x{height}.jpg
8eaa819167de4fefb116ee8f88850d85,live,10/7 聯動 APEX再開｜@jyderchannel @xiotheo @jyderyumi1102,2026-10-07T12:57:54Z,https://www.twitch.tv/jyderchannel,https://static-cdn.jtvnw.net/previews-ttv/live_user_jyderchannel-{width}x{height}.jpg
513641895d9a4fbca3b19aeb63d28915,live,麻凡露一段 EP.11 ft.夜陽、伊凡,2026-10-07T12:58:03Z,https://www.twitch.tv/dewdrop421,https://static-cdn.jtvnw.net/previews-ttv/live_user_dewdrop421-{width}x{height}.jpg
7cbd1f537c3d4e67b38b9f9e31cb93d6,live,⿻⁎· 1007◞ 急診初體驗完的生存報告... ⦙⦙⦙自主訂閱告急⦙⦙⦙  !釣魚!周邊!DC!斗內!YT!指令 ⦙⦙⦙,2026-10-07T12:58:38Z,https://www.twitch.tv/nank404,https://static-cdn.jtvnw.net/previews-ttv/live_user_nank404-{width}x{height}.jpg
cb94019fb4714e168b47d6757995efc3,live,【10/07】超會模仿，但是剛睡醒...,2026-10-07T12:58:53Z,https://www.twitch.tv/nyrfier,https://static-cdn.jtvnw.net/previews-ttv/live_user_nyrfier-{width}x{height}.jpg
e6a9746af2a84387b6ed5a7d3a4434da,upcoming,【#遊戲 】BOMBANANA! 吉比視角  拆炸彈第二回!!! 我們今晚一定能拆完的對吧【格蘭妮亞吉比 】,2026-10-07T13:00:00Z,https://www.youtube.com/watch?v=ShRGlYmTGa0,https://i.ytimg.com/vi/ShRGlYmTGa0/mqdefault_live.jpg
46954e0541644057a88f590a4739722c,upcoming,【米玖配-喜】｜喜劇ft.緒米🌊 沐玖Mujiu #初見歡迎 #降落歡迎,2026-10-07T13:00:00Z,https://www.youtube.com/watch?v=rabh2WdxYro,https://i.ytimg.com/vi/rabh2WdxYro/mqdefault_live.jpg
0fbdfcc1b9cf41fdb840cf2f546d9324,upcoming,【天月麻雀】自由開打！,2026-10-07T13:00:00Z,https://www.youtube.com/watch?v=MeZ-zaqMV6s,https://i.ytimg.com/vi/MeZ-zaqMV6s/mqdefault_live.jpg
b399afc661d04f47acc9d0681be343b4,upcoming,【💙繪圖】週三來畫畫🎨來陪狼狼邊畫邊聊～🐺 | 10/07 | 小資狼 Shoshiro,2026-10-07T13:00:00Z,https://www.youtube.com/watch?v=aR_BAS1eM-o,https://i.ytimg.com/vi/aR_BAS1eM-o/mqdefault_live.jpg
7c06b9e316ce4ac18ce836cd72442bbe,upcoming,【歌枠】週三晚上輕鬆唱唱🎵🦊水曜は楽な気持ちで歌っていく！✨#初見歓迎🎤【浠Mizuki Karaoke】,2026-10-07T13:00:00Z,https://www.youtube.com/watch?v=hv8WjN5IkJ8,https://i.ytimg.com/vi/hv8WjN5IkJ8/mqdefault_live.jpg
9b37ec730a37424799c01f1bb2fa829c,upcoming,【游戲 | OPUS：龍脈常歌 Part 4】題外話，我就不行玩了會下雨！ #馬來西亞vtuber #新人vtuber,2026-10-07T13:00:00Z,https://www.youtube.com/watch?v=MpLxSVVAJEg,https://i.ytimg.com/vi/MpLxSVVAJEg/mqdefault_live.jpg
89742766181f469b807f397325a2a6bf,upcoming,【晚安雜談】最近都是累累病的我 睡前聊聊吧 | 初見 醬肉大歡迎 | 朝著十萬訂邁進中 | 達克涅絲,2026-10-07T13:00:00Z,https://www.youtube.com/watch?v=Wt0XJazPnxw,https://i.ytimg.com/vi/Wt0XJazPnxw/mqdefault_live.jpg
5ff20156ebbf4390a3573d6a94aed8df,upcoming,【BOMBANANA!】小符亞視角｜這次一定破台的吧！ #吉著符老太太過馬璐 【小符亞Sahua ch.】,2026-10-07T13:00:00Z,https://www.youtube.com/watch?v=QrnXaFH2wCI,https://i.ytimg.com/vi/QrnXaFH2wCI/mqdefault_live.jpg
acc6cc72bdb74a74a719cc41baf0aade,upcoming,【遊戲】Dressmaker 針影裁夢｜當個裁縫者吧🧵自己做夢想中的服裝👗 #初見歡迎 #CHerryShow【Cake's】,2026-10-07T13:00:00Z,https://www.youtube.com/watch?v=lA8--uswz-I,https://i.ytimg.com/vi/lA8--uswz-I/mqdefault_live.jpg
01fc7842da284adaad67d3774a4b2a6c,upcoming,【異環】🌼來了.ᐟ.ᐟ.ᐟ是麼女黑羽.ᐟ.ᐟ.ᐟ🌼【茉莉繪 Marie 】,2026-10-07T13:00:00Z,https://www.youtube.com/watch?v=1o1eQgAcj0Q,https://i.ytimg.com/vi/1o1eQgAcj0Q/mqdefault_live.jpg
3849edba2b2e411f8564e9c1d1aaaa51,upcoming,【空の軌跡 the 2nd】#4,2026-10-07T13:00:00Z,https://www.youtube.com/watch?v=2qygfntrhUk,https://i.ytimg.com/vi/2qygfntrhUk/mqdefault_live.jpg
1c736e6717e649b2a366818244b37599,upcoming,【 #遊戲 】外放注意！琥珀要叫啦！《啊。啊。啊。》｜雪松琥珀Kohaku #新人vtuber #降落歡迎,2026-10-07T13:00:00Z,https://www.youtube.com/watch?v=oN7ks01Ilwk,https://i.ytimg.com/vi/oN7ks01Ilwk/mqdefault_live.jpg
a60e76fb18f44818980d7d5b07cf82c9,upcoming,【遊戲聯動】我們終於落地生根了!總之先努力安全回到家後消貪一波~WITH. L.M.Live&很多主播  DAY3  ｜璦格蓓菈 Agaberrila ｜#無名島 #降落歡迎 #初見歡迎  #大璦台,2026-10-07T13:00:00Z,https://www.youtube.com/watch?v=ZXvi0tB7vgo,https://i.ytimg.com/vi/ZXvi0tB7vgo/mqdefault_live.jpg
747fb5e9d30240a1ac42fbf37e86b55d,upcoming,《絕地戰兵2》又來了一個新人  1007 | 路易 格林 / Louis Grimm,2026-10-07T13:00:00Z,https://www.youtube.com/watch?v=7Sn73VTPoQg,https://i.ytimg.com/vi/7Sn73VTPoQg/mqdefault_live.jpg
b84f2dfff8ce4ca1af82bfc44405f1e7,upcoming,【Big Walk】希望不要再嘔嘔嘔了 這遊戲比我想像的暈耶,2026-10-07T13:00:00Z,https://www.youtube.com/watch?v=VaWskcUfpJA,https://i.ytimg.com/vi/VaWskcUfpJA/mqdefault_live.jpg
1bf9786ba55042b9ae3294dadfc7b40d,upcoming,【魔法少女的魔女審判】換主角了？？？【はくこ】,2026-10-07T13:00:00Z,https://www.youtube.com/watch?v=1eh4xe7epEM,https://i.ytimg.com/vi/1eh4xe7epEM/mqdefault_live.jpg
a39733d216994010b34bf5033be01589,upcoming,【同步視聽】一起來看投資惡夢的「FX戰士久留美」！ft. ‪@AoiHinamoriCh    !surfshark｜珂賽特Cosette,2026-10-07T13:00:00Z,https://www.youtube.com/watch?v=YYCQQiPi9Kw,https://i.ytimg.com/vi/YYCQQiPi9Kw/mqdefault_live.jpg
7cc197b36bc64bf38aaf98a17eaf8d31,upcoming,【紅眼露比 #4】糟糕，快兩週沒玩，手感還會在嗎？ ฅ 葛琳德Gerlinde ฅ,2026-10-07T13:00:00Z,https://www.youtube.com/watch?v=vFwMp91KEG4,https://i.ytimg.com/vi/vFwMp91KEG4/mqdefault_live.jpg
4d0cbf91a5cb4524862207c5d406d98c,upcoming,〖 古風歌回 〗好耶繼續唱古風歌時間！║ 瑟思安Cesium,2026-10-07T13:00:00Z,https://www.youtube.com/watch?v=nqksrdG76ww,https://i.ytimg.com/vi/nqksrdG76ww/mqdefault_live.jpg
e069724ddab54dd690d6c3425574effd,upcoming,【健身環加班台】一個禮拜沒做今天要補回來｜No More Excuses! #賣勾萊拉,2026-10-07T13:00:00Z,https://www.youtube.com/watch?v=YHbylqHjGYg,https://i.ytimg.com/vi/YHbylqHjGYg/mqdefault_live.jpg
4de233ea7dfc4a7da1738ab627babd48,upcoming,【千訂穩定企劃－九日 Nine Sols】ep.06 今晚，我想來點解救桃花村……好吧只能靠我自己了🥺 [日本語/EN👌/初見歓迎] #IriLive #ninesols #九日,2026-10-07T13:00:00Z,https://www.youtube.com/watch?v=Ko7zxBBfuS8,https://i.ytimg.com/vi/Ko7zxBBfuS8/mqdefault_live.jpg
c03997835cc943fe81a441c571d733d0,upcoming,【帕給夢】屍體派對(2021)｜能破台嗎!?我想是很難ww【白給☆】@papamibo   #帕給夢 #PaGeMon #corpseparty2021 #10,2026-10-07T13:00:00Z,https://www.youtube.com/watch?v=f-SbMaTCqK0,https://i.ytimg.com/vi/f-SbMaTCqK0/mqdefault_live.jpg
2a2b7990365f4a1bb1d8acf1ae0f2f32,upcoming,Stream 7/10/26 【Chained Together】一個爬山學會會員由地獄爬上去 #迎真創意學院,2026-10-07T13:00:00Z,https://www.youtube.com/watch?v=qgvAlha64J0,https://i.ytimg.com/vi/qgvAlha64J0/mqdefault_live.jpg
4571c7a211b945f3b608c0066f7e73e4,upcoming,【我的世界：地下城II 】跟英雄咨冒險同樂⚔️Minecraft Dungeons II【#咨播惹】,2026-10-07T13:00:00Z,https://www.youtube.com/watch?v=qi1SyShfsYQ,https://i.ytimg.com/vi/qi1SyShfsYQ/mqdefault_live.jpg
bc7d14416ba24cc8819f0753e1f595f5,upcoming,【Stardew Valley #24】Continue our journey at Fern Islands!【ENG/中/日本語】,2026-10-07T13:00:00Z,https://www.youtube.com/watch?v=9DXE-vwxQyA,https://i.ytimg.com/vi/9DXE-vwxQyA/mqdefault_live.jpg
6559d42f66684b8f80b4cd4589addd85,upcoming,【 勝利女神: 妮姬 】活動劇情 | COIN RUSH SHOWDOWN〖鴨鴨伊比．AhiruIbi 〗,2026-10-07T13:00:00Z,https://www.youtube.com/watch?v=Aia9F-VfVik,https://i.ytimg.com/vi/Aia9F-VfVik/mqdefault_live.jpg
3dd8c72cab6d494dbd6fbf0a0e3dc41a,upcoming,【Silent Hill: Townfall】一大坨史都華先生  // リンコ パン Rinko Pan #個人勢vtuber,2026-10-07T13:00:00Z,https://www.youtube.com/watch?v=i794Mfvhyns,https://i.ytimg.com/vi/i794Mfvhyns/mqdefault_live.jpg
44f1d1ad14034bd3949ad6f84624f0e4,upcoming,〖#valorant 〗₊˚.༄ 確認本人非盜👌🏻۶ৎ 嘻希呦 ShiKi nozomi,2026-10-07T13:00:00Z,https://www.youtube.com/watch?v=w_i_30uBS4M,https://i.ytimg.com/vi/w_i_30uBS4M/mqdefault_live.jpg
c805a5c2c4fb4a068a65267452aa4da5,upcoming,「伊莫 Aniimo」最近新的多人線上捉寵遊戲! 來找什麼樣的伊莫一起戰鬥好呢? #村下緋雨 #伊莫 #魔儲,2026-10-07T13:00:00Z,https://www.youtube.com/watch?v=eiBaPqbAWV0,https://i.ytimg.com/vi/eiBaPqbAWV0/mqdefault_live.jpg
a00240316f524d218d889d00a8b42721,upcoming,【日常雜談】下星期就五週年了！初見歡迎～✨️【星野流星/HKVtuber】,2026-10-07T13:00:00Z,https://www.youtube.com/watch?v=6CHWdYgQe6k,https://i.ytimg.com/vi/6CHWdYgQe6k/mqdefault_live.jpg
8fbd23f4e2ad442bb230aea8f433cd49,upcoming,【艾爾登法環#19】火山官邸算不算越級打怪 初見歡迎~ #台v #艾爾登法環,2026-10-07T13:00:00Z,https://www.youtube.com/watch?v=MGGM2axQMsA,https://i.ytimg.com/vi/MGGM2axQMsA/mqdefault_live.jpg
9959d43cae9b49dbbcd666f742322b4a,upcoming,【How to Fish】四個人一起釣魚，會先釣到魚還是先出事？！【四人連動｜鬼熊隊長／VTuber】@kumaichi2242,2026-10-07T13:00:00Z,https://www.youtube.com/watch?v=uZI31TH4fBE,https://i.ytimg.com/vi/uZI31TH4fBE/mqdefault_live.jpg
a2c7c34474174cd2bffcc17a32aeec21,upcoming,【#歌枠】過了可以吃冰的季節 ｜2.0募資中 #睡眠導入 #初見歓迎 #降落歡迎,2026-10-07T13:00:00Z,https://www.youtube.com/watch?v=5Sg4nbAmQlE,https://i.ytimg.com/vi/5Sg4nbAmQlE/mqdefault_live.jpg
fcf160e0e39147b4b4037d1e4d18f076,upcoming,【GeoGuessr】@ApAzusa126-ch  散步散步 今天要去哪裡ㄌㄟ【夜楓月宸yuechen】 #初見歡迎 #目標777訂閱,2026-10-07T13:00:00Z,https://www.youtube.com/watch?v=MqLCLDXjvVg,https://i.ytimg.com/vi/MqLCLDXjvVg/mqdefault_live.jpg
31f17632340f4e7fbd0ced07193dd81b,upcoming,很久沒有開直播...只要一生病...就是臥床不起的程度😭,2026-10-07T13:00:00Z,https://www.youtube.com/watch?v=8eUfoBDo5DQ,https://i.ytimg.com/vi/8eUfoBDo5DQ/mqdefault_live.jpg
948d1078ceaf4b39b3bef86fdab85482,upcoming,💜我還活著 記得想我阿阿【#娜歐/#NAO/#vtuber/#台V】,2026-10-07T13:00:00Z,https://www.youtube.com/watch?v=tk1BAZFQhEc,https://i.ytimg.com/vi/tk1BAZFQhEc/mqdefault_live.jpg
4576d781ddae45d59fc83c8d25385983,upcoming,【歌雜】免費點歌！來唱點歌度過今晚吧🎵【多洛莉絲⛓Dolores/臺灣vtuber】,2026-10-07T13:00:00Z,https://www.youtube.com/watch?v=S1ZHjer48uk,https://i.ytimg.com/vi/S1ZHjer48uk/mqdefault_live.jpg
521efecabae94dd6b1d21bc5e8543fcb,upcoming,16[遊戲台]elden ring (8) 搵碎星拉恩同拉卡德 砂糖奈月 hkvtuber twvtuber 粵語中文vtuber,2026-10-07T13:00:00Z,https://www.youtube.com/watch?v=J8_0q14UxaE,https://i.ytimg.com/vi/J8_0q14UxaE/mqdefault_live.jpg
1ea5aa0a7a7d401b897630667cf4b44e,upcoming,【GRAH呱呱10月號】果然還是該一起喝一杯先，對吧？ft. 凜、艾爾 with 小祈、葉維【蓋爾Gale】#初見歡迎,2026-10-07T13:00:00Z,https://www.youtube.com/watch?v=iG-lXriAuA8,https://i.ytimg.com/vi/iG-lXriAuA8/mqdefault_live.jpg
6ddea98137e2429eb0e9c4025ad9294f,upcoming,【遊戲】Code Brown 一個大便遊戲跟喜歡大便的你妳你 (不是我) 一起玩!! | 韶花 #初見歡迎 #降落歡迎,2026-10-07T13:00:00Z,https://www.youtube.com/watch?v=lzGZkL36_z4,https://i.ytimg.com/vi/lzGZkL36_z4/mqdefault_live.jpg
e3451dd6f3c0444c888eb6f67704613a,upcoming,【🌙晚安雜談｜簽到小卡(9月)】天氣開始有秋天的味道了，你會想到什麼呢? 一邊聊天一邊手簽小卡🩵【#亞雪｜Ashe】回憶製作、直播互動、手寫紀錄、聊天陪伴、晚安靜海,2026-10-07T13:00:00Z,https://www.youtube.com/watch?v=EtLtbakehms,https://i.ytimg.com/vi/EtLtbakehms/mqdefault_live.jpg
5f9767b104b54292bf6dd29863c0c6b1,upcoming,【遊戲實況】希望這次不會再嘔嘔嘔！山珍海味惡魔團再次粗花！ft.お魚、雪見惠、緹緹帕拉斯【Big Walk#2】,2026-10-07T13:00:00Z,https://www.youtube.com/watch?v=KhKkXevY2rU,https://i.ytimg.com/vi/KhKkXevY2rU/mqdefault_live.jpg
e0f419006f244a51804050ede1d1a5aa,upcoming,【Stardew Valley】we gonna save the GEOLOGIST!!! and fossil⛏️🦖,2026-10-07T13:00:00Z,https://www.youtube.com/watch?v=0zNj1qgKui0,https://i.ytimg.com/vi/0zNj1qgKui0/mqdefault_live.jpg
62b58adde13f4a73ab406f857d730e20,upcoming,【寶可夢冠軍】新賽季租用觀眾提供的隊伍 #初見歡迎 #觀眾場,2026-10-07T13:00:16Z,https://www.youtube.com/watch?v=QI5tPIlnn2Q,https://i.ytimg.com/vi/QI5tPIlnn2Q/mqdefault_live.jpg
b63a5ee44acf4498827a3fd984ab23e0,upcoming,【歌回】歌回018，如果小作文跟歌回一起開，就可以同時完成兩件事對吧！｜#蘆棠布奈 #蘆棠布Live,2026-10-07T13:15:00Z,https://www.youtube.com/watch?v=JSO8JgebUJk,https://i.ytimg.com/vi/JSO8JgebUJk/mqdefault_live.jpg
7dd6c13c71ee452e9a85dec903f2ee15,upcoming,【#重要】骷嚕的骨東大之進度最終報告 × 認真雜談 💬【骷髑くる/KuDuKuRu】,2026-10-07T13:30:00Z,https://www.youtube.com/watch?v=8oAoBzUrZqc,https://i.ytimg.com/vi/8oAoBzUrZqc/mqdefault_live.jpg
b9104b7fdb804facb0d8847f373a8a05,upcoming,＃01 🍵 等待開台中⋯⋯┊深夜拉麵┊茶 Cha 🎋,2026-10-07T13:30:00Z,https://www.youtube.com/watch?v=coKBvzQdBdo,https://i.ytimg.com/vi/coKBvzQdBdo/mqdefault_live.jpg
06a61409f4334b0eb8a5f647b819c78b,upcoming,【直播版】EP.73 看空中浩劫真的能救命，買二手 CPU 還要查前科？｜現正熱潮中 ft.@emonight666,2026-10-07T13:30:00Z,https://www.youtube.com/watch?v=DcpW74Nxtvw,https://i.ytimg.com/vi/DcpW74Nxtvw/mqdefault_live.jpg
e93182ff3a954e0e92567136dc3659ed,upcoming,【遊戲】天氣變冷了 來看小可愛們不emo #新人Vtuber #vtuber #台V,2026-10-07T13:30:00Z,https://www.youtube.com/watch?v=ZZqnhUwzIz8,https://i.ytimg.com/vi/ZZqnhUwzIz8/mqdefault_live.jpg
0247d07842794dccb043e0b10a888d30,upcoming,【日文歌回】終於要來唱唱全日文歌回！希望復仇歌單不要再繼續+1,2026-10-07T13:30:00Z,https://www.youtube.com/watch?v=xIok22Q939w,https://i.ytimg.com/vi/xIok22Q939w/mqdefault_live.jpg
c0c35f0471774be2b33163ae20f2d6bb,upcoming,【雜談／chitchat】除了性轉馬份＆沈柏楊跟蔣萬安之外還有甚麼新聞的各種V圈八卦中日雙語消夜雜談🍳日台トークの夜食雑談🍳【薬袋アルマ／Vtuber】,2026-10-07T13:30:00Z,https://www.youtube.com/watch?v=dCn-k7DTKFw,https://i.ytimg.com/vi/dCn-k7DTKFw/mqdefault_live.jpg
55be1972142c44799f83ce3db4f14fbd,upcoming,【One Hand Clapping】阿巴阿巴！這次肯定要破關！ | 有・柚実yuzzmi,2026-10-07T13:30:00Z,https://www.youtube.com/watch?v=Hs7K3FuychY,https://i.ytimg.com/vi/Hs7K3FuychY/mqdefault_live.jpg
52324c45fae74014bc603ae09d8d6136,upcoming,【修觀成人】採買日！健康用品是一定要有的吧？！│緗靈XiangLing #新人vtuber,2026-10-07T13:30:00Z,https://www.youtube.com/watch?v=WTofEsEArHo,https://i.ytimg.com/vi/WTofEsEArHo/mqdefault_live.jpg
7754dca48f524b938314a2b346772e4e,upcoming,【  歌枠  】你知道嗎? 停下來休息一會兒並非不被允許的。想悄悄地把變得凌亂的你，輕輕捧在手心♡,2026-10-07T13:30:00Z,https://www.youtube.com/watch?v=k7GysVjwSJs,https://i.ytimg.com/vi/k7GysVjwSJs/mqdefault_live.jpg
38fcf8bc7f3f45d68bab44577c019c84,upcoming,【遊戲】本月必做《Astral Party》觀眾同樂場！還有跟《魔法少女的魔女審判》連動中！？🤍✨｜療癒祭司西西莉⏱🌟🎶,2026-10-07T13:30:00Z,https://www.youtube.com/watch?v=Glok_qv2bZo,https://i.ytimg.com/vi/Glok_qv2bZo/mqdefault_live.jpg
fe569b0c059e406daf57eb2acd11cc21,upcoming,【重生成為頂流阿比的方法】聽說夢都要招新夥伴了，那我就來試一下重回甄選,2026-10-07T14:00:00Z,https://www.youtube.com/watch?v=yK_JMmVozvk,https://i.ytimg.com/vi/yK_JMmVozvk/mqdefault_live.jpg
209a528363cd411886ec9e5d086ff1bc,upcoming,帶上小焼牌火柴驅除災禍 👁️ 出門不用擔心獨眼阿罵｜斯拉夫民間恐怖故事 One-Eyed Likho,2026-10-07T14:00:00Z,https://www.youtube.com/watch?v=p0iNSX7mmG4,https://i.ytimg.com/vi/p0iNSX7mmG4/mqdefault_live.jpg
0e136a936a574815a311e6e801ce3ca6,upcoming,【松鼠開台中】黑關羽出巡，紙箱頭退避 #台V #初見歡迎,2026-10-07T14:00:00Z,https://www.youtube.com/watch?v=SoxzybpUjZQ,https://i.ytimg.com/vi/SoxzybpUjZQ/mqdefault_live.jpg
8f7fdc3104f541539132c122eeab6801,upcoming,【歌回】今晚唱什麼呢？沒有規畫的隨興歌回😆 #颯葻而至 #初見歡迎 #歡迎降落,2026-10-07T14:00:00Z,https://www.youtube.com/watch?v=qPdQHtZ4ywk,https://i.ytimg.com/vi/qPdQHtZ4ywk/mqdefault_live.jpg
e2049fd03bea4bf6bfee472e4674021c,upcoming,【餅乾雜談52】速速的追一下被愛盲目雙眼的大瘋子🏃‍➡️,2026-10-07T14:00:00Z,https://www.youtube.com/watch?v=To6UFYNcO5I,https://i.ytimg.com/vi/To6UFYNcO5I/mqdefault_live.jpg
05317bcbe5f243abb85618d2669bd0d7,upcoming,【雜談、音樂】聊些小事，等睡意悄悄來。,2026-10-07T14:00:00Z,https://www.youtube.com/watch?v=VWJfRilPpUA,https://i.ytimg.com/vi/VWJfRilPpUA/mqdefault_live.jpg
c16daca9d8b84b18a38ab97cdcd7577a,upcoming,7/10/26【GTA Vice City】迎接GTA6 玩同樣地圖嘅Vice City!【香港Vtuber/三日月凌】,2026-10-07T14:00:00Z,https://www.youtube.com/watch?v=iMinOCHKT9g,https://i.ytimg.com/vi/iMinOCHKT9g/mqdefault_live.jpg
67674d86fce54eceb37e0dc4ea802132,upcoming,【大師決鬥】補強靈使是組好了，不過渣男該抽嗎？,2026-10-07T14:00:00Z,https://www.youtube.com/watch?v=3WNqz0onJe4,https://i.ytimg.com/vi/3WNqz0onJe4/mqdefault_live.jpg
2c2bf7ce933a4f34ac25c2dfa72fe565,upcoming,【深夜談歆】人格屬性測驗 │羽歆 YuuXin,2026-10-07T14:00:00Z,https://www.youtube.com/watch?v=Ii6uMhDYOJQ,https://i.ytimg.com/vi/Ii6uMhDYOJQ/mqdefault_live.jpg
914f6caed3ff4348824d966f76662bc2,upcoming,【新形態】殿⋯！？【香港Vtuber/月島クロス】#新衣装お披露目,2026-10-07T14:00:00Z,https://www.youtube.com/watch?v=BpvFloZAJsw,https://i.ytimg.com/vi/BpvFloZAJsw/mqdefault_live.jpg
2d6886120def4c148c70514433d77e1e,upcoming,【歌回】90年代經典歌回🌸那些年聽不膩的歌曲，你能認出幾首？【Vtuber｜Singing Stream】 #ACGlive #綾音Ring,2026-10-07T14:00:00Z,https://www.youtube.com/watch?v=LVVP5WKVOKI,https://i.ytimg.com/vi/LVVP5WKVOKI/mqdefault_live.jpg
6c3a22611ac24eb19cec3bd7c78a8705,upcoming,刷遺物 練角色? 歡迎參加~ Steam版【艾爾登法環 黑夜君臨】,2026-10-07T14:00:00Z,https://www.youtube.com/watch?v=cNm0ayX10Fk,https://i.ytimg.com/vi/cNm0ayX10Fk/mqdefault_live.jpg
18bd2d37e2e64f0cab20ec6a2b2f2474,upcoming,【#無名島】DAY3 RUST中毒龍，今天看能不能搞到點好用的武器！【望夜 Night Ch.】#初見歡迎,2026-10-07T14:00:00Z,https://www.youtube.com/watch?v=1AN_m-6-Crs,https://i.ytimg.com/vi/1AN_m-6-Crs/mqdefault_live.jpg
702c74978d8f4adab79f292cbecb49a4,upcoming,火辣比基妮直播中 #台V #vtuber,2026-10-07T14:00:00Z,https://www.youtube.com/watch?v=FCrmoJCibZE,https://i.ytimg.com/vi/FCrmoJCibZE/mqdefault_live.jpg
36b917d4265f43a1a6cc9eb1d7b20608,upcoming,【#晚安歌回】咻咪咪 咻咪咪 💤  | 夜露妮亞 Yoruniya ღ,2026-10-07T14:00:00Z,https://www.youtube.com/watch?v=5xrUdK_5roM,https://i.ytimg.com/vi/5xrUdK_5roM/mqdefault_live.jpg
5fc94cdcf7594a3ba5ce001ba405d3be,upcoming,【限量复刻抢购】每个区域只有10份噢！都是色纸~！,2026-10-07T14:00:00Z,https://www.youtube.com/watch?v=9P6yw_LAVwM,https://i.ytimg.com/vi/9P6yw_LAVwM/mqdefault_live.jpg
c506f1ab266f47e2be683220533a4790,upcoming,🔴LIVE【Miss蜜絲】FUN心好好玩《天月麻雀》 活動完成!專心打牌位啦! | 2026/10/07,2026-10-07T14:00:00Z,https://www.youtube.com/watch?v=OwD32zQ3OWI,https://i.ytimg.com/vi/OwD32zQ3OWI/mqdefault_live.jpg
bee9506c5d714205bfc69573280852c2,upcoming,【雜聊】一月二度的おにくま畫畫時間owob | 初見さん大歓迎❤ | @mirutea_vtuber,2026-10-07T14:30:00Z,https://www.youtube.com/watch?v=o69hu4Pn4XM,https://i.ytimg.com/vi/o69hu4Pn4XM/mqdefault_live.jpg
76d68171666847cc913328359037139c,upcoming,📷開鏡露手手注意【ASMR哄睡向】讓貓咪姐姐幫你掏耳多放鬆一下 ❤ #初見歡迎 #歡迎降落 #掏耳 #按摩 #耳語 #心音,2026-10-07T14:30:00Z,https://www.youtube.com/watch?v=i3lHNr4up88,https://i.ytimg.com/vi/i3lHNr4up88/mqdefault_live.jpg
0bf0ec441dc6489583f7218e02ab6a89,upcoming,⚠️推特蒐尋香草奈若領取傳送門⚠️💗最期待的祕密約會時間!💗動起來了?搖搖晃晃?參加活動就會O出更多?💗欲求不滿姊姊床上私語｜只給乖乖的舔耳 ASMR💗好想要好想要你💗…乖，讓姊姊幫你放鬆放鬆...,2026-10-07T14:30:00Z,https://www.youtube.com/watch?v=rOf75-WuY8s,https://i.ytimg.com/vi/rOf75-WuY8s/mqdefault_live.jpg
6aefa292dc61441e98c787efb0067922,upcoming,【ASMR劇情向】地雷女還是綠茶♡不管是哪種你都不能拒絕誘惑｜按摩/親暱耳語/掏耳/kiss【羽芝扉扉 Uchi Fifi】,2026-10-07T14:30:00Z,https://www.youtube.com/watch?v=4CaeOM2mP0E,https://i.ytimg.com/vi/4CaeOM2mP0E/mqdefault_live.jpg
bafa406351614acb9162347235baf257,upcoming,教師節影片這樣拍真的是有問題的?為甚麼會吵這麼兇?【作死雜談】【蘭・柯爾絲】初見您好 降落歡迎,2026-10-07T15:00:00Z,https://www.youtube.com/watch?v=Gqa0aUsDPYo,https://i.ytimg.com/vi/Gqa0aUsDPYo/mqdefault_live.jpg
33717d815310491da465eb6258a70b1c,upcoming,【雜談】阿公走了，鬼故事會停止嗎!?【莉芙LivGawea】,2026-10-07T15:00:00Z,https://www.youtube.com/watch?v=i4r0cejIOX0,https://i.ytimg.com/vi/i4r0cejIOX0/mqdefault_live.jpg
4d0cbf91a5cb4524862207c5d406d98c,upcoming,九萬字 - 黃詩扶 / 瑟思安Cesium〖Cover〗,2026-10-07T15:00:00Z,https://www.youtube.com/watch?v=vZzcyYfPFj0,https://i.ytimg.com/vi/vZzcyYfPFj0/mqdefault.jpg
53c811a3e7814de2b76dd4e0c241a9e5,upcoming,【桌面探索者 #2】挑戰玩完!! 來翻找著舊電腦的檔案 心理恐怖與解謎遊戲｜Desktop Explorer【月台🌙YueTai】#台V  #歡迎降落 #初見歡迎,2026-10-07T15:00:00Z,https://www.youtube.com/watch?v=ur3jaSRhrco,https://i.ytimg.com/vi/ur3jaSRhrco/mqdefault_live.jpg
2463286fd3154219afa631c73d178147,upcoming,【探靈學會】去去去！去去去！,2026-10-07T15:30:00Z,https://www.youtube.com/watch?v=rdFwNkXryhc,https://i.ytimg.com/vi/rdFwNkXryhc/mqdefault_live.jpg
d46a06f4c654403e8b6376f7eda6f6ba,upcoming,尤克里里 | 是时候活动一下手指头了！【白桃チサ Shiromomo Chisa 🍑】#降落欢迎 #歌枠 #vtuber #ukulele #chisalive,2026-10-07T16:00:00Z,https://www.youtube.com/watch?v=MMcbsEIxHb0,https://i.ytimg.com/vi/MMcbsEIxHb0/mqdefault_live.jpg
96ff628d2280470b833174c32200a749,upcoming,【絕區零 #61】現況急轉直下，但我們現在算是因禍得福嗎🥹【艾爾法．戴蒙/Alfa Daimon】,2026-10-07T16:00:00Z,https://www.youtube.com/watch?v=xlyuzvNn-L4,https://i.ytimg.com/vi/xlyuzvNn-L4/mqdefault_live.jpg
787da9082edb4e9e9024a52cb12449e8,upcoming,【惡靈古堡1/Resident Evil1 PART11】十月綠界語音跟新🕺，惡靈古堡恐遊還債台💥  ｜BGM打字雜談陪伴🧊｜Alice公主殿下｜#初見歡迎｜#vtuber #台v #台灣vtuber,2026-10-07T17:00:00Z,https://www.youtube.com/watch?v=IavxbjLfQJc,https://i.ytimg.com/vi/IavxbjLfQJc/mqdefault_live.jpg
853be9569c0e446eaa5c5059642ea63b,upcoming,【#女王的遊戲：盛世天下 媚娘篇】玩完第一季接第二季繼續玩 ｜#PC #禁止劇透爆雷指示ban 86400秒 🎀【一貓Muse Ch. 】,2026-10-07T18:00:00Z,https://www.youtube.com/watch?v=O_boWIJIf9M,https://i.ytimg.com/vi/O_boWIJIf9M/mqdefault_live.jpg
abe50a593a1d4cdbbc6dfb8b45bbf6bb,upcoming,【Pokopia】#22 觀光客荔娜報到！帶我參觀你的島💞🏝️｜Leelina Stream #pokopia  #初見歡迎 #遊戲直播 #荔娜a底加 #早安台,2026-10-08T00:00:00Z,https://www.youtube.com/watch?v=GZgNaW2i33I,https://i.ytimg.com/vi/GZgNaW2i33I/mqdefault_live.jpg
cf38ee666e104dce949c195f5ac58da2,upcoming,【戰旗/AR/貓咪大戰爭】10/8  日子開始冷了 股票也是,2026-10-08T00:30:00Z,https://www.youtube.com/watch?v=SDYZltlQgv4,https://i.ytimg.com/vi/SDYZltlQgv4/mqdefault_live.jpg
c0c35f0471774be2b33163ae20f2d6bb,upcoming,【台股看盤】連假前看盤！新手學台股✨從零開始學習投資！【薬袋アルマ／Vtuber】,2026-10-08T01:00:00Z,https://www.youtube.com/watch?v=aGaWVKphFGA,https://i.ytimg.com/vi/aGaWVKphFGA/mqdefault_live.jpg
de266b34e79c49b48fa566e9fb1a24af,upcoming,【通勤歌回】正在通勤或已經上班的你，早安 ! ｜台灣Vtuber｜希珥 Shir,2026-10-08T01:00:00Z,https://www.youtube.com/watch?v=jz5H2RXHdu8,https://i.ytimg.com/vi/jz5H2RXHdu8/mqdefault_live.jpg
5d2231ea88fd474d8a11e5a759899216,upcoming,⍣ 新聞雜談✦10月8日 ⇎ 早九倒數140天 ⊶ 十六月 OctJun,2026-10-08T01:00:00Z,https://www.youtube.com/watch?v=GxTS46iKjn4,https://i.ytimg.com/vi/GxTS46iKjn4/mqdefault_live.jpg
a5f7302f9f1a4fcdb2471c4bc52a05fb,upcoming,JUMP KING QUEST｜#3 葵主播叫我7414 ft.米婭、諾芙【玖璐】,2026-10-08T01:30:00Z,https://www.youtube.com/watch?v=tEaznz9PdRY,https://i.ytimg.com/vi/tEaznz9PdRY/mqdefault_live.jpg
f2ad5f187c9141ab8830b8eaf81c3aee,upcoming,【皇朝 AsaKatsu】投稿收集👑最驚險的事分享! -EP33【皇咲レイナ | HKVtuber】,2026-10-08T01:30:00Z,https://www.youtube.com/watch?v=l6GBggRF0iE,https://i.ytimg.com/vi/l6GBggRF0iE/mqdefault_live.jpg
788611c913b04d999011628637657bee,upcoming,逼瘋日 🎮 我今天要跟葵主播玩遊戲  Ft.諾芙、玖璐  △ 米婭,2026-10-08T01:30:00Z,https://www.youtube.com/watch?v=k-dl1XLcDJs,https://i.ytimg.com/vi/k-dl1XLcDJs/mqdefault_live.jpg
d2c5b1c430fa45c8b9be0b8be65d8a6b,upcoming,【 #歌回 】隨心所欲的唱一些歌吧！ #初見大歡迎 ｜菈妮紫 Laneez,2026-10-08T03:00:00Z,https://www.youtube.com/watch?v=x9FlOB2Cmg8,https://i.ytimg.com/vi/x9FlOB2Cmg8/mqdefault_live.jpg
d889f67fe7b84a38a9742ab2a47f346a,upcoming,《午間雜談》｜最近正在看〖發生在近畿某處的那些事〗，內容比我想的還要可怕好多...｜⛩ 緣醬Enchan ⛩,2026-10-08T04:00:00Z,https://www.youtube.com/watch?v=vKp4sI-hkWI,https://i.ytimg.com/vi/vKp4sI-hkWI/mqdefault_live.jpg
40c846b91c4a44a980eddf20f0f789c0,upcoming,✦ ₊˚ 圖奇雙開 |雜談 -午餐有兔兔 | 和大家一起看鬼屋| 音量注意 ˚₊✧,2026-10-08T04:00:00Z,https://www.youtube.com/watch?v=p_IddZC6IJU,https://i.ytimg.com/vi/p_IddZC6IJU/mqdefault_live.jpg
f94ba8ea1a5441c4852d53e8f528ee20,upcoming,【雜雜雜談】陪里午餐 💜 來看看大家今天吃什麼  ❣   歡迎降落、初見、聊天、掛台   ¦　【千里せんり】#live,2026-10-08T04:30:00Z,https://www.youtube.com/watch?v=LPQfOjG7Ca0,https://i.ytimg.com/vi/LPQfOjG7Ca0/mqdefault_live.jpg
eda6bf91049349e08f0f269fb4f8c0f9,upcoming,🔴直播【 APEX 】┃一槍一個vs被一槍倒地？┃風鈴芽依TrumpetMei┃#鈴芽俐齒 #vtuber #Apex英雄 #降落歡迎,2026-10-08T06:00:00Z,https://www.youtube.com/watch?v=TNwyCYLO3S4,https://i.ytimg.com/vi/TNwyCYLO3S4/mqdefault_live.jpg
8faff7aecb9d4e12917ea0144696e2de,upcoming,【崩壞：星穹鐵道】💫前進3.8劇情！《記憶是夢的開場白》什麼叫做我要回到匹諾康尼！？💫#星穹鐵道 #HonkaiStarRail #崩壊スターレイル【黑薔薇優璃愛】,2026-10-08T06:00:00Z,https://www.youtube.com/watch?v=TuzPvUL_k8E,https://i.ytimg.com/vi/TuzPvUL_k8E/mqdefault_live.jpg
3a30426a65fe450bbef138fd8ba35f1e,upcoming,【艾爾登法環#8】非初見，魂系馬拉松第三站！！DLC世界的第二集，這次一樣要將所有角色劇情解好解滿！！今天來看看能不能突破幽影城！【劇情暴雷注意】【猫又くろね★Vtuber★】#初見歡迎 #歡迎降落,2026-10-08T06:00:00Z,https://www.youtube.com/watch?v=yRWYEsubzMs,https://i.ytimg.com/vi/yRWYEsubzMs/mqdefault_live.jpg
9012b1827e8141bd9d56d1a04b2f7ad1,upcoming,【歌雜】此時此刻你在想誰？🍥｜七星ナギ・馬來西亞VTuber #雜談 #歌枠,2026-10-08T06:17:00Z,https://www.youtube.com/watch?v=ktJmmplX3Js,https://i.ytimg.com/vi/ktJmmplX3Js/mqdefault_live.jpg
bc7d14416ba24cc8819f0753e1f595f5,upcoming,【Ronia's Focus Sessions 】午間作業｜Soft Talking ｜Virtual Library 【ENG/中/日本語】,2026-10-08T07:00:00Z,https://www.youtube.com/watch?v=Z5qw8yVrXvg,https://i.ytimg.com/vi/Z5qw8yVrXvg/mqdefault_live.jpg
2f607aefde1d4264814d4e9282dd5cb0,upcoming,「你沒下班我陪你，我沒下班你陪我!」雜談｜一顆糖💣 Ch.,2026-10-08T09:00:00Z,https://www.youtube.com/watch?v=kejwXxpKNLg,https://i.ytimg.com/vi/kejwXxpKNLg/mqdefault_live.jpg
d475848a566848dc9f6ad02707d87e2a,upcoming,【Viewfinder】影相我強項，解謎都係我強項【HKVTuber/Ding】,2026-10-08T09:00:00Z,https://www.youtube.com/watch?v=YdWmHLoEY7Q,https://i.ytimg.com/vi/YdWmHLoEY7Q/mqdefault_live.jpg
483a76d7ad1d464aa290606959ddddec,upcoming,【空洞騎士 SilkSong🧵#2】探索「遠野」,2026-10-08T09:00:00Z,https://www.youtube.com/watch?v=Wb1bY5c2S8w,https://i.ytimg.com/vi/Wb1bY5c2S8w/mqdefault_live.jpg
36a96262405a4d4683db73d8403bf8b7,upcoming,九月書單｜ 這個月還在推理小說！ #初見さん大歓迎,2026-10-08T09:00:00Z,https://www.youtube.com/watch?v=GtmCLCLTvPc,https://i.ytimg.com/vi/GtmCLCLTvPc/mqdefault_live.jpg
b399afc661d04f47acc9d0681be343b4,upcoming,【💙歌回】這週只需要上四天班🤟國慶連假來拯救我了🐺🎤 | 小資狼 Shoshiro,2026-10-08T10:00:00Z,https://www.youtube.com/watch?v=wfCuEDpFc98,https://i.ytimg.com/vi/wfCuEDpFc98/mqdefault_live.jpg
445a732fc0f64712b3213b4cd98fbdd3,upcoming,【空戰奇兵8】空戰藍鵲即將上線，準備升空迎擊敵機-EP.4 重翱天際的湛藍之羽，在另一個時間線裡，我們的冒險正要開始~【青羽まことAohane Makoto Ch.】,2026-10-08T10:00:00Z,https://www.youtube.com/watch?v=5X3OWSlTtJI,https://i.ytimg.com/vi/5X3OWSlTtJI/mqdefault_live.jpg
2a5241b8ebc54be98263c9ea2924b7e9,upcoming,【鳥人瑞克斯】兇寓(下)丨與恐怖老奶的浪漫約會...就說他是恐怖情人,2026-10-08T10:00:00Z,https://www.youtube.com/watch?v=0Q1Y721UzWQ,https://i.ytimg.com/vi/0Q1Y721UzWQ/mqdefault.jpg
c25e6f38d6df447e84c4747ba6ac75cc,upcoming,【 中文歌回 】對於傾聽者而言，大地處處皆是樂章。 初見歡迎 / 【 安特羅迦Entrovia 】,2026-10-08T10:00:00Z,https://www.youtube.com/watch?v=EKEyJfHG5dM,https://i.ytimg.com/vi/EKEyJfHG5dM/mqdefault_live.jpg
4dd71b1079284bdb8ba90198317e524d,upcoming,【Fire Emblem: Fortune's Weave 】火紋 聖火降魔錄 萬縷千絲 EP11 第三部 救世篇第二區分,2026-10-08T10:15:00Z,https://www.youtube.com/watch?v=uuHzvHy85Ys,https://i.ytimg.com/vi/uuHzvHy85Ys/mqdefault_live.jpg
191998e9f0ec4d67a19da194af311636,upcoming,ʚ 見習巫女的遊戲修行 ɞ 今天玩恐怖rpg，感覺很久沒玩這類型的遊戲了★｜鬼塚夏實｜血百合 殺人魔別夾在百合間,2026-10-08T11:00:00Z,https://www.youtube.com/watch?v=U0zxXsgDzFg,https://i.ytimg.com/vi/U0zxXsgDzFg/mqdefault_live.jpg
a28e29c9e8ec4791a700cd2e30904534,upcoming,【料理実間】辣雞麵歐姆蛋🦃韓國人在明洞排隊買的小吃 真的有那麼好吃嗎？ #初見歡迎 #降落歡迎,2026-10-08T11:30:00Z,https://www.youtube.com/watch?v=D4a9YdW5IDw,https://i.ytimg.com/vi/D4a9YdW5IDw/mqdefault_live.jpg
f5ff982730f54cd4826ff0530a4288c2,upcoming,🍜 【直播精華】超瑟情ASMR同步視聽...誰先害羞誰就輸了！！ ft.‪@瑪格麗特margaretnorth,2026-10-08T11:45:00Z,https://www.youtube.com/watch?v=ZMpwsSJst-0,https://i.ytimg.com/vi/ZMpwsSJst-0/mqdefault.jpg
e1b2337b79d1449e9ae6a754ec74050d,upcoming,【同時視聽】年度恐怖巨作FX戦士くるみちゃん！1-2話！【香港VTUBER】,2026-10-08T11:55:00Z,https://www.youtube.com/watch?v=uLa46EsBIFM,https://i.ytimg.com/vi/uLa46EsBIFM/mqdefault_live.jpg
9a496e9b261f401dba4991a9f4c7048e,upcoming,【恐怖小品🔹】不要弄掉蛋糕 女兒我來啦！ - 悠蜜Yomiii #馬來西亞vtuber #马来西亚vtuber,2026-10-08T12:00:00Z,https://www.youtube.com/watch?v=T1d1kqmJmgs,https://i.ytimg.com/vi/T1d1kqmJmgs/mqdefault_live.jpg
32a08f858ffb4d6aba0624647cf8cf2d,upcoming,【崩壞:星穹鐵道#33】崩鐵4.6版本主線！阿哈快救救二相樂園阿~~~,2026-10-08T12:00:00Z,https://www.youtube.com/watch?v=unPshuErhtg,https://i.ytimg.com/vi/unPshuErhtg/mqdefault_live.jpg
bdcf0d95e6544ebaaddbfba94839cd6b,upcoming,【光遇】SKY~歡迎現場加入#克拉拉on air#台v#個人勢vtuber#多多,2026-10-08T12:00:00Z,https://www.youtube.com/watch?v=T0c_3mnvqmM,https://i.ytimg.com/vi/T0c_3mnvqmM/mqdefault_live.jpg
824bd7df6923453292dec9ff3e3f664a,upcoming,【旅遊準備】馬來西亞！我來啦！與當地朋朋安排行程（？【#雜談】(P.754)　#水母暮暮　#KL,2026-10-08T12:00:00Z,https://www.youtube.com/watch?v=M7c9vIBN6OQ,https://i.ytimg.com/vi/M7c9vIBN6OQ/mqdefault_live.jpg
6abc6d7010ed4b7a88b2566b171c9005,upcoming,【塩月會生日】墨生隨筆 · 首章結尾｜今夜落款 與君共度 開啟下一卷 #墨生 #初見歡迎 #歡迎降落,2026-10-08T12:00:00Z,https://www.youtube.com/watch?v=g0JbCQMkflk,https://i.ytimg.com/vi/g0JbCQMkflk/mqdefault_live.jpg
96f44559b15e4bad9de2eb8a0a2a92da,upcoming,【睡眠導入ASMR】水母漂漂哄睡台１２！,2026-10-08T12:00:00Z,https://www.youtube.com/watch?v=qs8lprTmBZU,https://i.ytimg.com/vi/qs8lprTmBZU/mqdefault_live.jpg
c0c35f0471774be2b33163ae20f2d6bb,upcoming,【盛世天下～女帝への道II～ 李泰線 #1】いよいよIF線スタート！実写ドロドロ宮廷サバイバル🎮學習不太正確的唐朝歷史(X)騷操作玩日文字幕！女帝篇【藥袋アルマ／Vtuber】,2026-10-08T12:00:00Z,https://www.youtube.com/watch?v=qYJZpaMSPeo,https://i.ytimg.com/vi/qYJZpaMSPeo/mqdefault_live.jpg
4d0cbf91a5cb4524862207c5d406d98c,upcoming,〖 MBTI拯救計畫－P人 〗幫沙拉盒的三個P人排月表~ ft.蕾咪║ 瑟思安Cesium,2026-10-08T12:00:00Z,https://www.youtube.com/watch?v=vbrLZMEUCWg,https://i.ytimg.com/vi/vbrLZMEUCWg/mqdefault_live.jpg
1eef7c0894a547a2bff186f6a735145a,upcoming,【#歌雜 】涼涼的好好睡~ / 今日もお歌歌いますぞぃ。 #台湾vtuber #初見歓迎,2026-10-08T12:00:00Z,https://www.youtube.com/watch?v=BWgknu0v8l8,https://i.ytimg.com/vi/BWgknu0v8l8/mqdefault_live.jpg
7af8f321e84542dc9ccda160152fbf0b,upcoming,賽勒姆-Salem 【台灣VTuber】《襪罪並罰》荒謬法庭大亂鬥，我說有罪就是有罪! 下面一位!!!Ft.緹莉玲、菜姬、尸紫苑、門奈佳玉月,2026-10-08T12:00:00Z,https://www.youtube.com/watch?v=HfWLb1Qg53s,https://i.ytimg.com/vi/HfWLb1Qg53s/mqdefault_live.jpg
61c75f9fbf044b54872197eec7c9bafa,upcoming,【戰甲神兵 WARFRAME】每周撈撈:D,2026-10-08T12:00:00Z,https://www.youtube.com/watch?v=SxcodEq5x_4,https://i.ytimg.com/vi/SxcodEq5x_4/mqdefault_live.jpg
5de329cf8bc5410fb40ef38d117be94d,upcoming,【歌回】請進來聽歌~ #冬鈴 #唱歌 #聊天,2026-10-08T12:00:00Z,https://www.youtube.com/watch?v=yaCIbjQlTiI,https://i.ytimg.com/vi/yaCIbjQlTiI/mqdefault_live.jpg
5da1b6db7796434f9180d2f5e210ea6c,upcoming,【雜談】自己準備酒啊！我有幾個朋朋的八卦可以分享唷！【花陸万宵Mayo・Vtuber】,2026-10-08T12:00:00Z,https://www.youtube.com/watch?v=0UBAYwY8GbU,https://i.ytimg.com/vi/0UBAYwY8GbU/mqdefault_live.jpg
a168211aa3dd451cb33e09b80df0ea0a,upcoming,花咲 - シルエット / 百人白首 #69,2026-10-08T12:00:00Z,https://www.youtube.com/watch?v=0UkImeilGcs,https://i.ytimg.com/vi/0UkImeilGcs/mqdefault.jpg
8ae0f370cf124faa953a09089a427fd9,upcoming,《Nintendo Switch Sports》#46 踢足球！每週更新道具⚽,2026-10-08T12:00:00Z,https://www.youtube.com/watch?v=eaafrijelt8,https://i.ytimg.com/vi/eaafrijelt8/mqdefault_live.jpg
e92219319c904d17ad14a223a304f7b5,upcoming,【#幽點想玩】妹妹阿~車神姐姐來教你開車了! / 浮幽幽 FUU,2026-10-08T12:30:00Z,https://www.youtube.com/watch?v=UEz7tdNY2Z4,https://i.ytimg.com/vi/UEz7tdNY2Z4/mqdefault_live.jpg
44b22851b9df4612bec834e2cfde9489,upcoming,［⁠#迎真創意學院］科技科一般課堂！｜相機的使用技巧(上)　#HKVSSC,2026-10-08T12:30:00Z,https://www.youtube.com/watch?v=v9dXPIQe1UI,https://i.ytimg.com/vi/v9dXPIQe1UI/mqdefault_live.jpg
cdb5c89f61c94949a989457cf549b7e4,upcoming,🍓異環ＮＴＥ ♥ˎˊ˗  有機會去噗卡樂園玩嗎今天！ ♡.゜〖莓芊時戀💖┊Neverness to Everness〗,2026-10-08T12:30:00Z,https://www.youtube.com/watch?v=IjZvJoMS8Ss,https://i.ytimg.com/vi/IjZvJoMS8Ss/mqdefault_live.jpg
a725f6babc5f44779d7389886c6cd7b7,upcoming,【APEX】 打APEX復健台 上分【＃VTuber/＃夜羽結伊子】,2026-10-08T12:30:00Z,https://www.youtube.com/watch?v=JeihXkhfp8A,https://i.ytimg.com/vi/JeihXkhfp8A/mqdefault_live.jpg
c03997835cc943fe81a441c571d733d0,upcoming,【遊戲】聖靈之光｜聽說會跳到死【白給☆】#完全初見  #01 #聖靈之光 #oriandtheblindforestdefinitiveedition,2026-10-08T12:30:00Z,https://www.youtube.com/watch?v=fq697M-lqVE,https://i.ytimg.com/vi/fq697M-lqVE/mqdefault_live.jpg
c88554bbf263412da16e7a17fd03e467,upcoming,【Valorant】好久沒打特戰ㄌ 不要看我戰績…看我就好(〃ω〃)｜#初見歡迎  ☁ 天蕓茶茶 ☁,2026-10-08T12:30:00Z,https://www.youtube.com/watch?v=Ol1mimnhZiE,https://i.ytimg.com/vi/Ol1mimnhZiE/mqdefault_live.jpg
02dadd7977b8412b99f101241de4cb3f,upcoming,【柏德之門3 V朋聯動】一起在DND的世界裡探索囉！#37,2026-10-08T12:30:00Z,https://www.youtube.com/watch?v=X4RSbnNMLRU,https://i.ytimg.com/vi/X4RSbnNMLRU/mqdefault_live.jpg
f53807443055490f87b85ded6caee0aa,upcoming,【BOMBANANA】10/8 講不聽🙉看不見🙈嘴閉閉🙊三隻猴子搞耍拆炸彈 @Siroya.Neilson @yunyun_twvt  | 可樂月月 ColaMoon,2026-10-08T12:30:00Z,https://www.youtube.com/watch?v=Cx9phY46agI,https://i.ytimg.com/vi/Cx9phY46agI/mqdefault_live.jpg
7ae1c13d53fb44f49f386eef43c63ee4,upcoming,【#游戲】🎮 Part3《原神》7.1「往冥府的安魂歌」主线开启拉~~,2026-10-08T12:30:00Z,https://www.youtube.com/watch?v=OxBoXxsIuiM,https://i.ytimg.com/vi/OxBoXxsIuiM/mqdefault_live.jpg
538d1d2058da4bdea1c7f43f088e995b,upcoming,初見歓迎＆理想姊妹☀️三隻猴子拆炸彈💥瞎猴🙈聾猴🙉啞猴🙊這局根本完蛋！只要放棄通靈，我就不蕉綠🍌這輩子就蕉代在這了...｜BOMBANANA!｜治癒系Vtuber ✟ 希蘿亞Siroya,2026-10-08T12:30:00Z,https://www.youtube.com/watch?v=wal6DbJc-6Y,https://i.ytimg.com/vi/wal6DbJc-6Y/mqdefault_live.jpg
0fbdfcc1b9cf41fdb840cf2f546d9324,upcoming,【原神】長草了,2026-10-08T13:00:00Z,https://www.youtube.com/watch?v=1_OOhk3N_n4,https://i.ytimg.com/vi/1_OOhk3N_n4/mqdefault_live.jpg
abe50a593a1d4cdbbc6dfb8b45bbf6bb,upcoming,【Hollow Knight】#15 玩越久越懷疑自己的技術(｡ŏ_ŏ)｜Leelina Stream #初見歡迎 #hollowknight #荔娜a底加 #遊戲直播 #空洞騎士 #台灣vtuber,2026-10-08T13:00:00Z,https://www.youtube.com/watch?v=GSuAybK1qQM,https://i.ytimg.com/vi/GSuAybK1qQM/mqdefault_live.jpg
abe50a593a1d4cdbbc6dfb8b45bbf6bb,upcoming,【VALORANT】一次好也好，好想體驗一槍一個的快感( • ̀ω•́ )｜Leelina Stream #初見歡迎 #valorant  #荔娜a底加 #遊戲直播 #瓦羅蘭 #完全初見 #射擊遊戲,2026-10-08T13:00:00Z,https://www.youtube.com/watch?v=a3VFUFrMKwg,https://i.ytimg.com/vi/a3VFUFrMKwg/mqdefault_live.jpg
ffe3f2e400ab4237ac873ae9d5a0eda4,upcoming,【點歌歌回】最後特別開放免費點歌捏! 要遵守點歌規則喔!【奇露琪露 Kirukiru】,2026-10-08T13:00:00Z,https://www.youtube.com/watch?v=bJTQ5-YzW4s,https://i.ytimg.com/vi/bJTQ5-YzW4s/mqdefault_live.jpg
3c1783f6914f414b830c836829d1afa2,upcoming,「黑神話：悟空」再次遊玩魂系遊戲...還能像以往一樣順利嗎？#遊戲台,2026-10-08T13:00:00Z,https://www.youtube.com/watch?v=WtTiFbXk11s,https://i.ytimg.com/vi/WtTiFbXk11s/mqdefault_live.jpg
463e3994840145618264d41fa3eaf344,upcoming,【 NINJA GAIDEN: Ragebound 】#7 咪鱷來當忍者去冒險啦~,2026-10-08T13:00:00Z,https://www.youtube.com/watch?v=sDrXDssgyoE,https://i.ytimg.com/vi/sDrXDssgyoE/mqdefault_live.jpg
db4fd03c50654057bd32b9201666b345,upcoming,【塗鴉躲貓貓/超級變色龍】終於有人找我一起躲貓貓了😭 ft.很多人,2026-10-08T13:00:00Z,https://www.youtube.com/watch?v=Jk2NcQicpew,https://i.ytimg.com/vi/Jk2NcQicpew/mqdefault_live.jpg
e069724ddab54dd690d6c3425574effd,upcoming,【匿名問答】這次有很多不知所以然的問題呢｜Nice To Meet You #賣勾萊拉,2026-10-08T13:00:00Z,https://www.youtube.com/watch?v=AzRq6RIhjOA,https://i.ytimg.com/vi/AzRq6RIhjOA/mqdefault_live.jpg
4de233ea7dfc4a7da1738ab627babd48,upcoming,【RUST-豹立淨】重回廢土生存，這次我要努力活下去😭 w/ @AkiMiiieyy [日本語/EN👌/初見歓迎] #IriLive #rust,2026-10-08T13:00:00Z,https://www.youtube.com/watch?v=JtHZ3SsDrFo,https://i.ytimg.com/vi/JtHZ3SsDrFo/mqdefault_live.jpg
2a2b7990365f4a1bb1d8acf1ae0f2f32,upcoming,"Stream 8/10/26 你打(MH)荒野, 我打荒野(亂鬥) 【荒野亂鬥 Brawl Stars】",2026-10-08T13:00:00Z,https://www.youtube.com/watch?v=FZYj2gW2_A0,https://i.ytimg.com/vi/FZYj2gW2_A0/mqdefault_live.jpg
3dd8c72cab6d494dbd6fbf0a0e3dc41a,upcoming,【Silent Hill: Townfall】好想...打電話...  // リンコ パン Rinko Pan #個人勢vtuber,2026-10-08T13:00:00Z,https://www.youtube.com/watch?v=Fv8tjgwJ6Lc,https://i.ytimg.com/vi/Fv8tjgwJ6Lc/mqdefault_live.jpg
18bd2d37e2e64f0cab20ec6a2b2f2474,upcoming,"【 鳴潮 】心 Hsin《心月辭·何所往》""Ode to Hsin and Moon""｜Cover by 望夜 Night",2026-10-08T13:00:00Z,https://www.youtube.com/watch?v=cq0fJoHmQ4c,https://i.ytimg.com/vi/cq0fJoHmQ4c/mqdefault.jpg
004e635d5d494045a810b2d026e769c7,upcoming,回家？好公民搶劫啦！ 【臺北狂飆】,2026-10-08T13:00:00Z,https://www.youtube.com/watch?v=A40M50cPaVo,https://i.ytimg.com/vi/A40M50cPaVo/mqdefault_live.jpg
a55a6a4b6453413cb8b1dc69423b67d5,upcoming,【 #雑談 】告知あり！寝る前にちょっとおしゃべりタイム💭マシュマロも読みます～ #vtuber,2026-10-08T13:00:00Z,https://www.youtube.com/watch?v=4at_u7J_Oyk,https://i.ytimg.com/vi/4at_u7J_Oyk/mqdefault_live.jpg
d6666443c70f478eb3008d28a33e0f61,upcoming,【防災教育講座】EP.18  台灣也會燒山？從森林火災看見你不知道的山林危機  ─ 森林火災【斯洛姆】 #斯在哈囉 #初見歡迎 #歡迎降落,2026-10-08T13:00:00Z,https://www.youtube.com/watch?v=FWvpn1CLOIQ,https://i.ytimg.com/vi/FWvpn1CLOIQ/mqdefault_live.jpg
0ede84dfc1ff426cb42643d7390d2937,upcoming,"【🍽️家政烹飪科】🍡港式小食前世今生 , 合桃酥食譜! ｜ 降落,掛台,初見大歡迎【Donut 糖納茲 / HK vtuber】#迎真創意學院",2026-10-08T13:00:00Z,https://www.youtube.com/watch?v=KZQux5iCNvI,https://i.ytimg.com/vi/KZQux5iCNvI/mqdefault_live.jpg
988d1a83ff6c4f82af6be42946987c36,upcoming,成為專業活網仔🌐看看近期社群上的熱議話題🤔｜【雜談】Let's 透可,2026-10-08T13:00:00Z,https://www.youtube.com/watch?v=krlAh8ZIhis,https://i.ytimg.com/vi/krlAh8ZIhis/mqdefault_live.jpg
d12c381ce5044844ad4bd624085026bc,upcoming,【#歌回】想到甚麼唱甚麼 #新人vtuber #台V #初見歡迎,2026-10-08T13:00:00Z,https://www.youtube.com/watch?v=jq70Nbq6xnE,https://i.ytimg.com/vi/jq70Nbq6xnE/mqdefault_live.jpg
49196eec11454f589d4d6e52f1b1bbe8,upcoming,【直播】【遊戲】襪罪並罰！|據說要一本正經說幹話！居然有連動欸！？【菜姬】,2026-10-08T13:00:00Z,https://www.youtube.com/watch?v=AK3IJm2ARtU,https://i.ytimg.com/vi/AK3IJm2ARtU/mqdefault_live.jpg
07c204505d544b28bb52426d0665a59c,upcoming,【#連動】塗鴉躲貓貓!!大家來找碴!!【幽櫻雪梓SakuraYukizusa】 fat.很多人 #Vtuber #貨真價食 #MECCHA CHAMELEON,2026-10-08T13:00:00Z,https://www.youtube.com/watch?v=6g_GEEmheD4,https://i.ytimg.com/vi/6g_GEEmheD4/mqdefault_live.jpg
7d2aa4176f60423bb1532ac37ed55e28,upcoming,【遊戲】【Undertale】霸道魚姐衝向我 #6【骨頭Man】,2026-10-08T13:00:00Z,https://www.youtube.com/watch?v=l61Czb8T_q0,https://i.ytimg.com/vi/l61Czb8T_q0/mqdefault_live.jpg
0df008566e92461eb808c5b3ba9c7f0f,upcoming,【超級變色龍】十二人的躲貓貓！我準備好獸腳亞目偽裝術了！Ft.很多人,2026-10-08T13:00:23Z,https://www.youtube.com/watch?v=tpWL1xG_maU,https://i.ytimg.com/vi/tpWL1xG_maU/mqdefault_live.jpg
20aa88e16d77400b9bc4e72df1b2a588,upcoming,【告知雜談】頻道調整報告、記得開小鈴鐺!｜若禾Nyaka #vtuber #初見歡迎 #降落歡迎,2026-10-08T13:30:00Z,https://www.youtube.com/watch?v=EK9D_ZR7grk,https://i.ytimg.com/vi/EK9D_ZR7grk/mqdefault_live.jpg
f2ad5f187c9141ab8830b8eaf81c3aee,upcoming,【In Sink】大智將再再再參上!【皇咲レイナ | HKVtuber】#insink #解謎遊戲 #合作遊戲,2026-10-08T13:30:00Z,https://www.youtube.com/watch?v=DcoYq5Gi1uQ,https://i.ytimg.com/vi/DcoYq5Gi1uQ/mqdefault_live.jpg
bac1f0b8e8d149d4a48cfd30d7d7ad74,upcoming,【心事留座#9】傾聽想分享的事情！不定期投稿直播(初次嘗試一下！)！【陳凱婷】,2026-10-08T13:30:00Z,https://www.youtube.com/watch?v=1ssU1KWBO74,https://i.ytimg.com/vi/1ssU1KWBO74/mqdefault_live.jpg
c805a5c2c4fb4a068a65267452aa4da5,upcoming,「Grounded」DAY7 今天會在家聊天還是會出去探險呢   feat.兔子阿比、法師 #村下緋雨,2026-10-08T13:30:00Z,https://www.youtube.com/watch?v=iaCKbWVXcjs,https://i.ytimg.com/vi/iaCKbWVXcjs/mqdefault_live.jpg
e1b2337b79d1449e9ae6a754ec74050d,upcoming,【In Sink】【#5】小智將參上!【香港VTUBER】,2026-10-08T13:30:00Z,https://www.youtube.com/watch?v=i_SvFDbv0As,https://i.ytimg.com/vi/i_SvFDbv0As/mqdefault_live.jpg
fe569b0c059e406daf57eb2acd11cc21,upcoming,【泳池循環 pool loop】我覺得我會尖叫 阿比飛翔，第一次玩這個!!,2026-10-08T14:00:00Z,https://www.youtube.com/watch?v=hWLxuQ0jh2o,https://i.ytimg.com/vi/hWLxuQ0jh2o/mqdefault_live.jpg
05317bcbe5f243abb85618d2669bd0d7,upcoming,【雜談、音樂】你還醒著嗎？罐子也在這裡。,2026-10-08T14:00:00Z,https://www.youtube.com/watch?v=XHG3S8aS1ME,https://i.ytimg.com/vi/XHG3S8aS1ME/mqdefault_live.jpg
14b8fa0f43664c31a5d634b20f9112d9,upcoming,【料理臺】準備時間超長!!!來看V做滷牛腱吧!!!,2026-10-08T14:00:00Z,https://www.youtube.com/watch?v=Gp6y5ntl0tY,https://i.ytimg.com/vi/Gp6y5ntl0tY/mqdefault_live.jpg
83cb016f535f4275bba29ad276b2084f,upcoming,"🫧洗澡台🫧 深夜洗捧捧～陪我慢慢聊吧(,,・ω・,,) 月瑤 YueYao ꕤ Mojoylive 三期生",2026-10-08T14:00:00Z,https://www.youtube.com/watch?v=OBAUYUPwV0U,https://i.ytimg.com/vi/OBAUYUPwV0U/mqdefault_live.jpg
6391e2693fa6464d83fdf5d136596bb0,upcoming,【お絵描き雑談】やりたいことをやるだけの夜のポモドーロお絵描き雑談 #作業配信,2026-10-08T14:00:00Z,https://www.youtube.com/watch?v=sIT2S1OYIeY,https://i.ytimg.com/vi/sIT2S1OYIeY/mqdefault_live.jpg
bee9506c5d714205bfc69573280852c2,upcoming,【遊戲】伊莫Day5 歡迎來加加owo!!!! | 初見さん大歓迎❤ | @mirutea_vtuber,2026-10-08T14:30:00Z,https://www.youtube.com/watch?v=mmMIParbMSk,https://i.ytimg.com/vi/mmMIParbMSk/mqdefault_live.jpg
50433c34f368460c9cda947f292a62b4,upcoming,【#黯井微光🔥】新出的暗黑童話風類銀河城遊戲！小小鳥手持火柴拯救家族💪【Well Dweller】【貓宮步夢】,2026-10-08T15:00:00Z,https://www.youtube.com/watch?v=In75uOMdNr0,https://i.ytimg.com/vi/In75uOMdNr0/mqdefault_live.jpg
f1be475d4aa34c3faf4826a77ceb99b5,upcoming,【Marvel's Wolverine 漫威金剛狼】來玩最近討論度蠻高的漫威金鋼狼 ep2 | 夢乃めあ Mea CH.與她弄掛的鬼魂,2026-10-08T15:45:00Z,https://www.youtube.com/watch?v=k3c6KParVdI,https://i.ytimg.com/vi/k3c6KParVdI/mqdefault_live.jpg
d46a06f4c654403e8b6376f7eda6f6ba,upcoming,原神 | 今天可以赚到多少个原石？【白桃チサ Shiromomo Chisa 🍑】#原神 #genshinimpact #降落歡迎,2026-10-08T16:00:00Z,https://www.youtube.com/watch?v=R4I03wjvcEM,https://i.ytimg.com/vi/R4I03wjvcEM/mqdefault_live.jpg
6503172c78774a0fa639255ac2e7e85a,upcoming,【FGO抽卡】抽黑姬加活動禮裝【香港Vtuber/猫崎夜光】,2026-10-08T16:30:00Z,https://www.youtube.com/watch?v=JMcsRvTcmQs,https://i.ytimg.com/vi/JMcsRvTcmQs/mqdefault_live.jpg
6abc6d7010ed4b7a88b2566b171c9005,upcoming,【墨調迴響】？？？ – 塩月家『詩甸Stanza』,2026-10-08T16:30:00Z,https://www.youtube.com/watch?v=dPZTI_1QXfE,https://i.ytimg.com/vi/dPZTI_1QXfE/mqdefault.jpg
c65e7caaf81a43249d5132b9fe312b24,upcoming,WOULD YOU LOVE ME IF I WAS A WORM,2026-10-08T23:30:00Z,https://www.youtube.com/watch?v=YapQ53nBQ7A,https://i.ytimg.com/vi/YapQ53nBQ7A/mqdefault_live.jpg
5d2231ea88fd474d8a11e5a759899216,upcoming,⍣ 新聞雜談✦10月9日 ⇎ 早九倒數139天 ⊶ 十六月 OctJun,2026-10-09T01:00:00Z,https://www.youtube.com/watch?v=BvqabIOvUUI,https://i.ytimg.com/vi/BvqabIOvUUI/mqdefault_live.jpg
a5f7302f9f1a4fcdb2471c4bc52a05fb,upcoming,雨世界｜#10 二周目D6．我發誓我今天不會講髒話！！！【玖璐】,2026-10-09T01:30:00Z,https://www.youtube.com/watch?v=A3uWbnl_T3A,https://i.ytimg.com/vi/A3uWbnl_T3A/mqdefault_live.jpg
38fcf8bc7f3f45d68bab44577c019c84,upcoming,【早安】收集100個早安！連假第一天，讓日之聖女陪你慢慢醒來、把握假期☀️｜療癒祭司西西莉⏱🌟🎶,2026-10-09T02:00:00Z,https://www.youtube.com/watch?v=3qLAKoljNoE,https://i.ytimg.com/vi/3qLAKoljNoE/mqdefault_live.jpg
20aa88e16d77400b9bc4e72df1b2a588,upcoming,【禾歌雜】放假啦起床開啟小鈴鐺派對YAAAA｜若禾Nyaka #vtuber #初見歡迎 #降落歡迎,2026-10-09T03:00:00Z,https://www.youtube.com/watch?v=ZZV2G8w8KAY,https://i.ytimg.com/vi/ZZV2G8w8KAY/mqdefault_live.jpg
994fcc5db40840ae990cf1ce43728548,upcoming,[賴牀時間] 唱啲識唱嘅歌。♡ 沖千訂＆儲時數中 '' 初見歡迎 '' 掛台歡迎 ♪  [🐧織夢玖璃 ],2026-10-09T03:00:00Z,https://www.youtube.com/watch?v=HRnTnrk5fyw,https://i.ytimg.com/vi/HRnTnrk5fyw/mqdefault_live.jpg
58304450990a433b88acd02b889b74e6,upcoming,連假開始啦~大家的連假計畫是甚麼呢？｜午安辦桌｜歡迎降落｜塔瓦Tawa｜,2026-10-09T04:00:00Z,https://www.youtube.com/watch?v=STWubTCPW_g,https://i.ytimg.com/vi/STWubTCPW_g/mqdefault_live.jpg
5d2231ea88fd474d8a11e5a759899216,upcoming,⍣ Cat Squeeze ⇎ 擠貓貓 擠出個推箱子的解謎 ⊶ 十六月 OctJun,2026-10-09T04:00:00Z,https://www.youtube.com/watch?v=Q-yEBS-q7u0,https://i.ytimg.com/vi/Q-yEBS-q7u0/mqdefault_live.jpg
dabf31fbee9b4214958603268d48b780,upcoming,【Tomodachi Life】沙拉盒：《慾望之島》ep.3⚓才剛配對就想同居？會四分五律嗎｜蕾忒LeiT​,2026-10-09T05:00:00Z,https://www.youtube.com/watch?v=j4bADeLvlAw,https://i.ytimg.com/vi/j4bADeLvlAw/mqdefault_live.jpg
645fc774332a469ebd03f1a822ebe2be,upcoming,【陪比扮工#52】工作做不完AHHHHHHHH——【紡霊拉比】#Vtuber #Shorts,2026-10-09T06:00:00Z,https://www.youtube.com/watch?v=zR6MErDM_OM,https://i.ytimg.com/vi/zR6MErDM_OM/mqdefault_live.jpg
2717397c3d824350ace8ed9b6ba2f08f,upcoming,【 連假勞工包貨中 】首次周邊包貨中，勞工小熊貓+勞工經紀小兔工作中｜蕾莎 Resa,2026-10-09T06:00:00Z,https://www.youtube.com/watch?v=KipLEUOHmwA,https://i.ytimg.com/vi/KipLEUOHmwA/mqdefault_live.jpg
d475848a566848dc9f6ad02707d87e2a,upcoming,漫畫同好會 漫畫推薦篇【HKVTuber/Ding】,2026-10-09T06:00:00Z,https://www.youtube.com/watch?v=SU31RyZRYGg,https://i.ytimg.com/vi/SU31RyZRYGg/mqdefault_live.jpg
0fbdfcc1b9cf41fdb840cf2f546d9324,upcoming,【牧場物語 重聚礦石鎮】EP3,2026-10-09T06:30:00Z,https://www.youtube.com/watch?v=zV88q_wYZUA,https://i.ytimg.com/vi/zV88q_wYZUA/mqdefault_live.jpg
9b37ec730a37424799c01f1bb2fa829c,upcoming,【初見游戲 | Resident Evil 2】石頭要來打僵尸？？？？ #馬來西亞vtuber #新人vtuber,2026-10-09T06:30:00Z,https://www.youtube.com/watch?v=Gg5WydmWNP4,https://i.ytimg.com/vi/Gg5WydmWNP4/mqdefault_live.jpg
6391e2693fa6464d83fdf5d136596bb0,upcoming,花金の午後のボカロ歌枠！リクエスト可！ #歌枠 #新人Vtuber,2026-10-09T06:30:00Z,https://www.youtube.com/watch?v=foQTvNR4Tl8,https://i.ytimg.com/vi/foQTvNR4Tl8/mqdefault_live.jpg
07c204505d544b28bb52426d0665a59c,upcoming,【#工作台】工作後鬼轉~我希望可以有三隻景元元【幽櫻雪梓SakuraYukizusa】 #Vtuber #貨真價食,2026-10-09T07:00:00Z,https://www.youtube.com/watch?v=pjgyOrkZf4Y,https://i.ytimg.com/vi/pjgyOrkZf4Y/mqdefault_live.jpg
6f9d63518a69442a88ac602a3b37bf18,upcoming,【這玩藝好南】抓住夏天的尾巴，我們趁熱拓葉子！！失落日獎品製作中！｜幽夜南栖,2026-10-09T07:30:00Z,https://www.youtube.com/watch?v=t2ScZg7LYz0,https://i.ytimg.com/vi/t2ScZg7LYz0/mqdefault_live.jpg
6dfe72bb90994dceb7b753908876307d,upcoming,阿五初登場｜嗷嗚 阿五🐻傻傻分不清楚✨對Vtuber完全不熟的圈外人要來踢館LA❗ #惑莉Desu,2026-10-09T08:30:00Z,https://www.youtube.com/watch?v=7G7XogyHGWk,https://i.ytimg.com/vi/7G7XogyHGWk/mqdefault_live.jpg
3d46fb16bc2c48fb8f12a647cf5ec702,upcoming,【加班台】加班台Part. 2｜今天狗勾真的要算數學QQ 時數剩餘...？？？【犬神幽乃詩／芥川組】#初見歡迎 #降落歡迎 #雑談 #talking #freetalk #残業,2026-10-09T09:00:00Z,https://www.youtube.com/watch?v=WnyJwnpz0Ic,https://i.ytimg.com/vi/WnyJwnpz0Ic/mqdefault_live.jpg
4dd71b1079284bdb8ba90198317e524d,upcoming,【Fire Emblem: Fortune's Weave 】火紋 聖火降魔錄 萬縷千絲 EP12 第三部 救世篇,2026-10-09T10:15:00Z,https://www.youtube.com/watch?v=VtyssME5WC0,https://i.ytimg.com/vi/VtyssME5WC0/mqdefault_live.jpg
451cf387126b426a89e3db63676c84b0,upcoming,【Operation tango精華】初次連動就要被封鎖?!! | ft. @Leelina_Vtuber,2026-10-09T11:00:00Z,https://www.youtube.com/watch?v=DJbd4ksAkME,https://i.ytimg.com/vi/DJbd4ksAkME/mqdefault.jpg
40c846b91c4a44a980eddf20f0f789c0,upcoming,✦ ₊˚ 圖奇雙開 |APEX 兔寶場  / 觀眾場  | 音量注意 ˚₊✧,2026-10-09T11:00:00Z,https://www.youtube.com/watch?v=B6tjw4oK_1Q,https://i.ytimg.com/vi/B6tjw4oK_1Q/mqdefault_live.jpg
c8ef4e3182b74ecd994c837a75624390,upcoming,【SPAGHET】業界潛規則就是被送恐遊就只能玩了😭,2026-10-09T11:00:00Z,https://www.youtube.com/watch?v=L7XxN_ZJfiw,https://i.ytimg.com/vi/L7XxN_ZJfiw/mqdefault_live.jpg
01edfa8163ad42cd85f56ef4dce2609e,upcoming,一起愉快地跟千昭聊時事跟新聞吧！國際新聞&台灣時事 新聞雜談✨1009✨,2026-10-09T11:00:00Z,https://www.youtube.com/watch?v=iSJaJGm2DTs,https://i.ytimg.com/vi/iSJaJGm2DTs/mqdefault_live.jpg
db4df79a2e664ebb96d1a0ce5e4c0e63,upcoming,【雜談】實測AI真的會背叛人類嗎？回應匿名留言！ 🐾 伊鬱 Yiyu ch.,2026-10-09T11:00:00Z,https://www.youtube.com/watch?v=4bHf3amGQQA,https://i.ytimg.com/vi/4bHf3amGQQA/mqdefault_live.jpg
9ad37d3249e24861bc8cb84368883258,upcoming,我也曾經想過這樣殺了我自己 Once I Thought of Leaving (南西肯恩 NeciKen) 生歌cover_敬里希特 x 夏賀円那｜#Vtuber #台灣Vtuber #台V,2026-10-09T11:30:00Z,https://www.youtube.com/watch?v=szUxUQUxmCs,https://i.ytimg.com/vi/szUxUQUxmCs/mqdefault.jpg
7c06b9e316ce4ac18ce836cd72442bbe,upcoming,【旅遊雜談&一番賞】涼爽天氣再出發水族館之旅！在北國吃吃喝喝🧳【浠Mizuki Free Talk】#室蘭 #札幌 #北海道,2026-10-09T12:00:00Z,https://www.youtube.com/watch?v=Uvha7XlaSck,https://i.ytimg.com/vi/Uvha7XlaSck/mqdefault_live.jpg
32a08f858ffb4d6aba0624647cf8cf2d,upcoming,【崩壞:星穹鐵道#34】崩鐵4.6版本主線！來揍大BOSS亞婆離！,2026-10-09T12:00:00Z,https://www.youtube.com/watch?v=GOXsSaQYMTE,https://i.ytimg.com/vi/GOXsSaQYMTE/mqdefault_live.jpg
96f44559b15e4bad9de2eb8a0a2a92da,upcoming,【靜謐田園】千萬不要晚上出門！日本流行恐怖種田遊戲２！【遊戲實況】,2026-10-09T12:00:00Z,https://www.youtube.com/watch?v=mzttbeMeSW0,https://i.ytimg.com/vi/mzttbeMeSW0/mqdefault_live.jpg
d9b8f1ac9c93423fa62e8073a8173d30,upcoming,【雜談】朋友多比較好？還是少比較好？⚡歡迎降落！歡迎初見！,2026-10-09T12:00:00Z,https://www.youtube.com/watch?v=3B_Jti2k_JY,https://i.ytimg.com/vi/3B_Jti2k_JY/mqdefault_live.jpg
6f9d63518a69442a88ac602a3b37bf18,upcoming,【政治正確大考驗 3.0】EP08 - 面對犯錯，你是怎麼想的呢！人真的可以重新開始嗎？ ft.蒔楠、巫菈妮亞、老查呆呆｜海月波波,2026-10-09T12:00:00Z,https://www.youtube.com/watch?v=Hz9BqbvhKcs,https://i.ytimg.com/vi/Hz9BqbvhKcs/mqdefault_live.jpg
76d68171666847cc913328359037139c,upcoming,【雜談】另一半手機要定期檢查嗎？你是完全信任還是多疑？ #初見歡迎 #歡迎降落 Free Talking | Just Chatting,2026-10-09T12:00:00Z,https://www.youtube.com/watch?v=Tl-6-GcIeVg,https://i.ytimg.com/vi/Tl-6-GcIeVg/mqdefault_live.jpg
4b214cdeac0649989f03f39e497816cf,upcoming,☾ 瓦瓦觀眾場 ☽ ✦It's 瓦瓦 time！！✧  ☾ 兔子偉威Weiwei_Rabbit☽ ✦  #練囂威  #初見歡迎 #降落歡迎 #台V,2026-10-09T12:00:00Z,https://www.youtube.com/watch?v=oxErGYAOaA4,https://i.ytimg.com/vi/oxErGYAOaA4/mqdefault_live.jpg
bc7d14416ba24cc8819f0753e1f595f5,upcoming,【Drawing Stream】 Making illustration for the Comic Fiesta 2026 100 days countdown!【ENG/中/日本語】,2026-10-09T12:00:00Z,https://www.youtube.com/watch?v=6-ykPHK_95A,https://i.ytimg.com/vi/6-ykPHK_95A/mqdefault_live.jpg
a168211aa3dd451cb33e09b80df0ea0a,upcoming,西西莉 - 鳥の詩 / 百人白首 #70,2026-10-09T12:00:00Z,https://www.youtube.com/watch?v=_tnDD65uJCg,https://i.ytimg.com/vi/_tnDD65uJCg/mqdefault.jpg
8ae0f370cf124faa953a09089a427fd9,upcoming,《寶可夢：朱》#7,2026-10-09T12:00:00Z,https://www.youtube.com/watch?v=S56Wlp5zYTo,https://i.ytimg.com/vi/S56Wlp5zYTo/mqdefault_live.jpg
9eb1907910c148d980f8b8c0c84f4d26,upcoming,【雜談】10/09 來玩個隨機殘酷二選一|香草Vanilla🦦,2026-10-09T12:30:00Z,https://www.youtube.com/watch?v=0lwLNBqsBgE,https://i.ytimg.com/vi/0lwLNBqsBgE/mqdefault_live.jpg
def76c5c31fe4466b5ae6e6940ae6e58,upcoming,▶遊戲直播◁ Sunset Summit 老人協力爬山 血壓上升登山旅 ft. @momokyu_u 【NAGISA凪砂 / HKVtuber】,2026-10-09T12:30:00Z,https://www.youtube.com/watch?v=_xrmtqbyGtc,https://i.ytimg.com/vi/_xrmtqbyGtc/mqdefault_live.jpg
a725f6babc5f44779d7389886c6cd7b7,upcoming,【伊莫】 初見可愛伊莫寵物【＃VTuber/＃夜羽結伊子】,2026-10-09T12:30:00Z,https://www.youtube.com/watch?v=zUdQgsJbFrE,https://i.ytimg.com/vi/zUdQgsJbFrE/mqdefault_live.jpg
220353f9b2634c84953cc7d243fbc6a0,upcoming,【Yu-Gi-Oh!  Master Duel】這次要贏超過5場!【回家部/庚庚】 #觀眾場,2026-10-09T12:30:00Z,https://www.youtube.com/watch?v=-KZ_78NS4jY,https://i.ytimg.com/vi/-KZ_78NS4jY/mqdefault_live.jpg
443ba741722742d5b7d5f76c3e7b445b,upcoming,一起來啪、啪、啪！虛擬長者的關節交響樂♬⋆.˚【魅音モモキュ．毛毛球】JP/HK/EN/ZH OK,2026-10-09T12:30:15Z,https://www.youtube.com/watch?v=x_eczhVKW9c,https://i.ytimg.com/vi/x_eczhVKW9c/mqdefault_live.jpg
0fbdfcc1b9cf41fdb840cf2f546d9324,upcoming,【告別回憶4 again】【耐久】EP.1 果凜篇 秘物‧未來&秘物‧愛(上),2026-10-09T13:00:00Z,https://www.youtube.com/watch?v=zJoGsGLBZlw,https://i.ytimg.com/vi/zJoGsGLBZlw/mqdefault_live.jpg
58304450990a433b88acd02b889b74e6,upcoming,Fire Ball！法師大亂鬥的時候到了！｜Mage Arena｜歡迎降落｜塔瓦Tawa｜,2026-10-09T13:00:00Z,https://www.youtube.com/watch?v=rjPxR65OtM0,https://i.ytimg.com/vi/rjPxR65OtM0/mqdefault_live.jpg
c3bec3f382754230b178f8278eb550fb,upcoming,【#歌回 】彈琴唱出愛情???【優塔Jutta Ch.】 | 2.0全新形象募資中 | #初見歡迎 #降落歡迎,2026-10-09T13:00:00Z,https://www.youtube.com/watch?v=nElP5nXz7Jw,https://i.ytimg.com/vi/nElP5nXz7Jw/mqdefault_live.jpg
a6b0f8c8343041f0b1ea96c46ee4e582,upcoming,【#遊戲日】想玩什麼，就玩！ | ◈和澄シン二ィ @kazumi_sinni_919  | 歡迎聊天、初見、降落💜,2026-10-09T13:00:00Z,https://www.youtube.com/watch?v=SNtQ8BYBMP8,https://i.ytimg.com/vi/SNtQ8BYBMP8/mqdefault_live.jpg
aa1bb853e814428eb663082b28309309,upcoming,【遊戲】#楔在要心動｜ 心動小鎮✨這是一個美好的夜晚！一起猜猜這個炸雞幾星🍗 #楔在進行式 #初見歡迎 #歡迎降落,2026-10-09T13:00:00Z,https://www.youtube.com/watch?v=wCE9mnIdOAc,https://i.ytimg.com/vi/wCE9mnIdOAc/mqdefault_live.jpg
6abc6d7010ed4b7a88b2566b171c9005,upcoming,【墨色閒談】生日酒醒後的回憶 #墨生 #初見歡迎 #歡迎降落,2026-10-09T13:00:00Z,https://www.youtube.com/watch?v=bMTNgluBgXc,https://i.ytimg.com/vi/bMTNgluBgXc/mqdefault_live.jpg
4d0cbf91a5cb4524862207c5d406d98c,upcoming,〖 調瑟磚家 〗跟大家一起畫貓貓的會上架LINE貼圖~ ║ 瑟思安Cesium,2026-10-09T13:00:00Z,https://www.youtube.com/watch?v=MjsWzszxx1M,https://i.ytimg.com/vi/MjsWzszxx1M/mqdefault_live.jpg
4de233ea7dfc4a7da1738ab627babd48,upcoming,【PTCG LIVE】嘗試30週年卡池的注目牌組! 最近の話題デッキ使ってみる！[日本語/EN⭕] #ptcgl #ポケカ #PTCG,2026-10-09T13:00:00Z,https://www.youtube.com/watch?v=A-iU9XgYTxQ,https://i.ytimg.com/vi/A-iU9XgYTxQ/mqdefault_live.jpg
a725f6babc5f44779d7389886c6cd7b7,upcoming,【魔物獵人荒野】 初見荒野 | 參加聊天室排隊 | 一個隊伍3人兩場!! 【＃VTuber/＃夜羽結伊子】,2026-10-09T13:00:00Z,https://www.youtube.com/watch?v=KPNY90q8yps,https://i.ytimg.com/vi/KPNY90q8yps/mqdefault_live.jpg
2a2b7990365f4a1bb1d8acf1ae0f2f32,upcoming,Stream 9/10/26 問候老母遊戲:臨急抱佛腳【League of legends】,2026-10-09T13:00:00Z,https://www.youtube.com/watch?v=9cUHmAqtTLc,https://i.ytimg.com/vi/9cUHmAqtTLc/mqdefault_live.jpg
004e635d5d494045a810b2d026e769c7,upcoming,JOJO~~JOJO迷來玩啦！【JOJO的奇妙冒險 群星之戰】,2026-10-09T13:00:00Z,https://www.youtube.com/watch?v=dg98lKe4y3E,https://i.ytimg.com/vi/dg98lKe4y3E/mqdefault_live.jpg
eda6bf91049349e08f0f269fb4f8c0f9,upcoming,🔴直播【 台北GTA 】┃快點快上車我載你┃風鈴芽依TrumpetMei┃#鈴芽俐齒 #vtuber #降落歡迎 #雜談,2026-10-09T13:00:00Z,https://www.youtube.com/watch?v=SIRBhOf4GjM,https://i.ytimg.com/vi/SIRBhOf4GjM/mqdefault_live.jpg
3a30426a65fe450bbef138fd8ba35f1e,upcoming,【日本事故物件監視協会3】本次任務請來了黑白無常小隊！嘗試第一次團隊任務！！究竟黑白無常小隊能否順利收掉所有異常呢！？【劇情暴雷注意】【猫又くろね★Vtuber★】#初見歡迎 #歡迎降落,2026-10-09T13:00:00Z,https://www.youtube.com/watch?v=fcqOR36tNvg,https://i.ytimg.com/vi/fcqOR36tNvg/mqdefault_live.jpg
45d566a561914da0a15a5a21574eb30a,upcoming,【天月麻雀】觀眾場開張囉~歡迎來跟麒麟打麻將!!【星霜祈Seisou_Inori】,2026-10-09T13:00:00Z,https://www.youtube.com/watch?v=BYPjUT3yNSo,https://i.ytimg.com/vi/BYPjUT3yNSo/mqdefault_live.jpg
f3b487c00ef5466eaa529f3a2e8d6753,upcoming,【結言室】EP04 挑戰學習堅持到1小時 #初見歡迎 #降落歡迎 #馬來西亞vtuber,2026-10-09T13:00:00Z,https://www.youtube.com/watch?v=mK4z4GH7a9w,https://i.ytimg.com/vi/mK4z4GH7a9w/mqdefault_live.jpg
7d2aa4176f60423bb1532ac37ed55e28,upcoming,【企劃】分享脆友精彩Cosplay照片#7【骨頭Man】,2026-10-09T13:00:00Z,https://www.youtube.com/watch?v=CzOtSIrxVTU,https://i.ytimg.com/vi/CzOtSIrxVTU/mqdefault_live.jpg
0df008566e92461eb808c5b3ba9c7f0f,upcoming,【天月麻雀觀眾場】我終於也有獵魔修女了就用她來發起挑戰！【艾爾‧拉普塔斯】,2026-10-09T13:00:16Z,https://www.youtube.com/watch?v=wNul4nIwQ1k,https://i.ytimg.com/vi/wNul4nIwQ1k/mqdefault_live.jpg
6fa5098cd1c644c5871a47a7e56803dc,upcoming,〖 粿歌雜 〗輕柔的吉他與歌聲伴你入睡💤還在練習的哄睡直播😚💖｜降落歡迎｜初見歡迎｜#歌回 #雜談 #初見歡迎 #降落歡迎,2026-10-09T13:30:00Z,https://www.youtube.com/watch?v=asm2U0E9HlE,https://i.ytimg.com/vi/asm2U0E9HlE/mqdefault_live.jpg
c16daca9d8b84b18a38ab97cdcd7577a,upcoming,"【阿西, 美女室友竟然...？2 : 冬日之旅 DLC】 9/10/26 多謝公商爸爸 又有code 送! 【香港Vtuber/三日月凌】",2026-10-09T13:30:00Z,https://www.youtube.com/watch?v=l3KQXvTHuEg,https://i.ytimg.com/vi/l3KQXvTHuEg/mqdefault_live.jpg
c0c35f0471774be2b33163ae20f2d6bb,upcoming,【新形態披露目】今天有全新的艦長（？）新しい艦長だよ！【薬袋アルマ／Vtuber】,2026-10-09T13:30:00Z,https://www.youtube.com/watch?v=5wu2vKflzPk,https://i.ytimg.com/vi/5wu2vKflzPk/mqdefault_live.jpg
6559d42f66684b8f80b4cd4589addd85,upcoming,【 瑪奇Mobile 】 閒聊打團 | 退坑潮?!  | 公會招觀眾〖鴨鴨伊比．AhiruIbi 〗,2026-10-09T13:30:00Z,https://www.youtube.com/watch?v=-kx_5B7_gns,https://i.ytimg.com/vi/-kx_5B7_gns/mqdefault_live.jpg
463e3994840145618264d41fa3eaf344,upcoming,【 歌雜 】生日唱唱歌！小小慶祝一下下！！,2026-10-09T14:00:00Z,https://www.youtube.com/watch?v=2fT2C172oN0,https://i.ytimg.com/vi/2fT2C172oN0/mqdefault_live.jpg
a667c79cb8284de29d5843dc3eafcc57,upcoming,【歌雜】捏了好久的聲音… 不進來聽聽看嗎？ #vtuber #台灣VTuber #巴巴鼬戈 【巴巴鼬戈  ︳Baba Yoger】,2026-10-09T14:00:00Z,https://www.youtube.com/watch?v=8CjjVPdEsR0,https://i.ytimg.com/vi/8CjjVPdEsR0/mqdefault_live.jpg
63108f8ea91a4a699f345bb259750745,upcoming,【週五遊戲日】久違的日麻觀眾場來咯 #日麻 #觀眾場  #雜談 #遊戲  #降落歡迎  #新人vtuber #初見さん大歓迎,2026-10-09T14:00:00Z,https://www.youtube.com/watch?v=rJx3C14TQcw,https://i.ytimg.com/vi/rJx3C14TQcw/mqdefault_live.jpg
43e557d175ce462b97c4c406954d8c04,upcoming,🎄【🎶BanG Dream Our Notes】國際服的大家來一起玩！ \ 初見歡迎！/【⭐一隻阿橋 | 粵語 | HKVtuber🐿️】【28.09.2026】🎄,2026-10-09T14:00:00Z,https://www.youtube.com/watch?v=pvFlzCo2Fnw,https://i.ytimg.com/vi/pvFlzCo2Fnw/mqdefault_live.jpg
9e3edec3eec54f49a065f1970471d473,upcoming,【 同步視聽 】1~2集 深夜來看大人才看的動畫 ✨ #vtuber │ ✨ 羽狐神 ちよ,2026-10-09T14:00:00Z,https://www.youtube.com/watch?v=sB79Yzex8Ac,https://i.ytimg.com/vi/sB79Yzex8Ac/mqdefault_live.jpg
948d1078ceaf4b39b3bef86fdab85482,upcoming,💜我逐漸融化在日常裡 混著你與我的空氣裡【#娜歐/#NAO/#vtuber/#台V】,2026-10-09T14:00:00Z,https://www.youtube.com/watch?v=UsXyp2I69Zg,https://i.ytimg.com/vi/UsXyp2I69Zg/mqdefault_live.jpg
eafe564c8d9945c8af2ed66ff4cd773a,upcoming,【哄睡】加班睡前故事😴  #愛烏吉烏,2026-10-09T14:00:00Z,https://www.youtube.com/watch?v=9hy6usyuPic,https://i.ytimg.com/vi/9hy6usyuPic/mqdefault_live.jpg
35b7bd4f6fcb4fbfb3ebe83be100d9a0,upcoming,〖 ASMR 〗幫助入睡☾ ⋆⁺₊たっぷり優しくオイルマッサージ / Oil Massage〖#絡屋イト/#Vtuber〗,2026-10-09T14:00:00Z,https://www.youtube.com/watch?v=tAOOd69QcNg,https://i.ytimg.com/vi/tAOOd69QcNg/mqdefault_live.jpg
bee9506c5d714205bfc69573280852c2,upcoming,【遊戲】おにくま限定場 差不多該出去外牆了吧ww  | 初見さん大歓迎❤ | @mirutea_vtuber,2026-10-09T14:30:00Z,https://www.youtube.com/watch?v=hyvqK8CNbiw,https://i.ytimg.com/vi/hyvqK8CNbiw/mqdefault_live.jpg
b4a1791208fd4d85b7b08ee2bad0c236,upcoming,【輕聲細語】如果睡不著的話🌼  #shorts #瑪格麗特諾爾絲 #箱箱TheBox,2026-10-09T15:00:00Z,https://www.youtube.com/watch?v=Qcs2EAM0nEw,https://i.ytimg.com/vi/Qcs2EAM0nEw/mqdefault_live.jpg
c25e6f38d6df447e84c4747ba6ac75cc,upcoming,【 晚安｜深夜電台 】聊旅遊 / 大家有在旅途中遇到什麼有趣經驗嗎？ / 初見歡迎 【 安特羅迦Entrovia 】,2026-10-09T15:30:00Z,https://www.youtube.com/watch?v=fcJ4zp-GfmM,https://i.ytimg.com/vi/fcJ4zp-GfmM/mqdefault_live.jpg
9e05802075c343a3bf2778550d5157da,upcoming,空は高く風は歌う｜ covered by 花川夢姬 Hanakawa Yumehime,2026-10-10T01:00:00Z,https://www.youtube.com/watch?v=j6HoSbjVgxQ,https://i.ytimg.com/vi/j6HoSbjVgxQ/mqdefault.jpg
5d2231ea88fd474d8a11e5a759899216,upcoming,⍣ 新聞雜談✦10月10日 ⇎ 早九倒數138天 ⊶ 十六月 OctJun,2026-10-10T01:00:00Z,https://www.youtube.com/watch?v=9VdQk19vK1Y,https://i.ytimg.com/vi/9VdQk19vK1Y/mqdefault_live.jpg
a5f7302f9f1a4fcdb2471c4bc52a05fb,upcoming,致命軀殼2｜#1 初見！好像有大更新？從褒貶不一起死回生了嗎？【玖璐】,2026-10-10T01:30:00Z,https://www.youtube.com/watch?v=kxlZ_5GkYKM,https://i.ytimg.com/vi/kxlZ_5GkYKM/mqdefault_live.jpg
83cb016f535f4275bba29ad276b2084f,upcoming,【早餐台】叮咚～你的早餐陪伴送到了❤️｜午後陪伴 月瑤 YueYao ꕤ Mojoylive 三期生,2026-10-10T01:30:00Z,https://www.youtube.com/watch?v=MoTmmBVqLc8,https://i.ytimg.com/vi/MoTmmBVqLc8/mqdefault_live.jpg
247215e876d24dae9932464b75fc577c,upcoming,【1010 雙十節】久違的早餐台 歡迎跟龍分享你的早餐照 沒有笑話的飲料杯是不合格的 | 高維爾聊聊天 #台灣Vtuber,2026-10-10T02:10:00Z,https://www.youtube.com/watch?v=yI6LPFvvkHU,https://i.ytimg.com/vi/yI6LPFvvkHU/mqdefault_live.jpg
c65e7caaf81a43249d5132b9fe312b24,upcoming,Trying to play my SAXOPHONE from middle school...,2026-10-10T02:30:00Z,https://www.youtube.com/watch?v=Ogyw5VHnlY8,https://i.ytimg.com/vi/Ogyw5VHnlY8/mqdefault_live.jpg
dabf31fbee9b4214958603268d48b780,upcoming,【健身環大冒險】午安還債ep.8⚓雙十連假，我看到債務還清的曙光｜蕾忒LeiT​,2026-10-10T04:00:00Z,https://www.youtube.com/watch?v=Rz1x2Ptkk4Y,https://i.ytimg.com/vi/Rz1x2Ptkk4Y/mqdefault_live.jpg
5d2231ea88fd474d8a11e5a759899216,upcoming,⍣ ReStory : Chill Electronics Repairs ⇎ 懷舊的維修舊物的沃克時光開啟 ⊶ 十六月 OctJun,2026-10-10T04:00:00Z,https://www.youtube.com/watch?v=QSUdEEuUZiU,https://i.ytimg.com/vi/QSUdEEuUZiU/mqdefault_live.jpg
c72226925ba94855b9fcc88fc2a25acc,upcoming,「#6 縦型配信 /🐾抓抓~ 本週美食之最 ~😋」收集!今星期你食過最好味既野😋 !【綽貓喵 /HKVtuber】#抓抓本週美食之最 #shorts #vtuber #雜談,2026-10-10T05:00:00Z,https://www.youtube.com/watch?v=fsx3V7S_dkk,https://i.ytimg.com/vi/fsx3V7S_dkk/mqdefault_live.jpg
d3eee3b8d1954b1c8fea325d7b7b1b7f,upcoming,【人中之龍 極2 #8】能見證最後謎團的解答嗎？桐生的生世即將被揭開？【人中之龍馬拉松】【芮果 Reigo】,2026-10-10T05:00:00Z,https://www.youtube.com/watch?v=JxXFN9wk6Lc,https://i.ytimg.com/vi/JxXFN9wk6Lc/mqdefault_live.jpg
6dfe72bb90994dceb7b753908876307d,upcoming,三週年大審判｜阿惑這三年犯下什麼罪..由你們審判❤️‍🔥新周邊❗新競標❗新目標 即將解鎖🔜 #惑莉Desu,2026-10-10T06:00:00Z,https://www.youtube.com/watch?v=D3QvpilSH2A,https://i.ytimg.com/vi/D3QvpilSH2A/mqdefault_live.jpg
caf08c74dd7b4919bca49eef394d5475,upcoming,【 伊莫 】來看我休假期間偷玩的進度!!!!................,2026-10-10T06:00:00Z,https://www.youtube.com/watch?v=u3ZehRWG3WI,https://i.ytimg.com/vi/u3ZehRWG3WI/mqdefault_live.jpg
bdaa84ad3c7841d6a9ec8774ed9d40a9,upcoming,遊戲｜《案件03：真・食人小男孩》閨蜜失蹤，男友是嫌疑犯？！ #一次通關 ｜🍮魔法布丁罐,2026-10-10T06:00:00Z,https://www.youtube.com/watch?v=kDVCD9RuVus,https://i.ytimg.com/vi/kDVCD9RuVus/mqdefault_live.jpg
e0f419006f244a51804050ede1d1a5aa,upcoming,Part.3【DRAWING STREAM】How Many OCs Can Fit on One Canvas? 🌸 | IG follower 15K Celebration🎨,2026-10-10T06:00:00Z,https://www.youtube.com/watch?v=q7JJZ6OZGEY,https://i.ytimg.com/vi/q7JJZ6OZGEY/mqdefault_live.jpg
2c2bf7ce933a4f34ac25c2dfa72fe565,upcoming,【魔物獵人 : 世界】猛爆碎龍到底有多爆！ #15  │ 羽歆 YuuXin,2026-10-10T07:00:00Z,https://www.youtube.com/watch?v=e1x_ch6o950,https://i.ytimg.com/vi/e1x_ch6o950/mqdefault_live.jpg
b1cb513e2511484cabbac00140b4a95c,upcoming,【 #與時俱進2026平成令和決定戰 】平成2000年代表Shizuru詩瑠出戰！｜詩瑠 Shizuru,2026-10-10T08:00:00Z,https://www.youtube.com/watch?v=wTryi845gCk,https://i.ytimg.com/vi/wTryi845gCk/mqdefault_live.jpg
994fcc5db40840ae990cf1ce43728548,upcoming,[雜談] working. ♡ 沖千訂＆儲時數中 '' 初見歡迎 '' 掛台歡迎 ♪  [🐧織夢玖璃 ],2026-10-10T08:00:00Z,https://www.youtube.com/watch?v=9ZF-tuaszYo,https://i.ytimg.com/vi/9ZF-tuaszYo/mqdefault_live.jpg
7c18bc597298484c8f2925759fc1ac4a,upcoming,【Dark Soul 3】DLC DAY6⚡2026的Day18【牙羽 HKVTuber】,2026-10-10T08:00:00Z,https://www.youtube.com/watch?v=pE82o4jMQ2w,https://i.ytimg.com/vi/pE82o4jMQ2w/mqdefault_live.jpg
9881cf3008684e55aea70a2499e84163,upcoming,【キタニタツヤ】ずうっといっしょ！｜Cover by 山君 #歌ってみた #翻唱 #山闌珊君 #vtuber ┃山君酷塔,2026-10-10T09:00:00Z,https://www.youtube.com/watch?v=yuXsU8JCt8o,https://i.ytimg.com/vi/yuXsU8JCt8o/mqdefault.jpg
729621ce509b4641ad8cde76dec037d0,upcoming,【 #與時俱進2026平成令和決定戰 】令和！令和！令和！令和！｜希妮·亞里絲🤍SinnieAris✨,2026-10-10T09:30:00Z,https://www.youtube.com/watch?v=a4H4KfebdXc,https://i.ytimg.com/vi/a4H4KfebdXc/mqdefault_live.jpg
80f7b111f0e044abae4c37f6a96b5957,upcoming,【#與時俱進2026平成令和決定戰】經典，全是經典‼️2002年懷舊動漫神曲歌回🔥｜懐かしいアニソン名曲だらけ‼️2002年名作アニメ縛り🎤【#DevilithViolustre 】,2026-10-10T10:00:00Z,https://www.youtube.com/watch?v=6GOZuKDiAoA,https://i.ytimg.com/vi/6GOZuKDiAoA/mqdefault_live.jpg
c25e6f38d6df447e84c4747ba6ac75cc,upcoming,【 安主管生日｜台詞點歌大放送！ 】安主管在這個宇宙過的第一個生日！歡迎一起來參與 / 上半場台詞｜下半場點歌【 安特羅迦Entrovia 】,2026-10-10T10:00:00Z,https://www.youtube.com/watch?v=SR4VpyFofso,https://i.ytimg.com/vi/SR4VpyFofso/mqdefault_live.jpg
0dbf3f6f6521460782992a963122aed0,upcoming,【 #與時俱進2026平成令和決定戰 】令合組2022年選手在此，快來聽聽有沒有你熟悉的歌曲吧！｜月洛櫻Luoying,2026-10-10T10:30:00Z,https://www.youtube.com/watch?v=um9SULDBaDs,https://i.ytimg.com/vi/um9SULDBaDs/mqdefault_live.jpg
350516d81d0944fd8dde463cbd4fd279,upcoming,【 #與時俱進2026平成令和決定戰 】2003年那年我還是個3歲寶寶，我還是能找到很多歌可以唱的！( • ̀⤙•́ ˶ ) | 初見歡迎🥰【HKVTuber/緋佐煌斗🍤】,2026-10-10T11:00:00Z,https://www.youtube.com/watch?v=KVYp2KKc6Ew,https://i.ytimg.com/vi/KVYp2KKc6Ew/mqdefault_live.jpg
32a08f858ffb4d6aba0624647cf8cf2d,upcoming,【新衣裝首次歌回】奶茶唱歌囉！今天想聽什麼歌？歡迎投幣~,2026-10-10T12:00:00Z,https://www.youtube.com/watch?v=GNb9UmCqmMU,https://i.ytimg.com/vi/GNb9UmCqmMU/mqdefault_live.jpg
bdcf0d95e6544ebaaddbfba94839cd6b,upcoming,【雀魂】歡迎現場加入#克拉拉on air#台v#個人勢vtuber#多多,2026-10-10T12:00:00Z,https://www.youtube.com/watch?v=D98EWZDOBNA,https://i.ytimg.com/vi/D98EWZDOBNA/mqdefault_live.jpg
9e05802075c343a3bf2778550d5157da,upcoming,【4.0初亮相】過勞龍轉生異世界? #初見歡迎  #花川夢姬 #降落歡迎,2026-10-10T12:00:00Z,https://www.youtube.com/watch?v=LM9X2hZNAs8,https://i.ytimg.com/vi/LM9X2hZNAs8/mqdefault_live.jpg
7ee1b473a5584a1a85973acfa45e0e1d,upcoming,📜原神📜隨便玩玩，跑跑地圖，抽抽沃雅妮莎【安納希塔Anahita】,2026-10-10T12:00:00Z,https://www.youtube.com/watch?v=pUR_Yv3tCSY,https://i.ytimg.com/vi/pUR_Yv3tCSY/mqdefault_live.jpg
07f20f05bef0432e8644e1bee798ef46,upcoming,🥀 唱歌慶祝收益化！恭喜火花等待了一年正式入住地下室❤️‍🔥｜會員開通之小型慶祝歌回🎤｜【Asche】,2026-10-10T12:00:00Z,https://www.youtube.com/watch?v=4SEgq30gsP4,https://i.ytimg.com/vi/4SEgq30gsP4/mqdefault_live.jpg
9d0fb5c59ea745f09934f3cfd932c393,upcoming,【 #與時俱進2026平成令和決定戰 】欸、我唱出生年的歌......？真的假的？【秋篠響】,2026-10-10T12:00:00Z,https://www.youtube.com/watch?v=NWdMCO5RolI,https://i.ytimg.com/vi/NWdMCO5RolI/mqdefault_live.jpg
96f44559b15e4bad9de2eb8a0a2a92da,upcoming,還沒決定！,2026-10-10T12:00:00Z,https://www.youtube.com/watch?v=jA77Mr4pbts,https://i.ytimg.com/vi/jA77Mr4pbts/mqdefault_live.jpg
a39733d216994010b34bf5033be01589,upcoming,【魔偶像計畫】身為老闆，你會如何選擇優秀的VTuber？ ft. @語風薯薯撿到貓Kazeimo    !surfshark｜珂賽特Cosette,2026-10-10T12:00:00Z,https://www.youtube.com/watch?v=whMLhlZoV-c,https://i.ytimg.com/vi/whMLhlZoV-c/mqdefault_live.jpg
6cc5ac707eed4f9e9b5bc7b2f970fe1b,upcoming,【Backrooms第二集】繼續看能不能破關【安無希/VTuber】2026.1010,2026-10-10T12:00:00Z,https://www.youtube.com/watch?v=yKz2_zaxTMI,https://i.ytimg.com/vi/yKz2_zaxTMI/mqdefault_live.jpg
5de329cf8bc5410fb40ef38d117be94d,upcoming,【Supermarket Chaos】歡迎光臨~關東煮買一送一~ #冬鈴 #supermarketchaos,2026-10-10T12:00:00Z,https://www.youtube.com/watch?v=iN4pbXtrc18,https://i.ytimg.com/vi/iN4pbXtrc18/mqdefault_live.jpg
a168211aa3dd451cb33e09b80df0ea0a,upcoming,宮森えりな - ??? / 百人白首 #71,2026-10-10T12:00:00Z,https://www.youtube.com/watch?v=6NbJQg-SB08,https://i.ytimg.com/vi/6NbJQg-SB08/mqdefault.jpg
8ae0f370cf124faa953a09089a427fd9,upcoming,《寶可夢：朱》#8,2026-10-10T12:00:00Z,https://www.youtube.com/watch?v=7FcwcIF0kcQ,https://i.ytimg.com/vi/7FcwcIF0kcQ/mqdefault_live.jpg
35b7bd4f6fcb4fbfb3ebe83be100d9a0,upcoming,〖 AIドット絵バトル〗藝術之秋到來了‥‥！画伯がAIに負けるとでも？？？〖#絡屋イト/#Vtuber〗,2026-10-10T12:00:00Z,https://www.youtube.com/watch?v=07Uy6kprFhY,https://i.ytimg.com/vi/07Uy6kprFhY/mqdefault_live.jpg
cdb5c89f61c94949a989457cf549b7e4,upcoming,🍓靜謐田園 ♥ˎˊ˗  我會種到村莊的秘密解開為止...！（會記得跑主線故事ㄉ） ♡.゜〖莓芊時戀💖┊Village in the Shade〗,2026-10-10T12:30:00Z,https://www.youtube.com/watch?v=rfKq_qj2Puw,https://i.ytimg.com/vi/rfKq_qj2Puw/mqdefault_live.jpg
b0b9e352f71d4a03ace9972ddec4ec56,upcoming,【心有綾犀】性別造成我們的人生哪裡不一樣呢？互相傾聽彼此的經驗和故事吧！,2026-10-10T12:30:00Z,https://www.youtube.com/watch?v=ky0rulcFGNI,https://i.ytimg.com/vi/ky0rulcFGNI/mqdefault_live.jpg
3bc6afb820df4f59b2c6ff1c25d1eed3,upcoming,🌹【紀念】五週年紀念 2026-10-10【香港Vtuber】,2026-10-10T12:30:48Z,https://www.youtube.com/watch?v=Q7Z0sgeuIdw,https://i.ytimg.com/vi/Q7Z0sgeuIdw/mqdefault_live.jpg
0fbdfcc1b9cf41fdb840cf2f546d9324,upcoming,【紅眼露比】就耐久打完這遊戲試試看！,2026-10-10T13:00:00Z,https://www.youtube.com/watch?v=0FEHuq1o83A,https://i.ytimg.com/vi/0FEHuq1o83A/mqdefault_live.jpg
7caa52181a744f68be9e3995c7adec24,upcoming,【 #與時俱進2026平成令和決定戰 】....？誰最強？我最強！你有聽過這些歌嗎🫵｜伊洛菈Elora,2026-10-10T13:00:00Z,https://www.youtube.com/watch?v=RZx4YrFiOIk,https://i.ytimg.com/vi/RZx4YrFiOIk/mqdefault_live.jpg
a1608f0690584f07bf7aaf84ed9e4d8f,upcoming,【Re:花月茶會】最近過得如何？一起放鬆休息把思緒寫下來【米多花】,2026-10-10T13:00:00Z,https://www.youtube.com/watch?v=zsyJ2WeffTk,https://i.ytimg.com/vi/zsyJ2WeffTk/mqdefault_live.jpg
3c1783f6914f414b830c836829d1afa2,upcoming,「黑神話：悟空」其實...這遊戲是另類的追星嗎？？#遊戲台,2026-10-10T13:00:00Z,https://www.youtube.com/watch?v=-9BTQ6cMCuc,https://i.ytimg.com/vi/-9BTQ6cMCuc/mqdefault_live.jpg
6abc6d7010ed4b7a88b2566b171c9005,upcoming,【遊戲】幻獸帕魯｜今天不知道會又會有誰受傷  #墨生 #初見歡迎 #歡迎降落,2026-10-10T13:00:00Z,https://www.youtube.com/watch?v=P0f6tGFOnLU,https://i.ytimg.com/vi/P0f6tGFOnLU/mqdefault_live.jpg
463e3994840145618264d41fa3eaf344,upcoming,【 Euro Truck Simulator 2 】#7 gogogo公司營業中！！努力存錢！！先車庫改裝之後招聘新員工！！！,2026-10-10T13:00:00Z,https://www.youtube.com/watch?v=ALPKesuFYJ8,https://i.ytimg.com/vi/ALPKesuFYJ8/mqdefault_live.jpg
4d0cbf91a5cb4524862207c5d406d98c,upcoming,〖 趣味歌回 〗全歌單大轉盤+升降調變速轉盤捏！！║ 瑟思安Cesium,2026-10-10T13:00:00Z,https://www.youtube.com/watch?v=7PmVvOA8umE,https://i.ytimg.com/vi/7PmVvOA8umE/mqdefault_live.jpg
4de233ea7dfc4a7da1738ab627babd48,upcoming,【Ghost Watchers】這次要來嘗試更兇猛的鬼屋!🤩 w/@ch.LingYan @hokutometeor[日本語/EN👌/初見歓迎] #IriLive #ghostwatchers,2026-10-10T13:00:00Z,https://www.youtube.com/watch?v=lp9dF1Ck4xc,https://i.ytimg.com/vi/lp9dF1Ck4xc/mqdefault_live.jpg
8020c505099f474ca81da3023926485f,upcoming,【👯‍♀️#雙影奇境┆Split Fiction #4】第4章！繼續跟和紗一起在倉鼠球裡當洛克人@AsabaKazusaCh. 【蒂亞拉 ✦ 白昼夢ティアラ／DayDream Tiara】,2026-10-10T13:00:00Z,https://www.youtube.com/watch?v=aE5UAnT9Apo,https://i.ytimg.com/vi/aE5UAnT9Apo/mqdefault_live.jpg
6ddea98137e2429eb0e9c4025ad9294f,upcoming,【遊戲】原神 挪德卡萊主線繼續! 還想蒐集更多亮亮的石頭 | 韶花 #初見歡迎 #降落歡迎,2026-10-10T13:00:00Z,https://www.youtube.com/watch?v=s-VVgU96ys8,https://i.ytimg.com/vi/s-VVgU96ys8/mqdefault_live.jpg
7d2aa4176f60423bb1532ac37ed55e28,upcoming,【遊戲】【MIMIC PARTY】歡迎大家來玩聲音模仿哦！參加場！【骨頭Man】,2026-10-10T13:00:00Z,https://www.youtube.com/watch?v=isnjN0OhgQw,https://i.ytimg.com/vi/isnjN0OhgQw/mqdefault_live.jpg
0df008566e92461eb808c5b3ba9c7f0f,upcoming,【#豹立淨】新手上路的RUST拾荒者生活來囉！【艾爾‧拉普塔斯】,2026-10-10T13:00:16Z,https://www.youtube.com/watch?v=1DcWA3bSjTU,https://i.ytimg.com/vi/1DcWA3bSjTU/mqdefault_live.jpg
191998e9f0ec4d67a19da194af311636,upcoming,ʚ 3dio ASMR ɞ 撒嬌妹妹的耳語、掏耳哄睡時間♡ ｜鬼塚夏實｜,2026-10-10T13:30:00Z,https://www.youtube.com/watch?v=xYMUXzpwIDI,https://i.ytimg.com/vi/xYMUXzpwIDI/mqdefault_live.jpg
a8ce4642418b4fe8ba1471a32097f4c4,upcoming,【 #與時俱進2026平成令和決定戰 】令和組2025來啦~~來聽聽有沒有熟悉的歌曲吧 !!!! 【歐妲/惡獸時代】,2026-10-10T13:30:00Z,https://www.youtube.com/watch?v=Ke52ZxZhQ5A,https://i.ytimg.com/vi/Ke52ZxZhQ5A/mqdefault_live.jpg
7c06b9e316ce4ac18ce836cd72442bbe,upcoming,【飲酒歌枠】深夜爵士小酒吧駐唱風，要喝一杯還是一曲？🎵🦊今夜は一杯or一曲いかが？🍷#初見歓迎🎤【浠Mizuki Karaoke】,2026-10-10T14:00:00Z,https://www.youtube.com/watch?v=GfERh_UNSao,https://i.ytimg.com/vi/GfERh_UNSao/mqdefault_live.jpg
e343e3fdc52f47a7bd5dbd793ccf8916,upcoming,【 #與時俱進2026平成令和決定戰 】2006😱全初見超經典新(?)歌 ✧ 千眠Somi #新人vtuber,2026-10-10T14:00:00Z,https://www.youtube.com/watch?v=3K8KTeQ2uEE,https://i.ytimg.com/vi/3K8KTeQ2uEE/mqdefault_live.jpg
6f0d9d64bb6a4a81af1e84a72d30f5b8,upcoming,【晚安故事台】一周一次的刺刺哄睡台喔！今晚開始是希臘神話time！ #艾栗live #艾栗洛亞 #栗栗的說故事時間 #初見歡迎,2026-10-10T14:00:00Z,https://www.youtube.com/watch?v=1CoTujxJqDI,https://i.ytimg.com/vi/1CoTujxJqDI/mqdefault_live.jpg
9eb1907910c148d980f8b8c0c84f4d26,upcoming,【Life is Strange】10/10 蝴蝶效應會帶來什麼改變呢? pt. 1  |香草Vanilla🦦,2026-10-10T14:30:00Z,https://www.youtube.com/watch?v=7UKzAzNiA5w,https://i.ytimg.com/vi/7UKzAzNiA5w/mqdefault_live.jpg
6b43c568bdf044e4a4ae0bae0cb9fff2,upcoming,【 #與時俱進2026平成令和決定戰 】對決的盡頭究竟是令和還是平成勝出呢?! #狐狸假面 #vtuber #AOI #歌枠,2026-10-10T14:30:00Z,https://www.youtube.com/watch?v=UQPfaK16zcg,https://i.ytimg.com/vi/UQPfaK16zcg/mqdefault_live.jpg
50433c34f368460c9cda947f292a62b4,upcoming,【#黯井微光🔥＃2】我是救家滅惡的小小鳥🐦【Well Dweller】【貓宮步夢】,2026-10-10T15:00:00Z,https://www.youtube.com/watch?v=dlWSAisaGd4,https://i.ytimg.com/vi/dlWSAisaGd4/mqdefault_live.jpg
e069724ddab54dd690d6c3425574effd,upcoming,【上完課的陪伴雜談】下課啦～今天也辛苦了，來陪薄荷聊聊天吧💙｜Stay A Little Longer #賣勾萊拉,2026-10-10T15:00:00Z,https://www.youtube.com/watch?v=wC7BsnLguOw,https://i.ytimg.com/vi/wC7BsnLguOw/mqdefault_live.jpg
8c171b8f4b854cbfade4ee2babc19e0f,upcoming,【冉冉而談】伴君長夜｜睡搞搞時間💕💕#荏冉浮光 #初見歡迎 #歡迎降落,2026-10-10T16:30:00Z,https://www.youtube.com/watch?v=25zMvm7xhg4,https://i.ytimg.com/vi/25zMvm7xhg4/mqdefault_live.jpg
a3c6cbf76630432c83fa5277388be97c,upcoming,【ASMR|黑3Dio】療癒放鬆♥︎零距離吐息♥︎睡眠誘導|ゼロ距離密着♥︎耳マッサージ♥︎囁き|cleaningEars♥︎whispering♥︎EarMessage【夢宮色羽VTUBER】,2026-10-10T17:00:00Z,https://www.youtube.com/watch?v=TIzuLymYYHo,https://i.ytimg.com/vi/TIzuLymYYHo/mqdefault_live.jpg
853be9569c0e446eaa5c5059642ea63b,upcoming,"【#生日快樂 】專屬壽星""carlos""福利活動｜壽星規則歡樂貓車場詳細說明欄 #魔物獵人荒野🎀 【一貓Muse Ch. 】",2026-10-10T18:00:00Z,https://www.youtube.com/watch?v=QGXfpBx0D9o,https://i.ytimg.com/vi/QGXfpBx0D9o/mqdefault_live.jpg
5d2231ea88fd474d8a11e5a759899216,upcoming,⍣ 新聞雜談✦10月11日 ⇎ 早九倒數137天 ⊶ 十六月 OctJun,2026-10-11T01:00:00Z,https://www.youtube.com/watch?v=Ym5gYEvPftY,https://i.ytimg.com/vi/Ym5gYEvPftY/mqdefault_live.jpg
6ddea98137e2429eb0e9c4025ad9294f,upcoming,【歌回】早安歌回 今天要唱一些阿阿阿桑德欸~ 黑啤的歌 | 韶花 #初見歡迎 #降落歡迎,2026-10-11T02:00:00Z,https://www.youtube.com/watch?v=2prnBwKb_uw,https://i.ytimg.com/vi/2prnBwKb_uw/mqdefault_live.jpg
a6b0f8c8343041f0b1ea96c46ee4e582,upcoming,【#健身環】DAY3 這是成為肌肉阿倪的第三天 | ◈和澄シン二ィ @kazumi_sinni_919  | 歡迎聊天、初見、降落💜,2026-10-11T03:00:00Z,https://www.youtube.com/watch?v=V-rKaUc3xSw,https://i.ytimg.com/vi/V-rKaUc3xSw/mqdefault_live.jpg
5d2231ea88fd474d8a11e5a759899216,upcoming,⍣ WALTO ⇎ 廠商溫腥警告這款 Boss Rush 超級難 ⊶ 十六月 OctJun,2026-10-11T04:00:00Z,https://www.youtube.com/watch?v=shlXvIZFRfA,https://i.ytimg.com/vi/shlXvIZFRfA/mqdefault_live.jpg
63108f8ea91a4a699f345bb259750745,upcoming,【歌雜】忙碌了一整周 終於能放鬆唱唱歌啦 #縱型配信 #歌回 #歌雜 #降落歡迎  #新人vtuber #初見さん大歓迎,2026-10-11T05:00:00Z,https://www.youtube.com/watch?v=F1lT8LAMDHQ,https://i.ytimg.com/vi/F1lT8LAMDHQ/mqdefault_live.jpg
38fcf8bc7f3f45d68bab44577c019c84,upcoming,【歌雜】本週由日之聖女為尼畫下圓滿的連假句點🤍🎵✨｜療癒祭司西西莉🤍🎵✨,2026-10-11T05:00:00Z,https://www.youtube.com/watch?v=MnVVxIb_dGs,https://i.ytimg.com/vi/MnVVxIb_dGs/mqdefault_live.jpg
ca8d038d311e4cccb2deded15cee89cd,upcoming,「缺氧」水生行星_處理超導體跟超導星,2026-10-11T05:00:00Z,https://www.youtube.com/watch?v=_xW-rS7IZF4,https://i.ytimg.com/vi/_xW-rS7IZF4/mqdefault_live.jpg
2717397c3d824350ace8ed9b6ba2f08f,upcoming,【 歌雜 】陪你收心。,2026-10-11T06:00:00Z,https://www.youtube.com/watch?v=qK97WFH0Xdw,https://i.ytimg.com/vi/qK97WFH0Xdw/mqdefault_live.jpg
caf08c74dd7b4919bca49eef394d5475,upcoming,【 空洞騎士：絲綢之歌 】一年沒玩直接忘記要怎麼按...啊那個下戳又要重練了... 失憶之歌???? 復健之路有你有我... #絲之歌,2026-10-11T06:00:00Z,https://www.youtube.com/watch?v=rj2CJsykfbE,https://i.ytimg.com/vi/rj2CJsykfbE/mqdefault_live.jpg
9b37ec730a37424799c01f1bb2fa829c,upcoming,【游戲 | 小偷模擬器 Part 5】晚上不偷，我們白天偷！ #馬來西亞vtuber #新人vtuber,2026-10-11T07:00:00Z,https://www.youtube.com/watch?v=nLqRNCmcAEE,https://i.ytimg.com/vi/nLqRNCmcAEE/mqdefault_live.jpg
aa1bb853e814428eb663082b28309309,upcoming,【雜談】一起楔作業｜下午的效率好像遠遠高於晚上耶怎麼辦哈哈哈 #楔在進行式 #初見歡迎 #歡迎降落,2026-10-11T07:00:00Z,https://www.youtube.com/watch?v=tIC44__mmfQ,https://i.ytimg.com/vi/tIC44__mmfQ/mqdefault_live.jpg
191998e9f0ec4d67a19da194af311636,upcoming,ʚ 小小巫女的見習日誌 ɞ 排週表，做作業時間！｜鬼塚夏實｜,2026-10-11T08:00:00Z,https://www.youtube.com/watch?v=nlgmXG3lgSg,https://i.ytimg.com/vi/nlgmXG3lgSg/mqdefault_live.jpg
f2ad5f187c9141ab8830b8eaf81c3aee,upcoming,【陛! 爆唔到機】見好就收【皇咲レイナ | HKVtuber】,2026-10-11T08:00:00Z,https://www.youtube.com/watch?v=hkCU85MWems,https://i.ytimg.com/vi/hkCU85MWems/mqdefault_live.jpg
443ba741722742d5b7d5f76c3e7b445b,upcoming,【 #和となれ縁結び歌枠リレー】日本語上手です！🎵🎶【魅音モモキュ．毛毛球】JP/HK/EN/ZH OK,2026-10-11T08:00:46Z,https://www.youtube.com/watch?v=98beH3QC5L4,https://i.ytimg.com/vi/98beH3QC5L4/mqdefault_live.jpg
40c846b91c4a44a980eddf20f0f789c0,upcoming,✦ ₊˚ 圖奇雙開 |APEX 兔寶場  / 觀眾場  | 音量注意 ˚₊✧,2026-10-11T11:00:00Z,https://www.youtube.com/watch?v=BjQJs7nr1Hw,https://i.ytimg.com/vi/BjQJs7nr1Hw/mqdefault_live.jpg
db4df79a2e664ebb96d1a0ce5e4c0e63,upcoming,【歌回】國慶歌回，把之前答應的歌唱完！ 🐾 伊鬱 Yiyu ch.,2026-10-11T11:00:00Z,https://www.youtube.com/watch?v=fvjH6va9k3s,https://i.ytimg.com/vi/fvjH6va9k3s/mqdefault_live.jpg
ca8d038d311e4cccb2deded15cee89cd,upcoming,「絕地戰兵2」打打戰兵(20261011 #參加型實況 #絕地戰兵2,2026-10-11T11:00:00Z,https://www.youtube.com/watch?v=D84Q7NQ9vQc,https://i.ytimg.com/vi/D84Q7NQ9vQc/mqdefault_live.jpg
7af8f321e84542dc9ccda160152fbf0b,upcoming,"賽勒姆-Salem 【Final Fantasy XIV 最終幻想14】繁中服 伊甸希望樂園系列E1~12E 重溫劇情/拿外觀/不解限/先報名先進組 ☆初見歡迎☆ #ff14online ",2026-10-11T11:30:00Z,https://www.youtube.com/watch?v=0Rq3VbC_mys,https://i.ytimg.com/vi/0Rq3VbC_mys/mqdefault_live.jpg
fe698ded3a6148808ca857c73ac7ee15,upcoming,【#ルナチル歌枠リレー】🌙月夜に、歌声とひと休み。🌙┊︎月光下，和我的歌聲一起休息一下✨【魔女ルンナ/魔女Runna】,2026-10-11T11:55:00Z,https://www.youtube.com/watch?v=0Mz5AMuu1E4,https://i.ytimg.com/vi/0Mz5AMuu1E4/mqdefault_live.jpg
0fbdfcc1b9cf41fdb840cf2f546d9324,upcoming,【プトリカ 1st.cut:The Reason She Must Perish】EP.3,2026-10-11T12:00:00Z,https://www.youtube.com/watch?v=-rxbMtkmHg8,https://i.ytimg.com/vi/-rxbMtkmHg8/mqdefault_live.jpg
2d9ef8be75c34daf9ce9d17ecbbe0f7a,upcoming,◖伊莫◗繼續好玩抓寵遊戲 #伊莫 #MEPay魔儲 #初見歡迎 #降落歡迎 #Vtuber #奶茶當水喝🍼,2026-10-11T12:00:00Z,https://www.youtube.com/watch?v=FgZWaHjldmM,https://i.ytimg.com/vi/FgZWaHjldmM/mqdefault_live.jpg
7cbd1f537c3d4e67b38b9f9e31cb93d6,upcoming,୨〖新衣裝披露〗❥ 10/11也是南小珂的1.5周年哦！如果有空的話可以來給我一個祝福嗎♡°ஂ〖南珂ℕ𝕒𝕟𝕜〗୧,2026-10-11T12:00:00Z,https://www.youtube.com/watch?v=qdMs9jJApdo,https://i.ytimg.com/vi/qdMs9jJApdo/mqdefault_live.jpg
fad69c2a625446829ef410d9ef277c8f,upcoming,Singing Stream︱今天來點曾沛慈~ 可以來點新的嗎?👀︱依涅斯Inez #初見さん大歓迎 #歌枠 #初見歓迎,2026-10-11T12:00:00Z,https://www.youtube.com/watch?v=WYoGrAueqdg,https://i.ytimg.com/vi/WYoGrAueqdg/mqdefault_live.jpg
4de233ea7dfc4a7da1738ab627babd48,upcoming,【RUST-豹立淨】想不到吧，這週有兩次RUST台✌️ w/  @AkiMiiieyy  [日本語/EN👌/初見歓迎] #IriLive #rust,2026-10-11T12:00:00Z,https://www.youtube.com/watch?v=9jt2SmDZsWI,https://i.ytimg.com/vi/9jt2SmDZsWI/mqdefault_live.jpg
c06f5173a01c4c0db7a761957c02186d,upcoming,【特別企劃】今天沒有發言權但要回答你們問題：「如果...某天我不能說話的話？」，所以請了特別來賓替我說話！！｜安妲‧菈帝絲 Anda_Ratis,2026-10-11T12:00:00Z,https://www.youtube.com/watch?v=0rO3DHHaLIo,https://i.ytimg.com/vi/0rO3DHHaLIo/mqdefault_live.jpg
a168211aa3dd451cb33e09b80df0ea0a,upcoming,惑莉 - ??? / 百人白首 #72,2026-10-11T12:00:00Z,https://www.youtube.com/watch?v=3huPrveYvxs,https://i.ytimg.com/vi/3huPrveYvxs/mqdefault.jpg
8f0b41303e8a481689fe4309a565ecd3,upcoming,[ 休假公告 ] 回來會用這個待機室,2026-10-11T12:00:00Z,https://www.youtube.com/watch?v=XTbJm_1EwZc,https://i.ytimg.com/vi/XTbJm_1EwZc/mqdefault_live.jpg
3a30426a65fe450bbef138fd8ba35f1e,upcoming,【週表作業雜談】一邊來做週表一邊來聊天吧！【猫又くろね★Vtuber★】#歡迎初見 #歡迎降落,2026-10-11T12:00:00Z,https://www.youtube.com/watch?v=zYk5zOOUzu0,https://i.ytimg.com/vi/zYk5zOOUzu0/mqdefault_live.jpg
78f09e2a2d31477aa4a475ff159fb7c2,upcoming,【回歸直播】主播消失的這段時間去幹嘛了？ | 回歸雜談 ✧ 幽燼Yujin,2026-10-11T12:00:00Z,https://www.youtube.com/watch?v=UoRHeZjRQTM,https://i.ytimg.com/vi/UoRHeZjRQTM/mqdefault_live.jpg
35b7bd4f6fcb4fbfb3ebe83be100d9a0,upcoming,〖 歌枠 〗初見さん大歓迎～💜‬用歌聲為一週畫下句點🎤✧˖°.KARAOKE〖 #絡屋イト/#vtuber  〗,2026-10-11T12:00:00Z,https://www.youtube.com/watch?v=mTBV8X5sdgg,https://i.ytimg.com/vi/mTBV8X5sdgg/mqdefault_live.jpg
58c4453bedb9463ab1dcb522d4d50faf,upcoming,緊湊的劇情！找回被等離子團偷走的嚕嚕米 ─《寶可夢 白》#5,2026-10-11T12:30:00Z,https://www.youtube.com/watch?v=_fY4pZlAOfU,https://i.ytimg.com/vi/_fY4pZlAOfU/mqdefault_live.jpg
c88554bbf263412da16e7a17fd03e467,upcoming,【和服福利放送】超香中之人露出⚠ 紫💜粉💗黃💛三色登場…還有隱藏限定款!?♡｜#初見歡迎 ☁天蕓茶茶☁,2026-10-11T12:30:00Z,https://www.youtube.com/watch?v=aMwJdw2urqk,https://i.ytimg.com/vi/aMwJdw2urqk/mqdefault_live.jpg
4bc6acb333e44156a9caab3234fa11f5,upcoming,【#3D初披露】新形象登場✨｜各種意義上的3D👀 這精緻的臉龐，那曼妙的身姿🥵（這敘述好像有點似曾相識❓ #降落歡迎 #初見歡迎,2026-10-11T12:30:00Z,https://www.youtube.com/watch?v=PcgbljSbctk,https://i.ytimg.com/vi/PcgbljSbctk/mqdefault_live.jpg
f94ba8ea1a5441c4852d53e8f528ee20,upcoming,【千里望花生＃21】 歡迎投稿想分享的事  ❣  歡迎初見、聊天、掛台  【千里せんり】#live,2026-10-11T12:30:00Z,https://www.youtube.com/watch?v=ILIvTprdcTw,https://i.ytimg.com/vi/ILIvTprdcTw/mqdefault_live.jpg
645fc774332a469ebd03f1a822ebe2be,upcoming,【會員限定】60%機率是生日前最後一次歌數… 2026年8月會員點歌(下) ♪【紡霊拉比】,2026-10-11T13:00:00Z,https://www.youtube.com/watch?v=FHULF41U9nU,https://i.ytimg.com/vi/FHULF41U9nU/mqdefault_live.jpg
c3bec3f382754230b178f8278eb550fb,upcoming,【#歌回 】晚安...親愛的 你過得怎麼樣~~?【優塔Jutta Ch.】 | 2.0全新形象募資中 | #初見歡迎 #降落歡迎,2026-10-11T13:00:00Z,https://www.youtube.com/watch?v=NVwQRn5YoNI,https://i.ytimg.com/vi/NVwQRn5YoNI/mqdefault_live.jpg
8f7fdc3104f541539132c122eeab6801,upcoming,【遊戲】你想打日麻呢？還是台麻呢？還是……全・都・玩・呢？  #颯葻而至 #初見歡迎 #歡迎降落,2026-10-11T13:00:00Z,https://www.youtube.com/watch?v=hldw6jEC6Dc,https://i.ytimg.com/vi/hldw6jEC6Dc/mqdefault_live.jpg
6cc5ac707eed4f9e9b5bc7b2f970fe1b,upcoming,【誰是模仿高手】來啊!!! 互相傷害阿!!! 看誰最會模仿!!【安無希/VTuber】 2026.1011,2026-10-11T13:00:00Z,https://www.youtube.com/watch?v=EFuGiIp6D7Q,https://i.ytimg.com/vi/EFuGiIp6D7Q/mqdefault_live.jpg
7d2aa4176f60423bb1532ac37ed55e28,upcoming,【遊戲】【MIMIC PARTY】【聯動】誰最會模仿呢！！【骨頭Man】 ft. 皮比.安無希.弎陸蒂.蠍爾凱特卡俄斯,2026-10-11T13:00:00Z,https://www.youtube.com/watch?v=n1CC2w2hm1s,https://i.ytimg.com/vi/n1CC2w2hm1s/mqdefault_live.jpg
9fba4ecf861140acb418c343a475f99c,upcoming,【戚維/戚天鑑賞】今天來當武士打鬼啦~~,2026-10-11T14:00:00Z,https://www.youtube.com/watch?v=R-epSLYYYek,https://i.ytimg.com/vi/R-epSLYYYek/mqdefault_live.jpg
c16daca9d8b84b18a38ab97cdcd7577a,upcoming,【Listen:凌  EP20】夜晚吹下水!【香港Vtuber/三日月凌】,2026-10-11T14:00:00Z,https://www.youtube.com/watch?v=4Rw70Veyusk,https://i.ytimg.com/vi/4Rw70Veyusk/mqdefault_live.jpg
83cb016f535f4275bba29ad276b2084f,upcoming,【甜蜜哄睡】小羊、月亮和瑤瑤，都來陪你晚安♡｜午後陪伴 月瑤 YueYao ꕤ Mojoylive 三期生,2026-10-11T14:00:00Z,https://www.youtube.com/watch?v=zA8MMtZh8z8,https://i.ytimg.com/vi/zA8MMtZh8z8/mqdefault_live.jpg
f5ff982730f54cd4826ff0530a4288c2,upcoming,🍜 【來互相傷害啊！】我就魯一輩子怎麼你了？【白湯】,2026-10-11T14:00:00Z,https://www.youtube.com/watch?v=VRStkSISuVg,https://i.ytimg.com/vi/VRStkSISuVg/mqdefault_live.jpg
eafe564c8d9945c8af2ed66ff4cd773a,upcoming,【班會時間】國慶放假啦!!✨🍷 #愛烏吉烏,2026-10-11T14:00:00Z,https://www.youtube.com/watch?v=mB1nk724Q-E,https://i.ytimg.com/vi/mB1nk724Q-E/mqdefault_live.jpg
76d68171666847cc913328359037139c,upcoming,【ASMR舔耳向】貓咪姐姐的舌頭....刺刺的嗎？體驗一下！ ❤ #初見歡迎 #歡迎降落 #舔耳  #耳舐め,2026-10-11T14:30:00Z,https://www.youtube.com/watch?v=xGYjfv1G7ZY,https://i.ytimg.com/vi/xGYjfv1G7ZY/mqdefault_live.jpg
add8ccfa282a4524ae5b5d8435279bf7,upcoming,【劇情向 ASMR ⋆｡·✧】家教老師的課堂親自指導🎐【甘い囁き/両耳吐息/耳かき/耳ふー/耳はむ/マッサージ/Relaxing/Healing】#3dio│ Ms.林鈴,2026-10-11T15:00:00Z,https://www.youtube.com/watch?v=Gm-ddfGkObU,https://i.ytimg.com/vi/Gm-ddfGkObU/mqdefault_live.jpg
17c335762a694402b8cb9a96b2865572,upcoming,【時機未定】母女三人首次同台...!?,2026-10-11T15:00:00Z,https://www.youtube.com/watch?v=ewJnIlz6CkQ,https://i.ytimg.com/vi/ewJnIlz6CkQ/mqdefault_live.jpg
9434be74cca5450789bf73aa4359b542,upcoming,有周表啦~~~~10/5~10/11,2026-10-11T15:45:00Z,https://www.youtube.com/watch?v=5HVcVW4DR1U,https://i.ytimg.com/vi/5HVcVW4DR1U/mqdefault_live.jpg
dc9cd2bc942d427d8cc73370d1194f9e,upcoming,【2026/10/05~10/11 週表】10/9世界郵政日，現在小朋友知道彎腰郵筒嗎...？,2026-10-11T15:59:00Z,https://www.youtube.com/watch?v=M3Ys5PNrrgY,https://i.ytimg.com/vi/M3Ys5PNrrgY/mqdefault_live.jpg
5d27ac4b9342450990a299e95818bbb0,upcoming,周表 10/5 - 10/11,2026-10-11T16:00:00Z,https://www.youtube.com/watch?v=y9UTGhSPPdY,https://i.ytimg.com/vi/y9UTGhSPPdY/mqdefault_live.jpg
538d1d2058da4bdea1c7f43f088e995b,upcoming,初見歓迎＆繪圖雜談☀️繪過日子🎨繪畫新手初挑戰🔰練習畫可愛狗勾圖鑑🐶現有品種居然有300多種😲你猜的出來，我封面畫了什麼狗狗咪～｜Procreate 006｜治癒系Vtuber ✟ 希蘿亞Siroya,2026-10-12T06:00:00Z,https://www.youtube.com/watch?v=3Nb4DfmK_1U,https://i.ytimg.com/vi/3Nb4DfmK_1U/mqdefault_live.jpg
a168211aa3dd451cb33e09b80df0ea0a,upcoming,洛可洛斯特 - 春日影 / 百人白首 #73,2026-10-12T12:00:00Z,https://www.youtube.com/watch?v=AX_O_Xq2h2w,https://i.ytimg.com/vi/AX_O_Xq2h2w/mqdefault.jpg
bac1f0b8e8d149d4a48cfd30d7d7ad74,upcoming,【做你飯友180】monday is not blue！【HKVTuber | 陳凱婷】 #Shorts #vtuber #雑談,2026-10-12T13:30:00Z,https://www.youtube.com/watch?v=o6OJBSE7AmM,https://i.ytimg.com/vi/o6OJBSE7AmM/mqdefault_live.jpg
0641a9c8b9a94994aaa33e0c86fef75b,upcoming,【表單雜談】庫庫相談室！投稿你ㄉ疑難雜症 #台灣Vtuber #庫洛姆,2026-10-12T14:00:00Z,https://www.youtube.com/watch?v=WdKRkSwrGd0,https://i.ytimg.com/vi/WdKRkSwrGd0/mqdefault_live.jpg
018244f1ad404c9eaa4ddf747c3bafa0,upcoming,【軌道雙子星】送回引擎，今天結束NS2好玩的復古雙人遊戲！跟席蘿雙人太空冒險，風格致敬1980年代經典日本動畫！@席蘿shiro  (Switch2),2026-10-12T14:00:00Z,https://www.youtube.com/watch?v=lFjoYGEeEbs,https://i.ytimg.com/vi/lFjoYGEeEbs/mqdefault_live.jpg
891c39f050e048aebafaafc90a1c4cbd,upcoming,【#雜談配信 】挑戰20個人哄我睡覺!!! 和大家聊聊應該不會失眠了吧!! | 帕可帕米Pami #初見歡迎 #降落歡迎 #中文vtuber,2026-10-13T01:00:00Z,https://www.youtube.com/watch?v=cZ7vgErgq2k,https://i.ytimg.com/vi/cZ7vgErgq2k/mqdefault_live.jpg
8f0b41303e8a481689fe4309a565ecd3,upcoming,[ 陪你上班上課 ] #初見歡迎,2026-10-13T01:00:00Z,https://www.youtube.com/watch?v=y1egQuBrKNg,https://i.ytimg.com/vi/y1egQuBrKNg/mqdefault_live.jpg
d475848a566848dc9f6ad02707d87e2a,upcoming,【魔法少女的魔女審判】悲劇要繼續到幾時【HKVTuber/Ding】,2026-10-13T09:00:00Z,https://www.youtube.com/watch?v=W5sUrL2ESvo,https://i.ytimg.com/vi/W5sUrL2ESvo/mqdefault_live.jpg
948d1078ceaf4b39b3bef86fdab85482,upcoming,💜跟箱內寶寶一起拆炸彈啦!!! 崩嘎  ft.@UCDLxyfkEyujKz60oJ891Cpg @UC4Mvdx6JMzKOVrCHSC6J_RQ 【#娜歐/#NAO/#vtuber/#台V】,2026-10-13T11:00:00Z,https://www.youtube.com/watch?v=yZaIFiskIGg,https://i.ytimg.com/vi/yZaIFiskIGg/mqdefault_live.jpg
96f44559b15e4bad9de2eb8a0a2a92da,upcoming,【健身環大冒險】觀眾說我要運動２！【遊戲實況】,2026-10-13T12:00:00Z,https://www.youtube.com/watch?v=-0-xJ6pEY9M,https://i.ytimg.com/vi/-0-xJ6pEY9M/mqdefault_live.jpg
a168211aa3dd451cb33e09b80df0ea0a,upcoming,波·路譜 - ??? / 百人白首 #74,2026-10-13T12:00:00Z,https://www.youtube.com/watch?v=NQEmYOmfQVY,https://i.ytimg.com/vi/NQEmYOmfQVY/mqdefault.jpg
443ba741722742d5b7d5f76c3e7b445b,upcoming,一緒に見ててくれる？🎵🎶【魅音モモキュ．毛毛球】JP/HK/EN/ZH OK,2026-10-13T12:30:18Z,https://www.youtube.com/watch?v=xHJSUT5WmqQ,https://i.ytimg.com/vi/xHJSUT5WmqQ/mqdefault_live.jpg
faa4994019724702a9da315a8c3641bc,upcoming,【雜談】你想擁有甚麼超能力呢!(๑• . •๑)☂️ #初見大歡迎,2026-10-13T13:15:00Z,https://www.youtube.com/watch?v=VX84LpQiHsM,https://i.ytimg.com/vi/VX84LpQiHsM/mqdefault_live.jpg
b5b0001ea8594cd68567ef344ca0bb2e,upcoming,【#ASMR】我這一生....你說我能成為一名美髮師嗎？（剪髮、 梳頭、洗頭）｜雜談｜觸發音｜哄睡 🍙💜【ReiMu*】,2026-10-13T13:30:00Z,https://www.youtube.com/watch?v=ug2AJH33tOs,https://i.ytimg.com/vi/ug2AJH33tOs/mqdefault_live.jpg
2d9ef8be75c34daf9ce9d17ecbbe0f7a,upcoming,◖伊莫◗繼續好玩抓寵遊戲 #伊莫 #MEPay魔儲 #初見歡迎 #降落歡迎 #Vtuber #奶茶當水喝🍼,2026-10-14T12:00:00Z,https://www.youtube.com/watch?v=y4-XG7R7ZLY,https://i.ytimg.com/vi/y4-XG7R7ZLY/mqdefault_live.jpg
c321746bebe740cb98625ca4cf6fb9a7,upcoming,🍓新衣裝披露目🪽可愛度爆錶✨用愛你的心情去治癒你的心🩷【莓果花夕 berihanayu Ch.】,2026-10-14T12:00:00Z,https://www.youtube.com/watch?v=qMrjB3PBp_o,https://i.ytimg.com/vi/qMrjB3PBp_o/mqdefault_live.jpg
a168211aa3dd451cb33e09b80df0ea0a,upcoming,望夜 - ??? / 百人白首 #75,2026-10-14T12:00:00Z,https://www.youtube.com/watch?v=2ZHJvCilBfY,https://i.ytimg.com/vi/2ZHJvCilBfY/mqdefault.jpg
a2ee4a74f9ca40f5b6218de51736b9c8,upcoming,"【香味狩獵・#02】這些香水, 為什麼聞起來都很好吃?",2026-10-14T13:00:00Z,https://www.youtube.com/watch?v=4RfdXNCiXhg,https://i.ytimg.com/vi/4RfdXNCiXhg/mqdefault_live.jpg
a2c7c34474174cd2bffcc17a32aeec21,upcoming,【#歌枠】聽我唱歌！高評価50讚挑戰💕 ｜2.0募資中 #睡眠導入 #初見歓迎 #降落歡迎,2026-10-14T13:00:00Z,https://www.youtube.com/watch?v=dzFnQHJr6AI,https://i.ytimg.com/vi/dzFnQHJr6AI/mqdefault_live.jpg
faa4994019724702a9da315a8c3641bc,upcoming,【天月麻雀】輸的有懲罰Ꮚ･ꈊ･Ꮚ☂️ #初見大歡迎 #台V,2026-10-14T13:00:00Z,https://www.youtube.com/watch?v=iHktgHofxvQ,https://i.ytimg.com/vi/iHktgHofxvQ/mqdefault_live.jpg
7dd6c13c71ee452e9a85dec903f2ee15,upcoming,【#主題雜談】看似可愛實則暗黑？！這 5 部電影到底有什麼共通點？🍿🧪有暴雷的突發狀況，請多加小心【骷髑くる/KuDuKuRu】,2026-10-14T13:30:00Z,https://www.youtube.com/watch?v=P86UaGUd2Uw,https://i.ytimg.com/vi/P86UaGUd2Uw/mqdefault_live.jpg
0641a9c8b9a94994aaa33e0c86fef75b,upcoming,【阿西，美女室友竟然⋯？2 】冬日之旅DLC眼動儀挑戰！能夠抵抗奶子ㄇ⋯？ #台灣Vtuber #庫洛姆,2026-10-14T14:00:00Z,https://www.youtube.com/watch?v=65ZVJjnGtHA,https://i.ytimg.com/vi/65ZVJjnGtHA/mqdefault_live.jpg
2c2bf7ce933a4f34ac25c2dfa72fe565,upcoming,【御前秘信 投稿募集中！】Vol.5：10/14 長大後的現實鐵拳🥊 │羽歆 YuuXin,2026-10-14T14:00:00Z,https://www.youtube.com/watch?v=5hyW9mo6saQ,https://i.ytimg.com/vi/5hyW9mo6saQ/mqdefault_live.jpg
a3c6cbf76630432c83fa5277388be97c,upcoming,【ASMR|黑3Dio】催眠耳邊吐息輕語♥︎摩蹭輕舔|ゼロ距離密着♥︎耳マッサージ♥︎囁き|cleaningEars♥︎whispering♥︎EarMessage【夢宮色羽VTUBER】,2026-10-14T17:00:00Z,https://www.youtube.com/watch?v=i4Ek2YSATTY,https://i.ytimg.com/vi/i4Ek2YSATTY/mqdefault_live.jpg
4dd71b1079284bdb8ba90198317e524d,upcoming,【Castlevania: Belmont's Curse】惡魔城：貝爾蒙特的詛咒 歡迎回到Dead Cells城 EP2 (Steam版),2026-10-15T05:00:00Z,https://www.youtube.com/watch?v=UCCfNvOquRE,https://i.ytimg.com/vi/UCCfNvOquRE/mqdefault_live.jpg
7b2d1d71057b4ac2a16109b980a99e28,upcoming,【生日台】10.15生日慶祝前夜:來吃生日蛋糕｜貓宮結乃 yuno channel,2026-10-15T10:00:00Z,https://www.youtube.com/watch?v=FwkyV1jYi_0,https://i.ytimg.com/vi/FwkyV1jYi_0/mqdefault_live.jpg
eabec2cff9fb48cdb79965d77a56f47d,upcoming,🌾LIVE  10.15  —【 稻禾 こめさく】米粒精靈 VTuber｜為什麼要開學啊！主包現在又餓又累！！只好來看妹子安慰一下我受傷的心靈了！！！#arknightsendfield #live,2026-10-15T12:00:00Z,https://www.youtube.com/watch?v=QkehrZnhqk8,https://i.ytimg.com/vi/QkehrZnhqk8/mqdefault_live.jpg
a168211aa3dd451cb33e09b80df0ea0a,upcoming,藍玥 - ??? / 百人白首 #76,2026-10-15T12:00:00Z,https://www.youtube.com/watch?v=zKotMyG4W0o,https://i.ytimg.com/vi/zKotMyG4W0o/mqdefault.jpg
538d1d2058da4bdea1c7f43f088e995b,upcoming,初見歓迎＆繪圖雜談☀️新朋友破冰！用轉盤決定繪畫主題🎯 這些題目都是我們親自拍攝的📸 如果剛好有空，就來聽女孩們的日常小故事吧💕｜Carbon Copy｜治癒系Vtuber ✟ 希蘿亞Siroya,2026-10-15T12:30:00Z,https://www.youtube.com/watch?v=-5c1IphypMs,https://i.ytimg.com/vi/-5c1IphypMs/mqdefault_live.jpg
443ba741722742d5b7d5f76c3e7b445b,upcoming,【2026年秋 動漫．日劇】※広東語のみ 【魅音モモキュ．毛毛球】JP/HK/EN/ZH OK,2026-10-15T12:30:26Z,https://www.youtube.com/watch?v=-pn9ssMRfBM,https://i.ytimg.com/vi/-pn9ssMRfBM/mqdefault_live.jpg
2f80e2f83d254bbdbf48b9c8b3fca995,upcoming,୨୧ ꒰#2.0媛媛升級募資꒱,2026-10-15T15:45:00Z,https://www.youtube.com/watch?v=CTl_mgBdKIU,https://i.ytimg.com/vi/CTl_mgBdKIU/mqdefault_live.jpg
4dd71b1079284bdb8ba90198317e524d,upcoming,【Castlevania: Belmont's Curse】惡魔城：貝爾蒙特的詛咒 歡迎回到Dead Cells城 EP3,2026-10-16T02:30:00Z,https://www.youtube.com/watch?v=2rA_Ph6DWiY,https://i.ytimg.com/vi/2rA_Ph6DWiY/mqdefault_live.jpg
7b2d1d71057b4ac2a16109b980a99e28,upcoming,【生日台】 10.16生日慶祝回:新周邊發售｜貓宮結乃 yuno channel,2026-10-16T10:00:00Z,https://www.youtube.com/watch?v=X2hG1GZOZtw,https://i.ytimg.com/vi/X2hG1GZOZtw/mqdefault_live.jpg
a168211aa3dd451cb33e09b80df0ea0a,upcoming,Devilith Violustre - ??? / 百人白首 #77,2026-10-16T12:00:00Z,https://www.youtube.com/watch?v=9MeV12wRJ20,https://i.ytimg.com/vi/9MeV12wRJ20/mqdefault.jpg
e4e33334b43945b6837ec43826f3727f,upcoming,🌙【#新玥覺醒】藍玥2.0初配信，清楚系偶像? 💙 🌊 ⊹ ࣪ ˖ | 藍玥Lan Yue #初見歓迎 #降落歡迎,2026-10-16T13:00:00Z,https://www.youtube.com/watch?v=2javP6QhR-4,https://i.ytimg.com/vi/2javP6QhR-4/mqdefault_live.jpg
2913f17e61014f7691e016fae8468404,upcoming,【Nagalive】艾爾登法環 黑夜君臨 Elden Ring Nightreign 從零開始的深3-4三排上分生活 FT. Mono 暮政,2026-10-16T13:00:00Z,https://www.youtube.com/watch?v=TA6jlJuGIlw,https://i.ytimg.com/vi/TA6jlJuGIlw/mqdefault_live.jpg
4cebb92683d548089e998ec18a484930,upcoming,"【星露谷 聯動#10】好似有沙漠節 w/Chris, Koi, Rio【HKVtuber/迪妮雅・朱莉】",2026-10-16T13:00:00Z,https://www.youtube.com/watch?v=_4SE0_Cmc-8,https://i.ytimg.com/vi/_4SE0_Cmc-8/mqdefault_live.jpg
82d775c8bb1740c0a6db1037d3bf5fe0,upcoming,【女王的遊戲：盛世天下 女帝篇】說話要小心一點點 我不要當烏鴉嘴QQQ【艾米菈&巴佳亞】,2026-10-16T13:00:00Z,https://www.youtube.com/watch?v=O27Fkjni0pY,https://i.ytimg.com/vi/O27Fkjni0pY/mqdefault_live.jpg
4dd71b1079284bdb8ba90198317e524d,upcoming,【Fire Emblem: Fortune's Weave 】火紋 聖火降魔錄 萬縷千絲 EP13 第三部 救世篇,2026-10-17T02:30:00Z,https://www.youtube.com/watch?v=Wo52dq-xyXc,https://i.ytimg.com/vi/Wo52dq-xyXc/mqdefault_live.jpg
28e0e0a574fe4deca3d5ded0aa5d64ef,upcoming,【觀眾職業大調查】沒什麼很酷的節目名稱，但有很酷的工作狗溝們｜莫爾Belmoru,2026-10-17T09:30:00Z,https://www.youtube.com/watch?v=kPcm2cThcrA,https://i.ytimg.com/vi/kPcm2cThcrA/mqdefault_live.jpg
3bc36efc33ba4410be1d509a39074ceb,upcoming,"【3D初披露】TeRaź now here , Ready to start｜煦Hiyori、@SachiTeRaz、@実Hitomi、@雪Koyuki#序境Teraz3DSHOWCASE",2026-10-17T11:55:00Z,https://www.youtube.com/watch?v=8UEXo-2IfFI,https://i.ytimg.com/vi/8UEXo-2IfFI/mqdefault_live.jpg
0641a9c8b9a94994aaa33e0c86fef75b,upcoming,【PSALM VR】恐怖遊戲接力！嚇到就懲罰！ft.達亞、神崎 @foxdaya @神崎Kanzaki #台灣Vtuber #庫洛姆,2026-10-17T12:00:00Z,https://www.youtube.com/watch?v=0tLzrZ_t6gA,https://i.ytimg.com/vi/0tLzrZ_t6gA/mqdefault_live.jpg
265a18972d244affae35711cfd1f9931,upcoming,✨以愛為名３Ｄ演唱會✨讓我把一直以來收到的愛 全都唱給你們聽【MiroLive/塔芭絲可】,2026-10-17T12:00:00Z,https://www.youtube.com/watch?v=huvsfStVV_8,https://i.ytimg.com/vi/huvsfStVV_8/mqdefault_live.jpg
a168211aa3dd451cb33e09b80df0ea0a,upcoming,量產型猫飼步歌貳貳機 - ??? / 百人白首 #78,2026-10-17T12:00:00Z,https://www.youtube.com/watch?v=8u_dNoEJ7Zs,https://i.ytimg.com/vi/8u_dNoEJ7Zs/mqdefault.jpg
6dc75ab227e34c928598bde8f2d324bf,upcoming,【雜談】深夜醒獅：說出你內心深處最羞恥的告解！｜匿名投稿/雜談/心靈雞湯/哄睡🦁️,2026-10-17T12:00:00Z,https://www.youtube.com/watch?v=28LDDWN2n1I,https://i.ytimg.com/vi/28LDDWN2n1I/mqdefault_live.jpg
853be9569c0e446eaa5c5059642ea63b,upcoming,"【#生日快樂 】專屬壽星""914姐姐""福利活動｜壽星規則歡樂貓車場詳細說明欄 #魔物獵人荒野🎀 【一貓Muse Ch. 】",2026-10-17T15:30:00Z,https://www.youtube.com/watch?v=wPHpmObeCpo,https://i.ytimg.com/vi/wPHpmObeCpo/mqdefault_live.jpg
2d9ef8be75c34daf9ce9d17ecbbe0f7a,upcoming,◖伊莫◗繼續好玩抓寵遊戲 #伊莫 #MEPay魔儲 #初見歡迎 #降落歡迎 #Vtuber #奶茶當水喝🍼,2026-10-18T12:00:00Z,https://www.youtube.com/watch?v=UvJP-m6WcLY,https://i.ytimg.com/vi/UvJP-m6WcLY/mqdefault_live.jpg
a168211aa3dd451cb33e09b80df0ea0a,upcoming,羽芝扉扉 - ??? / 百人白首 #79,2026-10-18T12:00:00Z,https://www.youtube.com/watch?v=JSy8vx6j0Do,https://i.ytimg.com/vi/JSy8vx6j0Do/mqdefault.jpg
c587658ad4fe44b09137591c094ab297,upcoming,【遊戲】《世界傳記 DEMO》#1 只要到了塔頂，你的願望就能實現......｜黒崎くも Kumo,2026-10-18T13:15:00Z,https://www.youtube.com/watch?v=IF64eqRNdto,https://i.ytimg.com/vi/IF64eqRNdto/mqdefault_live.jpg
538d1d2058da4bdea1c7f43f088e995b,upcoming,初見歓迎＆繪圖雜談☀️繪過日子🎨繪畫新手初挑戰🔰練習畫可愛貓咪圖鑑🐱居然只有將近80種⁉️你猜的出來，我封面畫了什麼卯咪嗎～｜Procreate 007｜治癒系Vtuber ✟ 希蘿亞Siroya,2026-10-19T06:00:00Z,https://www.youtube.com/watch?v=WQ66JXJFvnA,https://i.ytimg.com/vi/WQ66JXJFvnA/mqdefault_live.jpg
a168211aa3dd451cb33e09b80df0ea0a,upcoming,心 cocor0 - ??? / 百人白首 #80,2026-10-19T12:00:00Z,https://www.youtube.com/watch?v=NjWbKYAv7Xo,https://i.ytimg.com/vi/NjWbKYAv7Xo/mqdefault.jpg
c587658ad4fe44b09137591c094ab297,upcoming,【遊戲】《Saviour & Religion Demo》我與我失去的記憶｜黒崎くも Kumo,2026-10-19T13:30:00Z,https://www.youtube.com/watch?v=R2zLYf9o5Aw,https://i.ytimg.com/vi/R2zLYf9o5Aw/mqdefault_live.jpg
ef67b676c0334ef182151f473469c1f1,upcoming,｜ 聯 名 商 品｜🎪. １０/１９止  .ᐟ.ᐟ 尼皮 × Favorite 聯名外套 .ᐟ.ᐟ ⭐,2026-10-19T15:45:00Z,https://www.youtube.com/watch?v=Noq3iHNQf50,https://i.ytimg.com/vi/Noq3iHNQf50/mqdefault_live.jpg
107ad23090e649b8935850f3d78ded99,upcoming,【會限Members】思考未來（2026/10月）【Le² Hooni 狐泥】個人勢Vtuber,2026-10-20T06:30:00Z,https://www.youtube.com/watch?v=7h1HiZg797o,https://i.ytimg.com/vi/7h1HiZg797o/mqdefault_live.jpg
a168211aa3dd451cb33e09b80df0ea0a,upcoming,茶帽瑪緹 - ??? / 百人白首 #81,2026-10-20T12:00:00Z,https://www.youtube.com/watch?v=ogZCd5jqfyE,https://i.ytimg.com/vi/ogZCd5jqfyE/mqdefault.jpg
43e557d175ce462b97c4c406954d8c04,upcoming,🎄【✈️旅遊雜談】我終於有空繼續聊了 Part 3\ 初見歡迎！/【⭐一隻阿橋 | 粵語 | HKVtuber🐿️】【29.09.2026】🎄,2026-10-20T12:30:00Z,https://www.youtube.com/watch?v=xr9T6gvyCAU,https://i.ytimg.com/vi/xr9T6gvyCAU/mqdefault_live.jpg
004e635d5d494045a810b2d026e769c7,upcoming,姊弟鬩牆！棉花糖截止到10月10日喔！！【棉花糖雜談】,2026-10-20T13:00:00Z,https://www.youtube.com/watch?v=daceDtwZ0CM,https://i.ytimg.com/vi/daceDtwZ0CM/mqdefault_live.jpg
faa4994019724702a9da315a8c3641bc,upcoming,【傳說對決】輸我你無須自卑(?(觀眾場)☂️ #初見大歡迎,2026-10-20T13:00:00Z,https://www.youtube.com/watch?v=IRVqImgu7eM,https://i.ytimg.com/vi/IRVqImgu7eM/mqdefault_live.jpg
c587658ad4fe44b09137591c094ab297,upcoming,【遊戲】《和平締造者：腥紅帝王》#1 墮落的王、復國的決心｜黒崎くも Kumo,2026-10-20T14:15:00Z,https://www.youtube.com/watch?v=KOWgXCyP01I,https://i.ytimg.com/vi/KOWgXCyP01I/mqdefault_live.jpg
342f808864164047acc8ddffe88c9618,upcoming,【cover / 歌ってみた】Song for... / ROOKiEZ is PUNK'D【逆Neeplus】,2026-10-20T16:00:00Z,https://www.youtube.com/watch?v=dCLbUlJVZXA,https://i.ytimg.com/vi/dCLbUlJVZXA/mqdefault.jpg
a168211aa3dd451cb33e09b80df0ea0a,upcoming,莓芊時戀 - ??? / 百人白首 #82,2026-10-21T12:00:00Z,https://www.youtube.com/watch?v=JTr9voSbDfc,https://i.ytimg.com/vi/JTr9voSbDfc/mqdefault.jpg
a2c7c34474174cd2bffcc17a32aeec21,upcoming,【Re:sing 聲浪迴響】我是自己的英雄 #歌枠 #睡眠導入 #初見歓迎 #降落歡迎,2026-10-21T13:00:00Z,https://www.youtube.com/watch?v=Fa1R-s-h9Wo,https://i.ytimg.com/vi/Fa1R-s-h9Wo/mqdefault_live.jpg
a168211aa3dd451cb33e09b80df0ea0a,upcoming,悠蜜 - 有一種悲傷 / 百人白首 #83,2026-10-22T12:00:00Z,https://www.youtube.com/watch?v=P9_UfnlkGhI,https://i.ytimg.com/vi/P9_UfnlkGhI/mqdefault.jpg
0ede84dfc1ff426cb42643d7390d2937,upcoming,"【🍽️家政烹飪科 】🍮 歐洲各地甜品小故事! Ft 德國科科長 艾芙蓮同學｜ 降落,掛台,初見大歡迎【Donut 糖納茲 / HK vtuber】#迎真創意學院",2026-10-22T13:00:00Z,https://www.youtube.com/watch?v=FxKT_3FtTVU,https://i.ytimg.com/vi/FxKT_3FtTVU/mqdefault_live.jpg
a168211aa3dd451cb33e09b80df0ea0a,upcoming,灯理 - ??? / 百人白首 #84,2026-10-23T12:00:00Z,https://www.youtube.com/watch?v=tCSUMqgx5xA,https://i.ytimg.com/vi/tCSUMqgx5xA/mqdefault.jpg
9a7b7c9c31da44aca5a68395a2e69488,upcoming,【無声透明Vtuber】ファイナルファンタジー レゾナンス #4 【バ美肉、バ美声不使用】,2026-10-23T12:00:00Z,https://www.youtube.com/watch?v=4OjbXUBV67s,https://i.ytimg.com/vi/4OjbXUBV67s/mqdefault_live.jpg
a168211aa3dd451cb33e09b80df0ea0a,upcoming,橘攸奈 - ??? / 百人白首 #85,2026-10-24T12:00:00Z,https://www.youtube.com/watch?v=KQI3EGvjGBU,https://i.ytimg.com/vi/KQI3EGvjGBU/mqdefault.jpg
66ab3e28c90a428bb98100cd9119a4e9,upcoming,🎮 DST｜DAY 661 ~ DAY XXX｜ 33th with 餓餓六遛,2026-10-24T14:00:00Z,https://www.youtube.com/watch?v=QSCQNvqelWs,https://i.ytimg.com/vi/QSCQNvqelWs/mqdefault_live.jpg
a168211aa3dd451cb33e09b80df0ea0a,upcoming,萊菈•希格娜斯 - ??? / 百人白首 #86,2026-10-25T12:00:00Z,https://www.youtube.com/watch?v=gZUrVNCdKhk,https://i.ytimg.com/vi/gZUrVNCdKhk/mqdefault.jpg
420208d1dcb74abfa325fc1f6a27e17b,upcoming,【新衣裝】換上新衣!抄起樂器!隨著旋律起舞~跟著節拍律動!山粉圓我們邁進!🥁初見大歡迎!【UFO】#麻糬山丘,2026-10-25T13:00:00Z,https://www.youtube.com/watch?v=IGgpssYa3as,https://i.ytimg.com/vi/IGgpssYa3as/mqdefault_live.jpg
e069724ddab54dd690d6c3425574effd,upcoming,【 蘿BO輕聲陪睡睡】國際女童日當然要請出蘿BO出沒拉💙｜Stay A Little Longer #賣勾萊拉,2026-10-25T15:00:00Z,https://www.youtube.com/watch?v=gyTQ34r9zbE,https://i.ytimg.com/vi/gyTQ34r9zbE/mqdefault_live.jpg
c6d0078f1d5e4fd08a459c7eecd85464,upcoming,【一週年】一週年成果回顧✨｜白音的週年雜談 #初見歡迎 #降落歡迎 #初見さん大歓迎,2026-10-26T12:00:00Z,https://www.youtube.com/watch?v=RRdhVjd0ToM,https://i.ytimg.com/vi/RRdhVjd0ToM/mqdefault_live.jpg
a168211aa3dd451cb33e09b80df0ea0a,upcoming,雪迎 - ??? / 百人白首 #87,2026-10-26T12:00:00Z,https://www.youtube.com/watch?v=Razptzv6nGw,https://i.ytimg.com/vi/Razptzv6nGw/mqdefault.jpg
a168211aa3dd451cb33e09b80df0ea0a,upcoming,芙蘿拉 - ??? / 百人白首 #88,2026-10-27T12:00:00Z,https://www.youtube.com/watch?v=WW9cBxk-TuA,https://i.ytimg.com/vi/WW9cBxk-TuA/mqdefault.jpg
a168211aa3dd451cb33e09b80df0ea0a,upcoming,劫羅 - ??? / 百人白首 #89,2026-10-28T12:00:00Z,https://www.youtube.com/watch?v=leaXkaukoAE,https://i.ytimg.com/vi/leaXkaukoAE/mqdefault.jpg
a2c7c34474174cd2bffcc17a32aeec21,upcoming,【#歌枠】你不需要愛我一輩子 ｜2.0募資中 #睡眠導入 #初見歓迎 #降落歡迎,2026-10-28T13:00:00Z,https://www.youtube.com/watch?v=bIevOVgmE-s,https://i.ytimg.com/vi/bIevOVgmE-s/mqdefault_live.jpg
a2c7c34474174cd2bffcc17a32aeec21,upcoming,【三周年凸待】社恐精靈勇敢踏出舒適圈,2026-10-29T11:30:00Z,https://www.youtube.com/watch?v=3bo2hORhHnU,https://i.ytimg.com/vi/3bo2hORhHnU/mqdefault_live.jpg
ef67b676c0334ef182151f473469c1f1,upcoming,｜灌腸｜灌軍衛生紙承諾兌現 🙂,2026-10-29T12:00:00Z,https://www.youtube.com/watch?v=THKfdBeKcus,https://i.ytimg.com/vi/THKfdBeKcus/mqdefault_live.jpg
a168211aa3dd451cb33e09b80df0ea0a,upcoming,角蓮 - ??? / 百人白首 #90,2026-10-29T12:00:00Z,https://www.youtube.com/watch?v=WEbpiHulxyk,https://i.ytimg.com/vi/WEbpiHulxyk/mqdefault.jpg
d5fdf5fc55d14476908e416e6d43c121,upcoming,【ASMR】不給糖就搗蛋，我來收我的戰利品囉♡❄️3DIO XLR／小惡魔／囁き／舔耳／脳舐め／耳舐め／無廣告／広告なし【雪之下織雪／芥川組】,2026-10-29T15:00:00Z,https://www.youtube.com/watch?v=M6omNhcyY-0,https://i.ytimg.com/vi/M6omNhcyY-0/mqdefault_live.jpg
4b6655120fbd4431a8f7894cac4a4d49,upcoming,微劇情ASMR｜你好，我吃一點♡ 日本妖怪「垢嘗あかなめ」盯上你的耳朵｜濃厚舔耳・怪物語【KU100｜無廣告】,2026-10-29T15:00:00Z,https://www.youtube.com/watch?v=4n-AmnG0OZ0,https://i.ytimg.com/vi/4n-AmnG0OZ0/mqdefault_live.jpg
a168211aa3dd451cb33e09b80df0ea0a,upcoming,有・柚実 - ??? / 百人白首 #91,2026-10-30T12:00:00Z,https://www.youtube.com/watch?v=YX3qaiumVCY,https://i.ytimg.com/vi/YX3qaiumVCY/mqdefault.jpg
52324c45fae74014bc603ae09d8d6136,upcoming,【T3會限聊天室】臉紅心跳💛資訊欄加入深度會員💛│緗靈XiangLing #新人vtuber,2026-10-30T13:30:00Z,https://www.youtube.com/watch?v=bm6GEgYUbuI,https://i.ytimg.com/vi/bm6GEgYUbuI/mqdefault_live.jpg
eabec2cff9fb48cdb79965d77a56f47d,upcoming,🌾LIVE   10.31  —【 稻禾 こめさく】米粒精靈 VTuber｜紅溫人格今天先知葛格生日欸！該讓我順利地完成成就任務了吧！！你們主包可是很會吸鳥的喔！！！#identityv #live,2026-10-31T07:00:00Z,https://www.youtube.com/watch?v=2rkXrKIllVg,https://i.ytimg.com/vi/2rkXrKIllVg/mqdefault_live.jpg
a168211aa3dd451cb33e09b80df0ea0a,upcoming,八上菟比 - ??? / 百人白首 #92,2026-10-31T12:00:00Z,https://www.youtube.com/watch?v=PHwyw-D3-tI,https://i.ytimg.com/vi/PHwyw-D3-tI/mqdefault.jpg
e92219319c904d17ad14a223a304f7b5,upcoming,【#特別企劃】不給糖就搗蛋! 小小幽專場 / 浮幽幽 FUU,2026-10-31T13:00:00Z,https://www.youtube.com/watch?v=R9RUMgQX6-Q,https://i.ytimg.com/vi/R9RUMgQX6-Q/mqdefault_live.jpg
483a76d7ad1d464aa290606959ddddec,upcoming,【新番雜談】2026.10月🍉FX久留美/藥師少女/尋找殭屍中,2026-10-31T13:00:00Z,https://www.youtube.com/watch?v=9DsYNWv0FNc,https://i.ytimg.com/vi/9DsYNWv0FNc/mqdefault_live.jpg
94c7cb6122bd4dcab2d8660ddc5f5508,upcoming,【5周年】ぶっちゃけ大会(?)【重大発表】,2026-10-31T14:00:00Z,https://www.youtube.com/watch?v=b-kuIPgZn9w,https://i.ytimg.com/vi/b-kuIPgZn9w/mqdefault_live.jpg
2885972c2d0943e6b697bdc5e72c1d4a,upcoming,【PR】日本人妻敲碗已久的台日聯名☕✨還有特別優惠🎁✨ #vtuber #烈芝麻,2026-10-31T14:45:00Z,https://www.youtube.com/watch?v=6R-0p8HOIsU,https://i.ytimg.com/vi/6R-0p8HOIsU/mqdefault_live.jpg
a168211aa3dd451cb33e09b80df0ea0a,upcoming,蕾·古露絲 - ??? / 百人白首 #93,2026-11-01T12:00:00Z,https://www.youtube.com/watch?v=kqbEHxVyuzU,https://i.ytimg.com/vi/kqbEHxVyuzU/mqdefault.jpg
a5681ed32f994c57a107a0b9248fb228,upcoming,✦2026 露娜娜生日收禮開啟啦~✦,2026-11-01T14:55:00Z,https://www.youtube.com/watch?v=DD5Uo9LkmHM,https://i.ytimg.com/vi/DD5Uo9LkmHM/mqdefault_live.jpg
a168211aa3dd451cb33e09b80df0ea0a,upcoming,花咲小春 - ??? / 百人白首 #94,2026-11-02T12:00:00Z,https://www.youtube.com/watch?v=SGR8BW7GykY,https://i.ytimg.com/vi/SGR8BW7GykY/mqdefault.jpg
8f0b41303e8a481689fe4309a565ecd3,upcoming,[ 遊戲 ] 爛砲兵手打上線，新手菜鳥好緊張 #初見歡迎💙,2026-11-02T12:00:00Z,https://www.youtube.com/watch?v=0spT_MXIbyU,https://i.ytimg.com/vi/0spT_MXIbyU/mqdefault_live.jpg
a168211aa3dd451cb33e09b80df0ea0a,upcoming,極彩天繪 - ??? / 百人白首 #95,2026-11-03T12:00:00Z,https://www.youtube.com/watch?v=TVDw5Uipsxg,https://i.ytimg.com/vi/TVDw5Uipsxg/mqdefault.jpg
a168211aa3dd451cb33e09b80df0ea0a,upcoming,優塔 - ??? / 百人白首 #96,2026-11-04T12:00:00Z,https://www.youtube.com/watch?v=VUn2zcgQeik,https://i.ytimg.com/vi/VUn2zcgQeik/mqdefault.jpg
9a7b7c9c31da44aca5a68395a2e69488,upcoming,【無声透明Vtuber】ゼルダの伝説 時のオカリナ #1 【バ美肉、バ美声不使用】,2026-11-04T15:00:00Z,https://www.youtube.com/watch?v=BO9xWMzbY34,https://i.ytimg.com/vi/BO9xWMzbY34/mqdefault_live.jpg
a168211aa3dd451cb33e09b80df0ea0a,upcoming,麵音白湯 - ??? / 百人白首 #97,2026-11-05T12:00:00Z,https://www.youtube.com/watch?v=5Cg4v_83LSs,https://i.ytimg.com/vi/5Cg4v_83LSs/mqdefault.jpg
a168211aa3dd451cb33e09b80df0ea0a,upcoming,冬雲凜 - ??? / 百人白首 #99,2026-11-07T12:00:00Z,https://www.youtube.com/watch?v=qolUfRHSdNo,https://i.ytimg.com/vi/qolUfRHSdNo/mqdefault.jpg
994fcc5db40840ae990cf1ce43728548,upcoming,⋆⁺₊❅⋆ ⁺₊❆⋆〖 廣吿板 〗⋆⁺₊❅⋆ ⁺₊❆⋆,2026-11-11T14:00:00Z,https://www.youtube.com/watch?v=Btnqv5TmLxU,https://i.ytimg.com/vi/Btnqv5TmLxU/mqdefault_live.jpg
0fbdfcc1b9cf41fdb840cf2f546d9324,upcoming,【魔法少女的魔女審判】ep5. 晚上繼續努力解謎,2026-11-27T13:00:00Z,https://www.youtube.com/watch?v=nMFyHxliM64,https://i.ytimg.com/vi/nMFyHxliM64/mqdefault_live.jpg
7754dca48f524b938314a2b346772e4e,upcoming,🤍 週年新型態新衣裝募資企劃!! (09/19~11/30) 🤍,2026-11-30T07:30:00Z,https://www.youtube.com/watch?v=r1WJ0h5NXCI,https://i.ytimg.com/vi/r1WJ0h5NXCI/mqdefault_live.jpg
6873f5b9a88c42ba980878bbffb5682a,upcoming,今を掴め！,2026-12-03T13:00:00Z,https://www.youtube.com/watch?v=xVG2oOdCOFA,https://i.ytimg.com/vi/xVG2oOdCOFA/mqdefault_live.jpg
2913f17e61014f7691e016fae8468404,upcoming,【Cover】悔やむと書いてミライ｜寫作悔恨的未來,2026-12-04T17:00:00Z,https://www.youtube.com/watch?v=7csRHyzr5_c,https://i.ytimg.com/vi/7csRHyzr5_c/mqdefault.jpg
2885972c2d0943e6b697bdc5e72c1d4a,upcoming,【PR】✨👗2.0新衣裝公開紀念周邊👗✨ #vtuber #烈芝麻,2026-12-07T15:00:00Z,https://www.youtube.com/watch?v=Sv9uClzn8jo,https://i.ytimg.com/vi/Sv9uClzn8jo/mqdefault_live.jpg
0fbdfcc1b9cf41fdb840cf2f546d9324,upcoming,【pokopia】第二十一天,2026-12-28T13:00:00Z,https://www.youtube.com/watch?v=lWNnUatPVxk,https://i.ytimg.com/vi/lWNnUatPVxk/mqdefault_live.jpg
0fbdfcc1b9cf41fdb840cf2f546d9324,upcoming,【pokopia】第二十二天,2026-12-29T15:00:00Z,https://www.youtube.com/watch?v=lXG1zL7jiP4,https://i.ytimg.com/vi/lXG1zL7jiP4/mqdefault_live.jpg
0fbdfcc1b9cf41fdb840cf2f546d9324,upcoming,【pokopia】第二十三天,2026-12-30T15:00:00Z,https://www.youtube.com/watch?v=IOzEOdYEj_w,https://i.ytimg.com/vi/IOzEOdYEj_w/mqdefault_live.jpg
788611c913b04d999011628637657bee,upcoming,ʙɪʀᴛʜᴅᴀʏ ꜱᴇᴛ．米婭週邊這邊買 ༘❀⋆,2026-12-31T12:00:00Z,https://www.youtube.com/watch?v=pcNWo7vxi4E,https://i.ytimg.com/vi/pcNWo7vxi4E/mqdefault_live.jpg
ea5ee3c6c8d24db78cdad9e18558f1c5,upcoming,周表,2026-12-31T14:30:00Z,https://www.youtube.com/watch?v=G3bcXctjwA4,https://i.ytimg.com/vi/G3bcXctjwA4/mqdefault_live.jpg
c3bec3f382754230b178f8278eb550fb,upcoming,【點進待機室 查看詳情 】看看誰又立旗..等你來拔啦..旗子時間: 2026.12.31 截止【優塔Jutta Ch.】 | 原創曲MV 熱播中 | #初見歡迎 #降落歡迎,2026-12-31T15:55:00Z,https://www.youtube.com/watch?v=xo8sJo3Wu1M,https://i.ytimg.com/vi/xo8sJo3Wu1M/mqdefault_live.jpg
7f4f30df30ec405bb0968c585b243fa5,upcoming,【3.0新衣裝募資】從心開始，百合綻放！一起把這朵百合，養到盛開吧！│#悠在這漓 │#花奈悠漓Yuuuri,2026-12-31T15:59:00Z,https://www.youtube.com/watch?v=RmOqALQkqmE,https://i.ytimg.com/vi/RmOqALQkqmE/mqdefault_live.jpg
a42c38cc7c0b4812b9bc79ab5f2d84f3,upcoming,（時間待定 / Coming Soon）【500 Subs Thank You!】 500訂閱感謝特別企劃,2027-01-01T05:35:00Z,https://www.youtube.com/watch?v=DnKuBZ1PzmE,https://i.ytimg.com/vi/DnKuBZ1PzmE/mqdefault_live.jpg
e91df1edab1b4b01b37419becd9f5b86,upcoming,🐼🐼開台預定放置地🐼🐼,2027-01-01T15:00:00Z,https://www.youtube.com/watch?v=Aep5sGpXT_4,https://i.ytimg.com/vi/Aep5sGpXT_4/mqdefault_live.jpg
8bc70fad02c8432d99056ebd5a8e2ae5,upcoming,【周表】雖然這周剩兩天...｜羽黑焰 Haguro｜SDS ​,2027-01-19T23:00:00Z,https://www.youtube.com/watch?v=EgOc3P2J240,https://i.ytimg.com/vi/EgOc3P2J240/mqdefault_live.jpg
9a7b7c9c31da44aca5a68395a2e69488,upcoming,【無声透明Vtuber】メトロイド ラヴェナス #1 【バ美肉、バ美声不使用】,2027-01-27T15:00:00Z,https://www.youtube.com/watch?v=8gc4LCxH_zI,https://i.ytimg.com/vi/8gc4LCxH_zI/mqdefault_live.jpg
c3bec3f382754230b178f8278eb550fb,upcoming,【最新活動】2.0全新形象募資中~!! 募資時間: 2026.07.15-2027.01.31,2027-01-31T15:45:00Z,https://www.youtube.com/watch?v=qIfbDnMXPq4,https://i.ytimg.com/vi/qIfbDnMXPq4/mqdefault_live.jpg
9a7b7c9c31da44aca5a68395a2e69488,upcoming,【無声透明Vtuber】朧村正怪奇譚 #1 【バ美肉、バ美声不使用】,2027-02-05T12:00:00Z,https://www.youtube.com/watch?v=mB74YpYqgHU,https://i.ytimg.com/vi/mB74YpYqgHU/mqdefault_live.jpg
9a7b7c9c31da44aca5a68395a2e69488,upcoming,【無声透明Vtuber】GUNDAM ROGUE ORBIT #1 【バ美肉、バ美声不使用】,2027-03-05T12:00:00Z,https://www.youtube.com/watch?v=ZbVpkli5N9w,https://i.ytimg.com/vi/ZbVpkli5N9w/mqdefault_live.jpg
a1608f0690584f07bf7aaf84ed9e4d8f,upcoming,【 十月直播 (暫時) 預定 】,2027-03-14T16:00:00Z,https://www.youtube.com/watch?v=UIueTu45hcE,https://i.ytimg.com/vi/UIueTu45hcE/mqdefault_live.jpg
4576d781ddae45d59fc83c8d25385983,upcoming,⚰️10/05 - 10/11 週表💜你前面的妹妹聊完了?輪到我了?,2027-03-30T16:30:00Z,https://www.youtube.com/watch?v=1PEaTmkoDOk,https://i.ytimg.com/vi/1PEaTmkoDOk/mqdefault_live.jpg
9a7b7c9c31da44aca5a68395a2e69488,upcoming,【無声透明Vtuber】FINAL FANTASY VII REVELATION #1 【バ美肉、バ美声不使用】,2027-04-07T12:00:00Z,https://www.youtube.com/watch?v=ZFW1MrOcNIg,https://i.ytimg.com/vi/ZFW1MrOcNIg/mqdefault_live.jpg
788611c913b04d999011628637657bee,upcoming,✨ ꜱᴜᴘᴘᴏʀᴛ ᴍɪᴀ ✨,2027-06-11T13:20:00Z,https://www.youtube.com/watch?v=H9ynXdguGO4,https://i.ytimg.com/vi/H9ynXdguGO4/mqdefault_live.jpg
e3451dd6f3c0444c888eb6f67704613a,upcoming,【頻道活動｜09月】每一次簽到與支持，都會留下我們相遇的痕跡 💛【#亞雪｜Ashe】簽到活動、抖內回饋、回憶紀錄,2027-06-19T12:00:00Z,https://www.youtube.com/watch?v=1yG4GbsLNH8,https://i.ytimg.com/vi/1yG4GbsLNH8/mqdefault_live.jpg
364f94fc7493453e9f53787ade8e35c6,upcoming,《周表》本台行程表～每周一三五日開台[台灣Vtuber],2027-06-26T04:00:00Z,https://www.youtube.com/watch?v=h_x2zOjdreY,https://i.ytimg.com/vi/h_x2zOjdreY/mqdefault_live.jpg
8195d69546e3466c95f9d35ccb7c6c35,upcoming,10/5 ～ 10/11｜正當理由瘋狂嗑糖,2027-07-14T16:35:00Z,https://www.youtube.com/watch?v=OfjJCehA3NE,https://i.ytimg.com/vi/OfjJCehA3NE/mqdefault_live.jpg
78f09e2a2d31477aa4a475ff159fb7c2,upcoming,【休假公告】9月18日至10月10日暫停直播活動,2027-07-27T12:05:00Z,https://www.youtube.com/watch?v=fkAey7fsBk0,https://i.ytimg.com/vi/fkAey7fsBk0/mqdefault_live.jpg
0bf0ec441dc6489583f7218e02ab6a89,upcoming,❤️香草奈若八月月表✨FF47浪海數位攤位啟動✨填滿你寂寞的夜🌙溫暖溫暖你的心與身體...,2027-07-28T20:35:00Z,https://www.youtube.com/watch?v=t7Dw9PoTD9A,https://i.ytimg.com/vi/t7Dw9PoTD9A/mqdefault_live.jpg
5d00575c06d74f588238857d7dec1b02,upcoming,【妮卡沃爾 × 康定｜團購開跑！】,2027-08-03T06:45:00Z,https://www.youtube.com/watch?v=10mYrNZtEP0,https://i.ytimg.com/vi/10mYrNZtEP0/mqdefault_live.jpg
2717397c3d824350ace8ed9b6ba2f08f,upcoming,【蕾莎Resa】THIS WEEK｜看看週表+說說話的地方🍎📕,2027-08-03T12:00:00Z,https://www.youtube.com/watch?v=CVAoRQyWkRk,https://i.ytimg.com/vi/CVAoRQyWkRk/mqdefault_live.jpg
673abaca34d047b49b11d50214a9a463,upcoming,【週邊】一週年紀念週邊，限量是殘酷的，只剩少量現貨，還不收藏一波嗎ฅ●ω●ฅ  #陪伴 #朔時零 #Vtuber #週邊販賣 #立牌 #飯友 #徽章,2027-08-11T15:25:00Z,https://www.youtube.com/watch?v=5bx3puBAPn4,https://i.ytimg.com/vi/5bx3puBAPn4/mqdefault_live.jpg
4865c3feac234584909168181b7dc2be,upcoming,𝑒𝓂𝓅𝓉𝓎,2027-08-16T16:00:00Z,https://www.youtube.com/watch?v=vGa5y18GnIQ,https://i.ytimg.com/vi/vGa5y18GnIQ/mqdefault_live.jpg
0628f4d0fcbd4f0a980b64b3b1deeb74,upcoming,愛意隨風起 風止意難平 #周表 #Vtuber #台v #台灣vtuber,2027-08-23T14:00:00Z,https://www.youtube.com/watch?v=sPtv_wL1jG0,https://i.ytimg.com/vi/sPtv_wL1jG0/mqdefault_live.jpg
658e63bebdca421ca934b0bf6aa2bcd8,upcoming,(10/05~10/11)妲本周預定行程表ᕕ ( ᐛ ) ᕗ (理論每周一更新),2027-08-25T13:20:00Z,https://www.youtube.com/watch?v=vumBkaOiA-U,https://i.ytimg.com/vi/vumBkaOiA-U/mqdefault_live.jpg
f905195b653944cd9de4ab0b4e6cca58,upcoming,【本周周表】9/28-10/4 禮拜四來看我畫圖哇,2027-08-30T12:30:00Z,https://www.youtube.com/watch?v=LY2XylA9d24,https://i.ytimg.com/vi/LY2XylA9d24/mqdefault_live.jpg
7a184a9a63cd425a9319691e20e3b148,upcoming,｡⋆｡˚ ʚɞ ˚｡⋆｡10/05 - 10/11,2027-09-09T13:00:00Z,https://www.youtube.com/watch?v=4F_yyUMrkRM,https://i.ytimg.com/vi/4F_yyUMrkRM/mqdefault_live.jpg
cd88de8b4bc84a71975df9afb42192b8,upcoming,【假日唱歌直播】假日就是要熬夜(X【歌枠/Singing stream】,2027-09-12T16:00:00Z,https://www.youtube.com/watch?v=DyOq9eIGWmA,https://i.ytimg.com/vi/DyOq9eIGWmA/mqdefault_live.jpg
41a105676f5643d981a2167e8ac55552,upcoming,✟ SHIRO WEEKLY SCHEDULE ✟修女今天也要準時開台【修女 Shiro シロ✞】,2027-09-15T13:00:00Z,https://www.youtube.com/watch?v=Xs3kZTwnwg4,https://i.ytimg.com/vi/Xs3kZTwnwg4/mqdefault_live.jpg
7805f5aaa7be47878ebcf88c6ff4669a,upcoming,【週表】1005-1011｜璃Miri,2027-09-20T14:20:00Z,https://www.youtube.com/watch?v=eTkyhCecWhg,https://i.ytimg.com/vi/eTkyhCecWhg/mqdefault_live.jpg
5b85294949544a5f8855715acadf66a5,upcoming,【藍銫研究室週表】2026.10.06～2026.10.11,2027-09-28T07:00:00Z,https://www.youtube.com/watch?v=kROq99xKBjw,https://i.ytimg.com/vi/kROq99xKBjw/mqdefault_live.jpg
608b617ad99c4f18b97d10560e254b4b,upcoming,【2026年周表】長期置頂~【清梅 ChingMeii】#新人vtuber #vtuber #debut,2027-10-01T13:05:00Z,https://www.youtube.com/watch?v=ijzPDgHcJnU,https://i.ytimg.com/vi/ijzPDgHcJnU/mqdefault_live.jpg
f53807443055490f87b85ded6caee0aa,upcoming,【周表】10/5-10/11  | 可樂月月 ColaMoon,2027-10-03T03:35:00Z,https://www.youtube.com/watch?v=yyzE9wuJaUs,https://i.ytimg.com/vi/yyzE9wuJaUs/mqdefault_live.jpg
95e5788cabf340e397e2726def426229,upcoming,【10/5-10/11】直播行程表丨杜邊優妮,2027-10-05T07:30:00Z,https://www.youtube.com/watch?v=MX3Jp8HTyAs,https://i.ytimg.com/vi/MX3Jp8HTyAs/mqdefault_live.jpg
c379e3f4f1eb41869ec465481b182e50,upcoming,2026/10/5 - 2026/10/11 牡蠣國週表🦪10/9＆10/11 11:10-12:00 線下見面會！,2027-10-05T18:43:26Z,https://www.youtube.com/watch?v=w6N_yLQznhU,https://i.ytimg.com/vi/w6N_yLQznhU/mqdefault_live.jpg
747fb5e9d30240a1ac42fbf37e86b55d,upcoming,公告和聊天用 | 路易 格林 / Louis Grimm,2027-12-28T04:00:00Z,https://www.youtube.com/watch?v=dFW1_3tYRMw,https://i.ytimg.com/vi/dFW1_3tYRMw/mqdefault_live.jpg
247eca886f5c43188a3d6d3945e40636,upcoming,【09/14-09/20】周表#新人VTUBER #台V #魔王會長休息中,2027-12-29T04:05:00Z,https://www.youtube.com/watch?v=qJHJes0xNAM,https://i.ytimg.com/vi/qJHJes0xNAM/mqdefault_live.jpg
4766ec1a407f4271bca77fb81487e81a,upcoming,無限期停播公告🐔,2027-12-30T16:00:00Z,https://www.youtube.com/watch?v=FmfABW0Vbrg,https://i.ytimg.com/vi/FmfABW0Vbrg/mqdefault_live.jpg
73abc31606db493f971f679dfde4f7e5,upcoming,【FREE CHAT】直播行程表 LIVE Schedule┇直播異動請看YT貼文通知！圖奇偶爾開深夜台，加入Discord粉絲群可收到即時開台通知 ★ 星海.HoshiUmi ★,2027-12-31T13:00:00Z,https://www.youtube.com/watch?v=NWLkSLh3fGI,https://i.ytimg.com/vi/NWLkSLh3fGI/mqdefault_live.jpg
36ad63809a2441c9b85f7ee628136ce3,upcoming,【 祿衲的本周行程 ! 】,2028-01-01T14:10:00Z,https://www.youtube.com/watch?v=SOzozAHji-U,https://i.ytimg.com/vi/SOzozAHji-U/mqdefault_live.jpg
e350c8b7e41045419ee1ac73bc78921b,upcoming,【不會再次消失的週表💙】,2028-01-13T18:35:00Z,https://www.youtube.com/watch?v=4wIK2f_KW8E,https://i.ytimg.com/vi/4wIK2f_KW8E/mqdefault_live.jpg
943a063e5df041a08d7a304517e3b420,upcoming,【夜墨澪笙Reishou.Ch】✡直播周表✡10/05-10/11,2028-01-27T12:30:00Z,https://www.youtube.com/watch?v=bPi6yZgiTEI,https://i.ytimg.com/vi/bPi6yZgiTEI/mqdefault_live.jpg
7b00dfda406f484eaf75107c186abe33,upcoming,10/5~10/11周表！！本周打打遊戲練練歌吧(￣┰￣*),2028-01-29T11:15:00Z,https://www.youtube.com/watch?v=6g1ughQPJnI,https://i.ytimg.com/vi/6g1ughQPJnI/mqdefault_live.jpg
e92219319c904d17ad14a223a304f7b5,upcoming,【週表】每周行程 / 浮幽幽 FUU,2028-02-21T16:00:00Z,https://www.youtube.com/watch?v=Lp5sdfUyHcA,https://i.ytimg.com/vi/Lp5sdfUyHcA/mqdefault_live.jpg
6166fbac685941a6acf389460de44943,upcoming,會員功能開通！果農回饋活動🍎,2028-03-31T11:30:00Z,https://www.youtube.com/watch?v=j9YLON4TSYk,https://i.ytimg.com/vi/j9YLON4TSYk/mqdefault_live.jpg
6a9a7c7dc3f94605b5f619e9fbcfa33d,upcoming,【10/05~10/11周表】,2028-04-03T09:05:00Z,https://www.youtube.com/watch?v=21dj3FGTFtU,https://i.ytimg.com/vi/21dj3FGTFtU/mqdefault_live.jpg
c1fdd1a58b3a438ba5343e06f2da2590,upcoming,˚✦10/05-10/11周表 ✧˚,2028-05-19T21:20:00Z,https://www.youtube.com/watch?v=KcHyBusfqI4,https://i.ytimg.com/vi/KcHyBusfqI4/mqdefault_live.jpg
41d4243609de491ba43ef4e11b8a0254,upcoming,【10/05–10/11周表】本周也一起好好玩吧!!!【#Iliavia】,2028-07-26T20:00:00Z,https://www.youtube.com/watch?v=4Z1CrXvhWro,https://i.ytimg.com/vi/4Z1CrXvhWro/mqdefault_live.jpg
a667c79cb8284de29d5843dc3eafcc57,upcoming,【直播行程】【9/21 - 9/27】這週在忙搬家，巴巴盡量開！【巴巴鼬戈 ︳Baba Yoger】,2028-07-27T16:35:00Z,https://www.youtube.com/watch?v=KWfdCFVdrGc,https://i.ytimg.com/vi/KWfdCFVdrGc/mqdefault_live.jpg
4b53aa789e544bd9aaecc9fbc79e4bbe,upcoming,【予定表】𝕎𝕖𝕖𝕜𝕝𝕪 𝕊𝕔𝕙𝕖𝕕𝕦𝕝𝕖…🫧【#あのねホタルちゃん 】#歌枠 #vsinger #弾き語り,2028-07-31T15:00:00Z,https://www.youtube.com/watch?v=lvX_EFrafyA,https://i.ytimg.com/vi/lvX_EFrafyA/mqdefault_live.jpg
746abd9861714105823ebfb2a18f6fdc,upcoming,【2026】周表【Balion】,2028-07-31T15:45:00Z,https://www.youtube.com/watch?v=UdzjniL0Lm8,https://i.ytimg.com/vi/UdzjniL0Lm8/mqdefault_live.jpg
6c88799c6f45407faf0f9ea007b0dcab,upcoming,📣每週的行程表《鷲峰良》,2028-08-07T00:07:00Z,https://www.youtube.com/watch?v=moSIaq41yrI,https://i.ytimg.com/vi/moSIaq41yrI/mqdefault_live.jpg
4558095012964943921cd8a376a192fd,upcoming,˚✧ 161跟洢球ㄉ發酵室 ˚✧₊ 𖧷 雪貂這週要幹嘛？⌇ 洢露洢 161 雪貂Vtuber,2028-08-16T14:00:00Z,https://www.youtube.com/watch?v=PeL5rntTFgI,https://i.ytimg.com/vi/PeL5rntTFgI/mqdefault_live.jpg
12d506583827419e9eb3b64ec551a94d,upcoming,【週表】2026年 9～10月【園區時刻表】,2028-08-16T16:05:00Z,https://www.youtube.com/watch?v=bN0Ym29Jlw0,https://i.ytimg.com/vi/bN0Ym29Jlw0/mqdefault_live.jpg
5454ccf6c8ee496296e7084081863575,upcoming,【公告】目前會著重在圖奇直播喔 | 鹿提Luti | VTuber | --/--/--,2028-08-25T16:00:00Z,https://www.youtube.com/watch?v=YnfISjRwwWI,https://i.ytimg.com/vi/YnfISjRwwWI/mqdefault_live.jpg
cdb5c89f61c94949a989457cf549b7e4,upcoming,🧇˖⁺⋆. 𐙚 ˚ 本期三階菠蘿ㄇ包會員桌布 ˚𐙚⋆. ⁺˖ 🧇,2028-08-30T02:00:00Z,https://www.youtube.com/watch?v=fGrZsf81Eiw,https://i.ytimg.com/vi/fGrZsf81Eiw/mqdefault_live.jpg
25388daec64e40f38ca0e5a3a88fedb7,upcoming,黑手黨千金行程表📝｜2026.10.05.-10.11,2028-08-30T16:35:00Z,https://www.youtube.com/watch?v=TJlfHFEW_r4,https://i.ytimg.com/vi/TJlfHFEW_r4/mqdefault_live.jpg
9cb41588918b4fcf9d8e21ce0b6896c6,upcoming,聊天大廳 uwub【天鹿琥珀/Kohaku】,2028-08-30T17:10:00Z,https://www.youtube.com/watch?v=J_zfb8EfzX4,https://i.ytimg.com/vi/J_zfb8EfzX4/mqdefault_live.jpg
068503b08362450b9339a0b6cc6eb3f0,upcoming,週表待機室｜久世琥珀 Kuze Kohaku｜SDS,2028-08-31T04:00:00Z,https://www.youtube.com/watch?v=wzjk1KfJKSA,https://i.ytimg.com/vi/wzjk1KfJKSA/mqdefault_live.jpg
e2049fd03bea4bf6bfee472e4674021c,upcoming,2035/1/6．十周年企劃定案了但不能說，先開待機室，嘿嘿,2028-08-31T13:00:00Z,https://www.youtube.com/watch?v=VwQXd3pe9Mo,https://i.ytimg.com/vi/VwQXd3pe9Mo/mqdefault_live.jpg
52324c45fae74014bc603ae09d8d6136,upcoming,【週表】萬年不開！│緗靈XiangLing #新人vtuber,2028-08-31T13:30:00Z,https://www.youtube.com/watch?v=xdh_LKO6D3c,https://i.ytimg.com/vi/xdh_LKO6D3c/mqdefault_live.jpg
7136d4451e954a2daed572b2ba517303,upcoming,【喜歡我的話請幫我的直播按下讚！！或許會有周表......？】不定期出沒！！歡迎自由聊天🩵🎨,2028-08-31T15:10:00Z,https://www.youtube.com/watch?v=Nw8d4-RmAlA,https://i.ytimg.com/vi/Nw8d4-RmAlA/mqdefault_live.jpg
56b4e7f364bc4b96b3a9d48596e28d8d,upcoming,每周與紅葉約會看這裡🌺花伴聚集地,2028-08-31T15:30:00Z,https://www.youtube.com/watch?v=CPVgXAeOrjQ,https://i.ytimg.com/vi/CPVgXAeOrjQ/mqdefault_live.jpg
d2c5b1c430fa45c8b9be0b8be65d8a6b,upcoming,【𝐖𝐞𝐞𝐤𝐥𝐲 𝐒𝐜𝐡𝐞𝐝𝐮𝐥𝐞】周表 ｜🐥菈妮紫 Laneez,2028-08-31T15:45:00Z,https://www.youtube.com/watch?v=Hjs4CsNRgYM,https://i.ytimg.com/vi/Hjs4CsNRgYM/mqdefault_live.jpg
f9444f6d790344a4a51a301110665229,upcoming,【本周菜單】每周的預定行程，如有任何變動將額外公告｜VTuber #周表 #vtuber #台V #貓妮亞,2028-08-31T15:45:00Z,https://www.youtube.com/watch?v=07KeFx1BzO4,https://i.ytimg.com/vi/07KeFx1BzO4/mqdefault_live.jpg
e7f01ae0c78b4daeaaf8f3fe39946e8d,upcoming,🔥【本周周表】2026年10月05日 至 2026年10月11日🔥,2028-08-31T15:45:00Z,https://www.youtube.com/watch?v=kRBi4XhldrM,https://i.ytimg.com/vi/kRBi4XhldrM/mqdefault_live.jpg
caf08c74dd7b4919bca49eef394d5475,upcoming,［ 10/05 - 10/11 ］莉莉週表✨,2028-09-02T06:00:00Z,https://www.youtube.com/watch?v=1AsqNPZ18TU,https://i.ytimg.com/vi/1AsqNPZ18TU/mqdefault_live.jpg
53335d77cc69488c8b49ec97548c3297,upcoming,9/28~10/4週表出爐 ˊ˗,2028-09-04T00:00:00Z,https://www.youtube.com/watch?v=VKeOrHk3S5I,https://i.ytimg.com/vi/VKeOrHk3S5I/mqdefault_live.jpg
a1b415a04d4645399607d4b3bbe00bd7,upcoming,【周表懸掛處】這週都幹點啥咧?｜ＡＩＳＰＡ #台灣VTUBER,2028-09-05T14:00:00Z,https://www.youtube.com/watch?v=LjmOxrYJf50,https://i.ytimg.com/vi/LjmOxrYJf50/mqdefault_live.jpg
9643c650b1804107b85de1f08010aa9d,upcoming,【音無樂園DC-RPG小遊戲】活動看板，聊天室打卡聊天專用地。  中/日文OK | #gamedesign  #台湾Vtuber #療育 #初見歡迎 #雜談,2028-09-06T12:20:00Z,https://www.youtube.com/watch?v=BWWk6sFT1xQ,https://i.ytimg.com/vi/BWWk6sFT1xQ/mqdefault_live.jpg
3be86a2a9cb447f393d235132e157789,upcoming,⭐固定直播時間表,2028-09-14T12:00:00Z,https://www.youtube.com/watch?v=GlvzdmZ9LvM,https://i.ytimg.com/vi/GlvzdmZ9LvM/mqdefault_live.jpg
0247d07842794dccb043e0b10a888d30,upcoming,【Schedule & Free Chat】恭喜大家又有連假啦！ ｜宓Iseri,2028-09-19T15:45:00Z,https://www.youtube.com/watch?v=zG5qRezLl-M,https://i.ytimg.com/vi/zG5qRezLl-M/mqdefault_live.jpg
670990d65f7b459ba2a3728c39d4cb9a,upcoming,【週表】阿莓去哪兒？,2028-09-20T15:15:00Z,https://www.youtube.com/watch?v=8lEfG-uV19Y,https://i.ytimg.com/vi/8lEfG-uV19Y/mqdefault_live.jpg
8b69d6c508194b93b14fc056038160ab,upcoming,【週表2026】0921-0927  #Hivebee移民了,2028-09-23T04:35:00Z,https://www.youtube.com/watch?v=rEua2VTKSYQ,https://i.ytimg.com/vi/rEua2VTKSYQ/mqdefault_live.jpg
e069724ddab54dd690d6c3425574effd,upcoming,【惡魔殼工商】購買連結點進來待機室!!,2028-09-28T16:20:00Z,https://www.youtube.com/watch?v=9eQucXS5EuU,https://i.ytimg.com/vi/9eQucXS5EuU/mqdefault_live.jpg
b516b71a9e8d43b8a377dabe1f9057dd,upcoming,【 10月加班台規則 】#加班台 #台灣vtube #個人勢vtuber #擴散希望,2028-09-30T07:10:00Z,https://www.youtube.com/watch?v=swz3pH8A8zw,https://i.ytimg.com/vi/swz3pH8A8zw/mqdefault_live.jpg
d0390d1ee4c744cba3ac19af6ae16171,upcoming,【預定週表】歡迎來到樹舍，我是管理人希綠🌿【希綠 Shilüe】#晨希綠光 #樹舍開放中,2028-09-30T12:00:00Z,https://www.youtube.com/watch?v=_mW3_n6mFBo,https://i.ytimg.com/vi/_mW3_n6mFBo/mqdefault_live.jpg
e069724ddab54dd690d6c3425574effd,upcoming,【週表】每個禮拜的直播行程都可以這裡看! 也可以在這裡聊天喔 #賣勾萊拉,2028-09-30T13:00:00Z,https://www.youtube.com/watch?v=lBkgjNM_IbY,https://i.ytimg.com/vi/lBkgjNM_IbY/mqdefault_live.jpg
36b917d4265f43a1a6cc9eb1d7b20608,upcoming,【夜露妮亞週表】10/5 - 10/11 小蝙蝠出沒注意！,2028-09-30T15:45:00Z,https://www.youtube.com/watch?v=O6AsvPpnGcY,https://i.ytimg.com/vi/O6AsvPpnGcY/mqdefault_live.jpg
93cd49107c8c46d0b6b185c382900d1e,upcoming,【挑戰事件】【cosplay】【調月莉音】伏地挺身10下仰臥起坐10下,2028-10-01T13:20:00Z,https://www.youtube.com/watch?v=YFsjklgUw3s,https://i.ytimg.com/vi/YFsjklgUw3s/mqdefault_live.jpg
93cd49107c8c46d0b6b185c382900d1e,upcoming,【亞比歐斯】【事件】去便利商店買東西這路人有點YABAI,2028-10-03T14:40:00Z,https://www.youtube.com/watch?v=cB8juAaP3Rw,https://i.ytimg.com/vi/cB8juAaP3Rw/mqdefault_live.jpg
14b8fa0f43664c31a5d634b20f9112d9,upcoming,新週表來啦!,2028-10-30T17:55:00Z,https://www.youtube.com/watch?v=_DETkWcliK0,https://i.ytimg.com/vi/_DETkWcliK0/mqdefault_live.jpg
948d1078ceaf4b39b3bef86fdab85482,upcoming,💜[時間未定 先開待機室] 你下班的時光 會填滿屬於我的顏色 【#娜歐/#NAO/#vtuber/#台V】,2028-10-31T14:00:00Z,https://www.youtube.com/watch?v=dwli_-WpTr4,https://i.ytimg.com/vi/dwli_-WpTr4/mqdefault_live.jpg