VTuber ID,Video Type,Title,Publish Time,URL,Thumbnail URL
26b00f5ff5bf4b5a8dcb6c5c34e1b4f6,live,【 伊德海拉Yidhra 】09/20 瓦瓦觀眾場！歡迎++ ft. ｜!dc !簽到 !愛拉拉 !愛豬豬｜歡迎掛忠誠點數💜｜ @yidhra0727 ｜💖 @mutuer,2025-09-19T12:02:20Z,https://www.twitch.tv/yidhra0727,https://static-cdn.jtvnw.net/previews-ttv/live_user_yidhra0727-{width}x{height}.jpg
b0a7d70ae76549f5b4418e56ee4ad43f,live,【雲貓觀察日記】沒有人~看房間掛點數 | gogh: Focus with Your Avatar | !揪團 | 9月訂閱限定福利在DC,2025-09-19T12:06:31Z,https://www.twitch.tv/cloudcat501,https://static-cdn.jtvnw.net/previews-ttv/live_user_cloudcat501-{width}x{height}.jpg
76165d25983b463eaa1da66c86a32b7c,live,【日常】假日會被抓走的夜彩【靛之森Ainomori】|【夜彩Yoruro】可用7TV貼圖 感謝揪團:  @laozhangmy @blackbee231010,2025-09-19T15:45:13Z,https://www.twitch.tv/yorurovtuber,https://static-cdn.jtvnw.net/previews-ttv/live_user_yorurovtuber-{width}x{height}.jpg
887b37336c9c4730809ace8b5e38df17,live,進來🎂祝我生日快樂💖生日禮物公開+驚喜企劃大放送♡ᖰ⌯‘▾’⌯ᖳ｜🎁期間限定抱露回家‿✦ !MP !魔法工坊 !魔儲,2025-09-19T23:27:20Z,https://www.twitch.tv/isyourlulu,https://static-cdn.jtvnw.net/previews-ttv/live_user_isyourlulu-{width}x{height}.jpg
bf03fd8b5b55481590ea63338c5cdd20,live,9/ˇ19 !保護殼 加班 Day216 夏季 !週邊 !DC / 訂閱送10分鐘加班 / 揪團每10人2分鐘 / @komorikuma_vtuber,2025-09-20T00:00:03Z,https://www.twitch.tv/komorikuma_vtuber,https://static-cdn.jtvnw.net/previews-ttv/live_user_komorikuma_vtuber-{width}x{height}.jpg
aef2ed42d49343f28394b6335695b5ac,live,9/20《楓之谷，戴夫，原神》求掛台QAQ找玩伴~ @yuncream 指令:!SR、!songlist、!DC、!斗內,2025-09-20T01:53:33Z,https://www.twitch.tv/yuncream,https://static-cdn.jtvnw.net/previews-ttv/live_user_yuncream-{width}x{height}.jpg
59e3094256344f8c83a3f4355b8b667b,live,⚝0920⚝生日加班台DAY87 北山坐牢｜初見歡迎★｜指令在底下資訊欄｜ @liyueh0506,2025-09-20T02:46:06Z,https://www.twitch.tv/liyueh0506,https://static-cdn.jtvnw.net/previews-ttv/live_user_liyueh0506-{width}x{height}.jpg
637a5867616a436ba0f7cdd36057f55a,live,千訂耐久有一拖拉庫的東西要確認..........,2025-09-20T02:59:52Z,https://www.twitch.tv/twinkle_vtuber,https://static-cdn.jtvnw.net/previews-ttv/live_user_twinkle_vtuber-{width}x{height}.jpg
3e7f5f5e829e4d4baca2a8a5916d60e4,live,✿．9/20｜兔嘰早餐台 !簽到 !愛兔嘰 !每月回饋,2025-09-20T03:23:04Z,https://www.twitch.tv/raiki_raibao,https://static-cdn.jtvnw.net/previews-ttv/live_user_raiki_raibao-{width}x{height}.jpg
9ff652451cbd4ad098bf20dd9748ce12,live,開一下 | !臺規 掛台 !拉霸 | @ttvsusuqwq,2025-09-20T03:30:26Z,https://www.twitch.tv/ttvsusuqwq,https://static-cdn.jtvnw.net/previews-ttv/live_user_ttvsusuqwq-{width}x{height}.jpg
a9396c8dd95e43b29c694b14afa07ac4,live,先教我怎麼ㄙㄡˊ進你的心尖尖｜這樣我才知道你錢藏哪｜隔壁推薦ㄉ溫泉小狗 玩一下｜乾爹斗錢錢，涅米嘴甜甜,2025-09-20T03:34:25Z,https://www.twitch.tv/mihiru0110,https://static-cdn.jtvnw.net/previews-ttv/live_user_mihiru0110-{width}x{height}.jpg
8746bf3b3b5843e7b00f6ec23fefb6b1,live,和哥哥一起痛苦【!周邊】【!飛機杯】,2025-09-20T04:00:13Z,https://www.twitch.tv/kokuyoku_hyolan,https://static-cdn.jtvnw.net/previews-ttv/live_user_kokuyoku_hyolan-{width}x{height}.jpg
28a930938667442288010b333937e2ab,live,【焦兒】我身後的兄弟越來越多了...訂閱告急，忠誠可以換簽到🌸350自主訂閱積分衝刺💙魔競娛樂「魔儲」QRCode註冊享優惠| @joerze |!yt !商品 !工商 !dc 看台裝7tv,2025-09-20T04:00:47Z,https://www.twitch.tv/joerze,https://static-cdn.jtvnw.net/previews-ttv/live_user_joerze-{width}x{height}.jpg
00d9cb7b0bcd451999f4fd33dd84be6c,live,【阿楓轟炸】9/20_咩噗指定遊戲！｜這個月自主訂閱超便宜！_留言「!限定」拚自主訂閱！還有「!生活費」滿額下月要開滿150小時！,2025-09-20T04:02:24Z,https://www.twitch.tv/maple_1206,https://static-cdn.jtvnw.net/previews-ttv/live_user_maple_1206-{width}x{height}.jpg
8ae0f370cf124faa953a09089a427fd9,live,【悠悠中🪻】簡單氛圍初見歡迎,2025-09-20T04:18:22Z,https://www.twitch.tv/koyoyo4444,https://static-cdn.jtvnw.net/previews-ttv/live_user_koyoyo4444-{width}x{height}.jpg
1a95bb88e451498ca3491b69af964588,live,9/20 團練! | !簽到 !台規 !陪玩 | @hsuanhsuandesu ( ՞. .՞),2025-09-20T04:27:33Z,https://www.twitch.tv/hsuanhsuandesu,https://static-cdn.jtvnw.net/previews-ttv/live_user_hsuanhsuandesu-{width}x{height}.jpg
23d18a6678794320b2d3f9d468b9b3a4,live,【我生日】耶～！！又老一歲了💥留言置頂可填寫生日表單～抽選麥塊皮繪製一人💕『參與共遊：追隨互動有印象為超過１個月觀眾』💕兩段班❤詳見說明꙳˖.✧☾✦.˖凜澪月˖.✧☾✦.˖ ꙳✧聒噪系人妻四足古飛龍✦,2025-09-20T05:00:11Z,https://www.twitch.tv/linlingyue,https://static-cdn.jtvnw.net/previews-ttv/live_user_linlingyue-{width}x{height}.jpg
8faff7aecb9d4e12917ea0144696e2de,live,【突發遊戲日－Core Keeper】#8✨為什麼我還在開摳摳挖挖台啊⛏️🤓✨#初見歡迎【黑薔薇優璃愛】,2025-09-20T05:13:08Z,https://www.twitch.tv/kurobarayuria,https://static-cdn.jtvnw.net/previews-ttv/live_user_kurobarayuria-{width}x{height}.jpg
27b10e5896e34e8d841f1605792b96c9,live,✦Gunfire Reborn✦✧說玩一下你信ㄇ◈晚點要開會ouo✧(σ′▽‵)′▽‵)σ✧⌇伊木悠特 正太Vtuber #vtuber,2025-09-20T05:52:25Z,https://www.twitch.tv/imuyutto,https://static-cdn.jtvnw.net/previews-ttv/live_user_imuyutto-{width}x{height}.jpg
f6a4e7aa8d0c4e5cb39d199845ec4d02,live,9/20 だからなに？【杏仁ミル】!ExitLag,2025-09-20T05:52:29Z,https://www.twitch.tv/vtuber_amiru,https://static-cdn.jtvnw.net/previews-ttv/live_user_vtuber_amiru-{width}x{height}.jpg
7a160bd129144664804dd3fc08fceeb1,live,[兔森]  晚上八點 抽抽! 9/20 | @usamori |  #世界樹計畫,2025-09-20T06:07:49Z,https://www.twitch.tv/usamori,https://static-cdn.jtvnw.net/previews-ttv/live_user_usamori-{width}x{height}.jpg
4859b57db8e043f1965e56324f137097,live,09/20 亡者世界模組包啟動 總感覺我會卡|!加入 !魔儲 !dc,2025-09-20T06:10:17Z,https://www.twitch.tv/lingna0,https://static-cdn.jtvnw.net/previews-ttv/live_user_lingna0-{width}x{height}.jpg
38391974f5af4fbbb6224e3d6f2f7fb3,live,🐣遊戲馬拉松！ !LDshop !會員 ❤️@kurosakiyuu \\自主訂閱 感謝支持 💙 !是日行程 !2game 9/20,2025-09-20T06:10:33Z,https://www.twitch.tv/kurosakiyuu,https://static-cdn.jtvnw.net/previews-ttv/live_user_kurosakiyuu-{width}x{height}.jpg
83ec4919298a4ad5984e3da31109a4c8,live,🐈貓糰┊0920⛅ 《BLUE PROTOCOL星痕共鳴》機丸幫 ᴗ͈ˬᴗ͈ ♡ ┊ #BlueProtocol #StarRasonance #蔚藍色法則 #星痕共鳴┊!自主訂閱 !布丁 !好玩遊戲 !ExitLag,2025-09-20T06:15:23Z,https://www.twitch.tv/umidan1207,https://static-cdn.jtvnw.net/previews-ttv/live_user_umidan1207-{width}x{height}.jpg
6b36f446b10e4ea99d5d80d60beeee21,live,SoundCard has arrived | !sns !yt !tiktok | !pp !bb,2025-09-20T06:15:40Z,https://www.twitch.tv/venicec,https://static-cdn.jtvnw.net/previews-ttv/live_user_venicec-{width}x{height}.jpg
fe1abd28f3114015ac31ae1821e8dd3f,live,【工作音樂電台】!DC 提早偷偷開09.20  #穆克蕗 #預見娛樂｜穆克蕗 @mukuru_vtuber,2025-09-20T06:25:16Z,https://www.twitch.tv/mukuru_vtuber,https://static-cdn.jtvnw.net/previews-ttv/live_user_mukuru_vtuber-{width}x{height}.jpg
accbad7e89df4174a13b68edcae74068,live,【洗錢模擬器】洗洗錢錢等丟垃圾🐳【神子澤小鯨 ／芥川組】,2025-09-20T06:37:25Z,https://www.twitch.tv/mikozawako,https://static-cdn.jtvnw.net/previews-ttv/live_user_mikozawako-{width}x{height}.jpg
a5773880b0f040a9abbecacf3eb0eb29,live,9/20 我可以接受無知 但不能接受無知卻不自知 (1600/3000) 玩深夜迴,2025-09-20T06:42:31Z,https://www.twitch.tv/nu1014,https://static-cdn.jtvnw.net/previews-ttv/live_user_nu1014-{width}x{height}.jpg
7652b3bd3da6418cbf02c85057077b54,live,【 09/20】無畫面工作台 @d01ngxamo ~歡迎互動聊天訂閱~謝謝ヾ(*ΦωΦ)ツ,2025-09-20T06:50:12Z,https://www.twitch.tv/d01ngxamo,https://static-cdn.jtvnw.net/previews-ttv/live_user_d01ngxamo-{width}x{height}.jpg
70af0f70b6284690a524eb87aaa1d296,live,唯唯兒 | 9/20 無名RP 開心農場 存錢改王者 @kazehaya_yui | 歡迎掛台♥ | !DC !LINE !駕照,2025-09-20T06:57:09Z,https://www.twitch.tv/kazehaya_yui,https://static-cdn.jtvnw.net/previews-ttv/live_user_kazehaya_yui-{width}x{height}.jpg
828ab4c66f5f43f298d237374a266b7e,live,璃璃兒🐈 09 / 20｜薯薯盃出發！｜ @0lilier0,2025-09-20T07:00:12Z,https://www.twitch.tv/0lilier0,https://static-cdn.jtvnw.net/previews-ttv/live_user_0lilier0-{width}x{height}.jpg
6358ea21f673491fab72d62494b2225f,live,絲絲癮11 終究還是最後了嗎 #歡迎隨意聊聊 #初見歡迎【BY Day 150】,2025-09-20T07:00:47Z,https://www.twitch.tv/byyeh_chill,https://static-cdn.jtvnw.net/previews-ttv/live_user_byyeh_chill-{width}x{height}.jpg
619f48c4546c481bbc52aadc12c3e48f,live,✦無限暖暖✦ 9.20｜不要惹我 點點點．10/8(三)2.0披露!!!｜!指令 !賭松果 !2.0｜ @ritta_tta,2025-09-20T07:29:56Z,https://www.twitch.tv/ritta_tta,https://static-cdn.jtvnw.net/previews-ttv/live_user_ritta_tta-{width}x{height}.jpg
13a4e83f2bbc4d18bb27520a4dceef72,live,【09/20】- 訂閱特價! 團練 學習Apex的D19  (沙啞 |•'-'•)و  !隊友 !水餃杯 !精華 !cover !吃什麼 @samoago,2025-09-20T07:34:39Z,https://www.twitch.tv/samoago,https://static-cdn.jtvnw.net/previews-ttv/live_user_samoago-{width}x{height}.jpg
a429c3010da544bab919814a3ea472a4,live,"【20/9】小小的工作一下|@kijyou_yukino | 跟我安安,證明你不是機器人  【CN/JP】",2025-09-20T07:42:36Z,https://www.twitch.tv/kijyou_yukino,https://static-cdn.jtvnw.net/previews-ttv/live_user_kijyou_yukino-{width}x{height}.jpg
cd1224f4756340c594f3c36245e9b4d4,live,【凜空ゆあ】二周年 | ••୨୧相遇的第732天~也或許是第一天୨୧•• | 連動/工商/掛台/超大歡迎 @rikuyua_0x0,2025-09-20T08:01:09Z,https://www.twitch.tv/rikuyua_0x0,https://static-cdn.jtvnw.net/previews-ttv/live_user_rikuyua_0x0-{width}x{height}.jpg
02d67d58d59644be9cdf0b1179419637,live,0920 完全初見，跳躍按鈕你今天給我好好做事喔!,2025-09-20T08:14:45Z,https://www.twitch.tv/moriameyuna,https://static-cdn.jtvnw.net/previews-ttv/live_user_moriameyuna-{width}x{height}.jpg
6c52137d373a45d58eafc0d52253dcf8,live,0920 畫不完根本畫不完 。･ﾟ･(つд`ﾟ)･ﾟ･ | 感謝掛台壓 | 為千咲囤星聲DAY31,2025-09-20T08:15:23Z,https://www.twitch.tv/erichannel,https://static-cdn.jtvnw.net/previews-ttv/live_user_erichannel-{width}x{height}.jpg
b16b9643e24d404a8de6d66551451b85,live,LoL☠️換一個空洞的遊戲☠️ 🦋陪玩/代肝請勇敢來洽談🦋\ |/,2025-09-20T08:16:44Z,https://www.twitch.tv/psychemori_vt,https://static-cdn.jtvnw.net/previews-ttv/live_user_psychemori_vt-{width}x{height}.jpg
4e5f0c7c5f1f49c2b1d249b10225cabb,live,【劉小魚🎮】來把其他結局解一下!晚點訓練賽不開唷~🩵 | 9月訂閱活動開始嚕! | @test40228 !水餃盃 !活動 !計畫 !DC !指令,2025-09-20T08:21:24Z,https://www.twitch.tv/test40228,https://static-cdn.jtvnw.net/previews-ttv/live_user_test40228-{width}x{height}.jpg
fd183b51115b4fefaf8ff3388d40acb3,live,【錒狐】玩玩玩.ᐟ.ᐟ (金瓜教/掛台留下5%),2025-09-20T08:22:07Z,https://www.twitch.tv/ringacc,https://static-cdn.jtvnw.net/previews-ttv/live_user_ringacc-{width}x{height}.jpg
965ff8a77ab845aaac693d9c7a56f82d,live,9/20〔 🐧呼呼﹞空洞騎士 絲之歌 | 🧊 好想要有二段跳 🧊,2025-09-20T08:32:36Z,https://www.twitch.tv/penguinhuhu,https://static-cdn.jtvnw.net/previews-ttv/live_user_penguinhuhu-{width}x{height}.jpg
19234cc590224c45912a14487f756dc5,live,09/20【今天沒運動】我要來吃飯了,2025-09-20T08:51:21Z,https://www.twitch.tv/venomdianh,https://static-cdn.jtvnw.net/previews-ttv/live_user_venomdianh-{width}x{height}.jpg
6c7336d4605540c6871de5f96874129c,live,回歸平靜┇ !月餅 !衣服 ┇ 掛台開5%聲音  @mibao1013,2025-09-20T09:01:51Z,https://www.twitch.tv/mibao1013,https://static-cdn.jtvnw.net/previews-ttv/live_user_mibao1013-{width}x{height}.jpg
6443d56896a848dd820e339b5f81e292,live,【第七席】✿第二天，警察局★伊登．溫特斯。✿｜黟龍龍Yironron,2025-09-20T09:03:53Z,https://www.twitch.tv/yironron,https://static-cdn.jtvnw.net/previews-ttv/live_user_yironron-{width}x{height}.jpg
9d9c6477329245cbb2557895f4f15686,live,/ᐠ. ̫ .ᐟ\ 9/20 wawa 這樣的我可愛嗎 ꒰´꒳`∗꒱ !3D !抱枕,2025-09-20T09:04:55Z,https://www.twitch.tv/iitifox,https://static-cdn.jtvnw.net/previews-ttv/live_user_iitifox-{width}x{height}.jpg
c3945429509246f79c5f0a18594f696d,live,柔 ಣ - 9/20 ✦ 再倒數5天 ^›⩊‹^ ੭  | 自主訂閱++ ฅ(´꒳ `ฅ) | @rourou156 | !ig !算命 !新精華 !水餃 !乳,2025-09-20T09:06:02Z,https://www.twitch.tv/rourou156,https://static-cdn.jtvnw.net/previews-ttv/live_user_rourou156-{width}x{height}.jpg
66c8fc624de94d8e8af4325e41ce7c34,live,[++✅] ☕好久不見! 要陪牛馬人練槍嗎 :）,2025-09-20T09:10:22Z,https://www.twitch.tv/k0_kaylyn,https://static-cdn.jtvnw.net/previews-ttv/live_user_k0_kaylyn-{width}x{height}.jpg
ec1dec0e956c41ea97dfcebe96bc41b4,live,-  9/20 今天可以爆頭嗎.關台抽雪 | !修女 !簽到 !布丁,2025-09-20T09:18:54Z,https://www.twitch.tv/tian_0301,https://static-cdn.jtvnw.net/previews-ttv/live_user_tian_0301-{width}x{height}.jpg
60cc7f18c0fe438280af5a81b31eb923,live,【萬萬】9/20 支氣管發炎 絲一下   八點半 連動ฅ●ω●ฅ｜ @twotwo777 ♡ ｜!好寶寶章 !免費雪花｜,2025-09-20T09:28:31Z,https://www.twitch.tv/twotwo777,https://static-cdn.jtvnw.net/previews-ttv/live_user_twotwo777-{width}x{height}.jpg
6908430ccb204a1b9d95ee7a1711cae3,live,【蘆葦🐭】來扁扁  ʢ·͈˔·͈ʡ◞ ̑̑,2025-09-20T09:34:37Z,https://www.twitch.tv/luweibaby,https://static-cdn.jtvnw.net/previews-ttv/live_user_luweibaby-{width}x{height}.jpg
5908563b5c944c7b919b08e5233a8a5a,live,9/20 玩一下二周目/沒問就別說｜走走委託開放｜ @liangxliang !指令 !尿布 !製肥,2025-09-20T09:40:25Z,https://www.twitch.tv/liangxliang,https://static-cdn.jtvnw.net/previews-ttv/live_user_liangxliang-{width}x{height}.jpg
f2ca2659644f4d02abc851e7bee3255b,live,【Valorant】 觀眾場++今晚跟汪醬 ぺろぺろ(  ◔ ڼ ◔  ) @coluoya @inagikoppa |!簽到|初見歡迎!|,2025-09-20T09:50:01Z,https://www.twitch.tv/coluoya,https://static-cdn.jtvnw.net/previews-ttv/live_user_coluoya-{width}x{height}.jpg
e58a5a6f40e040d79bbcd139824d6fc7,live,9/20 ₍ᐢ.‸.ᐢ₎⑅ o 【雨咩】先玩點不一樣的~ 空之軌跡 the 1st   !工商 !活動 | 自主訂閱加強版請求支援~雨寶們♡ | !簽到 !魔儲 輸入優惠碼領取折價卷 | @yumie0306,2025-09-20T09:50:47Z,https://www.twitch.tv/yumie0306,https://static-cdn.jtvnw.net/previews-ttv/live_user_yumie0306-{width}x{height}.jpg
5ed5801d24c7412fa3fa65a82124aad0,live,✧ 9/20 ✧ 命運石之門#1 | 一切都是命運石之門的選擇 | !指令,2025-09-20T09:51:21Z,https://www.twitch.tv/seventy_vtuber,https://static-cdn.jtvnw.net/previews-ttv/live_user_seventy_vtuber-{width}x{height}.jpg
3f3abaed158f420e84f9d1d5f4492b1d,live,【空洞騎士：絲綢之歌】我是想要挑戰，但不是跳跳樂的挑戰啊！ #Day5,2025-09-20T09:59:03Z,https://www.twitch.tv/hyougetsu_kona,https://static-cdn.jtvnw.net/previews-ttv/live_user_hyougetsu_kona-{width}x{height}.jpg
091ac99f10804fe3b417a0f285731b4e,live,『搽米』底特律：變人 感覺快要到結局了？！,2025-09-20T10:00:08Z,https://www.twitch.tv/umamixchami,https://static-cdn.jtvnw.net/previews-ttv/live_user_umamixchami-{width}x{height}.jpg
d2b1ba87da034210bbe54bfa1c01bc41,live,【絨絨鼠】˖ ࣪✧⊹ 空洞騎士：絲之歌 ♡⊹.【Vtuber】✤┊ 不夠強，一堆怪打不贏，只好繼續探地圖，恨哪 öㅅö┊✤,2025-09-20T10:00:22Z,https://www.twitch.tv/mz_fuwafuwa,https://static-cdn.jtvnw.net/previews-ttv/live_user_mz_fuwafuwa-{width}x{height}.jpg
4d96aeef13f949e19026682e337db138,live,【芮德G碧露】9/20  4人同行的愉快爬山日٩(｡・ω・｡)و FT. @arthur_rogue @shiratorikimiharu @kobayashi891023 | FF14繁中版推薦碼 : NMJ7527，互相拿水晶!! | 旗袍4.0募資中~| !魔儲,2025-09-20T10:01:25Z,https://www.twitch.tv/redgreenbluee,https://static-cdn.jtvnw.net/previews-ttv/live_user_redgreenbluee-{width}x{height}.jpg
188bbf1349f1482cbd24d06ba720cf17,live,【璃茉 ʀɪᴍᴀ】0920 劇情走起！,2025-09-20T10:03:35Z,https://www.twitch.tv/inuzukarima,https://static-cdn.jtvnw.net/previews-ttv/live_user_inuzukarima-{width}x{height}.jpg
7f7e1579979c49249dc65783d457e890,live,《Hollow Knight: Silksong》續絲擠孔 @tmg_krl,2025-09-20T10:03:37Z,https://www.twitch.tv/tmg_krl,https://static-cdn.jtvnw.net/previews-ttv/live_user_tmg_krl-{width}x{height}.jpg
bf277797951346fe991c27c79a6c5081,live,"09/20【白兔】21:00 訂閱者抽1,600WC(10組)，先原神｜ @rabbit1102 ｜＃世界樹計畫",2025-09-20T10:05:14Z,https://www.twitch.tv/rabbit1102,https://static-cdn.jtvnw.net/previews-ttv/live_user_rabbit1102-{width}x{height}.jpg
9b33b75521bd43bca3346790ac65559c,live,⋆ 𝓓𝓮𝓪𝓻 ⋆9/20💟止痛藥能戰勝絲織歌 | 布丁販售 | 歡迎打招呼 |,2025-09-20T10:11:43Z,https://www.twitch.tv/mtow9140,https://static-cdn.jtvnw.net/previews-ttv/live_user_mtow9140-{width}x{height}.jpg
b606cde735d84b45ab96489d7a9997dd,live,【 #耐久台 】目標3000訂 今天來休閒玩玩【邦生多葛】#vtuber #新人VTuber #初見歡迎 2025/09/20 晚上,2025-09-20T10:12:58Z,https://www.twitch.tv/bensencat9658,https://static-cdn.jtvnw.net/previews-ttv/live_user_bensencat9658-{width}x{height}.jpg
eeefa43ecaf74f7b822dde3f0e7683d4,live,【20SEP】❄️🪐 打錯字2個禮拜都沒人發現是怎樣 ( ´•︵•` ) | 9月訂閱優惠來了 不訂嗎 இдஇ【粵/國/ENG/日】,2025-09-20T10:14:42Z,https://www.twitch.tv/kino_1212,https://static-cdn.jtvnw.net/previews-ttv/live_user_kino_1212-{width}x{height}.jpg
b6f8117355b24e9c8a8a4c813a72aec9,live,【VALORANT】09/20 璃音開始願意拿大G了！沒錯！一槍射中你的心！  @himekawa_rino  ｜!愛璃音、!今日運勢、!我可愛嗎、!璃音給分、!賭 all !拉 all｜,2025-09-20T10:30:41Z,https://www.twitch.tv/himekawa_rino,https://static-cdn.jtvnw.net/previews-ttv/live_user_himekawa_rino-{width}x{height}.jpg
6bf231719d5e485fa0cdee99905858d4,live,【9/20】GTARP.第七席－佩雷斯·莉娜.D2 比員工還窮 （RP期間會比較少回復聊天室,2025-09-20T10:37:02Z,https://www.twitch.tv/xiaoke0109,https://static-cdn.jtvnw.net/previews-ttv/live_user_xiaoke0109-{width}x{height}.jpg
749161d9934f41bf97e7210afd6b3bb1,live,[雪凌Lin Lin] 9/20 今天身體稍稍不適，但100追隨恐遊，我來了｜歡迎掛台聊天ヾ(*´∀ ˋ*)ﾉ,2025-09-20T10:42:25Z,https://www.twitch.tv/wy20140625,https://static-cdn.jtvnw.net/previews-ttv/live_user_wy20140625-{width}x{height}.jpg
2e266a71aa3d4a67bb8d9a2a0b573319,live,【仔魚】- 09/20  中秋抽獎  !LINE !歌單  !簽到 !抽獎,2025-09-20T10:52:28Z,https://www.twitch.tv/ziifish,https://static-cdn.jtvnw.net/previews-ttv/live_user_ziifish-{width}x{height}.jpg
aa72818fdcaf460b9b3f90e92d702e57,live,«池» 九月全勤Day20 換新攝影機 !!手手露出慎點▸aka @Fonchi0419 | !周邊 🎰!slots 自主訂閱支援,2025-09-20T10:54:35Z,https://www.twitch.tv/fonchi0419,https://static-cdn.jtvnw.net/previews-ttv/live_user_fonchi0419-{width}x{height}.jpg
f36c774fbf4847e1afdf66a1e4806ea3,live,【0920】• LOL電腦版學習日D2 //  !簽到 !歌單 !賭博,2025-09-20T10:55:54Z,https://www.twitch.tv/rivia1122,https://static-cdn.jtvnw.net/previews-ttv/live_user_rivia1122-{width}x{height}.jpg
d804bcd787db4333bca9dccd268ed32a,live,9/20 打團8-11點( ･ㅂ･)و ̑̑普通>英雄 拚一日打完｜魔獸11.2,2025-09-20T10:59:02Z,https://www.twitch.tv/menhou,https://static-cdn.jtvnw.net/previews-ttv/live_user_menhou-{width}x{height}.jpg
4544974bc5624035ae7bb0c9ed33e44e,live,【瓦西瓦瓦 / Vaswawa】到家了!!!今天先不苦痛朝聖><  !手機殼 可用7TV,2025-09-20T11:00:34Z,https://www.twitch.tv/vaswawa0000,https://static-cdn.jtvnw.net/previews-ttv/live_user_vaswawa0000-{width}x{height}.jpg
b6f68e0e323f45458752f3a7ec6a08f2,live,【月下香幽芳】YuBeeMine見面現場！【實況臺】 !沒有忘記 !蟀勾 !月下香幽芳,2025-09-20T11:01:08Z,https://www.twitch.tv/yufang_13moontroupe,https://static-cdn.jtvnw.net/previews-ttv/live_user_yufang_13moontroupe-{width}x{height}.jpg
40c846b91c4a44a980eddf20f0f789c0,live,ʜɪ⚞₍⑅ᐢ.ˬ.ᐢ₎ ! 兔兔一定是 幾罷昏欸啦!!! 主揪: @hlooke  @yazawaribii  🩵    !指令 !DC,2025-09-20T11:01:08Z,https://www.twitch.tv/bunny0422,https://static-cdn.jtvnw.net/previews-ttv/live_user_bunny0422-{width}x{height}.jpg
9f7bf6b3d935460e83896a0fe28012e9,live,【🧸連動台🐰】中文小測驗！－Ft. @hlooke 、 @bunny0422 ｜本日特殊指令音效不開啟喔 !簽到 !委託 !指令,2025-09-20T11:01:10Z,https://www.twitch.tv/yazawaribii,https://static-cdn.jtvnw.net/previews-ttv/live_user_yazawaribii-{width}x{height}.jpg
99f6f80397b34d0b9a0cfd40f3801a35,live,【💜可可】《伊瑟》上線特別節目 9/25正式上線💜 一周年紀念週邊只到9/25 記得看指令「!周邊」｜心 𝗰𝗼𝗰𝗼𝗿𝟬｜@cocor0_0303 | !深度會員 !胖可盟 !新片 !cover !YT,2025-09-20T11:02:07Z,https://www.twitch.tv/cocor0_0303,https://static-cdn.jtvnw.net/previews-ttv/live_user_cocor0_0303-{width}x{height}.jpg
3d786b116dbc437e8684d7b46567a1e5,live,【#速速上菜】再戰好玩遊戲 @seri_reverie @cocor0_0303 @汐海黑兔 🛸💨 百百波美 ⌇ BarkBarkPomi｜影音抖內開放中｜!YT !DC !抖內 !周邊 !深度會員 !魔物小隊 !百吃百喝,2025-09-20T11:03:47Z,https://www.twitch.tv/barkbarkpomi,https://static-cdn.jtvnw.net/previews-ttv/live_user_barkbarkpomi-{width}x{height}.jpg
3a13b2827ef048859006a3acb74c175a,live,9/20  瓦瓦啟動! 【!指令 !觀眾場 !簽 !安安 !斗內】,2025-09-20T11:04:28Z,https://www.twitch.tv/yanran_feretto,https://static-cdn.jtvnw.net/previews-ttv/live_user_yanran_feretto-{width}x{height}.jpg
d613059b356d4cc9b1c3e998f32d1a5a,live,迷你開10點看藍狐蒙ep5-w-+,2025-09-20T11:04:38Z,https://www.twitch.tv/kuma7owo,https://static-cdn.jtvnw.net/previews-ttv/live_user_kuma7owo-{width}x{height}.jpg
edfed5b0978a4fb98f94319bfc639d98,live,【R.E.P.O.-Only English聯動】如果世界上只剩下英文，我還能準確傳達我對你的喜歡嗎°՞(⊃д⊂)՞°｜初見歡迎｜綠界開菈｜ @zora0309vt Ft.很多人,2025-09-20T11:06:31Z,https://www.twitch.tv/zora0309vt,https://static-cdn.jtvnw.net/previews-ttv/live_user_zora0309vt-{width}x{height}.jpg
afa3e309e41044c5bffe17466607d481,live,雪雪๐•ᴗ•๐ 9/20 @yukkkkiouo !自主訂閱支援 !YT !魔儲,2025-09-20T11:07:02Z,https://www.twitch.tv/yukkkkiouo,https://static-cdn.jtvnw.net/previews-ttv/live_user_yukkkkiouo-{width}x{height}.jpg
a2847bd09f954df794fb9289d6a96dae,live,英文repoooo!!|@yulin_ch|ft.@karasu_0214 @zora0309vt @alicekifikar @liliuwuuu_ @fulili_ @kazgunowo @maplesama_momiji @lemonsooda @ Phoenix,2025-09-20T11:09:20Z,https://www.twitch.tv/yulin_ch,https://static-cdn.jtvnw.net/previews-ttv/live_user_yulin_ch-{width}x{height}.jpg
c08ae8d7412d407c8b233f6e445d081c,live,ᗜˬᗜ,2025-09-20T11:14:14Z,https://www.twitch.tv/bk20112,https://static-cdn.jtvnw.net/previews-ttv/live_user_bk20112-{width}x{height}.jpg
0ad03ee6159c4d37a4feccbc49ba3dcf,live,【Vtuber默夜】 軟爛人種田去 牧場物語-風之繁華市集,2025-09-20T11:15:33Z,https://www.twitch.tv/mokuya987,https://static-cdn.jtvnw.net/previews-ttv/live_user_mokuya987-{width}x{height}.jpg
8881d23b0a3c426590c8a2509e363ec1,live,【VALORANT】RK【 @buliji_ |連動預定在DC可看】,2025-09-20T11:17:18Z,https://www.twitch.tv/buliji_,https://static-cdn.jtvnw.net/previews-ttv/live_user_buliji_-{width}x{height}.jpg
9ca05592c52f42649191751f18cb70e6,live,【中文/日本語】9/20 隨筆日誌(PC) - 我回來了,2025-09-20T11:18:01Z,https://www.twitch.tv/sinonyuki,https://static-cdn.jtvnw.net/previews-ttv/live_user_sinonyuki-{width}x{height}.jpg
a9f28d3e3d2a4ecb93ff10955be791d1,live,【宵Yoruno】開台晚點訓練賽 !asmr !dc !手機殼 !澡堂指令 !隊友,2025-09-20T11:19:42Z,https://www.twitch.tv/yoruno_moonlit,https://static-cdn.jtvnw.net/previews-ttv/live_user_yoruno_moonlit-{width}x{height}.jpg
627d42f52e604f3e8eadc7f04ef74d2a,live,工作台(試開一下看網路) !OC !Dc !大姊大 !慈善賭王大賽,2025-09-20T11:24:30Z,https://www.twitch.tv/shinatsukishiro,https://static-cdn.jtvnw.net/previews-ttv/live_user_shinatsukishiro-{width}x{height}.jpg
dc3e05e0c12b4e0a93dc230f30925ee0,live,【土司喵】加班台Day.47  @toast_meow ▏【拚紫勾歡迎掛台 】 !加班規則,2025-09-20T11:28:08Z,https://www.twitch.tv/toast_meow,https://static-cdn.jtvnw.net/previews-ttv/live_user_toast_meow-{width}x{height}.jpg
8b027d3a3f374c9c8398b6dd751e5018,live,【Ume】09/20｜畫委託 想模板 跟朋友一起挖呀挖呀挖( ˘•ω•˘ ).oOஇ｜委託開放中,2025-09-20T11:29:11Z,https://www.twitch.tv/ume_zz,https://static-cdn.jtvnw.net/previews-ttv/live_user_ume_zz-{width}x{height}.jpg
d2da40bb201e49ddbd6a8780bfaf8b63,live,｜2025.09.20｜盛世天下若無美人相伴也是食之無味｜北宮雨音｜揪團轉盤／!dc／!yt／!指令｜#盛世天下 #RoadtoEmpress #MEPay魔儲,2025-09-20T11:30:04Z,https://www.twitch.tv/yuin_0608,https://static-cdn.jtvnw.net/previews-ttv/live_user_yuin_0608-{width}x{height}.jpg
8150f530d858418282811429cc32622b,live,前往 伊甸惡意 伊甸普渡，普渡伊甸 - Minecraft - #04《 #Minecraft #麥塊 》 #Vtuber #欣希亞 #台灣Vtuber #伊甸惡意 #伊甸普渡,2025-09-20T11:31:58Z,https://www.twitch.tv/mengcynia,https://static-cdn.jtvnw.net/previews-ttv/live_user_mengcynia-{width}x{height}.jpg
7c781489389447e682388caccae7fb1c,live,【雜談】聽說今天小惜初配欸【卡洛梅里斯】,2025-09-20T11:32:11Z,https://www.twitch.tv/coralmeris,https://static-cdn.jtvnw.net/previews-ttv/live_user_coralmeris-{width}x{height}.jpg
5cdecbd7413e4c9e9cb56373a186ccec,live,【9月歌回】昌場場唱｜米糠Nuka @nukachan_,2025-09-20T11:32:17Z,https://www.twitch.tv/nukachan_,https://static-cdn.jtvnw.net/previews-ttv/live_user_nukachan_-{width}x{height}.jpg
8dbec1de49be44d897f1c894427f3165,live,【星璃Seri】這是一個出門吃飯回來當餐廳員工的故事 ft.波美、可可、黑兔 | !yt !cover !社群 !主播 !斗內 @seri_reverie,2025-09-20T11:32:36Z,https://www.twitch.tv/seri_reverie,https://static-cdn.jtvnw.net/previews-ttv/live_user_seri_reverie-{width}x{height}.jpg
9e64bba43928414884503de36f805c48,live,9/20 肯德基爺爺... 來了 !VPN | !YT,2025-09-20T11:34:09Z,https://www.twitch.tv/wen620,https://static-cdn.jtvnw.net/previews-ttv/live_user_wen620-{width}x{height}.jpg
63a55bc5320e4f148ed0abd7991b0e01,live,蕾妮｜9/20 感冒好了！下周一要生日了 !cover !周邊 !鴞災,2025-09-20T11:34:49Z,https://www.twitch.tv/reneesnowy,https://static-cdn.jtvnw.net/previews-ttv/live_user_reneesnowy-{width}x{height}.jpg
5000b613025542c498cd6ab2287865c6,live,⛅ ⁰⁹ / ₂₀ ▸NTʀᴘ 日初 鈴 | 忙忙累累話少少 ⁘ 掛台感謝 佛系拚勾⁘ @nekoa_o,2025-09-20T11:35:32Z,https://www.twitch.tv/nekoa_o,https://static-cdn.jtvnw.net/previews-ttv/live_user_nekoa_o-{width}x{height}.jpg
b6a105f12b904256ba356935ae46657f,live,✧茉茉𝕄𝕆𝕄𝕆✧ 爆打殭屍 ⋆ʚ⭑ɞ⋆ !protonpass !dc,2025-09-20T11:35:59Z,https://www.twitch.tv/shiroganemomo,https://static-cdn.jtvnw.net/previews-ttv/live_user_shiroganemomo-{width}x{height}.jpg
b5c9831f97f4427a88a96d7c4ee40539,live,【直播】9/20 主蔔感冒中的無聲音游台【蒔乃ほのか】｜ @makino_honoka,2025-09-20T11:37:25Z,https://www.twitch.tv/makino_honoka,https://static-cdn.jtvnw.net/previews-ttv/live_user_makino_honoka-{width}x{height}.jpg
28e6f7c12a3b45899e7508058f926af9,live,9/20 出團 | @phivy | 點歌!sr !棉花糖 !dc【國/粵/ENG】,2025-09-20T11:44:44Z,https://www.twitch.tv/phivy,https://static-cdn.jtvnw.net/previews-ttv/live_user_phivy-{width}x{height}.jpg
0cb217f7775543eb9c5aac3b9df75a86,live,〖語沫 ❣︎〗今天有活動!!~  🌟 |  @yumo_mashiro,2025-09-20T11:45:46Z,https://www.twitch.tv/yumo_mashiro,https://static-cdn.jtvnw.net/previews-ttv/live_user_yumo_mashiro-{width}x{height}.jpg
0e9aeecbe8f04a62ab781cf2e520eba0,live,【嘎旋】09/20 八點先伊甸活動結束再去橒界  @shen_0828  | !簽到 !麥塊 !周邊,2025-09-20T11:46:48Z,https://www.twitch.tv/shen_0828,https://static-cdn.jtvnw.net/previews-ttv/live_user_shen_0828-{width}x{height}.jpg
5f6dcf3b9b71405498aa07a2b80cb5ec,live,2025.09.20 遊戲 - 闇影詩章：凌越世界 Shadowverse: Worlds Beyond 【薯薯盃】征服交流賽 這就是怎麼把觀眾氣到腦中風嗎(o゜▽゜)o☆？,2025-09-20T11:54:45Z,https://www.twitch.tv/sapphire4169e1,https://static-cdn.jtvnw.net/previews-ttv/live_user_sapphire4169e1-{width}x{height}.jpg
31a4ca5b5d554c13902eff32302e5eb9,live,【動漫大猜名】賭你們絕對猜不到！  @chiyouboss  | !鬼月企劃 !活動  !布丁,2025-09-20T11:55:47Z,https://www.twitch.tv/chiyouboss,https://static-cdn.jtvnw.net/previews-ttv/live_user_chiyouboss-{width}x{height}.jpg
f10dc84fab2a41d385c2553b0f1d788b,live,【披薩獵客】新職業添加中！成為銀河的披薩獵手吧！｜ 忠誠點數活動現正熱映中｜ @nine0501_vtuber ｜ft. @zhnwng3 @zck222333 @mayasuzume ｜20250920｜,2025-09-20T11:56:06Z,https://www.twitch.tv/nine0501_vtuber,https://static-cdn.jtvnw.net/previews-ttv/live_user_nine0501_vtuber-{width}x{height}.jpg
fff74fa431cd4468b177675010504ee1,live,【遊戲台】競技場初體驗，後面應該也會打一般或ARAM。09/20 PC 英雄聯盟 #初見歡迎 ༒指令│ !dc !website !help,2025-09-20T11:56:17Z,https://www.twitch.tv/sada_aidelei,https://static-cdn.jtvnw.net/previews-ttv/live_user_sada_aidelei-{width}x{height}.jpg
b1bfaed0ed7f4ca9ae96c017159efe77,live,【#幕染幻境】8:00有坐騎競速活動！大家一定要來看！！【仙喵SkyMeowu】,2025-09-20T11:56:27Z,https://www.twitch.tv/pxz_skymeowu,https://static-cdn.jtvnw.net/previews-ttv/live_user_pxz_skymeowu-{width}x{height}.jpg
c265c71f4d2744919a319f0f38c008f9,live,9/20 唱歌聊天 自主訂閱++新增忠誠點數兌換 !回歸周年,2025-09-20T11:57:32Z,https://www.twitch.tv/hinata__0419,https://static-cdn.jtvnw.net/previews-ttv/live_user_hinata__0419-{width}x{height}.jpg
5dc565de88a948ecb092cce178aafe60,live,20 SEP | 繼續做真結局前置 玩到悶先轉EFT/ABI,2025-09-20T11:58:45Z,https://www.twitch.tv/himuvtuber,https://static-cdn.jtvnw.net/previews-ttv/live_user_himuvtuber-{width}x{height}.jpg
423ee3a5dbd549f19893a1823856b8dc,live,【楓月 蝕】我想要當廚師~ f.t.沙沙狐.麻亞.九方曦｜楓月蝕｜2025/09/20,2025-09-20T11:59:02Z,https://www.twitch.tv/zhnwng3,https://static-cdn.jtvnw.net/previews-ttv/live_user_zhnwng3-{width}x{height}.jpg
fcb4d9b8cd4a49dba6b421d97c179065,live,怎麼做個披薩做到一半還要打怪=口=! ft. @zck222333 @zhnwng3 @nine0501_vtuber  !指令: !dc !yt !魔儲,2025-09-20T11:59:25Z,https://www.twitch.tv/mayasuzume,https://static-cdn.jtvnw.net/previews-ttv/live_user_mayasuzume-{width}x{height}.jpg
2ee2acc29fac42c5b130558543cbdf00,live,【歌枠Karaoke Stream】「#四季の歌」願大家的四季明媚，在夏天的末端和秋天的開端給大家帶來歌回啦！（*╹▽╹*）圖奇更全新貼圖！來衝刺1000追隨啦「橘 爱日梨Tachibana Aihiri」 #vtuber #初見歓迎 ★CH / ENG / JP / HK,2025-09-20T11:59:47Z,https://www.twitch.tv/tachibanaaihiri,https://static-cdn.jtvnw.net/previews-ttv/live_user_tachibanaaihiri-{width}x{height}.jpg
4c34c44a98974b709f7dbc7618847fd6,live,9/20 等等盛世天下!  ( *・ω・)✄,2025-09-20T12:00:06Z,https://www.twitch.tv/5l5l3,https://static-cdn.jtvnw.net/previews-ttv/live_user_5l5l3-{width}x{height}.jpg
4ead521cd6a04a5aa1b2739f252ac9d1,live,【沉沒意志】今天應該不會開太晚｜又是有奶茶的一天｜唸故事時間,2025-09-20T12:00:06Z,https://www.twitch.tv/rizereee,https://static-cdn.jtvnw.net/previews-ttv/live_user_rizereee-{width}x{height}.jpg
88917b370d0041d8be65372342c92523,live,9/20 連續三週恐怖遊戲計畫(1/3) │ 現在訂閱七折 │ !布丁 │  @lemon_1022,2025-09-20T12:00:16Z,https://www.twitch.tv/lemon_1022,https://static-cdn.jtvnw.net/previews-ttv/live_user_lemon_1022-{width}x{height}.jpg
0c3b5ae85d2940b8b73a92d72dc0d313,live,【Hollow Knight】初見神作 ฅ^•ﻌ•^ฅ,2025-09-20T12:00:18Z,https://www.twitch.tv/rumu_1213,https://static-cdn.jtvnw.net/previews-ttv/live_user_rumu_1213-{width}x{height}.jpg
00d3ddb7b65247eaa16473cfd1376723,live,【珍珠奶茶店】珍珠奶茶恐怖遊戲？,2025-09-20T12:00:19Z,https://www.twitch.tv/noir_1221,https://static-cdn.jtvnw.net/previews-ttv/live_user_noir_1221-{width}x{height}.jpg
14a9a08fbdc641e8ac8c384dedfccf0a,live,【朔Sakuro】 比賽快到了 加緊練習！ | !水餃盃,2025-09-20T12:00:22Z,https://www.twitch.tv/sakuro_moonlit,https://static-cdn.jtvnw.net/previews-ttv/live_user_sakuro_moonlit-{width}x{height}.jpg
67c533576c474a0d9897f62964cef71c,live,PUMMEL PARTY｜與電腦的對決！！,2025-09-20T12:00:28Z,https://www.twitch.tv/aralyn_vtuber,https://static-cdn.jtvnw.net/previews-ttv/live_user_aralyn_vtuber-{width}x{height}.jpg
4766ec1a407f4271bca77fb81487e81a,live,聲帶作死🐔頻道訂閱好便宜 !簽到 !教練 !恐母症  @litchi_2525,2025-09-20T12:00:32Z,https://www.twitch.tv/litchi_2525,https://static-cdn.jtvnw.net/previews-ttv/live_user_litchi_2525-{width}x{height}.jpg
4b8137b8ba4e4a4dad994e2e07e351fe,live,9/20 折花花,2025-09-20T12:00:51Z,https://www.twitch.tv/esmea_princess,https://static-cdn.jtvnw.net/previews-ttv/live_user_esmea_princess-{width}x{height}.jpg
7c06b9e316ce4ac18ce836cd72442bbe,live,【歌枠】來公然偷火柴的歌單🔥一邊等我們的合唱發布🎤【浠Mizuki Karaoke】#初見歓迎!sl、!周邊、!dc、!斗內、!YT、!推特、!點歌、!新歌、!募集、!IG,2025-09-20T12:00:52Z,https://www.twitch.tv/mizukimilk723,https://static-cdn.jtvnw.net/previews-ttv/live_user_mizukimilk723-{width}x{height}.jpg
5535c9524eb046c38e172ebfa06b302f,live,🔴【夢之形】結合MOBA的Rougelike！最多4人大亂鬥！看直播抽序號！  ▹ @ruroroisme ◃,2025-09-20T12:00:56Z,https://www.twitch.tv/ruroroisme,https://static-cdn.jtvnw.net/previews-ttv/live_user_ruroroisme-{width}x{height}.jpg
0bf305da1ec14c5c8447b9a007bc81f6,live,【Hollow Knight】新手來玩玩看！究竟能不能玩到最後呢 | 初見歡迎 | 降落歡迎  @uzukirinto0217,2025-09-20T12:01:03Z,https://www.twitch.tv/uzukirinto0217,https://static-cdn.jtvnw.net/previews-ttv/live_user_uzukirinto0217-{width}x{height}.jpg
ead3db33c54e411baa75a4bad3b48aee,live,【慕染幻境】坐騎競速｜09/20｜,2025-09-20T12:01:11Z,https://www.twitch.tv/awabiscay,https://static-cdn.jtvnw.net/previews-ttv/live_user_awabiscay-{width}x{height}.jpg
5fd252ad134343a59705e00390c6d9ef,live,【想要紫勾勾】今天遊戲時間要玩什麼呢！｜ @ichikawasaori ｜初見大歡迎｜掛台降落感謝！,2025-09-20T12:01:11Z,https://www.twitch.tv/ichikawasaori,https://static-cdn.jtvnw.net/previews-ttv/live_user_ichikawasaori-{width}x{height}.jpg
350b440f9436415c8499526d4c6f3dfd,live,[CN/JP▲] PoE2 ☾ 熔火，一款真正的掃地機器人BD。 | @zami0707 | !twitter !魔儲 #初見歡迎,2025-09-20T12:01:17Z,https://www.twitch.tv/zami0707,https://static-cdn.jtvnw.net/previews-ttv/live_user_zami0707-{width}x{height}.jpg
9a7b7c9c31da44aca5a68395a2e69488,live,無声透明VTuber,2025-09-20T12:02:54Z,https://www.twitch.tv/trombeningen,https://static-cdn.jtvnw.net/previews-ttv/live_user_trombeningen-{width}x{height}.jpg
bf6401d2159c40a8a616defa8c2c4a66,live,【遊戲時刻】這是正式版!! 誰也別騙我!!【水天一色】@Mizutenishoku,2025-09-20T12:03:08Z,https://www.twitch.tv/mizutenishoku,https://static-cdn.jtvnw.net/previews-ttv/live_user_mizutenishoku-{width}x{height}.jpg
ca4210c7562b479cb3af76082fb70fcd,live,9/20 【亞希】今天是寶可夢系列初體驗DAY2 +日常閒聊~! 今日小開不會開太久~! 遊戲期間可能會看到奇怪操作ww  | 掛台可用忠誠點數兌換每月的小月卡抽獎卷哦!  | !月表 !周邊,2025-09-20T12:03:14Z,https://www.twitch.tv/sennna_aki,https://static-cdn.jtvnw.net/previews-ttv/live_user_sennna_aki-{width}x{height}.jpg
c099b7e8d46c418d8e17097d496f3b83,live,【踢踢】9.20 |   聽大家唱郭  ₍ᐢ .ᆺ. ᐢ₎  殘兔舞台  |  !幸運兔團  !殘兔舞台   ✦耶比✦,2025-09-20T12:03:32Z,https://www.twitch.tv/ttspoon,https://static-cdn.jtvnw.net/previews-ttv/live_user_ttspoon-{width}x{height}.jpg
be1a18aa8599409ba250e5345e62fed6,live,2025/9/20【玩遊戲】希望別再卡了！ ٩(๑˃̵ᴗ˂̵๑)۶ ｜!生日｜!921｜!喝水｜!cover｜歡迎掛台追隨 @kisa0921,2025-09-20T12:03:35Z,https://www.twitch.tv/kisa0921,https://static-cdn.jtvnw.net/previews-ttv/live_user_kisa0921-{width}x{height}.jpg
b42416c629e64c948f75aff4ff5c9a8a,live,可以順便渡一下COVID-19 :(｜✅紫勾勾努力中,2025-09-20T12:04:45Z,https://www.twitch.tv/aesopdu,https://static-cdn.jtvnw.net/previews-ttv/live_user_aesopdu-{width}x{height}.jpg
29e2c3ae8e4d48f29fb3b89c463abb1c,live,【正在拚紫勾勾的狗勾】今天要做甚麼｜菈妮菓列૮ ・ﻌ・ა,2025-09-20T12:05:29Z,https://www.twitch.tv/vtlabrador0118,https://static-cdn.jtvnw.net/previews-ttv/live_user_vtlabrador0118-{width}x{height}.jpg
6c2b07e387644ff1898d8c536747dcb0,live,【咕咕得】吃飽飯了就今晚不要吃鵝【企鵝麵 |臭菌| @yawaragitsuki | @9dayy | @yanyyui | @zixi_coco | @cyruscantspell  | @lovely_glass | @fox_wuli | @hoshinoshark 】,2025-09-20T12:06:03Z,https://www.twitch.tv/kiyominoodle8989,https://static-cdn.jtvnw.net/previews-ttv/live_user_kiyominoodle8989-{width}x{height}.jpg
a51be890a1f443ea87bee45c9d8acf13,live,【NaJ】怕你們太想我 ✧ @kankona0616  ｜ !Line貼圖,2025-09-20T12:06:12Z,https://www.twitch.tv/kankona0616,https://static-cdn.jtvnw.net/previews-ttv/live_user_kankona0616-{width}x{height}.jpg
36497373f4734ce49ea8cb6a703f050b,live,晚安禮好🫧最後兩次,2025-09-20T12:06:14Z,https://www.twitch.tv/vibe_ori,https://static-cdn.jtvnw.net/previews-ttv/live_user_vibe_ori-{width}x{height}.jpg
a0ba9fee8a7747cab74e98ed61fb4a68,live,🔹初見REPO / @tuyue5422 @shigule920 @dreamfox1004 @luoqingzhai0703 @nami_husband / !DC !委託 🔹09/20🔹,2025-09-20T12:08:35Z,https://www.twitch.tv/yuuuuuuuuuumi_,https://static-cdn.jtvnw.net/previews-ttv/live_user_yuuuuuuuuuumi_-{width}x{height}.jpg
521d3e3d5e6e410aababfb8f290749b6,live,【Hollow Knight: Silksong】把結局破一破！再來慢慢摸完成度,2025-09-20T12:09:55Z,https://www.twitch.tv/fuyuhiro_v,https://static-cdn.jtvnw.net/previews-ttv/live_user_fuyuhiro_v-{width}x{height}.jpg
2bb0e68d998d4b2bbfc79557a233fb33,live,【惡靈古堡 系列#14 故戲重遊】鬼月主題 先跑里昂B線(裏篇)，應該不會再出狀況了吧【珞雪嵐 Rakusetsu Ran】,2025-09-20T12:10:44Z,https://www.twitch.tv/rakusetsu_ran,https://static-cdn.jtvnw.net/previews-ttv/live_user_rakusetsu_ran-{width}x{height}.jpg
4e5a8a6380764f9b9f28732968e4aac8,live,[EN/CN] Premier first then Comp practice time~ !donate !discord !youtube | 20.09.2025,2025-09-20T12:11:22Z,https://www.twitch.tv/chueyvt,https://static-cdn.jtvnw.net/previews-ttv/live_user_chueyvt-{width}x{height}.jpg
37e88453b9cb48b1863bc455328b34c1,live,【浣熊🦝】9/20 |❥國語 | REPO | 久違觀眾場,2025-09-20T12:12:42Z,https://www.twitch.tv/kinarira,https://static-cdn.jtvnw.net/previews-ttv/live_user_kinarira-{width}x{height}.jpg
4e1dd2ab9e4b4c71bced0c5987cf9be7,live,[紅妻]曉火建模！｜純聊天室Live,2025-09-20T12:12:48Z,https://www.twitch.tv/rsundae,https://static-cdn.jtvnw.net/previews-ttv/live_user_rsundae-{width}x{height}.jpg
342f808864164047acc8ddffe88c9618,live,9/20 逆Neeplus - 【突發】控制不住我寄己...要...打...A... 希望不要卡｜ !魔儲 !DC !YT｜九月訂閱上賊船！,2025-09-20T12:13:04Z,https://www.twitch.tv/nee606,https://static-cdn.jtvnw.net/previews-ttv/live_user_nee606-{width}x{height}.jpg
32b83b466c11418bb380623a95944302,live,清理我的鍵盤【無界V】,2025-09-20T12:13:35Z,https://www.twitch.tv/mao_mukai,https://static-cdn.jtvnw.net/previews-ttv/live_user_mao_mukai-{width}x{height}.jpg
e0535f2d38f04d26aca33772bccb33b8,live,【拉芙】【拉芙】抽獎活動 月卡 魔獸世界有目標的副本開始啦 (´ ｡•ω•｡)っ ⌒♡｡ ░  2.0募資&求訂閱~ ░ feat. @g_luv0303 ░,2025-09-20T12:14:13Z,https://www.twitch.tv/g_luv0303,https://static-cdn.jtvnw.net/previews-ttv/live_user_g_luv0303-{width}x{height}.jpg
16896dffcb474d7aa21540c944a2f7de,live,9/20 看一下比賽 RP 凹比盃49名作收 VIP會員可以使用忠誠點數兌換超級香的圖囉  鼠標開放兌換囉~~,2025-09-20T12:15:01Z,https://www.twitch.tv/wuwind1767,https://static-cdn.jtvnw.net/previews-ttv/live_user_wuwind1767-{width}x{height}.jpg
279a45d6a8f9445389b9b8cdbcb72ae8,live,【9/20】輕鬆週六時刻:D,2025-09-20T12:15:06Z,https://www.twitch.tv/zhechi_0319,https://static-cdn.jtvnw.net/previews-ttv/live_user_zhechi_0319-{width}x{height}.jpg
061fb9c63b7e45bb85ea7e6bd4fe3745,live,【ApexLegends】Rk Plat IV | @xiaokang_vtuber,2025-09-20T12:15:35Z,https://www.twitch.tv/xiaokang_vtuber,https://static-cdn.jtvnw.net/previews-ttv/live_user_xiaokang_vtuber-{width}x{height}.jpg
5f044942071146cb9ec4b760458a662e,live,9/20 接下來好像會很忙 歐買溝斗 | @yeahya11vt |,2025-09-20T12:15:55Z,https://www.twitch.tv/yeahya11vt,https://static-cdn.jtvnw.net/previews-ttv/live_user_yeahya11vt-{width}x{height}.jpg
0b53549edaf5490ca350ef17aee7b8b9,live,【You Will Die Here Tonight】今天我不想死在這裡耶,2025-09-20T12:17:43Z,https://www.twitch.tv/amaranthia302876,https://static-cdn.jtvnw.net/previews-ttv/live_user_amaranthia302876-{width}x{height}.jpg
6bb236447ed9412a98c9b2d7c9069e10,live,【熊貓】09/20 5V5內戰~喵OwO ★狐橘神社★ ｜訂閱告急｜Ft： ｜!商店｜!哥哥的咖啡,2025-09-20T12:21:24Z,https://www.twitch.tv/panda0219work,https://static-cdn.jtvnw.net/previews-ttv/live_user_panda0219work-{width}x{height}.jpg
f7c48554816643cdb8d343e6e9e6d313,live,【RELIVE_諾櫻NOE🌸】玩個小品 ❤ !魔儲,2025-09-20T12:21:57Z,https://www.twitch.tv/re_noe_,https://static-cdn.jtvnw.net/previews-ttv/live_user_re_noe_-{width}x{height}.jpg
604dc5a26bb54f3d8a69c9df659d23d7,live,【涅姆】跟很多新朋朋 ARAM 5V5 內戰Ft. 很多人   |指令 !立旗 ｜掛台要先打招呼或兌換忠誠點數再幫我開5%音量~~,2025-09-20T12:22:24Z,https://www.twitch.tv/nemuvtubertw,https://static-cdn.jtvnw.net/previews-ttv/live_user_nemuvtubertw-{width}x{height}.jpg
8a68997a04594f3495ff2cb00a7da6d8,live,9/20 ARAM內戰，Feat.很多人,2025-09-20T12:22:50Z,https://www.twitch.tv/yunndwodo,https://static-cdn.jtvnw.net/previews-ttv/live_user_yunndwodo-{width}x{height}.jpg
3b7dac5e2bdb4c08a139e18ef7f6f7e5,live,LOL的連動啦~ 新指令:!簽到 !補簽 !查簽 !簽排 !愛奈寶 !週年 !打 !要抱抱 !淺草籤 !抽卡,2025-09-20T12:25:16Z,https://www.twitch.tv/asahina_yuuto,https://static-cdn.jtvnw.net/previews-ttv/live_user_asahina_yuuto-{width}x{height}.jpg
e93b2dd2339a422f8ab3d21c9d95161c,live,上個分分  @xinkun_0415,2025-09-20T12:25:20Z,https://www.twitch.tv/xinkun_0415,https://static-cdn.jtvnw.net/previews-ttv/live_user_xinkun_0415-{width}x{height}.jpg
d576c2396a004f3c8dd91baf14254898,live,9/20 [女王的遊戲：盛世天下] 可以自由選擇劇情走向ˇ的古裝劇!? || @7yananaha ||  !綠界贈品,2025-09-20T12:26:11Z,https://www.twitch.tv/7yananaha,https://static-cdn.jtvnw.net/previews-ttv/live_user_7yananaha-{width}x{height}.jpg
2d9ef8be75c34daf9ce9d17ecbbe0f7a,live,◖空洞騎士：絲之歌◗眼神空洞の奶茶騎士#6🍼奶茶當水喝,2025-09-20T12:26:15Z,https://www.twitch.tv/milktea___life,https://static-cdn.jtvnw.net/previews-ttv/live_user_milktea___life-{width}x{height}.jpg