VTuber ID,Video Type,Title,Publish Time,URL,Thumbnail URL
3a13b2827ef048859006a3acb74c175a,live,8/31 血汗勞工  ft. 【指令 !隊友 !ID !DC !IG !觀眾場】,2025-08-30T09:04:41Z,https://www.twitch.tv/yanran_feretto,https://static-cdn.jtvnw.net/previews-ttv/live_user_yanran_feretto-{width}x{height}.jpg
76165d25983b463eaa1da66c86a32b7c,live,【日常】忘記三角洲跟DAD一起開會藍屏的夜彩【靛之森Ainomori】|【夜彩Yoruro】可用7TV貼圖 感謝揪團: @ikayage @laozhangmy,2025-08-30T11:26:38Z,https://www.twitch.tv/yorurovtuber,https://static-cdn.jtvnw.net/previews-ttv/live_user_yorurovtuber-{width}x{height}.jpg
b0a7d70ae76549f5b4418e56ee4ad43f,live,【鴨鴨觀察日記】沒有人~YT水時數 | Placid Plastic Duck Simulator | 8月訂閱限定福利在DC,2025-08-30T20:46:42Z,https://www.twitch.tv/cloudcat501,https://static-cdn.jtvnw.net/previews-ttv/live_user_cloudcat501-{width}x{height}.jpg
bf03fd8b5b55481590ea63338c5cdd20,live,9/ˇ1 加班 Day203 夏季 !週邊 !DC / 訂閱送10分鐘加班 / 揪團每10人2分鐘 / @komorikuma_vtuber,2025-08-31T00:00:04Z,https://www.twitch.tv/komorikuma_vtuber,https://static-cdn.jtvnw.net/previews-ttv/live_user_komorikuma_vtuber-{width}x{height}.jpg
dc3e05e0c12b4e0a93dc230f30925ee0,live,【土司喵】加班台Day.26 @toast_meow ▏【拚紫勾歡迎掛台 】 !加班規則,2025-08-31T06:57:44Z,https://www.twitch.tv/toast_meow,https://static-cdn.jtvnw.net/previews-ttv/live_user_toast_meow-{width}x{height}.jpg
6c7336d4605540c6871de5f96874129c,live,💟凌晨觀眾場┇ !月餅 !衣服 ┇ 掛台開5%聲音  @mibao1013,2025-08-31T11:17:03Z,https://www.twitch.tv/mibao1013,https://static-cdn.jtvnw.net/previews-ttv/live_user_mibao1013-{width}x{height}.jpg
8150f530d858418282811429cc32622b,live,深夜陪伴~無盡長夢X0020!!!!!《 Once Human 七日世界 》 #OnceHuman #七日世界 #Vtuber  #台V #欣希亞,2025-08-31T12:00:17Z,https://www.twitch.tv/mengcynia,https://static-cdn.jtvnw.net/previews-ttv/live_user_mengcynia-{width}x{height}.jpg
4e4cbcbc0acf410ea5a50e4a6bbafd01,live,8/31 約會的時候很暈的行為:帶手帕跟乙醚,2025-08-31T13:27:53Z,https://www.twitch.tv/chun2_,https://static-cdn.jtvnw.net/previews-ttv/live_user_chun2_-{width}x{height}.jpg
0bf0ec441dc6489583f7218e02ab6a89,live,【初音歌回】今天是初音生日!穿著初音COS一起來唱初音的歌吧,2025-08-31T13:33:16Z,https://www.twitch.tv/nyoro0606tw,https://static-cdn.jtvnw.net/previews-ttv/live_user_nyoro0606tw-{width}x{height}.jpg
843d99233b474827a2f0bc417ffd3852,live,【抹茶】08/31｜NTʀᴘ 霧島茶茶 新5070測試 一直斷很正常 ♡ 糰糰鼠｜ @isuzumaccha ｜!委託 !加班 !聯名 !魔儲 🍵 #茶室營業中,2025-08-31T13:37:52Z,https://www.twitch.tv/isuzumaccha,https://static-cdn.jtvnw.net/previews-ttv/live_user_isuzumaccha-{width}x{height}.jpg
fcb4d9b8cd4a49dba6b421d97c179065,live,(觀眾場)健康耕田台! !指令: !dc !yt !魔儲,2025-08-31T14:00:36Z,https://www.twitch.tv/mayasuzume,https://static-cdn.jtvnw.net/previews-ttv/live_user_mayasuzume-{width}x{height}.jpg
3691abedd6a7487d9995943b3df5c843,live,【伊澄狐夢 ×維持配信】突發嚕~耐久台 | ft. @izumi_komu_vtuber  |!團練 !聯動,2025-08-31T14:20:04Z,https://www.twitch.tv/izumi_komu_vtuber,https://static-cdn.jtvnw.net/previews-ttv/live_user_izumi_komu_vtuber-{width}x{height}.jpg
f2f74f42d7e44c2b8c71807abd0967f3,live,0901 | (≖⩊≖) 蝴蝶不穿衣服 光碟  | !簽到 |,2025-08-31T14:52:47Z,https://www.twitch.tv/mikimaruuu,https://static-cdn.jtvnw.net/previews-ttv/live_user_mikimaruuu-{width}x{height}.jpg
9ca05592c52f42649191751f18cb70e6,live,【中文/日本語】8/31 隨筆日誌(PC) - 蛇,2025-08-31T15:13:31Z,https://www.twitch.tv/sinonyuki,https://static-cdn.jtvnw.net/previews-ttv/live_user_sinonyuki-{width}x{height}.jpg
b606cde735d84b45ab96489d7a9997dd,live,【 #耐久台 】目標3000訂 沒達標不下播 凌晨安安阿阿做完月表睡睡【邦生多葛】#vtuber #新人VTuber #初見歡迎 2025/09/01 凌晨,2025-08-31T15:55:51Z,https://www.twitch.tv/bensencat9658,https://static-cdn.jtvnw.net/previews-ttv/live_user_bensencat9658-{width}x{height}.jpg
ec12bbfb27d24091aa6a7d64ff9429ea,live,畫圖(*´д`) 畫什麼不知道  推特快破萬追..幫幫!,2025-08-31T16:01:11Z,https://www.twitch.tv/rongchuhan,https://static-cdn.jtvnw.net/previews-ttv/live_user_rongchuhan-{width}x{height}.jpg
8f0b41303e8a481689fe4309a565ecd3,live,[ 工作台 ] 現在才要吃晚餐，啊哈.. 哈哈哈 #初見歡迎,2025-08-31T16:04:43Z,https://www.twitch.tv/curacao_soda,https://static-cdn.jtvnw.net/previews-ttv/live_user_curacao_soda-{width}x{height}.jpg
a3452262e11348c88afea4031b0323a8,live,我...我快到新版本了...!｜使用英配｜歡迎初見｜,2025-08-31T16:25:14Z,https://www.twitch.tv/haivender,https://static-cdn.jtvnw.net/previews-ttv/live_user_haivender-{width}x{height}.jpg
2f966e51210f49ba9dce2ac90e3ada18,live,ʚ ruriilive ɞ 0901｜頭像驚喜包長期兌換｜加入 dc 不定時活動！｜!小寶石 @rurii0303,2025-08-31T17:25:04Z,https://www.twitch.tv/rurii0303,https://static-cdn.jtvnw.net/previews-ttv/live_user_rurii0303-{width}x{height}.jpg
4cb08241fbce4905a83ed02de6a1af9c,live,尊嘟假嘟自主訂閱有活動ヽ(●´∀`●)ﾉ丨#世界樹計畫 !周邊 !7777 !布丁,2025-08-31T17:47:51Z,https://www.twitch.tv/lingmu_ch,https://static-cdn.jtvnw.net/previews-ttv/live_user_lingmu_ch-{width}x{height}.jpg
405cf0a502a6496bacfe7e49647e7e28,live,[Altic_Sou]雜談Just Chatting - EP99 打個工 [TW/EN]!斗內,2025-08-31T18:24:26Z,https://www.twitch.tv/altic_sou,https://static-cdn.jtvnw.net/previews-ttv/live_user_altic_sou-{width}x{height}.jpg
fd6a0236861940389e15ef85b16c6069,live,₊⁺ 0901 - 小開 早上要抽血 *不吃食物不喝水 ✦ APEX ✧   | !隊友 !周邊 !DC !手機殼 !LINE貼圖,2025-08-31T19:29:31Z,https://www.twitch.tv/hennie2001,https://static-cdn.jtvnw.net/previews-ttv/live_user_hennie2001-{width}x{height}.jpg
729621ce509b4641ad8cde76dec037d0,live,【08/31】在微風鎮的第一個春天終於要結束了嗎？|影音抖內開放中！|@sinniearis !手機殼 !yt !ff45,2025-08-31T19:32:03Z,https://www.twitch.tv/sinniearis,https://static-cdn.jtvnw.net/previews-ttv/live_user_sinniearis-{width}x{height}.jpg
afa3e309e41044c5bffe17466607d481,live,雪雪๐•ᴗ•๐ 9/1 @yukkkkiouo !自主訂閱支援 !YT !魔儲,2025-08-31T20:15:14Z,https://www.twitch.tv/yukkkkiouo,https://static-cdn.jtvnw.net/previews-ttv/live_user_yukkkkiouo-{width}x{height}.jpg
bc77dc55cf9b4be88c878ac4b5c07438,live,【雑談】今天開學了孩子們|9/01 DAY85,2025-08-31T20:31:43Z,https://www.twitch.tv/rena1017_,https://static-cdn.jtvnw.net/previews-ttv/live_user_rena1017_-{width}x{height}.jpg
98619914a2eb4b07bd6bc0a02066e455,live,[七小汐]早安！今天要幹嘛？ | 輕鬆玩點什麼 | !布丁 !簽到 !補簽,2025-08-31T20:51:50Z,https://www.twitch.tv/chnang12,https://static-cdn.jtvnw.net/previews-ttv/live_user_chnang12-{width}x{height}.jpg
9e64bba43928414884503de36f805c48,live,8/31 吃飽了 小開小玩 再玩一下 !VPN | !YT,2025-08-31T21:02:30Z,https://www.twitch.tv/wen620,https://static-cdn.jtvnw.net/previews-ttv/live_user_wen620-{width}x{height}.jpg