VTuber ID,Video Type,Title,Publish Time,URL,Thumbnail URL
44f1d1ad14034bd3949ad6f84624f0e4,live,ʚ嘻希呦ɞ ɶ 50HRS生日趴踢嗨起來🎂 ↬ 圖奇更新: 記得打字字換點點🥹 ↬ 生日棉花糖收集中 ↬掛台5% ↬ !補氧 !周邊 !貼圖 ↬ @shiki_nzm,2025-09-04T14:00:22Z,https://www.twitch.tv/shiki_nzm,https://static-cdn.jtvnw.net/previews-ttv/live_user_shiki_nzm-{width}x{height}.jpg
dfcc58f964d84bacaf7c65f494de6b97,live,『懶癌末期型主播🐺-掛忠誠點數台-』│掛台請開5%音量感謝！│主播不懂英文只能一字字念│初見歡迎！放鬆聊天~,2025-09-05T05:28:00Z,https://www.twitch.tv/yinuoyayinuoya,https://static-cdn.jtvnw.net/previews-ttv/live_user_yinuoyayinuoya-{width}x{height}.jpg
fd6a0236861940389e15ef85b16c6069,live,⁺˳✿ ₊ 0905 ᥫ᭡ˊ˗  想ㄆㄟ一整天 ✦ LOL ✧ | !DC !隊友 !周邊 !手機殼 !LINE貼圖 !模組包,2025-09-05T08:00:53Z,https://www.twitch.tv/hennie2001,https://static-cdn.jtvnw.net/previews-ttv/live_user_hennie2001-{width}x{height}.jpg
76165d25983b463eaa1da66c86a32b7c,live,【日常】舌頭掛掉的夜彩【靛之森Ainomori】|【夜彩Yoruro】可用7TV貼圖 感謝揪團: @ikayage @laozhangmy,2025-09-05T11:39:53Z,https://www.twitch.tv/yorurovtuber,https://static-cdn.jtvnw.net/previews-ttv/live_user_yorurovtuber-{width}x{height}.jpg
f2f74f42d7e44c2b8c71807abd0967f3,live,0906 | (≖⩊≖)  雜談: 朋友之前有沒有純友誼 (結束) 之後瓦repo? | !簽到 |,2025-09-05T13:54:17Z,https://www.twitch.tv/mikimaruuu,https://static-cdn.jtvnw.net/previews-ttv/live_user_mikimaruuu-{width}x{height}.jpg
b606cde735d84b45ab96489d7a9997dd,live,【 #空洞騎士 #絲綢之歌  】#2 好玩好玩繼續會遇到甚麼可愛的NPC呢?【邦生多葛】#vtuber #新人VTuber #初見歡迎 #成為邦派 2025/09/06,2025-09-05T13:58:45Z,https://www.twitch.tv/bensencat9658,https://static-cdn.jtvnw.net/previews-ttv/live_user_bensencat9658-{width}x{height}.jpg
ba562aad440d483e988d3ce7e7217c94,live,[貓宮香草] 9/5 拓荒 ， !DC,2025-09-05T14:03:25Z,https://www.twitch.tv/vanilla_shironeko,https://static-cdn.jtvnw.net/previews-ttv/live_user_vanilla_shironeko-{width}x{height}.jpg
8faff7aecb9d4e12917ea0144696e2de,live,【加班台#1－上半】開始加班台的第一天！Let's goooo！💯✨#初見歡迎【黑薔薇優璃愛】,2025-09-05T15:05:07Z,https://www.twitch.tv/kurobarayuria,https://static-cdn.jtvnw.net/previews-ttv/live_user_kurobarayuria-{width}x{height}.jpg
9a7b047b85ae4227af74a0e200c3abc9,live,【三玄庫崎】✿✿  垃圾中文翻譯使我開始學起英文  /ᐠ｡ꞈ｡ᐟ\   ft:   @session_cookie,2025-09-05T16:22:12Z,https://www.twitch.tv/session_cookie,https://static-cdn.jtvnw.net/previews-ttv/live_user_session_cookie-{width}x{height}.jpg
a3452262e11348c88afea4031b0323a8,live,先跑崩3活動，再跑1999活動，加跑中｜使用英配｜歡迎初見｜,2025-09-05T17:32:13Z,https://www.twitch.tv/haivender,https://static-cdn.jtvnw.net/previews-ttv/live_user_haivender-{width}x{height}.jpg
63d931b5a0374b3fbeef2c565a8db8df,live,【2025/09/06】摁？......  | ฅʕ·ᴥ·ʔฅ  !指令 !魔儲 !釣 !簽,2025-09-05T19:03:36Z,https://www.twitch.tv/xlastbear,https://static-cdn.jtvnw.net/previews-ttv/live_user_xlastbear-{width}x{height}.jpg
0471d5082a2e419786e141d6424c9150,live,抖M希深夜突襲🤍｜初見老朋友都歡迎 | 輸入 !周邊 @rosie_827,2025-09-05T19:43:04Z,https://www.twitch.tv/rosie_827,https://static-cdn.jtvnw.net/previews-ttv/live_user_rosie_827-{width}x{height}.jpg
12ece01ae7004e9195e79309f0cdae40,live,🍌 ▶ 月底達目標抽好禮~!  ⎚ 楓之谷世界  🍌  ( ๑ •̀ ㅁ •́ ฅ ),2025-09-05T20:08:05Z,https://www.twitch.tv/monkeykii,https://static-cdn.jtvnw.net/previews-ttv/live_user_monkeykii-{width}x{height}.jpg
6d144d78d2284fbcafa2428a5d132733,live,9/6【初見歡迎】｜半夜通知騷擾你｜800追隨進行中｜【柯姬Kogi 台灣Vtuber】｜ @kogivt,2025-09-05T20:08:14Z,https://www.twitch.tv/kogivt,https://static-cdn.jtvnw.net/previews-ttv/live_user_kogivt-{width}x{height}.jpg
209a528363cd411886ec9e5d086ff1bc,live,Hi 沒有跑過空洞,2025-09-05T20:22:04Z,https://www.twitch.tv/ssyyk,https://static-cdn.jtvnw.net/previews-ttv/live_user_ssyyk-{width}x{height}.jpg
405cf0a502a6496bacfe7e49647e7e28,live,[Altic_Sou]雜談Just Chatting - EP103 練琴再來跑劇情  [TW/EN]!斗內,2025-09-05T20:37:28Z,https://www.twitch.tv/altic_sou,https://static-cdn.jtvnw.net/previews-ttv/live_user_altic_sou-{width}x{height}.jpg
27b10e5896e34e8d841f1605792b96c9,live,✦PEAK✦✧我其實是來練習下山的◈上山太累了✧(σ′▽‵)′▽‵)σ✧⌇伊木悠特 正太Vtuber #vtuber,2025-09-05T21:02:45Z,https://www.twitch.tv/imuyutto,https://static-cdn.jtvnw.net/previews-ttv/live_user_imuyutto-{width}x{height}.jpg
b1bfaed0ed7f4ca9ae96c017159efe77,live,【幕染幻境】真的好無聊... 繼續玩！ 【仙喵SkyMeowu】,2025-09-05T21:40:26Z,https://www.twitch.tv/pxz_skymeowu,https://static-cdn.jtvnw.net/previews-ttv/live_user_pxz_skymeowu-{width}x{height}.jpg
28e5717b1964475ca59ce02d81cb2796,live,【練歌】小唱，這首歌song給特別的你 (∩ ᵔ⩊ᵔ )⊃⭐︎｜指令：!簽到!歌單｜🧡,2025-09-05T22:33:26Z,https://www.twitch.tv/caroline0723333,https://static-cdn.jtvnw.net/previews-ttv/live_user_caroline0723333-{width}x{height}.jpg
73ae80b091f542358d7a5bf8905c28f3,live,【橘攸奈】絲的第一天 習得技能：手蠶,2025-09-05T22:41:21Z,https://www.twitch.tv/udngameyunai,https://static-cdn.jtvnw.net/previews-ttv/live_user_udngameyunai-{width}x{height}.jpg
67b37e4e1f2f49d88a047d650b70be91,live,【朝活】消遣時間用的朝活:P 早安各位！祝各位有個美好的一天～│2025/09/06│【貓乃瑠依】 #初見歡迎 #台灣vtuber @ruidayo030,2025-09-05T22:54:40Z,https://www.twitch.tv/ruidayo030,https://static-cdn.jtvnw.net/previews-ttv/live_user_ruidayo030-{width}x{height}.jpg
887b37336c9c4730809ace8b5e38df17,live,《Drop🎁訂閱獲得徽章》等了N年🔥終於來了 ᖰ⌯‘▾’⌯ᖳ｜🦋訂閱新貼圖❤桌布‿✦ !MP !魔法工坊 !魔儲,2025-09-05T22:57:59Z,https://www.twitch.tv/isyourlulu,https://static-cdn.jtvnw.net/previews-ttv/live_user_isyourlulu-{width}x{height}.jpg
9ff652451cbd4ad098bf20dd9748ce12,live,看看會不會卡 | !臺規 掛台 !拉霸 | @ttvsusuqwq,2025-09-05T23:22:02Z,https://www.twitch.tv/ttvsusuqwq,https://static-cdn.jtvnw.net/previews-ttv/live_user_ttvsusuqwq-{width}x{height}.jpg
bf03fd8b5b55481590ea63338c5cdd20,live,9/ˇ5 加班 Day207 夏季 !週邊 !DC / 訂閱送10分鐘加班 / 揪團每10人2分鐘 / @komorikuma_vtuber,2025-09-06T00:00:03Z,https://www.twitch.tv/komorikuma_vtuber,https://static-cdn.jtvnw.net/previews-ttv/live_user_komorikuma_vtuber-{width}x{height}.jpg
47d591738d2449a496e7ce140b539662,live,【LOL】還債還債｜!簽 可以簽到｜忠誠點數可抽轉盤 歡迎掛台｜夏日募資活動開跑,2025-09-06T00:00:09Z,https://www.twitch.tv/geli0725,https://static-cdn.jtvnw.net/previews-ttv/live_user_geli0725-{width}x{height}.jpg
e949052e4ee24ecd8b352a68f6bf51e1,live,【卡俄斯】加班D1吃個早餐等下直接絲起來 ┇0906┇ !dc !加班 !指令┇@chaosshermes_st┇自主訂閱+++ฅ՞•ﻌ•՞ฅ,2025-09-06T00:01:07Z,https://www.twitch.tv/chaosshermes_st,https://static-cdn.jtvnw.net/previews-ttv/live_user_chaosshermes_st-{width}x{height}.jpg
7a88afc5eb644d76b35ed4ca968259bb,live,【 吧噗 🍦】 09/06 💤 小玩,2025-09-06T00:03:05Z,https://www.twitch.tv/babu_desu,https://static-cdn.jtvnw.net/previews-ttv/live_user_babu_desu-{width}x{height}.jpg