V5##VTuber ID,YouTube Subscriber Count,YouTube View Count,YouTube Recent Total Median View Count,YouTube Recent Total Popularity,YouTube Recent Total Highest View Count,YouTube Recent Total Highest Viewed URL,YouTube Recent Livestream Median View Count,YouTube Recent Livestream Popularity,YouTube Recent Livestream Highest View Count,YouTube Recent Livestream Highest Viewed URL,YouTube Recent Video Median View Count,YouTube Recent Video Popularity,YouTube Recent Video Highest View Count,YouTube Recent Video Highest Viewed URL,Twitch Follower Count,Twitch Recent Median View Count,Twitch Recent Popularity,Twitch Recent Highest View Count,Twitch Recent Highest Viewed URL
1c5619a4ece046dd8ba68ed343489ca3,477000,84043546,4515,2750,36259,https://www.youtube.com/watch?v=pWtZqZNj5pE,3802,297,4617,https://www.youtube.com/watch?v=lYPNhy8nkdc,12024,5853,36259,https://www.youtube.com/watch?v=pWtZqZNj5pE,31036,0,0,0,
f6a4e7aa8d0c4e5cb39d199845ec4d02,431000,42569952,10218,5965,40848,https://www.youtube.com/watch?v=9vf73hHa9CU,8863,5498,15528,https://www.youtube.com/watch?v=ao89t--tChE,11157,6104,40848,https://www.youtube.com/watch?v=9vf73hHa9CU,60664,4929,3110,10005,https://www.twitch.tv/videos/1904632401
664e1b310cf343b78623f99b31e40fae,397000,56322820,12320,7710,20841,https://www.youtube.com/watch?v=P8SWLXoU7fY,4000,3375,4000,https://www.youtube.com/watch?v=J57yscSC9Tg,13423,8971,20841,https://www.youtube.com/watch?v=P8SWLXoU7fY,16270,0,0,0,
5535c9524eb046c38e172ebfa06b302f,298000,64179873,18479,7739,135373,https://www.youtube.com/watch?v=VaFP0tGiRnk,20791,8997,135373,https://www.youtube.com/watch?v=VaFP0tGiRnk,16617,7157,99407,https://www.youtube.com/watch?v=B2J6HoJMRrg,58414,4409,1118,13625,https://www.twitch.tv/videos/1903744827
4b6b055ada4d4f0ab63b7ad02a3fa3ef,218000,14593559,4572,2399,25815,https://www.youtube.com/watch?v=yNYkTmUnqrY,3985,2401,25815,https://www.youtube.com/watch?v=yNYkTmUnqrY,5570,1814,11132,https://www.youtube.com/watch?v=ahY6HBI9u9o,51476,1271,733,1271,https://www.twitch.tv/videos/1908186185
a9f6574e98f34b20a05269134930fb50,213000,6665629,17245,11045,20121,https://www.youtube.com/watch?v=WQ6kBQZ4NaE,17245,11045,20121,https://www.youtube.com/watch?v=WQ6kBQZ4NaE,0,0,0,,0,0,0,0,
7c06b9e316ce4ac18ce836cd72442bbe,182000,28926090,9843,3651,53908,https://www.youtube.com/watch?v=mHTUNcEcYSo,9843,3759,47279,https://www.youtube.com/watch?v=1SHgAH-NR-8,10425,3029,53908,https://www.youtube.com/watch?v=mHTUNcEcYSo,43401,6689,3269,7857,https://www.twitch.tv/videos/1913403077
abd64c9a64e04fb1b23faa2480c1c106,165000,55107762,12334,5123,368493,https://www.youtube.com/watch?v=KP2tQLMiApw,7155,3972,51851,https://www.youtube.com/watch?v=disb6bQSfYo,23816,7048,368493,https://www.youtube.com/watch?v=KP2tQLMiApw,1356,48,29,52,https://www.twitch.tv/videos/1909079976
312fdd3c5e6d4aefa73fd3860ecc5613,160000,12450662,19974,9867,55790,https://www.youtube.com/watch?v=u1LUc4v-PGM,20033,8762,29297,https://www.youtube.com/watch?v=oiyKdlMUzL8,19916,15040,55790,https://www.youtube.com/watch?v=u1LUc4v-PGM,0,0,0,0,
21428cae24af4607bffe25cb2746daa6,158000,0,0,0,0,,0,0,0,,0,0,0,,0,0,0,0,
e93bd1102e214cbaa71cc5b2e4a53595,124000,11945582,21655,10024,49127,https://www.youtube.com/watch?v=74HiIOJRWdA,21897,8659,31524,https://www.youtube.com/watch?v=c6_DS9DVN-0,21655,10590,49127,https://www.youtube.com/watch?v=74HiIOJRWdA,36787,17106,11350,22437,https://www.twitch.tv/videos/1908117650
265a18972d244affae35711cfd1f9931,124000,9648719,5614,2709,69035,https://www.youtube.com/watch?v=RuX_Y3TqLnA,5614,2796,69035,https://www.youtube.com/watch?v=RuX_Y3TqLnA,5310,2535,12856,https://www.youtube.com/watch?v=gmxGXt1RBE8,0,0,0,0,
c04f006e69e04000a68cd0c41f888eb2,120000,6414412,28039,15498,77485,https://www.youtube.com/watch?v=uJVRuG-D-Us,28039,15961,77485,https://www.youtube.com/watch?v=uJVRuG-D-Us,35719,15144,45077,https://www.youtube.com/watch?v=F67IRH0WeXE,0,0,0,0,
c82ab1b4f8f64d1f84cae4ce09aa0dea,113000,9934857,11308,4692,107236,https://www.youtube.com/watch?v=ud3VgmX_1M8,12639,3812,33461,https://www.youtube.com/watch?v=AKuqcjA8paE,7537,5572,107236,https://www.youtube.com/watch?v=ud3VgmX_1M8,25293,10247,4907,16452,https://www.twitch.tv/videos/1916823273
bafb134fd2f849898d6242d1f5f683cc,112000,10020075,9185,3167,33825,https://www.youtube.com/watch?v=z4reG5Zv70I,8524,2690,14008,https://www.youtube.com/watch?v=jSIm6T6ZcPg,13424,5442,33825,https://www.youtube.com/watch?v=z4reG5Zv70I,0,0,0,0,
ab4f892ca62e4043b6287bdfe50b145d,112000,16848199,959,245,1508,https://www.youtube.com/watch?v=0GPtgDGly_E,959,245,1508,https://www.youtube.com/watch?v=0GPtgDGly_E,0,0,0,,1326,0,0,0,
f110fd69b66941bab04de9ada563c6ac,102000,7176964,6149,3407,16274,https://www.youtube.com/watch?v=DQPJDEQusUo,7169,3471,16274,https://www.youtube.com/watch?v=DQPJDEQusUo,5772,3357,8080,https://www.youtube.com/watch?v=M3RBbqAr4Lg,4653,0,0,0,
b126053a1356460ebf85a874a6a55aca,102000,29880155,3693,1825,5599,https://www.youtube.com/watch?v=Wv6igEplJHk,3693,1825,5599,https://www.youtube.com/watch?v=Wv6igEplJHk,0,0,0,,0,0,0,0,
a3ce195c0069494c99849d0b1a10a7fd,100000,7846117,4702,2662,40413,https://www.youtube.com/watch?v=mLSnYgAaThg,3841,2581,40413,https://www.youtube.com/watch?v=mLSnYgAaThg,6739,3215,12051,https://www.youtube.com/watch?v=x82PRQdAXk4,0,0,0,0,
494d2c5daf9f4a8a8e4538687e6be14c,98900,3925701,6152,2525,14974,https://www.youtube.com/watch?v=2aYOXHY5eOw,6152,2608,11996,https://www.youtube.com/watch?v=urvl_Kq9pO0,5889,2503,14974,https://www.youtube.com/watch?v=2aYOXHY5eOw,0,0,0,0,
f1b5f88144e14bd188e17b2f98303713,87800,4029393,8291,3706,14859,https://www.youtube.com/watch?v=l6bcfAh-wHY,7354,2882,10145,https://www.youtube.com/watch?v=eQ6mvDfNGYI,14859,11956,14859,https://www.youtube.com/watch?v=l6bcfAh-wHY,0,0,0,0,
04d2ff1dde6b4bb68503a734274f4b7e,84500,4000633,4925,2671,31794,https://www.youtube.com/watch?v=SEdJoQdXLtk,4925,2686,31794,https://www.youtube.com/watch?v=SEdJoQdXLtk,4935,1475,21178,https://www.youtube.com/watch?v=R01MXzvDWRQ,0,0,0,0,
98e3a5838fec4a6caa936ae35485de23,82700,4403080,3623,1832,12409,https://www.youtube.com/watch?v=OkbPJNBPRYk,3623,1612,8527,https://www.youtube.com/watch?v=gwlG_xTZYYg,7327,1832,12409,https://www.youtube.com/watch?v=OkbPJNBPRYk,0,0,0,0,
01f26342ae4e419280bcfd6ec6e86db1,80600,5354703,0,0,0,,0,0,0,,0,0,0,,4776,0,0,0,
b4a1791208fd4d85b7b08ee2bad0c236,78300,4040962,9619,4430,44050,https://www.youtube.com/watch?v=ANvFGK3xmdA,8786,3321,10108,https://www.youtube.com/watch?v=ToD73y80ZPM,25279,11924,44050,https://www.youtube.com/watch?v=ANvFGK3xmdA,0,0,0,0,
e78cffa246c24a1c88031151cad8c385,73900,3502874,10615,3320,591841,https://www.youtube.com/watch?v=Xw-ecnRv0P8,6717,1284,10615,https://www.youtube.com/watch?v=_69_kqjZxUA,181393,44581,591841,https://www.youtube.com/watch?v=Xw-ecnRv0P8,1302,0,0,0,
58abad4aa8de49efb785367503dfd92c,72700,5430258,30202,12847,89644,https://www.youtube.com/watch?v=rnNJoqarRMQ,30202,12847,89644,https://www.youtube.com/watch?v=rnNJoqarRMQ,0,0,0,,0,0,0,0,
0bf0ec441dc6489583f7218e02ab6a89,67900,7518331,1845,889,6126,https://www.youtube.com/watch?v=X28EFeRKSCY,1845,889,6126,https://www.youtube.com/watch?v=X28EFeRKSCY,0,0,0,,2195,0,0,0,
a9b855767b2d432c9f263e3427ff33a6,67400,4673239,5551,3127,17444,https://www.youtube.com/watch?v=_f789RvMquo,5214,2935,10887,https://www.youtube.com/watch?v=pTYfzEVFOh8,9670,4777,17444,https://www.youtube.com/watch?v=_f789RvMquo,0,0,0,0,
e113ace92bbe445385bcc4635a9ca570,66500,4320525,0,0,0,,0,0,0,,0,0,0,,0,0,0,0,
ea4c1a67c2e445ad8028768616ceb659,65100,5135053,4875,2130,16565,https://www.youtube.com/watch?v=cAua1nMAgCM,4997,2407,8873,https://www.youtube.com/watch?v=Q53I1Kut-wI,4153,1945,16565,https://www.youtube.com/watch?v=cAua1nMAgCM,0,0,0,0,
8a4988902b5640e6ae1829285307c636,63600,4314430,0,0,0,,0,0,0,,0,0,0,,0,0,0,0,
9cec24b011ee45648eb404066c997f49,62900,5192291,5956,2926,15608,https://www.youtube.com/watch?v=cwiCMNpewD8,6481,3652,15608,https://www.youtube.com/watch?v=cwiCMNpewD8,2874,1127,12644,https://www.youtube.com/watch?v=pK9PpkG0mS8,0,0,0,0,
2e01ec6b25684995ab109ac0f74f1456,60700,18819042,0,0,0,,0,0,0,,0,0,0,,47370,221,203,257,https://www.twitch.tv/videos/1907258333
fa5a7cdc259543259af42bb23f1e4041,60400,4431489,12967,7294,48001,https://www.youtube.com/watch?v=YGs6V0eHaGA,11564,5692,15908,https://www.youtube.com/watch?v=Q2Tcxece9fE,24095,9346,48001,https://www.youtube.com/watch?v=YGs6V0eHaGA,0,0,0,0,
4b6655120fbd4431a8f7894cac4a4d49,60100,5004524,1482,895,21556,https://www.youtube.com/watch?v=iJ_B0NPzI8M,1482,895,21556,https://www.youtube.com/watch?v=iJ_B0NPzI8M,0,0,0,,0,0,0,0,
ec65566d949944ffb1e2723f97ded6e0,59000,3386614,9092,5661,37531,https://www.youtube.com/watch?v=Sxf1RNdAugM,8705,5644,35037,https://www.youtube.com/watch?v=LYdADeb-CTw,31813,17963,37531,https://www.youtube.com/watch?v=Sxf1RNdAugM,0,0,0,0,
66c812bb04844241af1d1c7539b5e251,58900,37716355,296,140,12925,https://www.youtube.com/watch?v=uU-S9iJF4CA,244,110,753,https://www.youtube.com/watch?v=9Mb-bgZzko0,1782,341,12925,https://www.youtube.com/watch?v=uU-S9iJF4CA,1038,63,36,151,https://www.twitch.tv/videos/1915818894
1323f1b775bf43659f8b8ec2899522cd,58700,2092242,7414,3022,20943,https://www.youtube.com/watch?v=a2I323s0nLk,7414,3022,16057,https://www.youtube.com/watch?v=3Wm5Ay4hbjA,11459,7836,20943,https://www.youtube.com/watch?v=a2I323s0nLk,0,0,0,0,
512b64ec20174d018540516e9edf2b2f,55800,5513325,834,166,1197,https://www.youtube.com/watch?v=qBEpxaXTqRA,797,124,1197,https://www.youtube.com/watch?v=qBEpxaXTqRA,967,260,967,https://www.youtube.com/watch?v=20diuiKuBz8,1079,0,0,0,
c65e7caaf81a43249d5132b9fe312b24,52400,2271552,3071,1907,5336,https://www.youtube.com/watch?v=6w1SKdaqAWk,3252,2051,5336,https://www.youtube.com/watch?v=6w1SKdaqAWk,2958,1066,3185,https://www.youtube.com/watch?v=Ar8zlsSNS0g,6791,872,691,872,https://www.twitch.tv/videos/1913941274
5c4241def363418d9b7167d8369d0350,51200,2270662,1197,190,4439,https://www.youtube.com/watch?v=4Zd1XD2K_jk,4439,1511,4439,https://www.youtube.com/watch?v=4Zd1XD2K_jk,1158,151,3077,https://www.youtube.com/watch?v=PYHDEH_DpRs,43,0,0,0,
a02bb0332f5942ec892c932d6a089014,50700,4792629,0,0,0,,0,0,0,,0,0,0,,0,0,0,0,
9d9c6477329245cbb2557895f4f15686,47000,2349686,11456,7975,82967,https://www.youtube.com/watch?v=DSZvLPmbmNI,71224,21746,71224,https://www.youtube.com/watch?v=YxN6hFXbbhU,11155,7289,82967,https://www.youtube.com/watch?v=DSZvLPmbmNI,106691,31762,11728,105318,https://www.twitch.tv/videos/1913198016
a8ce4642418b4fe8ba1471a32097f4c4,47000,2081387,2361,1024,4865,https://www.youtube.com/watch?v=_gNlGqcgPS0,2361,1024,4865,https://www.youtube.com/watch?v=_gNlGqcgPS0,2257,1827,3894,https://www.youtube.com/watch?v=Wj3KRmtIMfE,0,0,0,0,
c41044006a014ed28107f33221a7de98,45800,3602850,2035,1441,4950,https://www.youtube.com/watch?v=Y22rj0BOuIo,2123,1445,4950,https://www.youtube.com/watch?v=Y22rj0BOuIo,1506,506,1506,https://www.youtube.com/watch?v=fc2TDYXDgRw,4790,833,567,897,https://www.twitch.tv/videos/1908077103
2741a90689f342548daad7f760b0a8f7,44100,2381651,4700,3977,20414,https://www.youtube.com/watch?v=PvDOqJHppgM,4200,3739,5337,https://www.youtube.com/watch?v=JOqUTLI_1qU,4974,3977,20414,https://www.youtube.com/watch?v=PvDOqJHppgM,762,0,0,0,
dee8efe8990e458c915e4f6a6a16b49f,44100,4187459,1161,474,1896,https://www.youtube.com/watch?v=VFcnLp1oVMY,1147,440,1723,https://www.youtube.com/watch?v=TafbLcm6r-8,1722,927,1896,https://www.youtube.com/watch?v=VFcnLp1oVMY,3063,202,145,317,https://www.twitch.tv/videos/1908868152
22ca620b93c94e5cb48175bbecf8d3af,43300,4207101,2042,507,8587,https://www.youtube.com/watch?v=OQeGyUMuxSk,2099,728,3015,https://www.youtube.com/watch?v=4BSHs5iu5g4,1985,200,8587,https://www.youtube.com/watch?v=OQeGyUMuxSk,0,0,0,0,
7ead9e2cac544a7cb00444ef6b4698d1,42600,2138194,5086,2170,8899,https://www.youtube.com/watch?v=H_tVcltvsJA,5086,2184,8899,https://www.youtube.com/watch?v=H_tVcltvsJA,5304,1285,7370,https://www.youtube.com/watch?v=ZhhgpYS_Txo,0,0,0,0,
d837e8fda137492c9d77882b98ff863a,42100,3796479,8285,3150,56300,https://www.youtube.com/watch?v=QAT1KcUVrjA,3531,1799,8285,https://www.youtube.com/watch?v=-Gi_HoZMBFQ,28301,11556,56300,https://www.youtube.com/watch?v=QAT1KcUVrjA,0,0,0,0,
17c335762a694402b8cb9a96b2865572,39100,2022407,2676,786,25053,https://www.youtube.com/watch?v=Vtt10YjFk1E,3191,884,25053,https://www.youtube.com/watch?v=Vtt10YjFk1E,1094,427,3185,https://www.youtube.com/watch?v=h7jWoex8K7o,0,0,0,0,
658e63bebdca421ca934b0bf6aa2bcd8,38700,2444895,3783,1562,14529,https://www.youtube.com/watch?v=MW2g7a1eOxU,3931,1830,14529,https://www.youtube.com/watch?v=MW2g7a1eOxU,1567,838,1741,https://www.youtube.com/watch?v=5T6hs_G8-2Q,8379,0,0,0,
1ccdbe5d48934f4cbabc86512dd1d357,38200,1356258,7871,3806,92681,https://www.youtube.com/watch?v=MFkAZDW4KpM,7780,3362,14520,https://www.youtube.com/watch?v=hHAFkdaMcEw,14526,5332,92681,https://www.youtube.com/watch?v=MFkAZDW4KpM,0,0,0,0,
f5ff982730f54cd4826ff0530a4288c2,36900,1838315,4337,2259,9664,https://www.youtube.com/watch?v=X_ZrqDUNx8s,5304,1656,9664,https://www.youtube.com/watch?v=X_ZrqDUNx8s,4259,2312,7710,https://www.youtube.com/watch?v=CY8797SlspY,0,0,0,0,
2694a505a0e0441bb99b49e8ce1f7473,36700,1401748,2845,1356,6237,https://www.youtube.com/watch?v=frYAG_7467M,2786,1348,6237,https://www.youtube.com/watch?v=frYAG_7467M,3406,2373,3967,https://www.youtube.com/watch?v=suexceaZMsE,0,0,0,0,
ba59bb31bbcd4cf3a481c4cf72918fb0,36300,3519048,2983,1911,29432,https://www.youtube.com/watch?v=oqf364fKxNQ,3214,1417,5224,https://www.youtube.com/watch?v=57SKZpGPiT0,2528,2208,29432,https://www.youtube.com/watch?v=oqf364fKxNQ,0,0,0,0,
d797701ab1564b62906f91a341134a9e,35700,1908216,1319,475,6167,https://www.youtube.com/watch?v=PfCRJAQoR7U,1669,548,5704,https://www.youtube.com/watch?v=wTN2fYNqNGk,1058,404,6167,https://www.youtube.com/watch?v=PfCRJAQoR7U,2481,0,0,0,
6fb8c6dea7404638a9d78d4b0d84f64c,35400,2679340,1722,673,5508,https://www.youtube.com/watch?v=hyK5Xe-gMkY,1820,915,5508,https://www.youtube.com/watch?v=hyK5Xe-gMkY,673,428,3219,https://www.youtube.com/watch?v=oXcwXP6cJNE,0,0,0,0,
3f4650e05ceb41008bd16869780b7af1,35000,6311781,17157,10726,44766,https://www.youtube.com/watch?v=wA64nx4NCtg,6136,2293,15015,https://www.youtube.com/watch?v=1Jv4QjYhtds,21491,18076,44766,https://www.youtube.com/watch?v=wA64nx4NCtg,0,0,0,0,
5c7beefaa54444e3b0443d7abd93c1f7,34200,3192865,2015,227,4911,https://www.youtube.com/watch?v=R-6j8t5zi0U,2015,227,4911,https://www.youtube.com/watch?v=R-6j8t5zi0U,0,0,0,,3166,0,0,0,
be6c475c291d45a0a7349abdb70be20d,34100,9489618,429,158,3552,https://www.youtube.com/watch?v=_egkUfz4LIk,429,158,3552,https://www.youtube.com/watch?v=_egkUfz4LIk,0,0,0,,0,0,0,0,
1cfadb0d2e154a258c3177ff8264336f,33600,2117262,3463,2145,8369,https://www.youtube.com/watch?v=PYFIBuJTDRM,3097,1616,8369,https://www.youtube.com/watch?v=PYFIBuJTDRM,6731,5045,8259,https://www.youtube.com/watch?v=EGK-lJ-0RI8,0,0,0,0,
b08047f2566246ac995e03a5db727cfe,33500,1611891,415,241,1041,https://www.youtube.com/watch?v=lg-tvswhPLI,401,238,1041,https://www.youtube.com/watch?v=lg-tvswhPLI,579,293,590,https://www.youtube.com/watch?v=cf_sMhPjBkg,6380,317,260,650,https://www.twitch.tv/videos/1910785328
cd42e06c40534d9eac7e30a434e47d43,33500,994895,2892,1730,10752,https://www.youtube.com/watch?v=mWXqYBgvHDs,2461,945,10752,https://www.youtube.com/watch?v=mWXqYBgvHDs,5476,2608,8486,https://www.youtube.com/watch?v=jtdWFSfr__Q,1843,0,0,0,
1b63d89e0b1a4b579de6d99e25eaff8f,33000,2490868,3331,1432,11729,https://www.youtube.com/watch?v=t12S9rSUjhg,3028,1405,9656,https://www.youtube.com/watch?v=zSGsI_qisgY,3972,1459,11729,https://www.youtube.com/watch?v=t12S9rSUjhg,4020,0,0,0,
f18407d79b4b43ffa6adf629d1723a8f,32900,1275,0,0,0,,0,0,0,,0,0,0,,0,0,0,0,
bc0b8c437eda4361b2a10003013f49cf,32600,213657,124,41,144,https://www.youtube.com/watch?v=EXV89u1X1d8,124,41,144,https://www.youtube.com/watch?v=EXV89u1X1d8,0,0,0,,0,0,0,0,
e73551cd98ec47388899522353fc89e3,32100,2096339,234,117,453,https://www.youtube.com/watch?v=QhAxaDy6glA,234,117,453,https://www.youtube.com/watch?v=QhAxaDy6glA,0,0,0,,523,162,139,203,https://www.twitch.tv/videos/1918438221
521fb650b9534787b19c8762957fb5d2,31800,0,0,0,0,,0,0,0,,0,0,0,,0,0,0,0,
d81d1032a43642eca36e82ba9a3c39c5,30300,1210821,0,0,0,,0,0,0,,0,0,0,,10169,850,604,956,https://www.twitch.tv/videos/1909029973
20f0e269ce554a00920de0444bc22aaf,30100,2643825,1812,913,4929,https://www.youtube.com/watch?v=Zyk6dhTvnQc,1012,521,2349,https://www.youtube.com/watch?v=JAoeyOHzvD4,2552,1117,4929,https://www.youtube.com/watch?v=Zyk6dhTvnQc,0,0,0,0,
30114f720b104e7f89d9dc0399a00dd4,29900,36043,0,0,0,,0,0,0,,0,0,0,,0,0,0,0,
95de1fe6727944e68404aec425d09170,29800,0,0,0,0,,0,0,0,,0,0,0,,3812,0,0,0,
6c88799c6f45407faf0f9ea007b0dcab,29400,1270216,1736,832,2827,https://www.youtube.com/watch?v=V17r1xqA_Z0,1736,832,2827,https://www.youtube.com/watch?v=V17r1xqA_Z0,0,0,0,,0,0,0,0,
84a911e2b05f4919a32e0c1618e32a7d,28300,536352,423,236,1380,https://www.youtube.com/watch?v=F6oNVxRrigk,423,236,1380,https://www.youtube.com/watch?v=F6oNVxRrigk,0,0,0,,0,0,0,0,
2ce2f9977d4a4dc0844e518369e11e6b,28100,1866699,1324,713,1946,https://www.youtube.com/watch?v=xXHZJfjt3sA,1403,718,1946,https://www.youtube.com/watch?v=xXHZJfjt3sA,781,132,781,https://www.youtube.com/watch?v=kIGqIrctVTg,0,0,0,0,
3afa3d15ff4a40de9b0950fa81a9ffc7,28000,102377,308,168,739,https://www.youtube.com/watch?v=0gA1WCr2u94,308,168,739,https://www.youtube.com/watch?v=0gA1WCr2u94,0,0,0,,2766,0,0,0,
49bb221fc77f440cae0c007a73f99aab,27800,836512,3361,762,4472,https://www.youtube.com/watch?v=18GebSklUTc,0,0,0,,3361,762,4472,https://www.youtube.com/watch?v=18GebSklUTc,24053,10405,7368,10405,https://www.twitch.tv/videos/1911638435
de0e98c9266449b7874a942cbbb63a0d,26800,1723175,0,0,0,,0,0,0,,0,0,0,,3404,0,0,0,
2760c9a44c20464d8e140e6367ed1cdf,26700,1033002,2221,1009,10308,https://www.youtube.com/watch?v=HOsyw5DC-_k,2266,1008,10308,https://www.youtube.com/watch?v=HOsyw5DC-_k,1767,1596,4253,https://www.youtube.com/watch?v=apzY_sCKBj4,0,0,0,0,
d1dd83b6e8a24df4b61f766cff45113c,26600,14322091,1174,422,3995,https://www.youtube.com/watch?v=nbo-QKyw-Ac,664,257,1879,https://www.youtube.com/watch?v=dQaRu_DL544,1636,1062,3995,https://www.youtube.com/watch?v=nbo-QKyw-Ac,0,0,0,0,
5f12df329c6144e1a6c596f4fbcb9e81,26300,562507,2684,1344,5438,https://www.youtube.com/watch?v=zrvc6X1v2-Y,2684,1344,5438,https://www.youtube.com/watch?v=zrvc6X1v2-Y,2821,1264,5147,https://www.youtube.com/watch?v=V4wvs3YI7Dc,0,0,0,0,
ce2a2c07a74640fc8d3b39d022b16dd9,25600,1008650,1553,862,11049,https://www.youtube.com/watch?v=fikBg6lT1bY,1461,623,3891,https://www.youtube.com/watch?v=l2qmzv9hSTA,1553,891,11049,https://www.youtube.com/watch?v=fikBg6lT1bY,0,0,0,0,
c5fe413a473d4638b53fb3f9019aabbe,25500,958921,2694,871,7427,https://www.youtube.com/watch?v=4WQ8zeLFBq0,7427,2963,7427,https://www.youtube.com/watch?v=4WQ8zeLFBq0,2188,718,2795,https://www.youtube.com/watch?v=zgZlHpKaqQc,0,0,0,0,
64c779f8cc214e7a9b570c7b3fc128cc,24900,822723,3745,1928,6521,https://www.youtube.com/watch?v=DwJ5akr5b3A,3464,1738,6281,https://www.youtube.com/watch?v=hFqLYuFAMiA,5633,3218,6521,https://www.youtube.com/watch?v=DwJ5akr5b3A,0,0,0,0,
22c8ee785f7446e5978bab336fda92cb,24700,621935,882,559,2073,https://www.youtube.com/watch?v=I_qBxx5Z9Gc,934,569,2073,https://www.youtube.com/watch?v=I_qBxx5Z9Gc,801,1,801,https://www.youtube.com/watch?v=eWof6Afm94U,0,0,0,0,
7081557634db487fa467b0bd2f939f66,24600,806522,0,0,0,,0,0,0,,0,0,0,,0,0,0,0,
222a91c2efbe47628911ee0b2413ae3e,24600,1750951,33,17,76,https://www.youtube.com/watch?v=PQ8Kw61zB9I,0,0,0,,33,17,76,https://www.youtube.com/watch?v=PQ8Kw61zB9I,2318,148,127,237,https://www.twitch.tv/videos/1915853718
bed13deb3871443980e131a466519b54,24000,1459278,1321,486,3851,https://www.youtube.com/watch?v=_3f6sxnep5E,1464,696,3851,https://www.youtube.com/watch?v=_3f6sxnep5E,542,236,1526,https://www.youtube.com/watch?v=eXOnSAsQWUA,0,0,0,0,
d6c4708f6eb94ac6ad7668363b132248,23900,1856014,300,129,796,https://www.youtube.com/watch?v=7bHdCSL2_0o,348,151,796,https://www.youtube.com/watch?v=7bHdCSL2_0o,224,49,257,https://www.youtube.com/watch?v=IiWvyO49Xwc,0,0,0,0,
6c872a4043b84e4493877a42af684d1d,23600,1080827,4937,1793,24142,https://www.youtube.com/watch?v=53yQnERy1-M,3654,1001,8219,https://www.youtube.com/watch?v=7Ay4Lzr0g9U,7016,3040,24142,https://www.youtube.com/watch?v=53yQnERy1-M,0,0,0,0,
fd6a0236861940389e15ef85b16c6069,23500,293955,4237,1005,15924,https://www.youtube.com/watch?v=2bFemdkytbo,0,0,0,,4237,1005,15924,https://www.youtube.com/watch?v=2bFemdkytbo,94255,41398,16236,77887,https://www.twitch.tv/videos/1909026747
3be86a2a9cb447f393d235132e157789,23100,1351524,1887,961,3226,https://www.youtube.com/watch?v=4DQUT6LkzFU,1887,961,3226,https://www.youtube.com/watch?v=4DQUT6LkzFU,0,0,0,,0,0,0,0,
f7c48554816643cdb8d343e6e9e6d313,22900,1121269,1296,816,12020,https://www.youtube.com/watch?v=jhKpIHMTJlg,1296,788,12020,https://www.youtube.com/watch?v=jhKpIHMTJlg,2234,1255,3394,https://www.youtube.com/watch?v=JfAuFKRlyvE,5003,0,0,0,
7c00b7dc73a240dc84d68be389732a0c,22600,895994,610,321,1242,https://www.youtube.com/watch?v=DJ3mc1384iI,651,325,1242,https://www.youtube.com/watch?v=DJ3mc1384iI,520,293,520,https://www.youtube.com/watch?v=Y69bt2oceHU,0,0,0,0,
0641a9c8b9a94994aaa33e0c86fef75b,22500,1620304,5940,2501,91749,https://www.youtube.com/watch?v=XZQ9UgJqZ0A,2114,925,5270,https://www.youtube.com/watch?v=-MlD9S4_zc8,28644,7376,91749,https://www.youtube.com/watch?v=XZQ9UgJqZ0A,1523,0,0,0,
b42416c629e64c948f75aff4ff5c9a8a,22100,655884,1122,565,2531,https://www.youtube.com/watch?v=kAI5CSXL66A,930,333,1122,https://www.youtube.com/watch?v=s6r_3riyE54,1607,623,2531,https://www.youtube.com/watch?v=kAI5CSXL66A,0,0,0,0,
ffc3304b633b45ceab7cc58fb8208989,22000,591324,0,0,0,,0,0,0,,0,0,0,,0,0,0,0,
62e5d9c4ad1e4d7a9fb61fe531c4b940,21900,494488,2893,1169,27535,https://www.youtube.com/watch?v=tq2vvR66NXE,2422,1136,10919,https://www.youtube.com/watch?v=gROGtl6WdxM,5737,1933,27535,https://www.youtube.com/watch?v=tq2vvR66NXE,0,0,0,0,
7a88afc5eb644d76b35ed4ca968259bb,21800,1410051,5896,3020,9401,https://www.youtube.com/watch?v=CG6LFHQmtsI,5798,2004,9401,https://www.youtube.com/watch?v=CG6LFHQmtsI,5994,4037,5994,https://www.youtube.com/watch?v=AOol4sP1kwU,10787,702,370,712,https://www.twitch.tv/videos/1908264936
60716febdfe949248e8f67d85634bec5,21600,7879919,0,0,0,,0,0,0,,0,0,0,,0,0,0,0,
626750f4e7a745619c171c44fb1efcc0,20800,1883065,587,285,7960,https://www.youtube.com/watch?v=HmCS6jG9Abw,600,284,3574,https://www.youtube.com/watch?v=h3R1jArXaYE,587,285,7960,https://www.youtube.com/watch?v=HmCS6jG9Abw,5042,136,101,385,https://www.twitch.tv/videos/1910708448
67d6807619064938a78832b4106de5c0,19900,762334,779,310,1618,https://www.youtube.com/watch?v=woVQmerFuf0,471,237,624,https://www.youtube.com/watch?v=bkgDk7eVyxQ,1302,425,1618,https://www.youtube.com/watch?v=woVQmerFuf0,2071,208,143,445,https://www.twitch.tv/videos/1915035137
0825b7bbb6134dbc98a132cc1782fb1f,19700,474866,1109,487,2797,https://www.youtube.com/watch?v=y9WN56P1Z7A,1122,493,2797,https://www.youtube.com/watch?v=y9WN56P1Z7A,557,448,557,https://www.youtube.com/watch?v=xv-Xo9hy_Hs,0,0,0,0,
31f17632340f4e7fbd0ced07193dd81b,19500,525629,1535,630,4517,https://www.youtube.com/watch?v=km1a5J64z0g,1535,578,4517,https://www.youtube.com/watch?v=km1a5J64z0g,1718,1041,3379,https://www.youtube.com/watch?v=r8-mQdk7W70,0,0,0,0,
951dd0b605d04163b38de18262e9a438,19100,413803,710,381,1585,https://www.youtube.com/watch?v=6HqahdNCFuk,710,381,1585,https://www.youtube.com/watch?v=6HqahdNCFuk,0,0,0,,619,0,0,0,
8267ea37c12a471a8a038f501832e099,18700,796393,514,202,2155,https://www.youtube.com/watch?v=TNUqL--kEYA,538,226,983,https://www.youtube.com/watch?v=JbGFKTJSFCw,507,188,2155,https://www.youtube.com/watch?v=TNUqL--kEYA,0,0,0,0,
8bf35c3b9a9e461d825a9170555b71c2,18300,120082,8486,3885,39647,https://www.youtube.com/watch?v=WjejBVfTZlc,0,0,0,,8486,3885,39647,https://www.youtube.com/watch?v=WjejBVfTZlc,462,0,0,0,
42c4b7c9bf6340029530d3c8f47753ea,18100,14885,8775,8311,8775,https://www.youtube.com/watch?v=bywickgm218,8775,8311,8775,https://www.youtube.com/watch?v=bywickgm218,0,0,0,,0,0,0,0,
e350c8b7e41045419ee1ac73bc78921b,18100,838368,1404,722,8004,https://www.youtube.com/watch?v=37OOiPzGRKA,1431,733,8004,https://www.youtube.com/watch?v=37OOiPzGRKA,1204,685,6538,https://www.youtube.com/watch?v=1JTUI9TQva4,0,0,0,0,
2a28e77671ae43d7bccec54e7e956dd9,18100,878435,531,248,756,https://www.youtube.com/watch?v=NK_C9Ijs73k,531,248,756,https://www.youtube.com/watch?v=NK_C9Ijs73k,0,0,0,,0,0,0,0,
5ba11a0bf35147d499259ad5608a7de1,18000,691904,670,294,1796,https://www.youtube.com/watch?v=wc_UInirxRs,662,352,1796,https://www.youtube.com/watch?v=wc_UInirxRs,684,218,1014,https://www.youtube.com/watch?v=I2cEt9eVgIU,3328,0,0,0,
575d15d21f7240e1ad72935bf7fa0465,18000,569898,1161,457,3011,https://www.youtube.com/watch?v=2gtKZptR8g0,1037,450,3011,https://www.youtube.com/watch?v=2gtKZptR8g0,1567,1049,1567,https://www.youtube.com/watch?v=oulyVTirtNE,0,0,0,0,
2a310e9273014b12a0517d13d25697e1,17900,602162,697,249,4389,https://www.youtube.com/watch?v=G9x0i4tuWcg,719,358,4389,https://www.youtube.com/watch?v=G9x0i4tuWcg,407,121,879,https://www.youtube.com/watch?v=a_TrHKC2kn4,0,0,0,0,
3681a0b4e4bd48888473b1884f6ee420,17900,904888,1554,879,66358,https://www.youtube.com/watch?v=p_p0FDDs1bM,1274,748,2281,https://www.youtube.com/watch?v=x2zF5hRgs1w,9910,3993,66358,https://www.youtube.com/watch?v=p_p0FDDs1bM,0,0,0,0,
9e351b7cdabd45c49c64074bc7d947ce,17800,88268,0,0,0,,0,0,0,,0,0,0,,14126,0,0,0,
e7fd5d01e57c42658be2bf1e3ad5d696,17800,585281,1409,578,5972,https://www.youtube.com/watch?v=n8vNyjgkU70,1252,764,2048,https://www.youtube.com/watch?v=x5uR_571nX8,1417,285,5972,https://www.youtube.com/watch?v=n8vNyjgkU70,0,0,0,0,
0665fb3db61c43b5933f1de118625382,17500,1070901,0,0,0,,0,0,0,,0,0,0,,0,0,0,0,
b0fa9fc53f99425db4cca93d2d48a91f,17500,453375,499,202,4912,https://www.youtube.com/watch?v=nRykAFPJRPM,499,202,4009,https://www.youtube.com/watch?v=wWix4HaVBzQ,420,292,4912,https://www.youtube.com/watch?v=nRykAFPJRPM,0,0,0,0,
d1694c709e0f489fbd07fc9bc67c0a66,17200,523809,1161,598,2695,https://www.youtube.com/watch?v=k7q9rcsQn68,1267,643,2695,https://www.youtube.com/watch?v=k7q9rcsQn68,840,445,1692,https://www.youtube.com/watch?v=eE2BTfkTp_I,329,0,0,0,
549ccdec24884233bd675a2bab77cacf,17100,597699,1915,887,4945,https://www.youtube.com/watch?v=zEmbxYIt7TM,1768,787,3005,https://www.youtube.com/watch?v=AI4Tx73qDpY,3564,1646,4945,https://www.youtube.com/watch?v=zEmbxYIt7TM,0,0,0,0,
3dda133703f64b019d7eea0c5cb55335,17100,462612,2268,874,2675,https://www.youtube.com/watch?v=F_3nLA4GAb4,0,0,0,,2268,874,2675,https://www.youtube.com/watch?v=F_3nLA4GAb4,17206,4574,1060,7791,https://www.twitch.tv/videos/1906230822
f928118054aa4e11aa4ec88504d8b886,17000,479123,584,198,5676,https://www.youtube.com/watch?v=IGZxEhnRuiE,526,171,5676,https://www.youtube.com/watch?v=IGZxEhnRuiE,739,271,1300,https://www.youtube.com/watch?v=iBxAEBIcMkQ,0,0,0,0,
b63a5ee44acf4498827a3fd984ab23e0,16800,954153,567,309,567,https://www.youtube.com/watch?v=_2jXhObaaUw,567,309,567,https://www.youtube.com/watch?v=_2jXhObaaUw,0,0,0,,0,0,0,0,
3197e5649c65405cbbe6e5f1a44cf8e1,16500,633958,1147,535,4890,https://www.youtube.com/watch?v=YmomnTQG0L4,1165,441,4890,https://www.youtube.com/watch?v=YmomnTQG0L4,1036,935,1036,https://www.youtube.com/watch?v=Gou7lT1VAks,0,0,0,0,
4fc5a770272a43f1bb0a1d12aa3a9b46,16300,1025646,1279,438,7375,https://www.youtube.com/watch?v=BUTMjIm9OpU,579,242,716,https://www.youtube.com/watch?v=feo0fU_EUW8,4031,2110,7375,https://www.youtube.com/watch?v=BUTMjIm9OpU,0,0,0,0,
f7c8264349654390a5e39810dc012a38,16300,813514,397,193,1318,https://www.youtube.com/watch?v=OwGgsUOEnkI,415,193,1318,https://www.youtube.com/watch?v=OwGgsUOEnkI,306,224,407,https://www.youtube.com/watch?v=aTyLlLwLs3o,0,0,0,0,
fe569b0c059e406daf57eb2acd11cc21,16000,550574,1320,725,4838,https://www.youtube.com/watch?v=iuJf9Ifjj5E,887,461,2543,https://www.youtube.com/watch?v=rrby5FSlm00,1850,855,4838,https://www.youtube.com/watch?v=iuJf9Ifjj5E,0,0,0,0,
2be709cdd22f4a63a95504731ba79afd,15800,378182,1165,482,4145,https://www.youtube.com/watch?v=OuiQIqQSGu0,1165,482,2556,https://www.youtube.com/watch?v=fQMCso5EMfU,2319,1640,4145,https://www.youtube.com/watch?v=OuiQIqQSGu0,0,0,0,0,
d32bd28cd67b4e64a56b24f9a76dadcd,15700,796456,0,0,0,,0,0,0,,0,0,0,,320,0,0,0,
f4cc8258f66e4276871f213aeaf93fbb,15600,254932,0,0,0,,0,0,0,,0,0,0,,3502,0,0,0,
efe550a729e14dbab790a3f73205d8ed,15500,591429,571,283,913,https://www.youtube.com/watch?v=gBD-hoydmr0,573,283,913,https://www.youtube.com/watch?v=gBD-hoydmr0,542,339,571,https://www.youtube.com/watch?v=KWwQCAGCOHk,0,0,0,0,
c0c033c9c8014562b58a7124b6b22fb0,15400,205358,741,304,1203,https://www.youtube.com/watch?v=WcJzK8dHEBM,832,434,1203,https://www.youtube.com/watch?v=WcJzK8dHEBM,179,107,520,https://www.youtube.com/watch?v=UQN9nIXpR-s,0,0,0,0,
ae4eaef845fc4daaa8106a51a590e145,15300,457670,1187,452,4069,https://www.youtube.com/watch?v=AhNb31l82GE,1206,519,4069,https://www.youtube.com/watch?v=AhNb31l82GE,512,201,543,https://www.youtube.com/watch?v=w4nkpthmKpU,0,0,0,0,
9265e640081f4625bd36cd1235c75bc7,15300,827859,1074,733,17227,https://www.youtube.com/watch?v=8f-hKQqL4DA,1051,394,2515,https://www.youtube.com/watch?v=-jF5ZAqTlws,1511,991,17227,https://www.youtube.com/watch?v=8f-hKQqL4DA,1505,0,0,0,
c9ece3513c804b3db003cd8fca683857,15100,555285,629,171,1162,https://www.youtube.com/watch?v=KcYaGBXP2D4,629,168,1079,https://www.youtube.com/watch?v=q25ui7J78Q8,894,418,1162,https://www.youtube.com/watch?v=KcYaGBXP2D4,5020,922,589,922,https://www.twitch.tv/videos/1909886974
da4a58b114b94469a0a93f6b8ee7512d,14800,541823,1319,663,1885,https://www.youtube.com/watch?v=n2KSCPhpyjk,1319,663,1885,https://www.youtube.com/watch?v=n2KSCPhpyjk,0,0,0,,10580,207,147,247,https://www.twitch.tv/videos/1913317884
05be4fb717614738a87daac46157ddb1,14300,640840,880,318,1890,https://www.youtube.com/watch?v=sd9helrEhnI,894,406,1890,https://www.youtube.com/watch?v=sd9helrEhnI,621,138,1349,https://www.youtube.com/watch?v=69OLUFjcr2M,0,0,0,0,
8f12066334ed4c4dae19ca1152781e59,14100,236533,622,340,5121,https://www.youtube.com/watch?v=KbtH-neSg3g,608,315,1451,https://www.youtube.com/watch?v=Q_ivFW7oLAw,1722,839,5121,https://www.youtube.com/watch?v=KbtH-neSg3g,120,0,0,0,
05e831b267914fc5b4d9b28de1f648dc,14100,487067,2030,1068,15277,https://www.youtube.com/watch?v=zQqffbZu04c,2234,1361,15277,https://www.youtube.com/watch?v=zQqffbZu04c,1309,188,1309,https://www.youtube.com/watch?v=k4_HaGduTFU,0,0,0,0,
6bd49f94afb144e995247388ca8c42a8,14000,98196,7925,6112,22921,https://www.youtube.com/watch?v=cWONFZEWREE,0,0,0,,7925,6112,22921,https://www.youtube.com/watch?v=cWONFZEWREE,505,0,0,0,
73b97b1a35c84579aa8ffcd6534efad3,13900,610390,2483,731,9766,https://www.youtube.com/watch?v=6lzbyIRdlm8,1960,719,4722,https://www.youtube.com/watch?v=CTqK3_dr-nU,2757,882,9766,https://www.youtube.com/watch?v=6lzbyIRdlm8,8529,0,0,0,
adc9d30b5940427e96ae92238f0f8b83,13900,214741,456,219,1015,https://www.youtube.com/watch?v=61VmSuJl0tw,465,226,607,https://www.youtube.com/watch?v=bgm4yG9aeFw,335,191,1015,https://www.youtube.com/watch?v=61VmSuJl0tw,546,0,0,0,
3809ec8a42634d11aa1b7b8f99755c6a,13900,597881,0,0,0,,0,0,0,,0,0,0,,53047,4227,2646,11433,https://www.twitch.tv/videos/1904548521
0b63fa89b80e4649b0297d156ed1c791,13800,642033,2346,1001,79188,https://www.youtube.com/watch?v=MtPX8hG2mzA,2584,1001,5292,https://www.youtube.com/watch?v=iqv-rx1yCxA,2096,1114,79188,https://www.youtube.com/watch?v=MtPX8hG2mzA,0,0,0,0,
77533b0fb2324e33bff67fbbf4daf13f,13700,3418775,830,438,1242,https://www.youtube.com/watch?v=LmaOiJoA78c,955,471,1242,https://www.youtube.com/watch?v=LmaOiJoA78c,614,430,861,https://www.youtube.com/watch?v=S9re0AtrVRg,1453,31,26,31,https://www.twitch.tv/videos/1915183738
d35707348d554507a98f97eb59230efc,13400,551858,1086,228,2578,https://www.youtube.com/watch?v=W2FM-tZgdfE,1095,616,2578,https://www.youtube.com/watch?v=W2FM-tZgdfE,537,136,1997,https://www.youtube.com/watch?v=TIRnffblmgc,933,0,0,0,
c0c35f0471774be2b33163ae20f2d6bb,13200,473530,674,419,3204,https://www.youtube.com/watch?v=EVuRMbFw9q4,1255,876,3204,https://www.youtube.com/watch?v=EVuRMbFw9q4,316,59,674,https://www.youtube.com/watch?v=TZhTvxA0SRM,0,0,0,0,
af9cab022b2d4d1cb7e57246975842c4,13000,625828,0,0,0,,0,0,0,,0,0,0,,0,0,0,0,
f2a403cb46354371837550730a397bd1,12900,746398,841,450,4890,https://www.youtube.com/watch?v=L5EZYIKcCuk,662,463,1413,https://www.youtube.com/watch?v=VZ5eUqzJanE,1042,442,4890,https://www.youtube.com/watch?v=L5EZYIKcCuk,0,0,0,0,
abc7acc71b474ebebecfde51ad5f88e1,12800,443304,288,84,289,https://www.youtube.com/watch?v=ImItEsIpdX8,261,184,288,https://www.youtube.com/watch?v=uWg7CTNO9lc,289,51,289,https://www.youtube.com/watch?v=ImItEsIpdX8,1601,0,0,0,
6c7a8b443aa942a89a83485c98d10559,12700,821077,1015,505,8863,https://www.youtube.com/watch?v=M409ssiJnag,955,438,2240,https://www.youtube.com/watch?v=tZnwtG3mG44,1513,699,8863,https://www.youtube.com/watch?v=M409ssiJnag,0,0,0,0,
cd88de8b4bc84a71975df9afb42192b8,12700,809245,880,366,1615,https://www.youtube.com/watch?v=lQwmca1otbs,872,359,1615,https://www.youtube.com/watch?v=lQwmca1otbs,1474,1028,1474,https://www.youtube.com/watch?v=SFsIjNMjw5I,2834,0,0,0,
15c9a54b946a40c38c07ea2f9efddfa5,12600,87317,11452,5779,11452,https://www.youtube.com/watch?v=l_66nwBmek4,0,0,0,,11452,5779,11452,https://www.youtube.com/watch?v=l_66nwBmek4,451,0,0,0,
793e165182584e9aaee5dcc331abbb1e,12300,403418,146,67,1677,https://www.youtube.com/watch?v=vnmYtj_FrHg,115,90,255,https://www.youtube.com/watch?v=9iREIxBYSu4,161,66,1677,https://www.youtube.com/watch?v=vnmYtj_FrHg,1704,93,73,177,https://www.twitch.tv/videos/1908102702
d5c19a6328af48ba88bf41b2dd757f14,12200,445275,214,122,405,https://www.youtube.com/watch?v=1OOppYDKLF0,259,131,405,https://www.youtube.com/watch?v=1OOppYDKLF0,136,116,150,https://www.youtube.com/watch?v=gnIQrgRCo-I,0,0,0,0,
fa3bc2669fe041dfaa0765278ffd6330,12200,400934,0,0,0,,0,0,0,,0,0,0,,2350,0,0,0,
2d57d202ef8e46a5871302b944309bc2,12100,1816508,203,92,2933,https://www.youtube.com/watch?v=kaK9GqMoYCg,159,92,203,https://www.youtube.com/watch?v=smqB8JxZwMM,251,202,2933,https://www.youtube.com/watch?v=kaK9GqMoYCg,0,0,0,0,
390346240f4748bd9d81e472411c20c2,12000,243755,283,140,599,https://www.youtube.com/watch?v=p2d5RGMoYCg,294,147,599,https://www.youtube.com/watch?v=p2d5RGMoYCg,262,71,502,https://www.youtube.com/watch?v=F7MuLDgDOgg,3123,422,338,717,https://www.twitch.tv/videos/1910774391
f78c2a00a6854a79930a52885181590c,12000,508148,0,0,0,,0,0,0,,0,0,0,,895,0,0,0,
7b2c8df9fd9d4f33bd5ec0c38f12826f,11700,215565,1191,717,2452,https://www.youtube.com/watch?v=PdNMmfQtKPk,1821,1246,2452,https://www.youtube.com/watch?v=PdNMmfQtKPk,752,717,752,https://www.youtube.com/watch?v=mK658vk0vXE,6086,1880,943,2618,https://www.twitch.tv/videos/1913430424
b165ca888a7d4f61b754ac53ca374f11,11700,674562,302,148,343,https://www.youtube.com/watch?v=s7XR8Hx4pCg,302,148,343,https://www.youtube.com/watch?v=s7XR8Hx4pCg,0,0,0,,0,0,0,0,
28a930938667442288010b333937e2ab,11600,837723,799,323,1510,https://www.youtube.com/watch?v=bzNoi_i3kmE,0,0,0,,799,323,1510,https://www.youtube.com/watch?v=bzNoi_i3kmE,5620,3085,1674,5001,https://www.twitch.tv/videos/1902710359
9ca368e73d514656ade48dc946f55956,11600,463811,355,137,1048,https://www.youtube.com/watch?v=T9hwTez2qco,305,125,533,https://www.youtube.com/watch?v=_NmK-AvwoJg,955,334,1048,https://www.youtube.com/watch?v=T9hwTez2qco,0,0,0,0,
6559d42f66684b8f80b4cd4589addd85,11600,566871,440,220,565,https://www.youtube.com/watch?v=WtHMVkGG6go,440,220,565,https://www.youtube.com/watch?v=WtHMVkGG6go,0,0,0,,3220,286,165,3698,https://www.twitch.tv/videos/1914176474
6dc75ab227e34c928598bde8f2d324bf,11500,402139,1508,767,4218,https://www.youtube.com/watch?v=w8GvJzfZDMQ,1437,752,4218,https://www.youtube.com/watch?v=w8GvJzfZDMQ,2706,810,2706,https://www.youtube.com/watch?v=97DIhVV6d-8,0,0,0,0,
e9ec2395070144b0af7231570e06a743,11400,212964,863,332,1626,https://www.youtube.com/watch?v=pUcpx5uZON0,885,425,1626,https://www.youtube.com/watch?v=pUcpx5uZON0,322,183,356,https://www.youtube.com/watch?v=F0ggZSM0vc4,0,0,0,0,
221563b6b46245379c6dc6328c9d0447,11300,808453,166,17,283,https://www.youtube.com/watch?v=ASeivlKySxg,240,238,240,https://www.youtube.com/watch?v=E-ODDWuYrOE,93,13,283,https://www.youtube.com/watch?v=ASeivlKySxg,0,0,0,0,
0bfd032de03c48a4bd7d1f4505335a7d,11200,254918,517,279,1685,https://www.youtube.com/watch?v=tjAOJKIppYE,484,261,1685,https://www.youtube.com/watch?v=tjAOJKIppYE,856,354,1080,https://www.youtube.com/watch?v=3DawVSTJTWY,0,0,0,0,
bb08b8a2a44746499cbe1be1932fa5f9,11200,40649,70,21,204,https://www.youtube.com/watch?v=qBjfJPX9Slk,70,34,86,https://www.youtube.com/watch?v=M1Usk63HiDk,68,18,204,https://www.youtube.com/watch?v=qBjfJPX9Slk,0,0,0,0,
8ee549546bb14154b5e1fcaf3dd51f09,11200,261130,449,193,1381,https://www.youtube.com/watch?v=jZJTdLbS5PM,427,132,574,https://www.youtube.com/watch?v=a4mjnvhyTWE,1381,1019,1381,https://www.youtube.com/watch?v=jZJTdLbS5PM,939,0,0,0,
090be1be8d29429183e190e22fc4be22,10700,412906,172,65,376,https://www.youtube.com/watch?v=l2t-gAUAw0k,195,79,320,https://www.youtube.com/watch?v=TxnWg0O8Des,67,48,376,https://www.youtube.com/watch?v=l2t-gAUAw0k,2566,170,131,253,https://www.twitch.tv/videos/1915990021
75d0bd5fa58a4a5fb479e3b2ebae82a7,10600,306299,293,128,472,https://www.youtube.com/watch?v=RNk_p-JLcp4,305,122,472,https://www.youtube.com/watch?v=RNk_p-JLcp4,282,134,282,https://www.youtube.com/watch?v=rWsgHxRkDZc,0,0,0,0,
e02e777312df43b986f089339652402e,10600,2364,0,0,0,,0,0,0,,0,0,0,,0,0,0,0,
2d8030df89d042fba678da36c8f68aea,10500,357498,2277,683,5456,https://www.youtube.com/watch?v=xt0suWncCA4,2277,683,5456,https://www.youtube.com/watch?v=xt0suWncCA4,0,0,0,,0,0,0,0,
239947732521428d946087065b7c8e17,10500,376901,867,546,4737,https://www.youtube.com/watch?v=_orXmfRTbWQ,881,412,4737,https://www.youtube.com/watch?v=_orXmfRTbWQ,867,616,3534,https://www.youtube.com/watch?v=WUPPWVe4xwE,0,0,0,0,
824c0c36956f4a73bb3ec479dd8e4da8,10400,268865,655,240,1253,https://www.youtube.com/watch?v=STquILwKNig,677,133,1124,https://www.youtube.com/watch?v=mA8byssXC74,520,254,1253,https://www.youtube.com/watch?v=STquILwKNig,1337,0,0,0,
5d00575c06d74f588238857d7dec1b02,10400,583970,1278,597,3707,https://www.youtube.com/watch?v=J0hdOALIJT8,1278,1113,3707,https://www.youtube.com/watch?v=J0hdOALIJT8,1086,68,2279,https://www.youtube.com/watch?v=wOsNU3kmUH0,0,0,0,0,
9e485b7b44e34693ad25bd04be743dbc,10200,385157,0,0,0,,0,0,0,,0,0,0,,0,0,0,0,
08184fac3ec1408a8009f2e7078794dd,10100,415269,900,465,2311,https://www.youtube.com/watch?v=Vxq3VUpwKGE,1013,626,2311,https://www.youtube.com/watch?v=Vxq3VUpwKGE,399,347,900,https://www.youtube.com/watch?v=VVzuc5ymx-w,0,0,0,0,
d2c76258b7ff45ee88e3585c4c9ed0c1,10100,230916,618,423,1499,https://www.youtube.com/watch?v=_EfaWIJ3PiU,618,423,1499,https://www.youtube.com/watch?v=_EfaWIJ3PiU,0,0,0,,3220,0,0,0,
19234cc590224c45912a14487f756dc5,9870,282649,982,357,4466,https://www.youtube.com/watch?v=joul7xMynAo,1185,621,4466,https://www.youtube.com/watch?v=joul7xMynAo,475,249,1539,https://www.youtube.com/watch?v=N6puJQ9SwrY,0,0,0,0,
15cbed02d2f74630b04b73515909c1f4,9780,321174,189,143,382,https://www.youtube.com/watch?v=yGoovFpBmjk,197,156,382,https://www.youtube.com/watch?v=yGoovFpBmjk,115,51,338,https://www.youtube.com/watch?v=ucyRe8MUgYU,1557,119,96,186,https://www.twitch.tv/videos/1915840316
43864254e678407fae3dc899f7155912,9730,286575,211,118,505,https://www.youtube.com/watch?v=Hls1xWvgftU,230,114,505,https://www.youtube.com/watch?v=Hls1xWvgftU,158,153,158,https://www.youtube.com/watch?v=gv9PAujDugg,0,0,0,0,
ed3f69b9de7c43f3a32b4e7dfdb5bfd0,9720,164318,723,400,3120,https://www.youtube.com/watch?v=6GYW5jzDFME,616,332,1112,https://www.youtube.com/watch?v=DrXMPwecZIo,1121,545,3120,https://www.youtube.com/watch?v=6GYW5jzDFME,0,0,0,0,
8150f530d858418282811429cc32622b,9650,572034,334,167,1243,https://www.youtube.com/watch?v=InbSSLccRJw,334,170,1243,https://www.youtube.com/watch?v=InbSSLccRJw,212,22,381,https://www.youtube.com/watch?v=X0J-2gUe3Fg,6676,440,428,1943,https://www.twitch.tv/videos/1914106751
3cf8b7b95c244f0d9cba700f561c9737,9620,353592,0,0,0,,0,0,0,,0,0,0,,0,0,0,0,
8dd4a8b4598e483e9112b2b1a9466013,9590,2336409,130,73,1471,https://www.youtube.com/watch?v=u5ugImR4rCI,120,51,404,https://www.youtube.com/watch?v=IPnZ81KfB_0,725,204,1471,https://www.youtube.com/watch?v=u5ugImR4rCI,195,0,0,0,
86cb23450c22439e91affb91db6ed326,9470,180025,0,0,0,,0,0,0,,0,0,0,,0,0,0,0,
6a30fc9ee6f24d839198497406c63cc1,9440,938103,115,42,474,https://www.youtube.com/watch?v=_If-rEwpB64,115,32,208,https://www.youtube.com/watch?v=1EO3YBq3q8E,149,60,474,https://www.youtube.com/watch?v=_If-rEwpB64,343,0,0,0,
656455380d524045b9f75d6082563f94,9170,673496,308,126,2069,https://www.youtube.com/watch?v=JhMxoIGawq4,320,152,748,https://www.youtube.com/watch?v=keu5Nn7ZTGA,195,121,2069,https://www.youtube.com/watch?v=JhMxoIGawq4,447,128,99,128,https://www.twitch.tv/videos/1913353338
18bd2d37e2e64f0cab20ec6a2b2f2474,9140,250370,503,238,4619,https://www.youtube.com/watch?v=NY0Lu-8cuis,525,241,4619,https://www.youtube.com/watch?v=NY0Lu-8cuis,197,126,3045,https://www.youtube.com/watch?v=kBpJ2Ko2F3M,834,0,0,0,
51cd04cab0de47d4b2b5a156bbe2dfb0,9070,187613,189,41,811,https://www.youtube.com/watch?v=PCCXs_dkKkU,189,41,811,https://www.youtube.com/watch?v=PCCXs_dkKkU,0,0,0,,0,0,0,0,
14d83faa414c415097d577d2da9636ce,8890,353909,192,106,24583,https://www.youtube.com/watch?v=sGWxYrXfs7A,175,109,684,https://www.youtube.com/watch?v=NWHf094zkKA,735,96,24583,https://www.youtube.com/watch?v=sGWxYrXfs7A,0,0,0,0,
78195639f2464c75a84f79d46120e28a,8860,202059,361,269,361,https://www.youtube.com/watch?v=QNh3U-Q0hco,361,269,361,https://www.youtube.com/watch?v=QNh3U-Q0hco,0,0,0,,3754,413,306,413,https://www.twitch.tv/videos/1912504724
c51f84b3ec9c4501a364a6a4982fa284,8850,270184,104,76,104,https://www.youtube.com/watch?v=yKQhZFea9tc,0,0,0,,104,76,104,https://www.youtube.com/watch?v=yKQhZFea9tc,2449,834,575,2473,https://www.twitch.tv/videos/1916807634
22fd5004e4a34134b6855525e01cda73,8640,180408,226,164,1848,https://www.youtube.com/watch?v=69tVoP6d5vI,220,164,1848,https://www.youtube.com/watch?v=69tVoP6d5vI,641,218,749,https://www.youtube.com/watch?v=W7oOrbd2wXQ,0,0,0,0,
423dd7da92be47f4af7273c5f74efb27,8570,350015,1036,401,3591,https://www.youtube.com/watch?v=VB9Ui89Pxdw,0,0,0,,1036,401,3591,https://www.youtube.com/watch?v=VB9Ui89Pxdw,37510,5341,1524,8029,https://www.twitch.tv/videos/1913086301
7298d2db845840d7ab462c7628967f4e,8540,327566,164,89,207,https://www.youtube.com/watch?v=_lNo-bK_q3k,164,89,207,https://www.youtube.com/watch?v=_lNo-bK_q3k,0,0,0,,0,0,0,0,
d3a75c3d9f204420808f38ed629becf4,8490,86215,598,243,1864,https://www.youtube.com/watch?v=IfJTsKrBRvE,603,259,1864,https://www.youtube.com/watch?v=IfJTsKrBRvE,450,137,1080,https://www.youtube.com/watch?v=F-X68b7SzYs,0,0,0,0,
b57162e62056494d85f1743abdbad648,8470,345934,611,246,1904,https://www.youtube.com/watch?v=M4kQp_vBdxk,602,276,1377,https://www.youtube.com/watch?v=nlnFKsaEEoE,623,172,1904,https://www.youtube.com/watch?v=M4kQp_vBdxk,254,0,0,0,
fefbcad20d8344c79c74a103d0ea45b2,8360,202907,467,293,2687,https://www.youtube.com/watch?v=k8nxSnVaEHY,413,254,1025,https://www.youtube.com/watch?v=DvrX6oHzE9o,2687,1166,2687,https://www.youtube.com/watch?v=k8nxSnVaEHY,0,0,0,0,
14770d49681b44c1a6a7fcbdc265f539,8350,355536,1608,599,3010,https://www.youtube.com/watch?v=hOdZXskze1o,0,0,0,,1608,599,3010,https://www.youtube.com/watch?v=hOdZXskze1o,0,0,0,0,
22c4cd83790e401ca8055a64554cf3a7,8320,168749,204,134,653,https://www.youtube.com/watch?v=lrCsQ39A7vQ,208,142,653,https://www.youtube.com/watch?v=lrCsQ39A7vQ,87,31,87,https://www.youtube.com/watch?v=xn6HSiND1Vg,0,0,0,0,
1c94e6e4d8cf4f8d9195385a9024275a,8250,76159,0,0,0,,0,0,0,,0,0,0,,418,0,0,0,
4b53aa789e544bd9aaecc9fbc79e4bbe,8250,562023,508,147,582,https://www.youtube.com/watch?v=OhSAXVVpP4Q,508,147,582,https://www.youtube.com/watch?v=OhSAXVVpP4Q,0,0,0,,0,0,0,0,
b92c6e4c3bea4b938077a8f152f78083,8130,55411,0,0,0,,0,0,0,,0,0,0,,0,0,0,0,
3005ff0c09064d7f924c506e1e9c18ba,8120,200478,255,242,282,https://www.youtube.com/watch?v=1C4bl8s11iI,0,0,0,,255,242,282,https://www.youtube.com/watch?v=1C4bl8s11iI,8723,1944,790,2809,https://www.twitch.tv/videos/1915259145
c163cb7f683c453fa8a994ebbb09ede8,8020,109258,0,0,0,,0,0,0,,0,0,0,,0,0,0,0,
cdb5c89f61c94949a989457cf549b7e4,7980,227538,597,312,1427,https://www.youtube.com/watch?v=uDQYfQBtA4k,670,377,1068,https://www.youtube.com/watch?v=O_sUNUnZG-8,342,150,1427,https://www.youtube.com/watch?v=uDQYfQBtA4k,0,0,0,0,
496b5a2dae1a4662806f858e8d40c5ea,7920,265684,0,0,0,,0,0,0,,0,0,0,,0,0,0,0,
41a8958a1a4a4cc8b404d04da033400e,7850,315065,0,0,0,,0,0,0,,0,0,0,,482,0,0,0,
80f7b111f0e044abae4c37f6a96b5957,7810,133925,400,323,2492,https://www.youtube.com/watch?v=DL4oW0VR66M,472,397,830,https://www.youtube.com/watch?v=5trBnzuExcU,262,131,2492,https://www.youtube.com/watch?v=DL4oW0VR66M,0,0,0,0,
209a528363cd411886ec9e5d086ff1bc,7680,531598,637,327,1344,https://www.youtube.com/watch?v=5wefHon5D_E,637,327,1344,https://www.youtube.com/watch?v=5wefHon5D_E,0,0,0,,555,0,0,0,
a7145a6e0ede44dfbef984d9dc22534f,7660,201593,1283,561,4544,https://www.youtube.com/watch?v=sesi2HXxZ6A,1107,458,2063,https://www.youtube.com/watch?v=mzIXEfIV_x8,1752,664,4544,https://www.youtube.com/watch?v=sesi2HXxZ6A,0,0,0,0,
e150e350532b4327b26989dd43cd3bad,7560,195820,1151,569,14330,https://www.youtube.com/watch?v=BAIhwTNzULk,1350,488,14330,https://www.youtube.com/watch?v=BAIhwTNzULk,989,569,6088,https://www.youtube.com/watch?v=wL9J2S0Y3Bw,49,0,0,0,
1edf4940878546569e52dd06c95b8581,7500,678822,468,131,1401,https://www.youtube.com/watch?v=GPSr-98xb7s,789,470,1401,https://www.youtube.com/watch?v=GPSr-98xb7s,183,65,657,https://www.youtube.com/watch?v=mCjMA2vDAGU,0,0,0,0,
590a2bca0051444fb98915e5d761d47c,7410,51505,0,0,0,,0,0,0,,0,0,0,,22042,2007,988,2007,https://www.twitch.tv/videos/1906102067
00bdfa7c234a47b285152f675d6c650a,7390,1856744,0,0,0,,0,0,0,,0,0,0,,0,0,0,0,
13a520e0a60c4aeea42f1c4d613e7e10,7340,231556,0,0,0,,0,0,0,,0,0,0,,508,0,0,0,
543ddfe1d70d4a19920f6daa1959b3b4,7300,0,0,0,0,,0,0,0,,0,0,0,,0,0,0,0,
2e9fc0ba8558414ba1888ce3a516fc1b,7220,752745,0,0,0,,0,0,0,,0,0,0,,0,0,0,0,
3e1c8d17663e49158b54330fdac1a308,7180,65128,0,0,0,,0,0,0,,0,0,0,,872,0,0,0,
8c3af9f56a3f4f1d84fcfcfa9f280c8d,7130,317985,429,163,1000,https://www.youtube.com/watch?v=NF5xBj-U2XA,419,199,947,https://www.youtube.com/watch?v=CvfXAsfOw2E,593,129,1000,https://www.youtube.com/watch?v=NF5xBj-U2XA,0,0,0,0,
cf66d52e3a4146dbaf03c1578fc25c47,7020,217043,699,160,2275,https://www.youtube.com/watch?v=U4Qxymi-bgA,436,150,1884,https://www.youtube.com/watch?v=oVyQK3-FWoc,809,556,2275,https://www.youtube.com/watch?v=U4Qxymi-bgA,919,0,0,0,
538d1d2058da4bdea1c7f43f088e995b,7000,139089,919,322,2105,https://www.youtube.com/watch?v=_GQ4jGUj0dQ,942,376,2105,https://www.youtube.com/watch?v=_GQ4jGUj0dQ,876,235,1404,https://www.youtube.com/watch?v=TeUMpEpcwoo,3156,0,0,0,
1d2404a7bd5a4baab9473392d62e7ca9,6900,140957,1417,503,18864,https://www.youtube.com/watch?v=lRbJK5d7FVs,1432,557,3180,https://www.youtube.com/watch?v=WI5hVUjFlWg,1404,338,18864,https://www.youtube.com/watch?v=lRbJK5d7FVs,1491,3390,2837,5841,https://www.twitch.tv/videos/1914944274
5d8a211269e449868dc84cc422ae0ec7,6900,143156,555,235,2333,https://www.youtube.com/watch?v=3eefs8axtvw,438,215,1034,https://www.youtube.com/watch?v=J9NJS6KwkRU,815,415,2333,https://www.youtube.com/watch?v=3eefs8axtvw,0,0,0,0,
b7f222493f4d4bd1be65f1c08300b45e,6830,200249,314,193,1482,https://www.youtube.com/watch?v=5agGxHITuRA,269,123,1482,https://www.youtube.com/watch?v=5agGxHITuRA,368,285,666,https://www.youtube.com/watch?v=PGc4V8V9Ftw,0,0,0,0,
554ca19c3d924cacac1f680675b9fdd2,6810,141350,0,0,0,,0,0,0,,0,0,0,,401,0,0,0,
557a590ea9764e8c99e72415d1837d52,6800,20358,0,0,0,,0,0,0,,0,0,0,,0,0,0,0,
4571c7a211b945f3b608c0066f7e73e4,6800,1204912,299,133,3351,https://www.youtube.com/watch?v=_0zTVZPtsrk,296,130,566,https://www.youtube.com/watch?v=Ka3MLukq8qA,646,193,3351,https://www.youtube.com/watch?v=_0zTVZPtsrk,651,51,43,102,https://www.twitch.tv/videos/1909759738
71cee502a14d4ef1b9b0264fa2db8987,6690,129601,1501,659,6799,https://www.youtube.com/watch?v=FLsbX3GT6Bo,1468,644,3365,https://www.youtube.com/watch?v=F05QI7O4q_Q,2809,686,6799,https://www.youtube.com/watch?v=FLsbX3GT6Bo,0,0,0,0,
e1e11ed8ecb24ab6ad7e1d4c4c39f563,6650,184042,192,115,218,https://www.youtube.com/watch?v=6vzujrM5Uxo,192,115,218,https://www.youtube.com/watch?v=6vzujrM5Uxo,0,0,0,,0,0,0,0,
03b825a2908749099e40cd4a4d1169aa,6640,145048,222,100,645,https://www.youtube.com/watch?v=ZcN4ywulMxE,222,96,511,https://www.youtube.com/watch?v=CapiT0aERQw,326,256,645,https://www.youtube.com/watch?v=ZcN4ywulMxE,0,0,0,0,
67d348e6690c43729cce031e70a26645,6620,89730,637,324,1649,https://www.youtube.com/watch?v=f4WytQxjJqk,762,288,1649,https://www.youtube.com/watch?v=f4WytQxjJqk,536,334,1360,https://www.youtube.com/watch?v=vUICCkjqf_Q,14985,2094,345,2436,https://www.twitch.tv/videos/1905203890
911d3403c8e84dc3b0c4a2f6017698b6,6620,182772,881,299,3241,https://www.youtube.com/watch?v=OCjQDjqkPiw,924,461,2341,https://www.youtube.com/watch?v=0lF9AmIu19c,445,156,3241,https://www.youtube.com/watch?v=OCjQDjqkPiw,0,0,0,0,
7cecb437e7a54e07a29c3a164565957d,6610,135378,383,210,877,https://www.youtube.com/watch?v=Fb3aPTfDFo4,368,152,564,https://www.youtube.com/watch?v=jAoeRdxEv-k,877,210,877,https://www.youtube.com/watch?v=Fb3aPTfDFo4,0,0,0,0,
80f4d6e50af64a48be812258498e86c0,6570,321944,451,28,451,https://www.youtube.com/watch?v=SfMfmJVEQAw,451,28,451,https://www.youtube.com/watch?v=SfMfmJVEQAw,0,0,0,,151,0,0,0,
23ec5ecfb8c14ea893576783f1790643,6530,138602,1567,894,30336,https://www.youtube.com/watch?v=hN343k5dSEA,1636,959,8070,https://www.youtube.com/watch?v=v_M0FpqGcnY,1469,716,30336,https://www.youtube.com/watch?v=hN343k5dSEA,0,0,0,0,
febd22ec0bec4ecdbcd383be8c2694c3,6480,0,0,0,0,,0,0,0,,0,0,0,,1389,489,352,725,https://www.twitch.tv/videos/1907137035
42844ee6e0cc47938829b43a3101b9bb,6450,67343,5738,4259,10921,https://www.youtube.com/watch?v=HJrvXXBkcrk,0,0,0,,5738,4259,10921,https://www.youtube.com/watch?v=HJrvXXBkcrk,3903,1637,1161,3553,https://www.twitch.tv/videos/1897680832
fd7a69505569429fb845ac056825f3a9,6410,164093,194,76,765,https://www.youtube.com/watch?v=544MFn97-Ro,183,64,339,https://www.youtube.com/watch?v=vwI6GOZSISI,267,124,765,https://www.youtube.com/watch?v=544MFn97-Ro,0,0,0,0,
b4bf821f6a6a440996f4fd9cddaf250b,6390,265876,357,182,832,https://www.youtube.com/watch?v=S4za7eQMr-8,335,178,380,https://www.youtube.com/watch?v=FGll8OB3mCI,457,187,832,https://www.youtube.com/watch?v=S4za7eQMr-8,283,0,0,0,
bdc034d3afcd4456b6da2b96a2e460ef,6330,194573,96,14,115,https://www.youtube.com/watch?v=WgsP59Qv8hE,96,14,115,https://www.youtube.com/watch?v=WgsP59Qv8hE,0,0,0,,1359,92,53,102,https://www.twitch.tv/videos/1907437779
66aa1c91546a4cfdab43faa119cea04a,6310,152,0,0,0,,0,0,0,,0,0,0,,4162,0,0,0,
823311ac8226476e8d1e323f536bf8b1,6290,104241,178,88,897,https://www.youtube.com/watch?v=TsH7sZH08JU,161,85,252,https://www.youtube.com/watch?v=Tv5Xxfc5tBE,499,172,897,https://www.youtube.com/watch?v=TsH7sZH08JU,643,0,0,0,
f6a8c59d8b8d4e009d4e147ec268cd73,6280,128714,2062,773,5111,https://www.youtube.com/watch?v=uSUQ7sOuiTU,2557,917,4423,https://www.youtube.com/watch?v=Qb4F5kfjiYg,1105,705,5111,https://www.youtube.com/watch?v=uSUQ7sOuiTU,0,0,0,0,
f40b8e8debf14680b5cc88bae98918f7,6260,199861,879,315,1321,https://www.youtube.com/watch?v=jJhCcmLg5cA,879,315,1321,https://www.youtube.com/watch?v=jJhCcmLg5cA,0,0,0,,0,0,0,0,
3c5b24ec5e7e4451a917bb1683298c05,6240,277134,0,0,0,,0,0,0,,0,0,0,,2663,0,0,0,
ecd7e504a0b64480a4127a25678e4b4a,6230,83291,9668,72,16649,https://www.youtube.com/watch?v=Sj096K97mmU,0,0,0,,9668,72,16649,https://www.youtube.com/watch?v=Sj096K97mmU,0,0,0,0,
d407b30c72a841bd82af1f5cc8ec0667,6160,266374,255,100,1163,https://www.youtube.com/watch?v=DU_ec4xWpxc,236,100,1163,https://www.youtube.com/watch?v=DU_ec4xWpxc,764,119,1044,https://www.youtube.com/watch?v=sTObeD9iEJs,5269,355,252,864,https://www.twitch.tv/videos/1911560069
645fc774332a469ebd03f1a822ebe2be,6150,435303,513,219,977,https://www.youtube.com/watch?v=QaZw2q1CmIg,612,264,977,https://www.youtube.com/watch?v=QaZw2q1CmIg,261,116,448,https://www.youtube.com/watch?v=bzcCglhVpUM,0,0,0,0,
80f41a215cbc487b99f9015de3b58cf0,6090,232824,0,0,0,,0,0,0,,0,0,0,,0,0,0,0,
340d9b553db042bdb8294ba2f9fd6990,6090,243545,238,111,478,https://www.youtube.com/watch?v=4HabDT8_X6M,238,122,478,https://www.youtube.com/watch?v=4HabDT8_X6M,283,82,453,https://www.youtube.com/watch?v=u1fmzTN8rdg,1108,0,0,0,
556c69847bc14bc7be03b3e40e52ac98,6030,91682,375,259,740,https://www.youtube.com/watch?v=8SCLfooTfm8,375,259,740,https://www.youtube.com/watch?v=8SCLfooTfm8,0,0,0,,1512,226,172,267,https://www.twitch.tv/videos/1914172083
1254f176d93548aca5ac7f4b53313f71,6020,1743415,35,16,3000,https://www.youtube.com/watch?v=hxyr8MefFeI,31,14,137,https://www.youtube.com/watch?v=o-n6onUvuCE,40,17,3000,https://www.youtube.com/watch?v=hxyr8MefFeI,1407,21,14,32,https://www.twitch.tv/videos/1913338742
2a5b6a733ac54aba9490db8f504378d1,6010,133101,267,162,267,https://www.youtube.com/watch?v=BlDKWQdXnTY,0,0,0,,267,162,267,https://www.youtube.com/watch?v=BlDKWQdXnTY,0,0,0,0,
1434ae451f81469da327f32c387b9df0,6010,131759,553,143,553,https://www.youtube.com/watch?v=2Oj_z5fcVxw,553,143,553,https://www.youtube.com/watch?v=2Oj_z5fcVxw,0,0,0,,0,0,0,0,
b58761a33d75486f8aa0bf3f5bf07fe5,5980,6897,0,0,0,,0,0,0,,0,0,0,,1871,0,0,0,
310862830fb648b78cca7e581e2622a7,5980,125098,306,135,1068,https://www.youtube.com/watch?v=_0yBsT2yJ-o,0,0,0,,306,135,1068,https://www.youtube.com/watch?v=_0yBsT2yJ-o,10038,2359,821,4106,https://www.twitch.tv/videos/1902713112
94c7cb6122bd4dcab2d8660ddc5f5508,5910,183715,154,73,336,https://www.youtube.com/watch?v=L8VWEZIQpZU,150,74,216,https://www.youtube.com/watch?v=DqbANfedo-U,336,23,336,https://www.youtube.com/watch?v=L8VWEZIQpZU,362,37,22,50,https://www.twitch.tv/videos/1915936751
f3404208a69741c481201fffcdea3d9e,5890,118063,126,68,203,https://www.youtube.com/watch?v=9HwSnJzsZww,137,80,203,https://www.youtube.com/watch?v=9HwSnJzsZww,101,10,156,https://www.youtube.com/watch?v=MEvL67yYDKs,0,0,0,0,
7139f41cbcf9443e818c91b9108e3086,5880,4041,0,0,0,,0,0,0,,0,0,0,,0,0,0,0,
dad6fb7439d744739755a9a7c6c18d20,5850,145315,937,478,5332,https://www.youtube.com/watch?v=lLeqSk5fuOg,875,478,3534,https://www.youtube.com/watch?v=n9KsRmUYPyQ,985,360,5332,https://www.youtube.com/watch?v=lLeqSk5fuOg,0,0,0,0,
1c2de2bbc8ec43c49a84e3b3e67c8ca9,5840,291205,620,364,1201,https://www.youtube.com/watch?v=l7WtT0IcpdY,620,364,1056,https://www.youtube.com/watch?v=TpEFjsygvQo,550,339,1201,https://www.youtube.com/watch?v=l7WtT0IcpdY,0,0,0,0,
da3a3993bd8946da824d66d5a5d456e2,5830,260180,272,146,1585,https://www.youtube.com/watch?v=TBWP99zYveo,292,174,835,https://www.youtube.com/watch?v=qio-5g48uXQ,239,118,1585,https://www.youtube.com/watch?v=TBWP99zYveo,0,0,0,0,
247215e876d24dae9932464b75fc577c,5820,294052,381,128,1106,https://www.youtube.com/watch?v=gghsEjobp4c,357,102,921,https://www.youtube.com/watch?v=HUvzznrLOf0,437,254,1106,https://www.youtube.com/watch?v=gghsEjobp4c,0,0,0,0,
914f6caed3ff4348824d966f76662bc2,5820,379589,708,369,1596,https://www.youtube.com/watch?v=rzy5-ptLDL0,708,369,1596,https://www.youtube.com/watch?v=rzy5-ptLDL0,0,0,0,,0,0,0,0,
44052b3832774bd7a4e4151f044c0901,5810,117696,190,85,460,https://www.youtube.com/watch?v=Al-4G7RaOww,191,99,460,https://www.youtube.com/watch?v=Al-4G7RaOww,51,34,51,https://www.youtube.com/watch?v=-YbNcTclbVU,2257,0,0,0,
5d2231ea88fd474d8a11e5a759899216,5770,233723,348,132,1153,https://www.youtube.com/watch?v=77HOzeGitLo,348,130,1153,https://www.youtube.com/watch?v=77HOzeGitLo,348,336,528,https://www.youtube.com/watch?v=aEINABlaevo,209,0,0,0,
3569cab127ab4bf9af790de9a999a5f8,5770,53724,1509,1018,6349,https://www.youtube.com/watch?v=mSsvtK6U26w,1780,1326,6349,https://www.youtube.com/watch?v=mSsvtK6U26w,1157,549,1627,https://www.youtube.com/watch?v=v9Wq551os30,0,0,0,0,
7d7ceaac9d2a41a5bded6debd077e1e2,5750,2260821,0,0,0,,0,0,0,,0,0,0,,2200,0,0,0,
bac1f0b8e8d149d4a48cfd30d7d7ad74,5750,366998,494,279,710,https://www.youtube.com/watch?v=G1P931-uE1Y,494,287,710,https://www.youtube.com/watch?v=G1P931-uE1Y,471,148,677,https://www.youtube.com/watch?v=ITUhuUxWVKc,0,0,0,0,
a1470eec8f9349668adfbad2f25329b1,5730,592,0,0,0,,0,0,0,,0,0,0,,1560,0,0,0,
2adc6f9aabb64fd892ff5d29ebdd5c44,5730,183961,292,190,1066,https://www.youtube.com/watch?v=Z8EV0D6hiuc,290,176,1066,https://www.youtube.com/watch?v=Z8EV0D6hiuc,488,419,706,https://www.youtube.com/watch?v=Ap1XdUwyA9I,0,0,0,0,
ab19e58312b74ebd9b68e27aeb0adde5,5690,183600,316,149,771,https://www.youtube.com/watch?v=qmQW6mB5Cog,328,152,520,https://www.youtube.com/watch?v=J_2hQq7krK0,168,100,771,https://www.youtube.com/watch?v=qmQW6mB5Cog,0,0,0,0,
b54e216619d14031a317b820113e4084,5680,167612,147,111,1472,https://www.youtube.com/watch?v=g3SocCbStEk,83,43,93,https://www.youtube.com/watch?v=9IM5q2Jb24g,291,172,1472,https://www.youtube.com/watch?v=g3SocCbStEk,0,0,0,0,
6603f7e70b684a07a3dac687460bacc5,5650,171133,134,77,694,https://www.youtube.com/watch?v=v0lB_n-BX00,134,77,694,https://www.youtube.com/watch?v=v0lB_n-BX00,0,0,0,,881,88,55,123,https://www.twitch.tv/videos/1909018956
a83b6d485350402b90238deb371ae654,5630,66964,145,20,300,https://www.youtube.com/watch?v=Mb6rx_3dcdM,145,20,300,https://www.youtube.com/watch?v=Mb6rx_3dcdM,0,0,0,,2418,838,602,1803,https://www.twitch.tv/videos/1907126175
824bd7df6923453292dec9ff3e3f664a,5600,213192,0,0,0,,0,0,0,,0,0,0,,0,0,0,0,
5cdf289b83524643af7ab2f2c8788adf,5590,180959,203,77,1010,https://www.youtube.com/watch?v=LQK1ShM5hTw,203,77,1010,https://www.youtube.com/watch?v=LQK1ShM5hTw,0,0,0,,0,0,0,0,
f819220249044c7ca97126c828833c9b,5540,0,0,0,0,,0,0,0,,0,0,0,,0,0,0,0,
72cc5bf1729245618e1f10da0b796d53,5510,189929,438,212,1869,https://www.youtube.com/watch?v=guFwlegsKMA,436,202,1072,https://www.youtube.com/watch?v=5W8U3miyYD0,1869,1679,1869,https://www.youtube.com/watch?v=guFwlegsKMA,1479,32,24,32,https://www.twitch.tv/videos/1913386382
9d153fd60b584d31b600bca66a86e452,5500,216241,764,367,1596,https://www.youtube.com/watch?v=iljFNZESbdg,764,367,1587,https://www.youtube.com/watch?v=baxMF_m0vzo,903,594,1596,https://www.youtube.com/watch?v=iljFNZESbdg,0,0,0,0,
410a9fff47f5491d98c47a4fa25ddf83,5460,6526,0,0,0,,0,0,0,,0,0,0,,0,0,0,0,
a20202f0e1b14feb90c5ec173fad0e93,5460,382786,0,0,0,,0,0,0,,0,0,0,,0,0,0,0,
976e0cf401784d3f874dc85b2b2c5839,5450,162898,317,128,1792,https://www.youtube.com/watch?v=EwnlztUDXOQ,275,108,721,https://www.youtube.com/watch?v=vxhfofqElCM,1792,1200,1792,https://www.youtube.com/watch?v=EwnlztUDXOQ,1500,0,0,0,
dc3e05e0c12b4e0a93dc230f30925ee0,5440,126515,215,172,215,https://www.youtube.com/watch?v=MfYHG4khmh8,0,0,0,,215,172,215,https://www.youtube.com/watch?v=MfYHG4khmh8,4513,205,177,250,https://www.twitch.tv/videos/1915876443
468c9630d37b4c41bb6b0305dc1143cf,5410,313167,208,101,770,https://www.youtube.com/watch?v=rmGHRwGN-Hc,208,101,770,https://www.youtube.com/watch?v=rmGHRwGN-Hc,0,0,0,,1041,0,0,0,
82e63a8d4ae14beab89e13b43b35fce3,5390,42640,860,383,6242,https://www.youtube.com/watch?v=IqwSysNDc_k,890,484,6242,https://www.youtube.com/watch?v=IqwSysNDc_k,647,306,1645,https://www.youtube.com/watch?v=3CjRdpR51J4,0,0,0,0,
b6f68e0e323f45458752f3a7ec6a08f2,5380,115527,1263,624,2779,https://www.youtube.com/watch?v=fL_wP8RhD2s,1229,565,2403,https://www.youtube.com/watch?v=e_z7QyhUm5U,1551,788,2779,https://www.youtube.com/watch?v=fL_wP8RhD2s,0,0,0,0,
0851296bdf4c4516b2506b8cce5151da,5350,514285,751,376,1270,https://www.youtube.com/watch?v=Yer5y1_dVrU,0,0,0,,751,376,1270,https://www.youtube.com/watch?v=Yer5y1_dVrU,0,0,0,0,
3c16d0b797bf49c3a4a6c043802ee2ec,5350,26853,0,0,0,,0,0,0,,0,0,0,,0,0,0,0,
0158495d5a2542a98181c2ddd21b90af,5340,105924,465,246,1433,https://www.youtube.com/watch?v=8WHdmjXWZkA,471,256,1433,https://www.youtube.com/watch?v=8WHdmjXWZkA,267,193,1122,https://www.youtube.com/watch?v=MYBxO_axrnc,0,0,0,0,
f9c9c29a9fb143539ade06564b99b233,5340,12251,130,58,397,https://www.youtube.com/watch?v=7VKP3SP9KG8,130,58,397,https://www.youtube.com/watch?v=7VKP3SP9KG8,0,0,0,,0,0,0,0,
7e088cf828bf4e02ae65bb8a1f6a8b89,5340,178868,232,60,232,https://www.youtube.com/watch?v=0BUYdJy7Rig,232,60,232,https://www.youtube.com/watch?v=0BUYdJy7Rig,0,0,0,,197,0,0,0,
0f595c5e48be4f29befb358388a61f8b,5300,80545,766,365,7424,https://www.youtube.com/watch?v=JEZHLOExDmk,761,303,2884,https://www.youtube.com/watch?v=qIorCy3dtdM,1256,883,7424,https://www.youtube.com/watch?v=JEZHLOExDmk,0,0,0,0,
effe96469a7348c786d01ccea8cf71cb,5280,138772,0,0,0,,0,0,0,,0,0,0,,0,0,0,0,
24e82c81100a446c89de043b738483e9,5270,468152,0,0,0,,0,0,0,,0,0,0,,0,0,0,0,
25938d6d61cc45379bb0b98da7924ddf,5270,76920,173,146,216,https://www.youtube.com/watch?v=BRHQA02gEkI,173,146,216,https://www.youtube.com/watch?v=BRHQA02gEkI,0,0,0,,0,0,0,0,
d5aa3e4d1b5e4346baaa0db456048bfa,5250,49491,177,118,423,https://www.youtube.com/watch?v=94_59U_Hngc,177,118,423,https://www.youtube.com/watch?v=94_59U_Hngc,152,126,262,https://www.youtube.com/watch?v=sHbx_BDJsu4,0,0,0,0,
1a3a0feb188e499ab4972c971d639f58,5220,182108,475,232,541,https://www.youtube.com/watch?v=Xt6kbn5Jrxw,469,231,524,https://www.youtube.com/watch?v=uor-qkRoQ0s,541,364,541,https://www.youtube.com/watch?v=Xt6kbn5Jrxw,0,0,0,0,
91919c2ad07a4db88e0b4cfbc1739940,5210,70638,716,309,3368,https://www.youtube.com/watch?v=9t9F-J9aLXs,716,324,3368,https://www.youtube.com/watch?v=9t9F-J9aLXs,633,117,1115,https://www.youtube.com/watch?v=sbb9mBOchJk,0,0,0,0,
fffd31d236a2479c9070bcc171bdc13d,5210,80666,260,186,395,https://www.youtube.com/watch?v=eF3fec6n8NA,260,186,395,https://www.youtube.com/watch?v=eF3fec6n8NA,0,0,0,,0,0,0,0,
61dcd0f9c508433c824c0ba221d325e0,5100,216026,0,0,0,,0,0,0,,0,0,0,,0,0,0,0,
ac2b3c839ed14b12af1acecf322a15bd,5090,133372,199,88,571,https://www.youtube.com/watch?v=9WUVU1K83_c,212,101,571,https://www.youtube.com/watch?v=9WUVU1K83_c,141,13,141,https://www.youtube.com/watch?v=tgg4lhVLRjw,0,0,0,0,
532b143e82d6452fac9a18d1d025a2af,5050,1728146,0,0,0,,0,0,0,,0,0,0,,0,0,0,0,
5b6584a73478450d9db3f44b918580fd,5040,89853,396,129,878,https://www.youtube.com/watch?v=uWSd7IycqlY,350,181,878,https://www.youtube.com/watch?v=uWSd7IycqlY,455,92,711,https://www.youtube.com/watch?v=WBMMl1298sE,0,0,0,0,
de81b740d66c439685aa37491d27efc4,4980,450562,0,0,0,,0,0,0,,0,0,0,,4236,412,318,869,https://www.twitch.tv/videos/1916739910
6fe51595bece4323917555fd738c031e,4940,6304,0,0,0,,0,0,0,,0,0,0,,1034,0,0,0,
de266b34e79c49b48fa566e9fb1a24af,4940,189422,218,88,1399,https://www.youtube.com/watch?v=wo28KqDLx6I,245,80,404,https://www.youtube.com/watch?v=ynIrf1i9P_w,175,104,1399,https://www.youtube.com/watch?v=wo28KqDLx6I,168,0,0,0,
443df65de03b4bd581708efc29b283ab,4900,65286,0,0,0,,0,0,0,,0,0,0,,2420,0,0,0,
fe1146730c9147f98f2b01f45cf242fd,4870,133146,0,0,0,,0,0,0,,0,0,0,,0,0,0,0,
350516d81d0944fd8dde463cbd4fd279,4870,362554,549,477,2805,https://www.youtube.com/watch?v=CjbWb5DHxis,0,0,0,,549,477,2805,https://www.youtube.com/watch?v=CjbWb5DHxis,0,0,0,0,
e68d9d0d1b344998b5b8adc60f321b50,4870,117200,233,79,247,https://www.youtube.com/watch?v=Q-8WZOH4_gY,233,79,247,https://www.youtube.com/watch?v=Q-8WZOH4_gY,0,0,0,,0,0,0,0,
62f0f99b50d84bef91d06efdfe1c011e,4820,17388,0,0,0,,0,0,0,,0,0,0,,0,0,0,0,
56abcaadabbe44dbbd18ab0ecfe1037f,4790,95438,493,275,1140,https://www.youtube.com/watch?v=SZcyCALYfNw,409,261,782,https://www.youtube.com/watch?v=CvSy_3hQ5lc,898,690,1140,https://www.youtube.com/watch?v=SZcyCALYfNw,0,0,0,0,
b77374e93bbf4e289a5b6082a7b43c3c,4770,64074,525,272,7980,https://www.youtube.com/watch?v=yQww7i3PM40,435,185,1158,https://www.youtube.com/watch?v=NQDrcalUyck,968,373,7980,https://www.youtube.com/watch?v=yQww7i3PM40,0,0,0,0,
e17f42aa104040deae2ee3f3b1e85ed8,4760,225311,946,372,946,https://www.youtube.com/watch?v=nOYfYmtwzco,0,0,0,,946,372,946,https://www.youtube.com/watch?v=nOYfYmtwzco,28836,0,0,0,
317c2fd320f545a1b17bda3044c9d0de,4750,343181,2591,335,43598,https://www.youtube.com/watch?v=CbVtUn--Bp4,424,335,1596,https://www.youtube.com/watch?v=sCpI51rXiS8,5283,412,43598,https://www.youtube.com/watch?v=CbVtUn--Bp4,0,0,0,0,
74c26216c39a40d1a9f1c5f63fa4d344,4740,127718,322,165,967,https://www.youtube.com/watch?v=bKaWlGZu8Bg,329,152,597,https://www.youtube.com/watch?v=D5oDRb0UuXo,244,203,967,https://www.youtube.com/watch?v=bKaWlGZu8Bg,0,0,0,0,
81387cdce77a4a9b9338145b28ae9ff6,4720,53720,0,0,0,,0,0,0,,0,0,0,,0,0,0,0,
4482e4f0cea64f92aa78b2513c7ed897,4700,291897,418,106,679,https://www.youtube.com/watch?v=8feSFoz_XLM,386,76,455,https://www.youtube.com/watch?v=evbNntggQ-s,568,118,679,https://www.youtube.com/watch?v=8feSFoz_XLM,0,0,0,0,
1af2e898b30a47518c54d7cb52ea92db,4700,132007,797,335,1009,https://www.youtube.com/watch?v=lwjMDJy2teY,797,335,1009,https://www.youtube.com/watch?v=lwjMDJy2teY,0,0,0,,0,0,0,0,
88aa589d4a3648738e49243d2056d03b,4680,123323,311,126,2309,https://www.youtube.com/watch?v=f3IWQ7tC9GA,301,112,812,https://www.youtube.com/watch?v=qurlePd46rc,326,131,2309,https://www.youtube.com/watch?v=f3IWQ7tC9GA,1128,0,0,0,
0b1217df534d441bbdeb11d5f2a6465b,4670,8549,0,0,0,,0,0,0,,0,0,0,,736,0,0,0,
1aac7d12633a48c2b8f39356ee85de48,4670,104817,0,0,0,,0,0,0,,0,0,0,,2538,0,0,0,
cb08464feb254db19b620331280e35e4,4610,204022,0,0,0,,0,0,0,,0,0,0,,0,0,0,0,
3e269031fb4b45aaa0906ca424190ce2,4580,30259,667,248,1164,https://www.youtube.com/watch?v=nv811V3j0Mg,974,279,1164,https://www.youtube.com/watch?v=nv811V3j0Mg,317,202,661,https://www.youtube.com/watch?v=eXLViWOHpvk,6777,1700,1064,2683,https://www.twitch.tv/videos/1916351059
dcbc307037cf4e76995feff3c579760c,4580,6305,0,0,0,,0,0,0,,0,0,0,,2198,0,0,0,
74213f36e573452ca8f9f1e0a72f8ee5,4580,80155,0,0,0,,0,0,0,,0,0,0,,0,0,0,0,
16197a62aec94bcfa2e73220f291369b,4560,72915,0,0,0,,0,0,0,,0,0,0,,0,0,0,0,
887b37336c9c4730809ace8b5e38df17,4560,22050,94,2,94,https://www.youtube.com/watch?v=mCrtQXJL3cU,94,2,94,https://www.youtube.com/watch?v=mCrtQXJL3cU,0,0,0,,44355,11894,4605,11894,https://www.twitch.tv/videos/1903324900
5cb1c062f5f94b44a41ae658f4a53f0c,4540,9169,0,0,0,,0,0,0,,0,0,0,,8173,1519,846,3910,https://www.twitch.tv/videos/1897687703
a11814b8fb494b0c88170f182aa37cf9,4520,81259,792,498,3086,https://www.youtube.com/watch?v=R8ZlnNHmRIA,1944,1607,2737,https://www.youtube.com/watch?v=xW35Ce79L2s,714,413,3086,https://www.youtube.com/watch?v=R8ZlnNHmRIA,0,0,0,0,
08be94e874d448f8a2794a44c61e8d8f,4510,303631,348,156,702,https://www.youtube.com/watch?v=ludOyaFhxPk,320,125,655,https://www.youtube.com/watch?v=rVhf4enAl_s,702,592,702,https://www.youtube.com/watch?v=ludOyaFhxPk,0,0,0,0,
1937fa889b474d339713d1117f435018,4510,565559,121,41,306,https://www.youtube.com/watch?v=-WQg1fsS2QY,121,40,306,https://www.youtube.com/watch?v=-WQg1fsS2QY,110,45,149,https://www.youtube.com/watch?v=mpipz3JThU0,4549,394,332,631,https://www.twitch.tv/videos/1917328072
c21605e81c714d7d9d66a627984dc30b,4480,0,0,0,0,,0,0,0,,0,0,0,,0,0,0,0,
613b1c970cbf444980eba674ab40d807,4470,142144,0,0,0,,0,0,0,,0,0,0,,0,0,0,0,
95e5788cabf340e397e2726def426229,4450,39166,131,62,341,https://www.youtube.com/watch?v=p4a2SOdSkvI,131,62,341,https://www.youtube.com/watch?v=p4a2SOdSkvI,0,0,0,,0,0,0,0,
961e233f32a24593a1628e7c79f43f12,4430,108950,0,0,0,,0,0,0,,0,0,0,,0,0,0,0,
4762b7be8b764f19a33a7cf167c2ea64,4380,28354,136,117,274,https://www.youtube.com/watch?v=8NIDfCunn7E,125,116,274,https://www.youtube.com/watch?v=8NIDfCunn7E,149,119,149,https://www.youtube.com/watch?v=21ckBy9C4nE,0,0,0,0,
281c7713c21e41bcb6e81365f328ab8c,4370,102825,393,215,1582,https://www.youtube.com/watch?v=PYIwaD55c6w,393,215,1582,https://www.youtube.com/watch?v=PYIwaD55c6w,0,0,0,,0,0,0,0,
c4470a1419984fb8aec0851f225b177a,4370,331250,374,192,464,https://www.youtube.com/watch?v=JePR8IVrm08,369,193,464,https://www.youtube.com/watch?v=JePR8IVrm08,374,27,374,https://www.youtube.com/watch?v=IEf_XKp7ClY,0,0,0,0,
16c4a9b7211a44f6b98d8e1aebf4ea70,4360,142071,231,98,912,https://www.youtube.com/watch?v=2fO1sFWYNs8,163,97,912,https://www.youtube.com/watch?v=2fO1sFWYNs8,525,243,525,https://www.youtube.com/watch?v=q4wxcvyJPKA,478,0,0,0,
36a96262405a4d4683db73d8403bf8b7,4350,245327,710,316,1454,https://www.youtube.com/watch?v=7fOPVKyEwSw,714,311,1139,https://www.youtube.com/watch?v=952ioWfNCHo,636,365,1454,https://www.youtube.com/watch?v=7fOPVKyEwSw,0,0,0,0,
2d6886120def4c148c70514433d77e1e,4350,137924,960,263,1301,https://www.youtube.com/watch?v=MNhlAxVAAFI,1171,485,1301,https://www.youtube.com/watch?v=MNhlAxVAAFI,598,244,1129,https://www.youtube.com/watch?v=ri3Q0gU4dZ8,0,0,0,0,
3ec59b8cb4114af7be754daa0b1b1ced,4340,149297,528,244,1116,https://www.youtube.com/watch?v=coa-2kCLK60,631,286,1116,https://www.youtube.com/watch?v=coa-2kCLK60,374,213,731,https://www.youtube.com/watch?v=3gbHllinGLM,0,0,0,0,
65d2f574783c4c6297aaa915a891acda,4340,13042,0,0,0,,0,0,0,,0,0,0,,0,0,0,0,
df0c2ce19ccf4e26ac1a18065f85dacc,4330,157648,341,132,1106,https://www.youtube.com/watch?v=Cy_c2hGiK_8,355,181,1106,https://www.youtube.com/watch?v=Cy_c2hGiK_8,252,71,813,https://www.youtube.com/watch?v=Yvv1SeKkvTw,0,0,0,0,
5f0afd7885894861925e7030c096297e,4330,202950,428,241,1343,https://www.youtube.com/watch?v=v9PFnMHWy6Y,404,230,1100,https://www.youtube.com/watch?v=3hQ0fn20WbE,509,372,1343,https://www.youtube.com/watch?v=v9PFnMHWy6Y,0,0,0,0,
0fa88d7be0ba4850abea150aa73fe440,4330,186152,1208,322,2193,https://www.youtube.com/watch?v=4ec7iri8xFw,1045,358,1371,https://www.youtube.com/watch?v=6BtGs8B0LTc,1419,235,2193,https://www.youtube.com/watch?v=4ec7iri8xFw,0,0,0,0,
1dd6fdbb4f764fc3a18747c8adbf0692,4310,104942,375,210,800,https://www.youtube.com/watch?v=sbBF5AgKG_k,363,204,800,https://www.youtube.com/watch?v=sbBF5AgKG_k,739,694,739,https://www.youtube.com/watch?v=1IRDwpNwGnU,0,0,0,0,
d96ffd71ce0d4f508b270703149a6669,4300,132344,231,96,512,https://www.youtube.com/watch?v=LcD9o7HWfRE,231,96,512,https://www.youtube.com/watch?v=LcD9o7HWfRE,0,0,0,,0,0,0,0,
f332651666ff4dcfab45f08a39a62d8d,4280,0,0,0,0,,0,0,0,,0,0,0,,0,0,0,0,
96fc771ccb55485bb770997ec43e1ce1,4260,81525,0,0,0,,0,0,0,,0,0,0,,0,0,0,0,
a462ab3186bc4830be89635acd0a7a1a,4220,333432,0,0,0,,0,0,0,,0,0,0,,0,0,0,0,
f4fc9f87ed4b4f05a339b1f1a1d621b6,4210,82957,294,50,294,https://www.youtube.com/watch?v=eUpPEvM20tg,294,50,294,https://www.youtube.com/watch?v=eUpPEvM20tg,0,0,0,,0,0,0,0,
592e95fcfa4e4610959b5635e449813d,4200,292254,132,124,132,https://www.youtube.com/watch?v=q5-7oXkk4ow,0,0,0,,132,124,132,https://www.youtube.com/watch?v=q5-7oXkk4ow,764,0,0,0,
49196eec11454f589d4d6e52f1b1bbe8,4190,192569,203,105,1205,https://www.youtube.com/watch?v=mvmJyGpVwfk,178,93,1205,https://www.youtube.com/watch?v=mvmJyGpVwfk,857,226,1168,https://www.youtube.com/watch?v=30NNlFQbC94,0,0,0,0,
b9569d6e438b473ba61d88c0230899f5,4170,148716,424,207,1354,https://www.youtube.com/watch?v=hskislo8J5g,424,207,1354,https://www.youtube.com/watch?v=hskislo8J5g,0,0,0,,0,0,0,0,
650652d2db7b4c1bbc27a201cff37639,4160,125402,209,152,209,https://www.youtube.com/watch?v=--V8I7kreIw,209,152,209,https://www.youtube.com/watch?v=--V8I7kreIw,0,0,0,,0,0,0,0,
c5c929e77b8d4a5d883d8287c2433949,4140,46394,121,24,231,https://www.youtube.com/watch?v=-RE_2B3pWro,214,83,231,https://www.youtube.com/watch?v=-RE_2B3pWro,37,24,121,https://www.youtube.com/watch?v=htjVfpsXMMA,1637,759,652,1032,https://www.twitch.tv/videos/1917335783
b286145fca2d498794f3688e06ecf2b0,4140,65851,44,18,75,https://www.youtube.com/watch?v=r8XtkugKFUs,41,19,51,https://www.youtube.com/watch?v=5f9-BPrPWis,75,5,75,https://www.youtube.com/watch?v=r8XtkugKFUs,0,0,0,0,
38fcf8bc7f3f45d68bab44577c019c84,4130,83438,392,134,906,https://www.youtube.com/watch?v=yhz8GqB4-Hs,351,144,906,https://www.youtube.com/watch?v=yhz8GqB4-Hs,404,66,803,https://www.youtube.com/watch?v=Yk6WlHIsxcc,0,0,0,0,
696e947cd8624e609553d6786d21f11c,4120,53874,343,147,1195,https://www.youtube.com/watch?v=WkLgrw6dIf8,343,147,1195,https://www.youtube.com/watch?v=WkLgrw6dIf8,0,0,0,,0,0,0,0,
7f72433f23da4bf8bfbf7ee3904eb7ca,4100,138081,252,96,586,https://www.youtube.com/watch?v=h95DJ7f9Ayk,325,114,586,https://www.youtube.com/watch?v=h95DJ7f9Ayk,156,43,182,https://www.youtube.com/watch?v=3g6AL9Tk5Bc,815,0,0,0,
c72226925ba94855b9fcc88fc2a25acc,4070,261358,743,354,2558,https://www.youtube.com/watch?v=WLQ8-4kM6u0,742,363,2558,https://www.youtube.com/watch?v=WLQ8-4kM6u0,2548,20,2548,https://www.youtube.com/watch?v=S87covGxSKk,0,0,0,0,
e93734c51e5141419d44dc147f1c5420,4050,213051,0,0,0,,0,0,0,,0,0,0,,0,0,0,0,
6073eb006b764614915e90b5c54ce7e6,4030,197018,0,0,0,,0,0,0,,0,0,0,,2253,411,330,609,https://www.twitch.tv/videos/1917573895
bc70de85cb744f13bffae8a81ebd6bb4,4020,90916,0,0,0,,0,0,0,,0,0,0,,0,0,0,0,
48fd85a178c24579ac7d8f43f1e5bc39,4010,143654,2169,1323,2169,https://www.youtube.com/watch?v=huJYF5H0R5s,0,0,0,,2169,1323,2169,https://www.youtube.com/watch?v=huJYF5H0R5s,202,0,0,0,
5fc94cdcf7594a3ba5ce001ba405d3be,4010,180957,210,158,663,https://www.youtube.com/watch?v=7IyKuavMoMs,204,160,663,https://www.youtube.com/watch?v=7IyKuavMoMs,307,113,307,https://www.youtube.com/watch?v=VeYHYmVxBA0,660,47,33,89,https://www.twitch.tv/videos/1911459804
1c1896c15b2e412e84b3951706eb2963,4000,15753,0,0,0,,0,0,0,,0,0,0,,0,0,0,0,
627d42f52e604f3e8eadc7f04ef74d2a,3990,61760,46,20,85,https://www.youtube.com/watch?v=qvpE1IBpPpE,48,28,85,https://www.youtube.com/watch?v=qvpE1IBpPpE,42,10,46,https://www.youtube.com/watch?v=XMVmCcCiDiQ,0,0,0,0,
bfc978fbcce54a45b531c58bad2ef6df,3980,320654,171,1,673,https://www.youtube.com/watch?v=uugbFcFmXds,153,1,631,https://www.youtube.com/watch?v=aN3E1v9raD0,246,2,673,https://www.youtube.com/watch?v=uugbFcFmXds,504,0,0,0,
a168211aa3dd451cb33e09b80df0ea0a,3960,135313,83,44,277,https://www.youtube.com/watch?v=n-GPk1pOZX8,83,44,277,https://www.youtube.com/watch?v=n-GPk1pOZX8,0,0,0,,441,21,14,21,https://www.twitch.tv/videos/1910859789
920d34819cf944e99cf469f7552d535f,3960,166852,1088,277,2935,https://www.youtube.com/watch?v=sr2JvMCB8v8,765,277,979,https://www.youtube.com/watch?v=Czoagfp_PaQ,1452,278,2935,https://www.youtube.com/watch?v=sr2JvMCB8v8,0,0,0,0,
99cc071a06b949bf8515609757fa9d7e,3930,152348,99,44,131,https://www.youtube.com/watch?v=SZtulQfMhv0,99,44,131,https://www.youtube.com/watch?v=SZtulQfMhv0,0,0,0,,479,0,0,0,
b211eff7fcd04d47b81ed440890edabb,3920,95487,0,0,0,,0,0,0,,0,0,0,,410,0,0,0,
7a41133adec34fe1ad2cdbf1749e154f,3900,0,0,0,0,,0,0,0,,0,0,0,,12388,0,0,0,
9b11be3138284ff3904d3292d6aaa284,3890,156260,296,120,676,https://www.youtube.com/watch?v=NVW6pbYQ_YA,296,120,676,https://www.youtube.com/watch?v=NVW6pbYQ_YA,360,157,481,https://www.youtube.com/watch?v=kFKjE8tpQfw,0,0,0,0,
a51be890a1f443ea87bee45c9d8acf13,3880,360913,421,237,502,https://www.youtube.com/watch?v=OL8A0feEjQY,0,0,0,,421,237,502,https://www.youtube.com/watch?v=OL8A0feEjQY,11372,2035,871,2419,https://www.twitch.tv/videos/1918331898
a99bc695c89d41e391a5abf6e781c911,3840,155371,409,270,782,https://www.youtube.com/watch?v=M2-U9uwCntk,134,58,409,https://www.youtube.com/watch?v=DXOMkfz-Cq8,650,353,782,https://www.youtube.com/watch?v=M2-U9uwCntk,0,0,0,0,
d9e5219a4cd84ac59bc35faa94729f01,3840,88527,700,224,8540,https://www.youtube.com/watch?v=Ijk4SYPnUbY,0,0,0,,700,224,8540,https://www.youtube.com/watch?v=Ijk4SYPnUbY,6408,504,283,1775,https://www.twitch.tv/videos/1908785320
d2a7b2d142ea4076afcfc7263b9e09fd,3830,188910,400,271,470,https://www.youtube.com/watch?v=dmyrs047nfQ,382,326,433,https://www.youtube.com/watch?v=seAH1N9EDQk,400,96,470,https://www.youtube.com/watch?v=dmyrs047nfQ,574,0,0,0,
4cd21df2b76148b182903cc0aebe2bfa,3820,101612,260,87,448,https://www.youtube.com/watch?v=cOsJIa6-f2s,253,128,448,https://www.youtube.com/watch?v=cOsJIa6-f2s,427,87,427,https://www.youtube.com/watch?v=aNr1n7C9eh4,0,0,0,0,
8faff7aecb9d4e12917ea0144696e2de,3820,61957,558,258,2838,https://www.youtube.com/watch?v=6dsExKkiuy4,551,226,1623,https://www.youtube.com/watch?v=2OtQCdlgCyI,575,323,2838,https://www.youtube.com/watch?v=6dsExKkiuy4,0,0,0,0,
925d91a363914edfb035fe6c08946be9,3810,80088,221,136,426,https://www.youtube.com/watch?v=exJvVu0iitY,221,136,426,https://www.youtube.com/watch?v=exJvVu0iitY,0,0,0,,0,0,0,0,
7f9d223a684e44e8b8d30bedcc07f1fa,3790,96066,246,84,2789,https://www.youtube.com/watch?v=yVkdLhauR7g,325,110,506,https://www.youtube.com/watch?v=zQ7BhPoe4dc,203,62,2789,https://www.youtube.com/watch?v=yVkdLhauR7g,0,0,0,0,
0249265256814f61978f6d492fe1c15d,3790,59358,381,175,1124,https://www.youtube.com/watch?v=xPQsZBn8OaI,448,217,1124,https://www.youtube.com/watch?v=xPQsZBn8OaI,207,107,279,https://www.youtube.com/watch?v=jAfJd13GGwY,0,0,0,0,
9e213402f2f54c42866d4f62545921b4,3770,56929,177,156,234,https://www.youtube.com/watch?v=5n7IT_m8tpk,177,156,234,https://www.youtube.com/watch?v=5n7IT_m8tpk,0,0,0,,352,0,0,0,
757f1b20f7bd459ebd8949da907dceea,3760,149367,137,58,213,https://www.youtube.com/watch?v=_ZX2_Gn2WvA,149,63,213,https://www.youtube.com/watch?v=_ZX2_Gn2WvA,118,48,193,https://www.youtube.com/watch?v=UyQ-L-cZeCE,0,0,0,0,
e9a9d88bf69e4c83842fe05b3ae1601b,3760,111178,325,213,2617,https://www.youtube.com/watch?v=wvw4ZsPgK6I,316,231,405,https://www.youtube.com/watch?v=XQ11bf5D3U4,325,213,2617,https://www.youtube.com/watch?v=wvw4ZsPgK6I,0,0,0,0,
d41f0a9dfdec46929f6f9534f8d79167,3750,24879,520,240,520,https://www.youtube.com/watch?v=HduvbQHfO1o,520,240,520,https://www.youtube.com/watch?v=HduvbQHfO1o,0,0,0,,0,0,0,0,
4fd21f7726694ecfb8e81e5352487a7b,3740,115399,294,220,506,https://www.youtube.com/watch?v=PuvG-ep_xfc,294,220,506,https://www.youtube.com/watch?v=PuvG-ep_xfc,0,0,0,,0,0,0,0,
1b075296e7774f4089c84e663a469197,3740,2677,354,280,354,https://www.youtube.com/watch?v=0syXopn6_9Y,354,280,354,https://www.youtube.com/watch?v=0syXopn6_9Y,0,0,0,,3436,379,286,499,https://www.twitch.tv/videos/1912497953
f9c7e5b8bcae492aa838379fb3190c20,3730,112535,341,222,869,https://www.youtube.com/watch?v=-xyFWDXNQiE,341,222,869,https://www.youtube.com/watch?v=-xyFWDXNQiE,0,0,0,,0,0,0,0,
6eec62ae2c9849de8ca895cef44ec952,3720,127007,229,99,526,https://www.youtube.com/watch?v=8lsnAE1yeM0,236,88,526,https://www.youtube.com/watch?v=8lsnAE1yeM0,172,153,243,https://www.youtube.com/watch?v=O1wRalMmcGA,703,132,84,132,https://www.twitch.tv/videos/1909959211
9db6beb02e774aa7a97ba8674a5a8f9d,3720,71122,0,0,0,,0,0,0,,0,0,0,,68,0,0,0,
703ae2c7ccc9431382a5b0f2c35e6ec1,3710,46876,742,329,1775,https://www.youtube.com/watch?v=3HtL_XIunOk,771,341,1775,https://www.youtube.com/watch?v=3HtL_XIunOk,555,130,742,https://www.youtube.com/watch?v=YcGxT_Mdark,0,0,0,0,
ec4bc8d279af43eaba4679b762bbbc59,3710,72417,610,442,2486,https://www.youtube.com/watch?v=nc5pVYpCN9o,769,399,2486,https://www.youtube.com/watch?v=nc5pVYpCN9o,588,507,632,https://www.youtube.com/watch?v=0h01YQze3dM,0,0,0,0,
9f6a577ab2ab4beba810a02fffc98cee,3710,221361,0,0,0,,0,0,0,,0,0,0,,0,0,0,0,
2ada3b89962b479bb8dbd2a63bca5da1,3700,156729,154,63,435,https://www.youtube.com/watch?v=2sUN-60eqoU,154,89,405,https://www.youtube.com/watch?v=4Lw-D9mBBNo,279,30,435,https://www.youtube.com/watch?v=2sUN-60eqoU,0,0,0,0,
420208d1dcb74abfa325fc1f6a27e17b,3690,135568,349,170,1586,https://www.youtube.com/watch?v=2u_gc9jRnnA,343,176,585,https://www.youtube.com/watch?v=wUkYRm_LyiU,1586,170,1586,https://www.youtube.com/watch?v=2u_gc9jRnnA,1148,0,0,0,
1158cc8efbb64d169dd3f2c9512c5bb5,3680,56795,533,267,1163,https://www.youtube.com/watch?v=K_vjtwlt6mw,541,250,1163,https://www.youtube.com/watch?v=K_vjtwlt6mw,394,343,954,https://www.youtube.com/watch?v=sbPoMLE37OE,0,0,0,0,
b6a105f12b904256ba356935ae46657f,3680,60847,312,69,335,https://www.youtube.com/watch?v=d7so8JphuPc,312,69,335,https://www.youtube.com/watch?v=d7so8JphuPc,0,0,0,,6803,481,405,617,https://www.twitch.tv/videos/1915032145
ebc44e2ba78f4790b832d02c31410262,3670,90322,348,179,814,https://www.youtube.com/watch?v=2Gb-FgrUsME,414,225,814,https://www.youtube.com/watch?v=2Gb-FgrUsME,227,89,357,https://www.youtube.com/watch?v=9czA2RZr_Ps,0,0,0,0,
381bb87f90794f2a909775a87c192dc5,3630,56738,0,0,0,,0,0,0,,0,0,0,,4826,518,427,632,https://www.twitch.tv/videos/1910810545
94082eb7d950471b934592394ad3e4c8,3610,92700,481,298,1100,https://www.youtube.com/watch?v=oRp2hOvJ1dQ,481,298,1100,https://www.youtube.com/watch?v=oRp2hOvJ1dQ,0,0,0,,0,0,0,0,
cf648a09bdbc45429f4fae7dfff1a040,3610,144499,0,0,0,,0,0,0,,0,0,0,,7316,327,224,335,https://www.twitch.tv/videos/1914097757
4b79f7afd84a42b98d11bd1c5cb6478c,3610,116701,135,43,1091,https://www.youtube.com/watch?v=zt-rVtLyO1k,136,37,136,https://www.youtube.com/watch?v=OY9HlpsKMWY,135,46,1091,https://www.youtube.com/watch?v=zt-rVtLyO1k,0,0,0,0,
cd44db2c12a54568963299704aa8d4a6,3590,88381,215,167,215,https://www.youtube.com/watch?v=3XuTlXlSTj0,215,167,215,https://www.youtube.com/watch?v=3XuTlXlSTj0,0,0,0,,0,0,0,0,
76cafd8f4f5e41cbad5e0520520fcc1b,3590,143527,0,0,0,,0,0,0,,0,0,0,,0,0,0,0,
1f2b5204983b4d5ebe0a9352de3a66f6,3590,64591,203,143,317,https://www.youtube.com/watch?v=jtxo91Hencs,317,278,317,https://www.youtube.com/watch?v=jtxo91Hencs,201,136,273,https://www.youtube.com/watch?v=LgAZyWJezM0,0,0,0,0,
069ca07d5dd84cd3bf42e21a085d98fb,3570,24214,0,0,0,,0,0,0,,0,0,0,,184,0,0,0,
601b56797a3246f49cead93e9e190a49,3570,136245,0,0,0,,0,0,0,,0,0,0,,0,0,0,0,
3727892a417b429aa063c7300e132966,3560,195697,0,0,0,,0,0,0,,0,0,0,,0,0,0,0,
c9ac78b9004c4c26ba4107ccefe399ec,3560,131913,106,57,234,https://www.youtube.com/watch?v=ybq4S5i3bWw,108,59,234,https://www.youtube.com/watch?v=ybq4S5i3bWw,25,24,25,https://www.youtube.com/watch?v=Zejc3zhocNo,0,0,0,0,
7f049d05ff3a4946998b9ddd7df409fd,3550,95484,207,55,225,https://www.youtube.com/watch?v=sPS5jnPEazs,207,55,225,https://www.youtube.com/watch?v=sPS5jnPEazs,0,0,0,,1432,193,166,193,https://www.twitch.tv/videos/1915848595
836fc798e2ec48b9985333de75d490ac,3550,188167,497,244,1458,https://www.youtube.com/watch?v=rSz3cmB-VIU,685,328,1458,https://www.youtube.com/watch?v=rSz3cmB-VIU,414,174,762,https://www.youtube.com/watch?v=sIeB31Lq4Sw,0,0,0,0,
e1b2337b79d1449e9ae6a754ec74050d,3530,344527,538,400,2052,https://www.youtube.com/watch?v=RLOYcjAZi34,653,434,2052,https://www.youtube.com/watch?v=RLOYcjAZi34,274,177,293,https://www.youtube.com/watch?v=TH8l4t0EOVQ,0,0,0,0,
f7b1eada802e4ed89c306c6641d243b3,3500,110456,157,93,1357,https://www.youtube.com/watch?v=alEF8FuBW30,146,92,289,https://www.youtube.com/watch?v=ZZn7LQPyz9s,1357,915,1357,https://www.youtube.com/watch?v=alEF8FuBW30,0,0,0,0,
7748d3ab76f34e06abb9d116bb432de2,3500,105350,318,124,318,https://www.youtube.com/watch?v=524iw1XRhFM,318,124,318,https://www.youtube.com/watch?v=524iw1XRhFM,0,0,0,,1604,258,173,407,https://www.twitch.tv/videos/1909002540
fe1d3152398b44e39d69f7ef78e73a8c,3490,49181,549,246,2325,https://www.youtube.com/watch?v=Ko46rUGuRes,529,239,2325,https://www.youtube.com/watch?v=Ko46rUGuRes,1225,289,1225,https://www.youtube.com/watch?v=ASkjUlgbbKQ,0,0,0,0,
98187e2cc8c34f5d8e0853bffc1a30c9,3470,90940,278,158,310,https://www.youtube.com/watch?v=Zb06CCGJy_Y,276,169,280,https://www.youtube.com/watch?v=--8B8mxHoc4,310,148,310,https://www.youtube.com/watch?v=Zb06CCGJy_Y,0,0,0,0,
ccc1420185ad46d49d40b6b774db9b11,3460,127017,85,28,254,https://www.youtube.com/watch?v=B199ZyPlTJY,86,41,254,https://www.youtube.com/watch?v=B199ZyPlTJY,35,22,35,https://www.youtube.com/watch?v=lIgDZrF1fVM,522,72,54,252,https://www.twitch.tv/videos/1916893408
ea7d228d8fb2462f95aef21fc5bd4fb8,3460,375589,656,366,1224,https://www.youtube.com/watch?v=cMXHjG7fMP8,663,370,1224,https://www.youtube.com/watch?v=cMXHjG7fMP8,526,178,526,https://www.youtube.com/watch?v=lRfQgi3aQsQ,0,0,0,0,
2e266a71aa3d4a67bb8d9a2a0b573319,3450,139576,519,264,4888,https://www.youtube.com/watch?v=j-D0HgjHmQo,0,0,0,,519,264,4888,https://www.youtube.com/watch?v=j-D0HgjHmQo,32889,8971,4940,44123,https://www.twitch.tv/videos/1905234158
3bcfb277595f489ba52734d6f21c08e1,3430,0,0,0,0,,0,0,0,,0,0,0,,0,0,0,0,
427956ab929c4d36afca5ad8245aad8d,3390,107455,0,0,0,,0,0,0,,0,0,0,,0,0,0,0,
33717d815310491da465eb6258a70b1c,3380,132937,253,119,425,https://www.youtube.com/watch?v=QUJjZI89ayk,257,124,425,https://www.youtube.com/watch?v=QUJjZI89ayk,58,48,58,https://www.youtube.com/watch?v=IcEnDcfSzlk,0,0,0,0,
4720c4b95e7d4cbea3f5a0a5e523fe4d,3380,105792,0,0,0,,0,0,0,,0,0,0,,0,0,0,0,
288f2fba52bf4d6b9e0ba66e03439837,3340,60563,0,0,0,,0,0,0,,0,0,0,,2161,210,86,481,https://www.twitch.tv/videos/1902761653
bddcd7d262a2434f9b6d77150fbbc72c,3340,42261,0,0,0,,0,0,0,,0,0,0,,0,0,0,0,
8309d31b418642db83f0cf56b38fc9ad,3310,193586,345,229,599,https://www.youtube.com/watch?v=83_AybOiIFE,371,229,599,https://www.youtube.com/watch?v=83_AybOiIFE,204,157,281,https://www.youtube.com/watch?v=rt6VQgSa-F4,64,0,0,0,
342b158ba02d4103a1407d62fe786f5e,3300,122752,59,41,237,https://www.youtube.com/watch?v=bOPW7BBwGvg,0,0,0,,59,41,237,https://www.youtube.com/watch?v=bOPW7BBwGvg,1600,134,105,176,https://www.twitch.tv/videos/1918550392
9b7787138fbe451d8422480d0bb04bdf,3300,57050,0,0,0,,0,0,0,,0,0,0,,0,0,0,0,
2a3824dd5c0a46f597b27dd183283aea,3270,247064,170,85,2069,https://www.youtube.com/watch?v=H0kUDs8fiCM,147,76,694,https://www.youtube.com/watch?v=u5hPl28u-xU,483,279,2069,https://www.youtube.com/watch?v=H0kUDs8fiCM,0,0,0,0,
4fd17e8877024633876c5d85bc81e56b,3270,128685,644,254,1934,https://www.youtube.com/watch?v=MDg5fQu0khg,598,202,1934,https://www.youtube.com/watch?v=MDg5fQu0khg,692,440,1018,https://www.youtube.com/watch?v=7wxug5Dmh1Q,0,0,0,0,
86154ca2dc964847b37297138aa65b9f,3260,93525,181,91,335,https://www.youtube.com/watch?v=R4EFH6jiqkw,181,91,335,https://www.youtube.com/watch?v=R4EFH6jiqkw,0,0,0,,912,0,0,0,
77e980ab542a4db6a34b5ac9c8f3948b,3250,114303,265,148,7122,https://www.youtube.com/watch?v=VsKvZuHdDJs,248,132,602,https://www.youtube.com/watch?v=nKiH6f1rwws,3758,2916,7122,https://www.youtube.com/watch?v=VsKvZuHdDJs,478,157,84,157,https://www.twitch.tv/videos/1907220927
ea62d2e6bc854e7a81b01a2362be310f,3230,197554,258,115,258,https://www.youtube.com/watch?v=2LB2_BWjKpo,258,115,258,https://www.youtube.com/watch?v=2LB2_BWjKpo,0,0,0,,351,0,0,0,
e11a32eec71e4b49aba5525ba012a02a,3220,62909,419,198,1987,https://www.youtube.com/watch?v=y6I3DUd1P9I,405,190,1235,https://www.youtube.com/watch?v=kU-hiw_0awM,1112,365,1987,https://www.youtube.com/watch?v=y6I3DUd1P9I,0,0,0,0,
fe8ee7b57ae74a1388127b81b136c7ea,3220,76145,101,90,128,https://www.youtube.com/watch?v=vQJ5V_am2k8,101,90,128,https://www.youtube.com/watch?v=vQJ5V_am2k8,0,0,0,,449,0,0,0,
8e249f04f6cb48bda24f1513a472f4d8,3210,150110,227,221,227,https://www.youtube.com/watch?v=btynhjtSeuQ,227,221,227,https://www.youtube.com/watch?v=btynhjtSeuQ,0,0,0,,0,0,0,0,
67fdbfa65ee94cc688783102ef4f1ce5,3200,29640,0,0,0,,0,0,0,,0,0,0,,0,0,0,0,
99c16e8b8a8540d191a2dacac43f1fa3,3200,60861,0,0,0,,0,0,0,,0,0,0,,0,0,0,0,
f985903969ad4e8b839e919aabe94480,3190,148376,295,138,1249,https://www.youtube.com/watch?v=w-9twCuVTX0,279,128,786,https://www.youtube.com/watch?v=B5G1JDQgH20,626,263,1249,https://www.youtube.com/watch?v=w-9twCuVTX0,0,0,0,0,
4bfaeda5b1f242959a992d6ad8b8a036,3180,112967,91,37,126,https://www.youtube.com/watch?v=yECFwmfCfY4,91,37,126,https://www.youtube.com/watch?v=yECFwmfCfY4,0,0,0,,345,0,0,0,
8d5345223f364c7d8cc7203ee0ffafd6,3180,195028,184,70,242,https://www.youtube.com/watch?v=xBRnRjvf2sU,184,70,242,https://www.youtube.com/watch?v=xBRnRjvf2sU,0,0,0,,0,0,0,0,
59c0d89447d54786966ba8ecd5649d63,3170,103467,69,34,218,https://www.youtube.com/watch?v=WKj52Eg2L5w,75,36,174,https://www.youtube.com/watch?v=KzvxbUTR818,63,34,218,https://www.youtube.com/watch?v=WKj52Eg2L5w,792,0,0,0,
54b0131ceb734643b23b1eefee31cca0,3160,196543,269,35,429,https://www.youtube.com/watch?v=h24Lw7qk5Po,0,0,0,,269,35,429,https://www.youtube.com/watch?v=h24Lw7qk5Po,739,0,0,0,
65a06925c0fa47649984627f5989ab1c,3160,99909,376,64,376,https://www.youtube.com/watch?v=fuSiee9S67k,376,64,376,https://www.youtube.com/watch?v=fuSiee9S67k,0,0,0,,0,0,0,0,
62e820e937ef4f4aaea0073bc5b21063,3160,39995,599,330,16478,https://www.youtube.com/watch?v=AqSmC8mVQrg,573,322,2949,https://www.youtube.com/watch?v=UHfrXFPdJhY,16478,5692,16478,https://www.youtube.com/watch?v=AqSmC8mVQrg,0,0,0,0,
07b9e0f7118446be96cc2d12f5d8ad02,3150,114020,374,162,374,https://www.youtube.com/watch?v=9kmBQf6lDU0,0,0,0,,374,162,374,https://www.youtube.com/watch?v=9kmBQf6lDU0,11230,891,431,2197,https://www.twitch.tv/videos/1899979947
7ebc0dc9fdf3442688ecd63bbdc30c51,3140,83034,445,169,730,https://www.youtube.com/watch?v=O03z6MQPyqA,445,169,730,https://www.youtube.com/watch?v=O03z6MQPyqA,0,0,0,,0,0,0,0,
c66b9a1fe8bf44e388e9452285e5421e,3140,30637,0,0,0,,0,0,0,,0,0,0,,0,0,0,0,
c90914afde364f5e982414615662f5a7,3140,217309,499,284,852,https://www.youtube.com/watch?v=IE5brOGOQrg,390,291,852,https://www.youtube.com/watch?v=IE5brOGOQrg,827,116,827,https://www.youtube.com/watch?v=6OqcKvR4Icg,596,0,0,0,
99d1a2e0c8c047d2ad998e02d4dd9621,3110,87641,0,0,0,,0,0,0,,0,0,0,,0,0,0,0,
55be1972142c44799f83ce3db4f14fbd,3110,91410,650,271,7688,https://www.youtube.com/watch?v=iie9GJt8iQw,311,172,866,https://www.youtube.com/watch?v=0d-5Iz-SfTQ,1226,741,7688,https://www.youtube.com/watch?v=iie9GJt8iQw,0,0,0,0,
c321746bebe740cb98625ca4cf6fb9a7,3090,66420,233,103,285,https://www.youtube.com/watch?v=TCjv1zwyO4I,182,100,285,https://www.youtube.com/watch?v=TCjv1zwyO4I,277,158,277,https://www.youtube.com/watch?v=vdZfD7Uymm4,0,0,0,0,
bf58297d50a741e5b1808ec4c445f216,3090,69394,213,69,367,https://www.youtube.com/watch?v=1tR_NNsEO3g,199,90,290,https://www.youtube.com/watch?v=bLy3dWdtA7I,367,39,367,https://www.youtube.com/watch?v=1tR_NNsEO3g,0,0,0,0,
9335c3076be84149abfbef91ac0e9e68,3090,107976,0,0,0,,0,0,0,,0,0,0,,0,0,0,0,
0471d5082a2e419786e141d6424c9150,3060,82930,236,106,3107,https://www.youtube.com/watch?v=GRdjdb6deak,269,165,373,https://www.youtube.com/watch?v=vOHjB7FWq0c,153,79,3107,https://www.youtube.com/watch?v=GRdjdb6deak,5218,817,474,1407,https://www.twitch.tv/videos/1915885258
4d01ec47d0804a47a9fef6d9d01d9c29,3050,82091,494,451,494,https://www.youtube.com/watch?v=6MbVtvauv2E,494,451,494,https://www.youtube.com/watch?v=6MbVtvauv2E,0,0,0,,1855,127,111,299,https://www.twitch.tv/videos/1907067526
ef67b676c0334ef182151f473469c1f1,3050,79434,284,137,1253,https://www.youtube.com/watch?v=YbruYt1mIbU,357,137,1253,https://www.youtube.com/watch?v=YbruYt1mIbU,254,94,258,https://www.youtube.com/watch?v=Tx1jtr_Gn0U,0,0,0,0,
c9510d2324d34b6fbd19ce627bf2bbac,3030,0,0,0,0,,0,0,0,,0,0,0,,0,0,0,0,
038ee6280ef742bcad8450ad52049944,3010,194065,131,55,162,https://www.youtube.com/watch?v=Fv4DNlCJ34U,131,55,162,https://www.youtube.com/watch?v=Fv4DNlCJ34U,0,0,0,,0,0,0,0,
1f54eafd17434cd9bd175d27b72c2228,3000,87994,218,164,795,https://www.youtube.com/watch?v=WEG2kVXhaKA,230,174,795,https://www.youtube.com/watch?v=WEG2kVXhaKA,216,139,404,https://www.youtube.com/watch?v=BrFb6na8On8,0,0,0,0,
8c6bc741e4614154a63e987f930a468d,2990,79702,373,177,1420,https://www.youtube.com/watch?v=KRj6a7PBYl8,373,177,964,https://www.youtube.com/watch?v=clTFyU9DY6A,736,464,1420,https://www.youtube.com/watch?v=KRj6a7PBYl8,0,0,0,0,
1a520f3d2665454f985490e42467ae27,2990,69293,256,113,2929,https://www.youtube.com/watch?v=czIiEjsC-Vw,247,107,491,https://www.youtube.com/watch?v=vQUNIYHgtQY,715,361,2929,https://www.youtube.com/watch?v=czIiEjsC-Vw,0,0,0,0,
52b5fa7ff03945368644f52035a5e798,2990,166443,70,47,230,https://www.youtube.com/watch?v=MTOCAptoqp4,66,47,102,https://www.youtube.com/watch?v=5vwLAd9QIF8,171,80,230,https://www.youtube.com/watch?v=MTOCAptoqp4,0,0,0,0,
70a7428607b845fc959fb7d4859d018b,2990,179979,385,154,804,https://www.youtube.com/watch?v=FOGuAJBccd4,0,0,0,,385,154,804,https://www.youtube.com/watch?v=FOGuAJBccd4,18961,782,505,1249,https://www.twitch.tv/videos/1912433027
7a0c5fe0fe2f4427afe500c85ec958cb,2970,191580,0,0,0,,0,0,0,,0,0,0,,0,0,0,0,
7aca9b05fe654223a3702531383002a8,2960,37499,0,0,0,,0,0,0,,0,0,0,,2352,212,143,804,https://www.twitch.tv/videos/1914945617
63f45366143549d8a2d26406445e0077,2950,113965,1274,1075,1274,https://www.youtube.com/watch?v=DLgLFy3H2Jo,1274,1075,1274,https://www.youtube.com/watch?v=DLgLFy3H2Jo,0,0,0,,0,0,0,0,
a97d7491246145a5a7e224d6bd010f9b,2950,84961,0,0,0,,0,0,0,,0,0,0,,0,0,0,0,
c28d59f83d9345de91d208cf7732bac5,2940,68818,0,0,0,,0,0,0,,0,0,0,,0,0,0,0,
c7a3d726bb4243cabb70dfd1e9545cd0,2930,115248,163,102,185,https://www.youtube.com/watch?v=e7CPs7Z8lRU,163,102,185,https://www.youtube.com/watch?v=e7CPs7Z8lRU,0,0,0,,0,0,0,0,
c17ad3ef81904c26982024c9af1f0f3a,2930,103401,121,69,2592,https://www.youtube.com/watch?v=Bl2RedIix6Y,108,65,134,https://www.youtube.com/watch?v=xNRPgquiikA,2592,1969,2592,https://www.youtube.com/watch?v=Bl2RedIix6Y,2835,219,163,315,https://www.twitch.tv/videos/1918475211
2ceecb98e47845eab5e3d8d33bd53895,2910,79308,284,258,286,https://www.youtube.com/watch?v=blTlNqSWcxI,284,258,286,https://www.youtube.com/watch?v=blTlNqSWcxI,0,0,0,,0,0,0,0,
8b69d6c508194b93b14fc056038160ab,2900,71505,503,419,503,https://www.youtube.com/watch?v=BgNchaRXyck,503,419,503,https://www.youtube.com/watch?v=BgNchaRXyck,0,0,0,,1526,0,0,0,
bdaa84ad3c7841d6a9ec8774ed9d40a9,2890,37047,317,165,542,https://www.youtube.com/watch?v=D9YZdnf52_U,342,221,542,https://www.youtube.com/watch?v=D9YZdnf52_U,317,97,332,https://www.youtube.com/watch?v=BwrevIGNeHY,0,0,0,0,
f53807443055490f87b85ded6caee0aa,2880,103483,276,128,1187,https://www.youtube.com/watch?v=XXAX_ScI3pc,278,127,1187,https://www.youtube.com/watch?v=XXAX_ScI3pc,190,152,190,https://www.youtube.com/watch?v=5o12knCqDMI,297,0,0,0,
96be1e561acd4a75817c6424d9d4f9f0,2870,105748,0,0,0,,0,0,0,,0,0,0,,3216,381,337,553,https://www.twitch.tv/videos/1914975373
20f361a84fb3439999c550c10fcf5642,2860,58161,228,208,228,https://www.youtube.com/watch?v=EY8S2_TYc78,228,208,228,https://www.youtube.com/watch?v=EY8S2_TYc78,0,0,0,,1176,0,0,0,
5fb934ba9c8642d1bf932cb58a43f60d,2850,33800,289,101,568,https://www.youtube.com/watch?v=4gbno6jBoGU,322,129,568,https://www.youtube.com/watch?v=4gbno6jBoGU,132,80,137,https://www.youtube.com/watch?v=RpEqhJY3_z4,0,0,0,0,
e810dcd23c334fd184d254718517764e,2850,175723,0,0,0,,0,0,0,,0,0,0,,0,0,0,0,
88f782b3b6c6492c926f70e4a13390c9,2840,68630,663,345,4622,https://www.youtube.com/watch?v=6dFtxXOlJKw,491,346,1117,https://www.youtube.com/watch?v=M0vE36i_rlM,1192,345,4622,https://www.youtube.com/watch?v=6dFtxXOlJKw,0,0,0,0,
3e340f9122814acc84ff51a0aec8ae13,2840,49740,225,91,584,https://www.youtube.com/watch?v=ztiPCjiS4Dg,228,81,584,https://www.youtube.com/watch?v=ztiPCjiS4Dg,132,101,132,https://www.youtube.com/watch?v=rebsnvlmjuE,0,0,0,0,
7e957469a0c2404fa4a863ed9f75945c,2830,103281,134,67,246,https://www.youtube.com/watch?v=rClJW97SpaQ,134,67,246,https://www.youtube.com/watch?v=rClJW97SpaQ,0,0,0,,0,0,0,0,
a6c4761937864c6ebe68b14ca475c19b,2830,106497,0,0,0,,0,0,0,,0,0,0,,0,0,0,0,
caebfeea12c840f0ae0f0e2beb57b4e2,2820,122520,0,0,0,,0,0,0,,0,0,0,,0,0,0,0,
bee9506c5d714205bfc69573280852c2,2810,0,0,0,0,,0,0,0,,0,0,0,,1448,178,140,335,https://www.twitch.tv/videos/1915785557
7ddebf4d8f6d4c63a4fc7268d8113c10,2780,21901,0,0,0,,0,0,0,,0,0,0,,2353,583,427,1422,https://www.twitch.tv/videos/1913318223
558d8602fdeb4f3cb4ce484babb30577,2780,63466,196,90,700,https://www.youtube.com/watch?v=tTAJSQKy0a4,196,90,700,https://www.youtube.com/watch?v=tTAJSQKy0a4,0,0,0,,0,0,0,0,
0e8150c7419f4c1d94d8ccfb41a04280,2770,219176,279,175,514,https://www.youtube.com/watch?v=uuwzsesj8nQ,279,175,514,https://www.youtube.com/watch?v=uuwzsesj8nQ,0,0,0,,0,0,0,0,
c897f2f0ae414985aa623bfe2dfe8f1c,2770,60561,116,55,420,https://www.youtube.com/watch?v=NFoOCk8_kog,118,54,420,https://www.youtube.com/watch?v=NFoOCk8_kog,85,56,85,https://www.youtube.com/watch?v=m45CWvkfKww,0,0,0,0,
9ceaafbe1a9a41bb9526b113354e03cc,2760,190448,152,77,3037,https://www.youtube.com/watch?v=sYdBljeLij8,200,71,227,https://www.youtube.com/watch?v=LpXvpsQQlak,147,82,3037,https://www.youtube.com/watch?v=sYdBljeLij8,0,0,0,0,
06e9953eb191486d979e6b92b6601d9a,2750,808023,3,2,142,https://www.youtube.com/watch?v=Ox8o6oMTvbk,0,0,0,,3,2,142,https://www.youtube.com/watch?v=Ox8o6oMTvbk,2270,0,0,0,
bf48aafcc9464111b358a4595cc7311c,2750,53540,218,128,2179,https://www.youtube.com/watch?v=nJ5i90CxZHI,206,101,322,https://www.youtube.com/watch?v=3gHv1ZlbKp4,2179,1785,2179,https://www.youtube.com/watch?v=nJ5i90CxZHI,0,0,0,0,
f2ad5f187c9141ab8830b8eaf81c3aee,2740,131628,389,157,687,https://www.youtube.com/watch?v=arXM8wgapw8,389,157,687,https://www.youtube.com/watch?v=arXM8wgapw8,0,0,0,,0,0,0,0,
7ef2dc851df94f5aa7f632c736b4307e,2740,190943,580,149,831,https://www.youtube.com/watch?v=bx19-v3G0IA,664,214,831,https://www.youtube.com/watch?v=bx19-v3G0IA,166,54,166,https://www.youtube.com/watch?v=gNWl0IUnXBM,0,0,0,0,
53707f0116dc4fca8614ac7139e40b83,2720,153976,63,32,152,https://www.youtube.com/watch?v=HPWX8yl0VZM,63,38,152,https://www.youtube.com/watch?v=HPWX8yl0VZM,60,5,143,https://www.youtube.com/watch?v=1ddzjbt4iBg,2960,263,203,491,https://www.twitch.tv/videos/1915087491
7667228c716242d787e1e9cf37224896,2720,91421,143,27,1712,https://www.youtube.com/watch?v=bN2JkclKCWk,143,27,1712,https://www.youtube.com/watch?v=bN2JkclKCWk,0,0,0,,0,0,0,0,
97cb83f1afcc4dd083f2f89f12477014,2700,67220,137,46,315,https://www.youtube.com/watch?v=zJUrAL_wy6E,139,47,285,https://www.youtube.com/watch?v=GCvXTsyAaRE,136,23,315,https://www.youtube.com/watch?v=zJUrAL_wy6E,0,0,0,0,
543d63ab162746ee93d723ed4a79ba8d,2690,187572,150,87,240,https://www.youtube.com/watch?v=euPDM9BL4k0,141,84,240,https://www.youtube.com/watch?v=euPDM9BL4k0,150,111,150,https://www.youtube.com/watch?v=AZNceOJXZyI,0,0,0,0,
fbf616b4f812413dbe6b156c8a9d5e5f,2690,68739,217,90,224,https://www.youtube.com/watch?v=KvmmbJfn3WU,217,90,224,https://www.youtube.com/watch?v=KvmmbJfn3WU,0,0,0,,0,0,0,0,
15bb576dcd8d45d397905a896e3e25f8,2680,74298,0,0,0,,0,0,0,,0,0,0,,0,0,0,0,
19c3bdcc95134ef38ad98df3f92f3ccb,2680,107380,282,173,509,https://www.youtube.com/watch?v=4pIkGGHZy74,282,173,509,https://www.youtube.com/watch?v=4pIkGGHZy74,0,0,0,,335,51,38,80,https://www.twitch.tv/videos/1911650916
d0e0745dd98a4cab9c5e4ff43e3d246f,2670,77251,0,0,0,,0,0,0,,0,0,0,,0,0,0,0,
c40a8ff66b3348dc8459766b74846feb,2670,0,0,0,0,,0,0,0,,0,0,0,,1625,0,0,0,
a246e7561e5f40799a48eeca69951b7b,2660,107323,160,73,308,https://www.youtube.com/watch?v=OK8JDbY9l9E,167,61,308,https://www.youtube.com/watch?v=OK8JDbY9l9E,118,110,118,https://www.youtube.com/watch?v=rFFztLaSO7Y,111,0,0,0,
428251b7832a48219276fb6e5f644e86,2660,275371,113,67,622,https://www.youtube.com/watch?v=fbI-bCZCpKA,104,60,622,https://www.youtube.com/watch?v=fbI-bCZCpKA,404,329,410,https://www.youtube.com/watch?v=bzJShKP3uZk,242,0,0,0,
4576d781ddae45d59fc83c8d25385983,2650,50517,243,172,1296,https://www.youtube.com/watch?v=S2BcPs3Rf1Y,243,172,1296,https://www.youtube.com/watch?v=S2BcPs3Rf1Y,0,0,0,,251,0,0,0,
29d3dea4a1684bec9592e2ccc3685c57,2620,84155,0,0,0,,0,0,0,,0,0,0,,0,0,0,0,
58e377df63f745fc8473368b20afe2ae,2610,117279,84,45,248,https://www.youtube.com/watch?v=l6wiX2xSzoQ,84,45,248,https://www.youtube.com/watch?v=l6wiX2xSzoQ,85,54,98,https://www.youtube.com/watch?v=gj5FgvZXKpU,215,15,13,28,https://www.twitch.tv/videos/1913448477
6bf5f37da9e74d539963689b6b0256a5,2580,272837,344,143,482,https://www.youtube.com/watch?v=eHDTGvtSw8w,344,143,482,https://www.youtube.com/watch?v=eHDTGvtSw8w,0,0,0,,0,0,0,0,
87968861d5794c01bfce46d51c8abfc7,2560,23542,0,0,0,,0,0,0,,0,0,0,,0,0,0,0,
c430f1e7cfee4440b2b537c80a2a667d,2550,82749,165,105,514,https://www.youtube.com/watch?v=5yPhBUC-6rY,218,114,514,https://www.youtube.com/watch?v=5yPhBUC-6rY,122,63,129,https://www.youtube.com/watch?v=vJaAnjqSJZs,0,0,0,0,
0a20931c68dc49c8bd08eda1486193d8,2550,63562,144,58,150,https://www.youtube.com/watch?v=MbnFuOnr_SA,144,58,150,https://www.youtube.com/watch?v=MbnFuOnr_SA,0,0,0,,1312,108,65,410,https://www.twitch.tv/videos/1910605667
4ac7e88bd2234040a1da03644b06a501,2540,10793,0,0,0,,0,0,0,,0,0,0,,0,0,0,0,
751596501f4f420a8a5c5c9d839efb22,2530,113993,0,0,0,,0,0,0,,0,0,0,,306,54,37,136,https://www.twitch.tv/videos/1908813379
f339d4e6913d4a03b39a75228f402153,2520,62161,179,62,470,https://www.youtube.com/watch?v=uBReYG_rh84,155,58,327,https://www.youtube.com/watch?v=MeA7glHF4U0,470,361,470,https://www.youtube.com/watch?v=uBReYG_rh84,461,0,0,0,
d8008bc6129d49d4bebfe530c4d02751,2520,0,0,0,0,,0,0,0,,0,0,0,,0,0,0,0,
993abf9d9dd84cccae3b8cbba00df320,2510,119425,121,41,121,https://www.youtube.com/watch?v=hMJrJ9WQFHI,0,0,0,,121,41,121,https://www.youtube.com/watch?v=hMJrJ9WQFHI,0,0,0,0,
17148f2477dd403ea3903391ef594e4a,2510,79254,0,0,0,,0,0,0,,0,0,0,,4277,909,665,1013,https://www.twitch.tv/videos/1915032007
eb9c18d484464a8e9ac12f44c761ce27,2500,62086,111,41,539,https://www.youtube.com/watch?v=rOCDxc8WISg,103,41,539,https://www.youtube.com/watch?v=rOCDxc8WISg,123,41,123,https://www.youtube.com/watch?v=NBBhtYI7a50,729,0,0,0,
788611c913b04d999011628637657bee,2500,126699,192,104,1435,https://www.youtube.com/watch?v=W7dn5MmNk-4,192,94,460,https://www.youtube.com/watch?v=B755VGx1yq0,222,140,1435,https://www.youtube.com/watch?v=W7dn5MmNk-4,0,0,0,0,
d177ac8568a14720b35bcc1a829aff51,2490,51542,3437,2060,4244,https://www.youtube.com/watch?v=VkaIQRTk_hQ,4244,1744,4244,https://www.youtube.com/watch?v=VkaIQRTk_hQ,2631,2375,2631,https://www.youtube.com/watch?v=VQglFDNXE-M,0,0,0,0,
907d39ec8a394cdcb645bd4b2e6351e7,2480,52732,0,0,0,,0,0,0,,0,0,0,,0,0,0,0,
b473dffe721745f6beb34b5a49e9aeda,2480,207508,356,156,681,https://www.youtube.com/watch?v=Ydkj2ZQNrGI,546,329,681,https://www.youtube.com/watch?v=Ydkj2ZQNrGI,198,109,382,https://www.youtube.com/watch?v=Bjvs3LGVAtE,0,0,0,0,
d13fdb8fdd3049e5bf80b5ab0fa8a1a6,2480,146488,187,75,942,https://www.youtube.com/watch?v=An3g0YLnCHk,201,84,489,https://www.youtube.com/watch?v=APxT8I3gUJQ,123,63,942,https://www.youtube.com/watch?v=An3g0YLnCHk,0,0,0,0,
1ead15220cb842a79c3922d08d618e31,2480,3163,0,0,0,,0,0,0,,0,0,0,,0,0,0,0,
bd9c7d2e96094ce7b8ca032228bb13c7,2480,45486,0,0,0,,0,0,0,,0,0,0,,0,0,0,0,
0715c3b900ad423fa1b981cf4fc15c8f,2470,56450,165,71,1173,https://www.youtube.com/watch?v=ovseMvfwKZY,165,71,1173,https://www.youtube.com/watch?v=ovseMvfwKZY,0,0,0,,0,0,0,0,
d9e29a148c3d45e99a6ee30802a8da38,2460,37770,0,0,0,,0,0,0,,0,0,0,,1231,0,0,0,
32b83b466c11418bb380623a95944302,2460,145715,531,256,1964,https://www.youtube.com/watch?v=UO9-cW8xAQY,415,148,468,https://www.youtube.com/watch?v=bfQoKWqS11o,566,256,1964,https://www.youtube.com/watch?v=UO9-cW8xAQY,1764,289,193,463,https://www.twitch.tv/videos/1909667820
652d06b0251940bea32cd69dec3057e6,2450,92032,157,129,157,https://www.youtube.com/watch?v=WBYmRpO_lfQ,157,129,157,https://www.youtube.com/watch?v=WBYmRpO_lfQ,0,0,0,,0,0,0,0,
edf9e466820347828b0d2d10e5e9bb72,2450,156611,67,42,378,https://www.youtube.com/watch?v=uKgkiXFH2m0,67,42,195,https://www.youtube.com/watch?v=QgNuQv5PBFA,69,17,378,https://www.youtube.com/watch?v=uKgkiXFH2m0,233,0,0,0,
4d347ba9ca0c41c59cda553ebe4af5b1,2440,78479,197,82,300,https://www.youtube.com/watch?v=3kOkx1fbW5Q,197,82,300,https://www.youtube.com/watch?v=3kOkx1fbW5Q,0,0,0,,1208,0,0,0,
a9faef4b712b4649ba60c7e8e262175a,2440,53872,57,18,1201,https://www.youtube.com/watch?v=81NY44ybnZo,59,21,1201,https://www.youtube.com/watch?v=81NY44ybnZo,29,3,29,https://www.youtube.com/watch?v=WlZtp2bpSK8,0,0,0,0,
662341d52a8e413d8fe661c8da9470f0,2440,200504,162,44,495,https://www.youtube.com/watch?v=y4Dwi_nsFrA,220,98,495,https://www.youtube.com/watch?v=y4Dwi_nsFrA,52,26,77,https://www.youtube.com/watch?v=ni6psHxg1SA,0,0,0,0,
a9f1edc233804d4b90a9996219a3b14b,2440,58469,104,34,474,https://www.youtube.com/watch?v=IZLHLCyXkjg,104,34,203,https://www.youtube.com/watch?v=5DDde50YgjY,259,237,474,https://www.youtube.com/watch?v=IZLHLCyXkjg,0,0,0,0,
27a500a69f2b425bb5ab44750df0fac8,2430,86060,32,11,32,https://www.youtube.com/watch?v=PMbEdUHOkj4,0,0,0,,32,11,32,https://www.youtube.com/watch?v=PMbEdUHOkj4,0,0,0,0,
c79ef93aca644e7083eeb8196e5cee85,2430,32184,0,0,0,,0,0,0,,0,0,0,,5180,0,0,0,
dca4ac320dfd431b930d798a34f6056a,2420,96529,0,0,0,,0,0,0,,0,0,0,,0,0,0,0,
90c317900736475a8c5cae632bdd0960,2420,146939,0,0,0,,0,0,0,,0,0,0,,0,0,0,0,
46145dc9eaab4a84898468905a4759b0,2410,47452,26,16,36,https://www.youtube.com/watch?v=GggCLXI2OvY,0,0,0,,26,16,36,https://www.youtube.com/watch?v=GggCLXI2OvY,0,0,0,0,
936b23e5e87144108c5d3f09f194c8b8,2400,47904,282,128,5959,https://www.youtube.com/watch?v=CLYJljjdHlw,254,100,402,https://www.youtube.com/watch?v=9WBsfUdxj8c,489,157,5959,https://www.youtube.com/watch?v=CLYJljjdHlw,7140,0,0,0,
6417469030e943748dfdba4ee26a08e4,2400,77149,190,111,420,https://www.youtube.com/watch?v=iJpNH_OhfN0,171,70,383,https://www.youtube.com/watch?v=b2hH5_nxLs8,373,274,420,https://www.youtube.com/watch?v=iJpNH_OhfN0,405,123,91,706,https://www.twitch.tv/videos/1917728947
ab64eaef68c94ab4afb3a89007c81e9c,2400,39891,108,84,108,https://www.youtube.com/watch?v=_UAAsCzTK5o,0,0,0,,108,84,108,https://www.youtube.com/watch?v=_UAAsCzTK5o,2820,403,287,860,https://www.twitch.tv/videos/1910685813
0a9e04624456419c814b77a7aa12678b,2390,141437,0,0,0,,0,0,0,,0,0,0,,0,0,0,0,
00ff650864404d0c9ce155ff4a82d804,2380,109008,92,50,92,https://www.youtube.com/watch?v=jpuNek_MwRs,92,50,92,https://www.youtube.com/watch?v=jpuNek_MwRs,0,0,0,,0,0,0,0,
d0b68b633fba4c02a627751778973f36,2370,52552,215,77,620,https://www.youtube.com/watch?v=GWJ0KXajTo0,152,74,210,https://www.youtube.com/watch?v=2D6KaYvINMI,232,77,620,https://www.youtube.com/watch?v=GWJ0KXajTo0,0,0,0,0,
c9e2b4e07dce42dba2db0fb9d2f358b9,2370,78604,179,86,1864,https://www.youtube.com/watch?v=cGK8SDgg8YU,196,85,610,https://www.youtube.com/watch?v=Y4T8KuHFy5Y,178,87,1864,https://www.youtube.com/watch?v=cGK8SDgg8YU,0,0,0,0,
4e48e10b3c2f439c934b1db25679b972,2370,174780,771,338,1003,https://www.youtube.com/watch?v=vwXkU0Al5D0,771,338,1003,https://www.youtube.com/watch?v=vwXkU0Al5D0,0,0,0,,0,0,0,0,
c6dab598fcee4b6b9bff76d2e8ffc8e6,2350,102404,138,85,305,https://www.youtube.com/watch?v=0qTqUD9eqTM,138,85,305,https://www.youtube.com/watch?v=0qTqUD9eqTM,0,0,0,,587,58,42,99,https://www.twitch.tv/videos/1908981714
490a48eedc944f9cb74501e6eefeb04d,2350,83557,167,85,247,https://www.youtube.com/watch?v=cSxvZ7NMNuc,217,178,247,https://www.youtube.com/watch?v=cSxvZ7NMNuc,86,15,148,https://www.youtube.com/watch?v=FlBxH0_6FxM,2028,202,70,317,https://www.twitch.tv/videos/1915118546
62d6466e900941d9b516c95cf222aa40,2340,10552,0,0,0,,0,0,0,,0,0,0,,259,0,0,0,
ee0763f3339d45b493bf45488a8e7701,2340,65594,237,69,949,https://www.youtube.com/watch?v=F9qKuz5kCus,179,30,185,https://www.youtube.com/watch?v=zjLC4XnwfB8,239,111,949,https://www.youtube.com/watch?v=F9qKuz5kCus,18918,5816,1699,10388,https://www.twitch.tv/videos/1894682338
a577528125314beab91d127043218bb2,2340,71860,64,3,64,https://www.youtube.com/watch?v=8h79tG-YhC0,64,3,64,https://www.youtube.com/watch?v=8h79tG-YhC0,0,0,0,,0,0,0,0,
9b8fe3ac0f30473f87290d314dfda74e,2330,64343,0,0,0,,0,0,0,,0,0,0,,0,0,0,0,
71e1a399885b48e79c9a98e973e6b5e3,2330,95115,101,41,700,https://www.youtube.com/watch?v=LhpIBYOET7c,67,41,700,https://www.youtube.com/watch?v=LhpIBYOET7c,130,79,186,https://www.youtube.com/watch?v=cBq1_N4vfQE,313,96,79,466,https://www.twitch.tv/videos/1915094935
13f9e814151e487aa60c4f50a4a23a27,2330,82346,238,194,241,https://www.youtube.com/watch?v=90Ro_y5zJlM,238,194,241,https://www.youtube.com/watch?v=90Ro_y5zJlM,0,0,0,,0,0,0,0,
f146e7f1a1164dbfab960ea34873afb5,2320,87129,166,82,202,https://www.youtube.com/watch?v=rIqwNjnyWYc,166,82,202,https://www.youtube.com/watch?v=rIqwNjnyWYc,0,0,0,,0,0,0,0,
edc63a5ab371435ea8614134d401c517,2320,87297,0,0,0,,0,0,0,,0,0,0,,0,0,0,0,
08a9cb204a03447bbba896df3ee6a096,2320,10281,0,0,0,,0,0,0,,0,0,0,,416,0,0,0,
9e3edec3eec54f49a065f1970471d473,2310,69288,377,92,1169,https://www.youtube.com/watch?v=N0Mn3A1WsW0,377,92,1169,https://www.youtube.com/watch?v=N0Mn3A1WsW0,0,0,0,,393,747,479,1036,https://www.twitch.tv/videos/1908172789
e9c48535f2af4f638e5a4c54ffa7862c,2310,86653,83,20,400,https://www.youtube.com/watch?v=6-M6CNgRZNI,91,32,178,https://www.youtube.com/watch?v=A2UNMoaCmjQ,65,19,400,https://www.youtube.com/watch?v=6-M6CNgRZNI,0,0,0,0,
73a6eae6a16942ef8726b2c475fef9e0,2300,129805,0,0,0,,0,0,0,,0,0,0,,0,0,0,0,
118c05e7f751446abee5fc827fda0215,2290,757529,64,34,139,https://www.youtube.com/watch?v=AxaAmHHSlPo,63,33,139,https://www.youtube.com/watch?v=AxaAmHHSlPo,97,36,97,https://www.youtube.com/watch?v=vl8Z4-sxr6I,0,0,0,0,
bcbf00e1e98b4d5e8af20f29adbb0645,2290,93414,83,38,170,https://www.youtube.com/watch?v=ev66L9ccYpk,79,37,167,https://www.youtube.com/watch?v=WzwgaFhkn4s,170,76,170,https://www.youtube.com/watch?v=ev66L9ccYpk,0,0,0,0,
6e1845e76035452287436153470e8656,2290,84816,78,41,154,https://www.youtube.com/watch?v=kvBocDYQROM,154,128,154,https://www.youtube.com/watch?v=kvBocDYQROM,78,29,79,https://www.youtube.com/watch?v=lwpWRq80n_c,461,157,98,157,https://www.twitch.tv/videos/1909718274
1e10c82a40224474bba81c3a9e293c51,2290,489482,0,0,0,,0,0,0,,0,0,0,,3519,522,166,1191,https://www.twitch.tv/videos/1899426302
3cf4da41775b4e608f4dde5859cdda74,2290,181573,691,189,892,https://www.youtube.com/watch?v=YqveZ3jMiWE,0,0,0,,691,189,892,https://www.youtube.com/watch?v=YqveZ3jMiWE,0,0,0,0,
d55860f26114410c97af27ba1269e3ed,2280,99042,161,89,222,https://www.youtube.com/watch?v=1yHvzKTiZ2I,171,100,222,https://www.youtube.com/watch?v=1yHvzKTiZ2I,36,24,36,https://www.youtube.com/watch?v=XGh_60yIskA,1124,0,0,0,
25904d8b82c84d74a8abffb804647e21,2280,102930,23,17,23,https://www.youtube.com/watch?v=pkrz5Le9OY8,0,0,0,,23,17,23,https://www.youtube.com/watch?v=pkrz5Le9OY8,405,0,0,0,
0f9d996c066a406dbe04161776c17461,2270,89320,157,74,299,https://www.youtube.com/watch?v=CSir68eApx0,144,78,299,https://www.youtube.com/watch?v=CSir68eApx0,222,59,273,https://www.youtube.com/watch?v=BZAKbsSa5Mc,0,0,0,0,
eb159df5d55b4730ab2955c5e2638e3f,2270,51453,112,41,138,https://www.youtube.com/watch?v=gRm5g4_z-tw,118,62,138,https://www.youtube.com/watch?v=gRm5g4_z-tw,43,1,43,https://www.youtube.com/watch?v=9crMSOttHzM,0,0,0,0,
fd81a8861669442ca49c50bc4cfd4b5e,2260,102810,190,107,460,https://www.youtube.com/watch?v=1Rn3Z-IZ_WA,190,107,460,https://www.youtube.com/watch?v=1Rn3Z-IZ_WA,0,0,0,,0,0,0,0,
9c64ee54cc094bf7931398eaf0c072d6,2260,121057,298,116,323,https://www.youtube.com/watch?v=6aCQBGfu0U4,293,85,298,https://www.youtube.com/watch?v=v5hUAovQ4sI,308,173,323,https://www.youtube.com/watch?v=6aCQBGfu0U4,1421,256,213,432,https://www.twitch.tv/videos/1908055970
1c4d1b6728454276a4a5c4e0d6a94a20,2260,0,0,0,0,,0,0,0,,0,0,0,,0,0,0,0,
3f12c2866e564c3086183c6e75ef79eb,2250,54853,436,348,1756,https://www.youtube.com/watch?v=_-YBUH6GlbI,436,348,1756,https://www.youtube.com/watch?v=_-YBUH6GlbI,0,0,0,,0,0,0,0,
5bbfc7c1b6584cef8c75f2f9044387d2,2250,84859,102,46,202,https://www.youtube.com/watch?v=zWJzfnlfI90,98,45,202,https://www.youtube.com/watch?v=zWJzfnlfI90,117,89,117,https://www.youtube.com/watch?v=HUXu84hFtOs,0,0,0,0,
9c913230c732455c9604dae9ebcfa64e,2250,15862,9,6,21,https://www.youtube.com/watch?v=zTB9TcDXKfQ,0,0,0,,9,6,21,https://www.youtube.com/watch?v=zTB9TcDXKfQ,652,142,102,177,https://www.twitch.tv/videos/1910738842
715cc1261d7e42c18135d47bd1cf2500,2250,31245,90,51,93,https://www.youtube.com/watch?v=4S7BT1_h5cY,0,0,0,,90,51,93,https://www.youtube.com/watch?v=4S7BT1_h5cY,4387,354,335,723,https://www.twitch.tv/videos/1915179230
5f9767b104b54292bf6dd29863c0c6b1,2240,97151,133,67,350,https://www.youtube.com/watch?v=rqNya5tVf8s,133,67,350,https://www.youtube.com/watch?v=rqNya5tVf8s,0,0,0,,0,0,0,0,
9b33b75521bd43bca3346790ac65559c,2240,131187,23,12,183,https://www.youtube.com/watch?v=bsRtjpkxHDE,0,0,0,,23,12,183,https://www.youtube.com/watch?v=bsRtjpkxHDE,6784,619,228,1100,https://www.twitch.tv/videos/1908891916
e68bb26e386a4d49a2f521f8abc83376,2240,47848,0,0,0,,0,0,0,,0,0,0,,3303,0,0,0,
c371d4c7f516451bac8ae3a9a13dc7f2,2230,69747,130,52,666,https://www.youtube.com/watch?v=9PJH8Hx8-_E,132,52,666,https://www.youtube.com/watch?v=9PJH8Hx8-_E,51,33,51,https://www.youtube.com/watch?v=BbILzFkRHz0,1010,0,0,0,
4de89158f20a4d0e8023f15db8a9526e,2220,2,0,0,0,,0,0,0,,0,0,0,,0,0,0,0,
92354b79050d4a2dbdb2289a7498a662,2220,25554,174,68,495,https://www.youtube.com/watch?v=V3bqE6zdFUM,197,82,495,https://www.youtube.com/watch?v=V3bqE6zdFUM,85,40,131,https://www.youtube.com/watch?v=8Mv7TNI45OE,0,0,0,0,
76165d25983b463eaa1da66c86a32b7c,2220,22555,73,23,137,https://www.youtube.com/watch?v=ZmlGGg3FoCA,73,23,137,https://www.youtube.com/watch?v=ZmlGGg3FoCA,0,0,0,,0,0,0,0,
b19d58b07131413a92b4bd16e37e8e38,2220,10534,0,0,0,,0,0,0,,0,0,0,,0,0,0,0,
965bb7d47d0243839535d38bc1bc66cc,2220,42117,90,58,134,https://www.youtube.com/watch?v=odlfuHQKhIQ,86,42,134,https://www.youtube.com/watch?v=odlfuHQKhIQ,128,102,128,https://www.youtube.com/watch?v=hcyqYgxvU7w,0,0,0,0,
4f93fe928d264a299c6589e09fbda21e,2200,160450,0,0,0,,0,0,0,,0,0,0,,0,0,0,0,
8f0b41303e8a481689fe4309a565ecd3,2200,74024,160,87,350,https://www.youtube.com/watch?v=SlU6ghVYS-4,160,87,350,https://www.youtube.com/watch?v=SlU6ghVYS-4,0,0,0,,726,207,121,224,https://www.twitch.tv/videos/1906872423
284024f40bb34b429debb78e7dbf3391,2200,34319,0,0,0,,0,0,0,,0,0,0,,0,0,0,0,
c01af5d5f9b74ac29b51dcae0dc55a2d,2200,140669,397,191,1091,https://www.youtube.com/watch?v=OvHASi-W-qg,381,194,846,https://www.youtube.com/watch?v=Mvov714Vbck,430,150,1091,https://www.youtube.com/watch?v=OvHASi-W-qg,0,0,0,0,
98f0c92052e74bdc969388a4710655cd,2200,132020,253,92,363,https://www.youtube.com/watch?v=SDYjXZ6-py8,253,92,363,https://www.youtube.com/watch?v=SDYjXZ6-py8,0,0,0,,0,0,0,0,
ad56a56e509c4b6fa0cf11ca959e3c72,2190,46377,283,118,827,https://www.youtube.com/watch?v=dgXv8O4DP48,283,118,827,https://www.youtube.com/watch?v=dgXv8O4DP48,410,112,673,https://www.youtube.com/watch?v=J76h7ztE8xQ,115,0,0,0,
65a52797bec24b9bb2df5201068873a4,2190,24311,240,82,467,https://www.youtube.com/watch?v=ObKHMRZnAnA,240,82,467,https://www.youtube.com/watch?v=ObKHMRZnAnA,0,0,0,,0,0,0,0,
b975eb70ed174bbda87e181be25bd1c5,2190,66580,196,7,414,https://www.youtube.com/watch?v=Jew5nlZVn2g,308,77,414,https://www.youtube.com/watch?v=Jew5nlZVn2g,130,4,190,https://www.youtube.com/watch?v=ex2YLp-efQs,0,0,0,0,
b8d723ac79eb47229a23adc4029a5bd5,2190,0,0,0,0,,0,0,0,,0,0,0,,0,0,0,0,
d45c287a84b6485e8ff3400cf50f5db7,2180,159490,0,0,0,,0,0,0,,0,0,0,,2107,597,493,763,https://www.twitch.tv/videos/1916877406
175cfc69dbb34f1a8987f24a935db17f,2170,41005,181,59,1391,https://www.youtube.com/watch?v=AzSohJ7LG4A,181,54,250,https://www.youtube.com/watch?v=YQSQDMsvhUQ,189,145,1391,https://www.youtube.com/watch?v=AzSohJ7LG4A,0,0,0,0,
8d0693c271284b76a407c9f6faffcfdc,2170,36407,29,28,36,https://www.youtube.com/watch?v=2k_y7DSaOyM,0,0,0,,29,28,36,https://www.youtube.com/watch?v=2k_y7DSaOyM,0,0,0,0,
6eeed5b0702a45df8470a617ee2c5243,2160,22986,0,0,0,,0,0,0,,0,0,0,,0,0,0,0,
490449b3ec824ea99ea3ccd38ac94c38,2160,60698,140,83,969,https://www.youtube.com/watch?v=I5fYdZR0m4k,136,95,969,https://www.youtube.com/watch?v=I5fYdZR0m4k,156,53,222,https://www.youtube.com/watch?v=fvDp660SSpo,0,0,0,0,
a7874e2ea7a44640a4ad427680a1dc9a,2160,61934,227,123,275,https://www.youtube.com/watch?v=ayBDVQP_nf4,227,123,275,https://www.youtube.com/watch?v=ayBDVQP_nf4,0,0,0,,0,0,0,0,
52e472aa762449b585c45a2d578bdf41,2150,57385,220,78,2704,https://www.youtube.com/watch?v=QFvH20LX85M,266,122,956,https://www.youtube.com/watch?v=K8Tn6-VqO94,144,43,2704,https://www.youtube.com/watch?v=QFvH20LX85M,0,0,0,0,
6d185bad1ade4f54b0a23d2d9f3f3198,2150,25307,279,52,605,https://www.youtube.com/watch?v=243LkqR4qT8,279,52,605,https://www.youtube.com/watch?v=243LkqR4qT8,0,0,0,,0,0,0,0,
7ce04ee5bb63467f8b70a69136049218,2150,23916,0,0,0,,0,0,0,,0,0,0,,1399,0,0,0,
326e254f0da14bc6bfc5d379164cf5c6,2140,41489,0,0,0,,0,0,0,,0,0,0,,0,0,0,0,
9604bd9896fc421ba131a9a6e11d50b0,2140,61738,69,36,1703,https://www.youtube.com/watch?v=45IuAyJhvp4,68,36,343,https://www.youtube.com/watch?v=odvA-shJ_wg,1703,1618,1703,https://www.youtube.com/watch?v=45IuAyJhvp4,0,0,0,0,
02168475e7ca4234b57d53f495bf3bbc,2130,106653,86,28,259,https://www.youtube.com/watch?v=YproXek4dbs,86,28,259,https://www.youtube.com/watch?v=YproXek4dbs,0,0,0,,0,0,0,0,
099a5fd0d27d4fc892f684793ac18c99,2130,203561,206,93,1477,https://www.youtube.com/watch?v=KHUEKMHPhiA,175,144,175,https://www.youtube.com/watch?v=kCkEugRFFqQ,218,93,1477,https://www.youtube.com/watch?v=KHUEKMHPhiA,0,0,0,0,
7fdfd0346667458a8657626f03434b59,2130,44337,192,128,573,https://www.youtube.com/watch?v=oLMnvovM1P4,186,127,573,https://www.youtube.com/watch?v=oLMnvovM1P4,259,234,259,https://www.youtube.com/watch?v=CAVAKH6KqXA,0,0,0,0,
93e7079bd21c499f9004e79d18489d28,2120,426242,0,0,0,,0,0,0,,0,0,0,,91,0,0,0,
3896e47ba9f64b7082eee3980734ab14,2110,171355,178,84,210,https://www.youtube.com/watch?v=2AEx3g4tQNE,178,84,210,https://www.youtube.com/watch?v=2AEx3g4tQNE,0,0,0,,0,0,0,0,
42e2bc7c16734352b2e18a82e48844ec,2110,224330,263,44,711,https://www.youtube.com/watch?v=8OL3V4cQvWQ,263,44,711,https://www.youtube.com/watch?v=8OL3V4cQvWQ,0,0,0,,0,0,0,0,
da189f9d282e4c31a4a8024d11fe368d,2100,82439,141,68,230,https://www.youtube.com/watch?v=3M6s6WgymyY,141,68,230,https://www.youtube.com/watch?v=3M6s6WgymyY,18,8,18,https://www.youtube.com/watch?v=c7iXEZvVKuk,0,0,0,0,
80c426d23cdb4dcda1d1a0a1bd7e0245,2100,11104,0,0,0,,0,0,0,,0,0,0,,5960,0,0,0,
0414bb8fc082472a9434bd4a463a9865,2090,64323,0,0,0,,0,0,0,,0,0,0,,146,0,0,0,
8fd3526ba2074df896bbcb47e713565b,2080,41933,248,137,1097,https://www.youtube.com/watch?v=mAJg92r6g0Y,251,137,1097,https://www.youtube.com/watch?v=mAJg92r6g0Y,88,43,88,https://www.youtube.com/watch?v=JFGMwm3JhhQ,0,0,0,0,
b3c1a09b09a54b9a8078d3310d151efe,2080,32826,297,149,505,https://www.youtube.com/watch?v=M5kJKS661-0,297,149,505,https://www.youtube.com/watch?v=M5kJKS661-0,0,0,0,,0,0,0,0,
468e093c0a3144359842fd8e5d3f9800,2070,16352,248,147,791,https://www.youtube.com/watch?v=7UUFQCTsqbc,220,124,433,https://www.youtube.com/watch?v=ygCTiLA4APc,791,637,791,https://www.youtube.com/watch?v=7UUFQCTsqbc,82,0,0,0,
eafb808b078844fdab1d8ed561dbd462,2060,63859,119,57,767,https://www.youtube.com/watch?v=lGvZhOarRTY,110,71,187,https://www.youtube.com/watch?v=9uqbryUDdlg,585,41,767,https://www.youtube.com/watch?v=lGvZhOarRTY,0,0,0,0,
c4c40346f25443958f26010756c4693a,2060,77624,177,80,444,https://www.youtube.com/watch?v=0zkmHh6Y5ns,140,52,311,https://www.youtube.com/watch?v=EP8Uyrpfz3k,227,99,444,https://www.youtube.com/watch?v=0zkmHh6Y5ns,49,14,11,14,https://www.twitch.tv/videos/1914925761
8b027d3a3f374c9c8398b6dd751e5018,2060,31356,317,9,317,https://www.youtube.com/watch?v=SS99IE7ldAk,0,0,0,,317,9,317,https://www.youtube.com/watch?v=SS99IE7ldAk,35734,21029,8685,41289,https://www.twitch.tv/videos/1910606310
c41a24bf9c8f48ee9454119057088688,2050,74073,0,0,0,,0,0,0,,0,0,0,,0,0,0,0,
daf01d921fcd4d59876e7f574a083aba,2050,58780,121,37,140,https://www.youtube.com/watch?v=HeSLKbACOjc,121,37,140,https://www.youtube.com/watch?v=HeSLKbACOjc,0,0,0,,0,0,0,0,
6b36f446b10e4ea99d5d80d60beeee21,2040,39088,77,28,78,https://www.youtube.com/watch?v=VieZtZBbcrk,77,28,78,https://www.youtube.com/watch?v=VieZtZBbcrk,0,0,0,,8277,141,135,152,https://www.twitch.tv/videos/1918548523
b5c9831f97f4427a88a96d7c4ee40539,2040,170825,110,44,110,https://www.youtube.com/watch?v=N_hfQO0hXuU,110,44,110,https://www.youtube.com/watch?v=N_hfQO0hXuU,0,0,0,,522,187,155,278,https://www.twitch.tv/videos/1912470828
2161dd499b2b493096ab04591890b15b,2030,53441,173,145,247,https://www.youtube.com/watch?v=JneOusGZ1aE,173,145,247,https://www.youtube.com/watch?v=JneOusGZ1aE,0,0,0,,0,0,0,0,
058021ae015448cda91651a6bd41cdc6,2020,30189,126,81,992,https://www.youtube.com/watch?v=zUT4DkCNK5k,132,89,992,https://www.youtube.com/watch?v=zUT4DkCNK5k,89,38,165,https://www.youtube.com/watch?v=DJsdaqhSBkA,1710,238,178,303,https://www.twitch.tv/videos/1910574952
8564954960ba466fa7f17bc0e0ea5e8e,2020,36445,0,0,0,,0,0,0,,0,0,0,,256,0,0,0,
14d334ad35f146ecbb047d1c20652fe1,2010,288134,0,0,0,,0,0,0,,0,0,0,,0,0,0,0,
14561bf5e63844f58b60deb87f443507,2010,0,0,0,0,,0,0,0,,0,0,0,,613,80,56,134,https://www.twitch.tv/videos/1913324648
4b7c733a13d247ec84844698ecc7ba0c,2010,124345,0,0,0,,0,0,0,,0,0,0,,2269,301,225,373,https://www.twitch.tv/videos/1918341686
4d738ca0bdee40e3b620f06ccc2dc987,2000,77866,0,0,0,,0,0,0,,0,0,0,,9695,2694,1185,6212,https://www.twitch.tv/videos/1909966340
ab069c9401bc4bd09eea8f5ece525d54,1980,211593,370,298,370,https://www.youtube.com/watch?v=Sk8NfcNMohE,370,298,370,https://www.youtube.com/watch?v=Sk8NfcNMohE,0,0,0,,0,0,0,0,
55e9448a0a9040f99dc8ea1cf86cbad5,1980,151221,162,28,1232,https://www.youtube.com/watch?v=yVMZqAAcJqQ,0,0,0,,162,28,1232,https://www.youtube.com/watch?v=yVMZqAAcJqQ,1467,68,54,113,https://www.twitch.tv/videos/1913260379
ad2a1148ff4747229694f9aa2c3645d9,1960,247541,107,81,354,https://www.youtube.com/watch?v=cwIqMKrE5wU,93,75,176,https://www.youtube.com/watch?v=41A74CIGr_U,350,305,354,https://www.youtube.com/watch?v=cwIqMKrE5wU,0,0,0,0,
3bbbe40f23e344fa8889d410b7315383,1960,30759,0,0,0,,0,0,0,,0,0,0,,1774,0,0,0,
2c7d4ba3c9f04cb1806b8d89250b4521,1950,42686,64,32,170,https://www.youtube.com/watch?v=pWJLMdsNo4E,64,32,170,https://www.youtube.com/watch?v=pWJLMdsNo4E,0,0,0,,0,0,0,0,
38ecb20931514383b2d93885136c6b68,1940,57170,129,68,376,https://www.youtube.com/watch?v=QhPjgrM_EGc,109,52,195,https://www.youtube.com/watch?v=G7GWOIWP_i4,260,122,376,https://www.youtube.com/watch?v=QhPjgrM_EGc,0,0,0,0,
d1dcec3b0dbe4e39b2907be832c467a1,1940,0,0,0,0,,0,0,0,,0,0,0,,0,0,0,0,
15b8c0a77287451395102506f90ec98b,1940,641,0,0,0,,0,0,0,,0,0,0,,0,0,0,0,
bf197e3d2cd6400db5f7e397427965e5,1930,50589,171,96,3284,https://www.youtube.com/watch?v=tcxPXwKPZoc,169,94,350,https://www.youtube.com/watch?v=im3Uceq9y2Y,3284,1458,3284,https://www.youtube.com/watch?v=tcxPXwKPZoc,95,0,0,0,
08158657738a4949bce0cbbc36c4e701,1930,71442,0,0,0,,0,0,0,,0,0,0,,0,0,0,0,
1310ffb60dcf40eaaf6a08890e632234,1930,74547,171,107,207,https://www.youtube.com/watch?v=BbNtoFoUbyQ,171,107,207,https://www.youtube.com/watch?v=BbNtoFoUbyQ,0,0,0,,0,0,0,0,
767afb93c0454b6291ea94d28ae5b5de,1920,25215,308,237,3975,https://www.youtube.com/watch?v=0CoAFCFBsIo,262,202,832,https://www.youtube.com/watch?v=U5XEOigK_LM,3975,3457,3975,https://www.youtube.com/watch?v=0CoAFCFBsIo,0,0,0,0,
677ae7ec361d4d3c9981bca8fbb974c8,1920,58803,134,97,712,https://www.youtube.com/watch?v=jFbsd9fQ2jk,117,90,712,https://www.youtube.com/watch?v=jFbsd9fQ2jk,187,119,187,https://www.youtube.com/watch?v=cPTO7rsHnOU,348,0,0,0,
1dab397f9530482e96216024b42f5ef3,1920,69298,64,36,87,https://www.youtube.com/watch?v=T3M5KER66-M,64,36,87,https://www.youtube.com/watch?v=T3M5KER66-M,0,0,0,,233,0,0,0,
6d2945d11f504edb9962f742b54f6553,1920,22384,67,32,151,https://www.youtube.com/watch?v=kgNNlK87jDs,67,32,151,https://www.youtube.com/watch?v=kgNNlK87jDs,0,0,0,,891,0,0,0,
d3a3eab7a3e34ea98784c44e3691c726,1910,51540,126,46,320,https://www.youtube.com/watch?v=qo6xJmcIq6g,126,46,143,https://www.youtube.com/watch?v=g6MMnGgNBxY,202,50,320,https://www.youtube.com/watch?v=qo6xJmcIq6g,0,0,0,0,
0999b4ac6dbf496aacc1d48be59c4df0,1910,35554,147,56,281,https://www.youtube.com/watch?v=U-ylKN0IcTY,149,58,281,https://www.youtube.com/watch?v=U-ylKN0IcTY,93,34,93,https://www.youtube.com/watch?v=cc6wAu1MrDo,0,0,0,0,
48b978b1705a4f61a760b05280000b34,1910,7834,0,0,0,,0,0,0,,0,0,0,,1322,0,0,0,
e32a7d950f5a4b53ab2f47d225aec4fd,1910,48327,123,74,174,https://www.youtube.com/watch?v=64oP3AjHKDI,128,94,174,https://www.youtube.com/watch?v=64oP3AjHKDI,82,7,82,https://www.youtube.com/watch?v=bCF5aY1BhVU,0,0,0,0,
b34b0381ce8e40f2b24fa0a96a1e1bd5,1910,61036,0,0,0,,0,0,0,,0,0,0,,0,0,0,0,
084c49d869114256af18c13cc4b56414,1910,27315,0,0,0,,0,0,0,,0,0,0,,0,0,0,0,
d418b8a185f449b3a15c1656ba654780,1900,100258,68,33,149,https://www.youtube.com/watch?v=bLML2587GLE,78,34,134,https://www.youtube.com/watch?v=dSWTKv9R0vQ,65,32,149,https://www.youtube.com/watch?v=bLML2587GLE,0,0,0,0,
c4ffb821927d406682f3f17edfdf3bcd,1900,21950,176,131,257,https://www.youtube.com/watch?v=QGD0i5h2cEs,172,140,257,https://www.youtube.com/watch?v=QGD0i5h2cEs,181,61,181,https://www.youtube.com/watch?v=FtNTBFEZD7U,0,0,0,0,
af40da4e1fc24360bf9ed4eb828bf912,1900,48054,73,36,101,https://www.youtube.com/watch?v=NjATgLxDIuE,73,36,101,https://www.youtube.com/watch?v=NjATgLxDIuE,0,0,0,,0,0,0,0,
ba2b5274997b4bf2af6bc69290463f35,1890,18587,84,41,84,https://www.youtube.com/watch?v=Al5kF9f7zIQ,84,41,84,https://www.youtube.com/watch?v=Al5kF9f7zIQ,0,0,0,,0,0,0,0,
2c42a2d77b4c481bae57dc00a66c2f16,1890,134098,433,210,606,https://www.youtube.com/watch?v=nlM8TpYoZls,433,210,606,https://www.youtube.com/watch?v=nlM8TpYoZls,0,0,0,,0,0,0,0,
0b91169f9d504a479f0e1010ae4edda1,1890,5422,0,0,0,,0,0,0,,0,0,0,,0,0,0,0,
02e7729df0424fbbb21b77ccd543b0be,1880,62289,86,49,3547,https://www.youtube.com/watch?v=EV19IQ-xRb8,78,47,242,https://www.youtube.com/watch?v=t6ipWNDhess,126,59,3547,https://www.youtube.com/watch?v=EV19IQ-xRb8,0,0,0,0,
83eff3b0de694818876092eaabd35b4a,1880,48844,65,31,160,https://www.youtube.com/watch?v=hGHdTy0CF5E,67,39,160,https://www.youtube.com/watch?v=hGHdTy0CF5E,28,8,35,https://www.youtube.com/watch?v=OIry05YOpbc,0,0,0,0,
4865c3feac234584909168181b7dc2be,1870,31500,110,31,397,https://www.youtube.com/watch?v=AZl5pVOEmdw,110,31,397,https://www.youtube.com/watch?v=AZl5pVOEmdw,0,0,0,,159,0,0,0,
fe5a0ac164a940c79e430eab9995da2e,1870,178067,51,37,75,https://www.youtube.com/watch?v=_V6zUmV3TMs,28,22,28,https://www.youtube.com/watch?v=rJDrKOyk0mU,75,52,75,https://www.youtube.com/watch?v=_V6zUmV3TMs,100,16,12,16,https://www.twitch.tv/videos/1914205303
50433c34f368460c9cda947f292a62b4,1870,121247,308,173,527,https://www.youtube.com/watch?v=WnVx9Lnf-_g,293,173,527,https://www.youtube.com/watch?v=WnVx9Lnf-_g,439,47,439,https://www.youtube.com/watch?v=zHJGdCV8KWQ,0,0,0,0,
365db081229a4efeb4630f19587a96b2,1860,30856,241,101,1006,https://www.youtube.com/watch?v=mjlQbByShkI,241,103,1006,https://www.youtube.com/watch?v=mjlQbByShkI,265,37,435,https://www.youtube.com/watch?v=UY7S6ar4fQo,0,0,0,0,
470d1cb40a5e460e8cdc1414c5fd1a34,1860,33923,225,119,447,https://www.youtube.com/watch?v=HPgvcftyUeo,223,112,367,https://www.youtube.com/watch?v=L8C0_ecFYU8,447,206,447,https://www.youtube.com/watch?v=HPgvcftyUeo,942,158,102,184,https://www.twitch.tv/videos/1908841217
b0f00fccf8a14655911360748c4699cd,1850,64941,97,47,383,https://www.youtube.com/watch?v=JsIXNihf0-w,125,113,383,https://www.youtube.com/watch?v=JsIXNihf0-w,92,15,97,https://www.youtube.com/watch?v=UoUl9U1E_EQ,0,0,0,0,
11dd1f817a6b4c80a066aedd8e0fa419,1850,42139,165,54,1548,https://www.youtube.com/watch?v=xDrhFn1xNoU,165,54,407,https://www.youtube.com/watch?v=IfqlmK3O15E,240,129,1548,https://www.youtube.com/watch?v=xDrhFn1xNoU,0,0,0,0,
cb57ce29683a4cff930848f8c9850665,1840,43037,43,17,243,https://www.youtube.com/watch?v=yFl_PIU2vZk,243,46,243,https://www.youtube.com/watch?v=yFl_PIU2vZk,36,14,43,https://www.youtube.com/watch?v=Hsxt7EiDBDg,244,0,0,0,
160f90709224412f9cfc2aaa88e89a57,1840,29441,88,40,306,https://www.youtube.com/watch?v=690qQGPAVtA,91,42,306,https://www.youtube.com/watch?v=690qQGPAVtA,16,7,16,https://www.youtube.com/watch?v=ctuXtgU41R4,0,0,0,0,
4a1e39ee23e6423fbfd3a15b1e28c8f3,1840,39982,124,36,124,https://www.youtube.com/watch?v=i0_Iofw5kUg,124,36,124,https://www.youtube.com/watch?v=i0_Iofw5kUg,0,0,0,,0,0,0,0,
c805a5c2c4fb4a068a65267452aa4da5,1830,67643,88,65,163,https://www.youtube.com/watch?v=diy0yLgKxlI,88,65,163,https://www.youtube.com/watch?v=diy0yLgKxlI,0,0,0,,0,0,0,0,
d2b1ba87da034210bbe54bfa1c01bc41,1830,31925,175,118,289,https://www.youtube.com/watch?v=cNA6LsELxEY,175,118,289,https://www.youtube.com/watch?v=cNA6LsELxEY,0,0,0,,6604,900,341,1821,https://www.twitch.tv/videos/1906172445
83a59a0d6537461fb429af7e3af1d152,1830,238913,95,86,389,https://www.youtube.com/watch?v=BKixc7d_EzA,95,86,389,https://www.youtube.com/watch?v=BKixc7d_EzA,0,0,0,,0,0,0,0,
34d968321e3c40aabf759ad22d33bb3a,1830,0,0,0,0,,0,0,0,,0,0,0,,0,0,0,0,
491a6000ce4b472c9b4f8c1dcfdb772c,1820,36325,182,102,1030,https://www.youtube.com/watch?v=LUjtI_aYz4o,174,109,512,https://www.youtube.com/watch?v=DC9hu1vR5cs,191,97,1030,https://www.youtube.com/watch?v=LUjtI_aYz4o,0,0,0,0,
4b8f55c74e594978bb461a27b3924336,1820,12335,408,228,511,https://www.youtube.com/watch?v=9I-jh1b_5Fc,408,228,511,https://www.youtube.com/watch?v=9I-jh1b_5Fc,0,0,0,,800,121,77,416,https://www.twitch.tv/videos/1908920491
cb52afa541704e6e8f1098a20679135c,1820,102824,0,0,0,,0,0,0,,0,0,0,,149,0,0,0,
b632def93af34129ad1a2a6f01a8277f,1810,80176,0,0,0,,0,0,0,,0,0,0,,0,0,0,0,
3584322d47f14c7aa8f6e98511d3c54a,1810,28999,157,18,231,https://www.youtube.com/watch?v=HNqiZVkeEG0,0,0,0,,157,18,231,https://www.youtube.com/watch?v=HNqiZVkeEG0,1003,257,182,463,https://www.twitch.tv/videos/1908059011
829ebc1f7fc34bd1b770298799fccaa7,1810,31784,0,0,0,,0,0,0,,0,0,0,,0,0,0,0,
59005edeef174395915757d45718177d,1800,75297,147,100,260,https://www.youtube.com/watch?v=lp0LKpb5WC4,147,100,260,https://www.youtube.com/watch?v=lp0LKpb5WC4,0,0,0,,0,0,0,0,
d710be5717d04f2a995ac6384100df20,1790,57684,42,6,106,https://www.youtube.com/watch?v=JCMR0aCMK_M,42,6,106,https://www.youtube.com/watch?v=JCMR0aCMK_M,0,0,0,,0,0,0,0,
d576c2396a004f3c8dd91baf14254898,1780,51216,1539,858,3327,https://www.youtube.com/watch?v=dt0awbktbr4,37,18,115,https://www.youtube.com/watch?v=xKwHNBacAs4,1673,912,3327,https://www.youtube.com/watch?v=dt0awbktbr4,2051,141,133,452,https://www.twitch.tv/videos/1914978159
27bbe711f5e848a9bc8accc73fc79471,1770,43018,92,46,371,https://www.youtube.com/watch?v=15j0B7z_3ns,89,33,223,https://www.youtube.com/watch?v=3rRljVNqJJk,371,114,371,https://www.youtube.com/watch?v=15j0B7z_3ns,0,0,0,0,
be84d60f2d0e452ab7d66eaeb957477f,1770,65502,48,19,146,https://www.youtube.com/watch?v=hFsvBsFfmc0,50,21,146,https://www.youtube.com/watch?v=hFsvBsFfmc0,39,17,39,https://www.youtube.com/watch?v=jr5qvvL-BBk,0,0,0,0,
95f3f004ed9641139567827519f6b35e,1770,88579,152,67,917,https://www.youtube.com/watch?v=iUx4k7i4scI,154,78,917,https://www.youtube.com/watch?v=iUx4k7i4scI,109,36,209,https://www.youtube.com/watch?v=Hy0iwtI-W_A,249,0,0,0,
80ea9b92d31c48b8b2cf2ca5bacc2a08,1770,71146,203,87,563,https://www.youtube.com/watch?v=lr2mw8a3UQs,204,89,563,https://www.youtube.com/watch?v=lr2mw8a3UQs,77,46,77,https://www.youtube.com/watch?v=iPUGowmvgMk,0,0,0,0,
70d5f64a7e324d7584d7e5116d6dc5a2,1770,49392,437,265,437,https://www.youtube.com/watch?v=bUOu_rmU1lQ,437,265,437,https://www.youtube.com/watch?v=bUOu_rmU1lQ,0,0,0,,0,0,0,0,
0bef54320f364c5a9289fceac64c5411,1760,58671,88,49,88,https://www.youtube.com/watch?v=zsj1pSnXSYI,88,49,88,https://www.youtube.com/watch?v=zsj1pSnXSYI,0,0,0,,0,0,0,0,
536213f7ad4545f5a318156568763a35,1740,50577,63,36,162,https://www.youtube.com/watch?v=sCUHV5QedLM,63,36,162,https://www.youtube.com/watch?v=sCUHV5QedLM,0,0,0,,0,0,0,0,
5fa2dee0fba64112aa476441cd6ff982,1740,31547,303,186,784,https://www.youtube.com/watch?v=_ou9TZhV3wQ,285,160,478,https://www.youtube.com/watch?v=A4sGWDCwDn8,784,712,784,https://www.youtube.com/watch?v=_ou9TZhV3wQ,0,0,0,0,
2a20316d245d406193331300bb44fdec,1720,15834,0,0,0,,0,0,0,,0,0,0,,2521,757,573,4635,https://www.twitch.tv/videos/1917531304
52643019126449999714c7b659b6539c,1720,49219,573,190,1716,https://www.youtube.com/watch?v=i4R0dKPaZEk,0,0,0,,573,190,1716,https://www.youtube.com/watch?v=i4R0dKPaZEk,387,0,0,0,
8de4919964114a0e8627e93166bf0efb,1720,34552,211,66,362,https://www.youtube.com/watch?v=aBF3PNTnB-s,211,66,362,https://www.youtube.com/watch?v=aBF3PNTnB-s,0,0,0,,0,0,0,0,
9ad37d3249e24861bc8cb84368883258,1710,39119,37,20,202,https://www.youtube.com/watch?v=LPoLYHCtzFs,66,33,202,https://www.youtube.com/watch?v=LPoLYHCtzFs,30,10,89,https://www.youtube.com/watch?v=BjzBfcR_p_k,0,0,0,0,
b49c2970f97b4fd4a6762b3e9ba94f8e,1700,18356,0,0,0,,0,0,0,,0,0,0,,8072,4318,1004,6553,https://www.twitch.tv/videos/1894237615
0693a90c3539472db663f0f8cac9ee37,1700,52024,0,0,0,,0,0,0,,0,0,0,,629,117,101,117,https://www.twitch.tv/videos/1915871639
80e2f3365bfd4479a3594c3278311103,1690,48602,0,0,0,,0,0,0,,0,0,0,,1885,135,123,222,https://www.twitch.tv/videos/1908868982
c4651b162abb45c3a85640e3d456fa71,1690,37629,68,29,146,https://www.youtube.com/watch?v=HPLEusjwGdk,73,28,146,https://www.youtube.com/watch?v=HPLEusjwGdk,63,59,63,https://www.youtube.com/watch?v=4u2kbl0uPfA,339,0,0,0,
9ef5ec69554f46e887a9ac0fe54b4f41,1680,69192,97,91,97,https://www.youtube.com/watch?v=-H_O0Z9euMA,97,91,97,https://www.youtube.com/watch?v=-H_O0Z9euMA,0,0,0,,0,0,0,0,
0a178f2c7b994a4ea8eb845ebd489a5a,1680,43820,55,21,208,https://www.youtube.com/watch?v=AEqxxnyq76A,53,20,72,https://www.youtube.com/watch?v=xiWM7pQIywc,208,58,208,https://www.youtube.com/watch?v=AEqxxnyq76A,177,0,0,0,
5b40a93fac8646f48fca66add3d3642c,1670,100461,187,93,1136,https://www.youtube.com/watch?v=Vf6YMg0HNE0,177,82,423,https://www.youtube.com/watch?v=T9pytpCw4oA,442,130,1136,https://www.youtube.com/watch?v=Vf6YMg0HNE0,0,0,0,0,
9d74c909706a450ea35c1777cac79e77,1670,122743,145,64,300,https://www.youtube.com/watch?v=Y_NYtRgq0pM,159,71,300,https://www.youtube.com/watch?v=Y_NYtRgq0pM,52,30,167,https://www.youtube.com/watch?v=sdMQYhCbqYU,0,0,0,0,
de362d2d371446d898953e74e27abd2a,1670,108502,148,68,2090,https://www.youtube.com/watch?v=2-mYud1ukPg,148,68,291,https://www.youtube.com/watch?v=Ys3XCDobp_A,267,50,2090,https://www.youtube.com/watch?v=2-mYud1ukPg,0,0,0,0,
ed4666af39034d54913aba64cfea6f47,1660,92452,118,59,589,https://www.youtube.com/watch?v=C1-rHHLXCtw,118,59,589,https://www.youtube.com/watch?v=C1-rHHLXCtw,0,0,0,,0,0,0,0,
8ad9544f4e4f42a09ec1ecb6b514729f,1660,52664,0,0,0,,0,0,0,,0,0,0,,0,0,0,0,
86853cb239d740ce953573ba74bd08bd,1650,56777,0,0,0,,0,0,0,,0,0,0,,1321,308,234,455,https://www.twitch.tv/videos/1915827685
44b22851b9df4612bec834e2cfde9489,1650,465744,54,25,79,https://www.youtube.com/watch?v=ayTXnLsYhdU,54,25,79,https://www.youtube.com/watch?v=ayTXnLsYhdU,58,40,67,https://www.youtube.com/watch?v=dhmK3w0xTdw,0,0,0,0,
ba41581d315943fdaebe0dc981020d1c,1650,50206,283,104,513,https://www.youtube.com/watch?v=qkT7n6ebhPY,250,41,480,https://www.youtube.com/watch?v=gDbGVLHAuZg,389,153,513,https://www.youtube.com/watch?v=qkT7n6ebhPY,0,0,0,0,
8cace62dbfc34c2a9a2a348e479cdbb1,1650,162206,12,5,18,https://www.youtube.com/watch?v=1c_oovcaRIA,12,5,18,https://www.youtube.com/watch?v=1c_oovcaRIA,0,0,0,,0,0,0,0,
d2b6390494b94f44ac75b6e53780a09c,1640,17502,0,0,0,,0,0,0,,0,0,0,,38,0,0,0,
8d65d936f3c7411ab8a812d7ebc70cdf,1640,48,0,0,0,,0,0,0,,0,0,0,,267,0,0,0,
33918eea49984fb499619652ce58a4fa,1640,44396,150,43,166,https://www.youtube.com/watch?v=zWUSTnumQbg,150,43,166,https://www.youtube.com/watch?v=zWUSTnumQbg,0,0,0,,0,0,0,0,
7923371c887541e28bbae1a55b732d05,1630,21856,277,136,433,https://www.youtube.com/watch?v=iWCOZUFr5BY,288,132,433,https://www.youtube.com/watch?v=iWCOZUFr5BY,218,151,278,https://www.youtube.com/watch?v=w4v7bpw-Rog,0,0,0,0,
597fbfe660ae4e6d92bb20bd7e6f3738,1630,8268,0,0,0,,0,0,0,,0,0,0,,679,0,0,0,
86e86bf2d8e54e9083613e7398e1e7ac,1630,31137,0,0,0,,0,0,0,,0,0,0,,1305,186,174,377,https://www.twitch.tv/videos/1918516460
275aaf8046a144198dee96d20bce8b1a,1630,36624,100,52,162,https://www.youtube.com/watch?v=e7BbK2azP_w,100,52,162,https://www.youtube.com/watch?v=e7BbK2azP_w,0,0,0,,0,0,0,0,
1f445fb1ee7447c2add6738b86570b2e,1630,63965,95,68,136,https://www.youtube.com/watch?v=Tz3nOP1lxR4,95,68,136,https://www.youtube.com/watch?v=Tz3nOP1lxR4,0,0,0,,0,0,0,0,
c6d51e51df5a49f28bf25901f78a955b,1620,84630,47,28,262,https://www.youtube.com/watch?v=rp0n6M7TTrs,34,28,54,https://www.youtube.com/watch?v=FrnhHJMZwSo,201,106,262,https://www.youtube.com/watch?v=rp0n6M7TTrs,210,0,0,0,
df7bcc29e3204005877b25cdad9206b7,1620,70454,96,74,320,https://www.youtube.com/watch?v=oIxrl8tWP7o,96,74,320,https://www.youtube.com/watch?v=oIxrl8tWP7o,152,137,269,https://www.youtube.com/watch?v=9rJv0Vr07PM,0,0,0,0,
9767904fedef42febaa98e9162973356,1620,253293,929,252,3102,https://www.youtube.com/watch?v=rs5lrZgzow4,977,260,3102,https://www.youtube.com/watch?v=rs5lrZgzow4,413,179,677,https://www.youtube.com/watch?v=gveeLvxdU6Q,0,0,0,0,
339b4a73ce92470c97b1626405d5eb5b,1610,64447,89,34,124,https://www.youtube.com/watch?v=9gzj3fb6fR4,89,34,124,https://www.youtube.com/watch?v=9gzj3fb6fR4,0,0,0,,0,0,0,0,
bf124655587e4f5b937d695be814d25d,1610,110628,98,65,132,https://www.youtube.com/watch?v=xFIZ-9_QTJY,98,65,132,https://www.youtube.com/watch?v=xFIZ-9_QTJY,0,0,0,,0,0,0,0,
3e48227b123a4137a0cf1755b1142a6c,1610,39837,138,89,377,https://www.youtube.com/watch?v=T6o177H0BQU,138,89,377,https://www.youtube.com/watch?v=T6o177H0BQU,0,0,0,,0,0,0,0,
73a96bba42b444df98487ed22f97c240,1610,8594,0,0,0,,0,0,0,,0,0,0,,0,0,0,0,
e8eb343e61df420bbfa5de7fea1a90b2,1610,16113,93,53,206,https://www.youtube.com/watch?v=ft5dtAmZjnk,94,54,206,https://www.youtube.com/watch?v=ft5dtAmZjnk,77,2,77,https://www.youtube.com/watch?v=oIEkHMYYVcs,0,0,0,0,
9efea510313f4733b4d0b5e3cfb6988b,1610,312387,88,23,1573,https://www.youtube.com/watch?v=DqFA5i1omgw,49,18,118,https://www.youtube.com/watch?v=2_5RfotlXNo,1177,375,1573,https://www.youtube.com/watch?v=DqFA5i1omgw,0,0,0,0,
cbd9ed35dc0045aa9c57bb9ee14b02e0,1600,678011,10,1,26,https://www.youtube.com/watch?v=s-TGRj99ImQ,0,0,0,,10,1,26,https://www.youtube.com/watch?v=s-TGRj99ImQ,0,0,0,0,
d3ae105969be4117ade8be2e8d19c008,1600,0,0,0,0,,0,0,0,,0,0,0,,2184,0,0,0,
891c39f050e048aebafaafc90a1c4cbd,1600,30504,54,21,54,https://www.youtube.com/watch?v=dsWFgNEi5AE,0,0,0,,54,21,54,https://www.youtube.com/watch?v=dsWFgNEi5AE,143,0,0,0,
cd6b428bead74294b2d660b49a58edd3,1600,31136,54,24,70,https://www.youtube.com/watch?v=f3HOru504ZQ,54,24,70,https://www.youtube.com/watch?v=f3HOru504ZQ,0,0,0,,805,108,72,108,https://www.twitch.tv/videos/1910680178
de610557c5c041df85e41e7f2f5490f5,1590,32453,53,26,189,https://www.youtube.com/watch?v=lLnwIKuxnGg,53,26,189,https://www.youtube.com/watch?v=lLnwIKuxnGg,0,0,0,,0,0,0,0,
db2f279f9960492082f3ae6ad20aca91,1590,30480,117,32,117,https://www.youtube.com/watch?v=v503WN_M5a0,117,32,117,https://www.youtube.com/watch?v=v503WN_M5a0,0,0,0,,367,0,0,0,
2af83bdd7db644d88ffdaf123c38619b,1590,31835,101,43,188,https://www.youtube.com/watch?v=i3LghffYMcA,101,43,188,https://www.youtube.com/watch?v=i3LghffYMcA,0,0,0,,0,0,0,0,
01edfa8163ad42cd85f56ef4dce2609e,1590,32459,48,46,48,https://www.youtube.com/watch?v=viuzyT171x8,48,46,48,https://www.youtube.com/watch?v=viuzyT171x8,0,0,0,,0,0,0,0,
62e0c4a2dc274095a08c49a7850d3b78,1590,26609,0,0,0,,0,0,0,,0,0,0,,1267,0,0,0,
5db725f32b5e4e1380ad64110b88c91d,1580,181221,96,53,263,https://www.youtube.com/watch?v=waU9mc5xPKA,84,52,138,https://www.youtube.com/watch?v=OsFNcW4oMko,263,96,263,https://www.youtube.com/watch?v=waU9mc5xPKA,68,0,0,0,
1be04e1564c34845bee20467cdb8cfd1,1580,91134,0,0,0,,0,0,0,,0,0,0,,0,0,0,0,
29294f0665864cee8bb2b48697b9e84f,1580,47808,125,59,390,https://www.youtube.com/watch?v=EKilYBJbRLQ,125,59,390,https://www.youtube.com/watch?v=EKilYBJbRLQ,0,0,0,,69,0,0,0,
5d73e7f013034d06b58decaf4b2b385c,1580,27027,58,39,152,https://www.youtube.com/watch?v=HFBVpGOQhaE,58,39,152,https://www.youtube.com/watch?v=HFBVpGOQhaE,0,0,0,,0,0,0,0,
cd4c94db2aed435794cc7e55999016e7,1580,69514,120,52,261,https://www.youtube.com/watch?v=nyA8bSFFFqs,114,58,261,https://www.youtube.com/watch?v=nyA8bSFFFqs,148,42,148,https://www.youtube.com/watch?v=Nyi3fSZUQw4,129,57,45,179,https://www.twitch.tv/videos/1918642327
734477be3c5d42afbdde5356c6a6e8ee,1580,4647,208,108,322,https://www.youtube.com/watch?v=-D_Phcd_DrY,208,108,322,https://www.youtube.com/watch?v=-D_Phcd_DrY,0,0,0,,0,0,0,0,
c8dcd97e1e0b454aaeb9e14106c115ec,1570,365,372,336,372,https://www.youtube.com/watch?v=YX95IVo151A,0,0,0,,372,336,372,https://www.youtube.com/watch?v=YX95IVo151A,1596,280,214,280,https://www.twitch.tv/videos/1913231791
3430389926a942cbacde9b444b3a6653,1560,47795,5,3,23,https://www.youtube.com/watch?v=_BB5JtgHnGk,0,0,0,,5,3,23,https://www.youtube.com/watch?v=_BB5JtgHnGk,0,0,0,0,
1ff951f194d6455393ba37814e5cc750,1560,29261,60,18,265,https://www.youtube.com/watch?v=9zlKgM-m8Ro,0,0,0,,60,18,265,https://www.youtube.com/watch?v=9zlKgM-m8Ro,0,0,0,0,
f3085e3337f34b178380b52e3ca429af,1560,55609,0,0,0,,0,0,0,,0,0,0,,814,0,0,0,
a2b284f283b84af89441a229194ab72f,1550,0,0,0,0,,0,0,0,,0,0,0,,0,0,0,0,
70874043d50b4e3a873742127251caa5,1540,57450,125,65,306,https://www.youtube.com/watch?v=5AoG1egdzYY,125,65,306,https://www.youtube.com/watch?v=5AoG1egdzYY,0,0,0,,0,0,0,0,
84944da407dc4de9896c7b763132908c,1540,32251,169,79,552,https://www.youtube.com/watch?v=XNCpAFV75uU,169,79,552,https://www.youtube.com/watch?v=XNCpAFV75uU,0,0,0,,0,0,0,0,
f42c6f5877f14a38aef3f3b515769149,1540,337253,186,88,12605,https://www.youtube.com/watch?v=U9BcYInzs38,192,114,433,https://www.youtube.com/watch?v=aXME2psOl3c,169,64,12605,https://www.youtube.com/watch?v=U9BcYInzs38,0,0,0,0,
637b3a1eb03443248ebd1caba56e6b5a,1540,46026,179,92,443,https://www.youtube.com/watch?v=qck4OBrK0pw,179,92,443,https://www.youtube.com/watch?v=qck4OBrK0pw,0,0,0,,0,0,0,0,
500bd7cdaaa84adeb894c40ebd7f28ed,1530,0,0,0,0,,0,0,0,,0,0,0,,0,0,0,0,
20a90dc3baab4736890b96a827912448,1520,37167,117,2,117,https://www.youtube.com/watch?v=ngebXl8tSgA,117,2,117,https://www.youtube.com/watch?v=ngebXl8tSgA,0,0,0,,0,0,0,0,
7e50374d02184a429cfc6dfba9b52e2f,1520,8066,47,4,216,https://www.youtube.com/watch?v=PdKJFPnCk18,47,4,216,https://www.youtube.com/watch?v=PdKJFPnCk18,0,0,0,,0,0,0,0,
f96c65701df94732853d86ffd893081e,1510,42417,204,85,231,https://www.youtube.com/watch?v=ubHR_tlg0CM,204,85,231,https://www.youtube.com/watch?v=ubHR_tlg0CM,0,0,0,,0,0,0,0,
e0f419006f244a51804050ede1d1a5aa,1510,271813,103,91,492,https://www.youtube.com/watch?v=Y_mf8Y-rQdU,85,65,216,https://www.youtube.com/watch?v=qIv0tfitWBk,492,389,492,https://www.youtube.com/watch?v=Y_mf8Y-rQdU,0,0,0,0,
6d61885259b744a28c7b92c0785e8fe9,1510,133559,0,0,0,,0,0,0,,0,0,0,,791,0,0,0,
572c03fa49b54d4b95935321b4722b68,1510,112427,82,40,483,https://www.youtube.com/watch?v=lxRaZulRzF0,0,0,0,,82,40,483,https://www.youtube.com/watch?v=lxRaZulRzF0,1394,0,0,0,
0da343539de64a169fe51ad653e5c73d,1500,59519,58,13,1357,https://www.youtube.com/watch?v=AUiaGAeqdXE,44,14,59,https://www.youtube.com/watch?v=FGtN3vh45K8,140,13,1357,https://www.youtube.com/watch?v=AUiaGAeqdXE,0,0,0,0,
bc0a5179a82542999692655e5f077e29,1500,13187,0,0,0,,0,0,0,,0,0,0,,269,125,78,160,https://www.twitch.tv/videos/1908927910
8e6719bf286244e3ad9e27fd1d363953,1490,20494,169,60,295,https://www.youtube.com/watch?v=ktjOhkzPorM,170,60,295,https://www.youtube.com/watch?v=ktjOhkzPorM,123,54,123,https://www.youtube.com/watch?v=M3NQE9cIpd4,0,0,0,0,
b7fa120fd2264ecca8f9f02ece2850a9,1460,64263,63,30,1721,https://www.youtube.com/watch?v=9S-ziLvaH1k,63,30,114,https://www.youtube.com/watch?v=9buKXUfrSxA,886,460,1721,https://www.youtube.com/watch?v=9S-ziLvaH1k,122,0,0,0,
8bf9e6165251449daa9b1b36af10e5bd,1460,71693,494,115,494,https://www.youtube.com/watch?v=s_Ke2OaOHlk,494,115,494,https://www.youtube.com/watch?v=s_Ke2OaOHlk,0,0,0,,0,0,0,0,
5903a0f7274043058d817894a9b39e75,1460,29070,8,5,17,https://www.youtube.com/watch?v=yfmibtFABDY,0,0,0,,8,5,17,https://www.youtube.com/watch?v=yfmibtFABDY,0,0,0,0,
5da8c6fb027049cc8bc2030c56e8c489,1460,16767,181,75,620,https://www.youtube.com/watch?v=5XMpqUnvANg,185,76,620,https://www.youtube.com/watch?v=5XMpqUnvANg,97,35,97,https://www.youtube.com/watch?v=vKxmRcGl5gk,124,0,0,0,
ced6b5d82fc848a5a0f45a1b3da4cfae,1450,61163,41,21,75,https://www.youtube.com/watch?v=pwbIgQ9lFmA,41,21,75,https://www.youtube.com/watch?v=pwbIgQ9lFmA,0,0,0,,113,0,0,0,
895f655b68e34434992fe2a9ebbc725a,1450,23219,96,38,125,https://www.youtube.com/watch?v=8e8n55FUjeQ,96,38,125,https://www.youtube.com/watch?v=8e8n55FUjeQ,0,0,0,,0,0,0,0,
84be0f1e2b414125b39c80648897dd7a,1450,18613,0,0,0,,0,0,0,,0,0,0,,1206,101,35,185,https://www.twitch.tv/videos/1911458232
b023ec32c6b5474e95c7faf252925b8e,1450,20500,120,73,358,https://www.youtube.com/watch?v=-F1v6hdTe8E,120,73,358,https://www.youtube.com/watch?v=-F1v6hdTe8E,0,0,0,,144,0,0,0,
60602526ae1d48688c23a74b3cb527e8,1440,50652,123,41,315,https://www.youtube.com/watch?v=7zHIP1U1DGc,130,70,315,https://www.youtube.com/watch?v=7zHIP1U1DGc,111,33,278,https://www.youtube.com/watch?v=eLdhA072_UA,0,0,0,0,
7616b12f36f64fc89cd1b78c47cb0a03,1440,11365,65,32,65,https://www.youtube.com/watch?v=zf5vODHT5Io,0,0,0,,65,32,65,https://www.youtube.com/watch?v=zf5vODHT5Io,0,0,0,0,
d766d15cb84b4aa9b33122097eefff76,1440,20159,0,0,0,,0,0,0,,0,0,0,,11164,688,239,1924,https://www.twitch.tv/videos/1901423979
336bda71d5384b73826d7c9b7adef2aa,1430,38133,0,0,0,,0,0,0,,0,0,0,,1661,0,0,0,
e76a030f33bc48a58257b261f95ee3af,1430,50716,116,60,404,https://www.youtube.com/watch?v=Daqsu-1x3Y4,114,57,199,https://www.youtube.com/watch?v=ol2HvN9-6vA,404,170,404,https://www.youtube.com/watch?v=Daqsu-1x3Y4,0,0,0,0,
c192b6e25df841ad85cbc8bbf0bd8bfe,1420,77821,222,70,249,https://www.youtube.com/watch?v=rfeu4y3rngA,230,73,249,https://www.youtube.com/watch?v=rfeu4y3rngA,106,70,106,https://www.youtube.com/watch?v=kSVb4F0qBRQ,0,0,0,0,
3430201d0e1f4672a58faf16ee0f2761,1420,38322,0,0,0,,0,0,0,,0,0,0,,1226,0,0,0,
c3b80401914d46cdb1c0e69d4015723b,1420,28842,0,0,0,,0,0,0,,0,0,0,,0,0,0,0,
2ce65a2b0dd14d80afc6dd18b440bc06,1420,0,0,0,0,,0,0,0,,0,0,0,,2482,0,0,0,
acac9c479b4b42ba99d0bdfa2004ee5f,1420,27967,15,0,18,https://www.youtube.com/watch?v=2bfIyxkRuII,0,0,0,,15,0,18,https://www.youtube.com/watch?v=2bfIyxkRuII,727,203,137,226,https://www.twitch.tv/videos/1913226134
ef6a53a9d04c4f8a93bc6203234d5932,1410,56173,0,0,0,,0,0,0,,0,0,0,,0,0,0,0,
b10149a2a1ee4ffcbf1dacb1b1722f9f,1410,45078,166,61,1850,https://www.youtube.com/watch?v=9Wk36bUnHQk,137,42,267,https://www.youtube.com/watch?v=YMEPi3cuIQ0,1850,1740,1850,https://www.youtube.com/watch?v=9Wk36bUnHQk,689,84,56,114,https://www.twitch.tv/videos/1907235985
7b2d1d71057b4ac2a16109b980a99e28,1410,29682,103,64,350,https://www.youtube.com/watch?v=xwH2EFOE-Pg,103,64,350,https://www.youtube.com/watch?v=xwH2EFOE-Pg,0,0,0,,0,0,0,0,
b95eb39c5bb74de687696afbc31fb836,1410,27812,164,77,328,https://www.youtube.com/watch?v=2EcH9G-vAIA,164,77,328,https://www.youtube.com/watch?v=2EcH9G-vAIA,0,0,0,,87,0,0,0,
260f0fb7a8b1421394c38114230479bb,1400,33964,38,22,62,https://www.youtube.com/watch?v=7IGl5Cl-pZU,42,23,62,https://www.youtube.com/watch?v=7IGl5Cl-pZU,31,8,36,https://www.youtube.com/watch?v=HF-xIwXZoZk,24,0,0,0,
55889d2ac7c34549b9baa54bd5c899f3,1400,0,0,0,0,,0,0,0,,0,0,0,,23,0,0,0,
6adad1ae67dc495dae88cefa06446593,1400,93355,0,0,0,,0,0,0,,0,0,0,,0,0,0,0,
906fcc288c6840858711cb82b4ebf5f0,1400,36527,132,84,353,https://www.youtube.com/watch?v=MdQC8cBcRE8,132,84,353,https://www.youtube.com/watch?v=MdQC8cBcRE8,0,0,0,,0,0,0,0,
7e8fe40622974698a75d14d78006e009,1400,24072,0,0,0,,0,0,0,,0,0,0,,1177,139,116,275,https://www.twitch.tv/videos/1915895322
20183c46e5ed454b91680f78f63fbbdc,1400,674,147,133,216,https://www.youtube.com/watch?v=Aw0i1qejDRM,0,0,0,,147,133,216,https://www.youtube.com/watch?v=Aw0i1qejDRM,0,0,0,0,
a7410ae72f2d4648bcf192c21abd7c32,1400,42523,105,49,189,https://www.youtube.com/watch?v=Q-hZqwYzNxc,105,49,189,https://www.youtube.com/watch?v=Q-hZqwYzNxc,0,0,0,,146,0,0,0,
6b2ebe86ad7c4eda910035c42927391d,1390,45644,129,52,129,https://www.youtube.com/watch?v=tUkqqR7mNlk,129,52,129,https://www.youtube.com/watch?v=tUkqqR7mNlk,0,0,0,,0,0,0,0,
6ab090baa4624f1c8fca28312799e826,1390,39813,135,96,135,https://www.youtube.com/watch?v=yhhqGGqXagc,135,96,135,https://www.youtube.com/watch?v=yhhqGGqXagc,0,0,0,,700,78,55,78,https://www.twitch.tv/videos/1911784276
a881100803aa4abc84dc3cc814dca0e7,1390,20392,54,19,1147,https://www.youtube.com/watch?v=ULQF5UhPNcQ,53,17,1147,https://www.youtube.com/watch?v=ULQF5UhPNcQ,248,166,248,https://www.youtube.com/watch?v=oC-nVGr_qi8,0,0,0,0,
2463286fd3154219afa631c73d178147,1390,146201,161,157,270,https://www.youtube.com/watch?v=b_bfRIQDPpE,161,157,270,https://www.youtube.com/watch?v=b_bfRIQDPpE,0,0,0,,0,0,0,0,
e9047e02eb6340ff940114f754c76875,1380,26015,131,68,283,https://www.youtube.com/watch?v=qOl24OzjNSY,131,68,283,https://www.youtube.com/watch?v=qOl24OzjNSY,0,0,0,,0,0,0,0,
b0e88b4d4e5d41c4b5edd07540dc3637,1380,101465,60,30,138,https://www.youtube.com/watch?v=KncPHgxjukc,60,30,138,https://www.youtube.com/watch?v=KncPHgxjukc,0,0,0,,0,0,0,0,
6037df04e04745699bff00fb7b0d1fd0,1370,88242,146,70,211,https://www.youtube.com/watch?v=iz1Y400qjx4,146,70,211,https://www.youtube.com/watch?v=iz1Y400qjx4,0,0,0,,0,0,0,0,
93a4d479e67242d58d3ff80307d3bc84,1370,46073,150,59,284,https://www.youtube.com/watch?v=znb6wgpP0ag,148,61,268,https://www.youtube.com/watch?v=-_fOsAkYu0I,154,33,284,https://www.youtube.com/watch?v=znb6wgpP0ag,52,0,0,0,
889bc532fb85455bae33baf0aa7ec003,1370,95145,96,41,127,https://www.youtube.com/watch?v=8Ya8VxcUQQA,96,41,127,https://www.youtube.com/watch?v=8Ya8VxcUQQA,0,0,0,,0,0,0,0,
256dd6464e974e118dc8103d5e9eb0b3,1370,16594,128,82,601,https://www.youtube.com/watch?v=tDQ4Sz_V-Vc,117,82,253,https://www.youtube.com/watch?v=jbNLLkaL7_c,383,96,601,https://www.youtube.com/watch?v=tDQ4Sz_V-Vc,0,0,0,0,
a960b283b1124f44bc4bf2a16199977a,1370,5565,128,38,128,https://www.youtube.com/watch?v=kkt6q9EWDtY,0,0,0,,128,38,128,https://www.youtube.com/watch?v=kkt6q9EWDtY,3404,695,392,5560,https://www.twitch.tv/videos/1896778215
ecbeda5532474bdb8d08d4e15ce98d89,1360,22870,209,120,1457,https://www.youtube.com/watch?v=IS5r5tJF3fY,0,0,0,,209,120,1457,https://www.youtube.com/watch?v=IS5r5tJF3fY,2261,528,423,566,https://www.twitch.tv/videos/1915128306
6ff6adcddc934a3b94e45448e1912539,1360,200518,11,8,14,https://www.youtube.com/watch?v=AjI5tkRw2Ds,0,0,0,,11,8,14,https://www.youtube.com/watch?v=AjI5tkRw2Ds,1790,153,96,254,https://www.twitch.tv/videos/1916107330
1b45eb3857ab407cb97447882c2ae525,1360,44743,85,45,120,https://www.youtube.com/watch?v=irGEoLNaeqY,93,58,120,https://www.youtube.com/watch?v=irGEoLNaeqY,27,8,65,https://www.youtube.com/watch?v=P4uFwloiSVg,0,0,0,0,
2d1106498d254b0c8f7a8de7cdf60f68,1360,15426,0,0,0,,0,0,0,,0,0,0,,1896,197,153,197,https://www.twitch.tv/videos/1913510340
6c812a2f61ac470f8e3b30a92dca9d81,1360,29543,119,51,466,https://www.youtube.com/watch?v=Og7Bpapmhg4,115,49,331,https://www.youtube.com/watch?v=cz7l2YdefzE,226,175,466,https://www.youtube.com/watch?v=Og7Bpapmhg4,0,0,0,0,
1be625b10e2f4e65bab5b19d10a4d0b1,1350,17486,0,0,0,,0,0,0,,0,0,0,,0,0,0,0,
4c34c44a98974b709f7dbc7618847fd6,1350,60262,267,125,2479,https://www.youtube.com/watch?v=ZL-x2w73vjY,0,0,0,,267,125,2479,https://www.youtube.com/watch?v=ZL-x2w73vjY,9805,1245,628,1507,https://www.twitch.tv/videos/1900240449
e3157ce546a640029cfcccb9107f8154,1350,68586,17,7,90,https://www.youtube.com/watch?v=GxbJpCOh0kY,0,0,0,,17,7,90,https://www.youtube.com/watch?v=GxbJpCOh0kY,0,0,0,0,
d20c66018a094127805133f051037124,1350,49201,191,52,1615,https://www.youtube.com/watch?v=zmCmE5NSLX0,191,76,191,https://www.youtube.com/watch?v=jyC9T4BRQRA,168,50,1615,https://www.youtube.com/watch?v=zmCmE5NSLX0,1043,156,131,183,https://www.twitch.tv/videos/1914389746
8044e4d538ab4e16b1952c8e42dee12e,1350,92324,34,18,70,https://www.youtube.com/watch?v=v0lpWCGpvFk,34,18,70,https://www.youtube.com/watch?v=v0lpWCGpvFk,0,0,0,,0,0,0,0,
60a400d6a5d841f78b352675c383dbef,1340,29461,119,42,560,https://www.youtube.com/watch?v=2RAG8XhMDqw,105,41,156,https://www.youtube.com/watch?v=WEawxHHDdyk,560,354,560,https://www.youtube.com/watch?v=2RAG8XhMDqw,0,0,0,0,
c7a0e87fdeb94bcc883307e49f520173,1340,48029,47,15,267,https://www.youtube.com/watch?v=kO4-vBkODI4,39,15,99,https://www.youtube.com/watch?v=buMLq3KzeWI,267,46,267,https://www.youtube.com/watch?v=kO4-vBkODI4,0,0,0,0,
e5433e4a21eb49e2bcd508e3b12fba6d,1330,122264,43,21,147,https://www.youtube.com/watch?v=4Tew3d50-_E,43,21,147,https://www.youtube.com/watch?v=4Tew3d50-_E,0,0,0,,172,13,9,40,https://www.twitch.tv/videos/1907091406
e39607950249427da8b60fa012115e44,1330,68722,133,50,422,https://www.youtube.com/watch?v=4ARasq-vC0k,133,50,422,https://www.youtube.com/watch?v=4ARasq-vC0k,0,0,0,,0,0,0,0,
6861903583ee45d191ddc03faf6cd0d8,1330,19095,0,0,0,,0,0,0,,0,0,0,,538,109,72,111,https://www.twitch.tv/videos/1913426076
46fbbed7900f4e84bd73e0bb85a3598a,1330,49152,33,11,33,https://www.youtube.com/watch?v=FAOF5qcreew,33,11,33,https://www.youtube.com/watch?v=FAOF5qcreew,0,0,0,,0,0,0,0,
6f382359f4d0436e9e1d4f87e4696e76,1330,19873,542,324,2748,https://www.youtube.com/watch?v=Az71yfm2hrk,552,357,2748,https://www.youtube.com/watch?v=Az71yfm2hrk,258,174,418,https://www.youtube.com/watch?v=zQPoAB0wN3M,0,0,0,0,
7327248ff3f04589bca9e61665448ae8,1320,42421,448,353,817,https://www.youtube.com/watch?v=bCTz9EGOxRE,80,76,80,https://www.youtube.com/watch?v=XfJX-eJyOGw,817,630,817,https://www.youtube.com/watch?v=bCTz9EGOxRE,316,46,27,46,https://www.twitch.tv/videos/1909030206
5c164e07f385482181bf3289b030d748,1320,45119,598,142,2487,https://www.youtube.com/watch?v=chjzwdNug2g,145,62,2487,https://www.youtube.com/watch?v=chjzwdNug2g,771,404,1765,https://www.youtube.com/watch?v=1wYOqgmK6cg,922,65,32,93,https://www.twitch.tv/videos/1900238228
854282eb3f32406aa85dd53f14748228,1320,28015,566,218,866,https://www.youtube.com/watch?v=2Ctdgl6LsvY,0,0,0,,566,218,866,https://www.youtube.com/watch?v=2Ctdgl6LsvY,6091,695,284,2408,https://www.twitch.tv/videos/1918327215
34edb431f7da4a43b2a6a9d79d2858d1,1320,40170,388,151,1035,https://www.youtube.com/watch?v=o0Kwb6qog68,238,25,388,https://www.youtube.com/watch?v=XEY8CS9AwFY,661,275,1035,https://www.youtube.com/watch?v=o0Kwb6qog68,0,0,0,0,
0afd7ebcb7024553b7be91a3406cf942,1310,26850,0,0,0,,0,0,0,,0,0,0,,0,0,0,0,
bf425f4bc9154c00918ed885bdced632,1310,74124,92,43,166,https://www.youtube.com/watch?v=-6sisTpRrg0,92,43,166,https://www.youtube.com/watch?v=-6sisTpRrg0,0,0,0,,0,0,0,0,
21a80fdbdff448b98102b0d8ffa70888,1310,0,0,0,0,,0,0,0,,0,0,0,,0,0,0,0,
ce59f11c200841dab2e8a5e30655a827,1300,179962,43,33,48,https://www.youtube.com/watch?v=BHOVaSZ_yFo,43,33,48,https://www.youtube.com/watch?v=BHOVaSZ_yFo,0,0,0,,27,0,0,0,
6eefc3826f4f49a0b28a5288c5e0d83e,1300,12350,135,51,274,https://www.youtube.com/watch?v=J4Wd9Ji4Oq0,132,70,274,https://www.youtube.com/watch?v=J4Wd9Ji4Oq0,135,10,149,https://www.youtube.com/watch?v=vLZ7TUlo4vA,764,351,238,707,https://www.twitch.tv/videos/1911242931
310c827bd2b34fa58413b09453226ee9,1300,0,0,0,0,,0,0,0,,0,0,0,,0,0,0,0,
3039dc305f614cd89e8ee8d028dea0ff,1290,16506,896,650,2889,https://www.youtube.com/watch?v=rzIRJRQcywU,661,536,2889,https://www.youtube.com/watch?v=rzIRJRQcywU,1303,959,1303,https://www.youtube.com/watch?v=H85vSm8EHIg,0,0,0,0,
cd9733cb91b6400aae0bc23e3f25d7eb,1290,33247,14,9,14,https://www.youtube.com/watch?v=oD7d0r5n7cI,0,0,0,,14,9,14,https://www.youtube.com/watch?v=oD7d0r5n7cI,0,0,0,0,
e7e219a17a7644cd9d28a2ab871f5f7c,1290,21701,57,35,57,https://www.youtube.com/watch?v=gDZRuh8tva0,0,0,0,,57,35,57,https://www.youtube.com/watch?v=gDZRuh8tva0,1692,107,89,150,https://www.twitch.tv/videos/1908842790
de1fec02e4ab43aa948a415621abc524,1290,31146,62,23,82,https://www.youtube.com/watch?v=4GUaecNHNYg,62,23,82,https://www.youtube.com/watch?v=4GUaecNHNYg,0,0,0,,0,0,0,0,
7b58646f89cb4b7cbcdce819499c475f,1280,12537,71,26,78,https://www.youtube.com/watch?v=aSJb9pqd5fE,71,26,73,https://www.youtube.com/watch?v=l2L1Ppvns4c,56,45,78,https://www.youtube.com/watch?v=aSJb9pqd5fE,0,0,0,0,
c0ae01f224734769a38c39b97fb6dbb7,1280,32165,72,26,187,https://www.youtube.com/watch?v=5mosQ13KewM,72,26,187,https://www.youtube.com/watch?v=5mosQ13KewM,0,0,0,,154,0,0,0,
e308f7f536c8462baf851d52cdff7fb9,1280,64475,0,0,0,,0,0,0,,0,0,0,,0,0,0,0,
1e0ca2c7a8d7493baa62b792d78e7b07,1280,92902,128,112,199,https://www.youtube.com/watch?v=bL-kj5Uck_Q,128,112,199,https://www.youtube.com/watch?v=bL-kj5Uck_Q,0,0,0,,0,0,0,0,
e5f4b34c47844699a1c9c6dc3326cf6b,1270,38847,73,35,116,https://www.youtube.com/watch?v=Knh3KAWgz9k,73,35,116,https://www.youtube.com/watch?v=Knh3KAWgz9k,0,0,0,,74,0,0,0,
6b8922c9532e435eb4f03cabc8bb23b1,1270,33045,98,49,250,https://www.youtube.com/watch?v=tMjep5y3KOk,110,53,250,https://www.youtube.com/watch?v=tMjep5y3KOk,24,11,72,https://www.youtube.com/watch?v=Zd1q3I5_E9k,2093,0,0,0,
5ff20156ebbf4390a3573d6a94aed8df,1260,42159,205,77,292,https://www.youtube.com/watch?v=aQ-tz1_syc8,119,118,119,https://www.youtube.com/watch?v=QSxpk7Cu4wE,292,37,292,https://www.youtube.com/watch?v=aQ-tz1_syc8,0,0,0,0,
137917ec279a4eb0827cb302b9bdac7b,1260,127871,0,0,0,,0,0,0,,0,0,0,,755,0,0,0,
ffb8b8f15321474a98628cb638631bf1,1260,103184,97,50,617,https://www.youtube.com/watch?v=fNyMYsaPxQg,100,55,617,https://www.youtube.com/watch?v=fNyMYsaPxQg,87,33,349,https://www.youtube.com/watch?v=CM4loFdK_DE,0,0,0,0,
7eb39f4278b04ed485060a084cd07876,1260,35621,61,12,118,https://www.youtube.com/watch?v=bbGzdaZu7Ag,61,12,118,https://www.youtube.com/watch?v=bbGzdaZu7Ag,0,0,0,,0,0,0,0,
7688233f5720451aaa24c7ca75614e35,1250,17266,62,20,84,https://www.youtube.com/watch?v=lXnyU1bUVa4,62,20,84,https://www.youtube.com/watch?v=lXnyU1bUVa4,0,0,0,,0,0,0,0,
439d515bd7c94c74bd434909e413837a,1250,18953,226,107,493,https://www.youtube.com/watch?v=B_bu319Df8I,230,121,493,https://www.youtube.com/watch?v=B_bu319Df8I,224,77,460,https://www.youtube.com/watch?v=RRooxijAh6c,123,50,41,50,https://www.twitch.tv/videos/1914991314
35f3bb64e69c432180b98dde239f3bdd,1250,25970,326,123,879,https://www.youtube.com/watch?v=fSrJVdYEklY,326,123,879,https://www.youtube.com/watch?v=fSrJVdYEklY,0,0,0,,489,144,110,174,https://www.twitch.tv/videos/1907843034
f53e734fd8ec432da4632f30e899338b,1250,18032,238,124,10410,https://www.youtube.com/watch?v=BqXCkOK74xs,0,0,0,,238,124,10410,https://www.youtube.com/watch?v=BqXCkOK74xs,0,0,0,0,
d4e45d5ea1bf4a3a887b9f99ef60fda3,1250,27950,0,0,0,,0,0,0,,0,0,0,,0,0,0,0,
d4c077fa180a460cabadc4e2838d1855,1250,56093,136,57,204,https://www.youtube.com/watch?v=pufX5NVp_TE,136,57,204,https://www.youtube.com/watch?v=pufX5NVp_TE,0,0,0,,0,0,0,0,
4d44c28a73394954a4d1bf2a1b2c162c,1240,63606,163,40,387,https://www.youtube.com/watch?v=x_Hvfj-2oIw,158,13,209,https://www.youtube.com/watch?v=eSvcGuVyZw8,170,103,387,https://www.youtube.com/watch?v=x_Hvfj-2oIw,0,0,0,0,
32a08f858ffb4d6aba0624647cf8cf2d,1240,23505,69,35,155,https://www.youtube.com/watch?v=U5rGXvl1eO4,69,35,144,https://www.youtube.com/watch?v=EsgJwTb-lVA,85,60,155,https://www.youtube.com/watch?v=U5rGXvl1eO4,0,0,0,0,
f5838bbd59cf4922897b71efe3dc25af,1230,10485,521,334,837,https://www.youtube.com/watch?v=d08aLMSrNuU,521,334,837,https://www.youtube.com/watch?v=d08aLMSrNuU,0,0,0,,1018,625,330,625,https://www.twitch.tv/videos/1907058162
a0e2f9b9f851401bbd1736189d4b69b1,1230,34482,70,35,215,https://www.youtube.com/watch?v=ts0q9_RN5wc,66,32,215,https://www.youtube.com/watch?v=ts0q9_RN5wc,108,51,108,https://www.youtube.com/watch?v=XiIlVTpUupM,0,0,0,0,
23ebdf629748450497d6cded6d82152e,1230,69389,103,50,710,https://www.youtube.com/watch?v=GcynEXSKTWI,103,50,710,https://www.youtube.com/watch?v=GcynEXSKTWI,0,0,0,,0,0,0,0,
306117a48f3445baad1d6a919ed340bb,1220,44476,0,0,0,,0,0,0,,0,0,0,,160,0,0,0,
d29682522104427fb366fa19a0521bc3,1220,18967,0,0,0,,0,0,0,,0,0,0,,252,0,0,0,
01ba034aab854ec680fe6f1ddc7008e2,1220,50363,107,23,308,https://www.youtube.com/watch?v=qiWZRUstQbk,107,23,308,https://www.youtube.com/watch?v=qiWZRUstQbk,0,0,0,,0,0,0,0,
66830cad0b9949689741b0dc5ef39d29,1220,28894,156,81,288,https://www.youtube.com/watch?v=rs_GLJVHZZw,156,81,288,https://www.youtube.com/watch?v=rs_GLJVHZZw,0,0,0,,0,0,0,0,
9be037b96ffa41c9a080edf332650649,1220,40124,164,77,293,https://www.youtube.com/watch?v=5qUbIts_RPg,164,77,293,https://www.youtube.com/watch?v=5qUbIts_RPg,0,0,0,,0,0,0,0,
7c147c43030b44b9ae244d82c387c82a,1220,24464,92,71,157,https://www.youtube.com/watch?v=NcfxjeUm3sU,92,71,157,https://www.youtube.com/watch?v=NcfxjeUm3sU,98,37,114,https://www.youtube.com/watch?v=nT1989vYBU8,0,0,0,0,
9de536d111214c379ec6969a52d92442,1220,54308,0,0,0,,0,0,0,,0,0,0,,0,0,0,0,
ac5176c53ad7447b8d63f82f65ba7200,1220,49344,0,0,0,,0,0,0,,0,0,0,,2575,0,0,0,
7adb64ec154e4c4995c21c15f849eb9f,1220,33663,0,0,0,,0,0,0,,0,0,0,,0,0,0,0,
fcb4d9b8cd4a49dba6b421d97c179065,1220,48681,83,44,157,https://www.youtube.com/watch?v=31juBiHCQVA,83,44,157,https://www.youtube.com/watch?v=31juBiHCQVA,0,0,0,,322,78,51,231,https://www.twitch.tv/videos/1915091699
5356357f112b46db862b472a4aafcee8,1210,19201,61,21,61,https://www.youtube.com/watch?v=SBvQx-d94_s,61,21,61,https://www.youtube.com/watch?v=SBvQx-d94_s,0,0,0,,1103,85,48,85,https://www.twitch.tv/videos/1908096760
29c3016ed9f24c38a1abc7e0e49026ad,1210,14850,33,7,39,https://www.youtube.com/watch?v=s-6d2f6Jm3A,0,0,0,,33,7,39,https://www.youtube.com/watch?v=s-6d2f6Jm3A,1079,258,212,258,https://www.twitch.tv/videos/1914801263
5aaaa518ae674ae1a1162e8454a460f9,1210,21744,0,0,0,,0,0,0,,0,0,0,,1273,171,141,413,https://www.twitch.tv/videos/1915869270
3a4fe2f4720747ceabc87b3327ab2b17,1210,21122,135,46,1406,https://www.youtube.com/watch?v=piEueTyt6dE,133,50,273,https://www.youtube.com/watch?v=0Ae6S4NqAyc,199,38,1406,https://www.youtube.com/watch?v=piEueTyt6dE,0,0,0,0,
f227226fd52e4fbe801b4c89acfe4887,1210,26053,35,14,51,https://www.youtube.com/watch?v=U7XUfgzcypk,35,14,51,https://www.youtube.com/watch?v=U7XUfgzcypk,0,0,0,,0,0,0,0,
b8ce93818de34a93901147e5d9857170,1210,41961,164,59,548,https://www.youtube.com/watch?v=jFmVd_0g79Q,164,65,324,https://www.youtube.com/watch?v=m2OK7COUpDE,154,56,548,https://www.youtube.com/watch?v=jFmVd_0g79Q,0,0,0,0,
fe555b322c784b5b9c2297c585bc9352,1200,33537,63,20,105,https://www.youtube.com/watch?v=8q6pGJzfBgE,63,20,105,https://www.youtube.com/watch?v=8q6pGJzfBgE,0,0,0,,0,0,0,0,
30f58f5fd3994b9a8751b3f44e543c17,1200,73834,35,11,61,https://www.youtube.com/watch?v=K-H_-yyGy_Y,35,11,61,https://www.youtube.com/watch?v=K-H_-yyGy_Y,0,0,0,,0,0,0,0,
4dd71b1079284bdb8ba90198317e524d,1200,66851,427,95,954,https://www.youtube.com/watch?v=M1PauT1t-GQ,185,81,222,https://www.youtube.com/watch?v=1nzGZe1epR0,793,401,954,https://www.youtube.com/watch?v=M1PauT1t-GQ,0,0,0,0,
ce360f47c38c4f82875228e007cf6c2d,1200,21538,64,40,276,https://www.youtube.com/watch?v=CtibBab02is,64,40,276,https://www.youtube.com/watch?v=CtibBab02is,0,0,0,,0,0,0,0,
cb8dab545aa1409c8c6cf887f8825485,1200,16925,577,453,1926,https://www.youtube.com/watch?v=wz1lP_FZSFA,822,671,1926,https://www.youtube.com/watch?v=wz1lP_FZSFA,519,363,577,https://www.youtube.com/watch?v=ugNCkREyUXs,0,0,0,0,
9087489bcb234de9bb2a8942a1562a61,1190,67498,0,0,0,,0,0,0,,0,0,0,,0,0,0,0,
7eec0f9233fa49ed92c4f60fb8a82694,1190,22713,36,21,72,https://www.youtube.com/watch?v=jk2g2skN2BQ,0,0,0,,36,21,72,https://www.youtube.com/watch?v=jk2g2skN2BQ,0,0,0,0,
a73b969a7fe24a9aaeb9bc1c63ca6450,1190,40054,47,30,315,https://www.youtube.com/watch?v=vs-c2tkmUyw,239,51,315,https://www.youtube.com/watch?v=vs-c2tkmUyw,33,3,47,https://www.youtube.com/watch?v=tj_e16l4XtY,3646,654,585,1175,https://www.twitch.tv/videos/1914997461
eaa1d55ba99c40ce82413701233efdbd,1190,41524,80,47,334,https://www.youtube.com/watch?v=AjaTaKFtHvU,80,47,334,https://www.youtube.com/watch?v=AjaTaKFtHvU,0,0,0,,0,0,0,0,
8a8bc32109654a41a7cae0a9f235d9fb,1190,22650,145,22,816,https://www.youtube.com/watch?v=fbA9FdwVYQQ,180,35,816,https://www.youtube.com/watch?v=fbA9FdwVYQQ,88,7,127,https://www.youtube.com/watch?v=zk-u9LnnOoA,489,0,0,0,
712d031e7f004ed99aa1dfdb176cff32,1190,49204,154,88,1488,https://www.youtube.com/watch?v=FSEEVFfEunU,144,84,211,https://www.youtube.com/watch?v=Pz-bGM1Id3c,212,107,1488,https://www.youtube.com/watch?v=FSEEVFfEunU,308,0,0,0,
1025a2d1ea674c649b1e7934895bd419,1180,22160,424,178,874,https://www.youtube.com/watch?v=k0r-LWlmzLY,424,178,874,https://www.youtube.com/watch?v=k0r-LWlmzLY,0,0,0,,0,0,0,0,
e2df9d4aea8b4cb4b8e38c31cbf73036,1180,41524,63,16,200,https://www.youtube.com/watch?v=s4owPv2ut3Q,63,16,104,https://www.youtube.com/watch?v=t1LtEm6VkXY,126,53,200,https://www.youtube.com/watch?v=s4owPv2ut3Q,0,0,0,0,
8020c505099f474ca81da3023926485f,1180,60892,96,52,154,https://www.youtube.com/watch?v=lxBtQ2e2OWc,98,62,154,https://www.youtube.com/watch?v=lxBtQ2e2OWc,74,43,74,https://www.youtube.com/watch?v=j_6jSwCUJng,0,0,0,0,
218f418c23084e87a498d1c4fad724ae,1170,0,0,0,0,,0,0,0,,0,0,0,,0,0,0,0,
0f2ad43c618943d19d5101f2d3c49ac9,1170,17921,254,175,1047,https://www.youtube.com/watch?v=3--Rzm4ccZg,0,0,0,,254,175,1047,https://www.youtube.com/watch?v=3--Rzm4ccZg,181,0,0,0,
a112fc34dd9944a5a15f50c1c078aa3e,1170,78283,210,119,301,https://www.youtube.com/watch?v=g6dYWPuV2IE,210,119,301,https://www.youtube.com/watch?v=g6dYWPuV2IE,0,0,0,,0,0,0,0,
37df80920d2b4363b3fd69fd3c6be31c,1170,0,0,0,0,,0,0,0,,0,0,0,,0,0,0,0,
f4da0eee989545d2ade906b022a50e8c,1170,38870,62,23,87,https://www.youtube.com/watch?v=YshqdaQdKVM,62,23,87,https://www.youtube.com/watch?v=YshqdaQdKVM,0,0,0,,2125,299,181,443,https://www.twitch.tv/videos/1899482238
01871d8239314affaf7032899ce6502f,1170,267059,12,4,12,https://www.youtube.com/watch?v=jUQtNB0ZPrI,12,4,12,https://www.youtube.com/watch?v=jUQtNB0ZPrI,0,0,0,,0,0,0,0,
564b411dc4874310be6f8ee9bb7a0312,1170,46207,108,91,129,https://www.youtube.com/watch?v=ophGEYVxlcY,108,91,129,https://www.youtube.com/watch?v=ophGEYVxlcY,0,0,0,,0,0,0,0,
17b1d3fb1e1944dabd5e6a45f94e2f6b,1160,28104,120,40,165,https://www.youtube.com/watch?v=q671nKR5V88,120,40,165,https://www.youtube.com/watch?v=q671nKR5V88,0,0,0,,0,0,0,0,
351e16ae67e14d5e8c7294284c2ded4d,1160,29608,62,34,354,https://www.youtube.com/watch?v=HocZAYwf6MY,69,38,110,https://www.youtube.com/watch?v=SuzpvdcuJIs,25,12,354,https://www.youtube.com/watch?v=HocZAYwf6MY,0,0,0,0,
03c9aa020ec14f7494dd142676c94405,1160,6374,0,0,0,,0,0,0,,0,0,0,,2547,0,0,0,
1257fb7258eb49ad8cf58ed64b800056,1150,27944,64,17,165,https://www.youtube.com/watch?v=R7jAakmfNuA,64,17,165,https://www.youtube.com/watch?v=R7jAakmfNuA,0,0,0,,352,0,0,0,
e214241ed6574d939e398051ae25921d,1150,13469,294,111,294,https://www.youtube.com/watch?v=AnVN2v3h81c,294,111,294,https://www.youtube.com/watch?v=AnVN2v3h81c,0,0,0,,0,0,0,0,
1756e5a7f5a04ff6a7b5f482201b5cfc,1150,16241,270,153,2216,https://www.youtube.com/watch?v=PkE53Z1wWps,0,0,0,,270,153,2216,https://www.youtube.com/watch?v=PkE53Z1wWps,10297,2311,1036,3291,https://www.twitch.tv/videos/1895731940
d1f20b59a19e4ec499d423a7ba65d602,1150,28802,0,0,0,,0,0,0,,0,0,0,,0,0,0,0,
9e6e69bfb48e4be0a8eecc737a6a0ba1,1150,19942,113,18,113,https://www.youtube.com/watch?v=d3rOieYfCFY,113,18,113,https://www.youtube.com/watch?v=d3rOieYfCFY,0,0,0,,258,0,0,0,
82d5f7612b7645f3a77dd954a0e30b24,1150,21275,103,45,236,https://www.youtube.com/watch?v=2XwyBqpZHfE,103,45,111,https://www.youtube.com/watch?v=ky8SxIGLNEA,155,89,236,https://www.youtube.com/watch?v=2XwyBqpZHfE,0,0,0,0,
7a93714b53274fbaad48bef3b409d458,1140,39855,227,134,363,https://www.youtube.com/watch?v=WX4FGwMpgNA,227,134,363,https://www.youtube.com/watch?v=WX4FGwMpgNA,0,0,0,,0,0,0,0,
d45dc740a9e340c98d3eaf6923baa07a,1140,41984,0,0,0,,0,0,0,,0,0,0,,0,0,0,0,
3a43445829024217b728d04d5398b61c,1140,37694,189,69,348,https://www.youtube.com/watch?v=E0C3OynJb0Q,199,75,348,https://www.youtube.com/watch?v=E0C3OynJb0Q,103,63,103,https://www.youtube.com/watch?v=HINupu8d5jM,0,0,0,0,
ad43fda31b7842dc8e7854840b974614,1140,38558,49,12,109,https://www.youtube.com/watch?v=xDTKzyABO5s,49,12,109,https://www.youtube.com/watch?v=xDTKzyABO5s,0,0,0,,0,0,0,0,
1140618a96154395909d53257bffe0e6,1140,34188,240,60,284,https://www.youtube.com/watch?v=a5tf2ZuZp0c,240,60,284,https://www.youtube.com/watch?v=a5tf2ZuZp0c,0,0,0,,0,0,0,0,
43056077596a49349ee4bea028f670f6,1140,63345,100,70,178,https://www.youtube.com/watch?v=8iHVG1VEIQQ,100,70,178,https://www.youtube.com/watch?v=8iHVG1VEIQQ,0,0,0,,258,47,31,96,https://www.twitch.tv/videos/1914184003
db52957b67e94991b36e41e4a20fb52a,1130,20158,139,85,139,https://www.youtube.com/watch?v=x2PZkQStq2E,139,85,139,https://www.youtube.com/watch?v=x2PZkQStq2E,0,0,0,,41,0,0,0,
515abc7c33164a98be134d1c7fec84e2,1130,25524,193,88,1209,https://www.youtube.com/watch?v=jd1NmJYyRPM,180,87,1209,https://www.youtube.com/watch?v=jd1NmJYyRPM,300,161,300,https://www.youtube.com/watch?v=5XvJnUs3hBo,267,0,0,0,
d4b4a16e0ccc4bb49ff82c8584e6ed79,1130,26789,45,29,119,https://www.youtube.com/watch?v=-ytcneNzz_M,45,29,119,https://www.youtube.com/watch?v=-ytcneNzz_M,0,0,0,,0,0,0,0,
91025114208d41b2bff535d6e277017e,1120,44998,46,15,65,https://www.youtube.com/watch?v=Ha3_G-xm_B0,46,15,65,https://www.youtube.com/watch?v=Ha3_G-xm_B0,0,0,0,,0,0,0,0,
969122fc1adf4d8798a043b4754c893e,1120,6529,127,43,221,https://www.youtube.com/watch?v=9boyD4TQbTI,127,43,221,https://www.youtube.com/watch?v=9boyD4TQbTI,0,0,0,,0,0,0,0,
c2bbc6bca92c4825b72d635634197e2b,1120,21357,59,38,142,https://www.youtube.com/watch?v=doe1ObXjDsU,59,38,142,https://www.youtube.com/watch?v=doe1ObXjDsU,0,0,0,,0,0,0,0,
90405cb21f7743639684632f6bc57a46,1120,3047,64,42,216,https://www.youtube.com/watch?v=GFKZcQk5YcM,64,42,216,https://www.youtube.com/watch?v=GFKZcQk5YcM,0,0,0,,0,0,0,0,
d889f67fe7b84a38a9742ab2a47f346a,1120,28662,184,114,539,https://www.youtube.com/watch?v=rNmvkjlSRSY,0,0,0,,184,114,539,https://www.youtube.com/watch?v=rNmvkjlSRSY,1542,179,140,356,https://www.twitch.tv/videos/1915865014
126103200de947a7a3c2ac3971eef633,1120,26405,233,105,351,https://www.youtube.com/watch?v=JgWACjjSQFc,233,105,351,https://www.youtube.com/watch?v=JgWACjjSQFc,0,0,0,,0,0,0,0,
c21d4186912d4652a7fb5a1b3ef382b6,1120,17543,214,101,435,https://www.youtube.com/watch?v=ttIa5xxbc_I,222,108,435,https://www.youtube.com/watch?v=ttIa5xxbc_I,151,47,186,https://www.youtube.com/watch?v=2u8houMp42M,602,236,179,313,https://www.twitch.tv/videos/1908153380
8961bc96eec34a99ad58505bae3f58f1,1120,22377,276,165,764,https://www.youtube.com/watch?v=51s0kJf-rwQ,276,166,764,https://www.youtube.com/watch?v=51s0kJf-rwQ,256,141,378,https://www.youtube.com/watch?v=03aolZZgaEY,0,0,0,0,
62080edda26345efbf8bc2bab0ab4136,1110,24772,123,5,123,https://www.youtube.com/watch?v=x9n6aQnuEO8,123,5,123,https://www.youtube.com/watch?v=x9n6aQnuEO8,0,0,0,,0,0,0,0,
c16daca9d8b84b18a38ab97cdcd7577a,1110,74606,161,98,497,https://www.youtube.com/watch?v=ws5ng3ReG1k,155,100,249,https://www.youtube.com/watch?v=yhLSpDN2WK0,497,52,497,https://www.youtube.com/watch?v=ws5ng3ReG1k,0,0,0,0,
b4c7b27b49584c9e9bd3a9c2c5015cd6,1110,50048,0,0,0,,0,0,0,,0,0,0,,0,0,0,0,
48e18dcee4e640c6b5ede6a8bdc84ade,1110,20332,0,0,0,,0,0,0,,0,0,0,,0,0,0,0,
89036aadc62d496aa73c0a0076d67f41,1110,30603,72,29,146,https://www.youtube.com/watch?v=q0ENvITwdeI,75,30,146,https://www.youtube.com/watch?v=q0ENvITwdeI,34,28,34,https://www.youtube.com/watch?v=Nrm50s76MZY,1272,140,103,197,https://www.twitch.tv/videos/1911589110
3b0031a4b57f46719f06cbf7c5cc42b6,1110,20551,104,53,291,https://www.youtube.com/watch?v=7m6n8lGbYGs,122,53,251,https://www.youtube.com/watch?v=KK5_G3P-v9E,95,67,291,https://www.youtube.com/watch?v=7m6n8lGbYGs,0,0,0,0,
1b863baf309a4ff587385012bb5bde51,1110,81864,122,56,323,https://www.youtube.com/watch?v=C38X2c0r4Xg,126,57,258,https://www.youtube.com/watch?v=E_0bMDWOKJQ,94,55,323,https://www.youtube.com/watch?v=C38X2c0r4Xg,345,0,0,0,
7a9b7ab0d5bd411195d77800ff778a90,1110,17113,12,4,19,https://www.youtube.com/watch?v=OqzxNCSr6TM,0,0,0,,12,4,19,https://www.youtube.com/watch?v=OqzxNCSr6TM,44,0,0,0,
fd62c955979d4f14b788100154fb26e8,1110,10337,43,27,139,https://www.youtube.com/watch?v=jrTJSncbFSI,78,8,139,https://www.youtube.com/watch?v=jrTJSncbFSI,38,28,93,https://www.youtube.com/watch?v=fl-Ckpy-nj8,827,85,48,179,https://www.twitch.tv/videos/1909833988
9a7b7c9c31da44aca5a68395a2e69488,1100,512639,8,2,88,https://www.youtube.com/watch?v=ceAiKwyvdBc,8,3,88,https://www.youtube.com/watch?v=ceAiKwyvdBc,3,1,3,https://www.youtube.com/watch?v=jh5YJ0NOQnA,91,4,4,15,https://www.twitch.tv/videos/1915854364
64dc8c2de5de4c43906e515ec03f79c6,1100,16137,65,4,78,https://www.youtube.com/watch?v=jDOZrk0p7ho,65,4,78,https://www.youtube.com/watch?v=jDOZrk0p7ho,0,0,0,,0,0,0,0,
eec1f137ea78444185a4268f72f59611,1100,14385,125,39,440,https://www.youtube.com/watch?v=qsq4nBzxGKo,130,47,440,https://www.youtube.com/watch?v=qsq4nBzxGKo,52,26,161,https://www.youtube.com/watch?v=O2AVF6Hcp-A,0,0,0,0,
a09298c0b6ab4dcda7cfe945f47f445f,1100,26131,56,36,131,https://www.youtube.com/watch?v=tqYMKrh7bkI,56,36,131,https://www.youtube.com/watch?v=tqYMKrh7bkI,0,0,0,,0,0,0,0,
c2012638512742e2801d0ced54f61711,1100,43455,196,132,377,https://www.youtube.com/watch?v=Fb64mp0kDNE,197,135,377,https://www.youtube.com/watch?v=Fb64mp0kDNE,106,7,106,https://www.youtube.com/watch?v=3kDjyZ4QQyc,0,0,0,0,
46e494bf06c640da95ad1b0b81631d98,1100,54871,329,171,1574,https://www.youtube.com/watch?v=QH7hvEe1mjw,106,81,793,https://www.youtube.com/watch?v=6XJ1w3Hp0Yc,437,219,1574,https://www.youtube.com/watch?v=QH7hvEe1mjw,709,134,114,214,https://www.twitch.tv/videos/1914153542
ec9a791b8152478b95858b199b866ef9,1100,40503,37,29,49,https://www.youtube.com/watch?v=RNK4Vb9xZa8,37,29,49,https://www.youtube.com/watch?v=RNK4Vb9xZa8,0,0,0,,387,0,0,0,
9e5e58a212584007b1ab1f22f5c59438,1100,67432,83,53,127,https://www.youtube.com/watch?v=mn8ZSQwkRu4,83,53,127,https://www.youtube.com/watch?v=mn8ZSQwkRu4,0,0,0,,0,0,0,0,
fbb142bcb07a4808b0164c41ab1877ea,1100,33316,190,172,369,https://www.youtube.com/watch?v=rItNJCbGkOw,190,172,369,https://www.youtube.com/watch?v=rItNJCbGkOw,0,0,0,,0,0,0,0,
45d38ce14fb644c0890823d444a33276,1090,19281,38,28,43,https://www.youtube.com/watch?v=iDY76PesVJY,38,28,43,https://www.youtube.com/watch?v=iDY76PesVJY,0,0,0,,0,0,0,0,
4267c862353e410388f1eaa5a5d85017,1090,20600,24,7,80,https://www.youtube.com/watch?v=4FQRC9SIBhM,36,24,80,https://www.youtube.com/watch?v=4FQRC9SIBhM,9,3,13,https://www.youtube.com/watch?v=LrpQkB1WEmg,0,0,0,0,
7da08de1840847b99c6fe9a44a1ca0ac,1090,13785,171,64,289,https://www.youtube.com/watch?v=dy43A6urEhY,150,84,289,https://www.youtube.com/watch?v=dy43A6urEhY,193,32,239,https://www.youtube.com/watch?v=Y2jKukxv9FQ,0,0,0,0,
c964cb46cc9d411aaca372f9e459d2dc,1090,51717,34,17,34,https://www.youtube.com/watch?v=VnwU5XV-gM4,34,17,34,https://www.youtube.com/watch?v=VnwU5XV-gM4,0,0,0,,146,35,26,36,https://www.twitch.tv/videos/1907204037
e312462015a2454087c9fe83dd939994,1090,5279,0,0,0,,0,0,0,,0,0,0,,0,0,0,0,
a5c12a1268af408c9a3ed6adbb72c53c,1090,51862,60,29,126,https://www.youtube.com/watch?v=z21GcCKDmqs,45,28,60,https://www.youtube.com/watch?v=JOR-Agoxo6Q,126,59,126,https://www.youtube.com/watch?v=z21GcCKDmqs,0,0,0,0,
3588ee10f67c4911b544e48223c57c7d,1080,20526,11,8,36,https://www.youtube.com/watch?v=T7QKNBvTLeE,0,0,0,,11,8,36,https://www.youtube.com/watch?v=T7QKNBvTLeE,0,0,0,0,
c6ce333916b446d48d27be05df1a218e,1070,11157,42,16,111,https://www.youtube.com/watch?v=--9CnVtdNTw,47,19,111,https://www.youtube.com/watch?v=--9CnVtdNTw,37,14,92,https://www.youtube.com/watch?v=tgopK9XUdpI,393,36,26,94,https://www.twitch.tv/videos/1918524858
b92f05ad314c4937b09cd603f9ebd64b,1070,36546,44,25,103,https://www.youtube.com/watch?v=acXFJnHk5ZI,40,25,96,https://www.youtube.com/watch?v=THly3V19WRI,75,31,103,https://www.youtube.com/watch?v=acXFJnHk5ZI,318,0,0,0,
f9444f6d790344a4a51a301110665229,1070,41337,63,37,108,https://www.youtube.com/watch?v=cExojcFmhtY,61,37,108,https://www.youtube.com/watch?v=cExojcFmhtY,85,25,104,https://www.youtube.com/watch?v=cH-vH928eI4,0,0,0,0,
4b7ea2bd72234f9882b8e992b622b001,1060,55846,0,0,0,,0,0,0,,0,0,0,,0,0,0,0,
3d33f15ad27c406abfd68d6c16e0b53d,1050,67764,182,127,244,https://www.youtube.com/watch?v=EQ5KS5fGU1M,182,127,244,https://www.youtube.com/watch?v=EQ5KS5fGU1M,0,0,0,,0,0,0,0,
6e845fd52d044ab598cc4ca35ba91f88,1050,6827,0,0,0,,0,0,0,,0,0,0,,0,0,0,0,
78aa93aa7916451982b716f2e8952d38,1050,54399,111,32,120,https://www.youtube.com/watch?v=4ncVHlZ8k5A,111,32,120,https://www.youtube.com/watch?v=4ncVHlZ8k5A,0,0,0,,0,0,0,0,
2f966e51210f49ba9dce2ac90e3ada18,1050,17703,27,7,27,https://www.youtube.com/watch?v=KJwkZzBr0I0,0,0,0,,27,7,27,https://www.youtube.com/watch?v=KJwkZzBr0I0,231,31,24,67,https://www.twitch.tv/videos/1915837685
ad26bb0363ef42c7988f79ef9b07dfcc,1040,48928,0,0,0,,0,0,0,,0,0,0,,0,0,0,0,
84cccbea595d4bc69426d5c75f1ac3a4,1040,40653,103,32,386,https://www.youtube.com/watch?v=MklPqIPjORc,114,32,386,https://www.youtube.com/watch?v=MklPqIPjORc,76,32,167,https://www.youtube.com/watch?v=jT9bIaCn2Y0,0,0,0,0,
30f59fd702d5417c9225bc729bf7ec32,1030,97397,79,41,186,https://www.youtube.com/watch?v=TIbU5g2B6Uo,79,41,186,https://www.youtube.com/watch?v=TIbU5g2B6Uo,0,0,0,,0,0,0,0,
b72be2e34f9a41d598ea5332c1facb7b,1030,30323,0,0,0,,0,0,0,,0,0,0,,0,0,0,0,
e46d27918a77488ca5b4144eb1b978df,1030,52492,46,20,60,https://www.youtube.com/watch?v=Ur60O9DXO1g,38,16,56,https://www.youtube.com/watch?v=Hj6f39U4FYA,60,20,60,https://www.youtube.com/watch?v=Ur60O9DXO1g,0,0,0,0,
7c88a51800fd4984ad24ba803d3760dd,1020,15052,0,0,0,,0,0,0,,0,0,0,,0,0,0,0,
0f6d2110d7fa4f298e4345745a7e71b1,1020,22975,184,140,273,https://www.youtube.com/watch?v=-SawpYJ3lVA,0,0,0,,184,140,273,https://www.youtube.com/watch?v=-SawpYJ3lVA,0,0,0,0,
a66441bdef584fe0806c4be0fd2cf53a,1020,38866,183,76,317,https://www.youtube.com/watch?v=6tR4O0bU5RM,202,83,317,https://www.youtube.com/watch?v=6tR4O0bU5RM,134,65,159,https://www.youtube.com/watch?v=z4haKsBC2II,0,0,0,0,
a9e5491563fd4b05896ef9a8cb2ee7d7,1020,84587,101,37,7698,https://www.youtube.com/watch?v=IjDlMmKa2to,92,37,188,https://www.youtube.com/watch?v=7eAsYpBHDUE,273,105,7698,https://www.youtube.com/watch?v=IjDlMmKa2to,0,0,0,0,
2875db54b5d74d01b301d63d36dd6fbf,1020,14929,75,32,168,https://www.youtube.com/watch?v=PCFKKmeUe0M,75,32,168,https://www.youtube.com/watch?v=PCFKKmeUe0M,0,0,0,,0,0,0,0,
ba654048cca44792b683eb7c929654aa,1020,54988,206,72,348,https://www.youtube.com/watch?v=OSaQqiWttY8,207,61,348,https://www.youtube.com/watch?v=OSaQqiWttY8,160,80,160,https://www.youtube.com/watch?v=ueDYkyOOmJU,0,0,0,0,
00156e6583fe4923b7a32d8564e3ea4c,1010,27431,87,15,162,https://www.youtube.com/watch?v=W0HVZr5fo0I,87,15,162,https://www.youtube.com/watch?v=W0HVZr5fo0I,0,0,0,,251,0,0,0,
5612ac8b150e45e5a7381a2c07e9671a,1010,33793,0,0,0,,0,0,0,,0,0,0,,0,0,0,0,
034c0cb04f884faa8f2b6a02ff090ad1,1010,0,0,0,0,,0,0,0,,0,0,0,,0,0,0,0,
da503b835e2a41d58433ebf6960db356,1010,19289,56,15,391,https://www.youtube.com/watch?v=APyIaXy_M1s,56,15,391,https://www.youtube.com/watch?v=APyIaXy_M1s,0,0,0,,705,0,0,0,
1eef416d7ad94b6aa728e10d6da10304,1000,47091,0,0,0,,0,0,0,,0,0,0,,0,0,0,0,
0d7502e74c394a7f82a07c31fee877ff,1000,32607,20,6,20,https://www.youtube.com/watch?v=kKpFu_Rm6oE,0,0,0,,20,6,20,https://www.youtube.com/watch?v=kKpFu_Rm6oE,0,0,0,0,
c4df5c9723704291a4d51d973a4bdfd5,1000,9914,363,211,2062,https://www.youtube.com/watch?v=LRPO0ul5dz0,331,226,2062,https://www.youtube.com/watch?v=LRPO0ul5dz0,522,211,1169,https://www.youtube.com/watch?v=Kh_BO6iyO1k,0,0,0,0,
838f883ea01f431f97bfe9dbf3064422,1000,31944,0,0,0,,0,0,0,,0,0,0,,102,0,0,0,
b115a7f57f664800a9f71a25eaf73b92,1000,40875,70,9,136,https://www.youtube.com/watch?v=G0-GF9mmQGI,70,9,136,https://www.youtube.com/watch?v=G0-GF9mmQGI,0,0,0,,0,0,0,0,
7bd1bc8b491d47e0b7cf0a573c36120e,998,32748,137,53,194,https://www.youtube.com/watch?v=KjyKNkElDvQ,112,42,137,https://www.youtube.com/watch?v=YkiIZqB5kv0,194,53,194,https://www.youtube.com/watch?v=KjyKNkElDvQ,0,0,0,0,
e66d389ebb604096bfa99178e1a13c27,996,6247,54,47,124,https://www.youtube.com/watch?v=ln9zaXuRKz8,80,60,124,https://www.youtube.com/watch?v=ln9zaXuRKz8,14,2,17,https://www.youtube.com/watch?v=XScnHbW2xE0,2799,143,109,347,https://www.twitch.tv/videos/1908927212
64ae0a79da14460e85e36ee3c7f7759f,995,39524,54,31,54,https://www.youtube.com/watch?v=oKUkn0jIdpg,54,31,54,https://www.youtube.com/watch?v=oKUkn0jIdpg,0,0,0,,0,0,0,0,
e210fb08b0744535a907823fa9f062cc,993,18270,75,27,116,https://www.youtube.com/watch?v=Jv2lSgZVTnQ,0,0,0,,75,27,116,https://www.youtube.com/watch?v=Jv2lSgZVTnQ,215,81,56,126,https://www.twitch.tv/videos/1917531582
1e06211caf4f4afa98125699a4c66b5d,988,0,0,0,0,,0,0,0,,0,0,0,,0,0,0,0,
b839a67d928b4d8a9340bf0184be0a7d,981,69930,0,0,0,,0,0,0,,0,0,0,,0,0,0,0,
5f9ded46df28474bbd1470d761700f30,978,635997,7,5,13,https://www.youtube.com/watch?v=Nok2XjdU4xY,0,0,0,,7,5,13,https://www.youtube.com/watch?v=Nok2XjdU4xY,660,91,53,162,https://www.twitch.tv/videos/1900139946
b4de9155a5f34284a41224c38e70c67e,977,34772,21,8,128,https://www.youtube.com/watch?v=9PB1M24LXWQ,0,0,0,,21,8,128,https://www.youtube.com/watch?v=9PB1M24LXWQ,43,0,0,0,
46a8009adbca4aa083af580b50b69306,969,17753,36,20,55,https://www.youtube.com/watch?v=Cdg0j9_hwMk,36,15,53,https://www.youtube.com/watch?v=lupKrHYO-HE,43,35,55,https://www.youtube.com/watch?v=Cdg0j9_hwMk,393,31,20,38,https://www.twitch.tv/videos/1910756400
46388caf23e34f09b145fff0fa25b897,968,36326,34,16,34,https://www.youtube.com/watch?v=bQr6_50iVgE,0,0,0,,34,16,34,https://www.youtube.com/watch?v=bQr6_50iVgE,684,104,73,104,https://www.twitch.tv/videos/1911574201
7299d6e9ebff46c9ae859fa5c6f27206,968,18135,8,4,26,https://www.youtube.com/watch?v=jCnoJvlPU5E,0,0,0,,8,4,26,https://www.youtube.com/watch?v=jCnoJvlPU5E,2017,416,226,632,https://www.twitch.tv/videos/1908188875
b2313ef4c37542c89796ae94dfb8228d,965,11884,332,279,567,https://www.youtube.com/watch?v=wtxP-KmVSKk,0,0,0,,332,279,567,https://www.youtube.com/watch?v=wtxP-KmVSKk,0,0,0,0,
15711ba2b93a46c295901d775aaf314e,957,31180,0,0,0,,0,0,0,,0,0,0,,0,0,0,0,
78d441a2d6584d078a6ce202238d36b9,954,22542,41,16,94,https://www.youtube.com/watch?v=0Y1Ce13VtXg,0,0,0,,41,16,94,https://www.youtube.com/watch?v=0Y1Ce13VtXg,0,0,0,0,
5396c3113555413f8b8d722d44b413d3,954,17432,107,19,174,https://www.youtube.com/watch?v=4xB9kDqL6sI,107,19,174,https://www.youtube.com/watch?v=4xB9kDqL6sI,0,0,0,,0,0,0,0,
34973abcef4e41b29add2b476ce0a7fb,951,10961,0,0,0,,0,0,0,,0,0,0,,20,0,0,0,
b596a01b8b6a48e4a96cb67b2d5cdccd,950,37173,155,69,282,https://www.youtube.com/watch?v=w80z69MS_jY,28,5,28,https://www.youtube.com/watch?v=JipiOcCaImM,282,132,282,https://www.youtube.com/watch?v=w80z69MS_jY,414,0,0,0,
f9f38aebd04f4a219e165e0c6e1fb347,948,14817,0,0,0,,0,0,0,,0,0,0,,0,0,0,0,
303c4cd8cf334f01805afdd8df5adc7f,948,37985,74,16,81,https://www.youtube.com/watch?v=53YuNhIhFoI,74,16,81,https://www.youtube.com/watch?v=53YuNhIhFoI,0,0,0,,0,0,0,0,
7a0eb6cbe5a94663888ef35a63ab3b5a,946,24142,185,96,297,https://www.youtube.com/watch?v=HlgbjCzejis,0,0,0,,185,96,297,https://www.youtube.com/watch?v=HlgbjCzejis,832,326,258,326,https://www.twitch.tv/videos/1913906431
f1020d6d2f904704a363cf21806327a1,945,16764,0,0,0,,0,0,0,,0,0,0,,222,0,0,0,
fbfe453800444cdd8a35eb8abf365f32,935,53246,43,11,48,https://www.youtube.com/watch?v=eByQ4yxz7kY,43,11,48,https://www.youtube.com/watch?v=eByQ4yxz7kY,0,0,0,,0,0,0,0,
cbc46416a6eb4c66952dd5c2c7602e2b,933,25794,0,0,0,,0,0,0,,0,0,0,,0,0,0,0,
6ef3b507ab8e41d499c59d8cf8b65202,932,0,0,0,0,,0,0,0,,0,0,0,,0,0,0,0,
607a7be9721741c48e2901609c294ada,929,69725,32,8,37,https://www.youtube.com/watch?v=NfuZMM9AyKo,32,8,37,https://www.youtube.com/watch?v=NfuZMM9AyKo,0,0,0,,1538,0,0,0,
73675987096b486287784fc466b881be,929,58744,183,87,1007,https://www.youtube.com/watch?v=iSXYEdIJrJA,125,56,318,https://www.youtube.com/watch?v=FY21GVFrH3c,233,122,1007,https://www.youtube.com/watch?v=iSXYEdIJrJA,0,0,0,0,
edbd401267284e8886c1fd27d08283d4,924,9008,58,23,157,https://www.youtube.com/watch?v=mGEWWokS0gQ,106,29,157,https://www.youtube.com/watch?v=mGEWWokS0gQ,45,23,94,https://www.youtube.com/watch?v=8vdvzAOh4YA,805,0,0,0,
b5d3dfb81219492cb11a34291aab8cc8,921,25671,70,22,146,https://www.youtube.com/watch?v=tciEjzYdQ_4,70,22,146,https://www.youtube.com/watch?v=tciEjzYdQ_4,0,0,0,,0,0,0,0,
61e81c6f534247b486b8125bd34fa960,918,54889,0,0,0,,0,0,0,,0,0,0,,17882,613,236,1325,https://www.twitch.tv/videos/1907934710
b80c21b76e7849f0a0fa94194fe2ad4b,916,12289,87,32,248,https://www.youtube.com/watch?v=6nV4-4mMSVA,100,64,248,https://www.youtube.com/watch?v=6nV4-4mMSVA,56,7,138,https://www.youtube.com/watch?v=wo1EGYEmvzw,302,0,0,0,
9b5ec085252a4f6e9ba04cac0ad49e65,912,41201,27,2,27,https://www.youtube.com/watch?v=Wv2D9P-PxlI,0,0,0,,27,2,27,https://www.youtube.com/watch?v=Wv2D9P-PxlI,1966,0,0,0,
5ce810e28ea54f5bacd55573589f4e4e,910,39586,90,48,3386,https://www.youtube.com/watch?v=ikal9goZLS4,84,48,195,https://www.youtube.com/watch?v=v5EhqvWAVu0,165,22,3386,https://www.youtube.com/watch?v=ikal9goZLS4,0,0,0,0,
c03a8219bd254619959f9308af6a3bba,910,14926,45,22,55,https://www.youtube.com/watch?v=BTZbspHDKl0,0,0,0,,45,22,55,https://www.youtube.com/watch?v=BTZbspHDKl0,148,0,0,0,
e2e79e4b7c8f41c7be66dfc9e5da1da6,909,14116,0,0,0,,0,0,0,,0,0,0,,1269,0,0,0,
a5647aba47dc4bb48eaa0cde6de7c6bd,907,36845,0,0,0,,0,0,0,,0,0,0,,0,0,0,0,
20bfe5495db6453eaadbc55322c856f9,901,30703,51,14,55,https://www.youtube.com/watch?v=SAe_MkMTO2o,51,14,55,https://www.youtube.com/watch?v=SAe_MkMTO2o,0,0,0,,0,0,0,0,
75b388425b774a9f99a4483e295a13f0,899,58651,139,87,224,https://www.youtube.com/watch?v=9QN3XcyXjvA,139,87,224,https://www.youtube.com/watch?v=9QN3XcyXjvA,0,0,0,,166,38,26,38,https://www.twitch.tv/videos/1911664946
2efe1ad069184a7e94b0583b452ffac4,897,58882,42,24,126,https://www.youtube.com/watch?v=S4A6eRLxXH0,42,24,126,https://www.youtube.com/watch?v=S4A6eRLxXH0,0,0,0,,0,0,0,0,
a823412858b749f7bd2bff3739ec55b7,896,34137,74,47,109,https://www.youtube.com/watch?v=xIjcEbURh9s,74,47,109,https://www.youtube.com/watch?v=xIjcEbURh9s,0,0,0,,358,0,0,0,
d210d8dfc0ec4a97907b9cebb5413ae3,894,31159,594,166,758,https://www.youtube.com/watch?v=N-CQGxJpaa4,594,166,758,https://www.youtube.com/watch?v=N-CQGxJpaa4,0,0,0,,0,0,0,0,
3b9a06751f3c415993d424480d4d5060,894,115475,71,38,156,https://www.youtube.com/watch?v=z032vGrqsco,71,38,156,https://www.youtube.com/watch?v=z032vGrqsco,0,0,0,,0,0,0,0,
62f37fa0a2f44083945f03db36e50dff,893,12793,94,37,219,https://www.youtube.com/watch?v=rH91n4hQmEQ,94,37,219,https://www.youtube.com/watch?v=rH91n4hQmEQ,0,0,0,,0,0,0,0,
d70830a282b9446f89bc9d82c88b8db3,891,55457,118,39,206,https://www.youtube.com/watch?v=JzvyKdmI8TA,118,39,206,https://www.youtube.com/watch?v=JzvyKdmI8TA,0,0,0,,223,0,0,0,
7df81b926eec4a998d5ffcd67b59ff5e,891,41130,69,66,69,https://www.youtube.com/watch?v=JpLcJ8gtATo,69,66,69,https://www.youtube.com/watch?v=JpLcJ8gtATo,0,0,0,,0,0,0,0,
25b1a8ceab1d439491fb4e98013cd0fc,891,21432,104,52,229,https://www.youtube.com/watch?v=2b9fcfOEz0k,104,52,229,https://www.youtube.com/watch?v=2b9fcfOEz0k,0,0,0,,542,0,0,0,
995bff308e7f4df3aa33305fc0ddde8e,882,31229,116,42,162,https://www.youtube.com/watch?v=INN9Q6Zw0ls,116,42,162,https://www.youtube.com/watch?v=INN9Q6Zw0ls,0,0,0,,0,0,0,0,
6efa004da8424662bae62d420d82d722,878,71254,108,44,240,https://www.youtube.com/watch?v=g4N7jRi1Hyc,64,16,119,https://www.youtube.com/watch?v=Zv58gBlnkJw,230,148,240,https://www.youtube.com/watch?v=g4N7jRi1Hyc,0,0,0,0,
689bcf2176f84f86a4fb53800f25ea7a,878,1460,0,0,0,,0,0,0,,0,0,0,,0,0,0,0,
8d8b1382b7154504819e1db08ecbe8ee,876,10921,69,43,95,https://www.youtube.com/watch?v=T0KC3vDOyM8,69,43,95,https://www.youtube.com/watch?v=T0KC3vDOyM8,0,0,0,,0,0,0,0,
018244f1ad404c9eaa4ddf747c3bafa0,874,94841,79,31,114,https://www.youtube.com/watch?v=LLSzhlnWBF4,79,31,114,https://www.youtube.com/watch?v=LLSzhlnWBF4,0,0,0,,0,0,0,0,
a2188c1a225e4f93a64e3385fa02d779,872,38729,64,60,64,https://www.youtube.com/watch?v=sHBP7xinYK8,0,0,0,,64,60,64,https://www.youtube.com/watch?v=sHBP7xinYK8,0,0,0,0,
399a496d028447a58924b2660d0fc187,870,28240,49,7,49,https://www.youtube.com/watch?v=5ARnE_6lAK4,0,0,0,,49,7,49,https://www.youtube.com/watch?v=5ARnE_6lAK4,0,0,0,0,
e212d468e3e64ad5b8f22f61bc4e06f7,869,26407,35,27,90,https://www.youtube.com/watch?v=OhfEza4H40k,35,16,51,https://www.youtube.com/watch?v=KczdrnVzqnE,90,85,90,https://www.youtube.com/watch?v=OhfEza4H40k,0,0,0,0,
364f94fc7493453e9f53787ade8e35c6,869,130293,54,25,1072,https://www.youtube.com/watch?v=ANON-0QSvs0,54,25,1072,https://www.youtube.com/watch?v=ANON-0QSvs0,0,0,0,,10,0,0,0,
3df940c5d9d3488b941948d3e21c8edc,868,3108,0,0,0,,0,0,0,,0,0,0,,0,0,0,0,
1e71d9b4bbb1411b84e1aa428a79c9bc,866,5922,128,73,319,https://www.youtube.com/watch?v=aYEmgDjjNug,192,109,319,https://www.youtube.com/watch?v=aYEmgDjjNug,105,15,128,https://www.youtube.com/watch?v=-WD3vaEDXuU,0,0,0,0,
f560e7811b454fe489044165c53dba83,866,29356,98,28,196,https://www.youtube.com/watch?v=wqE8MpIktMs,98,28,196,https://www.youtube.com/watch?v=wqE8MpIktMs,0,0,0,,0,0,0,0,
ee7cfe445bc84d6fa7fff5df6fbf0d32,866,15400,85,32,191,https://www.youtube.com/watch?v=kaeC9S8da98,88,32,191,https://www.youtube.com/watch?v=kaeC9S8da98,37,31,60,https://www.youtube.com/watch?v=paJx8wbGI3U,375,87,77,185,https://www.twitch.tv/videos/1914066604
0294dc5e3fb14312b472bb05af5ad329,854,21220,0,0,0,,0,0,0,,0,0,0,,0,0,0,0,
a8e44e51a99c487694e2525dc57c85ca,851,37582,44,11,74,https://www.youtube.com/watch?v=p7u6dsszVVQ,58,15,74,https://www.youtube.com/watch?v=p7u6dsszVVQ,5,4,20,https://www.youtube.com/watch?v=-6s87eUhL_Q,243,122,118,122,https://www.twitch.tv/videos/1918529448
3a963b6901c7467da3d9c8bd74df9da6,850,25618,50,27,112,https://www.youtube.com/watch?v=K7szOEvmXsY,61,42,107,https://www.youtube.com/watch?v=S6863rMtDs0,32,12,112,https://www.youtube.com/watch?v=K7szOEvmXsY,0,0,0,0,
bb56715066e548c297232372a16ab083,848,51599,3,1,289,https://www.youtube.com/watch?v=Snfvzv5VH7I,7,3,18,https://www.youtube.com/watch?v=K6j2JqDYuTo,3,0,289,https://www.youtube.com/watch?v=Snfvzv5VH7I,1286,35,33,75,https://www.twitch.tv/videos/1910789615
091ac99f10804fe3b417a0f285731b4e,848,32711,100,53,269,https://www.youtube.com/watch?v=EqqGlxjnEWU,100,55,269,https://www.youtube.com/watch?v=EqqGlxjnEWU,84,38,238,https://www.youtube.com/watch?v=g-7564C26M4,263,73,41,73,https://www.twitch.tv/videos/1908063531
85aa19ec73ce4db08ba1bf3d0f1807ce,846,33438,217,106,259,https://www.youtube.com/watch?v=mxcYBB6nTYU,217,106,259,https://www.youtube.com/watch?v=mxcYBB6nTYU,0,0,0,,0,0,0,0,
6e6fd1311d2f42228faa8b1ccb0fa589,843,33761,141,56,302,https://www.youtube.com/watch?v=1JdwafTAAPA,141,56,302,https://www.youtube.com/watch?v=1JdwafTAAPA,0,0,0,,0,0,0,0,
b586a78c976b44859e93d12f47bef826,843,23405,48,34,63,https://www.youtube.com/watch?v=o-10gYgNcjo,48,34,63,https://www.youtube.com/watch?v=o-10gYgNcjo,0,0,0,,0,0,0,0,
10c8c9b647e7464f9d95c7c1a865da01,842,18399,135,80,183,https://www.youtube.com/watch?v=mmdub5ZW_74,135,80,183,https://www.youtube.com/watch?v=mmdub5ZW_74,0,0,0,,1039,0,0,0,
9deb096c2fb943a7ae7487bf25e28026,838,38199,30,14,342,https://www.youtube.com/watch?v=yn-VXFv8JXA,0,0,0,,30,14,342,https://www.youtube.com/watch?v=yn-VXFv8JXA,659,152,106,213,https://www.twitch.tv/videos/1906449705
686fa700c1ee4d179ed277d5b101f8a4,837,24870,0,0,0,,0,0,0,,0,0,0,,0,0,0,0,
644ed2200e8a446bae2920103d1015e3,835,32380,55,24,152,https://www.youtube.com/watch?v=E5Q_xYNVpAI,55,24,152,https://www.youtube.com/watch?v=E5Q_xYNVpAI,0,0,0,,0,0,0,0,
d9baa82223d04494abd266da86171d95,834,0,0,0,0,,0,0,0,,0,0,0,,678,0,0,0,
73f219fc31294239804b67151318e0a8,834,47048,0,0,0,,0,0,0,,0,0,0,,269,0,0,0,
8e2559d9a7714ecd9cb0448b4d28f8d2,834,23134,562,140,1053,https://www.youtube.com/watch?v=t-eoUy6nRbY,0,0,0,,562,140,1053,https://www.youtube.com/watch?v=t-eoUy6nRbY,4443,239,134,783,https://www.twitch.tv/videos/1896631117
50a5bb8d33e14c81813bd0d02dc34b58,831,0,0,0,0,,0,0,0,,0,0,0,,0,0,0,0,
853afd5eb42e4f61bb0f9478aa8c1661,830,41206,0,0,0,,0,0,0,,0,0,0,,0,0,0,0,
f1dff6bebe3a4fa7a4b9c05f91bdc42b,830,0,0,0,0,,0,0,0,,0,0,0,,0,0,0,0,
7d6a4fa5389c461bb553b8190c5e951f,830,43428,0,0,0,,0,0,0,,0,0,0,,0,0,0,0,
ff063abda8d24869b8d34267e673958f,830,0,0,0,0,,0,0,0,,0,0,0,,0,0,0,0,
b84f2dfff8ce4ca1af82bfc44405f1e7,829,30394,47,21,79,https://www.youtube.com/watch?v=NS8uFeA-0sY,47,21,79,https://www.youtube.com/watch?v=NS8uFeA-0sY,0,0,0,,0,0,0,0,
4b9b64309ea0491bbde3b86b6c34bdd0,829,52206,97,40,170,https://www.youtube.com/watch?v=3FdNku1ZDQ0,97,40,170,https://www.youtube.com/watch?v=3FdNku1ZDQ0,0,0,0,,0,0,0,0,
13a3d049cda44b9e8da24006e642dd78,817,22328,0,0,0,,0,0,0,,0,0,0,,2832,249,128,249,https://www.twitch.tv/videos/1906687513
6df15d678de844d1a7f08226c02d6183,817,3755,96,8,143,https://www.youtube.com/watch?v=jx2AYzjjCrc,143,13,143,https://www.youtube.com/watch?v=jx2AYzjjCrc,49,3,49,https://www.youtube.com/watch?v=drg1wVPqPiM,0,0,0,0,
8a5468bc4c7d44989e5ee4864a9b941a,816,62037,61,29,102,https://www.youtube.com/watch?v=0JC8SpxOBn4,62,32,102,https://www.youtube.com/watch?v=0JC8SpxOBn4,26,15,26,https://www.youtube.com/watch?v=8PrYJqRK5ZA,0,0,0,0,
16b8db1818764f81addb322d109b5da3,814,16276,165,86,277,https://www.youtube.com/watch?v=t_CQm92Ayu8,165,86,277,https://www.youtube.com/watch?v=t_CQm92Ayu8,0,0,0,,0,0,0,0,
90446c6f1b704ff6b0fbbf017f0a68c5,814,13015,304,137,601,https://www.youtube.com/watch?v=5k16Q5Me6IU,365,155,398,https://www.youtube.com/watch?v=36b_V3bg3BM,191,100,601,https://www.youtube.com/watch?v=5k16Q5Me6IU,0,0,0,0,
7c6d1a181c90471887696ff9637aed03,812,24994,103,21,119,https://www.youtube.com/watch?v=a3U9vf0Pqso,103,21,119,https://www.youtube.com/watch?v=a3U9vf0Pqso,0,0,0,,0,0,0,0,
75e2a9a237e14297976b9b8946818de5,812,1496,0,0,0,,0,0,0,,0,0,0,,0,0,0,0,
b96e4730713c48899004d4af5975fe21,811,4753,0,0,0,,0,0,0,,0,0,0,,256,31,21,31,https://www.twitch.tv/videos/1911503010
e9a30300d33f4c2e9b1c3bd1d64148cc,810,12847,90,44,1671,https://www.youtube.com/watch?v=n1lKB7Gh11Q,85,37,249,https://www.youtube.com/watch?v=dse3-bY7Qxk,892,155,1671,https://www.youtube.com/watch?v=n1lKB7Gh11Q,0,0,0,0,
945e26a69e2145219406bf2ca0d59554,808,21379,0,0,0,,0,0,0,,0,0,0,,607,85,57,98,https://www.twitch.tv/videos/1908963638
956591dc2e40411688b8f8e3079bc5e3,807,56524,175,130,306,https://www.youtube.com/watch?v=3wvTmIORvok,175,130,306,https://www.youtube.com/watch?v=3wvTmIORvok,0,0,0,,0,0,0,0,
efe21404e1e344dda7e75ecb2c160895,806,19145,0,0,0,,0,0,0,,0,0,0,,0,0,0,0,
3c0a36d022cf4d47af7af109819ebfec,804,8130,125,24,125,https://www.youtube.com/watch?v=6cgAYNpflbk,125,24,125,https://www.youtube.com/watch?v=6cgAYNpflbk,0,0,0,,0,0,0,0,
021e4f709f1a4c56b8cd200c476db3e7,804,16452,211,103,776,https://www.youtube.com/watch?v=5J46USnaKfo,211,91,241,https://www.youtube.com/watch?v=mpIQBgLB67E,776,624,776,https://www.youtube.com/watch?v=5J46USnaKfo,0,0,0,0,
17946118c2d641819c847aba0c491e13,801,7464,51,19,51,https://www.youtube.com/watch?v=8cwz-IL8yE0,0,0,0,,51,19,51,https://www.youtube.com/watch?v=8cwz-IL8yE0,3225,0,0,0,
f3914ae7ae6541198b6b5f4d63febe48,801,16196,55,29,189,https://www.youtube.com/watch?v=podKMEmj9jU,59,30,189,https://www.youtube.com/watch?v=podKMEmj9jU,34,27,34,https://www.youtube.com/watch?v=LzfX_YxRYfw,0,0,0,0,
95fa8eef249d4edca59594271fedc487,799,21272,155,58,267,https://www.youtube.com/watch?v=-UxrKSMPEfk,155,58,267,https://www.youtube.com/watch?v=-UxrKSMPEfk,0,0,0,,0,0,0,0,
bf03fd8b5b55481590ea63338c5cdd20,798,4815,0,0,0,,0,0,0,,0,0,0,,545,147,76,283,https://www.twitch.tv/videos/1899174450
313ac2707d2548d18d1dfb62809ae162,798,21717,0,0,0,,0,0,0,,0,0,0,,0,0,0,0,
62c12910ed8543ffaa91b4ad33f71fec,797,8461,88,27,105,https://www.youtube.com/watch?v=MZCFKSki5h4,88,27,105,https://www.youtube.com/watch?v=MZCFKSki5h4,0,0,0,,0,0,0,0,
2450f1c7cf8f46c8aa30afaa922c9642,796,14301,90,32,140,https://www.youtube.com/watch?v=nkfKj09cO2U,90,32,140,https://www.youtube.com/watch?v=nkfKj09cO2U,0,0,0,,267,122,96,130,https://www.twitch.tv/videos/1912548889
bbc277041cb743639026fb5b0db9c3bb,794,33480,86,63,86,https://www.youtube.com/watch?v=4gd7P7p76Ys,0,0,0,,86,63,86,https://www.youtube.com/watch?v=4gd7P7p76Ys,3760,233,177,380,https://www.twitch.tv/videos/1917575033
a753be70dd194989835b604e4b249363,793,24794,278,121,278,https://www.youtube.com/watch?v=VAIYv-Ua9bs,0,0,0,,278,121,278,https://www.youtube.com/watch?v=VAIYv-Ua9bs,614,214,143,395,https://www.twitch.tv/videos/1914017893
54a8fe908e2040bfb366aca0e67cc23f,789,13666,34,7,187,https://www.youtube.com/watch?v=Y2MaJcVNaZM,34,7,187,https://www.youtube.com/watch?v=Y2MaJcVNaZM,0,0,0,,0,0,0,0,
30bc516401f24514aaecce081979ab50,789,31099,0,0,0,,0,0,0,,0,0,0,,0,0,0,0,
6f9d63518a69442a88ac602a3b37bf18,788,4776,141,90,391,https://www.youtube.com/watch?v=Khw0aZAciUg,247,125,391,https://www.youtube.com/watch?v=Khw0aZAciUg,133,55,214,https://www.youtube.com/watch?v=7dU-T7S3u_4,0,0,0,0,
58374cba861d4267a84ad689bb6ce91a,786,23823,50,19,97,https://www.youtube.com/watch?v=tPNcWE2V_Tc,50,19,97,https://www.youtube.com/watch?v=tPNcWE2V_Tc,0,0,0,,0,0,0,0,
793ec2d37c544cc7915d3dc3e9902e1d,786,17897,102,44,324,https://www.youtube.com/watch?v=33vjt9L63yw,99,52,324,https://www.youtube.com/watch?v=33vjt9L63yw,184,44,218,https://www.youtube.com/watch?v=X3QYtOaY5iQ,513,110,96,313,https://www.twitch.tv/videos/1913212066
415ca337b1104450acbed1eb046c0a58,786,61613,63,6,63,https://www.youtube.com/watch?v=ncm4DTbIwQs,0,0,0,,63,6,63,https://www.youtube.com/watch?v=ncm4DTbIwQs,252,0,0,0,
6cd8cdc530d14e2d9d0a9cd20cb6b05c,784,21209,57,18,142,https://www.youtube.com/watch?v=pRmB5pRv_IE,55,16,81,https://www.youtube.com/watch?v=em-0W-nhSVY,85,27,142,https://www.youtube.com/watch?v=pRmB5pRv_IE,0,0,0,0,
6443d56896a848dd820e339b5f81e292,784,17100,160,69,479,https://www.youtube.com/watch?v=kLJ3Mrzoim0,122,58,479,https://www.youtube.com/watch?v=kLJ3Mrzoim0,409,384,409,https://www.youtube.com/watch?v=NuykiNAggbg,3524,264,140,339,https://www.twitch.tv/videos/1913415423
9539cc114b7648efb72bafc3a7358ae6,780,0,0,0,0,,0,0,0,,0,0,0,,1872,0,0,0,
29a3d514ca274f6fb966f9d70bed4b52,780,72053,230,37,310,https://www.youtube.com/watch?v=9XUDABMXY5I,150,0,150,https://www.youtube.com/watch?v=9YP9ciehxZQ,310,74,310,https://www.youtube.com/watch?v=9XUDABMXY5I,0,0,0,0,
3506a4f43442492e83c6fbe4cdb09aba,777,28948,122,22,292,https://www.youtube.com/watch?v=c-LCoHO14TA,91,22,137,https://www.youtube.com/watch?v=HHeSdnxo6V0,208,28,292,https://www.youtube.com/watch?v=c-LCoHO14TA,0,0,0,0,
3e41189706dd483db4e407c295b058ce,776,44314,17,7,134,https://www.youtube.com/watch?v=TeSU7aVaEr0,0,0,0,,17,7,134,https://www.youtube.com/watch?v=TeSU7aVaEr0,2848,311,43,545,https://www.twitch.tv/videos/1916924785
accb26f2db2746e898b68ab07dd3c5bc,775,35511,46,29,102,https://www.youtube.com/watch?v=9TcfWRRqjD8,47,30,102,https://www.youtube.com/watch?v=9TcfWRRqjD8,25,4,25,https://www.youtube.com/watch?v=CZ9qC_obyDg,156,0,0,0,
548f8fcaa1b24e878b97d572df450bcb,775,145196,59,56,86,https://www.youtube.com/watch?v=imf_Q98qnWM,69,67,86,https://www.youtube.com/watch?v=imf_Q98qnWM,15,13,15,https://www.youtube.com/watch?v=4Vh_qtNxs8c,0,0,0,0,
a1ef171711404951a987f4c9bc5e64f0,773,36339,73,6,73,https://www.youtube.com/watch?v=6maccIsYbiU,73,6,73,https://www.youtube.com/watch?v=6maccIsYbiU,0,0,0,,0,0,0,0,
63adc221665b47e6b9d638e66029958d,771,24860,0,0,0,,0,0,0,,0,0,0,,177,0,0,0,
1594067d444e4a53abb95bc1aa40e6db,770,23011,0,0,0,,0,0,0,,0,0,0,,386,0,0,0,
6db0d51e6ac9410f84f79e57448b8a60,769,77857,132,71,175,https://www.youtube.com/watch?v=OMml01BIyxw,132,71,175,https://www.youtube.com/watch?v=OMml01BIyxw,0,0,0,,0,0,0,0,
7c18bc597298484c8f2925759fc1ac4a,769,35563,195,115,354,https://www.youtube.com/watch?v=1XHa04VV1RM,201,127,354,https://www.youtube.com/watch?v=1XHa04VV1RM,139,91,162,https://www.youtube.com/watch?v=ZYXKzSH-lCY,211,221,160,271,https://www.twitch.tv/videos/1914056404
3204abe8247b45f08481bef65884ebc3,768,2806,0,0,0,,0,0,0,,0,0,0,,1294,0,0,0,
8b810380ed254a5e8a85b65552ba4e61,767,21294,227,103,1315,https://www.youtube.com/watch?v=O5M3QlyqcOc,0,0,0,,227,103,1315,https://www.youtube.com/watch?v=O5M3QlyqcOc,5681,1575,523,2782,https://www.twitch.tv/videos/1909561181
a6dfb7b286fe43ebbec2fd53b9cf032c,766,2815,21,7,49,https://www.youtube.com/watch?v=-Drins7nPY4,21,7,49,https://www.youtube.com/watch?v=-Drins7nPY4,0,0,0,,0,0,0,0,
aab094af87d74f3cbcb332bdac03fa23,764,10352,91,49,273,https://www.youtube.com/watch?v=A8uicchyyPc,91,49,273,https://www.youtube.com/watch?v=A8uicchyyPc,0,0,0,,0,0,0,0,
684aeef535fb4dd2a483746cdaab5065,763,48574,58,35,155,https://www.youtube.com/watch?v=wmWRTut28G0,58,35,155,https://www.youtube.com/watch?v=wmWRTut28G0,0,0,0,,128,86,64,138,https://www.twitch.tv/videos/1913219521
9379ed7f979440218e22b8db58dd0dd1,762,34832,245,146,347,https://www.youtube.com/watch?v=cA0aQZfPiGo,247,136,347,https://www.youtube.com/watch?v=cA0aQZfPiGo,182,146,182,https://www.youtube.com/watch?v=ZJr1T2iH1DA,0,0,0,0,
28e04c3575d84bd48e2de545801d4d06,760,17079,0,0,0,,0,0,0,,0,0,0,,0,0,0,0,
0ec3bf23ccba41659f6d91e424fb2b4a,755,29918,87,70,87,https://www.youtube.com/watch?v=KqhrP2eqDZE,87,70,87,https://www.youtube.com/watch?v=KqhrP2eqDZE,0,0,0,,0,0,0,0,
833f3b796f48477aae3b8e902270ab36,748,30548,131,35,589,https://www.youtube.com/watch?v=MSJLWWKO-o0,126,30,195,https://www.youtube.com/watch?v=7QVJWsHeDnk,589,339,589,https://www.youtube.com/watch?v=MSJLWWKO-o0,3,0,0,0,
0a55a882e4ae4a1e9c1e77ea001aa91b,741,24289,10,5,263,https://www.youtube.com/watch?v=ZKPbvwkFkCU,0,0,0,,10,5,263,https://www.youtube.com/watch?v=ZKPbvwkFkCU,1090,29,21,40,https://www.twitch.tv/videos/1909035474
d573ba517ed043a780491c40a7aaa22e,740,0,0,0,0,,0,0,0,,0,0,0,,0,0,0,0,
2e8c364f691740dd81c0fa61727a9790,739,148623,43,22,43,https://www.youtube.com/watch?v=A8bZrChfiBU,0,0,0,,43,22,43,https://www.youtube.com/watch?v=A8bZrChfiBU,2950,0,0,0,
0e17da7ad6e94a73a2ce539bb6ea293d,738,12040,156,109,194,https://www.youtube.com/watch?v=Z6IR1hkPGgk,156,109,194,https://www.youtube.com/watch?v=Z6IR1hkPGgk,0,0,0,,0,0,0,0,
19a2801d800547e58c6560aa1accf3e4,737,31638,52,19,108,https://www.youtube.com/watch?v=XvpceVu0vd8,53,23,108,https://www.youtube.com/watch?v=XvpceVu0vd8,36,10,62,https://www.youtube.com/watch?v=27UzUHyOMzM,210,0,0,0,
50a1d5a17d2a40d2b7388173c9bf925d,737,52286,0,0,0,,0,0,0,,0,0,0,,0,0,0,0,
44ae1f339250472c82d1fc4ffb3610ad,736,22485,41,17,139,https://www.youtube.com/watch?v=NJbuIRvSD9I,45,17,139,https://www.youtube.com/watch?v=NJbuIRvSD9I,40,19,82,https://www.youtube.com/watch?v=ntxsifKNAqM,457,91,73,103,https://www.twitch.tv/videos/1917730417
d552c8b266414973b7044a2bd737a549,735,10505,180,119,697,https://www.youtube.com/watch?v=DluzRBLrHI4,180,121,697,https://www.youtube.com/watch?v=DluzRBLrHI4,159,38,259,https://www.youtube.com/watch?v=bGJEQYEsaFM,85,0,0,0,
96f73c5682e942ef888a3313031c7f58,735,10906,128,24,212,https://www.youtube.com/watch?v=_NykjrEedes,128,24,212,https://www.youtube.com/watch?v=_NykjrEedes,0,0,0,,0,0,0,0,
971c91b32e9b4e1abfdafe711cb9e440,734,31162,66,16,91,https://www.youtube.com/watch?v=B3RFLNPX9tc,76,27,91,https://www.youtube.com/watch?v=B3RFLNPX9tc,32,6,32,https://www.youtube.com/watch?v=UmfiFZ7ws-w,0,0,0,0,
0f97f20ec79649e687590a4dc7328a21,734,18902,0,0,0,,0,0,0,,0,0,0,,167,54,41,74,https://www.twitch.tv/videos/1910773053
7ca8ec94cb4640ccb27719cbfc8a8df0,733,28479,0,0,0,,0,0,0,,0,0,0,,0,0,0,0,
c1aa10208a06439481231599b25845b0,733,14921,80,36,279,https://www.youtube.com/watch?v=Op_SAyH89iI,80,36,279,https://www.youtube.com/watch?v=Op_SAyH89iI,0,0,0,,0,0,0,0,
b5ff000d6dd74683b17965294f1c4bf7,730,25202,24,11,30,https://www.youtube.com/watch?v=kv1D54zi6cc,24,11,30,https://www.youtube.com/watch?v=kv1D54zi6cc,0,0,0,,753,41,23,79,https://www.twitch.tv/videos/1914069315
a9986f3ad4f340f297e9eb132a05ac84,729,8170,53,11,149,https://www.youtube.com/watch?v=90ckDi3FN4E,45,13,149,https://www.youtube.com/watch?v=90ckDi3FN4E,140,8,140,https://www.youtube.com/watch?v=87htQaB5Il8,285,110,85,144,https://www.twitch.tv/videos/1908849311
ef03340f293242f89fe15f2f828dbf7f,729,113295,12,3,72,https://www.youtube.com/watch?v=slkgS4gkWgc,12,3,72,https://www.youtube.com/watch?v=slkgS4gkWgc,19,5,19,https://www.youtube.com/watch?v=sOOR8RmeKlw,181,27,19,59,https://www.twitch.tv/videos/1916877367
9381d47d490245a9b90fa8beb9a68b5c,725,23184,37,13,37,https://www.youtube.com/watch?v=oT2S64UkoXA,37,13,37,https://www.youtube.com/watch?v=oT2S64UkoXA,0,0,0,,0,0,0,0,
a1880ae475fe44fc92760277c3f850ed,724,6238,0,0,0,,0,0,0,,0,0,0,,597,52,38,52,https://www.twitch.tv/videos/1912551506
4082168d753e42b7aca1d25e759d09a7,723,20440,0,0,0,,0,0,0,,0,0,0,,188,0,0,0,
ab7fb3b59bef4d869388be703ffa8c01,722,11157,192,87,231,https://www.youtube.com/watch?v=ZPSnxzDg8pY,0,0,0,,192,87,231,https://www.youtube.com/watch?v=ZPSnxzDg8pY,0,0,0,0,
3410ce8f1b78487f8025485a6c09b1b8,721,19530,122,44,166,https://www.youtube.com/watch?v=u_3YDf0pALA,122,44,166,https://www.youtube.com/watch?v=u_3YDf0pALA,0,0,0,,0,0,0,0,
f6d83aa286de43568b4e8f9e0976615a,720,84281,10,4,95,https://www.youtube.com/watch?v=w03nzRb9MJ0,11,3,95,https://www.youtube.com/watch?v=w03nzRb9MJ0,9,8,22,https://www.youtube.com/watch?v=kxrLtqWPlz0,0,0,0,0,
e44a37ed06c749da9aeea8e16b309a84,717,28400,52,33,65,https://www.youtube.com/watch?v=FihWNyYczPo,52,33,65,https://www.youtube.com/watch?v=FihWNyYczPo,0,0,0,,28,0,0,0,
970ee869c72747eeb83f71f3c533fab3,714,16773,49,10,168,https://www.youtube.com/watch?v=KMD8zg6nguQ,0,0,0,,49,10,168,https://www.youtube.com/watch?v=KMD8zg6nguQ,1460,130,109,403,https://www.twitch.tv/videos/1909733904
30a4362c1143491ea0ed5383c4882251,708,25300,97,72,218,https://www.youtube.com/watch?v=soWWzYj1gjs,103,73,218,https://www.youtube.com/watch?v=soWWzYj1gjs,74,69,74,https://www.youtube.com/watch?v=Jl9QDd_auEs,0,0,0,0,
eef7776c596141afb7efb9c1790bcb64,708,27880,50,12,66,https://www.youtube.com/watch?v=p2UFNOeWpGs,0,0,0,,50,12,66,https://www.youtube.com/watch?v=p2UFNOeWpGs,1266,200,134,532,https://www.twitch.tv/videos/1906474444
68ded9e397c846acb7b85224713b8b80,706,17095,0,0,0,,0,0,0,,0,0,0,,0,0,0,0,
a3f2963a57094502a10845075cdee88c,706,442,0,0,0,,0,0,0,,0,0,0,,0,0,0,0,
cfa15a7e93824927ad4b84a519b0ab68,705,61748,86,32,3641,https://www.youtube.com/watch?v=4a0FrizaO-w,57,29,115,https://www.youtube.com/watch?v=KWI9obJRZFQ,123,32,3641,https://www.youtube.com/watch?v=4a0FrizaO-w,0,0,0,0,
9fb9fe13bf124da3a1affb24c5bba5e2,704,18059,66,31,761,https://www.youtube.com/watch?v=0QNUcUcozqo,51,25,104,https://www.youtube.com/watch?v=kzk7jYJdrYM,147,84,761,https://www.youtube.com/watch?v=0QNUcUcozqo,0,0,0,0,
0528d5a963af400884b2db8484a0d152,702,33717,29,26,29,https://www.youtube.com/watch?v=A8OPhzem3gU,0,0,0,,29,26,29,https://www.youtube.com/watch?v=A8OPhzem3gU,342,32,29,109,https://www.twitch.tv/videos/1916106556
bb1cda940e0a44b3a25f3e368c19c490,700,11313,82,56,310,https://www.youtube.com/watch?v=rxkCpJsOziE,87,58,310,https://www.youtube.com/watch?v=rxkCpJsOziE,45,29,45,https://www.youtube.com/watch?v=G9KgCIqGT6o,0,0,0,0,
8a3a04df8f6048d19825cdfef59ecdc1,700,18048,0,0,0,,0,0,0,,0,0,0,,0,0,0,0,
b8c13d7702844995a0b4a66eda4d31bc,699,10897,9,5,17,https://www.youtube.com/watch?v=eQH1hhk4MGE,0,0,0,,9,5,17,https://www.youtube.com/watch?v=eQH1hhk4MGE,245,66,53,102,https://www.twitch.tv/videos/1915950354
209aec95c4ac42339796a28ce4757393,697,19636,99,47,99,https://www.youtube.com/watch?v=JinuDptpt7Q,99,47,99,https://www.youtube.com/watch?v=JinuDptpt7Q,0,0,0,,0,0,0,0,
ecbe9a46c7ec4f3d8fe217012c39d490,696,232370,121,57,1471,https://www.youtube.com/watch?v=bW-itZb8VGo,148,36,148,https://www.youtube.com/watch?v=g2xBogVZf9o,113,62,1471,https://www.youtube.com/watch?v=bW-itZb8VGo,0,0,0,0,
6f56b6d6dc114fd494cacb95948cb815,696,3544,332,290,1268,https://www.youtube.com/watch?v=HLpqY1hY3bQ,332,290,1268,https://www.youtube.com/watch?v=HLpqY1hY3bQ,0,0,0,,0,0,0,0,
9715832a3f2b4469a59c5d277aa4fc34,696,13379,0,0,0,,0,0,0,,0,0,0,,0,0,0,0,
ed28c754bb704dbf8a296f7008c2b5e4,694,29921,86,49,2225,https://www.youtube.com/watch?v=TCYsC1PmPD8,87,53,253,https://www.youtube.com/watch?v=R9BROJyUPIs,40,39,2225,https://www.youtube.com/watch?v=TCYsC1PmPD8,513,110,84,882,https://www.twitch.tv/videos/1913516338
263db06cfe814d4397e6fc8bc593e70e,694,41036,40,12,84,https://www.youtube.com/watch?v=6DIIPr7-pW4,40,12,84,https://www.youtube.com/watch?v=6DIIPr7-pW4,0,0,0,,0,0,0,0,
7259f7e619e943018e64fb24d4d20e34,692,9947,89,85,89,https://www.youtube.com/watch?v=tk4OYF0HJqw,89,85,89,https://www.youtube.com/watch?v=tk4OYF0HJqw,0,0,0,,0,0,0,0,
b8ccfa7aec6a419ca8ad1a91d9fafdf6,691,2695,32,11,67,https://www.youtube.com/watch?v=AeqYmGOdgn4,49,19,67,https://www.youtube.com/watch?v=AeqYmGOdgn4,20,4,20,https://www.youtube.com/watch?v=tSl1eCmVFmw,1568,189,165,189,https://www.twitch.tv/videos/1916091465
94f9966aa28a45e1ab4b94507037d1d7,689,55434,42,16,70,https://www.youtube.com/watch?v=8jd1vDBa3SU,42,16,70,https://www.youtube.com/watch?v=8jd1vDBa3SU,0,0,0,,0,0,0,0,
d0c2bb3e9091413e8d245bdc217e9420,686,16140,73,30,234,https://www.youtube.com/watch?v=jPOUXCuQSo0,75,40,234,https://www.youtube.com/watch?v=jPOUXCuQSo0,33,22,35,https://www.youtube.com/watch?v=_UX14shiQlY,0,0,0,0,
edaf166616b545ee8e88dc38620d637c,684,11549,0,0,0,,0,0,0,,0,0,0,,0,0,0,0,
a6a789d93f3a4352b251a51b43f98d2c,683,7862,178,85,313,https://www.youtube.com/watch?v=NCw5pj-5alk,178,85,313,https://www.youtube.com/watch?v=NCw5pj-5alk,0,0,0,,0,0,0,0,
f232bcca5fe54991838fd1e2551b3527,679,94,0,0,0,,0,0,0,,0,0,0,,0,0,0,0,
9bf758b113b048bc9331f244b619e4b2,678,45786,40,14,78,https://www.youtube.com/watch?v=lWurymuueEY,42,15,78,https://www.youtube.com/watch?v=lWurymuueEY,28,6,54,https://www.youtube.com/watch?v=2BEPEhogIU0,177,20,16,27,https://www.twitch.tv/videos/1918538750
c725e2accdfc42c7b4314d81cf2b8daa,673,25327,52,39,76,https://www.youtube.com/watch?v=bKlGmWny8MI,52,39,76,https://www.youtube.com/watch?v=bKlGmWny8MI,0,0,0,,460,75,48,88,https://www.twitch.tv/videos/1908115440
139504fddc7f4168b2852e4ffc685794,673,21496,0,0,0,,0,0,0,,0,0,0,,0,0,0,0,
aebb6a94560d43fb9807229237897119,671,9276,0,0,0,,0,0,0,,0,0,0,,1852,266,183,693,https://www.twitch.tv/videos/1909013204
de6ab52e6aca42d2ab88274244e772fc,671,21335,121,70,125,https://www.youtube.com/watch?v=RvmKWs74_zM,121,70,125,https://www.youtube.com/watch?v=RvmKWs74_zM,0,0,0,,0,0,0,0,
c40c5082434e4b1ca8e19f82d54f83b2,671,100366,1266,489,3937,https://www.youtube.com/watch?v=S41CqycGLvE,0,0,0,,1266,489,3937,https://www.youtube.com/watch?v=S41CqycGLvE,0,0,0,0,
b93b5ffedc3f4310af888462d65e4082,670,21271,0,0,0,,0,0,0,,0,0,0,,79,0,0,0,
8729a18bfb7848d880a59da20b281640,670,5095,68,22,105,https://www.youtube.com/watch?v=Z6k-5p621bk,74,17,105,https://www.youtube.com/watch?v=Z6k-5p621bk,47,33,65,https://www.youtube.com/watch?v=gfryo3Qan2M,618,0,0,0,
06a61409f4334b0eb8a5f647b819c78b,668,49329,35,12,56,https://www.youtube.com/watch?v=Rbi-Ab5wSqM,35,12,56,https://www.youtube.com/watch?v=Rbi-Ab5wSqM,0,0,0,,0,0,0,0,
f513e865b8aa4afab938316563c4955f,667,28447,0,0,0,,0,0,0,,0,0,0,,472,0,0,0,
72f9ebd5a53f46199a492667190c0fc4,666,12343,0,0,0,,0,0,0,,0,0,0,,402,40,36,40,https://www.twitch.tv/videos/1916859690
c2b9638d8dd54888a91caa8a67366907,666,11980,0,0,0,,0,0,0,,0,0,0,,1563,96,61,96,https://www.twitch.tv/videos/1909881616
aa9fa329d639488dbb860b8f8b3235f8,664,26345,134,40,134,https://www.youtube.com/watch?v=7fvyz1eWNi4,134,40,134,https://www.youtube.com/watch?v=7fvyz1eWNi4,0,0,0,,955,155,123,240,https://www.twitch.tv/videos/1917613029
9a496e9b261f401dba4991a9f4c7048e,660,10771,190,85,627,https://www.youtube.com/watch?v=vG8-ZDAKxU0,189,96,334,https://www.youtube.com/watch?v=IfSsHshnxkg,541,46,627,https://www.youtube.com/watch?v=vG8-ZDAKxU0,0,0,0,0,
1b8f1c5c6e784ef4930d7e0f1dc35e4e,658,0,0,0,0,,0,0,0,,0,0,0,,0,0,0,0,
a666cf6707d14cdbbe6581a8964aabd0,653,16012,87,70,582,https://www.youtube.com/watch?v=jraabwUjDos,289,249,438,https://www.youtube.com/watch?v=WL-cu3LCFAo,68,30,582,https://www.youtube.com/watch?v=jraabwUjDos,432,86,66,203,https://www.twitch.tv/videos/1909639351
f702d43aeff84979ad97438d0b1d8bcc,652,2652,43,25,61,https://www.youtube.com/watch?v=xFAoRlYIlIk,43,25,61,https://www.youtube.com/watch?v=xFAoRlYIlIk,0,0,0,,0,0,0,0,
75efe1c591fa4cba93c4938c58cfed27,651,0,0,0,0,,0,0,0,,0,0,0,,0,0,0,0,
facccde0b22e4f66bc41f54815fced73,651,23553,83,61,83,https://www.youtube.com/watch?v=tm0fhM7OCQU,83,61,83,https://www.youtube.com/watch?v=tm0fhM7OCQU,0,0,0,,0,0,0,0,
53a39a5e2de449ccb192683b9df38fdf,651,28500,63,18,107,https://www.youtube.com/watch?v=b-VSm53t8ZA,51,28,51,https://www.youtube.com/watch?v=WoD0fJ-a60k,85,14,107,https://www.youtube.com/watch?v=b-VSm53t8ZA,0,0,0,0,
f5a683eeac6b4936b44d547c1e4edbc2,649,44871,90,60,2085,https://www.youtube.com/watch?v=V3ZpPny6qvg,79,55,189,https://www.youtube.com/watch?v=r_kNnZ3ELGw,1122,1021,2085,https://www.youtube.com/watch?v=V3ZpPny6qvg,0,0,0,0,
e888326df83d41f680960f24bb55c670,648,10442,45,10,45,https://www.youtube.com/watch?v=Fk9js0xiuhk,45,10,45,https://www.youtube.com/watch?v=Fk9js0xiuhk,0,0,0,,0,0,0,0,
2047c8ae25624470b90251b1fd9502d5,648,22797,55,44,85,https://www.youtube.com/watch?v=jcBAz3dNkbE,55,44,85,https://www.youtube.com/watch?v=jcBAz3dNkbE,0,0,0,,0,0,0,0,
8c59e356f1564e068e1c81ac7de1a4e3,648,23999,67,31,86,https://www.youtube.com/watch?v=A6-nedzaci4,67,31,86,https://www.youtube.com/watch?v=A6-nedzaci4,0,0,0,,0,0,0,0,
fcf611e0ddc5474b9836eb8aa2fe1d24,647,45011,5,1,33,https://www.youtube.com/watch?v=IIPfTug0ciY,0,0,0,,5,1,33,https://www.youtube.com/watch?v=IIPfTug0ciY,0,0,0,0,
960c19dbf65f4b7fa27439d1ede2af21,647,21976,94,7,94,https://www.youtube.com/watch?v=qI37yUZ0sVQ,0,0,0,,94,7,94,https://www.youtube.com/watch?v=qI37yUZ0sVQ,0,0,0,0,
00de1290ff0a4edda4db0385a6ba3300,646,17665,84,59,84,https://www.youtube.com/watch?v=UJVZhqtp4qg,0,0,0,,84,59,84,https://www.youtube.com/watch?v=UJVZhqtp4qg,1312,123,81,153,https://www.twitch.tv/videos/1906545220
a1d00cd951ed45afb01e1668dfae6592,645,7489,0,0,0,,0,0,0,,0,0,0,,0,0,0,0,
a0dbf7095446402ea77b11d8cced5a4b,643,15205,112,92,112,https://www.youtube.com/watch?v=LNXX1FXOKd0,112,92,112,https://www.youtube.com/watch?v=LNXX1FXOKd0,0,0,0,,0,0,0,0,
33d7e63ca02941ea86df9a57a8036f12,643,32526,0,0,0,,0,0,0,,0,0,0,,0,0,0,0,
5f413dce55614542940c58900ef1c82c,642,12684,68,9,68,https://www.youtube.com/watch?v=vFRZ-iHpV44,0,0,0,,68,9,68,https://www.youtube.com/watch?v=vFRZ-iHpV44,569,54,39,62,https://www.twitch.tv/videos/1909989413
9cfe61128e134f8dad9bb6ebf568cd71,641,7669,103,66,303,https://www.youtube.com/watch?v=2xVqU6bKgCo,84,29,222,https://www.youtube.com/watch?v=qlyjhggw5z8,107,77,303,https://www.youtube.com/watch?v=2xVqU6bKgCo,365,168,142,207,https://www.twitch.tv/videos/1913229735
80dda735a7784d7fb999892874a05f0c,641,8936,0,0,0,,0,0,0,,0,0,0,,2805,460,398,1405,https://www.twitch.tv/videos/1911340867
f220baaf52864d7eba4b39877bc2afd2,640,10864,0,0,0,,0,0,0,,0,0,0,,1079,212,144,281,https://www.twitch.tv/videos/1911504696
fa2a2255fa7d4aa7b5b54dea5dd2b1c4,639,25862,66,45,190,https://www.youtube.com/watch?v=GCrG_jka5Rw,66,45,190,https://www.youtube.com/watch?v=GCrG_jka5Rw,0,0,0,,0,0,0,0,
489752f0b42c49b785d43f1207429983,639,17601,77,28,82,https://www.youtube.com/watch?v=K3ZsOY5Gus4,77,28,82,https://www.youtube.com/watch?v=K3ZsOY5Gus4,0,0,0,,0,0,0,0,
f5260b1a196a43f8b4aff1cc742a67f4,639,700,29,15,39,https://www.youtube.com/watch?v=nH_4KEMK84M,0,0,0,,29,15,39,https://www.youtube.com/watch?v=nH_4KEMK84M,0,0,0,0,
bb775b8f85574398af290f5be009d40e,637,1101,122,78,156,https://www.youtube.com/watch?v=4flEWMeMb5g,0,0,0,,122,78,156,https://www.youtube.com/watch?v=4flEWMeMb5g,0,0,0,0,
9031798ec1884b52b17df470b6c379b2,637,19549,75,54,1163,https://www.youtube.com/watch?v=qvfqicACtoU,73,53,191,https://www.youtube.com/watch?v=BV9m04PfaXQ,113,58,1163,https://www.youtube.com/watch?v=qvfqicACtoU,0,0,0,0,
80ae039e7c3e4e90b6b3994ead599307,636,32090,111,55,121,https://www.youtube.com/watch?v=tvWnws4CZB0,111,55,121,https://www.youtube.com/watch?v=tvWnws4CZB0,0,0,0,,0,0,0,0,
5da1b6db7796434f9180d2f5e210ea6c,635,14632,111,44,543,https://www.youtube.com/watch?v=kriIOfNxAy8,138,52,416,https://www.youtube.com/watch?v=aFsMZevDiiw,62,31,543,https://www.youtube.com/watch?v=kriIOfNxAy8,0,0,0,0,
506d9c6fdbd34c8aa5fda64d90d96ac2,635,37867,89,34,196,https://www.youtube.com/watch?v=BuCYotL2-Fg,89,34,196,https://www.youtube.com/watch?v=BuCYotL2-Fg,0,0,0,,0,0,0,0,
19ccc34670ad4ea6b4d8bc5aaafdf876,634,12289,0,0,0,,0,0,0,,0,0,0,,0,0,0,0,
e55e67f2f7f64a6da7ae604df1652f5e,632,216450,20,2,73,https://www.youtube.com/watch?v=Sca5l6zTXxk,0,0,0,,20,2,73,https://www.youtube.com/watch?v=Sca5l6zTXxk,0,0,0,0,
2f80e2f83d254bbdbf48b9c8b3fca995,631,11900,129,67,310,https://www.youtube.com/watch?v=V95ERab-wok,122,50,310,https://www.youtube.com/watch?v=V95ERab-wok,136,77,236,https://www.youtube.com/watch?v=HU_M8JwOG0c,0,0,0,0,
49f14b84269f458099232c2a21b2ba74,629,15240,0,0,0,,0,0,0,,0,0,0,,0,0,0,0,
d81baabd1eed4717ad9910f97420d0b8,626,19065,77,7,77,https://www.youtube.com/watch?v=GsIa7YgHorA,77,7,77,https://www.youtube.com/watch?v=GsIa7YgHorA,0,0,0,,0,0,0,0,
94b3f738cde248e3bf6061f1692d6337,625,133891,82,2,82,https://www.youtube.com/watch?v=1C3bW8Q-tZc,82,2,82,https://www.youtube.com/watch?v=1C3bW8Q-tZc,0,0,0,,0,0,0,0,
f45249f9d8094f9d85f6d02aec4af029,625,13539,0,0,0,,0,0,0,,0,0,0,,0,0,0,0,
0f11420beab0442eae0208ac63d4474c,624,23982,50,32,50,https://www.youtube.com/watch?v=fJ_IFdGLOXE,50,32,50,https://www.youtube.com/watch?v=fJ_IFdGLOXE,0,0,0,,0,0,0,0,
7f7e1579979c49249dc65783d457e890,623,12709,47,24,90,https://www.youtube.com/watch?v=SACbnYDkMdw,44,20,61,https://www.youtube.com/watch?v=M4JxOY_X8Pc,90,56,90,https://www.youtube.com/watch?v=SACbnYDkMdw,241,36,25,49,https://www.twitch.tv/videos/1917793469
aef2ed42d49343f28394b6335695b5ac,623,30614,3,1,24,https://www.youtube.com/watch?v=jdSc1C4qnwQ,19,18,19,https://www.youtube.com/watch?v=EgtL93Myj-g,3,1,24,https://www.youtube.com/watch?v=jdSc1C4qnwQ,2557,372,335,6612,https://www.twitch.tv/videos/1908952802
a0467c81a3014fbf83029acffe5b1d3f,621,32194,0,0,0,,0,0,0,,0,0,0,,1013,86,61,164,https://www.twitch.tv/videos/1915780427
5b85294949544a5f8855715acadf66a5,620,11649,69,28,90,https://www.youtube.com/watch?v=rK6sHHZQs2Q,69,28,90,https://www.youtube.com/watch?v=rK6sHHZQs2Q,0,0,0,,629,102,71,208,https://www.twitch.tv/videos/1914115181
e83a22c584774763a3b91d557141604d,617,6043,16,4,27,https://www.youtube.com/watch?v=rHUNELQZ4CE,0,0,0,,16,4,27,https://www.youtube.com/watch?v=rHUNELQZ4CE,764,190,133,665,https://www.twitch.tv/videos/1915745584
d475848a566848dc9f6ad02707d87e2a,617,43387,119,68,380,https://www.youtube.com/watch?v=BByhDQnHY_k,117,64,208,https://www.youtube.com/watch?v=NA_ygpBxJGA,281,132,380,https://www.youtube.com/watch?v=BByhDQnHY_k,0,0,0,0,
c344e1ecd1b54dceb0abd98e351177fa,615,15532,0,0,0,,0,0,0,,0,0,0,,0,0,0,0,
15ec206bfc374aaaa594bc12e9887a69,615,5856,0,0,0,,0,0,0,,0,0,0,,730,166,139,273,https://www.twitch.tv/videos/1913238081
d15b3fadead04e7399faaeb47fdf37f9,612,23152,89,54,159,https://www.youtube.com/watch?v=qXFo4yquOjU,89,54,159,https://www.youtube.com/watch?v=qXFo4yquOjU,0,0,0,,0,0,0,0,
8e858eb26f3b4ca2beab2baccc887893,609,13076,0,0,0,,0,0,0,,0,0,0,,1725,165,110,226,https://www.twitch.tv/videos/1914171640
6c0758764e674c6db2f985710fcfbd7b,608,10687,221,94,369,https://www.youtube.com/watch?v=GSG4yXnmtGM,221,94,369,https://www.youtube.com/watch?v=GSG4yXnmtGM,0,0,0,,0,0,0,0,
0737e12eaffb420ca4a5b43b0786e69a,606,20790,0,0,0,,0,0,0,,0,0,0,,0,0,0,0,
687568c1c9254c8ab34e7b6efbdd6dbc,606,15800,79,53,672,https://www.youtube.com/watch?v=4LjdgUJ_uAw,62,38,104,https://www.youtube.com/watch?v=q01l2S-J7BM,115,85,672,https://www.youtube.com/watch?v=4LjdgUJ_uAw,0,0,0,0,
bee7e3be201d4df089b9d73d384b75c5,604,720,0,0,0,,0,0,0,,0,0,0,,0,0,0,0,
a725f6babc5f44779d7389886c6cd7b7,604,6068,86,48,162,https://www.youtube.com/watch?v=F9p2w0rqgfs,82,48,162,https://www.youtube.com/watch?v=F9p2w0rqgfs,112,47,129,https://www.youtube.com/watch?v=WTPHpsAscBc,0,0,0,0,
179483442df04a16bbcb193ae5356feb,604,7838,0,0,0,,0,0,0,,0,0,0,,0,0,0,0,
9b424d3a99ef4fc3b17bc7fef92fefd3,603,30052,104,37,1049,https://www.youtube.com/watch?v=j3cTqgCt2K4,28,16,28,https://www.youtube.com/watch?v=zvEi8LYa8p4,113,39,1049,https://www.youtube.com/watch?v=j3cTqgCt2K4,343,26,17,33,https://www.twitch.tv/videos/1907072882
747fb5e9d30240a1ac42fbf37e86b55d,603,0,0,0,0,,0,0,0,,0,0,0,,288,23,14,25,https://www.twitch.tv/videos/1908881274
82d775c8bb1740c0a6db1037d3bf5fe0,601,12871,0,0,0,,0,0,0,,0,0,0,,0,0,0,0,
0a000a22ebd84abf860bcd5ef0a5ed60,600,14075,31,4,88,https://www.youtube.com/watch?v=V8KxEGh7T_o,0,0,0,,31,4,88,https://www.youtube.com/watch?v=V8KxEGh7T_o,1435,0,0,0,
e4a78a4115b7463eb3e42f1cbbd59aa0,599,32857,0,0,0,,0,0,0,,0,0,0,,0,0,0,0,
e07cd7e29645414481d441fcfd4fd456,598,21629,9,2,28,https://www.youtube.com/watch?v=pnefjXIo_Fo,0,0,0,,9,2,28,https://www.youtube.com/watch?v=pnefjXIo_Fo,0,0,0,0,
d7b96c6024ce479f9b8f8c0a5439c9af,596,3539,304,294,304,https://www.youtube.com/watch?v=YBNAknPxLLo,0,0,0,,304,294,304,https://www.youtube.com/watch?v=YBNAknPxLLo,1665,91,79,139,https://www.twitch.tv/videos/1913206437
607d6173383c4118a32171fbcfc98e60,595,13225,64,24,112,https://www.youtube.com/watch?v=Kb9P69LG-0Y,0,0,0,,64,24,112,https://www.youtube.com/watch?v=Kb9P69LG-0Y,8029,0,0,0,
2cc874f341184fb799b01c399477c0b4,594,20193,109,46,313,https://www.youtube.com/watch?v=Q6qOzxef514,103,39,115,https://www.youtube.com/watch?v=bj5Il11DhXI,313,53,313,https://www.youtube.com/watch?v=Q6qOzxef514,141,0,0,0,
a2ee4a74f9ca40f5b6218de51736b9c8,593,22722,106,33,177,https://www.youtube.com/watch?v=rPnPZFIxs9s,106,33,177,https://www.youtube.com/watch?v=rPnPZFIxs9s,0,0,0,,0,0,0,0,
cd90274cae394fa7be47a5535b563882,591,0,0,0,0,,0,0,0,,0,0,0,,0,0,0,0,
c506f1ab266f47e2be683220533a4790,590,20594,68,43,77,https://www.youtube.com/watch?v=7lM7XvfqaKI,68,43,77,https://www.youtube.com/watch?v=7lM7XvfqaKI,0,0,0,,0,0,0,0,
e18809f0a5d8461e81607dc3b3d492c5,590,7072,101,41,107,https://www.youtube.com/watch?v=pw4yG6RRO_k,101,41,107,https://www.youtube.com/watch?v=pw4yG6RRO_k,0,0,0,,0,0,0,0,
169c2f21a36649dea2b55c105fd6f337,589,26093,41,10,88,https://www.youtube.com/watch?v=8fnAXy_kiuU,45,15,88,https://www.youtube.com/watch?v=8fnAXy_kiuU,11,1,11,https://www.youtube.com/watch?v=ZOU-LLZYtyw,264,0,0,0,
5f5bc23799fd4376b594972a3fd36587,588,11668,78,4,78,https://www.youtube.com/watch?v=VUr1S1n3wMc,78,4,78,https://www.youtube.com/watch?v=VUr1S1n3wMc,0,0,0,,34,0,0,0,
8483ae3c14ca488394d427d271854d88,588,6702,274,174,884,https://www.youtube.com/watch?v=AI8VlLDpfvc,261,177,848,https://www.youtube.com/watch?v=KEBdkISCoh4,798,64,884,https://www.youtube.com/watch?v=AI8VlLDpfvc,0,0,0,0,
ccf93d7646f249dfa3454f5a60f466c8,588,5964,46,22,95,https://www.youtube.com/watch?v=Y74VeRtBuMU,45,22,95,https://www.youtube.com/watch?v=Y74VeRtBuMU,67,41,89,https://www.youtube.com/watch?v=KzS37vp1kCY,0,0,0,0,
d3a8aafb4fdf4bbe9e6205126d717631,585,20187,0,0,0,,0,0,0,,0,0,0,,0,0,0,0,
f5a37da60cb74069a7dc13867404521f,584,30667,78,69,215,https://www.youtube.com/watch?v=I9LNqEi7sW4,78,69,78,https://www.youtube.com/watch?v=_Ufeow6lSN0,142,63,215,https://www.youtube.com/watch?v=I9LNqEi7sW4,0,0,0,0,
1f9790fcccf04b5b871fea65e7f59e30,584,23890,61,27,150,https://www.youtube.com/watch?v=GF07TVd5HmM,61,27,150,https://www.youtube.com/watch?v=GF07TVd5HmM,0,0,0,,0,0,0,0,
ba5ed25718a7421cb15cd0ec62df723e,583,19853,92,22,227,https://www.youtube.com/watch?v=3AwV7ejjFGQ,87,26,227,https://www.youtube.com/watch?v=3AwV7ejjFGQ,138,14,173,https://www.youtube.com/watch?v=KFDuJ0V2pxo,316,0,0,0,
1ee3a662da8a439887a931727cb07317,583,62478,91,31,127,https://www.youtube.com/watch?v=HKUOrtfO5L8,91,31,127,https://www.youtube.com/watch?v=HKUOrtfO5L8,0,0,0,,0,0,0,0,
df6e2520044744f0957a83db74b386bb,583,14222,74,28,86,https://www.youtube.com/watch?v=Q0ObuGVNOso,74,28,86,https://www.youtube.com/watch?v=Q0ObuGVNOso,0,0,0,,0,0,0,0,
4077520d348749e49598cd5fa1058b6a,581,36118,27,12,69,https://www.youtube.com/watch?v=lIv3VL41_d8,27,12,69,https://www.youtube.com/watch?v=lIv3VL41_d8,0,0,0,,171,0,0,0,
5dbed684176349d28353d5293085cd9c,581,5389,0,0,0,,0,0,0,,0,0,0,,0,0,0,0,
1145b6f48caf4756a889a437025c3db2,581,12594,74,22,243,https://www.youtube.com/watch?v=VrwMsPKDc9o,82,23,243,https://www.youtube.com/watch?v=VrwMsPKDc9o,61,21,85,https://www.youtube.com/watch?v=7kJSV1uqHFc,63,19,17,25,https://www.twitch.tv/videos/1914203417
f7c5ff874d1d4528a36c0a54d27017a3,580,40549,23,11,41,https://www.youtube.com/watch?v=H3VHHAZQYBY,23,11,41,https://www.youtube.com/watch?v=H3VHHAZQYBY,0,0,0,,0,0,0,0,
e8c89b4aec4d45fbbb76533eb3db0428,578,22309,233,100,2715,https://www.youtube.com/watch?v=MPo0vrl6reI,228,87,2715,https://www.youtube.com/watch?v=MPo0vrl6reI,251,109,811,https://www.youtube.com/watch?v=IXTxUKrLbhE,0,0,0,0,
a59b5e9b4b3f423faa754bb0c1c5e9f7,577,18466,0,0,0,,0,0,0,,0,0,0,,12,0,0,0,
f2e0ed58531e4cd79d743120c960b6a9,577,15220,75,22,289,https://www.youtube.com/watch?v=EUDp3NWgLJE,74,22,141,https://www.youtube.com/watch?v=8OWUT9hAFhw,289,74,289,https://www.youtube.com/watch?v=EUDp3NWgLJE,0,0,0,0,
d50700c1329b485f8ba3831dfad094be,576,20360,36,21,36,https://www.youtube.com/watch?v=1JFTbtSrqb4,0,0,0,,36,21,36,https://www.youtube.com/watch?v=1JFTbtSrqb4,63,0,0,0,
aba9c942b0d2418b8db52e37fcd54dea,576,12496,0,0,0,,0,0,0,,0,0,0,,0,0,0,0,
5cfc673e9de1433096a85e9236895c79,575,15035,0,0,0,,0,0,0,,0,0,0,,0,0,0,0,
41cb0d8b18a94a06ba490858e66e9991,575,7338,293,9,293,https://www.youtube.com/watch?v=Jo7bLlXeL_I,0,0,0,,293,9,293,https://www.youtube.com/watch?v=Jo7bLlXeL_I,730,161,113,321,https://www.twitch.tv/videos/1908845784
72a83f60773546dba886008320809d70,572,98913,1353,150,4286,https://www.youtube.com/watch?v=g3eelGDorlQ,31,24,84,https://www.youtube.com/watch?v=ebKC2fyQjXA,1670,677,4286,https://www.youtube.com/watch?v=g3eelGDorlQ,6500,1076,928,1076,https://www.twitch.tv/videos/1915819401
8b732f3260e0427f9cf795b93ada310a,572,11313,92,27,502,https://www.youtube.com/watch?v=rLOqwHVV8B4,104,64,157,https://www.youtube.com/watch?v=s_Q3IQfnR3w,45,18,502,https://www.youtube.com/watch?v=rLOqwHVV8B4,113,100,79,143,https://www.twitch.tv/videos/1917558767
bf195265fa5944d894dc53baf7143645,571,17583,35,13,392,https://www.youtube.com/watch?v=VJjBnnz1mtg,31,13,85,https://www.youtube.com/watch?v=ii177ZFrYs8,392,198,392,https://www.youtube.com/watch?v=VJjBnnz1mtg,0,0,0,0,
c747687c19704747b4cae2d4d5715aa0,569,8035,0,0,0,,0,0,0,,0,0,0,,3425,257,100,818,https://www.twitch.tv/videos/1903417453
6c5d547cdebf4daf813ac8b66c9fb873,569,5917,141,71,310,https://www.youtube.com/watch?v=jDyyND3a9Uk,0,0,0,,141,71,310,https://www.youtube.com/watch?v=jDyyND3a9Uk,0,0,0,0,
08268c9de16e423381e351aeef8f7ffb,567,13370,49,27,98,https://www.youtube.com/watch?v=Z9YDHmObS_A,49,27,98,https://www.youtube.com/watch?v=Z9YDHmObS_A,0,0,0,,0,0,0,0,
20897307019d49adb4869274427efeb6,567,97,0,0,0,,0,0,0,,0,0,0,,0,0,0,0,
0fbdfcc1b9cf41fdb840cf2f546d9324,567,2310,10,3,64,https://www.youtube.com/watch?v=fLmFiWMeN9M,12,4,64,https://www.youtube.com/watch?v=fLmFiWMeN9M,7,1,7,https://www.youtube.com/watch?v=AJjbnPHiJjo,0,0,0,0,
aff718d907904c398ec8d685b71436a1,567,8917,0,0,0,,0,0,0,,0,0,0,,218,0,0,0,
43acb25e255340d09b50283f0308d1ff,565,91318,369,53,13510,https://www.youtube.com/watch?v=lAIPvk2gI1E,369,53,369,https://www.youtube.com/watch?v=7Obk1B8Ey24,6792,5963,13510,https://www.youtube.com/watch?v=lAIPvk2gI1E,0,0,0,0,
183c98a5b67141469d956ff89efe35ec,565,8490,0,0,0,,0,0,0,,0,0,0,,0,0,0,0,
278f93ad57b14f01a71f1e89598ee503,565,3036,144,91,155,https://www.youtube.com/watch?v=VurmvCJ3A9g,144,91,155,https://www.youtube.com/watch?v=VurmvCJ3A9g,0,0,0,,0,0,0,0,
adb7f358e8134f30ac0919a74c9d171b,563,11953,0,0,0,https://www.youtube.com/watch?v=cOYdb_bHNvA,0,0,0,,0,0,0,https://www.youtube.com/watch?v=cOYdb_bHNvA,1026,110,82,196,https://www.twitch.tv/videos/1907337042
0800162a149e420ea0386c9506e710b7,563,27353,97,47,171,https://www.youtube.com/watch?v=Ja32_qZokks,121,60,171,https://www.youtube.com/watch?v=Ja32_qZokks,55,4,99,https://www.youtube.com/watch?v=wvN_9dyCcTg,0,0,0,0,
6c3eeb48b7764f11804ff8110d5d990b,562,51849,37,14,184,https://www.youtube.com/watch?v=zD-Oj2ESj7Q,37,14,184,https://www.youtube.com/watch?v=zD-Oj2ESj7Q,0,0,0,,0,0,0,0,
defbc693cb874182807b768593439616,562,15348,0,0,0,,0,0,0,,0,0,0,,1218,0,0,0,
66d986eaa59347b0b18c5ed103cb173e,559,23942,28,10,79,https://www.youtube.com/watch?v=Q-eHl6woHj0,28,10,79,https://www.youtube.com/watch?v=Q-eHl6woHj0,9,5,9,https://www.youtube.com/watch?v=7D5T_Ol9ND4,0,0,0,0,
3f3abaed158f420e84f9d1d5f4492b1d,557,25729,30,13,73,https://www.youtube.com/watch?v=vvi8x3JLhO4,30,13,73,https://www.youtube.com/watch?v=vvi8x3JLhO4,0,0,0,,331,31,26,50,https://www.twitch.tv/videos/1907204338
a5f7302f9f1a4fcdb2471c4bc52a05fb,557,10852,128,52,255,https://www.youtube.com/watch?v=RaVdsf_Edv0,125,59,192,https://www.youtube.com/watch?v=M3eJvMMUUSI,201,37,255,https://www.youtube.com/watch?v=RaVdsf_Edv0,0,0,0,0,
5f8e197a06bc453e8d9e0a1c6cb92f1c,556,12167,5,2,125,https://www.youtube.com/watch?v=Kn_0POevOhE,0,0,0,,5,2,125,https://www.youtube.com/watch?v=Kn_0POevOhE,1117,136,110,226,https://www.twitch.tv/videos/1908083063
677a773535814b5fa2d557da2f80bb89,556,11461,26,9,69,https://www.youtube.com/watch?v=XODsa6huWO4,26,9,69,https://www.youtube.com/watch?v=XODsa6huWO4,0,0,0,,0,0,0,0,
899208f999aa4121ae2b67abb3190674,556,5974,11,3,65,https://www.youtube.com/watch?v=YM9eJRoFWfE,0,0,0,,11,3,65,https://www.youtube.com/watch?v=YM9eJRoFWfE,2932,356,238,766,https://www.twitch.tv/videos/1913296460
75e0561f549f4775b90601a9d308340a,555,27809,54,21,92,https://www.youtube.com/watch?v=mUkSm-uCeSM,54,21,92,https://www.youtube.com/watch?v=mUkSm-uCeSM,0,0,0,,0,0,0,0,
572256c2d1774c4fa8f4543eebb2fed0,554,26009,0,0,0,,0,0,0,,0,0,0,,0,0,0,0,
943129b96d2341bcb7b25a66c9da2354,553,0,0,0,0,,0,0,0,,0,0,0,,15175,498,335,1176,https://www.twitch.tv/videos/1909830658
e50da8792cd94b009eaa8dd4be738d59,553,10433,60,2,60,https://www.youtube.com/watch?v=ib8qCOm23lM,0,0,0,,60,2,60,https://www.youtube.com/watch?v=ib8qCOm23lM,609,52,44,261,https://www.twitch.tv/videos/1916095746
3e079110e939428085c1f1040ec756f9,552,12043,62,2,62,https://www.youtube.com/watch?v=c-9N8uttTTs,62,2,62,https://www.youtube.com/watch?v=c-9N8uttTTs,0,0,0,,0,0,0,0,
4d4410bdde7d4107809dc6e1e2ce0e0e,551,13467,357,126,666,https://www.youtube.com/watch?v=ee48Dzt4FgA,0,0,0,,357,126,666,https://www.youtube.com/watch?v=ee48Dzt4FgA,0,0,0,0,
95f8bb8a92c1450b8b5993f740b39338,550,69750,42,24,185,https://www.youtube.com/watch?v=plg5U77NUTM,42,24,185,https://www.youtube.com/watch?v=plg5U77NUTM,0,0,0,,107,0,0,0,
41ec65fd72424aa0b90cdfefd49bd35e,550,7303,63,15,124,https://www.youtube.com/watch?v=mt-o1MgcSbE,63,17,124,https://www.youtube.com/watch?v=mt-o1MgcSbE,23,2,23,https://www.youtube.com/watch?v=CtMbS7LvoGA,0,0,0,0,
5e931b583dfe4fdc98d10e4dceaf2c93,550,20570,29,6,51,https://www.youtube.com/watch?v=i7BXHbotus4,29,6,29,https://www.youtube.com/watch?v=sdwUFWXttho,23,12,51,https://www.youtube.com/watch?v=i7BXHbotus4,886,0,0,0,
f5493e350f514aae860e4fbc529adf4c,549,2272,164,32,252,https://www.youtube.com/watch?v=RND-SLRP5wg,164,32,252,https://www.youtube.com/watch?v=RND-SLRP5wg,0,0,0,,0,0,0,0,
515f61904a1a45688ea0d7bc1e7d499e,549,115560,136,73,851,https://www.youtube.com/watch?v=jKbtxQgoyw8,48,43,48,https://www.youtube.com/watch?v=0YcdMozg4Cw,493,170,851,https://www.youtube.com/watch?v=jKbtxQgoyw8,6,0,0,0,
9b64082043fc451f9dd5edc793fa8605,548,6347,65,25,145,https://www.youtube.com/watch?v=ZJMKg-tzhEg,86,37,145,https://www.youtube.com/watch?v=ZJMKg-tzhEg,34,22,60,https://www.youtube.com/watch?v=5Hu_v6c86o0,0,0,0,0,
d792696470b54bd4947a59b10759a636,548,21047,206,58,1591,https://www.youtube.com/watch?v=nvnEQ9bWzsA,206,58,1591,https://www.youtube.com/watch?v=nvnEQ9bWzsA,0,0,0,,0,0,0,0,
182c265206924dccb716fc21b37486b0,546,8633,0,0,0,,0,0,0,,0,0,0,,0,0,0,0,
c4ad3b6c4fe94f9a8142895fd869dfb9,545,3034,106,49,159,https://www.youtube.com/watch?v=x9AA-XVGCPs,0,0,0,,106,49,159,https://www.youtube.com/watch?v=x9AA-XVGCPs,1553,153,114,464,https://www.twitch.tv/videos/1912492017
7e8a980a0df847dca63486f95fd619de,543,12081,41,22,41,https://www.youtube.com/watch?v=ea-utYl1I-w,41,22,41,https://www.youtube.com/watch?v=ea-utYl1I-w,0,0,0,,860,113,106,163,https://www.twitch.tv/videos/1910830237
7aeffe1ba0c443d5aa4721247b801593,543,40696,135,85,217,https://www.youtube.com/watch?v=lpAgG23U5CQ,94,85,94,https://www.youtube.com/watch?v=a2Nhple21D0,176,74,217,https://www.youtube.com/watch?v=lpAgG23U5CQ,0,0,0,0,
31073a45106c442cbe11fd4368e162fe,542,13506,0,0,0,,0,0,0,,0,0,0,,1745,184,100,280,https://www.twitch.tv/videos/1894979318
2c83b5b4c0644e9d94c4221ba9543cc5,541,8940,0,0,0,,0,0,0,,0,0,0,,240,28,21,38,https://www.twitch.tv/videos/1911566846
b3fb28fe6a0e4fcfb8014e7a4070ca09,541,27189,98,46,208,https://www.youtube.com/watch?v=6Zyju0I_rsY,98,46,208,https://www.youtube.com/watch?v=6Zyju0I_rsY,0,0,0,,0,0,0,0,
547aa467c2ce497e9d95c4a085effe0d,540,56998,0,0,0,,0,0,0,,0,0,0,,1458,0,0,0,
f1af649939f441ef83a72bac4dc974e3,539,14733,85,33,312,https://www.youtube.com/watch?v=a4eGQk-PVPY,85,33,94,https://www.youtube.com/watch?v=quFwFlnBU4U,173,99,312,https://www.youtube.com/watch?v=a4eGQk-PVPY,0,0,0,0,
ffdc53dc3c764656a2f76031ee262b60,538,6890,0,0,0,,0,0,0,,0,0,0,,199,2,1,173,https://www.twitch.tv/videos/1909737502
0a067d81cfe24b39b770b67ad89b61a7,537,0,0,0,0,,0,0,0,,0,0,0,,0,0,0,0,
71cb4ba2455f4b7ca91945b5104d5686,537,19527,0,0,0,,0,0,0,,0,0,0,,0,0,0,0,
b79ac08a857c4553921c04c3b14b89ea,537,20605,34,13,146,https://www.youtube.com/watch?v=y_uUTWX2o_U,24,19,41,https://www.youtube.com/watch?v=wL61CVAHles,57,13,146,https://www.youtube.com/watch?v=y_uUTWX2o_U,384,0,0,0,
7342482fda6d40f98e078505a24825d4,536,25341,125,61,168,https://www.youtube.com/watch?v=7C5DFnTepSQ,96,59,168,https://www.youtube.com/watch?v=7C5DFnTepSQ,154,109,154,https://www.youtube.com/watch?v=KdsZNTcOciY,0,0,0,0,
3c25eacbe340484cb36fc0920546d756,536,2887,0,0,0,,0,0,0,,0,0,0,,158,0,0,0,
6f68d3f50edf4814b59a4a018090b180,536,6063,210,93,1125,https://www.youtube.com/watch?v=BBQVfyVQM94,210,93,1125,https://www.youtube.com/watch?v=BBQVfyVQM94,189,27,293,https://www.youtube.com/watch?v=mdlBq8zXuyM,0,0,0,0,
fc6a8de6e0e14e05a11b1d35dfce1d71,532,27561,47,25,65,https://www.youtube.com/watch?v=uIvLS5P8nWc,48,36,59,https://www.youtube.com/watch?v=WWRX7YQN7j0,27,15,65,https://www.youtube.com/watch?v=uIvLS5P8nWc,0,0,0,0,
8f4142c5ead94656b4744b425d800fb8,529,59592,12,4,36,https://www.youtube.com/watch?v=-yNWy2y0f9g,12,4,36,https://www.youtube.com/watch?v=-yNWy2y0f9g,0,0,0,,0,0,0,0,
9d7ed986f4814efa83488c733d773bb6,529,50478,0,0,0,,0,0,0,,0,0,0,,0,0,0,0,
18d1c00e0bde4ddbb8be5eafe0967dfe,529,6569,433,259,1512,https://www.youtube.com/watch?v=FeHq0LZI1hk,433,300,1135,https://www.youtube.com/watch?v=Ks7Dd-sZZq0,499,105,1512,https://www.youtube.com/watch?v=FeHq0LZI1hk,0,0,0,0,
eeb6c761ff6040e1997e529eb1692d5e,528,17322,22,7,22,https://www.youtube.com/watch?v=wGbee5w6s9M,22,7,22,https://www.youtube.com/watch?v=wGbee5w6s9M,0,0,0,,0,0,0,0,
948c874aac8c4c7fa088b380e79b2154,527,15716,0,0,0,,0,0,0,,0,0,0,,0,0,0,0,
683db9d9b58f4dd883966c82581a7b60,526,14530,53,29,149,https://www.youtube.com/watch?v=zKMszHVm-bE,53,29,149,https://www.youtube.com/watch?v=zKMszHVm-bE,0,0,0,,0,0,0,0,
c52b95b6a42d48f0ae888720492a5a46,525,10964,38,23,80,https://www.youtube.com/watch?v=FWxQr7_2ADc,37,21,80,https://www.youtube.com/watch?v=FWxQr7_2ADc,47,35,47,https://www.youtube.com/watch?v=mwLlLE1BMOM,0,0,0,0,
91f5b04be2e74f64b03e0774cc275748,525,19731,28,13,35,https://www.youtube.com/watch?v=i-LZRkgXdzw,28,13,35,https://www.youtube.com/watch?v=i-LZRkgXdzw,0,0,0,,0,0,0,0,
0c09a69445864b44adbba11b487f9b1a,525,553,0,0,0,,0,0,0,,0,0,0,,451,91,60,143,https://www.twitch.tv/videos/1914262646
01fc7842da284adaad67d3774a4b2a6c,524,987,51,18,71,https://www.youtube.com/watch?v=EnVWQigBTVE,51,18,71,https://www.youtube.com/watch?v=EnVWQigBTVE,0,0,0,,0,0,0,0,
8bd1aad0ee834101b6042c08495a31be,523,11285,33,13,57,https://www.youtube.com/watch?v=dH9qqCv_0xI,33,13,57,https://www.youtube.com/watch?v=dH9qqCv_0xI,0,0,0,,157,51,32,66,https://www.twitch.tv/videos/1916019566
2131a63328214b7f9a1022dae6890d66,522,16002,96,52,165,https://www.youtube.com/watch?v=NTJKBhjaexE,97,49,165,https://www.youtube.com/watch?v=NTJKBhjaexE,77,74,100,https://www.youtube.com/watch?v=aiw3UsVK9Io,255,0,0,0,
0d080db8809848e2ba918799b2f7885b,520,17476,81,42,218,https://www.youtube.com/watch?v=rVKk1gASzt0,79,35,139,https://www.youtube.com/watch?v=shJSuydRj1U,181,71,218,https://www.youtube.com/watch?v=rVKk1gASzt0,0,0,0,0,
798dda88504941b08a086b309c81b4ef,520,5743,248,152,1021,https://www.youtube.com/watch?v=XQES9xBUgVE,248,152,1021,https://www.youtube.com/watch?v=XQES9xBUgVE,0,0,0,,0,0,0,0,
ee1be8631b3e4abdbcc12dbe96d5268f,520,19518,47,43,88,https://www.youtube.com/watch?v=L9iU9WHr2a4,47,43,88,https://www.youtube.com/watch?v=L9iU9WHr2a4,0,0,0,,0,0,0,0,
a2f9fd3568f3467aa35e411dbde1ab45,519,13307,135,64,135,https://www.youtube.com/watch?v=yaYs2jOCTb0,0,0,0,,135,64,135,https://www.youtube.com/watch?v=yaYs2jOCTb0,0,0,0,0,
3daee44c0bab401386813cff327a10a2,517,48880,28,17,38,https://www.youtube.com/watch?v=nScbNf0pn9w,28,17,38,https://www.youtube.com/watch?v=nScbNf0pn9w,0,0,0,,0,0,0,0,
05434bb7cec84c04baa9a81aaf7373d0,515,15858,6,5,57,https://www.youtube.com/watch?v=wlR2IXyyEtY,0,0,0,,6,5,57,https://www.youtube.com/watch?v=wlR2IXyyEtY,0,0,0,0,
318268a48a3c47b7a56609c204d02b03,515,155,0,0,0,,0,0,0,,0,0,0,,0,0,0,0,
6c3a22611ac24eb19cec3bd7c78a8705,515,124955,114,42,208,https://www.youtube.com/watch?v=Wdgx-mUeAEs,116,42,208,https://www.youtube.com/watch?v=Wdgx-mUeAEs,20,8,20,https://www.youtube.com/watch?v=Xx_9gIisLaU,0,0,0,0,
4e4721deba7c4681b1172714a29e6f19,514,33681,54,27,91,https://www.youtube.com/watch?v=jWvMpm-RM_E,54,27,91,https://www.youtube.com/watch?v=jWvMpm-RM_E,0,0,0,,0,0,0,0,
5b10cd7b61384d3180f4a39f127d50c1,514,9789,85,19,85,https://www.youtube.com/watch?v=muWaCVNgoFY,85,19,85,https://www.youtube.com/watch?v=muWaCVNgoFY,0,0,0,,0,0,0,0,
8460a099a32044a5aa602f780dec94f2,514,44613,81,28,1602,https://www.youtube.com/watch?v=3nmyReYZi7I,77,38,110,https://www.youtube.com/watch?v=v7tG2RjbEO0,89,26,1602,https://www.youtube.com/watch?v=3nmyReYZi7I,0,0,0,0,
5bbd1c2531594775a4b74928e630dd59,512,27764,0,0,0,,0,0,0,,0,0,0,,2109,182,131,369,https://www.twitch.tv/videos/1917161279
19f507cc460a426cb02013fb203bd0a7,512,12424,0,0,0,,0,0,0,,0,0,0,,393,114,83,146,https://www.twitch.tv/videos/1916136128
e306270e80094416818cfddb33153419,510,10346,0,0,0,,0,0,0,,0,0,0,,0,0,0,0,
fadd7b36ed6b4173a4cc4299af1e72b5,509,7814,86,16,86,https://www.youtube.com/watch?v=jWVW0tNVokQ,86,16,86,https://www.youtube.com/watch?v=jWVW0tNVokQ,0,0,0,,179,0,0,0,
77f4700c452c4200a4e62effa2884b4a,509,15902,29,8,108,https://www.youtube.com/watch?v=4GY1tCaCXJo,29,8,108,https://www.youtube.com/watch?v=4GY1tCaCXJo,0,0,0,,668,42,32,81,https://www.twitch.tv/videos/1908979872
d603b931a2f9452393837fc422f2dcd5,507,0,0,0,0,,0,0,0,,0,0,0,,0,0,0,0,
d1fc8e7219584287bc20234b6ab64dd9,506,8592,0,0,0,,0,0,0,,0,0,0,,0,0,0,0,
09db2ab40bc54cae831b5514b68be313,506,0,0,0,0,,0,0,0,,0,0,0,,0,0,0,0,
d6afb902dbe04e35ab52f961f538f9bd,506,9212,0,0,0,,0,0,0,,0,0,0,,96,0,0,0,
2bb77726114545919cfdd3a66bc359de,505,9131,82,58,92,https://www.youtube.com/watch?v=H7sMfe0NTL0,0,0,0,,82,58,92,https://www.youtube.com/watch?v=H7sMfe0NTL0,0,0,0,0,
a49e6e5d3a1b48c8a78e47527c3384e0,504,13836,0,0,0,,0,0,0,,0,0,0,,0,0,0,0,
4b9dd40ad6f94e5fb03be5c79c6bcd25,504,6106,29,16,29,https://www.youtube.com/watch?v=Ri1uIXfWe9Y,0,0,0,,29,16,29,https://www.youtube.com/watch?v=Ri1uIXfWe9Y,15,0,0,0,
7bf1f37dccbe4c72860c81a2772b91e1,503,169799,46,13,46,https://www.youtube.com/watch?v=iU4obIAPzxs,46,13,46,https://www.youtube.com/watch?v=iU4obIAPzxs,0,0,0,,37,0,0,0,
80ab9bb70476442a9d426cff2626046e,502,9181,380,303,1014,https://www.youtube.com/watch?v=gATljJEvTKk,0,0,0,,380,303,1014,https://www.youtube.com/watch?v=gATljJEvTKk,0,0,0,0,
95eabea4e8014fedb5d34ea27137a4ca,502,20409,31,20,31,https://www.youtube.com/watch?v=5hUbOn0ded8,0,0,0,,31,20,31,https://www.youtube.com/watch?v=5hUbOn0ded8,0,0,0,0,
4abb927b8dc049768d63b4a8e229e8cc,501,0,0,0,0,,0,0,0,,0,0,0,,0,0,0,0,
7af8f321e84542dc9ccda160152fbf0b,500,15323,0,0,0,,0,0,0,,0,0,0,,0,0,0,0,
19cd90980abe4f038f8f226f4f1bcabb,499,18835,0,0,0,,0,0,0,,0,0,0,,0,0,0,0,
7dc8617f6004470c8a65a67a9abdf661,499,13691,26,16,37,https://www.youtube.com/watch?v=fdgIv_XBtq0,26,16,37,https://www.youtube.com/watch?v=fdgIv_XBtq0,0,0,0,,161,34,27,85,https://www.twitch.tv/videos/1912565576
490d50310ffe4de4aac9c6368b49a0aa,498,9077,89,27,1369,https://www.youtube.com/watch?v=raytJPxlotU,0,0,0,,89,27,1369,https://www.youtube.com/watch?v=raytJPxlotU,0,0,0,0,
2dc0dcb6a02e41b1b37c55639a898a68,498,21241,3843,23,3843,https://www.youtube.com/watch?v=_FISZTZYdQ0,0,0,0,,3843,23,3843,https://www.youtube.com/watch?v=_FISZTZYdQ0,0,0,0,0,
284904fe0fc5485f926eb7941427d8f4,497,7053,0,0,0,,0,0,0,,0,0,0,,0,0,0,0,
684b648e422749e28b15aa79e69b89ad,495,20399,52,26,110,https://www.youtube.com/watch?v=1Y_KqbAF-Gw,56,23,110,https://www.youtube.com/watch?v=1Y_KqbAF-Gw,49,29,49,https://www.youtube.com/watch?v=_lvv1zUGc_E,0,0,0,0,
a984f1576f124e80a1a8a5ff78efa4db,495,9844,0,0,0,,0,0,0,,0,0,0,,0,0,0,0,
87f156d485c047ec9c137894c7452da4,493,5193,0,0,0,,0,0,0,,0,0,0,,545,0,0,0,
d9205a7681c74bacae6e0c413aff1ab1,488,6544,116,54,1800,https://www.youtube.com/watch?v=ADm0P1FNVKs,111,52,193,https://www.youtube.com/watch?v=XTSrAKDGP_Y,346,126,1800,https://www.youtube.com/watch?v=ADm0P1FNVKs,0,0,0,0,
dec8ff1f1ef243ccb8fa65edb7a813bd,485,3527,0,0,0,,0,0,0,,0,0,0,,331,0,0,0,
7a2ad28d7377465a8721724cfce9ffb5,485,6058,0,0,0,,0,0,0,,0,0,0,,0,0,0,0,
220353f9b2634c84953cc7d243fbc6a0,485,30485,88,42,298,https://www.youtube.com/watch?v=12hf-8ZLl2o,89,44,298,https://www.youtube.com/watch?v=12hf-8ZLl2o,30,5,30,https://www.youtube.com/watch?v=KWXJIP1Lv_M,0,0,0,0,
2e925787fbf44ad2807e581ed98c7f53,483,7817,85,31,333,https://www.youtube.com/watch?v=3FJn8WFG0lg,85,31,308,https://www.youtube.com/watch?v=FMLXPVvv0-k,185,75,333,https://www.youtube.com/watch?v=3FJn8WFG0lg,113,85,60,111,https://www.twitch.tv/videos/1912342702
b16b9643e24d404a8de6d66551451b85,482,3111,0,0,0,,0,0,0,,0,0,0,,2233,503,321,700,https://www.twitch.tv/videos/1917640764
4caaacdde06c4a0a9662e0d1e07114e0,479,3398,196,145,1110,https://www.youtube.com/watch?v=9TRHt2awLSA,196,145,1110,https://www.youtube.com/watch?v=9TRHt2awLSA,0,0,0,,0,0,0,0,
08959069eae342deab6803454669b60e,478,0,0,0,0,,0,0,0,,0,0,0,,0,0,0,0,
d1719d9d50c347efa498bb8644447392,477,0,0,0,0,,0,0,0,,0,0,0,,0,0,0,0,
3034b51ec8ad439fa7033773a72a5c4a,475,7002,32,18,230,https://www.youtube.com/watch?v=xSl5Uf_4qlE,0,0,0,,32,18,230,https://www.youtube.com/watch?v=xSl5Uf_4qlE,2264,275,182,670,https://www.twitch.tv/videos/1909690371
d5492ff86b504660a62f34b27c9a2830,474,5781,0,0,0,,0,0,0,,0,0,0,,0,0,0,0,
988d1a83ff6c4f82af6be42946987c36,474,12835,106,62,191,https://www.youtube.com/watch?v=q7y3loo8zec,106,58,191,https://www.youtube.com/watch?v=q7y3loo8zec,91,78,115,https://www.youtube.com/watch?v=936E-NJWcaw,0,0,0,0,
7e8047d78da3487a8e9dd33c67554d30,474,12736,0,0,0,,0,0,0,,0,0,0,,81,0,0,0,
cf506fa1dffe441eadad8010f3f7725c,473,12037,0,0,0,,0,0,0,,0,0,0,,803,0,0,0,
dbe3f9880dec4a03bcc1943343455a6c,472,19351,0,0,0,,0,0,0,,0,0,0,,0,0,0,0,
c79b5a5a5c8b4d8f917afdfc16c01961,472,10636,0,0,0,,0,0,0,,0,0,0,,1880,0,0,0,
52136fb3529d4f5eb5225ade4209b8b3,472,10371,28,12,34,https://www.youtube.com/watch?v=bQxozde0pzc,28,12,34,https://www.youtube.com/watch?v=bQxozde0pzc,0,0,0,,0,0,0,0,
c6286d22a9344325bb1609918d442b93,471,25753,41,27,127,https://www.youtube.com/watch?v=AnpC8o0SlV0,41,27,127,https://www.youtube.com/watch?v=AnpC8o0SlV0,0,0,0,,63,0,0,0,
76dd6a38f28f442a87ee5c5ee75b1a29,471,2089,416,135,683,https://www.youtube.com/watch?v=rQsxU4epoQ8,311,177,683,https://www.youtube.com/watch?v=rQsxU4epoQ8,521,51,521,https://www.youtube.com/watch?v=6TlsssiAlDk,0,0,0,0,
8489d002b1704612bd0dd23f9a14ed51,471,21796,87,41,147,https://www.youtube.com/watch?v=w0obT4156u4,87,41,147,https://www.youtube.com/watch?v=w0obT4156u4,0,0,0,,86,46,42,113,https://www.twitch.tv/videos/1911654918
d035333252764e9e8376858cde0b3bca,471,16424,27,11,71,https://www.youtube.com/watch?v=r4oSbcsQSEQ,31,17,71,https://www.youtube.com/watch?v=r4oSbcsQSEQ,22,9,64,https://www.youtube.com/watch?v=Iv3wH9-XWjU,656,58,41,80,https://www.twitch.tv/videos/1907206289
1053fad74222424c83f1498fc7896d75,470,233929,1301,616,2098,https://www.youtube.com/watch?v=as32iXuEYno,26,7,26,https://www.youtube.com/watch?v=-GTlRIk0yTw,1487,659,2098,https://www.youtube.com/watch?v=as32iXuEYno,0,0,0,0,
7677c9c71c0a4decad1472b7ecc604bb,470,4512,23,5,31,https://www.youtube.com/watch?v=x7WtHq5i52M,27,6,31,https://www.youtube.com/watch?v=x7WtHq5i52M,15,2,15,https://www.youtube.com/watch?v=vFl3AvNCWhk,446,0,0,0,
3e4c23394dde46f58f89cba536b208d5,469,11622,62,28,62,https://www.youtube.com/watch?v=kg93wzQk8Sk,62,28,62,https://www.youtube.com/watch?v=kg93wzQk8Sk,0,0,0,,0,0,0,0,
db4fd03c50654057bd32b9201666b345,468,67332,439,295,439,https://www.youtube.com/watch?v=x_SNmHTTOsI,0,0,0,,439,295,439,https://www.youtube.com/watch?v=x_SNmHTTOsI,1687,179,131,478,https://www.twitch.tv/videos/1918662666
d9cc0ae8d8d74a9092b760cceb412f56,467,10098,118,76,157,https://www.youtube.com/watch?v=p14wU21Zvn8,122,77,157,https://www.youtube.com/watch?v=p14wU21Zvn8,43,7,43,https://www.youtube.com/watch?v=-7eCocTjxyw,0,0,0,0,
aabaf7767fa5449b86f58160496d0d4c,466,18335,53,33,147,https://www.youtube.com/watch?v=u9ivNkLNyE4,53,33,147,https://www.youtube.com/watch?v=u9ivNkLNyE4,0,0,0,,0,0,0,0,
ee5418c900a7400fa44c821eaaca0218,464,9529,8,3,11,https://www.youtube.com/watch?v=skbCEaeyE4Q,0,0,0,,8,3,11,https://www.youtube.com/watch?v=skbCEaeyE4Q,472,79,47,139,https://www.twitch.tv/videos/1903814198
027dc46502ee4350ba597000191659ae,463,4588,42,40,76,https://www.youtube.com/watch?v=chXTOIrc_J4,42,40,76,https://www.youtube.com/watch?v=chXTOIrc_J4,0,0,0,,1,0,0,0,
7342e2aefa41449880565dfd15a35cad,462,12178,53,32,125,https://www.youtube.com/watch?v=gRGoLFI7A-Y,53,38,125,https://www.youtube.com/watch?v=gRGoLFI7A-Y,53,9,73,https://www.youtube.com/watch?v=TUj7-LfwP9c,0,0,0,0,
2d95e2e1191046b1bb35697b37bda595,460,41649,176,106,201,https://www.youtube.com/watch?v=BMd2CgjubPc,133,111,176,https://www.youtube.com/watch?v=68fFWVrsVYg,201,106,201,https://www.youtube.com/watch?v=BMd2CgjubPc,0,0,0,0,
f0f6694a60de4fb799b3f315abbaf7b6,458,19600,0,0,0,,0,0,0,,0,0,0,,0,0,0,0,
3513b73ded994bc3a92a70c9632c9856,457,8482,0,0,0,,0,0,0,,0,0,0,,5350,384,136,802,https://www.twitch.tv/videos/1895598177
01d150623c984f3d8d7de4b1859afadd,457,8935,5,3,10,https://www.youtube.com/watch?v=SCnbYYvWOT4,0,0,0,,5,3,10,https://www.youtube.com/watch?v=SCnbYYvWOT4,0,0,0,0,
0ad03ee6159c4d37a4feccbc49ba3dcf,457,26357,15,7,131,https://www.youtube.com/watch?v=927K2OvUqeY,15,7,131,https://www.youtube.com/watch?v=927K2OvUqeY,0,0,0,,104,0,0,0,
d8b0b4e36c614d328620461a295572a1,456,16272,64,26,287,https://www.youtube.com/watch?v=xhWL9x8ZNmI,64,26,287,https://www.youtube.com/watch?v=xhWL9x8ZNmI,0,0,0,,106,0,0,0,
45baafce0f294208a063a496814b7986,456,17711,46,11,94,https://www.youtube.com/watch?v=vMhAi_iULHc,49,19,94,https://www.youtube.com/watch?v=vMhAi_iULHc,3,2,9,https://www.youtube.com/watch?v=3FAzOZC-I3g,0,0,0,0,
df16e863bea643d3a8a90ccb5577ed04,454,16787,93,85,127,https://www.youtube.com/watch?v=-3_laBq_piY,74,63,127,https://www.youtube.com/watch?v=-3_laBq_piY,122,85,122,https://www.youtube.com/watch?v=WyBOX9q2er0,0,0,0,0,
37e88453b9cb48b1863bc455328b34c1,453,6257,0,0,0,,0,0,0,,0,0,0,,800,133,74,438,https://www.twitch.tv/videos/1910688698
7b578956fab14341919193c03ca3ab32,453,10133,31,23,92,https://www.youtube.com/watch?v=UuALzQEsQ8A,31,23,92,https://www.youtube.com/watch?v=UuALzQEsQ8A,0,0,0,,0,0,0,0,
62ca936be6c645a7bf2222b67086800a,453,128955,0,0,0,,0,0,0,,0,0,0,,700,199,104,318,https://www.twitch.tv/videos/1909508662
e28e3e0d6eeb41fd836c199f4007b4df,452,5182,8,2,22,https://www.youtube.com/watch?v=mls7OVKFUX8,0,0,0,,8,2,22,https://www.youtube.com/watch?v=mls7OVKFUX8,2201,142,90,142,https://www.twitch.tv/videos/1909919152
60234dcffd2b42f097a78aaf121d410f,451,6499,85,49,140,https://www.youtube.com/watch?v=mvbhVxU16Qo,81,52,140,https://www.youtube.com/watch?v=mvbhVxU16Qo,90,0,90,https://www.youtube.com/watch?v=szkHWLoIjgk,121,0,0,0,
13992a4fb59649ada3a2adf027b5b35a,451,29071,53,33,85,https://www.youtube.com/watch?v=8HlvEBppFNc,53,15,66,https://www.youtube.com/watch?v=TqaJwVoX3Ds,63,56,85,https://www.youtube.com/watch?v=8HlvEBppFNc,3580,48,29,52,https://www.twitch.tv/videos/1908079724
04efe2883aff4fb189084cb815c7c036,448,0,0,0,0,,0,0,0,,0,0,0,,0,0,0,0,
2dc29f6b05584c718c60034af9883496,446,71557,37,14,86,https://www.youtube.com/watch?v=UNKHD-WszfA,0,0,0,,37,14,86,https://www.youtube.com/watch?v=UNKHD-WszfA,0,0,0,0,
14d68e1fc65f4206b0c45d65970c0215,446,21141,53,27,195,https://www.youtube.com/watch?v=L5dVdGnE1Zo,53,27,195,https://www.youtube.com/watch?v=L5dVdGnE1Zo,0,0,0,,0,0,0,0,
b8884911548d4167b641a1f4be44afd7,446,1305,59,1,76,https://www.youtube.com/watch?v=jjTgUg1ll8Q,0,0,0,,59,1,76,https://www.youtube.com/watch?v=jjTgUg1ll8Q,0,0,0,0,
9189101a4bb740de969b772dde92125a,444,5506,0,0,0,,0,0,0,,0,0,0,,1032,176,133,285,https://www.twitch.tv/videos/1907141905
9e3222bedec44f1a8fecdc237c020cbd,443,122089,202,163,207,https://www.youtube.com/watch?v=pwL_ydRSXhU,0,0,0,,202,163,207,https://www.youtube.com/watch?v=pwL_ydRSXhU,306,16,10,28,https://www.twitch.tv/videos/1915004615
17a340801a7d4697be53c472c621993d,443,19686,75,17,75,https://www.youtube.com/watch?v=-O1mZ_mi240,75,17,75,https://www.youtube.com/watch?v=-O1mZ_mi240,0,0,0,,512,133,96,319,https://www.twitch.tv/videos/1917509914
fe70a0055df1453a82bea6582d3072fa,442,13130,79,36,111,https://www.youtube.com/watch?v=Naw5gS-GdDU,79,36,111,https://www.youtube.com/watch?v=Naw5gS-GdDU,0,0,0,,0,0,0,0,
7441319fa18e4556a8ee9ef4e6396ee0,440,28731,28,6,210,https://www.youtube.com/watch?v=UJrQl58nqsA,28,5,75,https://www.youtube.com/watch?v=bM2kJsCTZNs,26,6,210,https://www.youtube.com/watch?v=UJrQl58nqsA,0,0,0,0,
1760601b33854f2ab58b6217bd2cfedf,440,26203,88,1,88,https://www.youtube.com/watch?v=V1BJ9Ma1fy8,88,1,88,https://www.youtube.com/watch?v=V1BJ9Ma1fy8,0,0,0,,0,0,0,0,
e9fa90c6824c47abbfd114e9cd9b4125,439,13667,26,10,80,https://www.youtube.com/watch?v=iOyHhvBkTTE,26,9,34,https://www.youtube.com/watch?v=CAV0T63ZVfE,23,11,80,https://www.youtube.com/watch?v=iOyHhvBkTTE,0,0,0,0,
20b358775f2c4e7aa0a9f4e5090fe557,439,0,0,0,0,,0,0,0,,0,0,0,,0,0,0,0,
4a64836a88024358a7401530fed8e0f8,436,17563,9,6,1407,https://www.youtube.com/watch?v=ni-WsTpDGes,5,4,30,https://www.youtube.com/watch?v=XHyUiORsYvM,40,23,1407,https://www.youtube.com/watch?v=ni-WsTpDGes,4301,475,136,1144,https://www.twitch.tv/videos/1894105121
bd16ea1e11d9475eb53a108ba90ea6a3,435,27732,36,14,89,https://www.youtube.com/watch?v=nUZy8TEDfLw,51,16,89,https://www.youtube.com/watch?v=nUZy8TEDfLw,17,11,38,https://www.youtube.com/watch?v=IL6Paa3MxVc,0,0,0,0,
3a932cc8813343b6bb5d822cb2f53558,434,15934,42,20,170,https://www.youtube.com/watch?v=EMuoa2drazk,0,0,0,,42,20,170,https://www.youtube.com/watch?v=EMuoa2drazk,2412,337,224,645,https://www.twitch.tv/videos/1914826477
0ab16bd60230422d97f73e6810be221c,434,7137,116,65,1101,https://www.youtube.com/watch?v=zCHDP3GQqHs,120,72,729,https://www.youtube.com/watch?v=WSMkDFh6BAA,65,46,1101,https://www.youtube.com/watch?v=zCHDP3GQqHs,0,0,0,0,
586377912f314b4d8c3be33760526ae0,434,45255,43,21,390,https://www.youtube.com/watch?v=Hwoy2yY9Y6E,33,17,69,https://www.youtube.com/watch?v=sm3U4JGrhyQ,113,78,390,https://www.youtube.com/watch?v=Hwoy2yY9Y6E,0,0,0,0,
6c9b67b00b3c4940a6af6a6604b0b1fd,434,10493,96,49,96,https://www.youtube.com/watch?v=4BZ2cQn0PTg,96,49,96,https://www.youtube.com/watch?v=4BZ2cQn0PTg,0,0,0,,0,0,0,0,
2bffdc20e3cb48de9bf46600f62d248e,433,18077,63,45,145,https://www.youtube.com/watch?v=yeepPj6jknQ,71,42,145,https://www.youtube.com/watch?v=yeepPj6jknQ,55,48,55,https://www.youtube.com/watch?v=YrWXsL486gY,208,99,79,99,https://www.twitch.tv/videos/1914188311
83f96fd6cab64f4da581c50cd2a31b82,433,4293,0,0,0,,0,0,0,,0,0,0,,3625,0,0,0,
74c75f221fbb4cffa67de26881bae17d,432,15024,152,75,245,https://www.youtube.com/watch?v=LQ-l0u0TC_Y,154,76,245,https://www.youtube.com/watch?v=LQ-l0u0TC_Y,116,75,186,https://www.youtube.com/watch?v=vwV758DR-7Y,0,0,0,0,
f998ba5e4a2f4cd9a979e034d338bfe9,432,11231,29,16,43,https://www.youtube.com/watch?v=Yl8sRZSlXK4,36,25,43,https://www.youtube.com/watch?v=Yl8sRZSlXK4,18,16,18,https://www.youtube.com/watch?v=1QR4sTlFAXM,0,0,0,0,
ce408f8b30704b42a7492f0e40684317,429,14348,28,25,44,https://www.youtube.com/watch?v=LJ_3yCaNV4s,28,25,44,https://www.youtube.com/watch?v=LJ_3yCaNV4s,0,0,0,,262,75,55,75,https://www.twitch.tv/videos/1916885508
bdcf0d95e6544ebaaddbfba94839cd6b,427,10244,94,64,244,https://www.youtube.com/watch?v=ql0c9RgANyA,103,47,178,https://www.youtube.com/watch?v=oxx7D9QcjMo,94,82,244,https://www.youtube.com/watch?v=ql0c9RgANyA,0,0,0,0,
325c292889f542688512641841b4ed8a,427,13038,136,66,1438,https://www.youtube.com/watch?v=qMMEmpBOSUw,136,69,304,https://www.youtube.com/watch?v=TWf4JRsTeYw,94,65,1438,https://www.youtube.com/watch?v=qMMEmpBOSUw,0,0,0,0,
ff445c140e9a4211960268c261e18fba,426,10199,11,4,22,https://www.youtube.com/watch?v=kp1ry3_oMUc,0,0,0,,11,4,22,https://www.youtube.com/watch?v=kp1ry3_oMUc,1315,59,44,82,https://www.twitch.tv/videos/1909920098
fad52a34935b402a819aa4bb504453da,425,17775,41,16,77,https://www.youtube.com/watch?v=ZK_CoN57Umo,41,16,77,https://www.youtube.com/watch?v=ZK_CoN57Umo,0,0,0,,0,0,0,0,
e911a56d410b4949aee1d3a8dc84f4ad,425,19421,39,18,61,https://www.youtube.com/watch?v=WxzQITDKozU,39,18,61,https://www.youtube.com/watch?v=WxzQITDKozU,0,0,0,,0,0,0,0,
8a86c4d0f4ce462a92c6bf09c027e432,424,90197,29,7,34,https://www.youtube.com/watch?v=I-C412t_a3M,29,7,34,https://www.youtube.com/watch?v=I-C412t_a3M,0,0,0,,0,0,0,0,
83e0f3520699474ba7f017e5e4388a5f,424,2551,94,43,530,https://www.youtube.com/watch?v=hBkWMU9h8hw,92,41,530,https://www.youtube.com/watch?v=hBkWMU9h8hw,159,54,159,https://www.youtube.com/watch?v=YTULWlmvsUc,0,0,0,0,
e2e125618df1445c9da9494bbd643b95,423,22513,32,9,55,https://www.youtube.com/watch?v=5eG69iX5_CU,32,9,55,https://www.youtube.com/watch?v=5eG69iX5_CU,0,0,0,,25,0,0,0,
238b4a68bcde4f3bbf18b0b01f66ec43,423,23124,32,2,47,https://www.youtube.com/watch?v=g3cfre5dsb4,32,2,47,https://www.youtube.com/watch?v=g3cfre5dsb4,0,0,0,,0,0,0,0,
8db6aab32c8e45c8a70d0850bfcd3e5c,422,18734,40,23,75,https://www.youtube.com/watch?v=xvKjnpBIE1Y,40,23,75,https://www.youtube.com/watch?v=xvKjnpBIE1Y,0,0,0,,114,0,0,0,
6c166d9128e74147a5c0b1dbf89c885c,422,5261,37,12,54,https://www.youtube.com/watch?v=_woR6iI-fEg,37,12,54,https://www.youtube.com/watch?v=_woR6iI-fEg,0,0,0,,0,0,0,0,
7051e693d03645bda16b3591f06ebd3f,421,17981,6,3,18,https://www.youtube.com/watch?v=ZeHEAChuUME,0,0,0,,6,3,18,https://www.youtube.com/watch?v=ZeHEAChuUME,0,0,0,0,
2d20aadf97d847939178a297b535b431,419,204055,26,11,1151,https://www.youtube.com/watch?v=5q4jKr9xgQQ,0,0,0,,26,11,1151,https://www.youtube.com/watch?v=5q4jKr9xgQQ,0,0,0,0,
b0ec0f1ffbd8426982e7ca40d4b1064b,419,8691,30,13,41,https://www.youtube.com/watch?v=ZideqwuvFiY,30,13,41,https://www.youtube.com/watch?v=ZideqwuvFiY,0,0,0,,0,0,0,0,
e57eccbb01a64ef2990cad149cd08364,418,8471,0,0,0,,0,0,0,,0,0,0,,1471,241,200,400,https://www.twitch.tv/videos/1909745037
45dc3a8a88054fc6adf55549304aca1c,416,6244,52,17,107,https://www.youtube.com/watch?v=UPwltfzTyvU,59,21,107,https://www.youtube.com/watch?v=UPwltfzTyvU,27,7,69,https://www.youtube.com/watch?v=Q1q8tycaJj0,0,0,0,0,
15ee6c1788974e31aefed5cc023781af,416,1233,24,8,26,https://www.youtube.com/watch?v=zrE9yYhJSJE,0,0,0,,24,8,26,https://www.youtube.com/watch?v=zrE9yYhJSJE,530,85,62,97,https://www.twitch.tv/videos/1914986743
5a901d793927414493afa87af0c4baec,416,5260,58,23,181,https://www.youtube.com/watch?v=Pka-jfgPGiU,60,24,181,https://www.youtube.com/watch?v=Pka-jfgPGiU,37,10,37,https://www.youtube.com/watch?v=3L01Op_6JtM,503,103,83,117,https://www.twitch.tv/videos/1918525789
64d9adbc552c487db0cdf42ac3845e18,416,32036,116,59,250,https://www.youtube.com/watch?v=MYSjC5X3XE8,84,29,250,https://www.youtube.com/watch?v=MYSjC5X3XE8,149,90,149,https://www.youtube.com/watch?v=ZV75_YS2e2U,34,0,0,0,
c8cb49db0c6842afa1a9bb8bb2620e8f,416,19244,35,14,40,https://www.youtube.com/watch?v=80wQKWH9yM4,35,14,40,https://www.youtube.com/watch?v=80wQKWH9yM4,0,0,0,,0,0,0,0,
8c494e45ce5b462aa744d46bbdc54021,415,72984,0,0,0,,0,0,0,,0,0,0,,211,259,183,508,https://www.twitch.tv/videos/1908815805
c3e1a96f96334696af38e93fa8178085,414,6000,10,3,36,https://www.youtube.com/watch?v=S32g552HFYQ,0,0,0,,10,3,36,https://www.youtube.com/watch?v=S32g552HFYQ,853,0,0,0,
3869b056864b4e60a6420aa6011f09fd,414,8527,84,21,209,https://www.youtube.com/watch?v=j2yiuiEM5uY,76,34,96,https://www.youtube.com/watch?v=DHYi2a2v6FE,209,21,209,https://www.youtube.com/watch?v=j2yiuiEM5uY,0,0,0,0,
10550198223845c9a95ff1993088b464,413,5688,0,0,0,,0,0,0,,0,0,0,,0,0,0,0,
64199c3fe4914883a1a9b4a68dc332be,412,5909,0,0,0,,0,0,0,,0,0,0,,131,0,0,0,
f16af590d65d4d07bb6603aed00a1a78,410,0,0,0,0,,0,0,0,,0,0,0,,0,0,0,0,
c79c2ac57f9048eebdc1b9329209e19f,410,12527,50,22,1383,https://www.youtube.com/watch?v=xvJa5PrnV-Q,43,15,50,https://www.youtube.com/watch?v=oQ19pIQj184,64,55,1383,https://www.youtube.com/watch?v=xvJa5PrnV-Q,277,0,0,0,
66345fc8147b45e99d6eba1b0df6ba7c,410,20163,51,29,82,https://www.youtube.com/watch?v=SjXRVWwxljk,51,29,82,https://www.youtube.com/watch?v=SjXRVWwxljk,0,0,0,,0,0,0,0,
eda6bf91049349e08f0f269fb4f8c0f9,410,3933,102,66,147,https://www.youtube.com/watch?v=eBqSr1KcLa0,0,0,0,,102,66,147,https://www.youtube.com/watch?v=eBqSr1KcLa0,100,0,0,0,
d59c12b12b964a498ee7c29574171ade,409,4449,60,41,75,https://www.youtube.com/watch?v=XI-YgFkDHMs,0,0,0,,60,41,75,https://www.youtube.com/watch?v=XI-YgFkDHMs,785,142,109,250,https://www.twitch.tv/videos/1915836772
2efed2f9e0c54ec4b58fc27154bd09ac,409,15554,0,0,0,,0,0,0,,0,0,0,,188,0,0,0,
acd2bce38d2140e2b625b3eb9a830624,408,4689,70,55,424,https://www.youtube.com/watch?v=Du-6ATMIASM,65,55,424,https://www.youtube.com/watch?v=Du-6ATMIASM,83,75,319,https://www.youtube.com/watch?v=7Dyc4IQbeHg,0,0,0,0,
2afeb8ff2471460da2f02cb36c0c6345,407,4468,0,0,0,,0,0,0,,0,0,0,,1184,0,0,0,
a00240316f524d218d889d00a8b42721,407,29990,68,35,120,https://www.youtube.com/watch?v=Ax2kJgbtozg,68,35,120,https://www.youtube.com/watch?v=Ax2kJgbtozg,0,0,0,,0,0,0,0,
acc708b79f1c4e388466b407387e7cb5,405,24349,31,13,50,https://www.youtube.com/watch?v=ZRn17Pdd9V8,31,13,50,https://www.youtube.com/watch?v=ZRn17Pdd9V8,0,0,0,,0,0,0,0,
c7400e2934c646e49f7df1816de41360,405,16024,15,14,24,https://www.youtube.com/watch?v=Ft4pxXVV3UE,15,14,24,https://www.youtube.com/watch?v=Ft4pxXVV3UE,0,0,0,,26,0,0,0,
5964947a5624455cba648007ec04a0b9,403,4348,145,66,816,https://www.youtube.com/watch?v=WUNQi6Uo-wk,79,61,816,https://www.youtube.com/watch?v=WUNQi6Uo-wk,179,69,794,https://www.youtube.com/watch?v=Bzdyo_qvTjI,0,0,0,0,
5fbf4f6751f24d03a5723670cd500aca,402,7982,14,3,18,https://www.youtube.com/watch?v=WRJDhsbxYlk,0,0,0,,14,3,18,https://www.youtube.com/watch?v=WRJDhsbxYlk,585,154,118,323,https://www.twitch.tv/videos/1908042476
4c127c01ba31487599018fc81ff1a3dd,401,22295,31,15,31,https://www.youtube.com/watch?v=gXMrGS2PyAU,0,0,0,,31,15,31,https://www.youtube.com/watch?v=gXMrGS2PyAU,0,0,0,0,
789a5da3ba8146e9ac10a8814f096b49,400,14065,0,0,0,,0,0,0,,0,0,0,,0,0,0,0,
e802bcea6eb04ce6aa9041aa5e06ceae,400,12231,0,0,0,,0,0,0,,0,0,0,,0,0,0,0,
1a95847597f04ae39d6f0d9caba04a5f,399,12532,0,0,0,,0,0,0,,0,0,0,,986,0,0,0,
71527d28bef840c282650e040a446374,398,2769,0,0,0,,0,0,0,,0,0,0,,306,0,0,0,
994fcc5db40840ae990cf1ce43728548,398,10851,0,0,0,,0,0,0,,0,0,0,,0,0,0,0,
cf38ee666e104dce949c195f5ac58da2,397,57076,58,38,3021,https://www.youtube.com/watch?v=EsdWobJl2rs,45,15,106,https://www.youtube.com/watch?v=pZP8jcYqENw,817,183,3021,https://www.youtube.com/watch?v=EsdWobJl2rs,0,0,0,0,
8527ad14c0a348e19d1dc223e0abac20,395,7649,0,0,0,,0,0,0,,0,0,0,,832,53,31,80,https://www.twitch.tv/videos/1908894552
0b7384f7207048ebb5b9a52393ce8633,394,7963,0,0,0,,0,0,0,,0,0,0,,0,0,0,0,
5ba440fed1c44e59b263e1591cd18a60,393,18204,0,0,0,,0,0,0,,0,0,0,,0,0,0,0,
7b0c97dee5844e27a54e93e92c8cfc91,393,6915,132,70,226,https://www.youtube.com/watch?v=M8pwnjm5lBY,0,0,0,,132,70,226,https://www.youtube.com/watch?v=M8pwnjm5lBY,2753,329,233,437,https://www.twitch.tv/videos/1910583856
aa673b95b03540288c87dbaa59477ef9,392,19111,0,0,0,,0,0,0,,0,0,0,,0,0,0,0,
83ec4919298a4ad5984e3da31109a4c8,391,2194,334,16,334,https://www.youtube.com/watch?v=BzD4df5zWM4,0,0,0,,334,16,334,https://www.youtube.com/watch?v=BzD4df5zWM4,3036,2072,966,3133,https://www.twitch.tv/videos/1896214318
7531ceacd52e43b4a29ba4dc18a3f56c,391,9200,665,421,1200,https://www.youtube.com/watch?v=qU4g5esjCk4,0,0,0,,665,421,1200,https://www.youtube.com/watch?v=qU4g5esjCk4,647,89,46,254,https://www.twitch.tv/videos/1916714464
b7b1cb60f1c24c0ea4fb1f506d3e247a,390,6066,108,85,380,https://www.youtube.com/watch?v=HpaLxrc0lb8,145,97,380,https://www.youtube.com/watch?v=HpaLxrc0lb8,74,50,157,https://www.youtube.com/watch?v=P2AQq8lGDgA,126,82,70,306,https://www.twitch.tv/videos/1916899386
236bfe277b89428dacb6ecc89fdb6ca2,389,0,0,0,0,,0,0,0,,0,0,0,,0,0,0,0,
15bc73fc2acf4a7695bab31fdea450f0,388,10193,99,28,351,https://www.youtube.com/watch?v=fR2H5j2XxoQ,124,47,351,https://www.youtube.com/watch?v=fR2H5j2XxoQ,27,17,32,https://www.youtube.com/watch?v=sbKehMO8-9w,0,0,0,0,
5c70a4710fca4b86ac63d56b0e894284,388,20104,53,34,2443,https://www.youtube.com/watch?v=_8n5Nzwax98,53,34,239,https://www.youtube.com/watch?v=rFU6EJA1dBc,1241,332,2443,https://www.youtube.com/watch?v=_8n5Nzwax98,0,0,0,0,
323c21f9e49f47d48609f698a3f81fd5,387,4096,76,24,125,https://www.youtube.com/watch?v=11_74_Gi-Cw,76,24,125,https://www.youtube.com/watch?v=11_74_Gi-Cw,0,0,0,,0,0,0,0,
3a29989f3f71430f88f1535125a1d32c,387,28217,0,0,0,,0,0,0,,0,0,0,,0,0,0,0,
6142bdfa61cd4f3092263bfe477e8e0b,386,24069,0,0,0,,0,0,0,,0,0,0,,0,0,0,0,
36f4fa8dbd7740c3ae5ac02b890fa502,385,3136,102,43,335,https://www.youtube.com/watch?v=x79Pq85xocc,91,43,335,https://www.youtube.com/watch?v=x79Pq85xocc,109,41,163,https://www.youtube.com/watch?v=Z6kPsNCwnmw,1172,0,0,0,
fb5a1dbf496e4e7fb1e7698bb92c4acf,385,21823,0,0,0,,0,0,0,,0,0,0,,0,0,0,0,
031da54f73f94adf8159ef0d3bfeb52b,385,25767,54,31,110,https://www.youtube.com/watch?v=v_mfbZAeME4,54,31,110,https://www.youtube.com/watch?v=v_mfbZAeME4,0,0,0,,0,0,0,0,
7c781489389447e682388caccae7fb1c,385,10673,23,15,79,https://www.youtube.com/watch?v=kWKGS58NiuE,0,0,0,,23,15,79,https://www.youtube.com/watch?v=kWKGS58NiuE,619,53,51,150,https://www.twitch.tv/videos/1909011389
e6289383cf754a77bfae7574b4e198e0,384,659,0,0,0,,0,0,0,,0,0,0,,0,0,0,0,
be56f6cf87ab4da7b132b9d62c74bc2e,383,7060,45,24,1578,https://www.youtube.com/watch?v=M5TQlyjOOyg,38,20,94,https://www.youtube.com/watch?v=RMFRaXdFD0Q,106,35,1578,https://www.youtube.com/watch?v=M5TQlyjOOyg,0,0,0,0,
f771e51357eb44d2820afd47aba3b546,383,8484,0,0,0,,0,0,0,,0,0,0,,262,32,23,208,https://www.twitch.tv/videos/1915017382
8881d23b0a3c426590c8a2509e363ec1,382,9650,24,5,47,https://www.youtube.com/watch?v=ywk9PZxethg,13,4,13,https://www.youtube.com/watch?v=tZBtjQizEso,26,5,47,https://www.youtube.com/watch?v=ywk9PZxethg,558,86,59,135,https://www.twitch.tv/videos/1915148424
eb4cd9453fb04a3ea056ec068b02348f,382,39456,37,8,145,https://www.youtube.com/watch?v=16dJR3UCUY8,50,9,145,https://www.youtube.com/watch?v=16dJR3UCUY8,18,4,26,https://www.youtube.com/watch?v=Jb78nTK42E4,49,33,32,33,https://www.twitch.tv/videos/1918524391
b2e19555d1f441a8a0e3f53b6507863e,382,16569,59,35,107,https://www.youtube.com/watch?v=lrl_sByVNy0,58,33,107,https://www.youtube.com/watch?v=lrl_sByVNy0,79,58,79,https://www.youtube.com/watch?v=adHHASEzCHk,108,0,0,0,
b3b24f0ebecc45118f88f12042bd59c8,381,46924,16,7,118,https://www.youtube.com/watch?v=fJZWx3dVqS4,13,6,36,https://www.youtube.com/watch?v=qD18fteWF4M,63,40,118,https://www.youtube.com/watch?v=fJZWx3dVqS4,0,0,0,0,
876c11fba4af4235857127b9af87093e,381,17001,0,0,0,,0,0,0,,0,0,0,,0,0,0,0,
b651572a9a374f59918720e569d314b9,381,8966,0,0,0,,0,0,0,,0,0,0,,0,0,0,0,
0df008566e92461eb808c5b3ba9c7f0f,381,5789,45,16,90,https://www.youtube.com/watch?v=EQwKxjMrAcs,48,19,90,https://www.youtube.com/watch?v=EQwKxjMrAcs,17,8,46,https://www.youtube.com/watch?v=9qeClfG3adw,0,0,0,0,
0dc671f00179414c959171b6625785a0,380,2996,205,86,786,https://www.youtube.com/watch?v=PJQ8cKVMAIU,222,162,786,https://www.youtube.com/watch?v=PJQ8cKVMAIU,171,69,496,https://www.youtube.com/watch?v=XRiuHFaqAGI,0,0,0,0,
4a2df649332047d3b733c88209925f4c,379,5767,69,48,69,https://www.youtube.com/watch?v=AdU-rSLDzGw,0,0,0,,69,48,69,https://www.youtube.com/watch?v=AdU-rSLDzGw,689,573,511,638,https://www.twitch.tv/videos/1914109141
9bb20f60d5c440d39eb4f14fbe48a296,379,4299,75,13,134,https://www.youtube.com/watch?v=NWlsoz6Ae_Y,75,13,134,https://www.youtube.com/watch?v=NWlsoz6Ae_Y,0,0,0,,0,0,0,0,
d564ef4ee383435787e18dee18247631,378,11701,71,20,188,https://www.youtube.com/watch?v=MkxUgXB7Xt4,54,14,97,https://www.youtube.com/watch?v=Wx_5iv8gPmE,109,72,188,https://www.youtube.com/watch?v=MkxUgXB7Xt4,101,34,25,91,https://www.twitch.tv/videos/1907285772
9870111c23124c19a12de7bbdeb8abc1,378,5497,32,13,167,https://www.youtube.com/watch?v=CAZfeMTem-M,38,11,65,https://www.youtube.com/watch?v=1e35t65T5Go,25,22,167,https://www.youtube.com/watch?v=CAZfeMTem-M,0,0,0,0,
a8e0ec03cb0a4e0292228e1a6ed35e6a,377,2506,0,0,0,,0,0,0,,0,0,0,,786,44,36,99,https://www.twitch.tv/videos/1917532867
27a484e8f53a433396e73bea886fa2cb,375,19227,0,0,0,,0,0,0,,0,0,0,,0,0,0,0,
c7344bac508b46f2a20c4bb6861f33ab,375,780,90,78,90,https://www.youtube.com/watch?v=H25op5Zrt8g,0,0,0,,90,78,90,https://www.youtube.com/watch?v=H25op5Zrt8g,0,0,0,0,
80b6efc8007f4f6d84ce2f93862ae319,374,28855,33,9,98,https://www.youtube.com/watch?v=0mczRryeNdo,29,7,48,https://www.youtube.com/watch?v=71wZWzO_qs8,98,16,98,https://www.youtube.com/watch?v=0mczRryeNdo,0,0,0,0,
b9b727200b664a98bc1a8fd76d3cdb9c,374,4812,110,46,158,https://www.youtube.com/watch?v=INLBes9KCUg,110,46,158,https://www.youtube.com/watch?v=INLBes9KCUg,0,0,0,,0,0,0,0,
993f7baff5d24cf69d077e30f7fd1a9d,373,18888,61,19,135,https://www.youtube.com/watch?v=Zt6s8Y5QwtQ,61,19,135,https://www.youtube.com/watch?v=Zt6s8Y5QwtQ,0,0,0,,0,0,0,0,
05055e62d34241888df31217ac25e671,373,18372,8,3,23,https://www.youtube.com/watch?v=y4bxTbJd5Tg,8,3,23,https://www.youtube.com/watch?v=y4bxTbJd5Tg,0,0,0,,1188,39,24,151,https://www.twitch.tv/videos/1915848193
41ad2f1c78f0406ab5460f38115002d7,373,13448,47,43,47,https://www.youtube.com/watch?v=JQSlUzCVkfI,47,43,47,https://www.youtube.com/watch?v=JQSlUzCVkfI,0,0,0,,0,0,0,0,
a2ceea65ce58431085b1366a0cfe9c61,372,6596,15,5,33,https://www.youtube.com/watch?v=0Cdjuy1CQqM,0,0,0,,15,5,33,https://www.youtube.com/watch?v=0Cdjuy1CQqM,0,0,0,0,
26eba1f0fabf425aa5769e01e855ea28,372,15878,58,24,394,https://www.youtube.com/watch?v=2Lq13lXiupg,57,16,60,https://www.youtube.com/watch?v=suEscvCXmOo,394,305,394,https://www.youtube.com/watch?v=2Lq13lXiupg,0,0,0,0,
3b83206e75d14605a947a0b0b24650e0,371,8369,0,0,0,,0,0,0,,0,0,0,,0,0,0,0,
42ff41f7d6884ae8b93ed46415376d83,371,8275,34,20,54,https://www.youtube.com/watch?v=AcUWHA73CQw,29,19,34,https://www.youtube.com/watch?v=guwYiXfUH6M,54,43,54,https://www.youtube.com/watch?v=AcUWHA73CQw,0,0,0,0,
8ae8129571fe478283e45a20972b94c2,369,4220,0,0,0,,0,0,0,,0,0,0,,0,0,0,0,
968f0b8c521942d6939234c70f49747a,369,5842,74,31,102,https://www.youtube.com/watch?v=osNkAyWp2tw,81,32,102,https://www.youtube.com/watch?v=osNkAyWp2tw,62,13,62,https://www.youtube.com/watch?v=2iDYbhHs4UY,1383,0,0,0,
9434be74cca5450789bf73aa4359b542,368,11014,19,16,20,https://www.youtube.com/watch?v=1HiHYsytWFs,19,16,20,https://www.youtube.com/watch?v=1HiHYsytWFs,0,0,0,,0,0,0,0,
5000b613025542c498cd6ab2287865c6,368,1296,0,0,0,,0,0,0,,0,0,0,,2102,206,169,278,https://www.twitch.tv/videos/1915874869
4fc02db3aab84e6cb526c02405d18c6e,366,16789,43,30,43,https://www.youtube.com/watch?v=AcZzgASmggE,43,30,43,https://www.youtube.com/watch?v=AcZzgASmggE,0,0,0,,154,0,0,0,
fbc25614b5c24774b849d42ccf45eae6,364,4429,0,0,0,,0,0,0,,0,0,0,,845,56,44,80,https://www.twitch.tv/videos/1914824515
22b0dfc3703e477d9ce6880cdbfafd91,364,12622,25,19,25,https://www.youtube.com/watch?v=t5ABU_PX-RA,25,19,25,https://www.youtube.com/watch?v=t5ABU_PX-RA,0,0,0,,1280,236,136,568,https://www.twitch.tv/videos/1910880834
592e288d58c94472ba3da9108d4747c8,360,0,0,0,0,,0,0,0,,0,0,0,,0,0,0,0,
f6a02208132e4cdeb72d84d1fb487384,359,913,0,0,0,,0,0,0,,0,0,0,,0,0,0,0,
6d1e2248e6844ac29d3f28d3b3e178f4,359,1182,0,0,0,,0,0,0,,0,0,0,,1661,167,109,319,https://www.twitch.tv/videos/1915117595
db4caa3fc50540e3bd7caecd69e2dab8,358,12358,34,15,69,https://www.youtube.com/watch?v=gowSay4Tx1s,34,18,69,https://www.youtube.com/watch?v=gowSay4Tx1s,6,3,6,https://www.youtube.com/watch?v=zWL30XiLX58,0,0,0,0,
ce013f56157740e59c7735bd51356260,358,5571,29,13,29,https://www.youtube.com/watch?v=a5cYWUbL5GM,29,13,29,https://www.youtube.com/watch?v=a5cYWUbL5GM,0,0,0,,227,0,0,0,
2103bcf7923d4f74b2d043bffef71cc1,356,13762,63,37,84,https://www.youtube.com/watch?v=_BysnvDr3FU,63,37,84,https://www.youtube.com/watch?v=_BysnvDr3FU,0,0,0,,0,0,0,0,
1c096a5610c0459b84c74213c3b30f85,354,13191,0,0,0,,0,0,0,,0,0,0,,172,22,11,27,https://www.twitch.tv/videos/1914353395
21fcf23549a74111bbe31c949245e2cd,354,10667,36,6,53,https://www.youtube.com/watch?v=rSX8i8n7Pj4,36,6,53,https://www.youtube.com/watch?v=rSX8i8n7Pj4,0,0,0,,0,0,0,0,
ae5e1ce2a3074d07818716492277408c,352,832,44,15,51,https://www.youtube.com/watch?v=f_emCf17BT4,0,0,0,,44,15,51,https://www.youtube.com/watch?v=f_emCf17BT4,1097,0,0,0,
c265c71f4d2744919a319f0f38c008f9,351,10350,24,17,24,https://www.youtube.com/watch?v=wKMmaqJ_bRU,0,0,0,,24,17,24,https://www.youtube.com/watch?v=wKMmaqJ_bRU,4003,0,0,0,
5ae7e41f9b9a420d9217a0b2c6755f52,350,3376,0,0,0,,0,0,0,,0,0,0,,0,0,0,0,
3bc6afb820df4f59b2c6ff1c25d1eed3,349,28876,69,29,455,https://www.youtube.com/watch?v=-L2mxbnXdug,70,29,112,https://www.youtube.com/watch?v=xdQnVlamJ1Y,65,40,455,https://www.youtube.com/watch?v=-L2mxbnXdug,0,0,0,0,
fceadce7c37f4cc08bc747aa79c3cf9e,348,9965,100,45,255,https://www.youtube.com/watch?v=hdHKFeCfiec,100,45,255,https://www.youtube.com/watch?v=hdHKFeCfiec,0,0,0,,0,0,0,0,
9ee3c9b53c0048329175370a5868300b,347,20835,41,14,97,https://www.youtube.com/watch?v=ohhlkucD_Y8,69,24,97,https://www.youtube.com/watch?v=ohhlkucD_Y8,18,0,18,https://www.youtube.com/watch?v=rokAMrwd5FQ,0,0,0,0,
60a64aca51ed4528895fe35b08231670,346,7930,10,8,10,https://www.youtube.com/watch?v=gUw7dy26cc4,0,0,0,,10,8,10,https://www.youtube.com/watch?v=gUw7dy26cc4,256,21,18,21,https://www.twitch.tv/videos/1915988104
3849edba2b2e411f8564e9c1d1aaaa51,345,25137,147,27,218,https://www.youtube.com/watch?v=6lu-hHhIhJU,147,27,218,https://www.youtube.com/watch?v=6lu-hHhIhJU,0,0,0,,0,0,0,0,
8013fa67a08945a5b4b976156b6f610f,344,6058,32,18,32,https://www.youtube.com/watch?v=kLLqm4dA5-s,0,0,0,,32,18,32,https://www.youtube.com/watch?v=kLLqm4dA5-s,0,0,0,0,
78a38db1e825465db12a5155d4cd6d97,344,13654,22,5,22,https://www.youtube.com/watch?v=IQ7Ol70JyVk,22,5,22,https://www.youtube.com/watch?v=IQ7Ol70JyVk,0,0,0,,0,0,0,0,
a56567301c734548bad86e8ace7d9140,343,48442,101,28,125,https://www.youtube.com/watch?v=K5QcWk9xTog,0,0,0,,101,28,125,https://www.youtube.com/watch?v=K5QcWk9xTog,0,0,0,0,
5f07bd7df76f4d538a617a2c5064dff5,343,13606,0,0,0,,0,0,0,,0,0,0,,0,0,0,0,
bd119628dae64d45b71b44e0f158f23a,343,3201,178,33,275,https://www.youtube.com/watch?v=bT2x-YMvhc0,0,0,0,,178,33,275,https://www.youtube.com/watch?v=bT2x-YMvhc0,2244,234,194,371,https://www.twitch.tv/videos/1908623982
12f22a9f1ecf4807a61eee4d628d4bd3,342,4427,0,0,0,,0,0,0,,0,0,0,,0,0,0,0,
b359f595b54b4edc8969423a8b5658ff,342,8037,2,0,6,https://www.youtube.com/watch?v=-Moqxfdj4Tk,0,0,0,,2,0,6,https://www.youtube.com/watch?v=-Moqxfdj4Tk,0,0,0,0,
0b8d1c0fa1b14df6821e85def645425e,342,18784,72,41,233,https://www.youtube.com/watch?v=BOIy_GNMb9U,72,41,233,https://www.youtube.com/watch?v=BOIy_GNMb9U,0,0,0,,41,0,0,0,
0aa8c41f04bf4f12b9a8281353ea448a,341,5602,360,86,476,https://www.youtube.com/watch?v=Vvi9NZUcenA,0,0,0,,360,86,476,https://www.youtube.com/watch?v=Vvi9NZUcenA,3248,715,548,1141,https://www.twitch.tv/videos/1915115380
e32b6351f1684034955171b93b1c5e63,341,0,0,0,0,,0,0,0,,0,0,0,,1555,211,118,260,https://www.twitch.tv/videos/1911496420
5d1f5182f62642a8a2e3ae5d3ead1014,340,11722,32,15,74,https://www.youtube.com/watch?v=nS7cZgZzA8U,32,15,74,https://www.youtube.com/watch?v=nS7cZgZzA8U,0,0,0,,0,0,0,0,
b5e6939c87f34003b2faf4bb3a72ca14,340,4617,66,23,128,https://www.youtube.com/watch?v=WUziUlwTal0,66,23,116,https://www.youtube.com/watch?v=o86TZ_JvT7M,95,23,128,https://www.youtube.com/watch?v=WUziUlwTal0,0,0,0,0,
1391c9808cd64cecb670a24b210ebc3f,340,0,0,0,0,,0,0,0,,0,0,0,,0,0,0,0,
6bb99d03979041aa909d87375acaf92d,339,55260,11,10,24,https://www.youtube.com/watch?v=T6mRUDQfceQ,17,11,24,https://www.youtube.com/watch?v=T6mRUDQfceQ,11,10,11,https://www.youtube.com/watch?v=2tSXjZGLQVw,0,0,0,0,
0f5e3935971449daa91b654886313110,339,8070,0,0,0,,0,0,0,,0,0,0,,2284,0,0,0,
ae3b8c3ce4aa42449c5cc611b5303a41,338,8238,0,0,0,,0,0,0,,0,0,0,,0,0,0,0,
1e4f8348a36e4ab3abda426f1810513a,337,6947,58,25,71,https://www.youtube.com/watch?v=Ve4V8Pb7mCw,58,25,71,https://www.youtube.com/watch?v=Ve4V8Pb7mCw,0,0,0,,0,0,0,0,
c1ca3c2282084d0ebbdeb3896801aec9,337,2773,108,75,325,https://www.youtube.com/watch?v=ActELXGtL4U,98,75,325,https://www.youtube.com/watch?v=ActELXGtL4U,110,75,231,https://www.youtube.com/watch?v=4boO40MTRpA,38,0,0,0,
107ad23090e649b8935850f3d78ded99,334,12672,74,23,161,https://www.youtube.com/watch?v=KYtkpVrfRqs,74,23,161,https://www.youtube.com/watch?v=KYtkpVrfRqs,0,0,0,,0,0,0,0,
49c4f54141434226960845b2a46c432b,333,10012,86,31,208,https://www.youtube.com/watch?v=o9Re9vWJ-GM,85,29,108,https://www.youtube.com/watch?v=ayZd6xEVwDA,180,149,208,https://www.youtube.com/watch?v=o9Re9vWJ-GM,0,0,0,0,
517ef8a3c92b4216b2cabffcb2ec3aaf,333,14871,98,32,125,https://www.youtube.com/watch?v=sLnd7tr9bdY,98,32,125,https://www.youtube.com/watch?v=sLnd7tr9bdY,0,0,0,,0,0,0,0,
366df9da61654531a6581169c70a0432,332,9681,57,38,113,https://www.youtube.com/watch?v=a2DOast0H3I,49,44,57,https://www.youtube.com/watch?v=Ge6lzq9JhqE,113,14,113,https://www.youtube.com/watch?v=a2DOast0H3I,0,0,0,0,
57843e9c870647729c2438a7a7077008,332,5089,0,0,0,,0,0,0,,0,0,0,,106,0,0,0,
d1ea458cb9094770ab63aa0bfc487981,331,5437,47,19,51,https://www.youtube.com/watch?v=b67kImgVy1w,47,19,51,https://www.youtube.com/watch?v=b67kImgVy1w,0,0,0,,0,0,0,0,
c97b665a89c34600be01f83eb1f77063,330,8018,9,2,9,https://www.youtube.com/watch?v=RdNwFHqaOoU,0,0,0,,9,2,9,https://www.youtube.com/watch?v=RdNwFHqaOoU,0,0,0,0,
da165e838dfe49aea3f91457f3825657,329,7059,13,8,43,https://www.youtube.com/watch?v=jJoS84DMA2s,0,0,0,,13,8,43,https://www.youtube.com/watch?v=jJoS84DMA2s,0,0,0,0,
0c3b5ae85d2940b8b73a92d72dc0d313,329,1800,41,26,106,https://www.youtube.com/watch?v=eosJR15xuxU,43,24,106,https://www.youtube.com/watch?v=eosJR15xuxU,38,29,38,https://www.youtube.com/watch?v=uwFDARlTChY,0,0,0,0,
12d506583827419e9eb3b64ec551a94d,328,3425,85,26,108,https://www.youtube.com/watch?v=1llutBfWwnM,92,38,108,https://www.youtube.com/watch?v=1llutBfWwnM,52,21,78,https://www.youtube.com/watch?v=iDUxvn2uIx4,4,0,0,0,
1204e14e13fb4e1e9dcbd47e1a8dc7b2,327,5914,0,0,0,,0,0,0,,0,0,0,,600,0,0,0,
92954c3082f74d239222d16aa5c69667,326,11143,224,32,407,https://www.youtube.com/watch?v=oxlPr1W7PYs,0,0,0,,224,32,407,https://www.youtube.com/watch?v=oxlPr1W7PYs,0,0,0,0,
38ae17784f894dc190a28b89e5555cd3,325,1998,73,60,137,https://www.youtube.com/watch?v=XeWdJtjEmUE,73,60,137,https://www.youtube.com/watch?v=XeWdJtjEmUE,0,0,0,,0,0,0,0,
d50d9b85f098470c8220cd99de802b17,323,13938,42,12,80,https://www.youtube.com/watch?v=hZZjzvv9pOw,42,12,80,https://www.youtube.com/watch?v=hZZjzvv9pOw,0,0,0,,0,0,0,0,
52ff14aabd804801a6e589681fc2fb4d,322,30951,4,1,34,https://www.youtube.com/watch?v=-O_61Fy2D4w,0,0,0,,4,1,34,https://www.youtube.com/watch?v=-O_61Fy2D4w,1593,346,321,346,https://www.twitch.tv/videos/1917551374
da3d722ffea34b5b87fbb62c6026cba2,322,11391,67,41,236,https://www.youtube.com/watch?v=uUisEE434B0,65,56,70,https://www.youtube.com/watch?v=vrU9jVWOPgo,236,26,236,https://www.youtube.com/watch?v=uUisEE434B0,80,16,13,30,https://www.twitch.tv/videos/1914268872
370f66a57c0341b0adef5bcbad64ff90,321,17110,30,11,85,https://www.youtube.com/watch?v=_p_7aoPJkUY,30,11,85,https://www.youtube.com/watch?v=_p_7aoPJkUY,0,0,0,,0,0,0,0,
3083d2b8192843958b2852553cb3bc70,321,2384,11,6,63,https://www.youtube.com/watch?v=Ed5zqi532Kk,0,0,0,,11,6,63,https://www.youtube.com/watch?v=Ed5zqi532Kk,0,0,0,0,
5c3ea93753724a63b32071a7a580af7b,321,14481,3,0,57,https://www.youtube.com/watch?v=Fo8TES28rrA,0,0,0,,3,0,57,https://www.youtube.com/watch?v=Fo8TES28rrA,1870,22,17,284,https://www.twitch.tv/videos/1907387788
73755322c8e74479864369766f924be1,320,14941,0,0,0,,0,0,0,,0,0,0,,4630,620,273,792,https://www.twitch.tv/videos/1905951854
405cf0a502a6496bacfe7e49647e7e28,319,11806,3,2,16,https://www.youtube.com/watch?v=2hcll-xkUxM,0,0,0,,3,2,16,https://www.youtube.com/watch?v=2hcll-xkUxM,714,193,159,345,https://www.twitch.tv/videos/1907126413
ae7dbe93a8cc4651b5ddb7b539e85d6b,319,18330,72,38,80,https://www.youtube.com/watch?v=vkqGinOUVuI,76,61,80,https://www.youtube.com/watch?v=vkqGinOUVuI,34,16,34,https://www.youtube.com/watch?v=2fGYi0K52B8,0,0,0,0,
4c12d4acc74d46e3b336d51c07523305,317,4025,68,44,375,https://www.youtube.com/watch?v=ihkGsiCGpA8,65,38,375,https://www.youtube.com/watch?v=ihkGsiCGpA8,174,161,174,https://www.youtube.com/watch?v=eNOG26Bqsl0,0,0,0,0,
cffb719c9d4645d4a2d6eefca66902d9,316,3369,46,18,85,https://www.youtube.com/watch?v=GEqjuSlhD-0,0,0,0,,46,18,85,https://www.youtube.com/watch?v=GEqjuSlhD-0,613,65,45,65,https://www.twitch.tv/videos/1911576115
dbf7b5a346e645f7be7d0d19d2193bc5,315,16426,0,0,0,,0,0,0,,0,0,0,,0,0,0,0,
3981c01691a44d708da1191e9546eaad,315,18454,45,25,57,https://www.youtube.com/watch?v=lJ2vNb8gmvI,45,25,57,https://www.youtube.com/watch?v=lJ2vNb8gmvI,0,0,0,,0,0,0,0,
7f494e37d17544878977d81e26b13897,315,170,0,0,0,,0,0,0,,0,0,0,,0,0,0,0,
c5ac07b79a304f37b039266446fd4f3b,315,11578,44,23,70,https://www.youtube.com/watch?v=ihBZZDnaeCg,44,23,70,https://www.youtube.com/watch?v=ihBZZDnaeCg,0,0,0,,0,0,0,0,
6ec876adec524585af913c1585e8df1f,314,8382,20,15,55,https://www.youtube.com/watch?v=AmHzIb5tVo4,0,0,0,,20,15,55,https://www.youtube.com/watch?v=AmHzIb5tVo4,1136,127,72,437,https://www.twitch.tv/videos/1911594196
1cddca10dd334373b8f51b3b0ed2efe4,313,10705,5,1,41,https://www.youtube.com/watch?v=9xjikxSJEBE,0,0,0,,5,1,41,https://www.youtube.com/watch?v=9xjikxSJEBE,0,0,0,0,
1225d23bc1814140bc0093c1407f06b3,313,28988,61,23,239,https://www.youtube.com/watch?v=cloKqY7jotE,53,17,64,https://www.youtube.com/watch?v=1O_bkbjYHCw,121,31,239,https://www.youtube.com/watch?v=cloKqY7jotE,0,0,0,0,
8b0dbadf9faa4815923944437f1c1abb,313,26649,24,10,41,https://www.youtube.com/watch?v=iDFgUQuCQQg,24,10,41,https://www.youtube.com/watch?v=iDFgUQuCQQg,18,6,18,https://www.youtube.com/watch?v=xIZT8yM3C8c,0,0,0,0,
5b1bd72acc95440cb3aa381c89cfca3c,312,17259,27,9,117,https://www.youtube.com/watch?v=Q-fNd_Je04Q,22,7,33,https://www.youtube.com/watch?v=TSzoufC09DY,117,63,117,https://www.youtube.com/watch?v=Q-fNd_Je04Q,0,0,0,0,
e1421ddfd4e442b490e2a74656a2838d,311,310,0,0,0,,0,0,0,,0,0,0,,777,0,0,0,
aa182728aa6d44c4ae37caa7cdb8ed29,311,11836,59,18,93,https://www.youtube.com/watch?v=O1Wu66-wVQM,59,18,93,https://www.youtube.com/watch?v=O1Wu66-wVQM,0,0,0,,214,26,16,28,https://www.twitch.tv/videos/1918558553
00a208caab334f6daf286ebb92cfd9da,310,5153,25,9,158,https://www.youtube.com/watch?v=iwGO-TqRaBc,0,0,0,,25,9,158,https://www.youtube.com/watch?v=iwGO-TqRaBc,0,0,0,0,
89742766181f469b807f397325a2a6bf,310,6393,0,0,0,,0,0,0,,0,0,0,,0,0,0,0,
6e965d00e9c04598956d0dbcd7518511,310,69078,32,12,94,https://www.youtube.com/watch?v=pOY-xo14yQk,32,12,94,https://www.youtube.com/watch?v=pOY-xo14yQk,0,0,0,,0,0,0,0,
3f2e41bdee4145f59fa97830ba3f5edb,310,129,0,0,0,,0,0,0,,0,0,0,,685,195,141,245,https://www.twitch.tv/videos/1909900749
f46e5ebb899548cab53d24f1901315b0,309,10815,63,26,239,https://www.youtube.com/watch?v=AWO3ptxBp-w,57,25,239,https://www.youtube.com/watch?v=AWO3ptxBp-w,63,38,63,https://www.youtube.com/watch?v=X48QfhjD5wc,142,0,0,0,
8ba365057cdb4ba5ba9c27c02c7c7f3d,308,1663,31,9,48,https://www.youtube.com/watch?v=C35YDu3qYjg,0,0,0,,31,9,48,https://www.youtube.com/watch?v=C35YDu3qYjg,0,0,0,0,
09ceaec049b74c6bbe11eca7d4aa3cf6,307,7626,0,0,0,,0,0,0,,0,0,0,,0,0,0,0,
6695a7e8f824489881f2c321501a36a6,307,18744,37,13,65,https://www.youtube.com/watch?v=TnkvMGdUqYo,37,13,65,https://www.youtube.com/watch?v=TnkvMGdUqYo,0,0,0,,0,0,0,0,
9abd60c00f0f412b978a2398b13ac4e8,306,37096,0,0,0,,0,0,0,,0,0,0,,0,0,0,0,
e41bf48a09d64e4aa3d96064a9a63b08,306,21155,7,2,7,https://www.youtube.com/watch?v=YWP-yqeaiVU,7,2,7,https://www.youtube.com/watch?v=YWP-yqeaiVU,0,0,0,,80,0,0,0,
281576aa13244a6e8671de0896a890c6,306,14286,0,0,0,,0,0,0,,0,0,0,,317,61,44,66,https://www.twitch.tv/videos/1910772211
a781513f368b4441aea34fcfdafe11ba,306,3647,0,0,0,,0,0,0,,0,0,0,,0,0,0,0,
d26f29c7b997453c81e295aa066db307,305,14746,0,0,0,,0,0,0,,0,0,0,,0,0,0,0,
93bf43bc175742cd8c7af6b80687cd84,305,5592,150,81,150,https://www.youtube.com/watch?v=PYFJqXI33cE,0,0,0,,150,81,150,https://www.youtube.com/watch?v=PYFJqXI33cE,1196,238,183,271,https://www.twitch.tv/videos/1915978039
ca161c4e0ef54cd4a311705625caf164,305,7881,154,25,207,https://www.youtube.com/watch?v=Gue_fsSwcSc,0,0,0,,154,25,207,https://www.youtube.com/watch?v=Gue_fsSwcSc,2207,152,121,204,https://www.twitch.tv/videos/1916041987
2af109d54b1c49968b572aa2b59664ab,305,11569,91,36,91,https://www.youtube.com/watch?v=gBCZYuzScR8,91,36,91,https://www.youtube.com/watch?v=gBCZYuzScR8,0,0,0,,0,0,0,0,
5734f8f1aa53439e84769631937e0dd7,302,0,0,0,0,,0,0,0,,0,0,0,,0,0,0,0,
bc7d14416ba24cc8819f0753e1f595f5,302,6781,104,44,157,https://www.youtube.com/watch?v=mY7UJcW-ySE,98,41,157,https://www.youtube.com/watch?v=mY7UJcW-ySE,129,119,129,https://www.youtube.com/watch?v=YkI4Vd5q3SM,0,0,0,0,
36e84e22a57148769dd1f1b0c90cbabd,302,980,8,3,106,https://www.youtube.com/watch?v=M7caSaZ35dg,83,2,106,https://www.youtube.com/watch?v=M7caSaZ35dg,8,3,28,https://www.youtube.com/watch?v=lFmOfznF5BQ,871,124,99,144,https://www.twitch.tv/videos/1912434802
9a1010457a0e40b398120afabf5626f2,301,3759,481,180,481,https://www.youtube.com/watch?v=sJqTHf8bkuE,0,0,0,,481,180,481,https://www.youtube.com/watch?v=sJqTHf8bkuE,0,0,0,0,
75f054a2cc1c4f9fa406626859d3765e,300,3576,0,0,0,,0,0,0,,0,0,0,,554,79,55,101,https://www.twitch.tv/videos/1916167958
cc85e4120c0746b7925c898a963f0747,298,16250,21,9,62,https://www.youtube.com/watch?v=rgHbA1qOjKg,22,10,62,https://www.youtube.com/watch?v=rgHbA1qOjKg,2,0,2,https://www.youtube.com/watch?v=aa6ucQXoWxw,0,0,0,0,
6d5302878a2a4d369cb812efdc6232bd,297,4390,0,0,0,,0,0,0,,0,0,0,,321,117,76,181,https://www.twitch.tv/videos/1915158260
e94e1e38a611403192e4db197c2d9d91,297,7944,25,0,25,https://www.youtube.com/watch?v=pnzawj1A9_0,25,0,25,https://www.youtube.com/watch?v=pnzawj1A9_0,0,0,0,,0,0,0,0,
ff88906b47654805b8370426415f1183,296,10612,1056,803,1989,https://www.youtube.com/watch?v=c5lP8Y3VD7o,0,0,0,,1056,803,1989,https://www.youtube.com/watch?v=c5lP8Y3VD7o,762,146,112,595,https://www.twitch.tv/videos/1914070528
9d5365bf17564326a578781a38b72bea,296,0,0,0,0,,0,0,0,,0,0,0,,0,0,0,0,
984a03604a2d4573afc33967b1fa0a72,296,12951,0,0,0,,0,0,0,,0,0,0,,0,0,0,0,
fe8d6fb5e9284433953fb181f0fb20ce,294,3746,33,31,33,https://www.youtube.com/watch?v=JLguRtGCjLE,33,31,33,https://www.youtube.com/watch?v=JLguRtGCjLE,0,0,0,,0,0,0,0,
c2362f5ca48445a89fd081c4b2bc74d4,294,5053,86,41,590,https://www.youtube.com/watch?v=6_Wz5CLFUA0,83,34,161,https://www.youtube.com/watch?v=aIzNlOU2-YU,590,516,590,https://www.youtube.com/watch?v=6_Wz5CLFUA0,94,7,6,15,https://www.twitch.tv/videos/1918605374
61c75f9fbf044b54872197eec7c9bafa,291,72868,42,19,492,https://www.youtube.com/watch?v=YQzfbWFiCH0,30,13,69,https://www.youtube.com/watch?v=BjDWpCwAWYE,362,170,492,https://www.youtube.com/watch?v=YQzfbWFiCH0,0,0,0,0,
3d5a0befb7b042f697f70d5fb3d6ab94,291,7624,4,0,11,https://www.youtube.com/watch?v=IOvoQIMecbQ,0,0,0,,4,0,11,https://www.youtube.com/watch?v=IOvoQIMecbQ,0,0,0,0,
682e400513134d0bacfa85513958c64d,290,3963,0,0,0,,0,0,0,,0,0,0,,584,313,280,313,https://www.twitch.tv/videos/1916683952
b96f58f4373a4b65977afe5f2829e9e4,289,33495,73,26,145,https://www.youtube.com/watch?v=H1vLC4qCDxk,74,42,145,https://www.youtube.com/watch?v=H1vLC4qCDxk,54,21,72,https://www.youtube.com/watch?v=JDznHHeKxak,180,75,51,103,https://www.twitch.tv/videos/1915196959
bc5f0ae969564d15a5e85bfbe4df3164,289,8980,0,0,0,,0,0,0,,0,0,0,,38,0,0,0,
65b062ea07ad41129c44c73d583e6f92,289,12586,44,3,44,https://www.youtube.com/watch?v=BIWwb-28yxg,44,3,44,https://www.youtube.com/watch?v=BIWwb-28yxg,0,0,0,,0,0,0,0,
cce33288177341058833d8b4a093b03f,288,8775,24,13,52,https://www.youtube.com/watch?v=p7gKiuJEW38,24,13,52,https://www.youtube.com/watch?v=p7gKiuJEW38,0,0,0,,0,0,0,0,
6c64c089b4ad4db991cb5a4648fa4bb7,287,5268,0,0,0,,0,0,0,,0,0,0,,0,0,0,0,
395eade6d67445e1831010cac52ab444,286,3383,56,33,131,https://www.youtube.com/watch?v=lEnp1f-KswQ,56,33,131,https://www.youtube.com/watch?v=lEnp1f-KswQ,0,0,0,,177,152,129,210,https://www.twitch.tv/videos/1909974202
df13171cf7c04aeeaa2dc31861cea363,286,0,0,0,0,,0,0,0,,0,0,0,,0,0,0,0,
b00b0e3472e1464ab477bbef9639b47d,286,13010,69,18,940,https://www.youtube.com/watch?v=xYAfHU_H7to,34,29,34,https://www.youtube.com/watch?v=r_6n6lY3yFE,74,18,940,https://www.youtube.com/watch?v=xYAfHU_H7to,0,0,0,0,
7731172cfcaa4e668762473a7b9d509a,286,4826,167,123,167,https://www.youtube.com/watch?v=a183Yw3sp0U,0,0,0,,167,123,167,https://www.youtube.com/watch?v=a183Yw3sp0U,364,0,0,0,
7232734df59c4e099205c7685007d8d4,285,57230,7,3,25,https://www.youtube.com/watch?v=xtcp-JIJsnY,0,0,0,,7,3,25,https://www.youtube.com/watch?v=xtcp-JIJsnY,678,119,80,126,https://www.twitch.tv/videos/1910811988
0da9a81ae0f74ba6a48c130fb7b8245a,285,3006,0,0,0,,0,0,0,,0,0,0,,0,0,0,0,
b1651e8028234aaa9e6167f6ec9f6979,285,6728,1,0,6,https://www.youtube.com/watch?v=vKg9HmaJCs8,0,0,0,,1,0,6,https://www.youtube.com/watch?v=vKg9HmaJCs8,0,0,0,0,
03e9bea117bd4b5ba189b48f1617d9bb,285,7102,0,0,0,,0,0,0,,0,0,0,,0,0,0,0,
44332b31031149f5bd411f415cbb531e,284,4920,77,45,183,https://www.youtube.com/watch?v=vyXMHhr9gJk,78,45,183,https://www.youtube.com/watch?v=vyXMHhr9gJk,29,16,29,https://www.youtube.com/watch?v=FlLMljdfbNo,0,0,0,0,
3f62f160b225436188d6ab2707966b11,284,13043,0,0,0,,0,0,0,,0,0,0,,0,0,0,0,
ea2b16c153d34b2d900cefbffcb07bff,284,1365,0,0,0,,0,0,0,,0,0,0,,1101,262,184,262,https://www.twitch.tv/videos/1911530306
9350b5c36c9e4f3faf01dfdda5b263f5,284,3267,6,1,12,https://www.youtube.com/watch?v=GafnGmASmRo,0,0,0,,6,1,12,https://www.youtube.com/watch?v=GafnGmASmRo,0,0,0,0,
62b7ee328a7b42b0a1da0ab3bc22d1db,283,13462,35,14,211,https://www.youtube.com/watch?v=qIQUP8GOwK4,33,14,76,https://www.youtube.com/watch?v=r9Odely4M_4,211,186,211,https://www.youtube.com/watch?v=qIQUP8GOwK4,300,50,44,148,https://www.twitch.tv/videos/1908928029
d61dc44af2ba4985a85de19b5b29cf64,283,30129,57,32,90,https://www.youtube.com/watch?v=lW8tgjbpQO0,57,32,90,https://www.youtube.com/watch?v=lW8tgjbpQO0,0,0,0,,0,0,0,0,
f974c26c8506444aaaf0307ec67b5f88,283,38292,0,0,0,,0,0,0,,0,0,0,,80,0,0,0,
ba795eb1ea0f4fea888b1bfff3d5be86,282,6603,8,1,3956,https://www.youtube.com/watch?v=TC4iVYJmsQs,0,0,0,,8,1,3956,https://www.youtube.com/watch?v=TC4iVYJmsQs,2640,320,267,746,https://www.twitch.tv/videos/1907844802
1e59cd43a10a44edb1407fb8ba8529a8,282,8738,14,4,41,https://www.youtube.com/watch?v=cZginc9mEnw,41,25,41,https://www.youtube.com/watch?v=cZginc9mEnw,9,2,24,https://www.youtube.com/watch?v=AicJHIOdmlw,0,0,0,0,
a8a366c9d633476d8a2fa879f91172ac,281,19275,0,0,0,,0,0,0,,0,0,0,,0,0,0,0,
eb54f557a3734bfda57ecddd8df07681,278,1913,25,8,230,https://www.youtube.com/watch?v=pwQsdH9Z-bo,27,10,84,https://www.youtube.com/watch?v=69WPHk1lvpE,23,1,230,https://www.youtube.com/watch?v=pwQsdH9Z-bo,46,32,27,38,https://www.twitch.tv/videos/1917807760
f2b0bc3e82024bd3ae1c7cb5fe926829,276,7152,42,33,136,https://www.youtube.com/watch?v=47ZKgHMUTmE,42,34,136,https://www.youtube.com/watch?v=47ZKgHMUTmE,74,13,74,https://www.youtube.com/watch?v=TNuI129kIlU,0,0,0,0,
e7ac18c2e713426692cfd0ef7fe2b897,276,0,0,0,0,,0,0,0,,0,0,0,,73,17,14,27,https://www.twitch.tv/videos/1916957650
f461b26ba47b4e37a90d2ca4fa5fa329,276,6393,55,27,161,https://www.youtube.com/watch?v=CG8_j4v6lsg,58,30,161,https://www.youtube.com/watch?v=CG8_j4v6lsg,35,25,35,https://www.youtube.com/watch?v=zYELdm9gvro,0,0,0,0,
52fc7c19da6847319816774b66ff9184,276,5556,0,0,0,,0,0,0,,0,0,0,,0,0,0,0,
6503172c78774a0fa639255ac2e7e85a,276,7860,34,27,73,https://www.youtube.com/watch?v=vE-L8HNYCeM,34,27,73,https://www.youtube.com/watch?v=vE-L8HNYCeM,0,0,0,,0,0,0,0,
e773129f910c4bd182f3b702c9ec1b55,274,7167,0,0,0,,0,0,0,,0,0,0,,0,0,0,0,
d5f59c2707ee449dadea1d736de1b9ef,273,902,0,0,0,,0,0,0,,0,0,0,,1866,0,0,0,
890c5d306c5f4a218f861c8a98a1e74a,273,4508,57,16,70,https://www.youtube.com/watch?v=EFRc8fz1JEs,0,0,0,,57,16,70,https://www.youtube.com/watch?v=EFRc8fz1JEs,66,0,0,0,
7d0d99e77f624bdc934b17212a39a894,273,470,0,0,0,,0,0,0,,0,0,0,,1648,159,112,264,https://www.twitch.tv/videos/1908092988
9bd9d680d6cf48d1a7171430f286fcb1,272,8365,32,12,54,https://www.youtube.com/watch?v=rOcawxH9zXY,32,12,54,https://www.youtube.com/watch?v=rOcawxH9zXY,0,0,0,,0,0,0,0,
66097c1553b44a319b2f2ebe78a61d28,272,5842,76,72,76,https://www.youtube.com/watch?v=MHJKAmkGYAw,76,72,76,https://www.youtube.com/watch?v=MHJKAmkGYAw,0,0,0,,0,0,0,0,
afd331f9a41347ffafcf3dbc6d77bfa5,270,17394,0,0,0,,0,0,0,,0,0,0,,0,0,0,0,
3c1783f6914f414b830c836829d1afa2,270,1577,138,78,397,https://www.youtube.com/watch?v=wcGoRqpMgEY,131,98,397,https://www.youtube.com/watch?v=wcGoRqpMgEY,214,57,214,https://www.youtube.com/watch?v=cWHSsRYGR-A,124,44,37,71,https://www.twitch.tv/videos/1916111263
3180bc4f141e4edfa2775078350d7ef8,270,8128,0,0,0,,0,0,0,,0,0,0,,625,0,0,0,
0527000bcba9495993dd16a298ca6629,270,873,0,0,0,,0,0,0,,0,0,0,,0,0,0,0,
389bd53524c74c44a32d72279b288b17,268,1987,4,3,7,https://www.youtube.com/watch?v=bzmIxA1dkDQ,0,0,0,,4,3,7,https://www.youtube.com/watch?v=bzmIxA1dkDQ,0,0,0,0,
a22035a68721415e830d1d7b8ffd172d,268,1798,84,39,245,https://www.youtube.com/watch?v=LRQgcIg04NY,237,79,245,https://www.youtube.com/watch?v=LRQgcIg04NY,71,29,120,https://www.youtube.com/watch?v=RJ2K2TUv-so,0,0,0,0,
df7b08cd72224681a63e6e85e0753132,267,15295,13,8,42,https://www.youtube.com/watch?v=i1kzYLTCXUU,0,0,0,,13,8,42,https://www.youtube.com/watch?v=i1kzYLTCXUU,88,17,16,32,https://www.twitch.tv/videos/1910000628
cbb0ea239d8e4f65a46ada52dfb778e3,267,1634,0,0,0,,0,0,0,,0,0,0,,216,0,0,0,
67bee95d50024c5e8868842f1ab31ff4,266,11573,0,0,0,,0,0,0,,0,0,0,,0,0,0,0,
836540821b58433e9e04bea62c49cf2d,265,4441,32,6,99,https://www.youtube.com/watch?v=31bkYj2vSz0,63,18,63,https://www.youtube.com/watch?v=pjsc0ueq3pA,27,6,99,https://www.youtube.com/watch?v=31bkYj2vSz0,369,39,30,56,https://www.twitch.tv/videos/1907221024
64e20992295c4be984e9af0a470d6440,263,3861,0,0,0,,0,0,0,,0,0,0,,4113,995,824,1426,https://www.twitch.tv/videos/1913282216
4f2a933e597d4360b8dc52ceaa0d1cff,263,1542,82,23,82,https://www.youtube.com/watch?v=bbbfd2VZSC4,82,23,82,https://www.youtube.com/watch?v=bbbfd2VZSC4,0,0,0,,0,0,0,0,
670df075e5f9402bbcb6369685838b02,262,4714,26,7,48,https://www.youtube.com/watch?v=a1TgcbLIwus,26,7,48,https://www.youtube.com/watch?v=a1TgcbLIwus,0,0,0,,0,0,0,0,
2df2e0bc14fa4450a0d17d294b5a0bc0,262,16758,20,9,29,https://www.youtube.com/watch?v=MbZzP9Lx-kA,21,9,29,https://www.youtube.com/watch?v=MbZzP9Lx-kA,10,4,10,https://www.youtube.com/watch?v=Dm6lkNyio30,0,0,0,0,
15a0bf7611c5483d8d0a106b6a1e6c18,261,5766,0,0,0,,0,0,0,,0,0,0,,0,0,0,0,
a6a155230538488e8488f01160598837,261,15492,60,17,73,https://www.youtube.com/watch?v=Hno4FKKwTO4,60,17,73,https://www.youtube.com/watch?v=Hno4FKKwTO4,0,0,0,,0,0,0,0,
a091320108954092a07650dd8a31a451,260,10575,0,0,0,,0,0,0,,0,0,0,,0,0,0,0,
5298121274154e4b9154e8ac47d98beb,260,5922,47,29,158,https://www.youtube.com/watch?v=0PCyiu4B-d8,46,28,105,https://www.youtube.com/watch?v=SQ7qZdxG22Y,158,111,158,https://www.youtube.com/watch?v=0PCyiu4B-d8,0,0,0,0,
0f813d66362d4fc29dad8261e04e8d43,259,254,0,0,0,,0,0,0,,0,0,0,,109,14,8,14,https://www.twitch.tv/videos/1908968494
736cc97520834b3cac0f06d39fba5101,259,14875,0,0,0,,0,0,0,,0,0,0,,0,0,0,0,
5f6dcf3b9b71405498aa07a2b80cb5ec,259,52614,38,16,181,https://www.youtube.com/watch?v=6K1Mn3aQ190,0,0,0,,38,16,181,https://www.youtube.com/watch?v=6K1Mn3aQ190,249,30,22,123,https://www.twitch.tv/videos/1911619619
0ff25ac169ee4ed584abd2591cb72a59,259,11564,0,0,0,,0,0,0,,0,0,0,,0,0,0,0,
1771ef764194489f844009c44fd2df2a,259,7090,0,0,0,,0,0,0,,0,0,0,,0,0,0,0,
7c0acdc8fe2449deb487cbb827b51723,258,7237,142,50,253,https://www.youtube.com/watch?v=fj63i8dr0ds,142,50,253,https://www.youtube.com/watch?v=fj63i8dr0ds,0,0,0,,9,0,0,0,
975ec89d484d499aa1beece0c6731a15,258,11560,0,0,0,,0,0,0,,0,0,0,,0,0,0,0,
d09b9f800b7940deb1f8a2b58a302f07,257,2222,17,4,74,https://www.youtube.com/watch?v=PTDp84dfCSU,0,0,0,,17,4,74,https://www.youtube.com/watch?v=PTDp84dfCSU,3598,531,518,531,https://www.twitch.tv/videos/1918617168
84293ff5ec574767a5762ef7538ab654,257,5520,0,0,0,,0,0,0,,0,0,0,,0,0,0,0,
84c8fdf79dae4be1a4969a641f0e1acd,257,12810,42,8,50,https://www.youtube.com/watch?v=HPElT2C_61s,42,8,50,https://www.youtube.com/watch?v=HPElT2C_61s,0,0,0,,0,0,0,0,
3146e3f4f06a4fcdb48c0db510d15387,257,4524,0,0,0,,0,0,0,,0,0,0,,10,0,0,0,
f479e1403f614727a5f2a2be339bad74,256,739,0,0,0,,0,0,0,,0,0,0,,643,138,80,153,https://www.twitch.tv/videos/1908098843
4fd8f28a829a45d997ea23d5d4ccc7b5,255,9766,0,0,0,,0,0,0,,0,0,0,,0,0,0,0,
c194064ba23845cd9ef020dd9db79895,255,6914,39,7,66,https://www.youtube.com/watch?v=SEYitbOwbLU,0,0,0,,39,7,66,https://www.youtube.com/watch?v=SEYitbOwbLU,820,121,100,273,https://www.twitch.tv/videos/1918304246
1f8e9051b89f40fea13780bcd4a8ef7d,254,2926,0,0,0,,0,0,0,,0,0,0,,76,0,0,0,
04ceb6c0caf740f4a694cad25f537c1f,253,8072,19,2,60,https://www.youtube.com/watch?v=msCrBv-F7D4,0,0,0,,19,2,60,https://www.youtube.com/watch?v=msCrBv-F7D4,80,38,20,68,https://www.twitch.tv/videos/1912531563
d2e2645a97a14ce4b58a7884c0e6ec56,252,27081,0,0,0,,0,0,0,,0,0,0,,446,25,19,42,https://www.twitch.tv/videos/1909781152
d6bd65210f2c41fab72ebaff5fad1d13,250,9258,0,0,0,,0,0,0,,0,0,0,,0,0,0,0,
2a2b7990365f4a1bb1d8acf1ae0f2f32,250,16314,31,17,147,https://www.youtube.com/watch?v=BSoBoT29ytU,27,17,115,https://www.youtube.com/watch?v=qgIvkbW6PQs,49,24,147,https://www.youtube.com/watch?v=BSoBoT29ytU,82,8,6,9,https://www.twitch.tv/videos/1916041184
215d93a2bd634b4cbeed0e88ae6d6e14,250,19429,110,48,1149,https://www.youtube.com/watch?v=745lC8fMlOs,107,49,191,https://www.youtube.com/watch?v=wyaf5k3Og7A,202,35,1149,https://www.youtube.com/watch?v=745lC8fMlOs,25,0,0,0,
760be43ef62847d8a7e937cc206280f2,249,1067,54,33,309,https://www.youtube.com/watch?v=YXgx5BUlfzA,54,33,309,https://www.youtube.com/watch?v=YXgx5BUlfzA,0,0,0,,60,0,0,0,
d3ab0c49fb8947019bced618b57965e8,249,9753,0,0,0,,0,0,0,,0,0,0,,0,0,0,0,
0446516df6074a4ba8a0f3639b17de46,247,2286,191,140,482,https://www.youtube.com/watch?v=7ImjSJi0mk0,191,140,482,https://www.youtube.com/watch?v=7ImjSJi0mk0,0,0,0,,0,0,0,0,
981bc32a814241b590ecf46dd27e2765,247,1716,0,0,0,,0,0,0,,0,0,0,,227,0,0,0,
703cea871ebf4ab6a8b2704f7611197b,246,5752,118,55,137,https://www.youtube.com/watch?v=HOqgglTpqdY,118,55,137,https://www.youtube.com/watch?v=HOqgglTpqdY,0,0,0,,0,0,0,0,
8fbd23f4e2ad442bb230aea8f433cd49,246,9375,52,9,78,https://www.youtube.com/watch?v=dJpCXbMcdW4,65,11,78,https://www.youtube.com/watch?v=dJpCXbMcdW4,41,9,41,https://www.youtube.com/watch?v=qEZ7JpupmgM,12,0,0,0,
21f5355738614770afb34b761a4c45af,246,2496,0,0,0,,0,0,0,,0,0,0,,0,0,0,0,
03f40763c88b46ac88841c59a6f832f7,246,6560,0,0,0,,0,0,0,,0,0,0,,0,0,0,0,
b7f134e273ed4418bbb70033d782bea3,246,29665,0,0,0,,0,0,0,,0,0,0,,0,0,0,0,
66f7f39ae20e44d39c8ed53da5ca53e7,245,3125,0,0,0,,0,0,0,,0,0,0,,1925,0,0,0,
23826e240c9f40a39ff844a76de91c84,244,2078,50,8,73,https://www.youtube.com/watch?v=h1be22-WTgI,50,8,73,https://www.youtube.com/watch?v=h1be22-WTgI,0,0,0,,0,0,0,0,
58bb51ba1bba485a98cbf859fb5687f4,244,5095,92,47,282,https://www.youtube.com/watch?v=wK74lR_ubc0,0,0,0,,92,47,282,https://www.youtube.com/watch?v=wK74lR_ubc0,1513,228,207,759,https://www.twitch.tv/videos/1908488144
f5a99c6ea78e4023b1bc84c1502f432d,242,4209,57,37,289,https://www.youtube.com/watch?v=NqzKCV2ENZw,50,30,95,https://www.youtube.com/watch?v=I8lIeYvSzXg,186,96,289,https://www.youtube.com/watch?v=NqzKCV2ENZw,0,0,0,0,
0e9aeecbe8f04a62ab781cf2e520eba0,241,518,32,29,266,https://www.youtube.com/watch?v=1n6hYAjhuDc,0,0,0,,32,29,266,https://www.youtube.com/watch?v=1n6hYAjhuDc,2617,489,236,1228,https://www.twitch.tv/videos/1896776029
a6aaf7a0bf11486a815acbb5772bb539,241,4307,0,0,0,,0,0,0,,0,0,0,,0,0,0,0,
90540d893bcf4c96b2d9540e7f00a5d3,241,7470,0,0,0,,0,0,0,,0,0,0,,0,0,0,0,
acb95c574d8444cd80102796e0d56edd,241,7623,69,30,137,https://www.youtube.com/watch?v=e-0n9o917mE,69,30,137,https://www.youtube.com/watch?v=e-0n9o917mE,0,0,0,,220,0,0,0,
59654ead905a4db2bbcb33812148555f,241,10979,18,8,34,https://www.youtube.com/watch?v=ab-hZwb4MBk,18,4,34,https://www.youtube.com/watch?v=ab-hZwb4MBk,22,21,33,https://www.youtube.com/watch?v=aMtDtghi668,0,0,0,0,
3a44da0674144e61bff60415cc09a678,241,5118,18,6,31,https://www.youtube.com/watch?v=FpOAS7nBxHo,22,7,31,https://www.youtube.com/watch?v=FpOAS7nBxHo,10,5,10,https://www.youtube.com/watch?v=OhxofDV744s,0,0,0,0,
c232b3088a6e49b997b325d5de9a3013,240,1732,0,0,0,,0,0,0,,0,0,0,,127,0,0,0,
4c6eee6be7924c08886f7ddca9be2672,240,8547,0,0,0,,0,0,0,,0,0,0,,0,0,0,0,
9ee558b898964252a06e2c423f8d58ad,239,0,0,0,0,,0,0,0,,0,0,0,,0,0,0,0,
156aba6fe34b4d648a3fd210550963c7,239,0,0,0,0,,0,0,0,,0,0,0,,95,0,0,0,
f44835c18dac441f910f4eb821ffd7ce,238,3607,0,0,0,,0,0,0,,0,0,0,,2585,271,214,396,https://www.twitch.tv/videos/1912211494
d859857097fe4e9d90a2d840c0e7fca1,237,12010,39,12,72,https://www.youtube.com/watch?v=iBOsbiBnNUk,72,11,72,https://www.youtube.com/watch?v=iBOsbiBnNUk,33,13,68,https://www.youtube.com/watch?v=HJ4EshdeRUE,163,25,16,48,https://www.twitch.tv/videos/1915169366
8c0ff863d66348898311ee83d16257b5,236,2388,42,20,57,https://www.youtube.com/watch?v=0a55gu-fZGY,42,20,57,https://www.youtube.com/watch?v=0a55gu-fZGY,0,0,0,,82,0,0,0,
72ee59fb29644f8b88a4dd3d7e91fe39,236,5854,35,14,37,https://www.youtube.com/watch?v=8FmxIxetnms,35,14,37,https://www.youtube.com/watch?v=8FmxIxetnms,0,0,0,,0,0,0,0,
60da3bb357d64f998006b8ca3043fd00,235,7326,54,27,78,https://www.youtube.com/watch?v=ZHRr9xcqopQ,54,27,78,https://www.youtube.com/watch?v=ZHRr9xcqopQ,0,0,0,,0,0,0,0,
3ffe754930804f09ac328f7e6e9c53bd,235,7483,51,26,112,https://www.youtube.com/watch?v=IB_3kFblu7I,50,27,112,https://www.youtube.com/watch?v=IB_3kFblu7I,85,26,93,https://www.youtube.com/watch?v=iEM1k_xib38,0,0,0,0,
5226367de740445789ec9b65a84d65c5,235,3238,37,21,83,https://www.youtube.com/watch?v=9wtai1V2Tn4,37,21,83,https://www.youtube.com/watch?v=9wtai1V2Tn4,0,0,0,,204,12,8,29,https://www.twitch.tv/videos/1910770944
cd0b2f63c88e4b4abd5b83296a5d7866,235,3049,0,0,0,,0,0,0,,0,0,0,,3377,460,239,704,https://www.twitch.tv/videos/1903873167
c485c46db92a4cda909347804da07153,234,14315,0,0,0,,0,0,0,,0,0,0,,265,34,23,34,https://www.twitch.tv/videos/1911499256
ee8addc35a0041fe8c02f6b22c1d2289,233,15527,9,2,10,https://www.youtube.com/watch?v=OKmulbPBGww,0,0,0,,9,2,10,https://www.youtube.com/watch?v=OKmulbPBGww,197,47,37,59,https://www.twitch.tv/videos/1915822312
a2ca2eb4da5b4df3aa59637e1dbc260b,232,1122,45,33,45,https://www.youtube.com/watch?v=XQ2jfXhHmqU,0,0,0,,45,33,45,https://www.youtube.com/watch?v=XQ2jfXhHmqU,470,99,82,139,https://www.twitch.tv/videos/1913262481
a1f8a0af53c34922b0c66ebdf4b3381d,232,11969,43,17,52,https://www.youtube.com/watch?v=Jl3GFpWeMKI,43,17,52,https://www.youtube.com/watch?v=Jl3GFpWeMKI,0,0,0,,0,0,0,0,
1d9f5ec1e6e84c67a6fb294e51231199,231,6495,0,0,0,,0,0,0,,0,0,0,,0,0,0,0,
5507154831064d69906acc64c76b1c99,231,5883,19,10,82,https://www.youtube.com/watch?v=puz3y3XLAZQ,0,0,0,,19,10,82,https://www.youtube.com/watch?v=puz3y3XLAZQ,703,458,273,575,https://www.twitch.tv/videos/1914224659
6fa20242354646ad8e8feea8d52e514e,230,5344,30,15,39,https://www.youtube.com/watch?v=RTkpaOHxXOU,30,15,39,https://www.youtube.com/watch?v=RTkpaOHxXOU,0,0,0,,0,0,0,0,
819cc1636ec94c0ab290b4513c6d629d,229,1235,46,21,46,https://www.youtube.com/watch?v=1U_PxlBmFMk,0,0,0,,46,21,46,https://www.youtube.com/watch?v=1U_PxlBmFMk,2095,547,389,1265,https://www.twitch.tv/videos/1916281923
af34d62a8f4e4ca180c11f11c2832893,229,3734,0,0,0,,0,0,0,,0,0,0,,0,0,0,0,
bf7122f997f04401b0a6938abaded38c,228,13256,75,23,106,https://www.youtube.com/watch?v=cNnnRO-28Ew,75,23,106,https://www.youtube.com/watch?v=cNnnRO-28Ew,0,0,0,,0,0,0,0,
dfc411c6b5d24d97b944f527ddfd2f0b,227,10594,51,26,92,https://www.youtube.com/watch?v=iK3ODKO6jKE,51,26,92,https://www.youtube.com/watch?v=iK3ODKO6jKE,0,0,0,,0,0,0,0,
cbaa062d8a2443b1b2b1efd92d9bd3bb,227,1360,0,0,0,,0,0,0,,0,0,0,,0,0,0,0,
0a9ce04e6eee4c6d8dde6eb5a0f56c20,226,4054,33,9,118,https://www.youtube.com/watch?v=E4Cwf3nP8PE,33,9,118,https://www.youtube.com/watch?v=E4Cwf3nP8PE,0,0,0,,0,0,0,0,
b386124230514f5fa128ad046e85f12f,226,2545,0,0,0,,0,0,0,,0,0,0,,88,0,0,0,
fbd0d260a09c47b1a9dcc73fd41e7eca,226,2464,0,0,0,,0,0,0,,0,0,0,,5905,390,280,1479,https://www.twitch.tv/videos/1914625920
3d35a29bba214ae4b28ba6babd1b4974,225,2161,0,0,0,,0,0,0,,0,0,0,,23,0,0,0,
f24626ac0ce34975a3b3fd6d8455f4f7,225,3010,46,24,93,https://www.youtube.com/watch?v=rkpBvRh86dY,0,0,0,,46,24,93,https://www.youtube.com/watch?v=rkpBvRh86dY,146,0,0,0,
a16471805f7f44f88237b42c79b9f3a2,224,6081,0,0,0,,0,0,0,,0,0,0,,0,0,0,0,
7003e3e3a24244ffb5ebfbbdc20c97f8,224,3768,53,21,139,https://www.youtube.com/watch?v=gqhPVAsG9ec,53,21,139,https://www.youtube.com/watch?v=gqhPVAsG9ec,0,0,0,,0,0,0,0,
d8520b0d7b424141bf19b3254d264960,224,3711,30,27,30,https://www.youtube.com/watch?v=pdig4i_CXU0,30,27,30,https://www.youtube.com/watch?v=pdig4i_CXU0,0,0,0,,0,0,0,0,
4e646b9f3b024416a122048d7e1ca4f8,224,3957,0,0,0,,0,0,0,,0,0,0,,0,0,0,0,
b21dcc4162384eee9edd3ca7251795f2,223,5638,40,13,71,https://www.youtube.com/watch?v=cwX914sR1GQ,40,13,71,https://www.youtube.com/watch?v=cwX914sR1GQ,0,0,0,,0,0,0,0,
f18f778f8a8b468cbe7dcd350228e3fb,222,1004,5,1,13,https://www.youtube.com/watch?v=Z_mWzqLTv7c,0,0,0,,5,1,13,https://www.youtube.com/watch?v=Z_mWzqLTv7c,1532,373,285,451,https://www.twitch.tv/videos/1914126599
ca8d038d311e4cccb2deded15cee89cd,221,11365,12,5,13,https://www.youtube.com/watch?v=t7MZinoXCyg,12,5,13,https://www.youtube.com/watch?v=t7MZinoXCyg,0,0,0,,13,0,0,0,
63730ec82db64ce5a51464cf24f9a4aa,221,165,0,0,0,,0,0,0,,0,0,0,,424,0,0,0,
e84d584c7c574b50b0a9efc240ef74a3,221,7445,6,2,7,https://www.youtube.com/watch?v=yAh7lZyPaU4,0,0,0,,6,2,7,https://www.youtube.com/watch?v=yAh7lZyPaU4,0,0,0,0,
577fdbca86fa4414a153b5ebdcab90d4,221,1569,53,29,75,https://www.youtube.com/watch?v=vgdFYTb7je4,53,45,75,https://www.youtube.com/watch?v=vgdFYTb7je4,39,11,54,https://www.youtube.com/watch?v=VOyDfuYgxgQ,319,174,156,175,https://www.twitch.tv/videos/1916698262
90a8ac8d7653460298ba85cb7e4d3bc9,220,8072,0,0,0,,0,0,0,,0,0,0,,50,0,0,0,
d3a0a421fd184f9fa51856096d01e85b,220,11892,54,23,234,https://www.youtube.com/watch?v=Wjq2OOJLJOo,54,23,234,https://www.youtube.com/watch?v=Wjq2OOJLJOo,0,0,0,,0,0,0,0,
09c9c71c41e24e7d9498ce41a78dae1c,219,9677,42,22,57,https://www.youtube.com/watch?v=HbxQ7eQb7CQ,0,0,0,,42,22,57,https://www.youtube.com/watch?v=HbxQ7eQb7CQ,0,0,0,0,
e290f49c193149708cd72747639d5ced,218,7961,65,32,104,https://www.youtube.com/watch?v=A9qNo1XqBj0,65,32,104,https://www.youtube.com/watch?v=A9qNo1XqBj0,0,0,0,,0,0,0,0,
a89f7ee46cc14dff93675ce5bb82a692,218,200,0,0,0,,0,0,0,,0,0,0,,1276,374,272,602,https://www.twitch.tv/videos/1918522942
a7bb915cc1a0474080d7dbf6d245daf4,218,8239,34,23,34,https://www.youtube.com/watch?v=WvpVefHE5a0,34,23,34,https://www.youtube.com/watch?v=WvpVefHE5a0,0,0,0,,28,0,0,0,
af89613e72874e219c00ab0c89b6c641,217,43562,27,12,126,https://www.youtube.com/watch?v=GPaPKsJB0Bw,28,14,126,https://www.youtube.com/watch?v=GPaPKsJB0Bw,7,2,14,https://www.youtube.com/watch?v=2GAqPjuHMsY,5,0,0,0,
830fd8d5a40e44d1a71b83fe876e1ac5,215,6332,28,17,99,https://www.youtube.com/watch?v=pwL-WniguJ8,28,13,75,https://www.youtube.com/watch?v=RMV8mIiSx4I,99,74,99,https://www.youtube.com/watch?v=pwL-WniguJ8,0,0,0,0,
993f1ef8dae74aa3a752a5b4766cc022,215,2335,79,32,79,https://www.youtube.com/watch?v=KN6stNXxOtE,79,32,79,https://www.youtube.com/watch?v=KN6stNXxOtE,0,0,0,,0,0,0,0,
bd39e88e6dd24e659b135b7fe96bef5b,214,393,0,0,0,,0,0,0,,0,0,0,,0,0,0,0,
5bc9033b30954bedb0e2442e8470d5a2,214,2452,102,80,102,https://www.youtube.com/watch?v=MifSGmDFRGw,102,80,102,https://www.youtube.com/watch?v=MifSGmDFRGw,0,0,0,,0,0,0,0,
9643c650b1804107b85de1f08010aa9d,213,3989,39,8,54,https://www.youtube.com/watch?v=1qwSXPCna18,31,18,39,https://www.youtube.com/watch?v=L5lYHeiujkw,54,8,54,https://www.youtube.com/watch?v=1qwSXPCna18,68,0,0,0,
6790376d72ef4bb992cef011444aeeb6,213,8660,21,4,28,https://www.youtube.com/watch?v=u2wkV1CQwKQ,21,4,28,https://www.youtube.com/watch?v=u2wkV1CQwKQ,0,0,0,,0,0,0,0,
f7758d944fd8438a86bfe1235c7bcd17,213,10910,16,6,16,https://www.youtube.com/watch?v=-nVsmO1LSzo,0,0,0,,16,6,16,https://www.youtube.com/watch?v=-nVsmO1LSzo,0,0,0,0,
279a45d6a8f9445389b9b8cdbcb72ae8,213,15460,125,74,125,https://www.youtube.com/watch?v=9gEJGC7h5Wg,0,0,0,,125,74,125,https://www.youtube.com/watch?v=9gEJGC7h5Wg,145,57,35,60,https://www.twitch.tv/videos/1916875928
b511c9a0eba7474fbb8ac8d02ff357b7,212,8206,37,11,80,https://www.youtube.com/watch?v=mtxAYzCekC0,71,52,74,https://www.youtube.com/watch?v=Cy2Zsh2WasY,32,0,80,https://www.youtube.com/watch?v=mtxAYzCekC0,0,0,0,0,
abda6c94394b47ba885c34417e3a4d08,212,6026,0,0,0,,0,0,0,,0,0,0,,304,139,97,458,https://www.twitch.tv/videos/1908171924
86a072da85d44870b2e736f05ae96976,211,9532,0,0,0,,0,0,0,,0,0,0,,0,0,0,0,
4eecf80e6ecc4644a7ff08314e6e0c82,211,1498,62,20,338,https://www.youtube.com/watch?v=zGxlrRzhQZg,107,91,203,https://www.youtube.com/watch?v=nDftcGAbZMs,34,13,338,https://www.youtube.com/watch?v=zGxlrRzhQZg,193,0,0,0,
da028e87249944c2a8c86defb7ad3919,211,2684,130,67,172,https://www.youtube.com/watch?v=fJSJlzmmPN4,130,67,172,https://www.youtube.com/watch?v=fJSJlzmmPN4,0,0,0,,0,0,0,0,
5ea1e4c39e1640e4bdacbc872f264f16,210,7724,44,12,173,https://www.youtube.com/watch?v=gUGgqLlQBaM,44,12,173,https://www.youtube.com/watch?v=gUGgqLlQBaM,0,0,0,,0,0,0,0,
619f48c4546c481bbc52aadc12c3e48f,210,597,69,35,111,https://www.youtube.com/watch?v=4s2VXzAz34o,0,0,0,,69,35,111,https://www.youtube.com/watch?v=4s2VXzAz34o,317,152,114,387,https://www.twitch.tv/videos/1918463768
e26c1adf28244a09b8c29704ac1de1ca,210,13027,24,7,24,https://www.youtube.com/watch?v=5thvKOIqRiI,24,7,24,https://www.youtube.com/watch?v=5thvKOIqRiI,0,0,0,,0,0,0,0,
67b3f32472774d3191ecfea12f60a990,209,6185,23,14,42,https://www.youtube.com/watch?v=kZrhDtBeoRw,23,14,42,https://www.youtube.com/watch?v=kZrhDtBeoRw,0,0,0,,70,10,8,11,https://www.twitch.tv/videos/1913360151
7150d8a73d2a4cf590f83c8dfcfc1bd2,208,990,26,5,26,https://www.youtube.com/watch?v=ZLBJ03ku1B8,26,5,26,https://www.youtube.com/watch?v=ZLBJ03ku1B8,0,0,0,,0,0,0,0,
f3fe9fb6de2a477fae878a39924c15bd,208,2781,125,72,210,https://www.youtube.com/watch?v=wz5DpOwoHhI,0,0,0,,125,72,210,https://www.youtube.com/watch?v=wz5DpOwoHhI,864,402,295,1388,https://www.twitch.tv/videos/1914222942
7179f903569e4fa9842b5c5ea3f7a645,208,7779,10,4,24,https://www.youtube.com/watch?v=eJ-8du4SmXY,0,0,0,,10,4,24,https://www.youtube.com/watch?v=eJ-8du4SmXY,323,123,95,217,https://www.twitch.tv/videos/1914866414
c8bd7c9fcc714269b8092571f2622867,208,479,0,0,0,,0,0,0,,0,0,0,,0,0,0,0,
521efecabae94dd6b1d21bc5e8543fcb,208,910,106,37,124,https://www.youtube.com/watch?v=PKmA2-OhQDs,106,37,124,https://www.youtube.com/watch?v=PKmA2-OhQDs,0,0,0,,180,0,0,0,
fbaedf1cfc684f70b539e6a0ff6698be,207,92680,143,6,242,https://www.youtube.com/watch?v=ezE26FtPeU0,0,0,0,,143,6,242,https://www.youtube.com/watch?v=ezE26FtPeU0,0,0,0,0,
af04c9cb9b56499bb305a49ba7fd2eef,205,4103,123,19,129,https://www.youtube.com/watch?v=3vQSCN8T2ws,123,19,123,https://www.youtube.com/watch?v=dSc8q5E2KO8,87,13,129,https://www.youtube.com/watch?v=3vQSCN8T2ws,0,0,0,0,
23354f18e2a94c9187fd0560fd874eeb,205,3136,42,11,522,https://www.youtube.com/watch?v=8rp9_FBX5QI,0,0,0,,42,11,522,https://www.youtube.com/watch?v=8rp9_FBX5QI,428,204,174,475,https://www.twitch.tv/videos/1907208079
a0981cb8e7234c52a2fe52e0be9929b9,204,9541,67,25,248,https://www.youtube.com/watch?v=TdbU3kITJv4,0,0,0,,67,25,248,https://www.youtube.com/watch?v=TdbU3kITJv4,0,0,0,0,
95df3846ff6644429227e9e058994ad8,203,6554,49,30,87,https://www.youtube.com/watch?v=nASFj2UN60s,49,30,87,https://www.youtube.com/watch?v=nASFj2UN60s,0,0,0,,0,0,0,0,
f1d9ff59d3d74b0ebb4268de53698dbf,203,5647,36,26,370,https://www.youtube.com/watch?v=QMqqymAkb9w,0,0,0,,36,26,370,https://www.youtube.com/watch?v=QMqqymAkb9w,547,38,24,154,https://www.twitch.tv/videos/1911587808
df6443487ffb4142aea2b053b4aa8db7,203,8690,6,0,6,https://www.youtube.com/watch?v=2DM6vVSKUb8,6,0,6,https://www.youtube.com/watch?v=2DM6vVSKUb8,0,0,0,,1409,161,114,331,https://www.twitch.tv/videos/1917760951
cfe0c2386d794c229d71c5a6a7e28333,202,9648,31,6,31,https://www.youtube.com/watch?v=-2VM-dxbcNQ,0,0,0,,31,6,31,https://www.youtube.com/watch?v=-2VM-dxbcNQ,0,0,0,0,
ed453cf257b44eb08409c2c6d98a5e38,202,3530,0,0,0,,0,0,0,,0,0,0,,0,0,0,0,
87df5b92303e4410884b8c52ff2c4e0d,201,3031,55,43,393,https://www.youtube.com/watch?v=eNJDcW1RmnM,104,89,393,https://www.youtube.com/watch?v=eNJDcW1RmnM,42,30,90,https://www.youtube.com/watch?v=Bj7jqQ2BN48,0,0,0,0,
8a8a1d0901c04d568be19e2d8bbc9ca1,201,13381,235,96,989,https://www.youtube.com/watch?v=PU80tVryPg8,0,0,0,,235,96,989,https://www.youtube.com/watch?v=PU80tVryPg8,0,0,0,0,
738317b741174fff8eefca31fc2de9fe,201,15244,9,2,13,https://www.youtube.com/watch?v=y5yx__hJCXE,9,2,13,https://www.youtube.com/watch?v=y5yx__hJCXE,0,0,0,,0,0,0,0,
a5a59537edc54be3919408276c556bd7,200,4589,62,1,62,https://www.youtube.com/watch?v=Xae3g3ECXus,62,1,62,https://www.youtube.com/watch?v=Xae3g3ECXus,0,0,0,,0,0,0,0,
59ea0c3b836c4dee8ba08df9bb73be86,200,0,0,0,0,,0,0,0,,0,0,0,,0,0,0,0,
870465c233f0486eb5f710ede69af779,199,3098,0,0,0,,0,0,0,,0,0,0,,420,89,58,100,https://www.twitch.tv/videos/1908047929
68da57d983e34588a1bb37783d3c4074,198,3780,0,0,0,,0,0,0,,0,0,0,,4144,117,80,189,https://www.twitch.tv/videos/1913296073
a76d4171e74448fd9d1a6eaf183be3ff,198,9012,0,0,0,,0,0,0,,0,0,0,,397,173,126,309,https://www.twitch.tv/videos/1908092833
770a8d28e9bd4641acb6a0b2a9d07ef9,198,1528,0,0,0,,0,0,0,,0,0,0,,339,87,49,87,https://www.twitch.tv/videos/1907969475
a2b11fd42f704616bf87b12a0d9bac9a,198,4055,30,22,54,https://www.youtube.com/watch?v=KS1DjsQ9JH0,0,0,0,,30,22,54,https://www.youtube.com/watch?v=KS1DjsQ9JH0,345,96,79,127,https://www.twitch.tv/videos/1916520289
480715845a044cb780b135e2bfd0ded8,196,4420,91,79,91,https://www.youtube.com/watch?v=P2M1owSMxgQ,91,79,91,https://www.youtube.com/watch?v=P2M1owSMxgQ,0,0,0,,0,0,0,0,
202d7c3df0a0489288ace48e1e81ac9f,196,4383,11,3,11,https://www.youtube.com/watch?v=bT_pUpJlonI,0,0,0,,11,3,11,https://www.youtube.com/watch?v=bT_pUpJlonI,0,0,0,0,
698d1cca0e1f417892c954dabe0aacf8,196,1093,0,0,0,,0,0,0,,0,0,0,,1965,0,0,0,
0f74555e05794780adc4eb0b9096f727,196,1073,49,33,135,https://www.youtube.com/watch?v=3sfDvWbm6AM,49,33,135,https://www.youtube.com/watch?v=3sfDvWbm6AM,0,0,0,,69,0,0,0,
df079afa77ea4a65baedaaa701936050,196,0,0,0,0,,0,0,0,,0,0,0,,0,0,0,0,
8ae87582ab1e4b31bfd38310afda77bd,195,1151,0,0,0,,0,0,0,,0,0,0,,742,218,148,491,https://www.twitch.tv/videos/1911774182
4b305df8ba4546b48c8ec1cda5efb7e2,194,25048,591,263,591,https://www.youtube.com/watch?v=5dqIl2A-tLc,591,263,591,https://www.youtube.com/watch?v=5dqIl2A-tLc,0,0,0,,0,0,0,0,
bd7947d2357941039893b911b18f3b4c,194,11573,76,43,127,https://www.youtube.com/watch?v=TF7kSkKPIEs,79,44,127,https://www.youtube.com/watch?v=TF7kSkKPIEs,67,9,67,https://www.youtube.com/watch?v=nLSuLsaaoYk,358,55,38,162,https://www.twitch.tv/videos/1909726427
7a7e366c81d54d03a07cb2c6cb382884,193,4774,0,0,0,,0,0,0,,0,0,0,,0,0,0,0,
3c2e7944fd0e438ebd26f508c078a60e,192,1843,0,0,0,,0,0,0,,0,0,0,,0,0,0,0,
12479712313d4ddda715483e1f93ee9d,192,3417,40,20,40,https://www.youtube.com/watch?v=CEYN87X6L0I,40,20,40,https://www.youtube.com/watch?v=CEYN87X6L0I,0,0,0,,0,0,0,0,
bf6401d2159c40a8a616defa8c2c4a66,192,22845,19,3,79,https://www.youtube.com/watch?v=97ZnOttrWfc,0,0,0,,19,3,79,https://www.youtube.com/watch?v=97ZnOttrWfc,585,123,82,195,https://www.twitch.tv/videos/1908099273
3dc59c2e8b424c9e812fb48048ebdef8,192,4003,21,5,31,https://www.youtube.com/watch?v=O_oK_YDbvb4,0,0,0,,21,5,31,https://www.youtube.com/watch?v=O_oK_YDbvb4,1220,257,198,335,https://www.twitch.tv/videos/1908993565
94ca3090942d4ca38a71b8f1b65c7343,191,9458,106,67,176,https://www.youtube.com/watch?v=Dl0RwB7JIy4,87,63,176,https://www.youtube.com/watch?v=Dl0RwB7JIy4,126,74,126,https://www.youtube.com/watch?v=VF9clg156Y4,65,59,45,69,https://www.twitch.tv/videos/1916817916
d8b5835bc6aa46119cc7ddd4447e780f,191,29617,534,100,1314,https://www.youtube.com/watch?v=C-Yru0SWvO4,0,0,0,,534,100,1314,https://www.youtube.com/watch?v=C-Yru0SWvO4,1430,0,0,0,
de8c5ca15afd4534a822e5a1a9c2784e,190,1749,0,0,0,,0,0,0,,0,0,0,,1806,115,68,138,https://www.twitch.tv/videos/1908122871
e180d8dd00df4b7aba78d8cd4a0baf5e,190,2297,0,0,0,,0,0,0,,0,0,0,,0,0,0,0,
d23dbc9d1db64c42821697d1bac8fb66,190,4223,66,29,89,https://www.youtube.com/watch?v=edVuvxHTGgE,57,28,89,https://www.youtube.com/watch?v=edVuvxHTGgE,69,30,83,https://www.youtube.com/watch?v=CC4a-0ziFAM,0,0,0,0,
29c5ea1a6723412587c63a4ee1c1b910,190,5815,54,24,95,https://www.youtube.com/watch?v=G3zYrLeKQ2M,54,24,95,https://www.youtube.com/watch?v=G3zYrLeKQ2M,0,0,0,,0,0,0,0,
93f634fe42104563b8c2343813098b46,190,1527,0,0,0,,0,0,0,,0,0,0,,808,102,74,128,https://www.twitch.tv/videos/1909882454
a3afce163c9341c992f526816d9d5440,189,2038,0,0,0,,0,0,0,,0,0,0,,39,0,0,0,
f8597ccee0b0484b992e2a36627c0eb0,188,8479,0,0,0,,0,0,0,,0,0,0,,0,0,0,0,
2dfcc511bca64a678926415857b097e9,188,0,0,0,0,,0,0,0,,0,0,0,,0,0,0,0,
df292544db27442ea21604a7c6217587,188,6067,0,0,0,,0,0,0,,0,0,0,,0,0,0,0,
2d306a5821ff4e478bbff317bd6e382e,188,18629,37,21,52,https://www.youtube.com/watch?v=r-7STGAIdBg,37,21,52,https://www.youtube.com/watch?v=r-7STGAIdBg,0,0,0,,0,0,0,0,
53a6613b12f7463d9e973f8ddd679210,188,2551,26,20,65,https://www.youtube.com/watch?v=f8hHnwjq-Ps,26,20,65,https://www.youtube.com/watch?v=f8hHnwjq-Ps,0,0,0,,0,0,0,0,
5d8176ec50014da794967eb47ed70239,187,16448,58,17,196,https://www.youtube.com/watch?v=ZWVwOgGusIE,0,0,0,,58,17,196,https://www.youtube.com/watch?v=ZWVwOgGusIE,0,0,0,0,
ae2d7595c5b94d0786e2fcd5c8973c06,187,2422,0,0,0,,0,0,0,,0,0,0,,0,0,0,0,
0134d1ae91784122b79954c2c8571aef,187,0,0,0,0,,0,0,0,,0,0,0,,421,0,0,0,
f30f6a2e994641b5af169b97f2aad13b,187,6430,0,0,0,,0,0,0,,0,0,0,,517,51,10,158,https://www.twitch.tv/videos/1907492505
d2585e0ae32c467e8fc868eb531400a4,187,1012,59,46,187,https://www.youtube.com/watch?v=IHz6J4ReNz8,59,46,187,https://www.youtube.com/watch?v=IHz6J4ReNz8,0,0,0,,0,0,0,0,
db67d9cacbcf4797ba2d41a6d115e2ff,185,3278,59,25,90,https://www.youtube.com/watch?v=j5eOHBzDIuU,59,25,90,https://www.youtube.com/watch?v=j5eOHBzDIuU,0,0,0,,0,0,0,0,
fe1304d2a7694657a0922ac4fee53977,185,2700,0,0,0,,0,0,0,,0,0,0,,292,56,53,116,https://www.twitch.tv/videos/1916871092
4cebb92683d548089e998ec18a484930,183,9512,42,13,53,https://www.youtube.com/watch?v=z5hR7Ql_tG4,42,13,53,https://www.youtube.com/watch?v=z5hR7Ql_tG4,0,0,0,,0,0,0,0,
c3560477e81e4904b2ef88a72113926a,182,3565,0,0,0,,0,0,0,,0,0,0,,0,0,0,0,
4d4db7afb4b84af7b4d54889a5f93947,182,6232,49,7,49,https://www.youtube.com/watch?v=nqFR3nXK6Lk,0,0,0,,49,7,49,https://www.youtube.com/watch?v=nqFR3nXK6Lk,0,0,0,0,
08ad5252798346418db059ade21ae522,181,4096,41,26,154,https://www.youtube.com/watch?v=bWQion-ewwc,43,27,154,https://www.youtube.com/watch?v=bWQion-ewwc,14,5,14,https://www.youtube.com/watch?v=1xz_oxbawZE,0,0,0,0,
25619abc5e0d4f79839e48d83234eaf8,181,2172,22,10,35,https://www.youtube.com/watch?v=gTS_AGpCoZw,22,10,35,https://www.youtube.com/watch?v=gTS_AGpCoZw,0,0,0,,450,63,43,132,https://www.twitch.tv/videos/1915124176
17143fd7a2eb41aab006783b2584dda7,180,4373,62,16,115,https://www.youtube.com/watch?v=hejzv0aWaK0,60,16,115,https://www.youtube.com/watch?v=hejzv0aWaK0,78,18,78,https://www.youtube.com/watch?v=IZY3T62Eo6w,128,0,0,0,
a46ad933ff6f4d0c91cc1069f0329265,179,3385,0,0,0,,0,0,0,,0,0,0,,0,0,0,0,
bcbde4d998e341418ebdf3e26884811d,178,5457,136,45,231,https://www.youtube.com/watch?v=vMZkXFQw9ds,0,0,0,,136,45,231,https://www.youtube.com/watch?v=vMZkXFQw9ds,0,0,0,0,
16104c4d611242ec9ebc07f7e34966ce,178,10616,43,24,81,https://www.youtube.com/watch?v=rK3ctFIaDlo,43,24,81,https://www.youtube.com/watch?v=rK3ctFIaDlo,0,0,0,,0,0,0,0,
b4607ee6ce914078ae3704617ca03333,178,443,50,7,50,https://www.youtube.com/watch?v=hPvUzjoy_ME,0,0,0,,50,7,50,https://www.youtube.com/watch?v=hPvUzjoy_ME,339,161,150,266,https://www.twitch.tv/videos/1917698763
036b6408580946fcba5a1550e0fac848,177,3340,0,0,0,,0,0,0,,0,0,0,,0,0,0,0,
6d76e6b27f164061a216ec2831bd8dd3,175,1584,0,0,0,,0,0,0,,0,0,0,,670,53,44,520,https://www.twitch.tv/videos/1908096058
1d1e155c827e4ed2a0596c256983c22d,174,1198,0,0,0,,0,0,0,,0,0,0,,753,115,83,178,https://www.twitch.tv/videos/1912415060
502f8130b1c04139a8c1933801f479b4,174,3784,0,0,0,,0,0,0,,0,0,0,,1919,0,0,0,
b7ff77850f1945b5bd73f8a0b1ec0033,173,2014,39,6,39,https://www.youtube.com/watch?v=R_itlWGW2G4,0,0,0,,39,6,39,https://www.youtube.com/watch?v=R_itlWGW2G4,155,26,20,52,https://www.twitch.tv/videos/1917731561
478879d0aa794be68c8cc96d678337d2,173,4621,0,0,0,,0,0,0,,0,0,0,,0,0,0,0,
b0b2b517ea67432981e41a49aa88bc67,173,2166,0,0,0,,0,0,0,,0,0,0,,449,37,35,51,https://www.twitch.tv/videos/1914173960
444dcf020b27400087d2b2b21135033c,171,2935,0,0,0,,0,0,0,,0,0,0,,161,24,16,24,https://www.twitch.tv/videos/1910676911
1266255bc3ec481abc9d970be9f14f6d,171,0,0,0,0,,0,0,0,,0,0,0,,0,0,0,0,
6c4992a47ccc4c3bb997d3c49ddc2ec8,171,808,151,121,246,https://www.youtube.com/watch?v=I8uS5Wwgl7g,0,0,0,,151,121,246,https://www.youtube.com/watch?v=I8uS5Wwgl7g,0,0,0,0,
0e136a936a574815a311e6e801ce3ca6,171,3719,10,3,51,https://www.youtube.com/watch?v=QZ7U3KO759U,10,3,51,https://www.youtube.com/watch?v=QZ7U3KO759U,0,0,0,,5,0,0,0,
7f34e1e57aee461c8de6f8a112d45294,170,1445,68,30,121,https://www.youtube.com/watch?v=AYvvmfLGp1o,68,30,121,https://www.youtube.com/watch?v=AYvvmfLGp1o,0,0,0,,0,0,0,0,
f0cf456a9f204645a4b468f8cbefb150,170,1417,0,0,0,,0,0,0,,0,0,0,,1451,0,0,0,
3d03d00cfd9c4ac399e0c335cd467867,170,7023,0,0,0,,0,0,0,,0,0,0,,241,0,0,0,
26e2e1583d404f48b879375ef74ae33a,170,5342,23,12,48,https://www.youtube.com/watch?v=a8YinoYzyJI,23,12,48,https://www.youtube.com/watch?v=a8YinoYzyJI,0,0,0,,0,0,0,0,
13c69e2cf2ff4dc1907bbae9a87a8c0f,170,2315,125,93,1019,https://www.youtube.com/watch?v=COmWUbBFGB8,0,0,0,,125,93,1019,https://www.youtube.com/watch?v=COmWUbBFGB8,0,0,0,0,
22a21c1a529f4817b8790629d8b4590f,169,2680,40,20,198,https://www.youtube.com/watch?v=IziAmrDcBUw,34,19,40,https://www.youtube.com/watch?v=fPKspeW360Y,198,176,198,https://www.youtube.com/watch?v=IziAmrDcBUw,78,23,17,23,https://www.twitch.tv/videos/1912479969
18bbec69edfe48bab0f650aa5a8815e3,169,8180,0,0,0,,0,0,0,,0,0,0,,0,0,0,0,
789a7f5d025349b4ace0925f9e17fdd7,169,587,0,0,0,,0,0,0,,0,0,0,,0,0,0,0,
cb0679cc04a44f8f9871bc78196b299e,167,3312,57,32,172,https://www.youtube.com/watch?v=1kaoCTjv0ME,57,32,172,https://www.youtube.com/watch?v=1kaoCTjv0ME,0,0,0,,0,0,0,0,
56e0088d20b04a059da9932476fc9a5b,167,17996,0,0,0,,0,0,0,,0,0,0,,2612,270,199,270,https://www.twitch.tv/videos/1912463175
886b8f7841a341af80b6faed09b18ba1,167,1001,0,0,0,,0,0,0,,0,0,0,,372,57,51,154,https://www.twitch.tv/videos/1908123386
04cb051e69c74105ae2f7b62ea29d1e2,167,3109,57,26,166,https://www.youtube.com/watch?v=mSLYBRlP6r8,66,28,166,https://www.youtube.com/watch?v=mSLYBRlP6r8,30,16,69,https://www.youtube.com/watch?v=AaafQv7WMUM,0,0,0,0,
9959d43cae9b49dbbcd666f742322b4a,166,4880,0,0,0,,0,0,0,,0,0,0,,395,58,39,142,https://www.twitch.tv/videos/1908061487
44ed1695f2ea4c7790735fdd335aae78,166,98,0,0,0,,0,0,0,,0,0,0,,557,284,202,396,https://www.twitch.tv/videos/1911746583
1058d6e9f351455389e8a7a716ea26ff,165,2854,52,26,57,https://www.youtube.com/watch?v=sPnfFE4D_yE,52,26,57,https://www.youtube.com/watch?v=sPnfFE4D_yE,0,0,0,,2151,284,210,831,https://www.twitch.tv/videos/1913215075
0b0668c6206c4500bdcbc281ee58680c,165,10963,0,0,0,,0,0,0,,0,0,0,,2097,331,198,472,https://www.twitch.tv/videos/1909051580
809ddec4aec2402ea41adeba2f8520ec,165,9529,24,5,284,https://www.youtube.com/watch?v=XRRPpRyokh0,174,40,284,https://www.youtube.com/watch?v=XRRPpRyokh0,18,4,50,https://www.youtube.com/watch?v=cBTpfnlgK94,527,135,104,154,https://www.twitch.tv/videos/1915705258
dc0f8e297afc4531ac04e46808f7ef6d,165,2253,28,10,28,https://www.youtube.com/watch?v=5ZZ9BSirIpU,0,0,0,,28,10,28,https://www.youtube.com/watch?v=5ZZ9BSirIpU,942,0,0,0,
eab02228a491402a824805ab47174ff4,164,0,0,0,0,,0,0,0,,0,0,0,,0,0,0,0,
354734963c7d49588387bbba859a05a2,162,0,0,0,0,,0,0,0,,0,0,0,,0,0,0,0,
8c43feaf0d8644889a53f191f4934f15,161,5588,216,15,216,https://www.youtube.com/watch?v=L4abK1CQ92E,0,0,0,,216,15,216,https://www.youtube.com/watch?v=L4abK1CQ92E,0,0,0,0,
358be1981a1b485aa1c47b3ddf3f38bb,161,14869,16,8,16,https://www.youtube.com/watch?v=8KXomqfdvww,16,8,16,https://www.youtube.com/watch?v=8KXomqfdvww,0,0,0,,0,0,0,0,
04e8814df3b54af0b0c7edc34b4cdda0,161,1554,45,16,59,https://www.youtube.com/watch?v=VlAEleNv-J0,45,16,59,https://www.youtube.com/watch?v=VlAEleNv-J0,0,0,0,,0,0,0,0,
cdfe7ee6d1f943dfbc5153f82f827393,160,1553,43,20,72,https://www.youtube.com/watch?v=CjL1vs60M3Q,43,20,72,https://www.youtube.com/watch?v=CjL1vs60M3Q,0,0,0,,0,0,0,0,
c913750a779d48658a6fd696271235c8,160,3265,0,0,0,,0,0,0,,0,0,0,,0,0,0,0,
4599283c135c4e779cc5068b2bc37156,158,1088,119,53,263,https://www.youtube.com/watch?v=_pcXZ7pJKaI,87,30,263,https://www.youtube.com/watch?v=_pcXZ7pJKaI,190,84,222,https://www.youtube.com/watch?v=947PDVxJjO4,96,74,56,110,https://www.twitch.tv/videos/1909013318
7e5722ef9d4c4cfb830fc053d66f3005,158,1651,0,0,0,,0,0,0,,0,0,0,,0,0,0,0,
d836b4139ddc4b1e9cbf117d74d8456a,158,1613,49,23,235,https://www.youtube.com/watch?v=cE0qsCmTUZ8,47,23,235,https://www.youtube.com/watch?v=cE0qsCmTUZ8,51,16,157,https://www.youtube.com/watch?v=9FUFHwIqBv4,0,0,0,0,
43767b3656dc4ff2a25145a986199dd2,157,4383,13,2,18,https://www.youtube.com/watch?v=pYJ-o5blVjQ,13,2,18,https://www.youtube.com/watch?v=pYJ-o5blVjQ,0,0,0,,0,0,0,0,
2e7fa2f9a4ba4ca6a0ea1397839aafca,157,3765,29,15,41,https://www.youtube.com/watch?v=VpjkSD0jqmw,29,15,41,https://www.youtube.com/watch?v=VpjkSD0jqmw,0,0,0,,0,0,0,0,
b42eeb70c75847ebae52ebda74fda465,156,1007,0,0,0,,0,0,0,,0,0,0,,0,0,0,0,
d9f05f50098f4054babb0d0b737a35e1,156,2983,0,0,0,,0,0,0,,0,0,0,,0,0,0,0,
704fc1f053134276ab03c19687cfcca6,156,0,0,0,0,,0,0,0,,0,0,0,,0,0,0,0,
a8bee4c680a54cf29b34d90bf7230ab1,153,2592,0,0,0,,0,0,0,,0,0,0,,1588,146,102,180,https://www.twitch.tv/videos/1909861848
85ab3b48d46e4a8ab1d4b5d46fd97c41,152,11228,50,13,68,https://www.youtube.com/watch?v=Ysr-BgqKcnY,50,13,68,https://www.youtube.com/watch?v=Ysr-BgqKcnY,0,0,0,,0,0,0,0,
521d3e3d5e6e410aababfb8f290749b6,151,2173,0,0,0,,0,0,0,,0,0,0,,377,0,0,0,
254bc6138a934429a869328b02e993b0,150,6329,49,33,77,https://www.youtube.com/watch?v=K76Z2ZgNhmU,49,33,77,https://www.youtube.com/watch?v=K76Z2ZgNhmU,0,0,0,,0,0,0,0,
09ec73a6068c43579f5d2818ad0491d1,149,5210,20,6,28,https://www.youtube.com/watch?v=7CZ5ehvQwSo,20,6,28,https://www.youtube.com/watch?v=7CZ5ehvQwSo,0,0,0,,0,0,0,0,
0bf9cacb06354af1a90efc4198546994,149,4910,0,0,0,,0,0,0,,0,0,0,,134,0,0,0,
b3a1f0922f7440f3bb1adbfa7a04bd09,149,3651,31,5,51,https://www.youtube.com/watch?v=ViWEEw-ePkg,0,0,0,,31,5,51,https://www.youtube.com/watch?v=ViWEEw-ePkg,630,154,142,262,https://www.twitch.tv/videos/1913335866
a426decd1d4e4ace84ae2b31a9826251,149,7,7,2,7,https://www.youtube.com/watch?v=GJ4TAESURzk,0,0,0,,7,2,7,https://www.youtube.com/watch?v=GJ4TAESURzk,0,0,0,0,
46a16e41f2af4523adeb4556f2e0b0d5,149,3003,0,0,0,,0,0,0,,0,0,0,,8153,861,450,1311,https://www.twitch.tv/videos/1903605595
d5812b65b9b64bc88d9c0b13fb668a4b,148,3985,0,0,0,,0,0,0,,0,0,0,,0,0,0,0,
c274c90379ca4e57a79251976cda3e54,148,3932,39,15,92,https://www.youtube.com/watch?v=nNWBsNUdT7M,30,12,55,https://www.youtube.com/watch?v=uIPF09dEM5w,66,27,92,https://www.youtube.com/watch?v=nNWBsNUdT7M,278,38,33,48,https://www.twitch.tv/videos/1914280264
985e77a95dcc46e38b513ab638c5ed25,146,7577,0,0,0,,0,0,0,,0,0,0,,530,0,0,0,
40de95e169c84f728ba397fb8480cd44,146,3359,25,9,47,https://www.youtube.com/watch?v=AIHd3nC-ago,28,12,47,https://www.youtube.com/watch?v=AIHd3nC-ago,6,4,15,https://www.youtube.com/watch?v=9d-0XTg_wUU,0,0,0,0,
290bbaa329eb45b1a267bfd7e35c3b14,146,6752,51,3,51,https://www.youtube.com/watch?v=dxxDveTi9H8,0,0,0,,51,3,51,https://www.youtube.com/watch?v=dxxDveTi9H8,387,55,36,155,https://www.twitch.tv/videos/1915102260
1bbbb184005d4213b9f3caa2b69eecfc,146,4126,94,1,94,https://www.youtube.com/watch?v=Kt4m0xRCIUE,94,1,94,https://www.youtube.com/watch?v=Kt4m0xRCIUE,0,0,0,,0,0,0,0,
d8fa0fb407c043cb9b65ab66c2221e8d,146,64586,0,0,3,https://www.youtube.com/watch?v=dg16dZWy9r8,0,0,0,,0,0,3,https://www.youtube.com/watch?v=dg16dZWy9r8,1867,56,41,85,https://www.twitch.tv/videos/1916022944
05e8faf10ef24e02adff107bf7747aff,146,6461,0,0,0,,0,0,0,,0,0,0,,0,0,0,0,
ce15f0e1016b4a1e87ea09d0c98e8eb8,146,2001,100,7,100,https://www.youtube.com/watch?v=_Ldz5VQrBME,0,0,0,,100,7,100,https://www.youtube.com/watch?v=_Ldz5VQrBME,20,0,0,0,
95694a64c0fe4b5c987344f1edcec826,145,5697,17,7,63,https://www.youtube.com/watch?v=jAXXdIYl7QY,0,0,0,,17,7,63,https://www.youtube.com/watch?v=jAXXdIYl7QY,556,173,104,237,https://www.twitch.tv/videos/1915932692
f314b215c987471888b4477dc4d8bf08,145,0,0,0,0,,0,0,0,,0,0,0,,0,0,0,0,
33546b9ad5a8408589405f9467063dd7,144,687,0,0,0,,0,0,0,,0,0,0,,1179,145,88,642,https://www.twitch.tv/videos/1916715333
4f93cb2468a34e049a1939299eee8ad6,144,9777,0,0,0,,0,0,0,,0,0,0,,0,0,0,0,
e443b9e0c3524137ba2774625c6c78cd,144,1709,0,0,0,,0,0,0,,0,0,0,,371,36,28,95,https://www.twitch.tv/videos/1909775930
844adbe9800c4c52863267075afd2c7f,143,5978,3,1,7,https://www.youtube.com/watch?v=uTYwe0SCIpc,0,0,0,,3,1,7,https://www.youtube.com/watch?v=uTYwe0SCIpc,0,0,0,0,
c83b621071d441f391ec9f23cf764ebd,143,4327,43,6,236,https://www.youtube.com/watch?v=gy6U4duzZ-Y,43,5,43,https://www.youtube.com/watch?v=-I75JT0YvuA,137,30,236,https://www.youtube.com/watch?v=gy6U4duzZ-Y,0,0,0,0,
921e0a5b34fe4e5897bc5da84457a0b8,142,2591,101,35,336,https://www.youtube.com/watch?v=1aRn542amyY,118,43,336,https://www.youtube.com/watch?v=1aRn542amyY,15,14,29,https://www.youtube.com/watch?v=qIqZRkmlUO0,81,66,62,67,https://www.twitch.tv/videos/1918523734
a13421f0201540ecaccd5c207b15c425,142,6081,23,10,34,https://www.youtube.com/watch?v=8AmUdnFUBM0,23,10,34,https://www.youtube.com/watch?v=8AmUdnFUBM0,0,0,0,,0,0,0,0,
f7c5066e776943ef9f277e3f41232272,141,4246,0,0,0,,0,0,0,,0,0,0,,0,0,0,0,
2e05bf5968cf4b3789a1316f5b05d857,141,40260,34,26,93,https://www.youtube.com/watch?v=87cts44n6_0,0,0,0,,34,26,93,https://www.youtube.com/watch?v=87cts44n6_0,0,0,0,0,
483a76d7ad1d464aa290606959ddddec,141,4968,58,25,177,https://www.youtube.com/watch?v=8K4DEwVs3_4,112,75,177,https://www.youtube.com/watch?v=8K4DEwVs3_4,41,18,73,https://www.youtube.com/watch?v=RUkCRGAuhoA,58,51,41,66,https://www.twitch.tv/videos/1914112659
9b5bfa83a91e411fbeebfb68e8a56733,140,2763,0,0,0,,0,0,0,,0,0,0,,0,0,0,0,
837cc45c90974caa9f07699c3899fa7b,140,4925,32,9,74,https://www.youtube.com/watch?v=YhNNttZA1dA,32,11,74,https://www.youtube.com/watch?v=YhNNttZA1dA,21,0,21,https://www.youtube.com/watch?v=zATggnXbmv4,81,39,33,78,https://www.twitch.tv/videos/1912493490
a84b1b6deabc462b9cf994fd02304b5b,139,663,0,0,0,,0,0,0,,0,0,0,,1238,295,178,523,https://www.twitch.tv/videos/1908885291
c2b01c98f9a946a9ae34ed7d7abbd8df,139,1674,74,16,125,https://www.youtube.com/watch?v=WczOngEGz6U,24,16,24,https://www.youtube.com/watch?v=of2f83dEf_I,125,17,125,https://www.youtube.com/watch?v=WczOngEGz6U,0,0,0,0,
13b4e9aa6e064daeae11a136e2ec03fd,138,6025,26,11,105,https://www.youtube.com/watch?v=rfJToSiLEyc,26,11,105,https://www.youtube.com/watch?v=rfJToSiLEyc,0,0,0,,0,0,0,0,
7d467d2119684242aacc405728e88bf9,138,1862,33,4,33,https://www.youtube.com/watch?v=RZvvAH4zA6M,0,0,0,,33,4,33,https://www.youtube.com/watch?v=RZvvAH4zA6M,0,0,0,0,
ec2bb7a7428a43268780ea2e37fd1546,138,1778,0,0,0,,0,0,0,,0,0,0,,0,0,0,0,
85340d14d5654ac3b28b39b007a7dea7,138,5162,0,0,0,,0,0,0,,0,0,0,,0,0,0,0,
8362a08808604c0fbe3eaf6e945b3267,137,3015,0,0,0,,0,0,0,,0,0,0,,0,0,0,0,
98c577d538f84d75a3c34e0f9d13c8a3,137,2656,3,1,8,https://www.youtube.com/watch?v=QhvLzSgFTVQ,0,0,0,,3,1,8,https://www.youtube.com/watch?v=QhvLzSgFTVQ,141,46,38,98,https://www.twitch.tv/videos/1915984523
de5f8aaf92814bb79eb91adb0efc8f1d,136,5430,21,9,43,https://www.youtube.com/watch?v=4e_d6ZedoH4,21,9,43,https://www.youtube.com/watch?v=4e_d6ZedoH4,0,0,0,,0,0,0,0,
75eb49d99170441ab784d7bec7378d21,136,4799,14,3,91,https://www.youtube.com/watch?v=aHked9nY1Tk,0,0,0,,14,3,91,https://www.youtube.com/watch?v=aHked9nY1Tk,697,77,50,301,https://www.twitch.tv/videos/1915806146
00d9cb7b0bcd451999f4fd33dd84be6c,136,4560,64,36,187,https://www.youtube.com/watch?v=3qH4VYzyzLo,0,0,0,,64,36,187,https://www.youtube.com/watch?v=3qH4VYzyzLo,2732,296,222,517,https://www.twitch.tv/videos/1908756469
6159040406fc4e6cb73dbf9734717703,136,13631,91,84,91,https://www.youtube.com/watch?v=FDhMgtJA5AY,0,0,0,,91,84,91,https://www.youtube.com/watch?v=FDhMgtJA5AY,1898,204,100,498,https://www.twitch.tv/videos/1903533519
21d69425cef1457180b1857cb6f8a6b6,136,20526,0,0,0,,0,0,0,,0,0,0,,204,0,0,0,
fa83a68ebfff419983124d69373ede6f,136,243,121,54,190,https://www.youtube.com/watch?v=92ZX1hI-GaM,0,0,0,,121,54,190,https://www.youtube.com/watch?v=92ZX1hI-GaM,279,0,0,0,
90c230602c7542daa149c6f6edebc7c4,135,1331,0,0,0,,0,0,0,,0,0,0,,0,0,0,0,
7754a4ea82814b7fbbecfcf459382001,133,12465,39,20,1566,https://www.youtube.com/watch?v=Ob7at41Hnjs,0,0,0,,39,20,1566,https://www.youtube.com/watch?v=Ob7at41Hnjs,1078,290,227,331,https://www.twitch.tv/videos/1910612738
433b2802b62441a39c721400926d59eb,133,1463,0,0,0,,0,0,0,,0,0,0,,0,0,0,0,
c031d1ba5a164342841411d3b9b3a972,133,5712,0,0,0,,0,0,0,,0,0,0,,0,0,0,0,
dfa5fefa546a40d5a677ddfff02ff3e1,133,4967,0,0,0,,0,0,0,,0,0,0,,228,0,0,0,
c08ae8d7412d407c8b233f6e445d081c,133,513,23,6,50,https://www.youtube.com/watch?v=endlqqbewzg,0,0,0,,23,6,50,https://www.youtube.com/watch?v=endlqqbewzg,484,91,79,138,https://www.twitch.tv/videos/1914050507
a920d67ea25f449491121763b3117f95,132,4073,5,2,24,https://www.youtube.com/watch?v=qTYPU5QDsrA,0,0,0,,5,2,24,https://www.youtube.com/watch?v=qTYPU5QDsrA,178,24,16,69,https://www.twitch.tv/videos/1918593216
240c765d12ae40ab85e53fb39eb22b03,130,2021,0,0,0,,0,0,0,,0,0,0,,4362,51,47,51,https://www.twitch.tv/videos/1917714287
ef2c9ea8d1644ce283daada94023648b,130,4285,31,14,88,https://www.youtube.com/watch?v=GRbZD2Ejhm0,31,14,88,https://www.youtube.com/watch?v=GRbZD2Ejhm0,0,0,0,,0,0,0,0,
6b5f0c6b2ff74b0b9f906f5000298b91,130,5205,0,0,0,,0,0,0,,0,0,0,,0,0,0,0,
01bebf0363a94b16b2313053c90a1c8a,129,1601,22,10,207,https://www.youtube.com/watch?v=x94Y4mQUhf8,0,0,0,,22,10,207,https://www.youtube.com/watch?v=x94Y4mQUhf8,272,82,62,114,https://www.twitch.tv/videos/1907141871
f9936f509d7f4fb4a88b5c8a65a33602,126,576,0,0,0,,0,0,0,,0,0,0,,0,0,0,0,
82dcae1da14844ee88960a76041e7c27,126,450,0,0,0,,0,0,0,,0,0,0,,287,0,0,0,
f9247dd02dd24e209eba623edcd8354b,126,2630,48,11,165,https://www.youtube.com/watch?v=0mqIidwzfrI,54,4,119,https://www.youtube.com/watch?v=jdkd8OhDD4g,43,16,165,https://www.youtube.com/watch?v=0mqIidwzfrI,0,0,0,0,
5205602b7f5a424eaefc557e4fb55823,126,1083,0,0,0,,0,0,0,,0,0,0,,146,0,0,0,
75da31a9fa4e4dafac9e98135bfab373,125,0,0,0,0,,0,0,0,,0,0,0,,0,0,0,0,
9099b86c3fe84a138b0bc1f258bca138,124,3225,23,10,58,https://www.youtube.com/watch?v=XGFR3NlUlyk,23,10,58,https://www.youtube.com/watch?v=XGFR3NlUlyk,0,0,0,,0,0,0,0,
3e86fddd8145474691e77ba761a6b2a5,124,11899,108,66,152,https://www.youtube.com/watch?v=KySjZ5Bdh5o,0,0,0,,108,66,152,https://www.youtube.com/watch?v=KySjZ5Bdh5o,586,25,21,25,https://www.twitch.tv/videos/1915366570
803435ca691f43a4b02360926fee23d1,123,4733,0,0,0,,0,0,0,,0,0,0,,1214,130,103,187,https://www.twitch.tv/videos/1913206718
3c567ec581484049ae43ef1fc976964d,123,16759,0,0,0,,0,0,0,,0,0,0,,0,0,0,0,
d8564014250140c6a15e29c8ba2f96b0,123,1332,0,0,0,,0,0,0,,0,0,0,,0,0,0,0,
6542ad533b67427ab99e5b2277ace17d,122,1319,89,23,103,https://www.youtube.com/watch?v=EASd5fX-J-w,89,23,103,https://www.youtube.com/watch?v=EASd5fX-J-w,0,0,0,,0,0,0,0,
4de233ea7dfc4a7da1738ab627babd48,122,3399,38,26,105,https://www.youtube.com/watch?v=6ehhMCugQAA,38,26,105,https://www.youtube.com/watch?v=6ehhMCugQAA,0,0,0,,0,0,0,0,
0c97b425059d4ac893cae0f804f4ccbc,122,3785,41,11,51,https://www.youtube.com/watch?v=__PrUHkILYE,41,11,51,https://www.youtube.com/watch?v=__PrUHkILYE,0,0,0,,0,0,0,0,
ec198b33036c436591c01ee93976b6a3,121,2049,0,0,0,,0,0,0,,0,0,0,,0,0,0,0,
c5e956bdce614dddbeddfaf6ada4200d,121,4825,33,11,58,https://www.youtube.com/watch?v=4SSZzWhBptA,33,11,58,https://www.youtube.com/watch?v=4SSZzWhBptA,0,0,0,,0,0,0,0,
507e6557d0f240ef8b9226610f17b729,121,422,0,0,0,,0,0,0,,0,0,0,,47,0,0,0,
bff3b878d9864ff893bd79d1f2a7a849,121,6450,30,12,62,https://www.youtube.com/watch?v=Ur9d9Kr0aN8,30,12,62,https://www.youtube.com/watch?v=Ur9d9Kr0aN8,24,8,61,https://www.youtube.com/watch?v=S_U8IG3sE0s,30,19,16,20,https://www.twitch.tv/videos/1913371249
fef1577c0352446c8e371b9fd9e7cc73,121,4014,2,0,13,https://www.youtube.com/watch?v=UxV5ZLjxWbc,0,0,0,,2,0,13,https://www.youtube.com/watch?v=UxV5ZLjxWbc,82,8,7,15,https://www.twitch.tv/videos/1915122909
c72045d5b8714411af64d5c9d29cea97,120,3353,27,14,65,https://www.youtube.com/watch?v=Ye9zGWKolv0,28,19,65,https://www.youtube.com/watch?v=Ye9zGWKolv0,9,3,10,https://www.youtube.com/watch?v=gkVdzrjZapk,0,0,0,0,
8b1758159f754a3a8d7f26dcf12c008f,120,6075,0,0,0,,0,0,0,,0,0,0,,0,0,0,0,
7fd852303a6c4087a1a99fde1fa92bfc,119,5115,49,24,49,https://www.youtube.com/watch?v=jw8yJdjm9LA,0,0,0,,49,24,49,https://www.youtube.com/watch?v=jw8yJdjm9LA,0,0,0,0,
3fbdaff2a59b4bbfb4780d22428bd66e,118,1972,0,0,0,,0,0,0,,0,0,0,,0,0,0,0,
0979940d57534fc0948e24369aa495c5,117,1116,0,0,0,,0,0,0,,0,0,0,,2378,362,337,362,https://www.twitch.tv/videos/1917616978
a1d3d37caa68474288b903f309db32a1,117,6940,15,13,30,https://www.youtube.com/watch?v=jZnae9herNE,15,13,30,https://www.youtube.com/watch?v=jZnae9herNE,0,0,0,,0,0,0,0,
c26ea894da5741df9e1bc62044f6bce7,117,212,67,24,91,https://www.youtube.com/watch?v=5a5xd5sADRU,0,0,0,,67,24,91,https://www.youtube.com/watch?v=5a5xd5sADRU,42,0,0,0,
b850c220033a4b6d83c9b9b70b04647b,116,1511,34,22,53,https://www.youtube.com/watch?v=8sCSb5uWtfk,34,22,53,https://www.youtube.com/watch?v=8sCSb5uWtfk,0,0,0,,106,50,43,66,https://www.twitch.tv/videos/1915892967
7ccac8385e2d41f69aab04b7f2b23cac,116,1257,0,0,0,,0,0,0,,0,0,0,,1068,342,227,547,https://www.twitch.tv/videos/1909804788
8882f2de2e6947e190be5b4f63a4e626,116,0,0,0,0,,0,0,0,,0,0,0,,0,0,0,0,
c85822960da341bb8f5323219b233bd1,116,5592,27,17,27,https://www.youtube.com/watch?v=bWFzHzSyMK8,0,0,0,,27,17,27,https://www.youtube.com/watch?v=bWFzHzSyMK8,0,0,0,0,
904f58005872497b82964fff25490152,116,2925,71,17,281,https://www.youtube.com/watch?v=GoruYP5P4FA,78,26,281,https://www.youtube.com/watch?v=GoruYP5P4FA,64,3,132,https://www.youtube.com/watch?v=GgbzcMrMN-w,26,90,77,90,https://www.twitch.tv/videos/1915748348
4082a4a1c5784e6c8bea9b58de009664,115,3754,5,2,11,https://www.youtube.com/watch?v=8m6HfOpzSDA,0,0,0,,5,2,11,https://www.youtube.com/watch?v=8m6HfOpzSDA,0,0,0,0,
c92baa46ff4e41c9918ad2427c0853d6,114,5157,0,0,0,,0,0,0,,0,0,0,,2460,334,258,1083,https://www.twitch.tv/videos/1910100287
6db478d80f2843edbe9b6ba6f8ac3e05,114,5246,4,3,4,https://www.youtube.com/watch?v=P-W1Hyc6gDs,0,0,0,,4,3,4,https://www.youtube.com/watch?v=P-W1Hyc6gDs,0,0,0,0,
02e1e72c4c014befa51c971024f2d952,113,3023,0,0,0,,0,0,0,,0,0,0,,0,0,0,0,
061fa27713ec453ebf41c21eb58b7719,112,591,48,20,48,https://www.youtube.com/watch?v=P10ngPXGzRQ,48,20,48,https://www.youtube.com/watch?v=P10ngPXGzRQ,0,0,0,,0,0,0,0,
513c300c8af04b8a84d18f665b66481f,112,3196,0,0,0,,0,0,0,,0,0,0,,0,0,0,0,
65f0266aa5484b4e9f244e856e0d88b3,111,22,0,0,0,,0,0,0,,0,0,0,,427,23,13,80,https://www.twitch.tv/videos/1910665577
07ad147bcc7b4bf381e697e2c5578404,111,3596,33,17,38,https://www.youtube.com/watch?v=3urFt1VuGyc,33,17,38,https://www.youtube.com/watch?v=3urFt1VuGyc,0,0,0,,0,0,0,0,
356186a5552f499baab4ac520b7d4235,110,3832,48,27,87,https://www.youtube.com/watch?v=uTVQpzBeXqI,48,30,87,https://www.youtube.com/watch?v=uTVQpzBeXqI,42,11,56,https://www.youtube.com/watch?v=9zvr9RhLKF4,0,0,0,0,
67dc6d443cff47a4bc6a31a56e8b72f5,110,7894,23,13,53,https://www.youtube.com/watch?v=bXaUE5WILMs,23,13,53,https://www.youtube.com/watch?v=bXaUE5WILMs,0,0,0,,0,0,0,0,
6b21f41580a64cc7ab15d219a612723b,110,0,0,0,0,,0,0,0,,0,0,0,,4057,314,284,314,https://www.twitch.tv/videos/1916865771
dba866f372c5448eb2976dfa3351324b,108,5010,0,0,0,,0,0,0,,0,0,0,,0,0,0,0,
3750eae778e9453eaeee75956a8dabc6,107,0,0,0,0,,0,0,0,,0,0,0,,1435,0,0,0,
b09a41f278bc4b9388e708724c92f149,107,7502,0,0,0,,0,0,0,,0,0,0,,0,0,0,0,
8b5d6e9353ba46789fa6a2cfd94f69b2,105,1774,16,1,16,https://www.youtube.com/watch?v=KFaaJIXvdQU,0,0,0,,16,1,16,https://www.youtube.com/watch?v=KFaaJIXvdQU,82,17,11,17,https://www.twitch.tv/videos/1911575063
c6704a4edfef443ba46ba7f0db0c4ff9,103,2863,51,18,130,https://www.youtube.com/watch?v=1jIMII91Nik,51,18,130,https://www.youtube.com/watch?v=1jIMII91Nik,0,0,0,,0,0,0,0,
a64ba9e0b7dd4de58ffbdf9ca043a90b,103,1524,29,14,117,https://www.youtube.com/watch?v=81yJg8tyGUQ,30,14,117,https://www.youtube.com/watch?v=81yJg8tyGUQ,25,12,25,https://www.youtube.com/watch?v=AZwG-nF2CqM,0,0,0,0,
2d25a18a83af462a8d4062e162017a1a,103,3627,10,5,26,https://www.youtube.com/watch?v=7wkU57CEnvg,0,0,0,,10,5,26,https://www.youtube.com/watch?v=7wkU57CEnvg,463,65,37,93,https://www.twitch.tv/videos/1911667372
86a9d44f3d7c47769122c762db7c37e9,103,1585,0,0,0,,0,0,0,,0,0,0,,1437,106,85,298,https://www.twitch.tv/videos/1917422973
47d591738d2449a496e7ce140b539662,103,863,0,0,0,,0,0,0,,0,0,0,,1355,274,171,458,https://www.twitch.tv/videos/1912945588
77364942d7f24440bbde8efa71c724df,102,6331,11,3,24,https://www.youtube.com/watch?v=GF63IDycARs,11,3,24,https://www.youtube.com/watch?v=GF63IDycARs,0,0,0,,306,33,23,73,https://www.twitch.tv/videos/1913570248
e5f12d1681344318a53695ef5bc11fbc,102,1837,586,355,586,https://www.youtube.com/watch?v=AFIXuavCKag,0,0,0,,586,355,586,https://www.youtube.com/watch?v=AFIXuavCKag,181,53,32,53,https://www.twitch.tv/videos/1908968580
0a293e8cda6645709e6fb92f7b66f069,102,734,0,0,0,,0,0,0,,0,0,0,,125,47,39,77,https://www.twitch.tv/videos/1916848179
af132d32a46342178ed398b3c4243e80,101,1105,26,3,38,https://www.youtube.com/watch?v=Y5LcUkLo-eY,26,3,38,https://www.youtube.com/watch?v=Y5LcUkLo-eY,0,0,0,,0,0,0,0,
53b98a4bbf49419fb4516525846d4d35,101,208,0,0,0,,0,0,0,,0,0,0,,1927,0,0,0,
c8e7047c84614b1bb8e9f352c7dac95e,101,1206,0,0,0,,0,0,0,,0,0,0,,612,117,66,117,https://www.twitch.tv/videos/1908038353
302b50b5cf4844d58868013404b1ec3f,100,1428,0,0,0,,0,0,0,,0,0,0,,0,0,0,0,
6e15e67ee0fd4acaaf9f7104bfd186bd,99,1366,0,0,0,,0,0,0,,0,0,0,,0,0,0,0,
07fec8d9014a41c28216345a5adb1533,98,265,0,0,0,,0,0,0,,0,0,0,,497,81,45,240,https://www.twitch.tv/videos/1913056409
c6e955ae1fce48678120bc086a436073,97,1767,46,20,141,https://www.youtube.com/watch?v=ocwkIZBjLlA,46,20,141,https://www.youtube.com/watch?v=ocwkIZBjLlA,0,0,0,,0,0,0,0,
ab540a5b73bb4dfa85cebffb70fad5db,95,425,64,55,170,https://www.youtube.com/watch?v=01D3Sqb6S9Y,0,0,0,,64,55,170,https://www.youtube.com/watch?v=01D3Sqb6S9Y,224,228,213,338,https://www.twitch.tv/videos/1914174162
c9e933e250e747f88f8cbf4857ec7f3b,95,0,0,0,0,,0,0,0,,0,0,0,,1787,137,83,581,https://www.twitch.tv/videos/1909027403
dc27d7819dac471f907e0ace5131580f,95,2146,19,9,42,https://www.youtube.com/watch?v=qikVctLbchA,0,0,0,,19,9,42,https://www.youtube.com/watch?v=qikVctLbchA,517,339,252,614,https://www.twitch.tv/videos/1913963084
c7e9651357c34574a3e8dd7d8e62ab18,95,3752,64,32,155,https://www.youtube.com/watch?v=TfOdzRxThgY,73,39,155,https://www.youtube.com/watch?v=TfOdzRxThgY,40,17,64,https://www.youtube.com/watch?v=w6IfBoX8x8g,35,0,0,0,
2ff6c25f8e5943d2ac0a6a006f5784c3,94,215,6,2,32,https://www.youtube.com/watch?v=0teexOY9XKU,0,0,0,,6,2,32,https://www.youtube.com/watch?v=0teexOY9XKU,295,72,60,189,https://www.twitch.tv/videos/1907234986
be4cf0f0dbca4973992d2cb553c1c2bc,94,444,0,0,0,,0,0,0,,0,0,0,,539,64,45,137,https://www.twitch.tv/videos/1907202859
68671ee09add4d87b8038acebc5b48a4,94,1377,20,5,71,https://www.youtube.com/watch?v=6Q8ygB-YVwU,0,0,0,,20,5,71,https://www.youtube.com/watch?v=6Q8ygB-YVwU,398,62,50,111,https://www.twitch.tv/videos/1916166197
31c7fada1ab24cbd83ab4ae698955a29,94,965,95,39,582,https://www.youtube.com/watch?v=HJxNfxUaauc,72,65,99,https://www.youtube.com/watch?v=7aWy--msENM,96,25,582,https://www.youtube.com/watch?v=HJxNfxUaauc,0,0,0,0,
20181f161f2c42d49003d8dee458dd5e,93,710,29,18,31,https://www.youtube.com/watch?v=5g6K6ptDLgQ,29,18,31,https://www.youtube.com/watch?v=5g6K6ptDLgQ,0,0,0,,0,0,0,0,
93162af392cc4e70bb6d404a14190c19,92,1672,3,3,9,https://www.youtube.com/watch?v=483zhEq91S0,0,0,0,,3,3,9,https://www.youtube.com/watch?v=483zhEq91S0,0,0,0,0,
b18dea7632bc49db974a22d6eb6660fb,92,4433,12,5,56,https://www.youtube.com/watch?v=pkfle6G797I,0,0,0,,12,5,56,https://www.youtube.com/watch?v=pkfle6G797I,243,14,8,46,https://www.twitch.tv/videos/1909923019
8cbdee1cfd644878b7392bd1c996c185,92,2272,5,4,28,https://www.youtube.com/watch?v=hFIzubDR6Ec,0,0,0,,5,4,28,https://www.youtube.com/watch?v=hFIzubDR6Ec,115,13,11,53,https://www.twitch.tv/videos/1907231218
c441bf25222246ac8f1a67477d047520,89,0,0,0,0,,0,0,0,,0,0,0,,0,0,0,0,
8064b5c85fc64d10ae3e9d3a4c0dfd8f,89,682,0,0,0,,0,0,0,,0,0,0,,2640,80,60,5438,https://www.twitch.tv/videos/1917985308
824b3c4c3a514564b2bd97af1812ecf5,88,1423,0,0,0,,0,0,0,,0,0,0,,0,0,0,0,
16dba95f038f4b5ca6d3599c80ebe118,87,1357,0,0,0,,0,0,0,,0,0,0,,0,0,0,0,
431a9bc2ab514e39bb80e323419b4c9a,87,221,18,8,18,https://www.youtube.com/watch?v=R5tBc3jzXL0,0,0,0,,18,8,18,https://www.youtube.com/watch?v=R5tBc3jzXL0,0,0,0,0,
1ea5aa0a7a7d401b897630667cf4b44e,86,0,0,0,0,,0,0,0,,0,0,0,,75,0,0,0,
d39880395a4b4f3d980819da82cbd90f,85,1095,29,22,47,https://www.youtube.com/watch?v=SQ1CqFhMtMI,0,0,0,,29,22,47,https://www.youtube.com/watch?v=SQ1CqFhMtMI,512,135,118,1050,https://www.twitch.tv/videos/1908829356
a3bbe09809e141e5b0658a79ba63f977,85,1470,1,0,30,https://www.youtube.com/watch?v=BGwTvmm1dxc,0,0,0,,1,0,30,https://www.youtube.com/watch?v=BGwTvmm1dxc,268,92,58,185,https://www.twitch.tv/videos/1914114887
43b63a022b664691827cd276aff6e4f4,85,3125,27,11,48,https://www.youtube.com/watch?v=7XBYlWGdfow,27,11,48,https://www.youtube.com/watch?v=7XBYlWGdfow,0,0,0,,0,0,0,0,
647a4992105c4f18b92239156e0064fb,85,639,111,60,305,https://www.youtube.com/watch?v=qe8VWNj7cCs,0,0,0,,111,60,305,https://www.youtube.com/watch?v=qe8VWNj7cCs,0,0,0,0,
2479e2782c0b4a7880004832c84a336b,85,888,7,3,15,https://www.youtube.com/watch?v=p5gFZdrs9JE,0,0,0,,7,3,15,https://www.youtube.com/watch?v=p5gFZdrs9JE,138,47,36,96,https://www.twitch.tv/videos/1908688249
c489b78388904133a8b93cd4d0470aad,84,823,59,50,167,https://www.youtube.com/watch?v=T-o_jHf2axQ,0,0,0,,59,50,167,https://www.youtube.com/watch?v=T-o_jHf2axQ,361,88,65,119,https://www.twitch.tv/videos/1908957491
249c62cfb8b64d7880c681c55c0e761a,83,1207,0,0,0,,0,0,0,,0,0,0,,0,0,0,0,
7a5f358662cc4ba6bfe35586eb344bd3,82,153,0,0,0,,0,0,0,,0,0,0,,591,0,0,0,
c6664b1ee2424dad811bdb762503b41c,82,824,0,0,0,,0,0,0,,0,0,0,,101,0,0,0,
976b29c2cb6e4092957f42da56b4c7c6,81,505,0,0,0,,0,0,0,,0,0,0,,469,46,37,46,https://www.twitch.tv/videos/1914223870
1618171723d84cbe8b57cd69fa6f477f,80,935,0,0,0,,0,0,0,,0,0,0,,489,63,35,156,https://www.twitch.tv/videos/1907225911
ce08f5426e7b43cab916a327f491f74d,79,1049,32,17,47,https://www.youtube.com/watch?v=heUaglPmKHA,32,17,47,https://www.youtube.com/watch?v=heUaglPmKHA,0,0,0,,0,0,0,0,
09945e9139af4f3a96e6adfd73139d35,79,118,60,32,75,https://www.youtube.com/watch?v=q54Y0Ia8sjA,45,29,45,https://www.youtube.com/watch?v=Py6VzfFVJuA,75,35,75,https://www.youtube.com/watch?v=q54Y0Ia8sjA,460,149,104,232,https://www.twitch.tv/videos/1916844204
82bc06ac5c6e42cf80ec426c5b31a3c3,78,2457,19,2,41,https://www.youtube.com/watch?v=OEHG-xYGgkM,0,0,0,,19,2,41,https://www.youtube.com/watch?v=OEHG-xYGgkM,0,0,0,0,
a9396c8dd95e43b29c694b14afa07ac4,78,218,0,0,0,,0,0,0,,0,0,0,,320,74,51,132,https://www.twitch.tv/videos/1909995501
fe1bd62313574733ab86c1a56b7143ab,77,1761,0,0,0,,0,0,0,,0,0,0,,1564,102,92,227,https://www.twitch.tv/videos/1909563663
76a17ecab93c4c3db069c9a5d8d0ecf5,77,296,0,0,0,,0,0,0,,0,0,0,,1122,419,135,987,https://www.twitch.tv/videos/1898145241
624948114ff449e79fc17a68a43ecd68,77,574,104,60,146,https://www.youtube.com/watch?v=U1ygUIU-zM0,77,57,146,https://www.youtube.com/watch?v=U1ygUIU-zM0,131,103,131,https://www.youtube.com/watch?v=G6hzCQrh43s,0,0,0,0,
988b153a77804b24a6ca99ffd7e298c3,77,2468,0,0,0,,0,0,0,,0,0,0,,0,0,0,0,
135224fe261040639a802804b52f22db,75,1678,0,0,0,,0,0,0,,0,0,0,,372,110,66,118,https://www.twitch.tv/videos/1908886627
76b44153656540e7ab449a9f57cef7ce,75,1516,28,9,35,https://www.youtube.com/watch?v=scedUO-bdeM,27,16,35,https://www.youtube.com/watch?v=scedUO-bdeM,28,6,28,https://www.youtube.com/watch?v=VXicYP3kTfQ,31,12,11,12,https://www.twitch.tv/videos/1917855828
f35a552c958c4e798cac3bff3f5fff2b,75,316,0,0,0,,0,0,0,,0,0,0,,375,82,67,90,https://www.twitch.tv/videos/1915162647
fd1f154909d743129d5d6f58813bf231,73,3214,0,0,0,,0,0,0,,0,0,0,,0,0,0,0,
2928a7d5624e4af8b1331eabae6bda17,73,232,1,0,3,https://www.youtube.com/watch?v=jZGO1DjorcY,0,0,0,,1,0,3,https://www.youtube.com/watch?v=jZGO1DjorcY,450,79,51,135,https://www.twitch.tv/videos/1909138332
cde66ce63cec4a7a819968ef01489eb9,72,686,0,0,0,,0,0,0,,0,0,0,,271,78,55,145,https://www.twitch.tv/videos/1909770517
4392368e4dea40ccb6b6bca109e75d62,71,2421,0,0,0,,0,0,0,,0,0,0,,352,0,0,0,
2cf39ef13e434910b3681d75d2ebfab3,71,4414,13,2,13,https://www.youtube.com/watch?v=0d7ITeMr4gY,13,2,13,https://www.youtube.com/watch?v=0d7ITeMr4gY,0,0,0,,0,0,0,0,
fd638ba6820241d1b3367afab0c6ab3e,70,4884,18,11,22,https://www.youtube.com/watch?v=2yzymqYEdCE,18,11,22,https://www.youtube.com/watch?v=2yzymqYEdCE,0,0,0,,0,0,0,0,
f6c33980cbb9463d88229e058bd54b3f,69,630,0,0,0,,0,0,0,,0,0,0,,0,0,0,0,
f5c278ed50af44b6a78e8436020c871f,69,952,38,19,42,https://www.youtube.com/watch?v=qGKuzYJbP-4,40,29,42,https://www.youtube.com/watch?v=qGKuzYJbP-4,13,9,13,https://www.youtube.com/watch?v=yoxeDZTqtYA,0,0,0,0,
12ece01ae7004e9195e79309f0cdae40,69,447,0,0,0,,0,0,0,,0,0,0,,2172,0,0,0,
82ceab659cbe441fb2f6555fdcacad6c,68,1048,0,0,0,,0,0,0,,0,0,0,,0,0,0,0,
423ee3a5dbd549f19893a1823856b8dc,68,100,0,0,0,,0,0,0,,0,0,0,,263,49,33,76,https://www.twitch.tv/videos/1913452961
a127ff7335ae467d961641bcf84f1e2f,68,5382,0,0,0,,0,0,0,,0,0,0,,1397,206,152,253,https://www.twitch.tv/videos/1914129175
e93b2dd2339a422f8ab3d21c9d95161c,68,442,0,0,0,,0,0,0,,0,0,0,,297,13,12,24,https://www.twitch.tv/videos/1911697523
025ce8dccaa4466c80061aa308c378c3,68,1859,29,10,84,https://www.youtube.com/watch?v=N3v5SG7oIoM,31,11,84,https://www.youtube.com/watch?v=N3v5SG7oIoM,15,7,15,https://www.youtube.com/watch?v=nmZj9gARJP0,40,12,10,20,https://www.twitch.tv/videos/1914274653
8868dd9b4d75481397fd841b8ef6c55d,67,800,0,0,0,,0,0,0,,0,0,0,,7,0,0,0,
4d96aeef13f949e19026682e337db138,67,1180,36,25,70,https://www.youtube.com/watch?v=ketcZddn-xU,0,0,0,,36,25,70,https://www.youtube.com/watch?v=ketcZddn-xU,2229,206,137,239,https://www.twitch.tv/videos/1907972372
606b5d09425246eda64b4c462ecfbcb4,67,196,33,30,33,https://www.youtube.com/watch?v=vf71g0zkrrM,0,0,0,,33,30,33,https://www.youtube.com/watch?v=vf71g0zkrrM,0,0,0,0,
45850b41e06641ef9dc11aa3d94c9738,66,2816,0,0,0,,0,0,0,,0,0,0,,0,0,0,0,
bb21226dc1db41e294f545133948115b,64,1126,0,0,0,,0,0,0,,0,0,0,,865,0,0,0,
b9a09f50375248aebc3d6afdb7f5adf6,64,718,0,0,0,,0,0,0,,0,0,0,,448,0,0,0,
98fd913e544f4725afdd28ad05f3e737,64,2844,36,26,49,https://www.youtube.com/watch?v=A-ncfdByXvw,36,26,49,https://www.youtube.com/watch?v=A-ncfdByXvw,0,0,0,,0,0,0,0,
577251897dc7463393b68c5b6f96559b,63,648,0,0,0,,0,0,0,,0,0,0,,194,43,37,83,https://www.twitch.tv/videos/1917730956
288ba70f1a044c72a65ed9cf3b425d13,63,1608,24,13,47,https://www.youtube.com/watch?v=6vL7cZzB-QM,24,13,47,https://www.youtube.com/watch?v=6vL7cZzB-QM,0,0,0,,0,0,0,0,
c6af4f23c6ce4adab5301d79b0bd343a,63,936,0,0,0,,0,0,0,,0,0,0,,1820,363,286,648,https://www.twitch.tv/videos/1912279279
4ec87ced65c74722927e8fd3f219a653,62,1037,53,32,152,https://www.youtube.com/watch?v=f5YkpI0_Nk8,60,44,152,https://www.youtube.com/watch?v=f5YkpI0_Nk8,36,4,45,https://www.youtube.com/watch?v=Qw6IbE_TyCE,0,0,0,0,
debee55625644b54998c4ad33034003a,62,4971,0,0,0,,0,0,0,,0,0,0,,0,0,0,0,
ad6455da071543ab88cd4855a11cf39b,61,1227,38,14,54,https://www.youtube.com/watch?v=sFtSkt_aqCU,38,14,54,https://www.youtube.com/watch?v=sFtSkt_aqCU,0,0,0,,0,0,0,0,
bedd14283dd34a639c5f77a95856ecad,60,754,35,23,52,https://www.youtube.com/watch?v=gwGFrltZGHY,35,23,52,https://www.youtube.com/watch?v=gwGFrltZGHY,0,0,0,,0,0,0,0,
09b00ccde152498b808efe7317bd52f0,60,900,0,0,0,,0,0,0,,0,0,0,,1565,388,303,540,https://www.twitch.tv/videos/1909189238
5fe4d02afe22460b97267f12c11bdb94,60,674,42,26,82,https://www.youtube.com/watch?v=vh6D3-U6JCE,50,28,82,https://www.youtube.com/watch?v=vh6D3-U6JCE,23,1,23,https://www.youtube.com/watch?v=2xDaC49WS84,1,0,0,0,
9272afe9ef72434082d9b5621857afd0,60,1850,0,0,0,,0,0,0,,0,0,0,,30,0,0,0,
5cdecbd7413e4c9e9cb56373a186ccec,58,149,45,3,45,https://www.youtube.com/watch?v=2KgQq2BB_5o,0,0,0,,45,3,45,https://www.youtube.com/watch?v=2KgQq2BB_5o,149,0,0,0,
40d00625f0504909bb2cd0a99f1b49bd,58,2043,5,1,5,https://www.youtube.com/watch?v=r6roNedAUBs,0,0,0,,5,1,5,https://www.youtube.com/watch?v=r6roNedAUBs,0,0,0,0,
904217f39af144a9b922beab57e61ae4,57,694,50,3,50,https://www.youtube.com/watch?v=PZwX2x9_M6Q,0,0,0,,50,3,50,https://www.youtube.com/watch?v=PZwX2x9_M6Q,0,0,0,0,
85ba0fe720ca4a728380feb8a112356d,56,110,0,0,0,,0,0,0,,0,0,0,,0,0,0,0,
ec332c6e824044698204e6dba3e5fbfc,56,388,68,52,116,https://www.youtube.com/watch?v=XQmDjjgdGec,0,0,0,,68,52,116,https://www.youtube.com/watch?v=XQmDjjgdGec,112,0,0,0,
9382acf132a2475598801a36892f3990,56,802,0,0,0,,0,0,0,,0,0,0,,0,0,0,0,
e9569c3f60c541ab83899c09079feaa2,55,418,342,37,342,https://www.youtube.com/watch?v=mtz7dHYYDLU,0,0,0,,342,37,342,https://www.youtube.com/watch?v=mtz7dHYYDLU,497,118,81,212,https://www.twitch.tv/videos/1913370940
bd8b9130e88a44c98f1bdcbed402ae01,55,607,0,0,0,,0,0,0,,0,0,0,,0,0,0,0,
0a67a8d822094ca3a59963f0fac8798a,55,0,0,0,0,,0,0,0,,0,0,0,,0,0,0,0,
061fb9c63b7e45bb85ea7e6bd4fe3745,54,1988,0,0,0,,0,0,0,,0,0,0,,150,29,19,34,https://www.twitch.tv/videos/1915875217
949f184abcc84a82b8e9f333b41a2109,52,2347,9,2,28,https://www.youtube.com/watch?v=CilXaavyGwY,0,0,0,,9,2,28,https://www.youtube.com/watch?v=CilXaavyGwY,765,206,148,548,https://www.twitch.tv/videos/1915401485
74acc3b3c4db41d2a13cce887ad2a856,52,2577,0,0,0,,0,0,0,,0,0,0,,1604,0,0,0,
5111bbfaa63a43eca5d6940bc07e2f1d,51,1220,127,53,127,https://www.youtube.com/watch?v=GpkVNkZ-wNM,127,53,127,https://www.youtube.com/watch?v=GpkVNkZ-wNM,0,0,0,,0,0,0,0,
8fdfa107052d44b990d12045a71b3c8c,50,409,35,27,164,https://www.youtube.com/watch?v=QGUJyLgeYKc,35,27,164,https://www.youtube.com/watch?v=QGUJyLgeYKc,0,0,0,,0,0,0,0,
a1a4762aa1eb4d95be1c0c7a528a8336,50,2624,9,5,46,https://www.youtube.com/watch?v=M10GtYRTcAA,0,0,0,,9,5,46,https://www.youtube.com/watch?v=M10GtYRTcAA,569,118,111,343,https://www.twitch.tv/videos/1908840697
4af53c3526f7435a8aac99f42dccb392,49,150,0,0,0,,0,0,0,,0,0,0,,85,0,0,0,
5b0963427f8e4f04a35cb0e71d95698d,48,0,0,0,0,,0,0,0,,0,0,0,,0,0,0,0,
822b9b7a9eca49df9bfd617a19b274b0,48,398,0,0,0,,0,0,0,,0,0,0,,0,0,0,0,
255a5e79f9d14e6492d741b95f78cb7c,47,668,0,0,0,,0,0,0,,0,0,0,,2357,179,109,179,https://www.twitch.tv/videos/1909064071
7de64f4deb0946baa8d6b0da69699194,47,432,36,6,68,https://www.youtube.com/watch?v=G6heinYJvXQ,0,0,0,,36,6,68,https://www.youtube.com/watch?v=G6heinYJvXQ,43,51,39,51,https://www.twitch.tv/videos/1913320139
6c8f616ab73c449d8eb8e3888c2c8bfe,47,55,10,2,13,https://www.youtube.com/watch?v=qGHCaE3oAxM,0,0,0,,10,2,13,https://www.youtube.com/watch?v=qGHCaE3oAxM,420,191,147,271,https://www.twitch.tv/videos/1916909629
98277967013548aab3981e8f341817e7,47,318,2,0,2,https://www.youtube.com/watch?v=B_6hDp2KVfk,0,0,0,,2,0,2,https://www.youtube.com/watch?v=B_6hDp2KVfk,0,0,0,0,
e8da498df6844f83b6550334f54c2f14,47,1349,0,0,0,,0,0,0,,0,0,0,,0,0,0,0,
0e6b5ea24de64f3bbe6767999faef4c8,46,79,39,17,47,https://www.youtube.com/watch?v=Dj4x7NvJros,47,23,47,https://www.youtube.com/watch?v=Dj4x7NvJros,32,11,32,https://www.youtube.com/watch?v=JMpxrKVWXU8,0,0,0,0,
6e06a47d706d4babb3eef9568e97f058,46,1048,0,0,0,,0,0,0,,0,0,0,,0,0,0,0,
b3e0bc9dd06f4774b492e6d50dd92be2,45,30,30,18,30,https://www.youtube.com/watch?v=-0DVtvVgKm4,0,0,0,,30,18,30,https://www.youtube.com/watch?v=-0DVtvVgKm4,114,126,100,126,https://www.twitch.tv/videos/1914037762
2c2db11a23aa43298ab96e60a20692d7,45,58,0,0,0,,0,0,0,,0,0,0,,1218,220,137,349,https://www.twitch.tv/videos/1914271194
bcc486093c6041fe83ff0eacf6a7be4f,40,688,25,14,67,https://www.youtube.com/watch?v=1k1x65MCfGA,25,14,67,https://www.youtube.com/watch?v=1k1x65MCfGA,35,17,41,https://www.youtube.com/watch?v=NWIejNcMl0k,0,0,0,0,
c0b0ee4a080a4752bcbe186688cbafc2,40,536,0,0,0,,0,0,0,,0,0,0,,314,72,57,144,https://www.twitch.tv/videos/1914209262
76355385e14341a5b8360ea9d19d831e,40,183,0,0,0,,0,0,0,,0,0,0,,0,0,0,0,
f9d27b07ff84433b8397b0587f339e27,39,3084,0,0,0,https://www.youtube.com/watch?v=A1EYSR5Ath8,0,0,0,,0,0,0,https://www.youtube.com/watch?v=A1EYSR5Ath8,148,47,6,54,https://www.twitch.tv/videos/1896441564
2a25c205cc374cbeb8c8ccfe988ec9cc,39,753,0,0,0,,0,0,0,,0,0,0,,1089,0,0,0,
f5f500245cd24da7af9bc04367df119c,38,3232,0,0,0,,0,0,0,,0,0,0,,0,0,0,0,
8e84c388bf0e4f9481434a0eb392a0da,38,9,0,0,0,,0,0,0,,0,0,0,,0,0,0,0,
eadf377f5cbd41ac9842c3f5559268f6,38,488,0,0,0,,0,0,0,,0,0,0,,170,32,27,64,https://www.twitch.tv/videos/1912501217
c6e0676b98ba4c69aa167ab8dc5f0870,38,1821,8,7,41,https://www.youtube.com/watch?v=FNopW77aopo,0,0,0,,8,7,41,https://www.youtube.com/watch?v=FNopW77aopo,55,0,0,0,
e04b970f339243258cb0dc0c5735274a,38,976,0,0,0,,0,0,0,,0,0,0,,0,0,0,0,
049cb6d09a3b4db49962aa5b8e468a3f,38,2070,401,24,401,https://www.youtube.com/watch?v=kvHqETtqaGY,0,0,0,,401,24,401,https://www.youtube.com/watch?v=kvHqETtqaGY,13,0,0,0,
bb724895ca584788a6d550f5e5833add,38,24149,25,12,25,https://www.youtube.com/watch?v=aCazl4wrNgM,25,12,25,https://www.youtube.com/watch?v=aCazl4wrNgM,0,0,0,,0,0,0,0,
f158cd39f9384021918af95fe7a4998e,37,69,0,0,0,,0,0,0,,0,0,0,,117,0,0,0,
15625a3e3ee14c64ae7a76fc4b6eb8cc,37,269,23,5,30,https://www.youtube.com/watch?v=Vfb3Ou1zhwk,23,5,30,https://www.youtube.com/watch?v=Vfb3Ou1zhwk,0,0,0,,0,0,0,0,
566e5b6f438a4cacb3e4036eb9ffe9b8,37,173,0,0,0,,0,0,0,,0,0,0,,0,0,0,0,
1fa9ddce23964bab8edddf7f18dad2f3,37,95,0,0,0,,0,0,0,,0,0,0,,558,164,149,379,https://www.twitch.tv/videos/1916096754
90e99deb6e044db38dac17f268bc4ed3,37,171,26,13,70,https://www.youtube.com/watch?v=pcui1-fckDE,26,13,70,https://www.youtube.com/watch?v=pcui1-fckDE,26,9,27,https://www.youtube.com/watch?v=pAcpOUAHUxU,0,0,0,0,
aac7be72efc74efe9e77148fd4af7151,36,113,0,0,0,,0,0,0,,0,0,0,,0,0,0,0,
0b53549edaf5490ca350ef17aee7b8b9,36,174,0,0,0,,0,0,0,,0,0,0,,434,74,57,159,https://www.twitch.tv/videos/1910792683
e3b9c06f64d84a0dabb3e97c0caacaca,36,990,113,34,160,https://www.youtube.com/watch?v=LMw1yiXz0M8,0,0,0,,113,34,160,https://www.youtube.com/watch?v=LMw1yiXz0M8,0,0,0,0,
9ff652451cbd4ad098bf20dd9748ce12,36,821,0,0,0,,0,0,0,,0,0,0,,2174,53,32,125,https://www.twitch.tv/videos/1910667012
bc69cb667d6548dfb067b40d68c3056d,36,0,0,0,0,,0,0,0,,0,0,0,,3040,0,0,0,
6bf231719d5e485fa0cdee99905858d4,36,266,0,0,0,https://www.youtube.com/watch?v=L-uFK2h8oJI,0,0,0,,0,0,0,https://www.youtube.com/watch?v=L-uFK2h8oJI,148,38,34,65,https://www.twitch.tv/videos/1916750741
22f16847ee064b1bafd9bbe15bd31284,36,513,0,0,0,,0,0,0,,0,0,0,,472,56,48,81,https://www.twitch.tv/videos/1911501438
ba27c499a50f4cac87e6e5b94da18292,36,693,0,0,0,,0,0,0,,0,0,0,,79,39,27,50,https://www.twitch.tv/videos/1915146969
1f28ef7a3c88413d846f01c6d9c36e2d,35,312,0,0,0,,0,0,0,,0,0,0,,0,0,0,0,
904e3c91b4e1427f9b2d69f69aa3b13c,32,1660,24,3,24,https://www.youtube.com/watch?v=mIwqRAsV0OE,24,3,24,https://www.youtube.com/watch?v=mIwqRAsV0OE,0,0,0,,0,0,0,0,
8c0482285da84b4b97556ccc0d2c8dd9,32,0,0,0,0,,0,0,0,,0,0,0,,82,44,11,69,https://www.twitch.tv/videos/1900943727
7a8c9d29e4f44a1489379cbc04f81fce,31,160,0,0,0,,0,0,0,,0,0,0,,18,0,0,0,
2d3deb7610dd4329ba77597dfdd13043,31,188,0,0,0,,0,0,0,,0,0,0,,1286,138,107,221,https://www.twitch.tv/videos/1910718954
d9f302ca07b54664a88124d64442abac,30,5550,7,4,20,https://www.youtube.com/watch?v=dZ0xRizElAc,0,0,0,,7,4,20,https://www.youtube.com/watch?v=dZ0xRizElAc,111,0,0,0,
28e6f7c12a3b45899e7508058f926af9,30,2051,10,2,27,https://www.youtube.com/watch?v=eFKm4KqNTCs,0,0,0,,10,2,27,https://www.youtube.com/watch?v=eFKm4KqNTCs,482,87,49,297,https://www.twitch.tv/videos/1897518758
4efffd7632e94c9faad30a543c3e1150,29,949,8,1,13,https://www.youtube.com/watch?v=myZGimODaNw,0,0,0,,8,1,13,https://www.youtube.com/watch?v=myZGimODaNw,73,25,21,37,https://www.twitch.tv/videos/1914968710
c269bafe425f470e957731c454b8925c,28,806,0,0,0,,0,0,0,,0,0,0,,369,0,0,0,
30180ea70e514772a5d14174b23037d5,28,728,17,6,23,https://www.youtube.com/watch?v=1KtncU1gIVU,17,6,23,https://www.youtube.com/watch?v=1KtncU1gIVU,0,0,0,,60,0,0,0,
7ca56a8380d245b3b7e5398d12178478,27,246,0,0,0,,0,0,0,,0,0,0,,81,18,11,26,https://www.twitch.tv/videos/1907125583
9f68c1ebda2041c9a221d47733e3cab9,26,930,0,0,0,,0,0,0,,0,0,0,,0,0,0,0,
7a160bd129144664804dd3fc08fceeb1,26,77,0,0,0,,0,0,0,,0,0,0,,674,169,112,239,https://www.twitch.tv/videos/1913497955
2dce35ef53c345f4bbc667ed6246694a,25,2761,9,3,11,https://www.youtube.com/watch?v=GWqudmSiOrM,9,3,11,https://www.youtube.com/watch?v=GWqudmSiOrM,0,0,0,,0,0,0,0,
188108fa6e2e41afb060e4038e49d4ab,24,753,12,4,35,https://www.youtube.com/watch?v=aHiCAKkpnRw,12,4,35,https://www.youtube.com/watch?v=aHiCAKkpnRw,0,0,0,,663,0,0,0,
107fac8e77f74af8ba95491ae9492642,23,0,0,0,0,,0,0,0,,0,0,0,,93,43,40,141,https://www.twitch.tv/videos/1915023936
40fca873cd074b01baa8f9b006f50d00,22,3508,3,0,14,https://www.youtube.com/watch?v=BdTV2V2Tn8c,0,0,0,,3,0,14,https://www.youtube.com/watch?v=BdTV2V2Tn8c,0,0,0,0,
cf51f722dc714a0cbb022f89fa311014,20,572,0,0,0,,0,0,0,,0,0,0,,0,0,0,0,
da9e1d6a195044cf97f21f536a3fd335,18,709,0,0,0,,0,0,0,,0,0,0,,0,0,0,0,
02056e6aaa51485ea4f90eb41a7612cf,18,177,56,40,71,https://www.youtube.com/watch?v=XRmConjnGJg,56,40,71,https://www.youtube.com/watch?v=XRmConjnGJg,0,0,0,,0,0,0,0,
7360e8cae69b4d4fbe91510c776b1c5e,18,103,4,2,20,https://www.youtube.com/watch?v=JW2lUm6bKws,0,0,0,,4,2,20,https://www.youtube.com/watch?v=JW2lUm6bKws,62,27,22,46,https://www.twitch.tv/videos/1917734249
65abc9bdfc964ec39f4ee1464a2011a5,17,28,14,9,22,https://www.youtube.com/watch?v=8p7pNRvqCq0,0,0,0,,14,9,22,https://www.youtube.com/watch?v=8p7pNRvqCq0,86,62,51,82,https://www.twitch.tv/videos/1913307545
28e15053de0b42b19476c21349bbcfc4,15,119,0,0,0,,0,0,0,,0,0,0,,7,0,0,0,
a6815e229f914db2a936ad70c285cea2,14,250,0,0,0,,0,0,0,,0,0,0,,421,51,46,99,https://www.twitch.tv/videos/1917702086
4b6b92e9aea74d7481d50636f088e9be,11,768,0,0,0,,0,0,0,,0,0,0,,0,0,0,0,
d31487befff947a49249b790f2c0d289,9,0,0,0,0,,0,0,0,,0,0,0,,729,0,0,0,
d007ab56aa654d77b10cffc2f993db25,7,30,0,0,0,,0,0,0,,0,0,0,,0,0,0,0,
9cd8c8962dd94213804603687f9b0f5d,5,0,0,0,0,,0,0,0,,0,0,0,,0,0,0,0,
19fdf3885dcf4d45bdf768a6f3fd99b4,3,0,0,0,0,,0,0,0,,0,0,0,,611,40,8,56,https://www.twitch.tv/videos/1909806830
986e3f84da6c4e72af71cb69bbfdc339,3,0,0,0,0,,0,0,0,,0,0,0,,67,13,3,40,https://www.twitch.tv/videos/1907613690
f84598913e654789a80556fd38388dfb,0,0,0,0,0,,0,0,0,,0,0,0,,1513,198,167,412,https://www.twitch.tv/videos/1916567135
3de6bc82438b451abf5ebe76a366be24,0,0,0,0,0,,0,0,0,,0,0,0,,2098,580,247,2469,https://www.twitch.tv/videos/1906368714
c29bc8bf78dd417980491f19333c8fa2,0,0,0,0,0,,0,0,0,,0,0,0,,9341,3383,2012,3383,https://www.twitch.tv/videos/1908777589
7cd55e03d87c4c77843a437ec0703670,0,0,0,0,0,,0,0,0,,0,0,0,,3175,0,0,0,
42f8891a54084d89b7eaf7e233692dee,0,0,0,0,0,,0,0,0,,0,0,0,,0,0,0,0,
ec1dec0e956c41ea97dfcebe96bc41b4,0,0,0,0,0,,0,0,0,,0,0,0,,10849,842,297,2531,https://www.twitch.tv/videos/1914857694
67b37e4e1f2f49d88a047d650b70be91,0,0,0,0,0,,0,0,0,,0,0,0,,1255,60,36,93,https://www.twitch.tv/videos/1907940751
b6519fbc0d6941d4b43ce1742a14b0b2,0,0,0,0,0,,0,0,0,,0,0,0,,675,128,77,128,https://www.twitch.tv/videos/1909057971
5f71f7e5c2dc45829e1b3eddf874ed52,0,0,0,0,0,,0,0,0,,0,0,0,,0,0,0,0,
22eea06367f4430d816e38dfb68a26cf,0,0,0,0,0,,0,0,0,,0,0,0,,611,131,68,131,https://www.twitch.tv/videos/1906779410
2f6cee890853475a8bf91f5ed45f8d4f,0,0,0,0,0,,0,0,0,,0,0,0,,470,14,10,38,https://www.twitch.tv/videos/1912599327
f5034a946bf249c780a864c19efda669,0,0,0,0,0,,0,0,0,,0,0,0,,242,16,13,49,https://www.twitch.tv/videos/1908859600
70767b08ebd9437b980405c3aba89434,0,0,0,0,0,,0,0,0,,0,0,0,,4103,258,188,433,https://www.twitch.tv/videos/1910049047
f3fa92d46e744da29b61f9468c76b9a5,0,0,0,0,0,,0,0,0,,0,0,0,,0,0,0,0,
f0bc26cfe4a8451d863a8d8cbd6313ed,0,0,0,0,0,,0,0,0,,0,0,0,,10,0,0,0,
47cd428eee8640cb80afaa4ef9bb55e0,0,0,0,0,0,,0,0,0,,0,0,0,,930,215,141,503,https://www.twitch.tv/videos/1916822698
4b1df07f3a3443f8a7edd00323f2814f,0,0,0,0,0,,0,0,0,,0,0,0,,175,35,12,108,https://www.twitch.tv/videos/1904627237
3cfc2b54a543469b92a95ff1e3f1da54,0,0,0,0,0,,0,0,0,,0,0,0,,1336,478,347,933,https://www.twitch.tv/videos/1914159575
f35a9b5a49c54f4c99aec1871a069b59,0,0,0,0,0,,0,0,0,,0,0,0,,173,0,0,0,
a17fcdf32a124beba3fba16299aed2b3,0,0,0,0,0,,0,0,0,,0,0,0,,7584,1246,372,1480,https://www.twitch.tv/videos/1902793180
fa59e2edc64c432ebaeeb66b2a53ab2d,0,0,0,0,0,,0,0,0,,0,0,0,,920,150,130,281,https://www.twitch.tv/videos/1918527257
1a95bb88e451498ca3491b69af964588,0,0,0,0,0,,0,0,0,,0,0,0,,30267,2588,767,7977,https://www.twitch.tv/videos/1893223642
f99b7c49c1c8472681987ac2d1ff87bc,0,0,0,0,0,,0,0,0,,0,0,0,,236212,36098,15160,438177,https://www.twitch.tv/videos/1918456296
89d5f313052a4cfb97b7f139fd50f4fe,0,0,0,0,0,,0,0,0,,0,0,0,,166,0,0,0,
b1b462c602904499a13c056be34c6dd5,0,0,0,0,0,,0,0,0,,0,0,0,,3848,692,525,997,https://www.twitch.tv/videos/1914994601
d79b58ef1a2844be892c7295e25ccb81,0,0,0,0,0,,0,0,0,,0,0,0,,187,38,31,38,https://www.twitch.tv/videos/1914983628
007847e77d894f199e1272cf81e02730,0,0,0,0,0,,0,0,0,,0,0,0,,700,0,0,0,
cda9668f324445a7bd507094ad6946b8,0,0,0,0,0,,0,0,0,,0,0,0,,290,15,11,42,https://www.twitch.tv/videos/1915989788
7f8b337667c347b2bfcd5a90a3e01fa1,0,0,0,0,0,,0,0,0,,0,0,0,,0,0,0,0,
7dd086a606284ba6b7b584f8b00dc190,0,0,0,0,0,,0,0,0,,0,0,0,,165,42,28,90,https://www.twitch.tv/videos/1909044239
ed487e7b551f4f3b8124c6acc0966194,0,0,0,0,0,,0,0,0,,0,0,0,,0,0,0,0,
228427b15b964f1396b5a7b5eb224a21,0,0,0,0,0,,0,0,0,,0,0,0,,50,0,0,0,
d91ffcc2823f4121a2caa347a8c2a507,0,0,0,0,0,,0,0,0,,0,0,0,,708,133,76,164,https://www.twitch.tv/videos/1910873699
76489786a22c4162970f9c288157db6b,0,0,0,0,0,,0,0,0,,0,0,0,,1118,219,152,391,https://www.twitch.tv/videos/1914160450
6a6547a3f19d4870a6f11b88c60a5296,0,0,0,0,0,,0,0,0,,0,0,0,,3090,315,277,511,https://www.twitch.tv/videos/1914081689
ed051ffc6cd643c287a678fea774e644,0,0,0,0,0,,0,0,0,,0,0,0,,2699,0,0,0,
4dd7cfc58ae54c1fa6211ba9b1c607ec,0,0,0,0,0,,0,0,0,,0,0,0,,1477,148,126,162,https://www.twitch.tv/videos/1915094425
bf277797951346fe991c27c79a6c5081,0,0,0,0,0,,0,0,0,,0,0,0,,7543,1441,721,2220,https://www.twitch.tv/videos/1915876746
fb72bfcead034da2abef22637e7b2b3c,0,0,0,0,0,,0,0,0,,0,0,0,,761,183,117,199,https://www.twitch.tv/videos/1908062155
ba562aad440d483e988d3ce7e7217c94,0,0,0,0,0,,0,0,0,,0,0,0,,26973,4710,2256,14192,https://www.twitch.tv/videos/1894114675
a9f2a8de27174e269a3fc95fe6f2edd5,0,0,0,0,0,,0,0,0,,0,0,0,,256,0,0,0,
ff1dd127b71b4c3597dcb53c47782994,0,0,0,0,0,,0,0,0,,0,0,0,,2308,181,148,655,https://www.twitch.tv/videos/1908660034
a3a1caa89669445db63f22b9a3af88b0,0,0,0,0,0,,0,0,0,,0,0,0,,1001,264,181,318,https://www.twitch.tv/videos/1909745945
3a2199639669433faff0591468bcfa10,0,0,0,0,0,,0,0,0,,0,0,0,,1130,63,41,71,https://www.twitch.tv/videos/1907694068
c632ca39debc44bda6b8378c6a080997,0,0,0,0,0,,0,0,0,,0,0,0,,0,0,0,0,
eeefa43ecaf74f7b822dde3f0e7683d4,0,0,0,0,0,,0,0,0,,0,0,0,,1030,137,98,146,https://www.twitch.tv/videos/1910789654
6a963053004f4deaa0dbdf875db41879,0,0,0,0,0,,0,0,0,,0,0,0,,232,15,12,90,https://www.twitch.tv/videos/1917623326
cef544ae38ec4c03ad337e68e2d885f4,0,0,0,0,0,,0,0,0,,0,0,0,,154,11,9,11,https://www.twitch.tv/videos/1914922251
326e21d5b6e7446698969bbd8be1b564,0,0,0,0,0,,0,0,0,,0,0,0,,1815,237,171,380,https://www.twitch.tv/videos/1908119119
06337167c1a14d82b6a7f7cc71eac813,0,0,0,0,0,,0,0,0,,0,0,0,,579,94,90,94,https://www.twitch.tv/videos/1918448509
288d3972d3164ee595228b8a5959ac00,0,0,0,0,0,,0,0,0,,0,0,0,,2560,264,172,313,https://www.twitch.tv/videos/1907142531
e32a4d49fba7459fbdf9e242288fa18c,0,0,0,0,0,,0,0,0,,0,0,0,,3167,504,343,1196,https://www.twitch.tv/videos/1907867121
bd9018c3d7c7455da0cd5034c0af77df,0,0,0,0,0,,0,0,0,,0,0,0,,0,0,0,0,
a5773880b0f040a9abbecacf3eb0eb29,0,0,0,0,0,,0,0,0,,0,0,0,,2016,0,0,0,
afa3e309e41044c5bffe17466607d481,0,0,0,0,0,,0,0,0,,0,0,0,,2064,545,415,836,https://www.twitch.tv/videos/1909851172
eebb2d401b234b5c8a3aa94b0e60c8a2,0,0,0,0,0,,0,0,0,,0,0,0,,0,0,0,0,
6908430ccb204a1b9d95ee7a1711cae3,0,0,0,0,0,,0,0,0,,0,0,0,,2366,1869,1436,6044,https://www.twitch.tv/videos/1906938869
ad2aef5af5074f14af7f6ddf7899743a,0,0,0,0,0,,0,0,0,,0,0,0,,2192,0,0,0,
2af6cb0e15ce4839ba711b47608d4f4d,0,0,0,0,0,,0,0,0,,0,0,0,,3859,386,271,417,https://www.twitch.tv/videos/1914260619
36beb36f581f44d393dcf0af2b194789,0,0,0,0,0,,0,0,0,,0,0,0,,5525,775,353,1253,https://www.twitch.tv/videos/1915931011
9ca05592c52f42649191751f18cb70e6,0,0,0,0,0,,0,0,0,,0,0,0,,1895,25,15,289,https://www.twitch.tv/videos/1914069802
7e261ba167c940fab01fd3ab5ba62125,0,0,0,0,0,,0,0,0,,0,0,0,,0,0,0,0,
5b62816b7dee4c13856f3c21629be3c4,0,0,0,0,0,,0,0,0,,0,0,0,,18786,1263,849,3997,https://www.twitch.tv/videos/1916344661
6c7336d4605540c6871de5f96874129c,0,0,0,0,0,,0,0,0,,0,0,0,,13718,1934,861,4218,https://www.twitch.tv/videos/1898250496
c88fdec84b7f4f2bb1c2e4983579050a,0,0,0,0,0,,0,0,0,,0,0,0,,63,14,13,14,https://www.twitch.tv/videos/1918548456
31f4c00be9eb41a1a6be0356614048fd,0,0,0,0,0,,0,0,0,,0,0,0,,2357,280,119,742,https://www.twitch.tv/videos/1916821211
c2777df3c8d341f4a1f0bb9cda8d9365,0,0,0,0,0,,0,0,0,,0,0,0,,1207,167,132,167,https://www.twitch.tv/videos/1913978014
ad68fa6cc0b9447b84b932ad8f4638eb,0,0,0,0,0,,0,0,0,,0,0,0,,259,50,30,62,https://www.twitch.tv/videos/1915778851
c19464dad8004852b7766700723601de,0,0,0,0,0,,0,0,0,,0,0,0,,5367,0,0,0,
480aca28939a4eb5bf558a710e21709c,0,0,0,0,0,,0,0,0,,0,0,0,,1372,197,142,1373,https://www.twitch.tv/videos/1908445202
a020fd61177444f097004bb7f2b4484e,0,0,0,0,0,,0,0,0,,0,0,0,,0,0,0,0,
7180d8a493134a9c932fe790eb17f2e9,0,0,0,0,0,,0,0,0,,0,0,0,,6286,376,200,389,https://www.twitch.tv/videos/1907938531
61e10677f1f04744a9e3a5bce3f40994,0,0,0,0,0,,0,0,0,,0,0,0,,0,0,0,0,
644e669aa31443fe9a61a14e75ebd21e,0,0,0,0,0,,0,0,0,,0,0,0,,5541,669,547,1199,https://www.twitch.tv/videos/1910564459
05552126457e4ebf9218498250286efd,0,0,0,0,0,,0,0,0,,0,0,0,,1115,0,0,0,
7425576151124e11a94609fd1b8687bc,0,0,0,0,0,,0,0,0,,0,0,0,,460,165,123,367,https://www.twitch.tv/videos/1918456687
31f91fcbf7a14d80a5a5f1b96fc4e694,0,0,0,0,0,,0,0,0,,0,0,0,,0,0,0,0,
702c74978d8f4adab79f292cbecb49a4,0,0,0,0,0,,0,0,0,,0,0,0,,0,0,0,0,
63dea00fb3094d46853159efa259b014,0,0,0,0,0,,0,0,0,,0,0,0,,16195,0,0,0,
60cc7f18c0fe438280af5a81b31eb923,0,0,0,0,0,,0,0,0,,0,0,0,,1548,154,110,190,https://www.twitch.tv/videos/1918535894
ec045a49833c4c2fa7b7012ca7544e18,0,0,0,0,0,,0,0,0,,0,0,0,,1401,239,151,239,https://www.twitch.tv/videos/1909819923
b8495fc4bb174140acf0ebd7d64fe044,0,0,0,0,0,,0,0,0,,0,0,0,,2678,136,103,334,https://www.twitch.tv/videos/1914290127
4fadb90960a844daab26191bb158d3a3,0,0,0,0,0,,0,0,0,,0,0,0,,3039,588,433,588,https://www.twitch.tv/videos/1912415007
e698befe9649448885d93094cd4dc6a9,0,0,0,0,0,,0,0,0,,0,0,0,,2865,224,182,811,https://www.twitch.tv/videos/1908069441
f9641107ffee492cbec14839b1958144,0,0,0,0,0,,0,0,0,,0,0,0,,2531,0,0,0,
c7f53f2fbdbe4db488629ab4d738a16a,0,0,0,0,0,,0,0,0,,0,0,0,,56,44,37,105,https://www.twitch.tv/videos/1915861741
224e3ebb4c0540098ce414cc6e79df9d,0,0,0,0,0,,0,0,0,,0,0,0,,47,0,0,0,
fdb0805c65e24f13b7f23e50e0db8ae2,0,0,0,0,0,,0,0,0,,0,0,0,,4438,461,403,1278,https://www.twitch.tv/videos/1908777100
7b872464184b4d5588603c4da0bc0494,0,0,0,0,0,,0,0,0,,0,0,0,,0,0,0,0,
9e64bba43928414884503de36f805c48,0,0,0,0,0,,0,0,0,,0,0,0,,19509,2693,1304,5709,https://www.twitch.tv/videos/1903746296
921d25072caf403ea797c3d5f61f84cf,0,0,0,0,0,,0,0,0,,0,0,0,,1055,150,100,359,https://www.twitch.tv/videos/1914158527
183614e224cb4efcae8d51ef0aa374d1,0,0,0,0,0,,0,0,0,,0,0,0,,0,0,0,0,
d93ec185504e45e2894865980da489a9,0,0,0,0,0,,0,0,0,,0,0,0,,819,138,109,487,https://www.twitch.tv/videos/1915185038
31a4ca5b5d554c13902eff32302e5eb9,0,0,0,0,0,,0,0,0,,0,0,0,,255,100,71,155,https://www.twitch.tv/videos/1908815094
828ab4c66f5f43f298d237374a266b7e,0,0,0,0,0,,0,0,0,,0,0,0,,1795,275,232,700,https://www.twitch.tv/videos/1914960853
38391974f5af4fbbb6224e3d6f2f7fb3,0,0,0,0,0,,0,0,0,,0,0,0,,5867,639,447,980,https://www.twitch.tv/videos/1909830252
daa0d327175a43dc9bb627bc6db7de56,0,0,0,0,0,,0,0,0,,0,0,0,,1211,130,82,153,https://www.twitch.tv/videos/1911582686
0883bdadddc243a89175dd9b8d036399,0,0,0,0,0,,0,0,0,,0,0,0,,185,22,12,22,https://www.twitch.tv/videos/1908172048
a8782a18c0644ce0b5c1a5dab4ee622e,0,0,0,0,0,,0,0,0,,0,0,0,,3650,0,0,0,
4cb08241fbce4905a83ed02de6a1af9c,0,0,0,0,0,,0,0,0,,0,0,0,,3042,520,169,687,https://www.twitch.tv/videos/1909982277
88526add0348499c95bd5838a5f35989,0,0,0,0,0,,0,0,0,,0,0,0,,834,135,104,212,https://www.twitch.tv/videos/1912273367
d346d3b0c2e84e5bbdfe9dc01b8829c3,0,0,0,0,0,,0,0,0,,0,0,0,,0,0,0,0,
