VTuber ID,View Count,Title,Publish Time,URL,Thumbnail URL
e78cffa246c24a1c88031151cad8c385,585695,滷肉飯香到拋棄耶穌,2023-08-11T13:28:00Z,https://www.youtube.com/watch?v=Xw-ecnRv0P8,https://i.ytimg.com/vi/Xw-ecnRv0P8/mqdefault.jpg
abd64c9a64e04fb1b23faa2480c1c106,358375,強風大背頭 但是音遊,2023-08-18T09:30:46Z,https://www.youtube.com/watch?v=KP2tQLMiApw,https://i.ytimg.com/vi/KP2tQLMiApw/mqdefault.jpg
e78cffa246c24a1c88031151cad8c385,170251,愛愛要先跟耶穌請假？,2023-08-15T16:37:29Z,https://www.youtube.com/watch?v=1IfVp5N9Kvo,https://i.ytimg.com/vi/1IfVp5N9Kvo/mqdefault.jpg
c04f006e69e04000a68cd0c41f888eb2,144674,完全無限制的【Minecraft接力生存❗】才第二棒就找了會開掛的朋友一起生存❓ | Rluo Ch. 阿洛【 Minecraft 1.20】｜#1.20無限制接力生存 第二棒,2023-08-07T10:30:10Z,https://www.youtube.com/watch?v=K0RaP1CQ6y8,https://i.ytimg.com/vi/K0RaP1CQ6y8/mqdefault.jpg
5535c9524eb046c38e172ebfa06b302f,134127,【星穹鐵道】🚀卡芙卡 [角色全攻略]▸DOT體系的核心有多強？0魂有強度、滿魂有爽度，這滿滿的攻略是我對媽媽的愛！光錐/遺器/行跡/星魂培養&抽取建議！ ▹璐洛洛◃,2023-08-10T14:30:11Z,https://www.youtube.com/watch?v=vKjjgrHcqM8,https://i.ytimg.com/vi/vKjjgrHcqM8/mqdefault.jpg
5535c9524eb046c38e172ebfa06b302f,134001,【原神】新手小學堂14⭐▸五大人權角你知道有誰嗎？楓丹水神必抽之外，還有哪些角色復刻也要抽？如果沒有，下位替代有哪些角色？ ▹璐洛洛◃,2023-08-11T13:30:09Z,https://www.youtube.com/watch?v=VaFP0tGiRnk,https://i.ytimg.com/vi/VaFP0tGiRnk/mqdefault.jpg
9d9c6477329245cbb2557895f4f15686,105309,先雙面刀鬼等等瓦  晚上八點需要雞丸 ⸜♡⸝ !LINE 周年慶熱賣中/ᐠ. ̫ .ᐟ\ !DC !抱枕 !周邊 !VPN,2023-08-31T05:51:56Z,https://www.twitch.tv/videos/1913198016,https://static-cdn.jtvnw.net/cf_vods/d3vd9lfkzbru3h/7f68fb6eb2c71f5a9639_iitifox_40575158679_1693461109//thumb/thumb0-%{width}x%{height}.jpg
c82ab1b4f8f64d1f84cae4ce09aa0dea,104587,썸 탈꺼야 (Some) - 汐Seki ft. KSP【Cover】,2023-08-22T12:00:10Z,https://www.youtube.com/watch?v=ud3VgmX_1M8,https://i.ytimg.com/vi/ud3VgmX_1M8/mqdefault.jpg
5535c9524eb046c38e172ebfa06b302f,98815,【原神研究室】琳妮特😼角色培養全分析▸楓丹荒性の萌新之友！戰技跑圖小夜蘭、滿命小萬葉？天賦/聖遺物/武器/命座/畢業面板 ▹璐洛洛◃,2023-08-17T13:30:11Z,https://www.youtube.com/watch?v=B2J6HoJMRrg,https://i.ytimg.com/vi/B2J6HoJMRrg/mqdefault.jpg
f99b7c49c1c8472681987ac2d1ff87bc,94177,重回盜賊之鬼來單挑哥布林王 @restiafps !咖啡廳 !日程 !7tv !剪輯 !午餐幫 !VPN,2023-08-12T14:52:39Z,https://www.twitch.tv/videos/1896870933,https://static-cdn.jtvnw.net/cf_vods/d3vd9lfkzbru3h/e550a7d0f4a73cf08c89_restiafps_40525483831_1691851951//thumb/thumb0-%{width}x%{height}.jpg
1ccdbe5d48934f4cbabc86512dd1d357,90675,日籍台V「台灣的觀眾…」【vtuber転生林檎】 #shorts,2023-08-10T04:41:13Z,https://www.youtube.com/watch?v=MFkAZDW4KpM,https://i.ytimg.com/vi/MFkAZDW4KpM/mqdefault.jpg
0641a9c8b9a94994aaa33e0c86fef75b,89224,告白ㄉ正確時機?#vtuber #shorts #台V #vtuberclip #vtuber中文,2023-08-08T16:00:19Z,https://www.youtube.com/watch?v=XZQ9UgJqZ0A,https://i.ytimg.com/vi/XZQ9UgJqZ0A/mqdefault.jpg
58abad4aa8de49efb785367503dfd92c,89044,"【耳舐めASMR】♡舔耳挑逗♡高速舌技♡愛的按摩♡ Ear Massage,Ear Licking|耳はー、耳ふー 、耳マッサージ| 黑3DIO KU100【野薔薇 Vtuber】",2023-08-13T18:37:48Z,https://www.youtube.com/watch?v=rnNJoqarRMQ,https://i.ytimg.com/vi/rnNJoqarRMQ/mqdefault.jpg
9d9c6477329245cbb2557895f4f15686,81279,非常好瑟瑟抱枕  實況主一致推薦 | (彈吉他),2023-08-24T10:43:04Z,https://www.youtube.com/watch?v=DSZvLPmbmNI,https://i.ytimg.com/vi/DSZvLPmbmNI/mqdefault.jpg
1ccdbe5d48934f4cbabc86512dd1d357,80606,看得見這個的人是〇〇【日籍台V】 #shorts,2023-08-12T07:20:30Z,https://www.youtube.com/watch?v=3XrcH4Ol_nQ,https://i.ytimg.com/vi/3XrcH4Ol_nQ/mqdefault.jpg
fd6a0236861940389e15ef85b16c6069,77883,8/26 ✧ 這隻羊被薅羊毛 (TдT) .. | 下禮拜一開始出貨單件滑鼠墊 | LINE貼圖上市超級可愛手刃購買 ₍ᐢ •͈ ༝ •͈ ᐢ₎♡ | !鏈接 !line貼圖,2023-08-26T13:24:05Z,https://www.twitch.tv/videos/1909026747,https://static-cdn.jtvnw.net/cf_vods/d3vd9lfkzbru3h/200ae5d324909b70cb93_hennie2001_40563384519_1693056240//thumb/thumb0-%{width}x%{height}.jpg
c04f006e69e04000a68cd0c41f888eb2,77449,【10萬訂閱慶祝🎉】轉盤酒雜🍻我的酒量究竟如何呢...❓ | 規則在資訊欄 | Rluo Ch. 阿洛,2023-08-14T14:07:26Z,https://www.youtube.com/watch?v=uJVRuG-D-Us,https://i.ytimg.com/vi/uJVRuG-D-Us/mqdefault.jpg
5535c9524eb046c38e172ebfa06b302f,76997,【原神研究室】林尼🎩角色分析&抽取建議▸0命就傷害爆炸💥純火隊站場C位！和甘雨的差別？雙火、三火配置怎麼組？輸出手法建議？沒有專武的替代武器？天賦/聖遺物/武器/命座/畢業面板 ▹璐洛洛◃,2023-08-18T13:30:07Z,https://www.youtube.com/watch?v=G_M4YknLbO0,https://i.ytimg.com/vi/G_M4YknLbO0/mqdefault.jpg
5535c9524eb046c38e172ebfa06b302f,76232,【星穹鐵道】🚀飲月．丹恆 [角色全攻略]▸版本之子，虛數核爆大C登場！戰技點分配技巧，如何疊層效益最大？最佳輔助隊友選擇？光錐/遺器/行跡/星魂培養&抽取建議！ ▹璐洛洛◃,2023-08-31T14:15:07Z,https://www.youtube.com/watch?v=gntMu0FOBCE,https://i.ytimg.com/vi/gntMu0FOBCE/mqdefault.jpg
9d9c6477329245cbb2557895f4f15686,75691,早安？ ⸜♡⸝ !LINE 周年慶熱賣中/ᐠ. ̫ .ᐟ\ !DC !抱枕 !周邊 !VPN,2023-09-04T07:41:33Z,https://www.twitch.tv/videos/1916759215,https://static-cdn.jtvnw.net/cf_vods/d3vd9lfkzbru3h/2bbecf52d5bc37b58527_iitifox_40586128583_1693813286//thumb/thumb0-%{width}x%{height}.jpg
9d9c6477329245cbb2557895f4f15686,75274,跟咪主包瓦瓦 ⸜♡⸝  周年慶熱賣中/ᐠ. ̫ .ᐟ\ !DC !抱枕 !周邊,2023-08-11T06:30:42Z,https://www.twitch.tv/videos/1895768292,https://static-cdn.jtvnw.net/cf_vods/d3vd9lfkzbru3h/f32b412bf3853a075466_iitifox_40521883895_1691735436//thumb/thumb0-%{width}x%{height}.jpg
fd6a0236861940389e15ef85b16c6069,75205,8/20 ✧ 20:00 SCP超級大連動，周邊到貨記得查看手機訊息，LINE貼圖上市超級可愛手刃購買  ₍ᐢ •͈ ༝ •͈ ᐢ₎♡ | !鏈接!表單!line貼圖,2023-08-21T02:35:04Z,https://www.twitch.tv/videos/1904410110,https://static-cdn.jtvnw.net/cf_vods/d3vd9lfkzbru3h/d8a2e57c58acc44bb79f_hennie2001_40548385175_1692585296//thumb/thumb0-%{width}x%{height}.jpg
0b63fa89b80e4649b0297d156ed1c791,74975,#shorts 誠實地想你/郭采潔 covered by 杉山参 #cover #guitar #acoustic #歌回精華,2023-08-21T08:40:40Z,https://www.youtube.com/watch?v=MtPX8hG2mzA,https://i.ytimg.com/vi/MtPX8hG2mzA/mqdefault.jpg
9d9c6477329245cbb2557895f4f15686,70390,9QOQ親自指導稻呆瓜 直接崩潰！換彈切刀技能按鍵全拔！ 特戰英豪 @9qoq9qoq​,2023-08-17T11:30:08Z,https://www.youtube.com/watch?v=YxN6hFXbbhU,https://i.ytimg.com/vi/YxN6hFXbbhU/mqdefault.jpg
fd6a0236861940389e15ef85b16c6069,70080,8/˙10 ✧ 小頭暈，半夜陪伴台，今天就隨心所欲一些  ₍ᐢ •͈ ༝ •͈ ᐢ₎♡ | !鏈接!表單,2023-08-09T17:38:45Z,https://www.twitch.tv/videos/1894359360,https://static-cdn.jtvnw.net/cf_vods/d3vd9lfkzbru3h/73f0efc2f10a21cfda42_hennie2001_40518312263_1691602717//thumb/thumb0-%{width}x%{height}.jpg
58abad4aa8de49efb785367503dfd92c,69123,【耳舐めASMR】♡耳奥刺激♡理性喪失♡零距離高速舔耳含耳♡Ear Eating Ear Licking|耳はむ、耳ふー 、耳責め| 黑3DIO KU100【野薔薇 Vtuber】,2023-08-09T18:05:25Z,https://www.youtube.com/watch?v=PbXlXy1YZog,https://i.ytimg.com/vi/PbXlXy1YZog/mqdefault.jpg
f99b7c49c1c8472681987ac2d1ff87bc,64137,等3:00看特戰英豪VCT冠軍戰 !日程 !7tv !剪輯 !午餐幫 !VPN,2023-08-26T13:25:15Z,https://www.twitch.tv/videos/1909027407,https://static-cdn.jtvnw.net/cf_vods/d3vd9lfkzbru3h/b1046f6b3dc9712a5520_restiafps_40563388327_1693056308//thumb/thumb0-%{width}x%{height}.jpg
265a18972d244affae35711cfd1f9931,63366,TAKOASMR：福利向 「成人向」姊姊的夜襲，你能忍得住嗎💗【MiroLive/塔芭絲可】,2023-08-27T16:20:49Z,https://www.youtube.com/watch?v=RuX_Y3TqLnA,https://i.ytimg.com/vi/RuX_Y3TqLnA/mqdefault.jpg
3681a0b4e4bd48888473b1884f6ee420,62874,我的眼睛騙了我👀 #台v #台灣vtuber #vtuber精華 #vtuber中文,2023-08-24T09:35:09Z,https://www.youtube.com/watch?v=p_p0FDDs1bM,https://i.ytimg.com/vi/p_p0FDDs1bM/mqdefault.jpg
5535c9524eb046c38e172ebfa06b302f,61987,【星穹鐵道】🚀1.3前瞻節目懶人包▸飲月、符玄、玲可登場！改版前必看，卡池抽取建議！模擬宇宙重磅大更新！開拓力上限提高、新增後備開拓力！ ▹璐洛洛◃,2023-08-19T14:50:19Z,https://www.youtube.com/watch?v=eJVQ_IQ-CHE,https://i.ytimg.com/vi/eJVQ_IQ-CHE/mqdefault.jpg
fd6a0236861940389e15ef85b16c6069,61887,8/27 ✧ 星期日  | 下禮拜一開始出貨單件滑鼠墊 | LINE貼圖上市超級可愛手刃購買 ₍ᐢ •͈ ༝ •͈ ᐢ₎♡ | !鏈接 !line貼圖,2023-08-29T17:42:54Z,https://www.twitch.tv/videos/1911802916,https://static-cdn.jtvnw.net/cf_vods/d3vd9lfkzbru3h/18aca5e783f76421438e_hennie2001_40571858295_1693330966//thumb/thumb0-%{width}x%{height}.jpg
f99b7c49c1c8472681987ac2d1ff87bc,61179,看下影片閒聊一下 明天19:00懶貓子咖啡廳戶外台 !咖啡廳 !日程 !7tv !剪輯 !午餐幫 !VPN,2023-08-11T14:07:50Z,https://www.twitch.tv/videos/1895962471,https://static-cdn.jtvnw.net/cf_vods/d3vd9lfkzbru3h/69f39157b326de64a1ed_restiafps_40523134759_1691762865//thumb/thumb0-%{width}x%{height}.jpg
abd64c9a64e04fb1b23faa2480c1c106,59703,我把自己畫進了遊戲，變成了火柴人 ! ?,2023-08-10T09:28:44Z,https://www.youtube.com/watch?v=FOxTqwaszdE,https://i.ytimg.com/vi/FOxTqwaszdE/mqdefault.jpg
f99b7c49c1c8472681987ac2d1ff87bc,56639,讓你們看看跑的飛快的蟑螂戰士 ft.Kiyomi、久田 !咖啡廳 !日程 !7tv !剪輯 !午餐幫 !VPN,2023-08-15T09:26:00Z,https://www.twitch.tv/videos/1899273788,https://static-cdn.jtvnw.net/cf_vods/d3vd9lfkzbru3h/bfa3b6319cc7684382cc_restiafps_40532232711_1692091553//thumb/thumb0-%{width}x%{height}.jpg
f99b7c49c1c8472681987ac2d1ff87bc,55333,本日沒有朋友 !周邊 !日程 !7tv !剪輯 !午餐幫 !VPN,2023-08-10T10:27:45Z,https://www.twitch.tv/videos/1894977761,https://static-cdn.jtvnw.net/cf_vods/d3vd9lfkzbru3h/df6c0cad3065b31f846a_restiafps_40519685351_1691663258//thumb/thumb0-%{width}x%{height}.jpg
9d9c6477329245cbb2557895f4f15686,54908,明天會出第二批貨♥ | 最醜的LINE貼圖上架了⸜♡⸝  !LINE 周年慶熱賣中/ᐠ. ̫ .ᐟ\ !DC !抱枕 !周邊 !VPN,2023-08-23T09:02:00Z,https://www.twitch.tv/videos/1906281837,https://static-cdn.jtvnw.net/cf_vods/d3vd9lfkzbru3h/8d8d3e605d3a2e635b0e_iitifox_40554424391_1692781312//thumb/thumb0-%{width}x%{height}.jpg
5535c9524eb046c38e172ebfa06b302f,54845,【星穹鐵道】🚀0魂卡芙卡！[混沌回憶10-1輪通關系列]▸雙暴流 vs DOT攻擊，傷害對比？遺器面板展示 ▹璐洛洛◃,2023-08-09T14:45:08Z,https://www.youtube.com/watch?v=g-vl8koFosY,https://i.ytimg.com/vi/g-vl8koFosY/mqdefault.jpg
312fdd3c5e6d4aefa73fd3860ecc5613,54792,恋愛サーキュレーション / 花澤香菜 ｜cover by 森森鈴蘭 Linglan Lily,2023-08-19T12:00:09Z,https://www.youtube.com/watch?v=u1LUc4v-PGM,https://i.ytimg.com/vi/u1LUc4v-PGM/mqdefault.jpg
f99b7c49c1c8472681987ac2d1ff87bc,54670,包貨看影片台 !FF41 !日程 !7tv !剪輯 !午餐幫 !VPN,2023-08-16T11:45:49Z,https://www.twitch.tv/videos/1900201887,https://static-cdn.jtvnw.net/cf_vods/d3vd9lfkzbru3h/c4eeac2036760015c1e6_restiafps_40535467191_1692186344//thumb/thumb0-%{width}x%{height}.jpg
5535c9524eb046c38e172ebfa06b302f,54537,🔴AR60 ASIA【#原神 / Genshin】4.0－滿命夜蘭&林尼來我家！終於又是抽爆的時機點！圖奇掛台領原石! ▹璐洛洛◃,2023-08-16T19:42:24Z,https://www.youtube.com/watch?v=GZaqcPUZS0M,https://i.ytimg.com/vi/GZaqcPUZS0M/mqdefault.jpg
d837e8fda137492c9d77882b98ff863a,53919,中之人露出！？被反光了！！！#vtuber #shorts #台V #vtuberclip #vtuber中文,2023-09-03T09:30:08Z,https://www.youtube.com/watch?v=QAT1KcUVrjA,https://i.ytimg.com/vi/QAT1KcUVrjA/mqdefault.jpg
9d9c6477329245cbb2557895f4f15686,53691,午安，晚上蔚藍檔案需要雞丸幫 | 最醜的LINE貼圖上架了⸜♡⸝  !LINE 周年慶熱賣中/ᐠ. ̫ .ᐟ\ !DC !抱枕 !周邊 !VPN,2023-08-25T05:34:10Z,https://www.twitch.tv/videos/1907925949,https://static-cdn.jtvnw.net/cf_vods/d3vd9lfkzbru3h/3a44f2adf68e2cd518b6_iitifox_40559328391_1692941643//thumb/thumb0-%{width}x%{height}.jpg
fd6a0236861940389e15ef85b16c6069,53282,8/17 ✧ 一整天的包包包貨決定開包貨聊天台  ₍ᐢ •͈ ༝ •͈ ᐢ₎♡ | !鏈接!表單,2023-08-17T11:03:54Z,https://www.twitch.tv/videos/1901050936,https://static-cdn.jtvnw.net/cf_vods/d3vd9lfkzbru3h/0eade3f20e748528d280_hennie2001_40538145159_1692270228//thumb/thumb0-%{width}x%{height}.jpg
0641a9c8b9a94994aaa33e0c86fef75b,53018,想要幹vtuber用手機跟電腦螢幕夾在ㄐㄐ上到底哪個天才想的  #vtuber #shorts #台V #vtuberclip #vtuber中文 #kuromu,2023-08-26T10:00:44Z,https://www.youtube.com/watch?v=zN1ZdM5g4z0,https://i.ytimg.com/vi/zN1ZdM5g4z0/mqdefault.jpg
9d9c6477329245cbb2557895f4f15686,52921,#我會改  ⸜♡⸝ !LINE 周年慶熱賣中/ᐠ. ̫ .ᐟ\ !DC !抱枕 !周邊 !VPN,2023-09-02T03:41:54Z,https://www.twitch.tv/videos/1914877217,https://static-cdn.jtvnw.net/cf_vods/d3vd9lfkzbru3h/ca41e4b46fc0c19a3663_iitifox_40580236151_1693626109//thumb/thumb0-%{width}x%{height}.jpg
7c06b9e316ce4ac18ce836cd72442bbe,52920,還我咪咪奶 #shorts #mizukilive,2023-08-25T07:08:59Z,https://www.youtube.com/watch?v=mHTUNcEcYSo,https://i.ytimg.com/vi/mHTUNcEcYSo/mqdefault.jpg
fd6a0236861940389e15ef85b16c6069,52531,8/14 ✧ 早起地下城 @qttsix  ₍ᐢ •͈ ༝ •͈ ᐢ₎♡ | !鏈接!表單,2023-08-14T00:10:40Z,https://www.twitch.tv/videos/1898155484,https://static-cdn.jtvnw.net/cf_vods/d3vd9lfkzbru3h/0f1a5c73285554097b05_hennie2001_40528670455_1691971834//thumb/thumb0-%{width}x%{height}.jpg
58abad4aa8de49efb785367503dfd92c,52354,"【耳舐めASMR】♡時長 100%甘い！七夕甜度爆錶♡旗袍女友讓你持久舒服♡舔耳按摩掏耳心音♡Ear Massage,Kiss,EarEating♡ 黑3DIO KU100【野薔薇 Vtuber】",2023-08-22T19:20:53Z,https://www.youtube.com/watch?v=hiHZ4RT4U70,https://i.ytimg.com/vi/hiHZ4RT4U70/mqdefault.jpg
abd64c9a64e04fb1b23faa2480c1c106,51649,再次回到熟悉的幼兒園😱面對全新怪物 苦笑 ! ?【班班幼兒園４】,2023-08-12T08:28:01Z,https://www.youtube.com/watch?v=disb6bQSfYo,https://i.ytimg.com/vi/disb6bQSfYo/mqdefault.jpg
9d9c6477329245cbb2557895f4f15686,51625,肚子痛人 晚上要工商 | 最醜的LINE貼圖上架了⸜♡⸝  !LINE 周年慶熱賣中/ᐠ. ̫ .ᐟ\ !DC !抱枕 !周邊 !VPN,2023-08-26T08:18:57Z,https://www.twitch.tv/videos/1908895501,https://static-cdn.jtvnw.net/cf_vods/d3vd9lfkzbru3h/a82f5b9e9c248d465a60_iitifox_40562493879_1693037930//thumb/thumb0-%{width}x%{height}.jpg
f99b7c49c1c8472681987ac2d1ff87bc,48771,後天去英國 9月6日到11日Apex世界冠軍賽線下觀賽台 !日程 !7tv !剪輯 !午餐幫 !VPN,2023-09-02T13:57:11Z,https://www.twitch.tv/videos/1915156350,https://static-cdn.jtvnw.net/cf_vods/d3vd9lfkzbru3h/ddb14c4fb8a540192344_restiafps_40581857767_1693663024//thumb/thumb0-%{width}x%{height}.jpg
f99b7c49c1c8472681987ac2d1ff87bc,48603,包貨地下城包到真的地下城人來 !FF41 !日程 !7tv !剪輯 !午餐幫 !VPN,2023-08-20T12:44:31Z,https://www.twitch.tv/videos/1903793442,https://static-cdn.jtvnw.net/cf_vods/d3vd9lfkzbru3h/231d37e658c8367e1d5f_restiafps_40547150583_1692535464//thumb/thumb0-%{width}x%{height}.jpg
e93bd1102e214cbaa71cc5b2e4a53595,48210,【專業術語】 這是一顆神奇知識增加的白湯圓 【厄倫蒂兒 Earendel】,2023-08-23T04:00:05Z,https://www.youtube.com/watch?v=74HiIOJRWdA,https://i.ytimg.com/vi/74HiIOJRWdA/mqdefault.jpg
58abad4aa8de49efb785367503dfd92c,48082,"【耳舐めASMR】時長♡催眠耳奧舔耳♡用舌頭讓你舒服♡ Ear Massage,Gentle Ear Licking|心音、 耳はむ 、耳マッサージ| 黑3DIO KU100【野薔薇 Vtuber】",2023-08-28T18:47:59Z,https://www.youtube.com/watch?v=ylOs6imYHBE,https://i.ytimg.com/vi/ylOs6imYHBE/mqdefault.jpg
f99b7c49c1c8472681987ac2d1ff87bc,47775,跟一群大哥五排 ft.Kant，Kmomo，Krapy，9QOQ !日程 !7tv !剪輯 !午餐幫 !VPN,2023-08-28T12:01:39Z,https://www.twitch.tv/videos/1910742300,https://static-cdn.jtvnw.net/cf_vods/d3vd9lfkzbru3h/06ecef74bae5d8c41177_restiafps_40568412871_1693224091//thumb/thumb0-%{width}x%{height}.jpg
f99b7c49c1c8472681987ac2d1ff87bc,47720,FF41同人展戶外台 15:00在春魚攤位舉辦特別簽售見面會 !FF41 !日程 !7tv !剪輯 !午餐幫 !VPN,2023-08-18T04:58:40Z,https://www.twitch.tv/videos/1901806584,https://static-cdn.jtvnw.net/cf_vods/d3vd9lfkzbru3h/ed4bab9a3f5709d6d534_restiafps_40540108743_1692334712//thumb/thumb0-%{width}x%{height}.jpg
f99b7c49c1c8472681987ac2d1ff87bc,47301,先把通行證打到110等 !周邊 !日程 !7tv !剪輯 !午餐幫 !VPN,2023-08-08T12:36:01Z,https://www.twitch.tv/videos/1893296778,https://static-cdn.jtvnw.net/cf_vods/d3vd9lfkzbru3h/df206f0a770402f0fab2_restiafps_40514784343_1691498154//thumb/thumb0-%{width}x%{height}.jpg
fd6a0236861940389e15ef85b16c6069,47259,8/12 ✧ 為什麼早起羊睡一下睜開眼睛又這時間了  ₍ᐢ •͈ ༝ •͈ ᐢ₎♡ | !鏈接!表單,2023-08-12T14:26:58Z,https://www.twitch.tv/videos/1896856277,https://static-cdn.jtvnw.net/cf_vods/d3vd9lfkzbru3h/14ec0040ea509797fca4_hennie2001_40525427255_1691850410//thumb/thumb0-%{width}x%{height}.jpg
7c06b9e316ce4ac18ce836cd72442bbe,47065,【二周年合唱祭】30位以上超豪華嘉賓陣容助陣歌回✨今年也要和大家一起開心慶祝周年~！ゲスト総勢30名以上‼超超超豪華合唱歌枠🎤【浠Mizuki Karaoke】,2023-08-26T16:28:13Z,https://www.youtube.com/watch?v=1SHgAH-NR-8,https://i.ytimg.com/vi/1SHgAH-NR-8/mqdefault.jpg
fa5a7cdc259543259af42bb23f1e4041,46735,讓觀眾學貓叫 #Vtuber #vtuberclips #台v精華 #515#515x20,2023-08-23T10:41:24Z,https://www.youtube.com/watch?v=YGs6V0eHaGA,https://i.ytimg.com/vi/YGs6V0eHaGA/mqdefault.jpg
0641a9c8b9a94994aaa33e0c86fef75b,45030,不要再叫我芋頭ㄌ幹#vtuber #shorts #台V #vtuberclip #vtuber中文 #kuromu,2023-09-03T09:00:35Z,https://www.youtube.com/watch?v=ny89nrW0vI4,https://i.ytimg.com/vi/ny89nrW0vI4/mqdefault.jpg
c04f006e69e04000a68cd0c41f888eb2,45008,【伊甸惡鄰】用全顏色的羊毛蓋出【巨大彩紅羊】❗ 居然還在房子旁找到秘密通道❓❗ | Rluo Ch. 阿洛【 Minecraft 1.20】,2023-08-18T11:30:06Z,https://www.youtube.com/watch?v=F67IRH0WeXE,https://i.ytimg.com/vi/F67IRH0WeXE/mqdefault.jpg
fd6a0236861940389e15ef85b16c6069,44878,9/4 ✧ 照著生活步調輕輕地走 9/9RP捏角 | LINE貼圖上市超級可愛手刀購買 ₍ᐢ •͈ ༝ •͈ ᐢ₎♡ | !鏈接 !line貼圖,2023-09-04T11:06:44Z,https://www.twitch.tv/videos/1916825158,https://static-cdn.jtvnw.net/cf_vods/d3vd9lfkzbru3h/c76a947668be08c1e2fc_hennie2001_40586609127_1693825598//thumb/thumb0-%{width}x%{height}.jpg
5535c9524eb046c38e172ebfa06b302f,44698,🔵【崩壞：星穹鐵道】🚀1.3特別節目一起看！飲月君&符玄？老公老婆怎麼選？看直播抽『月卡』！ ▹璐洛洛◃,2023-08-18T12:57:35Z,https://www.youtube.com/watch?v=B5kj7V_I6TQ,https://i.ytimg.com/vi/B5kj7V_I6TQ/mqdefault.jpg
fa5a7cdc259543259af42bb23f1e4041,44657,不讀書才能當VTuber #Vtuber #vtuberclips #台v精華 #515#515x20,2023-08-10T05:10:19Z,https://www.youtube.com/watch?v=Zk4ENHDr5Gs,https://i.ytimg.com/vi/Zk4ENHDr5Gs/mqdefault.jpg
3f4650e05ceb41008bd16869780b7af1,44437,【貓咪研究室】合作時不知道該不該抽嗎？這些合作很稀有千萬不要錯過！全合作卡池懶人包介紹！《水羽 ほむら》【貓咪大戰爭】,2023-08-24T15:37:06Z,https://www.youtube.com/watch?v=wA64nx4NCtg,https://i.ytimg.com/vi/wA64nx4NCtg/mqdefault.jpg
d837e8fda137492c9d77882b98ff863a,44394,收到哈洽馬親簽直接大爆哭的心豚Vtuber！？ #真理果 #vtuber #shorts #台V #vtuberclip #vtuber中文,2023-08-12T09:30:05Z,https://www.youtube.com/watch?v=CmbMVeNJT0A,https://i.ytimg.com/vi/CmbMVeNJT0A/mqdefault.jpg
5535c9524eb046c38e172ebfa06b302f,44158,選對選項，就能拿到卡芙卡媽媽的自拍照😍 #honkaistarrail  #璐洛洛 #崩壞星穹鐵道,2023-08-17T12:00:26Z,https://www.youtube.com/watch?v=O_qoHDMp1RA,https://i.ytimg.com/vi/O_qoHDMp1RA/mqdefault.jpg
2e266a71aa3d4a67bb8d9a2a0b573319,44117,【仔魚】08/22 七夕就是要在家   ┃!line !周邊 !VOD !糯米 @ZIIFISH,2023-08-22T02:06:22Z,https://www.twitch.tv/videos/1905234158,https://static-cdn.jtvnw.net/cf_vods/d3vd9lfkzbru3h/0a553c6f871abad8f208_ziifish_40551000775_1692669972//thumb/thumb0-%{width}x%{height}.jpg
b4a1791208fd4d85b7b08ee2bad0c236,43320,30秒你不心動算我輸🌼 #瑪格麗特諾爾絲 #vtuber #箱箱thebox #babyyou,2023-08-19T12:30:08Z,https://www.youtube.com/watch?v=ANvFGK3xmdA,https://i.ytimg.com/vi/ANvFGK3xmdA/mqdefault.jpg
c04f006e69e04000a68cd0c41f888eb2,42884,【轉盤酒雜🍻】終於可以開酒雜了✨繼續把上次的轉完 ❗ | 規則在資訊欄 | Rluo Ch. 阿洛,2023-08-27T14:32:59Z,https://www.youtube.com/watch?v=41oiiTsq-9U,https://i.ytimg.com/vi/41oiiTsq-9U/mqdefault.jpg
9d9c6477329245cbb2557895f4f15686,42748,精進  ⸜♡⸝ !LINE 周年慶熱賣中/ᐠ. ̫ .ᐟ\ !DC !抱枕 !周邊 !VPN,2023-08-28T12:38:44Z,https://www.twitch.tv/videos/1910760282,https://static-cdn.jtvnw.net/cf_vods/d3vd9lfkzbru3h/fed6686910a85bd99dd3_iitifox_40568560791_1693226318//thumb/thumb0-%{width}x%{height}.jpg
f99b7c49c1c8472681987ac2d1ff87bc,42738,包了12小時的貨，我需要地下城撫慰我的心靈  !FF41 !日程 !7tv !剪輯 !午餐幫 !VPN,2023-08-21T15:05:32Z,https://www.twitch.tv/videos/1904730213,https://static-cdn.jtvnw.net/cf_vods/d3vd9lfkzbru3h/529ed6af285ab22d7bce_restiafps_40550236919_1692630325//thumb/thumb0-%{width}x%{height}.jpg
fd6a0236861940389e15ef85b16c6069,42673,8/19 ✧ 下午包貨羊，晚上德州電鋸連動  ₍ᐢ •͈ ༝ •͈ ᐢ₎♡ | !鏈接!表單,2023-08-19T10:56:51Z,https://www.twitch.tv/videos/1902847971,https://static-cdn.jtvnw.net/cf_vods/d3vd9lfkzbru3h/e91226b738458ad43492_hennie2001_40543862631_1692442604//thumb/thumb0-%{width}x%{height}.jpg
f99b7c49c1c8472681987ac2d1ff87bc,42547,地下城之鬼 !周邊 !日程 !7tv !剪輯 !午餐幫 !VPN,2023-08-09T10:52:39Z,https://www.twitch.tv/videos/1894122995,https://static-cdn.jtvnw.net/cf_vods/d3vd9lfkzbru3h/9fe96d060ead8db149ed_restiafps_40517100247_1691578352//thumb/thumb0-%{width}x%{height}.jpg
d837e8fda137492c9d77882b98ff863a,42224,有觀眾就不需要家人朋友了哈哈 #真理果 #vtuber #shorts #台V #vtuberclip #vtuber中文,2023-08-09T09:30:15Z,https://www.youtube.com/watch?v=mk-SpLCpZJw,https://i.ytimg.com/vi/mk-SpLCpZJw/mqdefault.jpg
abd64c9a64e04fb1b23faa2480c1c106,42050,和各種可愛怪物比【手指愛心❤】,2023-08-11T10:30:27Z,https://www.youtube.com/watch?v=DX_lZjDodZs,https://i.ytimg.com/vi/DX_lZjDodZs/mqdefault.jpg
e93bd1102e214cbaa71cc5b2e4a53595,41523,【嚼嚼嚼】 知名電競選手曾經說過【厄倫蒂兒 Earendel】,2023-08-09T04:00:27Z,https://www.youtube.com/watch?v=r3UYMCgg5ng,https://i.ytimg.com/vi/r3UYMCgg5ng/mqdefault.jpg
7c06b9e316ce4ac18ce836cd72442bbe,41407,酒醉親親 #shorts,2023-08-09T07:16:45Z,https://www.youtube.com/watch?v=kQ37pLVwKNc,https://i.ytimg.com/vi/kQ37pLVwKNc/mqdefault.jpg
fd6a0236861940389e15ef85b16c6069,41391,9/1 ✧ 九月訂閱打折～！ | LINE貼圖上市超級可愛手刃購買 ₍ᐢ •͈ ༝ •͈ ᐢ₎♡ | !鏈接 !line貼圖,2023-09-01T15:06:03Z,https://www.twitch.tv/videos/1914282435,https://static-cdn.jtvnw.net/cf_vods/d3vd9lfkzbru3h/855df3fa26b4202c2972_hennie2001_40579261847_1693580758//thumb/thumb0-%{width}x%{height}.jpg
8b027d3a3f374c9c8398b6dd751e5018,41287,【夏小笙】0828 體驗夏家的一天 大哥叫夏建 大姊叫夏車 ﾍ(=￣∇￣)ﾉ ｜!鵝T !傳送門 !自主訂閱 !P9,2023-08-28T05:12:06Z,https://www.twitch.tv/videos/1910606310,https://static-cdn.jtvnw.net/cf_vods/d3vd9lfkzbru3h/3f4b6df98a79ef279103_lisheng_tw_40567475031_1693199518//thumb/thumb0-%{width}x%{height}.jpg
0641a9c8b9a94994aaa33e0c86fef75b,41152,想知道我喜歡什麼嗎? #vtuber #shorts #台V #vtuberclip #vtuber中文 #kuromu,2023-09-01T10:00:08Z,https://www.youtube.com/watch?v=GeDverszIN8,https://i.ytimg.com/vi/GeDverszIN8/mqdefault.jpg
58abad4aa8de49efb785367503dfd92c,40836,"【耳舐めASMR】♡爆睡舔耳♡舒壓掏耳按摩♡ Ear  Cleaning,Gentle Ear Licking|耳はー、耳ふー 、耳マッサージ| 黑3DIO KU100【野薔薇 Vtuber】",2023-08-17T07:36:29Z,https://www.youtube.com/watch?v=OgS_3W5LOr0,https://i.ytimg.com/vi/OgS_3W5LOr0/mqdefault.jpg
fa5a7cdc259543259af42bb23f1e4041,40791,(G)I-DLE ((여자)아이들) 'Queencard' 【515 COVER】,2023-08-25T12:00:10Z,https://www.youtube.com/watch?v=IDyKLGU_n7k,https://i.ytimg.com/vi/IDyKLGU_n7k/mqdefault.jpg
fd6a0236861940389e15ef85b16c6069,40681,8/15 ✧ 等等9點要連動鵝鵝殺，晚點半夜出門印單子 ₍ᐢ •͈ ༝ •͈ ᐢ₎♡ | !鏈接!表單,2023-08-15T11:57:13Z,https://www.twitch.tv/videos/1899329594,https://static-cdn.jtvnw.net/cf_vods/d3vd9lfkzbru3h/fcad976abaf3c6cb5134_hennie2001_40532641383_1692100626//thumb/thumb0-%{width}x%{height}.jpg
f6a4e7aa8d0c4e5cb39d199845ec4d02,40432,【楓之谷M精華】網癮少女手裡握著媽媽的信用卡瘋狂課金，究竟下場如何呢?【#杏仁ミル】,2023-08-18T04:00:06Z,https://www.youtube.com/watch?v=9vf73hHa9CU,https://i.ytimg.com/vi/9vf73hHa9CU/mqdefault.jpg
7c06b9e316ce4ac18ce836cd72442bbe,40307,希望我可以成為你的... #shorts #mizukilive,2023-08-29T11:23:04Z,https://www.youtube.com/watch?v=-RupUcWu7-g,https://i.ytimg.com/vi/-RupUcWu7-g/mqdefault.jpg
a3ce195c0069494c99849d0b1a10a7fd,40012,【#悠姊姊音聲ASMR 34 -red-】溫柔貼心的經紀人悠姊姊☁️｜ #悠白 #Ubye #悠姊姊 #中文音聲 #ASMR #音聲 #3dio,2023-08-13T15:48:24Z,https://www.youtube.com/watch?v=mLSnYgAaThg,https://i.ytimg.com/vi/mLSnYgAaThg/mqdefault.jpg
e93bd1102e214cbaa71cc5b2e4a53595,40010,【從沒見過】 本頻道已自動過濾這兩個字 【厄倫蒂兒 Earendel】,2023-08-16T04:00:28Z,https://www.youtube.com/watch?v=eLsn1ktSYtM,https://i.ytimg.com/vi/eLsn1ktSYtM/mqdefault.jpg
a9f6574e98f34b20a05269134930fb50,39800,【格差社会】蔚藍檔案抽卡/茸茸鼠,2023-08-07T14:58:17Z,https://www.youtube.com/watch?v=NHuPZF9k8PI,https://i.ytimg.com/vi/NHuPZF9k8PI/mqdefault.jpg
9d9c6477329245cbb2557895f4f15686,39298,偷偷的。最醜的LINE貼圖上架了⸜♡⸝  !LINE 周年慶熱賣中/ᐠ. ̫ .ᐟ\ !DC !抱枕 !周邊 !VPN,2023-08-15T05:38:01Z,https://www.twitch.tv/videos/1899199679,https://static-cdn.jtvnw.net/cf_vods/d3vd9lfkzbru3h/66fa1a28efdc5c040179_iitifox_40531770871_1692077875//thumb/thumb0-%{width}x%{height}.jpg
8bf35c3b9a9e461d825a9170555b71c2,39207,少女レイ（Shoujo Rei）- 澪Rei【Cover】,2023-08-11T11:00:10Z,https://www.youtube.com/watch?v=WjejBVfTZlc,https://i.ytimg.com/vi/WjejBVfTZlc/mqdefault.jpg
e93bd1102e214cbaa71cc5b2e4a53595,38977,【有那味兒】 突然想到闆闆有跟我說過不要這樣 【厄倫蒂兒 Earendel】,2023-08-20T04:00:26Z,https://www.youtube.com/watch?v=uodj0FBJmMo,https://i.ytimg.com/vi/uodj0FBJmMo/mqdefault.jpg
9d9c6477329245cbb2557895f4f15686,38600,!who 5排 ⸜♡⸝ !LINE 周年慶熱賣中/ᐠ. ̫ .ᐟ\ !DC !抱枕 !周邊 !VPN,2023-08-29T07:19:06Z,https://www.twitch.tv/videos/1911492242,https://static-cdn.jtvnw.net/cf_vods/d3vd9lfkzbru3h/61cb24cf5e00db0f1c4d_iitifox_40570239527_1693293540//thumb/thumb0-%{width}x%{height}.jpg
7c06b9e316ce4ac18ce836cd72442bbe,38356,【18人合唱】ヒプノシスマイク -Division Battle Anthem-＋【歌ってみた】,2023-08-11T12:00:09Z,https://www.youtube.com/watch?v=kufamSiawTs,https://i.ytimg.com/vi/kufamSiawTs/mqdefault.jpg
c04f006e69e04000a68cd0c41f888eb2,38340,【誕生日慶祝🎉】新形象公開✨慶祝世界上最可愛的蝙蝠誕生  | Rluo Ch. 阿洛,2023-08-20T14:50:41Z,https://www.youtube.com/watch?v=W8P6yKKRkzQ,https://i.ytimg.com/vi/W8P6yKKRkzQ/mqdefault.jpg
58abad4aa8de49efb785367503dfd92c,38307,【耳舐めASMR】♡縱慾♡口技爆発♡吸吮舔耳含耳吐息♡按摩♡心音♡Ear Eating Ear Licking|耳はむ、耳ふー 、耳責め| 黑3DIO KU100【野薔薇 Vtuber】,2023-09-02T19:02:19Z,https://www.youtube.com/watch?v=sZn8ktEPS7Q,https://i.ytimg.com/vi/sZn8ktEPS7Q/mqdefault.jpg
0641a9c8b9a94994aaa33e0c86fef75b,38145,真ㄉ是不小心看到ㄉ #vtuber #shorts #台V #vtuberclip #vtuber中文 #kuromu,2023-09-02T09:00:32Z,https://www.youtube.com/watch?v=eDSTqvAb_lE,https://i.ytimg.com/vi/eDSTqvAb_lE/mqdefault.jpg
0641a9c8b9a94994aaa33e0c86fef75b,37590,安全暈船！快快樂樂！完全沒問題！ #vtuber #shorts #台V #vtuberclip #vtuber中文,2023-08-12T10:00:13Z,https://www.youtube.com/watch?v=KEn9QR00SQE,https://i.ytimg.com/vi/KEn9QR00SQE/mqdefault.jpg
fd6a0236861940389e15ef85b16c6069,37545,8/23 ✧ 第一次使用繪圖板(超級手殘) 周邊第一批還有未領取貨趕緊去領，LINE貼圖上市超級可愛手刃購買 ₍ᐢ •͈ ༝ •͈ ᐢ₎♡ | !鏈接 !line貼圖,2023-08-23T10:01:51Z,https://www.twitch.tv/videos/1906300900,https://static-cdn.jtvnw.net/cf_vods/d3vd9lfkzbru3h/15e3a6d4d5524f270883_hennie2001_40554559303_1692784906//thumb/thumb0-%{width}x%{height}.jpg
f99b7c49c1c8472681987ac2d1ff87bc,37051,地下城最後一天開殺!日程 !7tv !剪輯 !午餐幫 !VPN,2023-08-27T12:11:00Z,https://www.twitch.tv/videos/1909892133,https://static-cdn.jtvnw.net/cf_vods/d3vd9lfkzbru3h/d1855b2738604fb700a8_restiafps_40565935783_1693138255//thumb/thumb0-%{width}x%{height}.jpg
9d9c6477329245cbb2557895f4f15686,36986,早安 七點需要雞丸 ⸜♡⸝ !LINE 周年慶熱賣中/ᐠ. ̫ .ᐟ\ !DC !抱枕 !周邊 !VPN,2023-09-03T07:06:51Z,https://www.twitch.tv/videos/1915873983,https://static-cdn.jtvnw.net/cf_vods/d3vd9lfkzbru3h/4ad0dd0064eac8d28cfa_iitifox_40583525735_1693724804//thumb/thumb0-%{width}x%{height}.jpg
58abad4aa8de49efb785367503dfd92c,36910,【耳舐めASMR】♡榨取疲勞♡精力UP♡高速吸吮舔耳含耳。暴力不哄睡 ♡Ear Eating Ear Licking|耳はむ、耳ふー 、耳責め| 黑3DIO KU100【野薔薇 Vtuber】,2023-08-21T16:41:22Z,https://www.youtube.com/watch?v=vKo1m_LU_JE,https://i.ytimg.com/vi/vKo1m_LU_JE/mqdefault.jpg
f99b7c49c1c8472681987ac2d1ff87bc,36649,雙人成行 It Takes Two ft.厄倫蒂兒 !日程 !7tv !剪輯 !午餐幫 !VPN,2023-08-30T11:59:50Z,https://www.twitch.tv/videos/1912463343,https://static-cdn.jtvnw.net/cf_vods/d3vd9lfkzbru3h/2d2dfd870fd9070bef80_restiafps_40573470903_1693396784//thumb/thumb0-%{width}x%{height}.jpg
9d9c6477329245cbb2557895f4f15686,36289,早安！ | 最醜的LINE貼圖上架了⸜♡⸝  !LINE 周年慶熱賣中/ᐠ. ̫ .ᐟ\ !DC !抱枕 !周邊 !VPN,2023-08-24T08:18:56Z,https://www.twitch.tv/videos/1907129307,https://static-cdn.jtvnw.net/cf_vods/d3vd9lfkzbru3h/a3c3a5c4620b04da94b7_iitifox_40556981207_1692865128//thumb/thumb0-%{width}x%{height}.jpg
fa5a7cdc259543259af42bb23f1e4041,36281,【515 美股達人】教訓男生從屁股開始！,2023-08-17T11:00:08Z,https://www.youtube.com/watch?v=0niuuLMXLVM,https://i.ytimg.com/vi/0niuuLMXLVM/mqdefault.jpg
ec65566d949944ffb1e2723f97ded6e0,36151,【攻受測驗】大型Vtuber攻受測驗現場｜515:「臥槽這不準啦」ft.515/利卡洛斯/麵音白湯/厄倫蒂兒/裴妮/熙歌/REN/埃穆亞/久田/劫羅/經紀人,2023-08-28T12:00:10Z,https://www.youtube.com/watch?v=Sxf1RNdAugM,https://i.ytimg.com/vi/Sxf1RNdAugM/mqdefault.jpg
9d9c6477329245cbb2557895f4f15686,35956,周邊到貨囉！趕緊去領 | DC領福利 | 最醜的LINE貼圖上架了⸜♡⸝  !LINE 周年慶熱賣中/ᐠ. ̫ .ᐟ\ !DC !抱枕 !周邊 !VPN,2023-08-19T03:08:51Z,https://www.twitch.tv/videos/1902634589,https://static-cdn.jtvnw.net/cf_vods/d3vd9lfkzbru3h/6afdf7411f72df5f9f9b_iitifox_40542804359_1692414527//thumb/thumb0-%{width}x%{height}.jpg
0641a9c8b9a94994aaa33e0c86fef75b,35770,關於洨ㄉ延伸用法? #vtuber #shorts #台V #vtuberclip #vtuber中文 #kuromu,2023-08-23T10:00:42Z,https://www.youtube.com/watch?v=pzTwTP9yx5k,https://i.ytimg.com/vi/pzTwTP9yx5k/mqdefault.jpg
f99b7c49c1c8472681987ac2d1ff87bc,35511,來體驗懶貓子Rumi咖啡廳~! 可以吃到自己的餐點好期待 @restiafps !咖啡廳 !日程 !7tv !剪輯 !午餐幫 !VPN,2023-08-12T10:36:19Z,https://www.twitch.tv/videos/1896741847,https://static-cdn.jtvnw.net/cf_vods/d3vd9lfkzbru3h/3678239635a8d9ec719c_restiafps_40524832071_1691836573//thumb/thumb0-%{width}x%{height}.jpg
ec65566d949944ffb1e2723f97ded6e0,34900,【洗澡台】答應好的1000會員就洗澡【蘭斯洛特．拉法葉】,2023-08-20T13:49:57Z,https://www.youtube.com/watch?v=LYdADeb-CTw,https://i.ytimg.com/vi/LYdADeb-CTw/mqdefault.jpg
8b027d3a3f374c9c8398b6dd751e5018,34888,【夏小笙】0829 進無線電的時間比你老二還短 ﾍ(=￣∇￣)ﾉ ｜!鵝T !傳送門 !自主訂閱 !P9,2023-08-29T05:12:53Z,https://www.twitch.tv/videos/1911450564,https://static-cdn.jtvnw.net/cf_vods/d3vd9lfkzbru3h/c00e40dd3b0abbc2f63d_lisheng_tw_40570021223_1693285966//thumb/thumb0-%{width}x%{height}.jpg
f99b7c49c1c8472681987ac2d1ff87bc,34697,先地下城一下 20:00跟蒂兒繼續雙人成行 !日程 !7tv !剪輯 !午餐幫 !VPN,2023-09-01T10:26:29Z,https://www.twitch.tv/videos/1914134386,https://static-cdn.jtvnw.net/cf_vods/d3vd9lfkzbru3h/71d388db3a1d6947a9da_restiafps_40578253047_1693563984//thumb/thumb0-%{width}x%{height}.jpg
7c06b9e316ce4ac18ce836cd72442bbe,34171,【二周年紀念】來和最喜歡的朋朋們凸待通話吧📱希望今天不會再破防了了了了 ft.很多很多朋朋【浠Mizuki Free Talk】,2023-08-28T17:04:57Z,https://www.youtube.com/watch?v=h5KSqLpahtU,https://i.ytimg.com/vi/h5KSqLpahtU/mqdefault.jpg
c04f006e69e04000a68cd0c41f888eb2,34030,【拆拆生日禮物🎁】讓我看看你們都寄了些什麼❗ 希望不會拆到怪東西啊🥹 | Rluo Ch. 阿洛,2023-08-22T15:39:42Z,https://www.youtube.com/watch?v=Hz2GvVqF6WU,https://i.ytimg.com/vi/Hz2GvVqF6WU/mqdefault.jpg
bafb134fd2f849898d6242d1f5f683cc,33764,【全部砸爛】請勿欺騙少女的感情【涅默Nemesis】,2023-08-09T04:00:34Z,https://www.youtube.com/watch?v=z4reG5Zv70I,https://i.ytimg.com/vi/z4reG5Zv70I/mqdefault.jpg
8b027d3a3f374c9c8398b6dd751e5018,33374,【周小笙】0901 SOP 下午地盤戰 K7團掉人村 姊姊失憶 夏車遭到詐騙18萬!｜!鵝T !P9,2023-09-01T04:57:40Z,https://www.twitch.tv/videos/1914024235,https://static-cdn.jtvnw.net/cf_vods/d3vd9lfkzbru3h/9608caecc7ebf4d51d2a_lisheng_tw_40577615287_1693544254//thumb/thumb0-%{width}x%{height}.jpg
c82ab1b4f8f64d1f84cae4ce09aa0dea,33324,【合唱歌回】白湯圓與大毛衣 ft. 厄倫蒂兒 @EarendelXDFP｜汐Seki,2023-08-27T15:52:49Z,https://www.youtube.com/watch?v=AKuqcjA8paE,https://i.ytimg.com/vi/AKuqcjA8paE/mqdefault.jpg
d837e8fda137492c9d77882b98ff863a,33233,養嘎起就是這個感覺吧  #vtuber #台v #真理果 #vtuber中文 #vtuberclip,2023-08-18T09:30:11Z,https://www.youtube.com/watch?v=dAcvLTLOVPY,https://i.ytimg.com/vi/dAcvLTLOVPY/mqdefault.jpg
317c2fd320f545a1b17bda3044c9d0de,33154,今年中國最大炎上事件! 欠薪金額高達上千萬台幣?!!|台灣Vtuber|天魚戌音|普羅維登欠薪事件,2023-09-05T11:45:02Z,https://www.youtube.com/watch?v=CbVtUn--Bp4,https://i.ytimg.com/vi/CbVtUn--Bp4/mqdefault.jpg
8b027d3a3f374c9c8398b6dd751e5018,33011,【小笙】0816 我喜歡睡覺｜!鵝T !傳送門 !蔚藍 !自主訂閱,2023-08-16T03:07:02Z,https://www.twitch.tv/videos/1899988961,https://static-cdn.jtvnw.net/cf_vods/d3vd9lfkzbru3h/dfd8f126968d0ff7a19b_lisheng_tw_40534202471_1692155214//thumb/thumb0-%{width}x%{height}.jpg
f99b7c49c1c8472681987ac2d1ff87bc,32519,明天就要起飛去英國啦 9月6日到11日Apex世界冠軍賽線下觀賽台 !日程 !7tv !剪輯 !午餐幫 !VPN,2023-09-03T12:37:56Z,https://www.twitch.tv/videos/1916008564,https://static-cdn.jtvnw.net/cf_vods/d3vd9lfkzbru3h/aea2077346dc00bfff49_restiafps_40584422775_1693744669//thumb/thumb0-%{width}x%{height}.jpg
8b027d3a3f374c9c8398b6dd751e5018,32269,【周小笙】0822 聽說是七夕 我愛你們 培師傅這條單身狗｜!鵝T !傳送門 !蔚藍 !自主訂閱 8/18,2023-08-22T04:59:09Z,https://www.twitch.tv/videos/1905338749,https://static-cdn.jtvnw.net/cf_vods/d3vd9lfkzbru3h/26e8c601604ba7d5ea2d_lisheng_tw_40551252343_1692680341//thumb/thumb0-%{width}x%{height}.jpg
9d9c6477329245cbb2557895f4f15686,32241,10萬追隨 超級感謝！記得去DC領福利ˇ| 最醜的LINE貼圖上架了⸜♡⸝  !LINE 周年慶熱賣中/ᐠ. ̫ .ᐟ\ !DC !抱枕 !周邊 !VPN,2023-08-17T03:34:53Z,https://www.twitch.tv/videos/1900880536,https://static-cdn.jtvnw.net/cf_vods/d3vd9lfkzbru3h/675f3cb7ce219c8a4b63_iitifox_40537174855_1692243286//thumb/thumb0-%{width}x%{height}.jpg
c82ab1b4f8f64d1f84cae4ce09aa0dea,32088,【The Past Within】雙人闖鏽湖 ft. KSP｜汐Seki,2023-08-08T18:37:20Z,https://www.youtube.com/watch?v=hGMYOYT78bs,https://i.ytimg.com/vi/hGMYOYT78bs/mqdefault.jpg
3f4650e05ceb41008bd16869780b7af1,32014,【貓咪小教室】三個超好用的貓咪大戰爭網站！有了他們簡直幫助極大！#shorts #台灣vtuber #貓咪大戰爭,2023-08-07T12:09:07Z,https://www.youtube.com/watch?v=tH14pYezo2E,https://i.ytimg.com/vi/tH14pYezo2E/mqdefault.jpg
d837e8fda137492c9d77882b98ff863a,31840,你討厭「晶晶體」嗎？ #vtuber #台v #真理果 #台灣vtuber #vtuberclip #vtuber中文,2023-08-23T09:30:18Z,https://www.youtube.com/watch?v=c-_TpfmufBg,https://i.ytimg.com/vi/c-_TpfmufBg/mqdefault.jpg
7c06b9e316ce4ac18ce836cd72442bbe,31801,【真心話大冒險轉盤酒雜】子午超失控女子會...？究竟誰會喝超醉！？ft.汐Seki/KSP/響Hibiki 🦊🦊🐱🐤【浠Mizuki Free Talk】,2023-08-23T16:56:12Z,https://www.youtube.com/watch?v=os2Zks7EJAA,https://i.ytimg.com/vi/os2Zks7EJAA/mqdefault.jpg
8b027d3a3f374c9c8398b6dd751e5018,31397,【周小笙】0818 猜猜我哪裡不一樣｜!鵝T !傳送門 !蔚藍 !自主訂閱,2023-08-18T04:29:08Z,https://www.twitch.tv/videos/1901792456,https://static-cdn.jtvnw.net/cf_vods/d3vd9lfkzbru3h/3f55e2bb3ad4f6a33540_lisheng_tw_40540058631_1692332942//thumb/thumb0-%{width}x%{height}.jpg
04d2ff1dde6b4bb68503a734274f4b7e,31362,【 非舒眠？ASMR 】想睡了嗎？姐姐還不想讓你睡呢！！ #中文音聲 #asmr,2023-08-16T17:09:35Z,https://www.youtube.com/watch?v=SEdJoQdXLtk,https://i.ytimg.com/vi/SEdJoQdXLtk/mqdefault.jpg
e93bd1102e214cbaa71cc5b2e4a53595,31338,【雙人成行】把貓拉出地下城！看反操作的我怎麼把友誼玩到變不見(´・ω・`)   @restiafps  ｜ Gaming Stream【厄倫蒂兒 Earendel】,2023-08-30T17:14:08Z,https://www.youtube.com/watch?v=c6_DS9DVN-0,https://i.ytimg.com/vi/c6_DS9DVN-0/mqdefault.jpg
5535c9524eb046c38e172ebfa06b302f,31300,【星穹鐵道】🚀桑博 [角色全攻略]▸多段風化DOT手！卡芙卡的最佳DOT增傷輔助副C，效果命中要堆多少？DOT、混傷、直傷怎麼配裝？光錐/遺器/行跡/星魂培養&抽取建議！ ▹璐洛洛◃,2023-08-23T14:00:11Z,https://www.youtube.com/watch?v=Aw3JG1CIDtg,https://i.ytimg.com/vi/Aw3JG1CIDtg/mqdefault.jpg
9d9c6477329245cbb2557895f4f15686,31283,救命 | 最醜的LINE貼圖上架了⸜♡⸝  !LINE 周年慶熱賣中/ᐠ. ̫ .ᐟ\ !DC !抱枕 !周邊 !VPN,2023-08-22T10:03:19Z,https://www.twitch.tv/videos/1905440060,https://static-cdn.jtvnw.net/cf_vods/d3vd9lfkzbru3h/a44ef86e367c4bdaa3c8_iitifox_40551844807_1692698593//thumb/thumb0-%{width}x%{height}.jpg
f99b7c49c1c8472681987ac2d1ff87bc,31248,紅寶石戰神啟動 !日程 !7tv !剪輯 !午餐幫 !VPN,2023-08-25T15:57:32Z,https://www.twitch.tv/videos/1908208587,https://static-cdn.jtvnw.net/cf_vods/d3vd9lfkzbru3h/01906abc3423f5ea719b_restiafps_40561053335_1692979046//thumb/thumb0-%{width}x%{height}.jpg
e93bd1102e214cbaa71cc5b2e4a53595,31210,【伴睡歌回】那些主題曲及插曲，總是有它被選中的原因，哪首歌是你的心情呢？初見歡迎！ ░  睡眠誘導歌枠｜Singing Stream,2023-08-07T15:57:55Z,https://www.youtube.com/watch?v=XM2Lp_VvvsU,https://i.ytimg.com/vi/XM2Lp_VvvsU/mqdefault.jpg
9d9c6477329245cbb2557895f4f15686,31187,周邊到貨囉！趕緊去領 | 遇到瑕疵請私訊我 | 最醜的LINE貼圖上架了⸜♡⸝  !LINE 周年慶熱賣中/ᐠ. ̫ .ᐟ\ !DC !抱枕 !周邊 !VPN,2023-08-20T06:09:43Z,https://www.twitch.tv/videos/1903636070,https://static-cdn.jtvnw.net/cf_vods/d3vd9lfkzbru3h/52fb3d5a72f4b08e3417_iitifox_40546085479_1692511775//thumb/thumb0-%{width}x%{height}.jpg
bafb134fd2f849898d6242d1f5f683cc,31182,【很害羞】不要讓人家念這個啦【涅默Nemesis】,2023-08-13T04:00:32Z,https://www.youtube.com/watch?v=meZypzYWpyA,https://i.ytimg.com/vi/meZypzYWpyA/mqdefault.jpg
e93bd1102e214cbaa71cc5b2e4a53595,31148,【點歌歌回】感謝大家每次的支持！我要滿週歲惹！再聽我唱一次哪首歌呢？ ░  リクエスト歌枠｜Singing Stream,2023-08-28T16:45:38Z,https://www.youtube.com/watch?v=uOnMWVacOJM,https://i.ytimg.com/vi/uOnMWVacOJM/mqdefault.jpg
d837e8fda137492c9d77882b98ff863a,31055,只要家裡有養貓就一定懂這個感受 #真理果 #vtuber #shorts #台V #vtuberclip #vtuber中文,2023-08-10T09:30:15Z,https://www.youtube.com/watch?v=XJaTBP9x9VI,https://i.ytimg.com/vi/XJaTBP9x9VI/mqdefault.jpg
5535c9524eb046c38e172ebfa06b302f,30791,🔴AR60 ASIA【#原神 / Genshin】4.0太好玩惹！圖奇掛台領原石，每周日萌新健檢&滷肉幫到你家! ▹璐洛洛◃,2023-08-20T22:39:59Z,https://www.youtube.com/watch?v=AESqGpK_kRQ,https://i.ytimg.com/vi/AESqGpK_kRQ/mqdefault.jpg
1c5619a4ece046dd8ba68ed343489ca3,30771,【中國抖音隨便封號💥】台灣小哥自嘆不如，主席太英明了🤣 。,2023-08-30T08:09:05Z,https://www.youtube.com/watch?v=pWtZqZNj5pE,https://i.ytimg.com/vi/pWtZqZNj5pE/mqdefault.jpg
23ec5ecfb8c14ea893576783f1790643,30331,【劫羅】誰說虛擬不能有「愛心便當」? 來自Vtuber的暗黑料理🖤,2023-08-11T13:49:02Z,https://www.youtube.com/watch?v=hN343k5dSEA,https://i.ytimg.com/vi/hN343k5dSEA/mqdefault.jpg
23ec5ecfb8c14ea893576783f1790643,30022,ラヴィ(Lavie) / Covered by劫羅,2023-08-08T13:00:11Z,https://www.youtube.com/watch?v=oocHumv9tx8,https://i.ytimg.com/vi/oocHumv9tx8/mqdefault.jpg
e93bd1102e214cbaa71cc5b2e4a53595,29770,【伴睡歌回】給覺得累了，想放棄但心中又有塊倔強放不下的你。 ░  睡眠誘導歌枠｜Singing Stream,2023-08-14T16:21:25Z,https://www.youtube.com/watch?v=-ZEY8vRV47c,https://i.ytimg.com/vi/-ZEY8vRV47c/mqdefault.jpg
8b027d3a3f374c9c8398b6dd751e5018,29303,【周小笙】感冒人｜!鵝T !P9,2023-09-04T06:57:50Z,https://www.twitch.tv/videos/1916745218,https://static-cdn.jtvnw.net/cf_vods/d3vd9lfkzbru3h/8d63a6da1a67a5aed09c_lisheng_tw_40586047383_1693810664//thumb/thumb0-%{width}x%{height}.jpg
f99b7c49c1c8472681987ac2d1ff87bc,29240,一邊包貨聊聊兩天FF41跟春魚一日員工趣聞 !FF41 !日程 !7tv !剪輯 !午餐幫 !VPN,2023-08-19T14:06:36Z,https://www.twitch.tv/videos/1902947853,https://static-cdn.jtvnw.net/cf_vods/d3vd9lfkzbru3h/7b038fe1c1083f4796c1_restiafps_40544570055_1692453992//thumb/thumb0-%{width}x%{height}.jpg
f99b7c49c1c8472681987ac2d1ff87bc,29232,特戰英豪5排 ft.9QOQ、Kmomo、Krapy、稻乙緹 !日程 !7tv !剪輯 !午餐幫 !VPN,2023-08-31T13:24:43Z,https://www.twitch.tv/videos/1913365099,https://static-cdn.jtvnw.net/cf_vods/d3vd9lfkzbru3h/56320d3e75be69ab9166_restiafps_40576311511_1693488276//thumb/thumb0-%{width}x%{height}.jpg
2e266a71aa3d4a67bb8d9a2a0b573319,29214,【仔魚】08/24   ┃!line !周邊 !VOD !糯米 @ZIIFISH,2023-08-23T21:14:35Z,https://www.twitch.tv/videos/1906719630,https://static-cdn.jtvnw.net/cf_vods/d3vd9lfkzbru3h/d3f29ed6d11720fb6a1a_ziifish_40556079367_1692825264//thumb/thumb0-%{width}x%{height}.jpg
312fdd3c5e6d4aefa73fd3860ecc5613,29177,【歌回LA】來看看要唱什麼🎵,2023-08-16T14:42:17Z,https://www.youtube.com/watch?v=oiyKdlMUzL8,https://i.ytimg.com/vi/oiyKdlMUzL8/mqdefault.jpg
8b027d3a3f374c9c8398b6dd751e5018,29168,【周小笙】0812 全身超痛｜!鵝T !傳送門 !蔚藍 !自主訂閱,2023-08-12T05:49:59Z,https://www.twitch.tv/videos/1896641435,https://static-cdn.jtvnw.net/cf_vods/d3vd9lfkzbru3h/662fbc490af2a4f91718_lisheng_tw_40524396615_1691819391//thumb/thumb0-%{width}x%{height}.jpg
f99b7c49c1c8472681987ac2d1ff87bc,29134,包完這單我就可以去地下城了 !日程 !7tv !剪輯 !午餐幫 !VPN,2023-08-22T15:41:47Z,https://www.twitch.tv/videos/1905609840,https://static-cdn.jtvnw.net/cf_vods/d3vd9lfkzbru3h/84f72b5b95c0573c7dc4_restiafps_40552986727_1692718899//thumb/thumb0-%{width}x%{height}.jpg
d837e8fda137492c9d77882b98ff863a,29062,看Vtuber的台可以學到什麼？#真理果 #vtuber #shorts #台V #vtuberclip #vtuber中文,2023-08-16T10:57:24Z,https://www.youtube.com/watch?v=jKjexUVBpSc,https://i.ytimg.com/vi/jKjexUVBpSc/mqdefault.jpg
8b027d3a3f374c9c8398b6dd751e5018,29005,【周小笙】0814 我好喜歡李9折｜!鵝T !傳送門 !蔚藍 !自主訂閱,2023-08-14T04:52:44Z,https://www.twitch.tv/videos/1898331212,https://static-cdn.jtvnw.net/cf_vods/d3vd9lfkzbru3h/2988a426734981a404e8_lisheng_tw_40529056583_1691988757//thumb/thumb0-%{width}x%{height}.jpg
abd64c9a64e04fb1b23faa2480c1c106,28773,我把自己畫進遊戲 VS 世界巨蛇 ! ?,2023-08-21T10:54:04Z,https://www.youtube.com/watch?v=SQMm6ZrmzCQ,https://i.ytimg.com/vi/SQMm6ZrmzCQ/mqdefault.jpg
fd6a0236861940389e15ef85b16c6069,28751,8/24 ✧ 醒了 |周邊第三批也到貨第一批還有未領取貨趕緊去領，LINE貼圖上市超級可愛手刃購買 ₍ᐢ •͈ ༝ •͈ ᐢ₎♡ | !鏈接 !line貼圖,2023-08-24T15:20:13Z,https://www.twitch.tv/videos/1907316298,https://static-cdn.jtvnw.net/cf_vods/d3vd9lfkzbru3h/438a0c6304be669aa722_hennie2001_40558282151_1692890405//thumb/thumb0-%{width}x%{height}.jpg
fd6a0236861940389e15ef85b16c6069,28726,9/3✧ 九月訂閱打折，有點迷迷糊糊 | LINE貼圖上市超級可愛手刃購買 ₍ᐢ •͈ ༝ •͈ ᐢ₎♡ | !鏈接 !line貼圖,2023-09-03T13:46:58Z,https://www.twitch.tv/videos/1916049326,https://static-cdn.jtvnw.net/cf_vods/d3vd9lfkzbru3h/ad1204bc58dfd0e6c438_hennie2001_40584677623_1693748811//thumb/thumb0-%{width}x%{height}.jpg
f99b7c49c1c8472681987ac2d1ff87bc,28705,把排位打出來 !日程 !7tv !剪輯 !午餐幫 !VPN,2023-08-24T10:42:23Z,https://www.twitch.tv/videos/1907174173,https://static-cdn.jtvnw.net/cf_vods/d3vd9lfkzbru3h/7ca1c1474af86e22dd0c_restiafps_40557300743_1692873736//thumb/thumb0-%{width}x%{height}.jpg
312fdd3c5e6d4aefa73fd3860ecc5613,28391,【歌回LA】Singing...,2023-08-25T14:33:04Z,https://www.youtube.com/watch?v=Gvok4aP6lnA,https://i.ytimg.com/vi/Gvok4aP6lnA/mqdefault.jpg
312fdd3c5e6d4aefa73fd3860ecc5613,28376,唱歌🎵,2023-08-19T21:01:13Z,https://www.youtube.com/watch?v=t6ckbfY0N_M,https://i.ytimg.com/vi/t6ckbfY0N_M/mqdefault.jpg
f6a4e7aa8d0c4e5cb39d199845ec4d02,28291,【不同的冬天精華】掉頭就走的女人跟突然離開的女人feat.@KSPKSP,2023-08-12T08:13:32Z,https://www.youtube.com/watch?v=rNhzddC8aMc,https://i.ytimg.com/vi/rNhzddC8aMc/mqdefault.jpg
c04f006e69e04000a68cd0c41f888eb2,28256,【鑽石耐久💎】到底會挖多久呢❓今天應該可以順利關台吧 | 規則在資訊欄 | Rluo Ch. 阿洛 【Minecraft 1.20】,2023-09-02T14:11:38Z,https://www.youtube.com/watch?v=9yh8436vb48,https://i.ytimg.com/vi/9yh8436vb48/mqdefault.jpg
8b027d3a3f374c9c8398b6dd751e5018,28204,【周小笙】0819 等三小時單人走私 NY鬼月活動日｜!鵝T !傳送門 !蔚藍 !自主訂閱 8/18,2023-08-19T05:15:10Z,https://www.twitch.tv/videos/1902717339,https://static-cdn.jtvnw.net/cf_vods/d3vd9lfkzbru3h/5a761473ffbe43cad4ee_lisheng_tw_40543060583_1692422103//thumb/thumb0-%{width}x%{height}.jpg
8b027d3a3f374c9c8398b6dd751e5018,27722,【周小笙】0824 起司PEKO幫老大 day1｜!鵝T !傳送門 !蔚藍 !自主訂閱,2023-08-24T05:37:49Z,https://www.twitch.tv/videos/1907075812,https://static-cdn.jtvnw.net/cf_vods/d3vd9lfkzbru3h/10e3955f712e082d1891_lisheng_tw_40556678439_1692855461//thumb/thumb0-%{width}x%{height}.jpg
ba59bb31bbcd4cf3a481c4cf72918fb0,27675,米亞 MYA《Double or Nothing》粵語版 (Official Music Video),2023-08-27T12:45:08Z,https://www.youtube.com/watch?v=oqf364fKxNQ,https://i.ytimg.com/vi/oqf364fKxNQ/mqdefault.jpg
c04f006e69e04000a68cd0c41f888eb2,27578,【伊甸惡鄰】有人快受不了交易所坑坑巴巴的了😡趕快來整理啦 ❗  | Rluo Ch. 阿洛 【Minecraft 1.20】,2023-08-09T09:51:57Z,https://www.youtube.com/watch?v=xeu9yS-_3WI,https://i.ytimg.com/vi/xeu9yS-_3WI/mqdefault.jpg
0641a9c8b9a94994aaa33e0c86fef75b,27462,海牛的特殊用法 #vtuber #shorts #台V #vtuberclip #vtuber中文 #kuromu,2023-08-25T10:00:36Z,https://www.youtube.com/watch?v=YGoqf9QE9OY,https://i.ytimg.com/vi/YGoqf9QE9OY/mqdefault.jpg
62e5d9c4ad1e4d7a9fb61fe531c4b940,27397,【重大告知】我決定...【凝川眠 kokawa nemuri】,2023-08-21T08:00:34Z,https://www.youtube.com/watch?v=tq2vvR66NXE,https://i.ytimg.com/vi/tq2vvR66NXE/mqdefault.jpg
9d9c6477329245cbb2557895f4f15686,26807,下午好 ⸜♡⸝ !LINE 周年慶熱賣中/ᐠ. ̫ .ᐟ\ !DC !抱枕 !周邊 !VPN,2023-08-30T08:07:55Z,https://www.twitch.tv/videos/1912379409,https://static-cdn.jtvnw.net/cf_vods/d3vd9lfkzbru3h/73332c22f6a9e4404171_iitifox_40572871159_1693382868//thumb/thumb0-%{width}x%{height}.jpg
2e266a71aa3d4a67bb8d9a2a0b573319,26772,【仔魚】08/15   ┃!line !周邊 !VOD !糯米 @ZIIFISH,2023-08-15T03:17:31Z,https://www.twitch.tv/videos/1899126083,https://static-cdn.jtvnw.net/cf_vods/d3vd9lfkzbru3h/3ed3564fcc2e12b76e49_ziifish_40531515527_1692069440//thumb/thumb0-%{width}x%{height}.jpg
f99b7c49c1c8472681987ac2d1ff87bc,26753,關於我被洗白後在地下城重新開始新的人生這件事 !日程 !7tv !剪輯 !午餐幫 !VPN,2023-08-29T13:11:02Z,https://www.twitch.tv/videos/1911625725,https://static-cdn.jtvnw.net/cf_vods/d3vd9lfkzbru3h/df7e66a9716de4846237_restiafps_40571221927_1693314654//thumb/thumb0-%{width}x%{height}.jpg
b4a1791208fd4d85b7b08ee2bad0c236,26721,誰能抗拒這碗樸實無華的統一肉燥麵呢？ #瑪格麗特諾爾絲 #vtuber,2023-08-26T09:00:23Z,https://www.youtube.com/watch?v=jz5SuvmXAFs,https://i.ytimg.com/vi/jz5SuvmXAFs/mqdefault.jpg
d837e8fda137492c9d77882b98ff863a,26670,美環系Vtuber，你看過嗎？ #真理果 #vtuber #shorts #台V #vtuberclip #vtuber中文,2023-08-15T09:30:26Z,https://www.youtube.com/watch?v=lR117TJfCoc,https://i.ytimg.com/vi/lR117TJfCoc/mqdefault.jpg
8b027d3a3f374c9c8398b6dd751e5018,26623,#PLANET9 開學季電腦設備通通換起來！大大折扣等著你哦ﾍ(=￣∇￣)ﾉ ｜!鵝T !傳送門 !自主訂閱 !P9,2023-08-25T04:08:26Z,https://www.twitch.tv/videos/1907884700,https://static-cdn.jtvnw.net/cf_vods/d3vd9lfkzbru3h/dcdbf51cee47b338f522_lisheng_tw_40559186375_1692936498//thumb/thumb0-%{width}x%{height}.jpg
fa5a7cdc259543259af42bb23f1e4041,26574,愛蹭流量的VTuber #Vtuber #vtuberclips #台v精華 #515#515x20,2023-08-16T05:35:02Z,https://www.youtube.com/watch?v=Er5zre-9B4g,https://i.ytimg.com/vi/Er5zre-9B4g/mqdefault.jpg
7c06b9e316ce4ac18ce836cd72442bbe,26550,デーモンロード(Demon Lord) / 浠Mizuki【歌ってみた】,2023-08-07T11:30:09Z,https://www.youtube.com/watch?v=fStiGaHPOIM,https://i.ytimg.com/vi/fStiGaHPOIM/mqdefault.jpg
8b027d3a3f374c9c8398b6dd751e5018,26545,【周小笙】0809 HUH ｜!傳送門 !蔚藍 !自主訂閱,2023-08-09T05:07:31Z,https://www.twitch.tv/videos/1894008065,https://static-cdn.jtvnw.net/cf_vods/d3vd9lfkzbru3h/de64bae57e9680757d82_lisheng_tw_40516385111_1691557644//thumb/thumb0-%{width}x%{height}.jpg
5535c9524eb046c38e172ebfa06b302f,26408,【星穹鐵道】🚀0魂飲月君！[仙舟回憶-1輪通關系列]▸終結技+強化普攻爆發100萬？龍尊覺醒的威力！遺器面板展示！ ▹璐洛洛◃,2023-08-30T10:30:10Z,https://www.youtube.com/watch?v=laC_bjFOW3c,https://i.ytimg.com/vi/laC_bjFOW3c/mqdefault.jpg
7c06b9e316ce4ac18ce836cd72442bbe,26257,不遲到的秘訣 #shorts #mizukilive,2023-08-20T02:04:56Z,https://www.youtube.com/watch?v=1fkHmMDwGXw,https://i.ytimg.com/vi/1fkHmMDwGXw/mqdefault.jpg
9d9c6477329245cbb2557895f4f15686,26239,超香周邊開賣 ⸜♡⸝  DAD/ᐠ. ̫ .ᐟ\ !DC !抱枕 !周邊,2023-08-10T06:31:56Z,https://www.twitch.tv/videos/1894905156,https://static-cdn.jtvnw.net/cf_vods/d3vd9lfkzbru3h/e21be42803786598ea8a_iitifox_40519227975_1691649109//thumb/thumb0-%{width}x%{height}.jpg
e93bd1102e214cbaa71cc5b2e4a53595,26226,【120K感謝歌酒雜】復仇初配信歌單！非常感謝大家，想邊唱邊和大家回憶快一年的自己！ ░  睡眠誘導歌枠｜Singing Stream,2023-08-12T16:07:56Z,https://www.youtube.com/watch?v=4p3XM4PMxS4,https://i.ytimg.com/vi/4p3XM4PMxS4/mqdefault.jpg
c04f006e69e04000a68cd0c41f888eb2,26215,【Minecraft | 競速挑戰】我再跟紅月玩這遊戲我是豬🐷 | Rluo Ch. 阿洛,2023-08-25T10:00:51Z,https://www.youtube.com/watch?v=xe7NVtVFbjY,https://i.ytimg.com/vi/xe7NVtVFbjY/mqdefault.jpg
8b027d3a3f374c9c8398b6dd751e5018,26153,【周小笙】0820 水影片 夏家俄羅斯方塊 crab game｜!鵝T !傳送門 !蔚藍 !自主訂閱,2023-08-20T05:01:52Z,https://www.twitch.tv/videos/1903603195,https://static-cdn.jtvnw.net/cf_vods/d3vd9lfkzbru3h/15a7658d037b8d446da3_lisheng_tw_40545927415_1692507706//thumb/thumb0-%{width}x%{height}.jpg
8b027d3a3f374c9c8398b6dd751e5018,25856,【周小笙】0811 HUH｜!鵝T !傳送門 !蔚藍 !自主訂閱,2023-08-11T05:31:24Z,https://www.twitch.tv/videos/1895745292,https://static-cdn.jtvnw.net/cf_vods/d3vd9lfkzbru3h/eaf745ab43f124412e8c_lisheng_tw_40521770455_1691731877//thumb/thumb0-%{width}x%{height}.jpg
5535c9524eb046c38e172ebfa06b302f,25833,【原神】4.0版本全新組隊介面🤩【70位全角色】入隊動畫一次看個夠！▹璐洛洛◃,2023-08-18T14:30:12Z,https://www.youtube.com/watch?v=gLxinPeQSHY,https://i.ytimg.com/vi/gLxinPeQSHY/mqdefault.jpg
4b6b055ada4d4f0ab63b7ad02a3fa3ef,25805,【初✨新衣装公開】今天是我的生日🍰【五周年紀念】｜Rumi/懶貓子,2023-08-13T13:52:16Z,https://www.youtube.com/watch?v=yNYkTmUnqrY,https://i.ytimg.com/vi/yNYkTmUnqrY/mqdefault.jpg
ec65566d949944ffb1e2723f97ded6e0,25704,借Wi-Fi借到床上（真實故事看到最後),2023-08-20T14:19:49Z,https://www.youtube.com/watch?v=0OAoLUGMgn4,https://i.ytimg.com/vi/0OAoLUGMgn4/mqdefault.jpg
5535c9524eb046c38e172ebfa06b302f,25677,🔵ASIA Lv69【崩壞：星穹鐵道】滿星魂卡芙卡媽媽逮捕令😍？混沌回憶直接上陣！看直播競猜抽『無名客獎章』! ▹璐洛洛◃,2023-08-09T16:13:54Z,https://www.youtube.com/watch?v=Gvfa5eKL2HE,https://i.ytimg.com/vi/Gvfa5eKL2HE/mqdefault.jpg
fa5a7cdc259543259af42bb23f1e4041,25553,為了男人吵架 #Vtuber #vtuberclips #台v精華 #515#515x20,2023-08-19T05:36:58Z,https://www.youtube.com/watch?v=lFLgmdoHS-w,https://i.ytimg.com/vi/lFLgmdoHS-w/mqdefault.jpg
f99b7c49c1c8472681987ac2d1ff87bc,25416,先看看影片 19:00《明日之後》公主保衛戰 !周邊 !日程 !7tv !剪輯 !午餐幫 !VPN,2023-08-07T10:22:39Z,https://www.twitch.tv/videos/1892388619,https://static-cdn.jtvnw.net/cf_vods/d3vd9lfkzbru3h/e5347e7ebbbedfbc10b2_restiafps_40511778455_1691403752//thumb/thumb0-%{width}x%{height}.jpg
317c2fd320f545a1b17bda3044c9d0de,25284,直接提告??影片詆毀Vtuber就是O障的傢伙 究竟是怎麼爆紅的呢???|台灣Vtuber|天魚戌音|Vtuber毀滅者事件,2023-08-18T11:50:00Z,https://www.youtube.com/watch?v=T_k6SEI8wFE,https://i.ytimg.com/vi/T_k6SEI8wFE/mqdefault.jpg
fa5a7cdc259543259af42bb23f1e4041,25222,在路上被認出來 #Vtuber #vtuberclips #台v精華 #515#515x20,2023-08-12T05:45:24Z,https://www.youtube.com/watch?v=D-Q8QoShpK0,https://i.ytimg.com/vi/D-Q8QoShpK0/mqdefault.jpg
5535c9524eb046c38e172ebfa06b302f,24930,【星穹鐵道】🚀卡芙卡 [同行任務全流程]▸真心話遊戲，來自10個帳號的心血，媽媽的全反應收錄😍！如何拿到媽媽的自拍照？首次出現可以全部跳過的劇情任務？跳過戰鬥改變命運？ ▹璐洛洛◃,2023-08-15T13:30:10Z,https://www.youtube.com/watch?v=gUzE_w5g7pc,https://i.ytimg.com/vi/gUzE_w5g7pc/mqdefault.jpg
312fdd3c5e6d4aefa73fd3860ecc5613,24924,【歌回LA】唱RRRRRR #森森鈴蘭 #神秘預告,2023-09-02T14:13:39Z,https://www.youtube.com/watch?v=SGrtUSWY-qA,https://i.ytimg.com/vi/SGrtUSWY-qA/mqdefault.jpg
5535c9524eb046c38e172ebfa06b302f,24729,🔵ASIA Lv69【崩壞：星穹鐵道】滿星魂卡芙卡，大型媒合婚禮現場！DOT多強不知道，誰抽誰是狗，是我~那沒事了 Ft. @shalala1120  ▹璐洛洛◃,2023-08-09T09:11:15Z,https://www.youtube.com/watch?v=gT4dI2myI8c,https://i.ytimg.com/vi/gT4dI2myI8c/mqdefault.jpg
d837e8fda137492c9d77882b98ff863a,24487,Vtuber的臉重要嗎？ #台v #vtuber #台灣vtuber #vtuberclip #vtuber中文,2023-08-30T09:48:15Z,https://www.youtube.com/watch?v=KY71ILe9Jbc,https://i.ytimg.com/vi/KY71ILe9Jbc/mqdefault.jpg
17c335762a694402b8cb9a96b2865572,24486,Thirteen ASMR:福利向💜 | 姊系女友的溫柔撫慰💜都被你親到軟掉了，小笨狗你給我負責💜| Ear licking | 心音/耳舐め/キス音 | 拾參Thirteen / VTuber,2023-08-23T15:42:04Z,https://www.youtube.com/watch?v=Vtt10YjFk1E,https://i.ytimg.com/vi/Vtt10YjFk1E/mqdefault.jpg
e93bd1102e214cbaa71cc5b2e4a53595,24469,【週年慶】衷心感謝跟大家歡慶周年！想跟大家暢聊這年的心路歷程，以及大麻寶寶實體化？   ░  Chatting Stream【厄倫蒂兒 Earendel】,2023-08-29T17:34:11Z,https://www.youtube.com/watch?v=lagD_vvKZLo,https://i.ytimg.com/vi/lagD_vvKZLo/mqdefault.jpg
e93bd1102e214cbaa71cc5b2e4a53595,24466,【伴睡歌回】首次清唱歌回？伴隨著雨聲，清唱些舒眠的歌曲伴你入睡 ░  睡眠導入歌枠｜Singing Stream,2023-09-04T16:16:19Z,https://www.youtube.com/watch?v=cPBh-J-I-zw,https://i.ytimg.com/vi/cPBh-J-I-zw/mqdefault.jpg
fa5a7cdc259543259af42bb23f1e4041,24393,那些爛笑話笑得很開心的人 #Vtuber #vtuberclips #台v精華 #515#515x20,2023-08-08T04:41:38Z,https://www.youtube.com/watch?v=PFONYTH7jkk,https://i.ytimg.com/vi/PFONYTH7jkk/mqdefault.jpg
f99b7c49c1c8472681987ac2d1ff87bc,24050,帶羊賺錢 ft.煙花、99 @restiafps !咖啡廳 !日程 !7tv !剪輯 !午餐幫 !VPN,2023-08-14T06:12:04Z,https://www.twitch.tv/videos/1898361292,https://static-cdn.jtvnw.net/cf_vods/d3vd9lfkzbru3h/c19f323ab8a7d8d94325_restiafps_40529210903_1691993518//thumb/thumb0-%{width}x%{height}.jpg
f99b7c49c1c8472681987ac2d1ff87bc,23973,跟一群大哥五排 ft.Kant，Kmomo，Krapy，9QOQ !日程 !7tv !剪輯 !午餐幫 !VPN,2023-08-28T10:56:50Z,https://www.twitch.tv/videos/1910714093,https://static-cdn.jtvnw.net/cf_vods/d3vd9lfkzbru3h/90ca13a0c85b091d3ad7_restiafps_40568176407_1693220203//thumb/thumb0-%{width}x%{height}.jpg
312fdd3c5e6d4aefa73fd3860ecc5613,23963,🐺一吻換邊牧 #shorts,2023-08-26T10:00:30Z,https://www.youtube.com/watch?v=PjYXYywLG8Q,https://i.ytimg.com/vi/PjYXYywLG8Q/mqdefault.jpg
5535c9524eb046c38e172ebfa06b302f,23928,🔴AR60 ASIA【#原神 / Genshin】4.0－滿命林尼&夜蘭代抽預約中，每周日萌新健檢&滷肉幫到你家! ▹璐洛洛◃,2023-08-13T18:43:51Z,https://www.youtube.com/watch?v=R1tIGcOEXMo,https://i.ytimg.com/vi/R1tIGcOEXMo/mqdefault.jpg
d837e8fda137492c9d77882b98ff863a,23867,不開燈在房間裡偷看OO...? #vtuber #shorts #台V #vtuberclip #vtuber中文,2023-09-04T09:30:07Z,https://www.youtube.com/watch?v=WJM2jPgy_bg,https://i.ytimg.com/vi/WJM2jPgy_bg/mqdefault.jpg
6c872a4043b84e4493877a42af684d1d,23808,確認過眼神 是想要嗆的人 #台V #vtuber #台v精華  #Vtuberclip #銀河galaxy #台灣vtuber #台vtuber #台V歌勢,2023-08-08T14:00:06Z,https://www.youtube.com/watch?v=53yQnERy1-M,https://i.ytimg.com/vi/53yQnERy1-M/mqdefault.jpg
fa5a7cdc259543259af42bb23f1e4041,23748,關於我消失的一周 #Vtuber #vtuberclips #台v精華 #515#515x20,2023-08-27T10:13:19Z,https://www.youtube.com/watch?v=p2Ed1DiK9UM,https://i.ytimg.com/vi/p2Ed1DiK9UM/mqdefault.jpg
14d83faa414c415097d577d2da9636ce,23713,【original anime MV】メンヘラブ【萌留みみん】,2023-08-13T15:45:11Z,https://www.youtube.com/watch?v=sGWxYrXfs7A,https://i.ytimg.com/vi/sGWxYrXfs7A/mqdefault.jpg
f99b7c49c1c8472681987ac2d1ff87bc,23569,我需要地下城療愈我一下 明天會去FF41開台 周邊會在春魚攤販販售 !FF41 !日程 !7tv !剪輯 !午餐幫 !VPN,2023-08-17T14:55:34Z,https://www.twitch.tv/videos/1901171194,https://static-cdn.jtvnw.net/cf_vods/d3vd9lfkzbru3h/120597e9a87058142432_restiafps_40539018423_1692284127//thumb/thumb0-%{width}x%{height}.jpg
abd64c9a64e04fb1b23faa2480c1c106,23490,我畫畫把自己變成了火柴人 ! ?,2023-08-29T10:22:27Z,https://www.youtube.com/watch?v=lwQ2veoiWvs,https://i.ytimg.com/vi/lwQ2veoiWvs/mqdefault.jpg
c04f006e69e04000a68cd0c41f888eb2,23178,【酒雜回顧🍻】救命...我喝醉的時候應該沒有做奇怪的事吧❓❗ | Rluo Ch. 阿洛,2023-09-01T15:08:18Z,https://www.youtube.com/watch?v=_6zbag0hyj0,https://i.ytimg.com/vi/_6zbag0hyj0/mqdefault.jpg
9d9c6477329245cbb2557895f4f15686,23144,早上睡 早上起 OK ⸜♡⸝  周年慶熱賣中/ᐠ. ̫ .ᐟ\ !DC !抱枕 !周邊 !VPN,2023-08-13T05:34:07Z,https://www.twitch.tv/videos/1897493184,https://static-cdn.jtvnw.net/cf_vods/d3vd9lfkzbru3h/925eb5041509628e1ad2_iitifox_40526571671_1691904841//thumb/thumb0-%{width}x%{height}.jpg
e93bd1102e214cbaa71cc5b2e4a53595,22887,【喵蒂登基】早朝問貓咪！不管是你的心情疑難雜症，或是想問本喵的話都可以！   ░  特別企劃｜Specail Stream【厄倫喵蒂 Earendelcat】,2023-08-16T15:28:35Z,https://www.youtube.com/watch?v=-giUjN1KFxE,https://i.ytimg.com/vi/-giUjN1KFxE/mqdefault.jpg
5535c9524eb046c38e172ebfa06b302f,22855,【原神】1分鐘 [夜蘭] 養成懶人包▸充能要多少？畢業面板、聖遺物、天賦加點順序🎲 #璐洛洛 #原神,2023-09-04T12:00:23Z,https://www.youtube.com/watch?v=c9cu2NvjvjI,https://i.ytimg.com/vi/c9cu2NvjvjI/mqdefault.jpg
6bd49f94afb144e995247388ca8c42a8,22828,橙Yuzumi - 你以為我好欺負嗎！誰說女生不會打FPS！！【Apex Legends Montage】,2023-08-16T11:00:24Z,https://www.youtube.com/watch?v=cWONFZEWREE,https://i.ytimg.com/vi/cWONFZEWREE/mqdefault.jpg
58abad4aa8de49efb785367503dfd92c,22801,"【耳舐めASMR】♡爆睡舔耳♡全套深夜失眠陪伴♡掏耳心音按摩♡ Ear Massage,Ear Licking|耳はー、耳ふー 、耳マッサージ| 黑3DIO KU100【野薔薇 Vtuber】",2023-08-11T21:23:37Z,https://www.youtube.com/watch?v=MiSsIb5o2GI,https://i.ytimg.com/vi/MiSsIb5o2GI/mqdefault.jpg
e93bd1102e214cbaa71cc5b2e4a53595,22515,【伴睡歌回】以前唱過特別喜歡的這些歌，想重新唱唱送給你們，你們對這些歌還有印象嗎？ ░  睡眠誘導歌枠｜Singing Stream,2023-08-21T15:33:57Z,https://www.youtube.com/watch?v=mY85yEBGdnM,https://i.ytimg.com/vi/mY85yEBGdnM/mqdefault.jpg
3f4650e05ceb41008bd16869780b7af1,22443,一發入魂貓戰理論上最強角色！|水羽 ほむら #shorts #台灣vtube  #貓咪大戰爭,2023-09-02T13:30:14Z,https://www.youtube.com/watch?v=naHspF_TGss,https://i.ytimg.com/vi/naHspF_TGss/mqdefault.jpg
e93bd1102e214cbaa71cc5b2e4a53595,22434,久違的樹洞雜談！ 有點想打個配，一個自由的周五晚上░ @earendelxdfp !指令 !隊友,2023-08-25T13:33:05Z,https://www.twitch.tv/videos/1908117650,https://static-cdn.jtvnw.net/cf_vods/d3vd9lfkzbru3h/13f096305acd6bbc0ed0_earendelxdfp_40560599239_1692970377//thumb/thumb0-%{width}x%{height}.jpg
58abad4aa8de49efb785367503dfd92c,22432,"【ASMR耐久助眠 | KU100】♡零距哄睡♡耳朵清潔按摩♡睡眠導入♡ ゼロ距離吐息,耳ふー,耳はー, 耳マッサージ,Ear massage Kiss Sound 黑3IO【野薔薇 Vtuber】",2023-08-07T19:08:03Z,https://www.youtube.com/watch?v=DQkDvNmldH4,https://i.ytimg.com/vi/DQkDvNmldH4/mqdefault.jpg
b4a1791208fd4d85b7b08ee2bad0c236,22371,平是比較出來的🌼 #shorts  #vtuber #瑪格麗特諾爾絲 #箱箱thebox,2023-08-13T09:00:12Z,https://www.youtube.com/watch?v=UFJ6Vq9EeNs,https://i.ytimg.com/vi/UFJ6Vq9EeNs/mqdefault.jpg
e93bd1102e214cbaa71cc5b2e4a53595,22365,跟小鹿一起別挨餓！ ░ @earendelxdfp !指令 !隊友,2023-08-23T13:01:20Z,https://www.twitch.tv/videos/1906378400,https://static-cdn.jtvnw.net/cf_vods/d3vd9lfkzbru3h/cce91c6578387d724de7_earendelxdfp_40555187223_1692795673//thumb/thumb0-%{width}x%{height}.jpg
9d9c6477329245cbb2557895f4f15686,22360,10萬追隨耐久台| 最醜的LINE貼圖上架了⸜♡⸝  !LINE 周年慶熱賣中/ᐠ. ̫ .ᐟ\ !DC !抱枕 !周邊 !VPN,2023-08-16T09:53:04Z,https://www.twitch.tv/videos/1900159053,https://static-cdn.jtvnw.net/cf_vods/d3vd9lfkzbru3h/ed19ff50761cc8443cce_iitifox_40535111255_1692179576//thumb/thumb0-%{width}x%{height}.jpg
312fdd3c5e6d4aefa73fd3860ecc5613,22087,【歌回LA】《芭比》電影主題歌回🎵新衣裝公布！？ #森森鈴蘭,2023-08-12T13:00:47Z,https://www.youtube.com/watch?v=ft7drO1NAYQ,https://i.ytimg.com/vi/ft7drO1NAYQ/mqdefault.jpg
2e266a71aa3d4a67bb8d9a2a0b573319,21839,【仔魚】08/19   ┃!line !周邊 !VOD !糯米 @ZIIFISH,2023-08-19T12:40:18Z,https://www.twitch.tv/videos/1902897001,https://static-cdn.jtvnw.net/cf_vods/d3vd9lfkzbru3h/8d396d79f69de72cd1b5_ziifish_40544237527_1692448808//thumb/thumb0-%{width}x%{height}.jpg
fd6a0236861940389e15ef85b16c6069,21641,9/2✧ 九月訂閱打折，包貨完了！回來假日陪伴 | LINE貼圖上市超級可愛手刃購買 ₍ᐢ •͈ ༝ •͈ ᐢ₎♡ | !鏈接 !line貼圖,2023-09-02T12:57:16Z,https://www.twitch.tv/videos/1915120107,https://static-cdn.jtvnw.net/cf_vods/d3vd9lfkzbru3h/228c541aa77508c5c36f_hennie2001_40581625767_1693659429//thumb/thumb0-%{width}x%{height}.jpg
8b027d3a3f374c9c8398b6dd751e5018,21632,【小笙】0823 光劍復健 點歌打!光劍｜!鵝T !傳送門 !蔚藍 !自主訂閱 8/18,2023-08-23T00:39:03Z,https://www.twitch.tv/videos/1906022932,https://static-cdn.jtvnw.net/cf_vods/d3vd9lfkzbru3h/4361afe0e22927f32171_lisheng_tw_40553594183_1692751135//thumb/thumb0-%{width}x%{height}.jpg
1ccdbe5d48934f4cbabc86512dd1d357,21597,【日籍台V】你知道這是什麼料理嗎? #Vtuber #shorts,2023-08-25T08:15:56Z,https://www.youtube.com/watch?v=ZQjWD3FsZ5s,https://i.ytimg.com/vi/ZQjWD3FsZ5s/mqdefault.jpg
312fdd3c5e6d4aefa73fd3860ecc5613,21452,【遊戲LA】被室友推薦所以來玩了...🐺潛水員戴夫有這麼好玩嗎？ #森森鈴蘭,2023-08-23T23:25:31Z,https://www.youtube.com/watch?v=ebQoFHmM-wk,https://i.ytimg.com/vi/ebQoFHmM-wk/mqdefault.jpg
f99b7c49c1c8472681987ac2d1ff87bc,21441,HR殺手 !日程 !7tv !剪輯 !午餐幫 !VPN,2023-08-24T15:35:21Z,https://www.twitch.tv/videos/1907325107,https://static-cdn.jtvnw.net/cf_vods/d3vd9lfkzbru3h/89efa1142f4ac3121f2d_restiafps_40558318807_1692891313//thumb/thumb0-%{width}x%{height}.jpg
4b6655120fbd4431a8f7894cac4a4d49,21358,ASMR｜ARA ARA讓姊姊來疼愛你的耳朵❤️舔耳特輯｜ 귀 핥기｜あらあら❤️ 脳がゾクゾク 耳舐め｜ Ear licking  Eat your ears【バイノーラル/BINAURAL】,2023-08-18T16:41:51Z,https://www.youtube.com/watch?v=iJ_B0NPzI8M,https://i.ytimg.com/vi/iJ_B0NPzI8M/mqdefault.jpg
0641a9c8b9a94994aaa33e0c86fef75b,21325,芋頭本人不是我啦幹 #vtuber #shorts #台V #vtuberclip #vtuber中文 #kuromu,2023-08-16T10:00:43Z,https://www.youtube.com/watch?v=s_Mv0IGuKOo,https://i.ytimg.com/vi/s_Mv0IGuKOo/mqdefault.jpg
5535c9524eb046c38e172ebfa06b302f,21299,飲月君0+1就能有百萬傷害？仙舟回憶0T通關！  #璐洛洛 #honkaistarrail,2023-08-30T12:00:25Z,https://www.youtube.com/watch?v=cHfFjEWXN04,https://i.ytimg.com/vi/cHfFjEWXN04/mqdefault.jpg
2e266a71aa3d4a67bb8d9a2a0b573319,21278,【仔魚】09/05  @ZIIFISH,2023-09-05T01:47:08Z,https://www.twitch.tv/videos/1917458488,https://static-cdn.jtvnw.net/cf_vods/d3vd9lfkzbru3h/12833d36469083b2ec75_ziifish_40588156583_1693878418//thumb/thumb0-%{width}x%{height}.jpg
e93bd1102e214cbaa71cc5b2e4a53595,21220,【還願】久違的恐遊之夜！好久沒玩這款遊戲了，看我還記不記得裡面的劇情呢？ ｜ Gaming Stream【厄倫蒂兒 Earendel】,2023-08-17T17:49:44Z,https://www.youtube.com/watch?v=decTrTOVzcw,https://i.ytimg.com/vi/decTrTOVzcw/mqdefault.jpg
2e266a71aa3d4a67bb8d9a2a0b573319,21209,【仔魚】08/21 還沒睡當超人   ┃!line !周邊 !VOD !糯米 @ZIIFISH,2023-08-21T03:43:21Z,https://www.twitch.tv/videos/1904450920,https://static-cdn.jtvnw.net/cf_vods/d3vd9lfkzbru3h/b5157c82c019d6309063_ziifish_40548485095_1692589390//thumb/thumb0-%{width}x%{height}.jpg
e93bd1102e214cbaa71cc5b2e4a53595,21104,【新書分享】《第一次的…》你有喜歡的人嗎?你有告白過的經驗嗎?【厄倫蒂兒 Earendel】,2023-08-26T12:00:26Z,https://www.youtube.com/watch?v=_5Ftx5GjKyo,https://i.ytimg.com/vi/_5Ftx5GjKyo/mqdefault.jpg
fd6a0236861940389e15ef85b16c6069,21077,9/5 ✧ 外面下好久的大雨(羊毛濕濕 | LINE貼圖上市超級可愛手刀購買 ₍ᐢ •͈ ༝ •͈ ᐢ₎♡ | !鏈接 !line貼圖,2023-09-05T13:32:25Z,https://www.twitch.tv/videos/1917747958,https://static-cdn.jtvnw.net/cf_vods/d3vd9lfkzbru3h/cdcebc75ea42eaf0da03_hennie2001_40589701959_1693920740//thumb/thumb0-%{width}x%{height}.jpg
04d2ff1dde6b4bb68503a734274f4b7e,20883,【夜烏精華】這些謊言就用歐咖咪的身體來承受吧 #台v #台灣vtuber #黑銀夜烏 #shorts,2023-08-13T13:04:53Z,https://www.youtube.com/watch?v=R01MXzvDWRQ,https://i.ytimg.com/vi/R01MXzvDWRQ/mqdefault.jpg
5535c9524eb046c38e172ebfa06b302f,20798,🔴AR60 ASIA【#原神 / Genshin】鍾離&公子代抽預約中，圖奇掛台領原石，每周日萌新健檢&滷肉幫到你家!｜!語音包 !飲月 ▹璐洛洛◃,2023-09-03T19:52:58Z,https://www.youtube.com/watch?v=4ru1mtUA32k,https://i.ytimg.com/vi/4ru1mtUA32k/mqdefault.jpg
c82ab1b4f8f64d1f84cae4ce09aa0dea,20764,【歌回】激戰三日辛苦了～來聽歌放鬆一下｜汐Seki,2023-08-20T16:59:31Z,https://www.youtube.com/watch?v=nStv3eD23fU,https://i.ytimg.com/vi/nStv3eD23fU/mqdefault.jpg
5535c9524eb046c38e172ebfa06b302f,20693,🔵ASIA Lv70【崩壞：星穹鐵道】恭迎！滿星魂「飲月君」覺醒🐲？混沌回憶直接上陣實測！看直播競猜抽『無名客獎章』! ▹璐洛洛◃,2023-08-30T17:16:58Z,https://www.youtube.com/watch?v=T6wb6t_C96U,https://i.ytimg.com/vi/T6wb6t_C96U/mqdefault.jpg
664e1b310cf343b78623f99b31e40fae,20665,殭屍吵大長【迪鹿精華】七日殺1/3《7 Days to Die》ft.  @midas2681 、@nekota.studio、蜘蛛豬、有鹿,2023-08-19T10:01:57Z,https://www.youtube.com/watch?v=P8SWLXoU7fY,https://i.ytimg.com/vi/P8SWLXoU7fY/mqdefault.jpg
fd6a0236861940389e15ef85b16c6069,20560,8/˙8 ✧ ９很忙  ₍ᐢ •͈ ༝ •͈ ᐢ₎♡ | !鏈接!表單,2023-08-08T14:21:20Z,https://www.twitch.tv/videos/1893354450,https://static-cdn.jtvnw.net/cf_vods/d3vd9lfkzbru3h/44c7c6bd30a62ce24720_hennie2001_40515160775_1691504474//thumb/thumb0-%{width}x%{height}.jpg
2e266a71aa3d4a67bb8d9a2a0b573319,20514,【仔魚】08/25   ┃!line !周邊 !VOD !糯米 @ZIIFISH,2023-08-25T01:28:29Z,https://www.twitch.tv/videos/1907773137,https://static-cdn.jtvnw.net/cf_vods/d3vd9lfkzbru3h/8d75f17d7e5e7af2ccbb_ziifish_40558967943_1692926899//thumb/thumb0-%{width}x%{height}.jpg
bafb134fd2f849898d6242d1f5f683cc,20510,【天氣真好】這是一個證明自己是清白的shorts【涅默Nemesis】,2023-08-23T04:00:04Z,https://www.youtube.com/watch?v=BVW-15eQg_I,https://i.ytimg.com/vi/BVW-15eQg_I/mqdefault.jpg
4b6655120fbd4431a8f7894cac4a4d49,20456,ASMR ｜溫柔御姐使用香氛乳液按摩幫助你放鬆入眠❤️｜香りのローションで耳をマッサージ｜Massage ears with scented lotion【白/黑3DIO KU100】,2023-08-13T16:40:14Z,https://www.youtube.com/watch?v=CvMbhh_tWO4,https://i.ytimg.com/vi/CvMbhh_tWO4/mqdefault.jpg
fd6a0236861940389e15ef85b16c6069,20448,8/˙8 ✧ 挑戰 Only Up 耐久台 沒過關不關台  ₍ᐢ •͈ ༝ •͈ ᐢ₎♡ | !鏈接!表單,2023-08-07T16:45:13Z,https://www.twitch.tv/videos/1892586322,https://static-cdn.jtvnw.net/cf_vods/d3vd9lfkzbru3h/376e604299487545d7b8_hennie2001_40512911751_1691426706//thumb/thumb0-%{width}x%{height}.jpg
5535c9524eb046c38e172ebfa06b302f,20437,【原神】滿命流浪者⭐代抽精華▸這個琺露珊不是4星的嗎？怎麼出貨率跟5星的角色差不多？🤣 ▹璐洛洛◃,2023-08-22T15:15:07Z,https://www.youtube.com/watch?v=g78Kdfn_HAs,https://i.ytimg.com/vi/g78Kdfn_HAs/mqdefault.jpg
5535c9524eb046c38e172ebfa06b302f,20428,【原神】4.0楓丹新聖遺物適合誰？🧐 #璐洛洛 #原神 #genshinimpact,2023-08-08T12:07:13Z,https://www.youtube.com/watch?v=e0PLWuwrJUM,https://i.ytimg.com/vi/e0PLWuwrJUM/mqdefault.jpg
8b027d3a3f374c9c8398b6dd751e5018,20422,【周小笙】0821 氣質主播來了｜!鵝T !傳送門 !蔚藍 !自主訂閱,2023-08-21T04:59:41Z,https://www.twitch.tv/videos/1904487842,https://static-cdn.jtvnw.net/cf_vods/d3vd9lfkzbru3h/4d2eb432f258dbe212ce_lisheng_tw_40548604503_1692593974//thumb/thumb0-%{width}x%{height}.jpg
c04f006e69e04000a68cd0c41f888eb2,20358,【伊甸惡鄰】✨麥塊時間✨ | Rluo Ch. 阿洛 【Minecraft 1.20】,2023-08-26T14:36:35Z,https://www.youtube.com/watch?v=MchmftOLeZ8,https://i.ytimg.com/vi/MchmftOLeZ8/mqdefault.jpg
7c06b9e316ce4ac18ce836cd72442bbe,20331,【活動二周年記念】Despair / 浠Mizuki【歌ってみた】,2023-08-26T15:30:07Z,https://www.youtube.com/watch?v=jZrZz_SAqoo,https://i.ytimg.com/vi/jZrZz_SAqoo/mqdefault.jpg
e93bd1102e214cbaa71cc5b2e4a53595,20319,【不要誤會】 交檔案求的是一種緣份 【厄倫蒂兒 Earendel】,2023-08-30T12:00:18Z,https://www.youtube.com/watch?v=QJOaW0NBhcI,https://i.ytimg.com/vi/QJOaW0NBhcI/mqdefault.jpg
5535c9524eb046c38e172ebfa06b302f,20297,🔴AR60 ASIA【#原神 / Genshin】隔壁棚「飲月」代抽預約，圖奇掛台領原石，每周日萌新健檢&滷肉幫到你家! ▹璐洛洛◃,2023-08-27T19:32:37Z,https://www.youtube.com/watch?v=0kAshrlZ7kQ,https://i.ytimg.com/vi/0kAshrlZ7kQ/mqdefault.jpg
1323f1b775bf43659f8b8ec2899522cd,20286,【原創曲】相守/柴崎楓音,2023-08-29T10:17:10Z,https://www.youtube.com/watch?v=a2I323s0nLk,https://i.ytimg.com/vi/a2I323s0nLk/mqdefault.jpg
c82ab1b4f8f64d1f84cae4ce09aa0dea,20259,【ASMR】最高品質靜悄悄...3DIO開箱體驗｜汐Seki,2023-08-12T16:33:36Z,https://www.youtube.com/watch?v=jHLPL6tfhWA,https://i.ytimg.com/vi/jHLPL6tfhWA/mqdefault.jpg
5535c9524eb046c38e172ebfa06b302f,20175,🔴AR60 ASIA【#原神 / Genshin】4.0－滿命公子&鍾離來我家！兩個都滿命的話菲米尼怎麼辦😰？圖奇掛台領原石! ▹璐洛洛◃,2023-09-05T19:34:31Z,https://www.youtube.com/watch?v=XmDFzuhFhx0,https://i.ytimg.com/vi/XmDFzuhFhx0/mqdefault.jpg
2741a90689f342548daad7f760b0a8f7,20102,棉花糖都是一些大便的Vtuber #shorts #台v,2023-08-18T20:28:38Z,https://www.youtube.com/watch?v=PvDOqJHppgM,https://i.ytimg.com/vi/PvDOqJHppgM/mqdefault.jpg
04d2ff1dde6b4bb68503a734274f4b7e,20025,【全肯定ASMR】🎧療癒系姊姊甜蜜的溫柔哄睡 ♡ #中文音聲 #asmr,2023-08-31T17:28:25Z,https://www.youtube.com/watch?v=kSpjzuQoD5c,https://i.ytimg.com/vi/kSpjzuQoD5c/mqdefault.jpg
5535c9524eb046c38e172ebfa06b302f,19927,【原神】楓丹4.0前瞻－夜蘭 & 鍾離怎麼抽？🧐 #璐洛洛 #原神 #genshinimpact,2023-08-07T12:00:37Z,https://www.youtube.com/watch?v=hAxEahY4AGc,https://i.ytimg.com/vi/hAxEahY4AGc/mqdefault.jpg
312fdd3c5e6d4aefa73fd3860ecc5613,19765,🐺抽象化編劇 #shorts,2023-08-11T10:00:24Z,https://www.youtube.com/watch?v=J8tr9buIH6s,https://i.ytimg.com/vi/J8tr9buIH6s/mqdefault.jpg
a9f6574e98f34b20a05269134930fb50,19764,台灣旅行日記！【豐原廟東夜市】/茸茸鼠,2023-09-01T17:09:04Z,https://www.youtube.com/watch?v=WQ6kBQZ4NaE,https://i.ytimg.com/vi/WQ6kBQZ4NaE/mqdefault.jpg
312fdd3c5e6d4aefa73fd3860ecc5613,19755,【歌回LA】剛才叫了外送但是16萬訂閱快到了 #森森鈴蘭,2023-09-02T15:56:27Z,https://www.youtube.com/watch?v=hV01PPhNUGI,https://i.ytimg.com/vi/hV01PPhNUGI/mqdefault.jpg
3f4650e05ceb41008bd16869780b7af1,19444,【貓咪研究室】一年只出現一次的轉蛋系列！季節卡池懶人包介紹《水羽 ほむら》【貓咪大戰爭】,2023-09-02T13:00:12Z,https://www.youtube.com/watch?v=8-g1QJrngNg,https://i.ytimg.com/vi/8-g1QJrngNg/mqdefault.jpg
5535c9524eb046c38e172ebfa06b302f,19352,🔴AR60 ASIA【#原神 / Genshin】楓丹快來啦! 暑假作業趕工💦💦💦 ▹璐洛洛◃,2023-08-12T20:39:15Z,https://www.youtube.com/watch?v=30Q_w7pPgYI,https://i.ytimg.com/vi/30Q_w7pPgYI/mqdefault.jpg
9d9c6477329245cbb2557895f4f15686,19293,雨天 | 記得去DC領福利 | 最醜的LINE貼圖上架了⸜♡⸝  !LINE 周年慶熱賣中/ᐠ. ̫ .ᐟ\ !DC !抱枕 !周邊 !VPN,2023-08-18T10:01:28Z,https://www.twitch.tv/videos/1901910106,https://static-cdn.jtvnw.net/cf_vods/d3vd9lfkzbru3h/0a88d279eb9a773429d6_iitifox_40540721863_1692352881//thumb/thumb0-%{width}x%{height}.jpg
312fdd3c5e6d4aefa73fd3860ecc5613,19276,🐺恐龍扛狼 #shorts,2023-09-01T10:00:04Z,https://www.youtube.com/watch?v=6Q-xgLPVWkc,https://i.ytimg.com/vi/6Q-xgLPVWkc/mqdefault.jpg
9d9c6477329245cbb2557895f4f15686,19086,超香周邊開賣 ⸜♡⸝  宿醉狐/ᐠ. ̫ .ᐟ\ !DC !抱枕 !周邊,2023-08-09T10:28:42Z,https://www.twitch.tv/videos/1894114714,https://static-cdn.jtvnw.net/cf_vods/d3vd9lfkzbru3h/8d1e042f050cc35ff4b6_iitifox_40517039127_1691576915//thumb/thumb0-%{width}x%{height}.jpg
2e266a71aa3d4a67bb8d9a2a0b573319,18973,【仔魚】08/14   ┃!line !周邊 !VOD !糯米 @ZIIFISH,2023-08-13T21:20:21Z,https://www.twitch.tv/videos/1898032288,https://static-cdn.jtvnw.net/cf_vods/d3vd9lfkzbru3h/da594d76284e8cb8fa1f_ziifish_40528531623_1691961611//thumb/thumb0-%{width}x%{height}.jpg
fd6a0236861940389e15ef85b16c6069,18878,8/20 ✧ 連動檢定 第一批周邊到貨記得查看手機訊息  ₍ᐢ •͈ ༝ •͈ ᐢ₎♡ | !鏈接!表單,2023-08-20T12:29:53Z,https://www.twitch.tv/videos/1903785828,https://static-cdn.jtvnw.net/cf_vods/d3vd9lfkzbru3h/468e346edefa7e0bf0d5_hennie2001_40547096567_1692534585//thumb/thumb0-%{width}x%{height}.jpg
3f4650e05ceb41008bd16869780b7af1,18791,如果47樓一遍過！我就送會員|水羽 ほむら #shorts #台灣vtube  #貓咪大戰爭,2023-09-01T10:59:30Z,https://www.youtube.com/watch?v=6IfcMRM6t1I,https://i.ytimg.com/vi/6IfcMRM6t1I/mqdefault.jpg
1d2404a7bd5a4baab9473392d62e7ca9,18776,ダーリン/須田景凪 #shorts #cover #karaoke #灰薔薇ティア,2023-08-18T11:00:42Z,https://www.youtube.com/watch?v=lRbJK5d7FVs,https://i.ytimg.com/vi/lRbJK5d7FVs/mqdefault.jpg
7c06b9e316ce4ac18ce836cd72442bbe,18727,屁股的痣 #shorts #mizukilive,2023-09-04T09:51:58Z,https://www.youtube.com/watch?v=DCnzBDIoQ2k,https://i.ytimg.com/vi/DCnzBDIoQ2k/mqdefault.jpg
c82ab1b4f8f64d1f84cae4ce09aa0dea,18543,【Core Keeper】我保護妳！種田打怪都交給我 ft. KSP｜汐Seki,2023-08-29T18:54:59Z,https://www.youtube.com/watch?v=K89Ybo2v23g,https://i.ytimg.com/vi/K89Ybo2v23g/mqdefault.jpg
8b027d3a3f374c9c8398b6dd751e5018,18373,【周小笙】0827 兄妹鬩牆 正式退出起司幫 流浪day1｜!鵝T !傳送門 !自主訂閱 !P9,2023-08-27T05:33:56Z,https://www.twitch.tv/videos/1909733491,https://static-cdn.jtvnw.net/cf_vods/d3vd9lfkzbru3h/cabc3ad8d612028ec9d9_lisheng_tw_40564921687_1693114430//thumb/thumb0-%{width}x%{height}.jpg
3681a0b4e4bd48888473b1884f6ee420,18330,我的行車記錄器哪有這麼可愛 #台v #台灣vtuber #vtuber中文 #vtuber精華 #shorts #vtuberclip,2023-08-31T08:00:26Z,https://www.youtube.com/watch?v=yrI9IjGJFZg,https://i.ytimg.com/vi/yrI9IjGJFZg/mqdefault.jpg
5535c9524eb046c38e172ebfa06b302f,18316,恐龍扛狼🦕（又錄了什麼東西...？） #Vtuber #璐洛洛 #恐龍扛狼,2023-08-18T12:00:11Z,https://www.youtube.com/watch?v=GD_AplmpRnU,https://i.ytimg.com/vi/GD_AplmpRnU/mqdefault.jpg
a9f6574e98f34b20a05269134930fb50,18140,【聊天】COVID-19太恐怖了NA＞＜/茸茸鼠,2023-08-19T14:52:37Z,https://www.youtube.com/watch?v=91EFexZBk1c,https://i.ytimg.com/vi/91EFexZBk1c/mqdefault.jpg
e93bd1102e214cbaa71cc5b2e4a53595,17857,【雙人成行】繼續戰鬥！希望不要再開飛機惹・゜・(PД`q｡)・゜・標題我起床再想   @restiafps  ｜ Gaming Stream【厄倫蒂兒 Earendel】,2023-09-01T16:50:03Z,https://www.youtube.com/watch?v=M1z66B8JXXU,https://i.ytimg.com/vi/M1z66B8JXXU/mqdefault.jpg
d837e8fda137492c9d77882b98ff863a,17727,台語 vs. 乳溝，哪一個比較有救?  #vtuber #真理果 #台v #台灣vtuber #vtuberclip #vtuber中文,2023-08-27T09:30:08Z,https://www.youtube.com/watch?v=QgjQGxuiNXo,https://i.ytimg.com/vi/QgjQGxuiNXo/mqdefault.jpg
58abad4aa8de49efb785367503dfd92c,17695,"【ASMR | KU100睡眠導入】♡舒壓♡水聲 碳酸 泡沫 洗髮按摩♡ 水の音,耳ふー, シャンプー,マッサージ,Foam ,Hair wash, Scalp massage【野薔薇 Vtuber】",2023-08-24T18:26:37Z,https://www.youtube.com/watch?v=GDoeuK1PaSc,https://i.ytimg.com/vi/GDoeuK1PaSc/mqdefault.jpg
c04f006e69e04000a68cd0c41f888eb2,17536,【伊甸惡鄰】沒時間啦，趁現在有空來開一下下 ❗  | Rluo Ch. 阿洛 【Minecraft 1.20】,2023-08-12T09:21:52Z,https://www.youtube.com/watch?v=CmimiZh06O4,https://i.ytimg.com/vi/CmimiZh06O4/mqdefault.jpg
9d9c6477329245cbb2557895f4f15686,17535,NOWAYING 特戰英豪咪兔事件,2023-08-23T22:08:36Z,https://www.youtube.com/watch?v=IvpD7HFClDY,https://i.ytimg.com/vi/IvpD7HFClDY/mqdefault.jpg
7c06b9e316ce4ac18ce836cd72442bbe,17526,【重大公告】二周年前夜祭✨周年前的夜晚帶著興奮的心情和開心的消息來和大家一起倒數迎接🔥𝒘𝒂𝒌𝒖 𝒘𝒂𝒌𝒖!!【浠Mizuki】,2023-08-27T17:04:41Z,https://www.youtube.com/watch?v=LDcrnvqUESM,https://i.ytimg.com/vi/LDcrnvqUESM/mqdefault.jpg
9d9c6477329245cbb2557895f4f15686,17503,以後粉EG  ⸜♡⸝ !LINE 周年慶熱賣中/ᐠ. ̫ .ᐟ\ !DC !抱枕 !周邊 !VPN,2023-08-27T06:06:14Z,https://www.twitch.tv/videos/1909748432,https://static-cdn.jtvnw.net/cf_vods/d3vd9lfkzbru3h/7bf16802a202c614e161_iitifox_40564998295_1693116366//thumb/thumb0-%{width}x%{height}.jpg
5535c9524eb046c38e172ebfa06b302f,17478,【合金彈頭：覺醒】Heavy Machine Gun強勢回歸！最強橫卷軸射擊手遊登場！▹璐洛洛◃,2023-08-11T13:00:08Z,https://www.youtube.com/watch?v=rLxSSh7zbTc,https://i.ytimg.com/vi/rLxSSh7zbTc/mqdefault.jpg
7c06b9e316ce4ac18ce836cd72442bbe,17472,【百曲耐久歌枠～第二部～】跟sasa一起唱爆夏天⚡100曲まで歌うぞ🎸初見さん大歓迎🎤 ft. @sazkich  【浠Mizuki Karaoke】,2023-08-13T18:14:31Z,https://www.youtube.com/watch?v=SCOnlElubz4,https://i.ytimg.com/vi/SCOnlElubz4/mqdefault.jpg
bafb134fd2f849898d6242d1f5f683cc,17328,【PK】一言不合直接戰鬥【涅默Nemesis】,2023-08-16T04:00:28Z,https://www.youtube.com/watch?v=w7k0WOxmdT8,https://i.ytimg.com/vi/w7k0WOxmdT8/mqdefault.jpg
e93bd1102e214cbaa71cc5b2e4a53595,17198,【Parasocial | パラソーシャル】喵蒂強勢回歸！不懂耶人類為什麼怕這種遊戲～題材太敏感了讓喵蒂來扛！ ｜ Gaming Stream【厄倫喵蒂 Earendelcat】,2023-09-05T16:22:06Z,https://www.youtube.com/watch?v=E5QYgaxrXEM,https://i.ytimg.com/vi/E5QYgaxrXEM/mqdefault.jpg
9d9c6477329245cbb2557895f4f15686,17155,八點。最醜的LINE貼圖上架了⸜♡⸝  周年慶熱賣中/ᐠ. ̫ .ᐟ\ !DC !抱枕 !周邊 !VPN,2023-08-14T12:03:38Z,https://www.twitch.tv/videos/1898477919,https://static-cdn.jtvnw.net/cf_vods/d3vd9lfkzbru3h/6cf09ad6c7ef8709b0ba_iitifox_40530024887_1692014611//thumb/thumb0-%{width}x%{height}.jpg
e93bd1102e214cbaa71cc5b2e4a53595,17092,久違的開開！跟大家聊聊看看推特上的FF！ ░ @earendelxdfp !指令,2023-08-19T03:40:00Z,https://www.twitch.tv/videos/1902657997,https://static-cdn.jtvnw.net/cf_vods/d3vd9lfkzbru3h/feffd529ae1fa038cff8_earendelxdfp_40542860903_1692416393//thumb/thumb0-%{width}x%{height}.jpg
58abad4aa8de49efb785367503dfd92c,17005,【ASMR | KU100 睡眠導入】♡ガチ恋距離♡吐息KISS♡掏耳按摩哄睡♡EarCleaning Ear massage♡  耳はー、耳ふー 、耳マッサージ| 黑3DIO【野薔薇 Vtuber】,2023-08-17T18:01:34Z,https://www.youtube.com/watch?v=9OYX1i63xqk,https://i.ytimg.com/vi/9OYX1i63xqk/mqdefault.jpg
a9b855767b2d432c9f263e3427ff33a6,16961,【反骨喵喵】沒有人能指揮本喵【埃穆亞Oumua】,2023-08-23T04:00:19Z,https://www.youtube.com/watch?v=_f789RvMquo,https://i.ytimg.com/vi/_f789RvMquo/mqdefault.jpg
fa5a7cdc259543259af42bb23f1e4041,16951,教壞小孩的課本 #Vtuber #vtuberclips #台v精華 #515#515x20,2023-09-01T11:45:21Z,https://www.youtube.com/watch?v=oCoWEC5u-9E,https://i.ytimg.com/vi/oCoWEC5u-9E/mqdefault.jpg
c04f006e69e04000a68cd0c41f888eb2,16903,【伊甸惡鄰】蓋史萊姆農場 ! 開學第一天有發生什麼有趣的事嗎 ! | Rluo Ch. 阿洛 【Minecraft 1.20】,2023-08-30T16:07:45Z,https://www.youtube.com/watch?v=j5vJacGRRCA,https://i.ytimg.com/vi/j5vJacGRRCA/mqdefault.jpg
ec65566d949944ffb1e2723f97ded6e0,16871,【不是Minecraft】蘭斯洛特 面臨財務危機 被迫兼差打工鬼轉攻受測驗 feat.很多人【蘭斯洛特．拉法葉】,2023-08-18T16:36:10Z,https://www.youtube.com/watch?v=QAuvThHD0a8,https://i.ytimg.com/vi/QAuvThHD0a8/mqdefault.jpg
e93bd1102e214cbaa71cc5b2e4a53595,16824,樹洞！ 標題晚點想 ░ @earendelxdfp !指令,2023-08-31T14:54:41Z,https://www.twitch.tv/videos/1913416148,https://static-cdn.jtvnw.net/cf_vods/d3vd9lfkzbru3h/0c224b9f698ca63a58b3_earendelxdfp_40576597239_1693493674//thumb/thumb0-%{width}x%{height}.jpg
a9f6574e98f34b20a05269134930fb50,16804,【回歸聊天】我回來了〜！！！回歸！回歸！回歸！！/茸茸鼠,2023-09-05T14:27:07Z,https://www.youtube.com/watch?v=m-ytDRyTPXM,https://i.ytimg.com/vi/m-ytDRyTPXM/mqdefault.jpg
9d9c6477329245cbb2557895f4f15686,16773,跟你一起過的日子叫做生活 | 周邊到貨囉！趕緊去領 | 最醜的LINE貼圖上架了⸜♡⸝  !LINE 周年慶熱賣中/ᐠ. ̫ .ᐟ\ !DC !抱枕 !周邊 !VPN,2023-08-22T03:07:17Z,https://www.twitch.tv/videos/1905277445,https://static-cdn.jtvnw.net/cf_vods/d3vd9lfkzbru3h/540238482687cc7602a7_iitifox_40551081527_1692673629//thumb/thumb0-%{width}x%{height}.jpg
5535c9524eb046c38e172ebfa06b302f,16689,滿命滿精林尼💥31秒KO禍津御建鳴神命!  #原神 #genshinimpact,2023-09-02T12:00:39Z,https://www.youtube.com/watch?v=knMyUPOX67A,https://i.ytimg.com/vi/knMyUPOX67A/mqdefault.jpg
2e266a71aa3d4a67bb8d9a2a0b573319,16649,【仔魚】09/03 還沒睡 ! 想當超人!   @ZIIFISH,2023-09-03T04:23:40Z,https://www.twitch.tv/videos/1915799149,https://static-cdn.jtvnw.net/cf_vods/d3vd9lfkzbru3h/76eaf8449587c2011ccd_ziifish_40583151847_1693715011//thumb/thumb0-%{width}x%{height}.jpg
ecd7e504a0b64480a4127a25678e4b4a,16647,Connecting【cover】trailer　(NKshoujo一周年紀念翻唱套組),2023-08-08T13:06:34Z,https://www.youtube.com/watch?v=Sj096K97mmU,https://i.ytimg.com/vi/Sj096K97mmU/mqdefault.jpg
5535c9524eb046c38e172ebfa06b302f,16607,【深空之眼】S級超強大砲蘿莉，64抽就畢業🤣？害我前面買那麼多禮包！媲美『震離』強度的『赫爾』！ ▹璐洛洛◃,2023-08-16T13:00:09Z,https://www.youtube.com/watch?v=3Uu81O1JgS4,https://i.ytimg.com/vi/3Uu81O1JgS4/mqdefault.jpg
7c06b9e316ce4ac18ce836cd72442bbe,16563,【深夜歌枠】延續療癒夜晚，屬於我們的夏日回憶之歌🎇夏の終わりに、心を癒す歌を💙初見さん大歓迎🎤【浠Mizuki Night Karaoke】,2023-09-02T16:25:58Z,https://www.youtube.com/watch?v=djZx7eTmiaY,https://i.ytimg.com/vi/djZx7eTmiaY/mqdefault.jpg
9d9c6477329245cbb2557895f4f15686,16537,周邊到貨囉！趕緊去領 | 遇到瑕疵請私訊我 | 最醜的LINE貼圖上架了⸜♡⸝  !LINE 周年慶熱賣中/ᐠ. ̫ .ᐟ\ !DC !抱枕 !周邊 !VPN,2023-08-21T13:39:05Z,https://www.twitch.tv/videos/1904680440,https://static-cdn.jtvnw.net/cf_vods/d3vd9lfkzbru3h/41af97cb0d9fae392b1c_iitifox_40549962567_1692625137//thumb/thumb0-%{width}x%{height}.jpg
58abad4aa8de49efb785367503dfd92c,16508,【ASMR | 睡眠導入】♡輕語哄睡♡療癒的耳朵清潔♡精油按摩♡EarCleaning Ear massage♡ 耳はー、耳ふー 、耳マッサージ| 黑3DIO KU100【野薔薇 Vtuber】,2023-08-31T18:44:47Z,https://www.youtube.com/watch?v=TcV5HLT24KA,https://i.ytimg.com/vi/TcV5HLT24KA/mqdefault.jpg
62e820e937ef4f4aaea0073bc5b21063,16477,【自己紹介】Vtuber一問一答自己紹介【Alcyone埃爾庫涅/台灣Vtuber】,2023-08-18T16:24:22Z,https://www.youtube.com/watch?v=AqSmC8mVQrg,https://i.ytimg.com/vi/AqSmC8mVQrg/mqdefault.jpg
abd64c9a64e04fb1b23faa2480c1c106,16392,小朋友做惡夢害我差點嚇死？😨 (*注意非常可怕*),2023-08-13T12:23:30Z,https://www.youtube.com/watch?v=fwxKwHcgyIc,https://i.ytimg.com/vi/fwxKwHcgyIc/mqdefault.jpg
abd64c9a64e04fb1b23faa2480c1c106,16384,FNF 錯誤感染啟示錄：這次真的超帥、但也超恐怖？,2023-08-15T13:28:16Z,https://www.youtube.com/watch?v=Hzj5IAFxKmY,https://i.ytimg.com/vi/Hzj5IAFxKmY/mqdefault.jpg
c82ab1b4f8f64d1f84cae4ce09aa0dea,16333,聽說9月訂閱有打折！｜汐Seki｜!週邊 !指令,2023-09-04T11:02:11Z,https://www.twitch.tv/videos/1916823273,https://static-cdn.jtvnw.net/cf_vods/d3vd9lfkzbru3h/0a7f0d8309873cfc5ed3_seki_meridian_40586590663_1693825325//thumb/thumb0-%{width}x%{height}.jpg
58abad4aa8de49efb785367503dfd92c,16324,【ASMR | KU100 睡眠導入】♡吐息KISS♡零距離哄睡♡掏耳按摩♡EarCleaning Ear massage♡  耳はー、耳ふー 、耳マッサージ| 黑3DIO【野薔薇 Vtuber】,2023-09-03T19:29:08Z,https://www.youtube.com/watch?v=mldAAO7yukA,https://i.ytimg.com/vi/mldAAO7yukA/mqdefault.jpg
4b6655120fbd4431a8f7894cac4a4d49,16265,ASMR ｜和媽媽盡情撒嬌！誰是媽媽的乖孩子❤️｜生乳心音 ママにべったり｜The gentle female heartbeat【白/黑3DIO KU100】,2023-08-25T16:51:27Z,https://www.youtube.com/watch?v=oG14sVHDJAc,https://i.ytimg.com/vi/oG14sVHDJAc/mqdefault.jpg
f110fd69b66941bab04de9ada563c6ac,16248,【山道猴子】同步視聽！雖然點閱率過100萬、但我都還沒看(́◕◞౪◟◕‵)【AoiHinamori】,2023-08-22T13:29:14Z,https://www.youtube.com/watch?v=DQPJDEQusUo,https://i.ytimg.com/vi/DQPJDEQusUo/mqdefault.jpg
8b027d3a3f374c9c8398b6dd751e5018,16244,【李小笙】0830 NY公務員 啟動 ﾍ(=￣∇￣)ﾉ ｜!鵝T !傳送門 !自主訂閱 !P9,2023-08-30T05:10:22Z,https://www.twitch.tv/videos/1912319385,https://static-cdn.jtvnw.net/cf_vods/d3vd9lfkzbru3h/937f6ae1e3d12482ce98_lisheng_tw_40572558055_1693372217//thumb/thumb0-%{width}x%{height}.jpg
a9b855767b2d432c9f263e3427ff33a6,16103,【我最喜歡】正太喜好揭露大會【埃穆亞Oumua】,2023-08-16T04:00:18Z,https://www.youtube.com/watch?v=eI-DaC1BGcw,https://i.ytimg.com/vi/eI-DaC1BGcw/mqdefault.jpg
5535c9524eb046c38e172ebfa06b302f,16090,【原神】滿命流浪者⭐代抽精華▸７７０顆糾纏，連六不歪剩多少？草神妲妲向鐵匠叔叔裝可愛？🤣不滅月華甜甜圈魔咒能否躲過! ▹璐洛洛◃,2023-08-25T13:30:10Z,https://www.youtube.com/watch?v=oAUKhzCvBQE,https://i.ytimg.com/vi/oAUKhzCvBQE/mqdefault.jpg
1323f1b775bf43659f8b8ec2899522cd,16043,【新衣裝發布會】超可愛2.0新衣裝發布!!!FF41周邊搶先看!!🐸🍁,2023-08-13T15:47:54Z,https://www.youtube.com/watch?v=3Wm5Ay4hbjA,https://i.ytimg.com/vi/3Wm5Ay4hbjA/mqdefault.jpg
ea4c1a67c2e445ad8028768616ceb659,16004,"【6人夏日COVER】夏色えがおで1,2,Jump!【洛可洛斯特 / 麵音白湯 / 瑪格麗特 / 黑銀夜烏 / 厄倫蒂兒 / 烟花】",2023-09-01T12:00:10Z,https://www.youtube.com/watch?v=cAua1nMAgCM,https://i.ytimg.com/vi/cAua1nMAgCM/mqdefault.jpg
fa5a7cdc259543259af42bb23f1e4041,15864,【515 知識王】跟@LancelotL_ST爭奪比較聰明的寶座 !VPN,2023-08-22T14:31:53Z,https://www.youtube.com/watch?v=Q2Tcxece9fE,https://i.ytimg.com/vi/Q2Tcxece9fE/mqdefault.jpg
9265e640081f4625bd36cd1235c75bc7,15834,你以為可以瑟瑟嗎？  #紫藤堇  #Vtuber #shorts,2023-09-03T09:31:13Z,https://www.youtube.com/watch?v=8f-hKQqL4DA,https://i.ytimg.com/vi/8f-hKQqL4DA/mqdefault.jpg
5535c9524eb046c38e172ebfa06b302f,15631,【楓丹練度測試機】艾爾海森 VS 尼尼安涅，20秒結束｜聖遺物&面板  #原神 #璐洛洛 #vtuber,2023-08-28T12:00:43Z,https://www.youtube.com/watch?v=pLjy-Phd12I,https://i.ytimg.com/vi/pLjy-Phd12I/mqdefault.jpg
9cec24b011ee45648eb404066c997f49,15588,【酒+恐游】六萬訂閱大感謝PART1，一邊喝酒一邊玩紙嫁衣◢▆▅▄▃崩╰(〒皿〒)╯潰▃▄▅▇◣█熙歌Cygnus,2023-08-13T16:04:50Z,https://www.youtube.com/watch?v=cwiCMNpewD8,https://i.ytimg.com/vi/cwiCMNpewD8/mqdefault.jpg
f6a4e7aa8d0c4e5cb39d199845ec4d02,15512,【鵝鴨殺】一群人半夜不睡覺莎莎莎莎莎【#杏仁ミル 】,2023-08-15T16:08:39Z,https://www.youtube.com/watch?v=ao89t--tChE,https://i.ytimg.com/vi/ao89t--tChE/mqdefault.jpg
d837e8fda137492c9d77882b98ff863a,15431,超羞恥福利向台詞、看完請從你們腦海裡刪除！#vtuber #shorts #台V #vtuberclip #vtuber中文,2023-09-05T09:30:15Z,https://www.youtube.com/watch?v=rBSDwcAXshg,https://i.ytimg.com/vi/rBSDwcAXshg/mqdefault.jpg
c82ab1b4f8f64d1f84cae4ce09aa0dea,15419,【歌回】賀11萬訂閱！感謝大家一路陪伴｜汐Seki,2023-08-13T16:17:33Z,https://www.youtube.com/watch?v=vp29WNIb0f0,https://i.ytimg.com/vi/vp29WNIb0f0/mqdefault.jpg
8b027d3a3f374c9c8398b6dd751e5018,15366,【李小笙】0831 運鈔車 ﾍ(=￣∇￣)ﾉ ｜!鵝T !P9,2023-08-30T13:36:07Z,https://www.twitch.tv/videos/1912516405,https://static-cdn.jtvnw.net/cf_vods/d3vd9lfkzbru3h/cd1ebde7a2a9b96bcebe_lisheng_tw_40573863719_1693402559//thumb/thumb0-%{width}x%{height}.jpg
8b027d3a3f374c9c8398b6dd751e5018,15308,【小笙】0810 想說的話很多 簡單粗暴點 我愛你｜!鵝T !傳送門 !蔚藍 !自主訂閱,2023-08-10T10:59:09Z,https://www.twitch.tv/videos/1894988247,https://static-cdn.jtvnw.net/cf_vods/d3vd9lfkzbru3h/38b932f663a81b4f5a8f_lisheng_tw_40519763575_1691665142//thumb/thumb0-%{width}x%{height}.jpg
05e831b267914fc5b4d9b28de1f648dc,15239,【 ⚡ 百曲耐久歌枠 🦊 × ᴘᴀʀᴛ 1】 讓這一百首歌 陪你度過這個夏天 🎙 ft. @MizukiVsinger 【sazki | vtuber】,2023-08-13T11:42:39Z,https://www.youtube.com/watch?v=zQqffbZu04c,https://i.ytimg.com/vi/zQqffbZu04c/mqdefault.jpg
ec65566d949944ffb1e2723f97ded6e0,15225,【歌枠】久違的唱一些日文歌！#初見歡迎【蘭斯洛特．拉法葉】,2023-08-19T15:50:59Z,https://www.youtube.com/watch?v=OsEZZO97AVA,https://i.ytimg.com/vi/OsEZZO97AVA/mqdefault.jpg
fd6a0236861940389e15ef85b16c6069,15132,【烟花蹦蹦蹦】說好的喔 | Ft. KSP,2023-08-22T06:09:33Z,https://www.youtube.com/watch?v=2bFemdkytbo,https://i.ytimg.com/vi/2bFemdkytbo/mqdefault.jpg
3f4650e05ceb41008bd16869780b7af1,15006,【貓咪大戰爭】從零開始的貓戰生活EP84 必中開抽！今天一定要明日香！,2023-08-10T13:56:35Z,https://www.youtube.com/watch?v=1Jv4QjYhtds,https://i.ytimg.com/vi/1Jv4QjYhtds/mqdefault.jpg
f6a4e7aa8d0c4e5cb39d199845ec4d02,14956,【雜談】好像消失了一陣子。你還記的我嗎？【#杏仁ミル 】,2023-08-17T16:20:18Z,https://www.youtube.com/watch?v=OYgCYirK-pA,https://i.ytimg.com/vi/OYgCYirK-pA/mqdefault.jpg
58abad4aa8de49efb785367503dfd92c,14940,【ASMR | 睡眠導入】♡露手按摩♡掏耳哄睡♡多種物件♡EarCleaning / EAR MASSAGE♡ 耳掃除、耳マッサージ♡ 写実ASMR 【野薔薇 Vtuber】,2023-08-10T18:35:02Z,https://www.youtube.com/watch?v=n5DPzrsxrsE,https://i.ytimg.com/vi/n5DPzrsxrsE/mqdefault.jpg
5535c9524eb046c38e172ebfa06b302f,14848,🔴LIVE【鈴蘭之劍：為這和平的世界】戰棋X放置X養成？ 享受像素風格帶來的戰略饗宴吧！▹璐洛洛◃,2023-08-10T17:11:54Z,https://www.youtube.com/watch?v=Wfz_j2qL4S4,https://i.ytimg.com/vi/Wfz_j2qL4S4/mqdefault.jpg
494d2c5daf9f4a8a8e4538687e6be14c,14755,我的老公給我5萬塊~為了要我唱那首歌 | バッカじゃない!?【兔姬UsagiHime | 惡兔重工】,2023-09-01T04:00:07Z,https://www.youtube.com/watch?v=2aYOXHY5eOw,https://i.ytimg.com/vi/2aYOXHY5eOw/mqdefault.jpg
7c06b9e316ce4ac18ce836cd72442bbe,14498,【歌枠】一起來迎接新歌首播✨快！？歌回！一緒に新曲公開を迎えよう🎵初見さん大歓迎🎤 【浠Mizuki Karaoke】,2023-08-11T12:09:56Z,https://www.youtube.com/watch?v=1IhCgioXlZQ,https://i.ytimg.com/vi/1IhCgioXlZQ/mqdefault.jpg
658e63bebdca421ca934b0bf6aa2bcd8,14491,【#台V鐵人三項 第一梯次】今夏絕對爆笑崩潰 ! 大型三小時自虐遊戲耐久開始 #台灣Vtuber​​​,2023-08-27T15:55:46Z,https://www.youtube.com/watch?v=MW2g7a1eOxU,https://i.ytimg.com/vi/MW2g7a1eOxU/mqdefault.jpg
1ccdbe5d48934f4cbabc86512dd1d357,14487,【謝謝喜歡3400個!?!?!?】每100個喜歡就會彈唱一首耐久！只唱了15首歌 下次會再挑戰!!,2023-08-12T15:10:13Z,https://www.youtube.com/watch?v=hHAFkdaMcEw,https://i.ytimg.com/vi/hHAFkdaMcEw/mqdefault.jpg
abd64c9a64e04fb1b23faa2480c1c106,14473,我找到了瑪莉歐的恐怖實驗室...,2023-08-07T09:14:34Z,https://www.youtube.com/watch?v=mU7Q-l1rJog,https://i.ytimg.com/vi/mU7Q-l1rJog/mqdefault.jpg
6c872a4043b84e4493877a42af684d1d,14452,真的很討厭😡😡😡 #台V #vtuber #台v精華  #Vtuberclip #銀河galaxy #台灣vtuber #台vtuber #台V歌勢,2023-08-11T14:00:32Z,https://www.youtube.com/watch?v=bpA8P5Xyg_E,https://i.ytimg.com/vi/bpA8P5Xyg_E/mqdefault.jpg
3681a0b4e4bd48888473b1884f6ee420,14415,網路上的神秘小遊戲😮 #台v #台灣vtuber #vtuber精華 #vtuber中文 #佐藍,2023-08-13T08:00:08Z,https://www.youtube.com/watch?v=CVTlLUTKBis,https://i.ytimg.com/vi/CVTlLUTKBis/mqdefault.jpg
04d2ff1dde6b4bb68503a734274f4b7e,14385,官方精華 |【拍攝者不救】老兄你的房間看起來快垮了！！,2023-08-07T10:00:18Z,https://www.youtube.com/watch?v=GLTdHwtmn9E,https://i.ytimg.com/vi/GLTdHwtmn9E/mqdefault.jpg
265a18972d244affae35711cfd1f9931,14380,🐙生誕祭-新衣裝公布🐙餒 過來幫我..塗防曬乳好嗎 就算熱也要去玩水【MiroLive/塔芭絲可】,2023-08-09T14:57:37Z,https://www.youtube.com/watch?v=Ga0JVEeZYmU,https://i.ytimg.com/vi/Ga0JVEeZYmU/mqdefault.jpg
9d9c6477329245cbb2557895f4f15686,14353,你 起來重睡 | 特戰英豪,2023-09-04T10:30:09Z,https://www.youtube.com/watch?v=CxQREXvIwo4,https://i.ytimg.com/vi/CxQREXvIwo4/mqdefault.jpg
9d9c6477329245cbb2557895f4f15686,14349,桂格認證 稻呆瓜＞大呆瓜,2023-09-02T07:50:54Z,https://www.youtube.com/watch?v=jWY6ASRRPLM,https://i.ytimg.com/vi/jWY6ASRRPLM/mqdefault.jpg
664e1b310cf343b78623f99b31e40fae,14341,末日血拚團又双叒叕出擊！【迪鹿精華】七日殺2/3《7 Days to Die》ft.  @midas2681 、 @nekota.studio,2023-08-29T10:52:58Z,https://www.youtube.com/watch?v=emn76JOgqt8,https://i.ytimg.com/vi/emn76JOgqt8/mqdefault.jpg
1ccdbe5d48934f4cbabc86512dd1d357,14323,【在日本炎上】新幹線上違反禮儀 #shorts,2023-08-19T08:00:00Z,https://www.youtube.com/watch?v=06VQEQwFjcE,https://i.ytimg.com/vi/06VQEQwFjcE/mqdefault.jpg
e150e350532b4327b26989dd43cd3bad,14240,【ASMR 3DIO XLR】黑髮姊姊的舔耳酥麻體驗，開發顱內高潮的紓壓夜晚♡ 心音 / 舔耳 / 掏耳 #asmr #耳舐め #3dio   | 艾比 . Rabi Ch,2023-08-08T16:44:08Z,https://www.youtube.com/watch?v=BAIhwTNzULk,https://i.ytimg.com/vi/BAIhwTNzULk/mqdefault.jpg
a9b855767b2d432c9f263e3427ff33a6,14221,【一桿進洞】當時就...挺突然的【埃穆亞Oumua】,2023-08-20T04:00:21Z,https://www.youtube.com/watch?v=khc5Ebyxkuw,https://i.ytimg.com/vi/khc5Ebyxkuw/mqdefault.jpg
ba562aad440d483e988d3ce7e7217c94,14192,[貓宮香草] 8/9 軟爛貓貓   !DC !自主訂閱,2023-08-09T10:28:35Z,https://www.twitch.tv/videos/1894114675,https://static-cdn.jtvnw.net/cf_vods/d3vd9lfkzbru3h/e1844e2dfb32d9f6cf9d_vanilla_shironeko_40517038807_1691576908//thumb/thumb0-%{width}x%{height}.jpg
a9f6574e98f34b20a05269134930fb50,14160,夏の最後くらい夢見せろ！［實測］FGO泳裝PICK UP召喚～五萬日圓能抽多少人？～/茸茸鼠,2023-08-31T15:06:19Z,https://www.youtube.com/watch?v=GgVuh_QEarI,https://i.ytimg.com/vi/GgVuh_QEarI/mqdefault.jpg
f6a4e7aa8d0c4e5cb39d199845ec4d02,14119,颱風天咪嚕來接你回家了 #杏仁ミル #shorts,2023-08-30T04:00:18Z,https://www.youtube.com/watch?v=I9u1gbdI-Qk,https://i.ytimg.com/vi/I9u1gbdI-Qk/mqdefault.jpg
c82ab1b4f8f64d1f84cae4ce09aa0dea,14102,【歌回】開學季！唱點快樂的歌🎵同時公布小小驚喜｜汐Seki,2023-09-03T15:59:03Z,https://www.youtube.com/watch?v=7jd30WndP4c,https://i.ytimg.com/vi/7jd30WndP4c/mqdefault.jpg
f1b5f88144e14bd188e17b2f98303713,14027,請女僕畫【10個盤子大的清明上河圖】女僕咖啡廳不要黑名單我 | 亞洛赫,2023-09-01T11:00:29Z,https://www.youtube.com/watch?v=l6bcfAh-wHY,https://i.ytimg.com/vi/l6bcfAh-wHY/mqdefault.jpg
bafb134fd2f849898d6242d1f5f683cc,14002,【深度飲酒訪談 EP.4】和歌難得的檯面上深度聊聊~超認真的湯圓姊妹 - @CygnusXDFP【涅默Nemesis】,2023-08-15T15:08:11Z,https://www.youtube.com/watch?v=jSIm6T6ZcPg,https://i.ytimg.com/vi/jSIm6T6ZcPg/mqdefault.jpg
e93bd1102e214cbaa71cc5b2e4a53595,13949,【崩壞星穹鐵道】一起來看看大更新：晚點還要PK瓜大兵！飲月君會選擇誰呢？  ft. @Jongie  ｜ Gaming Stream【厄倫蒂兒 Earendel】,2023-09-02T16:17:09Z,https://www.youtube.com/watch?v=MWAk1sZH0_w,https://i.ytimg.com/vi/MWAk1sZH0_w/mqdefault.jpg
abd64c9a64e04fb1b23faa2480c1c106,13879,讓小寶寶吃下不可描述的東西 ! ?,2023-09-05T07:47:05Z,https://www.youtube.com/watch?v=jz5Nfde67lg,https://i.ytimg.com/vi/jz5Nfde67lg/mqdefault.jpg
9cec24b011ee45648eb404066c997f49,13865,【歌枠】鬼門開、熙格嗨，熙格諾斯出來唱歌囉...( Φ ω Φ )█熙歌Cygnus,2023-08-16T14:19:48Z,https://www.youtube.com/watch?v=3wpSvurNoko,https://i.ytimg.com/vi/3wpSvurNoko/mqdefault.jpg
5535c9524eb046c38e172ebfa06b302f,13803,【星穹鐵道】🚀盧卡 [角色全攻略]▸單體爆發物理DOT手！除了搭配卡芙卡還有什麼隊伍？光錐/遺器/行跡/星魂培養&抽取建議！ ▹璐洛洛◃,2023-08-24T13:30:09Z,https://www.youtube.com/watch?v=jOXiuuJaHns,https://i.ytimg.com/vi/jOXiuuJaHns/mqdefault.jpg
a9f6574e98f34b20a05269134930fb50,13710,【出航～～！！】美魔女の真実-マリンの秘宝船/茸茸鼠,2023-08-24T16:35:00Z,https://www.youtube.com/watch?v=AK4rGuKeMtA,https://i.ytimg.com/vi/AK4rGuKeMtA/mqdefault.jpg
5535c9524eb046c38e172ebfa06b302f,13625,🔴AR60 ASIA【#原神 / Genshin】4.0太好玩惹！圖奇掛台領原石，每周日萌新健檢&滷肉幫到你家! ▹ @ruroroisme ◃,2023-08-20T11:01:42Z,https://www.twitch.tv/videos/1903744827,https://static-cdn.jtvnw.net/cf_vods/d3vd9lfkzbru3h/a4207d4a5d1d6227b5a0_ruroroisme_40546786455_1692529293//thumb/thumb0-%{width}x%{height}.jpg
e93bd1102e214cbaa71cc5b2e4a53595,13572,【鵝鴨殺】小女子想要的不多，只求今天不是死最快的那隻鵝 ft. 很多人 ｜ Gaming Stream【厄倫蒂兒 Earendel】,2023-08-10T16:38:49Z,https://www.youtube.com/watch?v=fHB3VYf99LQ,https://i.ytimg.com/vi/fHB3VYf99LQ/mqdefault.jpg
fa5a7cdc259543259af42bb23f1e4041,13538,用P眼看路 #Vtuber #vtuberclips #台v精華 #515#515x20,2023-08-30T03:22:36Z,https://www.youtube.com/watch?v=hKka4iw0PLA,https://i.ytimg.com/vi/hKka4iw0PLA/mqdefault.jpg
265a18972d244affae35711cfd1f9931,13506,🐙小小加班台-睡覺台🐙一起蓋棉被純聊天 說說話 不關麥克風 說睡就睡【MiroLive/塔芭絲可】,2023-08-27T06:27:15Z,https://www.youtube.com/watch?v=ZsVbeCFPmBE,https://i.ytimg.com/vi/ZsVbeCFPmBE/mqdefault.jpg
f110fd69b66941bab04de9ada563c6ac,13499,【告知】往後ASMR都會轉會限！如果你喜歡聽我的ASMR請一定要點近來看。【AoiHinamori】,2023-08-24T16:55:54Z,https://www.youtube.com/watch?v=fIdqEy94HIU,https://i.ytimg.com/vi/fIdqEy94HIU/mqdefault.jpg
7c06b9e316ce4ac18ce836cd72442bbe,13460,【18万人感謝】投稿曲歌回！熟悉的投稿曲變的怪怪的...？投稿曲限定歌枠🎤みんなが好きなカバーがおかしくなっちゃった…？【浠Mizuki Karaoke】,2023-08-19T15:31:50Z,https://www.youtube.com/watch?v=_HQ-juqCQRY,https://i.ytimg.com/vi/_HQ-juqCQRY/mqdefault.jpg
e93bd1102e214cbaa71cc5b2e4a53595,13284,【雜談】最近的你還好嗎？睡前想跟你們一起聊聊近況、分享開心或難過的事情   ░  Chatting Stream【厄倫蒂兒 Earendel】,2023-08-24T17:58:57Z,https://www.youtube.com/watch?v=ARRJmiSaF_w,https://i.ytimg.com/vi/ARRJmiSaF_w/mqdefault.jpg
a9e5491563fd4b05896ef9a8cb2ee7d7,13241,【官方精華】能裝東西的都算背包對吧?【曦卡Sica🍶Apex精華】,2023-08-07T15:39:21Z,https://www.youtube.com/watch?v=FpdvFaNEQHo,https://i.ytimg.com/vi/FpdvFaNEQHo/mqdefault.jpg
5535c9524eb046c38e172ebfa06b302f,13180,【楓之谷M】🍁濃濃的回憶感！全新職業陰陽師，不到兩小時竟然升到ＯＯ等? ▹璐洛洛◃,2023-08-07T12:00:11Z,https://www.youtube.com/watch?v=uQ5V3lMpCPM,https://i.ytimg.com/vi/uQ5V3lMpCPM/mqdefault.jpg
8b027d3a3f374c9c8398b6dd751e5018,13170,【周小笙】 0807 恐怖哥哥喔不｜!傳送門 !蔚藍 !自主訂閱,2023-08-07T12:53:23Z,https://www.twitch.tv/videos/1892450968,https://static-cdn.jtvnw.net/cf_vods/d3vd9lfkzbru3h/84350d97b8f26b3bbb72_lisheng_tw_40512269463_1691412796//thumb/thumb0-%{width}x%{height}.jpg
e150e350532b4327b26989dd43cd3bad,13118,【ASMR 3DIO XLR】七夕情人節限定，被寵壞的女友把巧克力沾得滿身都是 !? 甜蜜的初戀夜晚 ♡ 心音 / 舔耳 / 氣泡 #asmr #耳舐め #3dio   | 艾比 . Rabi Ch,2023-08-22T16:41:13Z,https://www.youtube.com/watch?v=8_LifCyJQLM,https://i.ytimg.com/vi/8_LifCyJQLM/mqdefault.jpg
fa5a7cdc259543259af42bb23f1e4041,13087,【515 線上夾娃娃】挑戰用視訊遠端夾娃娃 ! 虧本直播,2023-08-08T13:46:55Z,https://www.youtube.com/watch?v=xK8J3vucuiM,https://i.ytimg.com/vi/xK8J3vucuiM/mqdefault.jpg
66c812bb04844241af1d1c7539b5e251,12915,賭場活動｜SP關卡全AUTO一回殺實戰展示！其實丟撲克牌好像真的可以打傷人【超異域公主連結☆Re:Dive】,2023-08-18T08:23:43Z,https://www.youtube.com/watch?v=uU-S9iJF4CA,https://i.ytimg.com/vi/uU-S9iJF4CA/mqdefault.jpg
bafb134fd2f849898d6242d1f5f683cc,12885,【11萬感謝歌回】謝謝大家的愛戴TT 我要越唱越好，才能值得你們的愛戴 (謝謝歌的美妙不可言封面)【涅默Nemesis】,2023-08-11T09:23:19Z,https://www.youtube.com/watch?v=mSAsoSMLjmI,https://i.ytimg.com/vi/mSAsoSMLjmI/mqdefault.jpg
abd64c9a64e04fb1b23faa2480c1c106,12854,FNF 最近流行那些模組：馬桶人?? Pizza塔??,2023-08-23T08:43:12Z,https://www.youtube.com/watch?v=pllq4nC_eZ8,https://i.ytimg.com/vi/pllq4nC_eZ8/mqdefault.jpg
9d9c6477329245cbb2557895f4f15686,12797,盜ET 你...你作弊阿！ | 特戰英豪,2023-08-20T20:17:03Z,https://www.youtube.com/watch?v=IhOtRXh0pxw,https://i.ytimg.com/vi/IhOtRXh0pxw/mqdefault.jpg
fa5a7cdc259543259af42bb23f1e4041,12785,【515 回歸啦】這場直播抽一個送原味OO !VPN,2023-08-21T15:15:31Z,https://www.youtube.com/watch?v=0TcPbhmYoEM,https://i.ytimg.com/vi/0TcPbhmYoEM/mqdefault.jpg
265a18972d244affae35711cfd1f9931,12716,🐙台V乳搖二選一🐙諸君 我喜歡奶子 齁齁 來吧 一起看起來 深夜閒聊【MiroLive/塔芭絲可】,2023-08-11T16:56:24Z,https://www.youtube.com/watch?v=q4jBGLOuIwY,https://i.ytimg.com/vi/q4jBGLOuIwY/mqdefault.jpg
c82ab1b4f8f64d1f84cae4ce09aa0dea,12635,【幸狐桃花廟】超絕靈驗！狐仙為你求姻緣｜汐Seki,2023-08-22T17:05:10Z,https://www.youtube.com/watch?v=Xog_tN2OgOY,https://i.ytimg.com/vi/Xog_tN2OgOY/mqdefault.jpg
1c5619a4ece046dd8ba68ed343489ca3,12624,美國爸爸對不起【台灣小哥承認B-box👉是中國發明的🔥】 #台灣vtuber,2023-08-25T10:14:30Z,https://www.youtube.com/watch?v=uOr_RUmhD4U,https://i.ytimg.com/vi/uOr_RUmhD4U/mqdefault.jpg
265a18972d244affae35711cfd1f9931,12617,為Tako翻模飛機杯..做解釋..我想做 但想像很美好現實很殘酷阿🥹,2023-09-02T17:13:00Z,https://www.youtube.com/watch?v=gmxGXt1RBE8,https://i.ytimg.com/vi/gmxGXt1RBE8/mqdefault.jpg
e93bd1102e214cbaa71cc5b2e4a53595,12573,【雜談】感謝歌作的封面，我第一次這麼早開待機室XD 甚麼都聊！這個星期的你們過得如何呢？ ░  Membership Stream【厄倫蒂兒 Earendel】,2023-08-13T15:55:42Z,https://www.youtube.com/watch?v=mGTC9twtKdU,https://i.ytimg.com/vi/mGTC9twtKdU/mqdefault.jpg
2e266a71aa3d4a67bb8d9a2a0b573319,12499,【仔魚】08/08 ┃!line !周邊 !VOD !糯米 @ZIIFISH,2023-08-08T04:02:54Z,https://www.twitch.tv/videos/1893100079,https://static-cdn.jtvnw.net/cf_vods/d3vd9lfkzbru3h/3b2fab9bf460389fc79b_ziifish_40513618567_1691467363//thumb/thumb0-%{width}x%{height}.jpg
4b6b055ada4d4f0ab63b7ad02a3fa3ef,12494,【#五周年紀念3DLIVE連動】3D啊啊✨✨【新衣装披露】ft.杏仁Miru｜Rumi/懶貓子｜Rumi/懶貓子,2023-08-16T13:21:26Z,https://www.youtube.com/watch?v=10awT9GcexU,https://i.ytimg.com/vi/10awT9GcexU/mqdefault.jpg
e78cffa246c24a1c88031151cad8c385,12490,這就是你要的露臉嗎,2023-08-20T21:57:28Z,https://www.youtube.com/watch?v=3derhJvuheE,https://i.ytimg.com/vi/3derhJvuheE/mqdefault.jpg
5535c9524eb046c38e172ebfa06b302f,12489,【原神研究室】4.0楓丹 [水色潮痕] [一條楓丹] 世界任務攻略🎈▸解完還有 [古老的顏色] [水仙的安] 隱藏後續！「學院某處的鑰匙」要去哪裡開？原石120✨ ▹璐洛洛◃,2023-08-26T12:30:10Z,https://www.youtube.com/watch?v=YOix2gNzfMM,https://i.ytimg.com/vi/YOix2gNzfMM/mqdefault.jpg
9cec24b011ee45648eb404066c997f49,12467,【七夕必點】這個氣球是懂氣氛的█熙歌Cygnus,2023-08-23T04:00:33Z,https://www.youtube.com/watch?v=pK9PpkG0mS8,https://i.ytimg.com/vi/pK9PpkG0mS8/mqdefault.jpg
bafb134fd2f849898d6242d1f5f683cc,12390,【歌回】週日午後想要一起chill度過~搬家期間需要休息輕鬆唱唱【涅默Nemesis】,2023-08-13T10:42:33Z,https://www.youtube.com/watch?v=QN920QiBsU4,https://i.ytimg.com/vi/QN920QiBsU4/mqdefault.jpg
98e3a5838fec4a6caa936ae35485de23,12255,【見面會】同時也是成果發表會🍻【露恰露恰．Vtuber】,2023-08-13T04:00:11Z,https://www.youtube.com/watch?v=OkbPJNBPRYk,https://i.ytimg.com/vi/OkbPJNBPRYk/mqdefault.jpg
f42c6f5877f14a38aef3f3b515769149,12181,【原創】水煎包凹凹 浪漫R&包,2023-08-10T11:30:12Z,https://www.youtube.com/watch?v=U9BcYInzs38,https://i.ytimg.com/vi/U9BcYInzs38/mqdefault.jpg
fa5a7cdc259543259af42bb23f1e4041,12174,錢如何解決煩惱 #Vtuber #vtuberclips #台v精華 #515#515x20,2023-09-03T05:36:55Z,https://www.youtube.com/watch?v=2NUBUjljYvM,https://i.ytimg.com/vi/2NUBUjljYvM/mqdefault.jpg
fa5a7cdc259543259af42bb23f1e4041,12113,【515 睡前雜談】爬上我的床 就是要來聊天的 !VPN,2023-08-26T17:38:16Z,https://www.youtube.com/watch?v=cjby-Ox3eSs,https://i.ytimg.com/vi/cjby-Ox3eSs/mqdefault.jpg
5535c9524eb046c38e172ebfa06b302f,12098,🔵ASIA Lv70【崩壞：星穹鐵道】健檢GO GO GO🥰！把金人巷活動KO，圖奇掛台領免費星瓊! ▹璐洛洛◃,2023-09-02T21:13:23Z,https://www.youtube.com/watch?v=ZIfFLyBdW_4,https://i.ytimg.com/vi/ZIfFLyBdW_4/mqdefault.jpg
a3ce195c0069494c99849d0b1a10a7fd,12010,自由女神像沒有底座｜悠白Ubye　#vtuber  #shorts  #台V  #vtuberclip  #vtuber中文 #雲際線,2023-08-08T13:15:05Z,https://www.youtube.com/watch?v=x82PRQdAXk4,https://i.ytimg.com/vi/x82PRQdAXk4/mqdefault.jpg
5535c9524eb046c38e172ebfa06b302f,11998,【原神研究室】4.0楓丹 [水仙的安] 世界任務攻略🎈▸與「水仙十字團」一起拯救公主！解鎖楓丹廷西側地下錨點，原石180✨ ▹璐洛洛◃,2023-08-21T13:30:09Z,https://www.youtube.com/watch?v=sARiiFvjCsA,https://i.ytimg.com/vi/sARiiFvjCsA/mqdefault.jpg
f7c48554816643cdb8d343e6e9e6d313,11972,【諾櫻NOE🌸】究竟是誰?是我們超級直男呢? 一起來看看吧( •̀ ω •́ )✧FT.久田 SAZKI 蘭斯洛特 漏打 鄲森【誰才是直男?】#台灣Vtuber​​​​​ #ReliveProject,2023-08-26T16:22:12Z,https://www.youtube.com/watch?v=jhKpIHMTJlg,https://i.ytimg.com/vi/jhKpIHMTJlg/mqdefault.jpg
e150e350532b4327b26989dd43cd3bad,11968,【ASMR 3DIO XLR】在魔女姊姊的調情之下，陷入深層舔耳和甜言蜜語的快感吧 ♡ 心音 / 舔耳 / 掏耳 #asmr #耳舐め #3dio   | 艾比 . Rabi Ch,2023-08-16T16:45:01Z,https://www.youtube.com/watch?v=4kFAkAuaxq4,https://i.ytimg.com/vi/4kFAkAuaxq4/mqdefault.jpg
494d2c5daf9f4a8a8e4538687e6be14c,11960,中之人資訊慘遭外洩!! 身為現役VTuber 兔主播該如何面對跟蹤騷擾【兔姬UsagiHime | 惡兔重工】,2023-08-27T16:33:51Z,https://www.youtube.com/watch?v=urvl_Kq9pO0,https://i.ytimg.com/vi/urvl_Kq9pO0/mqdefault.jpg
5535c9524eb046c38e172ebfa06b302f,11881,【神之塔：New World】用大螢幕玩，體驗沉浸趕滿滿的極致享受！🥰Google Play遊戲拿麼厲害？▹璐洛洛◃,2023-08-15T13:00:11Z,https://www.youtube.com/watch?v=RYOFau00ZLQ,https://i.ytimg.com/vi/RYOFau00ZLQ/mqdefault.jpg
ec65566d949944ffb1e2723f97ded6e0,11872,【雜談】陪我逛商品！公開日常穿搭、保養用品 #planet9商城 #planet9 【蘭斯洛特．拉法葉】,2023-08-24T15:59:15Z,https://www.youtube.com/watch?v=TLd011y3k2I,https://i.ytimg.com/vi/TLd011y3k2I/mqdefault.jpg
664e1b310cf343b78623f99b31e40fae,11852,建築大師迪鹿【迪鹿精華】七日殺3/3《7 Days to Die》ft.   @midas2681 、@mica9445,2023-09-03T10:00:13Z,https://www.youtube.com/watch?v=KmAHG0DpRQE,https://i.ytimg.com/vi/KmAHG0DpRQE/mqdefault.jpg
c82ab1b4f8f64d1f84cae4ce09aa0dea,11850,青梅解謎 ft. Hibiki｜汐Seki｜!週邊 !指令,2023-08-31T12:01:17Z,https://www.twitch.tv/videos/1913321782,https://static-cdn.jtvnw.net/cf_vods/d3vd9lfkzbru3h/b3c2cfd3991521638c6f_seki_meridian_40575980407_1693483272//thumb/thumb0-%{width}x%{height}.jpg
5535c9524eb046c38e172ebfa06b302f,11810,🔴AR60 ASIA【#原神 / Genshin】4.0－楓丹，啟動！掛台領原石，19:00抽滿命夜蘭&林尼 ▹ @ruroroisme ◃,2023-08-16T09:24:09Z,https://www.twitch.tv/videos/1900149908,https://static-cdn.jtvnw.net/cf_vods/d3vd9lfkzbru3h/75e970e68c84a7676ade_ruroroisme_40535040535_1692177839//thumb/thumb0-%{width}x%{height}.jpg
7c06b9e316ce4ac18ce836cd72442bbe,11795,【#VoiceTo16歌回接力】唱唱超愛的V家歌曲🎤ミクちゃんおたおめ～🎂✨【浠Mizuki Karaoke】,2023-08-31T14:27:14Z,https://www.youtube.com/watch?v=8W4JLGwLfVg,https://i.ytimg.com/vi/8W4JLGwLfVg/mqdefault.jpg
58abad4aa8de49efb785367503dfd92c,11792,【ASMR | 睡眠導入】♡失眠哄睡♡舒壓耳朵清潔♡乳液精油按摩♡EarCleaning Ear massage♡ 耳はー、耳ふー 、耳マッサージ| 黑3DIO KU100【野薔薇 Vtuber】,2023-08-19T22:10:48Z,https://www.youtube.com/watch?v=J_2AAW55p8k,https://i.ytimg.com/vi/J_2AAW55p8k/mqdefault.jpg
312fdd3c5e6d4aefa73fd3860ecc5613,11713,【雜談LA】想要跟大家隨便聊些什麼 #森森鈴蘭,2023-08-30T15:20:35Z,https://www.youtube.com/watch?v=k16DnWVsZp0,https://i.ytimg.com/vi/k16DnWVsZp0/mqdefault.jpg
62e5d9c4ad1e4d7a9fb61fe531c4b940,11604,這是我的第一悲 #凝川眠 #vtuber #shorts #台v #台vtuber #vtuberclip #vtuber中文 #黑箱 #迷因 #memes,2023-08-10T08:00:13Z,https://www.youtube.com/watch?v=TvzcukeLIls,https://i.ytimg.com/vi/TvzcukeLIls/mqdefault.jpg
abd64c9a64e04fb1b23faa2480c1c106,11596,今天晚餐吃◯◯？「少女只能吃晚餐」的日本黑暗遊戲...,2023-08-26T09:39:49Z,https://www.youtube.com/watch?v=XDD94gDuMDE,https://i.ytimg.com/vi/XDD94gDuMDE/mqdefault.jpg
f6a4e7aa8d0c4e5cb39d199845ec4d02,11575,【成年禮金領起來！】台V與超級大人物的夢幻聯動！一起邊玩大富翁邊攻略成年禮金！#賴清德,2023-08-12T13:00:11Z,https://www.youtube.com/watch?v=KR2-eTw1Hwg,https://i.ytimg.com/vi/KR2-eTw1Hwg/mqdefault.jpg
9d9c6477329245cbb2557895f4f15686,11569,胡鬧搬家 ⸜♡⸝ !LINE 周年慶熱賣中/ᐠ. ̫ .ᐟ\ !DC !抱枕 !周邊 !VPN,2023-08-27T15:14:35Z,https://www.twitch.tv/videos/1910003557,https://static-cdn.jtvnw.net/cf_vods/d3vd9lfkzbru3h/25d3c777c4430bd0dd02_iitifox_40566524551_1693149267//thumb/thumb0-%{width}x%{height}.jpg
a3ce195c0069494c99849d0b1a10a7fd,11560,【#悠姊姊音聲ASMR 35 -blue-】海潮聲中的悠閒小憩☁️｜ #悠白 #Ubye #悠姊姊 #中文音聲 #ASMR #音聲 #3dio,2023-09-03T16:03:21Z,https://www.youtube.com/watch?v=wAKKTcUWpgw,https://i.ytimg.com/vi/wAKKTcUWpgw/mqdefault.jpg
fa5a7cdc259543259af42bb23f1e4041,11486,【515 歌回】排行榜往下數第三個歌手會跟你結婚!VPN,2023-09-02T17:10:59Z,https://www.youtube.com/watch?v=sa7vlWvX6do,https://i.ytimg.com/vi/sa7vlWvX6do/mqdefault.jpg
7c06b9e316ce4ac18ce836cd72442bbe,11456,重大告知 3D化募資開跑🎉 #shorts #mizukilive,2023-09-02T04:43:10Z,https://www.youtube.com/watch?v=6seJRotpJBA,https://i.ytimg.com/vi/6seJRotpJBA/mqdefault.jpg
5535c9524eb046c38e172ebfa06b302f,11438,【鈴蘭之劍：為這和平的世界】像素風策略戰棋、超好聽配樂！哇！竟然不小心TK到隊友啦！😂▹璐洛洛◃,2023-08-17T13:00:07Z,https://www.youtube.com/watch?v=-aGkAFkp_BU,https://i.ytimg.com/vi/-aGkAFkp_BU/mqdefault.jpg
3809ec8a42634d11aa1b7b8f99755c6a,11433,【花花】8/21 APEX啟動 晚上洗貓 !line貼圖 | !8月活動 | !周邊 | !委託,2023-08-21T08:02:48Z,https://www.twitch.tv/videos/1904548521,https://static-cdn.jtvnw.net/cf_vods/d3vd9lfkzbru3h/fe37fa59a23d553fe18c_mayberuu_40548938471_1692604962//thumb/thumb0-%{width}x%{height}.jpg
658e63bebdca421ca934b0bf6aa2bcd8,11403,【#台V鐵人三項 第二梯次+頒獎】台V最大最惡最絕望活動開跑 ! 今天誰是贏家 !? #台灣Vtuber​​​ #PLANET9商城,2023-09-02T17:07:55Z,https://www.youtube.com/watch?v=QZUXdKj3eoQ,https://i.ytimg.com/vi/QZUXdKj3eoQ/mqdefault.jpg
bafb134fd2f849898d6242d1f5f683cc,11390,【歌枠】午後歌回篇最終章！FF41辛苦啦~想唱歌給那麼那麼支持我們的大家聽！【涅默Nemesis】,2023-08-18T07:46:20Z,https://www.youtube.com/watch?v=1xtQ9EP93ZY,https://i.ytimg.com/vi/1xtQ9EP93ZY/mqdefault.jpg
5535c9524eb046c38e172ebfa06b302f,11389,【原神研究室】4.0楓丹 [戰勝８個地區傳奇] 全攻略💧▸300萬血量的尼尼&維維打法？重甲蟹如何快速打死？超多珍貴寶箱&隱藏成就！不死鳥迪希雅水下META角！ ▹璐洛洛◃,2023-08-31T13:30:09Z,https://www.youtube.com/watch?v=QsTHhUqjrfw,https://i.ytimg.com/vi/QsTHhUqjrfw/mqdefault.jpg
fd6a0236861940389e15ef85b16c6069,11312,8/19 ✧ 半夜起床的作業台  ₍ᐢ •͈ ༝ •͈ ᐢ₎♡ | !鏈接!表單,2023-08-18T18:27:07Z,https://www.twitch.tv/videos/1902212043,https://static-cdn.jtvnw.net/cf_vods/d3vd9lfkzbru3h/30e5eadf1c197e8e58c0_hennie2001_40542218535_1692383220//thumb/thumb0-%{width}x%{height}.jpg
9d9c6477329245cbb2557895f4f15686,11280,NNNNNNNNNNNN,2023-09-03T14:05:35Z,https://www.youtube.com/watch?v=aRedvMs6hNc,https://i.ytimg.com/vi/aRedvMs6hNc/mqdefault.jpg
abd64c9a64e04fb1b23faa2480c1c106,11198,因為發生了一些事...需要暫時停止更新FNF了,2023-08-24T11:03:08Z,https://www.youtube.com/watch?v=WeOgZEPYDEg,https://i.ytimg.com/vi/WeOgZEPYDEg/mqdefault.jpg
ec65566d949944ffb1e2723f97ded6e0,11138,【真Minecraft】蘭斯洛特 面臨財務危機 被迫兼鋪地 辛酸畫面流出 feat.很會蓋東西的大隊長【蘭斯洛特．拉法葉】,2023-08-25T16:22:36Z,https://www.youtube.com/watch?v=1c4ivpKjc_c,https://i.ytimg.com/vi/1c4ivpKjc_c/mqdefault.jpg
1ccdbe5d48934f4cbabc86512dd1d357,11032,【彈唱歌回】想把活動至今想到的事情傳達給大家。【有1000喜歡會出超美麗3D】,2023-08-26T14:17:25Z,https://www.youtube.com/watch?v=whDufi1xJUE,https://i.ytimg.com/vi/whDufi1xJUE/mqdefault.jpg
312fdd3c5e6d4aefa73fd3860ecc5613,11028,【雜談LA】開箱迷你超市！ #森森鈴蘭,2023-08-29T15:48:30Z,https://www.youtube.com/watch?v=FrxEqbvAJgw,https://i.ytimg.com/vi/FrxEqbvAJgw/mqdefault.jpg
9d9c6477329245cbb2557895f4f15686,11021,寶貝，人家拿捏不好距離感..,2023-08-31T14:43:14Z,https://www.youtube.com/watch?v=pubQY15LAbs,https://i.ytimg.com/vi/pubQY15LAbs/mqdefault.jpg
4b6b055ada4d4f0ab63b7ad02a3fa3ef,11017,我想吃冰淇淋💙｜Rumi/懶貓子,2023-08-10T11:00:05Z,https://www.youtube.com/watch?v=ahY6HBI9u9o,https://i.ytimg.com/vi/ahY6HBI9u9o/mqdefault.jpg
7c06b9e316ce4ac18ce836cd72442bbe,10972,【FF41現場直擊Day 1】看看今天是誰當球？來場次一起互動吧！ 【浠Mizuki】,2023-08-18T07:15:10Z,https://www.youtube.com/watch?v=JTJFqL2Nbts,https://i.ytimg.com/vi/JTJFqL2Nbts/mqdefault.jpg
ea4c1a67c2e445ad8028768616ceb659,10969,只有一次的撲克牌貓貓魔術 #shorts【洛可洛斯特 / VTUBER】,2023-08-27T15:29:24Z,https://www.youtube.com/watch?v=w1EIbeUnCKU,https://i.ytimg.com/vi/w1EIbeUnCKU/mqdefault.jpg
1b63d89e0b1a4b579de6d99e25eaff8f,10956,觀眾拿出神秘小物讓貓祭當場破防 #Vtuber #貓祭 #shorts ​#祭庫shorts,2023-08-26T10:00:43Z,https://www.youtube.com/watch?v=t12S9rSUjhg,https://i.ytimg.com/vi/t12S9rSUjhg/mqdefault.jpg
a3ce195c0069494c99849d0b1a10a7fd,10943,給我衛生紙｜悠白Ubye #vtuber  #shorts  #台V  #vtuberclip  #vtuber中文 #雲際線,2023-08-18T11:15:08Z,https://www.youtube.com/watch?v=yempuQBOpnM,https://i.ytimg.com/vi/yempuQBOpnM/mqdefault.jpg
312fdd3c5e6d4aefa73fd3860ecc5613,10921,【雜談LA】戀愛循環🤙翻唱後日談 with @homesoundmusic @margaretnorth  #森森鈴蘭,2023-08-22T15:17:23Z,https://www.youtube.com/watch?v=m5K-WlU7JR0,https://i.ytimg.com/vi/m5K-WlU7JR0/mqdefault.jpg
a9b855767b2d432c9f263e3427ff33a6,10857,【#歌枠】牛郎織女一起唱歌過七夕!（雖然晚一天）ft.@CygnusXDFP 【埃穆亞Oumua】,2023-08-23T14:46:43Z,https://www.youtube.com/watch?v=pTYfzEVFOh8,https://i.ytimg.com/vi/pTYfzEVFOh8/mqdefault.jpg
a9b855767b2d432c9f263e3427ff33a6,10854,【穆聊箱談室】首次開箱! 邀請蒂兒來我家冰箱坐坐聊天~ ft.@EarendelXDFP 【埃穆亞Oumuamua】,2023-08-20T15:29:13Z,https://www.youtube.com/watch?v=9RkrIJ8AgHQ,https://i.ytimg.com/vi/9RkrIJ8AgHQ/mqdefault.jpg
62e5d9c4ad1e4d7a9fb61fe531c4b940,10815,【拳上】以下犯上 推翻老闆 黑箱拳上 feat.肥宅 @blackm3 【凝川眠 kokawa nemuri】,2023-08-27T15:19:10Z,https://www.youtube.com/watch?v=gROGtl6WdxM,https://i.ytimg.com/vi/gROGtl6WdxM/mqdefault.jpg
0641a9c8b9a94994aaa33e0c86fef75b,10789,夜間警備嚇死大合輯#vtuber #shorts #台V #vtuberclip #vtuber中文 #kuromu,2023-08-28T10:00:03Z,https://www.youtube.com/watch?v=6TjhKPnelpw,https://i.ytimg.com/vi/6TjhKPnelpw/mqdefault.jpg
bafb134fd2f849898d6242d1f5f683cc,10732,【歌枠】有點睏睏的午後歌回...因為一直聽歌所以唱歌的慾望無限膨脹【涅默Nemesis】,2023-08-25T08:04:56Z,https://www.youtube.com/watch?v=-XKtlPcmgjI,https://i.ytimg.com/vi/-XKtlPcmgjI/mqdefault.jpg
15c9a54b946a40c38c07ea2f9efddfa5,10719,Wake up! - 煌Kirali 【原創曲Demo】,2023-08-23T11:00:28Z,https://www.youtube.com/watch?v=l_66nwBmek4,https://i.ytimg.com/vi/l_66nwBmek4/mqdefault.jpg
9cec24b011ee45648eb404066c997f49,10713,【把拔你愛我嗎?】父親節(雖然過一天了)特別企劃!!!到底把拔們愛不愛我們呢...(´・ω・`)█熙歌Cygnus Ft.@NemesisXDFP,2023-08-09T14:11:52Z,https://www.youtube.com/watch?v=tIzqEhegejk,https://i.ytimg.com/vi/tIzqEhegejk/mqdefault.jpg
5535c9524eb046c38e172ebfa06b302f,10700,🔴LIVE【塵白禁域】首次大型活動「明燈新儀」！完成活動免費兌換5星角色「辰星」時裝😍 ​ ▹璐洛洛◃,2023-08-29T14:47:53Z,https://www.youtube.com/watch?v=ZqnUlN0cm0A,https://i.ytimg.com/vi/ZqnUlN0cm0A/mqdefault.jpg
3681a0b4e4bd48888473b1884f6ee420,10661,嘿嘿～沒中齁～ #發票載具 #台v  #台灣vtuber #台v #vtuber精華 #vtuber中文,2023-08-27T08:00:15Z,https://www.youtube.com/watch?v=ZIiUKSm0geg,https://i.ytimg.com/vi/ZIiUKSm0geg/mqdefault.jpg
ec65566d949944ffb1e2723f97ded6e0,10620,【SCP】大型鬼抓人x恐怖遊戲，但鬼是自己的朋友...？！【蘭斯洛特．拉法葉】,2023-08-21T16:30:08Z,https://www.youtube.com/watch?v=XepwFIw7CIs,https://i.ytimg.com/vi/XepwFIw7CIs/mqdefault.jpg
ba562aad440d483e988d3ce7e7217c94,10617,[貓宮香草] 8/11 咳不停   !DC !自主訂閱,2023-08-10T17:40:29Z,https://www.twitch.tv/videos/1895219984,https://static-cdn.jtvnw.net/cf_vods/d3vd9lfkzbru3h/94cb5f6eeb9c1de1fe28_vanilla_shironeko_40520937783_1691689221//thumb/thumb0-%{width}x%{height}.jpg
265a18972d244affae35711cfd1f9931,10605,🐙小小加班台🐙想跟你 每分每秒與你貼貼 至少讓我..開..24HR睡一下啦(規則資訊區)【MiroLive/塔芭絲可】,2023-08-26T18:56:22Z,https://www.youtube.com/watch?v=UGPV8Z6VrcY,https://i.ytimg.com/vi/UGPV8Z6VrcY/mqdefault.jpg
9d9c6477329245cbb2557895f4f15686,10603,特戰英豪怎麼有地鼠啊,2023-08-28T19:21:24Z,https://www.youtube.com/watch?v=EkiylFIcnE8,https://i.ytimg.com/vi/EkiylFIcnE8/mqdefault.jpg
ce2a2c07a74640fc8d3b39d022b16dd9,10599,引誘犯罪的穿搭！|名雪薇薇 #shorts #vtuber #台灣vtuber #名雪薇薇 #搞笑 #梗圖 #雪豹,2023-08-12T05:51:00Z,https://www.youtube.com/watch?v=fikBg6lT1bY,https://i.ytimg.com/vi/fikBg6lT1bY/mqdefault.jpg
e93bd1102e214cbaa71cc5b2e4a53595,10590,樹洞！ 標題晚點想 ░ @earendelxdfp !指令 !隊友,2023-08-31T13:01:02Z,https://www.twitch.tv/videos/1913352057,https://static-cdn.jtvnw.net/cf_vods/d3vd9lfkzbru3h/4466481c9fdeaa8666eb_earendelxdfp_40576215319_1693486855//thumb/thumb0-%{width}x%{height}.jpg
7ead9e2cac544a7cb00444ef6b4698d1,10553,【說明會】 FF41行前說明會~ ft. 浠Mizuki、汐Seki、KSP、子午staff ｜響Hibiki ​,2023-08-07T13:54:51Z,https://www.youtube.com/watch?v=q0gm1FLovNA,https://i.ytimg.com/vi/q0gm1FLovNA/mqdefault.jpg
cd42e06c40534d9eac7e30a434e47d43,10542,【ASMR 3Dio Free Space XLR Pro ll】姊姊的課後輔導 ♡｜細語、親吻、舔耳♡｜下課了嗎?  嗷嗷 ♡,2023-08-25T18:12:23Z,https://www.youtube.com/watch?v=mWXqYBgvHDs,https://i.ytimg.com/vi/mWXqYBgvHDs/mqdefault.jpg
1c5619a4ece046dd8ba68ed343489ca3,10541,【台灣第一男性Vtuber】教你如何~原諒爸爸的暴x過錯❗  #vtuber #虛擬youtuber #台灣vtuber,2023-08-17T11:14:03Z,https://www.youtube.com/watch?v=XSw9CBIt908,https://i.ytimg.com/vi/XSw9CBIt908/mqdefault.jpg
e78cffa246c24a1c88031151cad8c385,10512,【開箱】我告訴你們，水著琉璃子可不是普通的飛機杯....真正的用法演示給你們看💦 Feat.情趣夢天堂,2023-08-17T16:55:33Z,https://www.youtube.com/watch?v=_69_kqjZxUA,https://i.ytimg.com/vi/_69_kqjZxUA/mqdefault.jpg
f110fd69b66941bab04de9ada563c6ac,10480,【雜談＋驚喜告知】你知道什麼事是比深夜雜談更棒的嗎！沒錯！深夜驚喜告知！！！【AoiHinamori】,2023-08-25T18:33:04Z,https://www.youtube.com/watch?v=Esc5-7DHE64,https://i.ytimg.com/vi/Esc5-7DHE64/mqdefault.jpg
f6a4e7aa8d0c4e5cb39d199845ec4d02,10415,【Everybody 1.2 Switch】常常說主播不會直播，今天換你們表演啦!【#杏仁ミル 】,2023-09-01T15:42:10Z,https://www.youtube.com/watch?v=oABRO03DA7Q,https://i.ytimg.com/vi/oABRO03DA7Q/mqdefault.jpg
f6a4e7aa8d0c4e5cb39d199845ec4d02,10396,看到海邊就想色色的是誰？  #杏仁ミル #shorts,2023-09-03T16:00:20Z,https://www.youtube.com/watch?v=gwjwfYNO72w,https://i.ytimg.com/vi/gwjwfYNO72w/mqdefault.jpg
ee0763f3339d45b493bf45488a8e7701,10388,【梓芊🐰】 @pandora0407 🤍 8/10 WAWA->可能地下城 (๑´ㅂ`๑)🤍 !7tv,2023-08-10T00:28:26Z,https://www.twitch.tv/videos/1894682338,https://static-cdn.jtvnw.net/cf_vods/d3vd9lfkzbru3h/a3dc5b262f5e32a21b49_pandora0407_40518680167_1691627298//thumb/thumb0-%{width}x%{height}.jpg
f53e734fd8ec432da4632f30e899338b,10361,【歌ってみた】SOS  / Covered by 克蕾芙,2023-08-09T11:30:12Z,https://www.youtube.com/watch?v=BqXCkOK74xs,https://i.ytimg.com/vi/BqXCkOK74xs/mqdefault.jpg
ec65566d949944ffb1e2723f97ded6e0,10333,【鵝鴨殺】全場唯一真好鵝，但是我好想當壞人！！！【蘭斯洛特．拉法葉】,2023-08-10T17:28:47Z,https://www.youtube.com/watch?v=mT5TFDv38mI,https://i.ytimg.com/vi/mT5TFDv38mI/mqdefault.jpg
265a18972d244affae35711cfd1f9931,10317,TAKOASMR：測試向 試著這樣能不能讓你睡著 我戳戳你耳朵【MiroLive/塔芭絲可】,2023-09-03T16:13:59Z,https://www.youtube.com/watch?v=zyoMEwMpYMg,https://i.ytimg.com/vi/zyoMEwMpYMg/mqdefault.jpg
a9b855767b2d432c9f263e3427ff33a6,10315,【物超所值】一則SC不單只有一個感謝【埃穆亞Oumua】,2023-08-13T04:00:18Z,https://www.youtube.com/watch?v=R49V2QRN6wQ,https://i.ytimg.com/vi/R49V2QRN6wQ/mqdefault.jpg
2760c9a44c20464d8e140e6367ed1cdf,10304,【Getting Over It】好消息﹕還在壺。壞消息﹕還在壺。,2023-09-02T12:10:51Z,https://www.youtube.com/watch?v=HOsyw5DC-_k,https://i.ytimg.com/vi/HOsyw5DC-_k/mqdefault.jpg
265a18972d244affae35711cfd1f9931,10258,🐙這不是asmr🐙深夜 貼貼 親親抱抱 但我就黏一下(結束轉會限)【MiroLive/塔芭絲可】,2023-08-16T17:15:17Z,https://www.youtube.com/watch?v=4GpiMIrvmwE,https://i.ytimg.com/vi/4GpiMIrvmwE/mqdefault.jpg
5535c9524eb046c38e172ebfa06b302f,10256,【星穹鐵道】🚀0魂飲月君！[1.3忘卻之庭-1輪通關系列]▸彥卿好像很厲害，龍尊繼續送你回去做一敗徒弟！遺器面板展示！ ▹璐洛洛◃,2023-09-05T11:00:10Z,https://www.youtube.com/watch?v=7DImLi2TTDs,https://i.ytimg.com/vi/7DImLi2TTDs/mqdefault.jpg
c82ab1b4f8f64d1f84cae4ce09aa0dea,10247,下雨天了怎麼辦我好想玩遊戲｜汐Seki｜!週邊 !指令,2023-08-17T06:15:08Z,https://www.twitch.tv/videos/1900955890,https://static-cdn.jtvnw.net/cf_vods/d3vd9lfkzbru3h/7cc14aa2a7b89a8345d2_seki_meridian_40537477783_1692252903//thumb/thumb0-%{width}x%{height}.jpg
49bb221fc77f440cae0c007a73f99aab,10192,我要來炒飯了 ⋮ !尼沃結婚 !尼魯貼圖 !DC !綠界,2023-08-29T13:34:37Z,https://www.twitch.tv/videos/1911638435,https://static-cdn.jtvnw.net/cf_vods/d3vd9lfkzbru3h/66155f01a5df797c4fc5_ukuruniru_40571311175_1693316072//thumb/thumb0-%{width}x%{height}.jpg
ee0763f3339d45b493bf45488a8e7701,10139,【梓芊🐰】 @pandora0407 🤍 8/29 諸事不順捏 (๑´ㅂ`๑)🤍 !7tv !ROG,2023-08-29T00:28:33Z,https://www.twitch.tv/videos/1911264859,https://static-cdn.jtvnw.net/cf_vods/d3vd9lfkzbru3h/5b723cdc2ef701e5bc9f_pandora0407_40569656135_1693268903//thumb/thumb0-%{width}x%{height}.jpg
f110fd69b66941bab04de9ada563c6ac,10138,用卡祖笛吹出女朋友！ #shorts,2023-08-08T06:02:18Z,https://www.youtube.com/watch?v=oPjmmCfEBLw,https://i.ytimg.com/vi/oPjmmCfEBLw/mqdefault.jpg
a9b855767b2d432c9f263e3427ff33a6,10127,【#VoiceTo16歌回接力】初音16歲生日快樂!! 來唱些跟初音有關的歌~【埃穆亞Oumua】,2023-08-31T16:11:53Z,https://www.youtube.com/watch?v=6ESVaQnfRJA,https://i.ytimg.com/vi/6ESVaQnfRJA/mqdefault.jpg
f1b5f88144e14bd188e17b2f98303713,10126,【台V鐵人三項】只能用腳操控滑鼠，而且不是第一名就要倒立青蛙跳！！ | 亞洛赫 | #台V鐵人三項,2023-08-27T17:08:15Z,https://www.youtube.com/watch?v=eQ6mvDfNGYI,https://i.ytimg.com/vi/eQ6mvDfNGYI/mqdefault.jpg
bafb134fd2f849898d6242d1f5f683cc,10119,【Marvel's Spider-Man Remastered】玩點酷酷的漫威3D大作！好喜歡午後和你們一起農遊戲🎮【涅默Nemesis】,2023-08-14T12:03:04Z,https://www.youtube.com/watch?v=ovR4OHrJYzM,https://i.ytimg.com/vi/ovR4OHrJYzM/mqdefault.jpg
f6a4e7aa8d0c4e5cb39d199845ec4d02,10106,Rabbit - Cover by 杏仁ミルｘRumi懶貓子【歌ってみた】,2023-08-16T13:30:11Z,https://www.youtube.com/watch?v=jz-BHXgTf2Q,https://i.ytimg.com/vi/jz-BHXgTf2Q/mqdefault.jpg
b4a1791208fd4d85b7b08ee2bad0c236,10097,【Goose Goose Duck！】鵝鵝殺🌼菜雞狐來啦 #瑪格麗特諾爾絲 #箱箱TheBox,2023-08-15T15:55:30Z,https://www.youtube.com/watch?v=ToD73y80ZPM,https://i.ytimg.com/vi/ToD73y80ZPM/mqdefault.jpg
f6a4e7aa8d0c4e5cb39d199845ec4d02,10005,跟柊優花ちゃん一起AAAAA |  !3C !rumicafe,2023-08-21T12:06:08Z,https://www.twitch.tv/videos/1904632401,https://static-cdn.jtvnw.net/cf_vods/d3vd9lfkzbru3h/6e20da5bb5c7578e3017_vtuber_amiru_40549586983_1692619561//thumb/thumb0-%{width}x%{height}.jpg
43acb25e255340d09b50283f0308d1ff,9996,【4K 高音質】AMV-ヴァンガード Cardfight! Vanguard G Z 卡片戰鬥先導者G Z OP  情ノ華 (中文字幕),2023-09-03T16:41:42Z,https://www.youtube.com/watch?v=lAIPvk2gI1E,https://i.ytimg.com/vi/lAIPvk2gI1E/mqdefault.jpg
5535c9524eb046c38e172ebfa06b302f,9987,【原神】大佬來開秀58🎯▸滿命楓原萬葉 × 無傷單挑👊楓丹最新練度檢測機『尼尼安涅＆維維安涅』！武器面板與聖遺物展示 ▹璐洛洛◃,2023-08-28T13:30:13Z,https://www.youtube.com/watch?v=edvSh6kQaS8,https://i.ytimg.com/vi/edvSh6kQaS8/mqdefault.jpg
f6a4e7aa8d0c4e5cb39d199845ec4d02,9982,ちゅ、多様性 - Cover by 杏仁ミル【歌ってみた】,2023-08-26T09:20:10Z,https://www.youtube.com/watch?v=9Aazlq7kViU,https://i.ytimg.com/vi/9Aazlq7kViU/mqdefault.jpg
42844ee6e0cc47938829b43a3101b9bb,9981,【露莎米娜 Lusamina】2023.9.14 二周年新衣裝預告,2023-08-30T17:36:59Z,https://www.youtube.com/watch?v=HJrvXXBkcrk,https://i.ytimg.com/vi/HJrvXXBkcrk/mqdefault.jpg
c82ab1b4f8f64d1f84cae4ce09aa0dea,9975,【FF41】Day 1 現場轉播｜汐Seki,2023-08-18T04:41:22Z,https://www.youtube.com/watch?v=6WSoTu6Mlr8,https://i.ytimg.com/vi/6WSoTu6Mlr8/mqdefault.jpg
7c06b9e316ce4ac18ce836cd72442bbe,9907,【FF41現場直擊Day 2】夏日DD大集結！來現場互動找我玩！ 【浠Mizuki】,2023-08-19T06:26:59Z,https://www.youtube.com/watch?v=Y3uhMaMRlmU,https://i.ytimg.com/vi/Y3uhMaMRlmU/mqdefault.jpg
f6a4e7aa8d0c4e5cb39d199845ec4d02,9884,又唱又跳 ちゅ、多様性。 #杏仁ミル #shorts #ちゅ多様性,2023-09-01T06:00:04Z,https://www.youtube.com/watch?v=CLbDNvUV0Bg,https://i.ytimg.com/vi/CLbDNvUV0Bg/mqdefault.jpg
7c06b9e316ce4ac18ce836cd72442bbe,9843,【拍立得簽名會】夏天生日回憶🎂誕生日の思い出をチェキに📝 【浠Mizuki】,2023-08-12T21:47:30Z,https://www.youtube.com/watch?v=ZzurEl8R--I,https://i.ytimg.com/vi/ZzurEl8R--I/mqdefault.jpg
c82ab1b4f8f64d1f84cae4ce09aa0dea,9778,【Slither.io觀眾場】歡迎餵食但請不要吃我｜汐Seki,2023-08-16T14:55:19Z,https://www.youtube.com/watch?v=HZJaEBh5qhY,https://i.ytimg.com/vi/HZJaEBh5qhY/mqdefault.jpg
1ccdbe5d48934f4cbabc86512dd1d357,9776,【耐久】要學習20個中文！【台灣地理學習】,2023-09-03T15:19:32Z,https://www.youtube.com/watch?v=dJFMHR-zbvY,https://i.ytimg.com/vi/dJFMHR-zbvY/mqdefault.jpg
e93bd1102e214cbaa71cc5b2e4a53595,9756,【誰是你爹！】四湯圓親子(?)連動！已經感覺的到今天到底會有多混亂惹YABAI~ ft. 四湯圓及爸媽們(?) ｜ Gaming Stream【厄倫蒂兒 Earendel】,2023-08-08T15:22:24Z,https://www.youtube.com/watch?v=TlrbM-MBlK8,https://i.ytimg.com/vi/TlrbM-MBlK8/mqdefault.jpg
0641a9c8b9a94994aaa33e0c86fef75b,9718,用短影片推廣自己ㄉ小秘訣? #vtuber #shorts #台V #vtuberclip #vtuber中文,2023-08-11T10:00:47Z,https://www.youtube.com/watch?v=tKgrYJU2n-A,https://i.ytimg.com/vi/tKgrYJU2n-A/mqdefault.jpg
bafb134fd2f849898d6242d1f5f683cc,9697,【Marvel's Spider-Man Remastered】超好玩遊戲我忍不到禮拜三了！我要玩！！！【涅默Nemesis】,2023-08-15T10:38:55Z,https://www.youtube.com/watch?v=ik0zqly7kxE,https://i.ytimg.com/vi/ik0zqly7kxE/mqdefault.jpg
b4a1791208fd4d85b7b08ee2bad0c236,9663,【瑪麗茶會】7萬訂閱慶祝🌼因你而生  #瑪格麗特諾爾絲 #箱箱TheBox,2023-08-18T14:40:54Z,https://www.youtube.com/watch?v=5VYnbXGyYEs,https://i.ytimg.com/vi/5VYnbXGyYEs/mqdefault.jpg
9cec24b011ee45648eb404066c997f49,9655,【everybody 1.2switch】歌舍歌聚院ㄉ大家一起來當色彩獵人啦ლ( • ̀ω•́ )っ█熙歌Cygnus,2023-08-26T15:56:26Z,https://www.youtube.com/watch?v=Kc7zinC12UY,https://i.ytimg.com/vi/Kc7zinC12UY/mqdefault.jpg
3681a0b4e4bd48888473b1884f6ee420,9652,爆音注意！伏守者來啦！ft. @shukukozmii1116   #台v #台灣vtuber #vtuber精華 #vtuber中文 #minecraft #minecraftshorts,2023-08-10T08:00:07Z,https://www.youtube.com/watch?v=7uDoqKaQ8dM,https://i.ytimg.com/vi/7uDoqKaQ8dM/mqdefault.jpg
b4a1791208fd4d85b7b08ee2bad0c236,9635,【瑪麗歌回】這是一場歌回🌼 #瑪格麗特諾爾絲 #箱箱TheBox,2023-08-11T15:20:46Z,https://www.youtube.com/watch?v=jCDj7Hs7a8A,https://i.ytimg.com/vi/jCDj7Hs7a8A/mqdefault.jpg
1b63d89e0b1a4b579de6d99e25eaff8f,9622,一小時，什麼都不做  #vtuber #貓祭,2023-08-29T16:09:42Z,https://www.youtube.com/watch?v=zSGsI_qisgY,https://i.ytimg.com/vi/zSGsI_qisgY/mqdefault.jpg
f5ff982730f54cd4826ff0530a4288c2,9619,🍜 【#VoiceTo16歌回接力】紙片人唱軟體歌 沒啥毛病吧【白湯】,2023-08-31T16:02:50Z,https://www.youtube.com/watch?v=X_ZrqDUNx8s,https://i.ytimg.com/vi/X_ZrqDUNx8s/mqdefault.jpg
b4a1791208fd4d85b7b08ee2bad0c236,9596,【瑪麗歌回】突發 七夕歌回🌼 #瑪格麗特諾爾絲 #箱箱TheBox,2023-08-22T17:15:01Z,https://www.youtube.com/watch?v=NTpLKS35T8U,https://i.ytimg.com/vi/NTpLKS35T8U/mqdefault.jpg
8b027d3a3f374c9c8398b6dd751e5018,9583,【周小笙】0813 啵嗶啵啵嗶啵｜!鵝T !傳送門 !蔚藍 !自主訂閱,2023-08-13T05:24:16Z,https://www.twitch.tv/videos/1897488437,https://static-cdn.jtvnw.net/cf_vods/d3vd9lfkzbru3h/af8eb779919958f4e7c9_lisheng_tw_40526552647_1691904250//thumb/thumb0-%{width}x%{height}.jpg
317c2fd320f545a1b17bda3044c9d0de,9576,#雜談 #鬧鬼 #農曆七月  #Vtuber #shorts 鬼門關當天玩都市傳說 結果出事了!!!(上),2023-08-10T11:45:01Z,https://www.youtube.com/watch?v=_xpzEjJF4Yo,https://i.ytimg.com/vi/_xpzEjJF4Yo/mqdefault.jpg
1323f1b775bf43659f8b8ec2899522cd,9548,【復健歌回】來唱唱歌!!今天有新的OP唷🐸🍁,2023-09-05T14:17:38Z,https://www.youtube.com/watch?v=Z4SSH2yO7Qo,https://i.ytimg.com/vi/Z4SSH2yO7Qo/mqdefault.jpg
f1b5f88144e14bd188e17b2f98303713,9508,還債啦！倒立吃意大利麵！！ | 亞洛赫,2023-08-22T14:35:55Z,https://www.youtube.com/watch?v=HrRI2jaqGZU,https://i.ytimg.com/vi/HrRI2jaqGZU/mqdefault.jpg
73b97b1a35c84579aa8ffcd6534efad3,9493,真的是腦子進水欸 | #vtuber #shorts #台v #vtuberclip #vtuber中文 #台v精華 #台vtuber,2023-08-10T11:47:31Z,https://www.youtube.com/watch?v=6lzbyIRdlm8,https://i.ytimg.com/vi/6lzbyIRdlm8/mqdefault.jpg
9cec24b011ee45648eb404066c997f49,9455,【實境拍攝】帶著昆布一起去挑要抽給婚叫的禮物 ₍₍ ◝('ω'◝) ⁾⁾ ₍₍ (◟'ω')◟ ⁾⁾ █熙歌Cygnus,2023-08-10T09:20:10Z,https://www.youtube.com/watch?v=pPIucGvnjis,https://i.ytimg.com/vi/pPIucGvnjis/mqdefault.jpg
ec65566d949944ffb1e2723f97ded6e0,9454,【任天堂大亂鬥】贏十個觀眾之前不能結束！！給你機會扁主播【蘭斯洛特．拉法葉】,2023-08-12T16:49:43Z,https://www.youtube.com/watch?v=4jb2pjWbmWE,https://i.ytimg.com/vi/4jb2pjWbmWE/mqdefault.jpg
ee0763f3339d45b493bf45488a8e7701,9449,【梓芊🐰】 @pandora0407 🤍 8/21 嗨  (๑´ㅂ`๑)🤍 !7tv,2023-08-21T00:30:27Z,https://www.twitch.tv/videos/1904319014,https://static-cdn.jtvnw.net/cf_vods/d3vd9lfkzbru3h/b558f751092e50237eea_pandora0407_40548237671_1692577817//thumb/thumb0-%{width}x%{height}.jpg
f110fd69b66941bab04de9ada563c6ac,9429,【潛水員戴夫】夏天你吹冷氣我潛水！這提議是不是很誘人( • ̀ω•́  )✧【AoiHinamori】,2023-08-09T19:19:09Z,https://www.youtube.com/watch?v=IRdWdY47VwI,https://i.ytimg.com/vi/IRdWdY47VwI/mqdefault.jpg
bafb134fd2f849898d6242d1f5f683cc,9386,【雜談】快要一周年了~來聽聽絆星們有什麼想要的或想說的【涅默Nemesis】,2023-08-29T07:38:48Z,https://www.youtube.com/watch?v=BABwMYTFPPk,https://i.ytimg.com/vi/BABwMYTFPPk/mqdefault.jpg
9cec24b011ee45648eb404066c997f49,9341,【氣質瘋蛙】我們還是要注重形象的█熙歌Cygnus,2023-08-09T04:00:15Z,https://www.youtube.com/watch?v=ZGuafF1qreM,https://i.ytimg.com/vi/ZGuafF1qreM/mqdefault.jpg
494d2c5daf9f4a8a8e4538687e6be14c,9325,親自上街搭訕壁咚 |  自然技術流搭訕撩妹 | #莫忘初衷 |【兔姬UsagiHime | 惡兔重工】,2023-08-23T17:38:39Z,https://www.youtube.com/watch?v=HaVVSOzAZQw,https://i.ytimg.com/vi/HaVVSOzAZQw/mqdefault.jpg
3809ec8a42634d11aa1b7b8f99755c6a,9312,【花花】8/8 畫圖DAY | !8月活動 | !周邊 | !委託 |  !line貼圖,2023-08-08T07:11:26Z,https://www.twitch.tv/videos/1893176338,https://static-cdn.jtvnw.net/cf_vods/d3vd9lfkzbru3h/8d328a90c9c82264a77e_mayberuu_40513944535_1691478678//thumb/thumb0-%{width}x%{height}.jpg
4b6655120fbd4431a8f7894cac4a4d49,9229,ASMR｜大腦按摩深層觸發｜深い眠りのためのベストトリガー｜ASMR for people who want to sleep【ASMR Healing】,2023-08-20T16:36:58Z,https://www.youtube.com/watch?v=kMUICi-tHTQ,https://i.ytimg.com/vi/kMUICi-tHTQ/mqdefault.jpg
5535c9524eb046c38e172ebfa06b302f,9220,【原神研究室】4.0楓丹 [古老的顏色] 世界任務攻略🎈▸協助「瑪梅赫」完成畫作，解鎖「海沫村」地下錨點，原石180✨ ▹璐洛洛◃,2023-08-21T13:00:11Z,https://www.youtube.com/watch?v=zsSy3HEusUs,https://i.ytimg.com/vi/zsSy3HEusUs/mqdefault.jpg
f1b5f88144e14bd188e17b2f98303713,9215,【復活】我從森林搬到台北了 | 亞洛赫,2023-08-16T15:30:14Z,https://www.youtube.com/watch?v=HCMgLnRBJ18,https://i.ytimg.com/vi/HCMgLnRBJ18/mqdefault.jpg
bafb134fd2f849898d6242d1f5f683cc,9185,【Marvel's Spider-Man Remastered】紐約偶爾打擊罪犯偶爾找找背包蜘蛛人觀光團 Day3【涅默Nemesis】,2023-08-16T11:47:50Z,https://www.youtube.com/watch?v=BMtJTU3f-7U,https://i.ytimg.com/vi/BMtJTU3f-7U/mqdefault.jpg
c82ab1b4f8f64d1f84cae4ce09aa0dea,9180,【FF41】最終日！今天早班開門營業啦｜汐Seki,2023-08-20T04:15:59Z,https://www.youtube.com/watch?v=LS0ok5ovqIw,https://i.ytimg.com/vi/LS0ok5ovqIw/mqdefault.jpg
d837e8fda137492c9d77882b98ff863a,9169,全世界只有一個人聽得懂的台語！,2023-08-28T09:30:12Z,https://www.youtube.com/watch?v=uUShh2N-KO8,https://i.ytimg.com/vi/uUShh2N-KO8/mqdefault.jpg
bafb134fd2f849898d6242d1f5f683cc,9168,【鵝鴨殺】又要一起互相詐欺隱瞞表裡不一口是心非了嘿嘿嘿 ft.很多人【涅默Nemesis】,2023-08-10T17:45:36Z,https://www.youtube.com/watch?v=GYc6H_-BND8,https://i.ytimg.com/vi/GYc6H_-BND8/mqdefault.jpg
abd64c9a64e04fb1b23faa2480c1c106,9082,「眼睛長在嘴裡」的黃色絨毛怪物『Wolly Bully』【歡樂谷 JoyVille】,2023-08-27T12:58:40Z,https://www.youtube.com/watch?v=TgsQSB2egz8,https://i.ytimg.com/vi/TgsQSB2egz8/mqdefault.jpg
1ccdbe5d48934f4cbabc86512dd1d357,9059,【超美麗3D中文學習】學習雜談！再努力一點就25000人!!!,2023-08-10T14:42:56Z,https://www.youtube.com/watch?v=JlxL-W0OVL0,https://i.ytimg.com/vi/JlxL-W0OVL0/mqdefault.jpg
8bf35c3b9a9e461d825a9170555b71c2,9056,フクロウ ～フクロウが知らせる客が来たと～（Fukurou）/ Kokia - 澪Rei【Cover】,2023-09-03T11:00:11Z,https://www.youtube.com/watch?v=Yl-747L8wiY,https://i.ytimg.com/vi/Yl-747L8wiY/mqdefault.jpg
3809ec8a42634d11aa1b7b8f99755c6a,9042,【花花】8/13 啟動 | !8月活動 | !周邊 | !委託 |  !line貼圖,2023-08-13T11:28:09Z,https://www.twitch.tv/videos/1897625305,https://static-cdn.jtvnw.net/cf_vods/d3vd9lfkzbru3h/34d19a818a5982ffbb92_mayberuu_40527355415_1691926083//thumb/thumb0-%{width}x%{height}.jpg
bafb134fd2f849898d6242d1f5f683cc,9039,【默默海豹】分享快樂分享愛【涅默Nemesis】,2023-08-30T12:00:44Z,https://www.youtube.com/watch?v=u40NXf2TH1c,https://i.ytimg.com/vi/u40NXf2TH1c/mqdefault.jpg
7c06b9e316ce4ac18ce836cd72442bbe,9035,銀臨 - 可不可以 / 浠Mizuki Cover【日常唱歌練習 #18】如果如果我說了喜歡，問你可不可以？,2023-08-19T15:00:21Z,https://www.youtube.com/watch?v=PBz_CNy_4gM,https://i.ytimg.com/vi/PBz_CNy_4gM/mqdefault.jpg
a9b855767b2d432c9f263e3427ff33a6,9018,【歌枠】兒歌回!! 歌幫我們做的圖 猜猜藍咩在哪裡【埃穆亞Oumua】,2023-08-11T17:15:35Z,https://www.youtube.com/watch?v=vrG_272aKWw,https://i.ytimg.com/vi/vrG_272aKWw/mqdefault.jpg
8b027d3a3f374c9c8398b6dd751e5018,8997,【周小笙】0903 NY超新星三幻神(小笙+芒果+小雪)出戰超商 ｜!鵝T !P9,2023-09-02T16:26:49Z,https://www.twitch.tv/videos/1915258218,https://static-cdn.jtvnw.net/cf_vods/d3vd9lfkzbru3h/ff13cfeb9d644db7d05d_lisheng_tw_40582278535_1693672001//thumb/thumb0-%{width}x%{height}.jpg
62e5d9c4ad1e4d7a9fb61fe531c4b940,8976,【戀愛相談室】初戀白月光？相差20歲該如何面對？讓我們來聊聊吧 feat.瑪麗@margaretnorth 【凝川眠 kokawa nemuri】,2023-08-25T17:48:45Z,https://www.youtube.com/watch?v=boIEtQ57R1M,https://i.ytimg.com/vi/boIEtQ57R1M/mqdefault.jpg
8b027d3a3f374c9c8398b6dd751e5018,8976,【周小笙】0902 地盤戰夏家傭兵 夏家vs摩托 ｜!鵝T !P9,2023-09-02T10:41:46Z,https://www.twitch.tv/videos/1915055385,https://static-cdn.jtvnw.net/cf_vods/d3vd9lfkzbru3h/13a910d8588eca7651e2_lisheng_tw_40581163383_1693651299//thumb/thumb0-%{width}x%{height}.jpg
2e266a71aa3d4a67bb8d9a2a0b573319,8970,【仔魚】09/01  吊人村2  ft:很多人     @ZIIFISH,2023-09-01T13:51:24Z,https://www.twitch.tv/videos/1914234704,https://static-cdn.jtvnw.net/cf_vods/d3vd9lfkzbru3h/01fc11322b2e957af2dc_ziifish_40579011847_1693576275//thumb/thumb0-%{width}x%{height}.jpg
2e266a71aa3d4a67bb8d9a2a0b573319,8970,【仔魚】09/02  哈哈哈  晚上7點左右LOL比賽   @ZIIFISH,2023-09-02T05:28:24Z,https://www.twitch.tv/videos/1914938449,https://static-cdn.jtvnw.net/cf_vods/d3vd9lfkzbru3h/6bd0e011b4247607ce60_ziifish_40580455959_1693632495//thumb/thumb0-%{width}x%{height}.jpg
312fdd3c5e6d4aefa73fd3860ecc5613,8952,【遊戲LA】雙人烤肉模擬器 with @margaretnorth  #森森鈴蘭,2023-08-17T15:26:25Z,https://www.youtube.com/watch?v=n2FtUrSnFrY,https://i.ytimg.com/vi/n2FtUrSnFrY/mqdefault.jpg
3681a0b4e4bd48888473b1884f6ee420,8951,我竟然敢在台灣拍人車窗 #台v #台灣vtuber #vtuber精華 #vtuber中文,2023-08-21T08:00:09Z,https://www.youtube.com/watch?v=PJ2wM4qU3rc,https://i.ytimg.com/vi/PJ2wM4qU3rc/mqdefault.jpg
f5ff982730f54cd4826ff0530a4288c2,8946,🍜 【突發】不要笑不要笑不要笑 笑了就送會員【白湯】AI統神忍笑挑戰,2023-08-24T20:03:24Z,https://www.youtube.com/watch?v=nd0fir4h8t4,https://i.ytimg.com/vi/nd0fir4h8t4/mqdefault.jpg
ee0763f3339d45b493bf45488a8e7701,8944,【梓芊🐰】 @pandora0407 🤍 8/14 今天紐約要賺飽飽 (๑´ㅂ`๑)🤍 !7tv,2023-08-14T00:27:44Z,https://www.twitch.tv/videos/1898167993,https://static-cdn.jtvnw.net/cf_vods/d3vd9lfkzbru3h/7022e3836d2bfa0cca44_pandora0407_40528686887_1691972858//thumb/thumb0-%{width}x%{height}.jpg
1323f1b775bf43659f8b8ec2899522cd,8904,【突襲歌回】唱一些柴媽喜歡的歌!!🐸🍁,2023-08-10T16:16:42Z,https://www.youtube.com/watch?v=b_eiT5CqifI,https://i.ytimg.com/vi/b_eiT5CqifI/mqdefault.jpg
6c872a4043b84e4493877a42af684d1d,8890,千萬不要去網咖過夜 #台V #vtuber #台v精華  #Vtuberclip #銀河galaxy #台灣vtuber #台vtuber #台V歌勢,2023-08-31T14:00:19Z,https://www.youtube.com/watch?v=WOFIZwci6FI,https://i.ytimg.com/vi/WOFIZwci6FI/mqdefault.jpg
7a88afc5eb644d76b35ed4ca968259bb,8843,🔴【 吧噗 🍦】女友 一邊玩APEX  一邊幫你舔耳朵  🥴 💤,2023-08-25T17:43:38Z,https://www.youtube.com/watch?v=CG6LFHQmtsI,https://i.ytimg.com/vi/CG6LFHQmtsI/mqdefault.jpg
9cec24b011ee45648eb404066c997f49,8831,【開箱吃播】肯德基玫瑰粉紅巧克力炸雞!? 到底甜的還鹹的??? (›´ω`‹ )█熙歌Cygnus,2023-08-18T06:12:30Z,https://www.youtube.com/watch?v=ZDj-2F8RnBc,https://i.ytimg.com/vi/ZDj-2F8RnBc/mqdefault.jpg
ea4c1a67c2e445ad8028768616ceb659,8830,【🥞漢字でGO!】沒答對漢字就會爆炸的遊戲，找朋朋二對二一起玩沒有問題的ㄅ！【洛可洛斯特 / VTUBER】FT.浠Mizuki、社長KUMA、千夏,2023-09-04T13:18:46Z,https://www.youtube.com/watch?v=Q53I1Kut-wI,https://i.ytimg.com/vi/Q53I1Kut-wI/mqdefault.jpg
3809ec8a42634d11aa1b7b8f99755c6a,8825,【花花】8/11 摸一下hitbox | !8月活動 | !周邊 | !委託 |  !line貼圖,2023-08-11T11:22:58Z,https://www.twitch.tv/videos/1895873490,https://static-cdn.jtvnw.net/cf_vods/d3vd9lfkzbru3h/1bc2861fc7be90cb7528_mayberuu_40522534775_1691752971//thumb/thumb0-%{width}x%{height}.jpg
7ead9e2cac544a7cb00444ef6b4698d1,8797,【歌回】半年紀念歌回｜響Hibiki,2023-09-02T16:18:12Z,https://www.youtube.com/watch?v=H_tVcltvsJA,https://i.ytimg.com/vi/H_tVcltvsJA/mqdefault.jpg
a9b855767b2d432c9f263e3427ff33a6,8788,【關於生氣】會吵架的都是好麻吉【埃穆亞Oumua】,2023-08-09T04:00:14Z,https://www.youtube.com/watch?v=_xGZ0Jv85Bc,https://i.ytimg.com/vi/_xGZ0Jv85Bc/mqdefault.jpg
b4a1791208fd4d85b7b08ee2bad0c236,8782,【#瑪麗食堂】 Vtuber手把手教你如何飼養芒果🌼  #瑪格麗特諾爾絲 #箱箱TheBox,2023-08-14T14:39:56Z,https://www.youtube.com/watch?v=hiwztOH3DiY,https://i.ytimg.com/vi/hiwztOH3DiY/mqdefault.jpg
6c7a8b443aa942a89a83485c98d10559,8769,【😲👉👀】 #varkshorts #shorts #小原栞【小原 栞 / VTUBER】,2023-08-19T11:57:55Z,https://www.youtube.com/watch?v=M409ssiJnag,https://i.ytimg.com/vi/M409ssiJnag/mqdefault.jpg
f6a4e7aa8d0c4e5cb39d199845ec4d02,8765,【潛水夫戴夫】無情的打工環節，擴展海洋的粉絲們！【#杏仁ミル 】,2023-08-28T16:42:58Z,https://www.youtube.com/watch?v=6xBn1y-dnm8,https://i.ytimg.com/vi/6xBn1y-dnm8/mqdefault.jpg
494d2c5daf9f4a8a8e4538687e6be14c,8738,第一次沒有擺攤的FF之早晨 ! 你可以帶我逛攤嗎? 【兔姬UsagiHime | 惡兔重工】,2023-08-20T04:21:30Z,https://www.youtube.com/watch?v=yqkW2YCUy6I,https://i.ytimg.com/vi/yqkW2YCUy6I/mqdefault.jpg
f110fd69b66941bab04de9ada563c6ac,8721,【#台V鐵人三項】頂玩技術台啦！點進來不後悔！真的！ (́◕◞౪◟◕‵)【AoiHinamori】,2023-08-27T15:13:15Z,https://www.youtube.com/watch?v=dMzCOvuCmEU,https://i.ytimg.com/vi/dMzCOvuCmEU/mqdefault.jpg
b4a1791208fd4d85b7b08ee2bad0c236,8695,【#瑪麗食堂】 Vtuber告訴你泡麵的物種多樣性🌼  #瑪格麗特諾爾絲 #箱箱TheBox,2023-09-01T15:32:20Z,https://www.youtube.com/watch?v=ijV8MUN6yAs,https://i.ytimg.com/vi/ijV8MUN6yAs/mqdefault.jpg
ec65566d949944ffb1e2723f97ded6e0,8694,【逃離塔科夫】初體驗...就交給亞洲塔科夫冠軍了【蘭斯洛特．拉法葉】,2023-08-27T16:14:02Z,https://www.youtube.com/watch?v=vbGC1xUiARQ,https://i.ytimg.com/vi/vbGC1xUiARQ/mqdefault.jpg
b49c2970f97b4fd4a6762b3e9ba94f8e,8663,【 圖奇幼柚台 】Day 02｜時間....,2023-08-07T16:17:28Z,https://www.twitch.tv/videos/1892568461,https://static-cdn.jtvnw.net/cf_vods/d3vd9lfkzbru3h/2b70d866e9b872979c3d_kisaragiyuzu220_40512865943_1691425040//thumb/thumb0-%{width}x%{height}.jpg
b4a1791208fd4d85b7b08ee2bad0c236,8625,【#瑪麗食堂】 Vtuber手把手教你做華麗的宵夜🌼  #瑪格麗特諾爾絲 #箱箱TheBox,2023-08-23T17:03:44Z,https://www.youtube.com/watch?v=sbpLCM5FLQ8,https://i.ytimg.com/vi/sbpLCM5FLQ8/mqdefault.jpg
ea4c1a67c2e445ad8028768616ceb659,8617,【🥞#台V鐵人三項】我怎麼會答應玩這個....每掉下去一次我就要讓你們逐漸感受痛苦【洛可洛斯特 / VTUBER】,2023-08-27T15:08:47Z,https://www.youtube.com/watch?v=h8eeDQ1sKtg,https://i.ytimg.com/vi/h8eeDQ1sKtg/mqdefault.jpg
ec65566d949944ffb1e2723f97ded6e0,8584,【歌枠】只是想唱歌給大家聽！#初見歡迎【蘭斯洛特．拉法葉】,2023-09-02T14:13:00Z,https://www.youtube.com/watch?v=4td-TA4b37Y,https://i.ytimg.com/vi/4td-TA4b37Y/mqdefault.jpg
22ca620b93c94e5cb48175bbecf8d3af,8560,我們為何討厭How dare you？ 我們所察覺不到的意識形態 環保少女 Greta Eleonora：說仔說故事,2023-08-22T12:00:16Z,https://www.youtube.com/watch?v=OQeGyUMuxSk,https://i.ytimg.com/vi/OQeGyUMuxSk/mqdefault.jpg
4b6b055ada4d4f0ab63b7ad02a3fa3ef,8559,【台湾旅行日記】六天的旅行重量是3公斤喔・・🙄【雜談】｜Rumi/懶貓子,2023-08-18T15:41:35Z,https://www.youtube.com/watch?v=pt_ZunG-zDA,https://i.ytimg.com/vi/pt_ZunG-zDA/mqdefault.jpg
7c06b9e316ce4ac18ce836cd72442bbe,8550,【#V真愛 女子宿舍會談】女子睡衣派對✨聊聊蛙化現象~！那些超級解暈的瞬間...ft.歐妲/火柴/夜花/Tako 【浠Mizuki】,2023-08-21T12:02:43Z,https://www.youtube.com/watch?v=Oma3F2YWIes,https://i.ytimg.com/vi/Oma3F2YWIes/mqdefault.jpg
5535c9524eb046c38e172ebfa06b302f,8529,【原神研究室】4.0楓丹 [85顆水神瞳] 效率路線攻略💧▸務必先解完開圖任務「古老的顏色」、「水色潮痕」、「水仙的安」，優美楓丹BGM陪你抄作業! ▹璐洛洛◃,2023-08-29T12:30:07Z,https://www.youtube.com/watch?v=103EQuAr--I,https://i.ytimg.com/vi/103EQuAr--I/mqdefault.jpg
bafb134fd2f849898d6242d1f5f683cc,8502,【Ark】新地圖！創世2！錄音一整天有夠累我需要吸收大家的陽壽【涅默Nemesis】,2023-08-07T17:21:55Z,https://www.youtube.com/watch?v=YSdtpAQ70Wk,https://i.ytimg.com/vi/YSdtpAQ70Wk/mqdefault.jpg
bafb134fd2f849898d6242d1f5f683cc,8501,【湯圓告解室】兩顆修女湯圓決定出山為眾生解惑 ft.間諜藍咩 @OumuaXDFP【涅默Nemesis】,2023-08-23T08:09:39Z,https://www.youtube.com/watch?v=aCpE1gcfzIc,https://i.ytimg.com/vi/aCpE1gcfzIc/mqdefault.jpg
3809ec8a42634d11aa1b7b8f99755c6a,8491,【花花】8/18 今天畫委託 !line貼圖 | !8月活動 | !周邊 | !委託,2023-08-18T10:24:54Z,https://www.twitch.tv/videos/1901918438,https://static-cdn.jtvnw.net/cf_vods/d3vd9lfkzbru3h/0ce3362a0387ff8ab758_mayberuu_40540779431_1692354287//thumb/thumb0-%{width}x%{height}.jpg
98e3a5838fec4a6caa936ae35485de23,8490,【歌回】2023獺在前哨-93和你各位唱首歌🍻【露恰露恰．Vtuber】,2023-09-03T11:16:08Z,https://www.youtube.com/watch?v=gwlG_xTZYYg,https://i.ytimg.com/vi/gwlG_xTZYYg/mqdefault.jpg
1ccdbe5d48934f4cbabc86512dd1d357,8488,大家一起目睹達到3萬人瞬間的直播!!,2023-08-22T14:30:26Z,https://www.youtube.com/watch?v=VIgkpoRuSb4,https://i.ytimg.com/vi/VIgkpoRuSb4/mqdefault.jpg
cd42e06c40534d9eac7e30a434e47d43,8448,為什麼我穿起來跟其他朋友不一樣QQ，竟然在海邊發生突發事故! #vtuber  #shorts  #台V #vtuberclip  #vtuber中文  #帕豹pabo,2023-08-17T07:41:59Z,https://www.youtube.com/watch?v=jtdWFSfr__Q,https://i.ytimg.com/vi/jtdWFSfr__Q/mqdefault.jpg
d9e5219a4cd84ac59bc35faa94729f01,8434,【迷因】前面有一隻超可愛的狗勾丨希比 Hebe #shorts #vtuber #希比 #台灣vtuber #台v,2023-08-30T15:31:04Z,https://www.youtube.com/watch?v=Ijk4SYPnUbY,https://i.ytimg.com/vi/Ijk4SYPnUbY/mqdefault.jpg
0641a9c8b9a94994aaa33e0c86fef75b,8387,我是誰? #vtuber #shorts #台V #vtuberclip #vtuber中文 #varkshorts,2023-08-14T11:00:23Z,https://www.youtube.com/watch?v=WM2BXnk_usI,https://i.ytimg.com/vi/WM2BXnk_usI/mqdefault.jpg
1cfadb0d2e154a258c3177ff8264336f,8369,【吊你老母唱爆⚡】百曲耐久🎤！3場大Live完左啦y0ooo！(同後日談爆料😏),2023-08-15T02:17:04Z,https://www.youtube.com/watch?v=PYFIBuJTDRM,https://i.ytimg.com/vi/PYFIBuJTDRM/mqdefault.jpg
3f4650e05ceb41008bd16869780b7af1,8340,【貓咪大戰爭】從零開始的貓戰生活EP85 又是久違的風雲塔 那就來攻頂吧！,2023-08-29T13:19:51Z,https://www.youtube.com/watch?v=b_b7g1Udvl4,https://i.ytimg.com/vi/b_b7g1Udvl4/mqdefault.jpg
f6a4e7aa8d0c4e5cb39d199845ec4d02,8319,今天一天都昏昏沉沉開個台醒腦  |  !3C !rumicafe,2023-09-03T12:10:54Z,https://www.twitch.tv/videos/1915994414,https://static-cdn.jtvnw.net/cf_vods/d3vd9lfkzbru3h/2f5fcd428526aca284f4_vtuber_amiru_40584323927_1693743049//thumb/thumb0-%{width}x%{height}.jpg
f110fd69b66941bab04de9ada563c6ac,8299,【重新振作】你們的加油打氣我都聽到了！謝謝！！！！！！！！【AoiHinamori】,2023-08-25T05:27:00Z,https://www.youtube.com/watch?v=roXyug6bvcA,https://i.ytimg.com/vi/roXyug6bvcA/mqdefault.jpg
1323f1b775bf43659f8b8ec2899522cd,8275,【#VoiceTo16歌回接力】初音生日快樂!!❤️來唱唱咪哭的歌🐸🍁✨【柴崎楓音】,2023-08-31T12:45:14Z,https://www.youtube.com/watch?v=qm98tM9JthQ,https://i.ytimg.com/vi/qm98tM9JthQ/mqdefault.jpg
f110fd69b66941bab04de9ada563c6ac,8269,【罵倒台詞回】最近皮有點癢？是時候該適當的調教患者了...適♥當♥的【AoiHinamori】,2023-08-20T15:52:23Z,https://www.youtube.com/watch?v=03gAvfLwLMQ,https://i.ytimg.com/vi/03gAvfLwLMQ/mqdefault.jpg
7ead9e2cac544a7cb00444ef6b4698d1,8249,【歌回】唱唱最近喜歡的歌+結尾懲罰轉盤｜響Hibiki,2023-08-12T15:53:26Z,https://www.youtube.com/watch?v=wDC8mP7Qq70,https://i.ytimg.com/vi/wDC8mP7Qq70/mqdefault.jpg
bafb134fd2f849898d6242d1f5f683cc,8239,【歌回】九月的我們都很忙碌，需要一些放鬆身心的曲子【涅默Nemesis】,2023-09-05T13:21:24Z,https://www.youtube.com/watch?v=62HZqWiW6NQ,https://i.ytimg.com/vi/62HZqWiW6NQ/mqdefault.jpg
3809ec8a42634d11aa1b7b8f99755c6a,8216,【花花】8/7 決賽好好看 | !8月活動 | !周邊 | !委託 |  !line貼圖,2023-08-07T11:36:54Z,https://www.twitch.tv/videos/1892415590,https://static-cdn.jtvnw.net/cf_vods/d3vd9lfkzbru3h/9a08bcfd73385540650e_mayberuu_40511992439_1691408207//thumb/thumb0-%{width}x%{height}.jpg
8b027d3a3f374c9c8398b6dd751e5018,8181,【周小笙】0827 123 ﾍ(=￣∇￣)ﾉ ｜!鵝T !傳送門 !自主訂閱 !P9,2023-08-27T11:51:00Z,https://www.twitch.tv/videos/1909881005,https://static-cdn.jtvnw.net/cf_vods/d3vd9lfkzbru3h/e7c8b34497020e330b52_lisheng_tw_40565850615_1693137053//thumb/thumb0-%{width}x%{height}.jpg
6c872a4043b84e4493877a42af684d1d,8142,「二週年合唱祭」20位神秘的V朋朋來當嘉賓 結束還有Cover曲首播喔～ Singing Stream【銀河Galaxy】,2023-09-01T18:12:45Z,https://www.youtube.com/watch?v=7Ay4Lzr0g9U,https://i.ytimg.com/vi/7Ay4Lzr0g9U/mqdefault.jpg
d837e8fda137492c9d77882b98ff863a,8123,【開箱&DIY】Vtuber的20萬新桌子！？ & 露手手組模型 ✧  真理果 Marika,2023-08-29T12:29:11Z,https://www.youtube.com/watch?v=-Gi_HoZMBFQ,https://i.ytimg.com/vi/-Gi_HoZMBFQ/mqdefault.jpg
b4a1791208fd4d85b7b08ee2bad0c236,8111,【遊戲】潛水員戴夫🌼最大工具狐來啦 #瑪格麗特諾爾絲 #箱箱TheBox,2023-08-07T19:42:18Z,https://www.youtube.com/watch?v=SuLOSe2urJg,https://i.ytimg.com/vi/SuLOSe2urJg/mqdefault.jpg
cd42e06c40534d9eac7e30a434e47d43,8085,新買的衣服居然!!!扣不上去QAQ，這就是太大的困擾嗎 #vtuber  #shorts  #台V #vtuberclip  #vtuber中文  #帕豹pabo,2023-08-18T04:22:13Z,https://www.youtube.com/watch?v=wmXEB_6637E,https://i.ytimg.com/vi/wmXEB_6637E/mqdefault.jpg
f110fd69b66941bab04de9ada563c6ac,8084,【Detroit: Become Human 底特律變人】沉浸式遊戲！帶你一起體驗電影般的享受！【AoiHinamori】,2023-08-19T16:16:03Z,https://www.youtube.com/watch?v=0ybclnG1XLk,https://i.ytimg.com/vi/0ybclnG1XLk/mqdefault.jpg
23ec5ecfb8c14ea893576783f1790643,8055,🖤【初配信】星軌小學妹 登登登登場 ! 【劫羅 Zero】🖤,2023-08-16T13:53:53Z,https://www.youtube.com/watch?v=v_M0FpqGcnY,https://i.ytimg.com/vi/v_M0FpqGcnY/mqdefault.jpg
b4a1791208fd4d85b7b08ee2bad0c236,8043,你好呀前輩❤️ #瑪格麗特諾爾絲 #vtuber #箱箱thebox ganbare ganbare senpai,2023-09-03T09:00:13Z,https://www.youtube.com/watch?v=Dfi-uaDBB-c,https://i.ytimg.com/vi/Dfi-uaDBB-c/mqdefault.jpg
3809ec8a42634d11aa1b7b8f99755c6a,8032,【花花】8/28 工作day !line貼圖  | !8月活動 | !周邊 | !委託,2023-08-28T10:40:08Z,https://www.twitch.tv/videos/1910708343,https://static-cdn.jtvnw.net/cf_vods/d3vd9lfkzbru3h/dea4c304b2ba9e300c68_mayberuu_40568130583_1693219201//thumb/thumb0-%{width}x%{height}.jpg
9cec24b011ee45648eb404066c997f49,8028,【早安熙八】吃吃飯聊聊天，輕鬆度過早晨吧~(ΦωΦ)█熙歌Cygnus,2023-08-25T03:40:21Z,https://www.youtube.com/watch?v=BSE14XLYKi8,https://i.ytimg.com/vi/BSE14XLYKi8/mqdefault.jpg
423dd7da92be47f4af7273c5f74efb27,8028,我好像找到樂趣了😎💙 8/31  @fei_z,2023-08-31T02:20:40Z,https://www.twitch.tv/videos/1913086301,https://static-cdn.jtvnw.net/cf_vods/d3vd9lfkzbru3h/0041e72ee3b725540928_fei_z_40574849463_1693448434//thumb/thumb0-%{width}x%{height}.jpg
1323f1b775bf43659f8b8ec2899522cd,8025,突襲!!可能刪檔歌回🐸🍁呱呱們都辛苦了!!!,2023-08-08T08:50:31Z,https://www.youtube.com/watch?v=Z9xq8nBVfoU,https://i.ytimg.com/vi/Z9xq8nBVfoU/mqdefault.jpg
ee0763f3339d45b493bf45488a8e7701,8025,【梓芊🐰】 @pandora0407 🤍 8/12 吃飯 (๑´ㅂ`๑)🤍 !7tv,2023-08-12T10:37:27Z,https://www.twitch.tv/videos/1896742274,https://static-cdn.jtvnw.net/cf_vods/d3vd9lfkzbru3h/5a701613102313343726_pandora0407_40524834231_1691836640//thumb/thumb0-%{width}x%{height}.jpg
e350c8b7e41045419ee1ac73bc78921b,8001,【台V乳搖二選一】奶子！到處都是奶子！一起來看奶子可憐可憐會活該被黃標的我吧！【夏伊拉Shyla】,2023-08-10T18:14:48Z,https://www.youtube.com/watch?v=37OOiPzGRKA,https://i.ytimg.com/vi/37OOiPzGRKA/mqdefault.jpg
f110fd69b66941bab04de9ada563c6ac,7983,DADDY ! DADDY ! DO ! / 鈴木雅之 feat. 鈴木愛理 (Covered by AoiHinamori &清水紗智子),2023-08-26T11:00:11Z,https://www.youtube.com/watch?v=M3RBbqAr4Lg,https://i.ytimg.com/vi/M3RBbqAr4Lg/mqdefault.jpg
1a95bb88e451498ca3491b69af964588,7976,8/8 加班台正式開啟!! | !周邊 !二週年 !加班 !7tv !音量 !DC | @hsuanhsuandesu,2023-08-08T09:48:04Z,https://www.twitch.tv/videos/1893223642,https://static-cdn.jtvnw.net/cf_vods/d3vd9lfkzbru3h/24da61825e99358198b4_hsuanhsuandesu_40514241207_1691488077//thumb/thumb0-%{width}x%{height}.jpg
423dd7da92be47f4af7273c5f74efb27,7969,朋友呢  !訂閱 | 8/14 @fei_z 💙,2023-08-14T02:54:29Z,https://www.twitch.tv/videos/1898270346,https://static-cdn.jtvnw.net/cf_vods/d3vd9lfkzbru3h/ccb2daf054b8634c6b47_fei_z_40528868951_1691981661//thumb/thumb0-%{width}x%{height}.jpg
17c335762a694402b8cb9a96b2865572,7954,新衣裝發表會 | 陽光，夏天，比基尼👾!! 今年夏天，讓教官姊姊用全新的姿態，一起陪伴彼此吧💜,2023-08-13T12:24:17Z,https://www.youtube.com/watch?v=xoDLKYU_u8g,https://i.ytimg.com/vi/xoDLKYU_u8g/mqdefault.jpg
f6a4e7aa8d0c4e5cb39d199845ec4d02,7950,【#VoiceTo16歌回接力】初音ミルお誕生日おめでとう🍰🎉為大家帶來我自己喜歡的幾首初音的歌【#杏仁ミル 】,2023-08-31T10:35:13Z,https://www.youtube.com/watch?v=2322Bgc4NwY,https://i.ytimg.com/vi/2322Bgc4NwY/mqdefault.jpg
1ccdbe5d48934f4cbabc86512dd1d357,7949,【三萬人紀念】超會叫的台V玩恐怖遊戲！,2023-08-27T14:00:48Z,https://www.youtube.com/watch?v=5p8GR_tvl3s,https://i.ytimg.com/vi/5p8GR_tvl3s/mqdefault.jpg
5535c9524eb046c38e172ebfa06b302f,7936,🔴AR60 ASIA【#原神 / Genshin】鍾離&公子代抽預約中，圖奇掛台領原石，每周日萌新健檢&滷肉幫到你家!｜!語音包 !飲月 ▹ @ruroroisme ◃,2023-09-03T11:08:38Z,https://www.twitch.tv/videos/1915964296,https://static-cdn.jtvnw.net/cf_vods/d3vd9lfkzbru3h/ce3d87a283878043250a_ruroroisme_40584112535_1693739309//thumb/thumb0-%{width}x%{height}.jpg
494d2c5daf9f4a8a8e4538687e6be14c,7928,聽說攤位上有看板娘銷量會很好? | 我也要我也要  #FF41 【兔姬UsagiHime | 惡兔重工】,2023-08-18T16:30:41Z,https://www.youtube.com/watch?v=UvWPQf_NNOc,https://i.ytimg.com/vi/UvWPQf_NNOc/mqdefault.jpg
c82ab1b4f8f64d1f84cae4ce09aa0dea,7920,【雜談】很多事情想跟大家分享～久違的一起聊聊天吧｜汐Seki,2023-09-01T15:33:26Z,https://www.youtube.com/watch?v=mw7uyiu28BU,https://i.ytimg.com/vi/mw7uyiu28BU/mqdefault.jpg
a3ce195c0069494c99849d0b1a10a7fd,7916,一分鐘日麻小教室｜悠白Ubye　#vtuber  #shorts  #台V  #vtuberclip  #vtuber中文 #雲際線,2023-09-01T12:15:01Z,https://www.youtube.com/watch?v=PNZ7omtJmS8,https://i.ytimg.com/vi/PNZ7omtJmS8/mqdefault.jpg
2e266a71aa3d4a67bb8d9a2a0b573319,7902,【仔魚】08/12  ┃!line !周邊 !VOD !糯米 @ZIIFISH,2023-08-12T02:38:48Z,https://www.twitch.tv/videos/1896525940,https://static-cdn.jtvnw.net/cf_vods/d3vd9lfkzbru3h/0438584555d5f105458b_ziifish_40524144807_1691807917//thumb/thumb0-%{width}x%{height}.jpg
626750f4e7a745619c171c44fb1efcc0,7877,【蔚藍檔案】盤點蔚藍檔案你各位狼師最喜歡運動的女學生Top10【天使Vtuber小雪Yukichan】,2023-08-21T09:53:48Z,https://www.youtube.com/watch?v=HmCS6jG9Abw,https://i.ytimg.com/vi/HmCS6jG9Abw/mqdefault.jpg
a9b855767b2d432c9f263e3427ff33a6,7868,【貓派狗派】你們是哪一派【埃穆亞Oumua】,2023-09-03T04:00:32Z,https://www.youtube.com/watch?v=qUBPe3QC-Q8,https://i.ytimg.com/vi/qUBPe3QC-Q8/mqdefault.jpg
cd42e06c40534d9eac7e30a434e47d43,7845,一大早就在燒開水的主播，注意音量！ #vtuber  #shorts  #台V #vtuberclip  #vtuber中文  #帕豹pabo,2023-08-15T16:09:14Z,https://www.youtube.com/watch?v=gtKf6s0yGn8,https://i.ytimg.com/vi/gtKf6s0yGn8/mqdefault.jpg
7c06b9e316ce4ac18ce836cd72442bbe,7818,【全肯定ASMR】8月也辛苦了 讓我誇誇這個月也很努力地你【浠Mizuki】!周邊、!dc、!斗內、!YT、!推特、!點歌、!新歌、!募集、!料理、!IG,2023-08-31T14:30:53Z,https://www.twitch.tv/videos/1913403077,https://static-cdn.jtvnw.net/cf_vods/d3vd9lfkzbru3h/b9692b8e18e18998a231_mizukimilk723_40576531735_1693492244//thumb/thumb0-%{width}x%{height}.jpg
6bd49f94afb144e995247388ca8c42a8,7803,【耳機建議】早安🧡,2023-08-31T11:00:58Z,https://www.youtube.com/watch?v=zVaQcZ2-_e4,https://i.ytimg.com/vi/zVaQcZ2-_e4/mqdefault.jpg
ea4c1a67c2e445ad8028768616ceb659,7794,【🥞胖貓新衣裝鑑賞!?】胖貓新衣投稿！來看可愛胖貓穿新衣服囉！【洛可洛斯特 / VTUBER】,2023-08-13T18:34:15Z,https://www.youtube.com/watch?v=t5Ivs4mw1rg,https://i.ytimg.com/vi/t5Ivs4mw1rg/mqdefault.jpg
9d9c6477329245cbb2557895f4f15686,7793,【尖叫、熱開水注意】稻呆瓜教你在特戰英豪泡泡麵,2023-08-19T09:24:09Z,https://www.youtube.com/watch?v=fgcvuAYnDT0,https://i.ytimg.com/vi/fgcvuAYnDT0/mqdefault.jpg
ba562aad440d483e988d3ce7e7217c94,7775,[貓宮香草]  8/31  好想變強   !DC  !自主訂閱積分,2023-08-31T02:22:46Z,https://www.twitch.tv/videos/1913087714,https://static-cdn.jtvnw.net/cf_vods/d3vd9lfkzbru3h/f2e9fb1c3f06705fa667_vanilla_shironeko_40574852087_1693448558//thumb/thumb0-%{width}x%{height}.jpg
1ccdbe5d48934f4cbabc86512dd1d357,7770,【超美麗3D】快到28000万人!?!?中文學習兼雜談！,2023-08-17T14:14:12Z,https://www.youtube.com/watch?v=Xu3df0oUzLM,https://i.ytimg.com/vi/Xu3df0oUzLM/mqdefault.jpg
5535c9524eb046c38e172ebfa06b302f,7762,🔴LIVE【劍靈2】華麗奇幻風格MMORPG！猜猜開局的90抽，洛洛可以出幾個紫？💪▹璐洛洛◃,2023-08-26T16:10:35Z,https://www.youtube.com/watch?v=vfbh-78SbBc,https://i.ytimg.com/vi/vfbh-78SbBc/mqdefault.jpg
1cfadb0d2e154a258c3177ff8264336f,7761,【2023吊臭WFH版】《香港早抖》 - MK妹,2023-09-02T12:30:07Z,https://www.youtube.com/watch?v=EGK-lJ-0RI8,https://i.ytimg.com/vi/EGK-lJ-0RI8/mqdefault.jpg
3dda133703f64b019d7eea0c5cb55335,7749,【瀰婭ミア】8/23(三)休個幾天回歸追隨數怎麼快1.5W了(✿◕‿◕✿)｜晚點可能APEX ft.  @momodan_ko @youdumdumgivemegungun ｜感謝大家77集氣的參與，好愛你們💜｜自主訂閱努力達標中ヾ(•ω•`)o,2023-08-23T06:18:10Z,https://www.twitch.tv/videos/1906230822,https://static-cdn.jtvnw.net/cf_vods/d3vd9lfkzbru3h/483bcbf3723b328d5aa7_miamya0615_40554104535_1692771485//thumb/thumb0-%{width}x%{height}.jpg
b77374e93bbf4e289a5b6082a7b43c3c,7708,【精華剪輯】在浴室叫哥哥幫忙拿手機 怎麼就變成拍X照了 | 夢森⚜️Vtuber,2023-08-30T17:30:10Z,https://www.youtube.com/watch?v=yQww7i3PM40,https://i.ytimg.com/vi/yQww7i3PM40/mqdefault.jpg
5535c9524eb046c38e172ebfa06b302f,7708,🔵ASIA Lv70【崩壞：星穹鐵道】恭迎！滿星魂「飲月君」覺醒🐲？混沌回憶直接上陣實測！看直播競猜抽『無名客獎章』!   ▹ @ruroroisme ◃,2023-08-30T11:01:21Z,https://www.twitch.tv/videos/1912437793,https://static-cdn.jtvnw.net/cf_vods/d3vd9lfkzbru3h/2d742bfe7a51c6bcd74c_ruroroisme_40573269351_1693393272//thumb/thumb0-%{width}x%{height}.jpg
9cec24b011ee45648eb404066c997f49,7708,【撒鹿型態】雙刀火熙█熙歌Cygnus,2023-08-30T12:00:23Z,https://www.youtube.com/watch?v=XxN8I2lxcg8,https://i.ytimg.com/vi/XxN8I2lxcg8/mqdefault.jpg
312fdd3c5e6d4aefa73fd3860ecc5613,7705,🐺跳起~蹲下~ #shorts,2023-08-18T10:00:12Z,https://www.youtube.com/watch?v=HhbIc7TS9iM,https://i.ytimg.com/vi/HhbIc7TS9iM/mqdefault.jpg
a9e5491563fd4b05896ef9a8cb2ee7d7,7698,【官方精華】你先等一下!!!我還在shopping!!!【曦卡Sica🍶Apex精華】,2023-08-15T18:41:20Z,https://www.youtube.com/watch?v=IjDlMmKa2to,https://i.ytimg.com/vi/IjDlMmKa2to/mqdefault.jpg
f5ff982730f54cd4826ff0530a4288c2,7698,🍜 【官方好料】不小心按到結果強行拉烟花陪葬 | 鵝鴨殺 直播精華【白湯】,2023-08-17T12:30:09Z,https://www.youtube.com/watch?v=CY8797SlspY,https://i.ytimg.com/vi/CY8797SlspY/mqdefault.jpg
4b6b055ada4d4f0ab63b7ad02a3fa3ef,7686,【雜談】回家了✈️🗾伴手禮開封＆SC感謝💓（明天是FF41！！！）｜Rumi/懶貓子,2023-08-17T17:09:20Z,https://www.youtube.com/watch?v=UfLiR5cd41w,https://i.ytimg.com/vi/UfLiR5cd41w/mqdefault.jpg
ba562aad440d483e988d3ce7e7217c94,7673,[貓宮香草] 8/29 練功    !DC !自主訂閱,2023-08-28T21:52:41Z,https://www.twitch.tv/videos/1911141810,https://static-cdn.jtvnw.net/cf_vods/d3vd9lfkzbru3h/8c5d31dd433d32984fcd_vanilla_shironeko_40569526183_1693259553//thumb/thumb0-%{width}x%{height}.jpg
f110fd69b66941bab04de9ada563c6ac,7671,【美魔女的真相-瑪琳的秘寶船】身為一個瑪琳廚！再恐怖的遊戲都要玩 (́◕◞౪◟◕‵)【AoiHinamori】,2023-08-15T17:09:59Z,https://www.youtube.com/watch?v=X7_oGyfjHFY,https://i.ytimg.com/vi/X7_oGyfjHFY/mqdefault.jpg
a3ce195c0069494c99849d0b1a10a7fd,7668,三國一家親｜悠白Ubye　#vtuber  #shorts  #台V  #vtuberclip  #vtuber中文 #雲際線,2023-08-11T11:15:02Z,https://www.youtube.com/watch?v=EOJkvHxrvkE,https://i.ytimg.com/vi/EOJkvHxrvkE/mqdefault.jpg
317c2fd320f545a1b17bda3044c9d0de,7667,Vtuber因身分曝露慘遭割喉?! 事後卻被警察依法送辦!!!||台灣Vtuber|天魚戌音|假割喉唬爛事件,2023-08-09T11:55:00Z,https://www.youtube.com/watch?v=509LNnVGoR4,https://i.ytimg.com/vi/509LNnVGoR4/mqdefault.jpg
1323f1b775bf43659f8b8ec2899522cd,7658,【突發雜談】颱風天來聊聊天唱唱歌!!🐸🍁,2023-09-04T10:19:45Z,https://www.youtube.com/watch?v=pc1eWWfgB64,https://i.ytimg.com/vi/pc1eWWfgB64/mqdefault.jpg
55be1972142c44799f83ce3db4f14fbd,7640,【鈔能力】當我以為沒有東西能阻止我晚睡結果｜有・柚実yuzzmi #shorts #vtuber精華,2023-08-24T10:00:39Z,https://www.youtube.com/watch?v=iie9GJt8iQw,https://i.ytimg.com/vi/iie9GJt8iQw/mqdefault.jpg
423dd7da92be47f4af7273c5f74efb27,7601,最喜歡的遊戲 😎💙 0903  @fei_z,2023-09-03T02:31:57Z,https://www.twitch.tv/videos/1915726246,https://static-cdn.jtvnw.net/cf_vods/d3vd9lfkzbru3h/45af81d6ccdd8f9146e0_fei_z_40582953383_1693708310//thumb/thumb0-%{width}x%{height}.jpg
1ccdbe5d48934f4cbabc86512dd1d357,7591,【我回來了!!】注音學習 學會20個句子耐久！！【給大家介紹北海道】,2023-09-02T16:37:41Z,https://www.youtube.com/watch?v=tv64lANox2k,https://i.ytimg.com/vi/tv64lANox2k/mqdefault.jpg
5535c9524eb046c38e172ebfa06b302f,7583,🔴LIVE【劍靈2】在電腦上用 Google Play 遊戲下載《劍靈2》，用電腦大螢幕遊玩，視覺享受超震撼！😉  ▹ @ruroroisme ◃,2023-09-02T14:31:33Z,https://www.twitch.tv/videos/1915178446,https://static-cdn.jtvnw.net/cf_vods/d3vd9lfkzbru3h/2fc10a8352487bc67889_ruroroisme_40581978007_1693665084//thumb/thumb0-%{width}x%{height}.jpg
1ccdbe5d48934f4cbabc86512dd1d357,7570,【日籍台V】學習中文中的日本人成為台V的結果【vtuber転生林檎】 #shorts,2023-08-22T04:45:53Z,https://www.youtube.com/watch?v=0lEj0Y0DMB8,https://i.ytimg.com/vi/0lEj0Y0DMB8/mqdefault.jpg
8b027d3a3f374c9c8398b6dd751e5018,7558,【小笙】0817 三周年工作台 #鵝T預購最後一天 #DC領訂閱手機桌布！｜!鵝T !傳送門 !蔚藍 !自主訂閱,2023-08-17T06:01:47Z,https://www.twitch.tv/videos/1900951235,https://static-cdn.jtvnw.net/cf_vods/d3vd9lfkzbru3h/4ee2ea19075e295c7419_lisheng_tw_40537450951_1692252100//thumb/thumb0-%{width}x%{height}.jpg
5535c9524eb046c38e172ebfa06b302f,7556,【星穹鐵道】卡芙卡６＋６(?)抽卡精華▸這隻蝦子是怎麼回事，真的太扯啦！一場直播到底有幾個雙蛋黃？😂▹璐洛洛◃,2023-09-04T13:30:08Z,https://www.youtube.com/watch?v=3KOHdUgcixE,https://i.ytimg.com/vi/3KOHdUgcixE/mqdefault.jpg
7ead9e2cac544a7cb00444ef6b4698d1,7545,【連動】不同的冬天～燒腦解謎遊戲！Ft. 汐Seki｜響Hibiki,2023-08-31T18:43:03Z,https://www.youtube.com/watch?v=4YQQzGnTpyE,https://i.ytimg.com/vi/4YQQzGnTpyE/mqdefault.jpg
cd42e06c40534d9eac7e30a434e47d43,7544,這個真的很大 大到受不了 #vtuber  #shorts  #台V #vtuberclip  #vtuber中文  #帕豹pabo,2023-08-14T15:08:47Z,https://www.youtube.com/watch?v=jDi7vvtRYlw,https://i.ytimg.com/vi/jDi7vvtRYlw/mqdefault.jpg
3809ec8a42634d11aa1b7b8f99755c6a,7536,【花花】8/23 工讀生啟動 !line貼圖  | !8月活動 | !周邊 | !委託,2023-08-23T08:57:22Z,https://www.twitch.tv/videos/1906280121,https://static-cdn.jtvnw.net/cf_vods/d3vd9lfkzbru3h/172553285ed857efd9e3_mayberuu_40554412759_1692781036//thumb/thumb0-%{width}x%{height}.jpg
98e3a5838fec4a6caa936ae35485de23,7534,【蘿恰出任務】老闆數叔說要跟聊天室500個人說父親節快樂才能休息QQ🍎【露恰露恰．Vtuber】,2023-08-08T17:06:03Z,https://www.youtube.com/watch?v=g6S3XFf-z7Y,https://i.ytimg.com/vi/g6S3XFf-z7Y/mqdefault.jpg
9cec24b011ee45648eb404066c997f49,7525,【激戰傭兵】我不是遊戲渣女!!! 繼續玩雞蛋傭兵啦~ლ( • ̀ω•́ )っ█熙歌Cygnus,2023-08-26T11:44:56Z,https://www.youtube.com/watch?v=iXqXriaEfO4,https://i.ytimg.com/vi/iXqXriaEfO4/mqdefault.jpg
1b63d89e0b1a4b579de6d99e25eaff8f,7511,身為台灣人的傳統，被小妹妹被鎮壓了... #Vtuber #貓祭 #shorts ​#祭庫shorts,2023-08-24T10:00:01Z,https://www.youtube.com/watch?v=05S4n_kD4L8,https://i.ytimg.com/vi/05S4n_kD4L8/mqdefault.jpg
312fdd3c5e6d4aefa73fd3860ecc5613,7505,【雜談LA】你會想再看一次的山谷過家家➕拆迷你玩具球 #森森鈴蘭,2023-08-09T13:12:37Z,https://www.youtube.com/watch?v=Q-yGTzOod8M,https://i.ytimg.com/vi/Q-yGTzOod8M/mqdefault.jpg
c82ab1b4f8f64d1f84cae4ce09aa0dea,7477,【官方精華】遇到死纏爛打的我都直接封鎖｜汐Seki,2023-08-30T12:00:38Z,https://www.youtube.com/watch?v=iNtE5zIXHWI,https://i.ytimg.com/vi/iNtE5zIXHWI/mqdefault.jpg
5535c9524eb046c38e172ebfa06b302f,7454,🔴AR60 ASIA【#原神 / Genshin】隔壁棚「飲月」代抽預約，圖奇掛台領原石，每周日萌新健檢&滷肉幫到你家! ▹ @ruroroisme ◃,2023-08-27T11:02:53Z,https://www.twitch.tv/videos/1909859540,https://static-cdn.jtvnw.net/cf_vods/d3vd9lfkzbru3h/930f0a65b36be83403a4_ruroroisme_40565701143_1693134164//thumb/thumb0-%{width}x%{height}.jpg
0641a9c8b9a94994aaa33e0c86fef75b,7448,再靠近一點點💜#vtuber #shorts #台V #vtuberclip #vtuber中文 #varkshorts,2023-08-08T03:50:13Z,https://www.youtube.com/watch?v=Xh3ftGgCOxg,https://i.ytimg.com/vi/Xh3ftGgCOxg/mqdefault.jpg
ec65566d949944ffb1e2723f97ded6e0,7415,【保持交流就沒人爆炸】拆炸彈 誰先破防誰是小弟之爭｜蘭斯洛特視角 w/. @OumuaXDFP 【蘭斯洛特．拉法葉】,2023-08-30T15:41:51Z,https://www.youtube.com/watch?v=GDWt3rU-X1Q,https://i.ytimg.com/vi/GDWt3rU-X1Q/mqdefault.jpg
c5fe413a473d4638b53fb3f9019aabbe,7414,【#FF41】想不到吧(｡･ω･｡)ﾉ🌸代班小天使降臨！帶蘿妮控們看看FF41現場🔹EXITUS,2023-08-20T06:55:45Z,https://www.youtube.com/watch?v=4WQ8zeLFBq0,https://i.ytimg.com/vi/4WQ8zeLFBq0/mqdefault.jpg
9cec24b011ee45648eb404066c997f49,7390,【紙嫁衣】好躁好躁我要躁起來了喔ヽ(`Д´)ノヽ(`Д´)ノヽ(`Д´)ノ█熙歌Cygnus,2023-08-18T14:21:52Z,https://www.youtube.com/watch?v=DTwCGwpLvjE,https://i.ytimg.com/vi/DTwCGwpLvjE/mqdefault.jpg
6c872a4043b84e4493877a42af684d1d,7381,罵到你心臟撲通撲通跳 #台V #vtuber #台v精華  #Vtuberclip #銀河galaxy #台灣vtuber #台vtuber #台V歌勢,2023-09-03T14:15:48Z,https://www.youtube.com/watch?v=hk0xO24iHFI,https://i.ytimg.com/vi/hk0xO24iHFI/mqdefault.jpg
1ccdbe5d48934f4cbabc86512dd1d357,7379,【台灣學習】用台灣的地理拼圖來學習！！,2023-08-19T13:20:45Z,https://www.youtube.com/watch?v=2j4F7yTGfzo,https://i.ytimg.com/vi/2j4F7yTGfzo/mqdefault.jpg
f6a4e7aa8d0c4e5cb39d199845ec4d02,7374,【塵白禁域】跟烟花一起蹦蹦蹦!!! 全新美少女射射遊戲!  ft. @ch.0330,2023-08-15T04:00:11Z,https://www.youtube.com/watch?v=OVyXHy9N8ws,https://i.ytimg.com/vi/OVyXHy9N8ws/mqdefault.jpg
4fc5a770272a43f1bb0a1d12aa3a9b46,7365,"look at this guy punching the window, what a PHONY",2023-08-16T21:40:11Z,https://www.youtube.com/watch?v=BUTMjIm9OpU,https://i.ytimg.com/vi/BUTMjIm9OpU/mqdefault.jpg
c82ab1b4f8f64d1f84cae4ce09aa0dea,7353,【官方精華】被鯊魚耽誤的饒舌歌手｜汐Seki,2023-08-09T12:00:38Z,https://www.youtube.com/watch?v=gxzPxo411Rc,https://i.ytimg.com/vi/gxzPxo411Rc/mqdefault.jpg
7ead9e2cac544a7cb00444ef6b4698d1,7347,【官方精華】回憶殺 尼們快點猜出來啊求求尼們｜響Hibiki,2023-08-13T11:00:22Z,https://www.youtube.com/watch?v=ZhhgpYS_Txo,https://i.ytimg.com/vi/ZhhgpYS_Txo/mqdefault.jpg
f1b5f88144e14bd188e17b2f98303713,7341,【台灣迷因二選一】什麼！亞洛赫又開台了！？ | 亞洛赫,2023-08-20T01:52:49Z,https://www.youtube.com/watch?v=o-Rine0RIoY,https://i.ytimg.com/vi/o-Rine0RIoY/mqdefault.jpg
658e63bebdca421ca934b0bf6aa2bcd8,7328,【#台V鐵人三項 示範賽】我為什麼會在這裡 我不是賽評嗎?【灰妲 🦜】 #台灣Vtuber​​​,2023-08-20T15:43:02Z,https://www.youtube.com/watch?v=h36lzSaFye0,https://i.ytimg.com/vi/h36lzSaFye0/mqdefault.jpg
494d2c5daf9f4a8a8e4538687e6be14c,7327,【⚡罵倒の日限定⚡!】黑兔罵倒台詞回 | 狗狗只能汪汪對吧 #色會化偶像 #罵倒【兔姬UsagiHime | 惡兔重工】,2023-08-10T16:23:13Z,https://www.youtube.com/watch?v=2aNbdsgqzi0,https://i.ytimg.com/vi/2aNbdsgqzi0/mqdefault.jpg
9cec24b011ee45648eb404066c997f49,7326,【#VoiceTo16歌回接力】窩是第三棒!!!第一次參加歌回接力，要唱一些老歌了( ͡° ͜ʖ ͡°)█熙歌Cygnus,2023-08-31T09:43:38Z,https://www.youtube.com/watch?v=gRWzRLjXxhk,https://i.ytimg.com/vi/gRWzRLjXxhk/mqdefault.jpg
42c4b7c9bf6340029530d3c8f47753ea,7324,【送別會】臨行前的最後一天！歡迎來跟我道別唷～再從新出發！【 飛鳥唯世 】,2023-09-05T17:38:52Z,https://www.youtube.com/watch?v=bywickgm218,https://i.ytimg.com/vi/bywickgm218/mqdefault.jpg
f110fd69b66941bab04de9ada563c6ac,7313,A媽問的社死問題 #shorts,2023-09-01T10:00:06Z,https://www.youtube.com/watch?v=3en8IlyX78Y,https://i.ytimg.com/vi/3en8IlyX78Y/mqdefault.jpg
4b6b055ada4d4f0ab63b7ad02a3fa3ef,7309,生日禮物開封🍰🎁✨(有七箱瓦楞紙😊)【#雜談】｜Rumi/懶貓子,2023-08-20T15:59:36Z,https://www.youtube.com/watch?v=DbRl_GPS5NI,https://i.ytimg.com/vi/DbRl_GPS5NI/mqdefault.jpg
2e266a71aa3d4a67bb8d9a2a0b573319,7294,【仔魚】08/26   ┃!line !周邊 !VOD !糯米 @ZIIFISH,2023-08-26T02:55:58Z,https://www.twitch.tv/videos/1908732115,https://static-cdn.jtvnw.net/cf_vods/d3vd9lfkzbru3h/9794fafe90c6a29b80ea_ziifish_40561820439_1693018548//thumb/thumb0-%{width}x%{height}.jpg
1b63d89e0b1a4b579de6d99e25eaff8f,7292,這年頭公關真的沒有很好當 #Vtuber #貓祭 #shorts ​#祭庫shorts,2023-08-28T11:08:52Z,https://www.youtube.com/watch?v=N3i0OnySJoc,https://i.ytimg.com/vi/N3i0OnySJoc/mqdefault.jpg
abd64c9a64e04fb1b23faa2480c1c106,7280,廢棄兒童樂園超好玩？ #joyville,2023-08-31T08:38:20Z,https://www.youtube.com/watch?v=qeW1ELmekjc,https://i.ytimg.com/vi/qeW1ELmekjc/mqdefault.jpg
e150e350532b4327b26989dd43cd3bad,7274,【ASMR 3DIO XLR】舒眠劇情向♡病態吸血鬼妻子的甜蜜晚宴♡為了我們的愛 為我付出一切吧♡低語 /舔耳/吹耳 #asmr #耳舐め #3dio   | 艾比 . Rabi Ch,2023-09-01T16:51:59Z,https://www.youtube.com/watch?v=u3jyOpTy_jU,https://i.ytimg.com/vi/u3jyOpTy_jU/mqdefault.jpg
7c06b9e316ce4ac18ce836cd72442bbe,7263,デーモンロード / 歌ってみた #shorts,2023-08-08T04:00:14Z,https://www.youtube.com/watch?v=U7JV1d9O8NU,https://i.ytimg.com/vi/U7JV1d9O8NU/mqdefault.jpg
7ead9e2cac544a7cb00444ef6b4698d1,7245,【歌回】陪你度過41的夜晚｜響Hibiki,2023-08-18T13:56:29Z,https://www.youtube.com/watch?v=oaBeNAXzpZA,https://i.ytimg.com/vi/oaBeNAXzpZA/mqdefault.jpg
4b6b055ada4d4f0ab63b7ad02a3fa3ef,7224,【FF41】🏮LIVE生中継🏮仲夏夜祭🎐-  第一天 -【開拓動漫祭】｜Rumi/懶貓子,2023-08-18T05:53:45Z,https://www.youtube.com/watch?v=NYDPnJ7SOyc,https://i.ytimg.com/vi/NYDPnJ7SOyc/mqdefault.jpg
1b63d89e0b1a4b579de6d99e25eaff8f,7208,【貓祭】深夜時段，小孩子快睡｜居然有酷酷的玩具找貓祭聯名？？？蛤？？？ #vtuber #貓祭,2023-08-12T16:32:53Z,https://www.youtube.com/watch?v=gKrwpCaunIE,https://i.ytimg.com/vi/gKrwpCaunIE/mqdefault.jpg
ec65566d949944ffb1e2723f97ded6e0,7204,【雑談】跟我報告近況時間！最近の事聞かせて！【蘭斯洛特．拉法葉】,2023-08-31T15:09:16Z,https://www.youtube.com/watch?v=Haac5dvRfsg,https://i.ytimg.com/vi/Haac5dvRfsg/mqdefault.jpg
f110fd69b66941bab04de9ada563c6ac,7157,一句話惹怒日文系！#shorts,2023-08-22T05:40:52Z,https://www.youtube.com/watch?v=apt5ofY0j8Y,https://i.ytimg.com/vi/apt5ofY0j8Y/mqdefault.jpg
423dd7da92be47f4af7273c5f74efb27,7151,打到哭 😎💙 0901  @fei_z,2023-09-02T02:23:57Z,https://www.twitch.tv/videos/1914819435,https://static-cdn.jtvnw.net/cf_vods/d3vd9lfkzbru3h/bcd2fd9289a74b0c45a3_fei_z_40580110103_1693621430//thumb/thumb0-%{width}x%{height}.jpg
c82ab1b4f8f64d1f84cae4ce09aa0dea,7142,【FF41】Day 2 現場轉播｜汐Seki,2023-08-19T07:09:48Z,https://www.youtube.com/watch?v=B55_KFS2NMc,https://i.ytimg.com/vi/B55_KFS2NMc/mqdefault.jpg
4b6655120fbd4431a8f7894cac4a4d49,7137,ASMR ｜新機材測試！一邊聊聊天一邊放鬆❤️感受大腦刺激｜深い眠りのためのベストトリガー｜Best Triggers for Deep Sleep【Onee-san Voice/BINAURAL】,2023-08-11T16:31:18Z,https://www.youtube.com/watch?v=wqikQR7WFI4,https://i.ytimg.com/vi/wqikQR7WFI4/mqdefault.jpg
1b63d89e0b1a4b579de6d99e25eaff8f,7131,【貓祭】感謝砲火雜談台｜這是一個會有垃圾出來的直播，不需要看 #vtuber #貓祭,2023-08-11T16:48:38Z,https://www.youtube.com/watch?v=sILbNv8lDPs,https://i.ytimg.com/vi/sILbNv8lDPs/mqdefault.jpg
abd64c9a64e04fb1b23faa2480c1c106,7125,你今天要來點鴨嘴獸嗎？｜奧咕與神祕森林 ogu and the secret forest #2,2023-08-24T14:03:50Z,https://www.youtube.com/watch?v=Xa0Y_fickLI,https://i.ytimg.com/vi/Xa0Y_fickLI/mqdefault.jpg
ba562aad440d483e988d3ce7e7217c94,7114,[貓宮香草] 8/17 練等貓   !DC !自主訂閱,2023-08-17T02:33:57Z,https://www.twitch.tv/videos/1900839791,https://static-cdn.jtvnw.net/cf_vods/d3vd9lfkzbru3h/46a5f8c6bba5c880ced2_vanilla_shironeko_40537076807_1692239629//thumb/thumb0-%{width}x%{height}.jpg
265a18972d244affae35711cfd1f9931,7105,🐙晨間閒聊🐙邊工作邊吃早餐 那 你們玩過乳搖二選一了嗎~【MiroLive/塔芭絲可】,2023-08-16T07:32:00Z,https://www.youtube.com/watch?v=PQCaQvp4L9Q,https://i.ytimg.com/vi/PQCaQvp4L9Q/mqdefault.jpg
6c872a4043b84e4493877a42af684d1d,7096,最恐怖的鬼故事 #台V #vtuber #鬼片 #鬼月 #恐怖故事 #台v精華  #Vtuberclip #銀河galaxy #台灣vtuber #台vtuber #台V歌勢,2023-08-16T14:00:17Z,https://www.youtube.com/watch?v=GZmZ1DtvzfI,https://i.ytimg.com/vi/GZmZ1DtvzfI/mqdefault.jpg
9d9c6477329245cbb2557895f4f15686,7096,牛阿 帥啊 被遮住看不見阿 xd | iitifox @ #Twitch,2023-09-01T09:17:22Z,https://www.youtube.com/watch?v=Ygbssv_PZVc,https://i.ytimg.com/vi/Ygbssv_PZVc/mqdefault.jpg
494d2c5daf9f4a8a8e4538687e6be14c,7091,愛我就讓我肛一下  【兔姬UsagiHime | 惡兔重工】,2023-08-12T04:00:09Z,https://www.youtube.com/watch?v=O-O8lUfRnZI,https://i.ytimg.com/vi/O-O8lUfRnZI/mqdefault.jpg
317c2fd320f545a1b17bda3044c9d0de,7090,#雜談 #鬧鬼 #農曆七月  #Vtuber #shorts 鬼門關當天玩都市傳說 結果出事了!!!(下),2023-08-10T11:45:00Z,https://www.youtube.com/watch?v=4oAiYRtv3qE,https://i.ytimg.com/vi/4oAiYRtv3qE/mqdefault.jpg
1323f1b775bf43659f8b8ec2899522cd,7080,【早安呱呱】復健輕柔哼哼唱唱🐸🍁早安呱呱們!!,2023-08-24T03:19:54Z,https://www.youtube.com/watch?v=8ODLO4-C1LM,https://i.ytimg.com/vi/8ODLO4-C1LM/mqdefault.jpg
1ccdbe5d48934f4cbabc86512dd1d357,7067,用不出中文就不能破關的遊戲！大家幫幫我！【文字遊戯】,2023-08-15T14:34:02Z,https://www.youtube.com/watch?v=CQAvt0ZlAWE,https://i.ytimg.com/vi/CQAvt0ZlAWE/mqdefault.jpg
ea4c1a67c2e445ad8028768616ceb659,7062,【#VoiceTo16歌回接力】咪哭生日就是要唱些軟體歌ㄅ！最後一棒多多指教辣！【洛可洛斯特 / VTUBER】,2023-08-31T17:18:34Z,https://www.youtube.com/watch?v=SHq-TuntLXo,https://i.ytimg.com/vi/SHq-TuntLXo/mqdefault.jpg
2760c9a44c20464d8e140e6367ed1cdf,7062,【Getting Over It】信口開河的終點是壺男...來了我再告訴你我的罪名...,2023-09-02T00:06:46Z,https://www.youtube.com/watch?v=q3MRbWiD3w8,https://i.ytimg.com/vi/q3MRbWiD3w8/mqdefault.jpg
9cec24b011ee45648eb404066c997f49,7051,【激戰傭兵】繼續擺脫遊戲渣女形象!!! 拜託不要再讓我暈爛ㄌ嗚嗚嗚_(:3 」∠ )_█熙歌Cygnus,2023-08-27T11:58:41Z,https://www.youtube.com/watch?v=kitv4ImnJi4,https://i.ytimg.com/vi/kitv4ImnJi4/mqdefault.jpg
fa5a7cdc259543259af42bb23f1e4041,7044,【515 MINECRAFT】跟 @HimegiMichika 一起跳鋼管舞 !VPN,2023-08-23T16:49:22Z,https://www.youtube.com/watch?v=lUUizU58uRY,https://i.ytimg.com/vi/lUUizU58uRY/mqdefault.jpg
4b6655120fbd4431a8f7894cac4a4d49,7038,ASMR ｜細緻緩慢耳部按摩為你的耳朵紓壓❤️｜癒しの耳のオイルマッサージ｜Relaxing Ear Oil Massage【白/黑3DIO KU100】,2023-09-01T16:58:29Z,https://www.youtube.com/watch?v=Rxoj6tjJoZY,https://i.ytimg.com/vi/Rxoj6tjJoZY/mqdefault.jpg
a9b855767b2d432c9f263e3427ff33a6,7031,【雜談】易怒小mu喵上工 感謝罐罐回【穆喵Oumumu】,2023-08-13T18:12:28Z,https://www.youtube.com/watch?v=283LwKKiAvs,https://i.ytimg.com/vi/283LwKKiAvs/mqdefault.jpg
494d2c5daf9f4a8a8e4538687e6be14c,7021,臭臭的耶～,2023-08-12T23:13:17Z,https://www.youtube.com/watch?v=RKYrdADpZEI,https://i.ytimg.com/vi/RKYrdADpZEI/mqdefault.jpg
ee0763f3339d45b493bf45488a8e7701,7007,【梓芊🐰】 @pandora0407 🤍 8/31 《黎明覺醒》狂沙之怒全新改版  (๑´ㅂ`๑)🤍 !7tv !ROG,2023-08-31T00:32:24Z,https://www.twitch.tv/videos/1912999522,https://static-cdn.jtvnw.net/cf_vods/d3vd9lfkzbru3h/b8c30d3c253aeb1ef267_pandora0407_40574726743_1693441934//thumb/thumb0-%{width}x%{height}.jpg
e93bd1102e214cbaa71cc5b2e4a53595,7003,【一天一餐】 嚼嚼嚼就完事了【厄倫蒂兒 Earendel】,2023-08-13T04:00:26Z,https://www.youtube.com/watch?v=pD4lfNGxfIE,https://i.ytimg.com/vi/pD4lfNGxfIE/mqdefault.jpg
0641a9c8b9a94994aaa33e0c86fef75b,6976,kuro好像不是真ㄉ公貓ㄝ #vtuber #shorts #台V #vtuberclip #vtuber中文 #kuromu,2023-08-20T10:00:19Z,https://www.youtube.com/watch?v=Rf5d7iSsvA4,https://i.ytimg.com/vi/Rf5d7iSsvA4/mqdefault.jpg
ee0763f3339d45b493bf45488a8e7701,6923,【梓芊🐰】 @pandora0407 🤍 9/5 新訂閱享折扣 先畫圖晚點看要不要rp (๑´ㅂ`๑ )🤍 !7tv,2023-09-05T00:30:00Z,https://www.twitch.tv/videos/1917398725,https://static-cdn.jtvnw.net/cf_vods/d3vd9lfkzbru3h/1205ba11eaf49557918e_pandora0407_40588072599_1693873789//thumb/thumb0-%{width}x%{height}.jpg
6c872a4043b84e4493877a42af684d1d,6889,真的不是恐怖的 #台V #vtuber #台v精華  #Vtuberclip #銀河galaxy #台灣vtuber #台vtuber #台V歌勢,2023-08-21T14:00:21Z,https://www.youtube.com/watch?v=ZUDm3gZbJHw,https://i.ytimg.com/vi/ZUDm3gZbJHw/mqdefault.jpg
7c06b9e316ce4ac18ce836cd72442bbe,6872,【哄睡朗讀】給你不一樣的心靈體驗《靈魂整理師》【浠Mizuki】,2023-09-03T17:37:51Z,https://www.youtube.com/watch?v=54tNyGGP0gQ,https://i.ytimg.com/vi/54tNyGGP0gQ/mqdefault.jpg
7ead9e2cac544a7cb00444ef6b4698d1,6872,【現場直擊】FF41鳥店長｜響Hibiki,2023-08-18T03:45:10Z,https://www.youtube.com/watch?v=lQEhSmGPWXU,https://i.ytimg.com/vi/lQEhSmGPWXU/mqdefault.jpg
ee0763f3339d45b493bf45488a8e7701,6868,【梓芊🐰】 @pandora0407 🤍 8/11 NYRP于芊 (๑´ㅂ`๑)🤍 !7tv,2023-08-11T07:47:03Z,https://www.twitch.tv/videos/1895793548,https://static-cdn.jtvnw.net/cf_vods/d3vd9lfkzbru3h/b82e173acc4c371d7ae3_pandora0407_40522035111_1691740016//thumb/thumb0-%{width}x%{height}.jpg
265a18972d244affae35711cfd1f9931,6852,🐙禮物製作-水餃🐙從備料到包起來 純手工水餃!! 壽星表單在資訊區【MiroLive/塔芭絲可】,2023-08-24T18:20:59Z,https://www.youtube.com/watch?v=B0n-f0rgJkw,https://i.ytimg.com/vi/B0n-f0rgJkw/mqdefault.jpg
1b63d89e0b1a4b579de6d99e25eaff8f,6849,【貓祭】這是一個台主沒辦法說話的台。ft.管理員們   #vtuber #貓祭,2023-09-04T16:15:07Z,https://www.youtube.com/watch?v=nFg57sCaMuk,https://i.ytimg.com/vi/nFg57sCaMuk/mqdefault.jpg
2e266a71aa3d4a67bb8d9a2a0b573319,6842,【仔魚】08/10  一小時  ┃!line !周邊 !VOD !糯米 @ZIIFISH,2023-08-10T07:48:17Z,https://www.twitch.tv/videos/1894929195,https://static-cdn.jtvnw.net/cf_vods/d3vd9lfkzbru3h/3bcc5853379406abfa74_ziifish_40519365271_1691653688//thumb/thumb0-%{width}x%{height}.jpg
cd42e06c40534d9eac7e30a434e47d43,6829,這隻海豹到底在講什麼奇怪的話.... #vtuber #shorts #台V #vtuberclip #vtuber中文 #帕豹pabo #台灣vtuber #台灣vtuber精華 #vtuber精華,2023-08-31T08:16:02Z,https://www.youtube.com/watch?v=I5VSL25lvt8,https://i.ytimg.com/vi/I5VSL25lvt8/mqdefault.jpg
e78cffa246c24a1c88031151cad8c385,6813,【全民Party】花果山歌王歌后集合！今天不跑山，都給我來唱歌🎤,2023-08-16T15:42:38Z,https://www.youtube.com/watch?v=cyZBtgV_y5g,https://i.ytimg.com/vi/cyZBtgV_y5g/mqdefault.jpg
ba562aad440d483e988d3ce7e7217c94,6813,[貓宮香草] 8/13 禮拜日   !DC !自主訂閱,2023-08-12T23:57:36Z,https://www.twitch.tv/videos/1897268986,https://static-cdn.jtvnw.net/cf_vods/d3vd9lfkzbru3h/d5b35017cb7606f8e99e_vanilla_shironeko_40526075607_1691884648//thumb/thumb0-%{width}x%{height}.jpg
ec65566d949944ffb1e2723f97ded6e0,6801,【Dcard】例行感情版鑑賞aka大型三觀破壞現場(最暴力那種)【蘭斯洛特．拉法葉】,2023-09-05T14:59:46Z,https://www.youtube.com/watch?v=gD2LBL7Vtrk,https://i.ytimg.com/vi/gD2LBL7Vtrk/mqdefault.jpg
1323f1b775bf43659f8b8ec2899522cd,6799,【雜談】週末下午雜談🐸🍁聊聊呱呱們IG的留言跟提問!!,2023-09-03T10:10:55Z,https://www.youtube.com/watch?v=oSzuTuAKhHI,https://i.ytimg.com/vi/oSzuTuAKhHI/mqdefault.jpg
8b027d3a3f374c9c8398b6dd751e5018,6793,【周小笙】0902 SOP+下午秘密任務｜!鵝T !P9,2023-09-02T05:06:49Z,https://www.twitch.tv/videos/1914927978,https://static-cdn.jtvnw.net/cf_vods/d3vd9lfkzbru3h/20814919a5a1aa16ea61_lisheng_tw_40580409559_1693631202//thumb/thumb0-%{width}x%{height}.jpg
9cec24b011ee45648eb404066c997f49,6780,【早安PTT】早安周表台(?)PTT不看了啦ヽ(`Д´)ノ來看看你們FF都做了甚麼!!!█熙歌Cygnus,2023-08-21T02:27:22Z,https://www.youtube.com/watch?v=598NCTulSNQ,https://i.ytimg.com/vi/598NCTulSNQ/mqdefault.jpg
9cec24b011ee45648eb404066c997f49,6771,【煮早餐】必勝客的馬鈴薯燉肉好好ㄘ，今天來煮看看!（¯﹃¯）█熙歌Cygnus,2023-08-12T02:24:53Z,https://www.youtube.com/watch?v=c-sBQ9BLg5c,https://i.ytimg.com/vi/c-sBQ9BLg5c/mqdefault.jpg
265a18972d244affae35711cfd1f9931,6761,🐙泳裝新衣裝🐙短髮俏麗 長髮氣質 布料很少 外套拉鍊 竟然可拉 我的天啊【MiroLive塔芭絲可/Mirolive】,2023-08-19T13:00:11Z,https://www.youtube.com/watch?v=UUyvoIKVw7k,https://i.ytimg.com/vi/UUyvoIKVw7k/mqdefault.jpg
ce2a2c07a74640fc8d3b39d022b16dd9,6757,脫！脫！脫！脫！|名雪薇薇 #shorts #vtuber #台灣vtuber #歌回 #搞笑 #名雪薇薇 #雪豹,2023-08-26T07:57:59Z,https://www.youtube.com/watch?v=U7XmdeoLVTE,https://i.ytimg.com/vi/U7XmdeoLVTE/mqdefault.jpg
8bf35c3b9a9e461d825a9170555b71c2,6744,【心澪雞湯】您有一通來電⋯⋯,2023-08-19T11:00:02Z,https://www.youtube.com/watch?v=2vHwqE1qPts,https://i.ytimg.com/vi/2vHwqE1qPts/mqdefault.jpg
e93bd1102e214cbaa71cc5b2e4a53595,6730,【大家一起來翻譯！】在FF領取我登場的兌換券，竟然可以換免費中文作品耶！ 【厄倫蒂兒 Earendel】,2023-08-09T10:30:08Z,https://www.youtube.com/watch?v=A7Sx_w480eA,https://i.ytimg.com/vi/A7Sx_w480eA/mqdefault.jpg
c82ab1b4f8f64d1f84cae4ce09aa0dea,6711,拿到勾勾了oh ya｜汐Seki｜!週邊 !指令,2023-08-16T14:41:08Z,https://www.twitch.tv/videos/1900297695,https://static-cdn.jtvnw.net/cf_vods/d3vd9lfkzbru3h/589b32673cb99303e5ef_seki_meridian_40536159303_1692196862//thumb/thumb0-%{width}x%{height}.jpg
73b97b1a35c84579aa8ffcd6534efad3,6709,我真的沒有想要乾各位的媽媽  | #vtuber #shorts #台v #vtuberclip #vtuber中文 #台v精華 #台vtuber,2023-08-23T11:54:19Z,https://www.youtube.com/watch?v=OR_QRh63LJU,https://i.ytimg.com/vi/OR_QRh63LJU/mqdefault.jpg
ee0763f3339d45b493bf45488a8e7701,6691,【梓芊🐰】 @pandora0407 🤍 8/21 嗨  (๑´ㅂ`๑)🤍 !7tv,2023-08-21T07:45:15Z,https://www.twitch.tv/videos/1904543235,https://static-cdn.jtvnw.net/cf_vods/d3vd9lfkzbru3h/8913fe4a357baff9ba93_pandora0407_40548904519_1692603905//thumb/thumb0-%{width}x%{height}.jpg
7c06b9e316ce4ac18ce836cd72442bbe,6689,【早安圖奇】陪你上班 順便開開嗓 等等去錄音🔥【浠Mizuki】!周邊、!dc、!斗內、!YT、!推特、!點歌、!新歌、!募集、!料理、!IG,2023-08-22T23:34:50Z,https://www.twitch.tv/videos/1905967897,https://static-cdn.jtvnw.net/cf_vods/d3vd9lfkzbru3h/5e3c156fa24bd5c3ec4f_mizukimilk723_40553525815_1692747280//thumb/thumb0-%{width}x%{height}.jpg
f1b5f88144e14bd188e17b2f98303713,6665,網絡上那些超嗆的店家，比辣椒姐姐還嗆辣！ | 亞洛赫 | #PLANET9 #PLANET9商城,2023-08-28T14:13:36Z,https://www.youtube.com/watch?v=fqEbQyE-L4A,https://i.ytimg.com/vi/fqEbQyE-L4A/mqdefault.jpg
7ead9e2cac544a7cb00444ef6b4698d1,6658,【琴雜】流行音樂回｜響Hibiki,2023-08-22T16:31:39Z,https://www.youtube.com/watch?v=SYMLos4oYJA,https://i.ytimg.com/vi/SYMLos4oYJA/mqdefault.jpg
f110fd69b66941bab04de9ada563c6ac,6657,【見證10萬訂閱】這個直播隨時可能會開！我先開好待機室以免來不及！【AoiHinamori】,2023-08-19T19:06:29Z,https://www.youtube.com/watch?v=MPD_MgosIjQ,https://i.ytimg.com/vi/MPD_MgosIjQ/mqdefault.jpg
71cee502a14d4ef1b9b0264fa2db8987,6647,Kas | 所以我說怎麼會那麼暈?Shorts #shorts #kas #clover #aepro #vtuber #clips #kaseeyou #搞笑 #funny #坐下叫姊姊,2023-08-21T10:20:30Z,https://www.youtube.com/watch?v=FLsbX3GT6Bo,https://i.ytimg.com/vi/FLsbX3GT6Bo/mqdefault.jpg
b4a1791208fd4d85b7b08ee2bad0c236,6646,【瑪麗茶會】周一的下午🌼陪你上班  #瑪格麗特諾爾絲 #箱箱TheBox,2023-08-21T10:20:09Z,https://www.youtube.com/watch?v=VEdCQtk4pDU,https://i.ytimg.com/vi/VEdCQtk4pDU/mqdefault.jpg
7c06b9e316ce4ac18ce836cd72442bbe,6632,"【官方歌回剪輯】The Kid LAROI, Justin Bieber - STAY／浠Mizuki 柔和鋼琴版 Cover【中英字幕】",2023-08-12T09:52:16Z,https://www.youtube.com/watch?v=NYOS0fY0E7Q,https://i.ytimg.com/vi/NYOS0fY0E7Q/mqdefault.jpg
9d9c6477329245cbb2557895f4f15686,6627,快樂串燒 掛繩三顆頭,2023-08-29T08:11:34Z,https://www.youtube.com/watch?v=YRFcgCUTiQE,https://i.ytimg.com/vi/YRFcgCUTiQE/mqdefault.jpg
c82ab1b4f8f64d1f84cae4ce09aa0dea,6619,【塵白禁域】不准叫我爛砲兵！在全新版本「明燈新儀」 擊敗超大BOSS！｜汐Seki,2023-08-25T14:00:44Z,https://www.youtube.com/watch?v=5FNyrXxk77w,https://i.ytimg.com/vi/5FNyrXxk77w/mqdefault.jpg
aef2ed42d49343f28394b6335695b5ac,6612,Warframe 好耶Tennocon 0826,2023-08-26T11:00:24Z,https://www.twitch.tv/videos/1908952802,https://static-cdn.jtvnw.net/cf_vods/d3vd9lfkzbru3h/fd7aac32df3f65639e9d_yuncream_40562865831_1693047617//thumb/thumb0-%{width}x%{height}.jpg
a3ce195c0069494c99849d0b1a10a7fd,6588,12秒激將法｜悠白Ubye　#vtuber  #shorts  #台V  #vtuberclip  #vtuber中文 #雲際線,2023-08-25T12:15:03Z,https://www.youtube.com/watch?v=y_EZAgKkEBg,https://i.ytimg.com/vi/y_EZAgKkEBg/mqdefault.jpg
e78cffa246c24a1c88031151cad8c385,6581,【雜談】躺著聊，坐著聊，趴著聊，還是バナ好聊～耶➚耶➚耶➚耶➚耶➚,2023-08-09T16:47:12Z,https://www.youtube.com/watch?v=JsvokziPXQM,https://i.ytimg.com/vi/JsvokziPXQM/mqdefault.jpg
ec65566d949944ffb1e2723f97ded6e0,6572,【Valorant】是時候展現我瓦羅蘭練習的成果了！！【蘭斯洛特．拉法葉】,2023-08-23T15:21:34Z,https://www.youtube.com/watch?v=cECJ6HFM_BE,https://i.ytimg.com/vi/cECJ6HFM_BE/mqdefault.jpg
9cec24b011ee45648eb404066c997f49,6571,【台詞回】六萬訂閱大感謝!!! 最終PART，你的隔壁鄰居台詞回來啦(´･ω･`)█熙歌Cygnus,2023-09-01T13:44:36Z,https://www.youtube.com/watch?v=Tfz7I6xouTI,https://i.ytimg.com/vi/Tfz7I6xouTI/mqdefault.jpg
6c872a4043b84e4493877a42af684d1d,6568,【#VoiceTo16歌回接力】初音生日快樂 我也二週年快樂 好耶！！！ Singing Stream【銀河Galaxy】,2023-08-31T12:02:39Z,https://www.youtube.com/watch?v=jrYncYcxAFQ,https://i.ytimg.com/vi/jrYncYcxAFQ/mqdefault.jpg
22ca620b93c94e5cb48175bbecf8d3af,6561,不要像老高一樣膚淺地理解老子和《道德經》！14分鐘解釋《道德經》 反者道之動，弱者道之用：哲學說故事,2023-08-15T12:00:21Z,https://www.youtube.com/watch?v=Pj-ImOWC9b8,https://i.ytimg.com/vi/Pj-ImOWC9b8/mqdefault.jpg
ba562aad440d483e988d3ce7e7217c94,6555,[貓宮香草] 8/26 不幸的貓     !DC !自主訂閱,2023-08-26T04:43:17Z,https://www.twitch.tv/videos/1908804723,https://static-cdn.jtvnw.net/cf_vods/d3vd9lfkzbru3h/5e352a428a7160d3318a_vanilla_shironeko_40562018423_1693024990//thumb/thumb0-%{width}x%{height}.jpg
b49c2970f97b4fd4a6762b3e9ba94f8e,6553,【 圖奇幼柚台 】!加班 Day 05｜時間..怪怪的...,2023-08-09T14:39:20Z,https://www.twitch.tv/videos/1894237615,https://static-cdn.jtvnw.net/cf_vods/d3vd9lfkzbru3h/8e26850fb7cabe08e7b2_kisaragiyuzu220_40517959991_1691591952//thumb/thumb0-%{width}x%{height}.jpg
3809ec8a42634d11aa1b7b8f99755c6a,6548,【花花】8/24 歐寶點歌系統上線 !line貼圖  | !8月活動 | !周邊 | !委託,2023-08-24T12:00:05Z,https://www.twitch.tv/videos/1907205396,https://static-cdn.jtvnw.net/cf_vods/d3vd9lfkzbru3h/5bbb824e423575efe49c_mayberuu_40557560551_1692878399//thumb/thumb0-%{width}x%{height}.jpg
423dd7da92be47f4af7273c5f74efb27,6546,今天目標很簡單  !訂閱 | 8/19 @fei_z 💙,2023-08-19T03:24:47Z,https://www.twitch.tv/videos/1902646690,https://static-cdn.jtvnw.net/cf_vods/d3vd9lfkzbru3h/20185f83eb22c09fb46c_fei_z_40542833127_1692415480//thumb/thumb0-%{width}x%{height}.jpg
494d2c5daf9f4a8a8e4538687e6be14c,6501,嘴巴有東西怎麼了嗎? 壞壞😏 #twvtuber #台灣vtuber #兔姬 #色會化偶像,2023-08-24T15:59:36Z,https://www.youtube.com/watch?v=5yNzGkKQY88,https://i.ytimg.com/vi/5yNzGkKQY88/mqdefault.jpg
bafb134fd2f849898d6242d1f5f683cc,6469,【Marvel's Spider-Man Remastered】主線第二章，啟動！【涅默Nemesis】,2023-08-17T11:00:01Z,https://www.youtube.com/watch?v=P4epb45AZHY,https://i.ytimg.com/vi/P4epb45AZHY/mqdefault.jpg
a9b855767b2d432c9f263e3427ff33a6,6431,【鵝鴨殺】忍術 存在感消失之術! 注意...這不是好人抓壞人的遊戲 這是真正的邊緣人模擬器..! ft.很多人【埃穆亞Oumua】,2023-08-10T17:24:59Z,https://www.youtube.com/watch?v=k8Xii5l0PYA,https://i.ytimg.com/vi/k8Xii5l0PYA/mqdefault.jpg
7ead9e2cac544a7cb00444ef6b4698d1,6414,【企劃】當兵那些大小事 傳說中的教召查詢台｜響Hibiki,2023-09-03T16:23:55Z,https://www.youtube.com/watch?v=QHjxnZCDvbw,https://i.ytimg.com/vi/QHjxnZCDvbw/mqdefault.jpg
77e980ab542a4db6a34b5ac9c8f3948b,6411,【歌ってみた】小夜子 - guitar arrange ver. ｜ 黒羊める,2023-08-31T13:24:45Z,https://www.youtube.com/watch?v=VsKvZuHdDJs,https://i.ytimg.com/vi/VsKvZuHdDJs/mqdefault.jpg
bafb134fd2f849898d6242d1f5f683cc,6375,【GTFO】今晚來點不一樣的！恐怖槍戰射擊遊戲豪耶！！！ft. @CygnusXDFP @roku0106_ @84450121【涅默Nemesis】,2023-08-12T15:47:32Z,https://www.youtube.com/watch?v=hVzikGdpoFo,https://i.ytimg.com/vi/hVzikGdpoFo/mqdefault.jpg
e350c8b7e41045419ee1ac73bc78921b,6366,主播你的鼻子在哪上巴又在哪？ #vtuber #台v #台灣vtuber #夏伊拉 #虛擬youtuber #shorts #台v精華,2023-08-15T09:20:17Z,https://www.youtube.com/watch?v=1JTUI9TQva4,https://i.ytimg.com/vi/1JTUI9TQva4/mqdefault.jpg
9cec24b011ee45648eb404066c997f49,6359,【雞蛋傭兵】PART3，怎麼辦好像真的快變成渣女了...(´;;◉;⊖;◉;;｀)█熙歌Cygnus,2023-08-29T12:14:10Z,https://www.youtube.com/watch?v=oKwOApRCILw,https://i.ytimg.com/vi/oKwOApRCILw/mqdefault.jpg
fa5a7cdc259543259af42bb23f1e4041,6358,【515 雜談?】決鬥!大日子別睡啦!今晚12點來跟週邊決鬥吧 !VPN,2023-08-31T16:28:28Z,https://www.youtube.com/watch?v=RH23T83XylA,https://i.ytimg.com/vi/RH23T83XylA/mqdefault.jpg
f6a4e7aa8d0c4e5cb39d199845ec4d02,6347,【崩壞:星穹鐵道】完璧で無敵な飲月様【#杏仁ミル 】,2023-08-30T13:16:12Z,https://www.youtube.com/watch?v=KSafYXH_O8c,https://i.ytimg.com/vi/KSafYXH_O8c/mqdefault.jpg
1b63d89e0b1a4b579de6d99e25eaff8f,6346,到底誰會帶香腸來當打Call棒啦！！！#Vtuber #貓祭 #shorts ​#祭庫shorts,2023-08-25T10:00:54Z,https://www.youtube.com/watch?v=vgdX_4nglf0,https://i.ytimg.com/vi/vgdX_4nglf0/mqdefault.jpg
b49c2970f97b4fd4a6762b3e9ba94f8e,6343,【 圖奇幼柚台 】!加班 Day 06｜,2023-08-11T07:33:35Z,https://www.twitch.tv/videos/1895789312,https://static-cdn.jtvnw.net/cf_vods/d3vd9lfkzbru3h/667e71b00a1d10f9c25d_kisaragiyuzu220_40522008839_1691739209//thumb/thumb0-%{width}x%{height}.jpg
3569cab127ab4bf9af790de9a999a5f8,6338,【初配信】史上最偉大的黑魔法劍士用歌聲溫暖你的心🪄【MiroLive🦆阿莎莉亞】,2023-08-26T12:09:45Z,https://www.youtube.com/watch?v=mSsvtK6U26w,https://i.ytimg.com/vi/mSsvtK6U26w/mqdefault.jpg
2e266a71aa3d4a67bb8d9a2a0b573319,6325,【仔魚】08/20 開一下下   ┃!line !周邊 !VOD !糯米 @ZIIFISH,2023-08-20T12:03:30Z,https://www.twitch.tv/videos/1903772340,https://static-cdn.jtvnw.net/cf_vods/d3vd9lfkzbru3h/071ec3185ff65095bd0a_ziifish_40546996711_1692533001//thumb/thumb0-%{width}x%{height}.jpg
7c06b9e316ce4ac18ce836cd72442bbe,6324,喝醉貓咪 #shorts #mizukilive,2023-08-16T04:21:41Z,https://www.youtube.com/watch?v=Ki2fqdnwoVs,https://i.ytimg.com/vi/Ki2fqdnwoVs/mqdefault.jpg
bafb134fd2f849898d6242d1f5f683cc,6321,【商業互吹】真心誇讚之後開始互相傷害的兩人【涅默Nemesis】,2023-09-03T04:00:27Z,https://www.youtube.com/watch?v=dFqdlmEGOM8,https://i.ytimg.com/vi/dFqdlmEGOM8/mqdefault.jpg
05e831b267914fc5b4d9b28de1f648dc,6319,【 #VoiceTo16歌回接力 】 我找初音約會 × 但是初音未來 .. 😰 【sazki | vtuber】,2023-08-31T14:10:44Z,https://www.youtube.com/watch?v=EyVnixo9ppE,https://i.ytimg.com/vi/EyVnixo9ppE/mqdefault.jpg
3809ec8a42634d11aa1b7b8f99755c6a,6316,【花花】8/29 畫畫day !line貼圖  | !8月活動 | !周邊 | !委託,2023-08-30T04:20:24Z,https://www.twitch.tv/videos/1912296721,https://static-cdn.jtvnw.net/cf_vods/d3vd9lfkzbru3h/5284b938be95b7366bb2_mayberuu_40572482391_1693369218//thumb/thumb0-%{width}x%{height}.jpg
0641a9c8b9a94994aaa33e0c86fef75b,6295,看看庫小朋友畫畫#vtuber #shorts #台V #vtuberclip #vtuber中文 #kuromu,2023-08-30T10:00:39Z,https://www.youtube.com/watch?v=iGCIDQ9gnw4,https://i.ytimg.com/vi/iGCIDQ9gnw4/mqdefault.jpg
64c779f8cc214e7a9b570c7b3fc128cc,6269,【#歌枠】剛好開在七夕的歌回就叫七夕歌回，但是唱的歌其實沒什麼關係😆  #初見歓迎 | 利卡洛斯 LiKaRuZ,2023-08-22T16:11:41Z,https://www.youtube.com/watch?v=hFqLYuFAMiA,https://i.ytimg.com/vi/hFqLYuFAMiA/mqdefault.jpg
6c872a4043b84e4493877a42af684d1d,6260,「#宇宙歌枠 126」深夜歌回 今天練了14首新歌...加油！！！ Singing Stream【銀河Galaxy】,2023-08-26T18:08:57Z,https://www.youtube.com/watch?v=NgQZT3z53Hw,https://i.ytimg.com/vi/NgQZT3z53Hw/mqdefault.jpg
cd42e06c40534d9eac7e30a434e47d43,6253,一大清早海豹的叫醒服務，特別版要來聽聽喔! 一定清醒 #vtuber   #shorts  #台V #vtuberclip   #vtuber中文   #帕豹pabo #台灣vtuber,2023-08-22T15:55:58Z,https://www.youtube.com/watch?v=XuTXaOZ_tb0,https://i.ytimg.com/vi/XuTXaOZ_tb0/mqdefault.jpg
317c2fd320f545a1b17bda3044c9d0de,6249,女V才是V圈的王道???男Vtuber根本不可能成功?|台灣Vtuber|天魚戌音|,2023-08-13T04:00:00Z,https://www.youtube.com/watch?v=0QNeaYhIUvE,https://i.ytimg.com/vi/0QNeaYhIUvE/mqdefault.jpg
64c779f8cc214e7a9b570c7b3fc128cc,6247,6+7到底要怎麼算？#vtuber #vtuberclips #台v精華 #利卡洛斯 #likaruz #likair,2023-08-31T11:00:10Z,https://www.youtube.com/watch?v=DwJ5akr5b3A,https://i.ytimg.com/vi/DwJ5akr5b3A/mqdefault.jpg
ec65566d949944ffb1e2723f97ded6e0,6241,【GOLF】與您的朋友一起高爾夫！但規則可能不太一樣...【蘭斯洛特．拉法葉】,2023-09-01T16:06:53Z,https://www.youtube.com/watch?v=RLl9phSD18w,https://i.ytimg.com/vi/RLl9phSD18w/mqdefault.jpg
2694a505a0e0441bb99b49e8ce1f7473,6236,【MINECRAFT】今日目標：解完所有任務！！！【神無月鹿比🦌】,2023-08-10T21:24:47Z,https://www.youtube.com/watch?v=frYAG_7467M,https://i.ytimg.com/vi/frYAG_7467M/mqdefault.jpg
82e63a8d4ae14beab89e13b43b35fce3,6232,【初配信】你有一則好友通知，來自你家的阿波大狗狗【MiroLive🐾波奇卡德霍】,2023-08-12T12:19:04Z,https://www.youtube.com/watch?v=IqwSysNDc_k,https://i.ytimg.com/vi/IqwSysNDc_k/mqdefault.jpg
494d2c5daf9f4a8a8e4538687e6be14c,6229,是不是很久沒跟你們單獨聊天了? 初見來打招呼我給你一個呼呼❤️【兔姬UsagiHime | 惡兔重工】,2023-09-02T18:59:28Z,https://www.youtube.com/watch?v=o-qSpMSKjoU,https://i.ytimg.com/vi/o-qSpMSKjoU/mqdefault.jpg
1b63d89e0b1a4b579de6d99e25eaff8f,6226,喔齁 #Vtuber #貓祭 #shorts ​#祭庫shorts,2023-08-22T10:00:24Z,https://www.youtube.com/watch?v=YSC3ZN8FT7g,https://i.ytimg.com/vi/YSC3ZN8FT7g/mqdefault.jpg
4d738ca0bdee40e3b620f06ccc2dc987,6212,精彩PCS 美服天小晴【天晴Haruru】,2023-08-27T14:17:34Z,https://www.twitch.tv/videos/1909966340,https://static-cdn.jtvnw.net/cf_vods/d3vd9lfkzbru3h/b524618f6d24e9bc5067_tcharuru_40566370583_1693145847//thumb/thumb0-%{width}x%{height}.jpg
ba562aad440d483e988d3ce7e7217c94,6208,[貓宮香草] 8/24 繼續抽獎小開   !DC !自主訂閱,2023-08-24T02:53:27Z,https://www.twitch.tv/videos/1906987714,https://static-cdn.jtvnw.net/cf_vods/d3vd9lfkzbru3h/dc35fb5ed455a33e4835_vanilla_shironeko_40556418551_1692845599//thumb/thumb0-%{width}x%{height}.jpg
1ccdbe5d48934f4cbabc86512dd1d357,6204,【首次遊玩!!】鬼畜遊戲！有玩這麼可愛的遊戲還會叫出來的台V在嗎？,2023-08-24T13:25:28Z,https://www.youtube.com/watch?v=ThxCOdZRZO0,https://i.ytimg.com/vi/ThxCOdZRZO0/mqdefault.jpg
1b63d89e0b1a4b579de6d99e25eaff8f,6203,你們推的人是我吧？我吧？？？#Vtuber #貓祭 #shorts ​#祭庫shorts,2023-08-29T10:00:17Z,https://www.youtube.com/watch?v=SUVXYmH16VQ,https://i.ytimg.com/vi/SUVXYmH16VQ/mqdefault.jpg
4b6b055ada4d4f0ab63b7ad02a3fa3ef,6196,【生日倒數歌粹2023】一起迎接五歲吧✨｜Rumi/懶貓子,2023-08-12T16:35:35Z,https://www.youtube.com/watch?v=ZT030HzEbUs,https://i.ytimg.com/vi/ZT030HzEbUs/mqdefault.jpg
fa5a7cdc259543259af42bb23f1e4041,6196,【515 耐久】從0開始的六萬訂閱耐久 ! 挑戰YT最長直播 !VPN,2023-09-04T10:48:51Z,https://www.youtube.com/watch?v=6NCleNfwd9s,https://i.ytimg.com/vi/6NCleNfwd9s/mqdefault.jpg
cd42e06c40534d9eac7e30a434e47d43,6182,你看看你的小肉豆! #vtuber  #shorts  #台V #vtuberclip  #vtuber中文  #帕豹pabo #台灣vtuber,2023-08-27T15:42:26Z,https://www.youtube.com/watch?v=LWYHuze1rtw,https://i.ytimg.com/vi/LWYHuze1rtw/mqdefault.jpg
98e3a5838fec4a6caa936ae35485de23,6160,【深夜談】回歸！就是用力地跟你各位聊天🍻【露恰露恰．Vtuber】,2023-08-07T18:23:07Z,https://www.youtube.com/watch?v=EF2TjXWD5JE,https://i.ytimg.com/vi/EF2TjXWD5JE/mqdefault.jpg
a9b855767b2d432c9f263e3427ff33a6,6132,【Minecraft】繼續考古! 今天能不能考古畢業TT【埃穆亞Oumua】,2023-08-09T17:14:04Z,https://www.youtube.com/watch?v=SiblZAZOZCI,https://i.ytimg.com/vi/SiblZAZOZCI/mqdefault.jpg
423dd7da92be47f4af7273c5f74efb27,6131,今日目標不簡單 !訂閱 | 8/21 @fei_z 💙,2023-08-21T03:17:25Z,https://www.twitch.tv/videos/1904436286,https://static-cdn.jtvnw.net/cf_vods/d3vd9lfkzbru3h/faefc2c4f079bed6d151_fei_z_40548447079_1692587838//thumb/thumb0-%{width}x%{height}.jpg
265a18972d244affae35711cfd1f9931,6128,🐙秘密公開...🐙我深藏了..出道以來2年多的秘密..總是要讓你們知道【MiroLive/塔芭絲可】,2023-08-20T13:00:10Z,https://www.youtube.com/watch?v=fUnLoL0v-1o,https://i.ytimg.com/vi/fUnLoL0v-1o/mqdefault.jpg
d797701ab1564b62906f91a341134a9e,6128,【寶可夢 地平線】雌小鬼珊瑚 反派角色 中文配音 #同人 #二創 #台配 #PokémonPresents #サンゴ #大谷育江 #皮卡丘 #紳士 #探索隊 #雜魚 #shorts #vtuber,2023-08-12T11:00:22Z,https://www.youtube.com/watch?v=PfCRJAQoR7U,https://i.ytimg.com/vi/PfCRJAQoR7U/mqdefault.jpg
e93bd1102e214cbaa71cc5b2e4a53595,6118,【楓之谷M】陰陽師神那襲來！不是營養師啦討厭鬼！快來一起回味童年美好吧～【厄倫蒂兒 Earendel】,2023-08-11T10:30:11Z,https://www.youtube.com/watch?v=Xija3LCZpZ4,https://i.ytimg.com/vi/Xija3LCZpZ4/mqdefault.jpg
6c872a4043b84e4493877a42af684d1d,6116,「20000衝刺歌雜」一起來見證那一瞬間吧！ Singing Stream【銀河Galaxy】,2023-08-10T17:11:02Z,https://www.youtube.com/watch?v=tc_GHbM2Bc8,https://i.ytimg.com/vi/tc_GHbM2Bc8/mqdefault.jpg
f110fd69b66941bab04de9ada563c6ac,6112,給學生黨發點糖！#shorts,2023-08-19T04:00:20Z,https://www.youtube.com/watch?v=nqfO34Kgfvg,https://i.ytimg.com/vi/nqfO34Kgfvg/mqdefault.jpg
0bf0ec441dc6489583f7218e02ab6a89,6105,🔴【競標被子】08/22 21:00 充滿了私密味道的小被被♡抱著就好像跟Nyoro一起親密接觸【香草奈若】,2023-08-22T23:14:31Z,https://www.youtube.com/watch?v=X28EFeRKSCY,https://i.ytimg.com/vi/X28EFeRKSCY/mqdefault.jpg
a9b855767b2d432c9f263e3427ff33a6,6093,【埃聲私語】(小心被罵) 聊天! 夜間埃埃叫雜談【埃穆亞Oumua】,2023-08-22T17:52:52Z,https://www.youtube.com/watch?v=jVwdOfX_4gE,https://i.ytimg.com/vi/jVwdOfX_4gE/mqdefault.jpg
1323f1b775bf43659f8b8ec2899522cd,6084,【突襲純雜談】夜晚雜談!!確診柴犬回來了!!,2023-08-22T15:26:04Z,https://www.youtube.com/watch?v=Hkr9NfQ8Jxc,https://i.ytimg.com/vi/Hkr9NfQ8Jxc/mqdefault.jpg
7c06b9e316ce4ac18ce836cd72442bbe,6074,【合唱歌枠】狐猴組合🦊🐵只差你來當動物園園長！ブレノさんと歌うよ～！初見さん大歓迎🎤 ft. @layno_renewlive  【浠Mizuki Karaoke】,2023-08-20T14:58:18Z,https://www.youtube.com/watch?v=vE6fh1NP28w,https://i.ytimg.com/vi/vE6fh1NP28w/mqdefault.jpg
e150e350532b4327b26989dd43cd3bad,6073,【艾比官方精華】討厭瓜味，但也不是不喜歡笨瓜 #vtuber #shorts #vtuberclip #台V #vtuber中文  | 艾比 . Rabi Ch,2023-08-19T04:00:29Z,https://www.youtube.com/watch?v=wL9J2S0Y3Bw,https://i.ytimg.com/vi/wL9J2S0Y3Bw/mqdefault.jpg
04d2ff1dde6b4bb68503a734274f4b7e,6072,【忘憂居酒屋】喝一杯忘記煩惱~歐咖咪桑來聽你說說話,2023-08-11T17:25:20Z,https://www.youtube.com/watch?v=yqxhm5bn-nM,https://i.ytimg.com/vi/yqxhm5bn-nM/mqdefault.jpg
04d2ff1dde6b4bb68503a734274f4b7e,6062,【朝活雜談】一天的開頭，就從一個充滿朝氣的早安開始！！【黑銀夜烏 / Karasu Ch.】,2023-08-23T04:49:47Z,https://www.youtube.com/watch?v=rDVjKvAFoY8,https://i.ytimg.com/vi/rDVjKvAFoY8/mqdefault.jpg
6908430ccb204a1b9d95ee7a1711cae3,6043,【蘆葦🐭】8/24 POE3.22 還是老樣子,2023-08-24T01:47:33Z,https://www.twitch.tv/videos/1906938869,https://static-cdn.jtvnw.net/cf_vods/d3vd9lfkzbru3h/8e96291572462c784f9b_luweibaby_40556332119_1692841646//thumb/thumb0-%{width}x%{height}.jpg
4d738ca0bdee40e3b620f06ccc2dc987,6033,更細的阿福【天晴Haruru】,2023-08-12T20:55:31Z,https://www.twitch.tv/videos/1897138412,https://static-cdn.jtvnw.net/cf_vods/d3vd9lfkzbru3h/40ce4a0f36426be8e277_tcharuru_40525931943_1691873724//thumb/thumb0-%{width}x%{height}.jpg
98e3a5838fec4a6caa936ae35485de23,6016,【深夜談】事出突然的挑戰看看～一起來完成吧🍻【露恰露恰．Vtuber】,2023-08-11T20:28:16Z,https://www.youtube.com/watch?v=YORS7Xw3DK0,https://i.ytimg.com/vi/YORS7Xw3DK0/mqdefault.jpg
fa5a7cdc259543259af42bb23f1e4041,6012,【515 雜談】你開學還沒放颱風假??哈哈 超可悲 !VPN,2023-09-05T16:20:42Z,https://www.youtube.com/watch?v=jhIXAVsq0k8,https://i.ytimg.com/vi/jhIXAVsq0k8/mqdefault.jpg
fa5a7cdc259543259af42bb23f1e4041,5997,【515精華】超白癡當兵合輯...,2023-08-15T11:00:11Z,https://www.youtube.com/watch?v=GyBYW78DloU,https://i.ytimg.com/vi/GyBYW78DloU/mqdefault.jpg
b49c2970f97b4fd4a6762b3e9ba94f8e,5984,【 圖奇幼柚台 】!加班 Day 10｜,2023-08-15T15:47:15Z,https://www.twitch.tv/videos/1899458808,https://static-cdn.jtvnw.net/cf_vods/d3vd9lfkzbru3h/5621c1430cf32b299c70_kisaragiyuzu220_40533397191_1692114429//thumb/thumb0-%{width}x%{height}.jpg
e7fd5d01e57c42658be2bf1e3ad5d696,5969,sotis × 夢見雛鳥限定套組好評販賣中！,2023-08-10T12:05:22Z,https://www.youtube.com/watch?v=n8vNyjgkU70,https://i.ytimg.com/vi/n8vNyjgkU70/mqdefault.jpg
8b027d3a3f374c9c8398b6dd751e5018,5964,【周小笙】0808 昨天的我不是我｜!傳送門 !蔚藍 !自主訂閱,2023-08-08T05:07:21Z,https://www.twitch.tv/videos/1893132080,https://static-cdn.jtvnw.net/cf_vods/d3vd9lfkzbru3h/df822d9531d935baad5b_lisheng_tw_40513724151_1691471234//thumb/thumb0-%{width}x%{height}.jpg
936b23e5e87144108c5d3f09f194c8b8,5959,用自己熟悉的東西壓壓驚 OK的吧?  #vtuber #惡靈古堡7  #台灣vtuber #shorts,2023-08-11T01:00:07Z,https://www.youtube.com/watch?v=CLYJljjdHlw,https://i.ytimg.com/vi/CLYJljjdHlw/mqdefault.jpg
abd64c9a64e04fb1b23faa2480c1c106,5958,童年禁播卡通改編遊戲 ! ? 【友鄰街 My Friendly Neighborhood】,2023-08-20T17:32:26Z,https://www.youtube.com/watch?v=kN35CwpWcMI,https://i.ytimg.com/vi/kN35CwpWcMI/mqdefault.jpg
4b6b055ada4d4f0ab63b7ad02a3fa3ef,5954,【FF41】🏮LIVE生中継🏮仲夏夜祭🎐大掛軸競標✨-  第三天 -【開拓動漫祭】｜Rumi/懶貓子,2023-08-20T09:08:15Z,https://www.youtube.com/watch?v=yorZsRqLl3w,https://i.ytimg.com/vi/yorZsRqLl3w/mqdefault.jpg
9cec24b011ee45648eb404066c997f49,5954,【熙義房屋】來看一些可能要10輩子才買得起的豪宅嚕(･ω´･ )█熙歌Cygnus,2023-08-24T15:29:44Z,https://www.youtube.com/watch?v=GELv6mlOjgI,https://i.ytimg.com/vi/GELv6mlOjgI/mqdefault.jpg
bafb134fd2f849898d6242d1f5f683cc,5949,【Marvel's Spider-Man Remastered】低督人，啟動！！！！！【涅默Nemesis】,2023-08-22T09:55:13Z,https://www.youtube.com/watch?v=yED_PqBhYxk,https://i.ytimg.com/vi/yED_PqBhYxk/mqdefault.jpg
04d2ff1dde6b4bb68503a734274f4b7e,5932,【夜烏精華】小時候幼稚園的啟蒙導師 #台v #台灣vtuber #黑銀夜烏 #shorts,2023-08-14T15:16:35Z,https://www.youtube.com/watch?v=jNrVWuzCjso,https://i.ytimg.com/vi/jNrVWuzCjso/mqdefault.jpg
7ead9e2cac544a7cb00444ef6b4698d1,5913,【現場直擊】FF41鳥店長 Day 2｜響Hibiki,2023-08-19T09:39:47Z,https://www.youtube.com/watch?v=u_UvxnZlct0,https://i.ytimg.com/vi/u_UvxnZlct0/mqdefault.jpg
8b027d3a3f374c9c8398b6dd751e5018,5899,【NY 周小笙】農業奇蹟收成記｜!鵝T !P9,2023-09-05T18:24:48Z,https://www.twitch.tv/videos/1917934278,https://static-cdn.jtvnw.net/cf_vods/d3vd9lfkzbru3h/fe38aad3fc70252efd15_lisheng_tw_40590291383_1693938280//thumb/thumb0-%{width}x%{height}.jpg
1b63d89e0b1a4b579de6d99e25eaff8f,5894,【#限時雜談】我好不容易復播 你們卻只想我下播!!!!! #Vtuber #貓祭 #shorts ​#祭庫shorts,2023-08-30T10:00:04Z,https://www.youtube.com/watch?v=6sB70I9515k,https://i.ytimg.com/vi/6sB70I9515k/mqdefault.jpg
5535c9524eb046c38e172ebfa06b302f,5888,🔴【原神+崩鐵】邊肝邊休息，FF41還有1天！掉寶領原石  ▹ @ruroroisme ◃,2023-08-19T15:23:11Z,https://www.twitch.tv/videos/1902995801,https://static-cdn.jtvnw.net/cf_vods/d3vd9lfkzbru3h/787dd9ccbb380004ee16_ruroroisme_40544810039_1692458582//thumb/thumb0-%{width}x%{height}.jpg
bafb134fd2f849898d6242d1f5f683cc,5886,【後宮失火】那個人的背水一戰【涅默Nemesis】,2023-08-20T04:00:22Z,https://www.youtube.com/watch?v=nXqD5u2HAb4,https://i.ytimg.com/vi/nXqD5u2HAb4/mqdefault.jpg
9cec24b011ee45648eb404066c997f49,5885,【早安PTT】早安周表!!啟動!!! (́=◞౪◟=‵) (欸) █熙歌Cygnus,2023-09-04T02:24:30Z,https://www.youtube.com/watch?v=P3VR4Z9qHOg,https://i.ytimg.com/vi/P3VR4Z9qHOg/mqdefault.jpg
4b6b055ada4d4f0ab63b7ad02a3fa3ef,5884,＼ 新LIVE 2D🎀模型展示 ／｜Rumi/懶貓子,2023-08-14T13:00:35Z,https://www.youtube.com/watch?v=dykXpSH0Lew,https://i.ytimg.com/vi/dykXpSH0Lew/mqdefault.jpg
3809ec8a42634d11aa1b7b8f99755c6a,5876,【花花】8/16 畫圖啟動! | !8月活動 | !周邊 | !委託 |  !line貼圖,2023-08-16T11:25:29Z,https://www.twitch.tv/videos/1900193281,https://static-cdn.jtvnw.net/cf_vods/d3vd9lfkzbru3h/7a2ba3b6ac847d5ed6c5_mayberuu_40535395207_1692185123//thumb/thumb0-%{width}x%{height}.jpg
ee0763f3339d45b493bf45488a8e7701,5857,【梓芊🐰】 @pandora0407 🤍 8/23 認真打工人 (๑´ㅂ`๑)🤍 !7tv,2023-08-23T00:14:12Z,https://www.twitch.tv/videos/1906001598,https://static-cdn.jtvnw.net/cf_vods/d3vd9lfkzbru3h/e3f69b6320da3d8f7035_pandora0407_40553567703_1692749642//thumb/thumb0-%{width}x%{height}.jpg
6908430ccb204a1b9d95ee7a1711cae3,5857,【蘆葦🐭】8/26 POE3.22 還是老樣子,2023-08-26T01:34:53Z,https://www.twitch.tv/videos/1908665640,https://static-cdn.jtvnw.net/cf_vods/d3vd9lfkzbru3h/c59b3494d8c64598fb86_luweibaby_40561701079_1693013687//thumb/thumb0-%{width}x%{height}.jpg
b49c2970f97b4fd4a6762b3e9ba94f8e,5853,【 掛掉寶首選台 】!加班 Day 15｜,2023-08-19T16:01:19Z,https://www.twitch.tv/videos/1903020976,https://static-cdn.jtvnw.net/cf_vods/d3vd9lfkzbru3h/69ddfa36bf79270c3937_kisaragiyuzu220_40544903767_1692460871//thumb/thumb0-%{width}x%{height}.jpg
7c06b9e316ce4ac18ce836cd72442bbe,5853,【突發】吃飯 睡覺 練歌 打狐狸【浠Mizuki】!周邊、!dc、!斗內、!YT、!推特、!點歌、!新歌、!募集、!料理、!IG,2023-08-20T02:44:13Z,https://www.twitch.tv/videos/1903515977,https://static-cdn.jtvnw.net/cf_vods/d3vd9lfkzbru3h/3948aa9b13b08ba87ba4_mizukimilk723_40545653175_1692499443//thumb/thumb0-%{width}x%{height}.jpg
265a18972d244affae35711cfd1f9931,5851,🐙禮物製作-水餃🐙繼續包!!昨天180顆!!今天還有一半!!!衝!!! 壽星表單在資訊區【MiroLive/塔芭絲可】,2023-08-25T11:14:11Z,https://www.youtube.com/watch?v=r5CENCF-rh8,https://i.ytimg.com/vi/r5CENCF-rh8/mqdefault.jpg
cd42e06c40534d9eac7e30a434e47d43,5842,【重大告知】食品改善!,2023-08-23T14:00:10Z,https://www.youtube.com/watch?v=n6NCbJcntIA,https://i.ytimg.com/vi/n6NCbJcntIA/mqdefault.jpg
6c872a4043b84e4493877a42af684d1d,5839,期待已久的修羅場 #台V #vtuber #台v精華  #Vtuberclip #銀河galaxy #台灣vtuber #台vtuber #台V歌勢 #紫藤堇 #小金碧碧,2023-08-27T13:00:30Z,https://www.youtube.com/watch?v=jmueTG6fEDg,https://i.ytimg.com/vi/jmueTG6fEDg/mqdefault.jpg
1d2404a7bd5a4baab9473392d62e7ca9,5838,"【EFT】15Lv,初心者たるこふ【あえぷろ/灰薔薇ティア】",2023-09-02T05:41:03Z,https://www.twitch.tv/videos/1914944274,https://static-cdn.jtvnw.net/cf_vods/d3vd9lfkzbru3h/fc0ad76f769e5c8028a5_haibara_aepro_40580482903_1693633257//thumb/thumb0-%{width}x%{height}.jpg
b49c2970f97b4fd4a6762b3e9ba94f8e,5837,【 圖奇幼柚台 】!加班 Day 13｜,2023-08-17T16:33:13Z,https://www.twitch.tv/videos/1901234595,https://static-cdn.jtvnw.net/cf_vods/d3vd9lfkzbru3h/624d2f4ffc3a18c36155_kisaragiyuzu220_40539244935_1692289986//thumb/thumb0-%{width}x%{height}.jpg
9cec24b011ee45648eb404066c997f49,5834,【早安熙八】棉花糖!!吃完!!!你是怎麼認識我的???ξ( ✿＞◡❛)█熙歌Cygnus,2023-08-16T02:32:12Z,https://www.youtube.com/watch?v=fBvGIEiKROg,https://i.ytimg.com/vi/fBvGIEiKROg/mqdefault.jpg
494d2c5daf9f4a8a8e4538687e6be14c,5831,色色日文翻譯測驗! 這些本本上的日文你看的懂嗎? 【兔姬UsagiHime | 惡兔重工】,2023-08-11T15:28:57Z,https://www.youtube.com/watch?v=pjcvnmOb70g,https://i.ytimg.com/vi/pjcvnmOb70g/mqdefault.jpg
1ccdbe5d48934f4cbabc86512dd1d357,5831,日本的四季搞不好要消失了...？#shorts,2023-08-20T04:30:07Z,https://www.youtube.com/watch?v=M7qkiKgyzvI,https://i.ytimg.com/vi/M7qkiKgyzvI/mqdefault.jpg
2e266a71aa3d4a67bb8d9a2a0b573319,5828,【仔魚】09/02 今天很多開   @ZIIFISH,2023-09-02T17:35:05Z,https://www.twitch.tv/videos/1915311747,https://static-cdn.jtvnw.net/cf_vods/d3vd9lfkzbru3h/59595c5f19087111b082_ziifish_40582388999_1693676095//thumb/thumb0-%{width}x%{height}.jpg
ee0763f3339d45b493bf45488a8e7701,5816,【梓芊🐰】 @pandora0407 🤍 8/16 包貨達人->進城賺錢 (๑´ㅂ`๑)🤍 !7tv,2023-08-16T06:00:15Z,https://www.twitch.tv/videos/1900080321,https://static-cdn.jtvnw.net/cf_vods/d3vd9lfkzbru3h/64d69993163901b223ec_pandora0407_40534575271_1692165606//thumb/thumb0-%{width}x%{height}.jpg
04d2ff1dde6b4bb68503a734274f4b7e,5812,【朝活雜談】早安！！希望歐咖咪可以給你滿滿活力！！！【黑銀夜烏 / Karasu Ch.】,2023-08-16T04:24:07Z,https://www.youtube.com/watch?v=9Mv2G-w5Kck,https://i.ytimg.com/vi/9Mv2G-w5Kck/mqdefault.jpg
9cec24b011ee45648eb404066c997f49,5809,【早安PTT】早安周表(?)今天能不能看到PTT??肯定可以ㄉ吧???Σ(｀L_｀ )█熙歌Cygnus,2023-08-28T02:21:21Z,https://www.youtube.com/watch?v=vlnNdRhbu2s,https://i.ytimg.com/vi/vlnNdRhbu2s/mqdefault.jpg
9cec24b011ee45648eb404066c997f49,5806,【早安熙八】繼續一邊吃早餐一邊吃棉花糖囉~  大家是怎麼認識我ㄉㄋ?? (´-ω-｀)█熙歌Cygnus,2023-08-09T02:29:18Z,https://www.youtube.com/watch?v=gKO46K36iL8,https://i.ytimg.com/vi/gKO46K36iL8/mqdefault.jpg
17c335762a694402b8cb9a96b2865572,5790,台V乳搖二選一 | 地球只有一個，但ㄋㄟㄋㄟ卻有兩個👾!!!! 一起進來養眼💜,2023-08-16T12:11:00Z,https://www.youtube.com/watch?v=tNK7A-DSePU,https://i.ytimg.com/vi/tNK7A-DSePU/mqdefault.jpg
04d2ff1dde6b4bb68503a734274f4b7e,5789,【週五驚悚夜】今夜讓你不敢睡....Ft.@NKcray @chionNK 【黑銀夜烏/ Karasu Ch.】,2023-09-01T15:50:56Z,https://www.youtube.com/watch?v=9-UMinfJo6I,https://i.ytimg.com/vi/9-UMinfJo6I/mqdefault.jpg
f99b7c49c1c8472681987ac2d1ff87bc,5789,紅寶石戰神來了 !日程 !7tv !剪輯 !午餐幫 !VPN,2023-08-25T10:39:31Z,https://www.twitch.tv/videos/1908027332,https://static-cdn.jtvnw.net/cf_vods/d3vd9lfkzbru3h/b8294321cf5a0671c457_restiafps_40559945127_1692959964//thumb/thumb0-%{width}x%{height}.jpg
ea4c1a67c2e445ad8028768616ceb659,5787,【🥞#社牛社恐BINGO！？】每個社牛都說自己是社恐！請支援輸贏！【洛可洛斯特】FT.麵音白湯/埃穆亞/心咲,2023-08-12T16:28:38Z,https://www.youtube.com/watch?v=LBpHyEOQfso,https://i.ytimg.com/vi/LBpHyEOQfso/mqdefault.jpg
ce2a2c07a74640fc8d3b39d022b16dd9,5786,真正的偶像 偶包是可以隨丟隨拿的！（節目效果，歡迎來歌回聽認真唱歌w)|名雪薇薇 #shorts #vtuber #台灣vtuber #歌回 #搞笑 #雪豹,2023-08-28T15:36:49Z,https://www.youtube.com/watch?v=0EAu2UWviu0,https://i.ytimg.com/vi/0EAu2UWviu0/mqdefault.jpg
7a88afc5eb644d76b35ed4ca968259bb,5784,"【 吧噗 🍦】小情境，睡覺前の女友哄睡 , sleep ( 試錄版本 )",2023-08-28T12:38:03Z,https://www.youtube.com/watch?v=AOol4sP1kwU,https://i.ytimg.com/vi/AOol4sP1kwU/mqdefault.jpg
f110fd69b66941bab04de9ada563c6ac,5759,來這間教堂告解是否搞錯了什麼！#shorts,2023-08-10T03:55:29Z,https://www.youtube.com/watch?v=5BSXof71q5s,https://i.ytimg.com/vi/5BSXof71q5s/mqdefault.jpg
f110fd69b66941bab04de9ada563c6ac,5731,Aoi一家的特殊口味 #shorts,2023-08-16T04:00:22Z,https://www.youtube.com/watch?v=TF03Lh22YZA,https://i.ytimg.com/vi/TF03Lh22YZA/mqdefault.jpg
9cec24b011ee45648eb404066c997f49,5728,【早安PTT】我忘記開待機了哈哈哈哈哈哈哈快來看PTT!!!!!█熙歌Cygnus,2023-08-23T03:05:48Z,https://www.youtube.com/watch?v=poQFISEwYtQ,https://i.ytimg.com/vi/poQFISEwYtQ/mqdefault.jpg
7a88afc5eb644d76b35ed4ca968259bb,5726,"🔴【 吧噗 🍦】APEX , 跟耳朵舔舔 💛  🥴 💤",2023-08-18T16:36:05Z,https://www.youtube.com/watch?v=HpoBk6Tzg_c,https://i.ytimg.com/vi/HpoBk6Tzg_c/mqdefault.jpg
2760c9a44c20464d8e140e6367ed1cdf,5716,【半週年紀念】第一天在女僕咖啡廳上班就被老闆要求直播？！中之人大危機！😥,2023-09-04T19:07:55Z,https://www.youtube.com/watch?v=kWjhT0aPRHU,https://i.ytimg.com/vi/kWjhT0aPRHU/mqdefault.jpg
4d738ca0bdee40e3b620f06ccc2dc987,5716,有情的上分機器 ||  !改版【天晴Haruru】,2023-08-17T02:54:10Z,https://www.twitch.tv/videos/1900853599,https://static-cdn.jtvnw.net/cf_vods/d3vd9lfkzbru3h/3dc6fa5120016af8ea56_tcharuru_40537106823_1692240842//thumb/thumb0-%{width}x%{height}.jpg
9e64bba43928414884503de36f805c48,5709,8/20 好玩一直玩 !新片 | !BT 申請帳號跟主播一起玩 | 掛台抽哀鳳 | 789月自主訂閱抽神秘小禮包 | !YT !滑鼠,2023-08-20T11:05:01Z,https://www.twitch.tv/videos/1903746296,https://static-cdn.jtvnw.net/cf_vods/d3vd9lfkzbru3h/04c8102c1bdf66c52dc8_wen620_40546799975_1692529495//thumb/thumb0-%{width}x%{height}.jpg
a9b855767b2d432c9f263e3427ff33a6,5680,【連動】跟朋朋們來打好玩高爾夫球 ft.涅默Nemesis、白湯Paitan、Roku、響Hibiki、蘭斯洛特Lancelot【埃穆亞Oumua】,2023-08-14T18:38:54Z,https://www.youtube.com/watch?v=_JWgJ76hv-M,https://i.ytimg.com/vi/_JWgJ76hv-M/mqdefault.jpg
423dd7da92be47f4af7273c5f74efb27,5677,APEX-2 😎💙 0905  @fei_z,2023-09-05T02:53:59Z,https://www.twitch.tv/videos/1917504488,https://static-cdn.jtvnw.net/cf_vods/d3vd9lfkzbru3h/6b5f0df329f39f5f33e6_fei_z_40588235399_1693882431//thumb/thumb0-%{width}x%{height}.jpg
d797701ab1564b62906f91a341134a9e,5674,【ASMR】想要一直永遠抱著你的鬼女友💗掏耳/Fluffy Ear Pick/Ear Cleaning/按摩/水聲/恐怖陰森/バイノーラル #ユメビエム #YumebiEmu #台灣vtuber,2023-08-16T16:33:09Z,https://www.youtube.com/watch?v=wTN2fYNqNGk,https://i.ytimg.com/vi/wTN2fYNqNGk/mqdefault.jpg
494d2c5daf9f4a8a8e4538687e6be14c,5671,喜歡獸耳娘的都是好人❤  安價! 一起創作獸耳娘店長 #bookwalker 【兔姬UsagiHime | 惡兔重工】,2023-08-12T16:24:51Z,https://www.youtube.com/watch?v=0dRDs6U8XkA,https://i.ytimg.com/vi/0dRDs6U8XkA/mqdefault.jpg
5535c9524eb046c38e172ebfa06b302f,5669,🔴AR60 ASIA【#原神 / Genshin】4.0－滿命林尼&夜蘭代抽預約中，每周日萌新健檢&滷肉幫到你家!  ▹ @ruroroisme ◃,2023-08-13T11:05:49Z,https://www.twitch.tv/videos/1897616003,https://static-cdn.jtvnw.net/cf_vods/d3vd9lfkzbru3h/b9861e556d004a5855ac_ruroroisme_40527291559_1691924740//thumb/thumb0-%{width}x%{height}.jpg
f928118054aa4e11aa4ec88504d8b886,5659,【全箱接力】黑魂3古達大挑戰！到底能不能半小時內打贏呢？Ft.喪心病狂的邪惡營運【 Dark Souls III 黑暗靈魂3 #臺灣vtuber / #雲際線】,2023-08-30T11:01:46Z,https://www.youtube.com/watch?v=IGZxEhnRuiE,https://i.ytimg.com/vi/IGZxEhnRuiE/mqdefault.jpg
4b6b055ada4d4f0ab63b7ad02a3fa3ef,5658,【FF41】🏮LIVE生中継🏮仲夏夜祭🎐-  第二天 -【開拓動漫祭】｜Rumi/懶貓子,2023-08-19T06:01:09Z,https://www.youtube.com/watch?v=vydIymyuyZ4,https://i.ytimg.com/vi/vydIymyuyZ4/mqdefault.jpg
ec65566d949944ffb1e2723f97ded6e0,5654,【雜談】來和我聊聊你的近況！斷線重開part.2【蘭斯洛特．拉法葉】,2023-08-16T13:05:59Z,https://www.youtube.com/watch?v=j2fS7p_n-WY,https://i.ytimg.com/vi/j2fS7p_n-WY/mqdefault.jpg
3809ec8a42634d11aa1b7b8f99755c6a,5654,【花花】8/27 健康人上線 !line貼圖  | !8月活動 | !周邊 | !委託,2023-08-27T08:03:15Z,https://www.twitch.tv/videos/1909792758,https://static-cdn.jtvnw.net/cf_vods/d3vd9lfkzbru3h/5d440279d769e79f5ed2_mayberuu_40565274055_1693123390//thumb/thumb0-%{width}x%{height}.jpg
98e3a5838fec4a6caa936ae35485de23,5643,【白晝談】關於這隻水獺與500片拼圖的午後時光🍻【露恰露恰．Vtuber】,2023-08-27T09:58:27Z,https://www.youtube.com/watch?v=29JJpDl7UsE,https://i.ytimg.com/vi/29JJpDl7UsE/mqdefault.jpg
7a88afc5eb644d76b35ed4ca968259bb,5640,"🔴【 吧噗 🍦】APEX , EARLICKING💛  🥴 💤",2023-08-11T17:18:55Z,https://www.youtube.com/watch?v=MrxA_ezCqMM,https://i.ytimg.com/vi/MrxA_ezCqMM/mqdefault.jpg
1b63d89e0b1a4b579de6d99e25eaff8f,5632,關於pokemon sleep的使用心得 #Vtuber #貓祭 #shorts ​#祭庫shorts,2023-08-18T10:00:12Z,https://www.youtube.com/watch?v=IurRjEluvbc,https://i.ytimg.com/vi/IurRjEluvbc/mqdefault.jpg
7c06b9e316ce4ac18ce836cd72442bbe,5625,今年夏天你就是我最亮那顆星🌠 #shorts #所念皆星河 #mizukilive,2023-08-17T10:46:12Z,https://www.youtube.com/watch?v=wHpRo2I7iTw,https://i.ytimg.com/vi/wHpRo2I7iTw/mqdefault.jpg
3809ec8a42634d11aa1b7b8f99755c6a,5617,【花花】8/22 啟動 !line貼圖  | !8月活動 | !周邊 | !委託,2023-08-22T10:52:29Z,https://www.twitch.tv/videos/1905456837,https://static-cdn.jtvnw.net/cf_vods/d3vd9lfkzbru3h/ffe3cd378a6d1d457582_mayberuu_40551970391_1692701541//thumb/thumb0-%{width}x%{height}.jpg
f110fd69b66941bab04de9ada563c6ac,5614,【8月SC簽名台】2023已經過了三分之二囉！你已經準備好明年的目標了嗎！｜一邊聊天、一邊簽名！【AoiHinamori】,2023-08-30T19:31:31Z,https://www.youtube.com/watch?v=fAJM3hSkSkU,https://i.ytimg.com/vi/fAJM3hSkSkU/mqdefault.jpg
8bf35c3b9a9e461d825a9170555b71c2,5608,【寶可夢中心主題曲】願我們的老闆虧喜，可以永遠安眠 【阿卡貝拉】@Kirali_Neon @Yuzumi_Neon,2023-08-27T11:00:00Z,https://www.youtube.com/watch?v=-APmUoxNuW8,https://i.ytimg.com/vi/-APmUoxNuW8/mqdefault.jpg
423dd7da92be47f4af7273c5f74efb27,5605,(˶ ᵔ ᵕ ᵔ ˶)  !訂閱 | 8/10 @fei_z 💙,2023-08-10T03:29:05Z,https://www.twitch.tv/videos/1894820552,https://static-cdn.jtvnw.net/cf_vods/d3vd9lfkzbru3h/7e9fa38a4d5e421aa7bf_fei_z_40518916679_1691638137//thumb/thumb0-%{width}x%{height}.jpg
b126053a1356460ebf85a874a6a55aca,5599,南投副議長指侯當選「我一輩子吃素」｜高虹安遭起訴貪汙，那雲豹解套囉? 🍓 20230814　#高雄林小姐 #Vtuber​​​​ #台灣Vtuber​​​ #台V,2023-08-14T13:20:41Z,https://www.youtube.com/watch?v=Wv6igEplJHk,https://i.ytimg.com/vi/Wv6igEplJHk/mqdefault.jpg
62e5d9c4ad1e4d7a9fb61fe531c4b940,5582,黑箱！啟動！ #凝川眠 #vtuber #shorts #台v #台vtuber #vtuberclip #vtuber中文 #黑箱 #迷因 #memes #精華,2023-08-18T08:00:22Z,https://www.youtube.com/watch?v=us0t5Rn3LTw,https://i.ytimg.com/vi/us0t5Rn3LTw/mqdefault.jpg
c82ab1b4f8f64d1f84cae4ce09aa0dea,5581,小小開還是要早睡｜汐Seki｜!週邊 !指令,2023-09-03T16:17:51Z,https://www.twitch.tv/videos/1916152170,https://static-cdn.jtvnw.net/cf_vods/d3vd9lfkzbru3h/11e65d6b9aea15347dbd_seki_meridian_40585049607_1693757863//thumb/thumb0-%{width}x%{height}.jpg
ba562aad440d483e988d3ce7e7217c94,5578,[貓宮香草] 8/15 白金地獄中   !DC !自主訂閱,2023-08-14T18:18:30Z,https://www.twitch.tv/videos/1898704586,https://static-cdn.jtvnw.net/cf_vods/d3vd9lfkzbru3h/f26d9b8aca22eaf2d364_vanilla_shironeko_40530963863_1692037102//thumb/thumb0-%{width}x%{height}.jpg
04d2ff1dde6b4bb68503a734274f4b7e,5577,【朝活雜談】滿分開始的一百趴早安！！！括弧 : 今天好像特別早【黑銀夜烏 / Karasu Ch.】,2023-08-09T01:43:44Z,https://www.youtube.com/watch?v=dklHXu2rBsk,https://i.ytimg.com/vi/dklHXu2rBsk/mqdefault.jpg
f110fd69b66941bab04de9ada563c6ac,5562,數學老師神救援 #shorts,2023-08-29T04:00:32Z,https://www.youtube.com/watch?v=qJogZpM5dwE,https://i.ytimg.com/vi/qJogZpM5dwE/mqdefault.jpg
4b6b055ada4d4f0ab63b7ad02a3fa3ef,5561,【雜談】咖啡廳生日會～✨｜Rumi/懶貓子,2023-08-13T06:48:53Z,https://www.youtube.com/watch?v=Ggb6qXrzR-c,https://i.ytimg.com/vi/Ggb6qXrzR-c/mqdefault.jpg
a960b283b1124f44bc4bf2a16199977a,5560,【8／12】生日新衣裝披露酒雜 ! @muiii0x0,2023-08-12T12:02:50Z,https://www.twitch.tv/videos/1896778215,https://static-cdn.jtvnw.net/cf_vods/d3vd9lfkzbru3h/e918e8adc1ea52929b0d_muiii0x0_40525035623_1691841763//thumb/thumb0-%{width}x%{height}.jpg
a9b855767b2d432c9f263e3427ff33a6,5551,【Minecraft】繼續化身無情的刷獄髓機器藍咩( • ̀ω•́ )【埃穆亞Oumua】,2023-08-16T15:32:38Z,https://www.youtube.com/watch?v=0xwUvlZsp-g,https://i.ytimg.com/vi/0xwUvlZsp-g/mqdefault.jpg
f110fd69b66941bab04de9ada563c6ac,5548,【雜談】外面好熱！裡面冷氣開放ヽ(•̀▽•́ )ゝ✧｜關於這週安排以及小公告！【AoiHinamori】,2023-08-07T16:59:52Z,https://www.youtube.com/watch?v=UKQQ7wWGiWc,https://i.ytimg.com/vi/UKQQ7wWGiWc/mqdefault.jpg
9cec24b011ee45648eb404066c997f49,5544,"【極深空親子連動】久違ㄉ八人親子大連動又來啦~ 要來玩""誰是你爸!!"" (´ΘωΘ`)█熙歌Cygnus",2023-08-08T15:32:05Z,https://www.youtube.com/watch?v=YZWkbOijH8I,https://i.ytimg.com/vi/YZWkbOijH8I/mqdefault.jpg
fa5a7cdc259543259af42bb23f1e4041,5519,VTuber跑去男模會管工作會如何 #Vtuber #vtuberclips #台v精華 #515#515x20,2023-09-05T09:15:12Z,https://www.youtube.com/watch?v=3THE71pfJrY,https://i.ytimg.com/vi/3THE71pfJrY/mqdefault.jpg
423dd7da92be47f4af7273c5f74efb27,5518,APEX-2  !訂閱 | 8/16 @fei_z 💙,2023-08-16T02:53:46Z,https://www.twitch.tv/videos/1899978725,https://static-cdn.jtvnw.net/cf_vods/d3vd9lfkzbru3h/c2a9e882012820f450b7_fei_z_40534174439_1692154419//thumb/thumb0-%{width}x%{height}.jpg
64c779f8cc214e7a9b570c7b3fc128cc,5513,好啊沒關係啊你就繼續敷衍我啊515 #vtuber #vtuberclips #台v精華 #利卡洛斯 #likaruz #likair #515 #515x20,2023-08-25T11:00:42Z,https://www.youtube.com/watch?v=pdmAeOmmB10,https://i.ytimg.com/vi/pdmAeOmmB10/mqdefault.jpg
4b6b055ada4d4f0ab63b7ad02a3fa3ef,5506,【FF41】🏮LIVE生中継🏮仲夏夜祭🎐-  第三天 -【開拓動漫祭】｜Rumi/懶貓子,2023-08-20T05:48:14Z,https://www.youtube.com/watch?v=bdcTp4ZqZCI,https://i.ytimg.com/vi/bdcTp4ZqZCI/mqdefault.jpg
6fb8c6dea7404638a9d78d4b0d84f64c,5500,【雜談】中颱海葵最新動態！？颱風天在家看台！一起來幫鏡頭君加油！！！！【祈菈．貝希毛絲】,2023-09-03T07:28:54Z,https://www.youtube.com/watch?v=hyK5Xe-gMkY,https://i.ytimg.com/vi/hyK5Xe-gMkY/mqdefault.jpg
9cec24b011ee45648eb404066c997f49,5496,【早安PTT】周表！抽禮物！今天不知道有沒有時間看PTTヽ(●´∀`●)ﾉ█熙歌Cygnus,2023-08-14T02:20:23Z,https://www.youtube.com/watch?v=MstGiS0njRY,https://i.ytimg.com/vi/MstGiS0njRY/mqdefault.jpg
423dd7da92be47f4af7273c5f74efb27,5492,RK  !Line | 8/9 @fei_z 💙,2023-08-09T03:13:15Z,https://www.twitch.tv/videos/1893944554,https://static-cdn.jtvnw.net/cf_vods/d3vd9lfkzbru3h/d415f7b58b137aa1fd36_fei_z_40516193767_1691550788//thumb/thumb0-%{width}x%{height}.jpg
2d8030df89d042fba678da36c8f68aea,5453,[神崎]跟鳥居約會 VRChat,2023-08-10T17:18:26Z,https://www.youtube.com/watch?v=xt0suWncCA4,https://i.ytimg.com/vi/xt0suWncCA4/mqdefault.jpg
ee0763f3339d45b493bf45488a8e7701,5443,【梓芊🐰】 @pandora0407 🤍 8/25 《黎明覺醒》狂沙之怒全新改版 (๑´ㅂ`๑)🤍 !7tv,2023-08-25T00:28:48Z,https://www.twitch.tv/videos/1907723343,https://static-cdn.jtvnw.net/cf_vods/d3vd9lfkzbru3h/afca46b67dae1306d5ab_pandora0407_40558899111_1692923318//thumb/thumb0-%{width}x%{height}.jpg
7ead9e2cac544a7cb00444ef6b4698d1,5440,【琴雜】睡眠琴雜 ｜響Hibiki,2023-08-08T16:03:13Z,https://www.youtube.com/watch?v=QEzJ51IQhVE,https://i.ytimg.com/vi/QEzJ51IQhVE/mqdefault.jpg
4b6b055ada4d4f0ab63b7ad02a3fa3ef,5438,難道是說~💙｜Rumi/懶貓子,2023-08-21T12:00:38Z,https://www.youtube.com/watch?v=iq8aCRiK6RE,https://i.ytimg.com/vi/iq8aCRiK6RE/mqdefault.jpg
3dda133703f64b019d7eea0c5cb55335,5437,【瀰婭ミア】8/24(四)太晚開了直接APEX ft.  @momodan_ko @youdumdumgivemegungun ｜感謝大家77集氣的參與，好愛你們💜｜自主訂閱努力達標中ヾ(•ω•`)o,2023-08-24T08:52:08Z,https://www.twitch.tv/videos/1907138798,https://static-cdn.jtvnw.net/cf_vods/d3vd9lfkzbru3h/dc8e28c535f664707285_miamya0615_40557045735_1692867121//thumb/thumb0-%{width}x%{height}.jpg
ea4c1a67c2e445ad8028768616ceb659,5436,【🥞開完轉會限ㄉ突發】週表努力工作雜談！總之做完週表就可以玩戴夫了ㄇ【洛可洛斯特 / VTUBER】,2023-08-22T21:17:36Z,https://www.youtube.com/watch?v=54vPFBJBEi0,https://i.ytimg.com/vi/54vPFBJBEi0/mqdefault.jpg
8064b5c85fc64d10ae3e9d3a4c0dfd8f,5436,【廟口石頭村】hahamida | 餵食挑戰Day19 一樣打恐鬼ㄇ?,2023-09-05T19:30:07Z,https://www.twitch.tv/videos/1917985308,https://static-cdn.jtvnw.net/cf_vods/d3vd9lfkzbru3h/79319a60e94b5e731ca0_hahacocm_40590346903_1693942200//thumb/thumb0-%{width}x%{height}.jpg
1b63d89e0b1a4b579de6d99e25eaff8f,5434,【#限時雜談】找了管理員幫坦 有用 但不多 #Vtuber #貓祭 #shorts ​#祭庫shorts,2023-08-31T10:00:28Z,https://www.youtube.com/watch?v=dM-QhAHt6R0,https://i.ytimg.com/vi/dM-QhAHt6R0/mqdefault.jpg
5f12df329c6144e1a6c596f4fbcb9e81,5431,為了對得起台湾老師教的中文！我要用字幕君證明我很標準（大概） | 虎子播播台日新聞#10,2023-08-28T14:33:02Z,https://www.youtube.com/watch?v=zrvc6X1v2-Y,https://i.ytimg.com/vi/zrvc6X1v2-Y/mqdefault.jpg
ea4c1a67c2e445ad8028768616ceb659,5426,【🥞潛水員戴夫】深夜的潛水員初見上路囉！感謝某個北極狐幫懶懶ㄉ我做了封面【洛可洛斯特 / VTUBER】,2023-08-19T20:54:28Z,https://www.youtube.com/watch?v=IF8Duk5s710,https://i.ytimg.com/vi/IF8Duk5s710/mqdefault.jpg
f6a4e7aa8d0c4e5cb39d199845ec4d02,5371,【崩壞:星穹鐵道】飲月同行任務&玩玩新活動!【#杏仁ミル 】,2023-09-05T14:48:12Z,https://www.youtube.com/watch?v=4h8GRgvSYrs,https://i.ytimg.com/vi/4h8GRgvSYrs/mqdefault.jpg
265a18972d244affae35711cfd1f9931,5370,🐙旅遊分享.慶生.凸待🐙我們瘋狂把企劃一次處理完 嘿嘿 忙碌囉【MiroLive/塔芭絲可】,2023-08-28T18:02:11Z,https://www.youtube.com/watch?v=kljs2bYlZzM,https://i.ytimg.com/vi/kljs2bYlZzM/mqdefault.jpg
a9b855767b2d432c9f263e3427ff33a6,5367,【Minecraft】週五休閒麥塊time!【埃穆亞Oumua】,2023-08-25T18:27:10Z,https://www.youtube.com/watch?v=p_4NyxISrKg,https://i.ytimg.com/vi/p_4NyxISrKg/mqdefault.jpg
3dda133703f64b019d7eea0c5cb55335,5366,【瀰婭ミア】8/26(六)半夜APEX台💜 ft.  @momodan_ko @youdumdumgivemegungun ｜感謝大家77集氣的參與，好愛你們💜｜自主訂閱努力達標中ヾ(•ω•`)o,2023-08-26T14:51:33Z,https://www.twitch.tv/videos/1909080108,https://static-cdn.jtvnw.net/cf_vods/d3vd9lfkzbru3h/96da86b5a3cf33d98077_miamya0615_40563677591_1693061487//thumb/thumb0-%{width}x%{height}.jpg
9cec24b011ee45648eb404066c997f49,5363,【Starfield】初見安安，又要來開機甲ㄌㄇξ( ✿＞◡❛)▄︻▇▇〓▄︻┻┳═一█熙歌Cygnus,2023-09-01T09:57:36Z,https://www.youtube.com/watch?v=ZKUJ9xaIXTw,https://i.ytimg.com/vi/ZKUJ9xaIXTw/mqdefault.jpg
ea4c1a67c2e445ad8028768616ceb659,5359,【🥞Goose Goose Duck！】13人鵝鴨殺！跟很多朋朋們一起玩！肯定是不會心結的對吧！？【洛可洛斯特 / VTUBER】FT.很多人(看概要欄喔),2023-08-15T16:14:33Z,https://www.youtube.com/watch?v=jChO6Ux3Bwc,https://i.ytimg.com/vi/jChO6Ux3Bwc/mqdefault.jpg
658e63bebdca421ca934b0bf6aa2bcd8,5358,大家好，我是灰妲，我要跑路了 #台灣VTUBER,2023-09-03T06:19:42Z,https://www.youtube.com/watch?v=4M5jQBLJzWk,https://i.ytimg.com/vi/4M5jQBLJzWk/mqdefault.jpg
f6a4e7aa8d0c4e5cb39d199845ec4d02,5354,渋ハルカスタム |  !3C !rumicafe,2023-08-24T11:38:15Z,https://www.twitch.tv/videos/1907195812,https://static-cdn.jtvnw.net/cf_vods/d3vd9lfkzbru3h/567a6be462c28df0175c_vtuber_amiru_40557483015_1692877090//thumb/thumb0-%{width}x%{height}.jpg
04d2ff1dde6b4bb68503a734274f4b7e,5331,突發！！晚餐前消耗一下熱量八！！,2023-08-11T12:13:44Z,https://www.youtube.com/watch?v=TM69FAO2zto,https://i.ytimg.com/vi/TM69FAO2zto/mqdefault.jpg
2741a90689f342548daad7f760b0a8f7,5316,【#VoiceTo16歌回接力】誰敢說初音是軟體！我就...！也不會怎樣【希翁／Chion】,2023-08-31T08:31:00Z,https://www.youtube.com/watch?v=JOqUTLI_1qU,https://i.ytimg.com/vi/JOqUTLI_1qU/mqdefault.jpg
5535c9524eb046c38e172ebfa06b302f,5309,🔴AR60 ASIA【#原神 / Genshin】楓丹快來啦! 暑假作業趕工💦💦💦   ▹ @ruroroisme ◃,2023-08-12T12:13:44Z,https://www.twitch.tv/videos/1896783625,https://static-cdn.jtvnw.net/cf_vods/d3vd9lfkzbru3h/061221aafef484b5026b_ruroroisme_40525069687_1691842415//thumb/thumb0-%{width}x%{height}.jpg
f6a8c59d8b8d4e009d4e147ec268cd73,5304,吉娃娃之歌 　Ellise cover　チワワの歌　翻唱,2023-08-07T10:00:09Z,https://www.youtube.com/watch?v=gmx3tEI8PvU,https://i.ytimg.com/vi/gmx3tEI8PvU/mqdefault.jpg
f5ff982730f54cd4826ff0530a4288c2,5296,🍜 【理想型默契大考驗】才符合幾項還敢整天喊婆？【白湯】 ft.涅默 @NemesisXDFP,2023-08-17T16:31:34Z,https://www.youtube.com/watch?v=H08gRYfAlGk,https://i.ytimg.com/vi/H08gRYfAlGk/mqdefault.jpg
66c812bb04844241af1d1c7539b5e251,5295,未來視｜8～12月抽角、專武、六星、活動農角介紹與抽角建議！【超異域公主連結☆Re:Dive】,2023-08-27T03:10:55Z,https://www.youtube.com/watch?v=t5KRtFQ5R0A,https://i.ytimg.com/vi/t5KRtFQ5R0A/mqdefault.jpg
dad6fb7439d744739755a9a7c6c18d20,5292,『妳是我永遠過不去的彎』／小尾巴｜Cover by 角蓮｜沒有拍成電影《山道猴子的一生》主題曲｜【普通音質／中文歌詞Lyrics】,2023-08-17T16:33:10Z,https://www.youtube.com/watch?v=lLeqSk5fuOg,https://i.ytimg.com/vi/lLeqSk5fuOg/mqdefault.jpg
3809ec8a42634d11aa1b7b8f99755c6a,5286,【花花】9/1 九月訂閱七五折 還不趕快訂起來! | !line貼圖 | !周邊 | !委託,2023-09-01T12:28:47Z,https://www.twitch.tv/videos/1914188456,https://static-cdn.jtvnw.net/cf_vods/d3vd9lfkzbru3h/dda4ae6d78d1b03f779e_mayberuu_40578675911_1693571319//thumb/thumb0-%{width}x%{height}.jpg
9d9c6477329245cbb2557895f4f15686,5281,為什麼乙緹會是路痴,2023-08-12T20:31:45Z,https://www.youtube.com/watch?v=PtY9_arFSlA,https://i.ytimg.com/vi/PtY9_arFSlA/mqdefault.jpg
4b6b055ada4d4f0ab63b7ad02a3fa3ef,5277,那是我的蛋糕~💙｜Rumi/懶貓子,2023-09-02T05:00:01Z,https://www.youtube.com/watch?v=aQmUE68FNxI,https://i.ytimg.com/vi/aQmUE68FNxI/mqdefault.jpg
7c06b9e316ce4ac18ce836cd72442bbe,5277,【鵝鴨殺】九月也要當一隻好鵝 ft.很多朋朋【浠Mizuki Game】,2023-09-01T16:59:06Z,https://www.youtube.com/watch?v=nngqRFwwUIU,https://i.ytimg.com/vi/nngqRFwwUIU/mqdefault.jpg
cd42e06c40534d9eac7e30a434e47d43,5255,【新衣裝發表】二週年了!是一隻老海豹了!  ♡  嗷嗚~ #vtuber,2023-08-07T15:42:29Z,https://www.youtube.com/watch?v=cKQ4HBlPeVk,https://i.ytimg.com/vi/cKQ4HBlPeVk/mqdefault.jpg
0b63fa89b80e4649b0297d156ed1c791,5249,【別想讓我唱情歌 | 七夕歌回】 不可能轉到情歌的啦哼!!! #杉山参,2023-08-25T17:45:40Z,https://www.youtube.com/watch?v=iqv-rx1yCxA,https://i.ytimg.com/vi/iqv-rx1yCxA/mqdefault.jpg
c65e7caaf81a43249d5132b9fe312b24,5238,VIOLIN VTUBER SOOTHES YOUR SOUL,2023-09-04T04:02:32Z,https://www.youtube.com/watch?v=6w1SKdaqAWk,https://i.ytimg.com/vi/6w1SKdaqAWk/mqdefault.jpg
04d2ff1dde6b4bb68503a734274f4b7e,5229,【停屍間】歐咖咪的恐怖遊戲台,2023-08-23T15:06:44Z,https://www.youtube.com/watch?v=vNzS_w5AI40,https://i.ytimg.com/vi/vNzS_w5AI40/mqdefault.jpg
4b6b055ada4d4f0ab63b7ad02a3fa3ef,5222,【Rumi初新衣装預想企劃】來看看大家的預想吧💭✨｜Rumi/懶貓子,2023-08-11T14:48:26Z,https://www.youtube.com/watch?v=298RwVN5fao,https://i.ytimg.com/vi/298RwVN5fao/mqdefault.jpg
a9b855767b2d432c9f263e3427ff33a6,5205,【精神病院】四人旅行團這次要去哪! 應該不會變單機遊戲吧( º﹃º ) ft.@Miririririku 、@KannazukiLubee 、@NKStellaEleanor 【埃穆亞Oumua】,2023-08-24T17:15:24Z,https://www.youtube.com/watch?v=81cIRBsH8zU,https://i.ytimg.com/vi/81cIRBsH8zU/mqdefault.jpg
423dd7da92be47f4af7273c5f74efb27,5190,會到阿  !訂閱 | 8/12 @fei_z 💙,2023-08-12T03:09:32Z,https://www.twitch.tv/videos/1896548714,https://static-cdn.jtvnw.net/cf_vods/d3vd9lfkzbru3h/9b2cfe3ea271c13d7f37_fei_z_40524177767_1691809765//thumb/thumb0-%{width}x%{height}.jpg
ea4c1a67c2e445ad8028768616ceb659,5186,【🥞東方合作歌回！】コラボ歌枠！跟幽閉主唱Marcia一起來唱東方的歌！好期待！【洛可洛斯特 / VTUBER】,2023-08-17T14:42:06Z,https://www.youtube.com/watch?v=fp_9kG4wmEU,https://i.ytimg.com/vi/fp_9kG4wmEU/mqdefault.jpg
7c06b9e316ce4ac18ce836cd72442bbe,5178,【關鍵字雜談】 和我分享你的故事吧！【浠Mizuki Free Talk】,2023-08-16T15:36:45Z,https://www.youtube.com/watch?v=cNVyJXkjB_g,https://i.ytimg.com/vi/cNVyJXkjB_g/mqdefault.jpg
f110fd69b66941bab04de9ada563c6ac,5175,AOI的九九乘法表 #shorts,2023-09-03T08:34:57Z,https://www.youtube.com/watch?v=hxJx-8qqdWc,https://i.ytimg.com/vi/hxJx-8qqdWc/mqdefault.jpg
1b63d89e0b1a4b579de6d99e25eaff8f,5175,聾啞夫婦如何吵架 #Vtuber #貓祭 #shorts ​#祭庫shorts,2023-08-12T10:00:13Z,https://www.youtube.com/watch?v=I2iy1RUNwuU,https://i.ytimg.com/vi/I2iy1RUNwuU/mqdefault.jpg
1b63d89e0b1a4b579de6d99e25eaff8f,5174,你們有沒有顧慮我的感受！！！沒有！！！！！ #Vtuber #貓祭 #shorts ​#祭庫shorts,2023-09-02T10:00:17Z,https://www.youtube.com/watch?v=NbVLrsrUOgc,https://i.ytimg.com/vi/NbVLrsrUOgc/mqdefault.jpg
ea4c1a67c2e445ad8028768616ceb659,5165,【🥞65000訂閱輸贏台！】65000訂閱前在幹嘛！做週表啊！誰跟你耐久我要輸贏！【洛可洛斯特 / VTUBER】,2023-09-04T17:08:22Z,https://www.youtube.com/watch?v=aCk_8_Eu3Pc,https://i.ytimg.com/vi/aCk_8_Eu3Pc/mqdefault.jpg
64c779f8cc214e7a9b570c7b3fc128cc,5165,【#歌枠】主播真的很累，等一下可能會唱到睡著。  #初見歓迎 | 利卡洛斯 LiKaRuZ,2023-08-09T14:46:18Z,https://www.youtube.com/watch?v=KF3kJe2vRrQ,https://i.ytimg.com/vi/KF3kJe2vRrQ/mqdefault.jpg
658e63bebdca421ca934b0bf6aa2bcd8,5157,【深夜棉花糖】當你凝視著鳥球時 鳥球也凝視著你【灰妲 🦜】,2023-08-12T19:41:15Z,https://www.youtube.com/watch?v=GqL0_hhTbYM,https://i.ytimg.com/vi/GqL0_hhTbYM/mqdefault.jpg
2760c9a44c20464d8e140e6367ed1cdf,5154,【算帳台→雜一下等麥塊】該來的還是要來...人總要為自己做過的事負責仼...,2023-08-07T11:13:37Z,https://www.youtube.com/watch?v=A1oRqa1aWkY,https://i.ytimg.com/vi/A1oRqa1aWkY/mqdefault.jpg
b126053a1356460ebf85a874a6a55aca,5152,性賄賂營建署高官，廠商買女藝術家供包養｜若取消ECFA，對老百姓有何影響 🍓 20230820　#高雄林小姐 #Vtuber​​​​ #台灣Vtuber​​​ #台V,2023-08-20T13:26:18Z,https://www.youtube.com/watch?v=VE4no7LGOI8,https://i.ytimg.com/vi/VE4no7LGOI8/mqdefault.jpg
423dd7da92be47f4af7273c5f74efb27,5144,♡(*´ ˘ `*)♡  !Line | 8/8 @fei_z 💙,2023-08-08T03:12:40Z,https://www.twitch.tv/videos/1893070256,https://static-cdn.jtvnw.net/cf_vods/d3vd9lfkzbru3h/9f2c70582e15e1146909_fei_z_40513545127_1691464353//thumb/thumb0-%{width}x%{height}.jpg
98e3a5838fec4a6caa936ae35485de23,5142,【深夜談】機會命運請選擇！SquareLive名場面2選1！！！🍻【露恰露恰．Vtuber】,2023-08-31T19:24:27Z,https://www.youtube.com/watch?v=2Sh6FSXDGx8,https://i.ytimg.com/vi/2Sh6FSXDGx8/mqdefault.jpg
5f12df329c6144e1a6c596f4fbcb9e81,5132,台灣的朋友...取名字真的很重要哦！遊戲ID也不能亂取哦！【Torako直播精華】,2023-08-23T04:00:12Z,https://www.youtube.com/watch?v=V4wvs3YI7Dc,https://i.ytimg.com/vi/V4wvs3YI7Dc/mqdefault.jpg
3809ec8a42634d11aa1b7b8f99755c6a,5132,【花花】9/2 九月訂閱七五折 還不趕快訂起來! | !line貼圖 | !周邊 | !委託,2023-09-02T10:24:16Z,https://www.twitch.tv/videos/1915048886,https://static-cdn.jtvnw.net/cf_vods/d3vd9lfkzbru3h/464127c68174b9cbaa2d_mayberuu_40581118439_1693650250//thumb/thumb0-%{width}x%{height}.jpg
2d8030df89d042fba678da36c8f68aea,5129,[神崎]氣都氣飽了 冷氣不裝惹,2023-08-07T14:05:41Z,https://www.youtube.com/watch?v=G73068lfrNo,https://i.ytimg.com/vi/G73068lfrNo/mqdefault.jpg
abd64c9a64e04fb1b23faa2480c1c106,5124,中之人會意外曝光的Vtuber恐怖遊戲...欸！？？,2023-09-01T14:35:02Z,https://www.youtube.com/watch?v=j_eS-WNXDYg,https://i.ytimg.com/vi/j_eS-WNXDYg/mqdefault.jpg
ba59bb31bbcd4cf3a481c4cf72918fb0,5114,🔴🎉新衣裝！超可愛的新日常服💖＆電音歌回⚡⚡【米亞Mya】,2023-09-03T14:53:00Z,https://www.youtube.com/watch?v=57SKZpGPiT0,https://i.ytimg.com/vi/57SKZpGPiT0/mqdefault.jpg
6c7a8b443aa942a89a83485c98d10559,5106,【軟軟的就真的不好吃…】大哥也是真的危⚠️ #酒雜 #UMiLive  #shorts #小原栞【小原 栞 / VTUBER】,2023-08-20T12:00:32Z,https://www.youtube.com/watch?v=VDKoN--VFo4,https://i.ytimg.com/vi/VDKoN--VFo4/mqdefault.jpg
f6a8c59d8b8d4e009d4e147ec268cd73,5100,☾ ただ君に晴れ / ヨルシカ cover Ellise 【#歌枠 切り抜き】 #shorts #cover  #vtuber,2023-08-18T10:00:44Z,https://www.youtube.com/watch?v=uSUQ7sOuiTU,https://i.ytimg.com/vi/uSUQ7sOuiTU/mqdefault.jpg
1cfadb0d2e154a258c3177ff8264336f,5089,試當真阿慈竟然同MK妹...？！💗,2023-08-26T12:00:09Z,https://www.youtube.com/watch?v=SKskjhxH34o,https://i.ytimg.com/vi/SKskjhxH34o/mqdefault.jpg
494d2c5daf9f4a8a8e4538687e6be14c,5085,病嬌女友跟拍到你家【兔姬UsagiHime | 惡兔重工】,2023-08-22T15:22:41Z,https://www.youtube.com/watch?v=rdWZ5FZkHMA,https://i.ytimg.com/vi/rdWZ5FZkHMA/mqdefault.jpg
ec65566d949944ffb1e2723f97ded6e0,5085,【雜談】來和我聊聊你的近況！【蘭斯洛特．拉法葉】,2023-08-16T12:38:22Z,https://www.youtube.com/watch?v=gNcVlg4JoJU,https://i.ytimg.com/vi/gNcVlg4JoJU/mqdefault.jpg
7ead9e2cac544a7cb00444ef6b4698d1,5085,【健身環】半小時唱唱歌~等充電~大家一起來運動 ft.健身米花們｜響Hibiki,2023-08-11T10:24:36Z,https://www.youtube.com/watch?v=EjVyrPNqJkc,https://i.ytimg.com/vi/EjVyrPNqJkc/mqdefault.jpg
1ccdbe5d48934f4cbabc86512dd1d357,5073,【在日本炎上】麥當勞禁止國中生出入的理由...#shorts,2023-08-18T08:00:15Z,https://www.youtube.com/watch?v=IsvkpgUlTdc,https://i.ytimg.com/vi/IsvkpgUlTdc/mqdefault.jpg
6c872a4043b84e4493877a42af684d1d,5062,「#宇宙歌枠 125」復仇復仇歌回...然後陪你們上班QQ Singing Stream【銀河Galaxy】,2023-08-23T10:22:37Z,https://www.youtube.com/watch?v=Vlgd1vBv258,https://i.ytimg.com/vi/Vlgd1vBv258/mqdefault.jpg
a9b855767b2d432c9f263e3427ff33a6,5061,【穆聊箱談室】每週日固定節目! 第二棒邀請春魚STAFF昆布來冰箱裡聊天~ ft.昆布【埃穆亞Oumuamua】,2023-08-27T15:50:06Z,https://www.youtube.com/watch?v=AT57ZEg_hBc,https://i.ytimg.com/vi/AT57ZEg_hBc/mqdefault.jpg
423dd7da92be47f4af7273c5f74efb27,5056,快樂每一天  !訂閱 | 8/11 @fei_z 💙,2023-08-11T03:47:29Z,https://www.twitch.tv/videos/1895692134,https://static-cdn.jtvnw.net/cf_vods/d3vd9lfkzbru3h/285b60a889aebb0f8a49_fei_z_40521590327_1691725644//thumb/thumb0-%{width}x%{height}.jpg
64c779f8cc214e7a9b570c7b3fc128cc,5046,【兩萬慶祝】兩萬訂閱慶祝台詞回！！要不要看看你們都讓利卡說了些什麼......  #初見歓迎 | 利卡洛斯 LiKaRuZ,2023-08-15T15:33:07Z,https://www.youtube.com/watch?v=N44PSjHj_pM,https://i.ytimg.com/vi/N44PSjHj_pM/mqdefault.jpg
e93bd1102e214cbaa71cc5b2e4a53595,5018,【真正看某】 黃黃的到底在哪 【厄倫蒂兒 Earendel】,2023-09-03T04:00:06Z,https://www.youtube.com/watch?v=CiPwd3MoO84,https://i.ytimg.com/vi/CiPwd3MoO84/mqdefault.jpg
658e63bebdca421ca934b0bf6aa2bcd8,5012,【佛雷迪的五夜驚魂：安全漏洞 #1 】初見FNAF系列 ! 所以說你怎麼不乖乖回家啦【灰妲 🦜】,2023-08-15T19:15:36Z,https://www.youtube.com/watch?v=0JuBYQA-uHI,https://i.ytimg.com/vi/0JuBYQA-uHI/mqdefault.jpg
bafb134fd2f849898d6242d1f5f683cc,5008,【Marvel's Spider-Man Remastered】繼續打架衝刺主線！【涅默Nemesis】,2023-09-04T11:12:29Z,https://www.youtube.com/watch?v=1tdi9WBesHU,https://i.ytimg.com/vi/1tdi9WBesHU/mqdefault.jpg
2741a90689f342548daad7f760b0a8f7,5006,直播中想把Vtuber給殺死的觀眾們 #shorts,2023-08-07T15:13:25Z,https://www.youtube.com/watch?v=ZZ8wdlWHgzE,https://i.ytimg.com/vi/ZZ8wdlWHgzE/mqdefault.jpg
9cec24b011ee45648eb404066c997f49,5004,【早安熙八】一起吃早餐聊聊天吧!!!!(今天絕對不flappy bird)(゜皿。)█熙歌Cygnus,2023-08-30T02:18:22Z,https://www.youtube.com/watch?v=2bCe6UNE8Rw,https://i.ytimg.com/vi/2bCe6UNE8Rw/mqdefault.jpg
28a930938667442288010b333937e2ab,5001,【焦兒】打瓦突發 Ft.蘭斯洛特 利卡洛斯💙新女裝特寫片上傳YT了！| @joerze |!YT 看台裝7tv,2023-08-19T05:02:10Z,https://www.twitch.tv/videos/1902710359,https://static-cdn.jtvnw.net/cf_vods/d3vd9lfkzbru3h/f24152ca9a4192596124_joerze_40543030887_1692421324//thumb/thumb0-%{width}x%{height}.jpg
a9b855767b2d432c9f263e3427ff33a6,5000,【保持交流就沒人爆炸】不準生氣! 誰先破防誰就是小弟(大哥視角) ft.@LancelotL_ST 【埃穆亞Oumua】,2023-08-30T15:50:00Z,https://www.youtube.com/watch?v=ClxvTj4fczI,https://i.ytimg.com/vi/ClxvTj4fczI/mqdefault.jpg
ea4c1a67c2e445ad8028768616ceb659,4997,【パラソーシャル/人忌關係】達標只能玩恐怖遊戲ㄌ哭阿，跟蹤特定很噁請不要這樣搞好ㄇ【洛可洛斯特 / VTUBER】,2023-08-29T17:19:01Z,https://www.youtube.com/watch?v=Rw_THI9gZGA,https://i.ytimg.com/vi/Rw_THI9gZGA/mqdefault.jpg
b4a1791208fd4d85b7b08ee2bad0c236,4995,【瑪麗茶會】陪你上班你就不無聊了🌼  #瑪格麗特諾爾絲 #箱箱TheBox,2023-09-05T09:57:31Z,https://www.youtube.com/watch?v=pi-FL5-r_m4,https://i.ytimg.com/vi/pi-FL5-r_m4/mqdefault.jpg
cd42e06c40534d9eac7e30a434e47d43,4990,不要調戲我！帕豹同學！ #vtuber #shorts #台V #vtuberclip #vtuber中文 #帕豹pabo #台灣vtuber #台灣vtuber精華 #vtuber精華,2023-08-29T05:36:44Z,https://www.youtube.com/watch?v=aTsTZhOoTvk,https://i.ytimg.com/vi/aTsTZhOoTvk/mqdefault.jpg
22ca620b93c94e5cb48175bbecf8d3af,4990,真的有上帝嗎？只要動腦就能證明上帝存在？ 本體論證 經院哲學 基督教：哲學說故事,2023-08-29T12:00:21Z,https://www.youtube.com/watch?v=GkyGlDAqw10,https://i.ytimg.com/vi/GkyGlDAqw10/mqdefault.jpg
ea4c1a67c2e445ad8028768616ceb659,4971,【🥞鐵口直斷的貓！】鬼月企劃！有玩過貓仙嗎大概就是碟仙那個道理【洛可洛斯特 / VTUBER】,2023-09-02T19:01:54Z,https://www.youtube.com/watch?v=kJnzCJtW90k,https://i.ytimg.com/vi/kJnzCJtW90k/mqdefault.jpg
b126053a1356460ebf85a874a6a55aca,4970,賴品妤不明國際情況？稱不公開反核是失職政治人物｜少將貪洗衣機判12年，關的比殺人犯還久 🍓 20230813　#高雄林小姐 #Vtuber​​​​ #台灣Vtuber​​​ #台V,2023-08-13T13:18:28Z,https://www.youtube.com/watch?v=M7XLSAXk4mE,https://i.ytimg.com/vi/M7XLSAXk4mE/mqdefault.jpg
1a95bb88e451498ca3491b69af964588,4966,8/16 不知道為什麼關了 繼續瓦爾豚 加班D9  @mizuki_7777 @mimiimiiiii | !周邊 !二週年 !加班 !7tv !音量 !DC | @hsuanhsuandesu,2023-08-16T04:27:18Z,https://www.twitch.tv/videos/1900038870,https://static-cdn.jtvnw.net/cf_vods/d3vd9lfkzbru3h/a9756c79ad189cf1fd82_hsuanhsuandesu_40534370391_1692160030//thumb/thumb0-%{width}x%{height}.jpg
549ccdec24884233bd675a2bab77cacf,4932,【重大告知】關於本頻道,2023-08-23T09:29:57Z,https://www.youtube.com/watch?v=zEmbxYIt7TM,https://i.ytimg.com/vi/zEmbxYIt7TM/mqdefault.jpg
a3ce195c0069494c99849d0b1a10a7fd,4928,【老了】孤獨的喝酒｜悠白Ubye　#vtuber  #shorts  #台V  #vtuberclip  #vtuber中文 #雲際線,2023-08-22T11:15:02Z,https://www.youtube.com/watch?v=etJn683qNf8,https://i.ytimg.com/vi/etJn683qNf8/mqdefault.jpg
0641a9c8b9a94994aaa33e0c86fef75b,4923,【一起合照】跟我一起拍照!傳給我你ㄉ照片!【庫洛姆Kuromu】#台灣Vtuber,2023-08-24T17:14:48Z,https://www.youtube.com/watch?v=-MlD9S4_zc8,https://i.ytimg.com/vi/-MlD9S4_zc8/mqdefault.jpg
a9b855767b2d432c9f263e3427ff33a6,4915,【穆聊箱談室】Vtuber別看!! 冰箱訪談的第三位來冰man音白湯!!  ft.@PaitanOfficial 【埃穆亞Oumuamua】,2023-09-03T15:08:31Z,https://www.youtube.com/watch?v=5DpvK40c2tw,https://i.ytimg.com/vi/5DpvK40c2tw/mqdefault.jpg
04d2ff1dde6b4bb68503a734274f4b7e,4911,今晚需要下酒菜嗎？天才小廚娘 (偽) 來做給你吃唷 ♡,2023-08-24T16:23:39Z,https://www.youtube.com/watch?v=nYJ55EnVREQ,https://i.ytimg.com/vi/nYJ55EnVREQ/mqdefault.jpg
5c7beefaa54444e3b0443d7abd93c1f7,4909,睡過頭了，所以在外面亂晃等晚上吃和牛【三毛毛毛】,2023-08-10T14:13:55Z,https://www.youtube.com/watch?v=R-6j8t5zi0U,https://i.ytimg.com/vi/R-6j8t5zi0U/mqdefault.jpg
62e5d9c4ad1e4d7a9fb61fe531c4b940,4905,【殘酷二選一】到了該抉擇的時刻，究竟會不會到最後沒有朋友呢？台V殘酷二選一【凝川眠 kokawa nemuri】,2023-08-15T16:49:06Z,https://www.youtube.com/watch?v=cw59NGyfoFk,https://i.ytimg.com/vi/cw59NGyfoFk/mqdefault.jpg
1b63d89e0b1a4b579de6d99e25eaff8f,4902,既然不能讓人生理受傷，那只好心理層面攻擊了　#Vtuber #貓祭 #shorts ​#祭庫shorts,2023-08-21T10:00:10Z,https://www.youtube.com/watch?v=9HpXAGZbF68,https://i.ytimg.com/vi/9HpXAGZbF68/mqdefault.jpg
c41044006a014ed28107f33221a7de98,4901,【PAINTING】有碼！95折優惠！【AsaIfrit】 #asalive #繪圖 #原神 #Wriothesley #PLANET9商城,2023-08-24T17:08:28Z,https://www.youtube.com/watch?v=Y22rj0BOuIo,https://i.ytimg.com/vi/Y22rj0BOuIo/mqdefault.jpg
fd6a0236861940389e15ef85b16c6069,4890,《緋染天空》迎向日本開服1.5週年啦! 大大更新與大大福利,2023-08-14T10:00:38Z,https://www.youtube.com/watch?v=l8pWRzKSu6Y,https://i.ytimg.com/vi/l8pWRzKSu6Y/mqdefault.jpg
3197e5649c65405cbbe6e5f1a44cf8e1,4882,【#VoiceTo16歌回接力】祝初音16歲生日快樂💕讓我們把歌曲傳唱16次！【白月心宿】,2023-08-31T14:39:33Z,https://www.youtube.com/watch?v=YmomnTQG0L4,https://i.ytimg.com/vi/YmomnTQG0L4/mqdefault.jpg
9e64bba43928414884503de36f805c48,4880,8/29 安安 今天跟很多人玩 !新片 | !BT 申請帳號跟主播一起玩 | 掛台抽哀鳳 | 789月自主訂閱抽神秘小禮包 | !YT !滑鼠,2023-08-29T09:53:34Z,https://www.twitch.tv/videos/1911538461,https://static-cdn.jtvnw.net/cf_vods/d3vd9lfkzbru3h/dd1234b465b03c995f7d_wen620_40570540759_1693302807//thumb/thumb0-%{width}x%{height}.jpg
bafb134fd2f849898d6242d1f5f683cc,4873,【WHO'S YOUR DADDY?!】極深空親子大黏動！這次要玩一款心結遊戲，挑戰和爹媽的血緣濃度 ft.湯圓/白帝/茂矢門/花子/海瓜子【涅默Nemesis】,2023-08-08T15:18:31Z,https://www.youtube.com/watch?v=UyKeN4d15Eo,https://i.ytimg.com/vi/UyKeN4d15Eo/mqdefault.jpg
17c335762a694402b8cb9a96b2865572,4871,醉到下播 | 這主播太狠了，怎麼能醉成這樣👾,2023-08-19T22:04:00Z,https://www.youtube.com/watch?v=51I9qYXj3vQ,https://i.ytimg.com/vi/51I9qYXj3vQ/mqdefault.jpg
a9b855767b2d432c9f263e3427ff33a6,4871,【scp secret laboratory】跟一群人玩好玩遊戲 ft.很多人【埃穆亞Oumua】,2023-08-21T16:59:46Z,https://www.youtube.com/watch?v=9JFAKhGMtGg,https://i.ytimg.com/vi/9JFAKhGMtGg/mqdefault.jpg
f2a403cb46354371837550730a397bd1,4857,晚安💙瑪卡巴卡💙,2023-08-15T15:44:09Z,https://www.youtube.com/watch?v=L5EZYIKcCuk,https://i.ytimg.com/vi/L5EZYIKcCuk/mqdefault.jpg
a8ce4642418b4fe8ba1471a32097f4c4,4855,【#台V鐵人三項】所以我到底為甚麼會想不開 ? ? ? 然後今天竟然還不能尖叫 ! 真苦【歐妲/惡獸時代】,2023-08-27T15:00:01Z,https://www.youtube.com/watch?v=_gNlGqcgPS0,https://i.ytimg.com/vi/_gNlGqcgPS0/mqdefault.jpg
5535c9524eb046c38e172ebfa06b302f,4854,🔵ASIA Lv70【崩壞：星穹鐵道】解某人老公的同行任務 !語音包 !飲月  ▹ @ruroroisme ◃,2023-08-31T14:52:32Z,https://www.twitch.tv/videos/1913414878,https://static-cdn.jtvnw.net/cf_vods/d3vd9lfkzbru3h/6d4d99661819df169ddd_ruroroisme_40576590903_1693493543//thumb/thumb0-%{width}x%{height}.jpg
658e63bebdca421ca934b0bf6aa2bcd8,4845,【#4 0830 鸚鵡市新聞】回歸 ! 鸚鵡市雖然遲到 但不會不到【灰妲 🦜】,2023-08-30T18:11:09Z,https://www.youtube.com/watch?v=WjjA6DcSZJ8,https://i.ytimg.com/vi/WjjA6DcSZJ8/mqdefault.jpg
0b63fa89b80e4649b0297d156ed1c791,4834,【#VoiceTo16歌回接力】16歲生日大快樂!!! 一起來唱ミク的歌!!! #杉山参,2023-08-31T11:38:46Z,https://www.youtube.com/watch?v=1rcepybHWj8,https://i.ytimg.com/vi/1rcepybHWj8/mqdefault.jpg
b126053a1356460ebf85a874a6a55aca,4827,柯文哲又放大絕 - 支持安樂死！｜高雄淹大水！綠民代卻歌功頌「廷」 🍓 20230817　#高雄林小姐 #Vtuber​​​​ #台灣Vtuber​​​ #台V,2023-08-17T13:35:40Z,https://www.youtube.com/watch?v=vRuq3BHB9d0,https://i.ytimg.com/vi/vRuq3BHB9d0/mqdefault.jpg
a3ce195c0069494c99849d0b1a10a7fd,4825,【#darksouls3 】30分鐘內挑戰古達！全箱接力－悠白棒次！ ft. 營運@AJieLive   ｜ #悠白 #Ubye,2023-08-30T15:16:45Z,https://www.youtube.com/watch?v=xaL-fbJGp3I,https://i.ytimg.com/vi/xaL-fbJGp3I/mqdefault.jpg
a9b855767b2d432c9f263e3427ff33a6,4821,【雜談】隨意聊聊～ 來感謝一下SC【埃穆亞Oumua】,2023-08-28T15:32:08Z,https://www.youtube.com/watch?v=Ic-iJEPffYM,https://i.ytimg.com/vi/Ic-iJEPffYM/mqdefault.jpg
9cec24b011ee45648eb404066c997f49,4809,【Starfield】再次初見(?) 這次我睡飽了，來吧星際旅行~~~ (´⊙ω⊙`)█熙歌Cygnus,2023-09-02T17:11:06Z,https://www.youtube.com/watch?v=pZzejQTS52o,https://i.ytimg.com/vi/pZzejQTS52o/mqdefault.jpg
494d2c5daf9f4a8a8e4538687e6be14c,4805,初見!!!! 最善良最不會說謊的兔姬在這個世界能好好活下去嗎? 【鵝鴨殺】Goose Goose Duck｜ft. 很多人⚡【兔姬UsagiHime | 惡兔重工】,2023-08-15T15:55:20Z,https://www.youtube.com/watch?v=U8t7i3RAq8g,https://i.ytimg.com/vi/U8t7i3RAq8g/mqdefault.jpg
20f0e269ce554a00920de0444bc22aaf,4793,女V喝醉弄濕自己在叫○ #vtuber #台灣vtuber,2023-08-09T11:00:01Z,https://www.youtube.com/watch?v=121EWVxHqgE,https://i.ytimg.com/vi/121EWVxHqgE/mqdefault.jpg
1323f1b775bf43659f8b8ec2899522cd,4793,【早安呱呱】早晨談話時間!!今天來吃早餐🐸🍁,2023-08-10T04:15:27Z,https://www.youtube.com/watch?v=DphktH0hf4Q,https://i.ytimg.com/vi/DphktH0hf4Q/mqdefault.jpg
64c779f8cc214e7a9b570c7b3fc128cc,4780,【#歌枠】喜歡唱歌，更喜歡唱完歌後又要開會。  #初見歓迎 | 利卡洛斯 LiKaRuZ,2023-08-16T15:53:55Z,https://www.youtube.com/watch?v=rF0oNn4i1rI,https://i.ytimg.com/vi/rF0oNn4i1rI/mqdefault.jpg
b126053a1356460ebf85a874a6a55aca,4777,穩了？郭台銘參選，賴清德、林俊憲喜滋滋｜你白的，我黑的?! 警察妻子竟是詐騙集團幹部！ 🍓 20230828　#高雄林小姐 #Vtuber​​​​ #台灣Vtuber​​​ #台V,2023-08-28T13:07:23Z,https://www.youtube.com/watch?v=LtUJpJa4pdA,https://i.ytimg.com/vi/LtUJpJa4pdA/mqdefault.jpg
ea4c1a67c2e445ad8028768616ceb659,4759,【🥞午後雜談】想跟妳們聊聊很多合唱跟接力的東西！還有滿滿ㄉ感謝！【洛可洛斯特 / VTUBER】,2023-09-02T12:16:46Z,https://www.youtube.com/watch?v=8L2N_sN4xF0,https://i.ytimg.com/vi/8L2N_sN4xF0/mqdefault.jpg
fe569b0c059e406daf57eb2acd11cc21,4752,驚喜！現在賣房子跟交女友一樣要保持神秘感#vtuber #shorts #vtuber精華 #vtuber中文 #台v #台灣vtuber,2023-08-28T12:00:26Z,https://www.youtube.com/watch?v=iuJf9Ifjj5E,https://i.ytimg.com/vi/iuJf9Ifjj5E/mqdefault.jpg
658e63bebdca421ca934b0bf6aa2bcd8,4745,【JUMP KING DLC 】還在吃飯的灰妲想要迴避這個痛苦的賭約【灰妲 🦜】 #台V鐵人三項,2023-08-16T10:01:39Z,https://www.youtube.com/watch?v=qE-IpKelIE8,https://i.ytimg.com/vi/qE-IpKelIE8/mqdefault.jpg
5f12df329c6144e1a6c596f4fbcb9e81,4743,為了對得起台湾老師教的中文！我要用字幕君證明我很標準（大概） | 虎子播播台日新聞#11,2023-09-04T14:20:45Z,https://www.youtube.com/watch?v=5y558Zw0P64,https://i.ytimg.com/vi/5y558Zw0P64/mqdefault.jpg
4b6b055ada4d4f0ab63b7ad02a3fa3ef,4740,我的生日🍰謝謝Rumily來幫我慶祝五周年✨｜Rumi/懶貓子,2023-09-02T12:00:22Z,https://www.youtube.com/watch?v=Ia0Gdt1ckRQ,https://i.ytimg.com/vi/Ia0Gdt1ckRQ/mqdefault.jpg
bafb134fd2f849898d6242d1f5f683cc,4736,【Marvel's Spider-Man Remastered】主線超過一半啦~！【涅默Nemesis】,2023-08-28T08:52:20Z,https://www.youtube.com/watch?v=Au1GCq9Tgn0,https://i.ytimg.com/vi/Au1GCq9Tgn0/mqdefault.jpg
2e266a71aa3d4a67bb8d9a2a0b573319,4730,【仔魚】08/29  吊人村2 ┃!line !周邊 !VOD !糯米 @ZIIFISH,2023-08-29T10:08:27Z,https://www.twitch.tv/videos/1911544029,https://static-cdn.jtvnw.net/cf_vods/d3vd9lfkzbru3h/bc97417abb42f28c8416_ziifish_40570582247_1693303698//thumb/thumb0-%{width}x%{height}.jpg
04d2ff1dde6b4bb68503a734274f4b7e,4719,#3【忘憂居酒屋】週末晚上就是要喝點酒聊聊天！！【黑銀夜烏 / Karasu Ch.】,2023-09-02T16:26:21Z,https://www.youtube.com/watch?v=10Qmbe00KhY,https://i.ytimg.com/vi/10Qmbe00KhY/mqdefault.jpg
e93bd1102e214cbaa71cc5b2e4a53595,4717,【喵蒂登基】 我不要人型啦！喵喵！ 【厄倫蒂兒 Earendel】,2023-09-06T04:00:19Z,https://www.youtube.com/watch?v=qN-MB3bYRqE,https://i.ytimg.com/vi/qN-MB3bYRqE/mqdefault.jpg
2741a90689f342548daad7f760b0a8f7,4717,注意看這個vtuber太狠了 #台v #shorts,2023-09-01T07:22:26Z,https://www.youtube.com/watch?v=CCQFgroecaA,https://i.ytimg.com/vi/CCQFgroecaA/mqdefault.jpg
4b6b055ada4d4f0ab63b7ad02a3fa3ef,4713,【雜談】晩上好～✨｜Rumi/懶貓子,2023-08-14T17:53:19Z,https://www.youtube.com/watch?v=WgesIvtV00c,https://i.ytimg.com/vi/WgesIvtV00c/mqdefault.jpg
239947732521428d946087065b7c8e17,4708,【#VoiceTo16歌回接力】祝ミク16歲生日快樂.ᐟ.ᐟ🎂🎉 ✧ 心咲KOE【KARAOKE】,2023-08-31T10:03:21Z,https://www.youtube.com/watch?v=_orXmfRTbWQ,https://i.ytimg.com/vi/_orXmfRTbWQ/mqdefault.jpg
6c7a8b443aa942a89a83485c98d10559,4701,【健身環時數歸0的瞬間🙌】麻吉罵的友誼堅不可摧🥰 #shorts #小原栞【小原 栞 / VTUBER】,2023-08-27T04:00:11Z,https://www.youtube.com/watch?v=PJNeYw7Rmj4,https://i.ytimg.com/vi/PJNeYw7Rmj4/mqdefault.jpg
66c812bb04844241af1d1c7539b5e251,4699,GBF魔法活動｜SP關卡全AUTO兩回殺實戰展示！莫夫：這招下去一定會有一個人死！　克總：？【超異域公主連結☆Re:Dive】,2023-09-01T08:29:13Z,https://www.youtube.com/watch?v=4bT9rwR1rWg,https://i.ytimg.com/vi/4bT9rwR1rWg/mqdefault.jpg
0641a9c8b9a94994aaa33e0c86fef75b,4693,【你來問庫】十秒內達出ㄉ快問快答 有什麼疑惑想知道ㄉ都可以來問【庫洛姆Kuromu】#台灣Vtuber,2023-09-05T17:39:51Z,https://www.youtube.com/watch?v=RQk19acYapg,https://i.ytimg.com/vi/RQk19acYapg/mqdefault.jpg
66c812bb04844241af1d1c7539b5e251,4686,實況精華｜專武2只是CY敷衍了事的應付？萬年難題的強度與平衡問題！【超異域公主連結☆Re:Dive】,2023-09-04T14:51:32Z,https://www.youtube.com/watch?v=vDcXYllyCA8,https://i.ytimg.com/vi/vDcXYllyCA8/mqdefault.jpg
4b6b055ada4d4f0ab63b7ad02a3fa3ef,4685,【家用3D公開】大家都等了嗎？💭✨【歌粹】｜Rumi/懶貓子,2023-08-25T15:47:44Z,https://www.youtube.com/watch?v=iotuXJHcweY,https://i.ytimg.com/vi/iotuXJHcweY/mqdefault.jpg
1ccdbe5d48934f4cbabc86512dd1d357,4682,用中文版玩遊戲！能看得懂內容嗎？,2023-08-08T14:43:18Z,https://www.youtube.com/watch?v=vQtWE6AoTDY,https://i.ytimg.com/vi/vQtWE6AoTDY/mqdefault.jpg
1cfadb0d2e154a258c3177ff8264336f,4674,【歌回】💗今晚可以色色❤️ (SC會震震💋),2023-08-25T16:51:27Z,https://www.youtube.com/watch?v=PMb1Se9qYqI,https://i.ytimg.com/vi/PMb1Se9qYqI/mqdefault.jpg
2741a90689f342548daad7f760b0a8f7,4670,【希翁／Chion】どうせ無くなるだけ | Takayan (cover)【中文CC字幕】,2023-09-03T13:20:10Z,https://www.youtube.com/watch?v=JdhSazsLmwQ,https://i.ytimg.com/vi/JdhSazsLmwQ/mqdefault.jpg
2694a505a0e0441bb99b49e8ce1f7473,4664,【MINECRAFT】這些任務鹿鹿是要做到什麼時候鹿鹿【神無月鹿比🦌】,2023-09-03T22:10:17Z,https://www.youtube.com/watch?v=3YMRLctxOg8,https://i.ytimg.com/vi/3YMRLctxOg8/mqdefault.jpg
d837e8fda137492c9d77882b98ff863a,4664,【組鋼彈DIY】新手第一次組鋼彈！究竟會組幾個小時？（露手注意！） ✧  真理果 Marika,2023-09-05T15:49:55Z,https://www.youtube.com/watch?v=aepFwirkrOA,https://i.ytimg.com/vi/aepFwirkrOA/mqdefault.jpg
1a95bb88e451498ca3491b69af964588,4658,8/12 加班台正式開啟!! 加班D5 | !周邊 !二週年 !加班 !7tv !音量 !DC | @hsuanhsuandesu,2023-08-12T03:41:33Z,https://www.twitch.tv/videos/1896570796,https://static-cdn.jtvnw.net/cf_vods/d3vd9lfkzbru3h/0a7d859f4394d9597c9b_hsuanhsuandesu_40524213815_1691811685//thumb/thumb0-%{width}x%{height}.jpg
7c06b9e316ce4ac18ce836cd72442bbe,4653,【酒醉APEX】喝了酒動態視力會+++？！頂獵之路我來啦！ft.Hazuki/玖宵【浠Mizuki Game】,2023-09-04T16:30:25Z,https://www.youtube.com/watch?v=UuCgVENaE0w,https://i.ytimg.com/vi/UuCgVENaE0w/mqdefault.jpg
73b97b1a35c84579aa8ffcd6534efad3,4653,【女子泳池趴】談心聊鳥天✨來聽聽大家對各自的初印象跟現在的看法~ ft.雲箱的大家,2023-09-04T20:41:39Z,https://www.youtube.com/watch?v=CTqK3_dr-nU,https://i.ytimg.com/vi/CTqK3_dr-nU/mqdefault.jpg
2741a90689f342548daad7f760b0a8f7,4648,【厭世歌回】想放棄的時候聽的歌｜結尾有告知！【希翁／Chion】,2023-09-03T13:27:45Z,https://www.youtube.com/watch?v=sYSqt7uvduM,https://i.ytimg.com/vi/sYSqt7uvduM/mqdefault.jpg
b0fa9fc53f99425db4cca93d2d48a91f,4637,【歌ってみた/Cover】すずめ/RADWIMPS feat.十明【RiRA 梨菈】,2023-08-26T06:00:09Z,https://www.youtube.com/watch?v=nRykAFPJRPM,https://i.ytimg.com/vi/nRykAFPJRPM/mqdefault.jpg
cd42e06c40534d9eac7e30a434e47d43,4628,肉豆觀察員 #vtuber #shorts #台V #vtuberclip #vtuber中文 #帕豹pabo #台灣vtuber #台灣vtuber精華 #vtuber精華,2023-08-30T06:24:50Z,https://www.youtube.com/watch?v=hnpVhrNgPc4,https://i.ytimg.com/vi/hnpVhrNgPc4/mqdefault.jpg
2e266a71aa3d4a67bb8d9a2a0b573319,4624,【仔魚&希露芬】星光派對 cover,2023-08-22T02:00:18Z,https://www.youtube.com/watch?v=j-D0HgjHmQo,https://i.ytimg.com/vi/j-D0HgjHmQo/mqdefault.jpg
f110fd69b66941bab04de9ada563c6ac,4622,【突發雜談】早上來聊天！晚上要去小堇家開章魚燒派對！【AoiHinamori】,2023-08-24T07:25:49Z,https://www.youtube.com/watch?v=F9TJFgRlZLc,https://i.ytimg.com/vi/F9TJFgRlZLc/mqdefault.jpg