V5##VTuber ID,YouTube Subscriber Count,YouTube View Count,YouTube Recent Total Median View Count,YouTube Recent Total Popularity,YouTube Recent Total Highest View Count,YouTube Recent Total Highest Viewed URL,YouTube Recent Livestream Median View Count,YouTube Recent Livestream Popularity,YouTube Recent Livestream Highest View Count,YouTube Recent Livestream Highest Viewed URL,YouTube Recent Video Median View Count,YouTube Recent Video Popularity,YouTube Recent Video Highest View Count,YouTube Recent Video Highest Viewed URL,Twitch Follower Count,Twitch Recent Median View Count,Twitch Recent Popularity,Twitch Recent Highest View Count,Twitch Recent Highest Viewed URL
1c5619a4ece046dd8ba68ed343489ca3,488000,92766532,8205,3967,33200,https://www.youtube.com/watch?v=5m4a-pOU3s8,5637,1134,10776,https://www.youtube.com/watch?v=JfzVm1Amfbo,14459,5767,33200,https://www.youtube.com/watch?v=5m4a-pOU3s8,31222,0,0,0,
f6a4e7aa8d0c4e5cb39d199845ec4d02,443000,46462537,8539,4239,21025,https://www.youtube.com/watch?v=k63u7ruHiHQ,7236,4459,13541,https://www.youtube.com/watch?v=JfC4Cbh5Ld4,10358,4208,21025,https://www.youtube.com/watch?v=k63u7ruHiHQ,90166,23818,8215,93419,https://www.twitch.tv/videos/2098353564
664e1b310cf343b78623f99b31e40fae,395000,58010050,1456,738,19950,https://www.youtube.com/watch?v=HzUi6hFQplc,1307,670,5514,https://www.youtube.com/watch?v=-5tYYkacFDQ,3602,1369,19950,https://www.youtube.com/watch?v=HzUi6hFQplc,17098,0,0,0,
5535c9524eb046c38e172ebfa06b302f,332000,80268798,18815,8321,151464,https://www.youtube.com/watch?v=b7CoJocfCjo,18984,10234,151464,https://www.youtube.com/watch?v=b7CoJocfCjo,18815,7031,62458,https://www.youtube.com/watch?v=Dl4SUz_by0w,64810,4885,2030,24365,https://www.twitch.tv/videos/2104809621
4b6b055ada4d4f0ab63b7ad02a3fa3ef,224000,16247628,2679,1304,13849,https://www.youtube.com/watch?v=f5RyjyAVfP8,2593,1272,3671,https://www.youtube.com/watch?v=Km7fMk8Z49A,5093,3450,13849,https://www.youtube.com/watch?v=f5RyjyAVfP8,54385,1511,202,3701,https://www.twitch.tv/videos/2094181614
a9f6574e98f34b20a05269134930fb50,218000,7877510,8840,1850,19070,https://www.youtube.com/watch?v=6Iu-LvFV-A4,8840,1850,19070,https://www.youtube.com/watch?v=6Iu-LvFV-A4,0,0,0,,0,0,0,0,
7c06b9e316ce4ac18ce836cd72442bbe,196000,36614962,6057,2255,96926,https://www.youtube.com/watch?v=nJShXbXGaXU,5237,2068,15548,https://www.youtube.com/watch?v=URJJwTz6oTo,7606,2547,96926,https://www.youtube.com/watch?v=nJShXbXGaXU,46860,3670,921,6166,https://www.twitch.tv/videos/2089475889
f99b7c49c1c8472681987ac2d1ff87bc,184000,54814869,36221,15238,159775,https://www.youtube.com/watch?v=N52ZOZuG8d8,37481,10836,37481,https://www.youtube.com/watch?v=FPpjeDTG95s,34962,15288,159775,https://www.youtube.com/watch?v=N52ZOZuG8d8,247487,49280,14581,245223,https://www.twitch.tv/videos/2093293233
abd64c9a64e04fb1b23faa2480c1c106,178000,61097494,3244,1509,19458,https://www.youtube.com/watch?v=x9nUUE6dnCs,3111,1458,19458,https://www.youtube.com/watch?v=x9nUUE6dnCs,4907,1981,17038,https://www.youtube.com/watch?v=4x6NUkuyDfY,1455,41,21,41,https://www.twitch.tv/videos/2100397671
312fdd3c5e6d4aefa73fd3860ecc5613,175000,18914750,15247,7317,31193,https://www.youtube.com/watch?v=3md6ph5zU9o,19783,7317,31193,https://www.youtube.com/watch?v=3md6ph5zU9o,12646,7071,15247,https://www.youtube.com/watch?v=yednnGJ_I2A,6858,0,0,0,
21428cae24af4607bffe25cb2746daa6,151000,0,0,0,0,,0,0,0,,0,0,0,,0,0,0,0,
265a18972d244affae35711cfd1f9931,151000,13340367,6738,4479,36176,https://www.youtube.com/watch?v=r3mOgWE49Wo,6824,5161,36176,https://www.youtube.com/watch?v=r3mOgWE49Wo,4829,2774,10423,https://www.youtube.com/watch?v=xxICgrd6KvI,4668,1467,452,2871,https://www.twitch.tv/videos/2112314300
e93bd1102e214cbaa71cc5b2e4a53595,140000,16814399,11812,5285,52840,https://www.youtube.com/watch?v=RGmloiDJiu8,11552,5326,52840,https://www.youtube.com/watch?v=RGmloiDJiu8,12073,5243,17307,https://www.youtube.com/watch?v=080rQXsP7ow,55397,11599,3331,47811,https://www.twitch.tv/videos/2098873657
c04f006e69e04000a68cd0c41f888eb2,126000,7441780,3983,2190,9619,https://www.youtube.com/watch?v=cgQ2M96xgAM,3983,2190,9619,https://www.youtube.com/watch?v=cgQ2M96xgAM,0,0,0,,0,0,0,0,
f110fd69b66941bab04de9ada563c6ac,125000,10743395,5396,2620,154685,https://www.youtube.com/watch?v=nY_3nPeqgRs,4652,2736,154685,https://www.youtube.com/watch?v=nY_3nPeqgRs,12784,2387,17991,https://www.youtube.com/watch?v=zvW_TYfxBKA,5048,0,0,0,
c82ab1b4f8f64d1f84cae4ce09aa0dea,124000,14112885,13199,2313,20711,https://www.youtube.com/watch?v=Px5askK92WQ,14423,3821,15647,https://www.youtube.com/watch?v=85nwWN5Z5Q4,10779,2313,20711,https://www.youtube.com/watch?v=Px5askK92WQ,34646,12355,3669,18363,https://www.twitch.tv/videos/2087686876
bafb134fd2f849898d6242d1f5f683cc,123000,13234476,6400,2316,21187,https://www.youtube.com/watch?v=4cYHwCuiDh8,5209,2248,11094,https://www.youtube.com/watch?v=ZGcxGRzNPBw,11613,7118,21187,https://www.youtube.com/watch?v=4cYHwCuiDh8,23668,10533,3940,26388,https://www.twitch.tv/videos/2097939381
ab4f892ca62e4043b6287bdfe50b145d,111000,17344256,1504,850,3398,https://www.youtube.com/watch?v=d0NqKZm5eK4,1504,850,3398,https://www.youtube.com/watch?v=d0NqKZm5eK4,0,0,0,,1385,0,0,0,
494d2c5daf9f4a8a8e4538687e6be14c,110000,4454897,6270,4044,8852,https://www.youtube.com/watch?v=RgYmCNqEfC4,6329,5104,8852,https://www.youtube.com/watch?v=RgYmCNqEfC4,3282,2984,3282,https://www.youtube.com/watch?v=sJnQYY86UOM,0,0,0,0,
a3ce195c0069494c99849d0b1a10a7fd,109000,9789317,3821,1878,45142,https://www.youtube.com/watch?v=X5Jo2f5DnGw,2326,791,45142,https://www.youtube.com/watch?v=X5Jo2f5DnGw,5778,3171,7134,https://www.youtube.com/watch?v=N8XGoPS88oo,9257,2366,600,23799,https://www.twitch.tv/videos/2112407479
2741a90689f342548daad7f760b0a8f7,105000,15406268,34065,15531,133524,https://www.youtube.com/watch?v=sAq-cp2DtBo,14773,5710,33440,https://www.youtube.com/watch?v=IOiOWbg-64M,69485,31163,133524,https://www.youtube.com/watch?v=sAq-cp2DtBo,1847,0,0,0,
b126053a1356460ebf85a874a6a55aca,102000,31661046,3090,1303,56994,https://www.youtube.com/watch?v=31q3sNFw3mI,3218,1665,5008,https://www.youtube.com/watch?v=16uePQbqTv8,1176,517,56994,https://www.youtube.com/watch?v=31q3sNFw3mI,0,0,0,0,
58abad4aa8de49efb785367503dfd92c,100000,9701712,3956,1400,71312,https://www.youtube.com/watch?v=zcXNudvf4B0,10885,4275,71312,https://www.youtube.com/watch?v=zcXNudvf4B0,1510,916,3956,https://www.youtube.com/watch?v=9ittw1hsGD0,0,0,0,0,
f1b5f88144e14bd188e17b2f98303713,96400,3733118,3581,1636,12807,https://www.youtube.com/watch?v=8Q0NLr15pCw,3034,1636,12807,https://www.youtube.com/watch?v=8Q0NLr15pCw,8086,2228,12642,https://www.youtube.com/watch?v=RCpJau50fMU,0,0,0,0,
04d2ff1dde6b4bb68503a734274f4b7e,96100,5493647,3378,1215,23372,https://www.youtube.com/watch?v=firVECRiaTc,3346,1693,23372,https://www.youtube.com/watch?v=firVECRiaTc,4811,894,15255,https://www.youtube.com/watch?v=Yv01lvSXR4s,0,0,0,0,
b4a1791208fd4d85b7b08ee2bad0c236,95500,6748117,11567,5383,38784,https://www.youtube.com/watch?v=uztAogwpt_I,11567,5383,37819,https://www.youtube.com/watch?v=IuqBP-ld1AU,16032,5258,38784,https://www.youtube.com/watch?v=uztAogwpt_I,0,0,0,0,
e78cffa246c24a1c88031151cad8c385,94700,5797771,5676,2892,46167,https://www.youtube.com/watch?v=Sa2-jkMTjVQ,2753,2450,18435,https://www.youtube.com/watch?v=eh8nNLTPSsg,8718,2892,46167,https://www.youtube.com/watch?v=Sa2-jkMTjVQ,1681,0,0,0,
0641a9c8b9a94994aaa33e0c86fef75b,94100,11163661,19665,8981,109360,https://www.youtube.com/watch?v=Q6u5C0Duemw,8811,4181,19467,https://www.youtube.com/watch?v=hZP8TNt7BHA,46316,16865,109360,https://www.youtube.com/watch?v=Q6u5C0Duemw,4242,0,0,0,
98e3a5838fec4a6caa936ae35485de23,90900,5413682,3011,1834,18791,https://www.youtube.com/watch?v=O6KKjrdqQh0,3011,1834,18791,https://www.youtube.com/watch?v=O6KKjrdqQh0,5125,1699,8055,https://www.youtube.com/watch?v=ijc1XDTnBNI,0,0,0,0,
fa5a7cdc259543259af42bb23f1e4041,83900,9380075,8770,2636,34159,https://www.youtube.com/watch?v=LXpPun6vSYs,4220,2448,28227,https://www.youtube.com/watch?v=8V7JrZVamP0,9747,4982,34159,https://www.youtube.com/watch?v=LXpPun6vSYs,0,0,0,0,
01f26342ae4e419280bcfd6ec6e86db1,78700,5501408,0,0,0,,0,0,0,,0,0,0,,4649,0,0,0,
a9b855767b2d432c9f263e3427ff33a6,76700,7051085,4760,2194,54670,https://www.youtube.com/watch?v=-IAk7jnRtDY,4785,2062,11946,https://www.youtube.com/watch?v=b2aeINsuQSU,4157,2326,54670,https://www.youtube.com/watch?v=-IAk7jnRtDY,0,0,0,0,
9cec24b011ee45648eb404066c997f49,75800,7934255,6715,3227,37356,https://www.youtube.com/watch?v=p42a5x0EJto,7021,3367,37356,https://www.youtube.com/watch?v=p42a5x0EJto,5008,2759,18366,https://www.youtube.com/watch?v=A24AVXZl0JI,20879,14168,2985,22556,https://www.twitch.tv/videos/2111346910
ea4c1a67c2e445ad8028768616ceb659,75200,7053695,6461,2575,16978,https://www.youtube.com/watch?v=g2E9IqUNWn0,4897,1710,16978,https://www.youtube.com/watch?v=g2E9IqUNWn0,7319,3422,13937,https://www.youtube.com/watch?v=l-v8_NsWub4,0,0,0,0,
0bf0ec441dc6489583f7218e02ab6a89,73800,7361079,2756,1057,45881,https://www.youtube.com/watch?v=dZn3mIsV6p0,2756,1168,45881,https://www.youtube.com/watch?v=dZn3mIsV6p0,4613,793,7867,https://www.youtube.com/watch?v=lY04K-qQNQ0,4692,0,0,0,
ec65566d949944ffb1e2723f97ded6e0,72700,5082117,6783,2721,19200,https://www.youtube.com/watch?v=Jegwemo4hqo,3678,1906,5836,https://www.youtube.com/watch?v=ZP-NH51wink,11726,2870,19200,https://www.youtube.com/watch?v=Jegwemo4hqo,7527,2152,823,4030,https://www.twitch.tv/videos/2097886145
cd42e06c40534d9eac7e30a434e47d43,70200,4592691,7326,2058,21129,https://www.youtube.com/watch?v=GLFiGwa7j10,7326,2034,21129,https://www.youtube.com/watch?v=GLFiGwa7j10,7175,2389,13129,https://www.youtube.com/watch?v=IXNYMtNQDyw,2150,0,0,0,
c65e7caaf81a43249d5132b9fe312b24,69100,3396953,9256,5587,28252,https://www.youtube.com/watch?v=UMmIf0ZSs88,9256,5587,28252,https://www.youtube.com/watch?v=UMmIf0ZSs88,0,0,0,,0,0,0,0,
9d9c6477329245cbb2557895f4f15686,66600,4236288,13801,3015,52539,https://www.youtube.com/watch?v=VZMVBPw1Sj8,0,0,0,,13801,3015,52539,https://www.youtube.com/watch?v=VZMVBPw1Sj8,136416,23419,9257,84032,https://www.twitch.tv/videos/2110318066
1ccdbe5d48934f4cbabc86512dd1d357,65200,3491014,9859,4544,36282,https://www.youtube.com/watch?v=2PJ0T1ERFOo,9675,4356,36282,https://www.youtube.com/watch?v=2PJ0T1ERFOo,14527,5411,14527,https://www.youtube.com/watch?v=h67U8Catxkw,0,0,0,0,
1323f1b775bf43659f8b8ec2899522cd,64700,3021448,6625,1948,9760,https://www.youtube.com/watch?v=7n7ymed0vjQ,6625,1948,9138,https://www.youtube.com/watch?v=3JypLHg-30Y,8106,2724,9760,https://www.youtube.com/watch?v=7n7ymed0vjQ,0,0,0,0,
e113ace92bbe445385bcc4635a9ca570,64300,13724,0,0,0,,0,0,0,,0,0,0,,0,0,0,0,
4b6655120fbd4431a8f7894cac4a4d49,64000,5825708,1240,899,5813,https://www.youtube.com/watch?v=wXpU2Uj0Imw,1082,664,1941,https://www.youtube.com/watch?v=J76TaciI46E,3597,2755,5813,https://www.youtube.com/watch?v=wXpU2Uj0Imw,0,0,0,0,
8a4988902b5640e6ae1829285307c636,61900,4404009,0,0,0,,0,0,0,,0,0,0,,0,0,0,0,
512b64ec20174d018540516e9edf2b2f,61100,6802734,4577,2192,21312,https://www.youtube.com/watch?v=NIb1BR3CBb4,5320,2573,21312,https://www.youtube.com/watch?v=NIb1BR3CBb4,2195,1375,10902,https://www.youtube.com/watch?v=gYOkCJx_-Mo,1057,0,0,0,
d837e8fda137492c9d77882b98ff863a,61000,8293102,17121,7775,94214,https://www.youtube.com/watch?v=PVqkFVkokSk,6266,3527,17312,https://www.youtube.com/watch?v=2hnoGO7JKyg,47783,17045,94214,https://www.youtube.com/watch?v=PVqkFVkokSk,0,0,0,0,
2e01ec6b25684995ab109ac0f74f1456,59900,18837501,0,0,0,,0,0,0,,0,0,0,,47090,0,0,0,
702c74978d8f4adab79f292cbecb49a4,59400,3770243,4789,2302,122196,https://www.youtube.com/watch?v=zkCmA18dbwg,4736,2116,36989,https://www.youtube.com/watch?v=lCKyRXA6Qwg,5857,2364,122196,https://www.youtube.com/watch?v=zkCmA18dbwg,11416,0,0,0,
6dc75ab227e34c928598bde8f2d324bf,59400,6315563,34500,10119,124101,https://www.youtube.com/watch?v=YHYKXAP0yY0,7650,3569,14461,https://www.youtube.com/watch?v=SxUqukhieWY,60768,21109,124101,https://www.youtube.com/watch?v=YHYKXAP0yY0,0,0,0,0,
66c812bb04844241af1d1c7539b5e251,57500,37955813,448,168,4297,https://www.youtube.com/watch?v=vR645sYQT6E,376,162,1452,https://www.youtube.com/watch?v=xx3_wAr2R5E,1521,211,4297,https://www.youtube.com/watch?v=vR645sYQT6E,1090,42,31,79,https://www.twitch.tv/videos/2106614673
3f4650e05ceb41008bd16869780b7af1,52700,12939008,9532,6757,24242,https://www.youtube.com/watch?v=Cl-h8-fHqlg,4629,1775,9532,https://www.youtube.com/watch?v=1UqFgEQwg24,12851,7112,24242,https://www.youtube.com/watch?v=Cl-h8-fHqlg,0,0,0,0,
a8ce4642418b4fe8ba1471a32097f4c4,52200,2502780,1778,743,10767,https://www.youtube.com/watch?v=VoZQHYgJVVY,1798,745,10767,https://www.youtube.com/watch?v=VoZQHYgJVVY,985,741,1945,https://www.youtube.com/watch?v=6MiEVkZH5z0,0,0,0,0,
2694a505a0e0441bb99b49e8ce1f7473,52100,3035234,2431,1175,5474,https://www.youtube.com/watch?v=fxQbkl02sSA,4154,1175,5474,https://www.youtube.com/watch?v=fxQbkl02sSA,1525,1361,1941,https://www.youtube.com/watch?v=0uqcIPtSJ6Y,33176,17643,7651,79439,https://www.twitch.tv/videos/2093283907
17c335762a694402b8cb9a96b2865572,52000,3271963,1898,976,16685,https://www.youtube.com/watch?v=h8pmBkY9d34,1898,976,16685,https://www.youtube.com/watch?v=h8pmBkY9d34,0,0,0,,0,0,0,0,
7ead9e2cac544a7cb00444ef6b4698d1,52000,3855793,6077,1943,10283,https://www.youtube.com/watch?v=NSP4Cf6sts4,6286,2036,10283,https://www.youtube.com/watch?v=NSP4Cf6sts4,4599,1943,6264,https://www.youtube.com/watch?v=xPhwA5wMHPY,12836,6832,2497,15326,https://www.twitch.tv/videos/2104746643
5f12df329c6144e1a6c596f4fbcb9e81,51200,2278916,5884,2037,15983,https://www.youtube.com/watch?v=aau65JVjMes,6847,2459,15483,https://www.youtube.com/watch?v=WWaHO-sCedw,5264,1926,15983,https://www.youtube.com/watch?v=aau65JVjMes,0,0,0,0,
8bf35c3b9a9e461d825a9170555b71c2,50900,2042111,7645,4368,22581,https://www.youtube.com/watch?v=BZzP_k3cLao,7133,4229,12747,https://www.youtube.com/watch?v=XfLcfZU_ekM,13148,5376,22581,https://www.youtube.com/watch?v=BZzP_k3cLao,15030,6035,2699,32755,https://www.twitch.tv/videos/2093229503
5c4241def363418d9b7167d8369d0350,50600,2304598,0,0,0,,0,0,0,,0,0,0,,42,0,0,0,
a02bb0332f5942ec892c932d6a089014,49800,4812301,0,0,0,,0,0,0,,0,0,0,,0,0,0,0,
1b63d89e0b1a4b579de6d99e25eaff8f,47700,5506168,3178,2514,68168,https://www.youtube.com/watch?v=AEU1EhP2iZM,2666,1991,14214,https://www.youtube.com/watch?v=GXc-S3VjJX8,9078,3643,68168,https://www.youtube.com/watch?v=AEU1EhP2iZM,4509,0,0,0,
ba59bb31bbcd4cf3a481c4cf72918fb0,46700,5106078,2843,1403,35866,https://www.youtube.com/watch?v=pZh1E4rQZcc,2675,1403,8674,https://www.youtube.com/watch?v=fJdFG_6_vYk,19723,1774,35866,https://www.youtube.com/watch?v=pZh1E4rQZcc,0,0,0,0,
c41044006a014ed28107f33221a7de98,46700,3910136,2059,985,5719,https://www.youtube.com/watch?v=sNBkE_RT_m4,2328,1038,5719,https://www.youtube.com/watch?v=sNBkE_RT_m4,1411,760,2232,https://www.youtube.com/watch?v=8qjWAYtJMv0,5088,705,527,1195,https://www.twitch.tv/videos/2111384057
4544974bc5624035ae7bb0c9ed33e44e,45600,2321028,5946,2579,52884,https://www.youtube.com/watch?v=DoGAl_1oZlU,3703,1435,10814,https://www.youtube.com/watch?v=hswKp0pkuLs,10846,3686,52884,https://www.youtube.com/watch?v=DoGAl_1oZlU,2336,767,750,767,https://www.twitch.tv/videos/2113347340
6c872a4043b84e4493877a42af684d1d,45100,3649654,4319,2325,11296,https://www.youtube.com/watch?v=F57W6K3fplw,3139,2153,6673,https://www.youtube.com/watch?v=mcwkVpPZXqI,8211,4197,11296,https://www.youtube.com/watch?v=F57W6K3fplw,0,0,0,0,
658e63bebdca421ca934b0bf6aa2bcd8,44400,3502364,3002,1572,8399,https://www.youtube.com/watch?v=ayOC5F_6bQc,3002,1572,8399,https://www.youtube.com/watch?v=ayOC5F_6bQc,3676,1471,4568,https://www.youtube.com/watch?v=qoSwdkmFe5I,9229,1192,853,1192,https://www.twitch.tv/videos/2105878221
c0c033c9c8014562b58a7124b6b22fb0,44300,527454,769,298,12534,https://www.youtube.com/watch?v=bmMVTUiwoS8,1407,480,12534,https://www.youtube.com/watch?v=bmMVTUiwoS8,484,276,12074,https://www.youtube.com/watch?v=dOrFpRfTK-8,0,0,0,0,
dee8efe8990e458c915e4f6a6a16b49f,44300,4739632,490,237,1433,https://www.youtube.com/watch?v=5NGV0HjgALY,490,237,1433,https://www.youtube.com/watch?v=5NGV0HjgALY,0,0,0,,3139,291,224,391,https://www.twitch.tv/videos/2112408400
22ca620b93c94e5cb48175bbecf8d3af,44000,4371833,2218,1145,4390,https://www.youtube.com/watch?v=euhrTW5-OCs,1617,1034,2270,https://www.youtube.com/watch?v=fiz7vPxmPno,3501,1517,4390,https://www.youtube.com/watch?v=euhrTW5-OCs,0,0,0,0,
ce2a2c07a74640fc8d3b39d022b16dd9,42800,2549209,2770,1625,20365,https://www.youtube.com/watch?v=KO66AWdLnog,1963,803,14448,https://www.youtube.com/watch?v=GAOfywo9b54,4782,2095,20365,https://www.youtube.com/watch?v=KO66AWdLnog,0,0,0,0,
15c9a54b946a40c38c07ea2f9efddfa5,42700,2928191,9336,5525,26454,https://www.youtube.com/watch?v=_nASDQPnCGI,9336,5525,26226,https://www.youtube.com/watch?v=GLsk2Cf3aqI,11222,5511,26454,https://www.youtube.com/watch?v=_nASDQPnCGI,14789,12659,5340,24926,https://www.twitch.tv/videos/2093259946
6bd49f94afb144e995247388ca8c42a8,41500,1763195,10375,5271,32129,https://www.youtube.com/watch?v=xawlmOzf3hI,9325,3648,17428,https://www.youtube.com/watch?v=2tDbHycm5gM,18662,6398,32129,https://www.youtube.com/watch?v=xawlmOzf3hI,22514,20286,11132,70083,https://www.twitch.tv/videos/2112467515
f5ff982730f54cd4826ff0530a4288c2,41100,2226378,3350,1413,8016,https://www.youtube.com/watch?v=SHtFTdq_zDQ,2427,533,3996,https://www.youtube.com/watch?v=Lq0-ojMK238,7265,1870,8016,https://www.youtube.com/watch?v=SHtFTdq_zDQ,0,0,0,0,
d797701ab1564b62906f91a341134a9e,40300,1443120,578,357,6713,https://www.youtube.com/watch?v=6M784-hMa8o,578,357,6713,https://www.youtube.com/watch?v=6M784-hMa8o,0,0,0,,3102,0,0,0,
1cfadb0d2e154a258c3177ff8264336f,38600,2827518,1010,423,4868,https://www.youtube.com/watch?v=WIzj4G_rDqQ,2207,1627,4868,https://www.youtube.com/watch?v=WIzj4G_rDqQ,820,251,1135,https://www.youtube.com/watch?v=NsNoP6XSiiM,0,0,0,0,
6fb8c6dea7404638a9d78d4b0d84f64c,38400,3048782,476,111,14890,https://www.youtube.com/watch?v=foHPBB5JwN8,1557,933,14890,https://www.youtube.com/watch?v=foHPBB5JwN8,110,90,4904,https://www.youtube.com/watch?v=-wNxzxQ8jZ8,0,0,0,0,
64c779f8cc214e7a9b570c7b3fc128cc,36700,2157039,6576,2547,78492,https://www.youtube.com/watch?v=X6mtfyf8fng,6672,2547,78492,https://www.youtube.com/watch?v=X6mtfyf8fng,5932,2968,6501,https://www.youtube.com/watch?v=aPJmC7S9p_s,4074,973,587,1311,https://www.twitch.tv/videos/2100692857
c5fe413a473d4638b53fb3f9019aabbe,35900,1891897,2784,1245,21344,https://www.youtube.com/watch?v=bq0BRWhcDEk,6720,1849,21344,https://www.youtube.com/watch?v=bq0BRWhcDEk,2558,1197,11876,https://www.youtube.com/watch?v=cmjaPJpE1GY,1228,0,0,0,
4c3cae772e974f8fb8e04f4cc9c8cd8d,35800,1356309,3863,2002,20223,https://www.youtube.com/watch?v=Jw2me3wvhzQ,3935,1902,20223,https://www.youtube.com/watch?v=Jw2me3wvhzQ,3250,2268,7104,https://www.youtube.com/watch?v=uq-_b3_qwhc,0,0,0,0,
be6c475c291d45a0a7349abdb70be20d,35700,10298984,1923,374,4975,https://www.youtube.com/watch?v=Ot5DZsRaQHA,483,346,4344,https://www.youtube.com/watch?v=oDQrricEZlU,4200,739,4975,https://www.youtube.com/watch?v=Ot5DZsRaQHA,0,0,0,0,
3681a0b4e4bd48888473b1884f6ee420,35500,3336510,3185,904,42860,https://www.youtube.com/watch?v=MqAYY9wWo1k,2562,692,9245,https://www.youtube.com/watch?v=gUlp9-EpY_k,20174,6096,42860,https://www.youtube.com/watch?v=MqAYY9wWo1k,0,0,0,0,
62e5d9c4ad1e4d7a9fb61fe531c4b940,35400,1329991,0,0,0,,0,0,0,,0,0,0,,0,0,0,0,
b08047f2566246ac995e03a5db727cfe,35100,1714441,0,0,0,,0,0,0,,0,0,0,,6836,0,0,0,
029dfaf0b42a45839661df6dc99efcdd,34800,536719,2466,1037,5743,https://www.youtube.com/watch?v=HJ0wI8_Tt8U,2426,1037,5034,https://www.youtube.com/watch?v=rrllvXKdtlU,3741,1300,5743,https://www.youtube.com/watch?v=HJ0wI8_Tt8U,412,0,0,0,
5c7beefaa54444e3b0443d7abd93c1f7,34100,3252459,875,388,2189,https://www.youtube.com/watch?v=EbZmdH7G8FY,875,388,2189,https://www.youtube.com/watch?v=EbZmdH7G8FY,0,0,0,,3274,453,351,544,https://www.twitch.tv/videos/2103808210
e350c8b7e41045419ee1ac73bc78921b,33900,2983890,2163,1033,17143,https://www.youtube.com/watch?v=wqO807oHwjE,1687,834,7917,https://www.youtube.com/watch?v=JDDlXD_2myo,3943,1342,17143,https://www.youtube.com/watch?v=wqO807oHwjE,0,0,0,0,
575d15d21f7240e1ad72935bf7fa0465,33500,1000455,2022,1395,203764,https://www.youtube.com/watch?v=HfPI85HgM00,1779,937,3427,https://www.youtube.com/watch?v=Njh2lDfCDVE,2778,2272,203764,https://www.youtube.com/watch?v=HfPI85HgM00,0,0,0,0,
2760c9a44c20464d8e140e6367ed1cdf,32700,1496266,1150,500,4312,https://www.youtube.com/watch?v=9S9t6idK2sM,1150,484,4312,https://www.youtube.com/watch?v=9S9t6idK2sM,989,808,1422,https://www.youtube.com/watch?v=veuSxQfgPSU,0,0,0,0,
9ca368e73d514656ade48dc946f55956,32700,4004144,1299,457,3802,https://www.youtube.com/watch?v=L4AEqXLlims,1032,335,3802,https://www.youtube.com/watch?v=L4AEqXLlims,3260,1330,3260,https://www.youtube.com/watch?v=do8RfXQl23E,0,0,0,0,
bc0b8c437eda4361b2a10003013f49cf,32200,315281,0,0,0,,0,0,0,,0,0,0,,0,0,0,0,
20f0e269ce554a00920de0444bc22aaf,32000,2984694,602,304,4608,https://www.youtube.com/watch?v=HCwKhlXkFvM,612,324,4608,https://www.youtube.com/watch?v=HCwKhlXkFvM,592,290,1228,https://www.youtube.com/watch?v=-GFrnHLtB-U,0,0,0,0,
fd6a0236861940389e15ef85b16c6069,31700,498457,0,0,0,,0,0,0,,0,0,0,,120564,81634,26645,165015,https://www.twitch.tv/videos/2111350203
e73551cd98ec47388899522353fc89e3,31700,2128654,0,0,0,,0,0,0,,0,0,0,,583,0,0,0,
60282d578bb747b8b232dba81168a5b6,31200,1086309,2965,1397,10836,https://www.youtube.com/watch?v=GHkC19TqRAs,2244,938,6883,https://www.youtube.com/watch?v=TR_ykgrbioA,4180,2651,10836,https://www.youtube.com/watch?v=GHkC19TqRAs,0,0,0,0,
a000aa1d3ea7489c993277d33ab2457e,31200,1362789,4656,1918,27498,https://www.youtube.com/watch?v=zhPr52B5K6c,4858,1940,27498,https://www.youtube.com/watch?v=zhPr52B5K6c,1458,541,5036,https://www.youtube.com/watch?v=YLgwEB14Dck,1921,0,0,0,
23ec5ecfb8c14ea893576783f1790643,30900,2140999,5266,2513,75795,https://www.youtube.com/watch?v=gAW35IjV_-M,3320,1855,13264,https://www.youtube.com/watch?v=s-5dMV5uM_A,11769,7898,75795,https://www.youtube.com/watch?v=gAW35IjV_-M,593,391,252,391,https://www.twitch.tv/videos/2103840729
660531d691fb49c6a454bff9b0fb8c9e,30800,941518,294,144,2153,https://www.youtube.com/watch?v=AxIXcrftqRA,294,144,2153,https://www.youtube.com/watch?v=AxIXcrftqRA,0,0,0,,0,0,0,0,
d81d1032a43642eca36e82ba9a3c39c5,30700,1271180,739,132,1217,https://www.youtube.com/watch?v=eZD7X620N9o,0,0,0,,739,132,1217,https://www.youtube.com/watch?v=eZD7X620N9o,10343,494,281,1045,https://www.twitch.tv/videos/2095888830
521fb650b9534787b19c8762957fb5d2,30700,0,0,0,0,,0,0,0,,0,0,0,,0,0,0,0,
1f54bc2ce03344728234e590bfb0134f,30700,200148,1222,483,2723,https://www.youtube.com/watch?v=6sRwIbNAR78,1121,483,2588,https://www.youtube.com/watch?v=ZBBf1Va4BQk,2042,356,2723,https://www.youtube.com/watch?v=6sRwIbNAR78,739,298,239,550,https://www.twitch.tv/videos/2101800939
6c88799c6f45407faf0f9ea007b0dcab,30600,1463579,1361,525,2697,https://www.youtube.com/watch?v=SAzDn5SRn88,1483,676,2697,https://www.youtube.com/watch?v=SAzDn5SRn88,978,193,2163,https://www.youtube.com/watch?v=1Y-XSL3Oo74,0,0,0,0,
f18407d79b4b43ffa6adf629d1723a8f,30300,1275,0,0,0,,0,0,0,,0,0,0,,0,0,0,0,
4b8137b8ba4e4a4dad994e2e07e351fe,29900,426437,929,417,15693,https://www.youtube.com/watch?v=V0sxCWT4Sgc,854,465,3742,https://www.youtube.com/watch?v=0WaV0N9tFrU,1131,405,15693,https://www.youtube.com/watch?v=V0sxCWT4Sgc,549,174,132,417,https://www.twitch.tv/videos/2112342442
84a911e2b05f4919a32e0c1618e32a7d,29600,668706,577,294,1899,https://www.youtube.com/watch?v=ZEBsURSKOtk,540,285,1899,https://www.youtube.com/watch?v=ZEBsURSKOtk,1117,572,1117,https://www.youtube.com/watch?v=VVpMpYkfLz0,0,0,0,0,
31f17632340f4e7fbd0ced07193dd81b,29400,1267269,4678,1565,31638,https://www.youtube.com/watch?v=OyNQzOVyhCY,8982,2984,31638,https://www.youtube.com/watch?v=OyNQzOVyhCY,2860,997,9137,https://www.youtube.com/watch?v=yl9IJHntaKU,0,0,0,0,
30114f720b104e7f89d9dc0399a00dd4,29100,36043,0,0,0,,0,0,0,,0,0,0,,0,0,0,0,
2ce2f9977d4a4dc0844e518369e11e6b,28400,1990562,0,0,0,,0,0,0,,0,0,0,,0,0,0,0,
95de1fe6727944e68404aec425d09170,28200,0,0,0,0,,0,0,0,,0,0,0,,3626,0,0,0,
7e81a72484054a5c89f3826ebc8946be,27400,951715,3099,1163,11542,https://www.youtube.com/watch?v=xLCXXPLaAls,3068,786,11542,https://www.youtube.com/watch?v=xLCXXPLaAls,3195,1682,8968,https://www.youtube.com/watch?v=L6mdTu-THvQ,0,0,0,0,
3afa3d15ff4a40de9b0950fa81a9ffc7,27300,33,0,0,0,,0,0,0,,0,0,0,,2632,0,0,0,
49bb221fc77f440cae0c007a73f99aab,27200,862429,0,0,0,,0,0,0,,0,0,0,,23547,3097,1201,8140,https://www.twitch.tv/videos/2089515310
d1dd83b6e8a24df4b61f766cff45113c,27200,14776223,954,550,3383,https://www.youtube.com/watch?v=GxMqjBbQw40,605,428,2919,https://www.youtube.com/watch?v=WMhl8Yx7hsU,1591,1400,3383,https://www.youtube.com/watch?v=GxMqjBbQw40,0,0,0,0,
626750f4e7a745619c171c44fb1efcc0,27100,2450622,852,445,8995,https://www.youtube.com/watch?v=rstbFm7Ob34,614,193,6178,https://www.youtube.com/watch?v=NrdKbVqt_mY,1264,690,8995,https://www.youtube.com/watch?v=rstbFm7Ob34,5674,205,134,396,https://www.twitch.tv/videos/2106826091
896f74ae454b42a890e413bddc690335,26500,202196,612,262,1408,https://www.youtube.com/watch?v=9nTO0nRTxGQ,491,238,1229,https://www.youtube.com/watch?v=jtizOaxS5l8,1306,483,1408,https://www.youtube.com/watch?v=9nTO0nRTxGQ,1145,476,380,1254,https://www.twitch.tv/videos/2103421309
b0fa9fc53f99425db4cca93d2d48a91f,26400,693972,641,304,5246,https://www.youtube.com/watch?v=cFuMXihM4HY,614,301,5246,https://www.youtube.com/watch?v=cFuMXihM4HY,670,397,1266,https://www.youtube.com/watch?v=jLeYXfumoFA,0,0,0,0,
8f12066334ed4c4dae19ca1152781e59,26100,501245,478,216,14664,https://www.youtube.com/watch?v=re-Gzhid4Io,465,216,1164,https://www.youtube.com/watch?v=790blmnsFjY,646,352,14664,https://www.youtube.com/watch?v=re-Gzhid4Io,277,0,0,0,
de0e98c9266449b7874a942cbbb63a0d,26100,1743334,0,0,0,,0,0,0,,0,0,0,,3277,0,0,0,
ebe5c5f9d67f44f3bc5e70b413ce9df7,25900,828098,1662,781,14665,https://www.youtube.com/watch?v=J1HJo-Knf1Y,1690,816,14665,https://www.youtube.com/watch?v=J1HJo-Knf1Y,1325,750,4283,https://www.youtube.com/watch?v=O8vVoxZP89Q,4257,2003,1895,10612,https://www.twitch.tv/videos/2099883185
f7c48554816643cdb8d343e6e9e6d313,25300,1290742,833,379,2791,https://www.youtube.com/watch?v=J4WQmnwBp3w,856,605,2791,https://www.youtube.com/watch?v=J4WQmnwBp3w,627,330,833,https://www.youtube.com/watch?v=7IMGpyNmz_k,6691,0,0,0,
3be86a2a9cb447f393d235132e157789,25200,1622556,2889,1117,5108,https://www.youtube.com/watch?v=NeqHTWTU1SA,2889,1117,5108,https://www.youtube.com/watch?v=NeqHTWTU1SA,0,0,0,,0,0,0,0,
22c8ee785f7446e5978bab336fda92cb,24900,835212,977,497,2248,https://www.youtube.com/watch?v=pVwr7K3Fhvo,1037,547,2248,https://www.youtube.com/watch?v=pVwr7K3Fhvo,697,388,697,https://www.youtube.com/watch?v=-V2hvYDKAso,0,0,0,0,
0825b7bbb6134dbc98a132cc1782fb1f,24900,780894,851,269,1591,https://www.youtube.com/watch?v=OUssCvZtC8Y,856,297,1591,https://www.youtube.com/watch?v=OUssCvZtC8Y,258,226,281,https://www.youtube.com/watch?v=f20PJRrNUTg,0,0,0,0,
d6c4708f6eb94ac6ad7668363b132248,24700,2091735,273,138,6300,https://www.youtube.com/watch?v=77197e9Z950,297,162,6300,https://www.youtube.com/watch?v=77197e9Z950,126,69,527,https://www.youtube.com/watch?v=2933c3gQ4aM,0,0,0,0,
bed13deb3871443980e131a466519b54,24600,1613811,0,0,0,,0,0,0,,0,0,0,,0,0,0,0,
911d3403c8e84dc3b0c4a2f6017698b6,24500,460635,1093,522,8819,https://www.youtube.com/watch?v=E-XHe261Z8U,1093,522,8819,https://www.youtube.com/watch?v=E-XHe261Z8U,1568,471,5930,https://www.youtube.com/watch?v=p5RtdT9Ppx4,1573,1496,1466,1496,https://www.twitch.tv/videos/2113376152
d1694c709e0f489fbd07fc9bc67c0a66,24400,982585,1671,548,4997,https://www.youtube.com/watch?v=t3L0ch-gMoY,1671,548,4997,https://www.youtube.com/watch?v=t3L0ch-gMoY,2028,533,2952,https://www.youtube.com/watch?v=NmxL5GcpDI4,400,0,0,0,
b42416c629e64c948f75aff4ff5c9a8a,24300,761875,589,250,13444,https://www.youtube.com/watch?v=pLM6RpXRPMg,541,235,852,https://www.youtube.com/watch?v=kQwDUDbh5_U,682,283,13444,https://www.youtube.com/watch?v=pLM6RpXRPMg,0,0,0,0,
222a91c2efbe47628911ee0b2413ae3e,24200,1758963,0,0,0,,0,0,0,,0,0,0,,2364,0,0,0,
729621ce509b4641ad8cde76dec037d0,24200,789141,1645,976,51605,https://www.youtube.com/watch?v=L0shUxW8fQ8,1637,906,51605,https://www.youtube.com/watch?v=L0shUxW8fQ8,1725,1011,7038,https://www.youtube.com/watch?v=kwxAG4NNVR0,0,0,0,0,
73b97b1a35c84579aa8ffcd6534efad3,24100,1571613,3729,1910,11195,https://www.youtube.com/watch?v=lPQ8nByhYmI,3284,1039,11195,https://www.youtube.com/watch?v=lPQ8nByhYmI,4701,3518,9433,https://www.youtube.com/watch?v=9zNiD-F8kus,8947,0,0,0,
e7fd5d01e57c42658be2bf1e3ad5d696,24100,974670,729,367,1693,https://www.youtube.com/watch?v=p01mveD0pZg,807,290,1387,https://www.youtube.com/watch?v=HyKldIhiGVw,584,565,1693,https://www.youtube.com/watch?v=p01mveD0pZg,0,0,0,0,
5ba11a0bf35147d499259ad5608a7de1,24100,1205811,883,446,1726,https://www.youtube.com/watch?v=Z1IcZwP5fhI,792,565,1189,https://www.youtube.com/watch?v=mjAHC2prBz4,1602,33,1726,https://www.youtube.com/watch?v=Z1IcZwP5fhI,3994,751,524,1866,https://www.twitch.tv/videos/2103797205
868f29ec868047fdb2a80a91f49fc55a,23900,211865,255,125,637,https://www.youtube.com/watch?v=Fhiz-VZgDqo,277,124,424,https://www.youtube.com/watch?v=OJuAKd9oRUQ,251,147,637,https://www.youtube.com/watch?v=Fhiz-VZgDqo,523,215,179,441,https://www.twitch.tv/videos/2111368853
7081557634db487fa467b0bd2f939f66,23500,826152,0,0,0,,0,0,0,,0,0,0,,0,0,0,0,
7c00b7dc73a240dc84d68be389732a0c,23300,981039,446,264,917,https://www.youtube.com/watch?v=en0mWttf-jc,446,264,917,https://www.youtube.com/watch?v=en0mWttf-jc,0,0,0,,0,0,0,0,
02d67d58d59644be9cdf0b1179419637,23200,394382,2352,960,8561,https://www.youtube.com/watch?v=4yN2tPYW7mw,2226,952,6387,https://www.youtube.com/watch?v=w-Z7vpazu80,4561,1695,8561,https://www.youtube.com/watch?v=4yN2tPYW7mw,808,377,245,456,https://www.twitch.tv/videos/2102730612
b6f68e0e323f45458752f3a7ec6a08f2,23200,1356269,13511,4231,41454,https://www.youtube.com/watch?v=Rhiyjvj3ZFM,14834,6712,41454,https://www.youtube.com/watch?v=Rhiyjvj3ZFM,1268,462,1506,https://www.youtube.com/watch?v=dgzTdwAQ_lg,780,352,206,352,https://www.twitch.tv/videos/2102120802
305290c734e94a74881ae46c49ea18c4,23000,1694956,1520,608,5137,https://www.youtube.com/watch?v=THrBUTd2RDE,1520,608,5137,https://www.youtube.com/watch?v=THrBUTd2RDE,0,0,0,,1932,359,266,646,https://www.twitch.tv/videos/2102021071
9af7c10c618844f08a327d38753124bd,22900,635153,1752,901,8499,https://www.youtube.com/watch?v=nip0VQMQRC0,1444,607,5326,https://www.youtube.com/watch?v=ONjd8Lxb0LY,2303,1326,8499,https://www.youtube.com/watch?v=nip0VQMQRC0,5415,5287,3712,8934,https://www.twitch.tv/videos/2103784611
f928118054aa4e11aa4ec88504d8b886,22800,844479,2357,637,9848,https://www.youtube.com/watch?v=LnSrM-nC9Mg,1275,503,8550,https://www.youtube.com/watch?v=xMkw2QzmX7w,2400,917,9848,https://www.youtube.com/watch?v=LnSrM-nC9Mg,206,0,0,0,
1edf4940878546569e52dd06c95b8581,22600,1007904,673,291,7554,https://www.youtube.com/watch?v=E1LggShCdOc,711,302,1807,https://www.youtube.com/watch?v=C-rIzRcFzR8,498,167,7554,https://www.youtube.com/watch?v=E1LggShCdOc,0,0,0,0,
6929e06cd9ed49739cadaa35115847c7,22600,570896,3034,1212,6276,https://www.youtube.com/watch?v=77SeUQIr2II,3156,1684,6276,https://www.youtube.com/watch?v=77SeUQIr2II,2199,1001,5105,https://www.youtube.com/watch?v=gP4VoxjmrGI,0,0,0,0,
8267ea37c12a471a8a038f501832e099,22400,1035720,810,206,18456,https://www.youtube.com/watch?v=urBvM5v-BP8,679,196,18456,https://www.youtube.com/watch?v=urBvM5v-BP8,876,479,10363,https://www.youtube.com/watch?v=pwhJxkh755w,0,0,0,0,
3197e5649c65405cbbe6e5f1a44cf8e1,22100,949329,977,417,5505,https://www.youtube.com/watch?v=8KHtIMlr0oQ,977,417,5505,https://www.youtube.com/watch?v=8KHtIMlr0oQ,0,0,0,,0,0,0,0,
a6a4e83ae23140e6bd1f7c817af8f864,21900,555596,6836,3064,27679,https://www.youtube.com/watch?v=EVATKbI56jU,6265,2633,16472,https://www.youtube.com/watch?v=jMIf38HDaP0,11063,6716,27679,https://www.youtube.com/watch?v=EVATKbI56jU,2536,0,0,0,
f6a8c59d8b8d4e009d4e147ec268cd73,21900,687295,1870,742,9623,https://www.youtube.com/watch?v=iKEWDMluaOw,1870,742,9623,https://www.youtube.com/watch?v=iKEWDMluaOw,0,0,0,,3256,1111,720,1111,https://www.twitch.tv/videos/2103874569
f928e57423634094b3d7d8461321c028,21600,333938,1159,554,2847,https://www.youtube.com/watch?v=CPkAg0Jml8A,1159,554,2847,https://www.youtube.com/watch?v=CPkAg0Jml8A,0,0,0,,885,244,203,442,https://www.twitch.tv/videos/2107610363
60716febdfe949248e8f67d85634bec5,21500,7957880,42,6,42,https://www.youtube.com/watch?v=_nAiB48oFcI,42,6,42,https://www.youtube.com/watch?v=_nAiB48oFcI,0,0,0,,0,0,0,0,
ffc3304b633b45ceab7cc58fb8208989,21500,614344,0,0,0,,0,0,0,,0,0,0,,0,0,0,0,
4fc5a770272a43f1bb0a1d12aa3a9b46,20600,1477414,859,507,22398,https://www.youtube.com/watch?v=tWlQUMif9FI,648,185,874,https://www.youtube.com/watch?v=BTWb0xKziYE,3057,1379,22398,https://www.youtube.com/watch?v=tWlQUMif9FI,0,0,0,0,
a667c79cb8284de29d5843dc3eafcc57,20500,196374,851,368,4527,https://www.youtube.com/watch?v=vpDMVWNOfJI,1516,402,4527,https://www.youtube.com/watch?v=vpDMVWNOfJI,726,201,977,https://www.youtube.com/watch?v=ybixe_34NxY,0,0,0,0,
2a310e9273014b12a0517d13d25697e1,20400,781073,1121,256,2678,https://www.youtube.com/watch?v=5bVnHvI9YlQ,1156,256,2678,https://www.youtube.com/watch?v=5bVnHvI9YlQ,945,235,1508,https://www.youtube.com/watch?v=fTQDiZFgqN4,0,0,0,0,
fe569b0c059e406daf57eb2acd11cc21,20400,1085542,653,258,6618,https://www.youtube.com/watch?v=uH6HxfUUb9w,397,199,1203,https://www.youtube.com/watch?v=DmDFclXsnDw,1062,534,6618,https://www.youtube.com/watch?v=uH6HxfUUb9w,0,0,0,0,
67d6807619064938a78832b4106de5c0,20100,841256,83,42,361,https://www.youtube.com/watch?v=uemnFIpEbJA,83,42,361,https://www.youtube.com/watch?v=uemnFIpEbJA,0,0,0,,2662,208,162,1079,https://www.twitch.tv/videos/2110714359
6943bbfc993443d4b3853833b3bb1a66,20100,1934210,2767,1461,47696,https://www.youtube.com/watch?v=k14C1-9TGN8,1198,619,3095,https://www.youtube.com/watch?v=DtbftQybm0Y,8605,3508,47696,https://www.youtube.com/watch?v=k14C1-9TGN8,0,0,0,0,
9265e640081f4625bd36cd1235c75bc7,19900,28170,0,0,0,,0,0,0,,0,0,0,,1610,0,0,0,
d35707348d554507a98f97eb59230efc,19700,951721,1558,773,21153,https://www.youtube.com/watch?v=9mGl_dKHNP8,1652,773,21153,https://www.youtube.com/watch?v=9mGl_dKHNP8,978,659,1558,https://www.youtube.com/watch?v=14q3SPouHf8,1267,0,0,0,
951dd0b605d04163b38de18262e9a438,19400,438472,155,59,659,https://www.youtube.com/watch?v=ASara3JyNUI,155,59,659,https://www.youtube.com/watch?v=ASara3JyNUI,0,0,0,,688,28,16,61,https://www.twitch.tv/videos/2100924416
3dda133703f64b019d7eea0c5cb55335,19200,498283,853,560,853,https://www.youtube.com/watch?v=IDvsnZSbWXI,0,0,0,,853,560,853,https://www.youtube.com/watch?v=IDvsnZSbWXI,18843,3359,2778,4226,https://www.twitch.tv/videos/2111857008
334133534368487780dfa99b7c9f5949,19200,7484764,9803,4318,58890,https://www.youtube.com/watch?v=myWIVTBwNL8,135,112,167,https://www.youtube.com/watch?v=A9VHVsKiZU4,11188,5584,58890,https://www.youtube.com/watch?v=myWIVTBwNL8,0,0,0,0,
549ccdec24884233bd675a2bab77cacf,18700,793502,1271,502,2208,https://www.youtube.com/watch?v=4_0wk-jNyxU,1271,502,2208,https://www.youtube.com/watch?v=4_0wk-jNyxU,0,0,0,,0,0,0,0,
2a28e77671ae43d7bccec54e7e956dd9,18700,187235,0,0,0,,0,0,0,,0,0,0,,0,0,0,0,
c0c35f0471774be2b33163ae20f2d6bb,18600,742711,965,472,1871,https://www.youtube.com/watch?v=8DaHnkGlsBM,965,472,1871,https://www.youtube.com/watch?v=8DaHnkGlsBM,0,0,0,,0,0,0,0,
f7c8264349654390a5e39810dc012a38,18600,1005837,556,327,14019,https://www.youtube.com/watch?v=yH8KtL4XAIw,543,238,3917,https://www.youtube.com/watch?v=n7_hu5hTN8U,2251,1225,14019,https://www.youtube.com/watch?v=yH8KtL4XAIw,0,0,0,0,
c9ece3513c804b3db003cd8fca683857,18600,681915,645,204,890,https://www.youtube.com/watch?v=gogjDt3E0xc,645,204,890,https://www.youtube.com/watch?v=gogjDt3E0xc,0,0,0,,5965,448,363,2019,https://www.twitch.tv/videos/2100069958
ae4eaef845fc4daaa8106a51a590e145,18500,703569,726,482,10804,https://www.youtube.com/watch?v=kCIKJeqrpSs,713,415,3079,https://www.youtube.com/watch?v=gmkISswkHWM,1994,1497,10804,https://www.youtube.com/watch?v=kCIKJeqrpSs,0,0,0,0,
192d2decee72410e8346c135c4ac6e00,18100,310301,2904,1402,68088,https://www.youtube.com/watch?v=YGB_zqNXECo,0,0,0,,2904,1402,68088,https://www.youtube.com/watch?v=YGB_zqNXECo,0,0,0,0,
824c0c36956f4a73bb3ec479dd8e4da8,18100,513482,1092,489,9208,https://www.youtube.com/watch?v=G0MAx-FSnxM,772,243,3924,https://www.youtube.com/watch?v=Wb6Vs0zgXNw,3433,866,9208,https://www.youtube.com/watch?v=G0MAx-FSnxM,1684,0,0,0,
2be709cdd22f4a63a95504731ba79afd,17700,532819,711,241,1061,https://www.youtube.com/watch?v=oOc_PNHWW8g,711,241,1061,https://www.youtube.com/watch?v=oOc_PNHWW8g,0,0,0,,0,0,0,0,
d5fdf5fc55d14476908e416e6d43c121,17600,292041,3342,1511,47598,https://www.youtube.com/watch?v=b1y1sfL1GRY,0,0,0,,3342,1511,47598,https://www.youtube.com/watch?v=b1y1sfL1GRY,0,0,0,0,
50a0835b66844b0ab84f573934f20989,17500,380707,4254,2021,18874,https://www.youtube.com/watch?v=Xn9uOkbMOEk,4500,2128,7886,https://www.youtube.com/watch?v=XPRfFCbrlLM,2450,1143,18874,https://www.youtube.com/watch?v=Xn9uOkbMOEk,0,0,0,0,
e150e350532b4327b26989dd43cd3bad,17400,821703,2045,787,10416,https://www.youtube.com/watch?v=wqnCAsG6Mrw,1641,599,2600,https://www.youtube.com/watch?v=mX6-2Fcz9Vc,5466,3817,10416,https://www.youtube.com/watch?v=wqnCAsG6Mrw,203,0,0,0,
0665fb3db61c43b5933f1de118625382,17300,1088819,0,0,0,,0,0,0,,0,0,0,,0,0,0,0,
6ce5f9e78ea946d8a2fd4191005557aa,17300,293899,1555,780,3802,https://www.youtube.com/watch?v=9ycLFxDd-K0,1666,939,3802,https://www.youtube.com/watch?v=9ycLFxDd-K0,1026,336,1479,https://www.youtube.com/watch?v=PUA5i8KkyCE,319,175,131,175,https://www.twitch.tv/videos/2106899119
71cee502a14d4ef1b9b0264fa2db8987,17000,644001,1608,1167,12148,https://www.youtube.com/watch?v=4-uPt9wOz_k,2517,1498,12148,https://www.youtube.com/watch?v=4-uPt9wOz_k,1299,1067,1516,https://www.youtube.com/watch?v=k89IsGxBGKI,5377,8314,4696,10041,https://www.twitch.tv/videos/2101073470
4fd17e8877024633876c5d85bc81e56b,16900,1412324,5214,1346,8967,https://www.youtube.com/watch?v=iAIntOfJEUY,1077,726,1705,https://www.youtube.com/watch?v=kFroNwXAaF0,6108,2641,8967,https://www.youtube.com/watch?v=iAIntOfJEUY,0,0,0,0,
cd88de8b4bc84a71975df9afb42192b8,16800,1165268,952,575,3236,https://www.youtube.com/watch?v=2vE5vP12iU4,952,575,3236,https://www.youtube.com/watch?v=2vE5vP12iU4,0,0,0,,2922,0,0,0,
b63a5ee44acf4498827a3fd984ab23e0,16800,994710,0,0,0,,0,0,0,,0,0,0,,0,0,0,0,
f2a403cb46354371837550730a397bd1,16800,1030409,538,267,2876,https://www.youtube.com/watch?v=gHR0uax6r20,472,209,999,https://www.youtube.com/watch?v=Kg0KQITNv74,694,276,2876,https://www.youtube.com/watch?v=gHR0uax6r20,0,0,0,0,
52e472aa762449b585c45a2d578bdf41,16800,806584,858,363,14521,https://www.youtube.com/watch?v=U8UmrFs4PAM,814,350,3878,https://www.youtube.com/watch?v=kMf15ulQlWc,7689,2652,14521,https://www.youtube.com/watch?v=U8UmrFs4PAM,0,0,0,0,
efe550a729e14dbab790a3f73205d8ed,16800,710569,513,270,4765,https://www.youtube.com/watch?v=Fx6XkrnNTtQ,353,231,929,https://www.youtube.com/watch?v=OAr79Ikdld0,746,393,4765,https://www.youtube.com/watch?v=Fx6XkrnNTtQ,0,0,0,0,
5d00575c06d74f588238857d7dec1b02,16700,1087619,1397,580,7298,https://www.youtube.com/watch?v=9oJQpEh_AbE,1331,573,2597,https://www.youtube.com/watch?v=Cq1RqL9URYs,6550,2047,7298,https://www.youtube.com/watch?v=9oJQpEh_AbE,0,0,0,0,
9e351b7cdabd45c49c64074bc7d947ce,16700,0,0,0,0,,0,0,0,,0,0,0,,12554,2332,959,2332,https://www.twitch.tv/videos/2097063936
dad6fb7439d744739755a9a7c6c18d20,16400,955318,4144,1003,16188,https://www.youtube.com/watch?v=m-nfMRTtD6M,4476,1060,16188,https://www.youtube.com/watch?v=m-nfMRTtD6M,1303,763,4735,https://www.youtube.com/watch?v=-5CV8IIrhYQ,380,0,0,0,
05e831b267914fc5b4d9b28de1f648dc,16400,675083,2169,434,2575,https://www.youtube.com/watch?v=fVQz2I1COPg,2134,448,2575,https://www.youtube.com/watch?v=fVQz2I1COPg,2263,417,2358,https://www.youtube.com/watch?v=foRpnzcH8u4,0,0,0,0,
adc9d30b5940427e96ae92238f0f8b83,16200,310992,475,187,846,https://www.youtube.com/watch?v=mX7Ji536sWs,461,224,735,https://www.youtube.com/watch?v=lM2G2j2veo8,508,120,846,https://www.youtube.com/watch?v=mX7Ji536sWs,678,0,0,0,
59110c6bf6e64ce6bdf86b40246dc106,16200,564158,1640,671,7825,https://www.youtube.com/watch?v=CHwwM9UzdUQ,1898,711,7825,https://www.youtube.com/watch?v=CHwwM9UzdUQ,1082,473,1462,https://www.youtube.com/watch?v=TlhYRUq-0o4,0,0,0,0,
3809ec8a42634d11aa1b7b8f99755c6a,16200,860179,0,0,0,,0,0,0,,0,0,0,,55143,3970,2816,6752,https://www.twitch.tv/videos/2097034075
f4cc8258f66e4276871f213aeaf93fbb,15700,266504,0,0,0,,0,0,0,,0,0,0,,3695,0,0,0,
da4a58b114b94469a0a93f6b8ee7512d,15700,619858,694,414,1601,https://www.youtube.com/watch?v=5-YUvvFO9Ng,694,414,1601,https://www.youtube.com/watch?v=5-YUvvFO9Ng,0,0,0,,10540,248,160,248,https://www.twitch.tv/videos/2103845839
aa1ff405338c41b98ff7197eb4d90349,15600,197284,613,245,6442,https://www.youtube.com/watch?v=pLVzaMdaqJA,538,213,2376,https://www.youtube.com/watch?v=CLK-WlZYC9g,2227,911,6442,https://www.youtube.com/watch?v=pLVzaMdaqJA,0,0,0,0,
67d348e6690c43729cce031e70a26645,15400,365935,1637,663,5880,https://www.youtube.com/watch?v=mEz5fN6q7XI,1384,532,2337,https://www.youtube.com/watch?v=gV6drrWlMuY,2625,1403,5880,https://www.youtube.com/watch?v=mEz5fN6q7XI,21102,6772,4369,27388,https://www.twitch.tv/videos/2093288601
d32bd28cd67b4e64a56b24f9a76dadcd,15400,799955,0,0,0,,0,0,0,,0,0,0,,315,0,0,0,
05be4fb717614738a87daac46157ddb1,15300,768379,831,631,4100,https://www.youtube.com/watch?v=AGUn-gYQvdI,903,694,4100,https://www.youtube.com/watch?v=AGUn-gYQvdI,515,453,515,https://www.youtube.com/watch?v=cBJ-TMwuf_o,0,0,0,0,
6c7a8b443aa942a89a83485c98d10559,15300,1218978,1216,594,2675,https://www.youtube.com/watch?v=isBdxT6kd1U,1216,594,2675,https://www.youtube.com/watch?v=isBdxT6kd1U,0,0,0,,0,0,0,0,
767afb93c0454b6291ea94d28ae5b5de,15100,432799,9210,1222,23643,https://www.youtube.com/watch?v=5xAfVtkJdrI,9210,1222,23643,https://www.youtube.com/watch?v=5xAfVtkJdrI,0,0,0,,5424,1056,697,1255,https://www.twitch.tv/videos/2105823133
0b63fa89b80e4649b0297d156ed1c791,15100,904830,0,0,0,,0,0,0,,0,0,0,,0,0,0,0,
19234cc590224c45912a14487f756dc5,14800,602948,3652,2370,25874,https://www.youtube.com/watch?v=hfbqrFROK0E,6695,3757,25874,https://www.youtube.com/watch?v=hfbqrFROK0E,493,197,705,https://www.youtube.com/watch?v=Wer2WnRVf1E,1067,440,284,627,https://www.twitch.tv/videos/2100784149
239947732521428d946087065b7c8e17,14600,647518,1009,505,5025,https://www.youtube.com/watch?v=2hukhUEGjRs,1225,539,2310,https://www.youtube.com/watch?v=DRcwZxnUbR0,641,452,5025,https://www.youtube.com/watch?v=2hukhUEGjRs,0,0,0,0,
d3a75c3d9f204420808f38ed629becf4,14400,324489,2657,984,7300,https://www.youtube.com/watch?v=bcD5mG94faM,2676,989,7300,https://www.youtube.com/watch?v=bcD5mG94faM,205,200,205,https://www.youtube.com/watch?v=s7s8RGxVrmU,652,423,358,667,https://www.twitch.tv/videos/2105483618
e9ec2395070144b0af7231570e06a743,14400,318900,428,229,1632,https://www.youtube.com/watch?v=4NoKjJHQmPQ,428,248,1632,https://www.youtube.com/watch?v=4NoKjJHQmPQ,579,158,1131,https://www.youtube.com/watch?v=Fia6LiU7jeY,0,0,0,0,
77533b0fb2324e33bff67fbbf4daf13f,14300,3535359,856,403,1949,https://www.youtube.com/watch?v=Nk0ZRGtKrjE,1252,806,1949,https://www.youtube.com/watch?v=Nk0ZRGtKrjE,659,251,1154,https://www.youtube.com/watch?v=OPivAXlBKcU,1449,0,0,0,
e9a9d88bf69e4c83842fe05b3ae1601b,14100,436166,133,91,14186,https://www.youtube.com/watch?v=5Gu1JM-9yJ4,878,717,3136,https://www.youtube.com/watch?v=turhkojy3Lg,85,58,14186,https://www.youtube.com/watch?v=5Gu1JM-9yJ4,7376,3421,925,8226,https://www.twitch.tv/videos/2086735118
2d57d202ef8e46a5871302b944309bc2,13800,2091292,109,66,413,https://www.youtube.com/watch?v=WmWG_3DAkAo,101,60,303,https://www.youtube.com/watch?v=QFUnOKNO3u4,413,309,413,https://www.youtube.com/watch?v=WmWG_3DAkAo,0,0,0,0,
8150f530d858418282811429cc32622b,13800,798083,383,170,1784,https://www.youtube.com/watch?v=r0ts6nw0FN8,387,171,1784,https://www.youtube.com/watch?v=r0ts6nw0FN8,62,41,62,https://www.youtube.com/watch?v=HSt6NxshB0I,9323,268,173,1204,https://www.twitch.tv/videos/2108572566
ec4bc8d279af43eaba4679b762bbbc59,13700,301190,1120,679,2767,https://www.youtube.com/watch?v=Eqxgbdj1NNU,980,427,2068,https://www.youtube.com/watch?v=orbUwF3xVFU,1260,730,2767,https://www.youtube.com/watch?v=Eqxgbdj1NNU,0,0,0,0,
0f595c5e48be4f29befb358388a61f8b,13600,982810,526,344,2064,https://www.youtube.com/watch?v=DZhIiaB-Evw,711,357,2064,https://www.youtube.com/watch?v=DZhIiaB-Evw,302,194,1772,https://www.youtube.com/watch?v=hs3aKzbKjY4,225,0,0,0,
28a930938667442288010b333937e2ab,13500,1048089,1125,605,7054,https://www.youtube.com/watch?v=XzwrEkRRLPU,0,0,0,,1125,605,7054,https://www.youtube.com/watch?v=XzwrEkRRLPU,6822,2806,1219,26803,https://www.twitch.tv/videos/2105577534
1d2404a7bd5a4baab9473392d62e7ca9,13400,372620,816,233,1584,https://www.youtube.com/watch?v=H5rSUGflP98,731,233,1584,https://www.youtube.com/watch?v=H5rSUGflP98,1308,240,1383,https://www.youtube.com/watch?v=eSFYXGCpDgI,7249,2523,886,6143,https://www.twitch.tv/videos/2086808372
9335c3076be84149abfbef91ac0e9e68,13300,211812,425,285,8688,https://www.youtube.com/watch?v=FWwnfS3KOL8,415,218,899,https://www.youtube.com/watch?v=keydZUPcJSc,4554,1665,8688,https://www.youtube.com/watch?v=FWwnfS3KOL8,497,345,241,449,https://www.twitch.tv/videos/2111415595
abc7acc71b474ebebecfde51ad5f88e1,13300,418913,393,117,1983,https://www.youtube.com/watch?v=zR-LPrpo3rs,389,189,397,https://www.youtube.com/watch?v=yUilrr9jTWQ,1983,27,1983,https://www.youtube.com/watch?v=zR-LPrpo3rs,1641,0,0,0,
18bd2d37e2e64f0cab20ec6a2b2f2474,13200,360832,207,117,7338,https://www.youtube.com/watch?v=_Vops3HP6gk,217,119,515,https://www.youtube.com/watch?v=obyGtsolDBc,144,70,7338,https://www.youtube.com/watch?v=_Vops3HP6gk,1320,175,158,217,https://www.twitch.tv/videos/2113345554
0bfd032de03c48a4bd7d1f4505335a7d,13100,362894,699,360,1978,https://www.youtube.com/watch?v=zIBEyt-PAZs,529,80,1084,https://www.youtube.com/watch?v=-AP2WlbmnOE,731,540,1978,https://www.youtube.com/watch?v=zIBEyt-PAZs,0,0,0,0,
ed3f69b9de7c43f3a32b4e7dfdb5bfd0,13000,315849,410,230,4272,https://www.youtube.com/watch?v=0-BAOoMUkYM,385,187,1133,https://www.youtube.com/watch?v=N_gqnTSAO_8,3179,1869,4272,https://www.youtube.com/watch?v=0-BAOoMUkYM,0,0,0,0,
793e165182584e9aaee5dcc331abbb1e,13000,429342,0,0,0,,0,0,0,,0,0,0,,1788,429,242,429,https://www.twitch.tv/videos/2101679866
d5c19a6328af48ba88bf41b2dd757f14,12800,484463,376,188,3496,https://www.youtube.com/watch?v=Rn-kSF6MjoI,376,254,584,https://www.youtube.com/watch?v=gSojI78JM48,475,144,3496,https://www.youtube.com/watch?v=Rn-kSF6MjoI,0,0,0,0,
af9cab022b2d4d1cb7e57246975842c4,12600,628439,0,0,0,,0,0,0,,0,0,0,,0,0,0,0,
390346240f4748bd9d81e472411c20c2,12600,274934,253,123,436,https://www.youtube.com/watch?v=BDOf515O-So,268,135,436,https://www.youtube.com/watch?v=BDOf515O-So,166,111,166,https://www.youtube.com/watch?v=ns9ZhsvQsKg,3454,237,150,361,https://www.twitch.tv/videos/2100030306
7b2c8df9fd9d4f33bd5ec0c38f12826f,12400,0,0,0,0,,0,0,0,,0,0,0,,6510,0,0,0,
08184fac3ec1408a8009f2e7078794dd,12300,540149,1140,588,1777,https://www.youtube.com/watch?v=ltRQTA6KdbA,1228,612,1777,https://www.youtube.com/watch?v=ltRQTA6KdbA,777,453,1140,https://www.youtube.com/watch?v=W6ibBw5oRlA,0,0,0,0,
fa3bc2669fe041dfaa0765278ffd6330,12000,405196,0,0,0,,0,0,0,,0,0,0,,2585,0,0,0,
6a30fc9ee6f24d839198497406c63cc1,12000,1109571,147,93,615,https://www.youtube.com/watch?v=snXQeHg4iuQ,146,99,280,https://www.youtube.com/watch?v=M4bHV9RBHLk,209,61,615,https://www.youtube.com/watch?v=snXQeHg4iuQ,401,79,65,109,https://www.twitch.tv/videos/2112464368
15cbed02d2f74630b04b73515909c1f4,11900,365305,325,95,881,https://www.youtube.com/watch?v=hX3JAwrakPI,398,131,881,https://www.youtube.com/watch?v=hX3JAwrakPI,175,95,175,https://www.youtube.com/watch?v=QOOeTwaTANA,2181,67,40,67,https://www.twitch.tv/videos/2102805892
f78c2a00a6854a79930a52885181590c,11900,520425,0,0,0,,0,0,0,,0,0,0,,893,0,0,0,
80f7b111f0e044abae4c37f6a96b5957,11700,193903,259,122,6266,https://www.youtube.com/watch?v=TzMef8oUhGI,259,122,647,https://www.youtube.com/watch?v=sVja4aRhl4U,3244,770,6266,https://www.youtube.com/watch?v=TzMef8oUhGI,0,0,0,0,
b165ca888a7d4f61b754ac53ca374f11,11700,694468,284,241,284,https://www.youtube.com/watch?v=0h-ozI5W-rM,284,241,284,https://www.youtube.com/watch?v=0h-ozI5W-rM,0,0,0,,0,0,0,0,
6559d42f66684b8f80b4cd4589addd85,11600,601597,377,232,836,https://www.youtube.com/watch?v=CyJQc8V9fa8,377,232,836,https://www.youtube.com/watch?v=CyJQc8V9fa8,0,0,0,,3453,213,177,312,https://www.twitch.tv/videos/2111447252
221563b6b46245379c6dc6328c9d0447,11500,841293,212,99,212,https://www.youtube.com/watch?v=PWhk6wj9l_k,0,0,0,,212,99,212,https://www.youtube.com/watch?v=PWhk6wj9l_k,0,0,0,0,
8ee549546bb14154b5e1fcaf3dd51f09,11500,287570,917,436,1990,https://www.youtube.com/watch?v=JittRhV1lzc,950,466,1990,https://www.youtube.com/watch?v=JittRhV1lzc,507,309,507,https://www.youtube.com/watch?v=p9ofvxo5jH8,991,0,0,0,
cdb5c89f61c94949a989457cf549b7e4,11500,370516,865,494,11002,https://www.youtube.com/watch?v=DxR91_D9BEk,865,625,11002,https://www.youtube.com/watch?v=DxR91_D9BEk,762,337,1736,https://www.youtube.com/watch?v=nucWOqN1ZaE,0,0,0,0,
5d8a211269e449868dc84cc422ae0ec7,11400,273410,1360,602,1931,https://www.youtube.com/watch?v=RN7Z2-1xLIE,1360,602,1931,https://www.youtube.com/watch?v=RN7Z2-1xLIE,0,0,0,,0,0,0,0,
b77374e93bbf4e289a5b6082a7b43c3c,11300,571737,801,392,7575,https://www.youtube.com/watch?v=HJV6Kzt1Nk8,801,392,1683,https://www.youtube.com/watch?v=VKZjW4jGBNM,1014,369,7575,https://www.youtube.com/watch?v=HJV6Kzt1Nk8,0,0,0,0,
de266b34e79c49b48fa566e9fb1a24af,11300,351023,1394,657,13106,https://www.youtube.com/watch?v=_ykFZEvBZoM,1366,662,13106,https://www.youtube.com/watch?v=_ykFZEvBZoM,1394,485,7102,https://www.youtube.com/watch?v=uTiQyiqZcow,171,0,0,0,
090be1be8d29429183e190e22fc4be22,11300,459068,338,213,851,https://www.youtube.com/watch?v=a6DFDaMhZuk,209,181,818,https://www.youtube.com/watch?v=me7sHnVw5nI,749,381,851,https://www.youtube.com/watch?v=a6DFDaMhZuk,2751,122,103,195,https://www.twitch.tv/videos/2113382846
bb08b8a2a44746499cbe1be1932fa5f9,11200,46848,0,0,0,,0,0,0,,0,0,0,,1,0,0,0,
f985903969ad4e8b839e919aabe94480,11200,265661,353,177,6923,https://www.youtube.com/watch?v=1oXM0TRLZeU,488,204,1163,https://www.youtube.com/watch?v=v1lJfobOkI4,238,99,6923,https://www.youtube.com/watch?v=1oXM0TRLZeU,0,0,0,0,
656455380d524045b9f75d6082563f94,11100,923701,395,183,2363,https://www.youtube.com/watch?v=G9HDH_fIfIo,291,154,596,https://www.youtube.com/watch?v=eN2IPasgpc0,1293,516,2363,https://www.youtube.com/watch?v=G9HDH_fIfIo,533,0,0,0,
aaa45dc386714427ba862f691d4471ac,11100,504460,1717,775,12958,https://www.youtube.com/watch?v=iGvabF2PR2Y,1492,617,8755,https://www.youtube.com/watch?v=V9J5ArOdQTI,3782,1764,12958,https://www.youtube.com/watch?v=iGvabF2PR2Y,683,0,0,0,
e069724ddab54dd690d6c3425574effd,11100,541347,2790,853,10447,https://www.youtube.com/watch?v=K9khK09X5Cw,1051,498,2065,https://www.youtube.com/watch?v=J-7estW__og,3857,1652,10447,https://www.youtube.com/watch?v=K9khK09X5Cw,934,382,247,382,https://www.twitch.tv/videos/2103875873
b57162e62056494d85f1743abdbad648,10900,471511,830,307,2913,https://www.youtube.com/watch?v=8_sJGbmcOx0,830,307,2913,https://www.youtube.com/watch?v=8_sJGbmcOx0,0,0,0,,290,56,42,64,https://www.twitch.tv/videos/2103800296
d2c76258b7ff45ee88e3585c4c9ed0c1,10900,287218,437,266,2085,https://www.youtube.com/watch?v=sJYjc8SSM88,437,266,1748,https://www.youtube.com/watch?v=aBEWYJJueJA,1187,638,2085,https://www.youtube.com/watch?v=sJYjc8SSM88,3479,568,326,640,https://www.twitch.tv/videos/2113342060
75d0bd5fa58a4a5fb479e3b2ebae82a7,10800,341388,318,140,579,https://www.youtube.com/watch?v=6a7TWAB5EjY,318,140,579,https://www.youtube.com/watch?v=6a7TWAB5EjY,0,0,0,,0,0,0,0,
7ef2dc851df94f5aa7f632c736b4307e,10600,346074,537,242,1839,https://www.youtube.com/watch?v=Uff6a8pj4BY,1204,276,1839,https://www.youtube.com/watch?v=Uff6a8pj4BY,280,242,610,https://www.youtube.com/watch?v=Yxw6jWr2x6k,488,0,0,0,
2d8030df89d042fba678da36c8f68aea,10600,390311,1033,759,1033,https://www.youtube.com/watch?v=y-SqzICUM6I,1033,759,1033,https://www.youtube.com/watch?v=y-SqzICUM6I,0,0,0,,0,0,0,0,
7923371c887541e28bbae1a55b732d05,10600,45257,250,181,250,https://www.youtube.com/watch?v=wCs5WPHHdII,250,181,250,https://www.youtube.com/watch?v=wCs5WPHHdII,0,0,0,,0,0,0,0,
936b23e5e87144108c5d3f09f194c8b8,10500,665483,1134,428,11695,https://www.youtube.com/watch?v=rmhoP7Cm-VU,407,278,1983,https://www.youtube.com/watch?v=gYJ-4xE-4JE,3778,2275,11695,https://www.youtube.com/watch?v=rmhoP7Cm-VU,7036,0,0,0,
a7145a6e0ede44dfbef984d9dc22534f,10400,469136,483,268,2006,https://www.youtube.com/watch?v=sczsNOgEnRk,384,127,2006,https://www.youtube.com/watch?v=sczsNOgEnRk,772,365,1889,https://www.youtube.com/watch?v=eRHM-T8pHEI,0,0,0,0,
22fd5004e4a34134b6855525e01cda73,10400,235715,312,148,978,https://www.youtube.com/watch?v=C3kIupQpI4Y,295,113,978,https://www.youtube.com/watch?v=C3kIupQpI4Y,449,262,689,https://www.youtube.com/watch?v=om9I4_fR4o0,0,0,0,0,
e02e777312df43b986f089339652402e,10300,0,0,0,0,,0,0,0,,0,0,0,,0,0,0,0,
43864254e678407fae3dc899f7155912,10300,333448,297,126,489,https://www.youtube.com/watch?v=mIYmZhCTE6c,277,113,446,https://www.youtube.com/watch?v=TFmmMtYL-EU,425,130,489,https://www.youtube.com/watch?v=mIYmZhCTE6c,0,0,0,0,
42844ee6e0cc47938829b43a3101b9bb,10200,71435,705,167,807,https://www.youtube.com/watch?v=am4LmO7Aqb0,807,227,807,https://www.youtube.com/watch?v=am4LmO7Aqb0,603,106,603,https://www.youtube.com/watch?v=BV5pYCn4qUs,4452,4569,1749,13735,https://www.twitch.tv/videos/2097035001
c9e2b4e07dce42dba2db0fb9d2f358b9,10100,171565,110,55,331,https://www.youtube.com/watch?v=q0Wy5Gm3a5M,114,70,331,https://www.youtube.com/watch?v=q0Wy5Gm3a5M,0,0,0,https://www.youtube.com/watch?v=QqU2eramDGg,0,0,0,0,
1eec022f916a46b58f5124936afdabe3,10000,103679,247,109,2421,https://www.youtube.com/watch?v=trReC_JoGt4,240,119,1038,https://www.youtube.com/watch?v=9K9iK2YodNc,1402,68,2421,https://www.youtube.com/watch?v=trReC_JoGt4,0,0,0,0,
14d83faa414c415097d577d2da9636ce,10000,510980,280,91,388,https://www.youtube.com/watch?v=3F5Un6AhDCM,172,114,172,https://www.youtube.com/watch?v=ihyuhflJZTU,388,68,388,https://www.youtube.com/watch?v=3F5Un6AhDCM,0,0,0,0,
9e485b7b44e34693ad25bd04be743dbc,9970,388993,0,0,0,,0,0,0,,0,0,0,,0,0,0,0,
51cd04cab0de47d4b2b5a156bbe2dfb0,9920,234880,288,149,729,https://www.youtube.com/watch?v=rDhmvZJhdFM,288,149,729,https://www.youtube.com/watch?v=rDhmvZJhdFM,0,0,0,,0,0,0,0,
c518b228a5a849179ab26f28d230036e,9910,84748,220,111,478,https://www.youtube.com/watch?v=kMIhpSCCSkc,251,116,478,https://www.youtube.com/watch?v=kMIhpSCCSkc,167,44,214,https://www.youtube.com/watch?v=vzJkalitLrA,0,0,0,0,
8dd4a8b4598e483e9112b2b1a9466013,9860,2468657,135,75,1617,https://www.youtube.com/watch?v=6NCFn4iGUl0,132,58,1617,https://www.youtube.com/watch?v=6NCFn4iGUl0,433,207,1116,https://www.youtube.com/watch?v=R6L4JM49Ek4,234,0,0,0,
d5aa3e4d1b5e4346baaa0db456048bfa,9850,123907,192,68,7008,https://www.youtube.com/watch?v=sAQ2siNCHpQ,193,89,1024,https://www.youtube.com/watch?v=TvDOm_f1ixg,86,7,7008,https://www.youtube.com/watch?v=sAQ2siNCHpQ,0,0,0,0,
fefbcad20d8344c79c74a103d0ea45b2,9790,231085,270,247,270,https://www.youtube.com/watch?v=5ufO8y7vLhI,270,247,270,https://www.youtube.com/watch?v=5ufO8y7vLhI,0,0,0,,0,0,0,0,
72cc5bf1729245618e1f10da0b796d53,9740,326373,789,389,2787,https://www.youtube.com/watch?v=LiZIdhzP_88,617,218,1641,https://www.youtube.com/watch?v=qycTEn0ONUc,1435,556,2787,https://www.youtube.com/watch?v=LiZIdhzP_88,1501,0,0,0,
9d153fd60b584d31b600bca66a86e452,9610,412209,560,415,16411,https://www.youtube.com/watch?v=Y2qqZK5TbyE,560,415,2583,https://www.youtube.com/watch?v=_NhwGBo6My0,8350,5663,16411,https://www.youtube.com/watch?v=Y2qqZK5TbyE,0,0,0,0,
920d34819cf944e99cf469f7552d535f,9590,691844,2302,1570,29901,https://www.youtube.com/watch?v=uoA4AgJSyts,2279,1221,29901,https://www.youtube.com/watch?v=uoA4AgJSyts,2858,2602,9542,https://www.youtube.com/watch?v=5y2e8ihU9Aw,0,0,0,0,
3cf8b7b95c244f0d9cba700f561c9737,9480,357502,0,0,0,,0,0,0,,0,0,0,,0,0,0,0,
14770d49681b44c1a6a7fcbdc265f539,9390,475973,2205,981,3490,https://www.youtube.com/watch?v=Yt8dV5ecClg,921,413,921,https://www.youtube.com/watch?v=shaiQV6ZmKo,3490,1550,3490,https://www.youtube.com/watch?v=Yt8dV5ecClg,0,0,0,0,
55be1972142c44799f83ce3db4f14fbd,9350,442006,668,234,11746,https://www.youtube.com/watch?v=WoE1taNI-MA,342,113,619,https://www.youtube.com/watch?v=R9CgU55Py58,810,577,11746,https://www.youtube.com/watch?v=WoE1taNI-MA,0,0,0,0,
3569cab127ab4bf9af790de9a999a5f8,9280,213215,1176,492,3160,https://www.youtube.com/watch?v=mur6-jA5Amc,1593,492,3160,https://www.youtube.com/watch?v=mur6-jA5Amc,680,504,3003,https://www.youtube.com/watch?v=Wr5r2_f94DM,342,228,173,323,https://www.twitch.tv/videos/2109582689
86cb23450c22439e91affb91db6ed326,9270,182064,0,0,0,,0,0,0,,0,0,0,,0,0,0,0,
25388daec64e40f38ca0e5a3a88fedb7,9260,106458,1462,613,6335,https://www.youtube.com/watch?v=sX4DusdUpic,1292,613,3068,https://www.youtube.com/watch?v=5YZLb-D1fWw,3027,1244,6335,https://www.youtube.com/watch?v=sX4DusdUpic,532,220,192,220,https://www.twitch.tv/videos/2110386249
3005ff0c09064d7f924c506e1e9c18ba,9240,244191,2181,1698,2181,https://www.youtube.com/watch?v=y1kVXsrcxp8,0,0,0,,2181,1698,2181,https://www.youtube.com/watch?v=y1kVXsrcxp8,12670,6419,3299,12102,https://www.twitch.tv/videos/2103816565
8c3af9f56a3f4f1d84fcfcfa9f280c8d,9150,462989,325,201,7162,https://www.youtube.com/watch?v=xqk3JW4_rJM,317,201,1270,https://www.youtube.com/watch?v=s3_p4ZqEAig,610,366,7162,https://www.youtube.com/watch?v=xqk3JW4_rJM,0,0,0,0,
139f3f1818a2420aa35d5471adaf1a73,9110,210739,709,402,1862,https://www.youtube.com/watch?v=GtX8EWqsn8M,941,421,1862,https://www.youtube.com/watch?v=GtX8EWqsn8M,455,161,531,https://www.youtube.com/watch?v=iwokbnKtVF4,0,0,0,0,
a11814b8fb494b0c88170f182aa37cf9,9050,235531,543,277,1463,https://www.youtube.com/watch?v=sKvwpNOORl4,543,277,1463,https://www.youtube.com/watch?v=sKvwpNOORl4,0,0,0,,0,0,0,0,
423dd7da92be47f4af7273c5f74efb27,8990,377026,2994,801,2994,https://www.youtube.com/watch?v=OX8LhW9l0vw,0,0,0,,2994,801,2994,https://www.youtube.com/watch?v=OX8LhW9l0vw,37803,2644,1293,7101,https://www.twitch.tv/videos/2113059732
fd7a69505569429fb845ac056825f3a9,8910,247522,197,92,4412,https://www.youtube.com/watch?v=lGr8U06cLFI,203,98,691,https://www.youtube.com/watch?v=NUp9nV3mDvI,107,55,4412,https://www.youtube.com/watch?v=lGr8U06cLFI,0,0,0,0,
4b53aa789e544bd9aaecc9fbc79e4bbe,8900,623851,1197,613,1197,https://www.youtube.com/watch?v=Zr2__FizDQE,1197,613,1197,https://www.youtube.com/watch?v=Zr2__FizDQE,0,0,0,,0,0,0,0,
1434ae451f81469da327f32c387b9df0,8870,203851,247,146,838,https://www.youtube.com/watch?v=QMehrwnvU64,247,146,838,https://www.youtube.com/watch?v=QMehrwnvU64,0,0,0,,0,0,0,0,
c51f84b3ec9c4501a364a6a4982fa284,8800,288807,0,0,0,,0,0,0,,0,0,0,,2751,429,338,842,https://www.twitch.tv/videos/2112845077
bac1f0b8e8d149d4a48cfd30d7d7ad74,8730,514558,601,276,944,https://www.youtube.com/watch?v=ihL7dXEf9bY,601,276,944,https://www.youtube.com/watch?v=ihL7dXEf9bY,0,0,0,,0,0,0,0,
c163cb7f683c453fa8a994ebbb09ede8,8540,133102,151,150,161,https://www.youtube.com/watch?v=yVn_z81wfdg,148,140,151,https://www.youtube.com/watch?v=jfNBhwX2ZRA,161,152,161,https://www.youtube.com/watch?v=yVn_z81wfdg,0,0,0,0,
2e9fc0ba8558414ba1888ce3a516fc1b,8500,824894,0,0,0,,0,0,0,,0,0,0,,0,0,0,0,
7298d2db845840d7ab462c7628967f4e,8450,333220,239,110,281,https://www.youtube.com/watch?v=XyxFkImxkG0,239,110,281,https://www.youtube.com/watch?v=XyxFkImxkG0,0,0,0,,0,0,0,0,
d407b30c72a841bd82af1f5cc8ec0667,8410,320677,606,180,810,https://www.youtube.com/watch?v=4sUVhPtUZkw,606,169,810,https://www.youtube.com/watch?v=4sUVhPtUZkw,601,180,672,https://www.youtube.com/watch?v=lH1ufikBASQ,5371,677,433,677,https://www.twitch.tv/videos/2103718891
b7f222493f4d4bd1be65f1c08300b45e,8360,271080,228,141,846,https://www.youtube.com/watch?v=-0TbA8oGGdY,228,141,846,https://www.youtube.com/watch?v=-0TbA8oGGdY,0,0,0,,0,0,0,0,
b4bf821f6a6a440996f4fd9cddaf250b,8250,310074,225,128,4114,https://www.youtube.com/watch?v=GFKDuYED4YE,225,128,566,https://www.youtube.com/watch?v=Rg4DiK8Qqdo,2131,767,4114,https://www.youtube.com/watch?v=GFKDuYED4YE,327,0,0,0,
7cecb437e7a54e07a29c3a164565957d,8160,179549,560,144,4972,https://www.youtube.com/watch?v=R4rFR03AY70,560,132,655,https://www.youtube.com/watch?v=T-_-54dgW2c,714,548,4972,https://www.youtube.com/watch?v=R4rFR03AY70,0,0,0,0,
13c69e2cf2ff4dc1907bbae9a87a8c0f,8140,386537,388,145,4322,https://www.youtube.com/watch?v=Pl9_eolPVQc,360,131,1367,https://www.youtube.com/watch?v=fgVpwFI9bVQ,1402,322,4322,https://www.youtube.com/watch?v=Pl9_eolPVQc,1276,304,211,311,https://www.twitch.tv/videos/2105728805
dcebd098c3ea479ba2b0e32a2696a5ec,8140,134658,944,467,3208,https://www.youtube.com/watch?v=vb5jinVx1_8,980,511,2769,https://www.youtube.com/watch?v=pzb644POWzo,691,285,3208,https://www.youtube.com/watch?v=vb5jinVx1_8,0,0,0,0,
645fc774332a469ebd03f1a822ebe2be,8040,551141,547,276,5696,https://www.youtube.com/watch?v=W4ID3tUWQis,547,276,928,https://www.youtube.com/watch?v=7GLyGUpEvZQ,2925,942,5696,https://www.youtube.com/watch?v=W4ID3tUWQis,0,0,0,0,
209a528363cd411886ec9e5d086ff1bc,8020,596576,374,210,715,https://www.youtube.com/watch?v=BG7CazaSVbI,374,210,715,https://www.youtube.com/watch?v=BG7CazaSVbI,0,0,0,,652,215,182,215,https://www.twitch.tv/videos/2109547584
1c94e6e4d8cf4f8d9195385a9024275a,8000,79002,0,0,0,,0,0,0,,0,0,0,,408,0,0,0,
b92c6e4c3bea4b938077a8f152f78083,7960,56031,0,0,0,,0,0,0,,0,0,0,,0,0,0,0,
41a8958a1a4a4cc8b404d04da033400e,7940,329245,188,106,188,https://www.youtube.com/watch?v=CYSw8EtFfss,188,106,188,https://www.youtube.com/watch?v=CYSw8EtFfss,0,0,0,,494,47,32,47,https://www.twitch.tv/videos/2105076049
f53807443055490f87b85ded6caee0aa,7890,290566,1081,194,2063,https://www.youtube.com/watch?v=1ZWT_2CwUqk,1125,247,2063,https://www.youtube.com/watch?v=1ZWT_2CwUqk,134,54,575,https://www.youtube.com/watch?v=pP38HAcrNkU,353,0,0,0,
bdc034d3afcd4456b6da2b96a2e460ef,7890,541709,353561,118434,353561,https://www.youtube.com/watch?v=rDP2WKNDL1o,0,0,0,,353561,118434,353561,https://www.youtube.com/watch?v=rDP2WKNDL1o,1518,53,46,86,https://www.twitch.tv/videos/2107797014
0448e6929687421c9e0435832765b9fe,7820,110368,938,361,2881,https://www.youtube.com/watch?v=7dyDlNHcCMM,984,392,1948,https://www.youtube.com/watch?v=GwECsu3T4KY,536,325,2881,https://www.youtube.com/watch?v=7dyDlNHcCMM,1163,267,181,513,https://www.twitch.tv/videos/2100915449
8dbec1de49be44d897f1c894427f3165,7820,137141,1276,539,11054,https://www.youtube.com/watch?v=Pvu5JQzmoSE,1099,538,2483,https://www.youtube.com/watch?v=XbMy2tZmFA8,1649,539,11054,https://www.youtube.com/watch?v=Pvu5JQzmoSE,655,754,715,766,https://www.twitch.tv/videos/2113380762
496b5a2dae1a4662806f858e8d40c5ea,7780,269014,0,0,0,,0,0,0,,0,0,0,,0,0,0,0,
538d1d2058da4bdea1c7f43f088e995b,7780,194760,0,0,0,,0,0,0,,0,0,0,,3318,0,0,0,
590a2bca0051444fb98915e5d761d47c,7730,61879,0,0,0,,0,0,0,,0,0,0,,24293,0,0,0,
cf66d52e3a4146dbaf03c1578fc25c47,7710,252796,244,162,574,https://www.youtube.com/watch?v=MBhMtATF9aY,242,162,515,https://www.youtube.com/watch?v=8xreG4bgL48,574,24,574,https://www.youtube.com/watch?v=MBhMtATF9aY,943,0,0,0,
4571c7a211b945f3b608c0066f7e73e4,7690,1430039,236,131,1089,https://www.youtube.com/watch?v=AvqNFORUbhs,212,111,369,https://www.youtube.com/watch?v=hZVW0ERi1VA,476,194,1089,https://www.youtube.com/watch?v=AvqNFORUbhs,705,36,24,42,https://www.twitch.tv/videos/2101010714
f3404208a69741c481201fffcdea3d9e,7680,131443,0,0,0,,0,0,0,,0,0,0,,0,0,0,0,
823311ac8226476e8d1e323f536bf8b1,7650,140191,526,421,526,https://www.youtube.com/watch?v=L2VXNEQtDGM,526,421,526,https://www.youtube.com/watch?v=L2VXNEQtDGM,0,0,0,,674,0,0,0,
215d93a2bd634b4cbeed0e88ae6d6e14,7620,1817708,393,125,12016,https://www.youtube.com/watch?v=-0bbRLb3GFg,297,121,2083,https://www.youtube.com/watch?v=jDrWlRAMuWg,2898,617,12016,https://www.youtube.com/watch?v=-0bbRLb3GFg,135,0,0,0,
5d2231ea88fd474d8a11e5a759899216,7590,353445,424,367,1094,https://www.youtube.com/watch?v=wrymAnB7oVk,420,361,1094,https://www.youtube.com/watch?v=wrymAnB7oVk,600,483,617,https://www.youtube.com/watch?v=LIQvfFb7N_k,207,0,0,0,
88f782b3b6c6492c926f70e4a13390c9,7530,375782,324,89,3142,https://www.youtube.com/watch?v=6R596dngfmI,367,85,3142,https://www.youtube.com/watch?v=6R596dngfmI,265,258,355,https://www.youtube.com/watch?v=9GKnr67ZxGU,348,96,86,96,https://www.twitch.tv/videos/2111089103
e11a32eec71e4b49aba5525ba012a02a,7510,253746,322,156,1604,https://www.youtube.com/watch?v=IXmH28fXluE,322,156,1604,https://www.youtube.com/watch?v=IXmH28fXluE,353,305,641,https://www.youtube.com/watch?v=w14nR8Ab-40,0,0,0,0,
914f6caed3ff4348824d966f76662bc2,7490,510190,695,367,14568,https://www.youtube.com/watch?v=EFsZJBzyqjM,760,386,2626,https://www.youtube.com/watch?v=EfDZEamy02E,270,159,14568,https://www.youtube.com/watch?v=EFsZJBzyqjM,0,0,0,0,
340d9b553db042bdb8294ba2f9fd6990,7420,316628,323,125,1832,https://www.youtube.com/watch?v=xr9Y0DWKw3I,289,92,1832,https://www.youtube.com/watch?v=xr9Y0DWKw3I,591,320,1560,https://www.youtube.com/watch?v=6GbHInBHYsA,1096,0,0,0,
8faff7aecb9d4e12917ea0144696e2de,7360,189806,652,468,1755,https://www.youtube.com/watch?v=tpMPJgh9cXw,664,510,1755,https://www.youtube.com/watch?v=tpMPJgh9cXw,218,131,218,https://www.youtube.com/watch?v=hiHWNqnSdio,0,0,0,0,
88aa589d4a3648738e49243d2056d03b,7320,336429,466,166,10787,https://www.youtube.com/watch?v=JE_unvCJj0U,457,264,616,https://www.youtube.com/watch?v=84-FDzL5Wig,484,142,10787,https://www.youtube.com/watch?v=JE_unvCJj0U,1275,0,0,0,
13a520e0a60c4aeea42f1c4d613e7e10,7320,235663,0,0,0,,0,0,0,,0,0,0,,504,0,0,0,
82e63a8d4ae14beab89e13b43b35fce3,7310,106431,303,134,872,https://www.youtube.com/watch?v=r2R1pQxPVkM,230,131,872,https://www.youtube.com/watch?v=r2R1pQxPVkM,560,197,653,https://www.youtube.com/watch?v=7wtNzVI3Znw,0,0,0,0,
00bdfa7c234a47b285152f675d6c650a,7300,1859784,0,0,0,,0,0,0,,0,0,0,,0,0,0,0,
0249265256814f61978f6d492fe1c15d,7230,176802,574,186,3511,https://www.youtube.com/watch?v=M1rDzbTIfLg,779,515,3511,https://www.youtube.com/watch?v=M1rDzbTIfLg,332,163,574,https://www.youtube.com/watch?v=fMtmSKmbYZA,0,0,0,0,
310862830fb648b78cca7e581e2622a7,7190,154333,2096,1418,4700,https://www.youtube.com/watch?v=pcLq7dIuTLg,0,0,0,,2096,1418,4700,https://www.youtube.com/watch?v=pcLq7dIuTLg,14704,37863,15197,81673,https://www.twitch.tv/videos/2104751840
56abcaadabbe44dbbd18ab0ecfe1037f,7160,233284,224,151,475,https://www.youtube.com/watch?v=Jh2_AqTi-HQ,221,158,475,https://www.youtube.com/watch?v=Jh2_AqTi-HQ,228,90,228,https://www.youtube.com/watch?v=LHoR8rrMmXQ,0,0,0,0,
3e1c8d17663e49158b54330fdac1a308,7150,68220,0,0,0,,0,0,0,,0,0,0,,848,0,0,0,
e1e11ed8ecb24ab6ad7e1d4c4c39f563,7110,207469,184,112,1667,https://www.youtube.com/watch?v=595mR-Ehi2A,175,112,245,https://www.youtube.com/watch?v=ZY95pu7LFn4,923,421,1667,https://www.youtube.com/watch?v=595mR-Ehi2A,0,0,0,0,
543ddfe1d70d4a19920f6daa1959b3b4,7100,0,0,0,0,,0,0,0,,0,0,0,,0,0,0,0,
03b825a2908749099e40cd4a4d1169aa,7050,161479,353,106,360,https://www.youtube.com/watch?v=gCh7_BvHfyE,353,106,360,https://www.youtube.com/watch?v=gCh7_BvHfyE,0,0,0,,0,0,0,0,
365db081229a4efeb4630f19587a96b2,6980,196112,447,244,3433,https://www.youtube.com/watch?v=S0siOIDfwQY,437,251,3433,https://www.youtube.com/watch?v=S0siOIDfwQY,458,191,1868,https://www.youtube.com/watch?v=_napCASircg,0,0,0,0,
1254f176d93548aca5ac7f4b53313f71,6950,2124068,83,31,3873,https://www.youtube.com/watch?v=VWnSLJcECgU,19,10,125,https://www.youtube.com/watch?v=A8DQ__E_07o,443,101,3873,https://www.youtube.com/watch?v=VWnSLJcECgU,1516,14,11,34,https://www.twitch.tv/videos/2101960638
1a520f3d2665454f985490e42467ae27,6950,146112,253,104,3040,https://www.youtube.com/watch?v=VvKBMIiCf8k,230,104,464,https://www.youtube.com/watch?v=KfPrg3_-a7Y,1081,91,3040,https://www.youtube.com/watch?v=VvKBMIiCf8k,0,0,0,0,
976e0cf401784d3f874dc85b2b2c5839,6930,224968,494,192,1728,https://www.youtube.com/watch?v=9q3WuRBqzLA,492,192,1443,https://www.youtube.com/watch?v=y96k3D4Buqw,1388,586,1728,https://www.youtube.com/watch?v=9q3WuRBqzLA,1590,0,0,0,
824bd7df6923453292dec9ff3e3f664a,6930,285670,397,197,4783,https://www.youtube.com/watch?v=vg1KzMZrlAU,410,177,3004,https://www.youtube.com/watch?v=6XKCvW-WEWk,240,199,4783,https://www.youtube.com/watch?v=vg1KzMZrlAU,569,0,0,0,
3e269031fb4b45aaa0906ca424190ce2,6850,110225,583,205,1281,https://www.youtube.com/watch?v=ye-9M5GvDc0,546,205,595,https://www.youtube.com/watch?v=DcR3JYV4TuA,935,303,1281,https://www.youtube.com/watch?v=ye-9M5GvDc0,8182,1683,913,2389,https://www.twitch.tv/videos/2112255756
a168211aa3dd451cb33e09b80df0ea0a,6840,197353,93,41,786,https://www.youtube.com/watch?v=54N0jjsroLc,95,42,786,https://www.youtube.com/watch?v=54N0jjsroLc,26,17,26,https://www.youtube.com/watch?v=5kHFuBHAgtQ,481,0,0,0,
f42c6f5877f14a38aef3f3b515769149,6810,621673,323,134,620,https://www.youtube.com/watch?v=wcs7iyrXZnw,323,134,620,https://www.youtube.com/watch?v=wcs7iyrXZnw,0,0,0,,0,0,0,0,
554ca19c3d924cacac1f680675b9fdd2,6800,145415,0,0,0,,0,0,0,,0,0,0,,406,0,0,0,
ab19e58312b74ebd9b68e27aeb0adde5,6780,248802,279,151,1361,https://www.youtube.com/watch?v=l9AasUMqMPI,279,117,346,https://www.youtube.com/watch?v=7mJHYAWxpf8,504,362,1361,https://www.youtube.com/watch?v=l9AasUMqMPI,0,0,0,0,
80f4d6e50af64a48be812258498e86c0,6740,334352,0,0,0,,0,0,0,,0,0,0,,161,0,0,0,
74c26216c39a40d1a9f1c5f63fa4d344,6730,225426,343,192,5639,https://www.youtube.com/watch?v=SjlXli2_ScU,332,180,799,https://www.youtube.com/watch?v=HJ5a-QkInw0,677,341,5639,https://www.youtube.com/watch?v=SjlXli2_ScU,0,0,0,0,
247215e876d24dae9932464b75fc577c,6720,378019,263,149,952,https://www.youtube.com/watch?v=z32uYlERUwc,252,135,530,https://www.youtube.com/watch?v=7lznEZ83bho,950,314,952,https://www.youtube.com/watch?v=z32uYlERUwc,0,0,0,0,
ecd7e504a0b64480a4127a25678e4b4a,6690,87690,419,367,419,https://www.youtube.com/watch?v=8TN4m2Dtsoo,0,0,0,,419,367,419,https://www.youtube.com/watch?v=8TN4m2Dtsoo,0,0,0,0,
556c69847bc14bc7be03b3e40e52ac98,6670,125486,515,178,1201,https://www.youtube.com/watch?v=vDfs24dJ2qY,484,168,918,https://www.youtube.com/watch?v=hjAAtvgiJ9g,649,353,1201,https://www.youtube.com/watch?v=vDfs24dJ2qY,1626,0,0,0,
2d6886120def4c148c70514433d77e1e,6660,316810,917,461,3748,https://www.youtube.com/watch?v=KhLwJTFOUu4,893,551,1069,https://www.youtube.com/watch?v=ESPlWJhEL3o,3676,371,3748,https://www.youtube.com/watch?v=KhLwJTFOUu4,0,0,0,0,
557a590ea9764e8c99e72415d1837d52,6590,20868,0,0,0,,0,0,0,,0,0,0,,0,0,0,0,
f40b8e8debf14680b5cc88bae98918f7,6490,208790,370,98,483,https://www.youtube.com/watch?v=yE59RNLbOP8,0,0,0,,370,98,483,https://www.youtube.com/watch?v=yE59RNLbOP8,0,0,0,0,
0471d5082a2e419786e141d6424c9150,6400,237343,1113,551,4635,https://www.youtube.com/watch?v=EHDgYr5en4Y,0,0,0,,1113,551,4635,https://www.youtube.com/watch?v=EHDgYr5en4Y,6372,0,0,0,
febd22ec0bec4ecdbcd383be8c2694c3,6360,0,0,0,0,,0,0,0,,0,0,0,,2289,382,287,532,https://www.twitch.tv/videos/2111382679
1af2e898b30a47518c54d7cb52ea92db,6350,20960,2245,1293,3445,https://www.youtube.com/watch?v=BTzSGP7W6QE,2245,1293,3445,https://www.youtube.com/watch?v=BTzSGP7W6QE,0,0,0,,1259,275,30,614,https://www.twitch.tv/videos/2089731855
2adc6f9aabb64fd892ff5d29ebdd5c44,6340,145316,0,0,0,,0,0,0,,0,0,0,,0,0,0,0,
95e5788cabf340e397e2726def426229,6340,125379,380,229,667,https://www.youtube.com/watch?v=S_cs8-TqndE,375,192,667,https://www.youtube.com/watch?v=S_cs8-TqndE,380,270,580,https://www.youtube.com/watch?v=u2uviS517g4,0,0,0,0,
470d1cb40a5e460e8cdc1414c5fd1a34,6330,228952,977,354,2413,https://www.youtube.com/watch?v=C0z172NtD8c,1071,427,2413,https://www.youtube.com/watch?v=C0z172NtD8c,324,48,513,https://www.youtube.com/watch?v=McAtsKEnQ9Q,1286,0,0,0,
5b6584a73478450d9db3f44b918580fd,6330,172159,644,220,10183,https://www.youtube.com/watch?v=u038HF-7cWg,647,229,768,https://www.youtube.com/watch?v=bLSl8q2U7y8,642,189,10183,https://www.youtube.com/watch?v=u038HF-7cWg,989,222,183,225,https://www.twitch.tv/videos/2112254446
703ae2c7ccc9431382a5b0f2c35e6ec1,6310,174740,334,124,5595,https://www.youtube.com/watch?v=FNrnz-QY16Y,299,111,1209,https://www.youtube.com/watch?v=du2Bk11HWj8,1334,313,5595,https://www.youtube.com/watch?v=FNrnz-QY16Y,0,0,0,0,
65ab938b60074946af1ea65a002c70df,6260,1770760,111,65,3360,https://www.youtube.com/watch?v=HVBQi4OrE-Q,94,32,164,https://www.youtube.com/watch?v=51BLuwU5TJI,547,209,3360,https://www.youtube.com/watch?v=HVBQi4OrE-Q,543,7,6,12,https://www.twitch.tv/videos/2113382759
317c2fd320f545a1b17bda3044c9d0de,6230,484879,0,0,0,,0,0,0,,0,0,0,,0,0,0,0,
1c2de2bbc8ec43c49a84e3b3e67c8ca9,6220,319289,0,0,0,,0,0,0,,0,0,0,,0,0,0,0,
75ddc749133b4c498eb35ceac1e2a0b2,6190,85939,1922,1164,17109,https://www.youtube.com/watch?v=uB32cNRavdo,1956,1286,17109,https://www.youtube.com/watch?v=uB32cNRavdo,1571,678,3761,https://www.youtube.com/watch?v=0QJ9JaowByE,0,0,0,0,
66aa1c91546a4cfdab43faa119cea04a,6150,152,0,0,0,,0,0,0,,0,0,0,,4051,0,0,0,
650652d2db7b4c1bbc27a201cff37639,6130,187341,241,106,259,https://www.youtube.com/watch?v=Kk7fImwesXE,0,0,0,,241,106,259,https://www.youtube.com/watch?v=Kk7fImwesXE,0,0,0,0,
3c5b24ec5e7e4451a917bb1683298c05,6030,282410,0,0,0,,0,0,0,,0,0,0,,0,0,0,0,
da3a3993bd8946da824d66d5a5d456e2,6030,279176,164,156,919,https://www.youtube.com/watch?v=-9u0mtkAsuw,597,519,919,https://www.youtube.com/watch?v=-9u0mtkAsuw,48,45,53,https://www.youtube.com/watch?v=pzq9VZjI5FQ,0,0,0,0,
b54e216619d14031a317b820113e4084,6030,240122,110,53,127,https://www.youtube.com/watch?v=loL7EDB2_fg,110,53,127,https://www.youtube.com/watch?v=loL7EDB2_fg,0,0,0,,0,0,0,0,
281c7713c21e41bcb6e81365f328ab8c,6030,197872,321,178,1354,https://www.youtube.com/watch?v=9hPqocyprD8,321,178,1354,https://www.youtube.com/watch?v=9hPqocyprD8,0,0,0,,0,0,0,0,
94c7cb6122bd4dcab2d8660ddc5f5508,6020,195704,215,107,317,https://www.youtube.com/watch?v=v1A5aO0gLTs,215,107,317,https://www.youtube.com/watch?v=v1A5aO0gLTs,0,0,0,,385,57,55,57,https://www.twitch.tv/videos/2113318022
3ec59b8cb4114af7be754daa0b1b1ced,6020,219739,472,222,569,https://www.youtube.com/watch?v=pivfHesepnc,472,222,569,https://www.youtube.com/watch?v=pivfHesepnc,0,0,0,,0,0,0,0,
6eec62ae2c9849de8ca895cef44ec952,6020,214869,384,229,4074,https://www.youtube.com/watch?v=ofOzovU00jY,282,158,385,https://www.youtube.com/watch?v=xcyT7mPEHtI,480,296,4074,https://www.youtube.com/watch?v=ofOzovU00jY,787,91,77,91,https://www.twitch.tv/videos/2109690447
80f41a215cbc487b99f9015de3b58cf0,5990,235958,0,0,0,,0,0,0,,0,0,0,,0,0,0,0,
0158495d5a2542a98181c2ddd21b90af,5930,0,0,0,0,,0,0,0,,0,0,0,,0,0,0,0,
7f72433f23da4bf8bfbf7ee3904eb7ca,5930,229381,824,259,3451,https://www.youtube.com/watch?v=4lEf7YFAbws,824,259,3451,https://www.youtube.com/watch?v=4lEf7YFAbws,0,0,0,,834,0,0,0,
2a5b6a733ac54aba9490db8f504378d1,5910,102220,0,0,0,,0,0,0,,0,0,0,,0,0,0,0,
ad2a1148ff4747229694f9aa2c3645d9,5910,355123,365,211,10144,https://www.youtube.com/watch?v=02ltygakXgs,381,211,10144,https://www.youtube.com/watch?v=02ltygakXgs,354,218,365,https://www.youtube.com/watch?v=J_HdsqW9hPU,0,0,0,0,
dc3e05e0c12b4e0a93dc230f30925ee0,5900,151344,240,184,462,https://www.youtube.com/watch?v=JAcdiwgiZkY,244,217,462,https://www.youtube.com/watch?v=JAcdiwgiZkY,240,141,326,https://www.youtube.com/watch?v=Ljw2B3z99RM,5010,0,0,0,
df0c2ce19ccf4e26ac1a18065f85dacc,5900,233744,501,244,1900,https://www.youtube.com/watch?v=-e3sJJKjfeY,442,258,1900,https://www.youtube.com/watch?v=-e3sJJKjfeY,548,170,610,https://www.youtube.com/watch?v=rgaMxrpM4TQ,0,0,0,0,
5cdf289b83524643af7ab2f2c8788adf,5880,200100,106,71,253,https://www.youtube.com/watch?v=GRm5nnUwiGU,106,71,253,https://www.youtube.com/watch?v=GRm5nnUwiGU,0,0,0,,0,0,0,0,
c4470a1419984fb8aec0851f225b177a,5860,446324,330,175,516,https://www.youtube.com/watch?v=uO31voKhaoQ,330,175,516,https://www.youtube.com/watch?v=uO31voKhaoQ,0,0,0,,0,0,0,0,
468c9630d37b4c41bb6b0305dc1143cf,5840,351358,222,92,1289,https://www.youtube.com/watch?v=P5pVCVqJgLg,215,68,406,https://www.youtube.com/watch?v=APmrkO65Rz8,284,277,1289,https://www.youtube.com/watch?v=P5pVCVqJgLg,1044,0,0,0,
6603f7e70b684a07a3dac687460bacc5,5830,180545,82,48,119,https://www.youtube.com/watch?v=HYFKHB9ZeEg,82,48,119,https://www.youtube.com/watch?v=HYFKHB9ZeEg,0,0,0,,987,73,44,200,https://www.twitch.tv/videos/2112976038
36a96262405a4d4683db73d8403bf8b7,5830,403126,651,308,3972,https://www.youtube.com/watch?v=Y3Widu59EdU,606,285,1108,https://www.youtube.com/watch?v=mDVw2FKsD_M,764,326,3972,https://www.youtube.com/watch?v=Y3Widu59EdU,0,0,0,0,
38fcf8bc7f3f45d68bab44577c019c84,5820,179094,470,237,4939,https://www.youtube.com/watch?v=j4DI1h9NoUI,435,226,853,https://www.youtube.com/watch?v=xNSUICeUvG0,930,291,4939,https://www.youtube.com/watch?v=j4DI1h9NoUI,0,0,0,0,
a83b6d485350402b90238deb371ae654,5810,75647,56,18,126,https://www.youtube.com/watch?v=g4yg8IGlU3o,56,18,126,https://www.youtube.com/watch?v=g4yg8IGlU3o,0,0,0,,3035,689,451,954,https://www.twitch.tv/videos/2111390517
4482e4f0cea64f92aa78b2513c7ed897,5800,368045,275,81,495,https://www.youtube.com/watch?v=pAQm-yEJhg0,387,52,482,https://www.youtube.com/watch?v=Ht3NgAf9XNQ,181,122,495,https://www.youtube.com/watch?v=pAQm-yEJhg0,0,0,0,0,
5cb1c062f5f94b44a41ae658f4a53f0c,5800,82374,0,0,0,,0,0,0,,0,0,0,,10268,2932,1227,8166,https://www.twitch.tv/videos/2087630070
c72226925ba94855b9fcc88fc2a25acc,5790,396759,213,84,4531,https://www.youtube.com/watch?v=J4gy688woxQ,758,329,1399,https://www.youtube.com/watch?v=2D2JRZJKJvo,150,62,4531,https://www.youtube.com/watch?v=J4gy688woxQ,0,0,0,0,
b58761a33d75486f8aa0bf3f5bf07fe5,5790,58976,0,0,0,,0,0,0,,0,0,0,,1841,0,0,0,
16c4a9b7211a44f6b98d8e1aebf4ea70,5770,176171,943,365,943,https://www.youtube.com/watch?v=CUJ1azi1U7U,943,365,943,https://www.youtube.com/watch?v=CUJ1azi1U7U,0,0,0,,622,0,0,0,
fffd31d236a2479c9070bcc171bdc13d,5760,106541,443,161,893,https://www.youtube.com/watch?v=caxL3NA5agg,440,159,893,https://www.youtube.com/watch?v=caxL3NA5agg,541,514,541,https://www.youtube.com/watch?v=swTEYTVbLjs,0,0,0,0,
7d7ceaac9d2a41a5bded6debd077e1e2,5730,2341377,0,0,0,,0,0,0,,0,0,0,,2182,0,0,0,
0851296bdf4c4516b2506b8cce5151da,5700,538210,167,30,472,https://www.youtube.com/watch?v=RuLv6p_ZRJg,0,0,0,,167,30,472,https://www.youtube.com/watch?v=RuLv6p_ZRJg,0,0,0,0,
24e82c81100a446c89de043b738483e9,5700,490953,215,35,368,https://www.youtube.com/watch?v=nsUHs66fs1Y,215,35,368,https://www.youtube.com/watch?v=nsUHs66fs1Y,0,0,0,,0,0,0,0,
c4c40346f25443958f26010756c4693a,5670,311594,1282,233,5242,https://www.youtube.com/watch?v=ru04YRwNSbs,1401,257,5242,https://www.youtube.com/watch?v=ru04YRwNSbs,967,136,1754,https://www.youtube.com/watch?v=pqNB6qrw2Xs,86,0,0,0,
1a3a0feb188e499ab4972c971d639f58,5660,227467,548,338,1484,https://www.youtube.com/watch?v=-7x4tPcKSVs,548,338,1484,https://www.youtube.com/watch?v=-7x4tPcKSVs,0,0,0,,0,0,0,0,
ac2b3c839ed14b12af1acecf322a15bd,5630,151679,143,86,434,https://www.youtube.com/watch?v=9iyIM1g_WAY,189,131,434,https://www.youtube.com/watch?v=9iyIM1g_WAY,40,18,242,https://www.youtube.com/watch?v=QA_yv1tjLVM,0,0,0,0,
44052b3832774bd7a4e4151f044c0901,5610,104229,709,541,709,https://www.youtube.com/watch?v=uD5mgv9IImA,709,541,709,https://www.youtube.com/watch?v=uD5mgv9IImA,0,0,0,,2190,0,0,0,
a1470eec8f9349668adfbad2f25329b1,5560,788,0,0,0,,0,0,0,,0,0,0,,1518,0,0,0,
25938d6d61cc45379bb0b98da7924ddf,5550,118502,144,124,150,https://www.youtube.com/watch?v=otwX4qRKinU,144,124,150,https://www.youtube.com/watch?v=otwX4qRKinU,0,0,0,,0,0,0,0,
350516d81d0944fd8dde463cbd4fd279,5490,485529,1223,1071,7970,https://www.youtube.com/watch?v=YXFv67hXmE4,292,160,292,https://www.youtube.com/watch?v=rffybpGzMqE,1802,1145,7970,https://www.youtube.com/watch?v=YXFv67hXmE4,0,0,0,0,
0c09a69445864b44adbba11b487f9b1a,5470,120841,629,406,7655,https://www.youtube.com/watch?v=1ObXfQXxjd4,534,313,696,https://www.youtube.com/watch?v=a5kOCD8cB4M,1069,529,7655,https://www.youtube.com/watch?v=1ObXfQXxjd4,788,152,88,152,https://www.twitch.tv/videos/2101958196
f819220249044c7ca97126c828833c9b,5440,0,0,0,0,,0,0,0,,0,0,0,,0,0,0,0,
77e980ab542a4db6a34b5ac9c8f3948b,5430,213439,340,303,3111,https://www.youtube.com/watch?v=9BUf4Z7qyVY,329,228,3111,https://www.youtube.com/watch?v=9BUf4Z7qyVY,486,421,486,https://www.youtube.com/watch?v=8KC1beYn2z8,621,0,0,0,
1dd6fdbb4f764fc3a18747c8adbf0692,5420,143824,355,190,1478,https://www.youtube.com/watch?v=VQxfVtXHA-g,348,182,867,https://www.youtube.com/watch?v=nijL86gsKCU,942,460,1478,https://www.youtube.com/watch?v=VQxfVtXHA-g,0,0,0,0,
420208d1dcb74abfa325fc1f6a27e17b,5380,208962,2044,922,5099,https://www.youtube.com/watch?v=YeOuU5E5tiY,2044,922,5099,https://www.youtube.com/watch?v=YeOuU5E5tiY,0,0,0,,1304,0,0,0,
410a9fff47f5491d98c47a4fa25ddf83,5370,6660,0,0,0,,0,0,0,,0,0,0,,0,0,0,0,
a20202f0e1b14feb90c5ec173fad0e93,5360,384033,0,0,0,,0,0,0,,0,0,0,,0,0,0,0,
08be94e874d448f8a2794a44c61e8d8f,5340,374644,229,117,10179,https://www.youtube.com/watch?v=n2V-HNCfS44,229,117,10179,https://www.youtube.com/watch?v=n2V-HNCfS44,0,0,0,,0,0,0,0,
5f0afd7885894861925e7030c096297e,5310,256984,331,164,746,https://www.youtube.com/watch?v=2x4NM_4NR-g,341,188,746,https://www.youtube.com/watch?v=2x4NM_4NR-g,159,135,159,https://www.youtube.com/watch?v=wSMqCYyVP_E,0,0,0,0,
7e088cf828bf4e02ae65bb8a1f6a8b89,5310,184299,150,107,193,https://www.youtube.com/watch?v=wNysLQWxaWc,150,107,193,https://www.youtube.com/watch?v=wNysLQWxaWc,0,0,0,,195,0,0,0,
7b58646f89cb4b7cbcdce819499c475f,5300,79008,4629,1145,9069,https://www.youtube.com/watch?v=g8uH5QzI8gw,190,50,190,https://www.youtube.com/watch?v=n0Wjw5HX2CE,9069,2239,9069,https://www.youtube.com/watch?v=g8uH5QzI8gw,0,0,0,0,
f9c9c29a9fb143539ade06564b99b233,5300,19548,74,30,159,https://www.youtube.com/watch?v=kC11Z2iTqxQ,76,28,159,https://www.youtube.com/watch?v=kC11Z2iTqxQ,65,55,65,https://www.youtube.com/watch?v=VU-D9SszQTE,0,0,0,0,
effe96469a7348c786d01ccea8cf71cb,5280,147123,0,0,0,,0,0,0,,0,0,0,,0,0,0,0,
e17f42aa104040deae2ee3f3b1e85ed8,5270,249744,0,0,0,,0,0,0,,0,0,0,,34084,12901,6516,22374,https://www.twitch.tv/videos/2103718065
5fc94cdcf7594a3ba5ce001ba405d3be,5240,239587,513,209,1140,https://www.youtube.com/watch?v=mFExsf7w9kk,538,209,1140,https://www.youtube.com/watch?v=mFExsf7w9kk,352,185,449,https://www.youtube.com/watch?v=55t1DZsyYHI,1026,0,0,0,
3c16d0b797bf49c3a4a6c043802ee2ec,5190,27380,0,0,0,,0,0,0,,0,0,0,,0,0,0,0,
91919c2ad07a4db88e0b4cfbc1739940,5190,93951,477,223,1643,https://www.youtube.com/watch?v=gBcqwWJG4oU,474,238,825,https://www.youtube.com/watch?v=-tF9HLTAFu4,510,128,1643,https://www.youtube.com/watch?v=gBcqwWJG4oU,0,0,0,0,
2ada3b89962b479bb8dbd2a63bca5da1,5160,231842,232,118,1406,https://www.youtube.com/watch?v=fqfoEANXj74,290,149,1406,https://www.youtube.com/watch?v=fqfoEANXj74,205,106,260,https://www.youtube.com/watch?v=VX5co2mVIq4,0,0,0,0,
4fd21f7726694ecfb8e81e5352487a7b,5150,165451,197,76,956,https://www.youtube.com/watch?v=eQXXRTAInyI,197,76,956,https://www.youtube.com/watch?v=eQXXRTAInyI,0,0,0,,0,0,0,0,
558d8602fdeb4f3cb4ce484babb30577,5090,186699,204,167,1339,https://www.youtube.com/watch?v=TJdb9wfKNUY,332,178,1339,https://www.youtube.com/watch?v=TJdb9wfKNUY,83,28,697,https://www.youtube.com/watch?v=H3jbs87Jf6s,0,0,0,0,
bf58297d50a741e5b1808ec4c445f216,5070,144169,1187,322,5017,https://www.youtube.com/watch?v=u_w-wenFwA8,1232,552,2171,https://www.youtube.com/watch?v=Q4Ox44f7f2M,243,62,5017,https://www.youtube.com/watch?v=u_w-wenFwA8,0,0,0,0,
696e947cd8624e609553d6786d21f11c,5060,87409,308,134,1768,https://www.youtube.com/watch?v=87Y1gdkKUr0,295,99,1768,https://www.youtube.com/watch?v=87Y1gdkKUr0,447,312,447,https://www.youtube.com/watch?v=Kj-tFIX7txM,0,0,0,0,
fe1d3152398b44e39d69f7ef78e73a8c,5060,188859,523,288,3735,https://www.youtube.com/watch?v=LoeWhJQBYIY,527,258,3735,https://www.youtube.com/watch?v=LoeWhJQBYIY,438,332,1345,https://www.youtube.com/watch?v=5kJfeH7dN_k,0,0,0,0,
757f1b20f7bd459ebd8949da907dceea,5040,202137,345,147,4278,https://www.youtube.com/watch?v=YFq8japdTXQ,343,150,1130,https://www.youtube.com/watch?v=5WKveNbwtaE,428,104,4278,https://www.youtube.com/watch?v=YFq8japdTXQ,0,0,0,0,
61dcd0f9c508433c824c0ba221d325e0,5040,217417,0,0,0,,0,0,0,,0,0,0,,0,0,0,0,
0b1217df534d441bbdeb11d5f2a6465b,5000,12984,190,93,1031,https://www.youtube.com/watch?v=lrFskJp7ZVE,181,90,1031,https://www.youtube.com/watch?v=lrFskJp7ZVE,383,95,383,https://www.youtube.com/watch?v=N0fgaQcz6V4,774,0,0,0,
532b143e82d6452fac9a18d1d025a2af,4990,0,0,0,0,,0,0,0,,0,0,0,,0,0,0,0,
e68d9d0d1b344998b5b8adc60f321b50,4940,124183,198,76,198,https://www.youtube.com/watch?v=7OquE0cy4xo,198,76,198,https://www.youtube.com/watch?v=7OquE0cy4xo,0,0,0,,0,0,0,0,
de81b740d66c439685aa37491d27efc4,4920,452393,0,0,0,,0,0,0,,0,0,0,,4293,456,336,640,https://www.twitch.tv/videos/2111357531
8c6bc741e4614154a63e987f930a468d,4870,149240,454,221,2825,https://www.youtube.com/watch?v=bbpU8GRcDKc,391,215,907,https://www.youtube.com/watch?v=MZsQ1DHp5pY,1238,221,2825,https://www.youtube.com/watch?v=bbpU8GRcDKc,0,0,0,0,
49196eec11454f589d4d6e52f1b1bbe8,4860,261959,199,89,2968,https://www.youtube.com/watch?v=Q4cxff74d5U,177,77,352,https://www.youtube.com/watch?v=vf_UBRC5Z9E,536,324,2968,https://www.youtube.com/watch?v=Q4cxff74d5U,0,0,0,0,
6fe51595bece4323917555fd738c031e,4840,6429,0,0,0,,0,0,0,,0,0,0,,1032,0,0,0,
ebc44e2ba78f4790b832d02c31410262,4830,182855,283,167,4196,https://www.youtube.com/watch?v=u9xuXqkQfZo,256,137,565,https://www.youtube.com/watch?v=2h8j0_GiL6U,443,245,4196,https://www.youtube.com/watch?v=u9xuXqkQfZo,0,0,0,0,
fe1146730c9147f98f2b01f45cf242fd,4790,134107,0,0,0,,0,0,0,,0,0,0,,0,0,0,0,
4cd21df2b76148b182903cc0aebe2bfa,4780,136275,274,84,1542,https://www.youtube.com/watch?v=FHgXk9chJSE,274,84,1542,https://www.youtube.com/watch?v=FHgXk9chJSE,0,0,0,,0,0,0,0,
d2a7b2d142ea4076afcfc7263b9e09fd,4780,235522,354,151,833,https://www.youtube.com/watch?v=eqvrJvLEljg,347,148,833,https://www.youtube.com/watch?v=eqvrJvLEljg,649,400,649,https://www.youtube.com/watch?v=lK3aQQz3594,698,0,0,0,
443df65de03b4bd581708efc29b283ab,4760,67230,0,0,0,,0,0,0,,0,0,0,,2352,0,0,0,
ef67b676c0334ef182151f473469c1f1,4750,150823,352,181,746,https://www.youtube.com/watch?v=-v2Foaf2CnA,330,177,746,https://www.youtube.com/watch?v=-v2Foaf2CnA,566,254,656,https://www.youtube.com/watch?v=-vPtjGNKS74,0,0,0,0,
d9e5219a4cd84ac59bc35faa94729f01,4730,121028,110,38,110,https://www.youtube.com/watch?v=EnOaPNjaMwc,0,0,0,,110,38,110,https://www.youtube.com/watch?v=EnOaPNjaMwc,7094,209,167,1165,https://www.twitch.tv/videos/2104489263
bf48aafcc9464111b358a4595cc7311c,4710,94835,212,66,225,https://www.youtube.com/watch?v=FX8Agsu5lJs,212,66,225,https://www.youtube.com/watch?v=FX8Agsu5lJs,0,0,0,,0,0,0,0,
1aac7d12633a48c2b8f39356ee85de48,4700,111413,0,0,0,,0,0,0,,0,0,0,,2512,0,0,0,
62f0f99b50d84bef91d06efdfe1c011e,4690,124320,0,0,0,,0,0,0,,0,0,0,,0,0,0,0,
887b37336c9c4730809ace8b5e38df17,4680,23754,0,0,0,,0,0,0,,0,0,0,,46393,0,0,0,
836fc798e2ec48b9985333de75d490ac,4670,369676,448,186,19569,https://www.youtube.com/watch?v=CzhHCuPx7WQ,309,46,5653,https://www.youtube.com/watch?v=dxjuLAG1ItU,601,271,19569,https://www.youtube.com/watch?v=CzhHCuPx7WQ,0,0,0,0,
9e213402f2f54c42866d4f62545921b4,4660,77151,361,241,916,https://www.youtube.com/watch?v=AfMsFm21OoM,352,190,721,https://www.youtube.com/watch?v=RYHiUKLsZjk,916,648,916,https://www.youtube.com/watch?v=AfMsFm21OoM,418,204,125,204,https://www.twitch.tv/videos/2102953112
b6a105f12b904256ba356935ae46657f,4640,102203,185,33,192,https://www.youtube.com/watch?v=Nni-w-QphZM,185,33,192,https://www.youtube.com/watch?v=Nni-w-QphZM,0,0,0,,7409,1425,1203,2146,https://www.twitch.tv/videos/2110457310
d96ffd71ce0d4f508b270703149a6669,4620,148459,155,62,232,https://www.youtube.com/watch?v=yIWyWu1VIvU,152,61,232,https://www.youtube.com/watch?v=yIWyWu1VIvU,157,117,157,https://www.youtube.com/watch?v=bZjafkR14O0,0,0,0,0,
81387cdce77a4a9b9338145b28ae9ff6,4620,1749,106,47,205,https://www.youtube.com/watch?v=dp_Vst4u4sU,0,0,0,,106,47,205,https://www.youtube.com/watch?v=dp_Vst4u4sU,0,0,0,0,
8fae79a84cd049fd8a2ea50528a75e2b,4600,371632,1230,730,9648,https://www.youtube.com/watch?v=ktCIwRv5Gyo,0,0,0,,1230,730,9648,https://www.youtube.com/watch?v=ktCIwRv5Gyo,1752,520,331,1111,https://www.twitch.tv/videos/2106483459
6073eb006b764614915e90b5c54ce7e6,4590,238943,276,46,847,https://www.youtube.com/watch?v=kB4TskDrQuQ,0,0,0,,276,46,847,https://www.youtube.com/watch?v=kB4TskDrQuQ,2719,677,543,1511,https://www.twitch.tv/videos/2106090312
9604bd9896fc421ba131a9a6e11d50b0,4580,253609,167,114,3783,https://www.youtube.com/watch?v=R2SvFto79vg,164,93,3783,https://www.youtube.com/watch?v=R2SvFto79vg,452,304,1940,https://www.youtube.com/watch?v=zEhH4FM5ua4,0,0,0,0,
cb08464feb254db19b620331280e35e4,4580,206192,0,0,0,,0,0,0,,0,0,0,,0,0,0,0,
33717d815310491da465eb6258a70b1c,4570,194714,613,335,9361,https://www.youtube.com/watch?v=dUQdUsW9N0w,613,244,1053,https://www.youtube.com/watch?v=pavjV7PSfv0,4982,4430,9361,https://www.youtube.com/watch?v=dUQdUsW9N0w,0,0,0,0,
1937fa889b474d339713d1117f435018,4570,400236,60,3,101,https://www.youtube.com/watch?v=5c1dImKVEAg,66,2,101,https://www.youtube.com/watch?v=5c1dImKVEAg,55,25,55,https://www.youtube.com/watch?v=TskZN_p97Rc,5225,747,561,1596,https://www.twitch.tv/videos/2110348736
c321746bebe740cb98625ca4cf6fb9a7,4560,99658,291,194,884,https://www.youtube.com/watch?v=gRRRVMyGtQY,289,161,786,https://www.youtube.com/watch?v=FdoRjTb8xTI,884,607,884,https://www.youtube.com/watch?v=gRRRVMyGtQY,0,0,0,0,
6f9d63518a69442a88ac602a3b37bf18,4540,204182,504,135,5625,https://www.youtube.com/watch?v=9xfSCsFKXgs,635,279,5625,https://www.youtube.com/watch?v=9xfSCsFKXgs,253,115,782,https://www.youtube.com/watch?v=fFQ7Gd8EQjI,0,0,0,0,
7f9d223a684e44e8b8d30bedcc07f1fa,4530,135538,241,125,642,https://www.youtube.com/watch?v=EovJzA7mYF0,315,192,642,https://www.youtube.com/watch?v=EovJzA7mYF0,173,54,399,https://www.youtube.com/watch?v=mjCPfWzUuc0,0,0,0,0,
c897f2f0ae414985aa623bfe2dfe8f1c,4520,88393,101,48,1017,https://www.youtube.com/watch?v=wbU5EMczhxI,101,54,309,https://www.youtube.com/watch?v=jvNaL946DKY,547,9,1017,https://www.youtube.com/watch?v=wbU5EMczhxI,0,0,0,0,
74213f36e573452ca8f9f1e0a72f8ee5,4490,80512,0,0,0,,0,0,0,,0,0,0,,0,0,0,0,
8309d31b418642db83f0cf56b38fc9ad,4490,298701,363,178,2874,https://www.youtube.com/watch?v=YkcpwqReYZc,348,176,633,https://www.youtube.com/watch?v=vg5ljkrLaho,556,231,2874,https://www.youtube.com/watch?v=YkcpwqReYZc,109,0,0,0,
592e95fcfa4e4610959b5635e449813d,4490,265764,210,158,210,https://www.youtube.com/watch?v=BzpgAQfD_14,0,0,0,,210,158,210,https://www.youtube.com/watch?v=BzpgAQfD_14,786,0,0,0,
c9ac78b9004c4c26ba4107ccefe399ec,4490,144706,82,47,110,https://www.youtube.com/watch?v=eUFxCAnw2dA,82,47,110,https://www.youtube.com/watch?v=eUFxCAnw2dA,0,0,0,,0,0,0,0,
dcbc307037cf4e76995feff3c579760c,4480,6766,0,0,0,,0,0,0,,0,0,0,,2207,0,0,0,
16197a62aec94bcfa2e73220f291369b,4470,75065,0,0,0,,0,0,0,,0,0,0,,0,0,0,0,
b10149a2a1ee4ffcbf1dacb1b1722f9f,4460,91409,156,109,491,https://www.youtube.com/watch?v=L6cYdzNilmM,151,76,331,https://www.youtube.com/watch?v=B3MZ8fmN8dY,324,162,491,https://www.youtube.com/watch?v=L6cYdzNilmM,768,115,108,115,https://www.twitch.tv/videos/2112279697
b473dffe721745f6beb34b5a49e9aeda,4460,325164,629,443,1190,https://www.youtube.com/watch?v=QeVctHMqq-k,731,529,1190,https://www.youtube.com/watch?v=QeVctHMqq-k,247,63,254,https://www.youtube.com/watch?v=RJOQ9JV8bb8,0,0,0,0,
0fa88d7be0ba4850abea150aa73fe440,4440,224913,771,293,926,https://www.youtube.com/watch?v=UU65xG0wtlY,771,293,926,https://www.youtube.com/watch?v=UU65xG0wtlY,0,0,0,,0,0,0,0,
86154ca2dc964847b37297138aa65b9f,4440,132650,237,132,1304,https://www.youtube.com/watch?v=443WXbsguxw,294,135,1304,https://www.youtube.com/watch?v=443WXbsguxw,100,50,550,https://www.youtube.com/watch?v=-gs95Z7XvtY,942,0,0,0,
4762b7be8b764f19a33a7cf167c2ea64,4430,87000,82,30,103,https://www.youtube.com/watch?v=SNfr6V7s3uw,82,30,103,https://www.youtube.com/watch?v=SNfr6V7s3uw,0,0,0,,0,0,0,0,
961e233f32a24593a1628e7c79f43f12,4430,79326,0,0,0,,0,0,0,,0,0,0,,0,0,0,0,
5dbed684176349d28353d5293085cd9c,4410,119751,428,216,1689,https://www.youtube.com/watch?v=V4sB2L4FzTY,424,207,1363,https://www.youtube.com/watch?v=eJcSrFLIZKE,432,335,1689,https://www.youtube.com/watch?v=V4sB2L4FzTY,0,0,0,0,
1e71d9b4bbb1411b84e1aa428a79c9bc,4400,40235,145,74,187,https://www.youtube.com/watch?v=-LdU466dkKE,145,74,187,https://www.youtube.com/watch?v=-LdU466dkKE,0,0,0,,0,0,0,0,
613b1c970cbf444980eba674ab40d807,4390,145638,0,0,0,,0,0,0,,0,0,0,,0,0,0,0,
c21605e81c714d7d9d66a627984dc30b,4390,0,0,0,0,,0,0,0,,0,0,0,,0,0,0,0,
94082eb7d950471b934592394ad3e4c8,4380,147676,425,285,1234,https://www.youtube.com/watch?v=ty511BcdKJ8,412,290,1234,https://www.youtube.com/watch?v=ty511BcdKJ8,683,261,683,https://www.youtube.com/watch?v=8vdqaQ7tVfI,0,0,0,0,
9b11be3138284ff3904d3292d6aaa284,4380,187615,139,69,407,https://www.youtube.com/watch?v=erTInUVlL40,166,44,177,https://www.youtube.com/watch?v=VgO6lMWb50E,117,93,407,https://www.youtube.com/watch?v=erTInUVlL40,0,0,0,0,
1158cc8efbb64d169dd3f2c9512c5bb5,4350,38843,476,4,476,https://www.youtube.com/watch?v=hlq7tt7VhTA,0,0,0,,476,4,476,https://www.youtube.com/watch?v=hlq7tt7VhTA,420,221,175,277,https://www.twitch.tv/videos/2105786471
b9569d6e438b473ba61d88c0230899f5,4340,160894,338,128,388,https://www.youtube.com/watch?v=WyVbHQ6Yy8Q,338,128,388,https://www.youtube.com/watch?v=WyVbHQ6Yy8Q,0,0,0,,0,0,0,0,
f7b1eada802e4ed89c306c6641d243b3,4330,148211,182,83,737,https://www.youtube.com/watch?v=_5EoZebPkzw,171,82,353,https://www.youtube.com/watch?v=_BP-R1pPNyI,737,107,737,https://www.youtube.com/watch?v=_5EoZebPkzw,396,0,0,0,
f9c7e5b8bcae492aa838379fb3190c20,4320,153077,228,121,599,https://www.youtube.com/watch?v=Drv2d33RUDM,224,119,599,https://www.youtube.com/watch?v=Drv2d33RUDM,371,289,371,https://www.youtube.com/watch?v=h4pSZcbweD0,0,0,0,0,
1d5ee3e2653b4ae5b1050533f8d1ae31,4320,10450,1394,18,1394,https://www.youtube.com/watch?v=sWidVaQPaZ4,0,0,0,,1394,18,1394,https://www.youtube.com/watch?v=sWidVaQPaZ4,0,0,0,0,
925d91a363914edfb035fe6c08946be9,4290,96970,278,109,313,https://www.youtube.com/watch?v=jNT676qZpzU,278,109,313,https://www.youtube.com/watch?v=jNT676qZpzU,0,0,0,,0,0,0,0,
a462ab3186bc4830be89635acd0a7a1a,4290,348778,0,0,0,,0,0,0,,0,0,0,,0,0,0,0,
62e820e937ef4f4aaea0073bc5b21063,4280,80748,271,175,821,https://www.youtube.com/watch?v=InA7vZnZq2Y,271,175,821,https://www.youtube.com/watch?v=InA7vZnZq2Y,275,183,494,https://www.youtube.com/watch?v=qdqLXSixls4,0,0,0,0,
65d2f574783c4c6297aaa915a891acda,4280,13948,0,0,0,,0,0,0,,0,0,0,,0,0,0,0,
96fc771ccb55485bb770997ec43e1ce1,4230,84359,0,0,0,,0,0,0,,0,0,0,,0,0,0,0,
4865c3feac234584909168181b7dc2be,4210,88750,658,164,970,https://www.youtube.com/watch?v=nQpv1doVYX0,693,179,970,https://www.youtube.com/watch?v=nQpv1doVYX0,210,164,210,https://www.youtube.com/watch?v=bzHB4Rv4bbM,210,0,0,0,
872627e5c7a248bfb41a055dee03029a,4210,96022,20,12,1119,https://www.youtube.com/watch?v=GVRbvx03tdA,17,6,46,https://www.youtube.com/watch?v=NSLz7xlR5Ok,28,22,1119,https://www.youtube.com/watch?v=GVRbvx03tdA,688,0,0,0,
d13fdb8fdd3049e5bf80b5ab0fa8a1a6,4210,249187,289,143,3248,https://www.youtube.com/watch?v=QNc1BBA5m1Q,248,81,1768,https://www.youtube.com/watch?v=oxChWTi7c3E,487,211,3248,https://www.youtube.com/watch?v=QNc1BBA5m1Q,0,0,0,0,
a99bc695c89d41e391a5abf6e781c911,4200,229125,131,57,794,https://www.youtube.com/watch?v=vTaUuj2GhKk,243,184,243,https://www.youtube.com/watch?v=_JJLICjcnOo,129,56,794,https://www.youtube.com/watch?v=vTaUuj2GhKk,0,0,0,0,
e1b2337b79d1449e9ae6a754ec74050d,4200,415149,262,126,607,https://www.youtube.com/watch?v=btZ-PQ8hNqQ,262,126,607,https://www.youtube.com/watch?v=btZ-PQ8hNqQ,297,253,457,https://www.youtube.com/watch?v=AA9Pn2UmvfA,0,0,0,0,
2885972c2d0943e6b697bdc5e72c1d4a,4190,73804,279,122,2209,https://www.youtube.com/watch?v=TyyRyjPFNYw,282,136,491,https://www.youtube.com/watch?v=1zusUW9dHEM,191,83,2209,https://www.youtube.com/watch?v=TyyRyjPFNYw,0,0,0,0,
48fd85a178c24579ac7d8f43f1e5bc39,4180,153221,0,0,0,,0,0,0,,0,0,0,,198,0,0,0,
d41f0a9dfdec46929f6f9534f8d79167,4170,44607,0,0,0,,0,0,0,,0,0,0,,0,0,0,0,
ea7d228d8fb2462f95aef21fc5bd4fb8,4170,526726,1232,702,1516,https://www.youtube.com/watch?v=DFhWgsluX68,1232,702,1516,https://www.youtube.com/watch?v=DFhWgsluX68,0,0,0,,0,0,0,0,
f4fc9f87ed4b4f05a339b1f1a1d621b6,4160,84830,421,36,705,https://www.youtube.com/watch?v=iS1woC7G-C8,421,36,705,https://www.youtube.com/watch?v=iS1woC7G-C8,0,0,0,,0,0,0,0,
b286145fca2d498794f3688e06ecf2b0,4150,67918,0,0,0,,0,0,0,,0,0,0,,0,0,0,0,
a51be890a1f443ea87bee45c9d8acf13,4150,411115,707,142,1237,https://www.youtube.com/watch?v=yW5tB5dw47k,0,0,0,,707,142,1237,https://www.youtube.com/watch?v=yW5tB5dw47k,12016,1992,1037,4340,https://www.twitch.tv/videos/2107634936
7ebc0dc9fdf3442688ecd63bbdc30c51,4140,119002,354,245,914,https://www.youtube.com/watch?v=STgCZmyDK4k,354,245,914,https://www.youtube.com/watch?v=STgCZmyDK4k,0,0,0,,0,0,0,0,
c430f1e7cfee4440b2b537c80a2a667d,4130,121402,314,114,1383,https://www.youtube.com/watch?v=EFZb9h4bIIY,343,99,1383,https://www.youtube.com/watch?v=EFZb9h4bIIY,224,162,251,https://www.youtube.com/watch?v=Vvjk0AWdT54,0,0,0,0,
f332651666ff4dcfab45f08a39a62d8d,4130,0,0,0,0,,0,0,0,,0,0,0,,0,0,0,0,
c5c929e77b8d4a5d883d8287c2433949,4120,0,0,0,0,,0,0,0,,0,0,0,,1694,0,0,0,
627d42f52e604f3e8eadc7f04ef74d2a,4100,55385,36,16,45,https://www.youtube.com/watch?v=YRPJ1-mkHKs,0,0,0,,36,16,45,https://www.youtube.com/watch?v=YRPJ1-mkHKs,0,0,0,0,
1f2b5204983b4d5ebe0a9352de3a66f6,4090,91372,222,163,411,https://www.youtube.com/watch?v=Z7NR4O_NbTA,222,163,411,https://www.youtube.com/watch?v=Z7NR4O_NbTA,0,0,0,,0,0,0,0,
c4ffb821927d406682f3f17edfdf3bcd,4060,64123,393,126,731,https://www.youtube.com/watch?v=RYZr85dXWOI,408,130,731,https://www.youtube.com/watch?v=RYZr85dXWOI,98,70,98,https://www.youtube.com/watch?v=p2tqaD8RwBc,0,0,0,0,
b3c1a09b09a54b9a8078d3310d151efe,4040,83539,207,122,1011,https://www.youtube.com/watch?v=9_igGe3Isiw,219,128,1011,https://www.youtube.com/watch?v=9_igGe3Isiw,91,64,91,https://www.youtube.com/watch?v=Ufa5gCWWp10,0,0,0,0,
7fdfd0346667458a8657626f03434b59,4030,100460,321,106,2217,https://www.youtube.com/watch?v=Ig2S1G2GvqY,282,100,542,https://www.youtube.com/watch?v=Q5OWOgsK7fU,1348,886,2217,https://www.youtube.com/watch?v=Ig2S1G2GvqY,0,0,0,0,
59c0d89447d54786966ba8ecd5649d63,4030,132656,175,95,209,https://www.youtube.com/watch?v=MAbd6NWCluY,183,105,209,https://www.youtube.com/watch?v=MAbd6NWCluY,167,30,167,https://www.youtube.com/watch?v=5Q5vMgwfxAk,831,0,0,0,
2e266a71aa3d4a67bb8d9a2a0b573319,4000,199163,0,0,0,,0,0,0,,0,0,0,,40150,4504,2011,18446,https://www.twitch.tv/videos/2113015507
e93734c51e5141419d44dc147f1c5420,4000,214582,0,0,0,,0,0,0,,0,0,0,,0,0,0,0,
2a3824dd5c0a46f597b27dd183283aea,3970,351112,166,80,1427,https://www.youtube.com/watch?v=HO67LBo2lRk,167,69,426,https://www.youtube.com/watch?v=k6WRgjieQvo,138,85,1427,https://www.youtube.com/watch?v=HO67LBo2lRk,0,0,0,0,
99cc071a06b949bf8515609757fa9d7e,3970,158213,94,36,396,https://www.youtube.com/watch?v=NQvCGo8Vn78,98,48,115,https://www.youtube.com/watch?v=Ds_ehSTw2Jw,63,36,396,https://www.youtube.com/watch?v=NQvCGo8Vn78,482,0,0,0,
126103200de947a7a3c2ac3971eef633,3940,153495,379,134,1736,https://www.youtube.com/watch?v=5LeJj6uHGtM,375,131,850,https://www.youtube.com/watch?v=xFi3N3su1Hs,1736,708,1736,https://www.youtube.com/watch?v=5LeJj6uHGtM,0,0,0,0,
36f4fa8dbd7740c3ae5ac02b890fa502,3930,194748,161,98,2162,https://www.youtube.com/watch?v=YJacztH4aI0,155,79,297,https://www.youtube.com/watch?v=hzzBC39-tBo,537,264,2162,https://www.youtube.com/watch?v=YJacztH4aI0,1156,0,0,0,
b211eff7fcd04d47b81ed440890edabb,3920,96114,0,0,0,,0,0,0,,0,0,0,,399,0,0,0,
1569b00373564846b894f47403376c6b,3910,112139,400,167,4644,https://www.youtube.com/watch?v=ZgkN9MZ0TTE,257,149,1095,https://www.youtube.com/watch?v=uWWmTBjWMjk,784,359,4644,https://www.youtube.com/watch?v=ZgkN9MZ0TTE,0,0,0,0,
bc70de85cb744f13bffae8a81ebd6bb4,3910,91585,0,0,0,,0,0,0,,0,0,0,,0,0,0,0,
1c1896c15b2e412e84b3951706eb2963,3890,16704,0,0,0,,0,0,0,,0,0,0,,0,0,0,0,
490a48eedc944f9cb74501e6eefeb04d,3870,160675,484,328,8176,https://www.youtube.com/watch?v=InAsrSfVn_A,432,231,527,https://www.youtube.com/watch?v=AiRnnmj7A4Y,505,361,8176,https://www.youtube.com/watch?v=InAsrSfVn_A,2266,209,103,332,https://www.twitch.tv/videos/2102874820
71e1a399885b48e79c9a98e973e6b5e3,3870,305856,812,377,12350,https://www.youtube.com/watch?v=_yteZtKdpgE,137,20,145,https://www.youtube.com/watch?v=qjBq1HZiQ-0,853,464,12350,https://www.youtube.com/watch?v=_yteZtKdpgE,372,33,30,53,https://www.twitch.tv/videos/2102792275
98187e2cc8c34f5d8e0853bffc1a30c9,3860,106824,352,149,386,https://www.youtube.com/watch?v=JvDBgm9IT7E,377,207,386,https://www.youtube.com/watch?v=JvDBgm9IT7E,328,92,328,https://www.youtube.com/watch?v=HJQ0vQGtZWs,0,0,0,0,
bfc978fbcce54a45b531c58bad2ef6df,3840,322559,0,0,0,,0,0,0,,0,0,0,,483,0,0,0,
1b075296e7774f4089c84e663a469197,3830,5239,0,0,0,,0,0,0,,0,0,0,,3565,0,0,0,
7a41133adec34fe1ad2cdbf1749e154f,3830,0,0,0,0,,0,0,0,,0,0,0,,12196,0,0,0,
cd44db2c12a54568963299704aa8d4a6,3800,98989,0,0,0,,0,0,0,,0,0,0,,0,0,0,0,
715cc1261d7e42c18135d47bd1cf2500,3790,75163,257,97,3033,https://www.youtube.com/watch?v=E15TMYa1JSk,201,94,317,https://www.youtube.com/watch?v=AgIzC8IH4Jo,447,145,3033,https://www.youtube.com/watch?v=E15TMYa1JSk,4691,317,194,356,https://www.twitch.tv/videos/2100982227
f53e734fd8ec432da4632f30e899338b,3770,89441,346,185,1557,https://www.youtube.com/watch?v=YbnIdVy-y-g,346,185,1557,https://www.youtube.com/watch?v=YbnIdVy-y-g,624,208,920,https://www.youtube.com/watch?v=9E5_aIhh3RM,0,0,0,0,
9f6a577ab2ab4beba810a02fffc98cee,3760,227105,492,200,765,https://www.youtube.com/watch?v=VwKyQWMD_1U,765,309,765,https://www.youtube.com/watch?v=VwKyQWMD_1U,219,90,219,https://www.youtube.com/watch?v=yQh9UaSZtwk,0,0,0,0,
6e51f06f6a02439d82b213b623cda4e8,3760,83576,2266,1004,12991,https://www.youtube.com/watch?v=0cBElfxrjCQ,1452,1049,12991,https://www.youtube.com/watch?v=0cBElfxrjCQ,2960,940,6839,https://www.youtube.com/watch?v=YrN_sh9elTk,0,0,0,0,
0715c3b900ad423fa1b981cf4fc15c8f,3740,91243,107,47,177,https://www.youtube.com/watch?v=se9SKQews6c,107,47,177,https://www.youtube.com/watch?v=se9SKQews6c,0,0,0,,0,0,0,0,
c40c5082434e4b1ca8e19f82d54f83b2,3740,965734,5062,1968,16500,https://www.youtube.com/watch?v=F3dS1JENBFk,86,62,232,https://www.youtube.com/watch?v=-P3RCV-nGss,5425,2279,16500,https://www.youtube.com/watch?v=F3dS1JENBFk,0,0,0,0,
6037df04e04745699bff00fb7b0d1fd0,3730,109824,70,34,153,https://www.youtube.com/watch?v=-GK8EMo8DQo,70,34,153,https://www.youtube.com/watch?v=-GK8EMo8DQo,0,0,0,,0,0,0,0,
9db6beb02e774aa7a97ba8674a5a8f9d,3710,72613,159,123,159,https://www.youtube.com/watch?v=B0MN_BmLuXE,0,0,0,,159,123,159,https://www.youtube.com/watch?v=B0MN_BmLuXE,103,0,0,0,
97cb83f1afcc4dd083f2f89f12477014,3710,116369,199,86,1119,https://www.youtube.com/watch?v=ordSjYQilsI,199,86,1119,https://www.youtube.com/watch?v=ordSjYQilsI,0,0,0,,0,0,0,0,
099a5fd0d27d4fc892f684793ac18c99,3700,322971,320,101,612,https://www.youtube.com/watch?v=YmI6xEEY-qw,194,101,331,https://www.youtube.com/watch?v=l6PQtcHk-wM,357,94,612,https://www.youtube.com/watch?v=YmI6xEEY-qw,0,0,0,0,
4b79f7afd84a42b98d11bd1c5cb6478c,3680,79748,0,0,0,,0,0,0,,0,0,0,,0,0,0,0,
601b56797a3246f49cead93e9e190a49,3670,140345,0,0,0,,0,0,0,,0,0,0,,0,0,0,0,
788611c913b04d999011628637657bee,3660,226078,195,106,7172,https://www.youtube.com/watch?v=n_UU1qInOJ8,191,67,217,https://www.youtube.com/watch?v=QNtxhpF5y74,3065,1671,7172,https://www.youtube.com/watch?v=n_UU1qInOJ8,0,0,0,0,
8e6719bf286244e3ad9e27fd1d363953,3660,94979,226,167,268,https://www.youtube.com/watch?v=EKRT2yuUuEQ,226,167,268,https://www.youtube.com/watch?v=EKRT2yuUuEQ,0,0,0,,0,0,0,0,
342b158ba02d4103a1407d62fe786f5e,3660,148545,135,38,709,https://www.youtube.com/watch?v=mhuW_HaiEGg,108,102,709,https://www.youtube.com/watch?v=mhuW_HaiEGg,162,37,540,https://www.youtube.com/watch?v=rwOWkgaMFN8,1715,57,49,72,https://www.twitch.tv/videos/2104817192
175cfc69dbb34f1a8987f24a935db17f,3640,82035,364,125,731,https://www.youtube.com/watch?v=zRX7z_5AQSA,364,125,731,https://www.youtube.com/watch?v=zRX7z_5AQSA,0,0,0,,0,0,0,0,
cf648a09bdbc45429f4fae7dfff1a040,3640,152357,232,163,232,https://www.youtube.com/watch?v=jPKBNNWe3IY,0,0,0,,232,163,232,https://www.youtube.com/watch?v=jPKBNNWe3IY,7381,430,381,1048,https://www.twitch.tv/videos/2111076702
d0b68b633fba4c02a627751778973f36,3630,66270,485,61,1732,https://www.youtube.com/watch?v=pncPOZJqwbQ,485,61,1732,https://www.youtube.com/watch?v=pncPOZJqwbQ,0,0,0,,0,0,0,0,
3cf4da41775b4e608f4dde5859cdda74,3610,425589,801,558,6662,https://www.youtube.com/watch?v=hWK_W_T7AMc,0,0,0,,801,558,6662,https://www.youtube.com/watch?v=hWK_W_T7AMc,0,0,0,0,
caebfeea12c840f0ae0f0e2beb57b4e2,3600,152502,464,341,4061,https://www.youtube.com/watch?v=wKN3lqqFjnI,464,341,464,https://www.youtube.com/watch?v=gvRS_TAd9j8,2158,1709,4061,https://www.youtube.com/watch?v=wKN3lqqFjnI,0,0,0,0,
3727892a417b429aa063c7300e132966,3590,203321,202,131,450,https://www.youtube.com/watch?v=WBZRHp89YWc,202,131,450,https://www.youtube.com/watch?v=WBZRHp89YWc,0,0,0,,0,0,0,0,
ccc1420185ad46d49d40b6b774db9b11,3590,138157,83,42,138,https://www.youtube.com/watch?v=MPHwDpk5eGY,85,42,138,https://www.youtube.com/watch?v=MPHwDpk5eGY,73,40,76,https://www.youtube.com/watch?v=PDLtR4K3oG0,547,30,19,52,https://www.twitch.tv/videos/2100026417
381bb87f90794f2a909775a87c192dc5,3580,34847,0,0,0,,0,0,0,,0,0,0,,4793,0,0,0,
76cafd8f4f5e41cbad5e0520520fcc1b,3550,0,0,0,0,,0,0,0,,0,0,0,,0,0,0,0,
7748d3ab76f34e06abb9d116bb432de2,3540,52938,0,0,0,,0,0,0,,0,0,0,,1728,0,0,0,
7f049d05ff3a4946998b9ddd7df409fd,3530,99091,0,0,0,,0,0,0,,0,0,0,,1633,358,227,502,https://www.twitch.tv/videos/2110449112
bdaa84ad3c7841d6a9ec8774ed9d40a9,3520,62111,244,126,936,https://www.youtube.com/watch?v=kr6H1wudXs4,244,126,936,https://www.youtube.com/watch?v=kr6H1wudXs4,0,0,0,,0,0,0,0,
1f54eafd17434cd9bd175d27b72c2228,3500,126654,186,76,572,https://www.youtube.com/watch?v=x_Pkte4c6ww,180,58,267,https://www.youtube.com/watch?v=B5W0vzoLwXk,572,180,572,https://www.youtube.com/watch?v=x_Pkte4c6ww,0,0,0,0,
32b83b466c11418bb380623a95944302,3480,227890,165,88,668,https://www.youtube.com/watch?v=hN4MOG8rIyw,128,122,167,https://www.youtube.com/watch?v=UnveuX4aQ1A,225,41,668,https://www.youtube.com/watch?v=hN4MOG8rIyw,2274,296,225,469,https://www.twitch.tv/videos/2112214741
069ca07d5dd84cd3bf42e21a085d98fb,3470,24954,0,0,0,,0,0,0,,0,0,0,,174,0,0,0,
93a4d479e67242d58d3ff80307d3bc84,3440,101881,188,62,604,https://www.youtube.com/watch?v=RBzWjUSb8PA,189,79,301,https://www.youtube.com/watch?v=axhZJoc91w8,137,48,604,https://www.youtube.com/watch?v=RBzWjUSb8PA,75,0,0,0,
a052e4ff345b41919ab0f13a5b10ff02,3420,166770,309,212,723,https://www.youtube.com/watch?v=BzPO0tiCJQo,301,212,723,https://www.youtube.com/watch?v=BzPO0tiCJQo,408,127,700,https://www.youtube.com/watch?v=KKDoyMeDYBY,1735,0,0,0,
4bfaeda5b1f242959a992d6ad8b8a036,3410,122408,134,83,572,https://www.youtube.com/watch?v=ZiQNgdApJ94,124,66,572,https://www.youtube.com/watch?v=ZiQNgdApJ94,431,163,431,https://www.youtube.com/watch?v=JNfF3R5OCb4,419,73,69,97,https://www.twitch.tv/videos/2105884802
6c0758764e674c6db2f985710fcfbd7b,3410,142394,267,135,583,https://www.youtube.com/watch?v=cArj2tE_afU,265,121,380,https://www.youtube.com/watch?v=qf50zCBGQx4,583,409,583,https://www.youtube.com/watch?v=cArj2tE_afU,0,0,0,0,
288f2fba52bf4d6b9e0ba66e03439837,3360,49829,91,40,139,https://www.youtube.com/watch?v=-7rlr0aDDt4,91,40,139,https://www.youtube.com/watch?v=-7rlr0aDDt4,0,0,0,,2371,175,125,220,https://www.twitch.tv/videos/2103894943
ad56a56e509c4b6fa0cf11ca959e3c72,3360,102782,447,156,866,https://www.youtube.com/watch?v=LHrlO7TzQUc,422,172,866,https://www.youtube.com/watch?v=LHrlO7TzQUc,453,92,500,https://www.youtube.com/watch?v=bWv0NOv_R5w,123,0,0,0,
07b9e0f7118446be96cc2d12f5d8ad02,3360,119818,0,0,0,,0,0,0,,0,0,0,,11913,962,353,1340,https://www.twitch.tv/videos/2087635107
20f361a84fb3439999c550c10fcf5642,3350,71306,239,106,294,https://www.youtube.com/watch?v=49xCU5a19X4,239,106,294,https://www.youtube.com/watch?v=49xCU5a19X4,0,0,0,,1263,247,209,247,https://www.twitch.tv/videos/2109575556
19c3bdcc95134ef38ad98df3f92f3ccb,3350,144049,123,47,253,https://www.youtube.com/watch?v=yfpbZEMGQWc,123,47,253,https://www.youtube.com/watch?v=yfpbZEMGQWc,0,0,0,,548,63,48,80,https://www.twitch.tv/videos/2110539872
427956ab929c4d36afca5ad8245aad8d,3350,136930,0,0,0,,0,0,0,,0,0,0,,0,0,0,0,
4720c4b95e7d4cbea3f5a0a5e523fe4d,3320,106922,0,0,0,,0,0,0,,0,0,0,,0,0,0,0,
3bcfb277595f489ba52734d6f21c08e1,3320,0,0,0,0,,0,0,0,,0,0,0,,0,0,0,0,
c90914afde364f5e982414615662f5a7,3310,244734,116,22,394,https://www.youtube.com/watch?v=2V_Rv7hFcn4,242,114,394,https://www.youtube.com/watch?v=2V_Rv7hFcn4,89,22,131,https://www.youtube.com/watch?v=jR-o6ZMh3wI,726,0,0,0,
bddcd7d262a2434f9b6d77150fbbc72c,3290,43018,0,0,0,,0,0,0,,0,0,0,,0,0,0,0,
7a0c5fe0fe2f4427afe500c85ec958cb,3250,201432,0,0,0,,0,0,0,,0,0,0,,0,0,0,0,
836f66b079c4466db64a8b3bc9295450,3250,116648,289,149,684,https://www.youtube.com/watch?v=UtwL7fesCpw,508,234,684,https://www.youtube.com/watch?v=UtwL7fesCpw,242,130,493,https://www.youtube.com/watch?v=lIiQB1xqtEc,0,0,0,0,
70a7428607b845fc959fb7d4859d018b,3240,256269,306,217,306,https://www.youtube.com/watch?v=iMXNyGQzbuY,0,0,0,,306,217,306,https://www.youtube.com/watch?v=iMXNyGQzbuY,19176,275,138,338,https://www.twitch.tv/videos/2097058186
54b0131ceb734643b23b1eefee31cca0,3240,211766,416,247,673,https://www.youtube.com/watch?v=L7QNVMa4Z90,0,0,0,,416,247,673,https://www.youtube.com/watch?v=L7QNVMa4Z90,759,0,0,0,
0e8150c7419f4c1d94d8ccfb41a04280,3230,302774,5543,206,8618,https://www.youtube.com/watch?v=imDAYKVqjlg,274,206,274,https://www.youtube.com/watch?v=FB3eWCuZ628,7080,1297,8618,https://www.youtube.com/watch?v=imDAYKVqjlg,0,0,0,0,
ea62d2e6bc854e7a81b01a2362be310f,3220,201170,709,379,1068,https://www.youtube.com/watch?v=SEIiNMA903s,709,379,1068,https://www.youtube.com/watch?v=SEIiNMA903s,0,0,0,,351,0,0,0,
9ceaafbe1a9a41bb9526b113354e03cc,3220,238450,161,84,2639,https://www.youtube.com/watch?v=KkTlhgL6gLQ,132,98,161,https://www.youtube.com/watch?v=awxogSiGEEA,194,84,2639,https://www.youtube.com/watch?v=KkTlhgL6gLQ,0,0,0,0,
a9f1edc233804d4b90a9996219a3b14b,3220,93544,190,97,755,https://www.youtube.com/watch?v=2GFqwomkcLA,187,78,755,https://www.youtube.com/watch?v=2GFqwomkcLA,453,428,453,https://www.youtube.com/watch?v=IB52boqYcIY,0,0,0,0,
8e249f04f6cb48bda24f1513a472f4d8,3210,164572,0,0,0,,0,0,0,,0,0,0,,0,0,0,0,
52b5fa7ff03945368644f52035a5e798,3210,176512,56,37,93,https://www.youtube.com/watch?v=ajom0wt_O2Q,56,37,93,https://www.youtube.com/watch?v=ajom0wt_O2Q,0,0,0,,0,0,0,0,
67fdbfa65ee94cc688783102ef4f1ce5,3210,30320,0,0,0,,0,0,0,,0,0,0,,0,0,0,0,
a5f7302f9f1a4fcdb2471c4bc52a05fb,3190,70633,462,178,1079,https://www.youtube.com/watch?v=9_PXJCcwjFc,485,161,1079,https://www.youtube.com/watch?v=9_PXJCcwjFc,201,195,425,https://www.youtube.com/watch?v=jY-X3Um5ez8,0,0,0,0,
fe8ee7b57ae74a1388127b81b136c7ea,3170,77596,0,0,0,,0,0,0,,0,0,0,,441,0,0,0,
6dfe72bb90994dceb7b753908876307d,3160,81143,579,138,2545,https://www.youtube.com/watch?v=tfQt8hzL64s,858,116,2545,https://www.youtube.com/watch?v=tfQt8hzL64s,300,294,1125,https://www.youtube.com/watch?v=23z-CX_4I_g,0,0,0,0,
8d5345223f364c7d8cc7203ee0ffafd6,3150,151487,0,0,0,,0,0,0,,0,0,0,,0,0,0,0,
99c16e8b8a8540d191a2dacac43f1fa3,3140,38058,0,0,0,,0,0,0,,0,0,0,,0,0,0,0,
a246e7561e5f40799a48eeca69951b7b,3130,127498,191,109,333,https://www.youtube.com/watch?v=5QZcEqEYZjg,191,109,333,https://www.youtube.com/watch?v=5QZcEqEYZjg,0,0,0,,116,0,0,0,
7ae1c13d53fb44f49f386eef43c63ee4,3120,64661,126,60,3575,https://www.youtube.com/watch?v=zsBWj_oCwnY,113,47,216,https://www.youtube.com/watch?v=6R9xXDFDUDE,185,85,3575,https://www.youtube.com/watch?v=zsBWj_oCwnY,44,0,0,0,
4d01ec47d0804a47a9fef6d9d01d9c29,3120,83664,0,0,0,,0,0,0,,0,0,0,,1948,0,0,0,
4576d781ddae45d59fc83c8d25385983,3120,65945,324,79,497,https://www.youtube.com/watch?v=GSYoiU27pr0,426,119,497,https://www.youtube.com/watch?v=GSYoiU27pr0,58,40,58,https://www.youtube.com/watch?v=1FI6jH9C0o8,258,0,0,0,
c17ad3ef81904c26982024c9af1f0f3a,3110,113121,105,70,869,https://www.youtube.com/watch?v=GdhOSgt19EM,96,71,155,https://www.youtube.com/watch?v=WipTrKOoZLA,249,69,869,https://www.youtube.com/watch?v=GdhOSgt19EM,3092,158,108,352,https://www.twitch.tv/videos/2106811898
f2ad5f187c9141ab8830b8eaf81c3aee,3100,165923,256,173,316,https://www.youtube.com/watch?v=DUxF6VzqNVk,256,173,316,https://www.youtube.com/watch?v=DUxF6VzqNVk,0,0,0,,0,0,0,0,
63f45366143549d8a2d26406445e0077,3100,128195,0,0,0,,0,0,0,,0,0,0,,0,0,0,0,
038ee6280ef742bcad8450ad52049944,3100,200025,121,80,177,https://www.youtube.com/watch?v=yVhl9OpkY1k,121,80,177,https://www.youtube.com/watch?v=yVhl9OpkY1k,0,0,0,,0,0,0,0,
c28d59f83d9345de91d208cf7732bac5,3090,76926,0,0,0,,0,0,0,,0,0,0,,0,0,0,0,
65a06925c0fa47649984627f5989ab1c,3090,0,0,0,0,,0,0,0,,0,0,0,,0,0,0,0,
53707f0116dc4fca8614ac7139e40b83,3090,177928,38,15,159,https://www.youtube.com/watch?v=0yRqj6SzMk4,38,15,159,https://www.youtube.com/watch?v=0yRqj6SzMk4,0,0,0,,4101,98,73,814,https://www.twitch.tv/videos/2103845677
c7a3d726bb4243cabb70dfd1e9545cd0,3080,128634,0,0,0,,0,0,0,,0,0,0,,0,0,0,0,
536213f7ad4545f5a318156568763a35,3080,76944,98,44,469,https://www.youtube.com/watch?v=MJ_kWFK-5qQ,98,44,469,https://www.youtube.com/watch?v=MJ_kWFK-5qQ,0,0,0,,0,0,0,0,
99d1a2e0c8c047d2ad998e02d4dd9621,3080,96244,0,0,0,,0,0,0,,0,0,0,,0,0,0,0,
c66b9a1fe8bf44e388e9452285e5421e,3070,34055,0,0,0,,0,0,0,,0,0,0,,0,0,0,0,
84944da407dc4de9896c7b763132908c,3060,95772,270,128,7161,https://www.youtube.com/watch?v=_dKOtpPGxiQ,259,114,843,https://www.youtube.com/watch?v=NbRekD7QAtw,515,498,7161,https://www.youtube.com/watch?v=_dKOtpPGxiQ,0,0,0,0,
35f3bb64e69c432180b98dde239f3bdd,3050,123642,328,164,2778,https://www.youtube.com/watch?v=tePnKd3haRw,630,251,2778,https://www.youtube.com/watch?v=tePnKd3haRw,75,65,249,https://www.youtube.com/watch?v=X3EKkJBzxHQ,690,0,0,0,
7e957469a0c2404fa4a863ed9f75945c,3050,122110,203,86,508,https://www.youtube.com/watch?v=3L7-Bt7hyO8,203,86,508,https://www.youtube.com/watch?v=3L7-Bt7hyO8,0,0,0,,0,0,0,0,
58e377df63f745fc8473368b20afe2ae,3050,149780,69,24,117,https://www.youtube.com/watch?v=gNG7SUbcdy0,69,24,117,https://www.youtube.com/watch?v=gNG7SUbcdy0,0,0,0,,245,8,7,23,https://www.twitch.tv/videos/2108672560
058021ae015448cda91651a6bd41cdc6,3050,70644,156,72,553,https://www.youtube.com/watch?v=Poudzf45WWA,191,91,553,https://www.youtube.com/watch?v=Poudzf45WWA,44,16,273,https://www.youtube.com/watch?v=IJGKZCE82w4,2047,0,0,0,
3e340f9122814acc84ff51a0aec8ae13,3040,63788,173,96,595,https://www.youtube.com/watch?v=Cxe2uU_7GTg,201,107,595,https://www.youtube.com/watch?v=Cxe2uU_7GTg,66,47,66,https://www.youtube.com/watch?v=YlKvmjcfjgA,0,0,0,0,
993abf9d9dd84cccae3b8cbba00df320,3030,130639,306,182,576,https://www.youtube.com/watch?v=U5bMNRshD54,306,182,576,https://www.youtube.com/watch?v=U5bMNRshD54,0,0,0,,0,0,0,0,
ba41581d315943fdaebe0dc981020d1c,3030,102116,275,129,3506,https://www.youtube.com/watch?v=bwEKpVMR8Fc,195,123,451,https://www.youtube.com/watch?v=lzRQAsHGQ-w,614,536,3506,https://www.youtube.com/watch?v=bwEKpVMR8Fc,0,0,0,0,
4d347ba9ca0c41c59cda553ebe4af5b1,3020,105129,0,0,0,,0,0,0,,0,0,0,,1239,0,0,0,
8b69d6c508194b93b14fc056038160ab,3020,73598,186,141,277,https://www.youtube.com/watch?v=qQlhCUDrPq0,186,141,277,https://www.youtube.com/watch?v=qQlhCUDrPq0,0,0,0,,1629,131,71,189,https://www.twitch.tv/videos/2100910082
96be1e561acd4a75817c6424d9d4f9f0,3000,114967,5,1,10,https://www.youtube.com/watch?v=SamdXVk1Nr4,0,0,0,,5,1,10,https://www.youtube.com/watch?v=SamdXVk1Nr4,3684,410,301,983,https://www.twitch.tv/videos/2109437796
4c34c44a98974b709f7dbc7618847fd6,2990,141342,454,84,553,https://www.youtube.com/watch?v=o_MC0beov5A,0,0,0,,454,84,553,https://www.youtube.com/watch?v=o_MC0beov5A,10752,1561,732,2363,https://www.twitch.tv/videos/2109542364
c371d4c7f516451bac8ae3a9a13dc7f2,2980,84431,525,143,694,https://www.youtube.com/watch?v=3PWl7BzMrPA,545,139,694,https://www.youtube.com/watch?v=3PWl7BzMrPA,525,402,525,https://www.youtube.com/watch?v=JSJfqxXPB9s,1164,0,0,0,
0def37f8b1024539acb6aaf387f3029e,2980,49689,621,506,621,https://www.youtube.com/watch?v=yDBC-O3EPCY,621,506,621,https://www.youtube.com/watch?v=yDBC-O3EPCY,0,0,0,,6028,701,339,1546,https://www.twitch.tv/videos/2095169229
fda1d7f773b04b6898f5180e21e47874,2980,147033,0,0,0,,0,0,0,,0,0,0,,0,0,0,0,
2ceecb98e47845eab5e3d8d33bd53895,2980,84873,142,73,142,https://www.youtube.com/watch?v=9Mi1l1VFsBM,142,73,142,https://www.youtube.com/watch?v=9Mi1l1VFsBM,0,0,0,,0,0,0,0,
7aca9b05fe654223a3702531383002a8,2970,28009,0,0,0,,0,0,0,,0,0,0,,2305,0,0,0,
6bf5f37da9e74d539963689b6b0256a5,2970,319358,269,108,552,https://www.youtube.com/watch?v=fVNSAGf1B1Y,269,108,552,https://www.youtube.com/watch?v=fVNSAGf1B1Y,0,0,0,,0,0,0,0,
eafb808b078844fdab1d8ed561dbd462,2960,85514,168,43,383,https://www.youtube.com/watch?v=6LE4GtVsX3Y,168,43,383,https://www.youtube.com/watch?v=6LE4GtVsX3Y,0,0,0,,0,0,0,0,
123c79d3170e451eae2f0cc3543621f3,2940,252201,346,168,1429,https://www.youtube.com/watch?v=VQxKZlrc0r0,346,185,1215,https://www.youtube.com/watch?v=ta0VEApn4Oc,354,150,1429,https://www.youtube.com/watch?v=VQxKZlrc0r0,0,0,0,0,
907d39ec8a394cdcb645bd4b2e6351e7,2940,68252,200,55,389,https://www.youtube.com/watch?v=ojWTaLC1lIc,255,85,389,https://www.youtube.com/watch?v=ojWTaLC1lIc,166,30,202,https://www.youtube.com/watch?v=lMqndQE2Umw,0,0,0,0,
7ddebf4d8f6d4c63a4fc7268d8113c10,2940,27206,20,17,632,https://www.youtube.com/watch?v=Oc9SetWXH6g,0,0,0,,20,17,632,https://www.youtube.com/watch?v=Oc9SetWXH6g,3696,3858,2949,14374,https://www.twitch.tv/videos/2103795766
c9510d2324d34b6fbd19ce627bf2bbac,2930,0,0,0,0,,0,0,0,,0,0,0,,0,0,0,0,
d177ac8568a14720b35bcc1a829aff51,2930,73186,602,484,953,https://www.youtube.com/watch?v=OWr84uGRYAU,602,484,953,https://www.youtube.com/watch?v=OWr84uGRYAU,0,0,0,,0,0,0,0,
34edb431f7da4a43b2a6a9d79d2858d1,2920,128209,197,63,534,https://www.youtube.com/watch?v=p00K1kzEGSo,205,113,366,https://www.youtube.com/watch?v=I_WpEMEE0g0,97,25,534,https://www.youtube.com/watch?v=p00K1kzEGSo,0,0,0,0,
2c42a2d77b4c481bae57dc00a66c2f16,2910,246951,498,177,912,https://www.youtube.com/watch?v=Sidv9IaZ2l0,498,177,912,https://www.youtube.com/watch?v=Sidv9IaZ2l0,0,0,0,,0,0,0,0,
e9c48535f2af4f638e5a4c54ffa7862c,2890,143157,52,24,86,https://www.youtube.com/watch?v=tp9xz9iVKAY,52,24,86,https://www.youtube.com/watch?v=tp9xz9iVKAY,0,0,0,,0,0,0,0,
490449b3ec824ea99ea3ccd38ac94c38,2880,86051,177,93,311,https://www.youtube.com/watch?v=pvGWN2pBQ4I,174,80,311,https://www.youtube.com/watch?v=pvGWN2pBQ4I,229,171,282,https://www.youtube.com/watch?v=uSIUeSMpMWE,0,0,0,0,
cc2a13ac075e4640b19020a51dcf9d88,2870,37505,397,170,2074,https://www.youtube.com/watch?v=cPi_KhFGGE8,397,170,2074,https://www.youtube.com/watch?v=cPi_KhFGGE8,0,0,0,,0,0,0,0,
041976bda8b8410a99af25fc4cb87970,2870,57223,211,106,640,https://www.youtube.com/watch?v=AY0dXWMyyNY,211,106,362,https://www.youtube.com/watch?v=nQ8Npr8lS_g,369,218,640,https://www.youtube.com/watch?v=AY0dXWMyyNY,76,0,0,0,
543d63ab162746ee93d723ed4a79ba8d,2870,216786,115,35,189,https://www.youtube.com/watch?v=osC5PTbx7Vs,171,38,189,https://www.youtube.com/watch?v=osC5PTbx7Vs,89,35,115,https://www.youtube.com/watch?v=gFFeS4Tu2rY,0,0,0,0,
edf9e466820347828b0d2d10e5e9bb72,2860,173771,86,46,140,https://www.youtube.com/watch?v=MpwJbuWSwNI,90,48,140,https://www.youtube.com/watch?v=MpwJbuWSwNI,86,13,89,https://www.youtube.com/watch?v=oVnzBfkDG3Q,282,0,0,0,
c6dab598fcee4b6b9bff76d2e8ffc8e6,2860,156046,155,81,211,https://www.youtube.com/watch?v=13sx3ISWwNM,155,81,211,https://www.youtube.com/watch?v=13sx3ISWwNM,0,0,0,,724,33,23,46,https://www.twitch.tv/videos/2100079783
5fb934ba9c8642d1bf932cb58a43f60d,2860,35739,0,0,0,,0,0,0,,0,0,0,,0,0,0,0,
a97d7491246145a5a7e224d6bd010f9b,2840,86636,0,0,0,,0,0,0,,0,0,0,,0,0,0,0,
da189f9d282e4c31a4a8024d11fe368d,2820,108700,151,39,457,https://www.youtube.com/watch?v=FcASdxrdnWw,151,39,295,https://www.youtube.com/watch?v=-JceMgpDZ3I,258,78,457,https://www.youtube.com/watch?v=FcASdxrdnWw,0,0,0,0,
0999b4ac6dbf496aacc1d48be59c4df0,2820,53706,155,69,607,https://www.youtube.com/watch?v=UzSxpdFYqCc,155,69,607,https://www.youtube.com/watch?v=UzSxpdFYqCc,157,64,278,https://www.youtube.com/watch?v=mhDxVOhMp1E,0,0,0,0,
e810dcd23c334fd184d254718517764e,2810,178266,0,0,0,,0,0,0,,0,0,0,,0,0,0,0,
428251b7832a48219276fb6e5f644e86,2800,352921,129,30,5437,https://www.youtube.com/watch?v=41hIhoh4Vas,55,47,91,https://www.youtube.com/watch?v=4gDX7_j2NlI,189,30,5437,https://www.youtube.com/watch?v=41hIhoh4Vas,241,0,0,0,
a6c4761937864c6ebe68b14ca475c19b,2780,107717,0,0,0,,0,0,0,,0,0,0,,0,0,0,0,
0a20931c68dc49c8bd08eda1486193d8,2760,66470,0,0,0,,0,0,0,,0,0,0,,1602,0,0,0,
a0e2f9b9f851401bbd1736189d4b69b1,2760,73841,173,51,472,https://www.youtube.com/watch?v=59OnmfDzDfA,138,40,412,https://www.youtube.com/watch?v=BV3xE5r_xs0,458,88,472,https://www.youtube.com/watch?v=59OnmfDzDfA,0,0,0,0,
f339d4e6913d4a03b39a75228f402153,2760,5424,411,289,580,https://www.youtube.com/watch?v=qQ5MSegoR8k,0,0,0,,411,289,580,https://www.youtube.com/watch?v=qQ5MSegoR8k,541,0,0,0,
c8c87552da404928bcb9fcbafd896591,2750,42913,399,231,884,https://www.youtube.com/watch?v=UYqwsCl2v1Y,383,209,884,https://www.youtube.com/watch?v=UYqwsCl2v1Y,616,518,693,https://www.youtube.com/watch?v=taxK0yZIcCA,0,0,0,0,
06e9953eb191486d979e6b92b6601d9a,2740,830518,4,1,2661,https://www.youtube.com/watch?v=zhRD_BnjXcw,0,0,0,,4,1,2661,https://www.youtube.com/watch?v=zhRD_BnjXcw,2256,0,0,0,
4b8f55c74e594978bb461a27b3924336,2740,43486,401,285,668,https://www.youtube.com/watch?v=xyEFI4q5RxQ,401,285,668,https://www.youtube.com/watch?v=xyEFI4q5RxQ,0,0,0,,824,0,0,0,
9c64ee54cc094bf7931398eaf0c072d6,2710,146270,321,131,381,https://www.youtube.com/watch?v=3-Gf7K-eWKA,324,158,381,https://www.youtube.com/watch?v=3-Gf7K-eWKA,321,131,321,https://www.youtube.com/watch?v=6aL7Z7kSrnY,1709,322,249,750,https://www.twitch.tv/videos/2099889147
3b0031a4b57f46719f06cbf7c5cc42b6,2710,64264,171,97,1895,https://www.youtube.com/watch?v=qs4jDP4je6g,163,94,1895,https://www.youtube.com/watch?v=qs4jDP4je6g,283,125,283,https://www.youtube.com/watch?v=rqzYqqncduw,0,0,0,0,
8fd3526ba2074df896bbcb47e713565b,2690,65777,223,114,285,https://www.youtube.com/watch?v=MCDgWa9LNok,223,114,285,https://www.youtube.com/watch?v=MCDgWa9LNok,0,0,0,,0,0,0,0,
a9faef4b712b4649ba60c7e8e262175a,2690,65172,69,46,421,https://www.youtube.com/watch?v=dqgRAkK_Fm8,61,50,97,https://www.youtube.com/watch?v=bXsQljJ1AvA,90,26,421,https://www.youtube.com/watch?v=dqgRAkK_Fm8,0,0,0,0,
63a55bc5320e4f148ed0abd7991b0e01,2680,9794,606,353,1281,https://www.youtube.com/watch?v=voISOJUZ_CI,0,0,0,,606,353,1281,https://www.youtube.com/watch?v=voISOJUZ_CI,5093,910,424,3897,https://www.twitch.tv/videos/2099933823
fd81a8861669442ca49c50bc4cfd4b5e,2670,124881,172,62,294,https://www.youtube.com/watch?v=wKXn5lb3g0w,174,69,294,https://www.youtube.com/watch?v=wKXn5lb3g0w,37,10,37,https://www.youtube.com/watch?v=QuBCpNJaUlI,0,0,0,0,
d0e0745dd98a4cab9c5e4ff43e3d246f,2670,79408,0,0,0,,0,0,0,,0,0,0,,0,0,0,0,
339b4a73ce92470c97b1626405d5eb5b,2660,73385,49,46,49,https://www.youtube.com/watch?v=Z2JHXodfe48,0,0,0,,49,46,49,https://www.youtube.com/watch?v=Z2JHXodfe48,438,0,0,0,
6417469030e943748dfdba4ee26a08e4,2660,85013,151,75,217,https://www.youtube.com/watch?v=EP6IPQRL4bs,151,75,217,https://www.youtube.com/watch?v=EP6IPQRL4bs,0,0,0,,540,129,124,130,https://www.twitch.tv/videos/2113385709
fbf616b4f812413dbe6b156c8a9d5e5f,2650,68239,0,0,0,,0,0,0,,0,0,0,,0,0,0,0,
c21d4186912d4652a7fb5a1b3ef382b6,2650,64953,228,97,689,https://www.youtube.com/watch?v=FCNZG9zCfBs,225,97,689,https://www.youtube.com/watch?v=FCNZG9zCfBs,265,105,265,https://www.youtube.com/watch?v=0p3qXj1vfF8,1482,220,150,331,https://www.twitch.tv/videos/2101951582
bcbde4d998e341418ebdf3e26884811d,2650,57630,225,100,393,https://www.youtube.com/watch?v=Tcie58Uw8lk,206,100,393,https://www.youtube.com/watch?v=Tcie58Uw8lk,349,107,349,https://www.youtube.com/watch?v=ctm5PAlGJr4,0,0,0,0,
965bb7d47d0243839535d38bc1bc66cc,2650,54095,114,111,426,https://www.youtube.com/watch?v=uPvw7F7EbQM,105,83,426,https://www.youtube.com/watch?v=uPvw7F7EbQM,216,176,216,https://www.youtube.com/watch?v=ElZdDBSfoCY,0,0,0,0,
75b388425b774a9f99a4483e295a13f0,2650,138091,545,191,898,https://www.youtube.com/watch?v=Bjeml4oOYdI,545,191,898,https://www.youtube.com/watch?v=Bjeml4oOYdI,0,0,0,,346,0,0,0,
bcbf00e1e98b4d5e8af20f29adbb0645,2650,136819,75,41,102,https://www.youtube.com/watch?v=Se9N5_2STgY,75,41,102,https://www.youtube.com/watch?v=Se9N5_2STgY,0,0,0,,0,0,0,0,
8f0b41303e8a481689fe4309a565ecd3,2640,93294,148,60,1104,https://www.youtube.com/watch?v=EJp3dwNCSQY,105,50,185,https://www.youtube.com/watch?v=pnrEVZTXcv0,715,312,1104,https://www.youtube.com/watch?v=EJp3dwNCSQY,790,0,0,0,
02e7729df0424fbbb21b77ccd543b0be,2640,156410,43,11,434,https://www.youtube.com/watch?v=iaAEPOdk71Y,35,8,38,https://www.youtube.com/watch?v=0N2r4v9xnao,61,11,434,https://www.youtube.com/watch?v=iaAEPOdk71Y,0,0,0,0,
468e093c0a3144359842fd8e5d3f9800,2640,33825,250,102,1346,https://www.youtube.com/watch?v=9xf04DtAQ54,250,115,1346,https://www.youtube.com/watch?v=9xf04DtAQ54,327,60,503,https://www.youtube.com/watch?v=W48zoOT0ipY,138,0,0,0,
e76a030f33bc48a58257b261f95ee3af,2630,77711,475,262,2356,https://www.youtube.com/watch?v=0d6_nouE5_E,475,262,2356,https://www.youtube.com/watch?v=0d6_nouE5_E,0,0,0,,0,0,0,0,
9a496e9b261f401dba4991a9f4c7048e,2630,72040,342,151,771,https://www.youtube.com/watch?v=mlzT99snpuQ,337,136,617,https://www.youtube.com/watch?v=NMNc6LemPQw,506,250,771,https://www.youtube.com/watch?v=mlzT99snpuQ,0,0,0,0,
9e3edec3eec54f49a065f1970471d473,2630,87975,362,96,686,https://www.youtube.com/watch?v=jfiPjvdLuqg,0,0,0,,362,96,686,https://www.youtube.com/watch?v=jfiPjvdLuqg,722,0,0,0,
8961bc96eec34a99ad58505bae3f58f1,2630,93706,251,110,8186,https://www.youtube.com/watch?v=tN2sJXZRzAA,214,107,379,https://www.youtube.com/watch?v=-pnHK3GAEsI,490,429,8186,https://www.youtube.com/watch?v=tN2sJXZRzAA,0,0,0,0,
87968861d5794c01bfce46d51c8abfc7,2620,24087,0,0,0,,0,0,0,,0,0,0,,0,0,0,0,
15bb576dcd8d45d397905a896e3e25f8,2620,74653,0,0,0,,0,0,0,,0,0,0,,0,0,0,0,
c40a8ff66b3348dc8459766b74846feb,2610,0,0,0,0,,0,0,0,,0,0,0,,1780,193,153,218,https://www.twitch.tv/videos/2109465761
b0f00fccf8a14655911360748c4699cd,2600,98558,192,16,498,https://www.youtube.com/watch?v=jcbIaMkcf1o,125,16,125,https://www.youtube.com/watch?v=hBMgmOjTdmQ,345,81,498,https://www.youtube.com/watch?v=jcbIaMkcf1o,0,0,0,0,
4e48e10b3c2f439c934b1db25679b972,2600,215780,624,248,1061,https://www.youtube.com/watch?v=XaDFhvxEM18,908,251,1061,https://www.youtube.com/watch?v=XaDFhvxEM18,98,66,98,https://www.youtube.com/watch?v=rxXqKggzna4,0,0,0,0,
46145dc9eaab4a84898468905a4759b0,2590,49980,34,31,34,https://www.youtube.com/watch?v=OJbjzHpwILY,0,0,0,,34,31,34,https://www.youtube.com/watch?v=OJbjzHpwILY,0,0,0,0,
aa9fa329d639488dbb860b8f8b3235f8,2580,74058,1614,236,2270,https://www.youtube.com/watch?v=9u1Pv3FvcEs,1899,322,2270,https://www.youtube.com/watch?v=9u1Pv3FvcEs,376,75,376,https://www.youtube.com/watch?v=MxFL2rGfLbI,1408,186,167,297,https://www.twitch.tv/videos/2103044759
7667228c716242d787e1e9cf37224896,2580,94102,0,0,0,,0,0,0,,0,0,0,,0,0,0,0,
662341d52a8e413d8fe661c8da9470f0,2570,28612,176,87,364,https://www.youtube.com/watch?v=gPobaNggHUc,176,87,364,https://www.youtube.com/watch?v=gPobaNggHUc,0,0,0,,0,0,0,0,
29d3dea4a1684bec9592e2ccc3685c57,2560,72459,0,0,0,,0,0,0,,0,0,0,,0,0,0,0,
1d14efa0dfb34515831c46b7dfddf819,2560,38465,416,166,6292,https://www.youtube.com/watch?v=3n5aTmu20aE,354,139,3695,https://www.youtube.com/watch?v=rzEveUJZ6v4,1020,462,6292,https://www.youtube.com/watch?v=3n5aTmu20aE,0,0,0,0,
38ecb20931514383b2d93885136c6b68,2550,76723,174,65,263,https://www.youtube.com/watch?v=6CDB0Z7lUcU,182,72,263,https://www.youtube.com/watch?v=6CDB0Z7lUcU,158,28,158,https://www.youtube.com/watch?v=eeWwB8axrPw,0,0,0,0,
5bbfc7c1b6584cef8c75f2f9044387d2,2540,98644,83,38,454,https://www.youtube.com/watch?v=wVowPKt46ys,80,37,107,https://www.youtube.com/watch?v=mn51NB7NiuM,454,445,454,https://www.youtube.com/watch?v=wVowPKt46ys,0,0,0,0,
42e2bc7c16734352b2e18a82e48844ec,2540,290434,381,339,2535,https://www.youtube.com/watch?v=j_5Sqv_rT6M,381,339,2535,https://www.youtube.com/watch?v=j_5Sqv_rT6M,0,0,0,,0,0,0,0,
53c811a3e7814de2b76dd4e0c241a9e5,2530,22884,66,27,1863,https://www.youtube.com/watch?v=fuyic8fsHnU,66,27,919,https://www.youtube.com/watch?v=UoyL1_jTq18,942,547,1863,https://www.youtube.com/watch?v=fuyic8fsHnU,221,74,23,215,https://www.twitch.tv/videos/2093447052
118c05e7f751446abee5fc827fda0215,2530,775372,60,28,117,https://www.youtube.com/watch?v=5BqXrc9PJA4,60,28,117,https://www.youtube.com/watch?v=5BqXrc9PJA4,0,0,0,,0,0,0,0,
00ff650864404d0c9ce155ff4a82d804,2530,12598,212,62,519,https://www.youtube.com/watch?v=JwdpA6vBfcU,212,62,519,https://www.youtube.com/watch?v=JwdpA6vBfcU,0,0,0,,0,0,0,0,
432458f2f15549919dc6e3706ccbd417,2530,104951,160,94,343,https://www.youtube.com/watch?v=2qlWvMffRdM,0,0,0,,160,94,343,https://www.youtube.com/watch?v=2qlWvMffRdM,0,0,0,0,
fe660ff34f8a41e4ac75bd6f9ac67400,2520,41645,475,214,12316,https://www.youtube.com/watch?v=e7IiFIFBkdE,363,128,609,https://www.youtube.com/watch?v=0l7IiYu8iik,934,269,12316,https://www.youtube.com/watch?v=e7IiFIFBkdE,0,0,0,0,
6443d56896a848dd820e339b5f81e292,2520,57899,271,99,538,https://www.youtube.com/watch?v=zSOhURSBVQs,260,153,538,https://www.youtube.com/watch?v=zSOhURSBVQs,388,45,388,https://www.youtube.com/watch?v=Z5vrO3r2OmU,3995,205,144,363,https://www.twitch.tv/videos/2112166292
bf197e3d2cd6400db5f7e397427965e5,2510,75291,121,60,674,https://www.youtube.com/watch?v=Adj45RV8OXQ,121,60,201,https://www.youtube.com/watch?v=XiCEiMEbfNY,368,118,674,https://www.youtube.com/watch?v=Adj45RV8OXQ,110,0,0,0,
ab64eaef68c94ab4afb3a89007c81e9c,2510,43669,19,17,19,https://www.youtube.com/watch?v=dK84_wvpmlg,0,0,0,,19,17,19,https://www.youtube.com/watch?v=dK84_wvpmlg,3368,306,238,816,https://www.twitch.tv/videos/2111590124
8b027d3a3f374c9c8398b6dd751e5018,2500,40923,200,76,503,https://www.youtube.com/watch?v=awMW9iXElxY,0,0,0,,200,76,503,https://www.youtube.com/watch?v=awMW9iXElxY,36984,6472,2643,14065,https://www.twitch.tv/videos/2106649180
5f9767b104b54292bf6dd29863c0c6b1,2500,121272,136,73,390,https://www.youtube.com/watch?v=FAEnMVHdHUA,133,69,390,https://www.youtube.com/watch?v=FAEnMVHdHUA,262,241,277,https://www.youtube.com/watch?v=-1dQeZSB0KE,0,0,0,0,
eb159df5d55b4730ab2955c5e2638e3f,2500,60538,117,52,158,https://www.youtube.com/watch?v=4d_Xe36Zem4,77,51,77,https://www.youtube.com/watch?v=sQkHdgsPZZg,158,54,158,https://www.youtube.com/watch?v=4d_Xe36Zem4,0,0,0,0,
eb9c18d484464a8e9ac12f44c761ce27,2490,63611,0,0,0,,0,0,0,,0,0,0,,724,0,0,0,
4ac7e88bd2234040a1da03644b06a501,2490,12059,89,69,95,https://www.youtube.com/watch?v=PJw6Y2IKiB0,89,69,95,https://www.youtube.com/watch?v=PJw6Y2IKiB0,0,0,0,,0,0,0,0,
751596501f4f420a8a5c5c9d839efb22,2490,114329,0,0,0,,0,0,0,,0,0,0,,300,0,0,0,
bd9c7d2e96094ce7b8ca032228bb13c7,2470,46691,120,74,153,https://www.youtube.com/watch?v=g0s4cBTCeQI,120,74,153,https://www.youtube.com/watch?v=g0s4cBTCeQI,0,0,0,,0,0,0,0,
76165d25983b463eaa1da66c86a32b7c,2470,31762,48,26,51,https://www.youtube.com/watch?v=jU8Q0_GUMhI,48,26,51,https://www.youtube.com/watch?v=jU8Q0_GUMhI,0,0,0,,312,234,177,354,https://www.twitch.tv/videos/2103878325
d8008bc6129d49d4bebfe530c4d02751,2460,0,0,0,0,,0,0,0,,0,0,0,,0,0,0,0,
652d06b0251940bea32cd69dec3057e6,2460,94297,175,173,237,https://www.youtube.com/watch?v=I2ytd6BfFck,175,173,237,https://www.youtube.com/watch?v=I2ytd6BfFck,0,0,0,,0,0,0,0,
9012b1827e8141bd9d56d1a04b2f7ad1,2460,89926,140,68,298,https://www.youtube.com/watch?v=CKWO6XFleMM,138,38,206,https://www.youtube.com/watch?v=Wo0H8f1_oaU,154,78,298,https://www.youtube.com/watch?v=CKWO6XFleMM,0,0,0,0,
17148f2477dd403ea3903391ef594e4a,2450,1446,0,0,0,,0,0,0,,0,0,0,,4295,0,0,0,
11dd1f817a6b4c80a066aedd8e0fa419,2440,60766,626,247,862,https://www.youtube.com/watch?v=wUYth2Whvc8,626,247,862,https://www.youtube.com/watch?v=wUYth2Whvc8,0,0,0,,0,0,0,0,
0f9d996c066a406dbe04161776c17461,2440,102522,151,55,325,https://www.youtube.com/watch?v=0G418qD2AW4,148,55,213,https://www.youtube.com/watch?v=yhjvf9HrGIA,325,253,325,https://www.youtube.com/watch?v=0G418qD2AW4,0,0,0,0,
5fa2dee0fba64112aa476441cd6ff982,2440,52256,345,215,509,https://www.youtube.com/watch?v=1pA8wr7DG3E,345,215,509,https://www.youtube.com/watch?v=1pA8wr7DG3E,0,0,0,,0,0,0,0,
a577528125314beab91d127043218bb2,2430,81546,51,15,58,https://www.youtube.com/watch?v=2RHWblAZVzY,51,15,58,https://www.youtube.com/watch?v=2RHWblAZVzY,0,0,0,,0,0,0,0,
9b33b75521bd43bca3346790ac65559c,2430,142603,11,6,35,https://www.youtube.com/watch?v=rynbxbWPkGE,0,0,0,,11,6,35,https://www.youtube.com/watch?v=rynbxbWPkGE,7385,573,146,933,https://www.twitch.tv/videos/2085569962
e8be1d48c5a249cebcef72b17653ef34,2430,37421,77,33,3919,https://www.youtube.com/watch?v=oPUGmJuMDYs,86,38,125,https://www.youtube.com/watch?v=sc5EwsQFXyc,65,32,3919,https://www.youtube.com/watch?v=oPUGmJuMDYs,0,0,0,0,
e68bb26e386a4d49a2f521f8abc83376,2430,44412,0,0,0,,0,0,0,,0,0,0,,3543,143,114,162,https://www.twitch.tv/videos/2111897837
92354b79050d4a2dbdb2289a7498a662,2430,35170,0,0,0,,0,0,0,,0,0,0,,0,0,0,0,
1ead15220cb842a79c3922d08d618e31,2430,3623,240,43,240,https://www.youtube.com/watch?v=fbmNSu85umw,0,0,0,,240,43,240,https://www.youtube.com/watch?v=fbmNSu85umw,0,0,0,0,
98f0c92052e74bdc969388a4710655cd,2420,143605,0,0,0,,0,0,0,,0,0,0,,0,0,0,0,
daf01d921fcd4d59876e7f574a083aba,2420,76190,86,39,178,https://www.youtube.com/watch?v=4KE1_zdTmm4,86,39,178,https://www.youtube.com/watch?v=4KE1_zdTmm4,0,0,0,,0,0,0,0,
1756e5a7f5a04ff6a7b5f482201b5cfc,2400,61087,330,29,580,https://www.youtube.com/watch?v=ZDNgDpkNfUk,0,0,0,,330,29,580,https://www.youtube.com/watch?v=ZDNgDpkNfUk,19953,2536,1693,7487,https://www.twitch.tv/videos/2099200694
27a500a69f2b425bb5ab44750df0fac8,2400,90029,0,0,0,,0,0,0,,0,0,0,,0,0,0,0,
b975eb70ed174bbda87e181be25bd1c5,2400,73648,0,0,0,,0,0,0,,0,0,0,,0,0,0,0,
c79ef93aca644e7083eeb8196e5cee85,2390,4022,0,0,0,,0,0,0,,0,0,0,,5080,0,0,0,
90c317900736475a8c5cae632bdd0960,2390,153238,0,0,0,,0,0,0,,0,0,0,,0,0,0,0,
d9e29a148c3d45e99a6ee30802a8da38,2390,2269,0,0,0,,0,0,0,,0,0,0,,1200,0,0,0,
b2313ef4c37542c89796ae94dfb8228d,2380,59064,139,6,331,https://www.youtube.com/watch?v=DL6-qXLt4z0,331,270,331,https://www.youtube.com/watch?v=DL6-qXLt4z0,133,5,139,https://www.youtube.com/watch?v=yfXiNT3V6Go,0,0,0,0,
0a9e04624456419c814b77a7aa12678b,2370,142858,0,0,0,,0,0,0,,0,0,0,,0,0,0,0,
dca4ac320dfd431b930d798a34f6056a,2370,98687,0,0,0,,0,0,0,,0,0,0,,0,0,0,0,
f146e7f1a1164dbfab960ea34873afb5,2360,87853,78,40,78,https://www.youtube.com/watch?v=rRQsQS4DctU,78,40,78,https://www.youtube.com/watch?v=rRQsQS4DctU,0,0,0,,97,0,0,0,
62d6466e900941d9b516c95cf222aa40,2360,1931,34,10,35,https://www.youtube.com/watch?v=VwFYHuJfv7E,34,10,35,https://www.youtube.com/watch?v=VwFYHuJfv7E,0,0,0,,455,0,0,0,
59005edeef174395915757d45718177d,2360,95341,201,64,444,https://www.youtube.com/watch?v=EpuQanQ1_M0,195,62,444,https://www.youtube.com/watch?v=EpuQanQ1_M0,315,194,315,https://www.youtube.com/watch?v=J3EKT-ewpok,0,0,0,0,
b19d58b07131413a92b4bd16e37e8e38,2350,10945,0,0,0,,0,0,0,,0,0,0,,0,0,0,0,
13f9e814151e487aa60c4f50a4a23a27,2340,84428,0,0,0,,0,0,0,,0,0,0,,0,0,0,0,
d55860f26114410c97af27ba1269e3ed,2340,106637,50,5,115,https://www.youtube.com/watch?v=hGEm24Euz2g,50,5,115,https://www.youtube.com/watch?v=hGEm24Euz2g,0,0,0,,1206,88,45,88,https://www.twitch.tv/videos/2100024363
6e1845e76035452287436153470e8656,2330,95766,90,73,176,https://www.youtube.com/watch?v=0lFLWeY7Mqg,90,73,176,https://www.youtube.com/watch?v=0lFLWeY7Mqg,0,0,0,,471,0,0,0,
3a4fe2f4720747ceabc87b3327ab2b17,2330,49588,126,52,249,https://www.youtube.com/watch?v=SRz6SPNAay8,126,52,249,https://www.youtube.com/watch?v=SRz6SPNAay8,0,0,0,,0,0,0,0,
c01af5d5f9b74ac29b51dcae0dc55a2d,2330,165422,201,120,656,https://www.youtube.com/watch?v=gqc8zWTYNYQ,166,143,446,https://www.youtube.com/watch?v=QChdHaWa5yg,269,98,656,https://www.youtube.com/watch?v=gqc8zWTYNYQ,0,0,0,0,
9b8fe3ac0f30473f87290d314dfda74e,2310,64776,0,0,0,,0,0,0,,0,0,0,,0,0,0,0,
9c913230c732455c9604dae9ebcfa64e,2310,18915,3,2,1523,https://www.youtube.com/watch?v=sAmvcUDLJnk,0,0,0,,3,2,1523,https://www.youtube.com/watch?v=sAmvcUDLJnk,841,167,121,284,https://www.twitch.tv/videos/2107622391
c2bbc6bca92c4825b72d635634197e2b,2300,42715,204,102,313,https://www.youtube.com/watch?v=NI5Q5EvwBg0,204,102,313,https://www.youtube.com/watch?v=NI5Q5EvwBg0,0,0,0,,0,0,0,0,
edc63a5ab371435ea8614134d401c517,2300,88621,0,0,0,,0,0,0,,0,0,0,,0,0,0,0,
6c812a2f61ac470f8e3b30a92dca9d81,2300,68826,133,52,184,https://www.youtube.com/watch?v=wpQPLGDLNT0,133,52,184,https://www.youtube.com/watch?v=wpQPLGDLNT0,0,0,0,,0,0,0,0,
3f12c2866e564c3086183c6e75ef79eb,2300,56432,0,0,0,,0,0,0,,0,0,0,,0,0,0,0,
1901cef25e9940e7b3da42d3c189cada,2290,27632,0,0,0,,0,0,0,,0,0,0,,0,0,0,0,
284024f40bb34b429debb78e7dbf3391,2290,38238,0,0,0,,0,0,0,,0,0,0,,0,0,0,0,
eda6bf91049349e08f0f269fb4f8c0f9,2290,30366,134,77,4629,https://www.youtube.com/watch?v=EArsCQt0qbg,131,77,4629,https://www.youtube.com/watch?v=EArsCQt0qbg,264,223,264,https://www.youtube.com/watch?v=Bxl9kirEaYM,149,0,0,0,
6b8922c9532e435eb4f03cabc8bb23b1,2290,77451,169,77,1448,https://www.youtube.com/watch?v=gY3TqyX0U94,167,86,1448,https://www.youtube.com/watch?v=gY3TqyX0U94,348,63,975,https://www.youtube.com/watch?v=qk0V3WyxSFE,2415,0,0,0,
02168475e7ca4234b57d53f495bf3bbc,2280,120603,63,28,329,https://www.youtube.com/watch?v=D9FQS5OyU_w,63,28,329,https://www.youtube.com/watch?v=D9FQS5OyU_w,0,0,0,,0,0,0,0,
25904d8b82c84d74a8abffb804647e21,2280,106294,0,0,0,,0,0,0,,0,0,0,,402,0,0,0,
160f90709224412f9cfc2aaa88e89a57,2270,41333,120,68,266,https://www.youtube.com/watch?v=ZoYQ8WmotuQ,125,68,266,https://www.youtube.com/watch?v=ZoYQ8WmotuQ,71,38,71,https://www.youtube.com/watch?v=V55Sr5ALuKE,0,0,0,0,
1e10c82a40224474bba81c3a9e293c51,2270,0,0,0,0,,0,0,0,,0,0,0,,3607,0,0,0,
73a6eae6a16942ef8726b2c475fef9e0,2270,131105,0,0,0,,0,0,0,,0,0,0,,0,0,0,0,
00c158176a504c9bb865b32276e79eb1,2270,71639,196,80,435,https://www.youtube.com/watch?v=NPNSa_ak-Zs,249,133,435,https://www.youtube.com/watch?v=NPNSa_ak-Zs,105,45,113,https://www.youtube.com/watch?v=3UHbkNm8UTw,0,0,0,0,
7b2d1d71057b4ac2a16109b980a99e28,2270,45456,545,1,545,https://www.youtube.com/watch?v=NCPvOK-7t8U,545,1,545,https://www.youtube.com/watch?v=NCPvOK-7t8U,0,0,0,,0,0,0,0,
50433c34f368460c9cda947f292a62b4,2270,154689,374,130,538,https://www.youtube.com/watch?v=9z4gGrBl4jY,374,130,538,https://www.youtube.com/watch?v=9z4gGrBl4jY,0,0,0,,0,0,0,0,
491a6000ce4b472c9b4f8c1dcfdb772c,2270,50539,110,16,130,https://www.youtube.com/watch?v=K6AOd1sKwto,90,0,90,https://www.youtube.com/watch?v=-d0npLRYqQM,130,31,130,https://www.youtube.com/watch?v=K6AOd1sKwto,720,53,30,53,https://www.twitch.tv/videos/2101983441
3896e47ba9f64b7082eee3980734ab14,2260,202044,169,74,228,https://www.youtube.com/watch?v=W9poLu7QozY,153,62,228,https://www.youtube.com/watch?v=W9poLu7QozY,218,169,218,https://www.youtube.com/watch?v=3vemMmYI1Pc,0,0,0,0,
65a52797bec24b9bb2df5201068873a4,2260,28425,179,93,179,https://www.youtube.com/watch?v=tCLdrtNVBus,179,93,179,https://www.youtube.com/watch?v=tCLdrtNVBus,0,0,0,,0,0,0,0,
a7874e2ea7a44640a4ad427680a1dc9a,2260,67991,221,185,428,https://www.youtube.com/watch?v=K_ITf2IUKKE,221,185,428,https://www.youtube.com/watch?v=K_ITf2IUKKE,0,0,0,,0,0,0,0,
08a9cb204a03447bbba896df3ee6a096,2250,10833,0,0,0,,0,0,0,,0,0,0,,401,0,0,0,
de362d2d371446d898953e74e27abd2a,2240,173164,159,60,6680,https://www.youtube.com/watch?v=oD9y6PKSXME,195,49,376,https://www.youtube.com/watch?v=gVCPA1YgGPQ,124,64,6680,https://www.youtube.com/watch?v=oD9y6PKSXME,0,0,0,0,
cb57ce29683a4cff930848f8c9850665,2220,46420,115,82,291,https://www.youtube.com/watch?v=wm4567ahlAI,115,82,291,https://www.youtube.com/watch?v=wm4567ahlAI,87,52,131,https://www.youtube.com/watch?v=r8hLq6GkdQ8,327,0,0,0,
62e0c4a2dc274095a08c49a7850d3b78,2220,32001,0,0,0,,0,0,0,,0,0,0,,1526,0,0,0,
7ce04ee5bb63467f8b70a69136049218,2210,25268,0,0,0,,0,0,0,,0,0,0,,1561,169,98,196,https://www.twitch.tv/videos/2108633725
db4fd03c50654057bd32b9201666b345,2210,93514,176,77,635,https://www.youtube.com/watch?v=bnIb2bkoUgY,176,77,635,https://www.youtube.com/watch?v=bnIb2bkoUgY,0,0,0,,2103,0,0,0,
8d0693c271284b76a407c9f6faffcfdc,2200,37837,59,9,69,https://www.youtube.com/watch?v=j2n1kEK12B8,59,9,69,https://www.youtube.com/watch?v=j2n1kEK12B8,0,0,0,,0,0,0,0,
d889f67fe7b84a38a9742ab2a47f346a,2200,74919,94,54,1036,https://www.youtube.com/watch?v=MnZ0vlB3vvo,79,37,130,https://www.youtube.com/watch?v=NsIIlj70k0k,274,213,1036,https://www.youtube.com/watch?v=MnZ0vlB3vvo,2061,189,143,317,https://www.twitch.tv/videos/2112450738
80c426d23cdb4dcda1d1a0a1bd7e0245,2200,13394,118,13,147,https://www.youtube.com/watch?v=DwMkYVP9pHQ,118,13,147,https://www.youtube.com/watch?v=DwMkYVP9pHQ,0,0,0,,6026,206,38,270,https://www.twitch.tv/videos/2091423618
4de89158f20a4d0e8023f15db8a9526e,2190,17126,129,50,191,https://www.youtube.com/watch?v=Vl6jwkaK9wM,0,0,0,,129,50,191,https://www.youtube.com/watch?v=Vl6jwkaK9wM,0,0,0,0,
1c4d1b6728454276a4a5c4e0d6a94a20,2190,0,0,0,0,,0,0,0,,0,0,0,,0,0,0,0,
326e254f0da14bc6bfc5d379164cf5c6,2180,44280,0,0,0,,0,0,0,,0,0,0,,0,0,0,0,
d45c287a84b6485e8ff3400cf50f5db7,2170,162130,0,0,0,,0,0,0,,0,0,0,,2667,510,377,754,https://www.twitch.tv/videos/2110539389
4f93fe928d264a299c6589e09fbda21e,2170,161161,0,0,0,,0,0,0,,0,0,0,,0,0,0,0,
9ef5ec69554f46e887a9ac0fe54b4f41,2160,80807,0,0,0,,0,0,0,,0,0,0,,0,0,0,0,
02cf3719d4f44b7dbedc324ef8b0702e,2150,28345,204,78,349,https://www.youtube.com/watch?v=J6tijcwGbwU,179,79,326,https://www.youtube.com/watch?v=u8ULAyABZ9M,349,77,349,https://www.youtube.com/watch?v=J6tijcwGbwU,0,0,0,0,
b8d723ac79eb47229a23adc4029a5bd5,2150,0,0,0,0,,0,0,0,,0,0,0,,0,0,0,0,
b5c9831f97f4427a88a96d7c4ee40539,2140,185079,46,13,60,https://www.youtube.com/watch?v=zGhxfOJp28w,46,13,60,https://www.youtube.com/watch?v=zGhxfOJp28w,0,0,0,,960,293,235,344,https://www.twitch.tv/videos/2104816734
6fa1245c717d4af68589205df5ab6427,2140,48443,125,46,2337,https://www.youtube.com/watch?v=lYJuF3UivDM,119,44,245,https://www.youtube.com/watch?v=Lbj9YELJRAk,1256,717,2337,https://www.youtube.com/watch?v=lYJuF3UivDM,373,18,14,102,https://www.twitch.tv/videos/2108599513
854282eb3f32406aa85dd53f14748228,2140,33909,0,0,0,,0,0,0,,0,0,0,,6743,682,394,1080,https://www.twitch.tv/videos/2108460063
9ad37d3249e24861bc8cb84368883258,2110,65113,49,21,81,https://www.youtube.com/watch?v=7-1prdKiWwc,51,21,81,https://www.youtube.com/watch?v=7-1prdKiWwc,38,15,71,https://www.youtube.com/watch?v=8tTKPSN-E1s,0,0,0,0,
6eeed5b0702a45df8470a617ee2c5243,2110,23032,0,0,0,,0,0,0,,0,0,0,,0,0,0,0,
93e7079bd21c499f9004e79d18489d28,2110,438320,0,0,0,,0,0,0,,0,0,0,,87,0,0,0,
275aaf8046a144198dee96d20bce8b1a,2110,46743,173,32,315,https://www.youtube.com/watch?v=jmSQCCo52Wc,173,32,315,https://www.youtube.com/watch?v=jmSQCCo52Wc,0,0,0,,0,0,0,0,
2161dd499b2b493096ab04591890b15b,2110,52143,23,22,23,https://www.youtube.com/watch?v=vTcAtG8cpTM,0,0,0,,23,22,23,https://www.youtube.com/watch?v=vTcAtG8cpTM,781,246,173,330,https://www.twitch.tv/videos/2109367213
6d185bad1ade4f54b0a23d2d9f3f3198,2110,27011,0,0,0,,0,0,0,,0,0,0,,0,0,0,0,
3039dc305f614cd89e8ee8d028dea0ff,2100,52765,396,221,921,https://www.youtube.com/watch?v=iEXzlV7UvKo,252,110,921,https://www.youtube.com/watch?v=iEXzlV7UvKo,610,392,692,https://www.youtube.com/watch?v=XHdEpEwSumI,0,0,0,0,
27bbe711f5e848a9bc8accc73fc79471,2100,43896,136,80,168,https://www.youtube.com/watch?v=hHnO-SBgQ7k,136,80,168,https://www.youtube.com/watch?v=hHnO-SBgQ7k,0,0,0,,0,0,0,0,
c41a24bf9c8f48ee9454119057088688,2090,77428,112,102,112,https://www.youtube.com/watch?v=3jH-rkXiROY,0,0,0,,112,102,112,https://www.youtube.com/watch?v=3jH-rkXiROY,0,0,0,0,
d95e3d9eed1a4e87a736a882a1fb9288,2090,26296,134,77,297,https://www.youtube.com/watch?v=uS62cKK_6OU,134,77,297,https://www.youtube.com/watch?v=uS62cKK_6OU,0,0,0,,53,0,0,0,
16b8db1818764f81addb322d109b5da3,2080,82957,353,195,829,https://www.youtube.com/watch?v=MnN79U-sHQs,353,195,829,https://www.youtube.com/watch?v=MnN79U-sHQs,0,0,0,,0,0,0,0,
d3a3eab7a3e34ea98784c44e3691c726,2080,68008,372,163,507,https://www.youtube.com/watch?v=4fQckbuf8fE,372,163,507,https://www.youtube.com/watch?v=4fQckbuf8fE,0,0,0,,0,0,0,0,
677ae7ec361d4d3c9981bca8fbb974c8,2080,65431,141,28,141,https://www.youtube.com/watch?v=uL3nydfVyPg,141,28,141,https://www.youtube.com/watch?v=uL3nydfVyPg,0,0,0,,366,0,0,0,
6b36f446b10e4ea99d5d80d60beeee21,2070,44996,0,0,0,,0,0,0,,0,0,0,,8344,305,296,305,https://www.twitch.tv/videos/2113210292
01edfa8163ad42cd85f56ef4dce2609e,2060,45604,115,75,189,https://www.youtube.com/watch?v=Bbfi0g4LO-k,115,75,189,https://www.youtube.com/watch?v=Bbfi0g4LO-k,0,0,0,,0,0,0,0,
3a43445829024217b728d04d5398b61c,2060,73482,204,118,622,https://www.youtube.com/watch?v=MNL5mp6vu-o,206,159,622,https://www.youtube.com/watch?v=MNL5mp6vu-o,149,91,536,https://www.youtube.com/watch?v=-YOhZpENBCE,0,0,0,0,
e14d4aac184c4ccdba6f2a9718cfea62,2060,85886,11532,8075,31574,https://www.youtube.com/watch?v=cNrjZpU7lQ0,0,0,0,,11532,8075,31574,https://www.youtube.com/watch?v=cNrjZpU7lQ0,0,0,0,0,
9d74c909706a450ea35c1777cac79e77,2060,159018,153,78,582,https://www.youtube.com/watch?v=5gz3lbBRUD0,170,91,582,https://www.youtube.com/watch?v=5gz3lbBRUD0,36,22,358,https://www.youtube.com/watch?v=llqsokdMmu4,0,0,0,0,
0ac7e05c8a3842e7bd1401652ce2bf4f,2050,65219,265,92,5967,https://www.youtube.com/watch?v=n744Tv9dI9M,222,92,336,https://www.youtube.com/watch?v=2abdiXVJdZw,541,142,5967,https://www.youtube.com/watch?v=n744Tv9dI9M,0,0,0,0,
95f3f004ed9641139567827519f6b35e,2050,107458,0,0,0,,0,0,0,,0,0,0,,260,0,0,0,
f5a683eeac6b4936b44d547c1e4edbc2,2050,70786,165,99,768,https://www.youtube.com/watch?v=3xbB0TFc3rQ,165,99,768,https://www.youtube.com/watch?v=3xbB0TFc3rQ,0,0,0,,0,0,0,0,
0414bb8fc082472a9434bd4a463a9865,2050,65151,0,0,0,,0,0,0,,0,0,0,,144,0,0,0,
fbb142bcb07a4808b0164c41ab1877ea,2030,96661,249,154,5124,https://www.youtube.com/watch?v=j7tALhOTt_g,156,85,641,https://www.youtube.com/watch?v=kte7c6diXxI,531,380,5124,https://www.youtube.com/watch?v=j7tALhOTt_g,0,0,0,0,
2463286fd3154219afa631c73d178147,2030,165363,103,48,593,https://www.youtube.com/watch?v=fJV6ZYerQrY,281,151,593,https://www.youtube.com/watch?v=fJV6ZYerQrY,30,25,66,https://www.youtube.com/watch?v=XmlHjrXG_Ro,0,0,0,0,
3e48227b123a4137a0cf1755b1142a6c,2030,53995,224,116,338,https://www.youtube.com/watch?v=Rhj8E906oNs,224,116,338,https://www.youtube.com/watch?v=Rhj8E906oNs,0,0,0,,0,0,0,0,
d418b8a185f449b3a15c1656ba654780,2030,121266,61,12,2883,https://www.youtube.com/watch?v=GopimWoyhic,87,27,155,https://www.youtube.com/watch?v=ZrLZKPXXPqU,57,4,2883,https://www.youtube.com/watch?v=GopimWoyhic,0,0,0,0,
29294f0665864cee8bb2b48697b9e84f,2020,68210,207,104,1421,https://www.youtube.com/watch?v=VITQbxHMbYo,200,104,242,https://www.youtube.com/watch?v=4mcJPV6pPzU,333,156,1421,https://www.youtube.com/watch?v=VITQbxHMbYo,96,84,70,84,https://www.twitch.tv/videos/2109412623
afb88fe247b6416e8b9156a9a7e60f38,2020,162856,88,52,854,https://www.youtube.com/watch?v=fublV5BVQ8Q,61,48,591,https://www.youtube.com/watch?v=nf9Lc8snBsQ,116,97,854,https://www.youtube.com/watch?v=fublV5BVQ8Q,0,0,0,0,
ab069c9401bc4bd09eea8f5ece525d54,2020,279422,349,124,385,https://www.youtube.com/watch?v=SOh1HnRllTw,349,124,385,https://www.youtube.com/watch?v=SOh1HnRllTw,0,0,0,,0,0,0,0,
14d334ad35f146ecbb047d1c20652fe1,2010,307730,0,0,0,,0,0,0,,0,0,0,,0,0,0,0,
d576c2396a004f3c8dd91baf14254898,2010,56551,17,7,107,https://www.youtube.com/watch?v=Ux4t4PmJfqw,56,34,107,https://www.youtube.com/watch?v=Ux4t4PmJfqw,11,4,19,https://www.youtube.com/watch?v=oS-K1sw8StQ,2383,154,111,323,https://www.twitch.tv/videos/2101919549
dba1db65ba874e18a33d8465d52d8f2e,2010,19272,179,98,1879,https://www.youtube.com/watch?v=vwBA7wjPD3w,119,101,611,https://www.youtube.com/watch?v=UCv-Ody-PNs,271,90,1879,https://www.youtube.com/watch?v=vwBA7wjPD3w,0,0,0,0,
256dd6464e974e118dc8103d5e9eb0b3,2000,42095,106,48,811,https://www.youtube.com/watch?v=gb8GLS8c1Dk,106,48,268,https://www.youtube.com/watch?v=x3BsPOlE7c0,443,62,811,https://www.youtube.com/watch?v=gb8GLS8c1Dk,0,0,0,0,
4b7c733a13d247ec84844698ecc7ba0c,2000,124807,12,9,12,https://www.youtube.com/watch?v=eWtXmChRvNE,0,0,0,,12,9,12,https://www.youtube.com/watch?v=eWtXmChRvNE,2556,215,136,414,https://www.twitch.tv/videos/2100797104
8564954960ba466fa7f17bc0e0ea5e8e,1980,36998,0,0,0,,0,0,0,,0,0,0,,258,0,0,0,
b7fa120fd2264ecca8f9f02ece2850a9,1980,113814,84,28,361,https://www.youtube.com/watch?v=waHu6qmbRCQ,83,34,361,https://www.youtube.com/watch?v=waHu6qmbRCQ,223,10,223,https://www.youtube.com/watch?v=U6vBf5szbzo,130,0,0,0,
cb94019fb4714e168b47d6757995efc3,1970,30874,15624,13274,29041,https://www.youtube.com/watch?v=3bgu64ztKVQ,0,0,0,,15624,13274,29041,https://www.youtube.com/watch?v=3bgu64ztKVQ,0,0,0,0,
60234dcffd2b42f097a78aaf121d410f,1970,34415,256,94,552,https://www.youtube.com/watch?v=39q-3loe8qQ,256,99,438,https://www.youtube.com/watch?v=8afQkPiTNTI,236,88,552,https://www.youtube.com/watch?v=39q-3loe8qQ,189,0,0,0,
1310ffb60dcf40eaaf6a08890e632234,1960,79438,156,86,220,https://www.youtube.com/watch?v=MDKXu3xgF2c,156,86,220,https://www.youtube.com/watch?v=MDKXu3xgF2c,0,0,0,,0,0,0,0,
f96c65701df94732853d86ffd893081e,1960,47150,236,113,365,https://www.youtube.com/watch?v=0XwnVGIs9-U,108,73,108,https://www.youtube.com/watch?v=jZTdCfZ8onY,365,153,365,https://www.youtube.com/watch?v=0XwnVGIs9-U,0,0,0,0,
e32a7d950f5a4b53ab2f47d225aec4fd,1960,52605,147,49,269,https://www.youtube.com/watch?v=or7d8mEEURc,184,49,269,https://www.youtube.com/watch?v=or7d8mEEURc,70,49,70,https://www.youtube.com/watch?v=TGomLLSVug4,0,0,0,0,
4a1e39ee23e6423fbfd3a15b1e28c8f3,1960,44116,104,30,155,https://www.youtube.com/watch?v=hB77mvRE6Bo,99,31,129,https://www.youtube.com/watch?v=PQQPn6JTi0Y,122,30,155,https://www.youtube.com/watch?v=hB77mvRE6Bo,0,0,0,0,
6d2945d11f504edb9962f742b54f6553,1950,27862,65,28,107,https://www.youtube.com/watch?v=ZqJuaPXY_O0,67,38,107,https://www.youtube.com/watch?v=ZqJuaPXY_O0,45,0,45,https://www.youtube.com/watch?v=ZhRkLXhUD94,956,64,37,88,https://www.twitch.tv/videos/2110502479
1dab397f9530482e96216024b42f5ef3,1950,71572,0,0,0,,0,0,0,,0,0,0,,235,0,0,0,
edbd401267284e8886c1fd27d08283d4,1940,77070,513,298,1394,https://www.youtube.com/watch?v=nnJ1-xZCNBg,536,315,1394,https://www.youtube.com/watch?v=nnJ1-xZCNBg,64,0,64,https://www.youtube.com/watch?v=hVqgch0664g,954,0,0,0,
08158657738a4949bce0cbbc36c4e701,1940,73151,0,0,0,,0,0,0,,0,0,0,,0,0,0,0,
14561bf5e63844f58b60deb87f443507,1940,0,0,0,0,,0,0,0,,0,0,0,,708,91,46,91,https://www.twitch.tv/videos/2100013553
fe5a0ac164a940c79e430eab9995da2e,1930,179708,0,0,0,,0,0,0,,0,0,0,,117,0,0,0,
3bbbe40f23e344fa8889d410b7315383,1930,31306,0,0,0,,0,0,0,,0,0,0,,1733,0,0,0,
9c0184b0f01a4af4a4c2c56139682fb9,1930,1665,579,248,579,https://www.youtube.com/watch?v=gR6pU4o5Eo4,579,248,579,https://www.youtube.com/watch?v=gR6pU4o5Eo4,0,0,0,,117,0,0,0,
c805a5c2c4fb4a068a65267452aa4da5,1930,72523,50,26,186,https://www.youtube.com/watch?v=C9caxiIQI1o,50,26,186,https://www.youtube.com/watch?v=C9caxiIQI1o,0,0,0,,0,0,0,0,
55e9448a0a9040f99dc8ea1cf86cbad5,1920,181190,0,0,0,,0,0,0,,0,0,0,,1453,0,0,0,
d2b1ba87da034210bbe54bfa1c01bc41,1920,35826,97,71,207,https://www.youtube.com/watch?v=KBOkmmS0U4U,108,73,207,https://www.youtube.com/watch?v=KBOkmmS0U4U,69,16,69,https://www.youtube.com/watch?v=GtaVtlLOAqI,8420,490,190,1029,https://www.twitch.tv/videos/2111348401
2c7d4ba3c9f04cb1806b8d89250b4521,1920,38552,0,0,0,,0,0,0,,0,0,0,,0,0,0,0,
b34b0381ce8e40f2b24fa0a96a1e1bd5,1920,66204,0,0,0,,0,0,0,,0,0,0,,0,0,0,0,
9767904fedef42febaa98e9162973356,1920,368759,188,119,679,https://www.youtube.com/watch?v=vhaVEZ-Xhcc,197,116,679,https://www.youtube.com/watch?v=vhaVEZ-Xhcc,135,123,135,https://www.youtube.com/watch?v=oKg4jUx1RUg,0,0,0,0,
b95eb39c5bb74de687696afbc31fb836,1910,35969,160,88,234,https://www.youtube.com/watch?v=HQPkCmC4Le0,160,88,234,https://www.youtube.com/watch?v=HQPkCmC4Le0,0,0,0,,237,179,93,464,https://www.twitch.tv/videos/2099143234
ed4666af39034d54913aba64cfea6f47,1910,113772,98,40,215,https://www.youtube.com/watch?v=TmCoWGiECZs,98,40,215,https://www.youtube.com/watch?v=TmCoWGiECZs,0,0,0,,0,0,0,0,
7da08de1840847b99c6fe9a44a1ca0ac,1900,34472,130,58,349,https://www.youtube.com/watch?v=HX4atyH31ME,130,58,349,https://www.youtube.com/watch?v=HX4atyH31ME,0,0,0,,0,0,0,0,
80ea9b92d31c48b8b2cf2ca5bacc2a08,1900,82486,0,0,0,,0,0,0,,0,0,0,,0,0,0,0,
084c49d869114256af18c13cc4b56414,1900,28439,0,0,0,,0,0,0,,0,0,0,,0,0,0,0,
ed28c754bb704dbf8a296f7008c2b5e4,1900,68463,116,49,802,https://www.youtube.com/watch?v=YtHSOjQsrkY,117,55,321,https://www.youtube.com/watch?v=2Q4RrZhI8HM,78,40,802,https://www.youtube.com/watch?v=YtHSOjQsrkY,832,124,94,812,https://www.twitch.tv/videos/2104005630
83a59a0d6537461fb429af7e3af1d152,1900,244083,96,51,348,https://www.youtube.com/watch?v=rlcwDaeeBSc,205,92,348,https://www.youtube.com/watch?v=rlcwDaeeBSc,96,51,96,https://www.youtube.com/watch?v=D0W4DWcyqBI,0,0,0,0,
d1dcec3b0dbe4e39b2907be832c467a1,1890,0,0,0,0,,0,0,0,,0,0,0,,0,0,0,0,
48b978b1705a4f61a760b05280000b34,1890,8230,0,0,0,,0,0,0,,0,0,0,,1307,0,0,0,
15b8c0a77287451395102506f90ec98b,1890,641,0,0,0,,0,0,0,,0,0,0,,0,0,0,0,
8de4919964114a0e8627e93166bf0efb,1880,3607,128,56,128,https://www.youtube.com/watch?v=8v7gFT_Fc4I,0,0,0,,128,56,128,https://www.youtube.com/watch?v=8v7gFT_Fc4I,0,0,0,0,
988d1a83ff6c4f82af6be42946987c36,1870,126976,207,122,1251,https://www.youtube.com/watch?v=QtxyZbL29Hc,148,81,842,https://www.youtube.com/watch?v=pD4TxUy-cAs,775,342,1251,https://www.youtube.com/watch?v=QtxyZbL29Hc,0,0,0,0,
829ebc1f7fc34bd1b770298799fccaa7,1870,37816,131,15,291,https://www.youtube.com/watch?v=ex9LHZ6ZzG8,131,15,291,https://www.youtube.com/watch?v=ex9LHZ6ZzG8,0,0,0,,0,0,0,0,
33918eea49984fb499619652ce58a4fa,1860,49465,116,69,179,https://www.youtube.com/watch?v=AUyMLeqNfxQ,116,69,179,https://www.youtube.com/watch?v=AUyMLeqNfxQ,0,0,0,,0,0,0,0,
5b40a93fac8646f48fca66add3d3642c,1860,126545,271,82,904,https://www.youtube.com/watch?v=wqCOQcGVsOw,182,68,312,https://www.youtube.com/watch?v=4HKGxOEB8lw,660,117,904,https://www.youtube.com/watch?v=wqCOQcGVsOw,0,0,0,0,
cb52afa541704e6e8f1098a20679135c,1850,104932,31,24,120,https://www.youtube.com/watch?v=J1FZRLVyf1Q,67,24,120,https://www.youtube.com/watch?v=J1FZRLVyf1Q,16,13,16,https://www.youtube.com/watch?v=iMTNvnuc-NM,159,0,0,0,
ba2b5274997b4bf2af6bc69290463f35,1850,0,0,0,0,,0,0,0,,0,0,0,,0,0,0,0,
0b91169f9d504a479f0e1010ae4edda1,1850,5457,0,0,0,,0,0,0,,0,0,0,,0,0,0,0,
cd542f88cc8b47d087301d567b7cebca,1850,24653,537,275,3684,https://www.youtube.com/watch?v=YmiiYae5uFI,445,332,3684,https://www.youtube.com/watch?v=YmiiYae5uFI,587,172,991,https://www.youtube.com/watch?v=T0tFkS6MBnU,0,0,0,0,
6f382359f4d0436e9e1d4f87e4696e76,1850,45847,129,60,139,https://www.youtube.com/watch?v=xtVVne1eVKE,133,47,139,https://www.youtube.com/watch?v=xtVVne1eVKE,94,89,94,https://www.youtube.com/watch?v=JjYSs6UUnfk,0,0,0,0,
d710be5717d04f2a995ac6384100df20,1840,60258,0,0,0,,0,0,0,,0,0,0,,0,0,0,0,
90446c6f1b704ff6b0fbbf017f0a68c5,1830,39796,328,105,749,https://www.youtube.com/watch?v=yh1G5JYOK-A,401,126,749,https://www.youtube.com/watch?v=yh1G5JYOK-A,145,85,307,https://www.youtube.com/watch?v=nE7YPF9pHQQ,0,0,0,0,
325c292889f542688512641841b4ed8a,1830,57747,219,106,629,https://www.youtube.com/watch?v=20wyjlVAVWw,215,106,585,https://www.youtube.com/watch?v=mIhalQM8Y_c,263,239,629,https://www.youtube.com/watch?v=20wyjlVAVWw,0,0,0,0,
644ed2200e8a446bae2920103d1015e3,1830,58450,168,58,297,https://www.youtube.com/watch?v=nxp_K7J6iY0,168,58,297,https://www.youtube.com/watch?v=nxp_K7J6iY0,0,0,0,,0,0,0,0,
3430201d0e1f4672a58faf16ee0f2761,1830,49153,214,82,490,https://www.youtube.com/watch?v=gn3slSmTjgQ,200,72,490,https://www.youtube.com/watch?v=gn3slSmTjgQ,380,283,380,https://www.youtube.com/watch?v=5XcC5ryh9qs,1309,95,77,95,https://www.twitch.tv/videos/2108607273
af40da4e1fc24360bf9ed4eb828bf912,1820,104,0,0,0,,0,0,0,,0,0,0,,0,0,0,0,
70d5f64a7e324d7584d7e5116d6dc5a2,1810,53207,274,216,473,https://www.youtube.com/watch?v=xLVxhJ3PFZA,274,216,473,https://www.youtube.com/watch?v=xLVxhJ3PFZA,0,0,0,,0,0,0,0,
52643019126449999714c7b659b6539c,1810,55711,0,0,0,,0,0,0,,0,0,0,,388,0,0,0,
e9047e02eb6340ff940114f754c76875,1810,40524,178,103,689,https://www.youtube.com/watch?v=awWlnYJM4qQ,178,103,689,https://www.youtube.com/watch?v=awWlnYJM4qQ,0,0,0,,0,0,0,0,
2a20316d245d406193331300bb44fdec,1810,18531,0,0,0,,0,0,0,,0,0,0,,3560,911,296,2511,https://www.twitch.tv/videos/2095314867
2af83bdd7db644d88ffdaf123c38619b,1800,41179,81,42,108,https://www.youtube.com/watch?v=IbNxGW92Z3s,81,42,108,https://www.youtube.com/watch?v=IbNxGW92Z3s,0,0,0,,0,0,0,0,
3584322d47f14c7aa8f6e98511d3c54a,1800,447,0,0,0,,0,0,0,,0,0,0,,1095,0,0,0,
58bb51ba1bba485a98cbf859fb5687f4,1800,43211,190,72,903,https://www.youtube.com/watch?v=g9kkBqJIK5U,168,72,387,https://www.youtube.com/watch?v=YlPgzO5Kims,229,78,903,https://www.youtube.com/watch?v=g9kkBqJIK5U,1680,0,0,0,
60602526ae1d48688c23a74b3cb527e8,1800,68548,141,81,298,https://www.youtube.com/watch?v=3JfT3yPA0xA,140,73,298,https://www.youtube.com/watch?v=3JfT3yPA0xA,235,181,235,https://www.youtube.com/watch?v=brXxLeiUrGc,0,0,0,0,
b632def93af34129ad1a2a6f01a8277f,1790,80578,0,0,0,,0,0,0,,0,0,0,,0,0,0,0,
be84d60f2d0e452ab7d66eaeb957477f,1790,70736,47,20,138,https://www.youtube.com/watch?v=-bmfGoCfra0,43,19,80,https://www.youtube.com/watch?v=e-gtf5rTNow,138,51,138,https://www.youtube.com/watch?v=-bmfGoCfra0,0,0,0,0,
7c147c43030b44b9ae244d82c387c82a,1790,36995,70,24,108,https://www.youtube.com/watch?v=nHvWeUtv50U,70,24,108,https://www.youtube.com/watch?v=nHvWeUtv50U,0,0,0,,0,0,0,0,
30f59fd702d5417c9225bc729bf7ec32,1780,139578,234,124,600,https://www.youtube.com/watch?v=l5KF4nqr8aw,219,112,363,https://www.youtube.com/watch?v=O-1Q0Nyq9Vc,467,222,600,https://www.youtube.com/watch?v=l5KF4nqr8aw,0,0,0,0,
6c4992a47ccc4c3bb997d3c49ddc2ec8,1770,35500,188,109,526,https://www.youtube.com/watch?v=OMNLKNMT1Ro,170,109,350,https://www.youtube.com/watch?v=WbGorGBZ0YY,230,109,526,https://www.youtube.com/watch?v=OMNLKNMT1Ro,474,95,89,95,https://www.twitch.tv/videos/2112359762
2875db54b5d74d01b301d63d36dd6fbf,1770,29345,116,53,271,https://www.youtube.com/watch?v=OcEy6WYp3Mk,128,45,271,https://www.youtube.com/watch?v=OcEy6WYp3Mk,99,96,99,https://www.youtube.com/watch?v=SrNWI_JkJd8,0,0,0,0,
d17f504657b84cd9af8a3d405713e918,1760,51668,492,311,9643,https://www.youtube.com/watch?v=WE5nNSS0uRU,397,298,1515,https://www.youtube.com/watch?v=bz4dtxVUKrQ,1666,705,9643,https://www.youtube.com/watch?v=WE5nNSS0uRU,0,0,0,0,
32a08f858ffb4d6aba0624647cf8cf2d,1760,41080,96,46,194,https://www.youtube.com/watch?v=ueFZxJHOSnA,117,60,194,https://www.youtube.com/watch?v=ueFZxJHOSnA,44,14,96,https://www.youtube.com/watch?v=m8zd4QmTsXU,0,0,0,0,
3c1783f6914f414b830c836829d1afa2,1760,31355,196,93,1350,https://www.youtube.com/watch?v=oVrAAT8QHUA,196,91,1350,https://www.youtube.com/watch?v=oVrAAT8QHUA,253,239,253,https://www.youtube.com/watch?v=KIoj8izNos8,172,0,0,0,
34d968321e3c40aabf759ad22d33bb3a,1760,0,0,0,0,,0,0,0,,0,0,0,,0,0,0,0,
0a178f2c7b994a4ea8eb845ebd489a5a,1760,36794,39,16,118,https://www.youtube.com/watch?v=HNO8I3wxzMI,39,16,118,https://www.youtube.com/watch?v=HNO8I3wxzMI,0,0,0,,188,0,0,0,
de610557c5c041df85e41e7f2f5490f5,1760,35895,55,21,62,https://www.youtube.com/watch?v=J9jdDOdDmzQ,0,0,0,,55,21,62,https://www.youtube.com/watch?v=J9jdDOdDmzQ,0,0,0,0,
9efea510313f4733b4d0b5e3cfb6988b,1750,359533,89,17,252,https://www.youtube.com/watch?v=PrSIs_o1BNE,65,24,89,https://www.youtube.com/watch?v=Vf3rnwGC6Sk,157,5,252,https://www.youtube.com/watch?v=PrSIs_o1BNE,0,0,0,0,
0bef54320f364c5a9289fceac64c5411,1740,27612,0,0,0,,0,0,0,,0,0,0,,0,0,0,0,
83eff3b0de694818876092eaabd35b4a,1740,59350,68,36,1172,https://www.youtube.com/watch?v=OkJf3sQHjZQ,64,34,137,https://www.youtube.com/watch?v=0oBk8glc79M,1172,1069,1172,https://www.youtube.com/watch?v=OkJf3sQHjZQ,0,0,0,0,
e8c89b4aec4d45fbbb76533eb3db0428,1740,69173,145,48,465,https://www.youtube.com/watch?v=RWf-3FYsS8I,105,48,216,https://www.youtube.com/watch?v=0RVioqaxR8k,341,54,465,https://www.youtube.com/watch?v=RWf-3FYsS8I,0,0,0,0,
b49c2970f97b4fd4a6762b3e9ba94f8e,1740,13242,0,0,0,,0,0,0,,0,0,0,,8584,808,359,2121,https://www.twitch.tv/videos/2109163842
cb8dab545aa1409c8c6cf887f8825485,1730,51569,67,47,67,https://www.youtube.com/watch?v=1wbi40CGC6g,67,47,67,https://www.youtube.com/watch?v=1wbi40CGC6g,0,0,0,,0,0,0,0,
3506a4f43442492e83c6fbe4cdb09aba,1730,42224,53,31,53,https://www.youtube.com/watch?v=koowcJJWHFg,0,0,0,,53,31,53,https://www.youtube.com/watch?v=koowcJJWHFg,0,0,0,0,
8bf9e6165251449daa9b1b36af10e5bd,1730,86623,414,285,595,https://www.youtube.com/watch?v=kSIUvzxkvHQ,414,285,595,https://www.youtube.com/watch?v=kSIUvzxkvHQ,0,0,0,,0,0,0,0,
895f655b68e34434992fe2a9ebbc725a,1720,4811,0,0,0,,0,0,0,,0,0,0,,0,0,0,0,
712d031e7f004ed99aa1dfdb176cff32,1720,69931,109,61,722,https://www.youtube.com/watch?v=E5Djy5k5nV0,122,51,722,https://www.youtube.com/watch?v=E5Djy5k5nV0,88,61,88,https://www.youtube.com/watch?v=HOaOA6DHjFU,317,0,0,0,
c6d51e51df5a49f28bf25901f78a955b,1710,90536,48,14,48,https://www.youtube.com/watch?v=zD-R5nOrzoM,0,0,0,,48,14,48,https://www.youtube.com/watch?v=zD-R5nOrzoM,327,64,49,88,https://www.twitch.tv/videos/2105816177
cd4c94db2aed435794cc7e55999016e7,1710,77523,134,105,373,https://www.youtube.com/watch?v=cZAzM2Dsx6A,134,105,373,https://www.youtube.com/watch?v=cZAzM2Dsx6A,0,0,0,,232,73,41,83,https://www.twitch.tv/videos/2099861099
1f445fb1ee7447c2add6738b86570b2e,1700,68163,0,0,0,,0,0,0,,0,0,0,,0,0,0,0,
b32d16e391cb490aaea0e1d2e366f839,1700,17432,81,77,281,https://www.youtube.com/watch?v=cugev0l4N0o,281,132,281,https://www.youtube.com/watch?v=cugev0l4N0o,69,60,81,https://www.youtube.com/watch?v=og7MUeU3elE,76,0,0,0,
889bc532fb85455bae33baf0aa7ec003,1690,123385,137,67,232,https://www.youtube.com/watch?v=rjORzOWGwDY,132,54,194,https://www.youtube.com/watch?v=CrRBQ8sMUuw,232,203,232,https://www.youtube.com/watch?v=rjORzOWGwDY,0,0,0,0,
734477be3c5d42afbdde5356c6a6e8ee,1690,16362,148,61,303,https://www.youtube.com/watch?v=TJAdAv5cP0M,148,61,303,https://www.youtube.com/watch?v=TJAdAv5cP0M,0,0,0,,0,0,0,0,
44b22851b9df4612bec834e2cfde9489,1690,477789,71,50,324,https://www.youtube.com/watch?v=mCok4y2U32k,72,50,129,https://www.youtube.com/watch?v=pEMSFQ5ZL24,49,36,324,https://www.youtube.com/watch?v=mCok4y2U32k,0,0,0,0,
bf124655587e4f5b937d695be814d25d,1690,115629,162,133,658,https://www.youtube.com/watch?v=cK-yw-0_ZlU,162,133,658,https://www.youtube.com/watch?v=cK-yw-0_ZlU,0,0,0,,0,0,0,0,
4d8babea181e44df9855f3aafc06eb2c,1690,46031,273,105,877,https://www.youtube.com/watch?v=2zJS4WQbQTI,241,94,877,https://www.youtube.com/watch?v=2zJS4WQbQTI,394,365,451,https://www.youtube.com/watch?v=ge3QSjDU_ZA,0,0,0,0,
6eefc3826f4f49a0b28a5288c5e0d83e,1690,19400,70,41,70,https://www.youtube.com/watch?v=_amLceQXTUs,0,0,0,,70,41,70,https://www.youtube.com/watch?v=_amLceQXTUs,1272,208,142,543,https://www.twitch.tv/videos/2112851503
ecbeda5532474bdb8d08d4e15ce98d89,1680,25236,0,0,0,,0,0,0,,0,0,0,,2770,0,0,0,
637b3a1eb03443248ebd1caba56e6b5a,1680,61188,147,107,252,https://www.youtube.com/watch?v=kI2ah_CS3PQ,147,107,252,https://www.youtube.com/watch?v=kI2ah_CS3PQ,0,0,0,,0,0,0,0,
70874043d50b4e3a873742127251caa5,1680,66087,64,37,90,https://www.youtube.com/watch?v=GZviq_8eI-A,64,37,90,https://www.youtube.com/watch?v=GZviq_8eI-A,0,0,0,,0,0,0,0,
db2f279f9960492082f3ae6ad20aca91,1680,35590,141,114,141,https://www.youtube.com/watch?v=nPoHMzgIbv4,0,0,0,,141,114,141,https://www.youtube.com/watch?v=nPoHMzgIbv4,446,0,0,0,
d2b6390494b94f44ac75b6e53780a09c,1680,20174,0,0,0,,0,0,0,,0,0,0,,45,0,0,0,
83e0f3520699474ba7f017e5e4388a5f,1680,18329,142,124,321,https://www.youtube.com/watch?v=B70z1KEmfJg,142,124,321,https://www.youtube.com/watch?v=B70z1KEmfJg,0,0,0,,0,0,0,0,
572c03fa49b54d4b95935321b4722b68,1680,142529,43,16,151,https://www.youtube.com/watch?v=HiX-88cdV2A,0,0,0,,43,16,151,https://www.youtube.com/watch?v=HiX-88cdV2A,1473,0,0,0,
80e2f3365bfd4479a3594c3278311103,1670,4992,29,2,29,https://www.youtube.com/watch?v=K4B6NI9_S7A,0,0,0,,29,2,29,https://www.youtube.com/watch?v=K4B6NI9_S7A,2058,202,107,296,https://www.twitch.tv/videos/2102798798
e5f4b34c47844699a1c9c6dc3326cf6b,1670,0,0,0,0,,0,0,0,,0,0,0,,77,0,0,0,
0ab16bd60230422d97f73e6810be221c,1670,67309,250,78,897,https://www.youtube.com/watch?v=LrFzM-5at6M,246,81,468,https://www.youtube.com/watch?v=oQHBcN83cWs,475,74,897,https://www.youtube.com/watch?v=LrFzM-5at6M,0,0,0,0,
c4651b162abb45c3a85640e3d456fa71,1670,43690,85,44,154,https://www.youtube.com/watch?v=U3cj_CCoFlU,85,44,154,https://www.youtube.com/watch?v=U3cj_CCoFlU,0,0,0,,331,0,0,0,
0693a90c3539472db663f0f8cac9ee37,1670,52720,0,0,0,,0,0,0,,0,0,0,,630,0,0,0,
df7bcc29e3204005877b25cdad9206b7,1670,75264,52,29,84,https://www.youtube.com/watch?v=9JzkIoL8kzs,53,30,75,https://www.youtube.com/watch?v=6GqzOvMbok0,52,27,84,https://www.youtube.com/watch?v=9JzkIoL8kzs,0,0,0,0,
a960b283b1124f44bc4bf2a16199977a,1650,18027,104,54,4441,https://www.youtube.com/watch?v=_plxqpubToM,0,0,0,,104,54,4441,https://www.youtube.com/watch?v=_plxqpubToM,3991,513,238,14812,https://www.twitch.tv/videos/2111423077
95f8bb8a92c1450b8b5993f740b39338,1650,548095,99,58,13654,https://www.youtube.com/watch?v=NdTgJd6y9qQ,49,20,110,https://www.youtube.com/watch?v=vyyutq5-mGY,7839,1774,13654,https://www.youtube.com/watch?v=NdTgJd6y9qQ,147,24,17,66,https://www.twitch.tv/videos/2110547648
86e86bf2d8e54e9083613e7398e1e7ac,1650,33310,0,0,0,,0,0,0,,0,0,0,,1509,239,207,376,https://www.twitch.tv/videos/2112327033
e39607950249427da8b60fa012115e44,1650,82647,104,54,141,https://www.youtube.com/watch?v=5jQEPGwSioQ,104,54,141,https://www.youtube.com/watch?v=5jQEPGwSioQ,0,0,0,,0,0,0,0,
b023ec32c6b5474e95c7faf252925b8e,1650,29499,91,39,136,https://www.youtube.com/watch?v=6LNfPodKl5c,88,40,136,https://www.youtube.com/watch?v=6LNfPodKl5c,110,19,110,https://www.youtube.com/watch?v=uClLnzuhWvk,141,0,0,0,
2f80e2f83d254bbdbf48b9c8b3fca995,1640,43474,231,69,1757,https://www.youtube.com/watch?v=mv89tyT1MZg,231,83,1757,https://www.youtube.com/watch?v=mv89tyT1MZg,271,29,442,https://www.youtube.com/watch?v=XeuwevGWZ7I,0,0,0,0,
5da8c6fb027049cc8bc2030c56e8c489,1640,25621,168,23,189,https://www.youtube.com/watch?v=u8mVIZgHHyg,168,23,189,https://www.youtube.com/watch?v=u8mVIZgHHyg,0,0,0,,126,0,0,0,
8cace62dbfc34c2a9a2a348e479cdbb1,1640,161890,7,2,25,https://www.youtube.com/watch?v=S5tGz08n6R8,7,2,9,https://www.youtube.com/watch?v=cT2uxCVTkmc,25,13,25,https://www.youtube.com/watch?v=S5tGz08n6R8,0,0,0,0,
8ad9544f4e4f42a09ec1ecb6b514729f,1640,49004,0,0,0,,0,0,0,,0,0,0,,0,0,0,0,
72a83f60773546dba886008320809d70,1640,334536,46,18,166,https://www.youtube.com/watch?v=kGNrN0nIxy8,49,19,166,https://www.youtube.com/watch?v=kGNrN0nIxy8,35,14,40,https://www.youtube.com/watch?v=UP_-3yYl6Zs,7504,967,390,1028,https://www.twitch.tv/videos/2104641704
e0f419006f244a51804050ede1d1a5aa,1630,299637,97,28,484,https://www.youtube.com/watch?v=oPTi8cgRRaU,74,38,173,https://www.youtube.com/watch?v=fSdz--yz_gE,119,28,484,https://www.youtube.com/watch?v=oPTi8cgRRaU,0,0,0,0,
0da343539de64a169fe51ad653e5c73d,1630,31054,41,20,95,https://www.youtube.com/watch?v=IA-fYG5UFvM,41,20,95,https://www.youtube.com/watch?v=IA-fYG5UFvM,0,0,0,,0,0,0,0,
ba5ed25718a7421cb15cd0ec62df723e,1630,76021,221,87,502,https://www.youtube.com/watch?v=JOBXPnSuqB0,251,107,405,https://www.youtube.com/watch?v=QpZOhf6qRvc,142,78,502,https://www.youtube.com/watch?v=JOBXPnSuqB0,374,0,0,0,
891c39f050e048aebafaafc90a1c4cbd,1630,2766,90,11,284,https://www.youtube.com/watch?v=iAeN-RRYwfs,97,50,284,https://www.youtube.com/watch?v=iAeN-RRYwfs,54,9,59,https://www.youtube.com/watch?v=_LMk1xKoL7I,149,0,0,0,
86853cb239d740ce953573ba74bd08bd,1630,57166,0,0,0,,0,0,0,,0,0,0,,1626,328,189,441,https://www.twitch.tv/videos/2105803153
7e50374d02184a429cfc6dfba9b52e2f,1620,3360,148,34,148,https://www.youtube.com/watch?v=W3cRJMB7asQ,148,34,148,https://www.youtube.com/watch?v=W3cRJMB7asQ,0,0,0,,0,0,0,0,
597fbfe660ae4e6d92bb20bd7e6f3738,1620,8518,0,0,0,,0,0,0,,0,0,0,,668,0,0,0,
0f7d7faa487642d0a8ff6d5fc8dbc394,1620,132208,175,84,485,https://www.youtube.com/watch?v=ZAP_7pF0vp0,174,76,237,https://www.youtube.com/watch?v=w9X5RQ29Gbo,485,148,485,https://www.youtube.com/watch?v=ZAP_7pF0vp0,678,262,183,405,https://www.twitch.tv/videos/2105486794
5db725f32b5e4e1380ad64110b88c91d,1610,435745,1007,532,1958,https://www.youtube.com/watch?v=hHrI51dWlTQ,1111,680,1958,https://www.youtube.com/watch?v=hHrI51dWlTQ,378,59,633,https://www.youtube.com/watch?v=eq3WLnaTCJo,96,0,0,0,
2ad1be21723f4f8ca8efe98f93008b11,1610,25701,399,151,1299,https://www.youtube.com/watch?v=juQjDgedY2Q,327,115,1299,https://www.youtube.com/watch?v=juQjDgedY2Q,496,209,767,https://www.youtube.com/watch?v=J3f1YoVmW8A,0,0,0,0,
66830cad0b9949689741b0dc5ef39d29,1610,38726,150,116,239,https://www.youtube.com/watch?v=7IfBTmGXajk,114,21,114,https://www.youtube.com/watch?v=H5Dd8glbR7M,194,162,239,https://www.youtube.com/watch?v=7IfBTmGXajk,0,0,0,0,
c8dcd97e1e0b454aaeb9e14106c115ec,1600,1732,0,0,0,,0,0,0,,0,0,0,,1670,0,0,0,
4d44c28a73394954a4d1bf2a1b2c162c,1600,81250,119,58,967,https://www.youtube.com/watch?v=XT1qaOw3hko,119,58,199,https://www.youtube.com/watch?v=SXwfVUuWd44,102,62,967,https://www.youtube.com/watch?v=XT1qaOw3hko,0,0,0,0,
8d65d936f3c7411ab8a812d7ebc70cdf,1600,69,0,0,0,,0,0,0,,0,0,0,,254,0,0,0,
1be04e1564c34845bee20467cdb8cfd1,1600,95534,0,0,0,,0,0,0,,0,0,0,,0,0,0,0,
cbd9ed35dc0045aa9c57bb9ee14b02e0,1600,682146,10,3,19,https://www.youtube.com/watch?v=SOyjhuv6_5Y,0,0,0,,10,3,19,https://www.youtube.com/watch?v=SOyjhuv6_5Y,0,0,0,0,
e8eb343e61df420bbfa5de7fea1a90b2,1590,17055,31,6,31,https://www.youtube.com/watch?v=8n7h7qg2yjE,31,6,31,https://www.youtube.com/watch?v=8n7h7qg2yjE,0,0,0,,0,0,0,0,
73a96bba42b444df98487ed22f97c240,1590,8863,0,0,0,,0,0,0,,0,0,0,,0,0,0,0,
cd6b428bead74294b2d660b49a58edd3,1590,32021,37,22,50,https://www.youtube.com/watch?v=VoLUvR78JTY,50,29,50,https://www.youtube.com/watch?v=VoLUvR78JTY,24,14,24,https://www.youtube.com/watch?v=K0_ZgYiZ98c,847,158,90,158,https://www.twitch.tv/videos/2101835317
c0650390209e4600ad314d66a0cea1b8,1590,0,0,0,0,,0,0,0,,0,0,0,,0,0,0,0,
906fcc288c6840858711cb82b4ebf5f0,1590,40667,196,91,346,https://www.youtube.com/watch?v=a_H3JXqhV4M,210,93,346,https://www.youtube.com/watch?v=a_H3JXqhV4M,116,90,116,https://www.youtube.com/watch?v=aqCoQlrZWns,0,0,0,0,
5c164e07f385482181bf3289b030d748,1590,69014,40,30,44,https://www.youtube.com/watch?v=P5eTRaXvKrM,40,30,44,https://www.youtube.com/watch?v=P5eTRaXvKrM,0,0,0,,940,41,14,56,https://www.twitch.tv/videos/2090463524
8020c505099f474ca81da3023926485f,1580,75910,90,38,827,https://www.youtube.com/watch?v=dlb6aPXFEPA,90,38,225,https://www.youtube.com/watch?v=5edathFOXec,455,137,827,https://www.youtube.com/watch?v=dlb6aPXFEPA,0,0,0,0,
d210d8dfc0ec4a97907b9cebb5413ae3,1580,67573,359,176,919,https://www.youtube.com/watch?v=uFk17RPlGyk,359,176,919,https://www.youtube.com/watch?v=uFk17RPlGyk,0,0,0,,0,0,0,0,
c4df5c9723704291a4d51d973a4bdfd5,1570,29024,163,76,163,https://www.youtube.com/watch?v=H7BJF8rOMEI,163,76,163,https://www.youtube.com/watch?v=H7BJF8rOMEI,0,0,0,,0,0,0,0,
c0ae01f224734769a38c39b97fb6dbb7,1570,41805,118,35,180,https://www.youtube.com/watch?v=lHekIn1VoZk,121,55,180,https://www.youtube.com/watch?v=lHekIn1VoZk,25,20,50,https://www.youtube.com/watch?v=Ottah67_N1I,182,0,0,0,
c192b6e25df841ad85cbc8bbf0bd8bfe,1560,89055,234,38,310,https://www.youtube.com/watch?v=f73cnzpmf2E,234,38,310,https://www.youtube.com/watch?v=f73cnzpmf2E,0,0,0,,0,0,0,0,
5d73e7f013034d06b58decaf4b2b385c,1560,27460,0,0,0,,0,0,0,,0,0,0,,0,0,0,0,
01ba034aab854ec680fe6f1ddc7008e2,1560,70286,217,65,722,https://www.youtube.com/watch?v=xe-jUm1-Ztg,142,52,659,https://www.youtube.com/watch?v=98upKW_7vUI,667,186,722,https://www.youtube.com/watch?v=xe-jUm1-Ztg,0,0,0,0,
b0e88b4d4e5d41c4b5edd07540dc3637,1560,108464,78,28,204,https://www.youtube.com/watch?v=6Xg8X8eA328,78,28,204,https://www.youtube.com/watch?v=6Xg8X8eA328,0,0,0,,0,0,0,0,
7616b12f36f64fc89cd1b78c47cb0a03,1550,12241,0,0,0,,0,0,0,,0,0,0,,0,0,0,0,
49c4f54141434226960845b2a46c432b,1550,29969,60,44,156,https://www.youtube.com/watch?v=mspUamKfk3U,59,35,119,https://www.youtube.com/watch?v=ebV9pUvanOk,156,121,156,https://www.youtube.com/watch?v=mspUamKfk3U,0,0,0,0,
7bd1bc8b491d47e0b7cf0a573c36120e,1550,71718,124,97,467,https://www.youtube.com/watch?v=Y_UhCUuSSx4,204,126,467,https://www.youtube.com/watch?v=Y_UhCUuSSx4,118,66,134,https://www.youtube.com/watch?v=U6Oq0Qzfe6o,0,0,0,0,
d20c66018a094127805133f051037124,1540,60665,188,79,782,https://www.youtube.com/watch?v=p5GzslEGs_Y,144,108,144,https://www.youtube.com/watch?v=E6StyjMBk4I,232,49,782,https://www.youtube.com/watch?v=p5GzslEGs_Y,1291,135,110,271,https://www.twitch.tv/videos/2111609997
d3ae105969be4117ade8be2e8d19c008,1540,0,0,0,0,,0,0,0,,0,0,0,,2138,0,0,0,
f3085e3337f34b178380b52e3ca429af,1540,58179,0,0,0,,0,0,0,,0,0,0,,889,0,0,0,
3430389926a942cbacde9b444b3a6653,1540,48733,1,0,9,https://www.youtube.com/watch?v=OHw6AIEfKqQ,0,0,0,,1,0,9,https://www.youtube.com/watch?v=OHw6AIEfKqQ,0,0,0,0,
7a93714b53274fbaad48bef3b409d458,1540,58867,349,98,819,https://www.youtube.com/watch?v=BjxHCP3WYRg,349,98,819,https://www.youtube.com/watch?v=BjxHCP3WYRg,0,0,0,,0,0,0,0,
c3bec3f382754230b178f8278eb550fb,1540,18279,309,202,1396,https://www.youtube.com/watch?v=JDwdjGGdH30,249,181,1396,https://www.youtube.com/watch?v=JDwdjGGdH30,480,280,683,https://www.youtube.com/watch?v=NP8AduiEiV0,0,0,0,0,
c4bc52355d334a98bdaa1e57c05673ad,1530,88038,330,168,8532,https://www.youtube.com/watch?v=KQwdb2oagoc,318,161,470,https://www.youtube.com/watch?v=KD68f1fk9bw,1259,921,8532,https://www.youtube.com/watch?v=KQwdb2oagoc,0,0,0,0,
368336c76b5b4ba1b28e5381d0b8b26d,1530,20160,334,179,1370,https://www.youtube.com/watch?v=PmSm0WPj2Bk,294,149,1370,https://www.youtube.com/watch?v=PmSm0WPj2Bk,530,240,735,https://www.youtube.com/watch?v=mS03q8A2m0s,0,0,0,0,
ced6b5d82fc848a5a0f45a1b3da4cfae,1520,66335,63,36,393,https://www.youtube.com/watch?v=2UScwU1Z1UI,52,32,69,https://www.youtube.com/watch?v=VHHLzcMXR5Y,296,96,393,https://www.youtube.com/watch?v=2UScwU1Z1UI,133,0,0,0,
ffb8b8f15321474a98628cb638631bf1,1520,120869,64,42,432,https://www.youtube.com/watch?v=r_6g8OGejKI,56,16,226,https://www.youtube.com/watch?v=Kswau94Z_6A,66,57,432,https://www.youtube.com/watch?v=r_6g8OGejKI,0,0,0,0,
351e16ae67e14d5e8c7294284c2ded4d,1510,41965,345,51,730,https://www.youtube.com/watch?v=MKjVYHjYLA4,110,35,110,https://www.youtube.com/watch?v=Scd281qyIak,353,101,730,https://www.youtube.com/watch?v=MKjVYHjYLA4,0,0,0,0,
500bd7cdaaa84adeb894c40ebd7f28ed,1510,0,0,0,0,,0,0,0,,0,0,0,,0,0,0,0,
7eb39f4278b04ed485060a084cd07876,1510,45201,38,12,232,https://www.youtube.com/watch?v=bilQ6Jx2ysA,38,12,232,https://www.youtube.com/watch?v=bilQ6Jx2ysA,0,0,0,,0,0,0,0,
1025a2d1ea674c649b1e7934895bd419,1510,37911,167,66,257,https://www.youtube.com/watch?v=oxPiDJaqb2w,167,66,257,https://www.youtube.com/watch?v=oxPiDJaqb2w,0,0,0,,0,0,0,0,
9087489bcb234de9bb2a8942a1562a61,1510,70278,0,0,0,,0,0,0,,0,0,0,,0,0,0,0,
6d61885259b744a28c7b92c0785e8fe9,1510,136943,0,0,0,,0,0,0,,0,0,0,,854,110,89,147,https://www.twitch.tv/videos/2109545842
e7e219a17a7644cd9d28a2ab871f5f7c,1510,32573,43,36,43,https://www.youtube.com/watch?v=nMYcarulEHw,0,0,0,,43,36,43,https://www.youtube.com/watch?v=nMYcarulEHw,1797,126,110,250,https://www.twitch.tv/videos/2100039408
8483ae3c14ca488394d427d271854d88,1500,25294,218,101,1281,https://www.youtube.com/watch?v=5Q2MxZ2V698,249,76,1281,https://www.youtube.com/watch?v=5Q2MxZ2V698,183,143,183,https://www.youtube.com/watch?v=Hupn_rn8pfo,0,0,0,0,
fe5e2d95569c47f29e863a8212ed7c60,1500,61317,0,0,0,,0,0,0,,0,0,0,,0,0,0,0,
1ff951f194d6455393ba37814e5cc750,1500,29524,0,0,0,,0,0,0,,0,0,0,,0,0,0,0,
1b45eb3857ab407cb97447882c2ae525,1500,51848,4,3,112,https://www.youtube.com/watch?v=EBZ50pQ9p30,93,46,112,https://www.youtube.com/watch?v=EBZ50pQ9p30,3,2,27,https://www.youtube.com/watch?v=LJBNcQ7tiNE,0,0,0,0,
23ebdf629748450497d6cded6d82152e,1500,100092,0,0,0,,0,0,0,,0,0,0,,0,0,0,0,
4dd71b1079284bdb8ba90198317e524d,1490,73832,194,100,320,https://www.youtube.com/watch?v=5debiPt-hJc,221,111,320,https://www.youtube.com/watch?v=5debiPt-hJc,93,38,93,https://www.youtube.com/watch?v=e_DDR2Mmjok,0,0,0,0,
20a90dc3baab4736890b96a827912448,1490,37493,0,0,0,,0,0,0,,0,0,0,,0,0,0,0,
8125f51f9526408790a77c1c7b4a053b,1490,29671,61,8,223,https://www.youtube.com/watch?v=6ZLYGhmXfmA,0,0,0,,61,8,223,https://www.youtube.com/watch?v=6ZLYGhmXfmA,1309,296,221,27645,https://www.twitch.tv/videos/2105818331
a2b284f283b84af89441a229194ab72f,1490,0,0,0,0,,0,0,0,,0,0,0,,0,0,0,0,
9379ed7f979440218e22b8db58dd0dd1,1480,78261,289,130,507,https://www.youtube.com/watch?v=5NoDaan70rw,290,137,507,https://www.youtube.com/watch?v=5NoDaan70rw,249,60,249,https://www.youtube.com/watch?v=M9xpogB-kzE,145,345,290,441,https://www.twitch.tv/videos/2111856184
9d0fb5c59ea745f09934f3cfd932c393,1480,25859,289,126,3684,https://www.youtube.com/watch?v=8A64W-DXSQQ,205,96,369,https://www.youtube.com/watch?v=btkIp8lRnXM,470,182,3684,https://www.youtube.com/watch?v=8A64W-DXSQQ,0,0,0,0,
d766d15cb84b4aa9b33122097eefff76,1480,0,0,0,0,,0,0,0,,0,0,0,,11283,0,0,0,
6b2ebe86ad7c4eda910035c42927391d,1480,48583,158,83,158,https://www.youtube.com/watch?v=zXE3a48sdy8,158,83,158,https://www.youtube.com/watch?v=zXE3a48sdy8,0,0,0,,0,0,0,0,
bc0a5179a82542999692655e5f077e29,1480,8841,0,0,0,,0,0,0,,0,0,0,,289,34,20,34,https://www.twitch.tv/videos/2102647188
2a897c484c05483f9a46467e8f448314,1460,69474,413,242,1118,https://www.youtube.com/watch?v=5PxEfngJkUc,481,216,1118,https://www.youtube.com/watch?v=5PxEfngJkUc,407,268,450,https://www.youtube.com/watch?v=9_hqisNZ9pU,2703,323,186,323,https://www.twitch.tv/videos/2101921145
3589be2c85dc460aa8de768c7a228730,1460,27567,1121,444,3004,https://www.youtube.com/watch?v=3sZ_36xqhN0,620,416,3004,https://www.youtube.com/watch?v=3sZ_36xqhN0,1614,647,2546,https://www.youtube.com/watch?v=R6C_epcgwz4,0,0,0,0,
aff718d907904c398ec8d685b71436a1,1460,19873,193,96,357,https://www.youtube.com/watch?v=v18_XVdaliI,198,104,357,https://www.youtube.com/watch?v=v18_XVdaliI,70,17,70,https://www.youtube.com/watch?v=rekeOkiEEug,316,0,0,0,
84be0f1e2b414125b39c80648897dd7a,1460,19275,35,19,35,https://www.youtube.com/watch?v=wRBu13YAqPs,0,0,0,,35,19,35,https://www.youtube.com/watch?v=wRBu13YAqPs,1562,381,179,431,https://www.twitch.tv/videos/2101812198
9be037b96ffa41c9a080edf332650649,1460,57470,101,39,180,https://www.youtube.com/watch?v=4LDY4dBWdQ8,99,20,180,https://www.youtube.com/watch?v=4LDY4dBWdQ8,103,58,103,https://www.youtube.com/watch?v=l7M0Zf4kiQI,0,0,0,0,
1be625b10e2f4e65bab5b19d10a4d0b1,1460,17815,0,0,0,,0,0,0,,0,0,0,,0,0,0,0,
01bebf0363a94b16b2313053c90a1c8a,1450,25369,164,120,6829,https://www.youtube.com/watch?v=acOM4fRCIwY,131,78,663,https://www.youtube.com/watch?v=bSWfFOqjJRI,664,218,6829,https://www.youtube.com/watch?v=acOM4fRCIwY,332,0,0,0,
a9e5491563fd4b05896ef9a8cb2ee7d7,1450,98981,97,41,157,https://www.youtube.com/watch?v=dVoEWwqPees,97,41,157,https://www.youtube.com/watch?v=dVoEWwqPees,0,0,0,,0,0,0,0,
a112fc34dd9944a5a15f50c1c078aa3e,1440,93204,226,158,536,https://www.youtube.com/watch?v=xzUfhkNg8WE,303,169,536,https://www.youtube.com/watch?v=xzUfhkNg8WE,117,70,210,https://www.youtube.com/watch?v=zK_IZLrXY9I,0,0,0,0,
60a400d6a5d841f78b352675c383dbef,1440,32326,118,37,132,https://www.youtube.com/watch?v=CYEFSLjT6VM,118,37,132,https://www.youtube.com/watch?v=CYEFSLjT6VM,0,0,0,,0,0,0,0,
7e8fe40622974698a75d14d78006e009,1430,28147,432,192,497,https://www.youtube.com/watch?v=txtC2_IQ_HQ,359,64,359,https://www.youtube.com/watch?v=HI8WFXUFUDU,444,252,497,https://www.youtube.com/watch?v=txtC2_IQ_HQ,1323,0,0,0,
5903a0f7274043058d817894a9b39e75,1430,29878,6,2,26,https://www.youtube.com/watch?v=s76eB0GGnXY,0,0,0,,6,2,26,https://www.youtube.com/watch?v=s76eB0GGnXY,0,0,0,0,
e214241ed6574d939e398051ae25921d,1430,22122,77,65,448,https://www.youtube.com/watch?v=3YIxln2dTz0,0,0,0,,77,65,448,https://www.youtube.com/watch?v=3YIxln2dTz0,0,0,0,0,
a881100803aa4abc84dc3cc814dca0e7,1420,25191,30,17,39,https://www.youtube.com/watch?v=nL_ElLHQqUQ,30,17,39,https://www.youtube.com/watch?v=nL_ElLHQqUQ,0,0,0,,0,0,0,0,
62f37fa0a2f44083945f03db36e50dff,1420,24924,101,27,443,https://www.youtube.com/watch?v=zsAA-y5irT0,100,31,443,https://www.youtube.com/watch?v=zsAA-y5irT0,117,23,117,https://www.youtube.com/watch?v=8t7n5tCRJZI,0,0,0,0,
ef6a53a9d04c4f8a93bc6203234d5932,1420,78455,45,37,107,https://www.youtube.com/watch?v=xuUJc6kEMpg,0,0,0,,45,37,107,https://www.youtube.com/watch?v=xuUJc6kEMpg,0,0,0,0,
c16daca9d8b84b18a38ab97cdcd7577a,1410,123606,174,92,389,https://www.youtube.com/watch?v=8oyI1xu5hLE,174,96,386,https://www.youtube.com/watch?v=mXqGIBrZXxc,213,36,389,https://www.youtube.com/watch?v=8oyI1xu5hLE,0,0,0,0,
1e0ca2c7a8d7493baa62b792d78e7b07,1410,108104,77,31,91,https://www.youtube.com/watch?v=qUfO_AVjmxo,77,31,91,https://www.youtube.com/watch?v=qUfO_AVjmxo,0,0,0,,0,0,0,0,
6adad1ae67dc495dae88cefa06446593,1410,98532,0,0,0,,0,0,0,,0,0,0,,0,0,0,0,
acac9c479b4b42ba99d0bdfa2004ee5f,1410,28792,0,0,0,,0,0,0,,0,0,0,,881,70,66,100,https://www.twitch.tv/videos/2105691348
319383cd0cd4438990dbb916862cdbfc,1410,29478,128,74,487,https://www.youtube.com/watch?v=NyMV7fPZrJ4,128,74,308,https://www.youtube.com/watch?v=PBpkfhySyK4,113,46,487,https://www.youtube.com/watch?v=NyMV7fPZrJ4,0,0,0,0,
7eec0f9233fa49ed92c4f60fb8a82694,1410,25121,29,11,590,https://www.youtube.com/watch?v=peq4zD5iWuQ,0,0,0,,29,11,590,https://www.youtube.com/watch?v=peq4zD5iWuQ,0,0,0,0,
969122fc1adf4d8798a043b4754c893e,1400,15066,97,40,156,https://www.youtube.com/watch?v=GnIg7qHXvhs,97,40,156,https://www.youtube.com/watch?v=GnIg7qHXvhs,0,0,0,,0,0,0,0,
336bda71d5384b73826d7c9b7adef2aa,1400,38621,0,0,0,,0,0,0,,0,0,0,,1632,0,0,0,
c3b80401914d46cdb1c0e69d4015723b,1400,29226,0,0,0,,0,0,0,,0,0,0,,0,0,0,0,
a7410ae72f2d4648bcf192c21abd7c32,1390,44810,105,41,147,https://www.youtube.com/watch?v=1yJf8D0SCuU,105,41,147,https://www.youtube.com/watch?v=1yJf8D0SCuU,0,0,0,,153,16,10,18,https://www.twitch.tv/videos/2101977796
7327248ff3f04589bca9e61665448ae8,1380,45367,108,23,108,https://www.youtube.com/watch?v=sDRzLWV5Kb0,108,23,108,https://www.youtube.com/watch?v=sDRzLWV5Kb0,0,0,0,,320,0,0,0,
fcb4d9b8cd4a49dba6b421d97c179065,1380,57614,41,13,156,https://www.youtube.com/watch?v=rUlHhF1S5dE,41,13,156,https://www.youtube.com/watch?v=rUlHhF1S5dE,0,0,0,,542,64,48,151,https://www.twitch.tv/videos/2108637565
eec1f137ea78444185a4268f72f59611,1380,41908,61,34,74,https://www.youtube.com/watch?v=sXPlhZmqepE,61,34,74,https://www.youtube.com/watch?v=sXPlhZmqepE,0,0,0,,0,0,0,0,
2ce65a2b0dd14d80afc6dd18b440bc06,1380,0,0,0,0,,0,0,0,,0,0,0,,2455,0,0,0,
55889d2ac7c34549b9baa54bd5c899f3,1370,0,0,0,0,,0,0,0,,0,0,0,,23,0,0,0,
6510332f58be4d86b0007c77a622c959,1370,184497,348,142,670,https://www.youtube.com/watch?v=uYjbOVs9VoM,348,142,670,https://www.youtube.com/watch?v=uYjbOVs9VoM,0,0,0,,2019,302,195,586,https://www.twitch.tv/videos/2113191932
a73b969a7fe24a9aaeb9bc1c63ca6450,1370,56467,407,40,481,https://www.youtube.com/watch?v=gg78GU6wCQk,0,0,0,,407,40,481,https://www.youtube.com/watch?v=gg78GU6wCQk,4045,342,224,736,https://www.twitch.tv/videos/2112074088
cc1bad00639b4149b277f0d2e99c2abe,1360,38129,74,58,125,https://www.youtube.com/watch?v=0DyV-Parww0,74,58,125,https://www.youtube.com/watch?v=0DyV-Parww0,0,0,0,,0,0,0,0,
c7a0e87fdeb94bcc883307e49f520173,1360,50493,0,0,0,,0,0,0,,0,0,0,,0,0,0,0,
5da1b6db7796434f9180d2f5e210ea6c,1360,70533,151,52,4074,https://www.youtube.com/watch?v=wB1zo_gLAv4,93,38,225,https://www.youtube.com/watch?v=UVB-XNgI8E0,208,69,4074,https://www.youtube.com/watch?v=wB1zo_gLAv4,0,0,0,0,
a7810f3ba1af43ff888ccbbe477a1356,1360,51348,114,71,846,https://www.youtube.com/watch?v=kXNsQ8Dv7MA,113,66,846,https://www.youtube.com/watch?v=kXNsQ8Dv7MA,115,76,115,https://www.youtube.com/watch?v=XGYysnqibNw,0,0,0,0,
e3157ce546a640029cfcccb9107f8154,1360,71711,12,5,28,https://www.youtube.com/watch?v=V91mPhV2n_0,0,0,0,,12,5,28,https://www.youtube.com/watch?v=V91mPhV2n_0,0,0,0,0,
2d1106498d254b0c8f7a8de7cdf60f68,1360,15564,0,0,0,,0,0,0,,0,0,0,,2268,0,0,0,
6ab090baa4624f1c8fca28312799e826,1360,40263,92,41,92,https://www.youtube.com/watch?v=rAzTTkyiNCQ,92,41,92,https://www.youtube.com/watch?v=rAzTTkyiNCQ,0,0,0,,697,49,35,49,https://www.twitch.tv/videos/2105946651
9e6e69bfb48e4be0a8eecc737a6a0ba1,1360,20566,0,0,0,,0,0,0,,0,0,0,,261,0,0,0,
6ff6adcddc934a3b94e45448e1912539,1360,201331,0,0,0,,0,0,0,,0,0,0,,1859,129,104,229,https://www.twitch.tv/videos/2101926877
ce59f11c200841dab2e8a5e30655a827,1350,199140,0,0,0,,0,0,0,,0,0,0,,27,0,0,0,
5ce810e28ea54f5bacd55573589f4e4e,1350,67630,42,28,13375,https://www.youtube.com/watch?v=967VLJLmu9A,42,28,115,https://www.youtube.com/watch?v=v5TvCe0fJmk,6702,1134,13375,https://www.youtube.com/watch?v=967VLJLmu9A,0,0,0,0,
5ff20156ebbf4390a3573d6a94aed8df,1350,45466,84,67,243,https://www.youtube.com/watch?v=CrdHsSKKE_M,84,67,243,https://www.youtube.com/watch?v=CrdHsSKKE_M,0,0,0,,0,0,0,0,
7c18bc597298484c8f2925759fc1ac4a,1350,52944,163,89,379,https://www.youtube.com/watch?v=Zp3wUCBhKsg,163,89,379,https://www.youtube.com/watch?v=Zp3wUCBhKsg,0,0,0,,380,0,0,0,
f227226fd52e4fbe801b4c89acfe4887,1340,31356,60,29,414,https://www.youtube.com/watch?v=LN6uMBLvgPw,60,34,139,https://www.youtube.com/watch?v=UklMawmVFD8,36,17,414,https://www.youtube.com/watch?v=LN6uMBLvgPw,0,0,0,0,
260f0fb7a8b1421394c38114230479bb,1340,38236,38,12,122,https://www.youtube.com/watch?v=5eN4yO-et4I,38,12,122,https://www.youtube.com/watch?v=5eN4yO-et4I,0,0,0,,27,0,0,0,
bf425f4bc9154c00918ed885bdced632,1340,77389,144,59,144,https://www.youtube.com/watch?v=hQSUfqbOzXI,144,59,144,https://www.youtube.com/watch?v=hQSUfqbOzXI,0,0,0,,0,0,0,0,
6861903583ee45d191ddc03faf6cd0d8,1340,19218,0,0,0,,0,0,0,,0,0,0,,660,0,0,0,
d4b4a16e0ccc4bb49ff82c8584e6ed79,1340,38707,99,29,452,https://www.youtube.com/watch?v=EirJ3lOHj_c,83,23,145,https://www.youtube.com/watch?v=Mg-w6NsGoFo,337,59,452,https://www.youtube.com/watch?v=EirJ3lOHj_c,0,0,0,0,
ec183b10574a449f91e43ab216976a60,1340,83918,440,294,3074,https://www.youtube.com/watch?v=N3-vQEKnOzw,379,164,453,https://www.youtube.com/watch?v=Vq-tVO_sIhc,958,441,3074,https://www.youtube.com/watch?v=N3-vQEKnOzw,463,453,362,693,https://www.twitch.tv/videos/2103009333
46fbbed7900f4e84bd73e0bb85a3598a,1340,50634,0,0,0,,0,0,0,,0,0,0,,0,0,0,0,
c377cbfa47984f0ba9242b1f6e3dfc75,1330,6539,171,53,190,https://www.youtube.com/watch?v=y73Jgap5z7U,171,53,190,https://www.youtube.com/watch?v=y73Jgap5z7U,0,0,0,,0,0,0,0,
54a8fe908e2040bfb366aca0e67cc23f,1330,26215,54,43,3479,https://www.youtube.com/watch?v=z_mRHWc7Ycc,53,41,323,https://www.youtube.com/watch?v=OLJAdUL133o,3479,1910,3479,https://www.youtube.com/watch?v=z_mRHWc7Ycc,0,0,0,0,
303c4cd8cf334f01805afdd8df5adc7f,1330,47993,173,20,207,https://www.youtube.com/watch?v=lWDwbWMJ6hw,190,55,207,https://www.youtube.com/watch?v=lWDwbWMJ6hw,24,20,24,https://www.youtube.com/watch?v=e_rr8UF4OiY,0,0,0,0,
5612ac8b150e45e5a7381a2c07e9671a,1330,48532,88,37,205,https://www.youtube.com/watch?v=r_U7LXOaWCk,84,39,205,https://www.youtube.com/watch?v=r_U7LXOaWCk,96,17,96,https://www.youtube.com/watch?v=y8td2UkUNhI,0,0,0,0,
7688233f5720451aaa24c7ca75614e35,1330,28871,0,0,0,,0,0,0,,0,0,0,,0,0,0,0,
e5433e4a21eb49e2bcd508e3b12fba6d,1330,128140,40,22,120,https://www.youtube.com/watch?v=EMFRi9jMJr8,40,22,120,https://www.youtube.com/watch?v=EMFRi9jMJr8,0,0,0,,192,0,0,0,
e210fb08b0744535a907823fa9f062cc,1330,32157,96,24,480,https://www.youtube.com/watch?v=oC9Xa702meM,98,81,124,https://www.youtube.com/watch?v=rhEYqRZ50O8,82,7,480,https://www.youtube.com/watch?v=oC9Xa702meM,361,27,20,27,https://www.twitch.tv/videos/2107511618
b8ce93818de34a93901147e5d9857170,1330,49160,101,63,151,https://www.youtube.com/watch?v=qGpipZKenIg,83,63,151,https://www.youtube.com/watch?v=qGpipZKenIg,120,53,120,https://www.youtube.com/watch?v=25-nF0HWLPo,0,0,0,0,
c1aa10208a06439481231599b25845b0,1330,30202,108,52,415,https://www.youtube.com/watch?v=GkhQhWOVGfk,108,65,394,https://www.youtube.com/watch?v=uu9YMNkeOXY,211,28,415,https://www.youtube.com/watch?v=GkhQhWOVGfk,0,0,0,0,
f9444f6d790344a4a51a301110665229,1330,55813,69,35,448,https://www.youtube.com/watch?v=EuBLJbn3OYc,69,50,147,https://www.youtube.com/watch?v=Oc6lJbq8roA,54,15,448,https://www.youtube.com/watch?v=EuBLJbn3OYc,0,0,0,0,
de1fec02e4ab43aa948a415621abc524,1330,34494,0,0,0,,0,0,0,,0,0,0,,0,0,0,0,
8402646577b24bd5918bda8690e790b4,1330,149839,426,153,6861,https://www.youtube.com/watch?v=V6zD-7BgUrI,0,0,0,,426,153,6861,https://www.youtube.com/watch?v=V6zD-7BgUrI,534,189,129,276,https://www.twitch.tv/videos/2103802955
eb38f509e8464ba19ba8579e0b99e262,1320,34887,132,63,4160,https://www.youtube.com/watch?v=j0jx4bXnsMk,115,53,202,https://www.youtube.com/watch?v=J9uigPgTE_w,452,64,4160,https://www.youtube.com/watch?v=j0jx4bXnsMk,0,0,0,0,
8044e4d538ab4e16b1952c8e42dee12e,1320,95502,0,0,0,,0,0,0,,0,0,0,,0,0,0,0,
8b732f3260e0427f9cf795b93ada310a,1320,28738,99,53,274,https://www.youtube.com/watch?v=vihmU-W9HC8,99,53,274,https://www.youtube.com/watch?v=vihmU-W9HC8,0,0,0,,1662,500,366,1360,https://www.twitch.tv/videos/2109500892
f7bfeaf6288f4afe80b62dab32698a0c,1320,401075,109,50,3577,https://www.youtube.com/watch?v=Qg6DW-VElUU,61,50,155,https://www.youtube.com/watch?v=8eTnuqq_V-c,449,56,3577,https://www.youtube.com/watch?v=Qg6DW-VElUU,290,52,45,52,https://www.twitch.tv/videos/2110373454
1140618a96154395909d53257bffe0e6,1320,41827,182,128,275,https://www.youtube.com/watch?v=ZRPtkCp8AuI,182,128,275,https://www.youtube.com/watch?v=ZRPtkCp8AuI,0,0,0,,0,0,0,0,
89036aadc62d496aa73c0a0076d67f41,1320,36888,45,23,97,https://www.youtube.com/watch?v=Qzugeb43oU4,45,23,97,https://www.youtube.com/watch?v=Qzugeb43oU4,0,0,0,,1510,143,85,196,https://www.twitch.tv/videos/2110595293
73675987096b486287784fc466b881be,1310,84707,146,64,446,https://www.youtube.com/watch?v=pOjmjXwKy6c,146,64,299,https://www.youtube.com/watch?v=aEyUmdHyC8U,287,217,446,https://www.youtube.com/watch?v=pOjmjXwKy6c,0,0,0,0,
ad43fda31b7842dc8e7854840b974614,1310,42876,111,43,196,https://www.youtube.com/watch?v=46dWDwAb8bM,111,43,196,https://www.youtube.com/watch?v=46dWDwAb8bM,0,0,0,,0,0,0,0,
c725e2accdfc42c7b4314d81cf2b8daa,1310,36444,289,76,536,https://www.youtube.com/watch?v=k1U4Rzdh-gU,94,41,124,https://www.youtube.com/watch?v=zmbspqqgwnU,464,197,536,https://www.youtube.com/watch?v=k1U4Rzdh-gU,488,0,0,0,
6f56b6d6dc114fd494cacb95948cb815,1310,18423,99,35,203,https://www.youtube.com/watch?v=iLAjUJ1HT1E,93,33,197,https://www.youtube.com/watch?v=DOQq_1NhR60,203,128,203,https://www.youtube.com/watch?v=iLAjUJ1HT1E,0,0,0,0,
0afd7ebcb7024553b7be91a3406cf942,1310,27333,0,0,0,,0,0,0,,0,0,0,,0,0,0,0,
d4e45d5ea1bf4a3a887b9f99ef60fda3,1310,28897,0,0,0,,0,0,0,,0,0,0,,0,0,0,0,
eaa1d55ba99c40ce82413701233efdbd,1310,48139,83,37,233,https://www.youtube.com/watch?v=CVBZqmiIA1U,83,37,233,https://www.youtube.com/watch?v=CVBZqmiIA1U,0,0,0,,0,0,0,0,
29c3016ed9f24c38a1abc7e0e49026ad,1310,666,0,0,0,,0,0,0,,0,0,0,,1340,288,190,385,https://www.twitch.tv/videos/2107154792
e22310d783c24889ac275bd84b6c7a0a,1300,57096,0,0,0,,0,0,0,,0,0,0,,4290,225,115,225,https://www.twitch.tv/videos/2100050580
439d515bd7c94c74bd434909e413837a,1300,22630,0,0,0,,0,0,0,,0,0,0,,136,0,0,0,
46e494bf06c640da95ad1b0b81631d98,1300,104937,276,125,10806,https://www.youtube.com/watch?v=aqxu2hGgUw8,155,39,342,https://www.youtube.com/watch?v=28_eGoK1GLA,905,551,10806,https://www.youtube.com/watch?v=aqxu2hGgUw8,777,89,48,104,https://www.twitch.tv/videos/2108601356
f4da0eee989545d2ade906b022a50e8c,1300,39264,74,38,121,https://www.youtube.com/watch?v=eTE-zymf3EU,74,38,121,https://www.youtube.com/watch?v=eTE-zymf3EU,0,0,0,,2645,293,140,554,https://www.twitch.tv/videos/2112462330
e2df9d4aea8b4cb4b8e38c31cbf73036,1290,46460,145,2,145,https://www.youtube.com/watch?v=Dm62141y3og,145,2,145,https://www.youtube.com/watch?v=Dm62141y3og,0,0,0,,0,0,0,0,
793ec2d37c544cc7915d3dc3e9902e1d,1290,33003,85,28,272,https://www.youtube.com/watch?v=D6LJDf0L5Kk,82,27,272,https://www.youtube.com/watch?v=D6LJDf0L5Kk,210,37,210,https://www.youtube.com/watch?v=Sfg_WKCU99k,932,0,0,0,
9de536d111214c379ec6969a52d92442,1280,59606,110,68,166,https://www.youtube.com/watch?v=iMQHq7TbalM,110,68,166,https://www.youtube.com/watch?v=iMQHq7TbalM,0,0,0,,0,0,0,0,
c52b95b6a42d48f0ae888720492a5a46,1280,73073,88,39,797,https://www.youtube.com/watch?v=vv8_EGrBV5A,147,75,797,https://www.youtube.com/watch?v=vv8_EGrBV5A,44,23,103,https://www.youtube.com/watch?v=ShAnfIN2nP4,0,0,0,0,
cd9733cb91b6400aae0bc23e3f25d7eb,1280,33731,0,0,0,,0,0,0,,0,0,0,,0,0,0,0,
b4c7b27b49584c9e9bd3a9c2c5015cd6,1280,130623,492,57,556,https://www.youtube.com/watch?v=OSdYN0ziwBQ,0,0,0,,492,57,556,https://www.youtube.com/watch?v=OSdYN0ziwBQ,0,0,0,0,
564b411dc4874310be6f8ee9bb7a0312,1280,51269,138,40,186,https://www.youtube.com/watch?v=PWu8hCICHMQ,138,40,186,https://www.youtube.com/watch?v=PWu8hCICHMQ,0,0,0,,0,0,0,0,
e9a30300d33f4c2e9b1c3bd1d64148cc,1280,26664,151,5,258,https://www.youtube.com/watch?v=L4rwB6E725c,151,5,258,https://www.youtube.com/watch?v=L4rwB6E725c,0,0,0,,0,0,0,0,
1257fb7258eb49ad8cf58ed64b800056,1270,30108,50,27,70,https://www.youtube.com/watch?v=QZFxOiIoimE,0,0,0,,50,27,70,https://www.youtube.com/watch?v=QZFxOiIoimE,442,26,24,26,https://www.twitch.tv/videos/2112492884
21a80fdbdff448b98102b0d8ffa70888,1270,126,126,52,126,https://www.youtube.com/watch?v=YsqR-abL2uo,126,52,126,https://www.youtube.com/watch?v=YsqR-abL2uo,0,0,0,,0,0,0,0,
fe1abd28f3114015ac31ae1821e8dd3f,1270,14780,1002,913,13612,https://www.youtube.com/watch?v=Kf3LYYv7kFo,0,0,0,,1002,913,13612,https://www.youtube.com/watch?v=Kf3LYYv7kFo,68,0,0,0,
64dc8c2de5de4c43906e515ec03f79c6,1260,73437,0,0,0,,0,0,0,,0,0,0,,0,0,0,0,
310c827bd2b34fa58413b09453226ee9,1260,0,0,0,0,,0,0,0,,0,0,0,,0,0,0,0,
5356357f112b46db862b472a4aafcee8,1260,21195,33,4,34,https://www.youtube.com/watch?v=cWlvGwtfEaA,33,24,33,https://www.youtube.com/watch?v=CAcc_q3rf9U,17,2,34,https://www.youtube.com/watch?v=cWlvGwtfEaA,1198,34,23,64,https://www.twitch.tv/videos/2112059936
d9205a7681c74bacae6e0c413aff1ab1,1260,37824,148,72,526,https://www.youtube.com/watch?v=rTB3UXZKKuQ,138,76,293,https://www.youtube.com/watch?v=Qvjlq077FCk,431,55,526,https://www.youtube.com/watch?v=rTB3UXZKKuQ,0,0,0,0,
9031798ec1884b52b17df470b6c379b2,1260,34822,76,40,190,https://www.youtube.com/watch?v=a0ktwRfdXjY,76,40,190,https://www.youtube.com/watch?v=a0ktwRfdXjY,0,0,0,,0,0,0,0,
f3914ae7ae6541198b6b5f4d63febe48,1260,29569,100,46,1210,https://www.youtube.com/watch?v=Yu1enMgNhWw,87,37,1210,https://www.youtube.com/watch?v=Yu1enMgNhWw,441,224,446,https://www.youtube.com/watch?v=jg3lj6dfGXI,0,0,0,0,
4267c862353e410388f1eaa5a5d85017,1250,27624,27,13,51,https://www.youtube.com/watch?v=aqPpMX-cFH0,45,13,51,https://www.youtube.com/watch?v=aqPpMX-cFH0,22,11,24,https://www.youtube.com/watch?v=5zFZOFZx9pg,0,0,0,0,
d80f5bc1e3ce4c35aa3eced40cc3bddc,1250,19059,234,68,435,https://www.youtube.com/watch?v=6KfNHVEW-Po,236,89,435,https://www.youtube.com/watch?v=6KfNHVEW-Po,89,26,89,https://www.youtube.com/watch?v=fI1XxnOPeH8,233,0,0,0,
82d5f7612b7645f3a77dd954a0e30b24,1250,26221,87,55,88,https://www.youtube.com/watch?v=5lLi5ILP9zs,87,55,88,https://www.youtube.com/watch?v=5lLi5ILP9zs,0,0,0,,0,0,0,0,
43056077596a49349ee4bea028f670f6,1250,69964,209,132,423,https://www.youtube.com/watch?v=gQ-lEamEfWw,209,132,423,https://www.youtube.com/watch?v=gQ-lEamEfWw,0,0,0,,281,68,56,77,https://www.twitch.tv/videos/2106584514
e308f7f536c8462baf851d52cdff7fb9,1250,39364,0,0,0,,0,0,0,,0,0,0,,0,0,0,0,
137917ec279a4eb0827cb302b9bdac7b,1240,129247,0,0,0,,0,0,0,,0,0,0,,742,0,0,0,
30f58f5fd3994b9a8751b3f44e543c17,1240,79835,57,56,57,https://www.youtube.com/watch?v=rc1Ph3jYjmA,57,56,57,https://www.youtube.com/watch?v=rc1Ph3jYjmA,0,0,0,,0,0,0,0,
1b863baf309a4ff587385012bb5bde51,1240,116054,111,19,466,https://www.youtube.com/watch?v=VP3MqgmeHeE,69,6,69,https://www.youtube.com/watch?v=2JgiCqljpcM,275,19,466,https://www.youtube.com/watch?v=VP3MqgmeHeE,348,0,0,0,
ac1ce1eeaffa4e58a8155c20d8f85ff3,1230,12813,539,329,3065,https://www.youtube.com/watch?v=gZPl4G8xRXw,536,352,3065,https://www.youtube.com/watch?v=gZPl4G8xRXw,647,225,647,https://www.youtube.com/watch?v=COvGO8mgnPY,0,0,0,0,
d0c2bb3e9091413e8d245bdc217e9420,1230,31960,114,62,1715,https://www.youtube.com/watch?v=PytdzSa3yMU,113,62,1715,https://www.youtube.com/watch?v=PytdzSa3yMU,337,102,483,https://www.youtube.com/watch?v=YsJDAurxezI,0,0,0,0,
d4c077fa180a460cabadc4e2838d1855,1230,56641,0,0,0,,0,0,0,,0,0,0,,0,0,0,0,
ee7cfe445bc84d6fa7fff5df6fbf0d32,1220,29168,116,42,226,https://www.youtube.com/watch?v=UkZpQ4t-0l4,116,42,226,https://www.youtube.com/watch?v=UkZpQ4t-0l4,0,0,0,,623,84,56,113,https://www.twitch.tv/videos/2101824148
17b1d3fb1e1944dabd5e6a45f94e2f6b,1220,32318,92,22,194,https://www.youtube.com/watch?v=WtTdIGwANPY,92,22,194,https://www.youtube.com/watch?v=WtTdIGwANPY,0,0,0,,0,0,0,0,
ac5176c53ad7447b8d63f82f65ba7200,1220,52325,0,0,0,,0,0,0,,0,0,0,,2586,0,0,0,
03c9aa020ec14f7494dd142676c94405,1220,7002,0,0,0,,0,0,0,,0,0,0,,2624,0,0,0,
ce360f47c38c4f82875228e007cf6c2d,1210,22338,0,0,0,,0,0,0,,0,0,0,,0,0,0,0,
2ee2acc29fac42c5b130558543cbdf00,1210,16485,203,98,361,https://www.youtube.com/watch?v=5644SS0mbyk,209,125,361,https://www.youtube.com/watch?v=5644SS0mbyk,123,31,198,https://www.youtube.com/watch?v=pDe0cSYIh30,214,22,20,48,https://www.twitch.tv/videos/2105693981
fd62c955979d4f14b788100154fb26e8,1210,16277,33,1,36,https://www.youtube.com/watch?v=xt9RMPv22Ns,36,0,36,https://www.youtube.com/watch?v=xt9RMPv22Ns,30,2,30,https://www.youtube.com/watch?v=Zl2phzACiBU,993,87,58,137,https://www.twitch.tv/videos/2099982438
c2012638512742e2801d0ced54f61711,1210,55226,139,50,226,https://www.youtube.com/watch?v=-v9ZccpNYco,139,50,226,https://www.youtube.com/watch?v=-v9ZccpNYco,0,0,0,,0,0,0,0,
0dc671f00179414c959171b6625785a0,1210,34750,161,64,569,https://www.youtube.com/watch?v=CXAR0YnH2Jk,161,65,569,https://www.youtube.com/watch?v=CXAR0YnH2Jk,283,46,498,https://www.youtube.com/watch?v=QYJCaPy1DnQ,0,0,0,0,
445a732fc0f64712b3213b4cd98fbdd3,1210,22355,131,69,219,https://www.youtube.com/watch?v=AsLuljo7b2I,131,69,219,https://www.youtube.com/watch?v=AsLuljo7b2I,0,0,0,,511,250,126,250,https://www.twitch.tv/videos/2099900997
306117a48f3445baad1d6a919ed340bb,1200,44688,0,0,0,,0,0,0,,0,0,0,,156,0,0,0,
5aaaa518ae674ae1a1162e8454a460f9,1200,22168,0,0,0,,0,0,0,,0,0,0,,1418,133,91,176,https://www.twitch.tv/videos/2109565670
364f94fc7493453e9f53787ade8e35c6,1200,171300,3870,2751,3870,https://www.youtube.com/watch?v=rwVRe1NgG40,3870,2751,3870,https://www.youtube.com/watch?v=rwVRe1NgG40,0,0,0,,10,0,0,0,
91025114208d41b2bff535d6e277017e,1200,48627,42,19,71,https://www.youtube.com/watch?v=uhgeoIdRx4k,42,19,71,https://www.youtube.com/watch?v=uhgeoIdRx4k,0,0,0,,0,0,0,0,
84cccbea595d4bc69426d5c75f1ac3a4,1200,53430,75,39,110,https://www.youtube.com/watch?v=qlNQ3URXeFA,75,39,110,https://www.youtube.com/watch?v=qlNQ3URXeFA,0,0,0,,0,0,0,0,
6cd8cdc530d14e2d9d0a9cd20cb6b05c,1190,37279,91,56,172,https://www.youtube.com/watch?v=j_jVU4UGVbk,91,48,125,https://www.youtube.com/watch?v=rSOPY6XPK68,115,90,172,https://www.youtube.com/watch?v=j_jVU4UGVbk,0,0,0,0,
d29682522104427fb366fa19a0521bc3,1190,19108,0,0,0,,0,0,0,,0,0,0,,530,0,0,0,
9e5e58a212584007b1ab1f22f5c59438,1190,78275,75,41,175,https://www.youtube.com/watch?v=kaUHlYreZCI,75,41,175,https://www.youtube.com/watch?v=kaUHlYreZCI,0,0,0,,0,0,0,0,
62080edda26345efbf8bc2bab0ab4136,1190,22430,0,0,0,,0,0,0,,0,0,0,,0,0,0,0,
4558095012964943921cd8a376a192fd,1180,0,0,0,0,,0,0,0,,0,0,0,,1142,0,0,0,
927ce160c29f4465ba196c3e1b8fee1c,1180,10293,8249,7534,15614,https://www.youtube.com/watch?v=afnmPQCtNhs,0,0,0,,8249,7534,15614,https://www.youtube.com/watch?v=afnmPQCtNhs,89,0,0,0,
ba654048cca44792b683eb7c929654aa,1180,57461,133,73,576,https://www.youtube.com/watch?v=tBMkqkkBhCI,125,59,137,https://www.youtube.com/watch?v=wwNGZyrBoVo,576,250,576,https://www.youtube.com/watch?v=tBMkqkkBhCI,0,0,0,0,
fe555b322c784b5b9c2297c585bc9352,1180,35082,71,46,83,https://www.youtube.com/watch?v=ydJ0RCD_9Js,71,46,83,https://www.youtube.com/watch?v=ydJ0RCD_9Js,0,0,0,,0,0,0,0,
0f2ad43c618943d19d5101f2d3c49ac9,1170,80653,82,34,82,https://www.youtube.com/watch?v=a2Abb4JWD6I,0,0,0,,82,34,82,https://www.youtube.com/watch?v=a2Abb4JWD6I,182,0,0,0,
01871d8239314affaf7032899ce6502f,1170,274413,0,0,0,,0,0,0,,0,0,0,,0,0,0,0,
f5838bbd59cf4922897b71efe3dc25af,1170,9901,0,0,0,,0,0,0,,0,0,0,,967,0,0,0,
e312462015a2454087c9fe83dd939994,1170,7795,0,0,0,,0,0,0,,0,0,0,,0,0,0,0,
90405cb21f7743639684632f6bc57a46,1170,5152,0,0,0,,0,0,0,,0,0,0,,0,0,0,0,
c6ce333916b446d48d27be05df1a218e,1160,15079,121,105,121,https://www.youtube.com/watch?v=wpR_71yxKD0,121,105,121,https://www.youtube.com/watch?v=wpR_71yxKD0,0,0,0,,454,61,53,61,https://www.twitch.tv/videos/2110328138
2f966e51210f49ba9dce2ac90e3ada18,1160,19342,0,0,0,,0,0,0,,0,0,0,,469,70,51,79,https://www.twitch.tv/videos/2109569394
8a8bc32109654a41a7cae0a9f235d9fb,1150,23576,0,0,0,,0,0,0,,0,0,0,,465,0,0,0,
d57b7459ef5949ef96672a96fb33d8a2,1150,40962,156,71,274,https://www.youtube.com/watch?v=5vZd5MOsDFM,156,71,274,https://www.youtube.com/watch?v=5vZd5MOsDFM,0,0,0,,0,0,0,0,
9e05802075c343a3bf2778550d5157da,1140,40532,84,47,438,https://www.youtube.com/watch?v=Yoet3Xy2SGc,92,66,128,https://www.youtube.com/watch?v=hp_uhsGp-DI,43,14,438,https://www.youtube.com/watch?v=Yoet3Xy2SGc,0,0,0,0,
a60c8fc0a1324bf8b65053231ee22373,1140,387485,65,47,135,https://www.youtube.com/watch?v=bXIxR0QE4R4,65,47,135,https://www.youtube.com/watch?v=bXIxR0QE4R4,0,0,0,,69,7,6,25,https://www.twitch.tv/videos/2110461360
25b1a8ceab1d439491fb4e98013cd0fc,1140,27751,256,183,1662,https://www.youtube.com/watch?v=D2ORKMjf8-E,256,183,1662,https://www.youtube.com/watch?v=D2ORKMjf8-E,0,0,0,,560,0,0,0,
a09298c0b6ab4dcda7cfe945f47f445f,1140,28037,32,31,77,https://www.youtube.com/watch?v=kE5UC9cecis,32,31,77,https://www.youtube.com/watch?v=kE5UC9cecis,0,0,0,,0,0,0,0,
0d717ed7ec134fb6ac94ce9dc4e25658,1140,14083,7248,6856,14037,https://www.youtube.com/watch?v=P7rG4PrZIIY,0,0,0,,7248,6856,14037,https://www.youtube.com/watch?v=P7rG4PrZIIY,0,0,0,0,
218f418c23084e87a498d1c4fad724ae,1130,0,0,0,0,,0,0,0,,0,0,0,,0,0,0,0,
37df80920d2b4363b3fd69fd3c6be31c,1130,0,0,0,0,,0,0,0,,0,0,0,,0,0,0,0,
da503b835e2a41d58433ebf6960db356,1130,17336,145,81,495,https://www.youtube.com/watch?v=vbreJdUi6Fg,145,81,495,https://www.youtube.com/watch?v=vbreJdUi6Fg,0,0,0,,707,0,0,0,
a66441bdef584fe0806c4be0fd2cf53a,1130,43188,118,6,118,https://www.youtube.com/watch?v=oKXNCBMdGYw,118,6,118,https://www.youtube.com/watch?v=oKXNCBMdGYw,0,0,0,,0,0,0,0,
19a2801d800547e58c6560aa1accf3e4,1130,46461,63,29,415,https://www.youtube.com/watch?v=Cp33xbGUvH8,63,29,104,https://www.youtube.com/watch?v=NaQkiAG-aMk,226,176,415,https://www.youtube.com/watch?v=Cp33xbGUvH8,300,0,0,0,
7adb64ec154e4c4995c21c15f849eb9f,1130,33796,0,0,0,,0,0,0,,0,0,0,,0,0,0,0,
38391974f5af4fbbb6224e3d6f2f7fb3,1130,46087,158,118,718,https://www.youtube.com/watch?v=JJYpqh0x61A,120,69,178,https://www.youtube.com/watch?v=fUllg5mdPmo,268,206,718,https://www.youtube.com/watch?v=JJYpqh0x61A,5980,339,206,807,https://www.twitch.tv/videos/2107536168
c964cb46cc9d411aaca372f9e459d2dc,1120,52344,0,0,0,,0,0,0,,0,0,0,,193,0,0,0,
d1f20b59a19e4ec499d423a7ba65d602,1120,28891,0,0,0,,0,0,0,,0,0,0,,0,0,0,0,
1e06211caf4f4afa98125699a4c66b5d,1120,0,0,0,0,,0,0,0,,0,0,0,,0,0,0,0,
9a7b7c9c31da44aca5a68395a2e69488,1120,525326,5,2,26,https://www.youtube.com/watch?v=qWuqyrLnOv0,5,2,26,https://www.youtube.com/watch?v=qWuqyrLnOv0,3,2,3,https://www.youtube.com/watch?v=tpGDTRY0RW0,95,6,6,28,https://www.twitch.tv/videos/2112045734
a823412858b749f7bd2bff3739ec55b7,1120,42121,56,38,171,https://www.youtube.com/watch?v=4BdQzbKh8vU,56,38,171,https://www.youtube.com/watch?v=4BdQzbKh8vU,0,0,0,,371,0,0,0,
45d38ce14fb644c0890823d444a33276,1110,18786,50,14,70,https://www.youtube.com/watch?v=9zZ2q5Gq2Iw,50,14,70,https://www.youtube.com/watch?v=9zZ2q5Gq2Iw,0,0,0,,0,0,0,0,
ec9a791b8152478b95858b199b866ef9,1110,42200,69,31,69,https://www.youtube.com/watch?v=AUGoZR18NQ8,69,31,69,https://www.youtube.com/watch?v=AUGoZR18NQ8,0,0,0,,381,0,0,0,
7259f7e619e943018e64fb24d4d20e34,1110,17983,113,33,137,https://www.youtube.com/watch?v=bthm_7dcAXM,113,33,137,https://www.youtube.com/watch?v=bthm_7dcAXM,0,0,0,,0,0,0,0,
7a9b7ab0d5bd411195d77800ff778a90,1100,18841,55,9,224,https://www.youtube.com/watch?v=ADjEpK4kUMM,0,0,0,,55,9,224,https://www.youtube.com/watch?v=ADjEpK4kUMM,59,0,0,0,
75a90497bfc2480f954c276b70f7b1c3,1100,120053,202,74,544,https://www.youtube.com/watch?v=Rb3XcyzZdTo,191,74,378,https://www.youtube.com/watch?v=O1jsYotbEHM,333,119,544,https://www.youtube.com/watch?v=Rb3XcyzZdTo,6704,335,69,432,https://www.twitch.tv/videos/2088703950
a5c12a1268af408c9a3ed6adbb72c53c,1100,56495,0,0,0,,0,0,0,,0,0,0,,0,0,0,0,
bb1cda940e0a44b3a25f3e368c19c490,1100,22044,103,52,193,https://www.youtube.com/watch?v=rdiik74uWN8,103,52,193,https://www.youtube.com/watch?v=rdiik74uWN8,0,0,0,,0,0,0,0,
b79ac08a857c4553921c04c3b14b89ea,1100,61735,102,52,291,https://www.youtube.com/watch?v=6tLI4sep47g,218,94,291,https://www.youtube.com/watch?v=6tLI4sep47g,50,26,102,https://www.youtube.com/watch?v=ymem77ijYE4,467,26,14,38,https://www.twitch.tv/videos/2101982536
b80c21b76e7849f0a0fa94194fe2ad4b,1100,16765,9,2,60,https://www.youtube.com/watch?v=dcDA8M9X3-4,49,16,60,https://www.youtube.com/watch?v=dcDA8M9X3-4,7,2,19,https://www.youtube.com/watch?v=mn_qtaHD-3w,532,208,156,227,https://www.twitch.tv/videos/2103896021
f2dc08b1c55843d9a3d1e0461ebf57c1,1100,18800,557,294,5048,https://www.youtube.com/watch?v=V-02cDGAKWU,435,294,2806,https://www.youtube.com/watch?v=0ZxL19oyp98,1012,481,5048,https://www.youtube.com/watch?v=V-02cDGAKWU,0,0,0,0,
db52957b67e94991b36e41e4a20fb52a,1090,0,0,0,0,,0,0,0,,0,0,0,,52,0,0,0,
4e4721deba7c4681b1172714a29e6f19,1090,89487,95,52,652,https://www.youtube.com/watch?v=ITMCOjTwUBU,96,53,189,https://www.youtube.com/watch?v=7o5kgoGnTUQ,86,40,652,https://www.youtube.com/watch?v=ITMCOjTwUBU,0,0,0,0,
7d6a4fa5389c461bb553b8190c5e951f,1080,59869,0,0,0,,0,0,0,,0,0,0,,0,0,0,0,
48e18dcee4e640c6b5ede6a8bdc84ade,1080,20476,0,0,0,,0,0,0,,0,0,0,,0,0,0,0,
515abc7c33164a98be134d1c7fec84e2,1080,28583,0,0,0,,0,0,0,,0,0,0,,260,0,0,0,
55bc57cea7dc41649e94e2cfe970621f,1080,32129,93,36,559,https://www.youtube.com/watch?v=2tlGhAkUPVA,88,29,235,https://www.youtube.com/watch?v=P09Ovp0O3Hc,501,182,559,https://www.youtube.com/watch?v=2tlGhAkUPVA,62,0,0,0,
61e81c6f534247b486b8125bd34fa960,1080,60769,1431,885,2454,https://www.youtube.com/watch?v=uyBx-njSrTI,0,0,0,,1431,885,2454,https://www.youtube.com/watch?v=uyBx-njSrTI,18347,861,350,2998,https://www.twitch.tv/videos/2109588999
018244f1ad404c9eaa4ddf747c3bafa0,1080,123976,104,49,183,https://www.youtube.com/watch?v=asw6wHJaFaM,104,49,183,https://www.youtube.com/watch?v=asw6wHJaFaM,0,0,0,,0,0,0,0,
3d33f15ad27c406abfd68d6c16e0b53d,1080,69261,0,0,0,,0,0,0,,0,0,0,,0,0,0,0,
6e6fd1311d2f42228faa8b1ccb0fa589,1070,45097,144,92,609,https://www.youtube.com/watch?v=zwTb590s6dw,144,92,609,https://www.youtube.com/watch?v=zwTb590s6dw,0,0,0,,0,0,0,0,
3588ee10f67c4911b544e48223c57c7d,1070,21400,30,18,57,https://www.youtube.com/watch?v=Cgv9iSBpQMk,0,0,0,,30,18,57,https://www.youtube.com/watch?v=Cgv9iSBpQMk,0,0,0,0,
20bfe5495db6453eaadbc55322c856f9,1070,30933,270,224,270,https://www.youtube.com/watch?v=OWLgwUHV8z4,0,0,0,,270,224,270,https://www.youtube.com/watch?v=OWLgwUHV8z4,0,0,0,0,
e66d389ebb604096bfa99178e1a13c27,1070,9947,0,0,0,,0,0,0,,0,0,0,,2924,173,161,300,https://www.twitch.tv/videos/2110372037
bf03fd8b5b55481590ea63338c5cdd20,1060,11356,0,0,0,,0,0,0,,0,0,0,,1479,0,0,0,
b115a7f57f664800a9f71a25eaf73b92,1060,51345,68,13,93,https://www.youtube.com/watch?v=VOBMoGK24o4,68,13,93,https://www.youtube.com/watch?v=VOBMoGK24o4,0,0,0,,0,0,0,0,
7299d6e9ebff46c9ae859fa5c6f27206,1060,20143,14,5,16,https://www.youtube.com/watch?v=fR2oa9sDEcY,0,0,0,,14,5,16,https://www.youtube.com/watch?v=fR2oa9sDEcY,2613,296,182,703,https://www.twitch.tv/videos/2105918828
6e845fd52d044ab598cc4ca35ba91f88,1060,7127,0,0,0,,0,0,0,,0,0,0,,0,0,0,0,
b84f2dfff8ce4ca1af82bfc44405f1e7,1050,44071,64,30,2836,https://www.youtube.com/watch?v=DdgYjimeqQY,59,27,89,https://www.youtube.com/watch?v=yflBEfzEs5I,183,114,2836,https://www.youtube.com/watch?v=DdgYjimeqQY,0,0,0,0,
4b7ea2bd72234f9882b8e992b622b001,1050,56938,19,0,19,https://www.youtube.com/watch?v=6CrG9Lu_GrI,0,0,0,,19,0,19,https://www.youtube.com/watch?v=6CrG9Lu_GrI,0,0,0,0,
9deb096c2fb943a7ae7487bf25e28026,1050,57314,74,24,306,https://www.youtube.com/watch?v=544SDAHXYoI,114,45,240,https://www.youtube.com/watch?v=aivzLNNqKkk,60,18,306,https://www.youtube.com/watch?v=544SDAHXYoI,907,159,113,231,https://www.twitch.tv/videos/2101109691
2cc874f341184fb799b01c399477c0b4,1050,34122,185,63,425,https://www.youtube.com/watch?v=Ulr0-hzAt_8,185,63,276,https://www.youtube.com/watch?v=i3vDiOPtw3Y,237,107,425,https://www.youtube.com/watch?v=Ulr0-hzAt_8,143,0,0,0,
ef03340f293242f89fe15f2f828dbf7f,1040,8483,62,40,157,https://www.youtube.com/watch?v=j6jyeVjLT3I,72,44,157,https://www.youtube.com/watch?v=j6jyeVjLT3I,39,26,66,https://www.youtube.com/watch?v=_vr9ePTlyEM,295,49,36,110,https://www.twitch.tv/videos/2103825628
049cb6d09a3b4db49962aa5b8e468a3f,1040,37421,241,107,610,https://www.youtube.com/watch?v=hSmG-lQcWWo,281,125,610,https://www.youtube.com/watch?v=hSmG-lQcWWo,154,36,163,https://www.youtube.com/watch?v=0PKBMqkjX2o,234,87,68,130,https://www.twitch.tv/videos/2109582337
accb26f2db2746e898b68ab07dd3c5bc,1040,50503,49,27,99,https://www.youtube.com/watch?v=MHuUA_0pEbc,61,23,99,https://www.youtube.com/watch?v=MHuUA_0pEbc,38,28,51,https://www.youtube.com/watch?v=nxmugXzU860,294,0,0,0,
78d441a2d6584d078a6ce202238d36b9,1040,24450,93,52,93,https://www.youtube.com/watch?v=pbflL3OVi-s,0,0,0,,93,52,93,https://www.youtube.com/watch?v=pbflL3OVi-s,0,0,0,0,
a6a789d93f3a4352b251a51b43f98d2c,1040,23064,253,106,376,https://www.youtube.com/watch?v=r0O0zrD0yDw,266,120,376,https://www.youtube.com/watch?v=r0O0zrD0yDw,114,48,129,https://www.youtube.com/watch?v=Phu8nz8zFTM,0,0,0,0,
78aa93aa7916451982b716f2e8952d38,1040,56778,0,0,0,,0,0,0,,0,0,0,,0,0,0,0,
b72be2e34f9a41d598ea5332c1facb7b,1030,30737,0,0,0,,0,0,0,,0,0,0,,307,70,50,78,https://www.twitch.tv/videos/2106602555
46a8009adbca4aa083af580b50b69306,1030,19868,25,11,71,https://www.youtube.com/watch?v=G27bgdZGvII,25,11,71,https://www.youtube.com/watch?v=G27bgdZGvII,0,0,0,,440,19,15,25,https://www.twitch.tv/videos/2109422679
46388caf23e34f09b145fff0fa25b897,1020,38373,29,15,32,https://www.youtube.com/watch?v=b99ajy-aZpg,32,25,32,https://www.youtube.com/watch?v=b99ajy-aZpg,27,5,27,https://www.youtube.com/watch?v=RU4114j8K1o,774,71,53,121,https://www.twitch.tv/videos/2101941882
ad26bb0363ef42c7988f79ef9b07dfcc,1020,49287,0,0,0,,0,0,0,,0,0,0,,0,0,0,0,
e46d27918a77488ca5b4144eb1b978df,1020,55145,78,4,108,https://www.youtube.com/watch?v=yarmh5KR69Q,0,0,0,,78,4,108,https://www.youtube.com/watch?v=yarmh5KR69Q,0,0,0,0,
0d7502e74c394a7f82a07c31fee877ff,1020,33113,0,0,0,,0,0,0,,0,0,0,,0,0,0,0,
2efe1ad069184a7e94b0583b452ffac4,1020,72572,45,19,1246,https://www.youtube.com/watch?v=Er5fK3VRBUo,39,19,117,https://www.youtube.com/watch?v=MGJQ8_3-5zU,160,34,1246,https://www.youtube.com/watch?v=Er5fK3VRBUo,0,0,0,0,
091ac99f10804fe3b417a0f285731b4e,1020,51552,86,52,5866,https://www.youtube.com/watch?v=PCMsBKvQq-A,85,41,130,https://www.youtube.com/watch?v=22__BexaXas,465,272,5866,https://www.youtube.com/watch?v=PCMsBKvQq-A,333,69,57,98,https://www.twitch.tv/videos/2104747004
c85f3da0538546c499238b23d273f627,1010,24348,175,80,1509,https://www.youtube.com/watch?v=pzlmXf7oshA,175,80,1509,https://www.youtube.com/watch?v=pzlmXf7oshA,0,0,0,,225,0,0,0,
5b85294949544a5f8855715acadf66a5,1010,21441,86,78,149,https://www.youtube.com/watch?v=thVXAPawVT4,86,78,149,https://www.youtube.com/watch?v=thVXAPawVT4,0,0,0,,858,264,228,272,https://www.twitch.tv/videos/2109419290
64ae0a79da14460e85e36ee3c7f7759f,1010,40672,0,0,0,,0,0,0,,0,0,0,,0,0,0,0,
1eef416d7ad94b6aa728e10d6da10304,1010,48136,0,0,0,,0,0,0,,0,0,0,,0,0,0,0,
d552c8b266414973b7044a2bd737a549,1010,19446,128,44,304,https://www.youtube.com/watch?v=w7zf2mzrzAI,179,48,231,https://www.youtube.com/watch?v=yS7NvAY7hEA,119,41,304,https://www.youtube.com/watch?v=w7zf2mzrzAI,99,0,0,0,
b839a67d928b4d8a9340bf0184be0a7d,1010,73789,0,0,0,,0,0,0,,0,0,0,,0,0,0,0,
4b9b64309ea0491bbde3b86b6c34bdd0,1000,61399,186,73,311,https://www.youtube.com/watch?v=PwsRVj0UZtY,186,73,311,https://www.youtube.com/watch?v=PwsRVj0UZtY,0,0,0,,0,0,0,0,
b596a01b8b6a48e4a96cb67b2d5cdccd,1000,39131,71,6,80,https://www.youtube.com/watch?v=csYm0b1QVrQ,62,5,62,https://www.youtube.com/watch?v=tDU9XxPE6f4,80,8,80,https://www.youtube.com/watch?v=csYm0b1QVrQ,423,0,0,0,
838f883ea01f431f97bfe9dbf3064422,1000,33002,0,0,0,,0,0,0,,0,0,0,,103,0,0,0,
0f6d2110d7fa4f298e4345745a7e71b1,1000,18824,0,0,0,,0,0,0,,0,0,0,,0,0,0,0,
b4de9155a5f34284a41224c38e70c67e,1000,38705,0,0,0,,0,0,0,,0,0,0,,43,0,0,0,
00156e6583fe4923b7a32d8564e3ea4c,994,28214,0,0,0,,0,0,0,,0,0,0,,273,36,24,36,https://www.twitch.tv/videos/2104950029
7c88a51800fd4984ad24ba803d3760dd,993,15254,0,0,0,,0,0,0,,0,0,0,,0,0,0,0,
8b810380ed254a5e8a85b65552ba4e61,992,30592,0,0,0,,0,0,0,,0,0,0,,7597,1441,714,5655,https://www.twitch.tv/videos/2110345380
1fdc000815cc476dbc9d19aa431305b5,990,15265,123,55,583,https://www.youtube.com/watch?v=vHVAQmmL4i4,116,59,583,https://www.youtube.com/watch?v=vHVAQmmL4i4,172,38,432,https://www.youtube.com/watch?v=TtJNlkowu-M,0,0,0,0,
7a0eb6cbe5a94663888ef35a63ab3b5a,989,25305,0,0,0,,0,0,0,,0,0,0,,1000,132,79,151,https://www.twitch.tv/videos/2101803273
5f9ded46df28474bbd1470d761700f30,986,638773,13,12,13,https://www.youtube.com/watch?v=g3l10lcHc2o,0,0,0,,13,12,13,https://www.youtube.com/watch?v=g3l10lcHc2o,729,79,37,89,https://www.twitch.tv/videos/2091411518
d70830a282b9446f89bc9d82c88b8db3,986,62519,203,88,203,https://www.youtube.com/watch?v=gCh_qOiPTRk,203,88,203,https://www.youtube.com/watch?v=gCh_qOiPTRk,0,0,0,,230,0,0,0,
489752f0b42c49b785d43f1207429983,982,25672,319,95,1411,https://www.youtube.com/watch?v=0d9QVM9r0k4,319,95,1411,https://www.youtube.com/watch?v=0d9QVM9r0k4,0,0,0,,0,0,0,0,
65c0e7f6562d419e944caea644836c1f,981,15894,220,90,711,https://www.youtube.com/watch?v=FayH38ZsUYM,220,90,711,https://www.youtube.com/watch?v=FayH38ZsUYM,0,0,0,,194,30,25,46,https://www.twitch.tv/videos/2111424376
5396c3113555413f8b8d722d44b413d3,981,19394,143,116,154,https://www.youtube.com/watch?v=VOEYpt6ciFY,143,116,154,https://www.youtube.com/watch?v=VOEYpt6ciFY,0,0,0,,0,0,0,0,
aab094af87d74f3cbcb332bdac03fa23,979,15209,65,38,79,https://www.youtube.com/watch?v=RfKZmuWBpSY,65,38,79,https://www.youtube.com/watch?v=RfKZmuWBpSY,0,0,0,,0,0,0,0,
021e4f709f1a4c56b8cd200c476db3e7,977,20595,0,0,0,,0,0,0,,0,0,0,,0,0,0,0,
1ea5aa0a7a7d401b897630667cf4b44e,976,40116,137,40,257,https://www.youtube.com/watch?v=5XWprLN2uqE,163,66,246,https://www.youtube.com/watch?v=lEsew9vV0pg,20,10,257,https://www.youtube.com/watch?v=5XWprLN2uqE,483,201,160,385,https://www.twitch.tv/videos/2102915486
a2188c1a225e4f93a64e3385fa02d779,975,44117,54,28,543,https://www.youtube.com/watch?v=3lDhaISQS3A,64,41,64,https://www.youtube.com/watch?v=aDaHGTw1Ik4,45,15,543,https://www.youtube.com/watch?v=3lDhaISQS3A,0,0,0,0,
e212d468e3e64ad5b8f22f61bc4e06f7,971,28819,54,16,150,https://www.youtube.com/watch?v=eymYmVRrMs4,54,16,150,https://www.youtube.com/watch?v=eymYmVRrMs4,0,0,0,,0,0,0,0,
8d8b1382b7154504819e1db08ecbe8ee,970,13850,92,37,119,https://www.youtube.com/watch?v=h-mTtk_ikII,92,37,119,https://www.youtube.com/watch?v=h-mTtk_ikII,0,0,0,,0,0,0,0,
956591dc2e40411688b8f8e3079bc5e3,967,73837,82,38,481,https://www.youtube.com/watch?v=IK8CmWltWpo,80,38,261,https://www.youtube.com/watch?v=iKO3yU9QGl8,280,59,481,https://www.youtube.com/watch?v=IK8CmWltWpo,0,0,0,0,
20327c35cc9d4deba93299b790d7d721,965,21111,145,63,687,https://www.youtube.com/watch?v=yBd3IDirwz0,197,62,687,https://www.youtube.com/watch?v=yBd3IDirwz0,87,69,198,https://www.youtube.com/watch?v=1JR5-Q1zsjs,0,0,0,0,
bdcf0d95e6544ebaaddbfba94839cd6b,963,34543,116,66,187,https://www.youtube.com/watch?v=oWw07EK2fyU,131,78,187,https://www.youtube.com/watch?v=oWw07EK2fyU,88,41,95,https://www.youtube.com/watch?v=CaoUwcNOB4M,0,0,0,0,
b5d3dfb81219492cb11a34291aab8cc8,963,27383,64,23,89,https://www.youtube.com/watch?v=psfLSXjBpcU,64,23,89,https://www.youtube.com/watch?v=psfLSXjBpcU,0,0,0,,0,0,0,0,
4a64836a88024358a7401530fed8e0f8,955,104684,50,19,412,https://www.youtube.com/watch?v=Wr3woVr2tew,50,16,79,https://www.youtube.com/watch?v=i_DIK7q6haI,44,26,412,https://www.youtube.com/watch?v=Wr3woVr2tew,5016,541,176,1078,https://www.twitch.tv/videos/2096104471
3b9a06751f3c415993d424480d4d5060,952,122682,84,64,233,https://www.youtube.com/watch?v=6vh0HB95rNg,84,64,233,https://www.youtube.com/watch?v=6vh0HB95rNg,0,0,0,,0,0,0,0,
9b5ec085252a4f6e9ba04cac0ad49e65,949,48362,54,7,54,https://www.youtube.com/watch?v=8621B34HuP4,0,0,0,,54,7,54,https://www.youtube.com/watch?v=8621B34HuP4,2179,0,0,0,
6db0d51e6ac9410f84f79e57448b8a60,947,94643,151,80,310,https://www.youtube.com/watch?v=-guwI9_qggs,151,80,310,https://www.youtube.com/watch?v=-guwI9_qggs,134,92,185,https://www.youtube.com/watch?v=tJFQdPlgrqY,0,0,0,0,
15711ba2b93a46c295901d775aaf314e,945,31411,0,0,0,,0,0,0,,0,0,0,,0,0,0,0,
eb54f557a3734bfda57ecddd8df07681,945,11490,424,139,470,https://www.youtube.com/watch?v=yDwiJd4BaQc,112,106,143,https://www.youtube.com/watch?v=IKiDpC7LIyo,439,256,470,https://www.youtube.com/watch?v=yDwiJd4BaQc,271,70,56,120,https://www.twitch.tv/videos/2102068060
a5647aba47dc4bb48eaa0cde6de7c6bd,944,39346,118,89,142,https://www.youtube.com/watch?v=MvcRzpaQXeM,118,89,142,https://www.youtube.com/watch?v=MvcRzpaQXeM,0,0,0,,0,0,0,0,
fbfe453800444cdd8a35eb8abf365f32,944,54128,39,14,39,https://www.youtube.com/watch?v=nKOi8u08xEk,39,14,39,https://www.youtube.com/watch?v=nKOi8u08xEk,0,0,0,,0,0,0,0,
10c8c9b647e7464f9d95c7c1a865da01,942,25437,74,30,140,https://www.youtube.com/watch?v=zO4frDZyDjg,74,30,140,https://www.youtube.com/watch?v=zO4frDZyDjg,0,0,0,,1318,0,0,0,
be56f6cf87ab4da7b132b9d62c74bc2e,942,23926,29,7,36,https://www.youtube.com/watch?v=WPE3fkB2-tI,29,7,36,https://www.youtube.com/watch?v=WPE3fkB2-tI,0,0,0,,0,0,0,0,
9bef8e0d321d4dab973b7e98443937ea,940,6948,121,72,2284,https://www.youtube.com/watch?v=BOBJkmxs3PA,169,72,169,https://www.youtube.com/watch?v=ItURoaRQMjY,110,72,2284,https://www.youtube.com/watch?v=BOBJkmxs3PA,139,0,0,0,
3410ce8f1b78487f8025485a6c09b1b8,939,25227,93,59,224,https://www.youtube.com/watch?v=UfacSJxoZWk,93,59,224,https://www.youtube.com/watch?v=UfacSJxoZWk,0,0,0,,0,0,0,0,
3a963b6901c7467da3d9c8bd74df9da6,937,33778,43,21,524,https://www.youtube.com/watch?v=c-EU6O3Qspk,56,34,359,https://www.youtube.com/watch?v=qCn1dJ35TDE,33,14,524,https://www.youtube.com/watch?v=c-EU6O3Qspk,0,0,0,0,
34973abcef4e41b29add2b476ce0a7fb,934,11011,0,0,0,,0,0,0,,0,0,0,,20,0,0,0,
995bff308e7f4df3aa33305fc0ddde8e,933,35220,169,129,458,https://www.youtube.com/watch?v=EmBXGItcILs,289,262,458,https://www.youtube.com/watch?v=EmBXGItcILs,138,104,218,https://www.youtube.com/watch?v=OgGWjTgaj_Q,0,0,0,0,
2e8c364f691740dd81c0fa61727a9790,931,195731,516,310,10710,https://www.youtube.com/watch?v=c0hvdCfFBi0,0,0,0,,516,310,10710,https://www.youtube.com/watch?v=c0hvdCfFBi0,3112,99,42,210,https://www.twitch.tv/videos/2091339977
4082168d753e42b7aca1d25e759d09a7,930,25577,75,34,538,https://www.youtube.com/watch?v=k0NBL8rk0R8,73,34,156,https://www.youtube.com/watch?v=_3KCLzdvaZQ,538,42,538,https://www.youtube.com/watch?v=k0NBL8rk0R8,340,73,51,120,https://www.twitch.tv/videos/2102831751
f1020d6d2f904704a363cf21806327a1,930,17154,0,0,0,,0,0,0,,0,0,0,,213,0,0,0,
d78d72ce0aac4c9d9c5c16604209ced3,928,26601,456,196,779,https://www.youtube.com/watch?v=qgFvxNyhfKg,456,204,779,https://www.youtube.com/watch?v=qgFvxNyhfKg,335,90,476,https://www.youtube.com/watch?v=ju6gTm1d8_Y,0,0,0,0,
687568c1c9254c8ab34e7b6efbdd6dbc,927,98376,89,54,249,https://www.youtube.com/watch?v=Wi7kAmkYNV4,89,54,249,https://www.youtube.com/watch?v=Wi7kAmkYNV4,0,0,0,,0,0,0,0,
7df81b926eec4a998d5ffcd67b59ff5e,927,19741,127,81,181,https://www.youtube.com/watch?v=pu6zbcpp2ws,127,81,181,https://www.youtube.com/watch?v=pu6zbcpp2ws,0,0,0,,0,0,0,0,
c03a8219bd254619959f9308af6a3bba,927,18048,0,0,0,,0,0,0,,0,0,0,,173,0,0,0,
f9f38aebd04f4a219e165e0c6e1fb347,926,14879,0,0,0,,0,0,0,,0,0,0,,0,0,0,0,
d7963784d96543e28a290361d38efe30,925,57016,159,65,546,https://www.youtube.com/watch?v=YD00rRv4ZCI,151,65,258,https://www.youtube.com/watch?v=PEazU1uC6rg,537,76,546,https://www.youtube.com/watch?v=YD00rRv4ZCI,357,1403,1007,1403,https://www.twitch.tv/videos/2105949994
f560e7811b454fe489044165c53dba83,925,36753,41,20,73,https://www.youtube.com/watch?v=FUWcdakHhCw,41,20,73,https://www.youtube.com/watch?v=FUWcdakHhCw,0,0,0,,0,0,0,0,
75f110ca5e9a4b7db3c57912baf5ca27,924,132708,113,43,561,https://www.youtube.com/watch?v=HBKIBuh4dhg,109,44,148,https://www.youtube.com/watch?v=fbX5qXbfjzg,561,42,561,https://www.youtube.com/watch?v=HBKIBuh4dhg,0,0,0,0,
cbc46416a6eb4c66952dd5c2c7602e2b,924,25999,0,0,0,,0,0,0,,0,0,0,,0,0,0,0,
7ca8ec94cb4640ccb27719cbfc8a8df0,922,40954,82,39,269,https://www.youtube.com/watch?v=wMLNN_TQjsU,82,36,240,https://www.youtube.com/watch?v=1f9QRGmAYH0,78,49,269,https://www.youtube.com/watch?v=wMLNN_TQjsU,0,0,0,0,
607a7be9721741c48e2901609c294ada,920,71441,0,0,0,,0,0,0,,0,0,0,,1576,32,23,32,https://www.twitch.tv/videos/2106146066
18d1c00e0bde4ddbb8be5eafe0967dfe,917,31293,86,46,1247,https://www.youtube.com/watch?v=zijFPe5zKJE,84,43,354,https://www.youtube.com/watch?v=7rquMW7rlTU,1247,805,1247,https://www.youtube.com/watch?v=zijFPe5zKJE,0,0,0,0,
5a901d793927414493afa87af0c4baec,916,17280,48,14,86,https://www.youtube.com/watch?v=n_i3Q0ddqpU,51,14,86,https://www.youtube.com/watch?v=n_i3Q0ddqpU,26,15,33,https://www.youtube.com/watch?v=_x6dsyBqdRM,815,0,0,0,
f702d43aeff84979ad97438d0b1d8bcc,916,8661,0,0,0,,0,0,0,,0,0,0,,281,106,74,273,https://www.twitch.tv/videos/2112278283
0ec3bf23ccba41659f6d91e424fb2b4a,916,34864,0,0,0,,0,0,0,,0,0,0,,0,0,0,0,
85aa19ec73ce4db08ba1bf3d0f1807ce,913,38739,141,56,147,https://www.youtube.com/watch?v=gIRMO7Dxyt4,141,56,147,https://www.youtube.com/watch?v=gIRMO7Dxyt4,0,0,0,,0,0,0,0,
6ef3b507ab8e41d499c59d8cf8b65202,909,0,0,0,0,,0,0,0,,0,0,0,,0,0,0,0,
6f68d3f50edf4814b59a4a018090b180,905,16024,159,78,357,https://www.youtube.com/watch?v=tmOdp2x-d84,159,78,357,https://www.youtube.com/watch?v=tmOdp2x-d84,0,0,0,,0,0,0,0,
7754a4ea82814b7fbbecfcf459382001,904,196223,50,8,533,https://www.youtube.com/watch?v=FSY-YKvI2H4,0,0,0,,50,8,533,https://www.youtube.com/watch?v=FSY-YKvI2H4,1568,217,162,284,https://www.twitch.tv/videos/2107533669
e2e79e4b7c8f41c7be66dfc9e5da1da6,900,15355,0,0,0,,0,0,0,,0,0,0,,1299,0,0,0,
fa2a2255fa7d4aa7b5b54dea5dd2b1c4,899,36702,100,41,498,https://www.youtube.com/watch?v=FnistjMuepE,100,41,498,https://www.youtube.com/watch?v=FnistjMuepE,0,0,0,,0,0,0,0,
a8e44e51a99c487694e2525dc57c85ca,898,40745,111,85,111,https://www.youtube.com/watch?v=EZfCJd5O4E8,111,85,111,https://www.youtube.com/watch?v=EZfCJd5O4E8,0,0,0,,432,73,60,84,https://www.twitch.tv/videos/2113346629
cfa15a7e93824927ad4b84a519b0ab68,892,117666,257,103,809,https://www.youtube.com/watch?v=MfhqsInj0AU,0,0,0,,257,103,809,https://www.youtube.com/watch?v=MfhqsInj0AU,0,0,0,0,
6efa004da8424662bae62d420d82d722,892,56017,0,0,0,,0,0,0,,0,0,0,,0,0,0,0,
034c0cb04f884faa8f2b6a02ff090ad1,891,0,0,0,0,,0,0,0,,0,0,0,,0,0,0,0,
0df008566e92461eb808c5b3ba9c7f0f,889,27439,71,36,166,https://www.youtube.com/watch?v=2mV1B0Soqds,68,36,166,https://www.youtube.com/watch?v=2mV1B0Soqds,105,27,135,https://www.youtube.com/watch?v=fe7cdTi_FIQ,0,0,0,0,
95fa8eef249d4edca59594271fedc487,889,26017,0,0,0,,0,0,0,,0,0,0,,0,0,0,0,
2450f1c7cf8f46c8aa30afaa922c9642,887,17541,38,7,38,https://www.youtube.com/watch?v=zxMo5IMhxo4,38,7,38,https://www.youtube.com/watch?v=zxMo5IMhxo4,0,0,0,,330,0,0,0,
6df15d678de844d1a7f08226c02d6183,882,4203,0,0,0,,0,0,0,,0,0,0,,0,0,0,0,
179eb3fd3fb34ffe93859dd945b1b3a6,882,2359,0,0,0,,0,0,0,,0,0,0,,0,0,0,0,
9bf758b113b048bc9331f244b619e4b2,879,55484,62,19,189,https://www.youtube.com/watch?v=qazg6wRIZXU,105,56,189,https://www.youtube.com/watch?v=qazg6wRIZXU,29,12,59,https://www.youtube.com/watch?v=3eiwtDpKsJM,196,0,0,0,
a3f2963a57094502a10845075cdee88c,878,4069,443,184,869,https://www.youtube.com/watch?v=PXjXotWULtc,141,36,196,https://www.youtube.com/watch?v=GwQRFoTt338,662,301,869,https://www.youtube.com/watch?v=PXjXotWULtc,0,0,0,0,
c26ea894da5741df9e1bc62044f6bce7,876,3875,0,0,0,,0,0,0,,0,0,0,,203,110,78,110,https://www.twitch.tv/videos/2105862849
a725f6babc5f44779d7389886c6cd7b7,875,18608,106,54,171,https://www.youtube.com/watch?v=9DeX-kEHyPA,106,54,171,https://www.youtube.com/watch?v=9DeX-kEHyPA,0,0,0,,0,0,0,0,
c2b9638d8dd54888a91caa8a67366907,873,15644,51,31,208,https://www.youtube.com/watch?v=oZ6ftuulD1Q,45,25,208,https://www.youtube.com/watch?v=oZ6ftuulD1Q,58,31,58,https://www.youtube.com/watch?v=6GeJdPIEJOc,1820,101,60,166,https://www.twitch.tv/videos/2106755155
b586a78c976b44859e93d12f47bef826,871,24174,34,14,44,https://www.youtube.com/watch?v=3kS5mLb3zi4,34,14,44,https://www.youtube.com/watch?v=3kS5mLb3zi4,0,0,0,,0,0,0,0,
a6dfb7b286fe43ebbec2fd53b9cf032c,866,6499,23,14,45,https://www.youtube.com/watch?v=EbPbywWFcnI,23,14,45,https://www.youtube.com/watch?v=EbPbywWFcnI,0,0,0,,0,0,0,0,
684aeef535fb4dd2a483746cdaab5065,864,52918,27,19,73,https://www.youtube.com/watch?v=9mu2i9FBQes,27,19,73,https://www.youtube.com/watch?v=9mu2i9FBQes,0,0,0,,163,0,0,0,
8a5468bc4c7d44989e5ee4864a9b941a,861,68067,62,37,93,https://www.youtube.com/watch?v=VL-6iMNDZCU,62,37,93,https://www.youtube.com/watch?v=VL-6iMNDZCU,0,0,0,,0,0,0,0,
399a496d028447a58924b2660d0fc187,861,10355,0,0,0,,0,0,0,,0,0,0,,0,0,0,0,
ee1be8631b3e4abdbcc12dbe96d5268f,859,29025,136,75,265,https://www.youtube.com/watch?v=354fAiliLlo,136,75,265,https://www.youtube.com/watch?v=354fAiliLlo,0,0,0,,0,0,0,0,
3df940c5d9d3488b941948d3e21c8edc,857,3199,0,0,0,,0,0,0,,0,0,0,,0,0,0,0,
bb56715066e548c297232372a16ab083,857,52725,1,0,11,https://www.youtube.com/watch?v=3CiNiRiJ3Ts,0,0,0,,1,0,11,https://www.youtube.com/watch?v=3CiNiRiJ3Ts,1321,61,50,151,https://www.twitch.tv/videos/2112260440
fad69c2a625446829ef410d9ef277c8f,855,17643,231,108,605,https://www.youtube.com/watch?v=M_GTa_zmxO8,253,122,458,https://www.youtube.com/watch?v=IZXBSGwVQFg,78,49,605,https://www.youtube.com/watch?v=M_GTa_zmxO8,0,0,0,0,
8e2559d9a7714ecd9cb0448b4d28f8d2,855,24272,416,61,432,https://www.youtube.com/watch?v=k-CyN_UYTOg,0,0,0,,416,61,432,https://www.youtube.com/watch?v=k-CyN_UYTOg,4568,193,117,441,https://www.twitch.tv/videos/2112356928
94f9966aa28a45e1ab4b94507037d1d7,854,66446,90,36,130,https://www.youtube.com/watch?v=9FQrytNJNL8,90,36,130,https://www.youtube.com/watch?v=9FQrytNJNL8,0,0,0,,0,0,0,0,
689bcf2176f84f86a4fb53800f25ea7a,853,1473,0,0,0,,0,0,0,,0,0,0,,0,0,0,0,
7c6d1a181c90471887696ff9637aed03,851,26842,0,0,0,,0,0,0,,0,0,0,,0,0,0,0,
44ae1f339250472c82d1fc4ffb3610ad,850,30054,0,0,0,,0,0,0,,0,0,0,,700,146,103,249,https://www.twitch.tv/videos/2111146588
0294dc5e3fb14312b472bb05af5ad329,849,21536,0,0,0,,0,0,0,,0,0,0,,0,0,0,0,
a1ef171711404951a987f4c9bc5e64f0,849,43904,0,0,0,,0,0,0,,0,0,0,,0,0,0,0,
ccf93d7646f249dfa3454f5a60f466c8,845,21068,49,25,149,https://www.youtube.com/watch?v=5iUdsKuFKJk,55,29,149,https://www.youtube.com/watch?v=5iUdsKuFKJk,38,14,41,https://www.youtube.com/watch?v=TigizE7Vg9E,0,0,0,0,
747fb5e9d30240a1ac42fbf37e86b55d,842,25865,65,34,576,https://www.youtube.com/watch?v=dxpK0ku68Aw,71,43,576,https://www.youtube.com/watch?v=dxpK0ku68Aw,59,34,442,https://www.youtube.com/watch?v=1be3mQfz91c,300,15,11,39,https://www.twitch.tv/videos/2112535239
7f7e1579979c49249dc65783d457e890,840,16514,30,12,123,https://www.youtube.com/watch?v=XYTPKhIIVvY,21,10,123,https://www.youtube.com/watch?v=XYTPKhIIVvY,55,18,73,https://www.youtube.com/watch?v=z-Tsl_U05z4,324,0,0,0,
30bc516401f24514aaecce081979ab50,838,14343,0,0,0,,0,0,0,,0,0,0,,0,0,0,0,
06a61409f4334b0eb8a5f647b819c78b,837,49329,96,23,117,https://www.youtube.com/watch?v=MiYuysU7kkI,115,41,117,https://www.youtube.com/watch?v=MiYuysU7kkI,27,17,96,https://www.youtube.com/watch?v=1iLo-dBTPYY,0,0,0,0,
b5ff000d6dd74683b17965294f1c4bf7,831,27628,55,34,66,https://www.youtube.com/watch?v=AUyjLxwOr60,55,34,66,https://www.youtube.com/watch?v=AUyjLxwOr60,0,0,0,,771,59,36,63,https://www.twitch.tv/videos/2107697342
49f14b84269f458099232c2a21b2ba74,831,21287,91,34,175,https://www.youtube.com/watch?v=8MMGFK7bEJw,91,34,175,https://www.youtube.com/watch?v=8MMGFK7bEJw,0,0,0,,0,0,0,0,
62c12910ed8543ffaa91b4ad33f71fec,830,9185,64,19,75,https://www.youtube.com/watch?v=sxjQqLfgF-0,74,10,75,https://www.youtube.com/watch?v=sxjQqLfgF-0,32,29,32,https://www.youtube.com/watch?v=Zlfb4ZMoeTU,0,0,0,0,
6fa5098cd1c644c5871a47a7e56803dc,829,15466,170,119,360,https://www.youtube.com/watch?v=Iu6nYM-f6Oo,158,119,296,https://www.youtube.com/watch?v=wmHgW_3oAMA,265,112,360,https://www.youtube.com/watch?v=Iu6nYM-f6Oo,0,0,0,0,
3e41189706dd483db4e407c295b058ce,828,49525,16,11,52,https://www.youtube.com/watch?v=1zOea2ME-F8,16,12,48,https://www.youtube.com/watch?v=uVvha0zKGcQ,11,4,52,https://www.youtube.com/watch?v=1zOea2ME-F8,3089,332,221,569,https://www.twitch.tv/videos/2105844159
ff063abda8d24869b8d34267e673958f,827,0,0,0,0,,0,0,0,,0,0,0,,0,0,0,0,
ecbe9a46c7ec4f3d8fe217012c39d490,823,293755,0,0,0,,0,0,0,,0,0,0,,0,0,0,0,
13a3d049cda44b9e8da24006e642dd78,822,23195,0,0,0,,0,0,0,,0,0,0,,2863,150,116,150,https://www.twitch.tv/videos/2107612227
73f219fc31294239804b67151318e0a8,821,38318,0,0,0,,0,0,0,,0,0,0,,263,0,0,0,
d9baa82223d04494abd266da86171d95,819,0,0,0,0,,0,0,0,,0,0,0,,663,0,0,0,
9715832a3f2b4469a59c5d277aa4fc34,816,18422,51,20,178,https://www.youtube.com/watch?v=-Bf_vY6BKW0,50,19,178,https://www.youtube.com/watch?v=-Bf_vY6BKW0,65,33,65,https://www.youtube.com/watch?v=Pft3x_Ah_Q4,0,0,0,0,
686fa700c1ee4d179ed277d5b101f8a4,816,25182,0,0,0,,0,0,0,,0,0,0,,0,0,0,0,
f1dff6bebe3a4fa7a4b9c05f91bdc42b,812,0,0,0,0,,0,0,0,,0,0,0,,0,0,0,0,
853afd5eb42e4f61bb0f9478aa8c1661,812,0,0,0,0,,0,0,0,,0,0,0,,0,0,0,0,
3c0a36d022cf4d47af7af109819ebfec,812,7408,0,0,0,,0,0,0,,0,0,0,,0,0,0,0,
50a5bb8d33e14c81813bd0d02dc34b58,810,0,0,0,0,,0,0,0,,0,0,0,,0,0,0,0,
fceadce7c37f4cc08bc747aa79c3cf9e,810,37837,90,52,750,https://www.youtube.com/watch?v=SIm10gmrfF4,121,80,750,https://www.youtube.com/watch?v=SIm10gmrfF4,35,18,472,https://www.youtube.com/watch?v=d5E7m3szdIY,0,0,0,0,
1145b6f48caf4756a889a437025c3db2,809,21933,54,25,165,https://www.youtube.com/watch?v=_gwkjEIpRJA,54,28,165,https://www.youtube.com/watch?v=_gwkjEIpRJA,11,10,11,https://www.youtube.com/watch?v=ia07xpBkU4E,414,203,136,254,https://www.twitch.tv/videos/2105784693
13992a4fb59649ada3a2adf027b5b35a,809,34126,54,36,712,https://www.youtube.com/watch?v=U_mmWw9Tyjg,54,22,77,https://www.youtube.com/watch?v=t1me3lEz6go,408,125,712,https://www.youtube.com/watch?v=U_mmWw9Tyjg,3691,36,25,49,https://www.twitch.tv/videos/2109523396
798dda88504941b08a086b309c81b4ef,806,19861,119,53,184,https://www.youtube.com/watch?v=a4aOOUHVc4Y,119,53,184,https://www.youtube.com/watch?v=a4aOOUHVc4Y,0,0,0,,0,0,0,0,
29a3d514ca274f6fb966f9d70bed4b52,806,75387,0,0,0,,0,0,0,,0,0,0,,0,0,0,0,
521efecabae94dd6b1d21bc5e8543fcb,805,16397,262,96,314,https://www.youtube.com/watch?v=ar9yNyov82M,262,96,314,https://www.youtube.com/watch?v=ar9yNyov82M,0,0,0,,339,0,0,0,
63adc221665b47e6b9d638e66029958d,805,20529,63,62,63,https://www.youtube.com/watch?v=jCL0ajYgr1A,63,62,63,https://www.youtube.com/watch?v=jCL0ajYgr1A,0,0,0,,174,0,0,0,
a9986f3ad4f340f297e9eb132a05ac84,803,14113,0,0,0,,0,0,0,,0,0,0,,427,254,247,254,https://www.twitch.tv/videos/2113270728
945e26a69e2145219406bf2ca0d59554,798,21241,0,0,0,,0,0,0,,0,0,0,,688,0,0,0,
313ac2707d2548d18d1dfb62809ae162,796,24713,59,50,59,https://www.youtube.com/watch?v=6rpqjAw8Ai0,0,0,0,,59,50,59,https://www.youtube.com/watch?v=6rpqjAw8Ai0,0,0,0,0,
efe21404e1e344dda7e75ecb2c160895,792,18768,0,0,0,,0,0,0,,0,0,0,,0,0,0,0,
58374cba861d4267a84ad689bb6ce91a,792,26766,47,35,81,https://www.youtube.com/watch?v=5fwKqz5J82o,47,35,81,https://www.youtube.com/watch?v=5fwKqz5J82o,0,0,0,,0,0,0,0,
bbc277041cb743639026fb5b0db9c3bb,791,34233,0,0,0,,0,0,0,,0,0,0,,4111,266,186,343,https://www.twitch.tv/videos/2110317021
30a4362c1143491ea0ed5383c4882251,791,29823,114,91,280,https://www.youtube.com/watch?v=mzuMIqHDgNA,114,91,165,https://www.youtube.com/watch?v=9gFV1zYue4Y,165,156,280,https://www.youtube.com/watch?v=mzuMIqHDgNA,0,0,0,0,
f6d83aa286de43568b4e8f9e0976615a,790,87445,58,31,67,https://www.youtube.com/watch?v=tcUHiBM84c8,58,31,67,https://www.youtube.com/watch?v=tcUHiBM84c8,0,0,0,,0,0,0,0,
415ca337b1104450acbed1eb046c0a58,789,62866,0,0,0,,0,0,0,,0,0,0,,258,0,0,0,
b96e4730713c48899004d4af5975fe21,788,4913,0,0,0,,0,0,0,,0,0,0,,251,0,0,0,
c506f1ab266f47e2be683220533a4790,787,24584,64,11,64,https://www.youtube.com/watch?v=tjRYpflU5rE,64,11,64,https://www.youtube.com/watch?v=tjRYpflU5rE,0,0,0,,0,0,0,0,
17946118c2d641819c847aba0c491e13,785,3767,0,0,0,,0,0,0,,0,0,0,,3994,1522,1141,2972,https://www.twitch.tv/videos/2110578097
75e2a9a237e14297976b9b8946818de5,784,1529,0,0,0,,0,0,0,,0,0,0,,0,0,0,0,
1594067d444e4a53abb95bc1aa40e6db,781,23404,27,4,30,https://www.youtube.com/watch?v=NTwM_qQAgNg,0,0,0,,27,4,30,https://www.youtube.com/watch?v=NTwM_qQAgNg,413,33,32,59,https://www.twitch.tv/videos/2101901818
9cfe61128e134f8dad9bb6ebf568cd71,779,16052,79,42,95,https://www.youtube.com/watch?v=oVtuglOA72k,79,42,95,https://www.youtube.com/watch?v=oVtuglOA72k,0,0,0,,683,146,96,182,https://www.twitch.tv/videos/2100904715
a753be70dd194989835b604e4b249363,777,25799,0,0,0,,0,0,0,,0,0,0,,634,0,0,0,
9539cc114b7648efb72bafc3a7358ae6,775,0,0,0,0,,0,0,0,,0,0,0,,1983,0,0,0,
3204abe8247b45f08481bef65884ebc3,774,2874,0,0,0,,0,0,0,,0,0,0,,1309,124,96,124,https://www.twitch.tv/videos/2107612220
548f8fcaa1b24e878b97d572df450bcb,771,148238,18,8,50,https://www.youtube.com/watch?v=d9mxlS3uimg,16,9,50,https://www.youtube.com/watch?v=d9mxlS3uimg,49,5,49,https://www.youtube.com/watch?v=LARilepzFM8,0,0,0,0,
f2e0ed58531e4cd79d743120c960b6a9,767,248,0,0,0,,0,0,0,,0,0,0,,0,0,0,0,
a1880ae475fe44fc92760277c3f850ed,766,6393,0,0,0,,0,0,0,,0,0,0,,600,0,0,0,
899208f999aa4121ae2b67abb3190674,762,9358,8,4,22,https://www.youtube.com/watch?v=caxAU_KLxSY,0,0,0,,8,4,22,https://www.youtube.com/watch?v=caxAU_KLxSY,3858,274,226,307,https://www.twitch.tv/videos/2100882457
28e04c3575d84bd48e2de545801d4d06,761,17539,0,0,0,,0,0,0,,0,0,0,,0,0,0,0,
41ec65fd72424aa0b90cdfefd49bd35e,761,14909,113,65,188,https://www.youtube.com/watch?v=4CSv7qyvvCU,115,65,188,https://www.youtube.com/watch?v=4CSv7qyvvCU,82,74,110,https://www.youtube.com/watch?v=OQeZY6stB9Q,0,0,0,0,
8489d002b1704612bd0dd23f9a14ed51,760,30461,78,46,132,https://www.youtube.com/watch?v=7txoTmwLfXI,81,46,132,https://www.youtube.com/watch?v=7txoTmwLfXI,62,53,77,https://www.youtube.com/watch?v=q63jGFG31IA,146,0,0,0,
d475848a566848dc9f6ad02707d87e2a,758,61018,89,34,200,https://www.youtube.com/watch?v=-Cz2UP77ldA,85,34,200,https://www.youtube.com/watch?v=-Cz2UP77ldA,157,25,188,https://www.youtube.com/watch?v=dVN0UIm-4Ew,0,0,0,0,
ff1dd127b71b4c3597dcb53c47782994,756,23425,185,49,423,https://www.youtube.com/watch?v=OezMAyjrYbg,0,0,0,,185,49,423,https://www.youtube.com/watch?v=OezMAyjrYbg,3674,349,286,609,https://www.twitch.tv/videos/2099847987
96f73c5682e942ef888a3313031c7f58,754,11244,0,0,0,,0,0,0,,0,0,0,,0,0,0,0,
971c91b32e9b4e1abfdafe711cb9e440,754,33083,101,14,120,https://www.youtube.com/watch?v=i1bMz4hbTWo,82,8,82,https://www.youtube.com/watch?v=mmEEfUJ8AJY,120,21,120,https://www.youtube.com/watch?v=i1bMz4hbTWo,0,0,0,0,
03c9d83a4c534b65a5743b381eb2ce33,753,11166,52,30,100,https://www.youtube.com/watch?v=Uak9gQjHV1s,54,30,100,https://www.youtube.com/watch?v=Uak9gQjHV1s,21,3,21,https://www.youtube.com/watch?v=UZKyxhJdq6o,375,0,0,0,
43acb25e255340d09b50283f0308d1ff,753,151859,58,30,202,https://www.youtube.com/watch?v=rG5ZjauF-D4,58,30,202,https://www.youtube.com/watch?v=rG5ZjauF-D4,80,22,120,https://www.youtube.com/watch?v=k32yEcxR5bI,0,0,0,0,
d695f574875549f28432ee0a9bbf6235,752,8368,0,0,0,,0,0,0,,0,0,0,,390,0,0,0,
de6ab52e6aca42d2ab88274244e772fc,751,23719,88,13,122,https://www.youtube.com/watch?v=sHGnr47V1HQ,88,13,122,https://www.youtube.com/watch?v=sHGnr47V1HQ,0,0,0,,0,0,0,0,
c2362f5ca48445a89fd081c4b2bc74d4,749,20020,76,26,156,https://www.youtube.com/watch?v=M_xshjwHSRY,76,26,156,https://www.youtube.com/watch?v=M_xshjwHSRY,0,0,0,,102,0,0,0,
b8c13d7702844995a0b4a66eda4d31bc,746,11500,4,1,17,https://www.youtube.com/watch?v=O9K6C1OnJ5k,0,0,0,,4,1,17,https://www.youtube.com/watch?v=O9K6C1OnJ5k,484,85,62,133,https://www.twitch.tv/videos/2102844582
833f3b796f48477aae3b8e902270ab36,746,32137,0,0,0,,0,0,0,,0,0,0,,3,0,0,0,
0f97f20ec79649e687590a4dc7328a21,745,19036,0,0,0,,0,0,0,,0,0,0,,246,19,15,26,https://www.twitch.tv/videos/2103841287
eef7776c596141afb7efb9c1790bcb64,744,32288,0,0,0,,0,0,0,,0,0,0,,1554,0,0,0,
27f5926236d04e34a08fdb7ab83940bc,743,18225,128,72,382,https://www.youtube.com/watch?v=HaJbpQkiTbE,137,72,382,https://www.youtube.com/watch?v=HaJbpQkiTbE,128,125,128,https://www.youtube.com/watch?v=yOntUmpzZ3o,0,0,0,0,
970ee869c72747eeb83f71f3c533fab3,743,18634,0,0,0,,0,0,0,,0,0,0,,1578,0,0,0,
607d6173383c4118a32171fbcfc98e60,742,19237,69,24,97,https://www.youtube.com/watch?v=x1JqO40XJ7k,0,0,0,,69,24,97,https://www.youtube.com/watch?v=x1JqO40XJ7k,9570,0,0,0,
d573ba517ed043a780491c40a7aaa22e,742,0,0,0,0,,0,0,0,,0,0,0,,0,0,0,0,
80dda735a7784d7fb999892874a05f0c,741,11852,430,155,430,https://www.youtube.com/watch?v=ApIUaZf3Rz0,0,0,0,,430,155,430,https://www.youtube.com/watch?v=ApIUaZf3Rz0,3220,805,590,5807,https://www.twitch.tv/videos/2104562126
a666cf6707d14cdbbe6581a8964aabd0,740,18009,0,0,0,,0,0,0,,0,0,0,,636,0,0,0,
9fb9fe13bf124da3a1affb24c5bba5e2,737,21083,50,34,70,https://www.youtube.com/watch?v=0UkdVNmgtSs,50,34,70,https://www.youtube.com/watch?v=0UkdVNmgtSs,0,0,0,,0,0,0,0,
edaf166616b545ee8e88dc38620d637c,734,12651,0,0,0,,0,0,0,,0,0,0,,0,0,0,0,
ab7fb3b59bef4d869388be703ffa8c01,734,11812,0,0,0,,0,0,0,,0,0,0,,0,0,0,0,
50a1d5a17d2a40d2b7388173c9bf925d,733,52556,0,0,0,,0,0,0,,0,0,0,,0,0,0,0,
0a55a882e4ae4a1e9c1e77ea001aa91b,733,25308,0,0,0,,0,0,0,,0,0,0,,1113,22,17,39,https://www.twitch.tv/videos/2099890543
6b43c568bdf044e4a4ae0bae0cb9fff2,732,22943,127,70,341,https://www.youtube.com/watch?v=bpscGsxdbwQ,120,70,284,https://www.youtube.com/watch?v=TYa8UKeMbmw,208,89,341,https://www.youtube.com/watch?v=bpscGsxdbwQ,0,0,0,0,
f45249f9d8094f9d85f6d02aec4af029,731,28947,44,14,141,https://www.youtube.com/watch?v=2Sn030pr7nM,27,13,141,https://www.youtube.com/watch?v=2Sn030pr7nM,61,57,61,https://www.youtube.com/watch?v=52wNv9QLjOA,0,0,0,0,
9381d47d490245a9b90fa8beb9a68b5c,731,582,0,0,0,,0,0,0,,0,0,0,,0,0,0,0,
a92fe8f83bb3411eaae75ac82954ff16,725,10666,31,10,58,https://www.youtube.com/watch?v=HWjlpFPT9aI,31,10,58,https://www.youtube.com/watch?v=HWjlpFPT9aI,0,0,0,,0,0,0,0,
0fbdfcc1b9cf41fdb840cf2f546d9324,724,6219,20,9,55,https://www.youtube.com/watch?v=E3cQlkgMUa8,20,9,55,https://www.youtube.com/watch?v=E3cQlkgMUa8,0,0,0,,0,0,0,0,
0e17da7ad6e94a73a2ce539bb6ea293d,719,0,0,0,0,,0,0,0,,0,0,0,,0,0,0,0,
3dd8c72cab6d494dbd6fbf0a0e3dc41a,719,24858,134,97,1099,https://www.youtube.com/watch?v=u_ZDcmcRZ4c,134,97,1099,https://www.youtube.com/watch?v=u_ZDcmcRZ4c,0,0,0,,104,77,70,108,https://www.twitch.tv/videos/2112448168
d8b0b4e36c614d328620461a295572a1,718,25956,100,36,268,https://www.youtube.com/watch?v=wBREzdmxaPE,100,36,268,https://www.youtube.com/watch?v=wBREzdmxaPE,0,0,0,,118,0,0,0,
9de74d9cd68f481396a3dbd76d529a24,716,69025,284,133,2983,https://www.youtube.com/watch?v=QJzEeRCq7Hg,200,90,335,https://www.youtube.com/watch?v=gMb-XSHoB8o,462,230,2983,https://www.youtube.com/watch?v=QJzEeRCq7Hg,0,0,0,0,
0528d5a963af400884b2db8484a0d152,715,10302,85,52,287,https://www.youtube.com/watch?v=Yk33SeKqpNY,0,0,0,,85,52,287,https://www.youtube.com/watch?v=Yk33SeKqpNY,377,12,8,12,https://www.twitch.tv/videos/2105643712
c747687c19704747b4cae2d4d5715aa0,713,10402,25,22,1029,https://www.youtube.com/watch?v=t1KKernvcnk,0,0,0,,25,22,1029,https://www.youtube.com/watch?v=t1KKernvcnk,3741,309,89,980,https://www.twitch.tv/videos/2086505512
4c12d4acc74d46e3b336d51c07523305,712,13274,74,40,187,https://www.youtube.com/watch?v=YY31jg929_Q,74,39,187,https://www.youtube.com/watch?v=YY31jg929_Q,74,64,74,https://www.youtube.com/watch?v=JlW7rHc6FZY,0,0,0,0,
d564ef4ee383435787e18dee18247631,711,27036,66,42,539,https://www.youtube.com/watch?v=aDP90ZMOS4U,71,50,170,https://www.youtube.com/watch?v=ht1gkgdDf2M,49,23,539,https://www.youtube.com/watch?v=aDP90ZMOS4U,228,13,10,40,https://www.twitch.tv/videos/2113209615
0f74555e05794780adc4eb0b9096f727,708,2777,162,125,1780,https://www.youtube.com/watch?v=LN_WVmtqn6U,128,100,379,https://www.youtube.com/watch?v=-ynuqIcXzmg,1780,359,1780,https://www.youtube.com/watch?v=LN_WVmtqn6U,90,0,0,0,
12f51c457b27425fa98fe89c24ccb61c,708,8703,87,41,273,https://www.youtube.com/watch?v=iXrtrROKUes,94,47,273,https://www.youtube.com/watch?v=iXrtrROKUes,58,41,58,https://www.youtube.com/watch?v=-vmw2o6xzbE,0,0,0,0,
2131a63328214b7f9a1022dae6890d66,708,24333,175,77,295,https://www.youtube.com/watch?v=QqgO2zr_SRI,175,77,295,https://www.youtube.com/watch?v=QqgO2zr_SRI,0,0,0,,292,0,0,0,
e44a37ed06c749da9aeea8e16b309a84,706,28573,0,0,0,,0,0,0,,0,0,0,,28,0,0,0,
f232bcca5fe54991838fd1e2551b3527,705,248,0,0,0,,0,0,0,,0,0,0,,0,0,0,0,
395eade6d67445e1831010cac52ab444,704,10317,89,30,239,https://www.youtube.com/watch?v=H5N1IVvoTwU,89,30,239,https://www.youtube.com/watch?v=H5N1IVvoTwU,0,0,0,,569,80,61,103,https://www.twitch.tv/videos/2109596004
4eecf80e6ecc4644a7ff08314e6e0c82,704,11336,114,48,529,https://www.youtube.com/watch?v=e2VDDmdSZSQ,114,54,210,https://www.youtube.com/watch?v=nWcg2hI0SFo,288,33,529,https://www.youtube.com/watch?v=e2VDDmdSZSQ,238,0,0,0,
a2c7c34474174cd2bffcc17a32aeec21,703,21950,81,56,1323,https://www.youtube.com/watch?v=0U_0amJNYNE,91,63,582,https://www.youtube.com/watch?v=OPiGYzWOgTQ,40,22,1323,https://www.youtube.com/watch?v=0U_0amJNYNE,563,152,110,207,https://www.twitch.tv/videos/2102873389
e83a22c584774763a3b91d557141604d,702,7240,0,0,0,,0,0,0,,0,0,0,,1312,242,147,697,https://www.twitch.tv/videos/2110206954
68ded9e397c846acb7b85224713b8b80,702,18046,77,48,77,https://www.youtube.com/watch?v=_SwnUoWi-VU,77,48,77,https://www.youtube.com/watch?v=_SwnUoWi-VU,0,0,0,,0,0,0,0,
bc7d14416ba24cc8819f0753e1f595f5,701,17065,85,52,377,https://www.youtube.com/watch?v=p5EMICqFTrM,85,52,117,https://www.youtube.com/watch?v=OttIZ83Vjbs,228,101,377,https://www.youtube.com/watch?v=p5EMICqFTrM,0,0,0,0,
376881e818cc47c2a045ca4cb8361380,700,30412,74,19,128,https://www.youtube.com/watch?v=2iSiTh6W38g,0,0,0,,74,19,128,https://www.youtube.com/watch?v=2iSiTh6W38g,317,142,118,237,https://www.twitch.tv/videos/2106642040
506d9c6fdbd34c8aa5fda64d90d96ac2,700,57528,85,48,10316,https://www.youtube.com/watch?v=4NCo7TpJzaI,78,48,145,https://www.youtube.com/watch?v=zGWnFHkExw8,2463,526,10316,https://www.youtube.com/watch?v=4NCo7TpJzaI,0,0,0,0,
d792696470b54bd4947a59b10759a636,699,29460,76,51,132,https://www.youtube.com/watch?v=n57MfF2NBFY,76,51,132,https://www.youtube.com/watch?v=n57MfF2NBFY,0,0,0,,0,0,0,0,
a2ee4a74f9ca40f5b6218de51736b9c8,697,33158,67,23,112,https://www.youtube.com/watch?v=K35n3moxhPU,67,23,112,https://www.youtube.com/watch?v=K35n3moxhPU,0,0,0,,0,0,0,0,
8a3a04df8f6048d19825cdfef59ecdc1,695,18415,0,0,0,,0,0,0,,0,0,0,,0,0,0,0,
6c3eeb48b7764f11804ff8110d5d990b,693,62744,37,13,267,https://www.youtube.com/watch?v=IkHHNGr35yY,49,40,267,https://www.youtube.com/watch?v=IkHHNGr35yY,17,4,40,https://www.youtube.com/watch?v=7NCNe6HK6tc,0,0,0,0,
183c98a5b67141469d956ff89efe35ec,693,11699,89,35,120,https://www.youtube.com/watch?v=AGr5QuSauFc,101,54,120,https://www.youtube.com/watch?v=AGr5QuSauFc,55,22,95,https://www.youtube.com/watch?v=7VmkUcxcgxw,0,0,0,0,
44332b31031149f5bd411f415cbb531e,692,18742,65,47,290,https://www.youtube.com/watch?v=bd3Bo_-Ulyk,65,47,290,https://www.youtube.com/watch?v=bd3Bo_-Ulyk,0,0,0,,232,0,0,0,
515f61904a1a45688ea0d7bc1e7d499e,690,150703,277,125,504,https://www.youtube.com/watch?v=nHpsKR3BIOA,0,0,0,,277,125,504,https://www.youtube.com/watch?v=nHpsKR3BIOA,6,0,0,0,
facccde0b22e4f66bc41f54815fced73,690,25089,0,0,0,,0,0,0,,0,0,0,,0,0,0,0,
94b3f738cde248e3bf6061f1692d6337,690,161676,0,0,0,,0,0,0,,0,0,0,,0,0,0,0,
08268c9de16e423381e351aeef8f7ffb,690,16497,92,33,131,https://www.youtube.com/watch?v=ZChkLu1bZ9w,92,33,131,https://www.youtube.com/watch?v=ZChkLu1bZ9w,0,0,0,,0,0,0,0,
72f9ebd5a53f46199a492667190c0fc4,689,13325,27,7,27,https://www.youtube.com/watch?v=z6itDl2T3Qk,27,7,27,https://www.youtube.com/watch?v=z6itDl2T3Qk,0,0,0,,448,0,0,0,
7aeffe1ba0c443d5aa4721247b801593,689,54181,127,42,200,https://www.youtube.com/watch?v=T9_8sCgRva0,127,42,200,https://www.youtube.com/watch?v=T9_8sCgRva0,0,0,0,,0,0,0,0,
179483442df04a16bbcb193ae5356feb,688,8337,28,13,28,https://www.youtube.com/watch?v=BNW-pmfHAxU,28,13,28,https://www.youtube.com/watch?v=BNW-pmfHAxU,0,0,0,,0,0,0,0,
4caaacdde06c4a0a9662e0d1e07114e0,688,9574,58,30,117,https://www.youtube.com/watch?v=KA276Rxsnvg,58,30,117,https://www.youtube.com/watch?v=KA276Rxsnvg,0,0,0,,0,0,0,0,
3f3abaed158f420e84f9d1d5f4492b1d,687,34665,45,21,116,https://www.youtube.com/watch?v=woVWrv20Hz4,45,21,116,https://www.youtube.com/watch?v=woVWrv20Hz4,0,0,0,,453,25,20,49,https://www.twitch.tv/videos/2106575995
fb23227395a04a26abe441d1ac7978de,686,72424,80,3,80,https://www.youtube.com/watch?v=-vgNs1UfxCM,80,3,80,https://www.youtube.com/watch?v=-vgNs1UfxCM,0,0,0,,39,0,0,0,
aebb6a94560d43fb9807229237897119,686,9483,0,0,0,,0,0,0,,0,0,0,,2032,273,179,451,https://www.twitch.tv/videos/2100735330
53a39a5e2de449ccb192683b9df38fdf,685,40501,0,0,0,,0,0,0,,0,0,0,,0,0,0,0,
01fc7842da284adaad67d3774a4b2a6c,682,5570,70,29,88,https://www.youtube.com/watch?v=g39Wqh164gQ,70,29,88,https://www.youtube.com/watch?v=g39Wqh164gQ,0,0,0,,0,0,0,0,
278f93ad57b14f01a71f1e89598ee503,681,5648,70,44,70,https://www.youtube.com/watch?v=jy-ibT3i9u4,70,44,70,https://www.youtube.com/watch?v=jy-ibT3i9u4,0,0,0,,0,0,0,0,
209aec95c4ac42339796a28ce4757393,681,6122,0,0,0,,0,0,0,,0,0,0,,0,0,0,0,
263db06cfe814d4397e6fc8bc593e70e,681,41142,0,0,0,,0,0,0,,0,0,0,,0,0,0,0,
77f4700c452c4200a4e62effa2884b4a,677,24667,62,37,145,https://www.youtube.com/watch?v=OtglA11oSYQ,62,37,145,https://www.youtube.com/watch?v=OtglA11oSYQ,0,0,0,,711,0,0,0,
b8ccfa7aec6a419ca8ad1a91d9fafdf6,677,0,0,0,0,,0,0,0,,0,0,0,,1605,0,0,0,
2047c8ae25624470b90251b1fd9502d5,676,25874,62,11,71,https://www.youtube.com/watch?v=cyb8yDiklAs,62,11,71,https://www.youtube.com/watch?v=cyb8yDiklAs,0,0,0,,0,0,0,0,
74c75f221fbb4cffa67de26881bae17d,676,36430,161,66,382,https://www.youtube.com/watch?v=M5eEyRPXgbI,157,68,242,https://www.youtube.com/watch?v=jC22vtQ6eQw,272,38,382,https://www.youtube.com/watch?v=M5eEyRPXgbI,0,0,0,0,
6c5d547cdebf4daf813ac8b66c9fb873,675,12505,393,148,393,https://www.youtube.com/watch?v=YGufR4nulfs,0,0,0,,393,148,393,https://www.youtube.com/watch?v=YGufR4nulfs,0,0,0,0,
f461b26ba47b4e37a90d2ca4fa5fa329,674,17016,161,69,257,https://www.youtube.com/watch?v=lsEwcOWeGNQ,161,69,257,https://www.youtube.com/watch?v=lsEwcOWeGNQ,0,0,0,,0,0,0,0,
5f413dce55614542940c58900ef1c82c,672,13451,0,0,0,,0,0,0,,0,0,0,,650,29,20,65,https://www.twitch.tv/videos/2112514383
a0467c81a3014fbf83029acffe5b1d3f,669,11739,14,8,14,https://www.youtube.com/watch?v=T96qmCGAm_g,0,0,0,,14,8,14,https://www.youtube.com/watch?v=T96qmCGAm_g,1134,70,42,155,https://www.twitch.tv/videos/2111361321
a0dbf7095446402ea77b11d8cced5a4b,668,16490,31,13,31,https://www.youtube.com/watch?v=E-uAxfItHmg,31,13,31,https://www.youtube.com/watch?v=E-uAxfItHmg,0,0,0,,0,0,0,0,
9b64082043fc451f9dd5edc793fa8605,667,8801,7,3,38,https://www.youtube.com/watch?v=K9N3Qe3r6lY,0,0,0,,7,3,38,https://www.youtube.com/watch?v=K9N3Qe3r6lY,0,0,0,0,
139504fddc7f4168b2852e4ffc685794,667,21679,0,0,0,,0,0,0,,0,0,0,,0,0,0,0,
00a208caab334f6daf286ebb92cfd9da,666,9045,27,4,114,https://www.youtube.com/watch?v=MFL4Qgph0n8,36,5,114,https://www.youtube.com/watch?v=MFL4Qgph0n8,23,3,31,https://www.youtube.com/watch?v=lXm44IEpaQA,336,0,0,0,
bb775b8f85574398af290f5be009d40e,665,1226,0,0,0,,0,0,0,,0,0,0,,0,0,0,0,
b93b5ffedc3f4310af888462d65e4082,664,22138,13,7,31,https://www.youtube.com/watch?v=bEJV-t0AYBs,13,7,31,https://www.youtube.com/watch?v=bEJV-t0AYBs,0,0,0,,94,60,55,60,https://www.twitch.tv/videos/2111984690
bd04e64364a545d39069ab05e09c8156,664,24452,64,27,536,https://www.youtube.com/watch?v=PoBZkmKtxVE,55,23,158,https://www.youtube.com/watch?v=GUMY0xAU2Z0,387,119,536,https://www.youtube.com/watch?v=PoBZkmKtxVE,0,0,0,0,
d33940525b7f4b9db9ce85e08b4c175e,663,19478,0,0,0,,0,0,0,,0,0,0,,5781,200,155,303,https://www.twitch.tv/videos/2100056572
2e925787fbf44ad2807e581ed98c7f53,663,12313,0,0,0,,0,0,0,,0,0,0,,218,0,0,0,
fcf611e0ddc5474b9836eb8aa2fe1d24,663,48656,5,1,42,https://www.youtube.com/watch?v=d1ldcQ-_Dhg,0,0,0,,5,1,42,https://www.youtube.com/watch?v=d1ldcQ-_Dhg,0,0,0,0,
8c59e356f1564e068e1c81ac7de1a4e3,662,25550,62,30,95,https://www.youtube.com/watch?v=6DWSH96D8D8,62,30,95,https://www.youtube.com/watch?v=6DWSH96D8D8,0,0,0,,0,0,0,0,
45baafce0f294208a063a496814b7986,661,26589,47,33,108,https://www.youtube.com/watch?v=Ax_DRbDQdWw,57,37,108,https://www.youtube.com/watch?v=Ax_DRbDQdWw,12,0,12,https://www.youtube.com/watch?v=Qm3PxWuLWTs,0,0,0,0,
c344e1ecd1b54dceb0abd98e351177fa,660,16226,0,0,0,,0,0,0,,0,0,0,,0,0,0,0,
1b8f1c5c6e784ef4930d7e0f1dc35e4e,660,0,0,0,0,,0,0,0,,0,0,0,,0,0,0,0,
a0f657e0538e4269af88094fa1c3dacb,658,8288,206,77,314,https://www.youtube.com/watch?v=7KOHd6ec04M,206,77,314,https://www.youtube.com/watch?v=7KOHd6ec04M,0,0,0,,0,0,0,0,
e888326df83d41f680960f24bb55c670,656,11025,0,0,0,,0,0,0,,0,0,0,,0,0,0,0,
f220baaf52864d7eba4b39877bc2afd2,656,11422,0,0,0,,0,0,0,,0,0,0,,1155,0,0,0,
1ee3a662da8a439887a931727cb07317,656,71743,57,25,95,https://www.youtube.com/watch?v=4DFW6vGL5Lg,57,25,95,https://www.youtube.com/watch?v=4DFW6vGL5Lg,0,0,0,,0,0,0,0,
80ae039e7c3e4e90b6b3994ead599307,656,34147,178,173,178,https://www.youtube.com/watch?v=_A1qvRm6xM4,178,173,178,https://www.youtube.com/watch?v=_A1qvRm6xM4,0,0,0,,0,0,0,0,
f513e865b8aa4afab938316563c4955f,655,28814,0,0,0,,0,0,0,,0,0,0,,461,0,0,0,
8bd1aad0ee834101b6042c08495a31be,655,15166,0,0,0,,0,0,0,,0,0,0,,207,28,25,28,https://www.twitch.tv/videos/2111489238
0a000a22ebd84abf860bcd5ef0a5ed60,654,16503,12,4,37,https://www.youtube.com/watch?v=XpjrMd6aabk,0,0,0,,12,4,37,https://www.youtube.com/watch?v=XpjrMd6aabk,1618,0,0,0,
0d080db8809848e2ba918799b2f7885b,654,27143,59,28,99,https://www.youtube.com/watch?v=HlHlktbukXY,59,28,99,https://www.youtube.com/watch?v=HlHlktbukXY,0,0,0,,0,0,0,0,
e28e3e0d6eeb41fd836c199f4007b4df,653,5984,25,6,74,https://www.youtube.com/watch?v=U48ijW8kDYA,44,24,74,https://www.youtube.com/watch?v=U48ijW8kDYA,13,3,25,https://www.youtube.com/watch?v=nk8ga6lcP68,2753,132,107,421,https://www.twitch.tv/videos/2101023952
de7f8ba1753d4e4cb95e6ac99007eacc,651,6982,154,64,272,https://www.youtube.com/watch?v=SsL2QITcie0,154,64,272,https://www.youtube.com/watch?v=SsL2QITcie0,0,0,0,,0,0,0,0,
4d4410bdde7d4107809dc6e1e2ce0e0e,651,18363,0,0,0,,0,0,0,,0,0,0,,0,0,0,0,
4077520d348749e49598cd5fa1058b6a,651,43477,16,6,59,https://www.youtube.com/watch?v=kc0aB3_s_zo,16,6,59,https://www.youtube.com/watch?v=kc0aB3_s_zo,0,0,0,,205,0,0,0,
00de1290ff0a4edda4db0385a6ba3300,651,18416,0,0,0,,0,0,0,,0,0,0,,1462,146,143,201,https://www.twitch.tv/videos/2109459743
f5a37da60cb74069a7dc13867404521f,649,35231,207,51,412,https://www.youtube.com/watch?v=WTUivhaD-JM,149,28,207,https://www.youtube.com/watch?v=kszR-8eInOI,412,60,412,https://www.youtube.com/watch?v=WTUivhaD-JM,0,0,0,0,
3034b51ec8ad439fa7033773a72a5c4a,647,10369,11,4,100,https://www.youtube.com/watch?v=CFPE2vFEV0I,0,0,0,,11,4,100,https://www.youtube.com/watch?v=CFPE2vFEV0I,2693,397,315,465,https://www.twitch.tv/videos/2111306247
c7344bac508b46f2a20c4bb6861f33ab,646,4493,0,0,0,,0,0,0,,0,0,0,,0,0,0,0,
32a5b834b2bf4912bcd54ac00ae13285,646,1661,0,0,0,,0,0,0,,0,0,0,,1277,215,137,657,https://www.twitch.tv/videos/2105600676
33d7e63ca02941ea86df9a57a8036f12,643,33448,0,0,0,,0,0,0,,0,0,0,,0,0,0,0,
75efe1c591fa4cba93c4938c58cfed27,641,0,0,0,0,,0,0,0,,0,0,0,,0,0,0,0,
66d986eaa59347b0b18c5ed103cb173e,638,28215,27,13,42,https://www.youtube.com/watch?v=avL12eKLlj0,25,10,35,https://www.youtube.com/watch?v=ss5ni5AjXOo,42,25,42,https://www.youtube.com/watch?v=avL12eKLlj0,0,0,0,0,
960c19dbf65f4b7fa27439d1ede2af21,638,22251,0,0,0,,0,0,0,,0,0,0,,0,0,0,0,
4e7110080135486ba1d83d3e5cdbf0ca,637,5475,128,69,196,https://www.youtube.com/watch?v=KslkIldZjE8,128,69,196,https://www.youtube.com/watch?v=KslkIldZjE8,0,0,0,,189,0,0,0,
7653119a278b4ea59d2af5e2ba7d30e0,637,12110,140,94,697,https://www.youtube.com/watch?v=CP8yefsS6QE,137,60,236,https://www.youtube.com/watch?v=3IyJkw5MIcA,140,116,697,https://www.youtube.com/watch?v=CP8yefsS6QE,0,0,0,0,
497385ad229548cdb0c80d89b70d050f,636,27716,106,78,452,https://www.youtube.com/watch?v=PehV6q2FqI4,106,79,253,https://www.youtube.com/watch?v=B1MJvCLAobM,106,77,452,https://www.youtube.com/watch?v=PehV6q2FqI4,0,0,0,0,
f5260b1a196a43f8b4aff1cc742a67f4,636,1669,0,0,0,,0,0,0,,0,0,0,,0,0,0,0,
8729a18bfb7848d880a59da20b281640,635,1329,0,0,0,,0,0,0,,0,0,0,,589,0,0,0,
8e858eb26f3b4ca2beab2baccc887893,633,13359,0,0,0,,0,0,0,,0,0,0,,1910,145,110,165,https://www.twitch.tv/videos/2106759462
a1d00cd951ed45afb01e1668dfae6592,633,7784,0,0,0,,0,0,0,,0,0,0,,0,0,0,0,
647a4992105c4f18b92239156e0064fb,632,10865,67,40,108,https://www.youtube.com/watch?v=-yGcU0shEOM,67,40,108,https://www.youtube.com/watch?v=-yGcU0shEOM,0,0,0,,141,18,14,40,https://www.twitch.tv/videos/2105862195
0800162a149e420ea0386c9506e710b7,632,26829,12,5,91,https://www.youtube.com/watch?v=clVXZbGBbqM,0,0,0,,12,5,91,https://www.youtube.com/watch?v=clVXZbGBbqM,0,0,0,0,
5f8e197a06bc453e8d9e0a1c6cb92f1c,632,18760,4,0,23,https://www.youtube.com/watch?v=U5nGb-Radbk,0,0,0,,4,0,23,https://www.youtube.com/watch?v=U5nGb-Radbk,1353,257,205,268,https://www.twitch.tv/videos/2110506095
f7c5ff874d1d4528a36c0a54d27017a3,631,45647,25,8,49,https://www.youtube.com/watch?v=HiwWRKFFWwo,25,8,49,https://www.youtube.com/watch?v=HiwWRKFFWwo,0,0,0,,0,0,0,0,
aef2ed42d49343f28394b6335695b5ac,631,45046,2,0,5,https://www.youtube.com/watch?v=qL50c7xIfpo,0,0,0,,2,0,5,https://www.youtube.com/watch?v=qL50c7xIfpo,2765,161,131,324,https://www.twitch.tv/videos/2112193978
677a773535814b5fa2d557da2f80bb89,629,13966,22,21,22,https://www.youtube.com/watch?v=kB7byrS86Pg,22,21,22,https://www.youtube.com/watch?v=kB7byrS86Pg,0,0,0,,398,0,0,0,
19cd90980abe4f038f8f226f4f1bcabb,629,22487,0,0,0,,0,0,0,,0,0,0,,321,0,0,0,
9b424d3a99ef4fc3b17bc7fef92fefd3,629,5451,52,22,212,https://www.youtube.com/watch?v=fkJBLwP_rMQ,31,18,34,https://www.youtube.com/watch?v=DuOstpaCcao,88,62,212,https://www.youtube.com/watch?v=fkJBLwP_rMQ,354,0,0,0,
7441319fa18e4556a8ee9ef4e6396ee0,628,46297,17,7,78,https://www.youtube.com/watch?v=TfinmrX7EB0,20,10,78,https://www.youtube.com/watch?v=TfinmrX7EB0,15,6,74,https://www.youtube.com/watch?v=3iqFuOiupJg,0,0,0,0,
0446516df6074a4ba8a0f3639b17de46,627,9391,202,133,326,https://www.youtube.com/watch?v=71RKPsavbqc,222,145,326,https://www.youtube.com/watch?v=71RKPsavbqc,129,116,129,https://www.youtube.com/watch?v=5P_3fKxug5Q,0,0,0,0,
75e0561f549f4775b90601a9d308340a,625,36918,94,47,195,https://www.youtube.com/watch?v=lrqa_Z_6DSo,94,47,195,https://www.youtube.com/watch?v=lrqa_Z_6DSo,0,0,0,,0,0,0,0,
e4a78a4115b7463eb3e42f1cbbd59aa0,623,34366,34,15,40,https://www.youtube.com/watch?v=Efwh-LMS6lg,34,15,40,https://www.youtube.com/watch?v=Efwh-LMS6lg,0,0,0,,0,0,0,0,
e55e67f2f7f64a6da7ae604df1652f5e,621,220113,46,26,542,https://www.youtube.com/watch?v=IiaGO8w-gGA,40,36,40,https://www.youtube.com/watch?v=oo7taogq8d0,52,16,542,https://www.youtube.com/watch?v=IiaGO8w-gGA,0,0,0,0,
d7b96c6024ce479f9b8f8c0a5439c9af,620,7767,20,12,43,https://www.youtube.com/watch?v=Uo5bwh8Lj7c,0,0,0,,20,12,43,https://www.youtube.com/watch?v=Uo5bwh8Lj7c,1795,149,125,259,https://www.twitch.tv/videos/2112298389
15ec206bfc374aaaa594bc12e9887a69,620,6289,0,0,0,,0,0,0,,0,0,0,,1022,175,125,353,https://www.twitch.tv/videos/2109465289
19ccc34670ad4ea6b4d8bc5aaafdf876,619,12474,0,0,0,,0,0,0,,0,0,0,,0,0,0,0,
1f9790fcccf04b5b871fea65e7f59e30,618,27566,219,17,385,https://www.youtube.com/watch?v=WKtHSAIv1X8,0,0,0,,219,17,385,https://www.youtube.com/watch?v=WKtHSAIv1X8,0,0,0,0,
1cdbceb7ad414bb59b3a9563a93fe840,618,10421,126,50,590,https://www.youtube.com/watch?v=v6tkLYsTI5k,131,51,305,https://www.youtube.com/watch?v=m5MSWsKxeNQ,96,41,590,https://www.youtube.com/watch?v=v6tkLYsTI5k,0,0,0,0,
0f11420beab0442eae0208ac63d4474c,617,9497,0,0,0,,0,0,0,,0,0,0,,0,0,0,0,
aabaf7767fa5449b86f58160496d0d4c,615,26935,61,25,147,https://www.youtube.com/watch?v=lbHa7R7yIHE,61,25,147,https://www.youtube.com/watch?v=lbHa7R7yIHE,0,0,0,,0,0,0,0,
d15b3fadead04e7399faaeb47fdf37f9,614,24130,0,0,0,,0,0,0,,0,0,0,,0,0,0,0,
6c3a22611ac24eb19cec3bd7c78a8705,614,163157,73,34,181,https://www.youtube.com/watch?v=qIQCdsrBIAg,73,34,181,https://www.youtube.com/watch?v=qIQCdsrBIAg,0,0,0,,0,0,0,0,
bf195265fa5944d894dc53baf7143645,613,20773,62,33,69,https://www.youtube.com/watch?v=pDJuf7gbeck,62,33,69,https://www.youtube.com/watch?v=pDJuf7gbeck,0,0,0,,0,0,0,0,
d81baabd1eed4717ad9910f97420d0b8,612,19221,0,0,0,,0,0,0,,0,0,0,,0,0,0,0,
d3a8aafb4fdf4bbe9e6205126d717631,611,23384,0,0,0,,0,0,0,,0,0,0,,0,0,0,0,
504678b9fa2f4506879ba42b27a13dff,609,17598,87,34,352,https://www.youtube.com/watch?v=iG4LehcFykc,86,61,217,https://www.youtube.com/watch?v=f49HoVj-FZA,92,23,352,https://www.youtube.com/watch?v=iG4LehcFykc,0,0,0,0,
e07cd7e29645414481d441fcfd4fd456,608,23218,17,8,33,https://www.youtube.com/watch?v=eCiVwkzMI9g,0,0,0,,17,8,33,https://www.youtube.com/watch?v=eCiVwkzMI9g,0,0,0,0,
cf38ee666e104dce949c195f5ac58da2,608,172867,50,12,444,https://www.youtube.com/watch?v=QbpwFvLqgGg,49,11,178,https://www.youtube.com/watch?v=DFTrthRURmU,186,18,444,https://www.youtube.com/watch?v=QbpwFvLqgGg,0,0,0,0,
3e079110e939428085c1f1040ec756f9,607,7879,0,0,0,,0,0,0,,0,0,0,,0,0,0,0,
dec8ff1f1ef243ccb8fa65edb7a813bd,606,7126,111,57,783,https://www.youtube.com/watch?v=rRHZWPzbvTQ,143,57,314,https://www.youtube.com/watch?v=5NiopF_Nmxc,78,54,783,https://www.youtube.com/watch?v=rRHZWPzbvTQ,338,0,0,0,
0737e12eaffb420ca4a5b43b0786e69a,605,21063,0,0,0,,0,0,0,,0,0,0,,0,0,0,0,
169c2f21a36649dea2b55c105fd6f337,605,27352,37,17,129,https://www.youtube.com/watch?v=E1TNTMgEVkw,39,17,129,https://www.youtube.com/watch?v=E1TNTMgEVkw,26,25,37,https://www.youtube.com/watch?v=G4UJm1J3uiE,268,0,0,0,
683db9d9b58f4dd883966c82581a7b60,605,19002,39,14,58,https://www.youtube.com/watch?v=_hfzXUA7Txg,39,14,58,https://www.youtube.com/watch?v=_hfzXUA7Txg,0,0,0,,0,0,0,0,
b5e6939c87f34003b2faf4bb3a72ca14,604,12508,123,58,271,https://www.youtube.com/watch?v=Fqf48b0XnqY,120,62,271,https://www.youtube.com/watch?v=Fqf48b0XnqY,126,1,126,https://www.youtube.com/watch?v=lnqMFXCr0kI,0,0,0,0,
fe70a0055df1453a82bea6582d3072fa,603,24151,86,57,183,https://www.youtube.com/watch?v=DGrcfSx3OE0,86,57,183,https://www.youtube.com/watch?v=DGrcfSx3OE0,0,0,0,,0,0,0,0,
e18809f0a5d8461e81607dc3b3d492c5,602,7662,0,0,0,,0,0,0,,0,0,0,,0,0,0,0,
a59b5e9b4b3f423faa754bb0c1c5e9f7,601,19066,0,0,0,,0,0,0,,0,0,0,,12,0,0,0,
7342482fda6d40f98e078505a24825d4,601,28998,73,41,93,https://www.youtube.com/watch?v=Ia36weWKTR8,53,13,53,https://www.youtube.com/watch?v=pz7qgh_gU5k,93,69,93,https://www.youtube.com/watch?v=Ia36weWKTR8,0,0,0,0,
cd90274cae394fa7be47a5535b563882,600,0,0,0,0,,0,0,0,,0,0,0,,0,0,0,0,
7342e2aefa41449880565dfd15a35cad,599,16657,87,58,96,https://www.youtube.com/watch?v=Hwc9vO6sM_o,87,58,96,https://www.youtube.com/watch?v=Hwc9vO6sM_o,0,0,0,,0,0,0,0,
968f0b8c521942d6939234c70f49747a,599,9463,93,27,101,https://www.youtube.com/watch?v=G5Ecsh3Vk4o,93,27,101,https://www.youtube.com/watch?v=G5Ecsh3Vk4o,0,0,0,,1663,0,0,0,
f36c774fbf4847e1afdf66a1e4806ea3,598,12602,44,35,44,https://www.youtube.com/watch?v=yBKbrOXauUw,0,0,0,,44,35,44,https://www.youtube.com/watch?v=yBKbrOXauUw,939,269,209,513,https://www.twitch.tv/videos/2111461174
45e104a6eabe4967a6cb84e720dd8e74,598,20545,22,14,881,https://www.youtube.com/watch?v=g35vDx59M84,91,41,881,https://www.youtube.com/watch?v=g35vDx59M84,8,6,34,https://www.youtube.com/watch?v=d4wkaXXD8_Q,842,554,499,704,https://www.twitch.tv/videos/2110471482
41cb0d8b18a94a06ba490858e66e9991,596,7106,0,0,0,,0,0,0,,0,0,0,,801,81,41,81,https://www.twitch.tv/videos/2100137272
6159040406fc4e6cb73dbf9734717703,596,76436,451,223,451,https://www.youtube.com/watch?v=Ju0sRcN023E,0,0,0,,451,223,451,https://www.youtube.com/watch?v=Ju0sRcN023E,2100,141,39,2373,https://www.twitch.tv/videos/2091390784
7af8f321e84542dc9ccda160152fbf0b,594,19785,57,19,63,https://www.youtube.com/watch?v=qov5KWUH-2w,57,19,63,https://www.youtube.com/watch?v=qov5KWUH-2w,0,0,0,,0,0,0,0,
df6e2520044744f0957a83db74b386bb,593,15230,0,0,0,,0,0,0,,0,0,0,,0,0,0,0,
ffe6a7983e434702a68fe18c169e3164,592,7732,143,84,193,https://www.youtube.com/watch?v=MlTyPXUktk8,143,84,193,https://www.youtube.com/watch?v=MlTyPXUktk8,0,0,0,,91,0,0,0,
e6289383cf754a77bfae7574b4e198e0,592,1523,97,20,154,https://www.youtube.com/watch?v=rzBL4fd-BNg,154,28,154,https://www.youtube.com/watch?v=rzBL4fd-BNg,41,12,41,https://www.youtube.com/watch?v=gklRoYeEga0,0,0,0,0,
2ea398a50afd48c3a9e3a819186a4375,591,6706,114,50,185,https://www.youtube.com/watch?v=Y8-26Vv_-L8,114,50,185,https://www.youtube.com/watch?v=Y8-26Vv_-L8,0,0,0,,106,0,0,0,
d59c12b12b964a498ee7c29574171ade,591,3910,0,0,0,,0,0,0,,0,0,0,,1063,0,0,0,
490d50310ffe4de4aac9c6368b49a0aa,590,12405,40,13,42,https://www.youtube.com/watch?v=8EtS-qBVKZs,40,28,40,https://www.youtube.com/watch?v=b9sJGSE6IXs,36,7,42,https://www.youtube.com/watch?v=8EtS-qBVKZs,0,0,0,0,
bee7e3be201d4df089b9d73d384b75c5,590,832,0,0,0,,0,0,0,,0,0,0,,0,0,0,0,
b3fb28fe6a0e4fcfb8014e7a4070ca09,589,32884,61,24,208,https://www.youtube.com/watch?v=TYAteBFA6n0,61,24,208,https://www.youtube.com/watch?v=TYAteBFA6n0,0,0,0,,0,0,0,0,
e50da8792cd94b009eaa8dd4be738d59,587,10794,0,0,0,,0,0,0,,0,0,0,,802,81,63,118,https://www.twitch.tv/videos/2109698848
5964947a5624455cba648007ec04a0b9,586,10232,78,62,124,https://www.youtube.com/watch?v=81EeTuURXHc,78,62,124,https://www.youtube.com/watch?v=81EeTuURXHc,0,0,0,,0,0,0,0,
7531ceacd52e43b4a29ba4dc18a3f56c,584,20350,0,0,0,,0,0,0,,0,0,0,,1365,419,157,686,https://www.twitch.tv/videos/2092149345
9760ffdb528f40a7bd010589f2ce06c4,583,25241,14,8,122,https://www.youtube.com/watch?v=sGwq7O_lXEU,0,0,0,,14,8,122,https://www.youtube.com/watch?v=sGwq7O_lXEU,650,76,60,123,https://www.twitch.tv/videos/2108561278
3c25eacbe340484cb36fc0920546d756,582,3426,34,7,35,https://www.youtube.com/watch?v=9RL2GBWI9zQ,34,7,35,https://www.youtube.com/watch?v=9RL2GBWI9zQ,0,0,0,,168,0,0,0,
cf3f6ac6a22446ce912bbdc59c9f64ae,581,37682,23,8,35,https://www.youtube.com/watch?v=fEEA122HJZM,23,8,35,https://www.youtube.com/watch?v=fEEA122HJZM,0,0,0,,311,0,0,0,
adb7f358e8134f30ac0919a74c9d171b,580,12221,0,0,0,,0,0,0,,0,0,0,,1530,2844,2418,4784,https://www.twitch.tv/videos/2103696015
8881d23b0a3c426590c8a2509e363ec1,580,79047,159,125,183,https://www.youtube.com/watch?v=oxaxe9N6mEU,159,125,183,https://www.youtube.com/watch?v=oxaxe9N6mEU,0,0,0,,1099,318,235,476,https://www.twitch.tv/videos/2104676402
7c0acdc8fe2449deb487cbb827b51723,579,21618,130,58,299,https://www.youtube.com/watch?v=9ke57XKxO-U,130,58,299,https://www.youtube.com/watch?v=9ke57XKxO-U,0,0,0,,26,0,0,0,
b3f711673fea4ec5b6f87c023353594d,578,15731,69,43,418,https://www.youtube.com/watch?v=f4bYq2tLgy0,69,43,418,https://www.youtube.com/watch?v=f4bYq2tLgy0,0,0,0,,0,0,0,0,
5f5bc23799fd4376b594972a3fd36587,578,12918,0,0,0,,0,0,0,,0,0,0,,34,0,0,0,
0aa8c41f04bf4f12b9a8281353ea448a,578,15393,262,221,649,https://www.youtube.com/watch?v=jbwirDYzlC0,0,0,0,,262,221,649,https://www.youtube.com/watch?v=jbwirDYzlC0,4023,560,503,738,https://www.twitch.tv/videos/2107740707
b1c9458ca89b44bab0f09883ef40c45c,578,25338,105,55,521,https://www.youtube.com/watch?v=retGEEpBWmQ,105,59,249,https://www.youtube.com/watch?v=ZWbuYAZ4F-U,285,22,521,https://www.youtube.com/watch?v=retGEEpBWmQ,0,0,0,0,
82d775c8bb1740c0a6db1037d3bf5fe0,578,13369,63,50,63,https://www.youtube.com/watch?v=5pgRstDkmko,63,50,63,https://www.youtube.com/watch?v=5pgRstDkmko,0,0,0,,0,0,0,0,
3f74c9c84fac427ea0e3d147c6027e82,576,8561,14,12,39,https://www.youtube.com/watch?v=eh3PTh--x5o,29,22,39,https://www.youtube.com/watch?v=eh3PTh--x5o,12,4,13,https://www.youtube.com/watch?v=f7aU44W2Byw,0,0,0,0,
c4ad3b6c4fe94f9a8142895fd869dfb9,576,3889,0,0,0,,0,0,0,,0,0,0,,1564,0,0,0,
76fa8c4a5bbd4076add6ce8fcb185930,575,4183,71,12,104,https://www.youtube.com/watch?v=asX_c60VE4w,71,12,104,https://www.youtube.com/watch?v=asX_c60VE4w,0,0,0,,0,0,0,0,
31073a45106c442cbe11fd4368e162fe,574,13910,9,8,9,https://www.youtube.com/watch?v=vl5-n7IDAVk,0,0,0,,9,8,9,https://www.youtube.com/watch?v=vl5-n7IDAVk,1932,191,120,505,https://www.twitch.tv/videos/2092216290
a2f9fd3568f3467aa35e411dbde1ab45,573,18216,484,65,484,https://www.youtube.com/watch?v=eKptJmYn80U,0,0,0,,484,65,484,https://www.youtube.com/watch?v=eKptJmYn80U,0,0,0,0,
f5493e350f514aae860e4fbc529adf4c,572,2911,0,0,0,,0,0,0,,0,0,0,,0,0,0,0,
d035333252764e9e8376858cde0b3bca,571,23455,17,5,34,https://www.youtube.com/watch?v=oQdtNZjACxg,31,3,34,https://www.youtube.com/watch?v=oQdtNZjACxg,16,8,33,https://www.youtube.com/watch?v=PU07yz8sc9E,693,0,0,0,
5e931b583dfe4fdc98d10e4dceaf2c93,571,20771,13,11,15,https://www.youtube.com/watch?v=stwGgQfgVfs,0,0,0,,13,11,15,https://www.youtube.com/watch?v=stwGgQfgVfs,1053,190,115,201,https://www.twitch.tv/videos/2103718491
86957fa57641453e9fcb73550e58b64f,569,5778,166,79,1047,https://www.youtube.com/watch?v=Sdim9JKkFp4,58,28,117,https://www.youtube.com/watch?v=QLSYdDJp-RY,235,118,1047,https://www.youtube.com/watch?v=Sdim9JKkFp4,225,35,31,35,https://www.twitch.tv/videos/2111301624
d50700c1329b485f8ba3831dfad094be,569,20607,0,0,0,,0,0,0,,0,0,0,,63,0,0,0,
948c874aac8c4c7fa088b380e79b2154,568,16966,87,82,87,https://www.youtube.com/watch?v=1rVsz0rY5Ug,87,82,87,https://www.youtube.com/watch?v=1rVsz0rY5Ug,0,0,0,,0,0,0,0,
aba9c942b0d2418b8db52e37fcd54dea,568,12823,0,0,0,,0,0,0,,0,0,0,,0,0,0,0,
e9fa90c6824c47abbfd114e9cd9b4125,567,18038,29,12,61,https://www.youtube.com/watch?v=AQEVS7gyJlg,29,12,61,https://www.youtube.com/watch?v=AQEVS7gyJlg,0,0,0,,0,0,0,0,
c3e1a96f96334696af38e93fa8178085,565,16757,21,10,6045,https://www.youtube.com/watch?v=1H2Qub_7QWA,0,0,0,,21,10,6045,https://www.youtube.com/watch?v=1H2Qub_7QWA,1014,0,0,0,
0b8d1c0fa1b14df6821e85def645425e,562,36453,82,51,761,https://www.youtube.com/watch?v=xxFckVoZ5Sw,81,48,761,https://www.youtube.com/watch?v=xxFckVoZ5Sw,84,68,573,https://www.youtube.com/watch?v=oOqn8cGvapQ,102,65,47,85,https://www.twitch.tv/videos/2103876395
2971554445614cfaaccddd9cde93c599,562,17961,460,375,460,https://www.youtube.com/watch?v=bwgICe2YnRw,0,0,0,,460,375,460,https://www.youtube.com/watch?v=bwgICe2YnRw,551,121,79,246,https://www.twitch.tv/videos/2108494044
defbc693cb874182807b768593439616,561,17296,10,4,14,https://www.youtube.com/watch?v=wHlrQ-RziDU,0,0,0,,10,4,14,https://www.youtube.com/watch?v=wHlrQ-RziDU,1280,229,211,265,https://www.twitch.tv/videos/2110427604
521477be11a44c43b063b394757b2342,560,32351,40,19,174,https://www.youtube.com/watch?v=D51GUclYiz8,40,19,174,https://www.youtube.com/watch?v=D51GUclYiz8,0,0,0,,0,0,0,0,
7bf1f37dccbe4c72860c81a2772b91e1,560,186578,26,14,435,https://www.youtube.com/watch?v=DTiXtiFpVR4,24,10,45,https://www.youtube.com/watch?v=yARYVgXfmOY,119,37,435,https://www.youtube.com/watch?v=DTiXtiFpVR4,39,0,0,0,
5cfc673e9de1433096a85e9236895c79,559,15307,0,0,0,,0,0,0,,0,0,0,,0,0,0,0,
20897307019d49adb4869274427efeb6,556,0,0,0,0,,0,0,0,,0,0,0,,0,0,0,0,
99e9616a2f73426d8c0a672dd20d9ad3,556,71364,464,154,5767,https://www.youtube.com/watch?v=cCPkP45DqGQ,86,54,501,https://www.youtube.com/watch?v=QioBAQsnwtw,513,234,5767,https://www.youtube.com/watch?v=cCPkP45DqGQ,54,13,11,14,https://www.twitch.tv/videos/2108569071
684b648e422749e28b15aa79e69b89ad,556,24369,70,38,106,https://www.youtube.com/watch?v=vtBch-N1a3g,70,38,106,https://www.youtube.com/watch?v=vtBch-N1a3g,0,0,0,,0,0,0,0,
572256c2d1774c4fa8f4543eebb2fed0,556,26238,0,0,0,,0,0,0,,0,0,0,,0,0,0,0,
c79b5a5a5c8b4d8f917afdfc16c01961,555,10167,353,272,353,https://www.youtube.com/watch?v=5ndBFupYGT0,0,0,0,,353,272,353,https://www.youtube.com/watch?v=5ndBFupYGT0,2215,541,350,541,https://www.twitch.tv/videos/2103858251
fc6a8de6e0e14e05a11b1d35dfce1d71,554,29136,36,12,36,https://www.youtube.com/watch?v=2vL07Ul1D-Y,36,12,36,https://www.youtube.com/watch?v=2vL07Ul1D-Y,0,0,0,,0,0,0,0,
83ec4919298a4ad5984e3da31109a4c8,553,5303,0,0,0,,0,0,0,,0,0,0,,4951,1607,726,2198,https://www.twitch.tv/videos/2092297480
05434bb7cec84c04baa9a81aaf7373d0,552,16890,0,0,0,,0,0,0,,0,0,0,,0,0,0,0,
2bb77726114545919cfdd3a66bc359de,552,10883,0,0,0,,0,0,0,,0,0,0,,0,0,0,0,
c6286d22a9344325bb1609918d442b93,552,31150,38,17,103,https://www.youtube.com/watch?v=tlvjzk2jddQ,43,9,103,https://www.youtube.com/watch?v=tlvjzk2jddQ,23,17,24,https://www.youtube.com/watch?v=noKAEiGR3bk,65,0,0,0,
2dc0dcb6a02e41b1b37c55639a898a68,551,24563,36,31,76,https://www.youtube.com/watch?v=Qv1a0TAPq58,36,31,76,https://www.youtube.com/watch?v=Qv1a0TAPq58,0,0,0,,0,0,0,0,
f1af649939f441ef83a72bac4dc974e3,549,16326,0,0,0,,0,0,0,,0,0,0,,0,0,0,0,
220353f9b2634c84953cc7d243fbc6a0,548,35709,44,6,55,https://www.youtube.com/watch?v=3h8QPLtWtno,44,6,55,https://www.youtube.com/watch?v=3h8QPLtWtno,0,0,0,,0,0,0,0,
8f4142c5ead94656b4744b425d800fb8,545,61907,13,7,28,https://www.youtube.com/watch?v=Y7k43VxMWzM,13,7,28,https://www.youtube.com/watch?v=Y7k43VxMWzM,0,0,0,,0,0,0,0,
318268a48a3c47b7a56609c204d02b03,544,2561,0,0,0,,0,0,0,,0,0,0,,0,0,0,0,
9d7ed986f4814efa83488c733d773bb6,543,54036,0,0,0,,0,0,0,,0,0,0,,0,0,0,0,
71cb4ba2455f4b7ca91945b5104d5686,543,19930,122,79,122,https://www.youtube.com/watch?v=YvtzGUMAIbE,122,79,122,https://www.youtube.com/watch?v=YvtzGUMAIbE,0,0,0,,0,0,0,0,
b9b727200b664a98bc1a8fd76d3cdb9c,542,10443,101,42,143,https://www.youtube.com/watch?v=WEnNKdE-rb8,101,42,143,https://www.youtube.com/watch?v=WEnNKdE-rb8,0,0,0,,0,0,0,0,
3f387cab9bb0470aaf322bce5f436f18,542,14234,113,30,711,https://www.youtube.com/watch?v=8bRhG_625G8,149,126,711,https://www.youtube.com/watch?v=8bRhG_625G8,93,21,318,https://www.youtube.com/watch?v=GROatIpsubY,0,0,0,0,
ffdc53dc3c764656a2f76031ee262b60,540,6983,0,0,0,,0,0,0,,0,0,0,,234,39,36,42,https://www.twitch.tv/videos/2111318041
2c83b5b4c0644e9d94c4221ba9543cc5,540,9380,0,0,0,,0,0,0,,0,0,0,,245,0,0,0,
20915e6ca29e46589858783bae3a4885,539,13137,94,33,872,https://www.youtube.com/watch?v=nE2-SuUHDaM,166,149,872,https://www.youtube.com/watch?v=nE2-SuUHDaM,80,29,480,https://www.youtube.com/watch?v=NL3VAKI14Ug,0,0,0,0,
7e8a980a0df847dca63486f95fd619de,538,12356,0,0,0,,0,0,0,,0,0,0,,901,0,0,0,
182c265206924dccb716fc21b37486b0,538,8724,0,0,0,,0,0,0,,0,0,0,,0,0,0,0,
3bc6afb820df4f59b2c6ff1c25d1eed3,537,57820,76,42,1192,https://www.youtube.com/watch?v=PwsOzgGRDsE,69,42,174,https://www.youtube.com/watch?v=PdDWA3trVj0,102,25,1192,https://www.youtube.com/watch?v=PwsOzgGRDsE,0,0,0,0,
5c5880d994854afbbea0a35716bce186,537,9941,32,12,85,https://www.youtube.com/watch?v=h_popw-JmOs,32,12,85,https://www.youtube.com/watch?v=h_popw-JmOs,0,0,0,,1531,0,0,0,
b21dcc4162384eee9edd3ca7251795f2,533,12773,64,20,228,https://www.youtube.com/watch?v=lB0xBXuSni0,66,22,228,https://www.youtube.com/watch?v=lB0xBXuSni0,51,13,51,https://www.youtube.com/watch?v=aJNzK5qmiuY,0,0,0,0,
0a067d81cfe24b39b770b67ad89b61a7,533,0,0,0,0,,0,0,0,,0,0,0,,0,0,0,0,
5bbd1c2531594775a4b74928e630dd59,531,35338,0,0,0,,0,0,0,,0,0,0,,2554,202,177,514,https://www.twitch.tv/videos/2106153117
3daee44c0bab401386813cff327a10a2,531,54096,158,132,165,https://www.youtube.com/watch?v=QY7QIYumeFg,0,0,0,,158,132,165,https://www.youtube.com/watch?v=QY7QIYumeFg,0,0,0,0,
d9cc0ae8d8d74a9092b760cceb412f56,530,7410,0,0,0,,0,0,0,,0,0,0,,0,0,0,0,
8460a099a32044a5aa602f780dec94f2,530,0,0,0,0,,0,0,0,,0,0,0,,6,0,0,0,
dbe3f9880dec4a03bcc1943343455a6c,530,31629,151,92,468,https://www.youtube.com/watch?v=ydhcPQIhfLU,151,92,468,https://www.youtube.com/watch?v=ydhcPQIhfLU,0,0,0,,0,0,0,0,
a64ba9e0b7dd4de58ffbdf9ca043a90b,530,12356,65,42,94,https://www.youtube.com/watch?v=D_NxnarjajQ,65,42,94,https://www.youtube.com/watch?v=D_NxnarjajQ,0,0,0,,0,0,0,0,
eeb6c761ff6040e1997e529eb1692d5e,528,17582,0,0,0,,0,0,0,,0,0,0,,0,0,0,0,
f656e3210df449889b6ad9e72acd7a72,526,7697,118,44,276,https://www.youtube.com/watch?v=tQzwBcy_Gqg,118,44,276,https://www.youtube.com/watch?v=tQzwBcy_Gqg,0,0,0,,0,0,0,0,
339b1998ac594ab2b45bedc3038d6cf0,525,1435,249,87,1094,https://www.youtube.com/watch?v=YZB9AnVjCNk,1094,287,1094,https://www.youtube.com/watch?v=YZB9AnVjCNk,162,75,249,https://www.youtube.com/watch?v=4zE6ndw28_4,441,222,184,352,https://www.twitch.tv/videos/2103844113
a00240316f524d218d889d00a8b42721,525,44797,128,98,143,https://www.youtube.com/watch?v=5yIxaWnuzaw,128,98,143,https://www.youtube.com/watch?v=5yIxaWnuzaw,0,0,0,,0,0,0,0,
bee9506c5d714205bfc69573280852c2,522,29932,56,34,80,https://www.youtube.com/watch?v=U_6W9EoczYA,56,34,80,https://www.youtube.com/watch?v=U_6W9EoczYA,0,0,0,,1876,128,88,187,https://www.twitch.tv/videos/2104641505
2d95e2e1191046b1bb35697b37bda595,521,47293,45,16,92,https://www.youtube.com/watch?v=55X3Uk49aUw,0,0,0,,45,16,92,https://www.youtube.com/watch?v=55X3Uk49aUw,0,0,0,0,
91f5b04be2e74f64b03e0774cc275748,521,20173,0,0,0,,0,0,0,,0,0,0,,0,0,0,0,
b16b9643e24d404a8de6d66551451b85,518,3977,0,0,0,,0,0,0,,0,0,0,,2573,0,0,0,
9870111c23124c19a12de7bbdeb8abc1,518,7234,50,20,62,https://www.youtube.com/watch?v=AszPIP1BFEU,50,20,62,https://www.youtube.com/watch?v=AszPIP1BFEU,0,0,0,,0,0,0,0,
14d68e1fc65f4206b0c45d65970c0215,518,27510,86,43,238,https://www.youtube.com/watch?v=xcmge-7szEs,87,49,238,https://www.youtube.com/watch?v=xcmge-7szEs,37,35,37,https://www.youtube.com/watch?v=Dmbg4tRwyCE,0,0,0,0,
5b10cd7b61384d3180f4a39f127d50c1,516,9997,0,0,0,,0,0,0,,0,0,0,,0,0,0,0,
586377912f314b4d8c3be33760526ae0,513,60645,21,10,44,https://www.youtube.com/watch?v=QD9JEDTVIqY,0,0,0,,21,10,44,https://www.youtube.com/watch?v=QD9JEDTVIqY,0,0,0,0,
3e4c23394dde46f58f89cba536b208d5,511,12790,51,11,51,https://www.youtube.com/watch?v=ugJNYCvlRmk,51,11,51,https://www.youtube.com/watch?v=ugJNYCvlRmk,0,0,0,,0,0,0,0,
fadd7b36ed6b4173a4cc4299af1e72b5,511,8801,44,10,44,https://www.youtube.com/watch?v=Sy3TlgLSe9E,44,10,44,https://www.youtube.com/watch?v=Sy3TlgLSe9E,0,0,0,,189,0,0,0,
1053fad74222424c83f1498fc7896d75,510,248681,36,13,36,https://www.youtube.com/watch?v=ashIxgjInsk,0,0,0,,36,13,36,https://www.youtube.com/watch?v=ashIxgjInsk,0,0,0,0,
95eabea4e8014fedb5d34ea27137a4ca,508,21747,89,69,484,https://www.youtube.com/watch?v=QOm2JMhHbK0,63,62,115,https://www.youtube.com/watch?v=fwZ_q5pzcO8,484,142,484,https://www.youtube.com/watch?v=QOm2JMhHbK0,0,0,0,0,
1225d23bc1814140bc0093c1407f06b3,507,30532,52,36,109,https://www.youtube.com/watch?v=NG41swyIh1s,52,36,109,https://www.youtube.com/watch?v=NG41swyIh1s,0,0,0,,40,0,0,0,
7dc8617f6004470c8a65a67a9abdf661,507,14666,29,11,33,https://www.youtube.com/watch?v=Uh3KU8y7TAc,29,11,33,https://www.youtube.com/watch?v=Uh3KU8y7TAc,0,0,0,,195,0,0,0,
d6afb902dbe04e35ab52f961f538f9bd,506,9350,0,0,0,,0,0,0,,0,0,0,,95,0,0,0,
52136fb3529d4f5eb5225ade4209b8b3,505,11181,24,8,47,https://www.youtube.com/watch?v=hZNl7mhU5bE,24,8,47,https://www.youtube.com/watch?v=hZNl7mhU5bE,0,0,0,,0,0,0,0,
01d150623c984f3d8d7de4b1859afadd,504,9550,0,0,0,,0,0,0,,0,0,0,,0,0,0,0,
45dc3a8a88054fc6adf55549304aca1c,504,9991,62,25,141,https://www.youtube.com/watch?v=plaU4K8o1Zk,62,25,94,https://www.youtube.com/watch?v=nCHfLefMtXw,93,57,141,https://www.youtube.com/watch?v=plaU4K8o1Zk,0,0,0,0,
1760601b33854f2ab58b6217bd2cfedf,504,30062,0,0,0,,0,0,0,,0,0,0,,0,0,0,0,
027dc46502ee4350ba597000191659ae,503,5705,0,0,0,,0,0,0,,0,0,0,,6,0,0,0,
e306270e80094416818cfddb33153419,503,10837,0,0,0,,0,0,0,,0,0,0,,0,0,0,0,
3b83206e75d14605a947a0b0b24650e0,503,20074,475,100,4998,https://www.youtube.com/watch?v=YsntV3uQuK0,65,3,84,https://www.youtube.com/watch?v=8I1109K7LHw,530,196,4998,https://www.youtube.com/watch?v=YsntV3uQuK0,0,0,0,0,
19f507cc460a426cb02013fb203bd0a7,503,12503,0,0,0,,0,0,0,,0,0,0,,401,0,0,0,
4b9dd40ad6f94e5fb03be5c79c6bcd25,503,6484,43,26,43,https://www.youtube.com/watch?v=eGCR82Td6n4,0,0,0,,43,26,43,https://www.youtube.com/watch?v=eGCR82Td6n4,17,0,0,0,
61c75f9fbf044b54872197eec7c9bafa,502,125183,136,71,671,https://www.youtube.com/watch?v=SOSsADaemkI,46,28,136,https://www.youtube.com/watch?v=f_OeNnVdXzQ,444,222,671,https://www.youtube.com/watch?v=SOSsADaemkI,0,0,0,0,
3a932cc8813343b6bb5d822cb2f53558,502,16723,9,3,136,https://www.youtube.com/watch?v=vWjj3vZZCKk,0,0,0,,9,3,136,https://www.youtube.com/watch?v=vWjj3vZZCKk,2705,257,92,556,https://www.twitch.tv/videos/2105515554
87f156d485c047ec9c137894c7452da4,501,6336,0,0,0,,0,0,0,,0,0,0,,536,0,0,0,
284904fe0fc5485f926eb7941427d8f4,501,7848,0,0,0,,0,0,0,,0,0,0,,0,0,0,0,
3b0f8e9ace2b46a087a665d5c10b38dd,500,7077,90,42,119,https://www.youtube.com/watch?v=2cyKtONhmkA,90,42,119,https://www.youtube.com/watch?v=2cyKtONhmkA,0,0,0,,0,0,0,0,
d1fc8e7219584287bc20234b6ab64dd9,499,8721,0,0,0,,0,0,0,,0,0,0,,0,0,0,0,
b2e19555d1f441a8a0e3f53b6507863e,496,25344,55,23,116,https://www.youtube.com/watch?v=kqMTr45nSw4,55,23,116,https://www.youtube.com/watch?v=kqMTr45nSw4,0,0,0,,108,0,0,0,
ee5418c900a7400fa44c821eaaca0218,496,10827,1,0,18,https://www.youtube.com/watch?v=AA0RKYsZjk8,0,0,0,,1,0,18,https://www.youtube.com/watch?v=AA0RKYsZjk8,497,30,17,96,https://www.twitch.tv/videos/2099961493
bd16ea1e11d9475eb53a108ba90ea6a3,493,37971,47,17,58,https://www.youtube.com/watch?v=EMdzZO-kVb4,47,17,58,https://www.youtube.com/watch?v=EMdzZO-kVb4,0,0,0,,0,0,0,0,
4abb927b8dc049768d63b4a8e229e8cc,492,0,0,0,0,,0,0,0,,0,0,0,,0,0,0,0,
954590604f0e49e88fadc8ce6dafba1b,491,15358,94,38,217,https://www.youtube.com/watch?v=zmpbWK7I1AQ,94,38,217,https://www.youtube.com/watch?v=zmpbWK7I1AQ,0,0,0,,0,0,0,0,
09db2ab40bc54cae831b5514b68be313,491,0,0,0,0,,0,0,0,,0,0,0,,0,0,0,0,
7677c9c71c0a4decad1472b7ecc604bb,491,4670,10,9,27,https://www.youtube.com/watch?v=-D9fFgd88zQ,0,0,0,,10,9,27,https://www.youtube.com/watch?v=-D9fFgd88zQ,491,24,16,24,https://www.twitch.tv/videos/2104809842
66345fc8147b45e99d6eba1b0df6ba7c,491,25166,82,40,125,https://www.youtube.com/watch?v=Rn6pEAYbb8g,71,33,125,https://www.youtube.com/watch?v=Rn6pEAYbb8g,119,89,119,https://www.youtube.com/watch?v=jjMpDlE9IOI,0,0,0,0,
aa673b95b03540288c87dbaa59477ef9,490,30056,66,30,108,https://www.youtube.com/watch?v=S5hyHnORwxo,72,35,108,https://www.youtube.com/watch?v=S5hyHnORwxo,18,9,18,https://www.youtube.com/watch?v=6V441knqicc,0,0,0,0,
eb4cd9453fb04a3ea056ec068b02348f,490,53637,59,21,531,https://www.youtube.com/watch?v=aV-xCrQWFHA,47,21,47,https://www.youtube.com/watch?v=m7JpLZ75b88,62,31,531,https://www.youtube.com/watch?v=aV-xCrQWFHA,133,40,30,52,https://www.twitch.tv/videos/2102023849
76f2fa6f1aa44f0a816a01a1b277430a,488,13818,74,22,418,https://www.youtube.com/watch?v=m3qeqhjguEg,74,22,418,https://www.youtube.com/watch?v=m3qeqhjguEg,0,0,0,,12,0,0,0,
2ea9fee301f94b70bc5ed51d628006a9,488,24946,0,0,0,,0,0,0,,0,0,0,,170,0,0,0,
a984f1576f124e80a1a8a5ff78efa4db,488,10007,0,0,0,,0,0,0,,0,0,0,,0,0,0,0,
7a2ad28d7377465a8721724cfce9ffb5,487,6163,0,0,0,,0,0,0,,0,0,0,,0,0,0,0,
62b7ee328a7b42b0a1da0ab3bc22d1db,483,26225,31,14,417,https://www.youtube.com/watch?v=IezrBECxm3o,30,14,154,https://www.youtube.com/watch?v=EHIytBxsMyo,417,116,417,https://www.youtube.com/watch?v=IezrBECxm3o,638,95,75,192,https://www.twitch.tv/videos/2110546018
d2c5b1c430fa45c8b9be0b8be65d8a6b,482,3494,53,27,102,https://www.youtube.com/watch?v=1np_X-9mJw0,91,27,91,https://www.youtube.com/watch?v=hbtJPWNb2js,45,22,102,https://www.youtube.com/watch?v=1np_X-9mJw0,164,54,47,54,https://www.twitch.tv/videos/2110499173
d5492ff86b504660a62f34b27c9a2830,480,5850,0,0,0,,0,0,0,,0,0,0,,0,0,0,0,
e911a56d410b4949aee1d3a8dc84f4ad,479,24109,27,12,313,https://www.youtube.com/watch?v=PODTaCs95OQ,27,12,313,https://www.youtube.com/watch?v=PODTaCs95OQ,0,0,0,,0,0,0,0,
cf506fa1dffe441eadad8010f3f7725c,476,12256,0,0,0,,0,0,0,,0,0,0,,808,0,0,0,
0c3b5ae85d2940b8b73a92d72dc0d313,473,7437,60,37,107,https://www.youtube.com/watch?v=0UnKl_lk6hs,60,37,107,https://www.youtube.com/watch?v=0UnKl_lk6hs,0,0,0,,218,49,41,52,https://www.twitch.tv/videos/2113420223
76dd6a38f28f442a87ee5c5ee75b1a29,472,1858,0,0,0,,0,0,0,,0,0,0,,0,0,0,0,
0490d9546bce4068a0f52b39046bdf91,471,2818,92,53,92,https://www.youtube.com/watch?v=Q8qfWpgAc4E,0,0,0,,92,53,92,https://www.youtube.com/watch?v=Q8qfWpgAc4E,771,301,212,585,https://www.twitch.tv/videos/2105819799
2bffdc20e3cb48de9bf46600f62d248e,469,19439,55,18,165,https://www.youtube.com/watch?v=73D-5Ea7SZA,36,15,83,https://www.youtube.com/watch?v=7LIdQPFYr-o,131,93,165,https://www.youtube.com/watch?v=73D-5Ea7SZA,242,47,28,53,https://www.twitch.tv/videos/2102889999
d1719d9d50c347efa498bb8644447392,468,0,0,0,0,,0,0,0,,0,0,0,,0,0,0,0,
9959d43cae9b49dbbcd666f742322b4a,468,12856,10,5,33,https://www.youtube.com/watch?v=fiNwaxrxY9M,0,0,0,,10,5,33,https://www.youtube.com/watch?v=fiNwaxrxY9M,495,59,45,65,https://www.twitch.tv/videos/2104806931
17a340801a7d4697be53c472c621993d,465,21175,32,10,33,https://www.youtube.com/watch?v=3CsTzl-k7UM,32,10,33,https://www.youtube.com/watch?v=3CsTzl-k7UM,0,0,0,,594,101,88,101,https://www.twitch.tv/videos/2110480200
a8a366c9d633476d8a2fa879f91172ac,465,32679,12851,10797,25020,https://www.youtube.com/watch?v=xnr1w4sP8L8,0,0,0,,12851,10797,25020,https://www.youtube.com/watch?v=xnr1w4sP8L8,0,0,0,0,
fad52a34935b402a819aa4bb504453da,465,20503,0,0,0,,0,0,0,,0,0,0,,0,0,0,0,
08959069eae342deab6803454669b60e,465,0,0,0,0,,0,0,0,,0,0,0,,0,0,0,0,
26eba1f0fabf425aa5769e01e855ea28,465,23605,74,57,78,https://www.youtube.com/watch?v=L34UuHYDuCE,74,57,78,https://www.youtube.com/watch?v=L34UuHYDuCE,0,0,0,,0,0,0,0,
37e88453b9cb48b1863bc455328b34c1,464,6677,0,0,0,,0,0,0,,0,0,0,,995,166,130,499,https://www.twitch.tv/videos/2105032194
14b8fa0f43664c31a5d634b20f9112d9,464,40833,112,45,486,https://www.youtube.com/watch?v=40fT2MZTfDU,89,36,333,https://www.youtube.com/watch?v=9RzQFizdkcs,424,123,486,https://www.youtube.com/watch?v=40fT2MZTfDU,0,0,0,0,
100af980504b4bd38c8b2192d1e71b29,464,19974,43,22,88,https://www.youtube.com/watch?v=OjGftVlryeo,43,22,88,https://www.youtube.com/watch?v=OjGftVlryeo,0,0,0,,0,0,0,0,
0ad03ee6159c4d37a4feccbc49ba3dcf,463,27895,10,3,33,https://www.youtube.com/watch?v=RvW0V5IhvAw,10,3,33,https://www.youtube.com/watch?v=RvW0V5IhvAw,0,0,0,,119,0,0,0,
7e8047d78da3487a8e9dd33c67554d30,463,16618,0,0,0,,0,0,0,,0,0,0,,82,0,0,0,
df16e863bea643d3a8a90ccb5577ed04,462,17491,0,0,0,,0,0,0,,0,0,0,,0,0,0,0,
107ad23090e649b8935850f3d78ded99,461,15221,59,31,191,https://www.youtube.com/watch?v=WzFB_0H_0QY,48,20,123,https://www.youtube.com/watch?v=EFXS6Hdrs6Y,125,37,191,https://www.youtube.com/watch?v=WzFB_0H_0QY,76,31,26,31,https://www.twitch.tv/videos/2109433740
7b578956fab14341919193c03ca3ab32,460,10590,0,0,0,,0,0,0,,0,0,0,,0,0,0,0,
6c9b67b00b3c4940a6af6a6604b0b1fd,460,11162,77,55,77,https://www.youtube.com/watch?v=VvtaQNpBY8Q,0,0,0,,77,55,77,https://www.youtube.com/watch?v=VvtaQNpBY8Q,0,0,0,0,
62ca936be6c645a7bf2222b67086800a,460,130407,0,0,0,,0,0,0,,0,0,0,,972,138,81,403,https://www.twitch.tv/videos/2100921002
3513b73ded994bc3a92a70c9632c9856,458,7765,0,0,0,,0,0,0,,0,0,0,,6480,399,169,1034,https://www.twitch.tv/videos/2099959151
6e6cb9a2886849918f253d6c6002727f,458,5412,56,34,361,https://www.youtube.com/watch?v=xjWs5PM5ZKY,55,34,83,https://www.youtube.com/watch?v=li0hcN5-xWg,64,46,361,https://www.youtube.com/watch?v=xjWs5PM5ZKY,0,0,0,0,
9189101a4bb740de969b772dde92125a,455,5628,0,0,0,,0,0,0,,0,0,0,,1143,75,58,75,https://www.twitch.tv/videos/2107794922
2dc29f6b05584c718c60034af9883496,455,78236,0,0,0,,0,0,0,,0,0,0,,0,0,0,0,
f0f6694a60de4fb799b3f315abbaf7b6,454,19744,0,0,0,,0,0,0,,0,0,0,,0,0,0,0,
5f6dcf3b9b71405498aa07a2b80cb5ec,454,63593,53,26,64,https://www.youtube.com/watch?v=yK_rDh2WHtA,0,0,0,,53,26,64,https://www.youtube.com/watch?v=yK_rDh2WHtA,575,141,92,171,https://www.twitch.tv/videos/2101012584
ce013f56157740e59c7735bd51356260,454,16477,0,0,0,,0,0,0,,0,0,0,,313,51,37,51,https://www.twitch.tv/videos/2106732654
3869b056864b4e60a6420aa6011f09fd,453,10268,0,0,0,,0,0,0,,0,0,0,,0,0,0,0,
7b0c97dee5844e27a54e93e92c8cfc91,453,8946,0,0,0,,0,0,0,,0,0,0,,3053,509,371,560,https://www.twitch.tv/videos/2103790955
8e84c388bf0e4f9481434a0eb392a0da,451,10229,98,38,481,https://www.youtube.com/watch?v=hDaMzLROlZ0,86,21,168,https://www.youtube.com/watch?v=SA1jD3v9AiY,466,158,481,https://www.youtube.com/watch?v=hDaMzLROlZ0,0,0,0,0,
238b4a68bcde4f3bbf18b0b01f66ec43,451,25799,53,37,124,https://www.youtube.com/watch?v=XyVnH-4Gx88,53,37,124,https://www.youtube.com/watch?v=XyVnH-4Gx88,0,0,0,,0,0,0,0,
ce408f8b30704b42a7492f0e40684317,450,16270,0,0,0,,0,0,0,,0,0,0,,298,0,0,0,
031da54f73f94adf8159ef0d3bfeb52b,449,34700,58,30,196,https://www.youtube.com/watch?v=Rk5krCIoVKw,58,30,196,https://www.youtube.com/watch?v=Rk5krCIoVKw,0,0,0,,0,0,0,0,
7c781489389447e682388caccae7fb1c,448,13345,23,18,69,https://www.youtube.com/watch?v=BjGJRprr8rw,0,0,0,,23,18,69,https://www.youtube.com/watch?v=BjGJRprr8rw,759,75,57,100,https://www.twitch.tv/videos/2107667684
9e3222bedec44f1a8fecdc237c020cbd,448,126638,26,3,28,https://www.youtube.com/watch?v=g9Mf6y_hIDQ,0,0,0,,26,3,28,https://www.youtube.com/watch?v=g9Mf6y_hIDQ,326,41,21,41,https://www.twitch.tv/videos/2100210999
4c127c01ba31487599018fc81ff1a3dd,447,23513,0,0,0,,0,0,0,,0,0,0,,0,0,0,0,
20b9316c0979495fbff724be3442d4a4,446,58770,47,23,462,https://www.youtube.com/watch?v=R-Ie6VDegqk,46,23,319,https://www.youtube.com/watch?v=cS-erUpFRfI,189,34,462,https://www.youtube.com/watch?v=R-Ie6VDegqk,15,0,0,0,
9bb20f60d5c440d39eb4f14fbe48a296,446,6369,0,0,0,,0,0,0,,0,0,0,,0,0,0,0,
9b2c7b20d02241b3b82492a5e78a71c0,446,13860,210,68,5168,https://www.youtube.com/watch?v=cikqeqegKSI,188,78,499,https://www.youtube.com/watch?v=Np8HwKCgG0w,219,68,5168,https://www.youtube.com/watch?v=cikqeqegKSI,0,0,0,0,
8db6aab32c8e45c8a70d0850bfcd3e5c,445,20664,21,9,40,https://www.youtube.com/watch?v=Jg2ko2llYww,27,13,40,https://www.youtube.com/watch?v=Jg2ko2llYww,9,5,9,https://www.youtube.com/watch?v=y3Gc_GY6I0g,131,0,0,0,
10550198223845c9a95ff1993088b464,443,6375,23,4,23,https://www.youtube.com/watch?v=cXVtThIUCP0,23,4,23,https://www.youtube.com/watch?v=cXVtThIUCP0,0,0,0,,0,0,0,0,
15bc73fc2acf4a7695bab31fdea450f0,442,11742,46,31,93,https://www.youtube.com/watch?v=wHIROYpjTkI,46,31,93,https://www.youtube.com/watch?v=wHIROYpjTkI,0,0,0,,0,0,0,0,
04efe2883aff4fb189084cb815c7c036,440,0,0,0,0,,0,0,0,,0,0,0,,0,0,0,0,
acd2bce38d2140e2b625b3eb9a830624,438,7217,77,9,100,https://www.youtube.com/watch?v=JRd6N4IwgIg,77,9,100,https://www.youtube.com/watch?v=JRd6N4IwgIg,0,0,0,,0,0,0,0,
ff88906b47654805b8370426415f1183,436,19138,0,0,0,,0,0,0,,0,0,0,,1351,0,0,0,
e2e125618df1445c9da9494bbd643b95,436,24788,49,12,64,https://www.youtube.com/watch?v=Y4ajYGC8ehU,56,19,64,https://www.youtube.com/watch?v=Y4ajYGC8ehU,22,9,22,https://www.youtube.com/watch?v=-6kY9tEWjnI,23,0,0,0,
c79c2ac57f9048eebdc1b9329209e19f,435,15484,163,14,423,https://www.youtube.com/watch?v=BmFQ2LqFz5M,0,0,0,,163,14,423,https://www.youtube.com/watch?v=BmFQ2LqFz5M,281,20,13,23,https://www.twitch.tv/videos/2105787354
4bdf9ee9f53f4785b37a9d9dbd2a0da8,433,16804,48,15,86,https://www.youtube.com/watch?v=JHoJkw1jiac,49,15,86,https://www.youtube.com/watch?v=JHoJkw1jiac,37,6,37,https://www.youtube.com/watch?v=anB6SH7nXYQ,0,0,0,0,
f998ba5e4a2f4cd9a979e034d338bfe9,431,11487,47,20,47,https://www.youtube.com/watch?v=KUT86ZZRpY4,0,0,0,,47,20,47,https://www.youtube.com/watch?v=KUT86ZZRpY4,0,0,0,0,
64d9adbc552c487db0cdf42ac3845e18,431,34295,0,0,0,,0,0,0,,0,0,0,,51,0,0,0,
994fcc5db40840ae990cf1ce43728548,429,11900,52,24,52,https://www.youtube.com/watch?v=h-02wB0kYbA,52,24,52,https://www.youtube.com/watch?v=h-02wB0kYbA,0,0,0,,0,0,0,0,
60da3bb357d64f998006b8ca3043fd00,429,13288,103,41,123,https://www.youtube.com/watch?v=UsofquxVYac,103,41,123,https://www.youtube.com/watch?v=UsofquxVYac,0,0,0,,0,0,0,0,
83f96fd6cab64f4da581c50cd2a31b82,428,4493,0,0,0,,0,0,0,,0,0,0,,3556,0,0,0,
2103bcf7923d4f74b2d043bffef71cc1,428,17962,40,12,108,https://www.youtube.com/watch?v=LapTsLGdVtA,40,12,108,https://www.youtube.com/watch?v=LapTsLGdVtA,0,0,0,,0,0,0,0,
ff445c140e9a4211960268c261e18fba,427,10344,0,0,0,,0,0,0,,0,0,0,,1404,0,0,0,
b7b1cb60f1c24c0ea4fb1f506d3e247a,427,10231,3,1,457,https://www.youtube.com/watch?v=KYJ9WPYC3Es,0,0,0,,3,1,457,https://www.youtube.com/watch?v=KYJ9WPYC3Es,794,109,75,214,https://www.twitch.tv/videos/2111313600
acc708b79f1c4e388466b407387e7cb5,426,28199,24,22,38,https://www.youtube.com/watch?v=9wqreWxYveM,24,22,38,https://www.youtube.com/watch?v=9wqreWxYveM,0,0,0,,0,0,0,0,
d2585e0ae32c467e8fc868eb531400a4,425,6116,57,26,176,https://www.youtube.com/watch?v=PD59eRw41qY,89,28,176,https://www.youtube.com/watch?v=PD59eRw41qY,30,25,80,https://www.youtube.com/watch?v=DCHr6BlVbts,0,0,0,0,
aa182728aa6d44c4ae37caa7cdb8ed29,424,14576,57,16,97,https://www.youtube.com/watch?v=GCGPPnhxBM4,57,16,97,https://www.youtube.com/watch?v=GCGPPnhxBM4,0,0,0,,221,10,7,12,https://www.twitch.tv/videos/2106756007
2afeb8ff2471460da2f02cb36c0c6345,424,4921,61,57,61,https://www.youtube.com/watch?v=IAVbGVUIsyE,0,0,0,,61,57,61,https://www.youtube.com/watch?v=IAVbGVUIsyE,1328,0,0,0,
8a86c4d0f4ce462a92c6bf09c027e432,423,95343,42,3,68,https://www.youtube.com/watch?v=M-2U9tMqEng,42,3,68,https://www.youtube.com/watch?v=M-2U9tMqEng,0,0,0,,0,0,0,0,
5c70a4710fca4b86ac63d56b0e894284,423,22908,0,0,0,,0,0,0,,0,0,0,,0,0,0,0,
f16af590d65d4d07bb6603aed00a1a78,423,0,0,0,0,,0,0,0,,0,0,0,,0,0,0,0,
23354f18e2a94c9187fd0560fd874eeb,422,8356,11,5,37,https://www.youtube.com/watch?v=UndmAbsBju4,0,0,0,,11,5,37,https://www.youtube.com/watch?v=UndmAbsBju4,1142,203,141,360,https://www.twitch.tv/videos/2102891477
c1ca3c2282084d0ebbdeb3896801aec9,422,5763,53,35,105,https://www.youtube.com/watch?v=zIplj7bqWuw,53,35,105,https://www.youtube.com/watch?v=zIplj7bqWuw,0,0,0,,135,0,0,0,
e57eccbb01a64ef2990cad149cd08364,421,8812,0,0,0,,0,0,0,,0,0,0,,1623,161,107,252,https://www.twitch.tv/videos/2100898600
1a95847597f04ae39d6f0d9caba04a5f,420,13476,60,29,60,https://www.youtube.com/watch?v=aNxlhyrNHLs,0,0,0,,60,29,60,https://www.youtube.com/watch?v=aNxlhyrNHLs,1106,120,105,217,https://www.twitch.tv/videos/2099844344
3849edba2b2e411f8564e9c1d1aaaa51,420,39426,76,40,162,https://www.youtube.com/watch?v=u0IFfha4psQ,76,40,162,https://www.youtube.com/watch?v=u0IFfha4psQ,0,0,0,,0,0,0,0,
c7400e2934c646e49f7df1816de41360,420,16579,13,6,13,https://www.youtube.com/watch?v=MCQuHpSszwQ,13,6,13,https://www.youtube.com/watch?v=MCQuHpSszwQ,0,0,0,,27,0,0,0,
5fbf4f6751f24d03a5723670cd500aca,419,10287,435,77,435,https://www.youtube.com/watch?v=WWP7ZiMvJEY,0,0,0,,435,77,435,https://www.youtube.com/watch?v=WWP7ZiMvJEY,715,113,84,160,https://www.twitch.tv/videos/2108670969
4a2df649332047d3b733c88209925f4c,419,6740,129,26,129,https://www.youtube.com/watch?v=CfZDl0wYk6k,0,0,0,,129,26,129,https://www.youtube.com/watch?v=CfZDl0wYk6k,970,521,325,678,https://www.twitch.tv/videos/2101018674
6c166d9128e74147a5c0b1dbf89c885c,418,5650,0,0,0,,0,0,0,,0,0,0,,0,0,0,0,
993f7baff5d24cf69d077e30f7fd1a9d,418,19959,0,0,0,,0,0,0,,0,0,0,,0,0,0,0,
22b0dfc3703e477d9ce6880cdbfafd91,418,14072,74,9,74,https://www.youtube.com/watch?v=MizEgzyiNNc,0,0,0,,74,9,74,https://www.youtube.com/watch?v=MizEgzyiNNc,1562,184,127,441,https://www.twitch.tv/videos/2101112069
d1ea458cb9094770ab63aa0bfc487981,418,7216,0,0,0,,0,0,0,,0,0,0,,0,0,0,0,
20b358775f2c4e7aa0a9f4e5090fe557,418,0,0,0,0,,0,0,0,,0,0,0,,0,0,0,0,
5b1bd72acc95440cb3aa381c89cfca3c,416,19563,35,2,35,https://www.youtube.com/watch?v=XvHhCOgH-TU,35,2,35,https://www.youtube.com/watch?v=XvHhCOgH-TU,0,0,0,,0,0,0,0,
1e4f8348a36e4ab3abda426f1810513a,415,9782,44,9,54,https://www.youtube.com/watch?v=Knitra4eCBk,44,9,54,https://www.youtube.com/watch?v=Knitra4eCBk,0,0,0,,0,0,0,0,
7051e693d03645bda16b3591f06ebd3f,414,18354,0,0,0,,0,0,0,,0,0,0,,0,0,0,0,
c8cb49db0c6842afa1a9bb8bb2620e8f,413,21624,0,0,0,,0,0,0,,0,0,0,,0,0,0,0,
8c494e45ce5b462aa744d46bbdc54021,412,74829,0,0,0,,0,0,0,,0,0,0,,201,0,0,0,
b0ec0f1ffbd8426982e7ca40d4b1064b,412,8837,0,0,0,,0,0,0,,0,0,0,,0,0,0,0,
96ff628d2280470b833174c32200a749,412,7766,84,35,310,https://www.youtube.com/watch?v=SjzNdA_Y9bo,84,35,310,https://www.youtube.com/watch?v=SjzNdA_Y9bo,0,0,0,,0,0,0,0,
3750eae778e9453eaeee75956a8dabc6,411,5053,32,11,121,https://www.youtube.com/watch?v=Sd2A1nQ6g8E,32,11,121,https://www.youtube.com/watch?v=Sd2A1nQ6g8E,0,0,0,,2105,162,103,286,https://www.twitch.tv/videos/2107639329
64199c3fe4914883a1a9b4a68dc332be,411,5990,0,0,0,,0,0,0,,0,0,0,,144,0,0,0,
2efed2f9e0c54ec4b58fc27154bd09ac,410,15883,0,0,0,,0,0,0,,0,0,0,,199,0,0,0,
80b6efc8007f4f6d84ce2f93862ae319,408,34675,34,14,58,https://www.youtube.com/watch?v=7ukmNyP8JfM,34,14,58,https://www.youtube.com/watch?v=7ukmNyP8JfM,0,0,0,,0,0,0,0,
2d20aadf97d847939178a297b535b431,407,206631,0,0,0,,0,0,0,,0,0,0,,0,0,0,0,
41ad2f1c78f0406ab5460f38115002d7,406,14104,36,18,71,https://www.youtube.com/watch?v=SMuQs6Pf3Ow,36,18,71,https://www.youtube.com/watch?v=SMuQs6Pf3Ow,0,0,0,,0,0,0,0,
af04c9cb9b56499bb305a49ba7fd2eef,405,6442,0,0,0,,0,0,0,,0,0,0,,0,0,0,0,
28e5717b1964475ca59ce02d81cb2796,405,9779,41,34,102,https://www.youtube.com/watch?v=noXHmarC2nc,0,0,0,,41,34,102,https://www.youtube.com/watch?v=noXHmarC2nc,683,244,145,422,https://www.twitch.tv/videos/2111262602
e3451dd6f3c0444c888eb6f67704613a,404,8397,118,66,261,https://www.youtube.com/watch?v=p06CW-wUvds,118,66,261,https://www.youtube.com/watch?v=p06CW-wUvds,0,0,0,,0,0,0,0,
4b305df8ba4546b48c8ec1cda5efb7e2,404,59697,145,97,1050,https://www.youtube.com/watch?v=t3sJIyJbYVM,96,45,102,https://www.youtube.com/watch?v=ZxE4DjsUh1c,164,103,1050,https://www.youtube.com/watch?v=t3sJIyJbYVM,0,0,0,0,
5507154831064d69906acc64c76b1c99,404,10581,42,8,42,https://www.youtube.com/watch?v=m3_37_B4NyQ,0,0,0,,42,8,42,https://www.youtube.com/watch?v=m3_37_B4NyQ,1610,457,348,48933,https://www.twitch.tv/videos/2107691905
e802bcea6eb04ce6aa9041aa5e06ceae,403,12733,0,0,0,,0,0,0,,0,0,0,,0,0,0,0,
a22035a68721415e830d1d7b8ffd172d,402,2096,0,0,0,,0,0,0,,0,0,0,,0,0,0,0,
5d1f5182f62642a8a2e3ae5d3ead1014,402,15148,23,14,62,https://www.youtube.com/watch?v=m50nWtB3dBo,23,14,62,https://www.youtube.com/watch?v=m50nWtB3dBo,0,0,0,,0,0,0,0,
323c21f9e49f47d48609f698a3f81fd5,400,4429,0,0,0,,0,0,0,,0,0,0,,0,0,0,0,
42ff41f7d6884ae8b93ed46415376d83,398,9679,26,7,63,https://www.youtube.com/watch?v=_WQDElAl9GE,21,9,48,https://www.youtube.com/watch?v=rnifLKeFSh8,63,3,63,https://www.youtube.com/watch?v=_WQDElAl9GE,0,0,0,0,
bef9339ef369421985354d6c47ff9373,397,3236,57,31,63,https://www.youtube.com/watch?v=NM8HgYFzXSc,53,24,63,https://www.youtube.com/watch?v=NM8HgYFzXSc,57,31,57,https://www.youtube.com/watch?v=6Z5dr_qR7EI,0,0,0,0,
71527d28bef840c282650e040a446374,396,2846,0,0,0,,0,0,0,,0,0,0,,297,0,0,0,
f771e51357eb44d2820afd47aba3b546,396,8825,0,0,0,,0,0,0,,0,0,0,,276,0,0,0,
7ca610bac41843a28abba9e947aa9ded,395,18439,360,179,3144,https://www.youtube.com/watch?v=mP7CY0g0kE4,407,143,673,https://www.youtube.com/watch?v=UIjCE2SCHAU,360,200,3144,https://www.youtube.com/watch?v=mP7CY0g0kE4,1948,292,195,1063,https://www.twitch.tv/videos/2106970670
3434e3ca02904364b763c86e75fa6d4a,394,45426,289,32,653,https://www.youtube.com/watch?v=lbM_8hq9jbA,0,0,0,,289,32,653,https://www.youtube.com/watch?v=lbM_8hq9jbA,1434,144,102,354,https://www.twitch.tv/videos/2104776319
6bb99d03979041aa909d87375acaf92d,394,58585,237,174,237,https://www.youtube.com/watch?v=SrfqiGN0-XM,237,174,237,https://www.youtube.com/watch?v=SrfqiGN0-XM,0,0,0,,0,0,0,0,
52ff14aabd804801a6e589681fc2fb4d,394,42186,20,6,94,https://www.youtube.com/watch?v=GEoF4ahZzMQ,29,7,94,https://www.youtube.com/watch?v=GEoF4ahZzMQ,11,6,33,https://www.youtube.com/watch?v=IbuXra80vv8,1648,0,0,0,
405cf0a502a6496bacfe7e49647e7e28,393,14566,42,21,103,https://www.youtube.com/watch?v=kxvyTFaJzV0,42,21,103,https://www.youtube.com/watch?v=kxvyTFaJzV0,0,0,0,,1105,277,207,1212,https://www.twitch.tv/videos/2110439781
789a5da3ba8146e9ac10a8814f096b49,392,14163,0,0,0,,0,0,0,,0,0,0,,0,0,0,0,
6d1e2248e6844ac29d3f28d3b3e178f4,390,1289,0,0,0,,0,0,0,,0,0,0,,2017,219,138,327,https://www.twitch.tv/videos/2111331833
8527ad14c0a348e19d1dc223e0abac20,390,7767,22,6,22,https://www.youtube.com/watch?v=Nj6QwVguEYU,0,0,0,,22,6,22,https://www.youtube.com/watch?v=Nj6QwVguEYU,863,60,44,65,https://www.twitch.tv/videos/2108606891
8fbd23f4e2ad442bb230aea8f433cd49,388,19707,27,12,441,https://www.youtube.com/watch?v=6SucC5chMcA,30,9,71,https://www.youtube.com/watch?v=fWQ2iTDj8aA,24,17,441,https://www.youtube.com/watch?v=6SucC5chMcA,17,0,0,0,
5298121274154e4b9154e8ac47d98beb,387,11820,62,30,400,https://www.youtube.com/watch?v=DFwiMA4qHVc,57,19,160,https://www.youtube.com/watch?v=a9tRgyEk5cg,114,58,400,https://www.youtube.com/watch?v=DFwiMA4qHVc,0,0,0,0,
f5a99c6ea78e4023b1bc84c1502f432d,387,8932,46,18,92,https://www.youtube.com/watch?v=H8q81zWEk6M,47,20,92,https://www.youtube.com/watch?v=H8q81zWEk6M,23,7,23,https://www.youtube.com/watch?v=34xG-sssQNY,0,0,0,0,
05055e62d34241888df31217ac25e671,387,19535,15,2,51,https://www.youtube.com/watch?v=ZS3aq34eOT4,15,2,51,https://www.youtube.com/watch?v=ZS3aq34eOT4,0,0,0,,1280,0,0,0,
8ae8129571fe478283e45a20972b94c2,387,4721,0,0,0,,0,0,0,,0,0,0,,0,0,0,0,
b3b24f0ebecc45118f88f12042bd59c8,387,51189,6,2,35,https://www.youtube.com/watch?v=gMoft50w7UY,6,1,12,https://www.youtube.com/watch?v=U6rllTmrRcs,20,14,35,https://www.youtube.com/watch?v=gMoft50w7UY,0,0,0,0,
fb5a1dbf496e4e7fb1e7698bb92c4acf,386,21930,0,0,0,,0,0,0,,0,0,0,,0,0,0,0,
236bfe277b89428dacb6ecc89fdb6ca2,386,0,0,0,0,,0,0,0,,0,0,0,,0,0,0,0,
b4b4fcedc8264cb5b90584935aebf110,386,6667,419,4,419,https://www.youtube.com/watch?v=cERSZcvTEt0,0,0,0,,419,4,419,https://www.youtube.com/watch?v=cERSZcvTEt0,227,0,0,0,
e4bea3dcc8934426a57516d4d6b373f4,382,1397,0,0,0,,0,0,0,,0,0,0,,1744,551,193,947,https://www.twitch.tv/videos/2094226887
6542ad533b67427ab99e5b2277ace17d,380,8773,127,62,253,https://www.youtube.com/watch?v=_wEOe2C85Fo,127,62,253,https://www.youtube.com/watch?v=_wEOe2C85Fo,0,0,0,,0,0,0,0,
1eef7c0894a547a2bff186f6a735145a,378,7559,105,45,1352,https://www.youtube.com/watch?v=xAAg5PNKQWs,107,43,1352,https://www.youtube.com/watch?v=xAAg5PNKQWs,93,51,748,https://www.youtube.com/watch?v=qarz1PIopoE,0,0,0,0,
ae5e1ce2a3074d07818716492277408c,377,1702,25,15,25,https://www.youtube.com/watch?v=lTxi-MihPIk,0,0,0,,25,15,25,https://www.youtube.com/watch?v=lTxi-MihPIk,1188,193,110,263,https://www.twitch.tv/videos/2109498255
d44dc8542b4f4dacab8f54b7e3483728,377,14197,63,38,4400,https://www.youtube.com/watch?v=6gKgAJzETlk,57,25,71,https://www.youtube.com/watch?v=pYfIPopiDc8,2270,330,4400,https://www.youtube.com/watch?v=6gKgAJzETlk,0,0,0,0,
3a29989f3f71430f88f1535125a1d32c,376,28454,0,0,0,,0,0,0,,0,0,0,,0,0,0,0,
21fcf23549a74111bbe31c949245e2cd,376,11215,0,0,0,,0,0,0,,0,0,0,,0,0,0,0,
a2ceea65ce58431085b1366a0cfe9c61,374,6865,6,0,6,https://www.youtube.com/watch?v=-rO0JI3yRSw,0,0,0,,6,0,6,https://www.youtube.com/watch?v=-rO0JI3yRSw,0,0,0,0,
a8e0ec03cb0a4e0292228e1a6ed35e6a,373,7833,397,97,413,https://www.youtube.com/watch?v=vwyh0HzCqHQ,0,0,0,,397,97,413,https://www.youtube.com/watch?v=vwyh0HzCqHQ,845,31,22,43,https://www.twitch.tv/videos/2110341214
fbc25614b5c24774b849d42ccf45eae6,373,4694,48,44,48,https://www.youtube.com/watch?v=mK1YgiRN35I,48,44,48,https://www.youtube.com/watch?v=mK1YgiRN35I,0,0,0,,846,93,84,93,https://www.twitch.tv/videos/2111324780
31c7fada1ab24cbd83ab4ae698955a29,372,6081,63,25,323,https://www.youtube.com/watch?v=sk4AknC_xDo,64,27,323,https://www.youtube.com/watch?v=sk4AknC_xDo,14,5,14,https://www.youtube.com/watch?v=tKgCcnVxvFg,0,0,0,0,
cce33288177341058833d8b4a093b03f,372,20146,34,3,34,https://www.youtube.com/watch?v=GZ2xRKZ5ick,34,3,34,https://www.youtube.com/watch?v=GZ2xRKZ5ick,0,0,0,,0,0,0,0,
9434be74cca5450789bf73aa4359b542,372,11569,0,0,0,,0,0,0,,0,0,0,,0,0,0,0,
5000b613025542c498cd6ab2287865c6,371,913,0,0,0,,0,0,0,,0,0,0,,2294,0,0,0,
9ee3c9b53c0048329175370a5868300b,370,27970,86,51,127,https://www.youtube.com/watch?v=uPG16TUgGbg,88,63,94,https://www.youtube.com/watch?v=Iybs1AAIylo,85,10,127,https://www.youtube.com/watch?v=uPG16TUgGbg,0,0,0,0,
c5ac07b79a304f37b039266446fd4f3b,370,15680,0,0,0,,0,0,0,,0,0,0,,0,0,0,0,
c265c71f4d2744919a319f0f38c008f9,370,12714,124,1,124,https://www.youtube.com/watch?v=aebmPqsky-w,0,0,0,,124,1,124,https://www.youtube.com/watch?v=aebmPqsky-w,3948,0,0,0,
f479e1403f614727a5f2a2be339bad74,370,7392,55,5,55,https://www.youtube.com/watch?v=gCLPy8sH7Sk,0,0,0,,55,5,55,https://www.youtube.com/watch?v=gCLPy8sH7Sk,1411,0,0,0,
27a484e8f53a433396e73bea886fa2cb,370,19502,0,0,0,,0,0,0,,0,0,0,,0,0,0,0,
6ec876adec524585af913c1585e8df1f,370,9913,376,180,376,https://www.youtube.com/watch?v=HP5xunuUJvg,0,0,0,,376,180,376,https://www.youtube.com/watch?v=HP5xunuUJvg,1215,189,103,189,https://www.twitch.tv/videos/2101025371
564a0f351ed941cb8c112f8bc759ced6,370,8279,0,0,0,,0,0,0,,0,0,0,,86,0,0,0,
b359f595b54b4edc8969423a8b5658ff,369,10058,6,1,31,https://www.youtube.com/watch?v=Iu6frXqjqt4,0,0,0,,6,1,31,https://www.youtube.com/watch?v=Iu6frXqjqt4,0,0,0,0,
da165e838dfe49aea3f91457f3825657,369,7810,4,1,9,https://www.youtube.com/watch?v=V89nc8g93JQ,0,0,0,,4,1,9,https://www.youtube.com/watch?v=V89nc8g93JQ,0,0,0,0,
876c11fba4af4235857127b9af87093e,368,17075,0,0,0,,0,0,0,,0,0,0,,0,0,0,0,
7003e3e3a24244ffb5ebfbbdc20c97f8,367,8659,67,20,93,https://www.youtube.com/watch?v=yE-PYmvF7_8,67,23,93,https://www.youtube.com/watch?v=yE-PYmvF7_8,65,11,65,https://www.youtube.com/watch?v=9b-PEQotPo0,0,0,0,0,
bbd618a3874d4ae2ba5af36a23bc1914,367,691,0,0,0,,0,0,0,,0,0,0,,5955,2982,1282,12188,https://www.twitch.tv/videos/2109837488
bd119628dae64d45b71b44e0f158f23a,367,4021,50,20,418,https://www.youtube.com/watch?v=IYLtkcU1MMg,0,0,0,,50,20,418,https://www.youtube.com/watch?v=IYLtkcU1MMg,2614,307,267,330,https://www.twitch.tv/videos/2111520098
7731172cfcaa4e668762473a7b9d509a,367,8456,0,0,0,,0,0,0,,0,0,0,,462,35,18,35,https://www.twitch.tv/videos/2100897342
1204e14e13fb4e1e9dcbd47e1a8dc7b2,366,3680,0,0,0,,0,0,0,,0,0,0,,637,74,60,160,https://www.twitch.tv/videos/2109582539
db4caa3fc50540e3bd7caecd69e2dab8,365,13722,57,33,79,https://www.youtube.com/watch?v=CCKYwExoGkY,57,33,79,https://www.youtube.com/watch?v=CCKYwExoGkY,0,0,0,,0,0,0,0,
78a38db1e825465db12a5155d4cd6d97,365,12780,0,0,0,,0,0,0,,0,0,0,,0,0,0,0,
3981c01691a44d708da1191e9546eaad,365,22418,50,24,73,https://www.youtube.com/watch?v=8G76Kzy3uuQ,50,24,73,https://www.youtube.com/watch?v=8G76Kzy3uuQ,0,0,0,,0,0,0,0,
0e9aeecbe8f04a62ab781cf2e520eba0,364,2895,73,33,89,https://www.youtube.com/watch?v=-ooKKv9pDwk,0,0,0,,73,33,89,https://www.youtube.com/watch?v=-ooKKv9pDwk,4016,868,335,1638,https://www.twitch.tv/videos/2100021638
12d506583827419e9eb3b64ec551a94d,363,2964,47,30,47,https://www.youtube.com/watch?v=r1VUhOAqhF0,47,32,47,https://www.youtube.com/watch?v=r1VUhOAqhF0,12,11,12,https://www.youtube.com/watch?v=ILUrPviJY1M,18,0,0,0,
d23dbc9d1db64c42821697d1bac8fb66,363,9918,53,28,416,https://www.youtube.com/watch?v=9OjThRbaX5E,53,28,416,https://www.youtube.com/watch?v=9OjThRbaX5E,0,0,0,,0,0,0,0,
b96f58f4373a4b65977afe5f2829e9e4,362,61124,43,23,461,https://www.youtube.com/watch?v=XGSYVxOvRvQ,40,23,70,https://www.youtube.com/watch?v=_0HEd754aYE,252,16,461,https://www.youtube.com/watch?v=XGSYVxOvRvQ,249,65,60,135,https://www.twitch.tv/videos/2111499220
370f66a57c0341b0adef5bcbad64ff90,362,13046,41,38,65,https://www.youtube.com/watch?v=93ec3lZMSmM,53,47,65,https://www.youtube.com/watch?v=93ec3lZMSmM,22,17,22,https://www.youtube.com/watch?v=6-kXBO9ZHC4,0,0,0,0,
6695a7e8f824489881f2c321501a36a6,361,20342,42,15,75,https://www.youtube.com/watch?v=8eYjN-OC-8k,42,15,75,https://www.youtube.com/watch?v=8eYjN-OC-8k,0,0,0,,0,0,0,0,
366df9da61654531a6581169c70a0432,360,8017,0,0,0,,0,0,0,,0,0,0,,0,0,0,0,
ae7dbe93a8cc4651b5ddb7b539e85d6b,360,21704,24,4,53,https://www.youtube.com/watch?v=YuZjK4XWo_U,24,4,53,https://www.youtube.com/watch?v=YuZjK4XWo_U,0,0,0,,0,0,0,0,
da3d722ffea34b5b87fbb62c6026cba2,360,12294,0,0,0,,0,0,0,,0,0,0,,109,0,0,0,
4fc02db3aab84e6cb526c02405d18c6e,359,16949,0,0,0,,0,0,0,,0,0,0,,148,0,0,0,
1f378a6e115046ffa1a17f9079285d4a,357,4975,14,3,23,https://www.youtube.com/watch?v=U3if_YbZtMY,21,2,23,https://www.youtube.com/watch?v=U3if_YbZtMY,7,3,9,https://www.youtube.com/watch?v=kqJT5Teogq8,84,0,0,0,
6503172c78774a0fa639255ac2e7e85a,357,11519,43,27,114,https://www.youtube.com/watch?v=5Fu6N5AAaUA,43,27,114,https://www.youtube.com/watch?v=5Fu6N5AAaUA,0,0,0,,0,0,0,0,
4f2a933e597d4360b8dc52ceaa0d1cff,356,2596,76,58,76,https://www.youtube.com/watch?v=XO8L2fOvQ5E,76,58,76,https://www.youtube.com/watch?v=XO8L2fOvQ5E,0,0,0,,0,0,0,0,
1058d6e9f351455389e8a7a716ea26ff,355,16504,19,9,56,https://www.youtube.com/watch?v=pHUiuevuYC8,19,8,56,https://www.youtube.com/watch?v=pHUiuevuYC8,20,13,20,https://www.youtube.com/watch?v=1BD0kY9gZZI,2608,149,116,284,https://www.twitch.tv/videos/2103877915
592e288d58c94472ba3da9108d4747c8,354,0,0,0,0,,0,0,0,,0,0,0,,0,0,0,0,
8013fa67a08945a5b4b976156b6f610f,353,6197,0,0,0,,0,0,0,,0,0,0,,318,31,26,38,https://www.twitch.tv/videos/2106873222
836015916a40475bb608e8c6a69b6a09,352,24505,65,13,67,https://www.youtube.com/watch?v=wlX3g65I618,67,16,67,https://www.youtube.com/watch?v=wlX3g65I618,60,10,66,https://www.youtube.com/watch?v=hDzuKZEcsg8,0,0,0,0,
93bad1d4b0c54c8781e3775d13a62c38,351,13225,172,82,1160,https://www.youtube.com/watch?v=qWRbdfd3hyY,157,82,234,https://www.youtube.com/watch?v=C83sqnEmdK8,370,148,1160,https://www.youtube.com/watch?v=qWRbdfd3hyY,112,83,66,95,https://www.twitch.tv/videos/2113418293
921b0b3a8dd64a5494720801af95ba06,351,2866,62,34,98,https://www.youtube.com/watch?v=qbfDjOlaPOY,62,35,98,https://www.youtube.com/watch?v=qbfDjOlaPOY,69,17,69,https://www.youtube.com/watch?v=xn2VaVWxNc8,0,0,0,0,
a56567301c734548bad86e8ace7d9140,350,50582,32,6,32,https://www.youtube.com/watch?v=nGRBzdPIIhQ,0,0,0,,32,6,32,https://www.youtube.com/watch?v=nGRBzdPIIhQ,0,0,0,0,
04ceb6c0caf740f4a694cad25f537c1f,349,10673,33,18,33,https://www.youtube.com/watch?v=E1MwiW0O3fg,0,0,0,,33,18,33,https://www.youtube.com/watch?v=E1MwiW0O3fg,144,81,48,140,https://www.twitch.tv/videos/2100992284
1391c9808cd64cecb670a24b210ebc3f,349,0,0,0,0,,0,0,0,,0,0,0,,0,0,0,0,
8ba365057cdb4ba5ba9c27c02c7c7f3d,349,43,0,0,0,,0,0,0,,0,0,0,,1087,147,99,147,https://www.twitch.tv/videos/2104779244
f6a02208132e4cdeb72d84d1fb487384,349,936,0,0,0,,0,0,0,,0,0,0,,0,0,0,0,
1c096a5610c0459b84c74213c3b30f85,348,13454,0,0,0,,0,0,0,,0,0,0,,200,216,178,330,https://www.twitch.tv/videos/2111395082
7e1072448d24495f8cac5163c0290989,347,6637,40,22,65,https://www.youtube.com/watch?v=XmBQvoGD1ao,45,24,65,https://www.youtube.com/watch?v=XmBQvoGD1ao,30,18,35,https://www.youtube.com/watch?v=56c_kbkMupM,0,0,0,0,
1d1e155c827e4ed2a0596c256983c22d,347,25551,0,0,0,,0,0,0,,0,0,0,,1217,226,156,296,https://www.twitch.tv/videos/2109307992
c97b665a89c34600be01f83eb1f77063,345,8571,0,0,0,,0,0,0,,0,0,0,,0,0,0,0,
483a76d7ad1d464aa290606959ddddec,345,12618,94,13,198,https://www.youtube.com/watch?v=c5YS_sV4lX0,104,18,198,https://www.youtube.com/watch?v=c5YS_sV4lX0,53,10,124,https://www.youtube.com/watch?v=5AvD3fYZVYA,81,0,0,0,
5ae7e41f9b9a420d9217a0b2c6755f52,345,3461,0,0,0,,0,0,0,,0,0,0,,0,0,0,0,
92954c3082f74d239222d16aa5c69667,344,14470,0,0,0,,0,0,0,,0,0,0,,0,0,0,0,
60a64aca51ed4528895fe35b08231670,343,8012,11,8,11,https://www.youtube.com/watch?v=U5zGcd5Ug-M,0,0,0,,11,8,11,https://www.youtube.com/watch?v=U5zGcd5Ug-M,302,10,9,14,https://www.twitch.tv/videos/2112458371
e290f49c193149708cd72747639d5ced,342,14177,66,25,102,https://www.youtube.com/watch?v=QvinSFFMq2M,69,26,102,https://www.youtube.com/watch?v=QvinSFFMq2M,38,19,38,https://www.youtube.com/watch?v=qQEY41OkizU,0,0,0,0,
f46e5ebb899548cab53d24f1901315b0,341,12521,32,24,34,https://www.youtube.com/watch?v=2MCr6tRdpQQ,32,24,34,https://www.youtube.com/watch?v=2MCr6tRdpQQ,0,0,0,,145,0,0,0,
faa4994019724702a9da315a8c3641bc,341,1219,129,58,140,https://www.youtube.com/watch?v=lXFQaUnUY8M,129,58,140,https://www.youtube.com/watch?v=lXFQaUnUY8M,0,0,0,,0,0,0,0,
b0df22881775422093e3e64a63b01a5a,339,15723,40,14,199,https://www.youtube.com/watch?v=yZcI0DuGBE8,0,0,0,,40,14,199,https://www.youtube.com/watch?v=yZcI0DuGBE8,120,0,0,0,
1cddca10dd334373b8f51b3b0ed2efe4,338,12819,19,7,134,https://www.youtube.com/watch?v=sWofDEgjbY0,0,0,0,,19,7,134,https://www.youtube.com/watch?v=sWofDEgjbY0,0,0,0,0,
36e84e22a57148769dd1f1b0c90cbabd,337,1112,0,0,0,,0,0,0,,0,0,0,,986,0,0,0,
12f22a9f1ecf4807a61eee4d628d4bd3,336,4442,0,0,0,,0,0,0,,0,0,0,,0,0,0,0,
87df5b92303e4410884b8c52ff2c4e0d,335,9903,22,6,22,https://www.youtube.com/watch?v=TlUIi2OIWQ0,0,0,0,,22,6,22,https://www.youtube.com/watch?v=TlUIi2OIWQ0,479,151,84,387,https://www.twitch.tv/videos/2109553356
23826e240c9f40a39ff844a76de91c84,335,1576,0,0,0,,0,0,0,,0,0,0,,0,0,0,0,
943129b96d2341bcb7b25a66c9da2354,334,6345,47,14,76,https://www.youtube.com/watch?v=FuQ_9fcdHyU,49,14,76,https://www.youtube.com/watch?v=FuQ_9fcdHyU,39,17,47,https://www.youtube.com/watch?v=Myv-8zRP5CE,15494,615,278,1273,https://www.twitch.tv/videos/2111282193
ca161c4e0ef54cd4a311705625caf164,334,9338,0,0,0,,0,0,0,,0,0,0,,2336,0,0,0,
38ae17784f894dc190a28b89e5555cd3,333,2439,0,0,0,,0,0,0,,0,0,0,,0,0,0,0,
e32b6351f1684034955171b93b1c5e63,333,0,0,0,0,,0,0,0,,0,0,0,,1696,0,0,0,
8b0dbadf9faa4815923944437f1c1abb,333,32641,9,3,68,https://www.youtube.com/watch?v=cXsNc4YPlD4,0,0,0,,9,3,68,https://www.youtube.com/watch?v=cXsNc4YPlD4,0,0,0,0,
517ef8a3c92b4216b2cabffcb2ec3aaf,333,15222,0,0,0,,0,0,0,,0,0,0,,0,0,0,0,
0f5e3935971449daa91b654886313110,332,8171,0,0,0,,0,0,0,,0,0,0,,2240,0,0,0,
d50d9b85f098470c8220cd99de802b17,331,15592,44,15,58,https://www.youtube.com/watch?v=X8iNdmn_bCU,44,15,58,https://www.youtube.com/watch?v=X8iNdmn_bCU,0,0,0,,0,0,0,0,
b386124230514f5fa128ad046e85f12f,330,3951,0,0,0,,0,0,0,,0,0,0,,314,32,21,78,https://www.twitch.tv/videos/2110285051
281576aa13244a6e8671de0896a890c6,329,16078,0,0,0,,0,0,0,,0,0,0,,351,14,10,53,https://www.twitch.tv/videos/2105878961
cc85e4120c0746b7925c898a963f0747,329,18334,13,3,14,https://www.youtube.com/watch?v=o2zIvitEun0,13,3,14,https://www.youtube.com/watch?v=o2zIvitEun0,0,0,0,,0,0,0,0,
3f2e41bdee4145f59fa97830ba3f5edb,328,212,0,0,0,,0,0,0,,0,0,0,,1293,302,223,572,https://www.twitch.tv/videos/2103695385
26b00f5ff5bf4b5a8dcb6c5c34e1b4f6,327,2936,0,0,0,,0,0,0,,0,0,0,,1516,681,452,3223,https://www.twitch.tv/videos/2104797634
f2b0bc3e82024bd3ae1c7cb5fe926829,327,8526,31,18,44,https://www.youtube.com/watch?v=iDyu13mZJ2o,31,18,44,https://www.youtube.com/watch?v=iDyu13mZJ2o,0,0,0,,0,0,0,0,
3ffe754930804f09ac328f7e6e9c53bd,325,11931,54,53,54,https://www.youtube.com/watch?v=hk0B3qVHK_Q,54,53,54,https://www.youtube.com/watch?v=hk0B3qVHK_Q,0,0,0,,0,0,0,0,
533e7b1b50ba448292c09c5845d68eb6,325,3921,78,64,145,https://www.youtube.com/watch?v=_e4f37TclEc,78,64,145,https://www.youtube.com/watch?v=_e4f37TclEc,0,0,0,,88,92,48,108,https://www.twitch.tv/videos/2109468129
9bd9d680d6cf48d1a7171430f286fcb1,325,10173,17,8,50,https://www.youtube.com/watch?v=O2hnkUK64L4,17,8,50,https://www.youtube.com/watch?v=O2hnkUK64L4,0,0,0,,0,0,0,0,
238b751368474f798a737e7cf1f4a87b,325,3852,18,3,154,https://www.youtube.com/watch?v=khWPIWV6EBo,154,3,154,https://www.youtube.com/watch?v=khWPIWV6EBo,13,5,41,https://www.youtube.com/watch?v=hmWBcAIxgtQ,967,196,124,331,https://www.twitch.tv/videos/2113362735
2a2b7990365f4a1bb1d8acf1ae0f2f32,324,23547,43,18,123,https://www.youtube.com/watch?v=qtUSjzuWbRI,40,18,123,https://www.youtube.com/watch?v=qtUSjzuWbRI,61,47,61,https://www.youtube.com/watch?v=3sdp-wfonfg,94,6,5,19,https://www.twitch.tv/videos/2110505753
0591345aa6634a73ac41f08af6d4e06e,324,10402,0,0,0,,0,0,0,,0,0,0,,0,0,0,0,
57843e9c870647729c2438a7a7077008,324,6445,0,0,0,,0,0,0,,0,0,0,,103,0,0,0,
f44835c18dac441f910f4eb821ffd7ce,324,10563,198,62,432,https://www.youtube.com/watch?v=aqCEI3-34cc,198,72,250,https://www.youtube.com/watch?v=g-DMgDi45Gc,265,44,432,https://www.youtube.com/watch?v=aqCEI3-34cc,2873,209,167,324,https://www.twitch.tv/videos/2106740267
73755322c8e74479864369766f924be1,323,16214,18,9,86,https://www.youtube.com/watch?v=bKSesCdhIbQ,0,0,0,,18,9,86,https://www.youtube.com/watch?v=bKSesCdhIbQ,4797,463,280,639,https://www.twitch.tv/videos/2103697361
6e965d00e9c04598956d0dbcd7518511,322,75128,0,0,0,,0,0,0,,0,0,0,,0,0,0,0,
356186a5552f499baab4ac520b7d4235,322,12057,56,26,99,https://www.youtube.com/watch?v=lN_HjdfGHGQ,56,26,99,https://www.youtube.com/watch?v=lN_HjdfGHGQ,0,0,0,,0,0,0,0,
b511c9a0eba7474fbb8ac8d02ff357b7,322,12573,55,20,92,https://www.youtube.com/watch?v=R-wBnMMeMl0,55,23,92,https://www.youtube.com/watch?v=R-wBnMMeMl0,43,14,43,https://www.youtube.com/watch?v=o5AfC5hPu4A,0,0,0,0,
9a1010457a0e40b398120afabf5626f2,321,3471,84,9,84,https://www.youtube.com/watch?v=jbeL8qUFh_E,0,0,0,,84,9,84,https://www.youtube.com/watch?v=jbeL8qUFh_E,0,0,0,0,
93bf43bc175742cd8c7af6b80687cd84,321,6025,0,0,0,,0,0,0,,0,0,0,,1303,0,0,0,
5c3ea93753724a63b32071a7a580af7b,321,14934,6,2,51,https://www.youtube.com/watch?v=9vIxdbgJIEY,0,0,0,,6,2,51,https://www.youtube.com/watch?v=9vIxdbgJIEY,1851,16,10,87,https://www.twitch.tv/videos/2108490886
4d9730dc400443e6b8edb719febd5f46,321,2857,0,0,0,,0,0,0,,0,0,0,,0,0,0,0,
f18f778f8a8b468cbe7dcd350228e3fb,320,2379,5,2,8,https://www.youtube.com/watch?v=oMUU8e57VOE,0,0,0,,5,2,8,https://www.youtube.com/watch?v=oMUU8e57VOE,1815,191,141,191,https://www.twitch.tv/videos/2106663773
cffb719c9d4645d4a2d6eefca66902d9,319,3532,16,15,16,https://www.youtube.com/watch?v=a0OL9adddAo,0,0,0,,16,15,16,https://www.youtube.com/watch?v=a0OL9adddAo,606,0,0,0,
779093d7bffe454aac7df7aea003f150,319,3683,0,0,0,,0,0,0,,0,0,0,,0,0,0,0,
819cc1636ec94c0ab290b4513c6d629d,318,4097,0,0,0,,0,0,0,,0,0,0,,3077,700,206,1033,https://www.twitch.tv/videos/2097554873
ba795eb1ea0f4fea888b1bfff3d5be86,317,7959,0,0,0,,0,0,0,,0,0,0,,2980,456,296,914,https://www.twitch.tv/videos/2107934554
2df2e0bc14fa4450a0d17d294b5a0bc0,317,20667,9,3,15,https://www.youtube.com/watch?v=n2ZEhAhhuNg,0,0,0,,9,3,15,https://www.youtube.com/watch?v=n2ZEhAhhuNg,0,0,0,0,
dbf7b5a346e645f7be7d0d19d2193bc5,317,18184,429,78,429,https://www.youtube.com/watch?v=-iUWffYELVI,0,0,0,,429,78,429,https://www.youtube.com/watch?v=-iUWffYELVI,0,0,0,0,
99f95450781349058c1c4098d6fe9f41,316,5344,68,11,95,https://www.youtube.com/watch?v=KBufMs5VjfY,68,11,95,https://www.youtube.com/watch?v=KBufMs5VjfY,0,0,0,,0,0,0,0,
682e400513134d0bacfa85513958c64d,315,6896,5,2,793,https://www.youtube.com/watch?v=KXkfG-CJQow,0,0,0,,5,2,793,https://www.youtube.com/watch?v=KXkfG-CJQow,711,184,131,184,https://www.twitch.tv/videos/2105809045
e41bf48a09d64e4aa3d96064a9a63b08,315,22945,15,10,29,https://www.youtube.com/watch?v=OSmLkJNKEwo,15,10,29,https://www.youtube.com/watch?v=OSmLkJNKEwo,0,0,0,,77,0,0,0,
7f494e37d17544878977d81e26b13897,314,170,0,0,0,,0,0,0,,0,0,0,,0,0,0,0,
3083d2b8192843958b2852553cb3bc70,314,2492,0,0,0,,0,0,0,,0,0,0,,285,47,39,71,https://www.twitch.tv/videos/2100040047
cb5ff5f1898a45b1bc27a32057a1fa91,313,4235,64,18,161,https://www.youtube.com/watch?v=XfD41DeJnTA,64,24,80,https://www.youtube.com/watch?v=OhCyFOUGZec,95,18,161,https://www.youtube.com/watch?v=XfD41DeJnTA,823,148,128,441,https://www.twitch.tv/videos/2100697259
75f054a2cc1c4f9fa406626859d3765e,313,11730,0,0,0,,0,0,0,,0,0,0,,559,0,0,0,
64e20992295c4be984e9af0a470d6440,311,4187,0,0,0,,0,0,0,,0,0,0,,4469,1074,831,1845,https://www.twitch.tv/videos/2105762374
480715845a044cb780b135e2bfd0ded8,310,12802,35,25,35,https://www.youtube.com/watch?v=FPtvDuMATYY,35,25,35,https://www.youtube.com/watch?v=FPtvDuMATYY,0,0,0,,0,0,0,0,
9350b5c36c9e4f3faf01dfdda5b263f5,310,3436,0,0,0,,0,0,0,,0,0,0,,959,0,0,0,
67b37e4e1f2f49d88a047d650b70be91,309,1386,28,5,28,https://www.youtube.com/watch?v=EzsNrorMA0g,28,5,28,https://www.youtube.com/watch?v=EzsNrorMA0g,0,0,0,,1433,29,19,78,https://www.twitch.tv/videos/2099946609
95df3846ff6644429227e9e058994ad8,309,12781,65,24,74,https://www.youtube.com/watch?v=nQfHBrUmiYM,65,24,74,https://www.youtube.com/watch?v=nQfHBrUmiYM,0,0,0,,0,0,0,0,
09ceaec049b74c6bbe11eca7d4aa3cf6,308,7706,0,0,0,,0,0,0,,0,0,0,,0,0,0,0,
984a03604a2d4573afc33967b1fa0a72,307,13576,0,0,0,,0,0,0,,0,0,0,,0,0,0,0,
8c0ff863d66348898311ee83d16257b5,307,3591,74,29,121,https://www.youtube.com/watch?v=jt8HV9Wdu2s,74,29,121,https://www.youtube.com/watch?v=jt8HV9Wdu2s,0,0,0,,88,0,0,0,
0527000bcba9495993dd16a298ca6629,307,1107,0,0,0,,0,0,0,,0,0,0,,0,0,0,0,
566e5b6f438a4cacb3e4036eb9ffe9b8,307,9379,48,27,96,https://www.youtube.com/watch?v=NPOnGaIMB68,51,26,96,https://www.youtube.com/watch?v=NPOnGaIMB68,39,28,44,https://www.youtube.com/watch?v=LEFIO1sYN-Y,0,0,0,0,
b516b71a9e8d43b8a377dabe1f9057dd,306,6323,88,38,148,https://www.youtube.com/watch?v=Xw5jKpLMYOs,96,42,148,https://www.youtube.com/watch?v=Xw5jKpLMYOs,37,8,49,https://www.youtube.com/watch?v=RrvTmeCdWHc,104,40,30,80,https://www.twitch.tv/videos/2101908613
389bd53524c74c44a32d72279b288b17,306,2293,5,2,13,https://www.youtube.com/watch?v=IMUKnpT7_s4,0,0,0,,5,2,13,https://www.youtube.com/watch?v=IMUKnpT7_s4,0,0,0,0,
837cc45c90974caa9f07699c3899fa7b,305,10378,6,2,130,https://www.youtube.com/watch?v=Qwwl5V9d3Xo,52,25,130,https://www.youtube.com/watch?v=Qwwl5V9d3Xo,5,2,26,https://www.youtube.com/watch?v=BX5DvSyQ0fY,181,53,42,94,https://www.twitch.tv/videos/2100185092
3d5a0befb7b042f697f70d5fb3d6ab94,305,8011,0,0,0,,0,0,0,,0,0,0,,0,0,0,0,
acc6cc72bdb74a74a719cc41baf0aade,305,6307,81,27,258,https://www.youtube.com/watch?v=t4eEoX1RstA,80,29,142,https://www.youtube.com/watch?v=Ny-nIA3MZDo,102,14,258,https://www.youtube.com/watch?v=t4eEoX1RstA,0,0,0,0,
7232734df59c4e099205c7685007d8d4,304,61445,6,1,6,https://www.youtube.com/watch?v=vHmPSrleVeQ,0,0,0,,6,1,6,https://www.youtube.com/watch?v=vHmPSrleVeQ,729,0,0,0,
e1421ddfd4e442b490e2a74656a2838d,303,316,0,0,0,,0,0,0,,0,0,0,,777,0,0,0,
be1bfb3aafb34118808fd5a5c059ffaf,303,26777,0,0,0,,0,0,0,,0,0,0,,516,0,0,0,
e94e1e38a611403192e4db197c2d9d91,302,6650,0,0,0,,0,0,0,,0,0,0,,0,0,0,0,
66097c1553b44a319b2f2ebe78a61d28,302,6169,0,0,0,,0,0,0,,0,0,0,,0,0,0,0,
9abd60c00f0f412b978a2398b13ac4e8,301,37419,0,0,0,,0,0,0,,0,0,0,,0,0,0,0,
fe8d6fb5e9284433953fb181f0fb20ce,300,3948,0,0,0,,0,0,0,,0,0,0,,0,0,0,0,
56f4716f4b694eb3a29ad539035a262c,299,1360,35,8,37,https://www.youtube.com/watch?v=CuFfb6TCP2c,35,8,37,https://www.youtube.com/watch?v=CuFfb6TCP2c,0,0,0,,0,0,0,0,
db67d9cacbcf4797ba2d41a6d115e2ff,296,6478,72,44,97,https://www.youtube.com/watch?v=RmhCdyw-4zg,72,44,97,https://www.youtube.com/watch?v=RmhCdyw-4zg,0,0,0,,0,0,0,0,
65b062ea07ad41129c44c73d583e6f92,296,13033,0,0,0,,0,0,0,,0,0,0,,0,0,0,0,
6d5302878a2a4d369cb812efdc6232bd,295,2694,0,0,0,,0,0,0,,0,0,0,,416,104,77,133,https://www.twitch.tv/videos/2103893888
c194064ba23845cd9ef020dd9db79895,295,7435,0,0,0,,0,0,0,,0,0,0,,1182,168,103,233,https://www.twitch.tv/videos/2107527488
2af109d54b1c49968b572aa2b59664ab,295,11937,0,0,0,,0,0,0,,0,0,0,,0,0,0,0,
352894d7c4eb4c9f87e248eae450183a,295,15793,97,27,421,https://www.youtube.com/watch?v=wnM6bsMa-So,153,81,224,https://www.youtube.com/watch?v=eLs6MdZZcTo,57,15,421,https://www.youtube.com/watch?v=wnM6bsMa-So,0,0,0,0,
890c5d306c5f4a218f861c8a98a1e74a,293,4972,75,36,75,https://www.youtube.com/watch?v=_NjO8TPG6Co,0,0,0,,75,36,75,https://www.youtube.com/watch?v=_NjO8TPG6Co,69,0,0,0,
5226367de740445789ec9b65a84d65c5,293,6104,27,4,60,https://www.youtube.com/watch?v=H-vzvtWTwvY,30,15,52,https://www.youtube.com/watch?v=XCh7TgWUlUI,10,3,60,https://www.youtube.com/watch?v=H-vzvtWTwvY,218,13,10,22,https://www.twitch.tv/videos/2106798876
e773129f910c4bd182f3b702c9ec1b55,292,8302,22,10,27,https://www.youtube.com/watch?v=rbeTNPzJ-wo,22,10,27,https://www.youtube.com/watch?v=rbeTNPzJ-wo,0,0,0,,0,0,0,0,
bd7947d2357941039893b911b18f3b4c,291,18088,25,9,50,https://www.youtube.com/watch?v=d6itvb1Yg7Y,25,9,50,https://www.youtube.com/watch?v=d6itvb1Yg7Y,0,0,0,,465,73,46,105,https://www.twitch.tv/videos/2102859864
7d0d99e77f624bdc934b17212a39a894,291,627,0,0,0,,0,0,0,,0,0,0,,2141,195,147,390,https://www.twitch.tv/videos/2107704559
9d5365bf17564326a578781a38b72bea,291,0,0,0,0,,0,0,0,,0,0,0,,0,0,0,0,
b00b0e3472e1464ab477bbef9639b47d,290,15380,0,0,0,,0,0,0,,0,0,0,,0,0,0,0,
5734f8f1aa53439e84769631937e0dd7,289,0,0,0,0,,0,0,0,,0,0,0,,0,0,0,0,
1e59cd43a10a44edb1407fb8ba8529a8,289,9572,0,0,0,,0,0,0,,0,0,0,,0,0,0,0,
d5f59c2707ee449dadea1d736de1b9ef,288,0,0,0,0,,0,0,0,,0,0,0,,2322,0,0,0,
670df075e5f9402bbcb6369685838b02,287,5238,29,22,30,https://www.youtube.com/watch?v=GKyHtOm_Rco,29,22,30,https://www.youtube.com/watch?v=GKyHtOm_Rco,0,0,0,,0,0,0,0,
dfc411c6b5d24d97b944f527ddfd2f0b,287,15091,38,20,108,https://www.youtube.com/watch?v=3Kep7KOV48U,38,20,108,https://www.youtube.com/watch?v=3Kep7KOV48U,0,0,0,,0,0,0,0,
a2ca2eb4da5b4df3aa59637e1dbc260b,285,1913,92,25,92,https://www.youtube.com/watch?v=BRMN8l8WOb4,0,0,0,,92,25,92,https://www.youtube.com/watch?v=BRMN8l8WOb4,571,49,34,102,https://www.twitch.tv/videos/2104728264
8e84dbdebec446bab8c82b3f0467f398,285,3188,210,143,893,https://www.youtube.com/watch?v=exFJP7JDPJs,260,149,893,https://www.youtube.com/watch?v=exFJP7JDPJs,41,34,41,https://www.youtube.com/watch?v=nNBkY5HdWpQ,0,0,0,0,
52fc7c19da6847319816774b66ff9184,285,6298,0,0,0,,0,0,0,,0,0,0,,0,0,0,0,
d61dc44af2ba4985a85de19b5b29cf64,285,30716,70,66,85,https://www.youtube.com/watch?v=QibI6U19Neo,0,0,0,,70,66,85,https://www.youtube.com/watch?v=QibI6U19Neo,0,0,0,0,
fa83a68ebfff419983124d69373ede6f,284,3054,41,17,702,https://www.youtube.com/watch?v=HNpT6DQq4tg,0,0,0,,41,17,702,https://www.youtube.com/watch?v=HNpT6DQq4tg,1218,164,95,242,https://www.twitch.tv/videos/2110470855
b1651e8028234aaa9e6167f6ec9f6979,284,6785,0,0,0,,0,0,0,,0,0,0,,0,0,0,0,
bc5f0ae969564d15a5e85bfbe4df3164,284,9016,0,0,0,,0,0,0,,0,0,0,,38,0,0,0,
ca8d038d311e4cccb2deded15cee89cd,284,13113,54,37,153,https://www.youtube.com/watch?v=BvYSiUCmmFU,54,37,153,https://www.youtube.com/watch?v=BvYSiUCmmFU,0,0,0,,13,0,0,0,
836540821b58433e9e04bea62c49cf2d,281,0,0,0,0,,0,0,0,,0,0,0,,357,0,0,0,
00d9cb7b0bcd451999f4fd33dd84be6c,281,33997,33,13,476,https://www.youtube.com/watch?v=gb1Ga9DUWs8,0,0,0,,33,13,476,https://www.youtube.com/watch?v=gb1Ga9DUWs8,2897,161,122,536,https://www.twitch.tv/videos/2109981867
0a9ce04e6eee4c6d8dde6eb5a0f56c20,280,7852,15,7,49,https://www.youtube.com/watch?v=loFqWtyoa5o,36,27,49,https://www.youtube.com/watch?v=loFqWtyoa5o,12,6,19,https://www.youtube.com/watch?v=LdS9LO-pARg,0,0,0,0,
bff3b878d9864ff893bd79d1f2a7a849,280,12455,21,10,162,https://www.youtube.com/watch?v=XL2caPfJENM,23,10,162,https://www.youtube.com/watch?v=XL2caPfJENM,10,3,14,https://www.youtube.com/watch?v=BiKmZvSzUUY,59,0,0,0,
c72045d5b8714411af64d5c9d29cea97,280,9667,25,6,165,https://www.youtube.com/watch?v=6kxEl3Z6RfM,22,5,84,https://www.youtube.com/watch?v=1JtT5uHjW90,165,29,165,https://www.youtube.com/watch?v=6kxEl3Z6RfM,0,0,0,0,
d859857097fe4e9d90a2d840c0e7fca1,279,15023,18,12,59,https://www.youtube.com/watch?v=XT9ClGvNWuc,0,0,0,,18,12,59,https://www.youtube.com/watch?v=XT9ClGvNWuc,202,38,23,40,https://www.twitch.tv/videos/2109568047
279a45d6a8f9445389b9b8cdbcb72ae8,279,25534,0,0,0,,0,0,0,,0,0,0,,186,0,0,0,
2c6b5ad20b4e4bdc85310b791d02b364,279,7368,486,98,542,https://www.youtube.com/watch?v=pjlD7x8CzQI,0,0,0,,486,98,542,https://www.youtube.com/watch?v=pjlD7x8CzQI,1244,692,450,1945,https://www.twitch.tv/videos/2101832289
3f62f160b225436188d6ab2707966b11,278,13407,0,0,0,,0,0,0,,0,0,0,,0,0,0,0,
df7b08cd72224681a63e6e85e0753132,278,17400,11,5,11,https://www.youtube.com/watch?v=JmY7xKGHh_k,0,0,0,,11,5,11,https://www.youtube.com/watch?v=JmY7xKGHh_k,104,0,0,0,
03e9bea117bd4b5ba189b48f1617d9bb,278,7641,59,51,63,https://www.youtube.com/watch?v=WCa5gfbbYlA,59,51,63,https://www.youtube.com/watch?v=WCa5gfbbYlA,0,0,0,,0,0,0,0,
4e1dd2ab9e4b4c71bced0c5987cf9be7,278,11248,0,0,0,,0,0,0,,0,0,0,,2209,227,141,270,https://www.twitch.tv/videos/2110149078
f3fe9fb6de2a477fae878a39924c15bd,277,4134,50,10,50,https://www.youtube.com/watch?v=QYggbIdQl3A,0,0,0,,50,10,50,https://www.youtube.com/watch?v=QYggbIdQl3A,1476,388,291,1124,https://www.twitch.tv/videos/2112339038
c485c46db92a4cda909347804da07153,277,16905,114,20,114,https://www.youtube.com/watch?v=BfbjFiB5lWA,0,0,0,,114,20,114,https://www.youtube.com/watch?v=BfbjFiB5lWA,307,0,0,0,
3180bc4f141e4edfa2775078350d7ef8,276,8276,0,0,0,,0,0,0,,0,0,0,,647,0,0,0,
bb0466e52fe240099d8498548b2fad3e,276,14708,0,0,0,,0,0,0,,0,0,0,,80,0,0,0,
577fdbca86fa4414a153b5ebdcab90d4,276,1980,0,0,0,,0,0,0,,0,0,0,,634,57,49,58,https://www.twitch.tv/videos/2107739932
ea2b16c153d34b2d900cefbffcb07bff,275,1392,0,0,0,,0,0,0,,0,0,0,,1093,0,0,0,
8a8a1d0901c04d568be19e2d8bbc9ca1,275,25147,251,8,480,https://www.youtube.com/watch?v=A9yKHxxpeQo,0,0,0,,251,8,480,https://www.youtube.com/watch?v=A9yKHxxpeQo,0,0,0,0,
c6e955ae1fce48678120bc086a436073,275,6619,59,42,70,https://www.youtube.com/watch?v=QcCP7kb2OnY,59,42,70,https://www.youtube.com/watch?v=QcCP7kb2OnY,0,0,0,,0,0,0,0,
c4268d9874b14b3282613fa11102ce4b,275,15173,542,171,824,https://www.youtube.com/watch?v=BA9yxt5srog,0,0,0,,542,171,824,https://www.youtube.com/watch?v=BA9yxt5srog,91,123,101,223,https://www.twitch.tv/videos/2113302604
59654ead905a4db2bbcb33812148555f,274,13771,21,11,27,https://www.youtube.com/watch?v=VWTPXPp3i2s,20,10,27,https://www.youtube.com/watch?v=VWTPXPp3i2s,23,11,23,https://www.youtube.com/watch?v=jQJ0EVReRVg,0,0,0,0,
9099b86c3fe84a138b0bc1f258bca138,273,7945,28,12,77,https://www.youtube.com/watch?v=g9QbvyL0LS0,28,12,77,https://www.youtube.com/watch?v=g9QbvyL0LS0,0,0,0,,0,0,0,0,
cbb0ea239d8e4f65a46ada52dfb778e3,273,2460,10,4,14,https://www.youtube.com/watch?v=ERSTY1BmMH0,0,0,0,,10,4,14,https://www.youtube.com/watch?v=ERSTY1BmMH0,296,45,27,53,https://www.twitch.tv/videos/2101800911
0f813d66362d4fc29dad8261e04e8d43,273,346,0,0,0,,0,0,0,,0,0,0,,139,0,0,0,
07930a961f0b4078a14f0a57f0a93965,272,18178,52,23,96,https://www.youtube.com/watch?v=EvEBMVyNWVQ,52,23,96,https://www.youtube.com/watch?v=EvEBMVyNWVQ,0,0,0,,0,0,0,0,
40a4357f990e4fd8ad2ac18c26603925,271,2936,25,12,86,https://www.youtube.com/watch?v=YqLLHb7B350,33,15,86,https://www.youtube.com/watch?v=YqLLHb7B350,17,6,20,https://www.youtube.com/watch?v=hwIdY-VPJqM,1351,49,35,166,https://www.twitch.tv/videos/2103817598
6fa20242354646ad8e8feea8d52e514e,270,6298,0,0,0,,0,0,0,,0,0,0,,0,0,0,0,
21f5355738614770afb34b761a4c45af,269,2982,0,0,0,,0,0,0,,0,0,0,,0,0,0,0,
619f48c4546c481bbc52aadc12c3e48f,269,1190,9,2,9,https://www.youtube.com/watch?v=Dzf0WORikP0,0,0,0,,9,2,9,https://www.youtube.com/watch?v=Dzf0WORikP0,1070,145,108,478,https://www.twitch.tv/videos/2102731127
66f7f39ae20e44d39c8ed53da5ca53e7,268,3583,90,18,168,https://www.youtube.com/watch?v=vu1-gwtROGc,0,0,0,,90,18,168,https://www.youtube.com/watch?v=vu1-gwtROGc,2017,307,281,1666,https://www.twitch.tv/videos/2102742910
4599283c135c4e779cc5068b2bc37156,268,2146,0,0,0,,0,0,0,,0,0,0,,506,189,128,274,https://www.twitch.tv/videos/2110298573
6790376d72ef4bb992cef011444aeeb6,268,31089,16,12,770,https://www.youtube.com/watch?v=5fP5oFFH4pw,16,9,16,https://www.youtube.com/watch?v=2orjWaibtlo,770,67,770,https://www.youtube.com/watch?v=5fP5oFFH4pw,0,0,0,0,
c92baa46ff4e41c9918ad2427c0853d6,267,14057,41,19,41,https://www.youtube.com/watch?v=BuqvsaFU1Kg,0,0,0,,41,19,41,https://www.youtube.com/watch?v=BuqvsaFU1Kg,2961,218,185,339,https://www.twitch.tv/videos/2106757062
a1f8a0af53c34922b0c66ebdf4b3381d,267,1220,0,0,0,,0,0,0,,0,0,0,,0,0,0,0,
fb72bfcead034da2abef22637e7b2b3c,267,5598,23,14,507,https://www.youtube.com/watch?v=rrYP3N_Uo4c,142,125,142,https://www.youtube.com/watch?v=hkqMVAomj74,23,14,507,https://www.youtube.com/watch?v=rrYP3N_Uo4c,1055,104,63,214,https://www.twitch.tv/videos/2100041985
d11123a75b874ad2bb120bb237e94c8d,266,1230,109,27,131,https://www.youtube.com/watch?v=RctXIXwH1mY,0,0,0,,109,27,131,https://www.youtube.com/watch?v=RctXIXwH1mY,2826,492,255,790,https://www.twitch.tv/videos/2095216731
ec332c6e824044698204e6dba3e5fbfc,266,3448,53,20,174,https://www.youtube.com/watch?v=swQPg2u6F1c,53,34,174,https://www.youtube.com/watch?v=swQPg2u6F1c,70,10,118,https://www.youtube.com/watch?v=pHKeuMLFWI4,355,40,29,80,https://www.twitch.tv/videos/2099896361
f24626ac0ce34975a3b3fd6d8455f4f7,266,5722,193,87,193,https://www.youtube.com/watch?v=g4gwvl1NgTg,0,0,0,,193,87,193,https://www.youtube.com/watch?v=g4gwvl1NgTg,149,0,0,0,
d8520b0d7b424141bf19b3254d264960,265,4538,45,13,56,https://www.youtube.com/watch?v=t7TGYII7A08,45,13,56,https://www.youtube.com/watch?v=t7TGYII7A08,0,0,0,,0,0,0,0,
d3b5f619038a4c488d36aeaeddc0f790,265,5156,63,36,398,https://www.youtube.com/watch?v=o1fhbFijdbU,63,36,398,https://www.youtube.com/watch?v=o1fhbFijdbU,0,0,0,,0,0,0,0,
d09b9f800b7940deb1f8a2b58a302f07,265,2632,29,20,36,https://www.youtube.com/watch?v=ninMuOCeTc4,0,0,0,,29,20,36,https://www.youtube.com/watch?v=ninMuOCeTc4,3774,329,245,760,https://www.twitch.tv/videos/2112721293
5c85ca3ffbfc4ff6b0591c29fc92b7eb,264,4573,76,41,79,https://www.youtube.com/watch?v=6tNYQYOYTec,76,41,79,https://www.youtube.com/watch?v=6tNYQYOYTec,0,0,0,,0,0,0,0,
0e136a936a574815a311e6e801ce3ca6,263,6305,97,60,97,https://www.youtube.com/watch?v=sueRE4leJ1s,97,60,97,https://www.youtube.com/watch?v=sueRE4leJ1s,0,0,0,,8,0,0,0,
e7ac18c2e713426692cfd0ef7fe2b897,263,0,0,0,0,,0,0,0,,0,0,0,,144,44,30,50,https://www.twitch.tv/videos/2101008474
3146e3f4f06a4fcdb48c0db510d15387,263,2765,0,0,0,,0,0,0,,0,0,0,,8,0,0,0,
7a160bd129144664804dd3fc08fceeb1,262,19320,432,79,761,https://www.youtube.com/watch?v=ksujCtvyp3Y,0,0,0,,432,79,761,https://www.youtube.com/watch?v=ksujCtvyp3Y,1536,0,0,0,
04ca68439fd14d088c77eb0069e6414f,261,13290,33,13,307,https://www.youtube.com/watch?v=XPrv0cR0Vx8,33,10,41,https://www.youtube.com/watch?v=FIZIE0dhOFE,89,71,307,https://www.youtube.com/watch?v=XPrv0cR0Vx8,127,40,26,57,https://www.twitch.tv/videos/2102902143
67bee95d50024c5e8868842f1ab31ff4,261,11827,0,0,0,,0,0,0,,0,0,0,,0,0,0,0,
a6a155230538488e8488f01160598837,261,16217,26,7,37,https://www.youtube.com/watch?v=tdrN-eTct4w,26,7,37,https://www.youtube.com/watch?v=tdrN-eTct4w,0,0,0,,0,0,0,0,
a2b11fd42f704616bf87b12a0d9bac9a,260,5067,8,6,8,https://www.youtube.com/watch?v=xw3kjCDFHe4,0,0,0,,8,6,8,https://www.youtube.com/watch?v=xw3kjCDFHe4,627,64,48,112,https://www.twitch.tv/videos/2100229724
acb95c574d8444cd80102796e0d56edd,260,9442,353,235,655,https://www.youtube.com/watch?v=pKUvpPqVaRE,353,235,655,https://www.youtube.com/watch?v=pKUvpPqVaRE,0,0,0,,226,0,0,0,
d2e2645a97a14ce4b58a7884c0e6ec56,260,27218,0,0,0,,0,0,0,,0,0,0,,564,43,32,72,https://www.twitch.tv/videos/2111382778
15a0bf7611c5483d8d0a106b6a1e6c18,260,5859,0,0,0,,0,0,0,,0,0,0,,0,0,0,0,
0ff25ac169ee4ed584abd2591cb72a59,259,11668,0,0,0,,0,0,0,,0,0,0,,0,0,0,0,
ab540a5b73bb4dfa85cebffb70fad5db,259,3829,0,0,0,,0,0,0,,0,0,0,,674,0,0,0,
9643c650b1804107b85de1f08010aa9d,258,8461,36,17,88,https://www.youtube.com/watch?v=EeME-3GACWM,38,23,88,https://www.youtube.com/watch?v=EeME-3GACWM,20,3,36,https://www.youtube.com/watch?v=5eWxcPdkPYI,78,21,13,28,https://www.twitch.tv/videos/2102850902
72ee59fb29644f8b88a4dd3d7e91fe39,258,7337,79,59,79,https://www.youtube.com/watch?v=dZLHCY92uY8,79,59,79,https://www.youtube.com/watch?v=dZLHCY92uY8,0,0,0,,0,0,0,0,
703cea871ebf4ab6a8b2704f7611197b,258,7464,66,51,83,https://www.youtube.com/watch?v=VivJT4kaQIw,66,51,83,https://www.youtube.com/watch?v=VivJT4kaQIw,0,0,0,,0,0,0,0,
736cc97520834b3cac0f06d39fba5101,257,15010,0,0,0,,0,0,0,,0,0,0,,0,0,0,0,
760be43ef62847d8a7e937cc206280f2,256,1433,0,0,0,,0,0,0,,0,0,0,,82,0,0,0,
da028e87249944c2a8c86defb7ad3919,256,3025,0,0,0,,0,0,0,,0,0,0,,0,0,0,0,
294b1c29030244c784387782c0cb6aee,255,2570,111,95,131,https://www.youtube.com/watch?v=DVaA0dodBkc,111,95,131,https://www.youtube.com/watch?v=DVaA0dodBkc,0,0,0,,0,0,0,0,
921e0a5b34fe4e5897bc5da84457a0b8,255,6493,0,0,0,,0,0,0,,0,0,0,,233,0,0,0,
975ec89d484d499aa1beece0c6731a15,254,11570,0,0,0,,0,0,0,,0,0,0,,0,0,0,0,
9ee558b898964252a06e2c423f8d58ad,253,0,0,0,0,,0,0,0,,0,0,0,,0,0,0,0,
4fd8f28a829a45d997ea23d5d4ccc7b5,253,41,0,0,0,,0,0,0,,0,0,0,,74,0,0,0,
abda6c94394b47ba885c34417e3a4d08,252,6667,0,0,0,,0,0,0,,0,0,0,,557,238,122,302,https://www.twitch.tv/videos/2100970990
cd0b2f63c88e4b4abd5b83296a5d7866,252,3321,0,0,0,,0,0,0,,0,0,0,,3537,350,165,518,https://www.twitch.tv/videos/2093523870
17143fd7a2eb41aab006783b2584dda7,251,6232,0,0,0,,0,0,0,,0,0,0,,199,0,0,0,
a091320108954092a07650dd8a31a451,251,11135,0,0,0,,0,0,0,,0,0,0,,0,0,0,0,
bee432690bb44e03940ab4a86bbbbdfd,251,3454,437,398,437,https://www.youtube.com/watch?v=mtbaCPJ-W94,0,0,0,,437,398,437,https://www.youtube.com/watch?v=mtbaCPJ-W94,0,0,0,0,
904217f39af144a9b922beab57e61ae4,250,6110,39,3,40,https://www.youtube.com/watch?v=6eEP5CaaHN4,39,3,40,https://www.youtube.com/watch?v=6eEP5CaaHN4,0,0,0,,203,141,110,332,https://www.twitch.tv/videos/2100944554
c232b3088a6e49b997b325d5de9a3013,250,2081,22,15,29,https://www.youtube.com/watch?v=85oY1DaO8Aw,22,15,29,https://www.youtube.com/watch?v=85oY1DaO8Aw,0,0,0,,126,0,0,0,
1f8e9051b89f40fea13780bcd4a8ef7d,250,3000,0,0,0,,0,0,0,,0,0,0,,81,0,0,0,
3a44da0674144e61bff60415cc09a678,249,5612,13,10,24,https://www.youtube.com/watch?v=QxnZC4Cc6HQ,13,10,24,https://www.youtube.com/watch?v=QxnZC4Cc6HQ,0,0,0,,0,0,0,0,
b7f134e273ed4418bbb70033d782bea3,248,32767,0,0,0,,0,0,0,,0,0,0,,0,0,0,0,
0a67a8d822094ca3a59963f0fac8798a,248,2516,138,41,170,https://www.youtube.com/watch?v=XIOIB2cdovY,138,41,170,https://www.youtube.com/watch?v=XIOIB2cdovY,0,0,0,,0,0,0,0,
84c8fdf79dae4be1a4969a641f0e1acd,247,13054,0,0,0,,0,0,0,,0,0,0,,0,0,0,0,
3df5dcf41cdb46c7b7de73e502ce4ae1,247,7776,0,0,0,,0,0,0,,0,0,0,,539,121,90,137,https://www.twitch.tv/videos/2104809432
0b0668c6206c4500bdcbc281ee58680c,243,14514,26,5,71,https://www.youtube.com/watch?v=WK6RRUszBWg,0,0,0,,26,5,71,https://www.youtube.com/watch?v=WK6RRUszBWg,2362,243,177,409,https://www.twitch.tv/videos/2111618827
09c9c71c41e24e7d9498ce41a78dae1c,243,10346,71,18,240,https://www.youtube.com/watch?v=h6SJyPsSsuc,0,0,0,,71,18,240,https://www.youtube.com/watch?v=h6SJyPsSsuc,278,56,45,139,https://www.twitch.tv/videos/2104693803
4859b57db8e043f1965e56324f137097,242,19574,494,178,5929,https://www.youtube.com/watch?v=YGQ-1NmYBPs,0,0,0,,494,178,5929,https://www.youtube.com/watch?v=YGQ-1NmYBPs,561,197,161,363,https://www.twitch.tv/videos/2112233500
7179f903569e4fa9842b5c5ea3f7a645,241,10967,22,15,40,https://www.youtube.com/watch?v=2ARb-scEZ_M,22,15,40,https://www.youtube.com/watch?v=2ARb-scEZ_M,8,1,8,https://www.youtube.com/watch?v=DiPSoYk0bmY,398,0,0,0,
830fd8d5a40e44d1a71b83fe876e1ac5,241,8170,22,3,22,https://www.youtube.com/watch?v=FVrcjBxJ-0g,22,3,22,https://www.youtube.com/watch?v=FVrcjBxJ-0g,0,0,0,,0,0,0,0,
41edcbf09b764ff8af8154582cd86512,240,2549,277,24,277,https://www.youtube.com/watch?v=8-DVwRhpJo8,277,24,277,https://www.youtube.com/watch?v=8-DVwRhpJo8,0,0,0,,0,0,0,0,
d21ddfb9a7a540f6b4f259edf36065ca,240,2211,127,52,134,https://www.youtube.com/watch?v=RLcJ9Nl_5-I,127,52,134,https://www.youtube.com/watch?v=RLcJ9Nl_5-I,0,0,0,,0,0,0,0,
44ed1695f2ea4c7790735fdd335aae78,239,1780,0,0,0,,0,0,0,,0,0,0,,1201,0,0,0,
156aba6fe34b4d648a3fd210550963c7,238,0,0,0,0,,0,0,0,,0,0,0,,95,0,0,0,
ee8addc35a0041fe8c02f6b22c1d2289,237,15659,0,0,0,,0,0,0,,0,0,0,,205,0,0,0,
67b3f32472774d3191ecfea12f60a990,237,7113,0,0,0,,0,0,0,,0,0,0,,88,0,0,0,
40f76b568f384790a1a089bb6619ddb2,236,2943,434,118,455,https://www.youtube.com/watch?v=OmS1INWL-Qk,17,11,17,https://www.youtube.com/watch?v=1yCYWYLtzLE,442,206,455,https://www.youtube.com/watch?v=OmS1INWL-Qk,445,86,69,113,https://www.twitch.tv/videos/2107694225
c11749c10e1941a9adb2a231eee2f2ea,236,2054,120,40,326,https://www.youtube.com/watch?v=NwX9lmg3c7A,97,34,177,https://www.youtube.com/watch?v=T21sWWcoglY,326,57,326,https://www.youtube.com/watch?v=NwX9lmg3c7A,0,0,0,0,
bf7122f997f04401b0a6938abaded38c,236,14117,0,0,0,,0,0,0,,0,0,0,,0,0,0,0,
b39949e93e184c85bde930a33d1bee66,236,3455,63,26,76,https://www.youtube.com/watch?v=8XbvH22NDyI,63,26,76,https://www.youtube.com/watch?v=8XbvH22NDyI,0,0,0,,0,0,0,0,
d3a0a421fd184f9fa51856096d01e85b,236,13095,0,0,0,,0,0,0,,0,0,0,,0,0,0,0,
3d35a29bba214ae4b28ba6babd1b4974,234,2257,0,0,0,,0,0,0,,0,0,0,,24,0,0,0,
f9174719d2a148eea3b406e332e4fcab,234,7985,57,25,172,https://www.youtube.com/watch?v=HToN75NqbD0,58,25,172,https://www.youtube.com/watch?v=HToN75NqbD0,45,18,45,https://www.youtube.com/watch?v=iBGls4X0uJ8,0,0,0,0,
a16471805f7f44f88237b42c79b9f3a2,234,7383,85,4,85,https://www.youtube.com/watch?v=waTlaGJr1DA,85,4,85,https://www.youtube.com/watch?v=waTlaGJr1DA,0,0,0,,0,0,0,0,
aac7be72efc74efe9e77148fd4af7151,233,5176,41,15,71,https://www.youtube.com/watch?v=R6Jwo-vovmk,41,15,71,https://www.youtube.com/watch?v=R6Jwo-vovmk,0,0,0,,0,0,0,0,
a76d4171e74448fd9d1a6eaf183be3ff,233,10020,34,12,84,https://www.youtube.com/watch?v=PCpKxdJddRw,0,0,0,,34,12,84,https://www.youtube.com/watch?v=PCpKxdJddRw,575,173,113,201,https://www.twitch.tv/videos/2101933715
b9eb00549c554290a7dbc5cd05910239,233,4574,0,0,0,,0,0,0,,0,0,0,,0,0,0,0,
fbd0d260a09c47b1a9dcc73fd41e7eca,232,2557,0,0,0,,0,0,0,,0,0,0,,6077,451,265,1110,https://www.twitch.tv/videos/2105722066
7150d8a73d2a4cf590f83c8dfcfc1bd2,231,1100,0,0,0,,0,0,0,,0,0,0,,0,0,0,0,
4766ec1a407f4271bca77fb81487e81a,231,10659,0,0,0,,0,0,0,,0,0,0,,2992,251,151,541,https://www.twitch.tv/videos/2101073773
8ae87582ab1e4b31bfd38310afda77bd,230,1705,23,0,54,https://www.youtube.com/watch?v=8yHeb_pBTy8,0,0,0,,23,0,54,https://www.youtube.com/watch?v=8yHeb_pBTy8,857,154,110,391,https://www.twitch.tv/videos/2112229066
809ddec4aec2402ea41adeba2f8520ec,230,14582,28,12,38,https://www.youtube.com/watch?v=2XflrSA7SI4,0,0,0,,28,12,38,https://www.youtube.com/watch?v=2XflrSA7SI4,834,188,135,317,https://www.twitch.tv/videos/2102528029
f7758d944fd8438a86bfe1235c7bcd17,228,11667,4,1,4,https://www.youtube.com/watch?v=m1MQTVj_US0,0,0,0,,4,1,4,https://www.youtube.com/watch?v=m1MQTVj_US0,0,0,0,0,
7f34e1e57aee461c8de6f8a112d45294,228,2921,37,33,61,https://www.youtube.com/watch?v=6FfylcsKCn8,37,33,61,https://www.youtube.com/watch?v=6FfylcsKCn8,0,0,0,,0,0,0,0,
74f214b764314c5aa446eb9981c94935,226,6454,71,53,104,https://www.youtube.com/watch?v=bgmQpL5Mod0,71,53,104,https://www.youtube.com/watch?v=bgmQpL5Mod0,0,0,0,,0,0,0,0,
90a8ac8d7653460298ba85cb7e4d3bc9,226,4366,0,0,0,,0,0,0,,0,0,0,,51,0,0,0,
af34d62a8f4e4ca180c11f11c2832893,225,3795,0,0,0,,0,0,0,,0,0,0,,0,0,0,0,
af89613e72874e219c00ab0c89b6c641,225,45780,17,8,36,https://www.youtube.com/watch?v=7Jby_HUiD3Y,21,8,36,https://www.youtube.com/watch?v=7Jby_HUiD3Y,10,7,14,https://www.youtube.com/watch?v=sgn3E2iTQNo,5,0,0,0,
4d4db7afb4b84af7b4d54889a5f93947,225,8779,57,7,96,https://www.youtube.com/watch?v=9eju1HpNQ7E,96,2,96,https://www.youtube.com/watch?v=9eju1HpNQ7E,18,12,18,https://www.youtube.com/watch?v=ZhnC7k4Rfro,0,0,0,0,
a7bb915cc1a0474080d7dbf6d245daf4,224,9406,0,0,0,,0,0,0,,0,0,0,,37,18,16,24,https://www.twitch.tv/videos/2112094272
4de233ea7dfc4a7da1738ab627babd48,223,7387,53,15,154,https://www.youtube.com/watch?v=O6hn6gj3BUI,51,14,154,https://www.youtube.com/watch?v=O6hn6gj3BUI,75,58,75,https://www.youtube.com/watch?v=qnXYm5tWqw0,0,0,0,0,
16104c4d611242ec9ebc07f7e34966ce,222,16010,46,6,58,https://www.youtube.com/watch?v=Hw4vzQB1_0s,46,6,58,https://www.youtube.com/watch?v=Hw4vzQB1_0s,0,0,0,,0,0,0,0,
7a570b5273ae4e359a6491aba1313011,221,632,77,14,139,https://www.youtube.com/watch?v=oIl7LIzzTc4,0,0,0,,77,14,139,https://www.youtube.com/watch?v=oIl7LIzzTc4,2138,239,188,566,https://www.twitch.tv/videos/2103637781
cbaa062d8a2443b1b2b1efd92d9bd3bb,221,1380,0,0,0,,0,0,0,,0,0,0,,0,0,0,0,
4cebb92683d548089e998ec18a484930,221,11241,38,32,87,https://www.youtube.com/watch?v=QOb0aXpWiXo,38,32,87,https://www.youtube.com/watch?v=QOb0aXpWiXo,0,0,0,,0,0,0,0,
63730ec82db64ce5a51464cf24f9a4aa,220,175,0,0,0,,0,0,0,,0,0,0,,412,0,0,0,
95694a64c0fe4b5c987344f1edcec826,220,9964,15,4,432,https://www.youtube.com/watch?v=_DOaNc2565w,58,32,58,https://www.youtube.com/watch?v=qOCQyxZ-Bjc,14,4,432,https://www.youtube.com/watch?v=_DOaNc2565w,811,92,57,128,https://www.twitch.tv/videos/2100986334
df292544db27442ea21604a7c6217587,220,9111,0,0,0,,0,0,0,,0,0,0,,0,0,0,0,
e84d584c7c574b50b0a9efc240ef74a3,220,8026,0,0,0,,0,0,0,,0,0,0,,0,0,0,0,
993f1ef8dae74aa3a752a5b4766cc022,219,2401,0,0,0,,0,0,0,,0,0,0,,0,0,0,0,
94ca3090942d4ca38a71b8f1b65c7343,219,12910,0,0,0,,0,0,0,,0,0,0,,114,45,33,56,https://www.twitch.tv/videos/2111322824
5ea1e4c39e1640e4bdacbc872f264f16,218,8121,88,45,88,https://www.youtube.com/watch?v=pyVuqgNRkXw,88,45,88,https://www.youtube.com/watch?v=pyVuqgNRkXw,0,0,0,,0,0,0,0,
28c152a7489b4402960bd4bd36b7229b,218,17823,64,26,456,https://www.youtube.com/watch?v=ZwMR6GdMkeY,69,28,100,https://www.youtube.com/watch?v=DUdVnLNa9y4,34,6,456,https://www.youtube.com/watch?v=ZwMR6GdMkeY,73,43,27,43,https://www.twitch.tv/videos/2103826306
08ad5252798346418db059ade21ae522,216,4909,42,29,77,https://www.youtube.com/watch?v=HCi9oqD6WNM,32,11,77,https://www.youtube.com/watch?v=HCi9oqD6WNM,53,46,53,https://www.youtube.com/watch?v=ZGDTavHmnkg,0,0,0,0,
a89f7ee46cc14dff93675ce5bb82a692,216,241,0,0,0,,0,0,0,,0,0,0,,1391,0,0,0,
5bc9033b30954bedb0e2442e8470d5a2,214,2558,0,0,0,,0,0,0,,0,0,0,,0,0,0,0,
93f634fe42104563b8c2343813098b46,213,2529,212,157,212,https://www.youtube.com/watch?v=8sbMZGLD7h0,0,0,0,,212,157,212,https://www.youtube.com/watch?v=8sbMZGLD7h0,853,40,23,40,https://www.twitch.tv/videos/2101957963
25619abc5e0d4f79839e48d83234eaf8,212,3091,6,3,31,https://www.youtube.com/watch?v=2PoQsgxJSSM,6,3,31,https://www.youtube.com/watch?v=2PoQsgxJSSM,0,0,0,,597,62,54,80,https://www.twitch.tv/videos/2105859363
4ba065758aa94ce18cfe227cc37b1afe,210,2336,88,46,525,https://www.youtube.com/watch?v=LQu8t_TTKYI,0,0,0,,88,46,525,https://www.youtube.com/watch?v=LQu8t_TTKYI,1847,394,311,1421,https://www.twitch.tv/videos/2112079189
fbaedf1cfc684f70b539e6a0ff6698be,207,102340,0,0,0,,0,0,0,,0,0,0,,0,0,0,0,
2afd93f378e14e78ad944fa86a84ed98,207,3971,78,32,93,https://www.youtube.com/watch?v=SnAWexBrsYs,78,32,93,https://www.youtube.com/watch?v=SnAWexBrsYs,0,0,0,,0,0,0,0,
40fd0ce414e8465880489531775662e7,207,3972,90,39,249,https://www.youtube.com/watch?v=Y6B_FDsctlM,90,39,249,https://www.youtube.com/watch?v=Y6B_FDsctlM,83,37,162,https://www.youtube.com/watch?v=oLJTRifaAzM,0,0,0,0,
22a21c1a529f4817b8790629d8b4590f,206,7545,4150,2684,4150,https://www.youtube.com/watch?v=nyMYchyFagY,0,0,0,,4150,2684,4150,https://www.youtube.com/watch?v=nyMYchyFagY,96,0,0,0,
e26c1adf28244a09b8c29704ac1de1ca,206,13284,0,0,0,,0,0,0,,0,0,0,,0,0,0,0,
d8b5835bc6aa46119cc7ddd4447e780f,206,32886,5,3,14,https://www.youtube.com/watch?v=6iLCyvCo7Ys,0,0,0,,5,3,14,https://www.youtube.com/watch?v=6iLCyvCo7Ys,1742,142,95,405,https://www.twitch.tv/videos/2109539727
f1d9ff59d3d74b0ebb4268de53698dbf,206,5932,0,0,0,,0,0,0,,0,0,0,,637,90,71,99,https://www.twitch.tv/videos/2112536094
12479712313d4ddda715483e1f93ee9d,205,3672,91,51,91,https://www.youtube.com/watch?v=GAnfEiptzoE,91,51,91,https://www.youtube.com/watch?v=GAnfEiptzoE,0,0,0,,0,0,0,0,
bd39e88e6dd24e659b135b7fe96bef5b,205,423,0,0,0,,0,0,0,,0,0,0,,0,0,0,0,
33546b9ad5a8408589405f9467063dd7,203,1240,118,43,211,https://www.youtube.com/watch?v=nB-XTPXTehM,0,0,0,,118,43,211,https://www.youtube.com/watch?v=nB-XTPXTehM,2226,189,23,344,https://www.twitch.tv/videos/2091101858
1672489021244abda07543ce42d6af07,203,816,84,60,256,https://www.youtube.com/watch?v=zK1jbvojuIE,82,61,251,https://www.youtube.com/watch?v=oLldMMNZMs4,256,54,256,https://www.youtube.com/watch?v=zK1jbvojuIE,0,0,0,0,
a5e5533ac342488a94003dc77869ddf9,203,6007,85,33,149,https://www.youtube.com/watch?v=kD5bb5g9fSM,88,37,149,https://www.youtube.com/watch?v=kD5bb5g9fSM,24,6,24,https://www.youtube.com/watch?v=lKPhDawkZ3k,0,0,0,0,
c8bd7c9fcc714269b8092571f2622867,202,491,0,0,0,,0,0,0,,0,0,0,,0,0,0,0,
29c5ea1a6723412587c63a4ee1c1b910,202,6965,20,11,51,https://www.youtube.com/watch?v=VIZSPGcijLc,20,11,51,https://www.youtube.com/watch?v=VIZSPGcijLc,0,0,0,,0,0,0,0,
bf6401d2159c40a8a616defa8c2c4a66,202,23878,4,2,18,https://www.youtube.com/watch?v=Nw9ijoZ-Rnk,0,0,0,,4,2,18,https://www.youtube.com/watch?v=Nw9ijoZ-Rnk,766,91,82,272,https://www.twitch.tv/videos/2112414657
b4607ee6ce914078ae3704617ca03333,201,2273,0,0,0,,0,0,0,,0,0,0,,503,0,0,0,
2dfcc511bca64a678926415857b097e9,200,0,0,0,0,,0,0,0,,0,0,0,,0,0,0,0,
6d1b01658ae74a7f91c7f60b5abe1cb2,200,73049,36,16,81,https://www.youtube.com/watch?v=uEZ2pkb8e-c,36,13,81,https://www.youtube.com/watch?v=uEZ2pkb8e-c,44,19,44,https://www.youtube.com/watch?v=jYjszSdlKmA,0,0,0,0,
f072e780d0c84ca08c27020e1f2de365,200,2292,251,128,362,https://www.youtube.com/watch?v=mIijiILDSA0,251,128,362,https://www.youtube.com/watch?v=mIijiILDSA0,0,0,0,,370,65,37,97,https://www.twitch.tv/videos/2103879350
3986345f7cae4fc5ba3b7fd3a8dceba0,200,881,0,0,0,,0,0,0,,0,0,0,,0,0,0,0,
a0981cb8e7234c52a2fe52e0be9929b9,200,9676,0,0,0,,0,0,0,,0,0,0,,0,0,0,0,
738317b741174fff8eefca31fc2de9fe,199,15593,24,19,31,https://www.youtube.com/watch?v=LVB2q2Au9vk,24,19,31,https://www.youtube.com/watch?v=LVB2q2Au9vk,0,0,0,,0,0,0,0,
a5a59537edc54be3919408276c556bd7,198,4689,0,0,0,,0,0,0,,0,0,0,,0,0,0,0,
e180d8dd00df4b7aba78d8cd4a0baf5e,198,2404,0,0,0,,0,0,0,,0,0,0,,0,0,0,0,
b3a1f0922f7440f3bb1adbfa7a04bd09,198,6230,25,8,37,https://www.youtube.com/watch?v=Jwca7NmMPs4,0,0,0,,25,8,37,https://www.youtube.com/watch?v=Jwca7NmMPs4,764,135,87,233,https://www.twitch.tv/videos/2106789665
fc8cf370daaf4201bd988b19e70d99a5,198,14342,59,21,615,https://www.youtube.com/watch?v=NowAvT5Sf60,94,34,171,https://www.youtube.com/watch?v=SXRs8FsIGL4,54,19,615,https://www.youtube.com/watch?v=NowAvT5Sf60,0,0,0,0,
843d99233b474827a2f0bc417ffd3852,198,6093,17,6,73,https://www.youtube.com/watch?v=T70GWeL9kVM,17,6,73,https://www.youtube.com/watch?v=T70GWeL9kVM,0,0,0,,2218,1499,1021,2282,https://www.twitch.tv/videos/2106152531
cfe0c2386d794c229d71c5a6a7e28333,198,10101,16,11,22,https://www.youtube.com/watch?v=SUf0ehTHl18,0,0,0,,16,11,22,https://www.youtube.com/watch?v=SUf0ehTHl18,0,0,0,0,
de8c5ca15afd4534a822e5a1a9c2784e,197,1678,0,0,0,,0,0,0,,0,0,0,,1937,101,91,214,https://www.twitch.tv/videos/2103883286
698d1cca0e1f417892c954dabe0aacf8,196,1290,47,39,47,https://www.youtube.com/watch?v=JBj7asekVys,0,0,0,,47,39,47,https://www.youtube.com/watch?v=JBj7asekVys,2089,52,46,131,https://www.twitch.tv/videos/2110529165
68da57d983e34588a1bb37783d3c4074,196,3831,0,0,0,,0,0,0,,0,0,0,,4117,180,157,180,https://www.twitch.tv/videos/2110401286
652b28416c394eed93337f121c0dcbf5,196,4077,49,21,81,https://www.youtube.com/watch?v=dcMG3UydOW4,49,21,81,https://www.youtube.com/watch?v=dcMG3UydOW4,0,0,0,,0,0,0,0,
df6443487ffb4142aea2b053b4aa8db7,196,8899,0,0,0,,0,0,0,,0,0,0,,1422,202,123,358,https://www.twitch.tv/videos/2107678247
a3afce163c9341c992f526816d9d5440,196,2256,0,0,0,,0,0,0,,0,0,0,,65,0,0,0,
3dc59c2e8b424c9e812fb48048ebdef8,196,4964,10,6,19,https://www.youtube.com/watch?v=IpriYtXBp1E,0,0,0,,10,6,19,https://www.youtube.com/watch?v=IpriYtXBp1E,1376,119,97,541,https://www.twitch.tv/videos/2104928664
5f68c9b585ad40c0ada7697c9b7f5055,195,4864,0,0,0,,0,0,0,,0,0,0,,4215,1108,489,2087,https://www.twitch.tv/videos/2109131575
7a7e366c81d54d03a07cb2c6cb382884,194,5542,0,0,0,,0,0,0,,0,0,0,,0,0,0,0,
202d7c3df0a0489288ace48e1e81ac9f,194,4433,0,0,0,,0,0,0,,0,0,0,,69,39,25,60,https://www.twitch.tv/videos/2102986551
f30f6a2e994641b5af169b97f2aad13b,194,6588,0,0,0,,0,0,0,,0,0,0,,539,0,0,0,
870465c233f0486eb5f710ede69af779,194,3780,0,0,0,,0,0,0,,0,0,0,,489,0,0,0,
53a6613b12f7463d9e973f8ddd679210,193,3011,0,0,0,,0,0,0,,0,0,0,,0,0,0,0,
df079afa77ea4a65baedaaa701936050,193,0,0,0,0,,0,0,0,,0,0,0,,0,0,0,0,
59ea0c3b836c4dee8ba08df9bb73be86,193,0,0,0,0,,0,0,0,,0,0,0,,0,0,0,0,
770a8d28e9bd4641acb6a0b2a9d07ef9,192,1550,0,0,0,,0,0,0,,0,0,0,,330,0,0,0,
b7ff77850f1945b5bd73f8a0b1ec0033,192,2320,0,0,0,,0,0,0,,0,0,0,,188,0,0,0,
789a7f5d025349b4ace0925f9e17fdd7,192,662,0,0,0,,0,0,0,,0,0,0,,0,0,0,0,
2d306a5821ff4e478bbff317bd6e382e,188,19005,0,0,0,,0,0,0,,0,0,0,,0,0,0,0,
dc0f8e297afc4531ac04e46808f7ef6d,187,2487,0,0,0,,0,0,0,,0,0,0,,1035,88,56,136,https://www.twitch.tv/videos/2111387367
fe1304d2a7694657a0922ac4fee53977,186,2735,0,0,0,,0,0,0,,0,0,0,,344,46,37,46,https://www.twitch.tv/videos/2108576138
d26893447610406da66ee14abfbd5868,185,2282,77,38,140,https://www.youtube.com/watch?v=anIgW-kWaHU,88,33,140,https://www.youtube.com/watch?v=anIgW-kWaHU,60,43,60,https://www.youtube.com/watch?v=6bJYenIADr0,0,0,0,0,
9814a60f7b004019a6e3ab7b2520a7c2,184,3955,20,4,20,https://www.youtube.com/watch?v=6prYKy6At1k,20,4,20,https://www.youtube.com/watch?v=6prYKy6At1k,0,0,0,,54,14,10,14,https://www.twitch.tv/videos/2106718975
c274c90379ca4e57a79251976cda3e54,184,6018,40,17,53,https://www.youtube.com/watch?v=KCG7CwpVVVs,40,17,53,https://www.youtube.com/watch?v=KCG7CwpVVVs,0,0,0,,318,42,36,47,https://www.twitch.tv/videos/2111504427
2608bc34d1f8497da55ab0cf4d0d7f0e,184,3597,33,11,337,https://www.youtube.com/watch?v=ebrebSimrOM,0,0,0,,33,11,337,https://www.youtube.com/watch?v=ebrebSimrOM,1272,239,206,493,https://www.twitch.tv/videos/2106499697
75eb49d99170441ab784d7bec7378d21,184,7142,5,1,20,https://www.youtube.com/watch?v=Awm4LdF7pT0,0,0,0,,5,1,20,https://www.youtube.com/watch?v=Awm4LdF7pT0,1023,73,51,262,https://www.twitch.tv/videos/2105707057
04e8814df3b54af0b0c7edc34b4cdda0,184,2645,101,1,101,https://www.youtube.com/watch?v=aOJtdntT9gU,101,1,101,https://www.youtube.com/watch?v=aOJtdntT9gU,0,0,0,,0,0,0,0,
2e7fa2f9a4ba4ca6a0ea1397839aafca,184,5333,27,10,45,https://www.youtube.com/watch?v=x6yjFOBvjhQ,27,10,45,https://www.youtube.com/watch?v=x6yjFOBvjhQ,0,0,0,,0,0,0,0,
ae2d7595c5b94d0786e2fcd5c8973c06,183,2450,0,0,0,,0,0,0,,0,0,0,,0,0,0,0,
dfa5fefa546a40d5a677ddfff02ff3e1,183,7143,19,18,19,https://www.youtube.com/watch?v=l8kACMV9VkM,0,0,0,,19,18,19,https://www.youtube.com/watch?v=l8kACMV9VkM,507,51,46,75,https://www.twitch.tv/videos/2113204072
becdcbab308f4fa18540982596eebbd5,182,1466,86,57,86,https://www.youtube.com/watch?v=91vBd6NFXQk,0,0,0,,86,57,86,https://www.youtube.com/watch?v=91vBd6NFXQk,5397,244,174,895,https://www.twitch.tv/videos/2109362473
d017bd7855e547298906060f0e9b442e,182,3061,0,0,0,,0,0,0,,0,0,0,,854,118,84,233,https://www.twitch.tv/videos/2109473745
c5e956bdce614dddbeddfaf6ada4200d,181,8224,41,21,72,https://www.youtube.com/watch?v=cFodPGZCgIM,41,21,72,https://www.youtube.com/watch?v=cFodPGZCgIM,0,0,0,,0,0,0,0,
a46ad933ff6f4d0c91cc1069f0329265,181,3413,0,0,0,,0,0,0,,0,0,0,,0,0,0,0,
1ccf3d7852d34137b9cc70343dcc41bf,180,48696,26,18,392,https://www.youtube.com/watch?v=kXSQKueVLpE,0,0,0,,26,18,392,https://www.youtube.com/watch?v=kXSQKueVLpE,84,9,7,35,https://www.twitch.tv/videos/2111065259
85ab3b48d46e4a8ab1d4b5d46fd97c41,180,12885,31,30,31,https://www.youtube.com/watch?v=hUy6wrgLlSE,0,0,0,,31,30,31,https://www.youtube.com/watch?v=hUy6wrgLlSE,0,0,0,0,
cdfe7ee6d1f943dfbc5153f82f827393,180,2055,0,0,0,,0,0,0,,0,0,0,,0,0,0,0,
c6704a4edfef443ba46ba7f0db0c4ff9,179,5145,57,38,59,https://www.youtube.com/watch?v=wNJMPCT0KxM,59,25,59,https://www.youtube.com/watch?v=wNJMPCT0KxM,55,51,55,https://www.youtube.com/watch?v=_KiQ_Jrc0ts,0,0,0,0,
76a17ecab93c4c3db069c9a5d8d0ecf5,179,14940,165,46,12720,https://www.youtube.com/watch?v=e4_yBXfMM4M,87,50,87,https://www.youtube.com/watch?v=ExBzWvD41jA,179,43,12720,https://www.youtube.com/watch?v=e4_yBXfMM4M,1475,159,66,529,https://www.twitch.tv/videos/2103421784
f9247dd02dd24e209eba623edcd8354b,179,5423,63,17,76,https://www.youtube.com/watch?v=KLQStGsknHw,39,10,63,https://www.youtube.com/watch?v=GBGYiFOY9mM,76,20,76,https://www.youtube.com/watch?v=KLQStGsknHw,0,0,0,0,
ae5ffb6b5338483c91ff1b883d51a3e7,179,536,0,0,0,,0,0,0,,0,0,0,,0,0,0,0,
0134d1ae91784122b79954c2c8571aef,178,0,0,0,0,,0,0,0,,0,0,0,,411,0,0,0,
6d76e6b27f164061a216ec2831bd8dd3,177,0,0,0,0,,0,0,0,,0,0,0,,702,102,71,102,https://www.twitch.tv/videos/2105642974
a24116ba22c84747818b7be8cd8eb733,175,2655,36,19,118,https://www.youtube.com/watch?v=ZvgrsHVu0gM,36,19,118,https://www.youtube.com/watch?v=ZvgrsHVu0gM,0,0,0,,231,32,23,67,https://www.twitch.tv/videos/2099888417
c2b01c98f9a946a9ae34ed7d7abbd8df,175,1415,0,0,0,,0,0,0,,0,0,0,,0,0,0,0,
ec198b33036c436591c01ee93976b6a3,175,3008,0,0,0,,0,0,0,,0,0,0,,0,0,0,0,
904f58005872497b82964fff25490152,175,6279,0,0,0,,0,0,0,,0,0,0,,103,81,55,99,https://www.twitch.tv/videos/2103754890
b0b2b517ea67432981e41a49aa88bc67,175,2446,0,0,0,,0,0,0,,0,0,0,,493,88,56,90,https://www.twitch.tv/videos/2100023447
56e0088d20b04a059da9932476fc9a5b,174,19669,0,0,0,,0,0,0,,0,0,0,,2651,0,0,0,
1bbbb184005d4213b9f3caa2b69eecfc,174,5439,30,20,30,https://www.youtube.com/watch?v=CImuOLioGGw,30,20,30,https://www.youtube.com/watch?v=CImuOLioGGw,0,0,0,,0,0,0,0,
442edbdb59fe4979a2be3e5183258cf8,174,6037,56,22,120,https://www.youtube.com/watch?v=wGapD-w3G8w,56,22,120,https://www.youtube.com/watch?v=wGapD-w3G8w,0,0,0,,0,0,0,0,
f1cd5373408f4509b94caed34d4c05e9,173,601,75,7,115,https://www.youtube.com/watch?v=lCZgNspkYQo,0,0,0,,75,7,115,https://www.youtube.com/watch?v=lCZgNspkYQo,0,0,0,0,
765aac9aab75405cbe3e6a574f62ce20,173,1234,0,0,0,,0,0,0,,0,0,0,,0,0,0,0,
d8fa0fb407c043cb9b65ab66c2221e8d,172,66040,0,0,19,https://www.youtube.com/watch?v=rToprpEMMts,0,0,0,,0,0,19,https://www.youtube.com/watch?v=rToprpEMMts,2007,49,27,114,https://www.twitch.tv/videos/2110475307
a13421f0201540ecaccd5c207b15c425,172,9546,43,10,71,https://www.youtube.com/watch?v=TBwEWwShg4o,43,10,71,https://www.youtube.com/watch?v=TBwEWwShg4o,0,0,0,,0,0,0,0,
cb0679cc04a44f8f9871bc78196b299e,171,3490,0,0,0,,0,0,0,,0,0,0,,0,0,0,0,
1266255bc3ec481abc9d970be9f14f6d,171,0,0,0,0,,0,0,0,,0,0,0,,0,0,0,0,
502f8130b1c04139a8c1933801f479b4,171,3854,0,0,0,,0,0,0,,0,0,0,,1887,0,0,0,
e443b9e0c3524137ba2774625c6c78cd,170,1625,0,0,0,,0,0,0,,0,0,0,,488,31,21,65,https://www.twitch.tv/videos/2101021589
f0cf456a9f204645a4b468f8cbefb150,170,1498,0,0,0,,0,0,0,,0,0,0,,1485,136,117,197,https://www.twitch.tv/videos/2110493441
d836b4139ddc4b1e9cbf117d74d8456a,169,5832,0,0,0,,0,0,0,,0,0,0,,0,0,0,0,
886b8f7841a341af80b6faed09b18ba1,168,1023,0,0,0,,0,0,0,,0,0,0,,492,44,37,82,https://www.twitch.tv/videos/2101940508
04cb051e69c74105ae2f7b62ea29d1e2,168,3543,0,0,0,,0,0,0,,0,0,0,,0,0,0,0,
04e61f47cdf542c7b5a3b3ae569fc021,168,781,0,0,0,,0,0,0,,0,0,0,,400,241,162,321,https://www.twitch.tv/videos/2104790727
26e2e1583d404f48b879375ef74ae33a,167,5816,54,1,54,https://www.youtube.com/watch?v=PCDwVVGnE-w,54,1,54,https://www.youtube.com/watch?v=PCDwVVGnE-w,0,0,0,,0,0,0,0,
de454734403e4c8cb03961dec481ff6d,167,6187,4,1,4,https://www.youtube.com/watch?v=tHENJLL7QeQ,0,0,0,,4,1,4,https://www.youtube.com/watch?v=tHENJLL7QeQ,327,43,36,52,https://www.twitch.tv/videos/2108594332
40de95e169c84f728ba397fb8480cd44,166,4053,0,0,0,,0,0,0,,0,0,0,,0,0,0,0,
43767b3656dc4ff2a25145a986199dd2,165,4468,0,0,0,,0,0,0,,0,0,0,,0,0,0,0,
61960ee5da5144fa9dd18f453f29c1f5,165,1498,52,14,57,https://www.youtube.com/watch?v=1XpW8GGoXso,52,14,57,https://www.youtube.com/watch?v=1XpW8GGoXso,0,0,0,,0,0,0,0,
85340d14d5654ac3b28b39b007a7dea7,164,6798,43,29,77,https://www.youtube.com/watch?v=X4dRLiaCA_4,43,29,77,https://www.youtube.com/watch?v=X4dRLiaCA_4,0,0,0,,0,0,0,0,
8c43feaf0d8644889a53f191f4934f15,164,5816,40,27,40,https://www.youtube.com/watch?v=dZhfZpqdJNg,0,0,0,,40,27,40,https://www.youtube.com/watch?v=dZhfZpqdJNg,0,0,0,0,
c56801a52568414ca54724a3c24c3417,163,16939,0,0,0,,0,0,0,,0,0,0,,1766,220,175,523,https://www.twitch.tv/videos/2104948527
de5f8aaf92814bb79eb91adb0efc8f1d,163,6559,10,5,21,https://www.youtube.com/watch?v=0Mxk_QwXlpA,10,5,21,https://www.youtube.com/watch?v=0Mxk_QwXlpA,0,0,0,,0,0,0,0,
358be1981a1b485aa1c47b3ddf3f38bb,161,15234,12,9,12,https://www.youtube.com/watch?v=QGzttU9eR6s,12,9,12,https://www.youtube.com/watch?v=QGzttU9eR6s,0,0,0,,0,0,0,0,
372962c805114682a4d16b75c13c80ed,161,1734,238,115,491,https://www.youtube.com/watch?v=-V8FlgrqdjM,0,0,0,,238,115,491,https://www.youtube.com/watch?v=-V8FlgrqdjM,0,0,0,0,
3e86fddd8145474691e77ba761a6b2a5,161,17847,107,96,3088,https://www.youtube.com/watch?v=ei8eCGqGEjE,0,0,0,,107,96,3088,https://www.youtube.com/watch?v=ei8eCGqGEjE,943,0,0,0,
372e74ff33744071a5488cb758e2323a,160,2074,0,0,0,,0,0,0,,0,0,0,,0,0,0,0,
a0b5f8b54a534dfcb66154002e97e4cc,160,0,0,0,0,,0,0,0,,0,0,0,,143,0,0,0,
ce15f0e1016b4a1e87ea09d0c98e8eb8,160,2087,0,0,0,,0,0,0,,0,0,0,,38,0,0,0,
40bb881e52be4d8b9c66a60be89e0504,160,4097,60,37,413,https://www.youtube.com/watch?v=idmfUCcqz4E,59,35,392,https://www.youtube.com/watch?v=NNA1AecJSYs,413,241,413,https://www.youtube.com/watch?v=idmfUCcqz4E,0,0,0,0,
c913750a779d48658a6fd696271235c8,159,3347,0,0,0,,0,0,0,,0,0,0,,0,0,0,0,
302b50b5cf4844d58868013404b1ec3f,159,3629,53,1,53,https://www.youtube.com/watch?v=NiMR5UYn-H0,53,1,53,https://www.youtube.com/watch?v=NiMR5UYn-H0,0,0,0,,0,0,0,0,
354734963c7d49588387bbba859a05a2,159,215,0,0,0,,0,0,0,,0,0,0,,0,0,0,0,
eab02228a491402a824805ab47174ff4,158,0,0,0,0,,0,0,0,,0,0,0,,0,0,0,0,
521d3e3d5e6e410aababfb8f290749b6,157,2284,0,0,0,,0,0,0,,0,0,0,,384,49,35,58,https://www.twitch.tv/videos/2107678709
a8bee4c680a54cf29b34d90bf7230ab1,156,2666,0,0,0,,0,0,0,,0,0,0,,1738,119,73,199,https://www.twitch.tv/videos/2110448874
2b1ef81172474b6b8409100be2f30da7,156,1089,17,6,51,https://www.youtube.com/watch?v=Npj85_OHw1M,0,0,0,,17,6,51,https://www.youtube.com/watch?v=Npj85_OHw1M,1028,667,474,1234,https://www.twitch.tv/videos/2104747016
a426decd1d4e4ace84ae2b31a9826251,154,21,0,0,0,,0,0,0,,0,0,0,,0,0,0,0,
704fc1f053134276ab03c19687cfcca6,153,0,0,0,0,,0,0,0,,0,0,0,,0,0,0,0,
290bbaa329eb45b1a267bfd7e35c3b14,153,7283,17,9,25,https://www.youtube.com/watch?v=1CQzuqMG3b4,0,0,0,,17,9,25,https://www.youtube.com/watch?v=1CQzuqMG3b4,458,73,42,119,https://www.twitch.tv/videos/2105856837
6eac5ce6527b4513bcff4b38d277b5cc,152,2552,50,26,82,https://www.youtube.com/watch?v=4pFaNa0b3dM,46,25,77,https://www.youtube.com/watch?v=Ge6fBTJ_6Dw,82,56,82,https://www.youtube.com/watch?v=4pFaNa0b3dM,0,0,0,0,
433b2802b62441a39c721400926d59eb,151,2193,54,32,99,https://www.youtube.com/watch?v=RuZaU48ndCA,99,92,99,https://www.youtube.com/watch?v=RuZaU48ndCA,47,31,62,https://www.youtube.com/watch?v=bxthVVAJlD4,0,0,0,0,
46a16e41f2af4523adeb4556f2e0b0d5,150,3111,0,0,0,,0,0,0,,0,0,0,,8451,643,259,889,https://www.twitch.tv/videos/2086538288
98c577d538f84d75a3c34e0f9d13c8a3,150,4561,0,0,0,,0,0,0,,0,0,0,,175,0,0,0,
3cf7289a95834ae1a25d4cb2909a1a9e,149,555,62,40,233,https://www.youtube.com/watch?v=n1wUiUmzkK4,0,0,0,,62,40,233,https://www.youtube.com/watch?v=n1wUiUmzkK4,0,0,0,0,
2e05bf5968cf4b3789a1316f5b05d857,147,44934,64,62,64,https://www.youtube.com/watch?v=GRb4ANFk1aU,0,0,0,,64,62,64,https://www.youtube.com/watch?v=GRb4ANFk1aU,0,0,0,0,
ef2c9ea8d1644ce283daada94023648b,146,5796,35,16,125,https://www.youtube.com/watch?v=7-rojMhtakw,35,16,125,https://www.youtube.com/watch?v=7-rojMhtakw,0,0,0,,0,0,0,0,
38c92430ea8d4620a584b5cf60eee321,145,6478,0,0,0,,0,0,0,,0,0,0,,0,0,0,0,
21d69425cef1457180b1857cb6f8a6b6,145,25095,0,0,0,,0,0,0,,0,0,0,,201,0,0,0,
09ec73a6068c43579f5d2818ad0491d1,145,5280,0,0,0,,0,0,0,,0,0,0,,0,0,0,0,
0c97b425059d4ac893cae0f804f4ccbc,145,7117,23,7,164,https://www.youtube.com/watch?v=NXlMYTMQCrc,27,7,164,https://www.youtube.com/watch?v=NXlMYTMQCrc,10,7,10,https://www.youtube.com/watch?v=jRqQ9Q1dHKY,0,0,0,0,
985e77a95dcc46e38b513ab638c5ed25,145,7651,0,0,0,,0,0,0,,0,0,0,,516,0,0,0,
ec2bb7a7428a43268780ea2e37fd1546,145,2075,0,0,0,,0,0,0,,0,0,0,,0,0,0,0,
b54b6078ea9a439399a6cf675607edcd,144,0,0,0,0,,0,0,0,,0,0,0,,154,0,0,0,
844adbe9800c4c52863267075afd2c7f,144,6318,6,1,9,https://www.youtube.com/watch?v=I0UmQxfaMRY,0,0,0,,6,1,9,https://www.youtube.com/watch?v=I0UmQxfaMRY,0,0,0,0,
f314b215c987471888b4477dc4d8bf08,144,0,0,0,0,,0,0,0,,0,0,0,,0,0,0,0,
dc27d7819dac471f907e0ace5131580f,143,3043,11,4,29,https://www.youtube.com/watch?v=4_bw9yxJP4E,0,0,0,,11,4,29,https://www.youtube.com/watch?v=4_bw9yxJP4E,848,274,206,320,https://www.twitch.tv/videos/2108610273
a920d67ea25f449491121763b3117f95,143,4803,0,0,0,,0,0,0,,0,0,0,,274,0,0,0,
c83b621071d441f391ec9f23cf764ebd,142,4505,0,0,0,,0,0,0,,0,0,0,,0,0,0,0,
a84b1b6deabc462b9cf994fd02304b5b,142,747,0,0,0,,0,0,0,,0,0,0,,1532,139,112,293,https://www.twitch.tv/videos/2101761573
8cb91728d2fa43a59f63dc73a1dc8f7b,141,3939,0,0,0,,0,0,0,,0,0,0,,0,0,0,0,
624948114ff449e79fc17a68a43ecd68,141,1710,14,2,14,https://www.youtube.com/watch?v=6NkyINGRbOw,14,2,14,https://www.youtube.com/watch?v=6NkyINGRbOw,0,0,0,,478,0,0,0,
6b5f0c6b2ff74b0b9f906f5000298b91,140,5671,0,0,0,,0,0,0,,0,0,0,,0,0,0,0,
13b4e9aa6e064daeae11a136e2ec03fd,140,6610,30,23,35,https://www.youtube.com/watch?v=ypSe0vPspb0,30,23,35,https://www.youtube.com/watch?v=ypSe0vPspb0,0,0,0,,0,0,0,0,
7d467d2119684242aacc405728e88bf9,140,1983,0,0,0,,0,0,0,,0,0,0,,0,0,0,0,
05e8faf10ef24e02adff107bf7747aff,139,6593,0,0,0,,0,0,0,,0,0,0,,0,0,0,0,
0a293e8cda6645709e6fb92f7b66f069,139,2634,301,207,301,https://www.youtube.com/watch?v=F1N-8VvMZRM,0,0,0,,301,207,301,https://www.youtube.com/watch?v=F1N-8VvMZRM,324,68,37,246,https://www.twitch.tv/videos/2113204721
c08ae8d7412d407c8b233f6e445d081c,139,1358,1,0,15,https://www.youtube.com/watch?v=92Tit2URsRI,0,0,0,,1,0,15,https://www.youtube.com/watch?v=92Tit2URsRI,561,64,54,121,https://www.twitch.tv/videos/2113240030
c8c0ab1d59fb4608ab1e460e946fa88a,138,1256,0,0,0,,0,0,0,,0,0,0,,0,0,0,0,
5205602b7f5a424eaefc557e4fb55823,136,1532,0,0,0,,0,0,0,,0,0,0,,146,0,0,0,
34d0e3dda9044ab6866e2876aa07478c,136,9695,0,0,0,,0,0,0,,0,0,0,,83,0,0,0,
7fd852303a6c4087a1a99fde1fa92bfc,135,18546,0,0,0,,0,0,0,,0,0,0,,0,0,0,0,
226eb1e34c924ae2914d960039905d08,135,11264,31,11,427,https://www.youtube.com/watch?v=g5DiF1M8OT8,29,11,66,https://www.youtube.com/watch?v=qBEpoHP0zGk,124,15,427,https://www.youtube.com/watch?v=g5DiF1M8OT8,0,0,0,0,
f7c5066e776943ef9f277e3f41232272,135,4281,0,0,0,,0,0,0,,0,0,0,,0,0,0,0,
240c765d12ae40ab85e53fb39eb22b03,134,2177,0,0,0,,0,0,0,,0,0,0,,4378,0,0,0,
44f1d1ad14034bd3949ad6f84624f0e4,134,3130,26,9,60,https://www.youtube.com/watch?v=yxWQKUja7-E,25,9,60,https://www.youtube.com/watch?v=yxWQKUja7-E,32,22,39,https://www.youtube.com/watch?v=n2uv4_EZJH0,186,48,29,91,https://www.twitch.tv/videos/2100991906
90c230602c7542daa149c6f6edebc7c4,134,1373,0,0,0,,0,0,0,,0,0,0,,0,0,0,0,
cbb9eb3e239f4a28a05b8e82884f4e5b,134,2657,51,24,82,https://www.youtube.com/watch?v=AsxUSHrZZfA,51,24,82,https://www.youtube.com/watch?v=AsxUSHrZZfA,0,0,0,,0,0,0,0,
9b5bfa83a91e411fbeebfb68e8a56733,132,2826,0,0,0,,0,0,0,,0,0,0,,0,0,0,0,
7badd33c853240e280db61899f381ff2,132,2801,17,8,436,https://www.youtube.com/watch?v=xPEHQvOgCO0,16,6,52,https://www.youtube.com/watch?v=uTdi67qnhyU,270,53,436,https://www.youtube.com/watch?v=xPEHQvOgCO0,227,101,67,302,https://www.twitch.tv/videos/2101906273
b850c220033a4b6d83c9b9b70b04647b,132,2362,37,21,47,https://www.youtube.com/watch?v=_0iiBFjLqM0,37,21,47,https://www.youtube.com/watch?v=_0iiBFjLqM0,0,0,0,,138,35,29,39,https://www.twitch.tv/videos/2106758210
8b1758159f754a3a8d7f26dcf12c008f,131,6219,0,0,0,,0,0,0,,0,0,0,,0,0,0,0,
47d591738d2449a496e7ce140b539662,131,943,0,0,0,,0,0,0,,0,0,0,,1677,211,169,532,https://www.twitch.tv/videos/2104364789
8968a24fb6bf4f08b1611e694c98eb40,131,1288,41,34,205,https://www.youtube.com/watch?v=n25EO8_3XcA,41,34,205,https://www.youtube.com/watch?v=n25EO8_3XcA,0,0,0,,0,0,0,0,
005fac2329ee48cb97ab0c8f1219323b,130,935,0,0,0,,0,0,0,,0,0,0,,10,0,0,0,
f3a1ec7e996e4897ba4e34376f7c0be2,130,435,0,0,0,,0,0,0,,0,0,0,,312,116,98,153,https://www.twitch.tv/videos/2099894859
7ccac8385e2d41f69aab04b7f2b23cac,129,1524,0,0,0,,0,0,0,,0,0,0,,1307,258,172,298,https://www.twitch.tv/videos/2103696785
6c0cf217099345ffac2159da29448a7c,129,4376,24,9,46,https://www.youtube.com/watch?v=TZ8aNFfLCR8,24,9,46,https://www.youtube.com/watch?v=TZ8aNFfLCR8,0,0,0,,43,0,0,0,
8362a08808604c0fbe3eaf6e945b3267,129,87,0,0,0,,0,0,0,,0,0,0,,0,0,0,0,
59e3094256344f8c83a3f4355b8b667b,128,456,17,14,21,https://www.youtube.com/watch?v=w5Rssek4-PQ,14,13,14,https://www.youtube.com/watch?v=KeKmXXtBSUA,21,16,21,https://www.youtube.com/watch?v=w5Rssek4-PQ,312,82,60,246,https://www.twitch.tv/videos/2103720630
5dd38c1bf796414399e7c80092c1d984,128,18093,22,9,60,https://www.youtube.com/watch?v=RIwP4_RkFNY,12,9,20,https://www.youtube.com/watch?v=pYVedk3Vhuc,24,9,60,https://www.youtube.com/watch?v=RIwP4_RkFNY,9,0,0,0,
803435ca691f43a4b02360926fee23d1,125,4824,0,0,0,,0,0,0,,0,0,0,,1273,87,59,125,https://www.twitch.tv/videos/2103694019
a9396c8dd95e43b29c694b14afa07ac4,125,1163,16,5,16,https://www.youtube.com/watch?v=bUbHSXu7PQc,0,0,0,,16,5,16,https://www.youtube.com/watch?v=bUbHSXu7PQc,1702,297,157,297,https://www.twitch.tv/videos/2100698959
2479e2782c0b4a7880004832c84a336b,123,1692,0,0,0,,0,0,0,,0,0,0,,247,80,74,104,https://www.twitch.tv/videos/2113262447
513c300c8af04b8a84d18f665b66481f,123,3419,68,34,68,https://www.youtube.com/watch?v=g14dvzgp9KY,68,34,68,https://www.youtube.com/watch?v=g14dvzgp9KY,0,0,0,,0,0,0,0,
108ca56f150f457ca9f50c5179a7804e,122,59,0,0,0,,0,0,0,,0,0,0,,401,346,269,399,https://www.twitch.tv/videos/2112444963
75da31a9fa4e4dafac9e98135bfab373,122,0,0,0,0,,0,0,0,,0,0,0,,0,0,0,0,
3fbdaff2a59b4bbfb4780d22428bd66e,122,2081,18,1,26,https://www.youtube.com/watch?v=j4OkNk7T9UA,0,0,0,,18,1,26,https://www.youtube.com/watch?v=j4OkNk7T9UA,0,0,0,0,
e0535f2d38f04d26aca33772bccb33b8,122,3863,11,3,82,https://www.youtube.com/watch?v=cwNY44gkKo8,0,0,0,,11,3,82,https://www.youtube.com/watch?v=cwNY44gkKo8,461,245,178,327,https://www.twitch.tv/videos/2101000792
c85822960da341bb8f5323219b233bd1,122,6274,8,6,14,https://www.youtube.com/watch?v=pTR63VHZ0tQ,0,0,0,,8,6,14,https://www.youtube.com/watch?v=pTR63VHZ0tQ,0,0,0,0,
fef1577c0352446c8e371b9fd9e7cc73,121,4269,0,0,2,https://www.youtube.com/watch?v=4ZbQc2z4vSk,0,0,0,,0,0,2,https://www.youtube.com/watch?v=4ZbQc2z4vSk,101,8,6,13,https://www.twitch.tv/videos/2113335213
c9e933e250e747f88f8cbf4857ec7f3b,121,0,0,0,0,,0,0,0,,0,0,0,,2801,456,354,456,https://www.twitch.tv/videos/2107643030
82dcae1da14844ee88960a76041e7c27,121,467,0,0,0,,0,0,0,,0,0,0,,284,0,0,0,
8fdfa107052d44b990d12045a71b3c8c,121,3448,0,0,0,,0,0,0,,0,0,0,,0,0,0,0,
74beedbc5f694a2c94fe73545ba4037d,121,7643,18,6,61,https://www.youtube.com/watch?v=7N5jqLrNxxA,18,5,61,https://www.youtube.com/watch?v=7N5jqLrNxxA,20,18,20,https://www.youtube.com/watch?v=BrPun8l24nA,66,67,49,153,https://www.twitch.tv/videos/2099941544
3c567ec581484049ae43ef1fc976964d,121,17634,0,0,0,,0,0,0,,0,0,0,,0,0,0,0,
c7e9651357c34574a3e8dd7d8e62ab18,120,77,0,0,0,,0,0,0,,0,0,0,,100,0,0,0,
061fa27713ec453ebf41c21eb58b7719,120,1110,0,0,0,,0,0,0,,0,0,0,,0,0,0,0,
507e6557d0f240ef8b9226610f17b729,119,487,0,0,0,,0,0,0,,0,0,0,,46,0,0,0,
67dc6d443cff47a4bc6a31a56e8b72f5,119,9119,15,10,30,https://www.youtube.com/watch?v=yThWh06HKmA,15,10,30,https://www.youtube.com/watch?v=yThWh06HKmA,0,0,0,,0,0,0,0,
a1d3d37caa68474288b903f309db32a1,118,7239,8,5,24,https://www.youtube.com/watch?v=oR6Fi4YK9Jg,14,12,24,https://www.youtube.com/watch?v=oR6Fi4YK9Jg,8,5,8,https://www.youtube.com/watch?v=XqcW6IM9a9s,0,0,0,0,
af132d32a46342178ed398b3c4243e80,117,1393,20,19,33,https://www.youtube.com/watch?v=XgFr51GYTUg,20,19,33,https://www.youtube.com/watch?v=XgFr51GYTUg,0,0,0,,0,0,0,0,
3475b2087d9a4d799c10bd3ac5f45437,116,489,167,52,210,https://www.youtube.com/watch?v=GjBeSAZ604o,125,37,125,https://www.youtube.com/watch?v=xrzyA9WK54o,210,67,210,https://www.youtube.com/watch?v=GjBeSAZ604o,679,178,91,426,https://www.twitch.tv/videos/2101900347
0979940d57534fc0948e24369aa495c5,116,1146,0,0,0,,0,0,0,,0,0,0,,2455,312,231,408,https://www.twitch.tv/videos/2106631017
4ec87ced65c74722927e8fd3f219a653,115,2520,0,0,0,,0,0,0,,0,0,0,,107,130,80,131,https://www.twitch.tv/videos/2102893921
4082a4a1c5784e6c8bea9b58de009664,115,4043,11,4,41,https://www.youtube.com/watch?v=WS0zVuMSuEg,0,0,0,,11,4,41,https://www.youtube.com/watch?v=WS0zVuMSuEg,0,0,0,0,
156c4271fe17425bb02fd7b24f5a2a7a,114,1472,9,2,9,https://www.youtube.com/watch?v=YxZaY_7kzuE,9,2,9,https://www.youtube.com/watch?v=YxZaY_7kzuE,0,0,0,,0,0,0,0,
1090032399054c2bb010a0a7287b2006,113,1006,41,15,91,https://www.youtube.com/watch?v=jsjDEsDwIKg,41,15,91,https://www.youtube.com/watch?v=jsjDEsDwIKg,0,0,0,,0,0,0,0,
b18dea7632bc49db974a22d6eb6660fb,112,6256,15,3,31,https://www.youtube.com/watch?v=PuFVAtXZ018,0,0,0,,15,3,31,https://www.youtube.com/watch?v=PuFVAtXZ018,316,44,27,78,https://www.twitch.tv/videos/2102872103
b6cc2e3d23f34ba8bbeba181d19a714c,111,1661,54,21,54,https://www.youtube.com/watch?v=jUbuepCH8mQ,0,0,0,,54,21,54,https://www.youtube.com/watch?v=jUbuepCH8mQ,1544,376,303,746,https://www.twitch.tv/videos/2106712604
cde66ce63cec4a7a819968ef01489eb9,111,825,0,0,0,,0,0,0,,0,0,0,,366,0,0,0,
2ff6c25f8e5943d2ac0a6a006f5784c3,111,753,23,13,35,https://www.youtube.com/watch?v=dlr7UT-_NNs,0,0,0,,23,13,35,https://www.youtube.com/watch?v=dlr7UT-_NNs,365,47,43,123,https://www.twitch.tv/videos/2101788486
c489b78388904133a8b93cd4d0470aad,111,13698,427,77,569,https://www.youtube.com/watch?v=DllLNEEWNWY,0,0,0,,427,77,569,https://www.youtube.com/watch?v=DllLNEEWNWY,466,71,50,84,https://www.twitch.tv/videos/2103797604
8882f2de2e6947e190be5b4f63a4e626,111,0,0,0,0,,0,0,0,,0,0,0,,0,0,0,0,
09945e9139af4f3a96e6adfd73139d35,110,570,4,2,10,https://www.youtube.com/watch?v=vjnnvZ57ixE,0,0,0,,4,2,10,https://www.youtube.com/watch?v=vjnnvZ57ixE,1005,146,97,197,https://www.twitch.tv/videos/2105678838
65f0266aa5484b4e9f244e856e0d88b3,110,34,0,0,0,,0,0,0,,0,0,0,,443,0,0,0,
07fec8d9014a41c28216345a5adb1533,110,533,5,1,10,https://www.youtube.com/watch?v=y9fRGlT6I6I,0,0,0,,5,1,10,https://www.youtube.com/watch?v=y9fRGlT6I6I,513,32,15,78,https://www.twitch.tv/videos/2093457616
8b5d6e9353ba46789fa6a2cfd94f69b2,109,2371,12,3,18,https://www.youtube.com/watch?v=3mk_0wOC074,0,0,0,,12,3,18,https://www.youtube.com/watch?v=3mk_0wOC074,99,12,8,14,https://www.twitch.tv/videos/2103569007
07ad147bcc7b4bf381e697e2c5578404,109,3680,0,0,0,,0,0,0,,0,0,0,,0,0,0,0,
86a9d44f3d7c47769122c762db7c37e9,108,1682,0,0,0,,0,0,0,,0,0,0,,1756,148,92,293,https://www.twitch.tv/videos/2102636936
5cdecbd7413e4c9e9cb56373a186ccec,108,425,0,0,0,,0,0,0,,0,0,0,,176,0,0,0,
43b63a022b664691827cd276aff6e4f4,108,4875,36,9,98,https://www.youtube.com/watch?v=2MXea_B3-Sw,36,9,98,https://www.youtube.com/watch?v=2MXea_B3-Sw,0,0,0,,0,0,0,0,
98fd913e544f4725afdd28ad05f3e737,108,8079,51,26,85,https://www.youtube.com/watch?v=-4x5bW0Bk7I,51,26,85,https://www.youtube.com/watch?v=-4x5bW0Bk7I,0,0,0,,0,0,0,0,
2928a7d5624e4af8b1331eabae6bda17,107,624,0,0,0,,0,0,0,,0,0,0,,576,12,8,124,https://www.twitch.tv/videos/2104808512
a3bbe09809e141e5b0658a79ba63f977,106,3636,12,3,38,https://www.youtube.com/watch?v=MYvuw5KvYwU,0,0,0,,12,3,38,https://www.youtube.com/watch?v=MYvuw5KvYwU,327,32,27,56,https://www.twitch.tv/videos/2100025527
6db478d80f2843edbe9b6ba6f8ac3e05,106,5435,0,0,0,,0,0,0,,0,0,0,,0,0,0,0,
58f233e089ca45c8bc1969b471183766,105,18279,81,63,81,https://www.youtube.com/watch?v=_zB_uAV-rFw,0,0,0,,81,63,81,https://www.youtube.com/watch?v=_zB_uAV-rFw,0,0,0,0,
e6794eac6ea541c5a9e5570a041ac3b9,105,291,0,0,0,,0,0,0,,0,0,0,,278,156,121,244,https://www.twitch.tv/videos/2112331939
68671ee09add4d87b8038acebc5b48a4,105,0,0,0,0,,0,0,0,,0,0,0,,530,126,105,209,https://www.twitch.tv/videos/2104880152
507d48eff3d44b6cba7b707e321e01e7,105,0,0,0,0,,0,0,0,,0,0,0,,483,0,0,0,
77364942d7f24440bbde8efa71c724df,104,6528,0,0,0,,0,0,0,,0,0,0,,415,18,12,193,https://www.twitch.tv/videos/2107007792
b1ba066a7bc44c93a4ca264f2144f5bd,104,1486,32,15,468,https://www.youtube.com/watch?v=AKGeliDkVWs,0,0,0,,32,15,468,https://www.youtube.com/watch?v=AKGeliDkVWs,0,0,0,0,
6b21f41580a64cc7ab15d219a612723b,104,0,0,0,0,,0,0,0,,0,0,0,,4193,590,387,1137,https://www.twitch.tv/videos/2106566731
8fecd29b2aea40cabf5b9a58aeace0a9,104,3027,8,3,17,https://www.youtube.com/watch?v=N0hfrfgijrw,8,3,17,https://www.youtube.com/watch?v=N0hfrfgijrw,0,0,0,,19,0,0,0,
be4cf0f0dbca4973992d2cb553c1c2bc,103,578,0,0,0,,0,0,0,,0,0,0,,812,90,70,90,https://www.twitch.tv/videos/2107737027
286c24a67720434bbb4290d49fb42a54,103,1902,55,40,193,https://www.youtube.com/watch?v=IrkoaFnnLDE,50,40,193,https://www.youtube.com/watch?v=IrkoaFnnLDE,126,24,174,https://www.youtube.com/watch?v=XrtTyGe8t3s,0,0,0,0,
af7aeeb720454113b850b898d93b8ab2,103,547,0,0,0,,0,0,0,,0,0,0,,0,0,0,0,
53b98a4bbf49419fb4516525846d4d35,101,284,0,0,0,,0,0,0,,0,0,0,,1894,0,0,0,
76b44153656540e7ab449a9f57cef7ce,101,2410,4,1,4,https://www.youtube.com/watch?v=981Sjv3ocRU,0,0,0,,4,1,4,https://www.youtube.com/watch?v=981Sjv3ocRU,54,0,0,0,
2d25a18a83af462a8d4062e162017a1a,99,3972,0,0,0,,0,0,0,,0,0,0,,504,0,0,0,
93162af392cc4e70bb6d404a14190c19,98,1743,0,0,0,,0,0,0,,0,0,0,,0,0,0,0,
e5f12d1681344318a53695ef5bc11fbc,98,0,0,0,0,,0,0,0,,0,0,0,,176,44,40,44,https://www.twitch.tv/videos/2111619214
c8e7047c84614b1bb8e9f352c7dac95e,97,1229,0,0,0,,0,0,0,,0,0,0,,618,53,37,54,https://www.twitch.tv/videos/2113156952
8064b5c85fc64d10ae3e9d3a4c0dfd8f,96,748,0,0,0,,0,0,0,,0,0,0,,2822,154,130,436,https://www.twitch.tv/videos/2103720805
e9569c3f60c541ab83899c09079feaa2,96,1638,68,6,68,https://www.youtube.com/watch?v=rvCz3KC36Oo,0,0,0,,68,6,68,https://www.youtube.com/watch?v=rvCz3KC36Oo,956,0,0,0,
d39880395a4b4f3d980819da82cbd90f,96,1570,20,0,20,https://www.youtube.com/watch?v=6HTUrL-zhe4,0,0,0,,20,0,20,https://www.youtube.com/watch?v=6HTUrL-zhe4,593,126,80,148,https://www.twitch.tv/videos/2100993874
1fa9ddce23964bab8edddf7f18dad2f3,95,239,0,0,0,,0,0,0,,0,0,0,,1384,196,144,251,https://www.twitch.tv/videos/2111400778
c29627e1a48a4ea8b21c858aba1836d0,95,1403,0,0,0,,0,0,0,,0,0,0,,106,0,0,0,
7ee1b473a5584a1a85973acfa45e0e1d,95,608,29,16,273,https://www.youtube.com/watch?v=Txlp0lO5dpU,29,17,273,https://www.youtube.com/watch?v=Txlp0lO5dpU,44,9,44,https://www.youtube.com/watch?v=zGqL3di5Ei8,0,0,0,0,
699b0baa82d0413aa073155683edcd56,94,279,80,20,121,https://www.youtube.com/watch?v=NCLQN2ab2O0,0,0,0,,80,20,121,https://www.youtube.com/watch?v=NCLQN2ab2O0,1498,321,238,860,https://www.twitch.tv/videos/2104807571
ad6455da071543ab88cd4855a11cf39b,94,2715,35,8,70,https://www.youtube.com/watch?v=nFd62y7KWw4,35,8,70,https://www.youtube.com/watch?v=nFd62y7KWw4,0,0,0,,0,0,0,0,
e93b2dd2339a422f8ab3d21c9d95161c,94,703,39,19,49,https://www.youtube.com/watch?v=s_orQ6KhXBc,0,0,0,,39,19,49,https://www.youtube.com/watch?v=s_orQ6KhXBc,450,27,19,60,https://www.twitch.tv/videos/2104806173
431a9bc2ab514e39bb80e323419b4c9a,93,244,0,0,0,,0,0,0,,0,0,0,,0,0,0,0,
fec8644970684cffbbae8dd37a52d59c,92,781,0,0,0,,0,0,0,,0,0,0,,69,0,0,0,
8cbdee1cfd644878b7392bd1c996c185,92,2712,0,0,0,,0,0,0,,0,0,0,,127,0,0,0,
5a60a41d2a604bc68368158cd0b1cc12,91,3382,3,0,6,https://www.youtube.com/watch?v=rDC43YD0TVc,3,0,6,https://www.youtube.com/watch?v=rDC43YD0TVc,0,0,0,,288,67,50,145,https://www.twitch.tv/videos/2113439050
135224fe261040639a802804b52f22db,90,2583,0,0,0,,0,0,0,,0,0,0,,630,0,0,0,
fd638ba6820241d1b3367afab0c6ab3e,89,5261,16,6,28,https://www.youtube.com/watch?v=PMiGzC3Nx1o,16,7,28,https://www.youtube.com/watch?v=PMiGzC3Nx1o,3,2,3,https://www.youtube.com/watch?v=antAFVHHBao,0,0,0,0,
16e0b967de004b45b5c10302382ad43e,89,960,22,3,22,https://www.youtube.com/watch?v=CpRrBxinWpk,0,0,0,,22,3,22,https://www.youtube.com/watch?v=CpRrBxinWpk,147,24,21,109,https://www.twitch.tv/videos/2105996262
976b29c2cb6e4092957f42da56b4c7c6,89,9390,0,0,0,,0,0,0,,0,0,0,,469,0,0,0,
e83fb599bfc7426cb3a4d54b107ab568,89,659,0,0,0,,0,0,0,,0,0,0,,0,0,0,0,
f35a552c958c4e798cac3bff3f5fff2b,88,313,36,21,39,https://www.youtube.com/watch?v=bBbA0UWTGbQ,0,0,0,,36,21,39,https://www.youtube.com/watch?v=bBbA0UWTGbQ,542,122,101,330,https://www.twitch.tv/videos/2105559522
c441bf25222246ac8f1a67477d047520,88,0,0,0,0,,0,0,0,,0,0,0,,0,0,0,0,
bb21226dc1db41e294f545133948115b,88,1836,36,21,71,https://www.youtube.com/watch?v=Y5g-S1UzBkI,46,24,71,https://www.youtube.com/watch?v=Y5g-S1UzBkI,13,8,13,https://www.youtube.com/watch?v=AqwrxPOpGkk,0,0,0,0,
f6c33980cbb9463d88229e058bd54b3f,87,758,13,9,13,https://www.youtube.com/watch?v=StlUjTraD0s,0,0,0,,13,9,13,https://www.youtube.com/watch?v=StlUjTraD0s,0,0,0,0,
22d30950218c4df4adf0488b412f56b9,87,272,0,0,0,,0,0,0,,0,0,0,,0,0,0,0,
f5c278ed50af44b6a78e8436020c871f,87,1296,13,11,34,https://www.youtube.com/watch?v=K4DUbOaMGss,13,11,34,https://www.youtube.com/watch?v=K4DUbOaMGss,0,0,0,,0,0,0,0,
bedd14283dd34a639c5f77a95856ecad,86,1810,50,26,67,https://www.youtube.com/watch?v=WgWHEIfL2Ik,50,26,67,https://www.youtube.com/watch?v=WgWHEIfL2Ik,0,0,0,,0,0,0,0,
288ba70f1a044c72a65ed9cf3b425d13,86,3381,30,11,51,https://www.youtube.com/watch?v=TqZG2Hrqk3Q,30,11,51,https://www.youtube.com/watch?v=TqZG2Hrqk3Q,0,0,0,,0,0,0,0,
b6309af8c78c41d288f472a45ebd8f33,86,1382,30,19,45,https://www.youtube.com/watch?v=dNTAs3Afzns,30,19,45,https://www.youtube.com/watch?v=dNTAs3Afzns,0,0,0,,6,0,0,0,
cd1224f4756340c594f3c36245e9b4d4,85,6105,399,159,483,https://www.youtube.com/watch?v=x7o_meBUQUU,0,0,0,,399,159,483,https://www.youtube.com/watch?v=x7o_meBUQUU,690,216,148,386,https://www.twitch.tv/videos/2100917662
16dba95f038f4b5ca6d3599c80ebe118,85,1395,0,0,0,,0,0,0,,0,0,0,,0,0,0,0,
47cd428eee8640cb80afaa4ef9bb55e0,85,3474,43,13,428,https://www.youtube.com/watch?v=8arcxMK7mCQ,77,35,78,https://www.youtube.com/watch?v=25MqQ6ruIgI,14,8,428,https://www.youtube.com/watch?v=8arcxMK7mCQ,1190,153,108,257,https://www.twitch.tv/videos/2105898485
608b617ad99c4f18b97d10560e254b4b,85,179,90,14,106,https://www.youtube.com/watch?v=8v2IGcDASqY,0,0,0,,90,14,106,https://www.youtube.com/watch?v=8v2IGcDASqY,0,0,0,0,
606b5d09425246eda64b4c462ecfbcb4,85,770,0,0,0,,0,0,0,,0,0,0,,0,0,0,0,
0a1bdead9a3946cabce4e439a1c8970e,84,0,0,0,0,,0,0,0,,0,0,0,,25,0,0,0,
cd13255567c04182914111635ed1530f,84,14049,0,0,0,,0,0,0,,0,0,0,,464,47,38,82,https://www.twitch.tv/videos/2112342268
64b7b65875bb4ed09bb706ef8741259e,84,719,125,2,125,https://www.youtube.com/watch?v=MYb-mLds53E,125,2,125,https://www.youtube.com/watch?v=MYb-mLds53E,0,0,0,,0,0,0,0,
7a5f358662cc4ba6bfe35586eb344bd3,84,265,0,0,0,,0,0,0,,0,0,0,,743,0,0,0,
3e5ef92a63ce4134a9d848246b951dfd,84,0,0,0,0,,0,0,0,,0,0,0,,0,0,0,0,
dc9cd2bc942d427d8cc73370d1194f9e,84,2385,75,36,420,https://www.youtube.com/watch?v=JYAkUlld1NA,62,31,76,https://www.youtube.com/watch?v=ThbxkRRoe0s,117,67,420,https://www.youtube.com/watch?v=JYAkUlld1NA,0,0,0,0,
a127ff7335ae467d961641bcf84f1e2f,83,6328,0,0,0,,0,0,0,,0,0,0,,1853,549,352,986,https://www.twitch.tv/videos/2110332948
1618171723d84cbe8b57cd69fa6f477f,83,974,0,0,0,,0,0,0,,0,0,0,,572,59,52,59,https://www.twitch.tv/videos/2110527633
949f184abcc84a82b8e9f333b41a2109,82,4182,13,2,13,https://www.youtube.com/watch?v=1hIj5Emj31U,0,0,0,,13,2,13,https://www.youtube.com/watch?v=1hIj5Emj31U,1308,317,203,372,https://www.twitch.tv/videos/2108701723
09b00ccde152498b808efe7317bd52f0,82,1126,0,0,0,,0,0,0,,0,0,0,,2221,752,513,921,https://www.twitch.tv/videos/2111436993
249c62cfb8b64d7880c681c55c0e761a,82,1557,0,0,0,,0,0,0,,0,0,0,,0,0,0,0,
fe1bd62313574733ab86c1a56b7143ab,81,794,10,1,10,https://www.youtube.com/watch?v=kajf66wqYIg,0,0,0,,10,1,10,https://www.youtube.com/watch?v=kajf66wqYIg,1645,0,0,0,
4d96aeef13f949e19026682e337db138,81,1799,1,0,2,https://www.youtube.com/watch?v=7hBIyNKH4zA,0,0,0,,1,0,2,https://www.youtube.com/watch?v=7hBIyNKH4zA,2398,128,97,259,https://www.twitch.tv/videos/2112241847
b9a09f50375248aebc3d6afdb7f5adf6,81,1160,26,18,26,https://www.youtube.com/watch?v=Xyyq4wiAfvM,0,0,0,,26,18,26,https://www.youtube.com/watch?v=Xyyq4wiAfvM,709,203,147,250,https://www.twitch.tv/videos/2106770709
23baf3f44f474b10acd1515fad003470,80,3021,37,32,2121,https://www.youtube.com/watch?v=VTRDdp6u450,31,28,238,https://www.youtube.com/watch?v=hY6Y9b6ln3M,2121,1133,2121,https://www.youtube.com/watch?v=VTRDdp6u450,0,0,0,0,
07e7b5801c93482daf6a6259ec569e43,80,321,50,46,161,https://www.youtube.com/watch?v=4Li9InR6QvI,54,49,161,https://www.youtube.com/watch?v=4Li9InR6QvI,4,3,4,https://www.youtube.com/watch?v=pPogWMFzA_I,0,0,0,0,
8868dd9b4d75481397fd841b8ef6c55d,79,1552,0,0,0,,0,0,0,,0,0,0,,8,0,0,0,
2cf39ef13e434910b3681d75d2ebfab3,78,16879,0,0,0,,0,0,0,,0,0,0,,0,0,0,0,
423ecad01c524c4595027051fcaa9ba7,78,111,0,0,0,,0,0,0,,0,0,0,,689,0,0,0,
c6af4f23c6ce4adab5301d79b0bd343a,78,986,0,0,0,,0,0,0,,0,0,0,,2280,406,341,644,https://www.twitch.tv/videos/2103641394
82bc06ac5c6e42cf80ec426c5b31a3c3,78,2584,0,0,0,,0,0,0,,0,0,0,,0,0,0,0,
063fe3c0ae714b4ea4edaf79bda5dda0,77,811,0,0,0,,0,0,0,,0,0,0,,1760,326,225,409,https://www.twitch.tv/videos/2101021735
7a8c9d29e4f44a1489379cbc04f81fce,77,6791,0,0,0,,0,0,0,,0,0,0,,98,14,12,43,https://www.twitch.tv/videos/2103759840
423ee3a5dbd549f19893a1823856b8dc,76,163,0,0,0,,0,0,0,,0,0,0,,348,38,26,46,https://www.twitch.tv/videos/2112369613
ce08f5426e7b43cab916a327f491f74d,76,1118,0,0,0,,0,0,0,,0,0,0,,0,0,0,0,
105f7890339346329ab408f423f617c3,75,3272,0,0,0,,0,0,0,,0,0,0,,1726,812,595,1963,https://www.twitch.tv/videos/2108008282
a324be13dcdb4acbbe722638fc2dbfa4,75,5071,38,20,87,https://www.youtube.com/watch?v=sqdD-GC-zJ0,41,18,87,https://www.youtube.com/watch?v=sqdD-GC-zJ0,31,22,44,https://www.youtube.com/watch?v=KYlMTwmlh7o,17,0,0,0,
98619914a2eb4b07bd6bc0a02066e455,74,1663,35,30,64,https://www.youtube.com/watch?v=I6uRTSAIh3c,0,0,0,,35,30,64,https://www.youtube.com/watch?v=I6uRTSAIh3c,471,92,72,419,https://www.twitch.tv/videos/2110054429
988b153a77804b24a6ca99ffd7e298c3,74,2538,0,0,0,,0,0,0,,0,0,0,,0,0,0,0,
7d11ed1b02104cf58efd2df6cbc1ef69,73,1110,0,0,0,,0,0,0,,0,0,0,,919,219,167,236,https://www.twitch.tv/videos/2112427130
a1a4762aa1eb4d95be1c0c7a528a8336,72,3520,0,0,0,,0,0,0,,0,0,0,,1102,216,151,341,https://www.twitch.tv/videos/2100041569
d148768158984ce8b3a8214b1fb3dafc,72,0,0,0,0,,0,0,0,,0,0,0,,60,0,0,0,
6c8f616ab73c449d8eb8e3888c2c8bfe,71,64,0,0,0,,0,0,0,,0,0,0,,1035,134,63,337,https://www.twitch.tv/videos/2094319188
12ece01ae7004e9195e79309f0cdae40,71,483,0,0,0,,0,0,0,,0,0,0,,2307,0,0,0,
58588863643843439cebc85ef72654bb,71,2024,52,37,190,https://www.youtube.com/watch?v=wqd5KK2NKVY,65,43,190,https://www.youtube.com/watch?v=wqd5KK2NKVY,50,20,165,https://www.youtube.com/watch?v=F6ESRHj4_os,0,0,0,0,
577251897dc7463393b68c5b6f96559b,71,736,0,0,0,,0,0,0,,0,0,0,,264,45,27,59,https://www.twitch.tv/videos/2110519769
21247d29bc504e5bb833b8ae522ee72d,70,142,0,0,0,,0,0,0,,0,0,0,,159,68,55,184,https://www.twitch.tv/videos/2110864866
fd1f154909d743129d5d6f58813bf231,70,3361,0,0,0,,0,0,0,,0,0,0,,0,0,0,0,
4392368e4dea40ccb6b6bca109e75d62,70,2493,0,0,0,,0,0,0,,0,0,0,,387,0,0,0,
025ce8dccaa4466c80061aa308c378c3,68,2228,0,0,0,,0,0,0,,0,0,0,,39,0,0,0,
82ceab659cbe441fb2f6555fdcacad6c,68,1056,0,0,0,,0,0,0,,0,0,0,,0,0,0,0,
25b5885afcdc4430be0d822464ccff91,68,89,29,26,34,https://www.youtube.com/watch?v=kVJM8k8XKkg,30,29,34,https://www.youtube.com/watch?v=kVJM8k8XKkg,29,22,29,https://www.youtube.com/watch?v=pmT83bkmcuQ,54,71,58,100,https://www.twitch.tv/videos/2107697015
188108fa6e2e41afb060e4038e49d4ab,68,2032,8,3,120,https://www.youtube.com/watch?v=XpDHEGl6lsc,8,3,120,https://www.youtube.com/watch?v=XpDHEGl6lsc,0,0,0,,706,73,52,86,https://www.twitch.tv/videos/2105854255
45850b41e06641ef9dc11aa3d94c9738,66,2848,0,0,0,,0,0,0,,0,0,0,,0,0,0,0,
604dc5a26bb54f3d8a69c9df659d23d7,66,539,6,4,419,https://www.youtube.com/watch?v=iHS4HFGuT3E,0,0,0,,6,4,419,https://www.youtube.com/watch?v=iHS4HFGuT3E,185,85,73,240,https://www.twitch.tv/videos/2105785721
1daf23905a3d4aa9a59273e563e33382,66,849,0,0,0,,0,0,0,,0,0,0,,1481,205,202,205,https://www.twitch.tv/videos/2113582179
7e26ddf485a84c0cb6d781a3bf432c55,63,143,18,6,26,https://www.youtube.com/watch?v=_yG6fWV0suE,0,0,0,,18,6,26,https://www.youtube.com/watch?v=_yG6fWV0suE,621,1490,765,1938,https://www.twitch.tv/videos/2100266223
7de64f4deb0946baa8d6b0da69699194,62,596,7,3,11,https://www.youtube.com/watch?v=xNZra74a15k,0,0,0,,7,3,11,https://www.youtube.com/watch?v=xNZra74a15k,62,0,0,0,
5fe4d02afe22460b97267f12c11bdb94,62,922,0,0,0,,0,0,0,,0,0,0,,1,0,0,0,
742791b5c8404969abd68d95e9f79f93,62,136,0,0,0,,0,0,0,,0,0,0,,101,28,22,35,https://www.twitch.tv/videos/2109523402
8326ce0c22374e78932a2c9ac621d0f8,62,2167,0,0,0,,0,0,0,,0,0,0,,0,0,0,0,
061fb9c63b7e45bb85ea7e6bd4fe3745,61,2094,0,0,0,,0,0,0,,0,0,0,,175,13,7,31,https://www.twitch.tv/videos/2106786879
9272afe9ef72434082d9b5621857afd0,61,1985,0,0,0,,0,0,0,,0,0,0,,29,0,0,0,
32ae564b306c42cab2e1a4a8a9d6adfe,60,638,6,2,213,https://www.youtube.com/watch?v=fzgZZ9RKP4Y,0,0,0,,6,2,213,https://www.youtube.com/watch?v=fzgZZ9RKP4Y,1071,584,495,708,https://www.twitch.tv/videos/2105539359
2c2db11a23aa43298ab96e60a20692d7,60,180,28,11,30,https://www.youtube.com/watch?v=soKWoNrQWjI,30,15,30,https://www.youtube.com/watch?v=soKWoNrQWjI,26,7,26,https://www.youtube.com/watch?v=RTGX6dUByDE,1552,0,0,0,
a9ada11d61114319885597db6a0725fb,58,246,0,0,0,,0,0,0,,0,0,0,,649,125,77,153,https://www.twitch.tv/videos/2099905875
905304e606344aba8c84b83717453f5e,57,907,54,34,112,https://www.youtube.com/watch?v=6XbZZETcnjQ,54,34,112,https://www.youtube.com/watch?v=6XbZZETcnjQ,0,0,0,,0,0,0,0,
5111bbfaa63a43eca5d6940bc07e2f1d,57,1366,0,0,0,,0,0,0,,0,0,0,,0,0,0,0,
46821555a7af41e4aa70fe0fabd8a4f6,56,0,0,0,0,,0,0,0,,0,0,0,,112,65,61,113,https://www.twitch.tv/videos/2111409996
bcc486093c6041fe83ff0eacf6a7be4f,56,1892,0,0,0,,0,0,0,,0,0,0,,0,0,0,0,
73289529c73440e19129c28714996ead,55,753,0,0,0,,0,0,0,,0,0,0,,0,0,0,0,
ba27c499a50f4cac87e6e5b94da18292,55,854,5,2,8,https://www.youtube.com/watch?v=hLLGTjMDIPo,0,0,0,,5,2,8,https://www.youtube.com/watch?v=hLLGTjMDIPo,391,140,109,222,https://www.twitch.tv/videos/2103867883
25a4b44b043947d1b1e1708c60569700,55,27,0,0,0,,0,0,0,,0,0,0,,0,0,0,0,
d7cf0379e5df43269f50cfebedcffab9,54,149,0,0,0,,0,0,0,,0,0,0,,87,0,0,0,
7180ef027197417da8c0143be2d45fa2,54,1865,12,2,16,https://www.youtube.com/watch?v=F8CtfUtzJAQ,0,0,0,,12,2,16,https://www.youtube.com/watch?v=F8CtfUtzJAQ,375,64,60,93,https://www.twitch.tv/videos/2112500839
964a0dde279c45ea85ffc6ad5d266206,54,1004,0,0,0,,0,0,0,,0,0,0,,46,0,0,0,
748fbe1808eb4156bccfc72a447725a2,54,114,0,0,0,,0,0,0,,0,0,0,,460,81,62,94,https://www.twitch.tv/videos/2110544791
822b9b7a9eca49df9bfd617a19b274b0,54,457,15,14,15,https://www.youtube.com/watch?v=o20qzTPS4PQ,15,14,15,https://www.youtube.com/watch?v=o20qzTPS4PQ,0,0,0,,0,0,0,0,
74acc3b3c4db41d2a13cce887ad2a856,53,2973,0,0,0,,0,0,0,,0,0,0,,1573,0,0,0,
fdfbb61702604db683986fa8ba14f9dc,53,203,0,0,0,,0,0,0,,0,0,0,,170,56,34,60,https://www.twitch.tv/videos/2103809087
15625a3e3ee14c64ae7a76fc4b6eb8cc,53,347,0,0,0,,0,0,0,,0,0,0,,0,0,0,0,
a3452262e11348c88afea4031b0323a8,53,5611,18,9,571,https://www.youtube.com/watch?v=JoGm03zd51c,0,0,0,,18,9,571,https://www.youtube.com/watch?v=JoGm03zd51c,72,36,29,95,https://www.twitch.tv/videos/2110592398
f9d27b07ff84433b8397b0587f339e27,53,5629,13,4,27,https://www.youtube.com/watch?v=Wlws_iNtkGc,0,0,0,,13,4,27,https://www.youtube.com/watch?v=Wlws_iNtkGc,156,23,12,51,https://www.twitch.tv/videos/2113365854
bc69cb667d6548dfb067b40d68c3056d,53,0,0,0,0,,0,0,0,,0,0,0,,2974,0,0,0,
4297ecbe09d04698a65f1778f5c16dc4,52,0,0,0,0,,0,0,0,,0,0,0,,0,0,0,0,
965ff8a77ab845aaac693d9c7a56f82d,51,2934,5,1,12,https://www.youtube.com/watch?v=NSljmnmSGcI,0,0,0,,5,1,12,https://www.youtube.com/watch?v=NSljmnmSGcI,433,366,184,366,https://www.twitch.tv/videos/2099885441
20181f161f2c42d49003d8dee458dd5e,51,434,40,39,41,https://www.youtube.com/watch?v=iVtRyUCkJjU,40,39,41,https://www.youtube.com/watch?v=iVtRyUCkJjU,0,0,0,,27,0,0,0,
bd8b9130e88a44c98f1bdcbed402ae01,50,621,0,0,0,,0,0,0,,0,0,0,,0,0,0,0,
6bf231719d5e485fa0cdee99905858d4,50,526,39,30,39,https://www.youtube.com/watch?v=m4erWea6B4M,0,0,0,,39,30,39,https://www.youtube.com/watch?v=m4erWea6B4M,249,29,20,75,https://www.twitch.tv/videos/2101898006
e9892d83b9f64d9fadc72c225caa55c4,49,2046,0,0,0,,0,0,0,,0,0,0,,0,0,0,0,
5b0963427f8e4f04a35cb0e71d95698d,48,0,0,0,0,,0,0,0,,0,0,0,,0,0,0,0,
4af53c3526f7435a8aac99f42dccb392,48,168,13,7,13,https://www.youtube.com/watch?v=uumoKSSJtWo,0,0,0,,13,7,13,https://www.youtube.com/watch?v=uumoKSSJtWo,85,22,12,22,https://www.twitch.tv/videos/2100997722
50c9dbd2624f41408f2b6a9ccf61e447,47,0,0,0,0,,0,0,0,,0,0,0,,191,27,20,102,https://www.twitch.tv/videos/2105816151
e8da498df6844f83b6550334f54c2f14,47,1404,0,0,0,,0,0,0,,0,0,0,,0,0,0,0,
28e6f7c12a3b45899e7508058f926af9,47,3277,13,8,41,https://www.youtube.com/watch?v=XUZjm9TaIVw,0,0,0,,13,8,41,https://www.youtube.com/watch?v=XUZjm9TaIVw,689,77,33,573,https://www.twitch.tv/videos/2099884386
255a5e79f9d14e6492d741b95f78cb7c,47,743,0,0,0,,0,0,0,,0,0,0,,2326,0,0,0,
0e6b5ea24de64f3bbe6767999faef4c8,46,88,0,0,0,,0,0,0,,0,0,0,,0,0,0,0,
c0b0ee4a080a4752bcbe186688cbafc2,46,617,0,0,0,,0,0,0,,0,0,0,,352,0,0,0,
ffaf6da580a44e11bba9715e3c854958,46,173,0,0,0,,0,0,0,,0,0,0,,100,0,0,0,
1f28ef7a3c88413d846f01c6d9c36e2d,45,399,12,7,21,https://www.youtube.com/watch?v=-JAqIgEfBn4,12,7,21,https://www.youtube.com/watch?v=-JAqIgEfBn4,0,0,0,,0,0,0,0,
b3e0bc9dd06f4774b492e6d50dd92be2,45,54,0,0,0,,0,0,0,,0,0,0,,148,0,0,0,
2d3deb7610dd4329ba77597dfdd13043,45,1041,11,8,44,https://www.youtube.com/watch?v=8hW4_h8ibG8,0,0,0,,11,8,44,https://www.youtube.com/watch?v=8hW4_h8ibG8,1446,165,133,224,https://www.twitch.tv/videos/2112286040
bac6e533b9b74e2f9dfcf2a0381a9825,44,693,47,29,151,https://www.youtube.com/watch?v=Q64grhK361o,47,29,151,https://www.youtube.com/watch?v=Q64grhK361o,0,0,0,,0,0,0,0,
359bb9450c49401da7b002980d4f97df,43,127,0,0,0,,0,0,0,,0,0,0,,796,398,379,398,https://www.twitch.tv/videos/2112648553
d5db964012f14dd8a19d9fa7596c1ffd,43,559,0,0,0,,0,0,0,,0,0,0,,0,0,0,0,
107fac8e77f74af8ba95491ae9492642,42,49,0,0,0,,0,0,0,,0,0,0,,292,39,33,124,https://www.twitch.tv/videos/2102755012
f158cd39f9384021918af95fe7a4998e,40,76,0,0,0,,0,0,0,,0,0,0,,122,33,21,33,https://www.twitch.tv/videos/2103783430
0a0df52f847d482e90955a9cb5d1c84c,40,35,0,0,0,,0,0,0,,0,0,0,,93,44,33,44,https://www.twitch.tv/videos/2107506398
5e259658ed814cc894dfe408d10ecc6e,40,1117,44,18,141,https://www.youtube.com/watch?v=bOa7tmPCvJY,45,32,141,https://www.youtube.com/watch?v=bOa7tmPCvJY,35,9,87,https://www.youtube.com/watch?v=twznZmJsKqY,0,0,0,0,
76355385e14341a5b8360ea9d19d831e,40,190,0,0,0,,0,0,0,,0,0,0,,0,0,0,0,
4efffd7632e94c9faad30a543c3e1150,40,1357,0,0,0,,0,0,0,,0,0,0,,87,6,4,6,https://www.twitch.tv/videos/2104761558
2a25c205cc374cbeb8c8ccfe988ec9cc,40,763,0,0,0,,0,0,0,,0,0,0,,1110,0,0,0,
78dea7b59be448329ec287a403f95a13,39,273,60,19,60,https://www.youtube.com/watch?v=GA-N-PjCMKM,0,0,0,,60,19,60,https://www.youtube.com/watch?v=GA-N-PjCMKM,767,202,128,478,https://www.twitch.tv/videos/2105681346
7168995b95ab439aa7cf1f3099d7bd88,39,8554,79,21,117,https://www.youtube.com/watch?v=Kj4-qoRvjrM,0,0,0,,79,21,117,https://www.youtube.com/watch?v=Kj4-qoRvjrM,1581,0,0,0,
4ba98a2155ad4b4392d8c5d7a51f4964,39,2226,69,43,455,https://www.youtube.com/watch?v=_XFh8JBiEfE,56,37,69,https://www.youtube.com/watch?v=dwS4pIISafA,91,43,455,https://www.youtube.com/watch?v=_XFh8JBiEfE,0,0,0,0,
22f16847ee064b1bafd9bbe15bd31284,39,558,0,0,0,,0,0,0,,0,0,0,,511,32,30,56,https://www.twitch.tv/videos/2100946868
4f917f1ccdd74d34a3746c379282b6fe,39,327,0,0,0,,0,0,0,,0,0,0,,218,101,76,195,https://www.twitch.tv/videos/2112325470
c6e0676b98ba4c69aa167ab8dc5f0870,39,1987,1,0,1,https://www.youtube.com/watch?v=svq6jSav3qo,0,0,0,,1,0,1,https://www.youtube.com/watch?v=svq6jSav3qo,61,26,19,26,https://www.twitch.tv/videos/2106779117
9ff652451cbd4ad098bf20dd9748ce12,38,870,0,0,0,,0,0,0,,0,0,0,,2168,101,89,161,https://www.twitch.tv/videos/2110344194
eadf377f5cbd41ac9842c3f5559268f6,38,498,0,0,0,,0,0,0,,0,0,0,,194,42,30,53,https://www.twitch.tv/videos/2110500843
e04b970f339243258cb0dc0c5735274a,38,1002,0,0,0,,0,0,0,,0,0,0,,0,0,0,0,
bb724895ca584788a6d550f5e5833add,37,24175,0,0,0,,0,0,0,,0,0,0,,0,0,0,0,
e3b9c06f64d84a0dabb3e97c0caacaca,37,1742,0,0,0,,0,0,0,,0,0,0,,0,0,0,0,
90e99deb6e044db38dac17f268bc4ed3,37,207,0,0,0,,0,0,0,,0,0,0,,0,0,0,0,
2dda08de535644fa81ba0f708f24e31d,36,0,0,0,0,,0,0,0,,0,0,0,,0,0,0,0,
904e3c91b4e1427f9b2d69f69aa3b13c,36,2364,78,54,118,https://www.youtube.com/watch?v=eSU7BeftbiE,78,54,118,https://www.youtube.com/watch?v=eSU7BeftbiE,0,0,0,,0,0,0,0,
8723ccecdfd84d92b1de24f9d6a86bcc,36,481,4,3,4,https://www.youtube.com/watch?v=Z8x1HtP1Kis,0,0,0,,4,3,4,https://www.youtube.com/watch?v=Z8x1HtP1Kis,1817,283,207,603,https://www.twitch.tv/videos/2107639817
0bf305da1ec14c5c8447b9a007bc81f6,36,190,64,20,113,https://www.youtube.com/watch?v=f6OLBhK5isg,64,61,64,https://www.youtube.com/watch?v=yAzURDUZqjI,65,18,113,https://www.youtube.com/watch?v=f6OLBhK5isg,74,215,203,215,https://www.twitch.tv/videos/2112369798
d9f302ca07b54664a88124d64442abac,36,6005,440,418,440,https://www.youtube.com/watch?v=qFTNebEFpQ4,0,0,0,,440,418,440,https://www.youtube.com/watch?v=qFTNebEFpQ4,112,0,0,0,
40c846b91c4a44a980eddf20f0f789c0,35,77,77,23,77,https://www.youtube.com/watch?v=Ny7Aqui590k,0,0,0,,77,23,77,https://www.youtube.com/watch?v=Ny7Aqui590k,1214,184,128,583,https://www.twitch.tv/videos/2109483787
0b53549edaf5490ca350ef17aee7b8b9,35,183,0,0,0,,0,0,0,,0,0,0,,489,0,0,0,
9be839573d1a4944a93740ca42fa65d4,35,760,44,5,80,https://www.youtube.com/watch?v=E5TpNJllbws,0,0,0,,44,5,80,https://www.youtube.com/watch?v=E5TpNJllbws,376,149,89,169,https://www.twitch.tv/videos/2101780486
f70dd4c721d44398aa8450b502e2469b,35,0,0,0,0,,0,0,0,,0,0,0,,5261,0,0,0,
c3945429509246f79c5f0a18594f696d,35,136,21,11,61,https://www.youtube.com/watch?v=o1-c53vGJMU,0,0,0,,21,11,61,https://www.youtube.com/watch?v=o1-c53vGJMU,984,816,312,1802,https://www.twitch.tv/videos/2100876526
c572dfdd998b439fb17f01f4633cfb31,34,207,23,9,23,https://www.youtube.com/watch?v=WTfGJcIet1A,0,0,0,,23,9,23,https://www.youtube.com/watch?v=WTfGJcIet1A,0,0,0,0,
6bcb75418dd24274b2fe4b8e60a94999,33,1591,0,0,0,,0,0,0,,0,0,0,,417,0,0,0,
68174e9c3013465896c92e0dcac300b2,32,75,37,23,38,https://www.youtube.com/watch?v=99ckM-7TnVQ,0,0,0,,37,23,38,https://www.youtube.com/watch?v=99ckM-7TnVQ,17,0,0,0,
df02d1a89bc74c928c825773996bbb7b,31,1540,0,0,0,,0,0,0,,0,0,0,,727,106,83,124,https://www.twitch.tv/videos/2111342145
8c0482285da84b4b97556ccc0d2c8dd9,31,0,0,0,0,,0,0,0,,0,0,0,,83,0,0,0,
f535c31fb7624e808c5b7f17f5a9bfd9,31,4,7,6,9,https://www.youtube.com/watch?v=DEEXe-rN4pM,0,0,0,,7,6,9,https://www.youtube.com/watch?v=DEEXe-rN4pM,372,109,85,166,https://www.twitch.tv/videos/2105818636
cf04151a6d704a4fa008a4df2962ac68,31,8233,0,0,0,,0,0,0,,0,0,0,,0,0,0,0,
c269bafe425f470e957731c454b8925c,31,1400,0,0,0,,0,0,0,,0,0,0,,359,0,0,0,
27ac8b1e87af421dad890df4884e9f4b,30,473,0,0,0,,0,0,0,,0,0,0,,0,0,0,0,
3d2b3ac59c0c4930b36d71c1c82ce0e0,30,169,30,24,114,https://www.youtube.com/watch?v=nceq4S-_IMQ,114,102,114,https://www.youtube.com/watch?v=nceq4S-_IMQ,28,23,30,https://www.youtube.com/watch?v=EokjqDZMcR0,0,0,0,0,
ce065a7b5f8a4557821b27b0b9c2f1e3,30,188,0,0,0,,0,0,0,,0,0,0,,8,0,0,0,
02056e6aaa51485ea4f90eb41a7612cf,30,862,0,0,0,,0,0,0,,0,0,0,,0,0,0,0,
faa39b1bc1f647af9f6f33d6174c30d0,30,680,0,0,0,,0,0,0,,0,0,0,,0,0,0,0,
0eba942738504c8182c861668195c39e,28,119,0,0,4,https://www.youtube.com/watch?v=Q1ZCOh4ZEWk,0,0,0,,0,0,4,https://www.youtube.com/watch?v=Q1ZCOh4ZEWk,444,74,54,109,https://www.twitch.tv/videos/2099987266
28e15053de0b42b19476c21349bbcfc4,28,0,0,0,0,,0,0,0,,0,0,0,,9,0,0,0,
30180ea70e514772a5d14174b23037d5,28,950,4,2,24,https://www.youtube.com/watch?v=-GWUxXNTCa8,4,2,24,https://www.youtube.com/watch?v=-GWUxXNTCa8,0,0,0,,58,0,0,0,
7360e8cae69b4d4fbe91510c776b1c5e,28,893,1,0,6,https://www.youtube.com/watch?v=2RDf9ocRr_A,0,0,0,,1,0,6,https://www.youtube.com/watch?v=2RDf9ocRr_A,146,49,39,93,https://www.twitch.tv/videos/2102857164
2dce35ef53c345f4bbc667ed6246694a,27,432,34,15,34,https://www.youtube.com/watch?v=maP-ynV8mvU,34,15,34,https://www.youtube.com/watch?v=maP-ynV8mvU,0,0,0,,0,0,0,0,
65abc9bdfc964ec39f4ee1464a2011a5,27,50,0,0,0,,0,0,0,,0,0,0,,337,0,0,0,
13f0439da821404b9e40b290fff8856e,27,6,7,6,7,https://www.youtube.com/watch?v=rc2dnwKmtgU,0,0,0,,7,6,7,https://www.youtube.com/watch?v=rc2dnwKmtgU,0,0,0,0,
3040b4d9d4374815a4e0af0c887a42fc,27,135,0,0,0,,0,0,0,,0,0,0,,609,178,121,266,https://www.twitch.tv/videos/2110811518
7ca56a8380d245b3b7e5398d12178478,27,264,0,0,0,,0,0,0,,0,0,0,,150,28,17,71,https://www.twitch.tv/videos/2107662443
9f68c1ebda2041c9a221d47733e3cab9,26,947,0,0,0,,0,0,0,,0,0,0,,0,0,0,0,
b8495fc4bb174140acf0ebd7d64fe044,26,2290,0,0,0,,0,0,0,,0,0,0,,2728,387,309,716,https://www.twitch.tv/videos/2107783154
7f9832eb0b6549d3a48a8219ce272241,26,118,0,0,0,,0,0,0,,0,0,0,,0,0,0,0,
40fca873cd074b01baa8f9b006f50d00,25,3950,0,0,0,,0,0,0,,0,0,0,,0,0,0,0,
87ffb30de3914a299f6a586c7ec216ec,24,146,0,0,0,,0,0,0,,0,0,0,,16,0,0,0,
2e2a6c392c024bb2a68b681bc210c187,23,226,9,5,100,https://www.youtube.com/watch?v=77IZZ9CksoU,0,0,0,,9,5,100,https://www.youtube.com/watch?v=77IZZ9CksoU,184,148,133,195,https://www.twitch.tv/videos/2106907744
b9d51a073b4542ac800bd7c9e38d0902,23,494,0,0,3,https://www.youtube.com/watch?v=qtiAce2ZiKo,0,0,0,,0,0,3,https://www.youtube.com/watch?v=qtiAce2ZiKo,177,37,25,48,https://www.twitch.tv/videos/2110536900
6bafc37ce1b546b7ac83b78293f23937,23,0,0,0,0,,0,0,0,,0,0,0,,476,566,327,566,https://www.twitch.tv/videos/2101907748
be2acc5c060b4975aea909a056cc9a65,22,209,0,0,0,,0,0,0,,0,0,0,,0,0,0,0,
c68bc0ba32f14d9b8669b0594435b68b,19,294,2,0,20,https://www.youtube.com/watch?v=CkoEwqjdlZI,0,0,0,,2,0,20,https://www.youtube.com/watch?v=CkoEwqjdlZI,179,26,17,30,https://www.twitch.tv/videos/2104897543
59216a033f2b47128d190a5ed1add217,19,0,0,0,0,,0,0,0,,0,0,0,,0,0,0,0,
cf51f722dc714a0cbb022f89fa311014,18,588,0,0,0,,0,0,0,,0,0,0,,0,0,0,0,
d10e889e2e1443eb8f35b4426fd27a34,18,196,0,0,0,,0,0,0,,0,0,0,,51,13,11,13,https://www.twitch.tv/videos/2111426328
d007ab56aa654d77b10cffc2f993db25,16,54,0,0,0,,0,0,0,,0,0,0,,0,0,0,0,
dda9d5733f5f49f4aa77f147640040c3,16,0,0,0,0,,0,0,0,,0,0,0,,0,0,0,0,
ef5da0bd8595474e8630994b11c3eb46,16,85,0,0,0,,0,0,0,,0,0,0,,317,88,58,264,https://www.twitch.tv/videos/2108631208
a6815e229f914db2a936ad70c285cea2,15,486,0,0,0,,0,0,0,,0,0,0,,456,58,56,95,https://www.twitch.tv/videos/2111380649
c20ea54c87f849de8013519b0fb3f97a,12,0,0,0,0,,0,0,0,,0,0,0,,0,0,0,0,
d798cb880a814f61b472559384756a2c,12,42,0,0,0,,0,0,0,,0,0,0,,0,0,0,0,
4b6b92e9aea74d7481d50636f088e9be,12,1072,0,0,0,,0,0,0,,0,0,0,,0,0,0,0,
b00e6f77d15a43c7a2007b9ede7962e0,12,0,0,0,0,,0,0,0,,0,0,0,,0,0,0,0,
6f99d9c96d224c50939959d18cfb5cd8,11,12,0,0,0,,0,0,0,,0,0,0,,131,0,0,0,
4f8936d4899d4e2c83bf949bc61b2bd2,11,0,0,0,0,,0,0,0,,0,0,0,,2,0,0,0,
d31487befff947a49249b790f2c0d289,9,0,0,0,0,,0,0,0,,0,0,0,,753,0,0,0,
5a59b23a201f4b2d8729b0f4b33c9e6b,9,124,2,1,8,https://www.youtube.com/watch?v=Zk6oT7v_7DI,0,0,0,,2,1,8,https://www.youtube.com/watch?v=Zk6oT7v_7DI,60,31,27,38,https://www.twitch.tv/videos/2107646005
4e5a8a6380764f9b9f28732968e4aac8,9,0,0,0,0,,0,0,0,,0,0,0,,189,35,27,58,https://www.twitch.tv/videos/2105810678
9cd8c8962dd94213804603687f9b0f5d,8,0,0,0,0,,0,0,0,,0,0,0,,0,0,0,0,
986e3f84da6c4e72af71cb69bbfdc339,5,0,0,0,0,,0,0,0,,0,0,0,,73,0,0,0,
9bbcd920e31344c5b75cf9a0d5d17440,5,32,0,0,0,,0,0,0,,0,0,0,,543,164,144,164,https://www.twitch.tv/videos/2110496657
6bb236447ed9412a98c9b2d7c9069e10,4,0,0,0,0,,0,0,0,,0,0,0,,1326,265,168,417,https://www.twitch.tv/videos/2106528463
1d3631ca7ad344bd92f467db0f3c9b06,3,6,6,2,6,https://www.youtube.com/watch?v=b_R_ifikSrM,0,0,0,,6,2,6,https://www.youtube.com/watch?v=b_R_ifikSrM,0,0,0,0,
19fdf3885dcf4d45bdf768a6f3fd99b4,3,0,0,0,0,,0,0,0,,0,0,0,,599,0,0,0,
90abc79f7c844521bb3d136580df0f91,1,0,0,0,0,,0,0,0,,0,0,0,,0,0,0,0,
68d176b9f0b44a028730ae527fd2c0ad,1,0,0,0,0,,0,0,0,,0,0,0,,0,0,0,0,
1306cff16376404eae39a5d879132395,0,0,0,0,0,,0,0,0,,0,0,0,,95,0,0,0,
60cc7f18c0fe438280af5a81b31eb923,0,0,0,0,0,,0,0,0,,0,0,0,,1766,142,127,273,https://www.twitch.tv/videos/2112291365
0bf9cacb06354af1a90efc4198546994,0,0,0,0,0,,0,0,0,,0,0,0,,128,0,0,0,
007847e77d894f199e1272cf81e02730,0,0,0,0,0,,0,0,0,,0,0,0,,684,0,0,0,
fd5a1e004f224586aa65f9c5b374cc4a,0,0,0,0,0,,0,0,0,,0,0,0,,1344,242,141,264,https://www.twitch.tv/videos/2103829846
057faa70622247bd933959412bbeb667,0,0,0,0,0,,0,0,0,,0,0,0,,1086,0,0,0,
fdb0805c65e24f13b7f23e50e0db8ae2,0,0,0,0,0,,0,0,0,,0,0,0,,5529,668,541,1079,https://www.twitch.tv/videos/2099833529
80a5a785f7954a579ffc0241310d67d1,0,0,0,0,0,,0,0,0,,0,0,0,,183,12,8,17,https://www.twitch.tv/videos/2104769479
6a6547a3f19d4870a6f11b88c60a5296,0,0,0,0,0,,0,0,0,,0,0,0,,3227,459,296,554,https://www.twitch.tv/videos/2108495465
9e64bba43928414884503de36f805c48,0,0,0,0,0,,0,0,0,,0,0,0,,22409,3078,1095,53605,https://www.twitch.tv/videos/2107628086
d79b58ef1a2844be892c7295e25ccb81,0,0,0,0,0,,0,0,0,,0,0,0,,204,0,0,0,
ec045a49833c4c2fa7b7012ca7544e18,0,0,0,0,0,,0,0,0,,0,0,0,,1551,0,0,0,
3e448bcf946f48d58e0b77dbaf0cb76e,0,0,0,0,0,,0,0,0,,0,0,0,,0,0,0,0,
6908430ccb204a1b9d95ee7a1711cae3,0,0,0,0,0,,0,0,0,,0,0,0,,2563,1265,881,4461,https://www.twitch.tv/videos/2111679049
4dd7cfc58ae54c1fa6211ba9b1c607ec,0,0,0,0,0,,0,0,0,,0,0,0,,1538,94,82,94,https://www.twitch.tv/videos/2110522984
22c4cd83790e401ca8055a64554cf3a7,0,0,0,0,0,,0,0,0,,0,0,0,,162,0,0,0,
0572bddb85b24166820f34f39164f99c,0,0,0,0,0,,0,0,0,,0,0,0,,518,0,0,0,
76489786a22c4162970f9c288157db6b,0,0,0,0,0,,0,0,0,,0,0,0,,1473,224,184,562,https://www.twitch.tv/videos/2110591857
711514ca9ac74041a4461b2259622a68,0,0,0,0,0,,0,0,0,,0,0,0,,423,0,0,0,
480aca28939a4eb5bf558a710e21709c,0,0,0,0,0,,0,0,0,,0,0,0,,1905,194,189,487,https://www.twitch.tv/videos/2105555410
e32a4d49fba7459fbdf9e242288fa18c,0,0,0,0,0,,0,0,0,,0,0,0,,4123,838,734,1350,https://www.twitch.tv/videos/2102811123
fe62d50e41af4aa29c3e2b0cfc62fb3d,0,0,0,0,0,,0,0,0,,0,0,0,,511,146,100,361,https://www.twitch.tv/videos/2102620706
06337167c1a14d82b6a7f7cc71eac813,0,0,0,0,0,,0,0,0,,0,0,0,,700,101,62,134,https://www.twitch.tv/videos/2107661445
e58a5a6f40e040d79bbcd139824d6fc7,0,0,0,0,0,,0,0,0,,0,0,0,,3182,745,570,987,https://www.twitch.tv/videos/2101865760
cda9668f324445a7bd507094ad6946b8,0,0,0,0,0,,0,0,0,,0,0,0,,345,27,20,52,https://www.twitch.tv/videos/2106760246
ad2aef5af5074f14af7f6ddf7899743a,0,0,0,0,0,,0,0,0,,0,0,0,,2150,0,0,0,
1a95bb88e451498ca3491b69af964588,0,0,0,0,0,,0,0,0,,0,0,0,,32562,2288,1104,3810,https://www.twitch.tv/videos/2094224746
6c7336d4605540c6871de5f96874129c,0,0,0,0,0,,0,0,0,,0,0,0,,19507,2357,1591,4401,https://www.twitch.tv/videos/2110629729
f9641107ffee492cbec14839b1958144,0,0,0,0,0,,0,0,0,,0,0,0,,2436,0,0,0,
1addf96267ac494bb73c9e6f6e1793b8,0,0,0,0,0,,0,0,0,,0,0,0,,2432,0,0,0,
8cbfffe3cac54065be4149b03b680d87,0,0,0,0,0,,0,0,0,,0,0,0,,488,72,61,306,https://www.twitch.tv/videos/2105942585
288d3972d3164ee595228b8a5959ac00,0,0,0,0,0,,0,0,0,,0,0,0,,2758,234,167,275,https://www.twitch.tv/videos/2102791513
2f6cee890853475a8bf91f5ed45f8d4f,0,0,0,0,0,,0,0,0,,0,0,0,,554,0,0,0,
547aa467c2ce497e9d95c4a085effe0d,0,0,0,0,0,,0,0,0,,0,0,0,,1430,0,0,0,
ffa52ddf68ff4b229dc09ad683d9d36d,0,0,0,0,0,,0,0,0,,0,0,0,,274,13,8,95,https://www.twitch.tv/videos/2110332249
170e76a9d21c42978143f41526df72cc,0,0,0,0,0,,0,0,0,,0,0,0,,1213,0,0,0,
4b1df07f3a3443f8a7edd00323f2814f,0,0,0,0,0,,0,0,0,,0,0,0,,210,0,0,0,
f84598913e654789a80556fd38388dfb,0,0,0,0,0,,0,0,0,,0,0,0,,1555,93,52,117,https://www.twitch.tv/videos/2101051215
326e21d5b6e7446698969bbd8be1b564,0,0,0,0,0,,0,0,0,,0,0,0,,2100,183,157,454,https://www.twitch.tv/videos/2112214125
4cb08241fbce4905a83ed02de6a1af9c,0,0,0,0,0,,0,0,0,,0,0,0,,3540,368,173,489,https://www.twitch.tv/videos/2112463527
05552126457e4ebf9218498250286efd,0,0,0,0,0,,0,0,0,,0,0,0,,1246,0,0,0,
228427b15b964f1396b5a7b5eb224a21,0,0,0,0,0,,0,0,0,,0,0,0,,55,0,0,0,
daa0d327175a43dc9bb627bc6db7de56,0,0,0,0,0,,0,0,0,,0,0,0,,1262,0,0,0,
9ca05592c52f42649191751f18cb70e6,0,0,0,0,0,,0,0,0,,0,0,0,,2196,261,191,644,https://www.twitch.tv/videos/2109412769
7cd55e03d87c4c77843a437ec0703670,0,0,0,0,0,,0,0,0,,0,0,0,,3146,0,0,0,
a34564e3f6574070b6e8e82f7bbfb2fa,0,0,0,0,0,,0,0,0,,0,0,0,,1338,156,113,257,https://www.twitch.tv/videos/2105617690
cfc7bcf869514c70a5091672d3acb031,0,0,0,0,0,,0,0,0,,0,0,0,,220,31,28,42,https://www.twitch.tv/videos/2110313509
b6519fbc0d6941d4b43ce1742a14b0b2,0,0,0,0,0,,0,0,0,,0,0,0,,785,88,68,112,https://www.twitch.tv/videos/2103761645
644e669aa31443fe9a61a14e75ebd21e,0,0,0,0,0,,0,0,0,,0,0,0,,6363,479,279,1129,https://www.twitch.tv/videos/2108321250
c2777df3c8d341f4a1f0bb9cda8d9365,0,0,0,0,0,,0,0,0,,0,0,0,,1350,0,0,0,
dd9bf471b0304627877f38daaec5407b,0,0,0,0,0,,0,0,0,,0,0,0,,587,140,83,371,https://www.twitch.tv/videos/2110178847
5b62816b7dee4c13856f3c21629be3c4,0,0,0,0,0,,0,0,0,,0,0,0,,20048,1041,332,2522,https://www.twitch.tv/videos/2110383570
32aabdc7b41144a8b1bd28954cd3278c,0,0,0,0,0,,0,0,0,,0,0,0,,1481,92,51,234,https://www.twitch.tv/videos/2103796183
70767b08ebd9437b980405c3aba89434,0,0,0,0,0,,0,0,0,,0,0,0,,4553,0,0,0,
3a2199639669433faff0591468bcfa10,0,0,0,0,0,,0,0,0,,0,0,0,,1126,40,24,40,https://www.twitch.tv/videos/2105738918
c88fdec84b7f4f2bb1c2e4983579050a,0,0,0,0,0,,0,0,0,,0,0,0,,98,50,42,91,https://www.twitch.tv/videos/2110517020
22eea06367f4430d816e38dfb68a26cf,0,0,0,0,0,,0,0,0,,0,0,0,,773,139,110,378,https://www.twitch.tv/videos/2099964987
31f4c00be9eb41a1a6be0356614048fd,0,0,0,0,0,,0,0,0,,0,0,0,,2819,202,76,520,https://www.twitch.tv/videos/2086703372
a17fcdf32a124beba3fba16299aed2b3,0,0,0,0,0,,0,0,0,,0,0,0,,7708,371,350,371,https://www.twitch.tv/videos/2112374675
d91ffcc2823f4121a2caa347a8c2a507,0,0,0,0,0,,0,0,0,,0,0,0,,769,76,59,126,https://www.twitch.tv/videos/2100856477
a3a1caa89669445db63f22b9a3af88b0,0,0,0,0,0,,0,0,0,,0,0,0,,1100,198,139,245,https://www.twitch.tv/videos/2101783160
c099b7e8d46c418d8e17097d496f3b83,0,0,0,0,0,,0,0,0,,0,0,0,,1380,724,593,1232,https://www.twitch.tv/videos/2105786111
3cfc2b54a543469b92a95ff1e3f1da54,0,0,0,0,0,,0,0,0,,0,0,0,,1682,255,215,255,https://www.twitch.tv/videos/2109533878
224e3ebb4c0540098ce414cc6e79df9d,0,0,0,0,0,,0,0,0,,0,0,0,,47,0,0,0,
2af6cb0e15ce4839ba711b47608d4f4d,0,0,0,0,0,,0,0,0,,0,0,0,,3937,356,276,377,https://www.twitch.tv/videos/2104866640
7425576151124e11a94609fd1b8687bc,0,0,0,0,0,,0,0,0,,0,0,0,,853,156,131,449,https://www.twitch.tv/videos/2112292462
7dd086a606284ba6b7b584f8b00dc190,0,0,0,0,0,,0,0,0,,0,0,0,,288,53,39,74,https://www.twitch.tv/videos/2111499053
c19464dad8004852b7766700723601de,0,0,0,0,0,,0,0,0,,0,0,0,,5233,0,0,0,
63dea00fb3094d46853159efa259b014,0,0,0,0,0,,0,0,0,,0,0,0,,16414,466,424,653,https://www.twitch.tv/videos/2110013017
030de4222329412d9beafbe24a584d0b,0,0,0,0,0,,0,0,0,,0,0,0,,11,0,0,0,
7a88afc5eb644d76b35ed4ca968259bb,0,0,0,0,0,,0,0,0,,0,0,0,,13108,1335,618,3066,https://www.twitch.tv/videos/2107775821
ec1dec0e956c41ea97dfcebe96bc41b4,0,0,0,0,0,,0,0,0,,0,0,0,,11297,1002,362,1497,https://www.twitch.tv/videos/2100644351
f0bc26cfe4a8451d863a8d8cbd6313ed,0,0,0,0,0,,0,0,0,,0,0,0,,8,0,0,0,
15ee6c1788974e31aefed5cc023781af,0,0,0,0,0,,0,0,0,,0,0,0,,0,0,0,0,
a5773880b0f040a9abbecacf3eb0eb29,0,0,0,0,0,,0,0,0,,0,0,0,,2287,0,0,0,
03c018f2d3064da6ac4899bef1d600c5,0,0,0,0,0,,0,0,0,,0,0,0,,6712,1779,776,3824,https://www.twitch.tv/videos/2107648991
6a963053004f4deaa0dbdf875db41879,0,0,0,0,0,,0,0,0,,0,0,0,,270,28,18,66,https://www.twitch.tv/videos/2106722101
bf277797951346fe991c27c79a6c5081,0,0,0,0,0,,0,0,0,,0,0,0,,8399,722,355,927,https://www.twitch.tv/videos/2109446179
e698befe9649448885d93094cd4dc6a9,0,0,0,0,0,,0,0,0,,0,0,0,,3195,349,208,484,https://www.twitch.tv/videos/2111484856
fa59e2edc64c432ebaeeb66b2a53ab2d,0,0,0,0,0,,0,0,0,,0,0,0,,1319,195,122,246,https://www.twitch.tv/videos/2102847613
256252fdd3d1437995088c56e674fcf0,0,0,0,0,0,,0,0,0,,0,0,0,,704,80,68,232,https://www.twitch.tv/videos/2104777813
b92f05ad314c4937b09cd603f9ebd64b,0,0,0,0,0,,0,0,0,,0,0,0,,349,0,0,0,
e353f482c5be4887838ea9fdf802ad91,0,0,0,0,0,,0,0,0,,0,0,0,,1475,442,360,1242,https://www.twitch.tv/videos/2102766781
828ab4c66f5f43f298d237374a266b7e,0,0,0,0,0,,0,0,0,,0,0,0,,2225,217,137,878,https://www.twitch.tv/videos/2106451557
31a4ca5b5d554c13902eff32302e5eb9,0,0,0,0,0,,0,0,0,,0,0,0,,642,171,94,289,https://www.twitch.tv/videos/2111272056
afa3e309e41044c5bffe17466607d481,0,0,0,0,0,,0,0,0,,0,0,0,,9900,6492,3680,13582,https://www.twitch.tv/videos/2094364107
4fadb90960a844daab26191bb158d3a3,0,0,0,0,0,,0,0,0,,0,0,0,,3208,873,631,964,https://www.twitch.tv/videos/2101007526
36beb36f581f44d393dcf0af2b194789,0,0,0,0,0,,0,0,0,,0,0,0,,5850,755,266,1709,https://www.twitch.tv/videos/2099705288
c7f53f2fbdbe4db488629ab4d738a16a,0,0,0,0,0,,0,0,0,,0,0,0,,399,107,81,192,https://www.twitch.tv/videos/2100796992
e18c43e19e9b4fc8af0cdc24c33ae476,0,0,0,0,0,,0,0,0,,0,0,0,,1310,0,0,0,
a8782a18c0644ce0b5c1a5dab4ee622e,0,0,0,0,0,,0,0,0,,0,0,0,,5491,2721,2181,3383,https://www.twitch.tv/videos/2113329805
eeefa43ecaf74f7b822dde3f0e7683d4,0,0,0,0,0,,0,0,0,,0,0,0,,1184,108,93,148,https://www.twitch.tv/videos/2104427430
88526add0348499c95bd5838a5f35989,0,0,0,0,0,,0,0,0,,0,0,0,,1026,129,94,222,https://www.twitch.tv/videos/2104847433
d93ec185504e45e2894865980da489a9,0,0,0,0,0,,0,0,0,,0,0,0,,1043,0,0,0,
ed051ffc6cd643c287a678fea774e644,0,0,0,0,0,,0,0,0,,0,0,0,,2844,119,92,150,https://www.twitch.tv/videos/2111373980
921d25072caf403ea797c3d5f61f84cf,0,0,0,0,0,,0,0,0,,0,0,0,,1373,196,127,258,https://www.twitch.tv/videos/2104781023
4e4cbcbc0acf410ea5a50e4a6bbafd01,0,0,0,0,0,,0,0,0,,0,0,0,,244,172,116,290,https://www.twitch.tv/videos/2106385666
c29bc8bf78dd417980491f19333c8fa2,0,0,0,0,0,,0,0,0,,0,0,0,,10707,2427,110,2427,https://www.twitch.tv/videos/2086711638
ba562aad440d483e988d3ce7e7217c94,0,0,0,0,0,,0,0,0,,0,0,0,,28895,3498,1659,7459,https://www.twitch.tv/videos/2097601142
f5034a946bf249c780a864c19efda669,0,0,0,0,0,,0,0,0,,0,0,0,,340,20,12,33,https://www.twitch.tv/videos/2102881936
e4421bd8d15848c09fa4ad4df162c858,0,0,0,0,0,,0,0,0,,0,0,0,,331,21,14,36,https://www.twitch.tv/videos/2105787480
3de6bc82438b451abf5ebe76a366be24,0,0,0,0,0,,0,0,0,,0,0,0,,2950,936,309,1863,https://www.twitch.tv/videos/2097065047
9c85aee2166449c395c18b0bc06f89e2,0,0,0,0,0,,0,0,0,,0,0,0,,343,88,44,88,https://www.twitch.tv/videos/2099890868
7180d8a493134a9c932fe790eb17f2e9,0,0,0,0,0,,0,0,0,,0,0,0,,8835,349,286,577,https://www.twitch.tv/videos/2103900851
