VTuber ID,Video Type,Title,Publish Time,URL,Thumbnail URL
bf03fd8b5b55481590ea63338c5cdd20,live,4/11 加班台day156 !加班 !原神 !치지직 대만인 !週邊 / 揪團每10人2分 / !DC / @komorikuma_vtuber / 7tv++,2024-04-09T00:42:27Z,https://www.twitch.tv/komorikuma_vtuber,https://static-cdn.jtvnw.net/previews-ttv/live_user_komorikuma_vtuber-{width}x{height}.jpg
53707f0116dc4fca8614ac7139e40b83,live,【兄妹加班台#154】睡覺中～【喪屍迪】Ft.  @chengmimeow,2024-04-09T11:56:07Z,https://www.twitch.tv/siaodi12398,https://static-cdn.jtvnw.net/previews-ttv/live_user_siaodi12398-{width}x{height}.jpg
970ee869c72747eeb83f71f3c533fab3,live,⭐蘿蔔悠玄⭐4/10 冥界年末加班台 Day113? 初見新追隨+1分鐘💙 我好想打OSU喔 QQ | !加班 !ㄆㄕㄕ !周邊 !伺服器 !偷打 !小白粉 !上香,2024-04-09T12:06:11Z,https://www.twitch.tv/youxuan_ghost,https://static-cdn.jtvnw.net/previews-ttv/live_user_youxuan_ghost-{width}x{height}.jpg
887b37336c9c4730809ace8b5e38df17,live,露露茶屋🧋歡迎試喝 |🌿4月新桌布進群組領取.ᐟ.ᐟ,2024-04-09T19:09:50Z,https://www.twitch.tv/isyourlulu,https://static-cdn.jtvnw.net/previews-ttv/live_user_isyourlulu-{width}x{height}.jpg
6c7336d4605540c6871de5f96874129c,live,買暴徒不如抱我 | !網聚 |  @mibao1013,2024-04-09T22:49:23Z,https://www.twitch.tv/mibao1013,https://static-cdn.jtvnw.net/previews-ttv/live_user_mibao1013-{width}x{height}.jpg
cd1224f4756340c594f3c36245e9b4d4,live,【凜空ゆあ】Zzzz | 爬完給大家掛掛薄荷,2024-04-10T08:30:22Z,https://www.twitch.tv/rikuyua_0x0,https://static-cdn.jtvnw.net/previews-ttv/live_user_rikuyua_0x0-{width}x{height}.jpg
5535c9524eb046c38e172ebfa06b302f,live,🔴音樂台+作業台 【UID儲值→!LD !曼德洛】【新片→!黃泉 !那維萊特 !佩拉】  ▹ @ruroroisme ◃,2024-04-10T11:52:02Z,https://www.twitch.tv/ruroroisme,https://static-cdn.jtvnw.net/previews-ttv/live_user_ruroroisme-{width}x{height}.jpg
a83b6d485350402b90238deb371ae654,live,【夢娜】二週年加班台開始~ !加班 !同樂加時【加班台Day234】【歡迎掛台】,2024-04-10T12:01:24Z,https://www.twitch.tv/monna_nana,https://static-cdn.jtvnw.net/previews-ttv/live_user_monna_nana-{width}x{height}.jpg
f3fe9fb6de2a477fae878a39924c15bd,live,4/11【米奧Mio】楓之谷菜雞..睡睡中午回來 | !DCC |,2024-04-10T12:15:27Z,https://www.twitch.tv/naohmio,https://static-cdn.jtvnw.net/previews-ttv/live_user_naohmio-{width}x{height}.jpg
3204abe8247b45f08481bef65884ebc3,live,《 抽完了 》一個抽完的麥塊. ᐟ.ᐟ紀念鍵帽吊飾抽獎.ᐟ.ᐟ 𝙎𝙚𝙘𝙡𝙪𝙜𝙞𝙣,2024-04-10T12:53:50Z,https://www.twitch.tv/nagi2561,https://static-cdn.jtvnw.net/previews-ttv/live_user_nagi2561-{width}x{height}.jpg
13a3d049cda44b9e8da24006e642dd78,live,《已開獎》 抽完的麥塊.ᐟ.ᐟ所以你中了嗎？進來看看？,2024-04-10T12:53:51Z,https://www.twitch.tv/batsu_xxx,https://static-cdn.jtvnw.net/previews-ttv/live_user_batsu_xxx-{width}x{height}.jpg
ff88906b47654805b8370426415f1183,live,▌0411【工作 | 畫圖】vu. au065j/  | 幫我當掛台機器人 嗶嗶嗶 | !dc | @fuutaisbest,2024-04-10T12:57:26Z,https://www.twitch.tv/fuutaisbest,https://static-cdn.jtvnw.net/previews-ttv/live_user_fuutaisbest-{width}x{height}.jpg
a84b1b6deabc462b9cf994fd02304b5b,live,【海關邪教房怎麼那麼爛】,2024-04-10T13:34:13Z,https://www.twitch.tv/uriah0616,https://static-cdn.jtvnw.net/previews-ttv/live_user_uriah0616-{width}x{height}.jpg
52ff14aabd804801a6e589681fc2fb4d,live,殘月 EclipseYuki Eng/中,2024-04-10T13:34:44Z,https://www.twitch.tv/eclipseyuki,https://static-cdn.jtvnw.net/previews-ttv/live_user_eclipseyuki-{width}x{height}.jpg
f7c48554816643cdb8d343e6e9e6d313,live,【RELIVE_諾櫻NOE🌸】別人的身體裡都是才華，你的身體裡都是珍珠奶茶🌸我也好想要那個酷酷的紫色勾勾❤!魔儲 !3D募資,2024-04-10T15:15:21Z,https://www.twitch.tv/re_noe_,https://static-cdn.jtvnw.net/previews-ttv/live_user_re_noe_-{width}x{height}.jpg
d09b9f800b7940deb1f8a2b58a302f07,live,屠龍龍~ | 眾籌𝑽3.0 @kimmyje 🗽,2024-04-10T15:57:55Z,https://www.twitch.tv/kimmyje,https://static-cdn.jtvnw.net/previews-ttv/live_user_kimmyje-{width}x{height}.jpg
7299d6e9ebff46c9ae859fa5c6f27206,live,【先楓後麥】｜殭屍貓還沒吃好餓>:3｜今年朝紫勾勾努力｜遊戲個人勢ก(ｰ̀ωｰ́ก)｜!週邊 !dc !斗內｜,2024-04-10T16:21:03Z,https://www.twitch.tv/rakuraku66,https://static-cdn.jtvnw.net/previews-ttv/live_user_rakuraku66-{width}x{height}.jpg
8723ccecdfd84d92b1de24f9d6a86bcc,live,4/11 我很可愛搶吉你們 | 小頭幫幫主  忠誠換小吉 @bofu0520,2024-04-10T17:24:02Z,https://www.twitch.tv/bofu0520,https://static-cdn.jtvnw.net/previews-ttv/live_user_bofu0520-{width}x{height}.jpg
45e104a6eabe4967a6cb84e720dd8e74,live,4/11_睡太多了，來做聊天練習~ 晚上唱歌也是小小聲...,2024-04-10T17:37:26Z,https://www.twitch.tv/mijiaoas,https://static-cdn.jtvnw.net/previews-ttv/live_user_mijiaoas-{width}x{height}.jpg
67d6807619064938a78832b4106de5c0,live,【雙人加班台】突發戰爭！菜鳥兄妹和阿神PK世紀帝國！ FT.喪屍迪  @siaodi12398,2024-04-10T17:43:32Z,https://www.twitch.tv/chengmimeow,https://static-cdn.jtvnw.net/previews-ttv/live_user_chengmimeow-{width}x{height}.jpg
10c8c9b647e7464f9d95c7c1a865da01,live,20240411｜邊聊邊麥塊 in IRidescent｜3.0新衣服回饋企劃中!募資 !委託  ｜ @suitoumi_0217,2024-04-10T18:14:34Z,https://www.twitch.tv/suitoumi_0217,https://static-cdn.jtvnw.net/previews-ttv/live_user_suitoumi_0217-{width}x{height}.jpg
7168995b95ab439aa7cf1f3099d7bd88,live,魔儲分享碼CM28 快點給我註冊  !SR點歌  ~~  ε٩(๑> ₃ <)۶,2024-04-10T18:40:41Z,https://www.twitch.tv/ciaomei28,https://static-cdn.jtvnw.net/previews-ttv/live_user_ciaomei28-{width}x{height}.jpg
677a773535814b5fa2d557da2f80bb89,live,【楓之谷】快樂破風時間｜代練特價中 聊天室輸入 !代練 【猫月ましろ】,2024-04-10T19:12:03Z,https://www.twitch.tv/nekotukimashiro,https://static-cdn.jtvnw.net/previews-ttv/live_user_nekotukimashiro-{width}x{height}.jpg
fd6a0236861940389e15ef85b16c6069,live,烟花－0411－電腦唐突關G 嚇屬羊💜訂閱插圖已在DC頻道🌟 | !加班  ꜀(^. .^꜀ )꜆੭,2024-04-10T19:21:06Z,https://www.twitch.tv/hennie2001,https://static-cdn.jtvnw.net/previews-ttv/live_user_hennie2001-{width}x{height}.jpg
e18c43e19e9b4fc8af0cdc24c33ae476,live,0410 | 找安找安 加班注意 | 資訊欄可以玩聲音 | !掛台要5%音量<3 !dc 我婆 @hananekohime,2024-04-10T19:38:24Z,https://www.twitch.tv/hedgehog259,https://static-cdn.jtvnw.net/previews-ttv/live_user_hedgehog259-{width}x{height}.jpg
4b8137b8ba4e4a4dad994e2e07e351fe,live,#加班台 加班一下  !加班 !sr,2024-04-10T20:22:27Z,https://www.twitch.tv/esmea_princess,https://static-cdn.jtvnw.net/previews-ttv/live_user_esmea_princess-{width}x{height}.jpg
ba795eb1ea0f4fea888b1bfff3d5be86,live,【0411】今天沒視訊｜ !通販 !揪團活動 !gank,2024-04-10T21:36:29Z,https://www.twitch.tv/safetyno1__4u,https://static-cdn.jtvnw.net/previews-ttv/live_user_safetyno1__4u-{width}x{height}.jpg