VTuber ID,Video Type,Title,Publish Time,URL,Thumbnail URL
28a930938667442288010b333937e2ab,live,【焦兒】77集氣活動❤活動說明指令!77 額外獎勵!777 抽打call棒!77打call，感謝寶貝們陪睡12點起床| @joerze |!YT 看台裝7tv,2023-07-06T11:01:03Z,https://www.twitch.tv/joerze,https://static-cdn.jtvnw.net/previews-ttv/live_user_joerze-{width}x{height}.jpg
42844ee6e0cc47938829b43a3101b9bb,live,7/５【有獎加班台】睡覺 身體不太好休息中｜VIP｜!寶寶商店 @lusaminach,2023-07-06T13:13:53Z,https://www.twitch.tv/lusaminach,https://static-cdn.jtvnw.net/previews-ttv/live_user_lusaminach-{width}x{height}.jpg
09b00ccde152498b808efe7317bd52f0,live,【希米】7/6 再...再躺一下 | @himmi0111 | !DC !新片 !委託 !一週年 !加班,2023-07-06T14:00:06Z,https://www.twitch.tv/himmi0111,https://static-cdn.jtvnw.net/previews-ttv/live_user_himmi0111-{width}x{height}.jpg
2a20316d245d406193331300bb44fdec,live,歐嗨喲 滿等ㄌ 77集氣活動+加班台GOGO ✞ 77集氣活動 ✞ 紫勾勾申請中- ̗̀ ♡  ̖́-︎︎,2023-07-06T14:39:09Z,https://www.twitch.tv/cocoroshiya,https://static-cdn.jtvnw.net/previews-ttv/live_user_cocoroshiya-{width}x{height}.jpg
49bb221fc77f440cae0c007a73f99aab,live,不求勝利但搞心態 ft. @mabushii0611 @shalalashrimp  利卡洛斯(YT) ⋮ !77集氣 !尼沃結婚 !尼魯貼圖 !DC !綠界,2023-07-06T15:32:06Z,https://www.twitch.tv/ukuruniru,https://static-cdn.jtvnw.net/previews-ttv/live_user_ukuruniru-{width}x{height}.jpg
6c7336d4605540c6871de5f96874129c,live,0.0｜ !自主訂閱 !活動 !抱枕｜ @meime033,2023-07-06T15:54:22Z,https://www.twitch.tv/meime033,https://static-cdn.jtvnw.net/previews-ttv/live_user_meime033-{width}x{height}.jpg
887b37336c9c4730809ace8b5e38df17,live,追隨新貼圖(活動)🌸!77｜100等刷圖✨訂閱福利📸 !DC,2023-07-06T22:48:31Z,https://www.twitch.tv/isyourlulu,https://static-cdn.jtvnw.net/previews-ttv/live_user_isyourlulu-{width}x{height}.jpg
423dd7da92be47f4af7273c5f74efb27,live,🟦 破產幫收留區 | 贈訂小奇點有神奇特效🎁 |  !77 !新片 !Line | 7/8 @fei_z 💙,2023-07-07T01:54:59Z,https://www.twitch.tv/fei_z,https://static-cdn.jtvnw.net/previews-ttv/live_user_fei_z-{width}x{height}.jpg
31073a45106c442cbe11fd4368e162fe,live,7/7 晚上可能不再位置上 !週年 !抽獎券 !77集氣 77活動訂閱分享記得留到活動當天 @katie20210731 拜託大家幫忙掛台!,2023-07-07T07:23:00Z,https://www.twitch.tv/katie20210731,https://static-cdn.jtvnw.net/previews-ttv/live_user_katie20210731-{width}x{height}.jpg
52ff14aabd804801a6e589681fc2fb4d,live,殘月 EclipseYuki 封印者/小米 楓之谷/普利特/卡蒂娜,2023-07-07T08:11:20Z,https://www.twitch.tv/eclipseyuki,https://static-cdn.jtvnw.net/previews-ttv/live_user_eclipseyuki-{width}x{height}.jpg
1756e5a7f5a04ff6a7b5f482201b5cfc,live,【iZ4】7/7｜<Drops On> 23:00盜賊之海熱血開戰｜!活動、!加班、!精華、!週邊 @kiyomi425alice,2023-07-07T09:51:30Z,https://www.twitch.tv/kiyomi425alice,https://static-cdn.jtvnw.net/previews-ttv/live_user_kiyomi425alice-{width}x{height}.jpg
a960b283b1124f44bc4bf2a16199977a,live,【７／7】 77集氣活動 /｜  @muiii0x0   !77,2023-07-07T10:42:28Z,https://www.twitch.tv/muiii0x0,https://static-cdn.jtvnw.net/previews-ttv/live_user_muiii0x0-{width}x{height}.jpg
66c812bb04844241af1d1c7539b5e251,live,加班台｜打一下次元斷層，打完打楓之谷困7+老黑｜2023/7/7,2023-07-07T11:39:58Z,https://www.twitch.tv/remon031158,https://static-cdn.jtvnw.net/previews-ttv/live_user_remon031158-{width}x{height}.jpg
a9986f3ad4f340f297e9eb132a05ac84,live,"救救本官  好想要打上去啊~~>口<""本官的牌位.....嗚嗚嗚嗚....",2023-07-07T12:44:00Z,https://www.twitch.tv/malshinna,https://static-cdn.jtvnw.net/previews-ttv/live_user_malshinna-{width}x{height}.jpg
626750f4e7a745619c171c44fb1efcc0,live,差點撞見巴哈跟男生XX的失蹤弟弟!  FINAL FANTASY XVI #06【天使Vtuber小雪Yukichan】,2023-07-07T13:30:13Z,https://www.twitch.tv/hosinoyasetsu,https://static-cdn.jtvnw.net/previews-ttv/live_user_hosinoyasetsu-{width}x{height}.jpg
c51f84b3ec9c4501a364a6a4982fa284,live,【中文/English】動動畫筆 !kick !星鐵 !伺服器 !7tv !六連殺 !隊友 點歌打!sr｜🌪風絮 @fengxu_vt,2023-07-07T13:32:11Z,https://www.twitch.tv/fengxu_vt,https://static-cdn.jtvnw.net/previews-ttv/live_user_fengxu_vt-{width}x{height}.jpg
4d01ec47d0804a47a9fef6d9d01d9c29,live,鬼轉 轉轉蠻 @0_MeeMu_0,2023-07-07T13:44:39Z,https://www.twitch.tv/0_meemu_0,https://static-cdn.jtvnw.net/previews-ttv/live_user_0_meemu_0-{width}x{height}.jpg
fdb0805c65e24f13b7f23e50e0db8ae2,live,🔴[暑假加班台DAY5] 各位肥寶們第五天快樂! 謝謝大家陪我^0^ 歡迎參加抽獎 | !加班台 !加班台抽獎 !月喵盃 !賽事抽獎 !暑假最愛,2023-07-07T14:51:23Z,https://www.twitch.tv/lunymeow_tw,https://static-cdn.jtvnw.net/previews-ttv/live_user_lunymeow_tw-{width}x{height}.jpg
abda6c94394b47ba885c34417e3a4d08,live,【🔴Live】伴眠回 ! 今天是正經的伴麵 ! / 伊沢悠人,2023-07-07T15:00:37Z,https://www.twitch.tv/izawayuuto0726,https://static-cdn.jtvnw.net/previews-ttv/live_user_izawayuuto0726-{width}x{height}.jpg
2e266a71aa3d4a67bb8d9a2a0b573319,live,【仔魚】07/08 ┃!line !周邊 !VOD !糯米  @ZIIFISH,2023-07-07T15:06:08Z,https://www.twitch.tv/ziifish,https://static-cdn.jtvnw.net/previews-ttv/live_user_ziifish-{width}x{height}.jpg
bd119628dae64d45b71b44e0f158f23a,live,👁‍🗨7/7┋氣氣日┋ @elinoralumiere ┋ 委託開放中,2023-07-07T15:28:14Z,https://www.twitch.tv/elinoralumiere,https://static-cdn.jtvnw.net/previews-ttv/live_user_elinoralumiere-{width}x{height}.jpg
70767b08ebd9437b980405c3aba89434,live,一天又平安的度過了，感謝飛天小女警的努力！ //連續簽到：38 // @mshixx,2023-07-07T16:06:29Z,https://www.twitch.tv/mshixx,https://static-cdn.jtvnw.net/previews-ttv/live_user_mshixx-{width}x{height}.jpg
06337167c1a14d82b6a7f7cc71eac813,live,2.0資金募集中！【繪圖特訓周】本周最後衝刺！謝謝大家來玩！歡迎掛睡賺炸雞！,2023-07-07T16:21:09Z,https://www.twitch.tv/shinoakira0725,https://static-cdn.jtvnw.net/previews-ttv/live_user_shinoakira0725-{width}x{height}.jpg
9e64bba43928414884503de36f805c48,live,7/7 練一下only up sr !77 !加班 | 一百萬忠誠點數抽最新的哀鳳 | 789月自主訂閱抽神秘小禮包 | !YT !椅子 !滑鼠,2023-07-07T16:31:42Z,https://www.twitch.tv/wen620,https://static-cdn.jtvnw.net/previews-ttv/live_user_wen620-{width}x{height}.jpg
bbc277041cb743639026fb5b0db9c3bb,live,死人時間玩...ry ⎛  ´ω`  ⎞,2023-07-07T17:38:05Z,https://www.twitch.tv/daten_tsubasa,https://static-cdn.jtvnw.net/previews-ttv/live_user_daten_tsubasa-{width}x{height}.jpg
22b0dfc3703e477d9ce6880cdbfafd91,live,◈DBD◈阿姨那根很大,2023-07-07T17:38:31Z,https://www.twitch.tv/aunttao,https://static-cdn.jtvnw.net/previews-ttv/live_user_aunttao-{width}x{height}.jpg
2e01ec6b25684995ab109ac0f74f1456,live,DROP ENABLE 想不到吧！ !7tv,2023-07-07T18:14:52Z,https://www.twitch.tv/waisun,https://static-cdn.jtvnw.net/previews-ttv/live_user_waisun-{width}x{height}.jpg
12ece01ae7004e9195e79309f0cdae40,live,▶  ⎚ 惡魔麥快 ( ๑ •̀ ㅁ •́ ฅ ),2023-07-07T18:23:49Z,https://www.twitch.tv/monkeykii,https://static-cdn.jtvnw.net/previews-ttv/live_user_monkeykii-{width}x{height}.jpg
8064b5c85fc64d10ae3e9d3a4c0dfd8f,live,【廟口石頭村】hahamida | 我是藍色小精靈,2023-07-07T18:39:18Z,https://www.twitch.tv/hahacocm,https://static-cdn.jtvnw.net/previews-ttv/live_user_hahacocm-{width}x{height}.jpg
819cc1636ec94c0ab290b4513c6d629d,live,一些事情想說一下 !discord,2023-07-07T19:57:10Z,https://www.twitch.tv/mikiaoboshi,https://static-cdn.jtvnw.net/previews-ttv/live_user_mikiaoboshi-{width}x{height}.jpg
819cc1636ec94c0ab290b4513c6d629d,upcoming,MHR with Miki,2023-07-07T20:00:00Z,https://www.twitch.tv/mikiaoboshi,
bdc034d3afcd4456b6da2b96a2e460ef,live,Doing work off screen but id like to chat,2023-07-07T20:07:42Z,https://www.twitch.tv/momoirokohi,https://static-cdn.jtvnw.net/previews-ttv/live_user_momoirokohi-{width}x{height}.jpg
a0467c81a3014fbf83029acffe5b1d3f,live,千追感謝祭 24小時通關耐久!!! 立牌開賣了 !辣妹立牌【倒楣穿山甲鈉鉀NAJA】7TV !fb,2023-07-07T21:32:56Z,https://www.twitch.tv/najathepangolin,https://static-cdn.jtvnw.net/previews-ttv/live_user_najathepangolin-{width}x{height}.jpg
3dda133703f64b019d7eea0c5cb55335,upcoming,,2023-07-08T00:30:00Z,https://www.twitch.tv/miamya0615,
c29bc8bf78dd417980491f19333c8fa2,upcoming,工作雜談,2023-07-08T04:00:00Z,https://www.twitch.tv/muling0606,
cef544ae38ec4c03ad337e68e2d885f4,upcoming,Apex or osu chat,2023-07-08T04:00:00Z,https://www.twitch.tv/ilzenkion1,
526dd51b5abf4fdcaede0cfe80096186,upcoming,固定雜談Osu練習台,2023-07-08T04:30:00Z,https://www.twitch.tv/koooorikuma,
75eb49d99170441ab784d7bec7378d21,upcoming,就是...炸耳膜.... 返校+還願,2023-07-08T05:00:00Z,https://www.twitch.tv/tiavannessa,
36f4fa8dbd7740c3ae5ac02b890fa502,upcoming,Vtuber養成計畫：人生放送中,2023-07-08T06:00:00Z,https://www.twitch.tv/dr1090a,
6159040406fc4e6cb73dbf9734717703,upcoming,,2023-07-08T06:00:00Z,https://www.twitch.tv/drizzlingnight,
5f9ded46df28474bbd1470d761700f30,upcoming,[Not stream] Join us on VRChat!,2023-07-08T07:00:00Z,https://www.twitch.tv/fuyukisakura,
33546b9ad5a8408589405f9467063dd7,upcoming,歌回台,2023-07-08T07:00:00Z,https://www.twitch.tv/boni_0x0,
db2f279f9960492082f3ae6ad20aca91,upcoming," 【Tom Clancy's Rainbow Six: Siege】",2023-07-08T08:30:00Z,https://www.twitch.tv/suzumiya_siru,
3c5b24ec5e7e4451a917bb1683298c05,upcoming,【遊戲】哥布林學魔法✡️ 心情好就打LOL！【羽宮奈奈】,2023-07-08T10:00:00Z,https://www.twitch.tv/hakunana1203,
70a7428607b845fc959fb7d4859d018b,upcoming,,2023-07-08T10:30:00Z,https://www.twitch.tv/zona181227,
47cd428eee8640cb80afaa4ef9bb55e0,upcoming,追隨者限定參加型麻將，麥塊密室逃脫,2023-07-08T11:00:00Z,https://www.twitch.tv/shimotsukinoyouko,
5507154831064d69906acc64c76b1c99,upcoming,不通關不下播、耐久加班台,2023-07-08T11:30:00Z,https://www.twitch.tv/44yomi44,
de81b740d66c439685aa37491d27efc4,upcoming,固定直播日,2023-07-08T12:00:00Z,https://www.twitch.tv/lmpaper,
a83b6d485350402b90238deb371ae654,upcoming,星露谷,2023-07-08T12:00:00Z,https://www.twitch.tv/monna_nana,
aef2ed42d49343f28394b6335695b5ac,upcoming,,2023-07-08T12:00:00Z,https://www.twitch.tv/yuncream,
8b810380ed254a5e8a85b65552ba4e61,upcoming,飢餓七兔,2023-07-08T12:00:00Z,https://www.twitch.tv/nayomi0204,
6bf231719d5e485fa0cdee99905858d4,upcoming,雜談或小遊戲，偶爾會開ASMR,2023-07-08T12:00:00Z,https://www.twitch.tv/xiaoke0109,
a7bb915cc1a0474080d7dbf6d245daf4,upcoming,日常幹话台 【CN/EN】,2023-07-08T12:00:00Z,https://www.twitch.tv/tatsuya_rei,
5535c9524eb046c38e172ebfa06b302f,upcoming,,2023-07-08T13:00:00Z,https://www.twitch.tv/ruroroisme,
4af53c3526f7435a8aac99f42dccb392,upcoming,固定開台,2023-07-08T13:00:00Z,https://www.twitch.tv/milo_lonewolf,
9643c650b1804107b85de1f08010aa9d,upcoming,日本麻將 雀魂 一番街 努力段位中,2023-07-08T13:00:00Z,https://www.twitch.tv/otonashikoi,
f44835c18dac441f910f4eb821ffd7ce,upcoming,只要得空就會開 時間還是比較不一定~,2023-07-08T13:00:00Z,https://www.twitch.tv/yukkiwee,
58e377df63f745fc8473368b20afe2ae,upcoming,雜談或歌回直播（連動取代可能）,2023-07-08T13:30:00Z,https://www.twitch.tv/yuutatsubasa,
f88d85aeb79a429e9751db330f469df1,upcoming,鹿言鹿語,2023-07-08T13:30:00Z,https://www.twitch.tv/lunaluna2021,
1618171723d84cbe8b57cd69fa6f477f,upcoming,,2023-07-08T13:30:00Z,https://www.twitch.tv/rin_en_kana,
eadf377f5cbd41ac9842c3f5559268f6,upcoming,,2023-07-08T13:30:00Z,https://www.twitch.tv/om_mosquito,
2e454f2b51c649cfa913dac2ebd9e470,upcoming,練英和單排上分,2023-07-08T14:00:00Z,https://www.twitch.tv/klnpurple,
c248ccba18664207aff22e8c270b18b9,upcoming,7/7~LOL水友賽~,2023-07-08T14:00:00Z,https://www.twitch.tv/chu00213,
ce408f8b30704b42a7492f0e40684317,upcoming,小屋生活,2023-07-08T14:30:00Z,https://www.twitch.tv/kuriowokuri,
025ce8dccaa4466c80061aa308c378c3,upcoming,【#我親愛的妻子 #遊戲台 】揭開魅魔小鎮的陰謀? 對於已逝者的留念是愛的表現嗎? 復活妻子是真愛的表現? #遊戲直播 #台V #隆理在玩,2023-07-08T15:45:00Z,https://www.twitch.tv/shima_takasato,
34973abcef4e41b29add2b476ce0a7fb,upcoming,"今日感謝瑾瑜邀請到幼幼相見歡進行雜談,對於自己休息一個月後歸來看到自己的情況...,只能說百感交集",2023-07-08T16:00:00Z,https://www.twitch.tv/sweetcat_10450077,
819cc1636ec94c0ab290b4513c6d629d,upcoming,Healthy Miki,2023-07-08T19:00:00Z,https://www.twitch.tv/mikiaoboshi,
db2f279f9960492082f3ae6ad20aca91,upcoming,【Tom Clancy's Rainbow Six: Siege】,2023-07-08T20:30:00Z,https://www.twitch.tv/suzumiya_siru,
2450f1c7cf8f46c8aa30afaa922c9642,upcoming,最近都是突發,2023-07-08T21:25:00Z,https://www.twitch.tv/setsurei0227,
2af6cb0e15ce4839ba711b47608d4f4d,upcoming,,2023-07-09T01:00:00Z,https://www.twitch.tv/moyu_moyu,
2e454f2b51c649cfa913dac2ebd9e470,upcoming,練英和單排上分,2023-07-09T02:00:00Z,https://www.twitch.tv/klnpurple,
db2f279f9960492082f3ae6ad20aca91,upcoming,【Tom Clancy's Rainbow Six: Siege】,2023-07-09T04:30:00Z,https://www.twitch.tv/suzumiya_siru,
36f4fa8dbd7740c3ae5ac02b890fa502,upcoming,Vtuber養成計畫：人生放送中,2023-07-09T06:00:00Z,https://www.twitch.tv/dr1090a,
6159040406fc4e6cb73dbf9734717703,upcoming,,2023-07-09T06:00:00Z,https://www.twitch.tv/drizzlingnight,
526dd51b5abf4fdcaede0cfe80096186,upcoming,固定雜談遊戲台,2023-07-09T06:30:00Z,https://www.twitch.tv/koooorikuma,
3c5b24ec5e7e4451a917bb1683298c05,upcoming,"【歌回】✨2,000追 & 小收益化慶祝✨【羽宮奈奈】",2023-07-09T07:00:00Z,https://www.twitch.tv/hakunana1203,
70a7428607b845fc959fb7d4859d018b,upcoming,,2023-07-09T10:30:00Z,https://www.twitch.tv/zona181227,
5535c9524eb046c38e172ebfa06b302f,upcoming,,2023-07-09T11:00:00Z,https://www.twitch.tv/ruroroisme,
a83b6d485350402b90238deb371ae654,upcoming,骰子地下城,2023-07-09T11:00:00Z,https://www.twitch.tv/monna_nana,
36f4fa8dbd7740c3ae5ac02b890fa502,upcoming,艾爾登法環,2023-07-09T11:00:00Z,https://www.twitch.tv/dr1090a,
47cd428eee8640cb80afaa4ef9bb55e0,upcoming,看當天心情day,2023-07-09T11:00:00Z,https://www.twitch.tv/shimotsukinoyouko,
49393dd4bc284768852b0d4f9bba2ec8,upcoming,【AmongUS】首次登船能不被爆打嗎！？#珍奶茗璐ft.豪多人,2023-07-09T12:00:00Z,https://www.twitch.tv/tapiokalop,
aef2ed42d49343f28394b6335695b5ac,upcoming,,2023-07-09T12:00:00Z,https://www.twitch.tv/yuncream,
6bf231719d5e485fa0cdee99905858d4,upcoming,雜談或小遊戲，偶爾會開ASMR,2023-07-09T12:00:00Z,https://www.twitch.tv/xiaoke0109,
a7bb915cc1a0474080d7dbf6d245daf4,upcoming,日常幹话台 【CN/EN】,2023-07-09T12:00:00Z,https://www.twitch.tv/tatsuya_rei,
57843e9c870647729c2438a7a7077008,upcoming,集合吧～歌回的時間到了哦～,2023-07-09T12:00:00Z,https://www.twitch.tv/ainohikaru,
a0467c81a3014fbf83029acffe5b1d3f,upcoming,每週例行麻將大會！歡迎觀眾參加,2023-07-09T12:30:00Z,https://www.twitch.tv/najathepangolin,
ce408f8b30704b42a7492f0e40684317,upcoming,小屋生活,2023-07-09T12:30:00Z,https://www.twitch.tv/kuriowokuri,
9643c650b1804107b85de1f08010aa9d,upcoming,日本麻將 雀魂 一番街 努力段位中,2023-07-09T13:00:00Z,https://www.twitch.tv/otonashikoi,
f44835c18dac441f910f4eb821ffd7ce,upcoming,會聊天玩遊戲之類的 反正就是個很棒的大家庭~~,2023-07-09T13:00:00Z,https://www.twitch.tv/yukkiwee,
1618171723d84cbe8b57cd69fa6f477f,upcoming,,2023-07-09T13:30:00Z,https://www.twitch.tv/rin_en_kana,
eadf377f5cbd41ac9842c3f5559268f6,upcoming,,2023-07-09T13:30:00Z,https://www.twitch.tv/om_mosquito,
c248ccba18664207aff22e8c270b18b9,upcoming,7/8~APEX直播,2023-07-09T14:00:00Z,https://www.twitch.tv/chu00213,
823311ac8226476e8d1e323f536bf8b1,upcoming,下午14:00~17:30在主委的V曲龍虎榜 深夜雜談做週表~~,2023-07-09T17:30:00Z,https://www.twitch.tv/kujosenko,
819cc1636ec94c0ab290b4513c6d629d,upcoming,Game time,2023-07-09T19:00:00Z,https://www.twitch.tv/mikiaoboshi,
3dda133703f64b019d7eea0c5cb55335,upcoming,,2023-07-10T00:30:00Z,https://www.twitch.tv/miamya0615,
33546b9ad5a8408589405f9467063dd7,upcoming,APEX台,2023-07-10T01:30:00Z,https://www.twitch.tv/boni_0x0,
2bd52c3a964541febb42782fd1f9fdba,upcoming,FPS喵 (ﾉ◕ヮ◕)ﾉ*:･ﾟ✧,2023-07-10T04:00:00Z,https://www.twitch.tv/jojo51113,
7180d8a493134a9c932fe790eb17f2e9,upcoming,出沒可能時間：繪圖雜談,2023-07-10T05:00:00Z,https://www.twitch.tv/shinkaitoro,
547aa467c2ce497e9d95c4a085effe0d,upcoming,會開,2023-07-10T05:00:00Z,https://www.twitch.tv/umimiowo,
50ec735272014b1b996ee80a8df4671a,upcoming,"Some games, I dunno yet!",2023-07-10T05:00:00Z,https://www.twitch.tv/azuusaru,
803435ca691f43a4b02360926fee23d1,upcoming,,2023-07-10T06:00:00Z,https://www.twitch.tv/yukou_ouo,
5f9ded46df28474bbd1470d761700f30,upcoming,一周開始的運動 / Boot up the week with Exercise 😈,2023-07-10T07:00:00Z,https://www.twitch.tv/fuyukisakura,
de8c5ca15afd4534a822e5a1a9c2784e,upcoming,每周星期一的歌回和雜談,2023-07-10T09:00:00Z,https://www.twitch.tv/yakodesu,
36f4fa8dbd7740c3ae5ac02b890fa502,upcoming,Vtuber養成計畫：人生放送中,2023-07-10T11:00:00Z,https://www.twitch.tv/dr1090a,
091ac99f10804fe3b417a0f285731b4e,upcoming,瑪搽瘋遊戲-在YT喔,2023-07-10T11:00:00Z,https://www.twitch.tv/umamixchami,
de81b740d66c439685aa37491d27efc4,upcoming,固定直播日,2023-07-10T11:30:00Z,https://www.twitch.tv/lmpaper,
526dd51b5abf4fdcaede0cfe80096186,upcoming,隨機突發雜談遊戲台,2023-07-10T11:30:00Z,https://www.twitch.tv/koooorikuma,
d8b5835bc6aa46119cc7ddd4447e780f,upcoming,這是魔法師 ˗ˋˏ 咘小星 ˎˊ˗ 使用召喚術的固定時段⎝༼ ◕Д ◕ ༽⎠（如有變動以DC群為主）,2023-07-10T11:30:00Z,https://www.twitch.tv/ssstar_180,
a89f7ee46cc14dff93675ce5bb82a692,upcoming,藍色星期一有藍色小妖精✨,2023-07-10T11:30:00Z,https://www.twitch.tv/eveliacridland,
6159040406fc4e6cb73dbf9734717703,upcoming,,2023-07-10T12:00:00Z,https://www.twitch.tv/drizzlingnight,
aef2ed42d49343f28394b6335695b5ac,upcoming,,2023-07-10T12:00:00Z,https://www.twitch.tv/yuncream,
8b810380ed254a5e8a85b65552ba4e61,upcoming,該餵七兔了,2023-07-10T12:00:00Z,https://www.twitch.tv/nayomi0204,
1618171723d84cbe8b57cd69fa6f477f,upcoming,,2023-07-10T12:00:00Z,https://www.twitch.tv/rin_en_kana,
57843e9c870647729c2438a7a7077008,upcoming,集合吧～歌回的時間到了哦～,2023-07-10T12:00:00Z,https://www.twitch.tv/ainohikaru,
554ca19c3d924cacac1f680675b9fdd2,upcoming,原神日常任務及聊天,2023-07-10T12:30:00Z,https://www.twitch.tv/yueyuhoshizora,
04ed1803aaf0436eb41687f22e28ad20,upcoming,可能出沒時間,2023-07-10T12:30:00Z,https://www.twitch.tv/billy10002,
4af53c3526f7435a8aac99f42dccb392,upcoming,固定開台,2023-07-10T13:00:00Z,https://www.twitch.tv/milo_lonewolf,
f44835c18dac441f910f4eb821ffd7ce,upcoming,只要得空就會開 時間還是比較不一定~,2023-07-10T13:00:00Z,https://www.twitch.tv/yukkiwee,
58e377df63f745fc8473368b20afe2ae,upcoming,遊戲直播,2023-07-10T13:30:00Z,https://www.twitch.tv/yuutatsubasa,
eadf377f5cbd41ac9842c3f5559268f6,upcoming,,2023-07-10T13:30:00Z,https://www.twitch.tv/om_mosquito,
2e454f2b51c649cfa913dac2ebd9e470,upcoming,練英,2023-07-10T14:00:00Z,https://www.twitch.tv/klnpurple,
c248ccba18664207aff22e8c270b18b9,upcoming,6/27~邊打麻將邊閒聊~,2023-07-10T14:00:00Z,https://www.twitch.tv/chu00213,
3c5b24ec5e7e4451a917bb1683298c05,upcoming,【深夜聊聊】週一吸麻糬,2023-07-10T14:00:00Z,https://www.twitch.tv/hakunana1203,
5b85294949544a5f8855715acadf66a5,upcoming,✦ ✧ ✦週一讀書夜，島嶼擱淺：黑日雨✦ ✧ ✦,2023-07-10T14:30:00Z,https://www.twitch.tv/cesium_cat,
db2f279f9960492082f3ae6ad20aca91,upcoming,【Tom Clancy's Rainbow Six: Siege】,2023-07-10T16:30:00Z,https://www.twitch.tv/suzumiya_siru,
819cc1636ec94c0ab290b4513c6d629d,upcoming,Gamer Miki,2023-07-10T20:00:00Z,https://www.twitch.tv/mikiaoboshi,
50ec735272014b1b996ee80a8df4671a,upcoming,"Some games, I dunno yet!",2023-07-11T00:00:00Z,https://www.twitch.tv/azuusaru,
3dda133703f64b019d7eea0c5cb55335,upcoming,,2023-07-11T00:30:00Z,https://www.twitch.tv/miamya0615,
d407b30c72a841bd82af1f5cc8ec0667,upcoming,台V好聲音 - 介紹你可能不知道的台灣 VTuber 們，從美妙歌聲到獨特個性，不知道從何˙看起的最佳入門選擇,2023-07-11T01:00:00Z,https://www.twitch.tv/chiveswang_llt5,
457ffaa09f6c4f3384cb06739b2f2f3d,upcoming,練練槍,2023-07-11T01:00:00Z,https://www.twitch.tv/christinllt5,
33546b9ad5a8408589405f9467063dd7,upcoming,歌回台,2023-07-11T01:30:00Z,https://www.twitch.tv/boni_0x0,
428251b7832a48219276fb6e5f644e86,upcoming,當個不老不新的獵人(順便拜託你們多留言),2023-07-11T02:00:00Z,https://www.twitch.tv/karami086,
c248ccba18664207aff22e8c270b18b9,upcoming,7/5~來玩玩瓦羅蘭~,2023-07-11T04:00:00Z,https://www.twitch.tv/chu00213,
2bd52c3a964541febb42782fd1f9fdba,upcoming,FPS喵 (ﾉ◕ヮ◕)ﾉ*:･ﾟ✧,2023-07-11T04:00:00Z,https://www.twitch.tv/jojo51113,
7180d8a493134a9c932fe790eb17f2e9,upcoming,出沒可能時間：繪圖雜談,2023-07-11T05:00:00Z,https://www.twitch.tv/shinkaitoro,
547aa467c2ce497e9d95c4a085effe0d,upcoming,會開,2023-07-11T05:00:00Z,https://www.twitch.tv/umimiowo,
803435ca691f43a4b02360926fee23d1,upcoming,,2023-07-11T06:00:00Z,https://www.twitch.tv/yukou_ouo,
3c5b24ec5e7e4451a917bb1683298c05,upcoming,【晚餐聊天學魔法】週二晚上來點魔法魔法,2023-07-11T10:00:00Z,https://www.twitch.tv/hakunana1203,
70a7428607b845fc959fb7d4859d018b,upcoming,,2023-07-11T10:30:00Z,https://www.twitch.tv/zona181227,
36f4fa8dbd7740c3ae5ac02b890fa502,upcoming,Vtuber養成計畫：人生放送中,2023-07-11T11:00:00Z,https://www.twitch.tv/dr1090a,
de81b740d66c439685aa37491d27efc4,upcoming,固定直播日,2023-07-11T11:30:00Z,https://www.twitch.tv/lmpaper,
d8b5835bc6aa46119cc7ddd4447e780f,upcoming,這是魔法師 ˗ˋˏ 咘小星 ˎˊ˗ 使用召喚術的固定時段⎝༼ ◕Д ◕ ༽⎠（如有變動以DC群為主）,2023-07-11T11:30:00Z,https://www.twitch.tv/ssstar_180,
a83b6d485350402b90238deb371ae654,upcoming,巧克團,2023-07-11T12:00:00Z,https://www.twitch.tv/monna_nana,
e41bf48a09d64e4aa3d96064a9a63b08,upcoming,【魔物獵人:崛起】魔物獵人PC打起來٩(◦`꒳´◦)۶自由參加場,2023-07-11T12:00:00Z,https://www.twitch.tv/azuchiron,
6159040406fc4e6cb73dbf9734717703,upcoming,,2023-07-11T12:00:00Z,https://www.twitch.tv/drizzlingnight,
aef2ed42d49343f28394b6335695b5ac,upcoming,,2023-07-11T12:00:00Z,https://www.twitch.tv/yuncream,
8b810380ed254a5e8a85b65552ba4e61,upcoming,餵七兔時間到,2023-07-11T12:00:00Z,https://www.twitch.tv/nayomi0204,
1618171723d84cbe8b57cd69fa6f477f,upcoming,,2023-07-11T12:00:00Z,https://www.twitch.tv/rin_en_kana,
4b1df07f3a3443f8a7edd00323f2814f,upcoming,麻將連動~,2023-07-11T12:00:00Z,https://www.twitch.tv/algae0619,
a7bb915cc1a0474080d7dbf6d245daf4,upcoming,日常幹话台 【CN/EN】,2023-07-11T12:00:00Z,https://www.twitch.tv/tatsuya_rei,
9272afe9ef72434082d9b5621857afd0,upcoming,【懷舊系列遊戲】失戀換男友＝結婚？貓姬若的最後時光 | 新式PK陪聊型Vtuber遊戲直播,2023-07-11T12:30:00Z,https://www.twitch.tv/gilma04,
4af53c3526f7435a8aac99f42dccb392,upcoming,固定開台,2023-07-11T13:00:00Z,https://www.twitch.tv/milo_lonewolf,
f44835c18dac441f910f4eb821ffd7ce,upcoming,只要得空就會開 時間還是比較不一定~,2023-07-11T13:00:00Z,https://www.twitch.tv/yukkiwee,
58e377df63f745fc8473368b20afe2ae,upcoming,程式直播（連動取代可能）,2023-07-11T13:30:00Z,https://www.twitch.tv/yuutatsubasa,
eadf377f5cbd41ac9842c3f5559268f6,upcoming,,2023-07-11T13:30:00Z,https://www.twitch.tv/om_mosquito,
2e454f2b51c649cfa913dac2ebd9e470,upcoming,單排上分,2023-07-11T14:00:00Z,https://www.twitch.tv/klnpurple,
2af6cb0e15ce4839ba711b47608d4f4d,upcoming,【Art】畫畫,2023-07-11T14:00:00Z,https://www.twitch.tv/moyu_moyu,
ce408f8b30704b42a7492f0e40684317,upcoming,小屋生活,2023-07-11T14:30:00Z,https://www.twitch.tv/kuriowokuri,
025ce8dccaa4466c80061aa308c378c3,upcoming,#晚安新聞台 #晚安故事 ｜ 現在是什麼世道呢？我所見所聞與自身體認到的內容，希望能在更新這個世界的新知同時也跟各位談談對於這些事情的看法。,2023-07-11T15:00:00Z,https://www.twitch.tv/shima_takasato,
db2f279f9960492082f3ae6ad20aca91,upcoming,【Tom Clancy's Rainbow Six: Siege】,2023-07-11T16:30:00Z,https://www.twitch.tv/suzumiya_siru,
457ffaa09f6c4f3384cb06739b2f2f3d,upcoming,快樂練槍,2023-07-12T01:00:00Z,https://www.twitch.tv/christinllt5,
33546b9ad5a8408589405f9467063dd7,upcoming,遊戲台,2023-07-12T01:30:00Z,https://www.twitch.tv/boni_0x0,
2bd52c3a964541febb42782fd1f9fdba,upcoming,FPS喵 (ﾉ◕ヮ◕)ﾉ*:･ﾟ✧,2023-07-12T04:00:00Z,https://www.twitch.tv/jojo51113,
7a9b7ab0d5bd411195d77800ff778a90,upcoming,沒有固定時間,2023-07-12T04:00:00Z,https://www.twitch.tv/1128wedge,
7180d8a493134a9c932fe790eb17f2e9,upcoming,出沒可能時間：繪圖雜談,2023-07-12T05:00:00Z,https://www.twitch.tv/shinkaitoro,
547aa467c2ce497e9d95c4a085effe0d,upcoming,會開,2023-07-12T05:00:00Z,https://www.twitch.tv/umimiowo,
428251b7832a48219276fb6e5f644e86,upcoming,打龍啦(順便拜託你們多留言),2023-07-12T06:00:00Z,https://www.twitch.tv/karami086,
803435ca691f43a4b02360926fee23d1,upcoming,,2023-07-12T06:00:00Z,https://www.twitch.tv/yukou_ouo,
3c5b24ec5e7e4451a917bb1683298c05,upcoming,【晚餐聊天學魔法】週三來陪麻糬玩,2023-07-12T10:00:00Z,https://www.twitch.tv/hakunana1203,
70a7428607b845fc959fb7d4859d018b,upcoming,,2023-07-12T10:30:00Z,https://www.twitch.tv/zona181227,
36f4fa8dbd7740c3ae5ac02b890fa502,upcoming,Vtuber養成計畫：人生放送中,2023-07-12T11:00:00Z,https://www.twitch.tv/dr1090a,
091ac99f10804fe3b417a0f285731b4e,upcoming,烏瑪咪x搽米無限系-在YT喔,2023-07-12T11:00:00Z,https://www.twitch.tv/umamixchami,
de81b740d66c439685aa37491d27efc4,upcoming,固定直播日,2023-07-12T11:30:00Z,https://www.twitch.tv/lmpaper,
526dd51b5abf4fdcaede0cfe80096186,upcoming,隨機突發雜談遊戲台,2023-07-12T11:30:00Z,https://www.twitch.tv/koooorikuma,
d8b5835bc6aa46119cc7ddd4447e780f,upcoming,這是魔法師 ˗ˋˏ 咘小星 ˎˊ˗ 使用召喚術的固定時段⎝༼ ◕Д ◕ ༽⎠（如有變動以DC群為主）,2023-07-12T11:30:00Z,https://www.twitch.tv/ssstar_180,
228427b15b964f1396b5a7b5eb224a21,upcoming,Asteria配音時間，一起來聽劇本、閒聊吧！,2023-07-12T12:00:00Z,https://www.twitch.tv/asterialive0503,
a83b6d485350402b90238deb371ae654,upcoming,觀眾同樂,2023-07-12T12:00:00Z,https://www.twitch.tv/monna_nana,
6159040406fc4e6cb73dbf9734717703,upcoming,,2023-07-12T12:00:00Z,https://www.twitch.tv/drizzlingnight,
aef2ed42d49343f28394b6335695b5ac,upcoming,,2023-07-12T12:00:00Z,https://www.twitch.tv/yuncream,
8b810380ed254a5e8a85b65552ba4e61,upcoming,七兔肚子餓,2023-07-12T12:00:00Z,https://www.twitch.tv/nayomi0204,
444dcf020b27400087d2b2b21135033c,upcoming,林間盃日麻,2023-07-12T12:00:00Z,https://www.twitch.tv/v_hanasakiayame,
a7bb915cc1a0474080d7dbf6d245daf4,upcoming,日常幹话台 【CN/EN】,2023-07-12T12:00:00Z,https://www.twitch.tv/tatsuya_rei,
554ca19c3d924cacac1f680675b9fdd2,upcoming,原神日常任務及聊天,2023-07-12T12:30:00Z,https://www.twitch.tv/yueyuhoshizora,
4af53c3526f7435a8aac99f42dccb392,upcoming,突發或休息,2023-07-12T13:00:00Z,https://www.twitch.tv/milo_lonewolf,
f88d85aeb79a429e9751db330f469df1,upcoming,鹿言鹿語,2023-07-12T13:00:00Z,https://www.twitch.tv/lunaluna2021,
d7b96c6024ce479f9b8f8c0a5439c9af,upcoming,"Ori Day ! ",2023-07-12T13:00:00Z,https://www.twitch.tv/rittan0x0,
f44835c18dac441f910f4eb821ffd7ce,upcoming,只要得空就會開 時間還是比較不一定~,2023-07-12T13:00:00Z,https://www.twitch.tv/yukkiwee,
eadf377f5cbd41ac9842c3f5559268f6,upcoming,,2023-07-12T13:30:00Z,https://www.twitch.tv/om_mosquito,
2e454f2b51c649cfa913dac2ebd9e470,upcoming,練英,2023-07-12T14:00:00Z,https://www.twitch.tv/klnpurple,
ce408f8b30704b42a7492f0e40684317,upcoming,小屋生活,2023-07-12T14:30:00Z,https://www.twitch.tv/kuriowokuri,
819cc1636ec94c0ab290b4513c6d629d,upcoming,Art with Miki,2023-07-12T20:00:00Z,https://www.twitch.tv/mikiaoboshi,
3dda133703f64b019d7eea0c5cb55335,upcoming,,2023-07-13T00:30:00Z,https://www.twitch.tv/miamya0615,
457ffaa09f6c4f3384cb06739b2f2f3d,upcoming,畫畫,2023-07-13T01:00:00Z,https://www.twitch.tv/christinllt5,
33546b9ad5a8408589405f9467063dd7,upcoming,耍費台,2023-07-13T01:30:00Z,https://www.twitch.tv/boni_0x0,
428251b7832a48219276fb6e5f644e86,upcoming,看我能打龍到多久(順便拜託你們多留言),2023-07-13T02:00:00Z,https://www.twitch.tv/karami086,
c248ccba18664207aff22e8c270b18b9,upcoming,7/5 聊天+歌回,2023-07-13T02:00:00Z,https://www.twitch.tv/chu00213,
2bd52c3a964541febb42782fd1f9fdba,upcoming,FPS喵 (ﾉ◕ヮ◕)ﾉ*:･ﾟ✧,2023-07-13T04:00:00Z,https://www.twitch.tv/jojo51113,
7180d8a493134a9c932fe790eb17f2e9,upcoming,出沒可能時間：繪圖雜談,2023-07-13T05:00:00Z,https://www.twitch.tv/shinkaitoro,
547aa467c2ce497e9d95c4a085effe0d,upcoming,會開,2023-07-13T05:00:00Z,https://www.twitch.tv/umimiowo,
803435ca691f43a4b02360926fee23d1,upcoming,,2023-07-13T06:00:00Z,https://www.twitch.tv/yukou_ouo,
3c5b24ec5e7e4451a917bb1683298c05,upcoming,【遊戲】哥布林努力向學中 ( ☉_☉)≡☞o────★°【羽宮奈奈】,2023-07-13T10:00:00Z,https://www.twitch.tv/hakunana1203,
36f4fa8dbd7740c3ae5ac02b890fa502,upcoming,Vtuber養成計畫：人生放送中,2023-07-13T11:00:00Z,https://www.twitch.tv/dr1090a,
5f9ded46df28474bbd1470d761700f30,upcoming,美妙的舞蹈大會 / Dance with Sakura!,2023-07-13T11:00:00Z,https://www.twitch.tv/fuyukisakura,
de81b740d66c439685aa37491d27efc4,upcoming,固定直播日,2023-07-13T11:30:00Z,https://www.twitch.tv/lmpaper,
d8b5835bc6aa46119cc7ddd4447e780f,upcoming,這是魔法師 ˗ˋˏ 咘小星 ˎˊ˗ 使用召喚術的固定時段⎝༼ ◕Д ◕ ༽⎠（如有變動以DC群為主）,2023-07-13T11:30:00Z,https://www.twitch.tv/ssstar_180,
d8b0b4e36c614d328620461a295572a1,upcoming,,2023-07-13T11:30:00Z,https://www.twitch.tv/jumpshi,
0c09a69445864b44adbba11b487f9b1a,upcoming,做連動封面圖！努力開台衝門檻！,2023-07-13T11:30:00Z,https://www.twitch.tv/amane_tainan,
090be1be8d29429183e190e22fc4be22,upcoming,試試看這ㄍ功能【Ness9s奈斯糖】,2023-07-13T12:00:00Z,https://www.twitch.tv/ness9s1222,
a83b6d485350402b90238deb371ae654,upcoming,雜談,2023-07-13T12:00:00Z,https://www.twitch.tv/monna_nana,
6159040406fc4e6cb73dbf9734717703,upcoming,,2023-07-13T12:00:00Z,https://www.twitch.tv/drizzlingnight,
aef2ed42d49343f28394b6335695b5ac,upcoming,,2023-07-13T12:00:00Z,https://www.twitch.tv/yuncream,
8b810380ed254a5e8a85b65552ba4e61,upcoming,七兔餵食秀,2023-07-13T12:00:00Z,https://www.twitch.tv/nayomi0204,
1618171723d84cbe8b57cd69fa6f477f,upcoming,,2023-07-13T12:00:00Z,https://www.twitch.tv/rin_en_kana,
a7bb915cc1a0474080d7dbf6d245daf4,upcoming,日常幹话台 【CN/EN】,2023-07-13T12:00:00Z,https://www.twitch.tv/tatsuya_rei,
554ca19c3d924cacac1f680675b9fdd2,upcoming,原神日常任務及聊天,2023-07-13T12:30:00Z,https://www.twitch.tv/yueyuhoshizora,
4af53c3526f7435a8aac99f42dccb392,upcoming,固定開台,2023-07-13T13:00:00Z,https://www.twitch.tv/milo_lonewolf,
f88d85aeb79a429e9751db330f469df1,upcoming,鹿言鹿語,2023-07-13T13:00:00Z,https://www.twitch.tv/lunaluna2021,
048b1a247cbb4eaa985d7311dc651945,upcoming,【雜談】人生鬼故事聊天台,2023-07-13T13:00:00Z,https://www.twitch.tv/yiyue_maple,
f44835c18dac441f910f4eb821ffd7ce,upcoming,只要得空就會開 時間還是比較不一定~,2023-07-13T13:00:00Z,https://www.twitch.tv/yukkiwee,
58e377df63f745fc8473368b20afe2ae,upcoming,遊戲或其他直播（連動取代可能）,2023-07-13T13:30:00Z,https://www.twitch.tv/yuutatsubasa,
eadf377f5cbd41ac9842c3f5559268f6,upcoming,,2023-07-13T13:30:00Z,https://www.twitch.tv/om_mosquito,
2e454f2b51c649cfa913dac2ebd9e470,upcoming,三排上分,2023-07-13T14:00:00Z,https://www.twitch.tv/klnpurple,
025ce8dccaa4466c80061aa308c378c3,upcoming,#晚安新聞台 #晚安故事 ｜ 現在是什麼世道呢？我所見所聞與自身體認到的內容，希望能在更新這個世界的新知同時也跟各位談談對於這些事情的看法。,2023-07-13T15:00:00Z,https://www.twitch.tv/shima_takasato,
db2f279f9960492082f3ae6ad20aca91,upcoming,【CODE VEIN】,2023-07-13T16:30:00Z,https://www.twitch.tv/suzumiya_siru,
3dda133703f64b019d7eea0c5cb55335,upcoming,,2023-07-14T00:30:00Z,https://www.twitch.tv/miamya0615,
d407b30c72a841bd82af1f5cc8ec0667,upcoming,主委泡茶間 邀請不同類型的來賓來對談，主題依當周來賓性質而定,2023-07-14T01:00:00Z,https://www.twitch.tv/chiveswang_llt5,
33546b9ad5a8408589405f9467063dd7,upcoming,快樂台,2023-07-14T01:30:00Z,https://www.twitch.tv/boni_0x0,
2bd52c3a964541febb42782fd1f9fdba,upcoming,FPS喵 (ﾉ◕ヮ◕)ﾉ*:･ﾟ✧,2023-07-14T04:00:00Z,https://www.twitch.tv/jojo51113,
c29bc8bf78dd417980491f19333c8fa2,upcoming,工作雜談,2023-07-14T04:00:00Z,https://www.twitch.tv/muling0606,
7180d8a493134a9c932fe790eb17f2e9,upcoming,出沒可能時間：繪圖雜談,2023-07-14T05:00:00Z,https://www.twitch.tv/shinkaitoro,
547aa467c2ce497e9d95c4a085effe0d,upcoming,會開,2023-07-14T05:00:00Z,https://www.twitch.tv/umimiowo,
9e6e69bfb48e4be0a8eecc737a6a0ba1,upcoming,週五下午可能唱唱,2023-07-14T05:00:00Z,https://www.twitch.tv/aster_ur,
50ec735272014b1b996ee80a8df4671a,upcoming,"Some games, i dunno yet!",2023-07-14T05:00:00Z,https://www.twitch.tv/azuusaru,
803435ca691f43a4b02360926fee23d1,upcoming,,2023-07-14T06:00:00Z,https://www.twitch.tv/yukou_ouo,
db2f279f9960492082f3ae6ad20aca91,upcoming,【Tom Clancy's Rainbow Six: Siege】,2023-07-14T08:30:00Z,https://www.twitch.tv/suzumiya_siru,
3c5b24ec5e7e4451a917bb1683298c05,upcoming,【遊戲】貪還要更貪！！潛水給魚追啦🐟【羽宮奈奈】| Dave The Diver 潛水員戴夫,2023-07-14T10:00:00Z,https://www.twitch.tv/hakunana1203,
70a7428607b845fc959fb7d4859d018b,upcoming,,2023-07-14T10:30:00Z,https://www.twitch.tv/zona181227,
36f4fa8dbd7740c3ae5ac02b890fa502,upcoming,Vtuber養成計畫：人生放送中,2023-07-14T11:00:00Z,https://www.twitch.tv/dr1090a,
526dd51b5abf4fdcaede0cfe80096186,upcoming," 隨機突發雜談遊戲台",2023-07-14T11:30:00Z,https://www.twitch.tv/koooorikuma,
d8b5835bc6aa46119cc7ddd4447e780f,upcoming,這是魔法師 ˗ˋˏ 咘小星 ˎˊ˗ 使用召喚術的固定時段⎝༼ ◕Д ◕ ༽⎠（如有變動以DC群為主）,2023-07-14T11:30:00Z,https://www.twitch.tv/ssstar_180,
4efffd7632e94c9faad30a543c3e1150,upcoming,,2023-07-14T11:30:00Z,https://www.twitch.tv/aveza_manon,
de81b740d66c439685aa37491d27efc4,upcoming,觀眾同樂會,2023-07-14T12:00:00Z,https://www.twitch.tv/lmpaper,
a83b6d485350402b90238deb371ae654,upcoming,巧克團,2023-07-14T12:00:00Z,https://www.twitch.tv/monna_nana,
091ac99f10804fe3b417a0f285731b4e,upcoming,咪米黑白講,2023-07-14T12:00:00Z,https://www.twitch.tv/umamixchami,
6159040406fc4e6cb73dbf9734717703,upcoming,,2023-07-14T12:00:00Z,https://www.twitch.tv/drizzlingnight,
aef2ed42d49343f28394b6335695b5ac,upcoming,,2023-07-14T12:00:00Z,https://www.twitch.tv/yuncream,
8b810380ed254a5e8a85b65552ba4e61,upcoming,七兔肚子咕咕叫,2023-07-14T12:00:00Z,https://www.twitch.tv/nayomi0204,
6bf231719d5e485fa0cdee99905858d4,upcoming,雜談或是治癒小遊戲,2023-07-14T12:00:00Z,https://www.twitch.tv/xiaoke0109,
a7bb915cc1a0474080d7dbf6d245daf4,upcoming,日常幹话台 【CN/EN】,2023-07-14T12:00:00Z,https://www.twitch.tv/tatsuya_rei,
554ca19c3d924cacac1f680675b9fdd2,upcoming,原神日常任務及聊天,2023-07-14T12:30:00Z,https://www.twitch.tv/yueyuhoshizora,
4af53c3526f7435a8aac99f42dccb392,upcoming,固定開台,2023-07-14T13:00:00Z,https://www.twitch.tv/milo_lonewolf,
f88d85aeb79a429e9751db330f469df1,upcoming,DBD殺鹿日,2023-07-14T13:00:00Z,https://www.twitch.tv/lunaluna2021,
f44835c18dac441f910f4eb821ffd7ce,upcoming,只要得空就會開 時間還是比較不一定~,2023-07-14T13:00:00Z,https://www.twitch.tv/yukkiwee,
eadf377f5cbd41ac9842c3f5559268f6,upcoming,,2023-07-14T13:30:00Z,https://www.twitch.tv/om_mosquito,
2e454f2b51c649cfa913dac2ebd9e470,upcoming,單排/三排上分,2023-07-14T14:00:00Z,https://www.twitch.tv/klnpurple,
c248ccba18664207aff22e8c270b18b9,upcoming,7/6~麻將大師水友賽!,2023-07-14T14:00:00Z,https://www.twitch.tv/chu00213,
2af6cb0e15ce4839ba711b47608d4f4d,upcoming,【Art】畫畫,2023-07-14T14:00:00Z,https://www.twitch.tv/moyu_moyu,
ce408f8b30704b42a7492f0e40684317,upcoming,小屋生活,2023-07-14T14:30:00Z,https://www.twitch.tv/kuriowokuri,
1618171723d84cbe8b57cd69fa6f477f,upcoming,,2023-07-14T15:00:00Z,https://www.twitch.tv/rin_en_kana,
abda6c94394b47ba885c34417e3a4d08,upcoming,【🔴Live】雑談 ! 正太貓貓的伴眠時間 ! / 伊沢悠人,2023-07-14T15:00:00Z,https://www.twitch.tv/izawayuuto0726,
b96f58f4373a4b65977afe5f2829e9e4,upcoming,プロセカ,2023-07-14T15:30:00Z,https://www.twitch.tv/cieloneve_,
db2f279f9960492082f3ae6ad20aca91,upcoming," 【Tom Clancy's Rainbow Six: Siege】",2023-07-14T16:30:00Z,https://www.twitch.tv/suzumiya_siru,
f6a4e7aa8d0c4e5cb39d199845ec4d02,upcoming,APEX特化,2023-07-14T17:00:00Z,https://www.twitch.tv/vtuber_amiru,
9e6e69bfb48e4be0a8eecc737a6a0ba1,upcoming,週六半夜也可能唱唱,2023-07-14T17:00:00Z,https://www.twitch.tv/aster_ur,
819cc1636ec94c0ab290b4513c6d629d,upcoming,MHR with Miki,2023-07-14T20:00:00Z,https://www.twitch.tv/mikiaoboshi,
3dda133703f64b019d7eea0c5cb55335,upcoming,,2023-07-15T00:30:00Z,https://www.twitch.tv/miamya0615,
c29bc8bf78dd417980491f19333c8fa2,upcoming,工作雜談,2023-07-15T04:00:00Z,https://www.twitch.tv/muling0606,
cef544ae38ec4c03ad337e68e2d885f4,upcoming,Apex or osu chat,2023-07-15T04:00:00Z,https://www.twitch.tv/ilzenkion1,
526dd51b5abf4fdcaede0cfe80096186,upcoming,固定雜談Osu練習台,2023-07-15T04:30:00Z,https://www.twitch.tv/koooorikuma,
36f4fa8dbd7740c3ae5ac02b890fa502,upcoming,Vtuber養成計畫：人生放送中,2023-07-15T06:00:00Z,https://www.twitch.tv/dr1090a,
6159040406fc4e6cb73dbf9734717703,upcoming,,2023-07-15T06:00:00Z,https://www.twitch.tv/drizzlingnight,
75eb49d99170441ab784d7bec7378d21,upcoming,7月份歌回,2023-07-15T06:00:00Z,https://www.twitch.tv/tiavannessa,
5f9ded46df28474bbd1470d761700f30,upcoming,[Not stream] Join us on VRChat!,2023-07-15T07:00:00Z,https://www.twitch.tv/fuyukisakura,
33546b9ad5a8408589405f9467063dd7,upcoming,歌回台,2023-07-15T07:00:00Z,https://www.twitch.tv/boni_0x0,
db2f279f9960492082f3ae6ad20aca91,upcoming," 【Tom Clancy's Rainbow Six: Siege】",2023-07-15T08:30:00Z,https://www.twitch.tv/suzumiya_siru,
3c5b24ec5e7e4451a917bb1683298c05,upcoming,【遊戲】哥布林學魔法✡️ 心情好就打LOL！【羽宮奈奈】,2023-07-15T10:00:00Z,https://www.twitch.tv/hakunana1203,
70a7428607b845fc959fb7d4859d018b,upcoming,,2023-07-15T10:30:00Z,https://www.twitch.tv/zona181227,
de81b740d66c439685aa37491d27efc4,upcoming,固定直播日,2023-07-15T12:00:00Z,https://www.twitch.tv/lmpaper,
a83b6d485350402b90238deb371ae654,upcoming,星露谷,2023-07-15T12:00:00Z,https://www.twitch.tv/monna_nana,
64199c3fe4914883a1a9b4a68dc332be,upcoming,【鳥鳥天】好想聊天捏！布嗶想要哪些忠誠點數呢？【布魯布比．鳥鳥牧場】,2023-07-15T12:00:00Z,https://www.twitch.tv/burububi,
aef2ed42d49343f28394b6335695b5ac,upcoming,,2023-07-15T12:00:00Z,https://www.twitch.tv/yuncream,
8b810380ed254a5e8a85b65552ba4e61,upcoming,飢餓七兔,2023-07-15T12:00:00Z,https://www.twitch.tv/nayomi0204,
6bf231719d5e485fa0cdee99905858d4,upcoming,雜談或小遊戲，偶爾會開ASMR,2023-07-15T12:00:00Z,https://www.twitch.tv/xiaoke0109,
a7bb915cc1a0474080d7dbf6d245daf4,upcoming,日常幹话台 【CN/EN】,2023-07-15T12:00:00Z,https://www.twitch.tv/tatsuya_rei,
5535c9524eb046c38e172ebfa06b302f,upcoming,,2023-07-15T13:00:00Z,https://www.twitch.tv/ruroroisme,
4af53c3526f7435a8aac99f42dccb392,upcoming,固定開台,2023-07-15T13:00:00Z,https://www.twitch.tv/milo_lonewolf,
9643c650b1804107b85de1f08010aa9d,upcoming,日本麻將 雀魂 一番街 努力段位中,2023-07-15T13:00:00Z,https://www.twitch.tv/otonashikoi,
f44835c18dac441f910f4eb821ffd7ce,upcoming,只要得空就會開 時間還是比較不一定~,2023-07-15T13:00:00Z,https://www.twitch.tv/yukkiwee,
58e377df63f745fc8473368b20afe2ae,upcoming,雜談或歌回直播（連動取代可能）,2023-07-15T13:30:00Z,https://www.twitch.tv/yuutatsubasa,
f88d85aeb79a429e9751db330f469df1,upcoming,鹿言鹿語,2023-07-15T13:30:00Z,https://www.twitch.tv/lunaluna2021,
1618171723d84cbe8b57cd69fa6f477f,upcoming,,2023-07-15T13:30:00Z,https://www.twitch.tv/rin_en_kana,
eadf377f5cbd41ac9842c3f5559268f6,upcoming,,2023-07-15T13:30:00Z,https://www.twitch.tv/om_mosquito,
2e454f2b51c649cfa913dac2ebd9e470,upcoming,練英和單排上分,2023-07-15T14:00:00Z,https://www.twitch.tv/klnpurple,
c248ccba18664207aff22e8c270b18b9,upcoming,7/7~LOL水友賽~,2023-07-15T14:00:00Z,https://www.twitch.tv/chu00213,
ce408f8b30704b42a7492f0e40684317,upcoming,小屋生活,2023-07-15T14:30:00Z,https://www.twitch.tv/kuriowokuri,
025ce8dccaa4466c80061aa308c378c3,upcoming,【#我親愛的妻子 #遊戲台 】揭開魅魔小鎮的陰謀? 對於已逝者的留念是愛的表現嗎? 復活妻子是真愛的表現? #遊戲直播 #台V #隆理在玩,2023-07-15T15:45:00Z,https://www.twitch.tv/shima_takasato,
34973abcef4e41b29add2b476ce0a7fb,upcoming,"今日感謝瑾瑜邀請到幼幼相見歡進行雜談,對於自己休息一個月後歸來看到自己的情況...,只能說百感交集",2023-07-15T16:00:00Z,https://www.twitch.tv/sweetcat_10450077,
819cc1636ec94c0ab290b4513c6d629d,upcoming,Healthy Miki,2023-07-15T19:00:00Z,https://www.twitch.tv/mikiaoboshi,
db2f279f9960492082f3ae6ad20aca91,upcoming,【Tom Clancy's Rainbow Six: Siege】,2023-07-15T20:30:00Z,https://www.twitch.tv/suzumiya_siru,
2450f1c7cf8f46c8aa30afaa922c9642,upcoming,最近都是突發,2023-07-15T21:25:00Z,https://www.twitch.tv/setsurei0227,
2af6cb0e15ce4839ba711b47608d4f4d,upcoming,,2023-07-16T01:00:00Z,https://www.twitch.tv/moyu_moyu,
2e454f2b51c649cfa913dac2ebd9e470,upcoming,練英和單排上分,2023-07-16T02:00:00Z,https://www.twitch.tv/klnpurple,
36f4fa8dbd7740c3ae5ac02b890fa502,upcoming,Vtuber養成計畫：人生放送中,2023-07-16T06:00:00Z,https://www.twitch.tv/dr1090a,
6159040406fc4e6cb73dbf9734717703,upcoming,,2023-07-16T06:00:00Z,https://www.twitch.tv/drizzlingnight,
526dd51b5abf4fdcaede0cfe80096186,upcoming,固定雜談遊戲台,2023-07-16T06:30:00Z,https://www.twitch.tv/koooorikuma,
3c5b24ec5e7e4451a917bb1683298c05,upcoming,"【歌回】✨2,000追 & 小收益化慶祝✨【羽宮奈奈】",2023-07-16T07:00:00Z,https://www.twitch.tv/hakunana1203,
70a7428607b845fc959fb7d4859d018b,upcoming,,2023-07-16T10:30:00Z,https://www.twitch.tv/zona181227,
5535c9524eb046c38e172ebfa06b302f,upcoming,,2023-07-16T11:00:00Z,https://www.twitch.tv/ruroroisme,
a83b6d485350402b90238deb371ae654,upcoming,骰子地下城,2023-07-16T11:00:00Z,https://www.twitch.tv/monna_nana,
49393dd4bc284768852b0d4f9bba2ec8,upcoming,【AmongUS】首次登船能不被爆打嗎！？#珍奶茗璐ft.豪多人,2023-07-16T12:00:00Z,https://www.twitch.tv/tapiokalop,
aef2ed42d49343f28394b6335695b5ac,upcoming,,2023-07-16T12:00:00Z,https://www.twitch.tv/yuncream,
6bf231719d5e485fa0cdee99905858d4,upcoming,雜談或小遊戲，偶爾會開ASMR,2023-07-16T12:00:00Z,https://www.twitch.tv/xiaoke0109,
a7bb915cc1a0474080d7dbf6d245daf4,upcoming,日常幹话台 【CN/EN】,2023-07-16T12:00:00Z,https://www.twitch.tv/tatsuya_rei,
57843e9c870647729c2438a7a7077008,upcoming,集合吧～歌回的時間到了哦～,2023-07-16T12:00:00Z,https://www.twitch.tv/ainohikaru,
a0467c81a3014fbf83029acffe5b1d3f,upcoming,每週例行麻將大會！歡迎觀眾參加,2023-07-16T12:30:00Z,https://www.twitch.tv/najathepangolin,
ce408f8b30704b42a7492f0e40684317,upcoming,小屋生活,2023-07-16T12:30:00Z,https://www.twitch.tv/kuriowokuri,
9643c650b1804107b85de1f08010aa9d,upcoming,日本麻將 雀魂 一番街 努力段位中,2023-07-16T13:00:00Z,https://www.twitch.tv/otonashikoi,
f44835c18dac441f910f4eb821ffd7ce,upcoming,會聊天玩遊戲之類的 反正就是個很棒的大家庭~~,2023-07-16T13:00:00Z,https://www.twitch.tv/yukkiwee,
1618171723d84cbe8b57cd69fa6f477f,upcoming,,2023-07-16T13:30:00Z,https://www.twitch.tv/rin_en_kana,
eadf377f5cbd41ac9842c3f5559268f6,upcoming,,2023-07-16T13:30:00Z,https://www.twitch.tv/om_mosquito,
c248ccba18664207aff22e8c270b18b9,upcoming,7/8~APEX直播,2023-07-16T14:00:00Z,https://www.twitch.tv/chu00213,
823311ac8226476e8d1e323f536bf8b1,upcoming,下午14:00~17:30在主委的V曲龍虎榜 深夜雜談做週表~~,2023-07-16T17:30:00Z,https://www.twitch.tv/kujosenko,
819cc1636ec94c0ab290b4513c6d629d,upcoming,Game time,2023-07-16T19:00:00Z,https://www.twitch.tv/mikiaoboshi,
3dda133703f64b019d7eea0c5cb55335,upcoming,,2023-07-17T00:30:00Z,https://www.twitch.tv/miamya0615,
33546b9ad5a8408589405f9467063dd7,upcoming,APEX台,2023-07-17T01:30:00Z,https://www.twitch.tv/boni_0x0,
2bd52c3a964541febb42782fd1f9fdba,upcoming,FPS喵 (ﾉ◕ヮ◕)ﾉ*:･ﾟ✧,2023-07-17T04:00:00Z,https://www.twitch.tv/jojo51113,
7180d8a493134a9c932fe790eb17f2e9,upcoming,出沒可能時間：繪圖雜談,2023-07-17T05:00:00Z,https://www.twitch.tv/shinkaitoro,
547aa467c2ce497e9d95c4a085effe0d,upcoming,會開,2023-07-17T05:00:00Z,https://www.twitch.tv/umimiowo,
50ec735272014b1b996ee80a8df4671a,upcoming,"Some games, I dunno yet!",2023-07-17T05:00:00Z,https://www.twitch.tv/azuusaru,
803435ca691f43a4b02360926fee23d1,upcoming,,2023-07-17T06:00:00Z,https://www.twitch.tv/yukou_ouo,
5f9ded46df28474bbd1470d761700f30,upcoming,一周開始的運動 / Boot up the week with Exercise 😈,2023-07-17T07:00:00Z,https://www.twitch.tv/fuyukisakura,
de8c5ca15afd4534a822e5a1a9c2784e,upcoming,每周星期一的歌回和雜談,2023-07-17T09:00:00Z,https://www.twitch.tv/yakodesu,
091ac99f10804fe3b417a0f285731b4e,upcoming,瑪搽瘋遊戲-在YT喔,2023-07-17T11:00:00Z,https://www.twitch.tv/umamixchami,
de81b740d66c439685aa37491d27efc4,upcoming,固定直播日,2023-07-17T11:30:00Z,https://www.twitch.tv/lmpaper,
526dd51b5abf4fdcaede0cfe80096186,upcoming,隨機突發雜談遊戲台,2023-07-17T11:30:00Z,https://www.twitch.tv/koooorikuma,
d8b5835bc6aa46119cc7ddd4447e780f,upcoming,這是魔法師 ˗ˋˏ 咘小星 ˎˊ˗ 使用召喚術的固定時段⎝༼ ◕Д ◕ ༽⎠（如有變動以DC群為主）,2023-07-17T11:30:00Z,https://www.twitch.tv/ssstar_180,
a89f7ee46cc14dff93675ce5bb82a692,upcoming,藍色星期一有藍色小妖精✨,2023-07-17T11:30:00Z,https://www.twitch.tv/eveliacridland,
6159040406fc4e6cb73dbf9734717703,upcoming,,2023-07-17T12:00:00Z,https://www.twitch.tv/drizzlingnight,
aef2ed42d49343f28394b6335695b5ac,upcoming,,2023-07-17T12:00:00Z,https://www.twitch.tv/yuncream,
8b810380ed254a5e8a85b65552ba4e61,upcoming,該餵七兔了,2023-07-17T12:00:00Z,https://www.twitch.tv/nayomi0204,
1618171723d84cbe8b57cd69fa6f477f,upcoming,,2023-07-17T12:00:00Z,https://www.twitch.tv/rin_en_kana,
57843e9c870647729c2438a7a7077008,upcoming,集合吧～歌回的時間到了哦～,2023-07-17T12:00:00Z,https://www.twitch.tv/ainohikaru,
554ca19c3d924cacac1f680675b9fdd2,upcoming,原神日常任務及聊天,2023-07-17T12:30:00Z,https://www.twitch.tv/yueyuhoshizora,
04ed1803aaf0436eb41687f22e28ad20,upcoming,可能出沒時間,2023-07-17T12:30:00Z,https://www.twitch.tv/billy10002,
4af53c3526f7435a8aac99f42dccb392,upcoming,固定開台,2023-07-17T13:00:00Z,https://www.twitch.tv/milo_lonewolf,
f44835c18dac441f910f4eb821ffd7ce,upcoming,只要得空就會開 時間還是比較不一定~,2023-07-17T13:00:00Z,https://www.twitch.tv/yukkiwee,
58e377df63f745fc8473368b20afe2ae,upcoming,遊戲直播,2023-07-17T13:30:00Z,https://www.twitch.tv/yuutatsubasa,
eadf377f5cbd41ac9842c3f5559268f6,upcoming,,2023-07-17T13:30:00Z,https://www.twitch.tv/om_mosquito,
2e454f2b51c649cfa913dac2ebd9e470,upcoming,練英,2023-07-17T14:00:00Z,https://www.twitch.tv/klnpurple,
c248ccba18664207aff22e8c270b18b9,upcoming,6/27~邊打麻將邊閒聊~,2023-07-17T14:00:00Z,https://www.twitch.tv/chu00213,
3c5b24ec5e7e4451a917bb1683298c05,upcoming,【深夜聊聊】週一吸麻糬,2023-07-17T14:00:00Z,https://www.twitch.tv/hakunana1203,
5b85294949544a5f8855715acadf66a5,upcoming,✦ ✧ ✦週一讀書夜，島嶼擱淺：黑日雨✦ ✧ ✦,2023-07-17T14:30:00Z,https://www.twitch.tv/cesium_cat,
819cc1636ec94c0ab290b4513c6d629d,upcoming,Gamer Miki,2023-07-17T20:00:00Z,https://www.twitch.tv/mikiaoboshi,
50ec735272014b1b996ee80a8df4671a,upcoming,"Some games, I dunno yet!",2023-07-18T00:00:00Z,https://www.twitch.tv/azuusaru,
3dda133703f64b019d7eea0c5cb55335,upcoming,,2023-07-18T00:30:00Z,https://www.twitch.tv/miamya0615,
d407b30c72a841bd82af1f5cc8ec0667,upcoming,台V好聲音 - 介紹你可能不知道的台灣 VTuber 們，從美妙歌聲到獨特個性，不知道從何˙看起的最佳入門選擇,2023-07-18T01:00:00Z,https://www.twitch.tv/chiveswang_llt5,
457ffaa09f6c4f3384cb06739b2f2f3d,upcoming,練練槍,2023-07-18T01:00:00Z,https://www.twitch.tv/christinllt5,
33546b9ad5a8408589405f9467063dd7,upcoming,歌回台,2023-07-18T01:30:00Z,https://www.twitch.tv/boni_0x0,
428251b7832a48219276fb6e5f644e86,upcoming,當個不老不新的獵人(順便拜託你們多留言),2023-07-18T02:00:00Z,https://www.twitch.tv/karami086,
c248ccba18664207aff22e8c270b18b9,upcoming,7/5~來玩玩瓦羅蘭~,2023-07-18T04:00:00Z,https://www.twitch.tv/chu00213,
2bd52c3a964541febb42782fd1f9fdba,upcoming,FPS喵 (ﾉ◕ヮ◕)ﾉ*:･ﾟ✧,2023-07-18T04:00:00Z,https://www.twitch.tv/jojo51113,
7180d8a493134a9c932fe790eb17f2e9,upcoming,出沒可能時間：繪圖雜談,2023-07-18T05:00:00Z,https://www.twitch.tv/shinkaitoro,
547aa467c2ce497e9d95c4a085effe0d,upcoming,會開,2023-07-18T05:00:00Z,https://www.twitch.tv/umimiowo,
803435ca691f43a4b02360926fee23d1,upcoming,,2023-07-18T06:00:00Z,https://www.twitch.tv/yukou_ouo,
70a7428607b845fc959fb7d4859d018b,upcoming,,2023-07-18T10:30:00Z,https://www.twitch.tv/zona181227,
de81b740d66c439685aa37491d27efc4,upcoming,固定直播日,2023-07-18T11:30:00Z,https://www.twitch.tv/lmpaper,
d8b5835bc6aa46119cc7ddd4447e780f,upcoming,這是魔法師 ˗ˋˏ 咘小星 ˎˊ˗ 使用召喚術的固定時段⎝༼ ◕Д ◕ ༽⎠（如有變動以DC群為主）,2023-07-18T11:30:00Z,https://www.twitch.tv/ssstar_180,
a83b6d485350402b90238deb371ae654,upcoming,巧克團,2023-07-18T12:00:00Z,https://www.twitch.tv/monna_nana,
e41bf48a09d64e4aa3d96064a9a63b08,upcoming,【魔物獵人:崛起】魔物獵人PC打起來٩(◦`꒳´◦)۶自由參加場,2023-07-18T12:00:00Z,https://www.twitch.tv/azuchiron,
8b810380ed254a5e8a85b65552ba4e61,upcoming,餵七兔時間到,2023-07-18T12:00:00Z,https://www.twitch.tv/nayomi0204,
1618171723d84cbe8b57cd69fa6f477f,upcoming,,2023-07-18T12:00:00Z,https://www.twitch.tv/rin_en_kana,
a7bb915cc1a0474080d7dbf6d245daf4,upcoming,日常幹话台 【CN/EN】,2023-07-18T12:00:00Z,https://www.twitch.tv/tatsuya_rei,
9272afe9ef72434082d9b5621857afd0,upcoming,【懷舊系列遊戲】失戀換男友＝結婚？貓姬若的最後時光 | 新式PK陪聊型Vtuber遊戲直播,2023-07-18T12:30:00Z,https://www.twitch.tv/gilma04,
4af53c3526f7435a8aac99f42dccb392,upcoming,固定開台,2023-07-18T13:00:00Z,https://www.twitch.tv/milo_lonewolf,
58e377df63f745fc8473368b20afe2ae,upcoming,程式直播（連動取代可能）,2023-07-18T13:30:00Z,https://www.twitch.tv/yuutatsubasa,
2af6cb0e15ce4839ba711b47608d4f4d,upcoming,【Art】畫畫,2023-07-18T14:00:00Z,https://www.twitch.tv/moyu_moyu,
ce408f8b30704b42a7492f0e40684317,upcoming,小屋生活,2023-07-18T14:30:00Z,https://www.twitch.tv/kuriowokuri,
025ce8dccaa4466c80061aa308c378c3,upcoming,#晚安新聞台 #晚安故事 ｜ 現在是什麼世道呢？我所見所聞與自身體認到的內容，希望能在更新這個世界的新知同時也跟各位談談對於這些事情的看法。,2023-07-18T15:00:00Z,https://www.twitch.tv/shima_takasato,
457ffaa09f6c4f3384cb06739b2f2f3d,upcoming,快樂練槍,2023-07-19T01:00:00Z,https://www.twitch.tv/christinllt5,
33546b9ad5a8408589405f9467063dd7,upcoming,遊戲台,2023-07-19T01:30:00Z,https://www.twitch.tv/boni_0x0,
2bd52c3a964541febb42782fd1f9fdba,upcoming,FPS喵 (ﾉ◕ヮ◕)ﾉ*:･ﾟ✧,2023-07-19T04:00:00Z,https://www.twitch.tv/jojo51113,
7a9b7ab0d5bd411195d77800ff778a90,upcoming,沒有固定時間,2023-07-19T04:00:00Z,https://www.twitch.tv/1128wedge,
7180d8a493134a9c932fe790eb17f2e9,upcoming,出沒可能時間：繪圖雜談,2023-07-19T05:00:00Z,https://www.twitch.tv/shinkaitoro,
547aa467c2ce497e9d95c4a085effe0d,upcoming,會開,2023-07-19T05:00:00Z,https://www.twitch.tv/umimiowo,
428251b7832a48219276fb6e5f644e86,upcoming,打龍啦(順便拜託你們多留言),2023-07-19T06:00:00Z,https://www.twitch.tv/karami086,
803435ca691f43a4b02360926fee23d1,upcoming,,2023-07-19T06:00:00Z,https://www.twitch.tv/yukou_ouo,
70a7428607b845fc959fb7d4859d018b,upcoming,,2023-07-19T10:30:00Z,https://www.twitch.tv/zona181227,
091ac99f10804fe3b417a0f285731b4e,upcoming,烏瑪咪x搽米無限系-在YT喔,2023-07-19T11:00:00Z,https://www.twitch.tv/umamixchami,
de81b740d66c439685aa37491d27efc4,upcoming,固定直播日,2023-07-19T11:30:00Z,https://www.twitch.tv/lmpaper,
526dd51b5abf4fdcaede0cfe80096186,upcoming,隨機突發雜談遊戲台,2023-07-19T11:30:00Z,https://www.twitch.tv/koooorikuma,
d8b5835bc6aa46119cc7ddd4447e780f,upcoming,這是魔法師 ˗ˋˏ 咘小星 ˎˊ˗ 使用召喚術的固定時段⎝༼ ◕Д ◕ ༽⎠（如有變動以DC群為主）,2023-07-19T11:30:00Z,https://www.twitch.tv/ssstar_180,
228427b15b964f1396b5a7b5eb224a21,upcoming,Asteria配音時間，一起來聽劇本、閒聊吧！,2023-07-19T12:00:00Z,https://www.twitch.tv/asterialive0503,
a83b6d485350402b90238deb371ae654,upcoming,觀眾同樂,2023-07-19T12:00:00Z,https://www.twitch.tv/monna_nana,
8b810380ed254a5e8a85b65552ba4e61,upcoming,七兔肚子餓,2023-07-19T12:00:00Z,https://www.twitch.tv/nayomi0204,
444dcf020b27400087d2b2b21135033c,upcoming,林間盃日麻,2023-07-19T12:00:00Z,https://www.twitch.tv/v_hanasakiayame,
a7bb915cc1a0474080d7dbf6d245daf4,upcoming,日常幹话台 【CN/EN】,2023-07-19T12:00:00Z,https://www.twitch.tv/tatsuya_rei,
554ca19c3d924cacac1f680675b9fdd2,upcoming,原神日常任務及聊天,2023-07-19T12:30:00Z,https://www.twitch.tv/yueyuhoshizora,
4af53c3526f7435a8aac99f42dccb392,upcoming,突發或休息,2023-07-19T13:00:00Z,https://www.twitch.tv/milo_lonewolf,
f88d85aeb79a429e9751db330f469df1,upcoming,鹿言鹿語,2023-07-19T13:00:00Z,https://www.twitch.tv/lunaluna2021,
d7b96c6024ce479f9b8f8c0a5439c9af,upcoming,"Ori Day ! ",2023-07-19T13:00:00Z,https://www.twitch.tv/rittan0x0,
ce408f8b30704b42a7492f0e40684317,upcoming,小屋生活,2023-07-19T14:30:00Z,https://www.twitch.tv/kuriowokuri,
819cc1636ec94c0ab290b4513c6d629d,upcoming,Art with Miki,2023-07-19T20:00:00Z,https://www.twitch.tv/mikiaoboshi,
3dda133703f64b019d7eea0c5cb55335,upcoming,,2023-07-20T00:30:00Z,https://www.twitch.tv/miamya0615,
457ffaa09f6c4f3384cb06739b2f2f3d,upcoming,畫畫,2023-07-20T01:00:00Z,https://www.twitch.tv/christinllt5,
428251b7832a48219276fb6e5f644e86,upcoming,看我能打龍到多久(順便拜託你們多留言),2023-07-20T02:00:00Z,https://www.twitch.tv/karami086,
2bd52c3a964541febb42782fd1f9fdba,upcoming,FPS喵 (ﾉ◕ヮ◕)ﾉ*:･ﾟ✧,2023-07-20T04:00:00Z,https://www.twitch.tv/jojo51113,
7180d8a493134a9c932fe790eb17f2e9,upcoming,出沒可能時間：繪圖雜談,2023-07-20T05:00:00Z,https://www.twitch.tv/shinkaitoro,
547aa467c2ce497e9d95c4a085effe0d,upcoming,會開,2023-07-20T05:00:00Z,https://www.twitch.tv/umimiowo,
803435ca691f43a4b02360926fee23d1,upcoming,,2023-07-20T06:00:00Z,https://www.twitch.tv/yukou_ouo,
5f9ded46df28474bbd1470d761700f30,upcoming,美妙的舞蹈大會 / Dance with Sakura!,2023-07-20T11:00:00Z,https://www.twitch.tv/fuyukisakura,
d8b5835bc6aa46119cc7ddd4447e780f,upcoming,這是魔法師 ˗ˋˏ 咘小星 ˎˊ˗ 使用召喚術的固定時段⎝༼ ◕Д ◕ ༽⎠（如有變動以DC群為主）,2023-07-20T11:30:00Z,https://www.twitch.tv/ssstar_180,
d8b0b4e36c614d328620461a295572a1,upcoming,,2023-07-20T11:30:00Z,https://www.twitch.tv/jumpshi,
0c09a69445864b44adbba11b487f9b1a,upcoming,做連動封面圖！努力開台衝門檻！,2023-07-20T11:30:00Z,https://www.twitch.tv/amane_tainan,
090be1be8d29429183e190e22fc4be22,upcoming,試試看這ㄍ功能【Ness9s奈斯糖】,2023-07-20T12:00:00Z,https://www.twitch.tv/ness9s1222,
554ca19c3d924cacac1f680675b9fdd2,upcoming,原神日常任務及聊天,2023-07-20T12:30:00Z,https://www.twitch.tv/yueyuhoshizora,
f88d85aeb79a429e9751db330f469df1,upcoming,鹿言鹿語,2023-07-20T13:00:00Z,https://www.twitch.tv/lunaluna2021,
048b1a247cbb4eaa985d7311dc651945,upcoming,【雜談】人生鬼故事聊天台,2023-07-20T13:00:00Z,https://www.twitch.tv/yiyue_maple,
58e377df63f745fc8473368b20afe2ae,upcoming,遊戲或其他直播（連動取代可能）,2023-07-20T13:30:00Z,https://www.twitch.tv/yuutatsubasa,
025ce8dccaa4466c80061aa308c378c3,upcoming,#晚安新聞台 #晚安故事 ｜ 現在是什麼世道呢？我所見所聞與自身體認到的內容，希望能在更新這個世界的新知同時也跟各位談談對於這些事情的看法。,2023-07-20T15:00:00Z,https://www.twitch.tv/shima_takasato,
3dda133703f64b019d7eea0c5cb55335,upcoming,,2023-07-21T00:30:00Z,https://www.twitch.tv/miamya0615,
d407b30c72a841bd82af1f5cc8ec0667,upcoming,主委泡茶間 邀請不同類型的來賓來對談，主題依當周來賓性質而定,2023-07-21T01:00:00Z,https://www.twitch.tv/chiveswang_llt5,
2bd52c3a964541febb42782fd1f9fdba,upcoming,FPS喵 (ﾉ◕ヮ◕)ﾉ*:･ﾟ✧,2023-07-21T04:00:00Z,https://www.twitch.tv/jojo51113,
c29bc8bf78dd417980491f19333c8fa2,upcoming,工作雜談,2023-07-21T04:00:00Z,https://www.twitch.tv/muling0606,
7180d8a493134a9c932fe790eb17f2e9,upcoming,出沒可能時間：繪圖雜談,2023-07-21T05:00:00Z,https://www.twitch.tv/shinkaitoro,
547aa467c2ce497e9d95c4a085effe0d,upcoming,會開,2023-07-21T05:00:00Z,https://www.twitch.tv/umimiowo,
9e6e69bfb48e4be0a8eecc737a6a0ba1,upcoming,週五下午可能唱唱,2023-07-21T05:00:00Z,https://www.twitch.tv/aster_ur,
50ec735272014b1b996ee80a8df4671a,upcoming,"Some games, i dunno yet!",2023-07-21T05:00:00Z,https://www.twitch.tv/azuusaru,
803435ca691f43a4b02360926fee23d1,upcoming,,2023-07-21T06:00:00Z,https://www.twitch.tv/yukou_ouo,
70a7428607b845fc959fb7d4859d018b,upcoming,,2023-07-21T10:30:00Z,https://www.twitch.tv/zona181227,
526dd51b5abf4fdcaede0cfe80096186,upcoming," 隨機突發雜談遊戲台",2023-07-21T11:30:00Z,https://www.twitch.tv/koooorikuma,
d8b5835bc6aa46119cc7ddd4447e780f,upcoming,這是魔法師 ˗ˋˏ 咘小星 ˎˊ˗ 使用召喚術的固定時段⎝༼ ◕Д ◕ ༽⎠（如有變動以DC群為主）,2023-07-21T11:30:00Z,https://www.twitch.tv/ssstar_180,
4efffd7632e94c9faad30a543c3e1150,upcoming,,2023-07-21T11:30:00Z,https://www.twitch.tv/aveza_manon,
091ac99f10804fe3b417a0f285731b4e,upcoming,咪米黑白講,2023-07-21T12:00:00Z,https://www.twitch.tv/umamixchami,
6bf231719d5e485fa0cdee99905858d4,upcoming,雜談或是治癒小遊戲,2023-07-21T12:00:00Z,https://www.twitch.tv/xiaoke0109,
554ca19c3d924cacac1f680675b9fdd2,upcoming,原神日常任務及聊天,2023-07-21T12:30:00Z,https://www.twitch.tv/yueyuhoshizora,
f88d85aeb79a429e9751db330f469df1,upcoming,DBD殺鹿日,2023-07-21T13:00:00Z,https://www.twitch.tv/lunaluna2021,
2af6cb0e15ce4839ba711b47608d4f4d,upcoming,【Art】畫畫,2023-07-21T14:00:00Z,https://www.twitch.tv/moyu_moyu,
ce408f8b30704b42a7492f0e40684317,upcoming,小屋生活,2023-07-21T14:30:00Z,https://www.twitch.tv/kuriowokuri,
abda6c94394b47ba885c34417e3a4d08,upcoming,【🔴Live】雑談 ! 正太貓貓的伴眠時間 ! / 伊沢悠人,2023-07-21T15:00:00Z,https://www.twitch.tv/izawayuuto0726,
b96f58f4373a4b65977afe5f2829e9e4,upcoming,プロセカ,2023-07-21T15:30:00Z,https://www.twitch.tv/cieloneve_,
f6a4e7aa8d0c4e5cb39d199845ec4d02,upcoming,APEX特化,2023-07-21T17:00:00Z,https://www.twitch.tv/vtuber_amiru,
9e6e69bfb48e4be0a8eecc737a6a0ba1,upcoming,週六半夜也可能唱唱,2023-07-21T17:00:00Z,https://www.twitch.tv/aster_ur,
c29bc8bf78dd417980491f19333c8fa2,upcoming,工作雜談,2023-07-22T04:00:00Z,https://www.twitch.tv/muling0606,
cef544ae38ec4c03ad337e68e2d885f4,upcoming,Apex or osu chat,2023-07-22T04:00:00Z,https://www.twitch.tv/ilzenkion1,
5f9ded46df28474bbd1470d761700f30,upcoming,[Not stream] Join us on VRChat!,2023-07-22T07:00:00Z,https://www.twitch.tv/fuyukisakura,
6bf231719d5e485fa0cdee99905858d4,upcoming,雜談或小遊戲，偶爾會開ASMR,2023-07-22T12:00:00Z,https://www.twitch.tv/xiaoke0109,
5535c9524eb046c38e172ebfa06b302f,upcoming,,2023-07-22T13:00:00Z,https://www.twitch.tv/ruroroisme,
9643c650b1804107b85de1f08010aa9d,upcoming,日本麻將 雀魂 一番街 努力段位中,2023-07-22T13:00:00Z,https://www.twitch.tv/otonashikoi,
58e377df63f745fc8473368b20afe2ae,upcoming,雜談或歌回直播（連動取代可能）,2023-07-22T13:30:00Z,https://www.twitch.tv/yuutatsubasa,
f88d85aeb79a429e9751db330f469df1,upcoming,鹿言鹿語,2023-07-22T13:30:00Z,https://www.twitch.tv/lunaluna2021,
025ce8dccaa4466c80061aa308c378c3,upcoming,【#我親愛的妻子 #遊戲台 】揭開魅魔小鎮的陰謀? 對於已逝者的留念是愛的表現嗎? 復活妻子是真愛的表現? #遊戲直播 #台V #隆理在玩,2023-07-22T15:45:00Z,https://www.twitch.tv/shima_takasato,
34973abcef4e41b29add2b476ce0a7fb,upcoming,"今日感謝瑾瑜邀請到幼幼相見歡進行雜談,對於自己休息一個月後歸來看到自己的情況...,只能說百感交集",2023-07-22T16:00:00Z,https://www.twitch.tv/sweetcat_10450077,
2450f1c7cf8f46c8aa30afaa922c9642,upcoming,最近都是突發,2023-07-22T21:25:00Z,https://www.twitch.tv/setsurei0227,
2af6cb0e15ce4839ba711b47608d4f4d,upcoming,,2023-07-23T01:00:00Z,https://www.twitch.tv/moyu_moyu,
5535c9524eb046c38e172ebfa06b302f,upcoming,,2023-07-23T11:00:00Z,https://www.twitch.tv/ruroroisme,
49393dd4bc284768852b0d4f9bba2ec8,upcoming,【AmongUS】首次登船能不被爆打嗎！？#珍奶茗璐ft.豪多人,2023-07-23T12:00:00Z,https://www.twitch.tv/tapiokalop,
6bf231719d5e485fa0cdee99905858d4,upcoming,雜談或小遊戲，偶爾會開ASMR,2023-07-23T12:00:00Z,https://www.twitch.tv/xiaoke0109,
57843e9c870647729c2438a7a7077008,upcoming,集合吧～歌回的時間到了哦～,2023-07-23T12:00:00Z,https://www.twitch.tv/ainohikaru,
a0467c81a3014fbf83029acffe5b1d3f,upcoming,每週例行麻將大會！歡迎觀眾參加,2023-07-23T12:30:00Z,https://www.twitch.tv/najathepangolin,
9643c650b1804107b85de1f08010aa9d,upcoming,日本麻將 雀魂 一番街 努力段位中,2023-07-23T13:00:00Z,https://www.twitch.tv/otonashikoi,
823311ac8226476e8d1e323f536bf8b1,upcoming,下午14:00~17:30在主委的V曲龍虎榜 深夜雜談做週表~~,2023-07-23T17:30:00Z,https://www.twitch.tv/kujosenko,
50ec735272014b1b996ee80a8df4671a,upcoming,"Some games, I dunno yet!",2023-07-24T05:00:00Z,https://www.twitch.tv/azuusaru,
5f9ded46df28474bbd1470d761700f30,upcoming,一周開始的運動 / Boot up the week with Exercise 😈,2023-07-24T07:00:00Z,https://www.twitch.tv/fuyukisakura,
de8c5ca15afd4534a822e5a1a9c2784e,upcoming,每周星期一的歌回和雜談,2023-07-24T09:00:00Z,https://www.twitch.tv/yakodesu,
091ac99f10804fe3b417a0f285731b4e,upcoming,瑪搽瘋遊戲-在YT喔,2023-07-24T11:00:00Z,https://www.twitch.tv/umamixchami,
a89f7ee46cc14dff93675ce5bb82a692,upcoming,藍色星期一有藍色小妖精✨,2023-07-24T11:30:00Z,https://www.twitch.tv/eveliacridland,
64199c3fe4914883a1a9b4a68dc332be,upcoming,【飢餓派畫家】Passpartout: Starving Artist【布魯布比．鳥鳥牧場】,2023-07-24T12:00:00Z,https://www.twitch.tv/burububi,
57843e9c870647729c2438a7a7077008,upcoming,集合吧～歌回的時間到了哦～,2023-07-24T12:00:00Z,https://www.twitch.tv/ainohikaru,
554ca19c3d924cacac1f680675b9fdd2,upcoming,原神日常任務及聊天,2023-07-24T12:30:00Z,https://www.twitch.tv/yueyuhoshizora,
04ed1803aaf0436eb41687f22e28ad20,upcoming,可能出沒時間,2023-07-24T12:30:00Z,https://www.twitch.tv/billy10002,
58e377df63f745fc8473368b20afe2ae,upcoming,遊戲直播,2023-07-24T13:30:00Z,https://www.twitch.tv/yuutatsubasa,
5b85294949544a5f8855715acadf66a5,upcoming,✦ ✧ ✦週一讀書夜，島嶼擱淺：黑日雨✦ ✧ ✦,2023-07-24T14:30:00Z,https://www.twitch.tv/cesium_cat,
50ec735272014b1b996ee80a8df4671a,upcoming,"Some games, I dunno yet!",2023-07-25T00:00:00Z,https://www.twitch.tv/azuusaru,
d407b30c72a841bd82af1f5cc8ec0667,upcoming,台V好聲音 - 介紹你可能不知道的台灣 VTuber 們，從美妙歌聲到獨特個性，不知道從何˙看起的最佳入門選擇,2023-07-25T01:00:00Z,https://www.twitch.tv/chiveswang_llt5,
457ffaa09f6c4f3384cb06739b2f2f3d,upcoming,練練槍,2023-07-25T01:00:00Z,https://www.twitch.tv/christinllt5,
428251b7832a48219276fb6e5f644e86,upcoming,當個不老不新的獵人(順便拜託你們多留言),2023-07-25T02:00:00Z,https://www.twitch.tv/karami086,
e41bf48a09d64e4aa3d96064a9a63b08,upcoming,【魔物獵人:崛起】魔物獵人PC打起來٩(◦`꒳´◦)۶自由參加場,2023-07-25T12:00:00Z,https://www.twitch.tv/azuchiron,
64199c3fe4914883a1a9b4a68dc332be,upcoming,【飢餓派畫家】Passpartout: Starving Artist【布魯布比．鳥鳥牧場】,2023-07-25T12:00:00Z,https://www.twitch.tv/burububi,
9272afe9ef72434082d9b5621857afd0,upcoming,【懷舊系列遊戲】失戀換男友＝結婚？貓姬若的最後時光 | 新式PK陪聊型Vtuber遊戲直播,2023-07-25T12:30:00Z,https://www.twitch.tv/gilma04,
2af6cb0e15ce4839ba711b47608d4f4d,upcoming,【Art】畫畫,2023-07-25T14:00:00Z,https://www.twitch.tv/moyu_moyu,
025ce8dccaa4466c80061aa308c378c3,upcoming,#晚安新聞台 #晚安故事 ｜ 現在是什麼世道呢？我所見所聞與自身體認到的內容，希望能在更新這個世界的新知同時也跟各位談談對於這些事情的看法。,2023-07-25T15:00:00Z,https://www.twitch.tv/shima_takasato,
457ffaa09f6c4f3384cb06739b2f2f3d,upcoming,快樂練槍,2023-07-26T01:00:00Z,https://www.twitch.tv/christinllt5,
7a9b7ab0d5bd411195d77800ff778a90,upcoming,沒有固定時間,2023-07-26T04:00:00Z,https://www.twitch.tv/1128wedge,
428251b7832a48219276fb6e5f644e86,upcoming,打龍啦(順便拜託你們多留言),2023-07-26T06:00:00Z,https://www.twitch.tv/karami086,
091ac99f10804fe3b417a0f285731b4e,upcoming,烏瑪咪x搽米無限系-在YT喔,2023-07-26T11:00:00Z,https://www.twitch.tv/umamixchami,
228427b15b964f1396b5a7b5eb224a21,upcoming,Asteria配音時間，一起來聽劇本、閒聊吧！,2023-07-26T12:00:00Z,https://www.twitch.tv/asterialive0503,
444dcf020b27400087d2b2b21135033c,upcoming,林間盃日麻,2023-07-26T12:00:00Z,https://www.twitch.tv/v_hanasakiayame,
554ca19c3d924cacac1f680675b9fdd2,upcoming,原神日常任務及聊天,2023-07-26T12:30:00Z,https://www.twitch.tv/yueyuhoshizora,
f88d85aeb79a429e9751db330f469df1,upcoming,鹿言鹿語,2023-07-26T13:00:00Z,https://www.twitch.tv/lunaluna2021,
d7b96c6024ce479f9b8f8c0a5439c9af,upcoming,"Ori Day ! ",2023-07-26T13:00:00Z,https://www.twitch.tv/rittan0x0,
457ffaa09f6c4f3384cb06739b2f2f3d,upcoming,畫畫,2023-07-27T01:00:00Z,https://www.twitch.tv/christinllt5,
428251b7832a48219276fb6e5f644e86,upcoming,看我能打龍到多久(順便拜託你們多留言),2023-07-27T02:00:00Z,https://www.twitch.tv/karami086,
5f9ded46df28474bbd1470d761700f30,upcoming,美妙的舞蹈大會 / Dance with Sakura!,2023-07-27T11:00:00Z,https://www.twitch.tv/fuyukisakura,
d8b0b4e36c614d328620461a295572a1,upcoming,,2023-07-27T11:30:00Z,https://www.twitch.tv/jumpshi,
0c09a69445864b44adbba11b487f9b1a,upcoming,做連動封面圖！努力開台衝門檻！,2023-07-27T11:30:00Z,https://www.twitch.tv/amane_tainan,
090be1be8d29429183e190e22fc4be22,upcoming,試試看這ㄍ功能【Ness9s奈斯糖】,2023-07-27T12:00:00Z,https://www.twitch.tv/ness9s1222,
048b1a247cbb4eaa985d7311dc651945,upcoming,【雜談】人生鬼故事聊天台,2023-07-27T13:00:00Z,https://www.twitch.tv/yiyue_maple,
025ce8dccaa4466c80061aa308c378c3,upcoming,#晚安新聞台 #晚安故事 ｜ 現在是什麼世道呢？我所見所聞與自身體認到的內容，希望能在更新這個世界的新知同時也跟各位談談對於這些事情的看法。,2023-07-27T15:00:00Z,https://www.twitch.tv/shima_takasato,
d407b30c72a841bd82af1f5cc8ec0667,upcoming,主委泡茶間 邀請不同類型的來賓來對談，主題依當周來賓性質而定,2023-07-28T01:00:00Z,https://www.twitch.tv/chiveswang_llt5,
c29bc8bf78dd417980491f19333c8fa2,upcoming,工作雜談,2023-07-28T04:00:00Z,https://www.twitch.tv/muling0606,
9e6e69bfb48e4be0a8eecc737a6a0ba1,upcoming,週五下午可能唱唱,2023-07-28T05:00:00Z,https://www.twitch.tv/aster_ur,
50ec735272014b1b996ee80a8df4671a,upcoming,"Some games, i dunno yet!",2023-07-28T05:00:00Z,https://www.twitch.tv/azuusaru,
4efffd7632e94c9faad30a543c3e1150,upcoming,,2023-07-28T11:30:00Z,https://www.twitch.tv/aveza_manon,
091ac99f10804fe3b417a0f285731b4e,upcoming,咪米黑白講,2023-07-28T12:00:00Z,https://www.twitch.tv/umamixchami,
6bf231719d5e485fa0cdee99905858d4,upcoming,雜談或是治癒小遊戲,2023-07-28T12:00:00Z,https://www.twitch.tv/xiaoke0109,
2af6cb0e15ce4839ba711b47608d4f4d,upcoming,【Art】畫畫,2023-07-28T14:00:00Z,https://www.twitch.tv/moyu_moyu,
abda6c94394b47ba885c34417e3a4d08,upcoming,【🔴Live】雑談 ! 正太貓貓的伴眠時間 ! / 伊沢悠人,2023-07-28T15:00:00Z,https://www.twitch.tv/izawayuuto0726,
b96f58f4373a4b65977afe5f2829e9e4,upcoming,プロセカ,2023-07-28T15:30:00Z,https://www.twitch.tv/cieloneve_,
f6a4e7aa8d0c4e5cb39d199845ec4d02,upcoming,APEX特化,2023-07-28T17:00:00Z,https://www.twitch.tv/vtuber_amiru,
9e6e69bfb48e4be0a8eecc737a6a0ba1,upcoming,週六半夜也可能唱唱,2023-07-28T17:00:00Z,https://www.twitch.tv/aster_ur,
c29bc8bf78dd417980491f19333c8fa2,upcoming,工作雜談,2023-07-29T04:00:00Z,https://www.twitch.tv/muling0606,
cef544ae38ec4c03ad337e68e2d885f4,upcoming,Apex or osu chat,2023-07-29T04:00:00Z,https://www.twitch.tv/ilzenkion1,
5f9ded46df28474bbd1470d761700f30,upcoming,[Not stream] Join us on VRChat!,2023-07-29T07:00:00Z,https://www.twitch.tv/fuyukisakura,
6bf231719d5e485fa0cdee99905858d4,upcoming,雜談或小遊戲，偶爾會開ASMR,2023-07-29T12:00:00Z,https://www.twitch.tv/xiaoke0109,
5535c9524eb046c38e172ebfa06b302f,upcoming,,2023-07-29T13:00:00Z,https://www.twitch.tv/ruroroisme,
9643c650b1804107b85de1f08010aa9d,upcoming,日本麻將 雀魂 一番街 努力段位中,2023-07-29T13:00:00Z,https://www.twitch.tv/otonashikoi,
025ce8dccaa4466c80061aa308c378c3,upcoming,【#我親愛的妻子 #遊戲台 】揭開魅魔小鎮的陰謀? 對於已逝者的留念是愛的表現嗎? 復活妻子是真愛的表現? #遊戲直播 #台V #隆理在玩,2023-07-29T15:45:00Z,https://www.twitch.tv/shima_takasato,
34973abcef4e41b29add2b476ce0a7fb,upcoming,"今日感謝瑾瑜邀請到幼幼相見歡進行雜談,對於自己休息一個月後歸來看到自己的情況...,只能說百感交集",2023-07-29T16:00:00Z,https://www.twitch.tv/sweetcat_10450077,
2450f1c7cf8f46c8aa30afaa922c9642,upcoming,最近都是突發,2023-07-29T21:25:00Z,https://www.twitch.tv/setsurei0227,
2af6cb0e15ce4839ba711b47608d4f4d,upcoming,,2023-07-30T01:00:00Z,https://www.twitch.tv/moyu_moyu,
5535c9524eb046c38e172ebfa06b302f,upcoming,,2023-07-30T11:00:00Z,https://www.twitch.tv/ruroroisme,
49393dd4bc284768852b0d4f9bba2ec8,upcoming,【AmongUS】首次登船能不被爆打嗎！？#珍奶茗璐ft.豪多人,2023-07-30T12:00:00Z,https://www.twitch.tv/tapiokalop,
57843e9c870647729c2438a7a7077008,upcoming,集合吧～歌回的時間到了哦～,2023-07-30T12:00:00Z,https://www.twitch.tv/ainohikaru,
a0467c81a3014fbf83029acffe5b1d3f,upcoming,每週例行麻將大會！歡迎觀眾參加,2023-07-30T12:30:00Z,https://www.twitch.tv/najathepangolin,
9643c650b1804107b85de1f08010aa9d,upcoming,日本麻將 雀魂 一番街 努力段位中,2023-07-30T13:00:00Z,https://www.twitch.tv/otonashikoi,
823311ac8226476e8d1e323f536bf8b1,upcoming,下午14:00~17:30在主委的V曲龍虎榜 深夜雜談做週表~~,2023-07-30T17:30:00Z,https://www.twitch.tv/kujosenko,
50ec735272014b1b996ee80a8df4671a,upcoming,"Some games, I dunno yet!",2023-07-31T05:00:00Z,https://www.twitch.tv/azuusaru,
de8c5ca15afd4534a822e5a1a9c2784e,upcoming,每周星期一的歌回和雜談,2023-07-31T09:00:00Z,https://www.twitch.tv/yakodesu,
091ac99f10804fe3b417a0f285731b4e,upcoming,瑪搽瘋遊戲-在YT喔,2023-07-31T11:00:00Z,https://www.twitch.tv/umamixchami,
a89f7ee46cc14dff93675ce5bb82a692,upcoming,藍色星期一有藍色小妖精✨,2023-07-31T11:30:00Z,https://www.twitch.tv/eveliacridland,
57843e9c870647729c2438a7a7077008,upcoming,集合吧～歌回的時間到了哦～,2023-07-31T12:00:00Z,https://www.twitch.tv/ainohikaru,
04ed1803aaf0436eb41687f22e28ad20,upcoming,可能出沒時間,2023-07-31T12:30:00Z,https://www.twitch.tv/billy10002,
64199c3fe4914883a1a9b4a68dc332be,upcoming,【無垠之心：序章】A Space For The Unbound - Prologue【布魯布比．鳥鳥牧場】,2023-07-31T14:00:00Z,https://www.twitch.tv/burububi,
5b85294949544a5f8855715acadf66a5,upcoming,✦ ✧ ✦週一讀書夜，島嶼擱淺：黑日雨✦ ✧ ✦,2023-07-31T14:30:00Z,https://www.twitch.tv/cesium_cat,
d407b30c72a841bd82af1f5cc8ec0667,upcoming,台V好聲音 - 介紹你可能不知道的台灣 VTuber 們，從美妙歌聲到獨特個性，不知道從何˙看起的最佳入門選擇,2023-08-01T01:00:00Z,https://www.twitch.tv/chiveswang_llt5,
457ffaa09f6c4f3384cb06739b2f2f3d,upcoming,練練槍,2023-08-01T01:00:00Z,https://www.twitch.tv/christinllt5,
428251b7832a48219276fb6e5f644e86,upcoming,當個不老不新的獵人(順便拜託你們多留言),2023-08-01T02:00:00Z,https://www.twitch.tv/karami086,
e41bf48a09d64e4aa3d96064a9a63b08,upcoming,【魔物獵人:崛起】魔物獵人PC打起來٩(◦`꒳´◦)۶自由參加場,2023-08-01T12:00:00Z,https://www.twitch.tv/azuchiron,
9272afe9ef72434082d9b5621857afd0,upcoming,【懷舊系列遊戲】失戀換男友＝結婚？貓姬若的最後時光 | 新式PK陪聊型Vtuber遊戲直播,2023-08-01T12:30:00Z,https://www.twitch.tv/gilma04,
7a9b7ab0d5bd411195d77800ff778a90,upcoming,沒有固定時間,2023-08-02T04:00:00Z,https://www.twitch.tv/1128wedge,
228427b15b964f1396b5a7b5eb224a21,upcoming,Asteria配音時間，一起來聽劇本、閒聊吧！,2023-08-02T12:00:00Z,https://www.twitch.tv/asterialive0503,
444dcf020b27400087d2b2b21135033c,upcoming,林間盃日麻,2023-08-02T12:00:00Z,https://www.twitch.tv/v_hanasakiayame,
d7b96c6024ce479f9b8f8c0a5439c9af,upcoming,"Ori Day ! ",2023-08-02T13:00:00Z,https://www.twitch.tv/rittan0x0,
d8b0b4e36c614d328620461a295572a1,upcoming,,2023-08-03T11:30:00Z,https://www.twitch.tv/jumpshi,
0c09a69445864b44adbba11b487f9b1a,upcoming,做連動封面圖！努力開台衝門檻！,2023-08-03T11:30:00Z,https://www.twitch.tv/amane_tainan,
090be1be8d29429183e190e22fc4be22,upcoming,試試看這ㄍ功能【Ness9s奈斯糖】,2023-08-03T12:00:00Z,https://www.twitch.tv/ness9s1222,
048b1a247cbb4eaa985d7311dc651945,upcoming,【雜談】人生鬼故事聊天台,2023-08-03T13:00:00Z,https://www.twitch.tv/yiyue_maple,
d407b30c72a841bd82af1f5cc8ec0667,upcoming,主委泡茶間 邀請不同類型的來賓來對談，主題依當周來賓性質而定,2023-08-04T01:00:00Z,https://www.twitch.tv/chiveswang_llt5,
c29bc8bf78dd417980491f19333c8fa2,upcoming,工作雜談,2023-08-04T04:00:00Z,https://www.twitch.tv/muling0606,
9e6e69bfb48e4be0a8eecc737a6a0ba1,upcoming,週五下午可能唱唱,2023-08-04T05:00:00Z,https://www.twitch.tv/aster_ur,
4efffd7632e94c9faad30a543c3e1150,upcoming,,2023-08-04T11:30:00Z,https://www.twitch.tv/aveza_manon,
abda6c94394b47ba885c34417e3a4d08,upcoming,【🔴Live】雑談 ! 正太貓貓的伴眠時間 ! / 伊沢悠人,2023-08-04T15:00:00Z,https://www.twitch.tv/izawayuuto0726,
b96f58f4373a4b65977afe5f2829e9e4,upcoming,プロセカ,2023-08-04T15:30:00Z,https://www.twitch.tv/cieloneve_,
f6a4e7aa8d0c4e5cb39d199845ec4d02,upcoming,APEX特化,2023-08-04T17:00:00Z,https://www.twitch.tv/vtuber_amiru,
9e6e69bfb48e4be0a8eecc737a6a0ba1,upcoming,週六半夜也可能唱唱,2023-08-04T17:00:00Z,https://www.twitch.tv/aster_ur,
c29bc8bf78dd417980491f19333c8fa2,upcoming,工作雜談,2023-08-05T04:00:00Z,https://www.twitch.tv/muling0606,
cef544ae38ec4c03ad337e68e2d885f4,upcoming,Apex or osu chat,2023-08-05T04:00:00Z,https://www.twitch.tv/ilzenkion1,
5535c9524eb046c38e172ebfa06b302f,upcoming,,2023-08-05T13:00:00Z,https://www.twitch.tv/ruroroisme,
9643c650b1804107b85de1f08010aa9d,upcoming,日本麻將 雀魂 一番街 努力段位中,2023-08-05T13:00:00Z,https://www.twitch.tv/otonashikoi,
34973abcef4e41b29add2b476ce0a7fb,upcoming,"今日感謝瑾瑜邀請到幼幼相見歡進行雜談,對於自己休息一個月後歸來看到自己的情況...,只能說百感交集",2023-08-05T16:00:00Z,https://www.twitch.tv/sweetcat_10450077,
2450f1c7cf8f46c8aa30afaa922c9642,upcoming,最近都是突發,2023-08-05T21:25:00Z,https://www.twitch.tv/setsurei0227,
5535c9524eb046c38e172ebfa06b302f,upcoming,,2023-08-06T11:00:00Z,https://www.twitch.tv/ruroroisme,
49393dd4bc284768852b0d4f9bba2ec8,upcoming,【AmongUS】首次登船能不被爆打嗎！？#珍奶茗璐ft.豪多人,2023-08-06T12:00:00Z,https://www.twitch.tv/tapiokalop,
57843e9c870647729c2438a7a7077008,upcoming,集合吧～歌回的時間到了哦～,2023-08-06T12:00:00Z,https://www.twitch.tv/ainohikaru,
a0467c81a3014fbf83029acffe5b1d3f,upcoming,每週例行麻將大會！歡迎觀眾參加,2023-08-06T12:30:00Z,https://www.twitch.tv/najathepangolin,
9643c650b1804107b85de1f08010aa9d,upcoming,日本麻將 雀魂 一番街 努力段位中,2023-08-06T13:00:00Z,https://www.twitch.tv/otonashikoi,
823311ac8226476e8d1e323f536bf8b1,upcoming,下午14:00~17:30在主委的V曲龍虎榜 深夜雜談做週表~~,2023-08-06T17:30:00Z,https://www.twitch.tv/kujosenko,
de8c5ca15afd4534a822e5a1a9c2784e,upcoming,每周星期一的歌回和雜談,2023-08-07T09:00:00Z,https://www.twitch.tv/yakodesu,
a89f7ee46cc14dff93675ce5bb82a692,upcoming,藍色星期一有藍色小妖精✨,2023-08-07T11:30:00Z,https://www.twitch.tv/eveliacridland,
57843e9c870647729c2438a7a7077008,upcoming,集合吧～歌回的時間到了哦～,2023-08-07T12:00:00Z,https://www.twitch.tv/ainohikaru,
04ed1803aaf0436eb41687f22e28ad20,upcoming,可能出沒時間,2023-08-07T12:30:00Z,https://www.twitch.tv/billy10002,
5b85294949544a5f8855715acadf66a5,upcoming,✦ ✧ ✦週一讀書夜，島嶼擱淺：黑日雨✦ ✧ ✦,2023-08-07T14:30:00Z,https://www.twitch.tv/cesium_cat,
d407b30c72a841bd82af1f5cc8ec0667,upcoming,台V好聲音 - 介紹你可能不知道的台灣 VTuber 們，從美妙歌聲到獨特個性，不知道從何˙看起的最佳入門選擇,2023-08-08T01:00:00Z,https://www.twitch.tv/chiveswang_llt5,
e41bf48a09d64e4aa3d96064a9a63b08,upcoming,【魔物獵人:崛起】魔物獵人PC打起來٩(◦`꒳´◦)۶自由參加場,2023-08-08T12:00:00Z,https://www.twitch.tv/azuchiron,
9272afe9ef72434082d9b5621857afd0,upcoming,【懷舊系列遊戲】失戀換男友＝結婚？貓姬若的最後時光 | 新式PK陪聊型Vtuber遊戲直播,2023-08-08T12:30:00Z,https://www.twitch.tv/gilma04,
7a9b7ab0d5bd411195d77800ff778a90,upcoming,沒有固定時間,2023-08-09T04:00:00Z,https://www.twitch.tv/1128wedge,
228427b15b964f1396b5a7b5eb224a21,upcoming,Asteria配音時間，一起來聽劇本、閒聊吧！,2023-08-09T12:00:00Z,https://www.twitch.tv/asterialive0503,
444dcf020b27400087d2b2b21135033c,upcoming,林間盃日麻,2023-08-09T12:00:00Z,https://www.twitch.tv/v_hanasakiayame,
d7b96c6024ce479f9b8f8c0a5439c9af,upcoming,"Ori Day ! ",2023-08-09T13:00:00Z,https://www.twitch.tv/rittan0x0,
d8b0b4e36c614d328620461a295572a1,upcoming,,2023-08-10T11:30:00Z,https://www.twitch.tv/jumpshi,
0c09a69445864b44adbba11b487f9b1a,upcoming,做連動封面圖！努力開台衝門檻！,2023-08-10T11:30:00Z,https://www.twitch.tv/amane_tainan,
090be1be8d29429183e190e22fc4be22,upcoming,試試看這ㄍ功能【Ness9s奈斯糖】,2023-08-10T12:00:00Z,https://www.twitch.tv/ness9s1222,
048b1a247cbb4eaa985d7311dc651945,upcoming,【雜談】人生鬼故事聊天台,2023-08-10T13:00:00Z,https://www.twitch.tv/yiyue_maple,
d407b30c72a841bd82af1f5cc8ec0667,upcoming,主委泡茶間 邀請不同類型的來賓來對談，主題依當周來賓性質而定,2023-08-11T01:00:00Z,https://www.twitch.tv/chiveswang_llt5,
c29bc8bf78dd417980491f19333c8fa2,upcoming,工作雜談,2023-08-11T04:00:00Z,https://www.twitch.tv/muling0606,
9e6e69bfb48e4be0a8eecc737a6a0ba1,upcoming,週五下午可能唱唱,2023-08-11T05:00:00Z,https://www.twitch.tv/aster_ur,
4efffd7632e94c9faad30a543c3e1150,upcoming,,2023-08-11T11:30:00Z,https://www.twitch.tv/aveza_manon,
abda6c94394b47ba885c34417e3a4d08,upcoming,【🔴Live】雑談 ! 正太貓貓的伴眠時間 ! / 伊沢悠人,2023-08-11T15:00:00Z,https://www.twitch.tv/izawayuuto0726,
b96f58f4373a4b65977afe5f2829e9e4,upcoming,プロセカ,2023-08-11T15:30:00Z,https://www.twitch.tv/cieloneve_,
f6a4e7aa8d0c4e5cb39d199845ec4d02,upcoming,APEX特化,2023-08-11T17:00:00Z,https://www.twitch.tv/vtuber_amiru,
9e6e69bfb48e4be0a8eecc737a6a0ba1,upcoming,週六半夜也可能唱唱,2023-08-11T17:00:00Z,https://www.twitch.tv/aster_ur,
cef544ae38ec4c03ad337e68e2d885f4,upcoming,Apex or osu chat,2023-08-12T04:00:00Z,https://www.twitch.tv/ilzenkion1,
34973abcef4e41b29add2b476ce0a7fb,upcoming,"今日感謝瑾瑜邀請到幼幼相見歡進行雜談,對於自己休息一個月後歸來看到自己的情況...,只能說百感交集",2023-08-12T16:00:00Z,https://www.twitch.tv/sweetcat_10450077,
2450f1c7cf8f46c8aa30afaa922c9642,upcoming,最近都是突發,2023-08-12T21:25:00Z,https://www.twitch.tv/setsurei0227,
49393dd4bc284768852b0d4f9bba2ec8,upcoming,【AmongUS】首次登船能不被爆打嗎！？#珍奶茗璐ft.豪多人,2023-08-13T12:00:00Z,https://www.twitch.tv/tapiokalop,
a0467c81a3014fbf83029acffe5b1d3f,upcoming,每週例行麻將大會！歡迎觀眾參加,2023-08-13T12:30:00Z,https://www.twitch.tv/najathepangolin,
823311ac8226476e8d1e323f536bf8b1,upcoming,下午14:00~17:30在主委的V曲龍虎榜 深夜雜談做週表~~,2023-08-13T17:30:00Z,https://www.twitch.tv/kujosenko,
de8c5ca15afd4534a822e5a1a9c2784e,upcoming,每周星期一的歌回和雜談,2023-08-14T09:00:00Z,https://www.twitch.tv/yakodesu,
a89f7ee46cc14dff93675ce5bb82a692,upcoming,藍色星期一有藍色小妖精✨,2023-08-14T11:30:00Z,https://www.twitch.tv/eveliacridland,
04ed1803aaf0436eb41687f22e28ad20,upcoming,可能出沒時間,2023-08-14T12:30:00Z,https://www.twitch.tv/billy10002,
5b85294949544a5f8855715acadf66a5,upcoming,✦ ✧ ✦週一讀書夜，島嶼擱淺：黑日雨✦ ✧ ✦,2023-08-14T14:30:00Z,https://www.twitch.tv/cesium_cat,
e41bf48a09d64e4aa3d96064a9a63b08,upcoming,【魔物獵人:崛起】魔物獵人PC打起來٩(◦`꒳´◦)۶自由參加場,2023-08-15T12:00:00Z,https://www.twitch.tv/azuchiron,
9272afe9ef72434082d9b5621857afd0,upcoming,【懷舊系列遊戲】失戀換男友＝結婚？貓姬若的最後時光 | 新式PK陪聊型Vtuber遊戲直播,2023-08-15T12:30:00Z,https://www.twitch.tv/gilma04,
7a9b7ab0d5bd411195d77800ff778a90,upcoming,沒有固定時間,2023-08-16T04:00:00Z,https://www.twitch.tv/1128wedge,
228427b15b964f1396b5a7b5eb224a21,upcoming,Asteria配音時間，一起來聽劇本、閒聊吧！,2023-08-16T12:00:00Z,https://www.twitch.tv/asterialive0503,
444dcf020b27400087d2b2b21135033c,upcoming,林間盃日麻,2023-08-16T12:00:00Z,https://www.twitch.tv/v_hanasakiayame,
d7b96c6024ce479f9b8f8c0a5439c9af,upcoming,"Ori Day ! ",2023-08-16T13:00:00Z,https://www.twitch.tv/rittan0x0,
d8b0b4e36c614d328620461a295572a1,upcoming,,2023-08-17T11:30:00Z,https://www.twitch.tv/jumpshi,
0c09a69445864b44adbba11b487f9b1a,upcoming,做連動封面圖！努力開台衝門檻！,2023-08-17T11:30:00Z,https://www.twitch.tv/amane_tainan,
090be1be8d29429183e190e22fc4be22,upcoming,試試看這ㄍ功能【Ness9s奈斯糖】,2023-08-17T12:00:00Z,https://www.twitch.tv/ness9s1222,
048b1a247cbb4eaa985d7311dc651945,upcoming,【雜談】人生鬼故事聊天台,2023-08-17T13:00:00Z,https://www.twitch.tv/yiyue_maple,
4efffd7632e94c9faad30a543c3e1150,upcoming,,2023-08-18T11:30:00Z,https://www.twitch.tv/aveza_manon,
abda6c94394b47ba885c34417e3a4d08,upcoming,【🔴Live】雑談 ! 正太貓貓的伴眠時間 ! / 伊沢悠人,2023-08-18T15:00:00Z,https://www.twitch.tv/izawayuuto0726,
b96f58f4373a4b65977afe5f2829e9e4,upcoming,プロセカ,2023-08-18T15:30:00Z,https://www.twitch.tv/cieloneve_,
f6a4e7aa8d0c4e5cb39d199845ec4d02,upcoming,APEX特化,2023-08-18T17:00:00Z,https://www.twitch.tv/vtuber_amiru,
cef544ae38ec4c03ad337e68e2d885f4,upcoming,Apex or osu chat,2023-08-19T04:00:00Z,https://www.twitch.tv/ilzenkion1,
34973abcef4e41b29add2b476ce0a7fb,upcoming,"今日感謝瑾瑜邀請到幼幼相見歡進行雜談,對於自己休息一個月後歸來看到自己的情況...,只能說百感交集",2023-08-19T16:00:00Z,https://www.twitch.tv/sweetcat_10450077,
2450f1c7cf8f46c8aa30afaa922c9642,upcoming,最近都是突發,2023-08-19T21:25:00Z,https://www.twitch.tv/setsurei0227,
49393dd4bc284768852b0d4f9bba2ec8,upcoming,【AmongUS】首次登船能不被爆打嗎！？#珍奶茗璐ft.豪多人,2023-08-20T12:00:00Z,https://www.twitch.tv/tapiokalop,
a0467c81a3014fbf83029acffe5b1d3f,upcoming,每週例行麻將大會！歡迎觀眾參加,2023-08-20T12:30:00Z,https://www.twitch.tv/najathepangolin,
823311ac8226476e8d1e323f536bf8b1,upcoming,下午14:00~17:30在主委的V曲龍虎榜 深夜雜談做週表~~,2023-08-20T17:30:00Z,https://www.twitch.tv/kujosenko,
de8c5ca15afd4534a822e5a1a9c2784e,upcoming,每周星期一的歌回和雜談,2023-08-21T09:00:00Z,https://www.twitch.tv/yakodesu,
a89f7ee46cc14dff93675ce5bb82a692,upcoming,藍色星期一有藍色小妖精✨,2023-08-21T11:30:00Z,https://www.twitch.tv/eveliacridland,
04ed1803aaf0436eb41687f22e28ad20,upcoming,可能出沒時間,2023-08-21T12:30:00Z,https://www.twitch.tv/billy10002,
5b85294949544a5f8855715acadf66a5,upcoming,✦ ✧ ✦週一讀書夜，島嶼擱淺：黑日雨✦ ✧ ✦,2023-08-21T14:30:00Z,https://www.twitch.tv/cesium_cat,
e41bf48a09d64e4aa3d96064a9a63b08,upcoming,【魔物獵人:崛起】魔物獵人PC打起來٩(◦`꒳´◦)۶自由參加場,2023-08-22T12:00:00Z,https://www.twitch.tv/azuchiron,
9272afe9ef72434082d9b5621857afd0,upcoming,【懷舊系列遊戲】失戀換男友＝結婚？貓姬若的最後時光 | 新式PK陪聊型Vtuber遊戲直播,2023-08-22T12:30:00Z,https://www.twitch.tv/gilma04,
7a9b7ab0d5bd411195d77800ff778a90,upcoming,沒有固定時間,2023-08-23T04:00:00Z,https://www.twitch.tv/1128wedge,
228427b15b964f1396b5a7b5eb224a21,upcoming,Asteria配音時間，一起來聽劇本、閒聊吧！,2023-08-23T12:00:00Z,https://www.twitch.tv/asterialive0503,
444dcf020b27400087d2b2b21135033c,upcoming,林間盃日麻,2023-08-23T12:00:00Z,https://www.twitch.tv/v_hanasakiayame,
d7b96c6024ce479f9b8f8c0a5439c9af,upcoming,"Ori Day ! ",2023-08-23T13:00:00Z,https://www.twitch.tv/rittan0x0,
d8b0b4e36c614d328620461a295572a1,upcoming,,2023-08-24T11:30:00Z,https://www.twitch.tv/jumpshi,
0c09a69445864b44adbba11b487f9b1a,upcoming,做連動封面圖！努力開台衝門檻！,2023-08-24T11:30:00Z,https://www.twitch.tv/amane_tainan,
090be1be8d29429183e190e22fc4be22,upcoming,試試看這ㄍ功能【Ness9s奈斯糖】,2023-08-24T12:00:00Z,https://www.twitch.tv/ness9s1222,
048b1a247cbb4eaa985d7311dc651945,upcoming,【雜談】人生鬼故事聊天台,2023-08-24T13:00:00Z,https://www.twitch.tv/yiyue_maple,
4efffd7632e94c9faad30a543c3e1150,upcoming,,2023-08-25T11:30:00Z,https://www.twitch.tv/aveza_manon,
abda6c94394b47ba885c34417e3a4d08,upcoming,【🔴Live】雑談 ! 正太貓貓的伴眠時間 ! / 伊沢悠人,2023-08-25T15:00:00Z,https://www.twitch.tv/izawayuuto0726,
b96f58f4373a4b65977afe5f2829e9e4,upcoming,プロセカ,2023-08-25T15:30:00Z,https://www.twitch.tv/cieloneve_,
f6a4e7aa8d0c4e5cb39d199845ec4d02,upcoming,APEX特化,2023-08-25T17:00:00Z,https://www.twitch.tv/vtuber_amiru,
cef544ae38ec4c03ad337e68e2d885f4,upcoming,Apex or osu chat,2023-08-26T04:00:00Z,https://www.twitch.tv/ilzenkion1,
34973abcef4e41b29add2b476ce0a7fb,upcoming,"今日感謝瑾瑜邀請到幼幼相見歡進行雜談,對於自己休息一個月後歸來看到自己的情況...,只能說百感交集",2023-08-26T16:00:00Z,https://www.twitch.tv/sweetcat_10450077,
2450f1c7cf8f46c8aa30afaa922c9642,upcoming,最近都是突發,2023-08-26T21:25:00Z,https://www.twitch.tv/setsurei0227,
49393dd4bc284768852b0d4f9bba2ec8,upcoming,【AmongUS】首次登船能不被爆打嗎！？#珍奶茗璐ft.豪多人,2023-08-27T12:00:00Z,https://www.twitch.tv/tapiokalop,
a0467c81a3014fbf83029acffe5b1d3f,upcoming,每週例行麻將大會！歡迎觀眾參加,2023-08-27T12:30:00Z,https://www.twitch.tv/najathepangolin,
823311ac8226476e8d1e323f536bf8b1,upcoming,下午14:00~17:30在主委的V曲龍虎榜 深夜雜談做週表~~,2023-08-27T17:30:00Z,https://www.twitch.tv/kujosenko,
de8c5ca15afd4534a822e5a1a9c2784e,upcoming,每周星期一的歌回和雜談,2023-08-28T09:00:00Z,https://www.twitch.tv/yakodesu,
a89f7ee46cc14dff93675ce5bb82a692,upcoming,藍色星期一有藍色小妖精✨,2023-08-28T11:30:00Z,https://www.twitch.tv/eveliacridland,
04ed1803aaf0436eb41687f22e28ad20,upcoming,可能出沒時間,2023-08-28T12:30:00Z,https://www.twitch.tv/billy10002,
5b85294949544a5f8855715acadf66a5,upcoming,✦ ✧ ✦週一讀書夜，島嶼擱淺：黑日雨✦ ✧ ✦,2023-08-28T14:30:00Z,https://www.twitch.tv/cesium_cat,
e41bf48a09d64e4aa3d96064a9a63b08,upcoming,【魔物獵人:崛起】魔物獵人PC打起來٩(◦`꒳´◦)۶自由參加場,2023-08-29T12:00:00Z,https://www.twitch.tv/azuchiron,
9272afe9ef72434082d9b5621857afd0,upcoming,【懷舊系列遊戲】失戀換男友＝結婚？貓姬若的最後時光 | 新式PK陪聊型Vtuber遊戲直播,2023-08-29T12:30:00Z,https://www.twitch.tv/gilma04,
7a9b7ab0d5bd411195d77800ff778a90,upcoming,沒有固定時間,2023-08-30T04:00:00Z,https://www.twitch.tv/1128wedge,
228427b15b964f1396b5a7b5eb224a21,upcoming,Asteria配音時間，一起來聽劇本、閒聊吧！,2023-08-30T12:00:00Z,https://www.twitch.tv/asterialive0503,
444dcf020b27400087d2b2b21135033c,upcoming,林間盃日麻,2023-08-30T12:00:00Z,https://www.twitch.tv/v_hanasakiayame,
d7b96c6024ce479f9b8f8c0a5439c9af,upcoming,"Ori Day ! ",2023-08-30T13:00:00Z,https://www.twitch.tv/rittan0x0,
d8b0b4e36c614d328620461a295572a1,upcoming,,2023-08-31T11:30:00Z,https://www.twitch.tv/jumpshi,
0c09a69445864b44adbba11b487f9b1a,upcoming,做連動封面圖！努力開台衝門檻！,2023-08-31T11:30:00Z,https://www.twitch.tv/amane_tainan,
090be1be8d29429183e190e22fc4be22,upcoming,試試看這ㄍ功能【Ness9s奈斯糖】,2023-08-31T12:00:00Z,https://www.twitch.tv/ness9s1222,
048b1a247cbb4eaa985d7311dc651945,upcoming,【雜談】人生鬼故事聊天台,2023-08-31T13:00:00Z,https://www.twitch.tv/yiyue_maple,
4efffd7632e94c9faad30a543c3e1150,upcoming,,2023-09-01T11:30:00Z,https://www.twitch.tv/aveza_manon,
abda6c94394b47ba885c34417e3a4d08,upcoming,【🔴Live】雑談 ! 正太貓貓的伴眠時間 ! / 伊沢悠人,2023-09-01T15:00:00Z,https://www.twitch.tv/izawayuuto0726,
b96f58f4373a4b65977afe5f2829e9e4,upcoming,プロセカ,2023-09-01T15:30:00Z,https://www.twitch.tv/cieloneve_,
f6a4e7aa8d0c4e5cb39d199845ec4d02,upcoming,APEX特化,2023-09-01T17:00:00Z,https://www.twitch.tv/vtuber_amiru,
cef544ae38ec4c03ad337e68e2d885f4,upcoming,Apex or osu chat,2023-09-02T04:00:00Z,https://www.twitch.tv/ilzenkion1,
34973abcef4e41b29add2b476ce0a7fb,upcoming,"今日感謝瑾瑜邀請到幼幼相見歡進行雜談,對於自己休息一個月後歸來看到自己的情況...,只能說百感交集",2023-09-02T16:00:00Z,https://www.twitch.tv/sweetcat_10450077,
2450f1c7cf8f46c8aa30afaa922c9642,upcoming,最近都是突發,2023-09-02T21:25:00Z,https://www.twitch.tv/setsurei0227,
49393dd4bc284768852b0d4f9bba2ec8,upcoming,【AmongUS】首次登船能不被爆打嗎！？#珍奶茗璐ft.豪多人,2023-09-03T12:00:00Z,https://www.twitch.tv/tapiokalop,
a0467c81a3014fbf83029acffe5b1d3f,upcoming,每週例行麻將大會！歡迎觀眾參加,2023-09-03T12:30:00Z,https://www.twitch.tv/najathepangolin,
823311ac8226476e8d1e323f536bf8b1,upcoming,下午14:00~17:30在主委的V曲龍虎榜 深夜雜談做週表~~,2023-09-03T17:30:00Z,https://www.twitch.tv/kujosenko,
de8c5ca15afd4534a822e5a1a9c2784e,upcoming,每周星期一的歌回和雜談,2023-09-04T09:00:00Z,https://www.twitch.tv/yakodesu,
a89f7ee46cc14dff93675ce5bb82a692,upcoming,藍色星期一有藍色小妖精✨,2023-09-04T11:30:00Z,https://www.twitch.tv/eveliacridland,
04ed1803aaf0436eb41687f22e28ad20,upcoming,可能出沒時間,2023-09-04T12:30:00Z,https://www.twitch.tv/billy10002,
5b85294949544a5f8855715acadf66a5,upcoming,✦ ✧ ✦週一讀書夜，島嶼擱淺：黑日雨✦ ✧ ✦,2023-09-04T14:30:00Z,https://www.twitch.tv/cesium_cat,
e41bf48a09d64e4aa3d96064a9a63b08,upcoming,【魔物獵人:崛起】魔物獵人PC打起來٩(◦`꒳´◦)۶自由參加場,2023-09-05T12:00:00Z,https://www.twitch.tv/azuchiron,
9272afe9ef72434082d9b5621857afd0,upcoming,【懷舊系列遊戲】失戀換男友＝結婚？貓姬若的最後時光 | 新式PK陪聊型Vtuber遊戲直播,2023-09-05T12:30:00Z,https://www.twitch.tv/gilma04,
7a9b7ab0d5bd411195d77800ff778a90,upcoming,沒有固定時間,2023-09-06T04:00:00Z,https://www.twitch.tv/1128wedge,
228427b15b964f1396b5a7b5eb224a21,upcoming,Asteria配音時間，一起來聽劇本、閒聊吧！,2023-09-06T12:00:00Z,https://www.twitch.tv/asterialive0503,
444dcf020b27400087d2b2b21135033c,upcoming,林間盃日麻,2023-09-06T12:00:00Z,https://www.twitch.tv/v_hanasakiayame,
d7b96c6024ce479f9b8f8c0a5439c9af,upcoming,"Ori Day ! ",2023-09-06T13:00:00Z,https://www.twitch.tv/rittan0x0,
d8b0b4e36c614d328620461a295572a1,upcoming,,2023-09-07T11:30:00Z,https://www.twitch.tv/jumpshi,
0c09a69445864b44adbba11b487f9b1a,upcoming,做連動封面圖！努力開台衝門檻！,2023-09-07T11:30:00Z,https://www.twitch.tv/amane_tainan,
090be1be8d29429183e190e22fc4be22,upcoming,試試看這ㄍ功能【Ness9s奈斯糖】,2023-09-07T12:00:00Z,https://www.twitch.tv/ness9s1222,
048b1a247cbb4eaa985d7311dc651945,upcoming,【雜談】人生鬼故事聊天台,2023-09-07T13:00:00Z,https://www.twitch.tv/yiyue_maple,
4efffd7632e94c9faad30a543c3e1150,upcoming,,2023-09-08T11:30:00Z,https://www.twitch.tv/aveza_manon,
abda6c94394b47ba885c34417e3a4d08,upcoming,【🔴Live】雑談 ! 正太貓貓的伴眠時間 ! / 伊沢悠人,2023-09-08T15:00:00Z,https://www.twitch.tv/izawayuuto0726,
b96f58f4373a4b65977afe5f2829e9e4,upcoming,プロセカ,2023-09-08T15:30:00Z,https://www.twitch.tv/cieloneve_,
f6a4e7aa8d0c4e5cb39d199845ec4d02,upcoming,APEX特化,2023-09-08T17:00:00Z,https://www.twitch.tv/vtuber_amiru,
cef544ae38ec4c03ad337e68e2d885f4,upcoming,Apex or osu chat,2023-09-09T04:00:00Z,https://www.twitch.tv/ilzenkion1,
34973abcef4e41b29add2b476ce0a7fb,upcoming,"今日感謝瑾瑜邀請到幼幼相見歡進行雜談,對於自己休息一個月後歸來看到自己的情況...,只能說百感交集",2023-09-09T16:00:00Z,https://www.twitch.tv/sweetcat_10450077,
2450f1c7cf8f46c8aa30afaa922c9642,upcoming,最近都是突發,2023-09-09T21:25:00Z,https://www.twitch.tv/setsurei0227,
49393dd4bc284768852b0d4f9bba2ec8,upcoming,【AmongUS】首次登船能不被爆打嗎！？#珍奶茗璐ft.豪多人,2023-09-10T12:00:00Z,https://www.twitch.tv/tapiokalop,
a0467c81a3014fbf83029acffe5b1d3f,upcoming,每週例行麻將大會！歡迎觀眾參加,2023-09-10T12:30:00Z,https://www.twitch.tv/najathepangolin,
823311ac8226476e8d1e323f536bf8b1,upcoming,下午14:00~17:30在主委的V曲龍虎榜 深夜雜談做週表~~,2023-09-10T17:30:00Z,https://www.twitch.tv/kujosenko,
de8c5ca15afd4534a822e5a1a9c2784e,upcoming,每周星期一的歌回和雜談,2023-09-11T09:00:00Z,https://www.twitch.tv/yakodesu,
a89f7ee46cc14dff93675ce5bb82a692,upcoming,藍色星期一有藍色小妖精✨,2023-09-11T11:30:00Z,https://www.twitch.tv/eveliacridland,
04ed1803aaf0436eb41687f22e28ad20,upcoming,可能出沒時間,2023-09-11T12:30:00Z,https://www.twitch.tv/billy10002,
5b85294949544a5f8855715acadf66a5,upcoming,✦ ✧ ✦週一讀書夜，島嶼擱淺：黑日雨✦ ✧ ✦,2023-09-11T14:30:00Z,https://www.twitch.tv/cesium_cat,
e41bf48a09d64e4aa3d96064a9a63b08,upcoming,【魔物獵人:崛起】魔物獵人PC打起來٩(◦`꒳´◦)۶自由參加場,2023-09-12T12:00:00Z,https://www.twitch.tv/azuchiron,
9272afe9ef72434082d9b5621857afd0,upcoming,【懷舊系列遊戲】失戀換男友＝結婚？貓姬若的最後時光 | 新式PK陪聊型Vtuber遊戲直播,2023-09-12T12:30:00Z,https://www.twitch.tv/gilma04,
7a9b7ab0d5bd411195d77800ff778a90,upcoming,沒有固定時間,2023-09-13T04:00:00Z,https://www.twitch.tv/1128wedge,
228427b15b964f1396b5a7b5eb224a21,upcoming,Asteria配音時間，一起來聽劇本、閒聊吧！,2023-09-13T12:00:00Z,https://www.twitch.tv/asterialive0503,
444dcf020b27400087d2b2b21135033c,upcoming,林間盃日麻,2023-09-13T12:00:00Z,https://www.twitch.tv/v_hanasakiayame,
d7b96c6024ce479f9b8f8c0a5439c9af,upcoming,"Ori Day ! ",2023-09-13T13:00:00Z,https://www.twitch.tv/rittan0x0,
d8b0b4e36c614d328620461a295572a1,upcoming,,2023-09-14T11:30:00Z,https://www.twitch.tv/jumpshi,
0c09a69445864b44adbba11b487f9b1a,upcoming,做連動封面圖！努力開台衝門檻！,2023-09-14T11:30:00Z,https://www.twitch.tv/amane_tainan,
090be1be8d29429183e190e22fc4be22,upcoming,試試看這ㄍ功能【Ness9s奈斯糖】,2023-09-14T12:00:00Z,https://www.twitch.tv/ness9s1222,
048b1a247cbb4eaa985d7311dc651945,upcoming,【雜談】人生鬼故事聊天台,2023-09-14T13:00:00Z,https://www.twitch.tv/yiyue_maple,
4efffd7632e94c9faad30a543c3e1150,upcoming,,2023-09-15T11:30:00Z,https://www.twitch.tv/aveza_manon,
abda6c94394b47ba885c34417e3a4d08,upcoming,【🔴Live】雑談 ! 正太貓貓的伴眠時間 ! / 伊沢悠人,2023-09-15T15:00:00Z,https://www.twitch.tv/izawayuuto0726,
b96f58f4373a4b65977afe5f2829e9e4,upcoming,プロセカ,2023-09-15T15:30:00Z,https://www.twitch.tv/cieloneve_,
f6a4e7aa8d0c4e5cb39d199845ec4d02,upcoming,APEX特化,2023-09-15T17:00:00Z,https://www.twitch.tv/vtuber_amiru,