VTuber ID,Video Type,Title,Publish Time,URL,Thumbnail URL
28a930938667442288010b333937e2ab,live,【焦兒】旗袍影片上傳YT了！今天又是雀魂DAY| @joerze |!YT 看台裝7tv,2023-07-21T11:30:13Z,https://www.twitch.tv/joerze,https://static-cdn.jtvnw.net/previews-ttv/live_user_joerze-{width}x{height}.jpg
bb21226dc1db41e294f545133948115b,live,07/22【愛絲娜祈】出門✨做什麼不重要重要的是我✨【TW/JP/EN】,2023-07-21T14:48:57Z,https://www.twitch.tv/ice_nagi,https://static-cdn.jtvnw.net/previews-ttv/live_user_ice_nagi-{width}x{height}.jpg
53707f0116dc4fca8614ac7139e40b83,live,【加班台：第二回】2023年7月21日 萌妹新世界篇章開啟！【喪屍迪】#台灣vtuber,2023-07-21T20:27:40Z,https://www.twitch.tv/siaodi12398,https://static-cdn.jtvnw.net/previews-ttv/live_user_siaodi12398-{width}x{height}.jpg
9e64bba43928414884503de36f805c48,live,7/22 YT有新片 恐怖遊戲改明天或後天 | 一百萬忠誠點數抽最新的哀鳳 | 789月自主訂閱抽神秘小禮包 | !YT !椅子 !滑鼠,2023-07-21T23:31:50Z,https://www.twitch.tv/wen620,https://static-cdn.jtvnw.net/previews-ttv/live_user_wen620-{width}x{height}.jpg
76a17ecab93c4c3db069c9a5d8d0ecf5,live,【2023/07/22 @chiami911 】加班台 Day 9 | 感謝揪團，感謝追隨 | 掛台音量可以調成1% | !DC !飯友 !加班,2023-07-22T00:02:40Z,https://www.twitch.tv/chiami911,https://static-cdn.jtvnw.net/previews-ttv/live_user_chiami911-{width}x{height}.jpg
3750eae778e9453eaeee75956a8dabc6,live,【✦𝟎𝟕𝟐𝟐】第九天加班台，無畫面工作台，人生黑白的 / 追隨一律感謝  / !DC !芒化 !坐,2023-07-22T00:16:43Z,https://www.twitch.tv/mangxiang782,https://static-cdn.jtvnw.net/previews-ttv/live_user_mangxiang782-{width}x{height}.jpg
887b37336c9c4730809ace8b5e38df17,live,Drop🎁掉寶🌿訂閱領桌布❤ @isyourlulu ฅ^•ﻌ•^ฅ 🌸迷蝶香福利 !DC,2023-07-22T00:23:58Z,https://www.twitch.tv/isyourlulu,https://static-cdn.jtvnw.net/previews-ttv/live_user_isyourlulu-{width}x{height}.jpg
6d76e6b27f164061a216ec2831bd8dd3,live,這周的7日殺!,2023-07-22T02:04:07Z,https://www.twitch.tv/eihraz,https://static-cdn.jtvnw.net/previews-ttv/live_user_eihraz-{width}x{height}.jpg
6908430ccb204a1b9d95ee7a1711cae3,live,【蘆葦🌾】7/22 帶我,2023-07-22T02:16:13Z,https://www.twitch.tv/luweibaby,https://static-cdn.jtvnw.net/previews-ttv/live_user_luweibaby-{width}x{height}.jpg
943129b96d2341bcb7b25a66c9da2354,live,🔥魔王🔥 0722 生日古戰場 @harnaisxsumire | https://kick.com/harnaisxsumire,2023-07-22T02:57:31Z,https://www.twitch.tv/harnaisxsumire,https://static-cdn.jtvnw.net/previews-ttv/live_user_harnaisxsumire-{width}x{height}.jpg
28e6f7c12a3b45899e7508058f926af9,live,7/22 死靈賽季imba 點歌!sr !棉花糖 !dc【國/粵/ENG】,2023-07-22T03:42:25Z,https://www.twitch.tv/phivy,https://static-cdn.jtvnw.net/previews-ttv/live_user_phivy-{width}x{height}.jpg
9d9c6477329245cbb2557895f4f15686,live,明天下午三點瑞士帝亞  /ᐠ. ̫ .ᐟ\  !YT  @iitifox   ⸜♡⸝  !LINE !周邊 !VPN 自主訂閱要記得去DC領瑟圖耶...,2023-07-22T03:49:18Z,https://www.twitch.tv/iitifox,https://static-cdn.jtvnw.net/previews-ttv/live_user_iitifox-{width}x{height}.jpg
46a16e41f2af4523adeb4556f2e0b0d5,live,[國/粵] 7/22  ٩(๑´д`๑)۶ﻌﻌﻌ ♥ ❤︎,2023-07-22T05:04:23Z,https://www.twitch.tv/gogo_1205,https://static-cdn.jtvnw.net/previews-ttv/live_user_gogo_1205-{width}x{height}.jpg
1756e5a7f5a04ff6a7b5f482201b5cfc,live,【iZ4】7/22｜嘻嘻...想不到吧｜!加班、!精華、!週邊 @kiyomi425alice,2023-07-22T05:19:00Z,https://www.twitch.tv/kiyomi425alice,https://static-cdn.jtvnw.net/previews-ttv/live_user_kiyomi425alice-{width}x{height}.jpg
d576c2396a004f3c8dd91baf14254898,live,7/22 今天能打完嗎,2023-07-22T05:28:09Z,https://www.twitch.tv/7yananaha,https://static-cdn.jtvnw.net/previews-ttv/live_user_7yananaha-{width}x{height}.jpg
a0467c81a3014fbf83029acffe5b1d3f,live,||立牌開賣了 !辣妹立牌【倒楣穿山甲鈉鉀NAJA】7TV !fb,2023-07-22T05:49:55Z,https://www.twitch.tv/najathepangolin,https://static-cdn.jtvnw.net/previews-ttv/live_user_najathepangolin-{width}x{height}.jpg
c51f84b3ec9c4501a364a6a4982fa284,live,【中文/English】🎁Secret Box Drops Enable🎁 我愛永恆輪迴 有ER問題都可以問  !kick !星鐵 !伺服器 !7tv !六連殺 !隊友 點歌打!sr｜🌪風絮 @fengxu_vt,2023-07-22T06:03:34Z,https://www.twitch.tv/fengxu_vt,https://static-cdn.jtvnw.net/previews-ttv/live_user_fengxu_vt-{width}x{height}.jpg
4b1df07f3a3443f8a7edd00323f2814f,live,7/22 DDDD賽季開始啦~~~,2023-07-22T06:06:37Z,https://www.twitch.tv/algae0619,https://static-cdn.jtvnw.net/previews-ttv/live_user_algae0619-{width}x{height}.jpg
5fbf4f6751f24d03a5723670cd500aca,live,【阿柴】聽說打瓦很快樂| 7/22 Sun.[中/Eng] 委託開放中 !委託 !DC !抖內,2023-07-22T06:23:18Z,https://www.twitch.tv/qianchai_cc,https://static-cdn.jtvnw.net/previews-ttv/live_user_qianchai_cc-{width}x{height}.jpg
aef2ed42d49343f28394b6335695b5ac,live,Warframe 7/22,2023-07-22T06:46:06Z,https://www.twitch.tv/yuncream,https://static-cdn.jtvnw.net/previews-ttv/live_user_yuncream-{width}x{height}.jpg
4d96aeef13f949e19026682e337db138,live,【芮德G碧露】7/22    跟澪0一起解謎山海旅人囉~! FT. @mio_1005 |2D蘿莉v皮募集中!|有Paypal可以用啦!!,2023-07-22T07:00:30Z,https://www.twitch.tv/redgreenbluee,https://static-cdn.jtvnw.net/previews-ttv/live_user_redgreenbluee-{width}x{height}.jpg
f44835c18dac441f910f4eb821ffd7ce,live,[Yukki] 7/22 薩爾達：王國之淚 Part 12 | 我們回到了熟悉的地方 🔔!yt🔔Ps: 新的 short 上線了,2023-07-22T07:01:46Z,https://www.twitch.tv/yukkiwee,https://static-cdn.jtvnw.net/previews-ttv/live_user_yukkiwee-{width}x{height}.jpg
bf277797951346fe991c27c79a6c5081,live,07/22【兔兔】早安你好我有刃拉，先鐵道後原神   |“紫勾送審中” 有空幫掛台謝謝  (◍•ᴗ•◍)❤   |禁止劇透,2023-07-22T07:07:28Z,https://www.twitch.tv/rabbit1102,https://static-cdn.jtvnw.net/previews-ttv/live_user_rabbit1102-{width}x{height}.jpg
8b810380ed254a5e8a85b65552ba4e61,live,【七兔】7/22 吃吃｜!DC !點歌 !YT !FB !VIP｜ @nayomi0204,2023-07-22T07:19:53Z,https://www.twitch.tv/nayomi0204,https://static-cdn.jtvnw.net/previews-ttv/live_user_nayomi0204-{width}x{height}.jpg
7754a4ea82814b7fbbecfcf459382001,live,【♡阿咪老蘇♡】7/22❣ !周邊!耳膜❣  我有血輪眼 我可以車速200嗎   @kuvonne ᏊᎣꈊᎣᏊ♡,2023-07-22T07:20:21Z,https://www.twitch.tv/qmi_uwumai0612,https://static-cdn.jtvnw.net/previews-ttv/live_user_qmi_uwumai0612-{width}x{height}.jpg
86a9d44f3d7c47769122c762db7c37e9,live,［V｜加班DAY02］加班人再度上線，請趕快來陪我加班！｜掛台感謝｜初見大歡迎！｜BONK｜忠誠點數已更新｜ @nambyul_006,2023-07-22T07:22:21Z,https://www.twitch.tv/nambyul_006,https://static-cdn.jtvnw.net/previews-ttv/live_user_nambyul_006-{width}x{height}.jpg
fd6a0236861940389e15ef85b16c6069,live,7/22 ✧ 咩咩~起床拉！活動表單記得填寫哦~! ₍ᐢ •͈ ༝ •͈ ᐢ₎♡ | !鏈接!表單,2023-07-22T07:35:24Z,https://www.twitch.tv/hennie2001,https://static-cdn.jtvnw.net/previews-ttv/live_user_hennie2001-{width}x{height}.jpg
fdb0805c65e24f13b7f23e50e0db8ae2,live,🔴[暑假加班台DAY13]  主播去吃飯~週六Party嗨起乃 | !加班台 !加班台抽獎 !月喵盃 !賽事抽獎 !暑假最愛,2023-07-22T07:52:22Z,https://www.twitch.tv/lunymeow_tw,https://static-cdn.jtvnw.net/previews-ttv/live_user_lunymeow_tw-{width}x{height}.jpg
3809ec8a42634d11aa1b7b8f99755c6a,live,【花花】7/22 py好辣 幫忙350訂閱!  周邊上架!  !周邊 | !委託 |  !line貼圖,2023-07-22T07:54:15Z,https://www.twitch.tv/mayberuu,https://static-cdn.jtvnw.net/previews-ttv/live_user_mayberuu-{width}x{height}.jpg
2e266a71aa3d4a67bb8d9a2a0b573319,live,【仔魚】07/22┃!line !周邊 !VOD !糯米 @ZIIFISH,2023-07-22T08:03:45Z,https://www.twitch.tv/ziifish,https://static-cdn.jtvnw.net/previews-ttv/live_user_ziifish-{width}x{height}.jpg
a17fcdf32a124beba3fba16299aed2b3,live,7/22 先破解謎案再潛水 ♡｜!YT !委託 !推特,2023-07-22T08:13:22Z,https://www.twitch.tv/chikayan,https://static-cdn.jtvnw.net/previews-ttv/live_user_chikayan-{width}x{height}.jpg
55e9448a0a9040f99dc8ea1cf86cbad5,live,話少 看完醫生打u系   !7tv,2023-07-22T08:13:56Z,https://www.twitch.tv/takigawananaha,https://static-cdn.jtvnw.net/previews-ttv/live_user_takigawananaha-{width}x{height}.jpg
8064b5c85fc64d10ae3e9d3a4c0dfd8f,live,【廟口石頭村】hahamida | 請去我的推特看粉叫,2023-07-22T08:21:44Z,https://www.twitch.tv/hahacocm,https://static-cdn.jtvnw.net/previews-ttv/live_user_hahacocm-{width}x{height}.jpg
0bf9cacb06354af1a90efc4198546994,live,還是喜歡飢荒，探圖day1,2023-07-22T08:24:12Z,https://www.twitch.tv/firururu,https://static-cdn.jtvnw.net/previews-ttv/live_user_firururu-{width}x{height}.jpg
0a000a22ebd84abf860bcd5ef0a5ed60,live,共同視聽#36《銀之匙第二季》4~12 先玩一下崩鐵晚點看,2023-07-22T08:34:44Z,https://www.twitch.tv/nekokatsu_0104,https://static-cdn.jtvnw.net/previews-ttv/live_user_nekokatsu_0104-{width}x{height}.jpg
058021ae015448cda91651a6bd41cdc6,live,【R常態遊戲】虔誠信教，困困將賜予你們混亂與雞腿(X),2023-07-22T08:47:43Z,https://www.twitch.tv/komaru0611,https://static-cdn.jtvnw.net/previews-ttv/live_user_komaru0611-{width}x{height}.jpg
0e9aeecbe8f04a62ab781cf2e520eba0,live,0722 今天當武俠 好ㄇ |【嘎旋 @shen_0828 】| !加班 !DC !貼圖 !點歌 +看臺安裝7tv,2023-07-22T08:51:01Z,https://www.twitch.tv/shen_0828,https://static-cdn.jtvnw.net/previews-ttv/live_user_shen_0828-{width}x{height}.jpg
6b36f446b10e4ea99d5d80d60beeee21,live,"🌊 [EN/中] Edit abit, later gaming 🌊 | @venicec ｜!kick !socials !voice !throne",2023-07-22T09:10:31Z,https://www.twitch.tv/venicec,https://static-cdn.jtvnw.net/previews-ttv/live_user_venicec-{width}x{height}.jpg
a84b1b6deabc462b9cf994fd02304b5b,live,【APEX好像出了新的單人任務，摸一下】,2023-07-22T09:17:11Z,https://www.twitch.tv/uriah0616,https://static-cdn.jtvnw.net/previews-ttv/live_user_uriah0616-{width}x{height}.jpg
502f8130b1c04139a8c1933801f479b4,live,-2,2023-07-22T09:19:06Z,https://www.twitch.tv/popopollyy,https://static-cdn.jtvnw.net/previews-ttv/live_user_popopollyy-{width}x{height}.jpg
bb56715066e548c297232372a16ab083,live,7/21【EN/CH】 來建立帝國 我來 我建 我征服,2023-07-22T09:27:13Z,https://www.twitch.tv/bright_sliver,https://static-cdn.jtvnw.net/previews-ttv/live_user_bright_sliver-{width}x{height}.jpg
52ff14aabd804801a6e589681fc2fb4d,live,殘月 EclipseYuki 封印者/小米 楓之谷/普利特/卡蒂娜 艾爾之光/VI,2023-07-22T09:46:04Z,https://www.twitch.tv/eclipseyuki,https://static-cdn.jtvnw.net/previews-ttv/live_user_eclipseyuki-{width}x{height}.jpg
9b33b75521bd43bca3346790ac65559c,live,7/22 ❰荻娜❱ 隻狼 - 蝶夫人請您自重 @mtow9140 l 訂閱YT定期上片 l !轉盤 !民代 !YT,2023-07-22T09:51:49Z,https://www.twitch.tv/mtow9140,https://static-cdn.jtvnw.net/previews-ttv/live_user_mtow9140-{width}x{height}.jpg
3c5b24ec5e7e4451a917bb1683298c05,upcoming,【遊戲】哥布林學魔法✡️ 心情好就打LOL！【羽宮奈奈】,2023-07-22T10:00:00Z,https://www.twitch.tv/hakunana1203,
e17f42aa104040deae2ee3f3b1e85ed8,live,【肉肉薔蒔】7/22,2023-07-22T10:36:06Z,https://www.twitch.tv/aishakumo,https://static-cdn.jtvnw.net/previews-ttv/live_user_aishakumo-{width}x{height}.jpg
3584322d47f14c7aa8f6e98511d3c54a,live,【KOKIA25周年同步視聽】｜生日快樂！ @SeveNIne079 #07/22｜ 柒玖,2023-07-22T10:45:34Z,https://www.twitch.tv/sevenine079,https://static-cdn.jtvnw.net/previews-ttv/live_user_sevenine079-{width}x{height}.jpg
f99b7c49c1c8472681987ac2d1ff87bc,live,🇨🇭瑞士戶外台🇨🇭坐火車到因特拉肯了！ !vt去哪裡 !周邊 !日程 !7tv !剪輯 !午餐幫 !VPN,2023-07-22T10:52:53Z,https://www.twitch.tv/restiafps,https://static-cdn.jtvnw.net/previews-ttv/live_user_restiafps-{width}x{height}.jpg
7531ceacd52e43b4a29ba4dc18a3f56c,live,休息了兩天 我家大躍進 9點賽馬比賽 | 0722,2023-07-22T10:56:19Z,https://www.twitch.tv/aliengee,https://static-cdn.jtvnw.net/previews-ttv/live_user_aliengee-{width}x{height}.jpg
2bffdc20e3cb48de9bf46600f62d248e,live,【王者荣耀】7/22  （ROG 6 Pro）【冬夜Toya】,2023-07-22T11:01:03Z,https://www.twitch.tv/natsutoya,https://static-cdn.jtvnw.net/previews-ttv/live_user_natsutoya-{width}x{height}.jpg
5db725f32b5e4e1380ad64110b88c91d,live,【鋼鐵雄心4-現代模組系列】我不當V了 來轉生成美國總統!!! (millennium dawn),2023-07-22T11:03:47Z,https://www.twitch.tv/shirahamaakine,https://static-cdn.jtvnw.net/previews-ttv/live_user_shirahamaakine-{width}x{height}.jpg
8150f530d858418282811429cc32622b,live,{直播中}Minecraft❗驚悚解謎❗《童言無忌Remake》 #Minecraft { #欣希亞Live } #Vtuber #TWVtuber #麥塊 #台V #夢想之都工作室 #童言無忌Remake,2023-07-22T11:05:25Z,https://www.twitch.tv/mengcynia,https://static-cdn.jtvnw.net/previews-ttv/live_user_mengcynia-{width}x{height}.jpg
ae3145f6e8214fe2a23a2aa4a91e7103,live,主包無畫面畫圖中｜FF41-8/20(日)-H35  @uami0420 歡迎找我玩！｜有阿凜的競標 @ichinoserintsuki 跟自己繪製的商品｜!dc｜!cos,2023-07-22T11:08:13Z,https://www.twitch.tv/uami0420,https://static-cdn.jtvnw.net/previews-ttv/live_user_uami0420-{width}x{height}.jpg
58bb51ba1bba485a98cbf859fb5687f4,live,有歌單歌回 只要我跑得夠快就不會有人說我難聽,2023-07-22T11:10:40Z,https://www.twitch.tv/zhanxi0225,https://static-cdn.jtvnw.net/previews-ttv/live_user_zhanxi0225-{width}x{height}.jpg
b80c21b76e7849f0a0fa94194fe2ad4b,live,【RUST】睡醒了！今天要玩新遊戲！｜feat. @baifuyin,2023-07-22T11:13:22Z,https://www.twitch.tv/ronimacavtb,https://static-cdn.jtvnw.net/previews-ttv/live_user_ronimacavtb-{width}x{height}.jpg
6159040406fc4e6cb73dbf9734717703,live,【初雨】7/22  DBD之瘋狂下板護士醜到吐阿奶盃開打！主台： @hakukuo  ✿ !dc !yt !歌單 !點歌,2023-07-22T11:26:29Z,https://www.twitch.tv/drizzlingnight,https://static-cdn.jtvnw.net/previews-ttv/live_user_drizzlingnight-{width}x{height}.jpg
a8bee4c680a54cf29b34d90bf7230ab1,live,【JP+CN】眠くなる多分！大概會愛睏！,2023-07-22T11:30:01Z,https://www.twitch.tv/kohi0501,https://static-cdn.jtvnw.net/previews-ttv/live_user_kohi0501-{width}x{height}.jpg
31f4c00be9eb41a1a6be0356614048fd,live,【参加◎】誰でも参加OK！Vtuberスタイルの8月号に出る[EN/JPN/CN],2023-07-22T11:31:30Z,https://www.twitch.tv/yeee_shen,https://static-cdn.jtvnw.net/previews-ttv/live_user_yeee_shen-{width}x{height}.jpg
07b9e0f7118446be96cc2d12f5d8ad02,live,新貼圖想法募集中 新貼圖 lattedOra lattedKo (⊙д⊙) !周邊 !yt !貼圖【Latte Ch. ☕ ／個人Vtuber】,2023-07-22T11:40:41Z,https://www.twitch.tv/latteda_,https://static-cdn.jtvnw.net/previews-ttv/live_user_latteda_-{width}x{height}.jpg
3cfc2b54a543469b92a95ff1e3f1da54,live,春日哈娜比/ 今日[任務 拿瑪吉對隊友玩保齡球  @iamhanabicat,2023-07-22T11:43:08Z,https://www.twitch.tv/iamhanabicat,https://static-cdn.jtvnw.net/previews-ttv/live_user_iamhanabicat-{width}x{height}.jpg
d2e2645a97a14ce4b58a7884c0e6ec56,live,【RRR】開一下台但我不知道要幹嘛｜ ｜,2023-07-22T11:50:27Z,https://www.twitch.tv/ruyuidesu,https://static-cdn.jtvnw.net/previews-ttv/live_user_ruyuidesu-{width}x{height}.jpg
1145b6f48caf4756a889a437025c3db2,live,【雙人成行】#3 第3章後半開跑！繼續手殘的崩潰之旅｡ﾟヽ(ﾟ´Д`)ﾉﾟ｡｜It Takes Two,2023-07-22T11:51:09Z,https://www.twitch.tv/greenraisa,https://static-cdn.jtvnw.net/previews-ttv/live_user_greenraisa-{width}x{height}.jpg
9a7b7c9c31da44aca5a68395a2e69488,live,新感覚！無声透明Vtuber放送中,2023-07-22T11:51:29Z,https://www.twitch.tv/trombeningen,https://static-cdn.jtvnw.net/previews-ttv/live_user_trombeningen-{width}x{height}.jpg
70a7428607b845fc959fb7d4859d018b,live,7/22 ◇   | 原創歌曲籌備中 day50 ｜  !唱,2023-07-22T11:53:02Z,https://www.twitch.tv/zona181227,https://static-cdn.jtvnw.net/previews-ttv/live_user_zona181227-{width}x{height}.jpg
d7b96c6024ce479f9b8f8c0a5439c9af,live,[JP] チーム時差2時間・本番だと？@hanamiyaunagi @rsaan1231 | !TimeDiff !custom !rules,2023-07-22T11:56:13Z,https://www.twitch.tv/rittan0x0,https://static-cdn.jtvnw.net/previews-ttv/live_user_rittan0x0-{width}x{height}.jpg
09945e9139af4f3a96e6adfd73139d35,live,『雜談家庭會議』我會跟燒燒永遠在一起。,2023-07-22T11:57:48Z,https://www.twitch.tv/mayko0327,https://static-cdn.jtvnw.net/previews-ttv/live_user_mayko0327-{width}x{height}.jpg
3dc59c2e8b424c9e812fb48048ebdef8,live,7/22【Library of Ruina 廢墟圖書館】讓我們隆重歡迎色彩級泡茶選手！,2023-07-22T11:58:16Z,https://www.twitch.tv/chishima_neu,https://static-cdn.jtvnw.net/previews-ttv/live_user_chishima_neu-{width}x{height}.jpg
dc3e05e0c12b4e0a93dc230f30925ee0,live,【跨年加班台】賓U歡樂日！ || !加班 !愛心餅乾,2023-07-22T11:58:20Z,https://www.twitch.tv/toast_meow,https://static-cdn.jtvnw.net/previews-ttv/live_user_toast_meow-{width}x{height}.jpg
c194064ba23845cd9ef020dd9db79895,live,【人中之龍馬拉松】人中之龍5 remastered 品田辰雄篇 !周邊(中文/日本語)【狐依琉璃】,2023-07-22T11:58:54Z,https://www.twitch.tv/sakura_wa01,https://static-cdn.jtvnw.net/previews-ttv/live_user_sakura_wa01-{width}x{height}.jpg
6382b9b41bc64b5c9e803027622c460b,live,"【安尼歐Anio】 7/22 大馬獸1,2, Switch合作直播~ ft. Benben collie, haowolf, otoko",2023-07-22T11:59:23Z,https://www.twitch.tv/aniollama0826,https://static-cdn.jtvnw.net/previews-ttv/live_user_aniollama0826-{width}x{height}.jpg
32b83b466c11418bb380623a95944302,live,【無界V】和家族一起瑪利歐賽車8~ (日文為主的直播唷),2023-07-22T11:59:45Z,https://www.twitch.tv/mao_mukai,https://static-cdn.jtvnw.net/previews-ttv/live_user_mao_mukai-{width}x{height}.jpg
6d1e2248e6844ac29d3f28d3b3e178f4,live,【愛梨】🐺探索琉形蜃境囉ヾ(´∀ ˋ)ﾉ｜ 掛台感謝 超愛你們 ヾ(´∀ ˋ)ﾉ｜ @Ookamiaily ｜ 2023/07/22,2023-07-22T11:59:56Z,https://www.twitch.tv/ookamiaily,https://static-cdn.jtvnw.net/previews-ttv/live_user_ookamiaily-{width}x{height}.jpg
de81b740d66c439685aa37491d27efc4,upcoming,固定直播日,2023-07-22T12:00:00Z,https://www.twitch.tv/lmpaper,
a83b6d485350402b90238deb371ae654,upcoming,星露谷,2023-07-22T12:00:00Z,https://www.twitch.tv/monna_nana,
aef2ed42d49343f28394b6335695b5ac,upcoming,,2023-07-22T12:00:00Z,https://www.twitch.tv/yuncream,
8b810380ed254a5e8a85b65552ba4e61,upcoming,飢餓七兔,2023-07-22T12:00:00Z,https://www.twitch.tv/nayomi0204,
6bf231719d5e485fa0cdee99905858d4,upcoming,雜談或小遊戲，偶爾會開ASMR,2023-07-22T12:00:00Z,https://www.twitch.tv/xiaoke0109,
d7b96c6024ce479f9b8f8c0a5439c9af,upcoming,"Custom ",2023-07-22T12:00:00Z,https://www.twitch.tv/rittan0x0,
a7bb915cc1a0474080d7dbf6d245daf4,upcoming,日常幹话台 【CN/EN】,2023-07-22T12:00:00Z,https://www.twitch.tv/tatsuya_rei,
ee5418c900a7400fa44c821eaaca0218,live,20230722 土有利古戰場盃土芒果運彩 DAY 4,2023-07-22T12:00:18Z,https://www.twitch.tv/shounenwind,https://static-cdn.jtvnw.net/previews-ttv/live_user_shounenwind-{width}x{height}.jpg
94c7cb6122bd4dcab2d8660ddc5f5508,live,【#ゼルダの伝説ティアーズオブザキングダム】研究室から＃18【薩爾達傳說 王國之淚 中文ver. 】,2023-07-22T12:00:29Z,https://www.twitch.tv/doumekikuki,https://static-cdn.jtvnw.net/previews-ttv/live_user_doumekikuki-{width}x{height}.jpg
d035333252764e9e8376858cde0b3bca,live,【文字獄】第五獄 - 廁所?!｜!指令 !雞排,2023-07-22T12:00:35Z,https://www.twitch.tv/cexinkokoro,https://static-cdn.jtvnw.net/previews-ttv/live_user_cexinkokoro-{width}x{height}.jpg
7179f903569e4fa9842b5c5ea3f7a645,live,【戰神4 GodofWar】#1 戰神初見！【ZIJI Ch. 紫薊 】 #vtuber #台V #戰神GodofWar,2023-07-22T12:00:45Z,https://www.twitch.tv/ziji9258,https://static-cdn.jtvnw.net/previews-ttv/live_user_ziji9258-{width}x{height}.jpg
1f8e9051b89f40fea13780bcd4a8ef7d,live,【原神】涼夏樂園大秘境！繼續跑活動～,2023-07-22T12:00:47Z,https://www.twitch.tv/izumiyuuya,https://static-cdn.jtvnw.net/previews-ttv/live_user_izumiyuuya-{width}x{height}.jpg
405cf0a502a6496bacfe7e49647e7e28,live,[altic_sou]緋紅之境-SP !工商 !緋紅之境 !問卷,2023-07-22T12:00:56Z,https://www.twitch.tv/altic_sou,https://static-cdn.jtvnw.net/previews-ttv/live_user_altic_sou-{width}x{height}.jpg
dc27d7819dac471f907e0ace5131580f,live,【Everybody 1-2-Switch!】居然只要手機就能一起玩~ @ryujinhibiki,2023-07-22T12:00:58Z,https://www.twitch.tv/ryujinhibiki,https://static-cdn.jtvnw.net/previews-ttv/live_user_ryujinhibiki-{width}x{height}.jpg
ec045a49833c4c2fa7b7012ca7544e18,live,大佬帶我打瓦,2023-07-22T12:01:14Z,https://www.twitch.tv/yami_vtb,https://static-cdn.jtvnw.net/previews-ttv/live_user_yami_vtb-{width}x{height}.jpg
b5c9831f97f4427a88a96d7c4ee40539,live,【蒔乃ほのか】7/22 原神「清夏！樂園？大秘境！」🪐｜@makino_honoka,2023-07-22T12:01:51Z,https://www.twitch.tv/makino_honoka,https://static-cdn.jtvnw.net/previews-ttv/live_user_makino_honoka-{width}x{height}.jpg
e73551cd98ec47388899522353fc89e3,live,【遊戲-TEKKEN8】鐵拳8封測搶先玩！,2023-07-22T12:02:02Z,https://www.twitch.tv/kitsunekon_0112,https://static-cdn.jtvnw.net/previews-ttv/live_user_kitsunekon_0112-{width}x{height}.jpg
9e3222bedec44f1a8fecdc237c020cbd,live,✨為什麼突然要狙擊訓練？因為我玩了NUKITASHI,2023-07-22T12:03:26Z,https://www.twitch.tv/winter4t2h,https://static-cdn.jtvnw.net/previews-ttv/live_user_winter4t2h-{width}x{height}.jpg
4cd7cb8b3c75478b9ab6c39f368ac591,live,【月宮日和】7/22 晚點煮爛,2023-07-22T12:03:48Z,https://www.twitch.tv/tsukimiyahiyori,https://static-cdn.jtvnw.net/previews-ttv/live_user_tsukimiyahiyori-{width}x{height}.jpg
ff1dd127b71b4c3597dcb53c47782994,live,Pacify｜7-15～8/15青燈T立牌預購中【青燈】 @q_ingdeng  @gaga_yiii  @nekobigbus 伊莉安娜,2023-07-22T12:03:52Z,https://www.twitch.tv/q_ingdeng,https://static-cdn.jtvnw.net/previews-ttv/live_user_q_ingdeng-{width}x{height}.jpg
ce013f56157740e59c7735bd51356260,live,【Zelda breath of the wild 2 】 Zelda of time!! EP6,2023-07-22T12:04:04Z,https://www.twitch.tv/nikamivt,https://static-cdn.jtvnw.net/previews-ttv/live_user_nikamivt-{width}x{height}.jpg
cd0b2f63c88e4b4abd5b83296a5d7866,live,"22/7 拳擊比賽ッ 喵bღ ❣❣❣ 歡迎Follow, 揪團, 幫掛台 (=• ω •=)み‐❣",2023-07-22T12:05:03Z,https://www.twitch.tv/me0wi3ai3y,https://static-cdn.jtvnw.net/previews-ttv/live_user_me0wi3ai3y-{width}x{height}.jpg
5535c9524eb046c38e172ebfa06b302f,live,🔵ASIA Lv68【崩壞：星穹鐵道】首次幫觀眾的健檢試營運! 遊玩至今有哪些問題呢? 半成品刃挑戰混沌回憶10層 ▹ @ruroroisme ◃,2023-07-22T12:05:42Z,https://www.twitch.tv/ruroroisme,https://static-cdn.jtvnw.net/previews-ttv/live_user_ruroroisme-{width}x{height}.jpg
afa3e309e41044c5bffe17466607d481,live,雪雪๐•ᴗ•๐ 7/22 A 12點22殺 @yukkkkiouo,2023-07-22T12:07:49Z,https://www.twitch.tv/yukkkkiouo,https://static-cdn.jtvnw.net/previews-ttv/live_user_yukkkkiouo-{width}x{height}.jpg
b596a01b8b6a48e4a96cb67b2d5cdccd,live,7/22 打點素材,2023-07-22T12:10:10Z,https://www.twitch.tv/eagle_egg,https://static-cdn.jtvnw.net/previews-ttv/live_user_eagle_egg-{width}x{height}.jpg
4fc02db3aab84e6cb526c02405d18c6e,live,綺尼婭【僵屍毀滅工程】人類拯救計劃 07/22 re:ep002 聽說這個城市裡面有一隻瘋狂的粉紅兔兔,2023-07-22T12:12:27Z,https://www.twitch.tv/qinya33,https://static-cdn.jtvnw.net/previews-ttv/live_user_qinya33-{width}x{height}.jpg
a2ca2eb4da5b4df3aa59637e1dbc260b,live,【遊戲雜談】週末晚上的 Coffee Talk  ☕️  2023.07.22,2023-07-22T12:13:27Z,https://www.twitch.tv/egret_r,https://static-cdn.jtvnw.net/previews-ttv/live_user_egret_r-{width}x{height}.jpg
eef7776c596141afb7efb9c1790bcb64,live,【莎夏實況】今天是連動! ft. @lin_yating_ @devilith_violustre @4harux3 @naruuuu1013 | 7 Days To Die,2023-07-22T12:15:11Z,https://www.twitch.tv/sasha_kermode,https://static-cdn.jtvnw.net/previews-ttv/live_user_sasha_kermode-{width}x{height}.jpg
9b424d3a99ef4fc3b17bc7fef92fefd3,live,【中文/EN】今天起來就頭痛了 現在好一點 |  !大師 !鍵鼠 ！apex休閑玩家| @zerovtuber44,2023-07-22T12:18:55Z,https://www.twitch.tv/zerovtuber44,https://static-cdn.jtvnw.net/previews-ttv/live_user_zerovtuber44-{width}x{height}.jpg
870465c233f0486eb5f710ede69af779,live,【同步視聽：Code Geass 反叛的魯路修Part.5】邁向第一季尾聲╰(*°▽°*)╯,2023-07-22T12:23:19Z,https://www.twitch.tv/noreen_cani,https://static-cdn.jtvnw.net/previews-ttv/live_user_noreen_cani-{width}x{height}.jpg
c88fdec84b7f4f2bb1c2e4983579050a,live,【今天繼續潛水推進度，可能鬼轉無畫面幫朋友清理電腦+幹話】,2023-07-22T12:28:21Z,https://www.twitch.tv/black_turtle_04,https://static-cdn.jtvnw.net/previews-ttv/live_user_black_turtle_04-{width}x{height}.jpg
33546b9ad5a8408589405f9467063dd7,live,✧啵妮✧ @boni_0x0 ✧ 啵今天染毛！超開心！一隻藍藍羊！✧ !sr ✧ 歌回工作台 ✧,2023-07-22T12:30:22Z,https://www.twitch.tv/boni_0x0,https://static-cdn.jtvnw.net/previews-ttv/live_user_boni_0x0-{width}x{height}.jpg
a89f7ee46cc14dff93675ce5bb82a692,live,☽ Anniversary ☾ 一週年後日談 ✧ @eveliacridland,2023-07-22T12:30:45Z,https://www.twitch.tv/eveliacridland,https://static-cdn.jtvnw.net/previews-ttv/live_user_eveliacridland-{width}x{height}.jpg
58e377df63f745fc8473368b20afe2ae,live,【#遊戲】Vol. 444: 失落史詩 LOST EPIC #3 - 繼續一小時玩遊戲系列，來打第一區域的王了,2023-07-22T12:31:46Z,https://www.twitch.tv/yuutatsubasa,https://static-cdn.jtvnw.net/previews-ttv/live_user_yuutatsubasa-{width}x{height}.jpg
310862830fb648b78cca7e581e2622a7,live,◆ ARK ◆ 找回我遺失的恐龍 //  !紫勾勾 !周邊印調 !350 !棉花糖 !劇情文 !鼠標 //【赤羽亞矢】,2023-07-22T12:34:52Z,https://www.twitch.tv/akahaneaya,https://static-cdn.jtvnw.net/previews-ttv/live_user_akahaneaya-{width}x{height}.jpg
a9986f3ad4f340f297e9eb132a05ac84,live,這是一款勵志遊戲 -.-+踩著別人往上爬?,2023-07-22T12:35:54Z,https://www.twitch.tv/malshinna,https://static-cdn.jtvnw.net/previews-ttv/live_user_malshinna-{width}x{height}.jpg
93f634fe42104563b8c2343813098b46,live,[VALOLOL] we are trolling in premier fr fr,2023-07-22T12:42:05Z,https://www.twitch.tv/marika_sumiko,https://static-cdn.jtvnw.net/previews-ttv/live_user_marika_sumiko-{width}x{height}.jpg
423ee3a5dbd549f19893a1823856b8dc,live,初體驗Resident Evil 7 Biohazard,2023-07-22T12:44:26Z,https://www.twitch.tv/zhnwng3,https://static-cdn.jtvnw.net/previews-ttv/live_user_zhnwng3-{width}x{height}.jpg
8b027d3a3f374c9c8398b6dd751e5018,live,【小笙】車廠｜ !人設 !傳送門 !自主訂閱 !魚乾 !恐龍扛狼,2023-07-22T12:44:46Z,https://www.twitch.tv/lisheng_tw,https://static-cdn.jtvnw.net/previews-ttv/live_user_lisheng_tw-{width}x{height}.jpg
b850c220033a4b6d83c9b9b70b04647b,live,【ฅ՞•ﻌ•՞ฅ玥兔】又來到惹積分環節～（茶｜!7tv｜,2023-07-22T12:45:41Z,https://www.twitch.tv/yue_rebbit,https://static-cdn.jtvnw.net/previews-ttv/live_user_yue_rebbit-{width}x{height}.jpg
3034b51ec8ad439fa7033773a72a5c4a,live,【阿弦】0722｜聊天畫圖(無畫面) ฅ•ω•ฅ,2023-07-22T12:46:19Z,https://www.twitch.tv/luxian1215,https://static-cdn.jtvnw.net/previews-ttv/live_user_luxian1215-{width}x{height}.jpg
7a88afc5eb644d76b35ed4ca968259bb,live,【 吧噗 🍦】7/21 okayge | !自主訂閱,2023-07-22T12:46:31Z,https://www.twitch.tv/babu_desu,https://static-cdn.jtvnw.net/previews-ttv/live_user_babu_desu-{width}x{height}.jpg
bf03fd8b5b55481590ea63338c5cdd20,live,7/22 PCS賽事分析 HPS vs BYG feat. @leilei945 / 晚上可能幫umi挑麥克風 @umii_u / 抽可莉卡池 / @komorikuma_vtuber / 7tv++,2023-07-22T12:51:24Z,https://www.twitch.tv/komorikuma_vtuber,https://static-cdn.jtvnw.net/previews-ttv/live_user_komorikuma_vtuber-{width}x{height}.jpg
8e858eb26f3b4ca2beab2baccc887893,live,🌙【請勿拍打餵食】🌙VR版恐怖遊戲會更恐怖嗎? @lanningyue !周邊 !LINE貼圖 !三日月居,2023-07-22T12:51:44Z,https://www.twitch.tv/lanningyue,https://static-cdn.jtvnw.net/previews-ttv/live_user_lanningyue-{width}x{height}.jpg
9c64ee54cc094bf7931398eaf0c072d6,live,< 犬飼征二 > 悲傷廣州炒麵 @inukai_seiji_ch,2023-07-22T12:52:18Z,https://www.twitch.tv/inukai_seiji_ch,https://static-cdn.jtvnw.net/previews-ttv/live_user_inukai_seiji_ch-{width}x{height}.jpg
a960b283b1124f44bc4bf2a16199977a,live,【７／22】快樂LOL Day 快來陪陪可愛的娜寶貝 ! @muiii0x0,2023-07-22T12:52:59Z,https://www.twitch.tv/muiii0x0,https://static-cdn.jtvnw.net/previews-ttv/live_user_muiii0x0-{width}x{height}.jpg
577251897dc7463393b68c5b6f96559b,live,將大家作成燒鵝可好?或是變成燒鵝呢?,2023-07-22T12:53:42Z,https://www.twitch.tv/noctjade,https://static-cdn.jtvnw.net/previews-ttv/live_user_noctjade-{width}x{height}.jpg
25619abc5e0d4f79839e48d83234eaf8,live,【BLGL 交流會】文學系的人會不會比想像中大膽呢❄霍普迪米特❄ @hope_demeter @yochiaki1945,2023-07-22T12:53:56Z,https://www.twitch.tv/hope_demeter,https://static-cdn.jtvnw.net/previews-ttv/live_user_hope_demeter-{width}x{height}.jpg
6d2945d11f504edb9962f742b54f6553,live,【遊戲配信】什麼都玩什麼都看，但是還沒有拿定主意啊！,2023-07-22T12:54:36Z,https://www.twitch.tv/regi_unifurst,https://static-cdn.jtvnw.net/previews-ttv/live_user_regi_unifurst-{width}x{height}.jpg
7c781489389447e682388caccae7fb1c,live,【MHWI】錯綜複雜的冰之道路，彷彿暗示著這裡曾居住著一名美麗又冷酷的冰霜劍士。【卡洛梅里斯】,2023-07-22T12:54:57Z,https://www.twitch.tv/coralmeris,https://static-cdn.jtvnw.net/previews-ttv/live_user_coralmeris-{width}x{height}.jpg
e5f12d1681344318a53695ef5bc11fbc,live,【妤希工作室】傳情畫意,2023-07-22T12:56:15Z,https://www.twitch.tv/shion01127tw,https://static-cdn.jtvnw.net/previews-ttv/live_user_shion01127tw-{width}x{height}.jpg
42844ee6e0cc47938829b43a3101b9bb,live,7/21【有獎加班台】救我帶我脫離銅牌區間｜VIP｜!寶寶商店 @lusaminach,2023-07-22T12:56:48Z,https://www.twitch.tv/lusaminach,https://static-cdn.jtvnw.net/previews-ttv/live_user_lusaminach-{width}x{height}.jpg
61e81c6f534247b486b8125bd34fa960,live,【BLUE】2代來瞜   @blue_kao,2023-07-22T12:57:19Z,https://www.twitch.tv/blue_kao,https://static-cdn.jtvnw.net/previews-ttv/live_user_blue_kao-{width}x{height}.jpg
326e21d5b6e7446698969bbd8be1b564,live,7/22【紫吱】訂閱告急 || 今天刀刀刀 w,2023-07-22T12:58:54Z,https://www.twitch.tv/wangzihlin,https://static-cdn.jtvnw.net/previews-ttv/live_user_wangzihlin-{width}x{height}.jpg
d9e5219a4cd84ac59bc35faa94729f01,live,【希比】開唱 周六歌回啦 !比賽,2023-07-22T12:59:37Z,https://www.twitch.tv/hebemegami,https://static-cdn.jtvnw.net/previews-ttv/live_user_hebemegami-{width}x{height}.jpg
5535c9524eb046c38e172ebfa06b302f,upcoming,,2023-07-22T13:00:00Z,https://www.twitch.tv/ruroroisme,
0b53549edaf5490ca350ef17aee7b8b9,live,【Rust】好豹島第二屆賽馬賽 ft.好豹島眾 #好豹島live,2023-07-22T13:00:00Z,https://www.twitch.tv/amaranthia302876,https://static-cdn.jtvnw.net/previews-ttv/live_user_amaranthia302876-{width}x{height}.jpg
4af53c3526f7435a8aac99f42dccb392,upcoming,固定開台,2023-07-22T13:00:00Z,https://www.twitch.tv/milo_lonewolf,
c747687c19704747b4cae2d4d5715aa0,upcoming,ARAM自訂觀眾場,2023-07-22T13:00:00Z,https://www.twitch.tv/ucnya,
577251897dc7463393b68c5b6f96559b,upcoming,"來當鵝囉 ",2023-07-22T13:00:00Z,https://www.twitch.tv/noctjade,
9643c650b1804107b85de1f08010aa9d,upcoming,日本麻將 雀魂 一番街 努力段位中,2023-07-22T13:00:00Z,https://www.twitch.tv/otonashikoi,
f44835c18dac441f910f4eb821ffd7ce,upcoming,只要得空就會開 時間還是比較不一定~,2023-07-22T13:00:00Z,https://www.twitch.tv/yukkiwee,
ba27c499a50f4cac87e6e5b94da18292,live,繼續做小熊軟糖  酒雜延後至7/23(日)  熊愛你們,2023-07-22T13:00:05Z,https://www.twitch.tv/asahibear4314,https://static-cdn.jtvnw.net/previews-ttv/live_user_asahibear4314-{width}x{height}.jpg
07fec8d9014a41c28216345a5adb1533,live,07/22【鵝鵝殺 ft.NPax夜未央、水日比家族、茶羅家族】!泳裝 500追隨衝刺中！|  全職小主播歡迎追隨、揪團！ @ett_npax,2023-07-22T13:00:06Z,https://www.twitch.tv/ett_npax,https://static-cdn.jtvnw.net/previews-ttv/live_user_ett_npax-{width}x{height}.jpg
b7ff77850f1945b5bd73f8a0b1ec0033,live,7/22 [鵝鵝殺] 鵝鵝殺初見! 希望這次不要一直當幽靈拜託啦QQ,2023-07-22T13:00:07Z,https://www.twitch.tv/genmusaty,https://static-cdn.jtvnw.net/previews-ttv/live_user_genmusaty-{width}x{height}.jpg
281576aa13244a6e8671de0896a890c6,live,【Goose Goose Duck】心結... ft. @myosotis_salem @genmusaty @rainwolf_1111  @lowo0512  @ett_npax @noctjade @yochikido,2023-07-22T13:00:48Z,https://www.twitch.tv/tinito0212,https://static-cdn.jtvnw.net/previews-ttv/live_user_tinito0212-{width}x{height}.jpg
8c0482285da84b4b97556ccc0d2c8dd9,live,07/22 [ Goose Goose Duck ] feat. NPax @ett_npax @noctjade 水日比家族 @tinito0212 賽勒姆-Salem 雷恩 幻夢サティ @lowo0512,2023-07-22T13:00:48Z,https://www.twitch.tv/yochikido,https://static-cdn.jtvnw.net/previews-ttv/live_user_yochikido-{width}x{height}.jpg
6d5302878a2a4d369cb812efdc6232bd,live,🌱【Core Keeper】好久不見的三個小惡魔👾｜初見歡迎｜歡迎掛台、聊天❤ @rebi0926,2023-07-22T13:01:19Z,https://www.twitch.tv/rebi0926,https://static-cdn.jtvnw.net/previews-ttv/live_user_rebi0926-{width}x{height}.jpg
793ec2d37c544cc7915d3dc3e9902e1d,live,【Pikuniku雙人合作】今晚要來跟4Z的奇怪貓男來場奇特合作啦~ (延遲一下owo)| Ft. Fenik Jayce,2023-07-22T13:01:33Z,https://www.twitch.tv/kozukiyuki_0710,https://static-cdn.jtvnw.net/previews-ttv/live_user_kozukiyuki_0710-{width}x{height}.jpg
2a2b7990365f4a1bb1d8acf1ae0f2f32,live,21/7/23 Fallout: New Vegas #8,2023-07-22T13:03:51Z,https://www.twitch.tv/voidbornewarden,https://static-cdn.jtvnw.net/previews-ttv/live_user_voidbornewarden-{width}x{height}.jpg
7dd086a606284ba6b7b584f8b00dc190,live,【Core Keeper】 第一次牆外調查！ Day3 Ft.蕾比梅里諾、戀旅行,2023-07-22T13:03:53Z,https://www.twitch.tv/umeminana,https://static-cdn.jtvnw.net/previews-ttv/live_user_umeminana-{width}x{height}.jpg
7aca9b05fe654223a3702531383002a8,live,【巧巧】我想解玩QQ 伺服器:琉德,2023-07-22T13:03:58Z,https://www.twitch.tv/qiao059,https://static-cdn.jtvnw.net/previews-ttv/live_user_qiao059-{width}x{height}.jpg
4c34c44a98974b709f7dbc7618847fd6,live,朝朝(=´ω´=)霧雨迷宮 第三章｜原神星鐵後霧雨｜ !YT 更新  !DC !抽尾巴 !推特   (｢･ω･)｢,2023-07-22T13:05:30Z,https://www.twitch.tv/5l5l3,https://static-cdn.jtvnw.net/previews-ttv/live_user_5l5l3-{width}x{height}.jpg
cf506fa1dffe441eadad8010f3f7725c,live,【健身環】健身環 啟動 !dc,2023-07-22T13:05:47Z,https://www.twitch.tv/yumuamagi,https://static-cdn.jtvnw.net/previews-ttv/live_user_yumuamagi-{width}x{height}.jpg
480aca28939a4eb5bf558a710e21709c,live,【思思 @siyuandao 】低阿布羅4 | !一週年|,2023-07-22T13:10:05Z,https://www.twitch.tv/siyuandao,https://static-cdn.jtvnw.net/previews-ttv/live_user_siyuandao-{width}x{height}.jpg
9ca05592c52f42649191751f18cb70e6,live,【中文/日本語】7/22 隨筆日誌(PC) - 餵飽家人了 可以開台了 | 有砸砸,2023-07-22T13:10:12Z,https://www.twitch.tv/sinonyuki,https://static-cdn.jtvnw.net/previews-ttv/live_user_sinonyuki-{width}x{height}.jpg
b49c2970f97b4fd4a6762b3e9ba94f8e,live,【 工作人 我的護喉超人 】,2023-07-22T13:10:48Z,https://www.twitch.tv/kisaragiyuzu220,https://static-cdn.jtvnw.net/previews-ttv/live_user_kisaragiyuzu220-{width}x{height}.jpg
cda9668f324445a7bd507094ad6946b8,live,【TEVI】封測 來玩玩看  {戀芸吹雪4我Live}  07/22,2023-07-22T13:14:48Z,https://www.twitch.tv/rich80112,https://static-cdn.jtvnw.net/previews-ttv/live_user_rich80112-{width}x{height}.jpg
ad2aef5af5074f14af7f6ddf7899743a,live,【無糖5T】【中/English】0722,2023-07-22T13:14:50Z,https://www.twitch.tv/sugarfree326,https://static-cdn.jtvnw.net/previews-ttv/live_user_sugarfree326-{width}x{height}.jpg
837cc45c90974caa9f07699c3899fa7b,live,【Splatoon3】目標：A排,2023-07-22T13:16:35Z,https://www.twitch.tv/yoru_yn,https://static-cdn.jtvnw.net/previews-ttv/live_user_yoru_yn-{width}x{height}.jpg
3e41189706dd483db4e407c295b058ce,live,【絢音Ayane】零～月蝕的假面～ #1 進4代了我可以不用翻譯了謝天謝地♥零系列馬拉松(‘､3_ヽ)_【中文/日本語】 @ayane1019,2023-07-22T13:17:08Z,https://www.twitch.tv/ayane1019,https://static-cdn.jtvnw.net/previews-ttv/live_user_ayane1019-{width}x{height}.jpg
88526add0348499c95bd5838a5f35989,live,【蕪憂】0721 觀眾場瓦羅然日 / 明晚生日配信!,2023-07-22T13:23:12Z,https://www.twitch.tv/blackteaorme,https://static-cdn.jtvnw.net/previews-ttv/live_user_blackteaorme-{width}x{height}.jpg
b9a09f50375248aebc3d6afdb7f5adf6,live,動漫猜題?!宅女力大比拚,2023-07-22T13:26:21Z,https://www.twitch.tv/eunice00602040,https://static-cdn.jtvnw.net/previews-ttv/live_user_eunice00602040-{width}x{height}.jpg
c5c929e77b8d4a5d883d8287c2433949,live,【Demonology】這是你期待的恐怖遊戲嘛？,2023-07-22T13:27:25Z,https://www.twitch.tv/mistwander00,https://static-cdn.jtvnw.net/previews-ttv/live_user_mistwander00-{width}x{height}.jpg
135224fe261040639a802804b52f22db,live,【Meiby有雜音】獵 @shenmei0606,2023-07-22T13:27:47Z,https://www.twitch.tv/shenmei0606,https://static-cdn.jtvnw.net/previews-ttv/live_user_shenmei0606-{width}x{height}.jpg
ed28c754bb704dbf8a296f7008c2b5e4,live,聯動直播🔴 #SuperAnimalRoyale 🦊 Ft. V朋朋【陽一Youichi 香港Vtuber】,2023-07-22T13:29:32Z,https://www.twitch.tv/youichi_vtu3e,https://static-cdn.jtvnw.net/previews-ttv/live_user_youichi_vtu3e-{width}x{height}.jpg
58e377df63f745fc8473368b20afe2ae,upcoming,雜談或歌回直播（連動取代可能）,2023-07-22T13:30:00Z,https://www.twitch.tv/yuutatsubasa,
f88d85aeb79a429e9751db330f469df1,upcoming,鹿言鹿語,2023-07-22T13:30:00Z,https://www.twitch.tv/lunaluna2021,
1618171723d84cbe8b57cd69fa6f477f,upcoming,,2023-07-22T13:30:00Z,https://www.twitch.tv/rin_en_kana,
eadf377f5cbd41ac9842c3f5559268f6,upcoming,,2023-07-22T13:30:00Z,https://www.twitch.tv/om_mosquito,
2e454f2b51c649cfa913dac2ebd9e470,upcoming,練英和單排上分,2023-07-22T14:00:00Z,https://www.twitch.tv/klnpurple,
c248ccba18664207aff22e8c270b18b9,upcoming,7/7~LOL水友賽~,2023-07-22T14:00:00Z,https://www.twitch.tv/chu00213,
ce408f8b30704b42a7492f0e40684317,upcoming,小屋生活,2023-07-22T14:30:00Z,https://www.twitch.tv/kuriowokuri,
025ce8dccaa4466c80061aa308c378c3,upcoming,【#我親愛的妻子 #遊戲台 】揭開魅魔小鎮的陰謀? 對於已逝者的留念是愛的表現嗎? 復活妻子是真愛的表現? #遊戲直播 #台V #隆理在玩,2023-07-22T15:45:00Z,https://www.twitch.tv/shima_takasato,
34973abcef4e41b29add2b476ce0a7fb,upcoming,"今日感謝瑾瑜邀請到幼幼相見歡進行雜談,對於自己休息一個月後歸來看到自己的情況...,只能說百感交集",2023-07-22T16:00:00Z,https://www.twitch.tv/sweetcat_10450077,
819cc1636ec94c0ab290b4513c6d629d,upcoming,Healthy Miki,2023-07-22T19:00:00Z,https://www.twitch.tv/mikiaoboshi,
db2f279f9960492082f3ae6ad20aca91,upcoming,【Tom Clancy's Rainbow Six: Siege】,2023-07-22T20:30:00Z,https://www.twitch.tv/suzumiya_siru,
2450f1c7cf8f46c8aa30afaa922c9642,upcoming,最近都是突發,2023-07-22T21:25:00Z,https://www.twitch.tv/setsurei0227,
2af6cb0e15ce4839ba711b47608d4f4d,upcoming,,2023-07-23T01:00:00Z,https://www.twitch.tv/moyu_moyu,
2e454f2b51c649cfa913dac2ebd9e470,upcoming,練英和單排上分,2023-07-23T02:00:00Z,https://www.twitch.tv/klnpurple,
c747687c19704747b4cae2d4d5715aa0,upcoming,Apex 日常,2023-07-23T03:00:00Z,https://www.twitch.tv/ucnya,
d09b9f800b7940deb1f8a2b58a302f07,upcoming,idk wt7do,2023-07-23T03:00:00Z,https://www.twitch.tv/kimmyje,
db2f279f9960492082f3ae6ad20aca91,upcoming,【Tom Clancy's Rainbow Six: Siege】,2023-07-23T04:30:00Z,https://www.twitch.tv/suzumiya_siru,
36f4fa8dbd7740c3ae5ac02b890fa502,upcoming,Vtuber養成計畫：人生放送中,2023-07-23T06:00:00Z,https://www.twitch.tv/dr1090a,
6159040406fc4e6cb73dbf9734717703,upcoming,,2023-07-23T06:00:00Z,https://www.twitch.tv/drizzlingnight,
526dd51b5abf4fdcaede0cfe80096186,upcoming,固定雜談遊戲台,2023-07-23T06:30:00Z,https://www.twitch.tv/koooorikuma,
3c5b24ec5e7e4451a917bb1683298c05,upcoming,"【歌回】✨2,000追 & 小收益化慶祝✨【羽宮奈奈】",2023-07-23T07:00:00Z,https://www.twitch.tv/hakunana1203,
5535c9524eb046c38e172ebfa06b302f,upcoming,,2023-07-23T11:00:00Z,https://www.twitch.tv/ruroroisme,
a83b6d485350402b90238deb371ae654,upcoming,骰子地下城,2023-07-23T11:00:00Z,https://www.twitch.tv/monna_nana,
36f4fa8dbd7740c3ae5ac02b890fa502,upcoming,艾爾登法環,2023-07-23T11:00:00Z,https://www.twitch.tv/dr1090a,
49393dd4bc284768852b0d4f9bba2ec8,upcoming,【AmongUS】首次登船能不被爆打嗎！？#珍奶茗璐ft.豪多人,2023-07-23T12:00:00Z,https://www.twitch.tv/tapiokalop,
aef2ed42d49343f28394b6335695b5ac,upcoming,,2023-07-23T12:00:00Z,https://www.twitch.tv/yuncream,
6bf231719d5e485fa0cdee99905858d4,upcoming,雜談或小遊戲，偶爾會開ASMR,2023-07-23T12:00:00Z,https://www.twitch.tv/xiaoke0109,
a7bb915cc1a0474080d7dbf6d245daf4,upcoming,日常幹话台 【CN/EN】,2023-07-23T12:00:00Z,https://www.twitch.tv/tatsuya_rei,
57843e9c870647729c2438a7a7077008,upcoming,集合吧～歌回的時間到了哦～,2023-07-23T12:00:00Z,https://www.twitch.tv/ainohikaru,
a0467c81a3014fbf83029acffe5b1d3f,upcoming,每週例行麻將大會！歡迎觀眾參加,2023-07-23T12:30:00Z,https://www.twitch.tv/najathepangolin,
ce408f8b30704b42a7492f0e40684317,upcoming,小屋生活,2023-07-23T12:30:00Z,https://www.twitch.tv/kuriowokuri,
577251897dc7463393b68c5b6f96559b,upcoming,久違的瓦! hopcon valo,2023-07-23T13:00:00Z,https://www.twitch.tv/noctjade,
9643c650b1804107b85de1f08010aa9d,upcoming,日本麻將 雀魂 一番街 努力段位中,2023-07-23T13:00:00Z,https://www.twitch.tv/otonashikoi,
f44835c18dac441f910f4eb821ffd7ce,upcoming,會聊天玩遊戲之類的 反正就是個很棒的大家庭~~,2023-07-23T13:00:00Z,https://www.twitch.tv/yukkiwee,
1618171723d84cbe8b57cd69fa6f477f,upcoming,,2023-07-23T13:30:00Z,https://www.twitch.tv/rin_en_kana,
eadf377f5cbd41ac9842c3f5559268f6,upcoming,,2023-07-23T13:30:00Z,https://www.twitch.tv/om_mosquito,
c248ccba18664207aff22e8c270b18b9,upcoming,7/8~APEX直播,2023-07-23T14:00:00Z,https://www.twitch.tv/chu00213,
823311ac8226476e8d1e323f536bf8b1,upcoming,下午14:00~17:30在主委的V曲龍虎榜 深夜雜談做週表~~,2023-07-23T17:30:00Z,https://www.twitch.tv/kujosenko,
819cc1636ec94c0ab290b4513c6d629d,upcoming,Game time,2023-07-23T19:00:00Z,https://www.twitch.tv/mikiaoboshi,
33546b9ad5a8408589405f9467063dd7,upcoming,APEX台,2023-07-24T01:30:00Z,https://www.twitch.tv/boni_0x0,
2bd52c3a964541febb42782fd1f9fdba,upcoming,FPS喵 (ﾉ◕ヮ◕)ﾉ*:･ﾟ✧,2023-07-24T04:00:00Z,https://www.twitch.tv/jojo51113,
8b732f3260e0427f9cf795b93ada310a,upcoming,【ONLY UP！】新手挑戰，成為人上人！,2023-07-24T04:00:00Z,https://www.twitch.tv/platinach,
7180d8a493134a9c932fe790eb17f2e9,upcoming,出沒可能時間：繪圖雜談,2023-07-24T05:00:00Z,https://www.twitch.tv/shinkaitoro,
547aa467c2ce497e9d95c4a085effe0d,upcoming,會開,2023-07-24T05:00:00Z,https://www.twitch.tv/umimiowo,
50ec735272014b1b996ee80a8df4671a,upcoming,"Some games, I dunno yet!",2023-07-24T05:00:00Z,https://www.twitch.tv/azuusaru,
3dda133703f64b019d7eea0c5cb55335,upcoming,,2023-07-24T05:30:00Z,https://www.twitch.tv/miamya0615,
803435ca691f43a4b02360926fee23d1,upcoming,,2023-07-24T06:00:00Z,https://www.twitch.tv/yukou_ouo,
67b37e4e1f2f49d88a047d650b70be91,upcoming,中文雜談,2023-07-24T06:00:00Z,https://www.twitch.tv/yumenoryuusei0404,
de8c5ca15afd4534a822e5a1a9c2784e,upcoming,每周星期一的歌回和雜談,2023-07-24T09:00:00Z,https://www.twitch.tv/yakodesu,
5f9ded46df28474bbd1470d761700f30,upcoming,一周開始的運動 / Boot up the week with Exercise 😈,2023-07-24T10:00:00Z,https://www.twitch.tv/fuyukisakura,
36f4fa8dbd7740c3ae5ac02b890fa502,upcoming,Vtuber養成計畫：人生放送中,2023-07-24T11:00:00Z,https://www.twitch.tv/dr1090a,
091ac99f10804fe3b417a0f285731b4e,upcoming,瑪搽瘋遊戲-在YT喔,2023-07-24T11:00:00Z,https://www.twitch.tv/umamixchami,
de81b740d66c439685aa37491d27efc4,upcoming,固定直播日,2023-07-24T11:30:00Z,https://www.twitch.tv/lmpaper,
526dd51b5abf4fdcaede0cfe80096186,upcoming,隨機突發雜談遊戲台,2023-07-24T11:30:00Z,https://www.twitch.tv/koooorikuma,
d8b5835bc6aa46119cc7ddd4447e780f,upcoming,這是魔法師 ˗ˋˏ 咘小星 ˎˊ˗ 使用召喚術的固定時段⎝༼ ◕Д ◕ ༽⎠（如有變動以DC群為主）,2023-07-24T11:30:00Z,https://www.twitch.tv/ssstar_180,
a89f7ee46cc14dff93675ce5bb82a692,upcoming,藍色星期一有藍色小妖精✨,2023-07-24T11:30:00Z,https://www.twitch.tv/eveliacridland,
64199c3fe4914883a1a9b4a68dc332be,upcoming,【飢餓派畫家】Passpartout: Starving Artist【布魯布比．鳥鳥牧場】,2023-07-24T12:00:00Z,https://www.twitch.tv/burububi,
6159040406fc4e6cb73dbf9734717703,upcoming,,2023-07-24T12:00:00Z,https://www.twitch.tv/drizzlingnight,
aef2ed42d49343f28394b6335695b5ac,upcoming,,2023-07-24T12:00:00Z,https://www.twitch.tv/yuncream,
8b810380ed254a5e8a85b65552ba4e61,upcoming,該餵七兔了,2023-07-24T12:00:00Z,https://www.twitch.tv/nayomi0204,
1618171723d84cbe8b57cd69fa6f477f,upcoming,,2023-07-24T12:00:00Z,https://www.twitch.tv/rin_en_kana,
67b37e4e1f2f49d88a047d650b70be91,upcoming,日本語配信,2023-07-24T12:00:00Z,https://www.twitch.tv/yumenoryuusei0404,
31a4ca5b5d554c13902eff32302e5eb9,upcoming,,2023-07-24T12:00:00Z,https://www.twitch.tv/chiyouboss,
57843e9c870647729c2438a7a7077008,upcoming,集合吧～歌回的時間到了哦～,2023-07-24T12:00:00Z,https://www.twitch.tv/ainohikaru,
554ca19c3d924cacac1f680675b9fdd2,upcoming,原神日常任務及聊天,2023-07-24T12:30:00Z,https://www.twitch.tv/yueyuhoshizora,
04ed1803aaf0436eb41687f22e28ad20,upcoming,可能出沒時間,2023-07-24T12:30:00Z,https://www.twitch.tv/billy10002,
4af53c3526f7435a8aac99f42dccb392,upcoming,固定開台,2023-07-24T13:00:00Z,https://www.twitch.tv/milo_lonewolf,
f44835c18dac441f910f4eb821ffd7ce,upcoming,只要得空就會開 時間還是比較不一定~,2023-07-24T13:00:00Z,https://www.twitch.tv/yukkiwee,
58e377df63f745fc8473368b20afe2ae,upcoming,遊戲直播,2023-07-24T13:30:00Z,https://www.twitch.tv/yuutatsubasa,
eadf377f5cbd41ac9842c3f5559268f6,upcoming,,2023-07-24T13:30:00Z,https://www.twitch.tv/om_mosquito,
2e454f2b51c649cfa913dac2ebd9e470,upcoming,練英,2023-07-24T14:00:00Z,https://www.twitch.tv/klnpurple,
c248ccba18664207aff22e8c270b18b9,upcoming,6/27~邊打麻將邊閒聊~,2023-07-24T14:00:00Z,https://www.twitch.tv/chu00213,
3c5b24ec5e7e4451a917bb1683298c05,upcoming,【深夜聊聊】週一吸麻糬,2023-07-24T14:00:00Z,https://www.twitch.tv/hakunana1203,
5b85294949544a5f8855715acadf66a5,upcoming,✦ ✧ ✦週一讀書夜，島嶼擱淺：黑日雨✦ ✧ ✦,2023-07-24T14:30:00Z,https://www.twitch.tv/cesium_cat,
db2f279f9960492082f3ae6ad20aca91,upcoming,【Tom Clancy's Rainbow Six: Siege】,2023-07-24T16:30:00Z,https://www.twitch.tv/suzumiya_siru,
819cc1636ec94c0ab290b4513c6d629d,upcoming,Gamer Miki,2023-07-24T20:00:00Z,https://www.twitch.tv/mikiaoboshi,
50ec735272014b1b996ee80a8df4671a,upcoming,"Some games, I dunno yet!",2023-07-25T00:00:00Z,https://www.twitch.tv/azuusaru,
d407b30c72a841bd82af1f5cc8ec0667,upcoming,台V好聲音 - 介紹你可能不知道的台灣 VTuber 們，從美妙歌聲到獨特個性，不知道從何˙看起的最佳入門選擇,2023-07-25T01:00:00Z,https://www.twitch.tv/chiveswang_llt5,
c747687c19704747b4cae2d4d5715aa0,upcoming,Apex 日常,2023-07-25T01:00:00Z,https://www.twitch.tv/ucnya,
33546b9ad5a8408589405f9467063dd7,upcoming,歌回台,2023-07-25T01:30:00Z,https://www.twitch.tv/boni_0x0,
428251b7832a48219276fb6e5f644e86,upcoming,當個不老不新的獵人(順便拜託你們多留言),2023-07-25T02:00:00Z,https://www.twitch.tv/karami086,
c248ccba18664207aff22e8c270b18b9,upcoming,7/5~來玩玩瓦羅蘭~,2023-07-25T04:00:00Z,https://www.twitch.tv/chu00213,
2bd52c3a964541febb42782fd1f9fdba,upcoming,FPS喵 (ﾉ◕ヮ◕)ﾉ*:･ﾟ✧,2023-07-25T04:00:00Z,https://www.twitch.tv/jojo51113,
7180d8a493134a9c932fe790eb17f2e9,upcoming,出沒可能時間：繪圖雜談,2023-07-25T05:00:00Z,https://www.twitch.tv/shinkaitoro,
547aa467c2ce497e9d95c4a085effe0d,upcoming,會開,2023-07-25T05:00:00Z,https://www.twitch.tv/umimiowo,
3dda133703f64b019d7eea0c5cb55335,upcoming,,2023-07-25T05:30:00Z,https://www.twitch.tv/miamya0615,
803435ca691f43a4b02360926fee23d1,upcoming,,2023-07-25T06:00:00Z,https://www.twitch.tv/yukou_ouo,
67b37e4e1f2f49d88a047d650b70be91,upcoming,中文雜談,2023-07-25T06:00:00Z,https://www.twitch.tv/yumenoryuusei0404,
3c5b24ec5e7e4451a917bb1683298c05,upcoming,【晚餐聊天學魔法】週二晚上來點魔法魔法,2023-07-25T10:00:00Z,https://www.twitch.tv/hakunana1203,
36f4fa8dbd7740c3ae5ac02b890fa502,upcoming,Vtuber養成計畫：人生放送中,2023-07-25T11:00:00Z,https://www.twitch.tv/dr1090a,
de81b740d66c439685aa37491d27efc4,upcoming,固定直播日,2023-07-25T11:30:00Z,https://www.twitch.tv/lmpaper,
d8b5835bc6aa46119cc7ddd4447e780f,upcoming,這是魔法師 ˗ˋˏ 咘小星 ˎˊ˗ 使用召喚術的固定時段⎝༼ ◕Д ◕ ༽⎠（如有變動以DC群為主）,2023-07-25T11:30:00Z,https://www.twitch.tv/ssstar_180,
a83b6d485350402b90238deb371ae654,upcoming,巧克團,2023-07-25T12:00:00Z,https://www.twitch.tv/monna_nana,
e41bf48a09d64e4aa3d96064a9a63b08,upcoming,【魔物獵人:崛起】魔物獵人PC打起來٩(◦`꒳´◦)۶自由參加場,2023-07-25T12:00:00Z,https://www.twitch.tv/azuchiron,
64199c3fe4914883a1a9b4a68dc332be,upcoming,【飢餓派畫家】Passpartout: Starving Artist【布魯布比．鳥鳥牧場】,2023-07-25T12:00:00Z,https://www.twitch.tv/burububi,
6159040406fc4e6cb73dbf9734717703,upcoming,,2023-07-25T12:00:00Z,https://www.twitch.tv/drizzlingnight,
aef2ed42d49343f28394b6335695b5ac,upcoming,,2023-07-25T12:00:00Z,https://www.twitch.tv/yuncream,
8b810380ed254a5e8a85b65552ba4e61,upcoming,餵七兔時間到,2023-07-25T12:00:00Z,https://www.twitch.tv/nayomi0204,
1618171723d84cbe8b57cd69fa6f477f,upcoming,,2023-07-25T12:00:00Z,https://www.twitch.tv/rin_en_kana,
67b37e4e1f2f49d88a047d650b70be91,upcoming,日本語配信,2023-07-25T12:00:00Z,https://www.twitch.tv/yumenoryuusei0404,
a7bb915cc1a0474080d7dbf6d245daf4,upcoming,日常幹话台 【CN/EN】,2023-07-25T12:00:00Z,https://www.twitch.tv/tatsuya_rei,
9272afe9ef72434082d9b5621857afd0,upcoming,【懷舊系列遊戲】失戀換男友＝結婚？貓姬若的最後時光 | 新式PK陪聊型Vtuber遊戲直播,2023-07-25T12:30:00Z,https://www.twitch.tv/gilma04,
4af53c3526f7435a8aac99f42dccb392,upcoming,固定開台,2023-07-25T13:00:00Z,https://www.twitch.tv/milo_lonewolf,
f44835c18dac441f910f4eb821ffd7ce,upcoming,只要得空就會開 時間還是比較不一定~,2023-07-25T13:00:00Z,https://www.twitch.tv/yukkiwee,
58e377df63f745fc8473368b20afe2ae,upcoming,程式直播（連動取代可能）,2023-07-25T13:30:00Z,https://www.twitch.tv/yuutatsubasa,
eadf377f5cbd41ac9842c3f5559268f6,upcoming,,2023-07-25T13:30:00Z,https://www.twitch.tv/om_mosquito,
2e454f2b51c649cfa913dac2ebd9e470,upcoming,單排上分,2023-07-25T14:00:00Z,https://www.twitch.tv/klnpurple,
2af6cb0e15ce4839ba711b47608d4f4d,upcoming,【Art】畫畫,2023-07-25T14:00:00Z,https://www.twitch.tv/moyu_moyu,
ce408f8b30704b42a7492f0e40684317,upcoming,小屋生活,2023-07-25T14:30:00Z,https://www.twitch.tv/kuriowokuri,
025ce8dccaa4466c80061aa308c378c3,upcoming,#晚安新聞台 #晚安故事 ｜ 現在是什麼世道呢？我所見所聞與自身體認到的內容，希望能在更新這個世界的新知同時也跟各位談談對於這些事情的看法。,2023-07-25T15:00:00Z,https://www.twitch.tv/shima_takasato,
db2f279f9960492082f3ae6ad20aca91,upcoming,【Tom Clancy's Rainbow Six: Siege】,2023-07-25T16:30:00Z,https://www.twitch.tv/suzumiya_siru,
33546b9ad5a8408589405f9467063dd7,upcoming,遊戲台,2023-07-26T01:30:00Z,https://www.twitch.tv/boni_0x0,
2bd52c3a964541febb42782fd1f9fdba,upcoming,FPS喵 (ﾉ◕ヮ◕)ﾉ*:･ﾟ✧,2023-07-26T04:00:00Z,https://www.twitch.tv/jojo51113,
7a9b7ab0d5bd411195d77800ff778a90,upcoming,沒有固定時間,2023-07-26T04:00:00Z,https://www.twitch.tv/1128wedge,
7180d8a493134a9c932fe790eb17f2e9,upcoming,出沒可能時間：繪圖雜談,2023-07-26T05:00:00Z,https://www.twitch.tv/shinkaitoro,
547aa467c2ce497e9d95c4a085effe0d,upcoming,會開,2023-07-26T05:00:00Z,https://www.twitch.tv/umimiowo,
428251b7832a48219276fb6e5f644e86,upcoming,打龍啦(順便拜託你們多留言),2023-07-26T06:00:00Z,https://www.twitch.tv/karami086,
803435ca691f43a4b02360926fee23d1,upcoming,,2023-07-26T06:00:00Z,https://www.twitch.tv/yukou_ouo,
67b37e4e1f2f49d88a047d650b70be91,upcoming,中文雜談,2023-07-26T06:00:00Z,https://www.twitch.tv/yumenoryuusei0404,
8b732f3260e0427f9cf795b93ada310a,upcoming,【萊莎的鍊金工房 ～常闇女王與秘密藏身處～】大腿我來了,2023-07-26T09:00:00Z,https://www.twitch.tv/platinach,
3c5b24ec5e7e4451a917bb1683298c05,upcoming,【晚餐聊天學魔法】週三來陪麻糬玩,2023-07-26T10:00:00Z,https://www.twitch.tv/hakunana1203,
36f4fa8dbd7740c3ae5ac02b890fa502,upcoming,Vtuber養成計畫：人生放送中,2023-07-26T11:00:00Z,https://www.twitch.tv/dr1090a,
091ac99f10804fe3b417a0f285731b4e,upcoming,烏瑪咪x搽米無限系-在YT喔,2023-07-26T11:00:00Z,https://www.twitch.tv/umamixchami,
de81b740d66c439685aa37491d27efc4,upcoming,固定直播日,2023-07-26T11:30:00Z,https://www.twitch.tv/lmpaper,
526dd51b5abf4fdcaede0cfe80096186,upcoming,隨機突發雜談遊戲台,2023-07-26T11:30:00Z,https://www.twitch.tv/koooorikuma,
d8b5835bc6aa46119cc7ddd4447e780f,upcoming,這是魔法師 ˗ˋˏ 咘小星 ˎˊ˗ 使用召喚術的固定時段⎝༼ ◕Д ◕ ༽⎠（如有變動以DC群為主）,2023-07-26T11:30:00Z,https://www.twitch.tv/ssstar_180,
228427b15b964f1396b5a7b5eb224a21,upcoming,Asteria配音時間，一起來聽劇本、閒聊吧！,2023-07-26T12:00:00Z,https://www.twitch.tv/asterialive0503,
a83b6d485350402b90238deb371ae654,upcoming,觀眾同樂,2023-07-26T12:00:00Z,https://www.twitch.tv/monna_nana,
6159040406fc4e6cb73dbf9734717703,upcoming,,2023-07-26T12:00:00Z,https://www.twitch.tv/drizzlingnight,
aef2ed42d49343f28394b6335695b5ac,upcoming,,2023-07-26T12:00:00Z,https://www.twitch.tv/yuncream,
8b810380ed254a5e8a85b65552ba4e61,upcoming,七兔肚子餓,2023-07-26T12:00:00Z,https://www.twitch.tv/nayomi0204,
67b37e4e1f2f49d88a047d650b70be91,upcoming,日本語配信,2023-07-26T12:00:00Z,https://www.twitch.tv/yumenoryuusei0404,
444dcf020b27400087d2b2b21135033c,upcoming,林間盃日麻,2023-07-26T12:00:00Z,https://www.twitch.tv/v_hanasakiayame,
a7bb915cc1a0474080d7dbf6d245daf4,upcoming,日常幹话台 【CN/EN】,2023-07-26T12:00:00Z,https://www.twitch.tv/tatsuya_rei,
554ca19c3d924cacac1f680675b9fdd2,upcoming,原神日常任務及聊天,2023-07-26T12:30:00Z,https://www.twitch.tv/yueyuhoshizora,
4af53c3526f7435a8aac99f42dccb392,upcoming,突發或休息,2023-07-26T13:00:00Z,https://www.twitch.tv/milo_lonewolf,
f88d85aeb79a429e9751db330f469df1,upcoming,鹿言鹿語,2023-07-26T13:00:00Z,https://www.twitch.tv/lunaluna2021,
c747687c19704747b4cae2d4d5715aa0,upcoming,踢球日!!,2023-07-26T13:00:00Z,https://www.twitch.tv/ucnya,
d7b96c6024ce479f9b8f8c0a5439c9af,upcoming,"Ori Day ! ",2023-07-26T13:00:00Z,https://www.twitch.tv/rittan0x0,
f44835c18dac441f910f4eb821ffd7ce,upcoming,只要得空就會開 時間還是比較不一定~,2023-07-26T13:00:00Z,https://www.twitch.tv/yukkiwee,
eadf377f5cbd41ac9842c3f5559268f6,upcoming,,2023-07-26T13:30:00Z,https://www.twitch.tv/om_mosquito,
2e454f2b51c649cfa913dac2ebd9e470,upcoming,練英,2023-07-26T14:00:00Z,https://www.twitch.tv/klnpurple,
ce408f8b30704b42a7492f0e40684317,upcoming,小屋生活,2023-07-26T14:30:00Z,https://www.twitch.tv/kuriowokuri,
819cc1636ec94c0ab290b4513c6d629d,upcoming,Art with Miki,2023-07-26T20:00:00Z,https://www.twitch.tv/mikiaoboshi,
33546b9ad5a8408589405f9467063dd7,upcoming,耍費台,2023-07-27T01:30:00Z,https://www.twitch.tv/boni_0x0,
428251b7832a48219276fb6e5f644e86,upcoming,看我能打龍到多久(順便拜託你們多留言),2023-07-27T02:00:00Z,https://www.twitch.tv/karami086,
c248ccba18664207aff22e8c270b18b9,upcoming,7/5 聊天+歌回,2023-07-27T02:00:00Z,https://www.twitch.tv/chu00213,
2bd52c3a964541febb42782fd1f9fdba,upcoming,FPS喵 (ﾉ◕ヮ◕)ﾉ*:･ﾟ✧,2023-07-27T04:00:00Z,https://www.twitch.tv/jojo51113,
7180d8a493134a9c932fe790eb17f2e9,upcoming,出沒可能時間：繪圖雜談,2023-07-27T05:00:00Z,https://www.twitch.tv/shinkaitoro,
547aa467c2ce497e9d95c4a085effe0d,upcoming,會開,2023-07-27T05:00:00Z,https://www.twitch.tv/umimiowo,
3dda133703f64b019d7eea0c5cb55335,upcoming,,2023-07-27T05:30:00Z,https://www.twitch.tv/miamya0615,
803435ca691f43a4b02360926fee23d1,upcoming,,2023-07-27T06:00:00Z,https://www.twitch.tv/yukou_ouo,
67b37e4e1f2f49d88a047d650b70be91,upcoming,中文雜談,2023-07-27T06:00:00Z,https://www.twitch.tv/yumenoryuusei0404,
5f9ded46df28474bbd1470d761700f30,upcoming,美妙的舞蹈大會 / Dance with Sakura!,2023-07-27T10:00:00Z,https://www.twitch.tv/fuyukisakura,
3c5b24ec5e7e4451a917bb1683298c05,upcoming,【遊戲】哥布林努力向學中 ( ☉_☉)≡☞o────★°【羽宮奈奈】,2023-07-27T10:00:00Z,https://www.twitch.tv/hakunana1203,
36f4fa8dbd7740c3ae5ac02b890fa502,upcoming,Vtuber養成計畫：人生放送中,2023-07-27T11:00:00Z,https://www.twitch.tv/dr1090a,
de81b740d66c439685aa37491d27efc4,upcoming,固定直播日,2023-07-27T11:30:00Z,https://www.twitch.tv/lmpaper,
d8b5835bc6aa46119cc7ddd4447e780f,upcoming,這是魔法師 ˗ˋˏ 咘小星 ˎˊ˗ 使用召喚術的固定時段⎝༼ ◕Д ◕ ༽⎠（如有變動以DC群為主）,2023-07-27T11:30:00Z,https://www.twitch.tv/ssstar_180,
d8b0b4e36c614d328620461a295572a1,upcoming,,2023-07-27T11:30:00Z,https://www.twitch.tv/jumpshi,
0c09a69445864b44adbba11b487f9b1a,upcoming,做連動封面圖！努力開台衝門檻！,2023-07-27T11:30:00Z,https://www.twitch.tv/amane_tainan,
090be1be8d29429183e190e22fc4be22,upcoming,試試看這ㄍ功能【Ness9s奈斯糖】,2023-07-27T12:00:00Z,https://www.twitch.tv/ness9s1222,
a83b6d485350402b90238deb371ae654,upcoming,雜談,2023-07-27T12:00:00Z,https://www.twitch.tv/monna_nana,
6159040406fc4e6cb73dbf9734717703,upcoming,,2023-07-27T12:00:00Z,https://www.twitch.tv/drizzlingnight,
aef2ed42d49343f28394b6335695b5ac,upcoming,,2023-07-27T12:00:00Z,https://www.twitch.tv/yuncream,
8b810380ed254a5e8a85b65552ba4e61,upcoming,七兔餵食秀,2023-07-27T12:00:00Z,https://www.twitch.tv/nayomi0204,
1618171723d84cbe8b57cd69fa6f477f,upcoming,,2023-07-27T12:00:00Z,https://www.twitch.tv/rin_en_kana,
67b37e4e1f2f49d88a047d650b70be91,upcoming,日本語配信,2023-07-27T12:00:00Z,https://www.twitch.tv/yumenoryuusei0404,
a7bb915cc1a0474080d7dbf6d245daf4,upcoming,日常幹话台 【CN/EN】,2023-07-27T12:00:00Z,https://www.twitch.tv/tatsuya_rei,
554ca19c3d924cacac1f680675b9fdd2,upcoming,原神日常任務及聊天,2023-07-27T12:30:00Z,https://www.twitch.tv/yueyuhoshizora,
4af53c3526f7435a8aac99f42dccb392,upcoming,固定開台,2023-07-27T13:00:00Z,https://www.twitch.tv/milo_lonewolf,
f88d85aeb79a429e9751db330f469df1,upcoming,鹿言鹿語,2023-07-27T13:00:00Z,https://www.twitch.tv/lunaluna2021,
048b1a247cbb4eaa985d7311dc651945,upcoming,【雜談】人生鬼故事聊天台,2023-07-27T13:00:00Z,https://www.twitch.tv/yiyue_maple,
c747687c19704747b4cae2d4d5715aa0,upcoming,Apex 日常,2023-07-27T13:00:00Z,https://www.twitch.tv/ucnya,
f44835c18dac441f910f4eb821ffd7ce,upcoming,只要得空就會開 時間還是比較不一定~,2023-07-27T13:00:00Z,https://www.twitch.tv/yukkiwee,
58e377df63f745fc8473368b20afe2ae,upcoming,遊戲或其他直播（連動取代可能）,2023-07-27T13:30:00Z,https://www.twitch.tv/yuutatsubasa,
eadf377f5cbd41ac9842c3f5559268f6,upcoming,,2023-07-27T13:30:00Z,https://www.twitch.tv/om_mosquito,
2e454f2b51c649cfa913dac2ebd9e470,upcoming,三排上分,2023-07-27T14:00:00Z,https://www.twitch.tv/klnpurple,
025ce8dccaa4466c80061aa308c378c3,upcoming,#晚安新聞台 #晚安故事 ｜ 現在是什麼世道呢？我所見所聞與自身體認到的內容，希望能在更新這個世界的新知同時也跟各位談談對於這些事情的看法。,2023-07-27T15:00:00Z,https://www.twitch.tv/shima_takasato,
db2f279f9960492082f3ae6ad20aca91,upcoming,【CODE VEIN】,2023-07-27T16:30:00Z,https://www.twitch.tv/suzumiya_siru,
d407b30c72a841bd82af1f5cc8ec0667,upcoming,主委泡茶間 邀請不同類型的來賓來對談，主題依當周來賓性質而定,2023-07-28T01:00:00Z,https://www.twitch.tv/chiveswang_llt5,
33546b9ad5a8408589405f9467063dd7,upcoming,快樂台,2023-07-28T01:30:00Z,https://www.twitch.tv/boni_0x0,
2bd52c3a964541febb42782fd1f9fdba,upcoming,FPS喵 (ﾉ◕ヮ◕)ﾉ*:･ﾟ✧,2023-07-28T04:00:00Z,https://www.twitch.tv/jojo51113,
c29bc8bf78dd417980491f19333c8fa2,upcoming,工作雜談,2023-07-28T04:00:00Z,https://www.twitch.tv/muling0606,
7180d8a493134a9c932fe790eb17f2e9,upcoming,出沒可能時間：繪圖雜談,2023-07-28T05:00:00Z,https://www.twitch.tv/shinkaitoro,
547aa467c2ce497e9d95c4a085effe0d,upcoming,會開,2023-07-28T05:00:00Z,https://www.twitch.tv/umimiowo,
9e6e69bfb48e4be0a8eecc737a6a0ba1,upcoming,週五下午可能唱唱,2023-07-28T05:00:00Z,https://www.twitch.tv/aster_ur,
50ec735272014b1b996ee80a8df4671a,upcoming,"Some games, i dunno yet!",2023-07-28T05:00:00Z,https://www.twitch.tv/azuusaru,
3dda133703f64b019d7eea0c5cb55335,upcoming,,2023-07-28T05:30:00Z,https://www.twitch.tv/miamya0615,
803435ca691f43a4b02360926fee23d1,upcoming,,2023-07-28T06:00:00Z,https://www.twitch.tv/yukou_ouo,
67b37e4e1f2f49d88a047d650b70be91,upcoming,中文雜談,2023-07-28T06:00:00Z,https://www.twitch.tv/yumenoryuusei0404,
db2f279f9960492082f3ae6ad20aca91,upcoming,【Tom Clancy's Rainbow Six: Siege】,2023-07-28T08:30:00Z,https://www.twitch.tv/suzumiya_siru,
3c5b24ec5e7e4451a917bb1683298c05,upcoming,【遊戲】貪還要更貪！！潛水給魚追啦🐟【羽宮奈奈】| Dave The Diver 潛水員戴夫,2023-07-28T10:00:00Z,https://www.twitch.tv/hakunana1203,
36f4fa8dbd7740c3ae5ac02b890fa502,upcoming,Vtuber養成計畫：人生放送中,2023-07-28T11:00:00Z,https://www.twitch.tv/dr1090a,
526dd51b5abf4fdcaede0cfe80096186,upcoming," 隨機突發雜談遊戲台",2023-07-28T11:30:00Z,https://www.twitch.tv/koooorikuma,
d8b5835bc6aa46119cc7ddd4447e780f,upcoming,這是魔法師 ˗ˋˏ 咘小星 ˎˊ˗ 使用召喚術的固定時段⎝༼ ◕Д ◕ ༽⎠（如有變動以DC群為主）,2023-07-28T11:30:00Z,https://www.twitch.tv/ssstar_180,
4efffd7632e94c9faad30a543c3e1150,upcoming,,2023-07-28T11:30:00Z,https://www.twitch.tv/aveza_manon,
de81b740d66c439685aa37491d27efc4,upcoming,觀眾同樂會,2023-07-28T12:00:00Z,https://www.twitch.tv/lmpaper,
a83b6d485350402b90238deb371ae654,upcoming,巧克團,2023-07-28T12:00:00Z,https://www.twitch.tv/monna_nana,
091ac99f10804fe3b417a0f285731b4e,upcoming,咪米黑白講,2023-07-28T12:00:00Z,https://www.twitch.tv/umamixchami,
6159040406fc4e6cb73dbf9734717703,upcoming,,2023-07-28T12:00:00Z,https://www.twitch.tv/drizzlingnight,
aef2ed42d49343f28394b6335695b5ac,upcoming,,2023-07-28T12:00:00Z,https://www.twitch.tv/yuncream,
8b810380ed254a5e8a85b65552ba4e61,upcoming,七兔肚子咕咕叫,2023-07-28T12:00:00Z,https://www.twitch.tv/nayomi0204,
67b37e4e1f2f49d88a047d650b70be91,upcoming,日本語配信,2023-07-28T12:00:00Z,https://www.twitch.tv/yumenoryuusei0404,
6bf231719d5e485fa0cdee99905858d4,upcoming,雜談或是治癒小遊戲,2023-07-28T12:00:00Z,https://www.twitch.tv/xiaoke0109,
31a4ca5b5d554c13902eff32302e5eb9,upcoming,,2023-07-28T12:00:00Z,https://www.twitch.tv/chiyouboss,
a7bb915cc1a0474080d7dbf6d245daf4,upcoming,日常幹话台 【CN/EN】,2023-07-28T12:00:00Z,https://www.twitch.tv/tatsuya_rei,
554ca19c3d924cacac1f680675b9fdd2,upcoming,原神日常任務及聊天,2023-07-28T12:30:00Z,https://www.twitch.tv/yueyuhoshizora,
4af53c3526f7435a8aac99f42dccb392,upcoming,固定開台,2023-07-28T13:00:00Z,https://www.twitch.tv/milo_lonewolf,
f88d85aeb79a429e9751db330f469df1,upcoming,DBD殺鹿日,2023-07-28T13:00:00Z,https://www.twitch.tv/lunaluna2021,
c747687c19704747b4cae2d4d5715aa0,upcoming,Steam 遊戲日,2023-07-28T13:00:00Z,https://www.twitch.tv/ucnya,
f44835c18dac441f910f4eb821ffd7ce,upcoming,只要得空就會開 時間還是比較不一定~,2023-07-28T13:00:00Z,https://www.twitch.tv/yukkiwee,
eadf377f5cbd41ac9842c3f5559268f6,upcoming,,2023-07-28T13:30:00Z,https://www.twitch.tv/om_mosquito,
2e454f2b51c649cfa913dac2ebd9e470,upcoming,單排/三排上分,2023-07-28T14:00:00Z,https://www.twitch.tv/klnpurple,
c248ccba18664207aff22e8c270b18b9,upcoming,7/6~麻將大師水友賽!,2023-07-28T14:00:00Z,https://www.twitch.tv/chu00213,
2af6cb0e15ce4839ba711b47608d4f4d,upcoming,【Art】畫畫,2023-07-28T14:00:00Z,https://www.twitch.tv/moyu_moyu,
ce408f8b30704b42a7492f0e40684317,upcoming,小屋生活,2023-07-28T14:30:00Z,https://www.twitch.tv/kuriowokuri,
1618171723d84cbe8b57cd69fa6f477f,upcoming,,2023-07-28T15:00:00Z,https://www.twitch.tv/rin_en_kana,
abda6c94394b47ba885c34417e3a4d08,upcoming,【🔴Live】雑談 ! 正太貓貓的伴眠時間 ! / 伊沢悠人,2023-07-28T15:00:00Z,https://www.twitch.tv/izawayuuto0726,
b96f58f4373a4b65977afe5f2829e9e4,upcoming,プロセカ,2023-07-28T15:30:00Z,https://www.twitch.tv/cieloneve_,
db2f279f9960492082f3ae6ad20aca91,upcoming," 【Tom Clancy's Rainbow Six: Siege】",2023-07-28T16:30:00Z,https://www.twitch.tv/suzumiya_siru,
f6a4e7aa8d0c4e5cb39d199845ec4d02,upcoming,APEX特化,2023-07-28T17:00:00Z,https://www.twitch.tv/vtuber_amiru,
9e6e69bfb48e4be0a8eecc737a6a0ba1,upcoming,週六半夜也可能唱唱,2023-07-28T17:00:00Z,https://www.twitch.tv/aster_ur,
819cc1636ec94c0ab290b4513c6d629d,upcoming,MHR with Miki,2023-07-28T20:00:00Z,https://www.twitch.tv/mikiaoboshi,
c747687c19704747b4cae2d4d5715aa0,upcoming,Apex 觀眾場,2023-07-29T01:00:00Z,https://www.twitch.tv/ucnya,
c29bc8bf78dd417980491f19333c8fa2,upcoming,工作雜談,2023-07-29T04:00:00Z,https://www.twitch.tv/muling0606,
cef544ae38ec4c03ad337e68e2d885f4,upcoming,Apex or osu chat,2023-07-29T04:00:00Z,https://www.twitch.tv/ilzenkion1,
526dd51b5abf4fdcaede0cfe80096186,upcoming,固定雜談Osu練習台,2023-07-29T04:30:00Z,https://www.twitch.tv/koooorikuma,
31a4ca5b5d554c13902eff32302e5eb9,upcoming,,2023-07-29T05:00:00Z,https://www.twitch.tv/chiyouboss,
3dda133703f64b019d7eea0c5cb55335,upcoming,,2023-07-29T05:30:00Z,https://www.twitch.tv/miamya0615,
36f4fa8dbd7740c3ae5ac02b890fa502,upcoming,Vtuber養成計畫：人生放送中,2023-07-29T06:00:00Z,https://www.twitch.tv/dr1090a,
6159040406fc4e6cb73dbf9734717703,upcoming,,2023-07-29T06:00:00Z,https://www.twitch.tv/drizzlingnight,
5f9ded46df28474bbd1470d761700f30,upcoming,[Not stream] Join us on VRChat!,2023-07-29T07:00:00Z,https://www.twitch.tv/fuyukisakura,
33546b9ad5a8408589405f9467063dd7,upcoming,歌回台,2023-07-29T07:00:00Z,https://www.twitch.tv/boni_0x0,
db2f279f9960492082f3ae6ad20aca91,upcoming," 【Tom Clancy's Rainbow Six: Siege】",2023-07-29T08:30:00Z,https://www.twitch.tv/suzumiya_siru,
3c5b24ec5e7e4451a917bb1683298c05,upcoming,【遊戲】哥布林學魔法✡️ 心情好就打LOL！【羽宮奈奈】,2023-07-29T10:00:00Z,https://www.twitch.tv/hakunana1203,
de81b740d66c439685aa37491d27efc4,upcoming,固定直播日,2023-07-29T12:00:00Z,https://www.twitch.tv/lmpaper,
a83b6d485350402b90238deb371ae654,upcoming,星露谷,2023-07-29T12:00:00Z,https://www.twitch.tv/monna_nana,
aef2ed42d49343f28394b6335695b5ac,upcoming,,2023-07-29T12:00:00Z,https://www.twitch.tv/yuncream,
8b810380ed254a5e8a85b65552ba4e61,upcoming,飢餓七兔,2023-07-29T12:00:00Z,https://www.twitch.tv/nayomi0204,
6bf231719d5e485fa0cdee99905858d4,upcoming,雜談或小遊戲，偶爾會開ASMR,2023-07-29T12:00:00Z,https://www.twitch.tv/xiaoke0109,
a7bb915cc1a0474080d7dbf6d245daf4,upcoming,日常幹话台 【CN/EN】,2023-07-29T12:00:00Z,https://www.twitch.tv/tatsuya_rei,
5535c9524eb046c38e172ebfa06b302f,upcoming,,2023-07-29T13:00:00Z,https://www.twitch.tv/ruroroisme,
4af53c3526f7435a8aac99f42dccb392,upcoming,固定開台,2023-07-29T13:00:00Z,https://www.twitch.tv/milo_lonewolf,
c747687c19704747b4cae2d4d5715aa0,upcoming,ARAM自訂觀眾場,2023-07-29T13:00:00Z,https://www.twitch.tv/ucnya,
9643c650b1804107b85de1f08010aa9d,upcoming,日本麻將 雀魂 一番街 努力段位中,2023-07-29T13:00:00Z,https://www.twitch.tv/otonashikoi,
f44835c18dac441f910f4eb821ffd7ce,upcoming,只要得空就會開 時間還是比較不一定~,2023-07-29T13:00:00Z,https://www.twitch.tv/yukkiwee,
58e377df63f745fc8473368b20afe2ae,upcoming,雜談或歌回直播（連動取代可能）,2023-07-29T13:30:00Z,https://www.twitch.tv/yuutatsubasa,
f88d85aeb79a429e9751db330f469df1,upcoming,鹿言鹿語,2023-07-29T13:30:00Z,https://www.twitch.tv/lunaluna2021,
1618171723d84cbe8b57cd69fa6f477f,upcoming,,2023-07-29T13:30:00Z,https://www.twitch.tv/rin_en_kana,
eadf377f5cbd41ac9842c3f5559268f6,upcoming,,2023-07-29T13:30:00Z,https://www.twitch.tv/om_mosquito,
2e454f2b51c649cfa913dac2ebd9e470,upcoming,練英和單排上分,2023-07-29T14:00:00Z,https://www.twitch.tv/klnpurple,
c248ccba18664207aff22e8c270b18b9,upcoming,7/7~LOL水友賽~,2023-07-29T14:00:00Z,https://www.twitch.tv/chu00213,
ce408f8b30704b42a7492f0e40684317,upcoming,小屋生活,2023-07-29T14:30:00Z,https://www.twitch.tv/kuriowokuri,
025ce8dccaa4466c80061aa308c378c3,upcoming,【#我親愛的妻子 #遊戲台 】揭開魅魔小鎮的陰謀? 對於已逝者的留念是愛的表現嗎? 復活妻子是真愛的表現? #遊戲直播 #台V #隆理在玩,2023-07-29T15:45:00Z,https://www.twitch.tv/shima_takasato,
34973abcef4e41b29add2b476ce0a7fb,upcoming,"今日感謝瑾瑜邀請到幼幼相見歡進行雜談,對於自己休息一個月後歸來看到自己的情況...,只能說百感交集",2023-07-29T16:00:00Z,https://www.twitch.tv/sweetcat_10450077,
819cc1636ec94c0ab290b4513c6d629d,upcoming,Healthy Miki,2023-07-29T19:00:00Z,https://www.twitch.tv/mikiaoboshi,
db2f279f9960492082f3ae6ad20aca91,upcoming,【Tom Clancy's Rainbow Six: Siege】,2023-07-29T20:30:00Z,https://www.twitch.tv/suzumiya_siru,
2450f1c7cf8f46c8aa30afaa922c9642,upcoming,最近都是突發,2023-07-29T21:25:00Z,https://www.twitch.tv/setsurei0227,
2af6cb0e15ce4839ba711b47608d4f4d,upcoming,,2023-07-30T01:00:00Z,https://www.twitch.tv/moyu_moyu,
2e454f2b51c649cfa913dac2ebd9e470,upcoming,練英和單排上分,2023-07-30T02:00:00Z,https://www.twitch.tv/klnpurple,
c747687c19704747b4cae2d4d5715aa0,upcoming,Apex 日常,2023-07-30T03:00:00Z,https://www.twitch.tv/ucnya,
db2f279f9960492082f3ae6ad20aca91,upcoming,【Tom Clancy's Rainbow Six: Siege】,2023-07-30T04:30:00Z,https://www.twitch.tv/suzumiya_siru,
36f4fa8dbd7740c3ae5ac02b890fa502,upcoming,Vtuber養成計畫：人生放送中,2023-07-30T06:00:00Z,https://www.twitch.tv/dr1090a,
6159040406fc4e6cb73dbf9734717703,upcoming,,2023-07-30T06:00:00Z,https://www.twitch.tv/drizzlingnight,
526dd51b5abf4fdcaede0cfe80096186,upcoming,固定雜談遊戲台,2023-07-30T06:30:00Z,https://www.twitch.tv/koooorikuma,
3c5b24ec5e7e4451a917bb1683298c05,upcoming,"【歌回】✨2,000追 & 小收益化慶祝✨【羽宮奈奈】",2023-07-30T07:00:00Z,https://www.twitch.tv/hakunana1203,
5535c9524eb046c38e172ebfa06b302f,upcoming,,2023-07-30T11:00:00Z,https://www.twitch.tv/ruroroisme,
a83b6d485350402b90238deb371ae654,upcoming,骰子地下城,2023-07-30T11:00:00Z,https://www.twitch.tv/monna_nana,
36f4fa8dbd7740c3ae5ac02b890fa502,upcoming,艾爾登法環,2023-07-30T11:00:00Z,https://www.twitch.tv/dr1090a,
49393dd4bc284768852b0d4f9bba2ec8,upcoming,【AmongUS】首次登船能不被爆打嗎！？#珍奶茗璐ft.豪多人,2023-07-30T12:00:00Z,https://www.twitch.tv/tapiokalop,
aef2ed42d49343f28394b6335695b5ac,upcoming,,2023-07-30T12:00:00Z,https://www.twitch.tv/yuncream,
6bf231719d5e485fa0cdee99905858d4,upcoming,雜談或小遊戲，偶爾會開ASMR,2023-07-30T12:00:00Z,https://www.twitch.tv/xiaoke0109,
a7bb915cc1a0474080d7dbf6d245daf4,upcoming,日常幹话台 【CN/EN】,2023-07-30T12:00:00Z,https://www.twitch.tv/tatsuya_rei,
57843e9c870647729c2438a7a7077008,upcoming,集合吧～歌回的時間到了哦～,2023-07-30T12:00:00Z,https://www.twitch.tv/ainohikaru,
a0467c81a3014fbf83029acffe5b1d3f,upcoming,每週例行麻將大會！歡迎觀眾參加,2023-07-30T12:30:00Z,https://www.twitch.tv/najathepangolin,
ce408f8b30704b42a7492f0e40684317,upcoming,小屋生活,2023-07-30T12:30:00Z,https://www.twitch.tv/kuriowokuri,
9643c650b1804107b85de1f08010aa9d,upcoming,日本麻將 雀魂 一番街 努力段位中,2023-07-30T13:00:00Z,https://www.twitch.tv/otonashikoi,
f44835c18dac441f910f4eb821ffd7ce,upcoming,會聊天玩遊戲之類的 反正就是個很棒的大家庭~~,2023-07-30T13:00:00Z,https://www.twitch.tv/yukkiwee,
1618171723d84cbe8b57cd69fa6f477f,upcoming,,2023-07-30T13:30:00Z,https://www.twitch.tv/rin_en_kana,
eadf377f5cbd41ac9842c3f5559268f6,upcoming,,2023-07-30T13:30:00Z,https://www.twitch.tv/om_mosquito,
c248ccba18664207aff22e8c270b18b9,upcoming,7/8~APEX直播,2023-07-30T14:00:00Z,https://www.twitch.tv/chu00213,
823311ac8226476e8d1e323f536bf8b1,upcoming,下午14:00~17:30在主委的V曲龍虎榜 深夜雜談做週表~~,2023-07-30T17:30:00Z,https://www.twitch.tv/kujosenko,
819cc1636ec94c0ab290b4513c6d629d,upcoming,Game time,2023-07-30T19:00:00Z,https://www.twitch.tv/mikiaoboshi,
33546b9ad5a8408589405f9467063dd7,upcoming,APEX台,2023-07-31T01:30:00Z,https://www.twitch.tv/boni_0x0,
2f966e51210f49ba9dce2ac90e3ada18,upcoming,會開! 才怪,2023-07-31T04:00:00Z,https://www.twitch.tv/rurii0303,
2bd52c3a964541febb42782fd1f9fdba,upcoming,FPS喵 (ﾉ◕ヮ◕)ﾉ*:･ﾟ✧,2023-07-31T04:00:00Z,https://www.twitch.tv/jojo51113,
8b732f3260e0427f9cf795b93ada310a,upcoming,【ONLY UP！】新手挑戰，成為人上人！,2023-07-31T04:00:00Z,https://www.twitch.tv/platinach,
7180d8a493134a9c932fe790eb17f2e9,upcoming,出沒可能時間：繪圖雜談,2023-07-31T05:00:00Z,https://www.twitch.tv/shinkaitoro,
547aa467c2ce497e9d95c4a085effe0d,upcoming,會開,2023-07-31T05:00:00Z,https://www.twitch.tv/umimiowo,
50ec735272014b1b996ee80a8df4671a,upcoming,"Some games, I dunno yet!",2023-07-31T05:00:00Z,https://www.twitch.tv/azuusaru,
3dda133703f64b019d7eea0c5cb55335,upcoming,,2023-07-31T05:30:00Z,https://www.twitch.tv/miamya0615,
803435ca691f43a4b02360926fee23d1,upcoming,,2023-07-31T06:00:00Z,https://www.twitch.tv/yukou_ouo,
de8c5ca15afd4534a822e5a1a9c2784e,upcoming,每周星期一的歌回和雜談,2023-07-31T09:00:00Z,https://www.twitch.tv/yakodesu,
5f9ded46df28474bbd1470d761700f30,upcoming,一周開始的運動 / Boot up the week with Exercise 😈,2023-07-31T10:00:00Z,https://www.twitch.tv/fuyukisakura,
091ac99f10804fe3b417a0f285731b4e,upcoming,瑪搽瘋遊戲-在YT喔,2023-07-31T11:00:00Z,https://www.twitch.tv/umamixchami,
de81b740d66c439685aa37491d27efc4,upcoming,固定直播日,2023-07-31T11:30:00Z,https://www.twitch.tv/lmpaper,
526dd51b5abf4fdcaede0cfe80096186,upcoming,隨機突發雜談遊戲台,2023-07-31T11:30:00Z,https://www.twitch.tv/koooorikuma,
d8b5835bc6aa46119cc7ddd4447e780f,upcoming,這是魔法師 ˗ˋˏ 咘小星 ˎˊ˗ 使用召喚術的固定時段⎝༼ ◕Д ◕ ༽⎠（如有變動以DC群為主）,2023-07-31T11:30:00Z,https://www.twitch.tv/ssstar_180,
a89f7ee46cc14dff93675ce5bb82a692,upcoming,藍色星期一有藍色小妖精✨,2023-07-31T11:30:00Z,https://www.twitch.tv/eveliacridland,
6159040406fc4e6cb73dbf9734717703,upcoming,,2023-07-31T12:00:00Z,https://www.twitch.tv/drizzlingnight,
aef2ed42d49343f28394b6335695b5ac,upcoming,,2023-07-31T12:00:00Z,https://www.twitch.tv/yuncream,
8b810380ed254a5e8a85b65552ba4e61,upcoming,該餵七兔了,2023-07-31T12:00:00Z,https://www.twitch.tv/nayomi0204,
1618171723d84cbe8b57cd69fa6f477f,upcoming,,2023-07-31T12:00:00Z,https://www.twitch.tv/rin_en_kana,
31a4ca5b5d554c13902eff32302e5eb9,upcoming,,2023-07-31T12:00:00Z,https://www.twitch.tv/chiyouboss,
57843e9c870647729c2438a7a7077008,upcoming,集合吧～歌回的時間到了哦～,2023-07-31T12:00:00Z,https://www.twitch.tv/ainohikaru,
554ca19c3d924cacac1f680675b9fdd2,upcoming,原神日常任務及聊天,2023-07-31T12:30:00Z,https://www.twitch.tv/yueyuhoshizora,
04ed1803aaf0436eb41687f22e28ad20,upcoming,可能出沒時間,2023-07-31T12:30:00Z,https://www.twitch.tv/billy10002,
4af53c3526f7435a8aac99f42dccb392,upcoming,固定開台,2023-07-31T13:00:00Z,https://www.twitch.tv/milo_lonewolf,
f44835c18dac441f910f4eb821ffd7ce,upcoming,只要得空就會開 時間還是比較不一定~,2023-07-31T13:00:00Z,https://www.twitch.tv/yukkiwee,
58e377df63f745fc8473368b20afe2ae,upcoming,遊戲直播,2023-07-31T13:30:00Z,https://www.twitch.tv/yuutatsubasa,
eadf377f5cbd41ac9842c3f5559268f6,upcoming,,2023-07-31T13:30:00Z,https://www.twitch.tv/om_mosquito,
2e454f2b51c649cfa913dac2ebd9e470,upcoming,練英,2023-07-31T14:00:00Z,https://www.twitch.tv/klnpurple,
64199c3fe4914883a1a9b4a68dc332be,upcoming,【無垠之心：序章】A Space For The Unbound - Prologue【布魯布比．鳥鳥牧場】,2023-07-31T14:00:00Z,https://www.twitch.tv/burububi,
c248ccba18664207aff22e8c270b18b9,upcoming,6/27~邊打麻將邊閒聊~,2023-07-31T14:00:00Z,https://www.twitch.tv/chu00213,
3c5b24ec5e7e4451a917bb1683298c05,upcoming,【深夜聊聊】週一吸麻糬,2023-07-31T14:00:00Z,https://www.twitch.tv/hakunana1203,
5b85294949544a5f8855715acadf66a5,upcoming,✦ ✧ ✦週一讀書夜，島嶼擱淺：黑日雨✦ ✧ ✦,2023-07-31T14:30:00Z,https://www.twitch.tv/cesium_cat,
819cc1636ec94c0ab290b4513c6d629d,upcoming,Gamer Miki,2023-07-31T20:00:00Z,https://www.twitch.tv/mikiaoboshi,
50ec735272014b1b996ee80a8df4671a,upcoming,"Some games, I dunno yet!",2023-08-01T00:00:00Z,https://www.twitch.tv/azuusaru,
d407b30c72a841bd82af1f5cc8ec0667,upcoming,台V好聲音 - 介紹你可能不知道的台灣 VTuber 們，從美妙歌聲到獨特個性，不知道從何˙看起的最佳入門選擇,2023-08-01T01:00:00Z,https://www.twitch.tv/chiveswang_llt5,
c747687c19704747b4cae2d4d5715aa0,upcoming,Apex 日常,2023-08-01T01:00:00Z,https://www.twitch.tv/ucnya,
33546b9ad5a8408589405f9467063dd7,upcoming,歌回台,2023-08-01T01:30:00Z,https://www.twitch.tv/boni_0x0,
428251b7832a48219276fb6e5f644e86,upcoming,當個不老不新的獵人(順便拜託你們多留言),2023-08-01T02:00:00Z,https://www.twitch.tv/karami086,
c248ccba18664207aff22e8c270b18b9,upcoming,7/5~來玩玩瓦羅蘭~,2023-08-01T04:00:00Z,https://www.twitch.tv/chu00213,
2bd52c3a964541febb42782fd1f9fdba,upcoming,FPS喵 (ﾉ◕ヮ◕)ﾉ*:･ﾟ✧,2023-08-01T04:00:00Z,https://www.twitch.tv/jojo51113,
7180d8a493134a9c932fe790eb17f2e9,upcoming,出沒可能時間：繪圖雜談,2023-08-01T05:00:00Z,https://www.twitch.tv/shinkaitoro,
547aa467c2ce497e9d95c4a085effe0d,upcoming,會開,2023-08-01T05:00:00Z,https://www.twitch.tv/umimiowo,
3dda133703f64b019d7eea0c5cb55335,upcoming,,2023-08-01T05:30:00Z,https://www.twitch.tv/miamya0615,
803435ca691f43a4b02360926fee23d1,upcoming,,2023-08-01T06:00:00Z,https://www.twitch.tv/yukou_ouo,
de81b740d66c439685aa37491d27efc4,upcoming,固定直播日,2023-08-01T11:30:00Z,https://www.twitch.tv/lmpaper,
d8b5835bc6aa46119cc7ddd4447e780f,upcoming,這是魔法師 ˗ˋˏ 咘小星 ˎˊ˗ 使用召喚術的固定時段⎝༼ ◕Д ◕ ༽⎠（如有變動以DC群為主）,2023-08-01T11:30:00Z,https://www.twitch.tv/ssstar_180,
a83b6d485350402b90238deb371ae654,upcoming,巧克團,2023-08-01T12:00:00Z,https://www.twitch.tv/monna_nana,
e41bf48a09d64e4aa3d96064a9a63b08,upcoming,【魔物獵人:崛起】魔物獵人PC打起來٩(◦`꒳´◦)۶自由參加場,2023-08-01T12:00:00Z,https://www.twitch.tv/azuchiron,
6159040406fc4e6cb73dbf9734717703,upcoming,,2023-08-01T12:00:00Z,https://www.twitch.tv/drizzlingnight,
8b810380ed254a5e8a85b65552ba4e61,upcoming,餵七兔時間到,2023-08-01T12:00:00Z,https://www.twitch.tv/nayomi0204,
1618171723d84cbe8b57cd69fa6f477f,upcoming,,2023-08-01T12:00:00Z,https://www.twitch.tv/rin_en_kana,
a7bb915cc1a0474080d7dbf6d245daf4,upcoming,日常幹话台 【CN/EN】,2023-08-01T12:00:00Z,https://www.twitch.tv/tatsuya_rei,
9272afe9ef72434082d9b5621857afd0,upcoming,【懷舊系列遊戲】失戀換男友＝結婚？貓姬若的最後時光 | 新式PK陪聊型Vtuber遊戲直播,2023-08-01T12:30:00Z,https://www.twitch.tv/gilma04,
4af53c3526f7435a8aac99f42dccb392,upcoming,固定開台,2023-08-01T13:00:00Z,https://www.twitch.tv/milo_lonewolf,
58e377df63f745fc8473368b20afe2ae,upcoming,程式直播（連動取代可能）,2023-08-01T13:30:00Z,https://www.twitch.tv/yuutatsubasa,
2af6cb0e15ce4839ba711b47608d4f4d,upcoming,【Art】畫畫,2023-08-01T14:00:00Z,https://www.twitch.tv/moyu_moyu,
ce408f8b30704b42a7492f0e40684317,upcoming,小屋生活,2023-08-01T14:30:00Z,https://www.twitch.tv/kuriowokuri,
025ce8dccaa4466c80061aa308c378c3,upcoming,#晚安新聞台 #晚安故事 ｜ 現在是什麼世道呢？我所見所聞與自身體認到的內容，希望能在更新這個世界的新知同時也跟各位談談對於這些事情的看法。,2023-08-01T15:00:00Z,https://www.twitch.tv/shima_takasato,
33546b9ad5a8408589405f9467063dd7,upcoming,遊戲台,2023-08-02T01:30:00Z,https://www.twitch.tv/boni_0x0,
2bd52c3a964541febb42782fd1f9fdba,upcoming,FPS喵 (ﾉ◕ヮ◕)ﾉ*:･ﾟ✧,2023-08-02T04:00:00Z,https://www.twitch.tv/jojo51113,
7a9b7ab0d5bd411195d77800ff778a90,upcoming,沒有固定時間,2023-08-02T04:00:00Z,https://www.twitch.tv/1128wedge,
7180d8a493134a9c932fe790eb17f2e9,upcoming,出沒可能時間：繪圖雜談,2023-08-02T05:00:00Z,https://www.twitch.tv/shinkaitoro,
547aa467c2ce497e9d95c4a085effe0d,upcoming,會開,2023-08-02T05:00:00Z,https://www.twitch.tv/umimiowo,
428251b7832a48219276fb6e5f644e86,upcoming,打龍啦(順便拜託你們多留言),2023-08-02T06:00:00Z,https://www.twitch.tv/karami086,
803435ca691f43a4b02360926fee23d1,upcoming,,2023-08-02T06:00:00Z,https://www.twitch.tv/yukou_ouo,
8b732f3260e0427f9cf795b93ada310a,upcoming,【萊莎的鍊金工房 ～常闇女王與秘密藏身處～】大腿我來了,2023-08-02T09:00:00Z,https://www.twitch.tv/platinach,
091ac99f10804fe3b417a0f285731b4e,upcoming,烏瑪咪x搽米無限系-在YT喔,2023-08-02T11:00:00Z,https://www.twitch.tv/umamixchami,
de81b740d66c439685aa37491d27efc4,upcoming,固定直播日,2023-08-02T11:30:00Z,https://www.twitch.tv/lmpaper,
526dd51b5abf4fdcaede0cfe80096186,upcoming,隨機突發雜談遊戲台,2023-08-02T11:30:00Z,https://www.twitch.tv/koooorikuma,
d8b5835bc6aa46119cc7ddd4447e780f,upcoming,這是魔法師 ˗ˋˏ 咘小星 ˎˊ˗ 使用召喚術的固定時段⎝༼ ◕Д ◕ ༽⎠（如有變動以DC群為主）,2023-08-02T11:30:00Z,https://www.twitch.tv/ssstar_180,
228427b15b964f1396b5a7b5eb224a21,upcoming,Asteria配音時間，一起來聽劇本、閒聊吧！,2023-08-02T12:00:00Z,https://www.twitch.tv/asterialive0503,
a83b6d485350402b90238deb371ae654,upcoming,觀眾同樂,2023-08-02T12:00:00Z,https://www.twitch.tv/monna_nana,
8b810380ed254a5e8a85b65552ba4e61,upcoming,七兔肚子餓,2023-08-02T12:00:00Z,https://www.twitch.tv/nayomi0204,
444dcf020b27400087d2b2b21135033c,upcoming,林間盃日麻,2023-08-02T12:00:00Z,https://www.twitch.tv/v_hanasakiayame,
a7bb915cc1a0474080d7dbf6d245daf4,upcoming,日常幹话台 【CN/EN】,2023-08-02T12:00:00Z,https://www.twitch.tv/tatsuya_rei,
554ca19c3d924cacac1f680675b9fdd2,upcoming,原神日常任務及聊天,2023-08-02T12:30:00Z,https://www.twitch.tv/yueyuhoshizora,
4af53c3526f7435a8aac99f42dccb392,upcoming,突發或休息,2023-08-02T13:00:00Z,https://www.twitch.tv/milo_lonewolf,
f88d85aeb79a429e9751db330f469df1,upcoming,鹿言鹿語,2023-08-02T13:00:00Z,https://www.twitch.tv/lunaluna2021,
d7b96c6024ce479f9b8f8c0a5439c9af,upcoming,"Ori Day ! ",2023-08-02T13:00:00Z,https://www.twitch.tv/rittan0x0,
ce408f8b30704b42a7492f0e40684317,upcoming,小屋生活,2023-08-02T14:30:00Z,https://www.twitch.tv/kuriowokuri,
819cc1636ec94c0ab290b4513c6d629d,upcoming,Art with Miki,2023-08-02T20:00:00Z,https://www.twitch.tv/mikiaoboshi,
33546b9ad5a8408589405f9467063dd7,upcoming,耍費台,2023-08-03T01:30:00Z,https://www.twitch.tv/boni_0x0,
428251b7832a48219276fb6e5f644e86,upcoming,看我能打龍到多久(順便拜託你們多留言),2023-08-03T02:00:00Z,https://www.twitch.tv/karami086,
2bd52c3a964541febb42782fd1f9fdba,upcoming,FPS喵 (ﾉ◕ヮ◕)ﾉ*:･ﾟ✧,2023-08-03T04:00:00Z,https://www.twitch.tv/jojo51113,
7180d8a493134a9c932fe790eb17f2e9,upcoming,出沒可能時間：繪圖雜談,2023-08-03T05:00:00Z,https://www.twitch.tv/shinkaitoro,
547aa467c2ce497e9d95c4a085effe0d,upcoming,會開,2023-08-03T05:00:00Z,https://www.twitch.tv/umimiowo,
3dda133703f64b019d7eea0c5cb55335,upcoming,,2023-08-03T05:30:00Z,https://www.twitch.tv/miamya0615,
803435ca691f43a4b02360926fee23d1,upcoming,,2023-08-03T06:00:00Z,https://www.twitch.tv/yukou_ouo,
5f9ded46df28474bbd1470d761700f30,upcoming,美妙的舞蹈大會 / Dance with Sakura!,2023-08-03T10:00:00Z,https://www.twitch.tv/fuyukisakura,
d8b5835bc6aa46119cc7ddd4447e780f,upcoming,這是魔法師 ˗ˋˏ 咘小星 ˎˊ˗ 使用召喚術的固定時段⎝༼ ◕Д ◕ ༽⎠（如有變動以DC群為主）,2023-08-03T11:30:00Z,https://www.twitch.tv/ssstar_180,
d8b0b4e36c614d328620461a295572a1,upcoming,,2023-08-03T11:30:00Z,https://www.twitch.tv/jumpshi,
0c09a69445864b44adbba11b487f9b1a,upcoming,做連動封面圖！努力開台衝門檻！,2023-08-03T11:30:00Z,https://www.twitch.tv/amane_tainan,
090be1be8d29429183e190e22fc4be22,upcoming,試試看這ㄍ功能【Ness9s奈斯糖】,2023-08-03T12:00:00Z,https://www.twitch.tv/ness9s1222,
554ca19c3d924cacac1f680675b9fdd2,upcoming,原神日常任務及聊天,2023-08-03T12:30:00Z,https://www.twitch.tv/yueyuhoshizora,
f88d85aeb79a429e9751db330f469df1,upcoming,鹿言鹿語,2023-08-03T13:00:00Z,https://www.twitch.tv/lunaluna2021,
048b1a247cbb4eaa985d7311dc651945,upcoming,【雜談】人生鬼故事聊天台,2023-08-03T13:00:00Z,https://www.twitch.tv/yiyue_maple,
58e377df63f745fc8473368b20afe2ae,upcoming,遊戲或其他直播（連動取代可能）,2023-08-03T13:30:00Z,https://www.twitch.tv/yuutatsubasa,
025ce8dccaa4466c80061aa308c378c3,upcoming,#晚安新聞台 #晚安故事 ｜ 現在是什麼世道呢？我所見所聞與自身體認到的內容，希望能在更新這個世界的新知同時也跟各位談談對於這些事情的看法。,2023-08-03T15:00:00Z,https://www.twitch.tv/shima_takasato,
d407b30c72a841bd82af1f5cc8ec0667,upcoming,主委泡茶間 邀請不同類型的來賓來對談，主題依當周來賓性質而定,2023-08-04T01:00:00Z,https://www.twitch.tv/chiveswang_llt5,
2bd52c3a964541febb42782fd1f9fdba,upcoming,FPS喵 (ﾉ◕ヮ◕)ﾉ*:･ﾟ✧,2023-08-04T04:00:00Z,https://www.twitch.tv/jojo51113,
c29bc8bf78dd417980491f19333c8fa2,upcoming,工作雜談,2023-08-04T04:00:00Z,https://www.twitch.tv/muling0606,
7180d8a493134a9c932fe790eb17f2e9,upcoming,出沒可能時間：繪圖雜談,2023-08-04T05:00:00Z,https://www.twitch.tv/shinkaitoro,
547aa467c2ce497e9d95c4a085effe0d,upcoming,會開,2023-08-04T05:00:00Z,https://www.twitch.tv/umimiowo,
9e6e69bfb48e4be0a8eecc737a6a0ba1,upcoming,週五下午可能唱唱,2023-08-04T05:00:00Z,https://www.twitch.tv/aster_ur,
50ec735272014b1b996ee80a8df4671a,upcoming,"Some games, i dunno yet!",2023-08-04T05:00:00Z,https://www.twitch.tv/azuusaru,
3dda133703f64b019d7eea0c5cb55335,upcoming,,2023-08-04T05:30:00Z,https://www.twitch.tv/miamya0615,
803435ca691f43a4b02360926fee23d1,upcoming,,2023-08-04T06:00:00Z,https://www.twitch.tv/yukou_ouo,
526dd51b5abf4fdcaede0cfe80096186,upcoming," 隨機突發雜談遊戲台",2023-08-04T11:30:00Z,https://www.twitch.tv/koooorikuma,
d8b5835bc6aa46119cc7ddd4447e780f,upcoming,這是魔法師 ˗ˋˏ 咘小星 ˎˊ˗ 使用召喚術的固定時段⎝༼ ◕Д ◕ ༽⎠（如有變動以DC群為主）,2023-08-04T11:30:00Z,https://www.twitch.tv/ssstar_180,
4efffd7632e94c9faad30a543c3e1150,upcoming,,2023-08-04T11:30:00Z,https://www.twitch.tv/aveza_manon,
091ac99f10804fe3b417a0f285731b4e,upcoming,咪米黑白講,2023-08-04T12:00:00Z,https://www.twitch.tv/umamixchami,
6bf231719d5e485fa0cdee99905858d4,upcoming,雜談或是治癒小遊戲,2023-08-04T12:00:00Z,https://www.twitch.tv/xiaoke0109,
31a4ca5b5d554c13902eff32302e5eb9,upcoming,,2023-08-04T12:00:00Z,https://www.twitch.tv/chiyouboss,
554ca19c3d924cacac1f680675b9fdd2,upcoming,原神日常任務及聊天,2023-08-04T12:30:00Z,https://www.twitch.tv/yueyuhoshizora,
f88d85aeb79a429e9751db330f469df1,upcoming,DBD殺鹿日,2023-08-04T13:00:00Z,https://www.twitch.tv/lunaluna2021,
2af6cb0e15ce4839ba711b47608d4f4d,upcoming,【Art】畫畫,2023-08-04T14:00:00Z,https://www.twitch.tv/moyu_moyu,
ce408f8b30704b42a7492f0e40684317,upcoming,小屋生活,2023-08-04T14:30:00Z,https://www.twitch.tv/kuriowokuri,
abda6c94394b47ba885c34417e3a4d08,upcoming,【🔴Live】雑談 ! 正太貓貓的伴眠時間 ! / 伊沢悠人,2023-08-04T15:00:00Z,https://www.twitch.tv/izawayuuto0726,
b96f58f4373a4b65977afe5f2829e9e4,upcoming,プロセカ,2023-08-04T15:30:00Z,https://www.twitch.tv/cieloneve_,
f6a4e7aa8d0c4e5cb39d199845ec4d02,upcoming,APEX特化,2023-08-04T17:00:00Z,https://www.twitch.tv/vtuber_amiru,
9e6e69bfb48e4be0a8eecc737a6a0ba1,upcoming,週六半夜也可能唱唱,2023-08-04T17:00:00Z,https://www.twitch.tv/aster_ur,
819cc1636ec94c0ab290b4513c6d629d,upcoming,MHR with Miki,2023-08-04T20:00:00Z,https://www.twitch.tv/mikiaoboshi,
c29bc8bf78dd417980491f19333c8fa2,upcoming,工作雜談,2023-08-05T04:00:00Z,https://www.twitch.tv/muling0606,
cef544ae38ec4c03ad337e68e2d885f4,upcoming,Apex or osu chat,2023-08-05T04:00:00Z,https://www.twitch.tv/ilzenkion1,
526dd51b5abf4fdcaede0cfe80096186,upcoming,固定雜談Osu練習台,2023-08-05T04:30:00Z,https://www.twitch.tv/koooorikuma,
31a4ca5b5d554c13902eff32302e5eb9,upcoming,,2023-08-05T05:00:00Z,https://www.twitch.tv/chiyouboss,
3dda133703f64b019d7eea0c5cb55335,upcoming,,2023-08-05T05:30:00Z,https://www.twitch.tv/miamya0615,
5f9ded46df28474bbd1470d761700f30,upcoming,[Not stream] Join us on VRChat!,2023-08-05T07:00:00Z,https://www.twitch.tv/fuyukisakura,
6bf231719d5e485fa0cdee99905858d4,upcoming,雜談或小遊戲，偶爾會開ASMR,2023-08-05T12:00:00Z,https://www.twitch.tv/xiaoke0109,
5535c9524eb046c38e172ebfa06b302f,upcoming,,2023-08-05T13:00:00Z,https://www.twitch.tv/ruroroisme,
9643c650b1804107b85de1f08010aa9d,upcoming,日本麻將 雀魂 一番街 努力段位中,2023-08-05T13:00:00Z,https://www.twitch.tv/otonashikoi,
58e377df63f745fc8473368b20afe2ae,upcoming,雜談或歌回直播（連動取代可能）,2023-08-05T13:30:00Z,https://www.twitch.tv/yuutatsubasa,
f88d85aeb79a429e9751db330f469df1,upcoming,鹿言鹿語,2023-08-05T13:30:00Z,https://www.twitch.tv/lunaluna2021,
025ce8dccaa4466c80061aa308c378c3,upcoming,【#我親愛的妻子 #遊戲台 】揭開魅魔小鎮的陰謀? 對於已逝者的留念是愛的表現嗎? 復活妻子是真愛的表現? #遊戲直播 #台V #隆理在玩,2023-08-05T15:45:00Z,https://www.twitch.tv/shima_takasato,
34973abcef4e41b29add2b476ce0a7fb,upcoming,"今日感謝瑾瑜邀請到幼幼相見歡進行雜談,對於自己休息一個月後歸來看到自己的情況...,只能說百感交集",2023-08-05T16:00:00Z,https://www.twitch.tv/sweetcat_10450077,
2450f1c7cf8f46c8aa30afaa922c9642,upcoming,最近都是突發,2023-08-05T21:25:00Z,https://www.twitch.tv/setsurei0227,
2af6cb0e15ce4839ba711b47608d4f4d,upcoming,,2023-08-06T01:00:00Z,https://www.twitch.tv/moyu_moyu,
5535c9524eb046c38e172ebfa06b302f,upcoming,,2023-08-06T11:00:00Z,https://www.twitch.tv/ruroroisme,
49393dd4bc284768852b0d4f9bba2ec8,upcoming,【AmongUS】首次登船能不被爆打嗎！？#珍奶茗璐ft.豪多人,2023-08-06T12:00:00Z,https://www.twitch.tv/tapiokalop,
6bf231719d5e485fa0cdee99905858d4,upcoming,雜談或小遊戲，偶爾會開ASMR,2023-08-06T12:00:00Z,https://www.twitch.tv/xiaoke0109,
57843e9c870647729c2438a7a7077008,upcoming,集合吧～歌回的時間到了哦～,2023-08-06T12:00:00Z,https://www.twitch.tv/ainohikaru,
a0467c81a3014fbf83029acffe5b1d3f,upcoming,每週例行麻將大會！歡迎觀眾參加,2023-08-06T12:30:00Z,https://www.twitch.tv/najathepangolin,
9643c650b1804107b85de1f08010aa9d,upcoming,日本麻將 雀魂 一番街 努力段位中,2023-08-06T13:00:00Z,https://www.twitch.tv/otonashikoi,
823311ac8226476e8d1e323f536bf8b1,upcoming,下午14:00~17:30在主委的V曲龍虎榜 深夜雜談做週表~~,2023-08-06T17:30:00Z,https://www.twitch.tv/kujosenko,
8b732f3260e0427f9cf795b93ada310a,upcoming,【ONLY UP！】新手挑戰，成為人上人！,2023-08-07T04:00:00Z,https://www.twitch.tv/platinach,
50ec735272014b1b996ee80a8df4671a,upcoming,"Some games, I dunno yet!",2023-08-07T05:00:00Z,https://www.twitch.tv/azuusaru,
de8c5ca15afd4534a822e5a1a9c2784e,upcoming,每周星期一的歌回和雜談,2023-08-07T09:00:00Z,https://www.twitch.tv/yakodesu,
5f9ded46df28474bbd1470d761700f30,upcoming,一周開始的運動 / Boot up the week with Exercise 😈,2023-08-07T10:00:00Z,https://www.twitch.tv/fuyukisakura,
091ac99f10804fe3b417a0f285731b4e,upcoming,瑪搽瘋遊戲-在YT喔,2023-08-07T11:00:00Z,https://www.twitch.tv/umamixchami,
a89f7ee46cc14dff93675ce5bb82a692,upcoming,藍色星期一有藍色小妖精✨,2023-08-07T11:30:00Z,https://www.twitch.tv/eveliacridland,
31a4ca5b5d554c13902eff32302e5eb9,upcoming,,2023-08-07T12:00:00Z,https://www.twitch.tv/chiyouboss,
57843e9c870647729c2438a7a7077008,upcoming,集合吧～歌回的時間到了哦～,2023-08-07T12:00:00Z,https://www.twitch.tv/ainohikaru,
554ca19c3d924cacac1f680675b9fdd2,upcoming,原神日常任務及聊天,2023-08-07T12:30:00Z,https://www.twitch.tv/yueyuhoshizora,
04ed1803aaf0436eb41687f22e28ad20,upcoming,可能出沒時間,2023-08-07T12:30:00Z,https://www.twitch.tv/billy10002,
58e377df63f745fc8473368b20afe2ae,upcoming,遊戲直播,2023-08-07T13:30:00Z,https://www.twitch.tv/yuutatsubasa,
5b85294949544a5f8855715acadf66a5,upcoming,✦ ✧ ✦週一讀書夜，島嶼擱淺：黑日雨✦ ✧ ✦,2023-08-07T14:30:00Z,https://www.twitch.tv/cesium_cat,
50ec735272014b1b996ee80a8df4671a,upcoming,"Some games, I dunno yet!",2023-08-08T00:00:00Z,https://www.twitch.tv/azuusaru,
d407b30c72a841bd82af1f5cc8ec0667,upcoming,台V好聲音 - 介紹你可能不知道的台灣 VTuber 們，從美妙歌聲到獨特個性，不知道從何˙看起的最佳入門選擇,2023-08-08T01:00:00Z,https://www.twitch.tv/chiveswang_llt5,
428251b7832a48219276fb6e5f644e86,upcoming,當個不老不新的獵人(順便拜託你們多留言),2023-08-08T02:00:00Z,https://www.twitch.tv/karami086,
e41bf48a09d64e4aa3d96064a9a63b08,upcoming,【魔物獵人:崛起】魔物獵人PC打起來٩(◦`꒳´◦)۶自由參加場,2023-08-08T12:00:00Z,https://www.twitch.tv/azuchiron,
9272afe9ef72434082d9b5621857afd0,upcoming,【懷舊系列遊戲】失戀換男友＝結婚？貓姬若的最後時光 | 新式PK陪聊型Vtuber遊戲直播,2023-08-08T12:30:00Z,https://www.twitch.tv/gilma04,
2af6cb0e15ce4839ba711b47608d4f4d,upcoming,【Art】畫畫,2023-08-08T14:00:00Z,https://www.twitch.tv/moyu_moyu,
025ce8dccaa4466c80061aa308c378c3,upcoming,#晚安新聞台 #晚安故事 ｜ 現在是什麼世道呢？我所見所聞與自身體認到的內容，希望能在更新這個世界的新知同時也跟各位談談對於這些事情的看法。,2023-08-08T15:00:00Z,https://www.twitch.tv/shima_takasato,
7a9b7ab0d5bd411195d77800ff778a90,upcoming,沒有固定時間,2023-08-09T04:00:00Z,https://www.twitch.tv/1128wedge,
428251b7832a48219276fb6e5f644e86,upcoming,打龍啦(順便拜託你們多留言),2023-08-09T06:00:00Z,https://www.twitch.tv/karami086,
8b732f3260e0427f9cf795b93ada310a,upcoming,【萊莎的鍊金工房 ～常闇女王與秘密藏身處～】大腿我來了,2023-08-09T09:00:00Z,https://www.twitch.tv/platinach,
091ac99f10804fe3b417a0f285731b4e,upcoming,烏瑪咪x搽米無限系-在YT喔,2023-08-09T11:00:00Z,https://www.twitch.tv/umamixchami,
228427b15b964f1396b5a7b5eb224a21,upcoming,Asteria配音時間，一起來聽劇本、閒聊吧！,2023-08-09T12:00:00Z,https://www.twitch.tv/asterialive0503,
444dcf020b27400087d2b2b21135033c,upcoming,林間盃日麻,2023-08-09T12:00:00Z,https://www.twitch.tv/v_hanasakiayame,
554ca19c3d924cacac1f680675b9fdd2,upcoming,原神日常任務及聊天,2023-08-09T12:30:00Z,https://www.twitch.tv/yueyuhoshizora,
f88d85aeb79a429e9751db330f469df1,upcoming,鹿言鹿語,2023-08-09T13:00:00Z,https://www.twitch.tv/lunaluna2021,
d7b96c6024ce479f9b8f8c0a5439c9af,upcoming,"Ori Day ! ",2023-08-09T13:00:00Z,https://www.twitch.tv/rittan0x0,
428251b7832a48219276fb6e5f644e86,upcoming,看我能打龍到多久(順便拜託你們多留言),2023-08-10T02:00:00Z,https://www.twitch.tv/karami086,
5f9ded46df28474bbd1470d761700f30,upcoming,美妙的舞蹈大會 / Dance with Sakura!,2023-08-10T10:00:00Z,https://www.twitch.tv/fuyukisakura,
d8b0b4e36c614d328620461a295572a1,upcoming,,2023-08-10T11:30:00Z,https://www.twitch.tv/jumpshi,
0c09a69445864b44adbba11b487f9b1a,upcoming,做連動封面圖！努力開台衝門檻！,2023-08-10T11:30:00Z,https://www.twitch.tv/amane_tainan,
090be1be8d29429183e190e22fc4be22,upcoming,試試看這ㄍ功能【Ness9s奈斯糖】,2023-08-10T12:00:00Z,https://www.twitch.tv/ness9s1222,
048b1a247cbb4eaa985d7311dc651945,upcoming,【雜談】人生鬼故事聊天台,2023-08-10T13:00:00Z,https://www.twitch.tv/yiyue_maple,
025ce8dccaa4466c80061aa308c378c3,upcoming,#晚安新聞台 #晚安故事 ｜ 現在是什麼世道呢？我所見所聞與自身體認到的內容，希望能在更新這個世界的新知同時也跟各位談談對於這些事情的看法。,2023-08-10T15:00:00Z,https://www.twitch.tv/shima_takasato,
d407b30c72a841bd82af1f5cc8ec0667,upcoming,主委泡茶間 邀請不同類型的來賓來對談，主題依當周來賓性質而定,2023-08-11T01:00:00Z,https://www.twitch.tv/chiveswang_llt5,
c29bc8bf78dd417980491f19333c8fa2,upcoming,工作雜談,2023-08-11T04:00:00Z,https://www.twitch.tv/muling0606,
9e6e69bfb48e4be0a8eecc737a6a0ba1,upcoming,週五下午可能唱唱,2023-08-11T05:00:00Z,https://www.twitch.tv/aster_ur,
50ec735272014b1b996ee80a8df4671a,upcoming,"Some games, i dunno yet!",2023-08-11T05:00:00Z,https://www.twitch.tv/azuusaru,
4efffd7632e94c9faad30a543c3e1150,upcoming,,2023-08-11T11:30:00Z,https://www.twitch.tv/aveza_manon,
091ac99f10804fe3b417a0f285731b4e,upcoming,咪米黑白講,2023-08-11T12:00:00Z,https://www.twitch.tv/umamixchami,
6bf231719d5e485fa0cdee99905858d4,upcoming,雜談或是治癒小遊戲,2023-08-11T12:00:00Z,https://www.twitch.tv/xiaoke0109,
31a4ca5b5d554c13902eff32302e5eb9,upcoming,,2023-08-11T12:00:00Z,https://www.twitch.tv/chiyouboss,
2af6cb0e15ce4839ba711b47608d4f4d,upcoming,【Art】畫畫,2023-08-11T14:00:00Z,https://www.twitch.tv/moyu_moyu,
abda6c94394b47ba885c34417e3a4d08,upcoming,【🔴Live】雑談 ! 正太貓貓的伴眠時間 ! / 伊沢悠人,2023-08-11T15:00:00Z,https://www.twitch.tv/izawayuuto0726,
b96f58f4373a4b65977afe5f2829e9e4,upcoming,プロセカ,2023-08-11T15:30:00Z,https://www.twitch.tv/cieloneve_,
f6a4e7aa8d0c4e5cb39d199845ec4d02,upcoming,APEX特化,2023-08-11T17:00:00Z,https://www.twitch.tv/vtuber_amiru,
9e6e69bfb48e4be0a8eecc737a6a0ba1,upcoming,週六半夜也可能唱唱,2023-08-11T17:00:00Z,https://www.twitch.tv/aster_ur,
c29bc8bf78dd417980491f19333c8fa2,upcoming,工作雜談,2023-08-12T04:00:00Z,https://www.twitch.tv/muling0606,
cef544ae38ec4c03ad337e68e2d885f4,upcoming,Apex or osu chat,2023-08-12T04:00:00Z,https://www.twitch.tv/ilzenkion1,
31a4ca5b5d554c13902eff32302e5eb9,upcoming,,2023-08-12T05:00:00Z,https://www.twitch.tv/chiyouboss,
5f9ded46df28474bbd1470d761700f30,upcoming,[Not stream] Join us on VRChat!,2023-08-12T07:00:00Z,https://www.twitch.tv/fuyukisakura,
6bf231719d5e485fa0cdee99905858d4,upcoming,雜談或小遊戲，偶爾會開ASMR,2023-08-12T12:00:00Z,https://www.twitch.tv/xiaoke0109,
5535c9524eb046c38e172ebfa06b302f,upcoming,,2023-08-12T13:00:00Z,https://www.twitch.tv/ruroroisme,
9643c650b1804107b85de1f08010aa9d,upcoming,日本麻將 雀魂 一番街 努力段位中,2023-08-12T13:00:00Z,https://www.twitch.tv/otonashikoi,
025ce8dccaa4466c80061aa308c378c3,upcoming,【#我親愛的妻子 #遊戲台 】揭開魅魔小鎮的陰謀? 對於已逝者的留念是愛的表現嗎? 復活妻子是真愛的表現? #遊戲直播 #台V #隆理在玩,2023-08-12T15:45:00Z,https://www.twitch.tv/shima_takasato,
34973abcef4e41b29add2b476ce0a7fb,upcoming,"今日感謝瑾瑜邀請到幼幼相見歡進行雜談,對於自己休息一個月後歸來看到自己的情況...,只能說百感交集",2023-08-12T16:00:00Z,https://www.twitch.tv/sweetcat_10450077,
2450f1c7cf8f46c8aa30afaa922c9642,upcoming,最近都是突發,2023-08-12T21:25:00Z,https://www.twitch.tv/setsurei0227,
2af6cb0e15ce4839ba711b47608d4f4d,upcoming,,2023-08-13T01:00:00Z,https://www.twitch.tv/moyu_moyu,
5535c9524eb046c38e172ebfa06b302f,upcoming,,2023-08-13T11:00:00Z,https://www.twitch.tv/ruroroisme,
49393dd4bc284768852b0d4f9bba2ec8,upcoming,【AmongUS】首次登船能不被爆打嗎！？#珍奶茗璐ft.豪多人,2023-08-13T12:00:00Z,https://www.twitch.tv/tapiokalop,
57843e9c870647729c2438a7a7077008,upcoming,集合吧～歌回的時間到了哦～,2023-08-13T12:00:00Z,https://www.twitch.tv/ainohikaru,
a0467c81a3014fbf83029acffe5b1d3f,upcoming,每週例行麻將大會！歡迎觀眾參加,2023-08-13T12:30:00Z,https://www.twitch.tv/najathepangolin,
9643c650b1804107b85de1f08010aa9d,upcoming,日本麻將 雀魂 一番街 努力段位中,2023-08-13T13:00:00Z,https://www.twitch.tv/otonashikoi,
823311ac8226476e8d1e323f536bf8b1,upcoming,下午14:00~17:30在主委的V曲龍虎榜 深夜雜談做週表~~,2023-08-13T17:30:00Z,https://www.twitch.tv/kujosenko,
8b732f3260e0427f9cf795b93ada310a,upcoming,【ONLY UP！】新手挑戰，成為人上人！,2023-08-14T04:00:00Z,https://www.twitch.tv/platinach,
50ec735272014b1b996ee80a8df4671a,upcoming,"Some games, I dunno yet!",2023-08-14T05:00:00Z,https://www.twitch.tv/azuusaru,
de8c5ca15afd4534a822e5a1a9c2784e,upcoming,每周星期一的歌回和雜談,2023-08-14T09:00:00Z,https://www.twitch.tv/yakodesu,
5f9ded46df28474bbd1470d761700f30,upcoming,一周開始的運動 / Boot up the week with Exercise 😈,2023-08-14T10:00:00Z,https://www.twitch.tv/fuyukisakura,
091ac99f10804fe3b417a0f285731b4e,upcoming,瑪搽瘋遊戲-在YT喔,2023-08-14T11:00:00Z,https://www.twitch.tv/umamixchami,
a89f7ee46cc14dff93675ce5bb82a692,upcoming,藍色星期一有藍色小妖精✨,2023-08-14T11:30:00Z,https://www.twitch.tv/eveliacridland,
31a4ca5b5d554c13902eff32302e5eb9,upcoming,,2023-08-14T12:00:00Z,https://www.twitch.tv/chiyouboss,
57843e9c870647729c2438a7a7077008,upcoming,集合吧～歌回的時間到了哦～,2023-08-14T12:00:00Z,https://www.twitch.tv/ainohikaru,
04ed1803aaf0436eb41687f22e28ad20,upcoming,可能出沒時間,2023-08-14T12:30:00Z,https://www.twitch.tv/billy10002,
5b85294949544a5f8855715acadf66a5,upcoming,✦ ✧ ✦週一讀書夜，島嶼擱淺：黑日雨✦ ✧ ✦,2023-08-14T14:30:00Z,https://www.twitch.tv/cesium_cat,
d407b30c72a841bd82af1f5cc8ec0667,upcoming,台V好聲音 - 介紹你可能不知道的台灣 VTuber 們，從美妙歌聲到獨特個性，不知道從何˙看起的最佳入門選擇,2023-08-15T01:00:00Z,https://www.twitch.tv/chiveswang_llt5,
428251b7832a48219276fb6e5f644e86,upcoming,當個不老不新的獵人(順便拜託你們多留言),2023-08-15T02:00:00Z,https://www.twitch.tv/karami086,
e41bf48a09d64e4aa3d96064a9a63b08,upcoming,【魔物獵人:崛起】魔物獵人PC打起來٩(◦`꒳´◦)۶自由參加場,2023-08-15T12:00:00Z,https://www.twitch.tv/azuchiron,
9272afe9ef72434082d9b5621857afd0,upcoming,【懷舊系列遊戲】失戀換男友＝結婚？貓姬若的最後時光 | 新式PK陪聊型Vtuber遊戲直播,2023-08-15T12:30:00Z,https://www.twitch.tv/gilma04,
7a9b7ab0d5bd411195d77800ff778a90,upcoming,沒有固定時間,2023-08-16T04:00:00Z,https://www.twitch.tv/1128wedge,
8b732f3260e0427f9cf795b93ada310a,upcoming,【萊莎的鍊金工房 ～常闇女王與秘密藏身處～】大腿我來了,2023-08-16T09:00:00Z,https://www.twitch.tv/platinach,
228427b15b964f1396b5a7b5eb224a21,upcoming,Asteria配音時間，一起來聽劇本、閒聊吧！,2023-08-16T12:00:00Z,https://www.twitch.tv/asterialive0503,
444dcf020b27400087d2b2b21135033c,upcoming,林間盃日麻,2023-08-16T12:00:00Z,https://www.twitch.tv/v_hanasakiayame,
d7b96c6024ce479f9b8f8c0a5439c9af,upcoming,"Ori Day ! ",2023-08-16T13:00:00Z,https://www.twitch.tv/rittan0x0,
d8b0b4e36c614d328620461a295572a1,upcoming,,2023-08-17T11:30:00Z,https://www.twitch.tv/jumpshi,
0c09a69445864b44adbba11b487f9b1a,upcoming,做連動封面圖！努力開台衝門檻！,2023-08-17T11:30:00Z,https://www.twitch.tv/amane_tainan,
090be1be8d29429183e190e22fc4be22,upcoming,試試看這ㄍ功能【Ness9s奈斯糖】,2023-08-17T12:00:00Z,https://www.twitch.tv/ness9s1222,
048b1a247cbb4eaa985d7311dc651945,upcoming,【雜談】人生鬼故事聊天台,2023-08-17T13:00:00Z,https://www.twitch.tv/yiyue_maple,
d407b30c72a841bd82af1f5cc8ec0667,upcoming,主委泡茶間 邀請不同類型的來賓來對談，主題依當周來賓性質而定,2023-08-18T01:00:00Z,https://www.twitch.tv/chiveswang_llt5,
c29bc8bf78dd417980491f19333c8fa2,upcoming,工作雜談,2023-08-18T04:00:00Z,https://www.twitch.tv/muling0606,
9e6e69bfb48e4be0a8eecc737a6a0ba1,upcoming,週五下午可能唱唱,2023-08-18T05:00:00Z,https://www.twitch.tv/aster_ur,
4efffd7632e94c9faad30a543c3e1150,upcoming,,2023-08-18T11:30:00Z,https://www.twitch.tv/aveza_manon,
abda6c94394b47ba885c34417e3a4d08,upcoming,【🔴Live】雑談 ! 正太貓貓的伴眠時間 ! / 伊沢悠人,2023-08-18T15:00:00Z,https://www.twitch.tv/izawayuuto0726,
b96f58f4373a4b65977afe5f2829e9e4,upcoming,プロセカ,2023-08-18T15:30:00Z,https://www.twitch.tv/cieloneve_,
f6a4e7aa8d0c4e5cb39d199845ec4d02,upcoming,APEX特化,2023-08-18T17:00:00Z,https://www.twitch.tv/vtuber_amiru,
9e6e69bfb48e4be0a8eecc737a6a0ba1,upcoming,週六半夜也可能唱唱,2023-08-18T17:00:00Z,https://www.twitch.tv/aster_ur,
c29bc8bf78dd417980491f19333c8fa2,upcoming,工作雜談,2023-08-19T04:00:00Z,https://www.twitch.tv/muling0606,
cef544ae38ec4c03ad337e68e2d885f4,upcoming,Apex or osu chat,2023-08-19T04:00:00Z,https://www.twitch.tv/ilzenkion1,
5535c9524eb046c38e172ebfa06b302f,upcoming,,2023-08-19T13:00:00Z,https://www.twitch.tv/ruroroisme,
9643c650b1804107b85de1f08010aa9d,upcoming,日本麻將 雀魂 一番街 努力段位中,2023-08-19T13:00:00Z,https://www.twitch.tv/otonashikoi,
34973abcef4e41b29add2b476ce0a7fb,upcoming,"今日感謝瑾瑜邀請到幼幼相見歡進行雜談,對於自己休息一個月後歸來看到自己的情況...,只能說百感交集",2023-08-19T16:00:00Z,https://www.twitch.tv/sweetcat_10450077,
2450f1c7cf8f46c8aa30afaa922c9642,upcoming,最近都是突發,2023-08-19T21:25:00Z,https://www.twitch.tv/setsurei0227,
5535c9524eb046c38e172ebfa06b302f,upcoming,,2023-08-20T11:00:00Z,https://www.twitch.tv/ruroroisme,
49393dd4bc284768852b0d4f9bba2ec8,upcoming,【AmongUS】首次登船能不被爆打嗎！？#珍奶茗璐ft.豪多人,2023-08-20T12:00:00Z,https://www.twitch.tv/tapiokalop,
57843e9c870647729c2438a7a7077008,upcoming,集合吧～歌回的時間到了哦～,2023-08-20T12:00:00Z,https://www.twitch.tv/ainohikaru,
a0467c81a3014fbf83029acffe5b1d3f,upcoming,每週例行麻將大會！歡迎觀眾參加,2023-08-20T12:30:00Z,https://www.twitch.tv/najathepangolin,
9643c650b1804107b85de1f08010aa9d,upcoming,日本麻將 雀魂 一番街 努力段位中,2023-08-20T13:00:00Z,https://www.twitch.tv/otonashikoi,
823311ac8226476e8d1e323f536bf8b1,upcoming,下午14:00~17:30在主委的V曲龍虎榜 深夜雜談做週表~~,2023-08-20T17:30:00Z,https://www.twitch.tv/kujosenko,
8b732f3260e0427f9cf795b93ada310a,upcoming,【ONLY UP！】新手挑戰，成為人上人！,2023-08-21T04:00:00Z,https://www.twitch.tv/platinach,
de8c5ca15afd4534a822e5a1a9c2784e,upcoming,每周星期一的歌回和雜談,2023-08-21T09:00:00Z,https://www.twitch.tv/yakodesu,
a89f7ee46cc14dff93675ce5bb82a692,upcoming,藍色星期一有藍色小妖精✨,2023-08-21T11:30:00Z,https://www.twitch.tv/eveliacridland,
57843e9c870647729c2438a7a7077008,upcoming,集合吧～歌回的時間到了哦～,2023-08-21T12:00:00Z,https://www.twitch.tv/ainohikaru,
04ed1803aaf0436eb41687f22e28ad20,upcoming,可能出沒時間,2023-08-21T12:30:00Z,https://www.twitch.tv/billy10002,
5b85294949544a5f8855715acadf66a5,upcoming,✦ ✧ ✦週一讀書夜，島嶼擱淺：黑日雨✦ ✧ ✦,2023-08-21T14:30:00Z,https://www.twitch.tv/cesium_cat,
d407b30c72a841bd82af1f5cc8ec0667,upcoming,台V好聲音 - 介紹你可能不知道的台灣 VTuber 們，從美妙歌聲到獨特個性，不知道從何˙看起的最佳入門選擇,2023-08-22T01:00:00Z,https://www.twitch.tv/chiveswang_llt5,
e41bf48a09d64e4aa3d96064a9a63b08,upcoming,【魔物獵人:崛起】魔物獵人PC打起來٩(◦`꒳´◦)۶自由參加場,2023-08-22T12:00:00Z,https://www.twitch.tv/azuchiron,
9272afe9ef72434082d9b5621857afd0,upcoming,【懷舊系列遊戲】失戀換男友＝結婚？貓姬若的最後時光 | 新式PK陪聊型Vtuber遊戲直播,2023-08-22T12:30:00Z,https://www.twitch.tv/gilma04,
7a9b7ab0d5bd411195d77800ff778a90,upcoming,沒有固定時間,2023-08-23T04:00:00Z,https://www.twitch.tv/1128wedge,
8b732f3260e0427f9cf795b93ada310a,upcoming,【萊莎的鍊金工房 ～常闇女王與秘密藏身處～】大腿我來了,2023-08-23T09:00:00Z,https://www.twitch.tv/platinach,
228427b15b964f1396b5a7b5eb224a21,upcoming,Asteria配音時間，一起來聽劇本、閒聊吧！,2023-08-23T12:00:00Z,https://www.twitch.tv/asterialive0503,
444dcf020b27400087d2b2b21135033c,upcoming,林間盃日麻,2023-08-23T12:00:00Z,https://www.twitch.tv/v_hanasakiayame,
d7b96c6024ce479f9b8f8c0a5439c9af,upcoming,"Ori Day ! ",2023-08-23T13:00:00Z,https://www.twitch.tv/rittan0x0,
d8b0b4e36c614d328620461a295572a1,upcoming,,2023-08-24T11:30:00Z,https://www.twitch.tv/jumpshi,
0c09a69445864b44adbba11b487f9b1a,upcoming,做連動封面圖！努力開台衝門檻！,2023-08-24T11:30:00Z,https://www.twitch.tv/amane_tainan,
090be1be8d29429183e190e22fc4be22,upcoming,試試看這ㄍ功能【Ness9s奈斯糖】,2023-08-24T12:00:00Z,https://www.twitch.tv/ness9s1222,
048b1a247cbb4eaa985d7311dc651945,upcoming,【雜談】人生鬼故事聊天台,2023-08-24T13:00:00Z,https://www.twitch.tv/yiyue_maple,
d407b30c72a841bd82af1f5cc8ec0667,upcoming,主委泡茶間 邀請不同類型的來賓來對談，主題依當周來賓性質而定,2023-08-25T01:00:00Z,https://www.twitch.tv/chiveswang_llt5,
c29bc8bf78dd417980491f19333c8fa2,upcoming,工作雜談,2023-08-25T04:00:00Z,https://www.twitch.tv/muling0606,
9e6e69bfb48e4be0a8eecc737a6a0ba1,upcoming,週五下午可能唱唱,2023-08-25T05:00:00Z,https://www.twitch.tv/aster_ur,
4efffd7632e94c9faad30a543c3e1150,upcoming,,2023-08-25T11:30:00Z,https://www.twitch.tv/aveza_manon,
abda6c94394b47ba885c34417e3a4d08,upcoming,【🔴Live】雑談 ! 正太貓貓的伴眠時間 ! / 伊沢悠人,2023-08-25T15:00:00Z,https://www.twitch.tv/izawayuuto0726,
b96f58f4373a4b65977afe5f2829e9e4,upcoming,プロセカ,2023-08-25T15:30:00Z,https://www.twitch.tv/cieloneve_,
f6a4e7aa8d0c4e5cb39d199845ec4d02,upcoming,APEX特化,2023-08-25T17:00:00Z,https://www.twitch.tv/vtuber_amiru,
9e6e69bfb48e4be0a8eecc737a6a0ba1,upcoming,週六半夜也可能唱唱,2023-08-25T17:00:00Z,https://www.twitch.tv/aster_ur,
c29bc8bf78dd417980491f19333c8fa2,upcoming,工作雜談,2023-08-26T04:00:00Z,https://www.twitch.tv/muling0606,
cef544ae38ec4c03ad337e68e2d885f4,upcoming,Apex or osu chat,2023-08-26T04:00:00Z,https://www.twitch.tv/ilzenkion1,
34973abcef4e41b29add2b476ce0a7fb,upcoming,"今日感謝瑾瑜邀請到幼幼相見歡進行雜談,對於自己休息一個月後歸來看到自己的情況...,只能說百感交集",2023-08-26T16:00:00Z,https://www.twitch.tv/sweetcat_10450077,
2450f1c7cf8f46c8aa30afaa922c9642,upcoming,最近都是突發,2023-08-26T21:25:00Z,https://www.twitch.tv/setsurei0227,
49393dd4bc284768852b0d4f9bba2ec8,upcoming,【AmongUS】首次登船能不被爆打嗎！？#珍奶茗璐ft.豪多人,2023-08-27T12:00:00Z,https://www.twitch.tv/tapiokalop,
a0467c81a3014fbf83029acffe5b1d3f,upcoming,每週例行麻將大會！歡迎觀眾參加,2023-08-27T12:30:00Z,https://www.twitch.tv/najathepangolin,
823311ac8226476e8d1e323f536bf8b1,upcoming,下午14:00~17:30在主委的V曲龍虎榜 深夜雜談做週表~~,2023-08-27T17:30:00Z,https://www.twitch.tv/kujosenko,
de8c5ca15afd4534a822e5a1a9c2784e,upcoming,每周星期一的歌回和雜談,2023-08-28T09:00:00Z,https://www.twitch.tv/yakodesu,
a89f7ee46cc14dff93675ce5bb82a692,upcoming,藍色星期一有藍色小妖精✨,2023-08-28T11:30:00Z,https://www.twitch.tv/eveliacridland,
04ed1803aaf0436eb41687f22e28ad20,upcoming,可能出沒時間,2023-08-28T12:30:00Z,https://www.twitch.tv/billy10002,
5b85294949544a5f8855715acadf66a5,upcoming,✦ ✧ ✦週一讀書夜，島嶼擱淺：黑日雨✦ ✧ ✦,2023-08-28T14:30:00Z,https://www.twitch.tv/cesium_cat,
e41bf48a09d64e4aa3d96064a9a63b08,upcoming,【魔物獵人:崛起】魔物獵人PC打起來٩(◦`꒳´◦)۶自由參加場,2023-08-29T12:00:00Z,https://www.twitch.tv/azuchiron,
9272afe9ef72434082d9b5621857afd0,upcoming,【懷舊系列遊戲】失戀換男友＝結婚？貓姬若的最後時光 | 新式PK陪聊型Vtuber遊戲直播,2023-08-29T12:30:00Z,https://www.twitch.tv/gilma04,
7a9b7ab0d5bd411195d77800ff778a90,upcoming,沒有固定時間,2023-08-30T04:00:00Z,https://www.twitch.tv/1128wedge,
228427b15b964f1396b5a7b5eb224a21,upcoming,Asteria配音時間，一起來聽劇本、閒聊吧！,2023-08-30T12:00:00Z,https://www.twitch.tv/asterialive0503,
444dcf020b27400087d2b2b21135033c,upcoming,林間盃日麻,2023-08-30T12:00:00Z,https://www.twitch.tv/v_hanasakiayame,
d7b96c6024ce479f9b8f8c0a5439c9af,upcoming,"Ori Day ! ",2023-08-30T13:00:00Z,https://www.twitch.tv/rittan0x0,
d8b0b4e36c614d328620461a295572a1,upcoming,,2023-08-31T11:30:00Z,https://www.twitch.tv/jumpshi,
0c09a69445864b44adbba11b487f9b1a,upcoming,做連動封面圖！努力開台衝門檻！,2023-08-31T11:30:00Z,https://www.twitch.tv/amane_tainan,
090be1be8d29429183e190e22fc4be22,upcoming,試試看這ㄍ功能【Ness9s奈斯糖】,2023-08-31T12:00:00Z,https://www.twitch.tv/ness9s1222,
048b1a247cbb4eaa985d7311dc651945,upcoming,【雜談】人生鬼故事聊天台,2023-08-31T13:00:00Z,https://www.twitch.tv/yiyue_maple,
4efffd7632e94c9faad30a543c3e1150,upcoming,,2023-09-01T11:30:00Z,https://www.twitch.tv/aveza_manon,
abda6c94394b47ba885c34417e3a4d08,upcoming,【🔴Live】雑談 ! 正太貓貓的伴眠時間 ! / 伊沢悠人,2023-09-01T15:00:00Z,https://www.twitch.tv/izawayuuto0726,
b96f58f4373a4b65977afe5f2829e9e4,upcoming,プロセカ,2023-09-01T15:30:00Z,https://www.twitch.tv/cieloneve_,
f6a4e7aa8d0c4e5cb39d199845ec4d02,upcoming,APEX特化,2023-09-01T17:00:00Z,https://www.twitch.tv/vtuber_amiru,
cef544ae38ec4c03ad337e68e2d885f4,upcoming,Apex or osu chat,2023-09-02T04:00:00Z,https://www.twitch.tv/ilzenkion1,
34973abcef4e41b29add2b476ce0a7fb,upcoming,"今日感謝瑾瑜邀請到幼幼相見歡進行雜談,對於自己休息一個月後歸來看到自己的情況...,只能說百感交集",2023-09-02T16:00:00Z,https://www.twitch.tv/sweetcat_10450077,
2450f1c7cf8f46c8aa30afaa922c9642,upcoming,最近都是突發,2023-09-02T21:25:00Z,https://www.twitch.tv/setsurei0227,
49393dd4bc284768852b0d4f9bba2ec8,upcoming,【AmongUS】首次登船能不被爆打嗎！？#珍奶茗璐ft.豪多人,2023-09-03T12:00:00Z,https://www.twitch.tv/tapiokalop,
a0467c81a3014fbf83029acffe5b1d3f,upcoming,每週例行麻將大會！歡迎觀眾參加,2023-09-03T12:30:00Z,https://www.twitch.tv/najathepangolin,
823311ac8226476e8d1e323f536bf8b1,upcoming,下午14:00~17:30在主委的V曲龍虎榜 深夜雜談做週表~~,2023-09-03T17:30:00Z,https://www.twitch.tv/kujosenko,
de8c5ca15afd4534a822e5a1a9c2784e,upcoming,每周星期一的歌回和雜談,2023-09-04T09:00:00Z,https://www.twitch.tv/yakodesu,
a89f7ee46cc14dff93675ce5bb82a692,upcoming,藍色星期一有藍色小妖精✨,2023-09-04T11:30:00Z,https://www.twitch.tv/eveliacridland,
04ed1803aaf0436eb41687f22e28ad20,upcoming,可能出沒時間,2023-09-04T12:30:00Z,https://www.twitch.tv/billy10002,
5b85294949544a5f8855715acadf66a5,upcoming,✦ ✧ ✦週一讀書夜，島嶼擱淺：黑日雨✦ ✧ ✦,2023-09-04T14:30:00Z,https://www.twitch.tv/cesium_cat,
e41bf48a09d64e4aa3d96064a9a63b08,upcoming,【魔物獵人:崛起】魔物獵人PC打起來٩(◦`꒳´◦)۶自由參加場,2023-09-05T12:00:00Z,https://www.twitch.tv/azuchiron,
9272afe9ef72434082d9b5621857afd0,upcoming,【懷舊系列遊戲】失戀換男友＝結婚？貓姬若的最後時光 | 新式PK陪聊型Vtuber遊戲直播,2023-09-05T12:30:00Z,https://www.twitch.tv/gilma04,
7a9b7ab0d5bd411195d77800ff778a90,upcoming,沒有固定時間,2023-09-06T04:00:00Z,https://www.twitch.tv/1128wedge,
228427b15b964f1396b5a7b5eb224a21,upcoming,Asteria配音時間，一起來聽劇本、閒聊吧！,2023-09-06T12:00:00Z,https://www.twitch.tv/asterialive0503,
444dcf020b27400087d2b2b21135033c,upcoming,林間盃日麻,2023-09-06T12:00:00Z,https://www.twitch.tv/v_hanasakiayame,
d7b96c6024ce479f9b8f8c0a5439c9af,upcoming,"Ori Day ! ",2023-09-06T13:00:00Z,https://www.twitch.tv/rittan0x0,
d8b0b4e36c614d328620461a295572a1,upcoming,,2023-09-07T11:30:00Z,https://www.twitch.tv/jumpshi,
0c09a69445864b44adbba11b487f9b1a,upcoming,做連動封面圖！努力開台衝門檻！,2023-09-07T11:30:00Z,https://www.twitch.tv/amane_tainan,
090be1be8d29429183e190e22fc4be22,upcoming,試試看這ㄍ功能【Ness9s奈斯糖】,2023-09-07T12:00:00Z,https://www.twitch.tv/ness9s1222,
048b1a247cbb4eaa985d7311dc651945,upcoming,【雜談】人生鬼故事聊天台,2023-09-07T13:00:00Z,https://www.twitch.tv/yiyue_maple,
4efffd7632e94c9faad30a543c3e1150,upcoming,,2023-09-08T11:30:00Z,https://www.twitch.tv/aveza_manon,
abda6c94394b47ba885c34417e3a4d08,upcoming,【🔴Live】雑談 ! 正太貓貓的伴眠時間 ! / 伊沢悠人,2023-09-08T15:00:00Z,https://www.twitch.tv/izawayuuto0726,
b96f58f4373a4b65977afe5f2829e9e4,upcoming,プロセカ,2023-09-08T15:30:00Z,https://www.twitch.tv/cieloneve_,
f6a4e7aa8d0c4e5cb39d199845ec4d02,upcoming,APEX特化,2023-09-08T17:00:00Z,https://www.twitch.tv/vtuber_amiru,
cef544ae38ec4c03ad337e68e2d885f4,upcoming,Apex or osu chat,2023-09-09T04:00:00Z,https://www.twitch.tv/ilzenkion1,
34973abcef4e41b29add2b476ce0a7fb,upcoming,"今日感謝瑾瑜邀請到幼幼相見歡進行雜談,對於自己休息一個月後歸來看到自己的情況...,只能說百感交集",2023-09-09T16:00:00Z,https://www.twitch.tv/sweetcat_10450077,
2450f1c7cf8f46c8aa30afaa922c9642,upcoming,最近都是突發,2023-09-09T21:25:00Z,https://www.twitch.tv/setsurei0227,
49393dd4bc284768852b0d4f9bba2ec8,upcoming,【AmongUS】首次登船能不被爆打嗎！？#珍奶茗璐ft.豪多人,2023-09-10T12:00:00Z,https://www.twitch.tv/tapiokalop,
a0467c81a3014fbf83029acffe5b1d3f,upcoming,每週例行麻將大會！歡迎觀眾參加,2023-09-10T12:30:00Z,https://www.twitch.tv/najathepangolin,
823311ac8226476e8d1e323f536bf8b1,upcoming,下午14:00~17:30在主委的V曲龍虎榜 深夜雜談做週表~~,2023-09-10T17:30:00Z,https://www.twitch.tv/kujosenko,
de8c5ca15afd4534a822e5a1a9c2784e,upcoming,每周星期一的歌回和雜談,2023-09-11T09:00:00Z,https://www.twitch.tv/yakodesu,
a89f7ee46cc14dff93675ce5bb82a692,upcoming,藍色星期一有藍色小妖精✨,2023-09-11T11:30:00Z,https://www.twitch.tv/eveliacridland,
04ed1803aaf0436eb41687f22e28ad20,upcoming,可能出沒時間,2023-09-11T12:30:00Z,https://www.twitch.tv/billy10002,
5b85294949544a5f8855715acadf66a5,upcoming,✦ ✧ ✦週一讀書夜，島嶼擱淺：黑日雨✦ ✧ ✦,2023-09-11T14:30:00Z,https://www.twitch.tv/cesium_cat,
e41bf48a09d64e4aa3d96064a9a63b08,upcoming,【魔物獵人:崛起】魔物獵人PC打起來٩(◦`꒳´◦)۶自由參加場,2023-09-12T12:00:00Z,https://www.twitch.tv/azuchiron,
9272afe9ef72434082d9b5621857afd0,upcoming,【懷舊系列遊戲】失戀換男友＝結婚？貓姬若的最後時光 | 新式PK陪聊型Vtuber遊戲直播,2023-09-12T12:30:00Z,https://www.twitch.tv/gilma04,
7a9b7ab0d5bd411195d77800ff778a90,upcoming,沒有固定時間,2023-09-13T04:00:00Z,https://www.twitch.tv/1128wedge,
228427b15b964f1396b5a7b5eb224a21,upcoming,Asteria配音時間，一起來聽劇本、閒聊吧！,2023-09-13T12:00:00Z,https://www.twitch.tv/asterialive0503,
444dcf020b27400087d2b2b21135033c,upcoming,林間盃日麻,2023-09-13T12:00:00Z,https://www.twitch.tv/v_hanasakiayame,
d7b96c6024ce479f9b8f8c0a5439c9af,upcoming,"Ori Day ! ",2023-09-13T13:00:00Z,https://www.twitch.tv/rittan0x0,
d8b0b4e36c614d328620461a295572a1,upcoming,,2023-09-14T11:30:00Z,https://www.twitch.tv/jumpshi,
0c09a69445864b44adbba11b487f9b1a,upcoming,做連動封面圖！努力開台衝門檻！,2023-09-14T11:30:00Z,https://www.twitch.tv/amane_tainan,
090be1be8d29429183e190e22fc4be22,upcoming,試試看這ㄍ功能【Ness9s奈斯糖】,2023-09-14T12:00:00Z,https://www.twitch.tv/ness9s1222,
048b1a247cbb4eaa985d7311dc651945,upcoming,【雜談】人生鬼故事聊天台,2023-09-14T13:00:00Z,https://www.twitch.tv/yiyue_maple,
4efffd7632e94c9faad30a543c3e1150,upcoming,,2023-09-15T11:30:00Z,https://www.twitch.tv/aveza_manon,
abda6c94394b47ba885c34417e3a4d08,upcoming,【🔴Live】雑談 ! 正太貓貓的伴眠時間 ! / 伊沢悠人,2023-09-15T15:00:00Z,https://www.twitch.tv/izawayuuto0726,
b96f58f4373a4b65977afe5f2829e9e4,upcoming,プロセカ,2023-09-15T15:30:00Z,https://www.twitch.tv/cieloneve_,
f6a4e7aa8d0c4e5cb39d199845ec4d02,upcoming,APEX特化,2023-09-15T17:00:00Z,https://www.twitch.tv/vtuber_amiru,
cef544ae38ec4c03ad337e68e2d885f4,upcoming,Apex or osu chat,2023-09-16T04:00:00Z,https://www.twitch.tv/ilzenkion1,
34973abcef4e41b29add2b476ce0a7fb,upcoming,"今日感謝瑾瑜邀請到幼幼相見歡進行雜談,對於自己休息一個月後歸來看到自己的情況...,只能說百感交集",2023-09-16T16:00:00Z,https://www.twitch.tv/sweetcat_10450077,
2450f1c7cf8f46c8aa30afaa922c9642,upcoming,最近都是突發,2023-09-16T21:25:00Z,https://www.twitch.tv/setsurei0227,
49393dd4bc284768852b0d4f9bba2ec8,upcoming,【AmongUS】首次登船能不被爆打嗎！？#珍奶茗璐ft.豪多人,2023-09-17T12:00:00Z,https://www.twitch.tv/tapiokalop,
a0467c81a3014fbf83029acffe5b1d3f,upcoming,每週例行麻將大會！歡迎觀眾參加,2023-09-17T12:30:00Z,https://www.twitch.tv/najathepangolin,
823311ac8226476e8d1e323f536bf8b1,upcoming,下午14:00~17:30在主委的V曲龍虎榜 深夜雜談做週表~~,2023-09-17T17:30:00Z,https://www.twitch.tv/kujosenko,
de8c5ca15afd4534a822e5a1a9c2784e,upcoming,每周星期一的歌回和雜談,2023-09-18T09:00:00Z,https://www.twitch.tv/yakodesu,
a89f7ee46cc14dff93675ce5bb82a692,upcoming,藍色星期一有藍色小妖精✨,2023-09-18T11:30:00Z,https://www.twitch.tv/eveliacridland,
04ed1803aaf0436eb41687f22e28ad20,upcoming,可能出沒時間,2023-09-18T12:30:00Z,https://www.twitch.tv/billy10002,
5b85294949544a5f8855715acadf66a5,upcoming,✦ ✧ ✦週一讀書夜，島嶼擱淺：黑日雨✦ ✧ ✦,2023-09-18T14:30:00Z,https://www.twitch.tv/cesium_cat,
e41bf48a09d64e4aa3d96064a9a63b08,upcoming,【魔物獵人:崛起】魔物獵人PC打起來٩(◦`꒳´◦)۶自由參加場,2023-09-19T12:00:00Z,https://www.twitch.tv/azuchiron,
9272afe9ef72434082d9b5621857afd0,upcoming,【懷舊系列遊戲】失戀換男友＝結婚？貓姬若的最後時光 | 新式PK陪聊型Vtuber遊戲直播,2023-09-19T12:30:00Z,https://www.twitch.tv/gilma04,
7a9b7ab0d5bd411195d77800ff778a90,upcoming,沒有固定時間,2023-09-20T04:00:00Z,https://www.twitch.tv/1128wedge,
228427b15b964f1396b5a7b5eb224a21,upcoming,Asteria配音時間，一起來聽劇本、閒聊吧！,2023-09-20T12:00:00Z,https://www.twitch.tv/asterialive0503,
444dcf020b27400087d2b2b21135033c,upcoming,林間盃日麻,2023-09-20T12:00:00Z,https://www.twitch.tv/v_hanasakiayame,
d7b96c6024ce479f9b8f8c0a5439c9af,upcoming,"Ori Day ! ",2023-09-20T13:00:00Z,https://www.twitch.tv/rittan0x0,
d8b0b4e36c614d328620461a295572a1,upcoming,,2023-09-21T11:30:00Z,https://www.twitch.tv/jumpshi,
0c09a69445864b44adbba11b487f9b1a,upcoming,做連動封面圖！努力開台衝門檻！,2023-09-21T11:30:00Z,https://www.twitch.tv/amane_tainan,
090be1be8d29429183e190e22fc4be22,upcoming,試試看這ㄍ功能【Ness9s奈斯糖】,2023-09-21T12:00:00Z,https://www.twitch.tv/ness9s1222,
048b1a247cbb4eaa985d7311dc651945,upcoming,【雜談】人生鬼故事聊天台,2023-09-21T13:00:00Z,https://www.twitch.tv/yiyue_maple,
4efffd7632e94c9faad30a543c3e1150,upcoming,,2023-09-22T11:30:00Z,https://www.twitch.tv/aveza_manon,
abda6c94394b47ba885c34417e3a4d08,upcoming,【🔴Live】雑談 ! 正太貓貓的伴眠時間 ! / 伊沢悠人,2023-09-22T15:00:00Z,https://www.twitch.tv/izawayuuto0726,
b96f58f4373a4b65977afe5f2829e9e4,upcoming,プロセカ,2023-09-22T15:30:00Z,https://www.twitch.tv/cieloneve_,
f6a4e7aa8d0c4e5cb39d199845ec4d02,upcoming,APEX特化,2023-09-22T17:00:00Z,https://www.twitch.tv/vtuber_amiru,
cef544ae38ec4c03ad337e68e2d885f4,upcoming,Apex or osu chat,2023-09-23T04:00:00Z,https://www.twitch.tv/ilzenkion1,
34973abcef4e41b29add2b476ce0a7fb,upcoming,"今日感謝瑾瑜邀請到幼幼相見歡進行雜談,對於自己休息一個月後歸來看到自己的情況...,只能說百感交集",2023-09-23T16:00:00Z,https://www.twitch.tv/sweetcat_10450077,
2450f1c7cf8f46c8aa30afaa922c9642,upcoming,最近都是突發,2023-09-23T21:25:00Z,https://www.twitch.tv/setsurei0227,
49393dd4bc284768852b0d4f9bba2ec8,upcoming,【AmongUS】首次登船能不被爆打嗎！？#珍奶茗璐ft.豪多人,2023-09-24T12:00:00Z,https://www.twitch.tv/tapiokalop,
a0467c81a3014fbf83029acffe5b1d3f,upcoming,每週例行麻將大會！歡迎觀眾參加,2023-09-24T12:30:00Z,https://www.twitch.tv/najathepangolin,
823311ac8226476e8d1e323f536bf8b1,upcoming,下午14:00~17:30在主委的V曲龍虎榜 深夜雜談做週表~~,2023-09-24T17:30:00Z,https://www.twitch.tv/kujosenko,
de8c5ca15afd4534a822e5a1a9c2784e,upcoming,每周星期一的歌回和雜談,2023-09-25T09:00:00Z,https://www.twitch.tv/yakodesu,
a89f7ee46cc14dff93675ce5bb82a692,upcoming,藍色星期一有藍色小妖精✨,2023-09-25T11:30:00Z,https://www.twitch.tv/eveliacridland,
04ed1803aaf0436eb41687f22e28ad20,upcoming,可能出沒時間,2023-09-25T12:30:00Z,https://www.twitch.tv/billy10002,
5b85294949544a5f8855715acadf66a5,upcoming,✦ ✧ ✦週一讀書夜，島嶼擱淺：黑日雨✦ ✧ ✦,2023-09-25T14:30:00Z,https://www.twitch.tv/cesium_cat,
e41bf48a09d64e4aa3d96064a9a63b08,upcoming,【魔物獵人:崛起】魔物獵人PC打起來٩(◦`꒳´◦)۶自由參加場,2023-09-26T12:00:00Z,https://www.twitch.tv/azuchiron,
9272afe9ef72434082d9b5621857afd0,upcoming,【懷舊系列遊戲】失戀換男友＝結婚？貓姬若的最後時光 | 新式PK陪聊型Vtuber遊戲直播,2023-09-26T12:30:00Z,https://www.twitch.tv/gilma04,
7a9b7ab0d5bd411195d77800ff778a90,upcoming,沒有固定時間,2023-09-27T04:00:00Z,https://www.twitch.tv/1128wedge,
228427b15b964f1396b5a7b5eb224a21,upcoming,Asteria配音時間，一起來聽劇本、閒聊吧！,2023-09-27T12:00:00Z,https://www.twitch.tv/asterialive0503,
444dcf020b27400087d2b2b21135033c,upcoming,林間盃日麻,2023-09-27T12:00:00Z,https://www.twitch.tv/v_hanasakiayame,
d8b0b4e36c614d328620461a295572a1,upcoming,,2023-09-28T11:30:00Z,https://www.twitch.tv/jumpshi,
0c09a69445864b44adbba11b487f9b1a,upcoming,做連動封面圖！努力開台衝門檻！,2023-09-28T11:30:00Z,https://www.twitch.tv/amane_tainan,
090be1be8d29429183e190e22fc4be22,upcoming,試試看這ㄍ功能【Ness9s奈斯糖】,2023-09-28T12:00:00Z,https://www.twitch.tv/ness9s1222,
048b1a247cbb4eaa985d7311dc651945,upcoming,【雜談】人生鬼故事聊天台,2023-09-28T13:00:00Z,https://www.twitch.tv/yiyue_maple,
4efffd7632e94c9faad30a543c3e1150,upcoming,,2023-09-29T11:30:00Z,https://www.twitch.tv/aveza_manon,
abda6c94394b47ba885c34417e3a4d08,upcoming,【🔴Live】雑談 ! 正太貓貓的伴眠時間 ! / 伊沢悠人,2023-09-29T15:00:00Z,https://www.twitch.tv/izawayuuto0726,
b96f58f4373a4b65977afe5f2829e9e4,upcoming,プロセカ,2023-09-29T15:30:00Z,https://www.twitch.tv/cieloneve_,
f6a4e7aa8d0c4e5cb39d199845ec4d02,upcoming,APEX特化,2023-09-29T17:00:00Z,https://www.twitch.tv/vtuber_amiru,
cef544ae38ec4c03ad337e68e2d885f4,upcoming,Apex or osu chat,2023-09-30T04:00:00Z,https://www.twitch.tv/ilzenkion1,