VTuber ID,Video Type,Title,Publish Time,URL,Thumbnail URL
c2b9638d8dd54888a91caa8a67366907,live,《凜櫻SakuRin 》超級大型耐久台#8 || 明天真的Rumi咖啡廳 weee || (˶‾᷄ ⁻̫ ‾᷅˵)✨,2023-08-01T07:22:59Z,https://www.twitch.tv/sakurin0617,https://static-cdn.jtvnw.net/previews-ttv/live_user_sakurin0617-{width}x{height}.jpg
3750eae778e9453eaeee75956a8dabc6,live,【✦𝟎𝟖𝟎𝟑】第二十天加班台，人生黑白的 / 追隨一律感謝 / !DC !芒化 !坐,2023-08-01T13:11:55Z,https://www.twitch.tv/mangxiang782,https://static-cdn.jtvnw.net/previews-ttv/live_user_mangxiang782-{width}x{height}.jpg
42844ee6e0cc47938829b43a3101b9bb,live,8/1【有獎減班台】睡覺｜VIP｜!寶寶商店 @lusaminach,2023-08-01T16:08:23Z,https://www.twitch.tv/lusaminach,https://static-cdn.jtvnw.net/previews-ttv/live_user_lusaminach-{width}x{height}.jpg
887b37336c9c4730809ace8b5e38df17,live,掉寶Drop🌈中暑露肉飯 ( ˶´⚰︎`˵ ) @isyourlulu 🌸訂閱❤領桌布 !DC,2023-08-01T22:59:26Z,https://www.twitch.tv/isyourlulu,https://static-cdn.jtvnw.net/previews-ttv/live_user_isyourlulu-{width}x{height}.jpg
6c7336d4605540c6871de5f96874129c,live,跟老婆玩♥ ｜ !自主訂閱 !抱枕｜ @meime033,2023-08-02T06:42:54Z,https://www.twitch.tv/meime033,https://static-cdn.jtvnw.net/previews-ttv/live_user_meime033-{width}x{height}.jpg
28a930938667442288010b333937e2ab,live,【焦兒】感謝寶貝們陪睡掛台預計12點起床！💙新Cover以及特戰精華上傳YT了！| @joerze |!YT 看台裝7tv,2023-08-02T11:02:03Z,https://www.twitch.tv/joerze,https://static-cdn.jtvnw.net/previews-ttv/live_user_joerze-{width}x{height}.jpg
aebb6a94560d43fb9807229237897119,live,【狐聯】瓦一下，為兄大師帶我飛ft.維兄﹑卡ˇ特,2023-08-02T12:50:40Z,https://www.twitch.tv/f_feng791,https://static-cdn.jtvnw.net/previews-ttv/live_user_f_feng791-{width}x{height}.jpg
fdb0805c65e24f13b7f23e50e0db8ae2,live,🔴[暑假加班台DAY21] 等我睡起來嗨! 放颱風假啦今天不關台ฅ•ω•ฅ | !加班台 !加班台抽獎 !月喵盃 !賽事抽獎 !暑假最愛,2023-08-02T13:44:35Z,https://www.twitch.tv/lunymeow_tw,https://static-cdn.jtvnw.net/previews-ttv/live_user_lunymeow_tw-{width}x{height}.jpg
4d738ca0bdee40e3b620f06ccc2dc987,live,已悟 !改版【天晴Haruru】,2023-08-02T14:03:58Z,https://www.twitch.tv/tcharuru,https://static-cdn.jtvnw.net/previews-ttv/live_user_tcharuru-{width}x{height}.jpg
a9986f3ad4f340f297e9eb132a05ac84,live,就打一下下辣OwO+,2023-08-02T15:25:27Z,https://www.twitch.tv/malshinna,https://static-cdn.jtvnw.net/previews-ttv/live_user_malshinna-{width}x{height}.jpg
8ae87582ab1e4b31bfd38310afda77bd,live,8/03 ✟利斯睡覺，你掛點數聽音樂✞《睡覺》,2023-08-02T16:10:40Z,https://www.twitch.tv/karit0920,https://static-cdn.jtvnw.net/previews-ttv/live_user_karit0920-{width}x{height}.jpg
aa9fa329d639488dbb860b8f8b3235f8,live,"8/3 1000追耐久台~！ψ(｀∇´)ψ 掛台okkk dess ！第三天~！let,gooo",2023-08-02T16:27:38Z,https://www.twitch.tv/rie_miyasaka,https://static-cdn.jtvnw.net/previews-ttv/live_user_rie_miyasaka-{width}x{height}.jpg
12ece01ae7004e9195e79309f0cdae40,live,▶  ⎚  ( ๑ •̀ ㅁ •́ ฅ ),2023-08-02T19:55:14Z,https://www.twitch.tv/monkeykii,https://static-cdn.jtvnw.net/previews-ttv/live_user_monkeykii-{width}x{height}.jpg
6159040406fc4e6cb73dbf9734717703,live,【初雨】8/3 主線速通一下 ✧新指令：!ai（可以跟真實的AI對話喔）✿ !dc !yt !歌單 !點歌,2023-08-02T21:51:43Z,https://www.twitch.tv/drizzlingnight,https://static-cdn.jtvnw.net/previews-ttv/live_user_drizzlingnight-{width}x{height}.jpg
bd3c32177d41477f8ee05b7f1bdf751d,live,【麥塊雜談】繼續蓋!請詳閱聊天室規範(ﾟ∀。),2023-08-02T21:59:52Z,https://www.twitch.tv/luyuanabyss,https://static-cdn.jtvnw.net/previews-ttv/live_user_luyuanabyss-{width}x{height}.jpg
ba562aad440d483e988d3ce7e7217c94,live,[貓宮香草] 8/3 恢復80%貓貓  !DC !自主訂閱,2023-08-02T22:04:47Z,https://www.twitch.tv/vanilla_shironeko,https://static-cdn.jtvnw.net/previews-ttv/live_user_vanilla_shironeko-{width}x{height}.jpg
7232734df59c4e099205c7685007d8d4,live,【煙米子】8/3 SF6 DAY5,2023-08-02T23:06:16Z,https://www.twitch.tv/kihom1234,https://static-cdn.jtvnw.net/previews-ttv/live_user_kihom1234-{width}x{height}.jpg
1756e5a7f5a04ff6a7b5f482201b5cfc,live,【iZ4】8/3｜終於萬追了！｜!筆電、!YT、!週邊 @kiyomi425alice,2023-08-02T23:57:02Z,https://www.twitch.tv/kiyomi425alice,https://static-cdn.jtvnw.net/previews-ttv/live_user_kiyomi425alice-{width}x{height}.jpg
52ff14aabd804801a6e589681fc2fb4d,live,殘月 EclipseYuki 封印者/小米 艾爾之光/VI,2023-08-02T23:59:38Z,https://www.twitch.tv/eclipseyuki,https://static-cdn.jtvnw.net/previews-ttv/live_user_eclipseyuki-{width}x{height}.jpg
7a5f358662cc4ba6bfe35586eb344bd3,live,8/3早安~繼續肝~,2023-08-03T00:01:03Z,https://www.twitch.tv/angeldevil041,https://static-cdn.jtvnw.net/previews-ttv/live_user_angeldevil041-{width}x{height}.jpg
76a17ecab93c4c3db069c9a5d8d0ecf5,live,【2023/08/03 @chiami911 】加班台 Day 21 | 感謝揪團，感謝追隨 | 掛台音量可以調成1% | !DC !飯友,2023-08-03T00:31:59Z,https://www.twitch.tv/chiami911,https://static-cdn.jtvnw.net/previews-ttv/live_user_chiami911-{width}x{height}.jpg
33546b9ad5a8408589405f9467063dd7,upcoming,耍費台,2023-08-03T01:30:00Z,https://www.twitch.tv/boni_0x0,
b1b462c602904499a13c056be34c6dd5,live,8/3 王國子民在等我 聽說颱風很慢,2023-08-03T01:33:18Z,https://www.twitch.tv/aunt010,https://static-cdn.jtvnw.net/previews-ttv/live_user_aunt010-{width}x{height}.jpg
67b37e4e1f2f49d88a047d650b70be91,live,【APEX．突發．ゲリラ】早安馬卡巴卡 #夢野流星が流れた,2023-08-03T01:34:45Z,https://www.twitch.tv/yumenoryuusei0404,https://static-cdn.jtvnw.net/previews-ttv/live_user_yumenoryuusei0404-{width}x{height}.jpg
ccc1420185ad46d49d40b6b774db9b11,live,【陪米工作】沒放到假？米陪你啦，等早午餐一邊工作得司【星眷蕾米】,2023-08-03T01:47:53Z,https://www.twitch.tv/hoshikenremi,https://static-cdn.jtvnw.net/previews-ttv/live_user_hoshikenremi-{width}x{height}.jpg
33546b9ad5a8408589405f9467063dd7,live,✧啵妮✧ @boni_0x0 ✧ 羊腳瘀青受傷了！受傷方式很離譜．．．．． ✧ 亂唱APEX ✧,2023-08-03T01:47:58Z,https://www.twitch.tv/boni_0x0,https://static-cdn.jtvnw.net/previews-ttv/live_user_boni_0x0-{width}x{height}.jpg
428251b7832a48219276fb6e5f644e86,upcoming,看我能打龍到多久(順便拜託你們多留言),2023-08-03T02:00:00Z,https://www.twitch.tv/karami086,
c248ccba18664207aff22e8c270b18b9,upcoming,7/5 聊天+歌回,2023-08-03T02:00:00Z,https://www.twitch.tv/chu00213,
17a340801a7d4697be53c472c621993d,live,🥰《早安！曨之國！－先OW一下》☀,2023-08-03T02:03:13Z,https://www.twitch.tv/longhua_v,https://static-cdn.jtvnw.net/previews-ttv/live_user_longhua_v-{width}x{height}.jpg
626750f4e7a745619c171c44fb1efcc0,live,Final Fantasy VII 初見蒂法 #02【天使Vtuber小雪Yukichan】,2023-08-03T02:05:56Z,https://www.twitch.tv/hosinoyasetsu,https://static-cdn.jtvnw.net/previews-ttv/live_user_hosinoyasetsu-{width}x{height}.jpg
5aaaa518ae674ae1a1162e8454a460f9,live,8/3 吃豪飽颱風工作雜談 沒有丟丟,2023-08-03T02:09:19Z,https://www.twitch.tv/guagua_625,https://static-cdn.jtvnw.net/previews-ttv/live_user_guagua_625-{width}x{height}.jpg
17946118c2d641819c847aba0c491e13,live,l 九笙 🦊l  lolㄉ狗  -0803 | 7TV | @kyusho9999,2023-08-03T02:11:30Z,https://www.twitch.tv/kyusho9999,https://static-cdn.jtvnw.net/previews-ttv/live_user_kyusho9999-{width}x{height}.jpg
ee0763f3339d45b493bf45488a8e7701,live,【梓芊🐰】 @pandora0407 🤍 8/3 沒有颱風假拉 下午團練  (๑´ㅂ`๑)🤍 !7tv,2023-08-03T02:14:49Z,https://www.twitch.tv/pandora0407,https://static-cdn.jtvnw.net/previews-ttv/live_user_pandora0407-{width}x{height}.jpg
0e9aeecbe8f04a62ab781cf2e520eba0,live,0803 說好的早安台 |【嘎旋 @shen_0828 】| !加班 !DC !貼圖 !點歌 +看臺安裝7tv,2023-08-03T02:15:44Z,https://www.twitch.tv/shen_0828,https://static-cdn.jtvnw.net/previews-ttv/live_user_shen_0828-{width}x{height}.jpg
c9e933e250e747f88f8cbf4857ec7f3b,live,8/3 喉嚨輕聲復健,2023-08-03T02:23:03Z,https://www.twitch.tv/yukihana0319,https://static-cdn.jtvnw.net/previews-ttv/live_user_yukihana0319-{width}x{height}.jpg
4b7c733a13d247ec84844698ecc7ba0c,live,0803 | 洗滌身心靈前先吃個早餐 !加班｜ @nyabi_npc  ｜!貼圖  !DC !委託 !UID 看台使用7TV,2023-08-03T02:36:02Z,https://www.twitch.tv/nyabi_npc,https://static-cdn.jtvnw.net/previews-ttv/live_user_nyabi_npc-{width}x{height}.jpg
644e669aa31443fe9a61a14e75ebd21e,live,【格林諾辰】 靈異故事蒐集│!靈異投稿 @nouchen_ │ 08/03,2023-08-03T02:48:50Z,https://www.twitch.tv/nouchen_,https://static-cdn.jtvnw.net/previews-ttv/live_user_nouchen_-{width}x{height}.jpg
d766d15cb84b4aa9b33122097eefff76,live,【蜂蜜布丁🍮】8/3 布丁生日  💛 |  !委託 !DC   | 支援7TV,2023-08-03T03:00:56Z,https://www.twitch.tv/hachimitsupurin,https://static-cdn.jtvnw.net/previews-ttv/live_user_hachimitsupurin-{width}x{height}.jpg
b5ff000d6dd74683b17965294f1c4bf7,live,【Live2D工作台】??.沒畫面但想雙開(任性,2023-08-03T03:02:35Z,https://www.twitch.tv/lancalv777,https://static-cdn.jtvnw.net/previews-ttv/live_user_lancalv777-{width}x{height}.jpg
31f4c00be9eb41a1a6be0356614048fd,live,朝活？のんびり日課！[EN/JPN/CN],2023-08-03T03:04:24Z,https://www.twitch.tv/yeee_shen,https://static-cdn.jtvnw.net/previews-ttv/live_user_yeee_shen-{width}x{height}.jpg
3a932cc8813343b6bb5d822cb2f53558,live,【8/2】颱風天~ #週邊沒人要~嗚嗚嗚~ @naomi_vtuber !DC !訂閱 !週邊【VTuber/ 娜歐蜜】,2023-08-03T03:05:06Z,https://www.twitch.tv/naomi_vtuber,https://static-cdn.jtvnw.net/previews-ttv/live_user_naomi_vtuber-{width}x{height}.jpg
32b83b466c11418bb380623a95944302,live,【無界V】颱風天就是要去玩滑翔傘啊,2023-08-03T03:05:09Z,https://www.twitch.tv/mao_mukai,https://static-cdn.jtvnw.net/previews-ttv/live_user_mao_mukai-{width}x{height}.jpg
f44835c18dac441f910f4eb821ffd7ce,live,[Yukki] 8/3 大家早安！來聊天畫畫啦~ 🔔!yt🔔!AMG !頭香,2023-08-03T03:08:38Z,https://www.twitch.tv/yukkiwee,https://static-cdn.jtvnw.net/previews-ttv/live_user_yukkiwee-{width}x{height}.jpg
8064b5c85fc64d10ae3e9d3a4c0dfd8f,live,【廟口石頭村】hahamida | 師傅吃餅,2023-08-03T03:16:25Z,https://www.twitch.tv/hahacocm,https://static-cdn.jtvnw.net/previews-ttv/live_user_hahacocm-{width}x{height}.jpg
828ab4c66f5f43f298d237374a266b7e,live,璃璃兒 🐈 0803 聊一下晚點玩地球計畫 🎀!加班 @0lilier0,2023-08-03T03:18:38Z,https://www.twitch.tv/0lilier0,https://static-cdn.jtvnw.net/previews-ttv/live_user_0lilier0-{width}x{height}.jpg
dc0f8e297afc4531ac04e46808f7ef6d,live,【直男台】破病,2023-08-03T03:19:16Z,https://www.twitch.tv/cat8times,https://static-cdn.jtvnw.net/previews-ttv/live_user_cat8times-{width}x{height}.jpg
6073eb006b764614915e90b5c54ce7e6,live,8/3 喉嚨還是痛為什麼Rrrrr 新鼠標在DC！ @naturalolz @fengxu_vt @enola0305 ｜愛諾拉ღ,2023-08-03T03:23:39Z,https://www.twitch.tv/enola0305,https://static-cdn.jtvnw.net/previews-ttv/live_user_enola0305-{width}x{height}.jpg
c51f84b3ec9c4501a364a6a4982fa284,live,【中文/English】沒有ER就瓦 @enola0305 @naturalolz !T度表 !NP !伺服器 !7tv !蹦蹦炸彈 !隊友 點歌打!sr｜🌪風絮 @fengxu_vt,2023-08-03T03:25:39Z,https://www.twitch.tv/fengxu_vt,https://static-cdn.jtvnw.net/previews-ttv/live_user_fengxu_vt-{width}x{height}.jpg
62ca936be6c645a7bf2222b67086800a,live,【阿波】塔克夫首次DLC擴充包開跑!!!!!!!!!,2023-08-03T03:30:53Z,https://www.twitch.tv/twlonelyash,https://static-cdn.jtvnw.net/previews-ttv/live_user_twlonelyash-{width}x{height}.jpg
ab64eaef68c94ab4afb3a89007c81e9c,live,【刺客教條II】想當年我都會把教條念反 | @maimaivtuber,2023-08-03T03:36:20Z,https://www.twitch.tv/maimaivtuber,https://static-cdn.jtvnw.net/previews-ttv/live_user_maimaivtuber-{width}x{height}.jpg
a84b1b6deabc462b9cf994fd02304b5b,live,【想來想去直播標題好像只有原神啟動】,2023-08-03T03:38:19Z,https://www.twitch.tv/uriah0616,https://static-cdn.jtvnw.net/previews-ttv/live_user_uriah0616-{width}x{height}.jpg
423dd7da92be47f4af7273c5f74efb27,live,下午團練  ˙ᵕ˙ 🔥 !新片 | 8/3 @fei_z 💙,2023-08-03T03:39:16Z,https://www.twitch.tv/fei_z,https://static-cdn.jtvnw.net/previews-ttv/live_user_fei_z-{width}x{height}.jpg
5507154831064d69906acc64c76b1c99,live,【四巳Yomi】誰ㄊㄇ颱風天還開早餐台 @44yomi44 !周邊,2023-08-03T03:47:05Z,https://www.twitch.tv/44yomi44,https://static-cdn.jtvnw.net/previews-ttv/live_user_44yomi44-{width}x{height}.jpg
2bd52c3a964541febb42782fd1f9fdba,upcoming,FPS喵 (ﾉ◕ヮ◕)ﾉ*:･ﾟ✧,2023-08-03T04:00:00Z,https://www.twitch.tv/jojo51113,
4077520d348749e49598cd5fa1058b6a,live,【雷門達也】LoL加班台出沒 08/03 Day725,2023-08-03T04:00:56Z,https://www.twitch.tv/raimontatsuya,https://static-cdn.jtvnw.net/previews-ttv/live_user_raimontatsuya-{width}x{height}.jpg
7180d8a493134a9c932fe790eb17f2e9,upcoming,出沒可能時間：繪圖雜談,2023-08-03T05:00:00Z,https://www.twitch.tv/shinkaitoro,
547aa467c2ce497e9d95c4a085effe0d,upcoming,會開,2023-08-03T05:00:00Z,https://www.twitch.tv/umimiowo,
3dda133703f64b019d7eea0c5cb55335,upcoming,,2023-08-03T05:30:00Z,https://www.twitch.tv/miamya0615,
803435ca691f43a4b02360926fee23d1,upcoming,,2023-08-03T06:00:00Z,https://www.twitch.tv/yukou_ouo,
67b37e4e1f2f49d88a047d650b70be91,upcoming,直播預定,2023-08-03T06:00:00Z,https://www.twitch.tv/yumenoryuusei0404,
5f9ded46df28474bbd1470d761700f30,upcoming,美妙的舞蹈大會 / Dance with Sakura!,2023-08-03T10:00:00Z,https://www.twitch.tv/fuyukisakura,
3c5b24ec5e7e4451a917bb1683298c05,upcoming,【遊戲】哥布林努力向學中 ( ☉_☉)≡☞o────★°【羽宮奈奈】,2023-08-03T10:00:00Z,https://www.twitch.tv/hakunana1203,
36f4fa8dbd7740c3ae5ac02b890fa502,upcoming,Vtuber養成計畫：人生放送中,2023-08-03T11:00:00Z,https://www.twitch.tv/dr1090a,
de81b740d66c439685aa37491d27efc4,upcoming,固定直播日,2023-08-03T11:30:00Z,https://www.twitch.tv/lmpaper,
d8b5835bc6aa46119cc7ddd4447e780f,upcoming,這是魔法師 ˗ˋˏ 咘小星 ˎˊ˗ 使用召喚術的固定時段⎝༼ ◕Д ◕ ༽⎠（如有變動以DC群為主）,2023-08-03T11:30:00Z,https://www.twitch.tv/ssstar_180,
d8b0b4e36c614d328620461a295572a1,upcoming,,2023-08-03T11:30:00Z,https://www.twitch.tv/jumpshi,
0c09a69445864b44adbba11b487f9b1a,upcoming,做連動封面圖！努力開台衝門檻！,2023-08-03T11:30:00Z,https://www.twitch.tv/amane_tainan,
090be1be8d29429183e190e22fc4be22,upcoming,試試看這ㄍ功能【Ness9s奈斯糖】,2023-08-03T12:00:00Z,https://www.twitch.tv/ness9s1222,
a83b6d485350402b90238deb371ae654,upcoming,雜談,2023-08-03T12:00:00Z,https://www.twitch.tv/monna_nana,
6159040406fc4e6cb73dbf9734717703,upcoming,,2023-08-03T12:00:00Z,https://www.twitch.tv/drizzlingnight,
aef2ed42d49343f28394b6335695b5ac,upcoming,,2023-08-03T12:00:00Z,https://www.twitch.tv/yuncream,
8b810380ed254a5e8a85b65552ba4e61,upcoming,七兔餵食秀,2023-08-03T12:00:00Z,https://www.twitch.tv/nayomi0204,
1618171723d84cbe8b57cd69fa6f477f,upcoming,,2023-08-03T12:00:00Z,https://www.twitch.tv/rin_en_kana,
67b37e4e1f2f49d88a047d650b70be91,upcoming,配信予定あり,2023-08-03T12:00:00Z,https://www.twitch.tv/yumenoryuusei0404,
a7bb915cc1a0474080d7dbf6d245daf4,upcoming,日常幹话台 【CN/EN】,2023-08-03T12:00:00Z,https://www.twitch.tv/tatsuya_rei,
554ca19c3d924cacac1f680675b9fdd2,upcoming,原神日常任務及聊天,2023-08-03T12:30:00Z,https://www.twitch.tv/yueyuhoshizora,
4af53c3526f7435a8aac99f42dccb392,upcoming,固定開台,2023-08-03T13:00:00Z,https://www.twitch.tv/milo_lonewolf,
f88d85aeb79a429e9751db330f469df1,upcoming,鹿言鹿語,2023-08-03T13:00:00Z,https://www.twitch.tv/lunaluna2021,
048b1a247cbb4eaa985d7311dc651945,upcoming,【雜談】人生鬼故事聊天台,2023-08-03T13:00:00Z,https://www.twitch.tv/yiyue_maple,
577251897dc7463393b68c5b6f96559b,upcoming,HONCON VALO 帶龍一體會打瓦的樂趣 ft. RyuujiSakamoto,2023-08-03T13:00:00Z,https://www.twitch.tv/noctjade,
f44835c18dac441f910f4eb821ffd7ce,upcoming,只要得空就會開 時間還是比較不一定~,2023-08-03T13:00:00Z,https://www.twitch.tv/yukkiwee,
58e377df63f745fc8473368b20afe2ae,upcoming,遊戲或其他直播（連動取代可能）,2023-08-03T13:30:00Z,https://www.twitch.tv/yuutatsubasa,
eadf377f5cbd41ac9842c3f5559268f6,upcoming,,2023-08-03T13:30:00Z,https://www.twitch.tv/om_mosquito,
2e454f2b51c649cfa913dac2ebd9e470,upcoming,三排上分,2023-08-03T14:00:00Z,https://www.twitch.tv/klnpurple,
607d6173383c4118a32171fbcfc98e60,upcoming,唱歌台,2023-08-03T14:00:00Z,https://www.twitch.tv/musha0324,
025ce8dccaa4466c80061aa308c378c3,upcoming,#晚安新聞台 #晚安故事 ｜ 現在是什麼世道呢？我所見所聞與自身體認到的內容，希望能在更新這個世界的新知同時也跟各位談談對於這些事情的看法。,2023-08-03T15:00:00Z,https://www.twitch.tv/shima_takasato,
47cd428eee8640cb80afaa4ef9bb55e0,upcoming,麻，APEX,2023-08-03T15:00:00Z,https://www.twitch.tv/shimotsukinoyouko,
db2f279f9960492082f3ae6ad20aca91,upcoming,【CODE VEIN】,2023-08-03T16:30:00Z,https://www.twitch.tv/suzumiya_siru,
d407b30c72a841bd82af1f5cc8ec0667,upcoming,主委泡茶間 邀請不同類型的來賓來對談，主題依當周來賓性質而定,2023-08-04T01:00:00Z,https://www.twitch.tv/chiveswang_llt5,
33546b9ad5a8408589405f9467063dd7,upcoming,快樂台,2023-08-04T01:30:00Z,https://www.twitch.tv/boni_0x0,
2bd52c3a964541febb42782fd1f9fdba,upcoming,FPS喵 (ﾉ◕ヮ◕)ﾉ*:･ﾟ✧,2023-08-04T04:00:00Z,https://www.twitch.tv/jojo51113,
c29bc8bf78dd417980491f19333c8fa2,upcoming,工作雜談,2023-08-04T04:00:00Z,https://www.twitch.tv/muling0606,
7180d8a493134a9c932fe790eb17f2e9,upcoming,出沒可能時間：繪圖雜談,2023-08-04T05:00:00Z,https://www.twitch.tv/shinkaitoro,
547aa467c2ce497e9d95c4a085effe0d,upcoming,會開,2023-08-04T05:00:00Z,https://www.twitch.tv/umimiowo,
9e6e69bfb48e4be0a8eecc737a6a0ba1,upcoming,週五下午可能唱唱,2023-08-04T05:00:00Z,https://www.twitch.tv/aster_ur,
50ec735272014b1b996ee80a8df4671a,upcoming,"Some games, i dunno yet!",2023-08-04T05:00:00Z,https://www.twitch.tv/azuusaru,
3dda133703f64b019d7eea0c5cb55335,upcoming,,2023-08-04T05:30:00Z,https://www.twitch.tv/miamya0615,
803435ca691f43a4b02360926fee23d1,upcoming,,2023-08-04T06:00:00Z,https://www.twitch.tv/yukou_ouo,
67b37e4e1f2f49d88a047d650b70be91,upcoming,直播預定,2023-08-04T06:00:00Z,https://www.twitch.tv/yumenoryuusei0404,
db2f279f9960492082f3ae6ad20aca91,upcoming,【Tom Clancy's Rainbow Six: Siege】,2023-08-04T08:30:00Z,https://www.twitch.tv/suzumiya_siru,
fcb4d9b8cd4a49dba6b421d97c179065,upcoming,練槍啦~!(*‘ v`*),2023-08-04T09:30:00Z,https://www.twitch.tv/mayasuzume,
3c5b24ec5e7e4451a917bb1683298c05,upcoming,【遊戲】貪還要更貪！！潛水給魚追啦🐟【羽宮奈奈】| Dave The Diver 潛水員戴夫,2023-08-04T10:00:00Z,https://www.twitch.tv/hakunana1203,
36f4fa8dbd7740c3ae5ac02b890fa502,upcoming,Vtuber養成計畫：人生放送中,2023-08-04T11:00:00Z,https://www.twitch.tv/dr1090a,
526dd51b5abf4fdcaede0cfe80096186,upcoming," 隨機突發雜談遊戲台",2023-08-04T11:30:00Z,https://www.twitch.tv/koooorikuma,
d8b5835bc6aa46119cc7ddd4447e780f,upcoming,這是魔法師 ˗ˋˏ 咘小星 ˎˊ˗ 使用召喚術的固定時段⎝༼ ◕Д ◕ ༽⎠（如有變動以DC群為主）,2023-08-04T11:30:00Z,https://www.twitch.tv/ssstar_180,
4efffd7632e94c9faad30a543c3e1150,upcoming,,2023-08-04T11:30:00Z,https://www.twitch.tv/aveza_manon,
de81b740d66c439685aa37491d27efc4,upcoming,觀眾同樂會,2023-08-04T12:00:00Z,https://www.twitch.tv/lmpaper,
6d76e6b27f164061a216ec2831bd8dd3,upcoming,日常塔！,2023-08-04T12:00:00Z,https://www.twitch.tv/eihraz,
a83b6d485350402b90238deb371ae654,upcoming,巧克團,2023-08-04T12:00:00Z,https://www.twitch.tv/monna_nana,
091ac99f10804fe3b417a0f285731b4e,upcoming,咪米黑白講,2023-08-04T12:00:00Z,https://www.twitch.tv/umamixchami,
6159040406fc4e6cb73dbf9734717703,upcoming,,2023-08-04T12:00:00Z,https://www.twitch.tv/drizzlingnight,
aef2ed42d49343f28394b6335695b5ac,upcoming,,2023-08-04T12:00:00Z,https://www.twitch.tv/yuncream,
8b810380ed254a5e8a85b65552ba4e61,upcoming,七兔肚子咕咕叫,2023-08-04T12:00:00Z,https://www.twitch.tv/nayomi0204,
67b37e4e1f2f49d88a047d650b70be91,upcoming,配信予定あり,2023-08-04T12:00:00Z,https://www.twitch.tv/yumenoryuusei0404,
6bf231719d5e485fa0cdee99905858d4,upcoming,雜談或是治癒小遊戲,2023-08-04T12:00:00Z,https://www.twitch.tv/xiaoke0109,
31a4ca5b5d554c13902eff32302e5eb9,upcoming,,2023-08-04T12:00:00Z,https://www.twitch.tv/chiyouboss,
a7bb915cc1a0474080d7dbf6d245daf4,upcoming,日常幹话台 【CN/EN】,2023-08-04T12:00:00Z,https://www.twitch.tv/tatsuya_rei,
554ca19c3d924cacac1f680675b9fdd2,upcoming,原神日常任務及聊天,2023-08-04T12:30:00Z,https://www.twitch.tv/yueyuhoshizora,
a73b969a7fe24a9aaeb9bc1c63ca6450,upcoming,究竟是打麻將還是開車車！　Ft. 旋律之花、邑隻胖達、瑪得琳,2023-08-04T13:00:00Z,https://www.twitch.tv/nerolirain,
4af53c3526f7435a8aac99f42dccb392,upcoming,固定開台,2023-08-04T13:00:00Z,https://www.twitch.tv/milo_lonewolf,
f88d85aeb79a429e9751db330f469df1,upcoming,DBD殺鹿日,2023-08-04T13:00:00Z,https://www.twitch.tv/lunaluna2021,
f44835c18dac441f910f4eb821ffd7ce,upcoming,只要得空就會開 時間還是比較不一定~,2023-08-04T13:00:00Z,https://www.twitch.tv/yukkiwee,
eadf377f5cbd41ac9842c3f5559268f6,upcoming,,2023-08-04T13:30:00Z,https://www.twitch.tv/om_mosquito,
2e454f2b51c649cfa913dac2ebd9e470,upcoming,單排/三排上分,2023-08-04T14:00:00Z,https://www.twitch.tv/klnpurple,
c248ccba18664207aff22e8c270b18b9,upcoming,7/6~麻將大師水友賽!,2023-08-04T14:00:00Z,https://www.twitch.tv/chu00213,
2af6cb0e15ce4839ba711b47608d4f4d,upcoming,【Art】畫畫,2023-08-04T14:00:00Z,https://www.twitch.tv/moyu_moyu,
ce408f8b30704b42a7492f0e40684317,upcoming,小屋生活,2023-08-04T14:30:00Z,https://www.twitch.tv/kuriowokuri,
47cd428eee8640cb80afaa4ef9bb55e0,upcoming,麻，APEX,2023-08-04T15:00:00Z,https://www.twitch.tv/shimotsukinoyouko,
1618171723d84cbe8b57cd69fa6f477f,upcoming,,2023-08-04T15:00:00Z,https://www.twitch.tv/rin_en_kana,
abda6c94394b47ba885c34417e3a4d08,upcoming,【🔴Live】雑談 ! 正太貓貓的伴眠時間 ! / 伊沢悠人,2023-08-04T15:00:00Z,https://www.twitch.tv/izawayuuto0726,
b96f58f4373a4b65977afe5f2829e9e4,upcoming,プロセカ,2023-08-04T15:00:00Z,https://www.twitch.tv/cieloneve_,
db2f279f9960492082f3ae6ad20aca91,upcoming," 【Tom Clancy's Rainbow Six: Siege】",2023-08-04T16:30:00Z,https://www.twitch.tv/suzumiya_siru,
f6a4e7aa8d0c4e5cb39d199845ec4d02,upcoming,APEX特化,2023-08-04T17:00:00Z,https://www.twitch.tv/vtuber_amiru,
9e6e69bfb48e4be0a8eecc737a6a0ba1,upcoming,週六半夜也可能唱唱,2023-08-04T17:00:00Z,https://www.twitch.tv/aster_ur,
819cc1636ec94c0ab290b4513c6d629d,upcoming,MHR with Miki,2023-08-04T20:00:00Z,https://www.twitch.tv/mikiaoboshi,
a73b969a7fe24a9aaeb9bc1c63ca6450,upcoming,一起玩！,2023-08-05T03:00:00Z,https://www.twitch.tv/nerolirain,
c29bc8bf78dd417980491f19333c8fa2,upcoming,工作雜談,2023-08-05T04:00:00Z,https://www.twitch.tv/muling0606,
cef544ae38ec4c03ad337e68e2d885f4,upcoming,Apex or osu chat,2023-08-05T04:00:00Z,https://www.twitch.tv/ilzenkion1,
526dd51b5abf4fdcaede0cfe80096186,upcoming,固定雜談Osu練習台,2023-08-05T04:30:00Z,https://www.twitch.tv/koooorikuma,
31a4ca5b5d554c13902eff32302e5eb9,upcoming,,2023-08-05T05:00:00Z,https://www.twitch.tv/chiyouboss,
3dda133703f64b019d7eea0c5cb55335,upcoming,,2023-08-05T05:30:00Z,https://www.twitch.tv/miamya0615,
36f4fa8dbd7740c3ae5ac02b890fa502,upcoming,Vtuber養成計畫：人生放送中,2023-08-05T06:00:00Z,https://www.twitch.tv/dr1090a,
6159040406fc4e6cb73dbf9734717703,upcoming,,2023-08-05T06:00:00Z,https://www.twitch.tv/drizzlingnight,
5f9ded46df28474bbd1470d761700f30,upcoming,[Not stream] Join us on VRChat!,2023-08-05T07:00:00Z,https://www.twitch.tv/fuyukisakura,
33546b9ad5a8408589405f9467063dd7,upcoming,歌回台,2023-08-05T07:00:00Z,https://www.twitch.tv/boni_0x0,
db2f279f9960492082f3ae6ad20aca91,upcoming," 【Tom Clancy's Rainbow Six: Siege】",2023-08-05T08:30:00Z,https://www.twitch.tv/suzumiya_siru,
15ee6c1788974e31aefed5cc023781af,upcoming,日麻-觀眾場,2023-08-05T08:30:00Z,https://www.twitch.tv/yunasaki_vtuber,
3c5b24ec5e7e4451a917bb1683298c05,upcoming,【遊戲】哥布林學魔法✡️ 心情好就打LOL！【羽宮奈奈】,2023-08-05T10:00:00Z,https://www.twitch.tv/hakunana1203,
6d76e6b27f164061a216ec2831bd8dd3,upcoming,四週年！生日！酒雜！,2023-08-05T11:00:00Z,https://www.twitch.tv/eihraz,
47cd428eee8640cb80afaa4ef9bb55e0,upcoming,麻，21.同樣成員恐鬼,2023-08-05T11:00:00Z,https://www.twitch.tv/shimotsukinoyouko,
de81b740d66c439685aa37491d27efc4,upcoming,固定直播日,2023-08-05T12:00:00Z,https://www.twitch.tv/lmpaper,
a83b6d485350402b90238deb371ae654,upcoming,星露谷,2023-08-05T12:00:00Z,https://www.twitch.tv/monna_nana,
aef2ed42d49343f28394b6335695b5ac,upcoming,,2023-08-05T12:00:00Z,https://www.twitch.tv/yuncream,
8b810380ed254a5e8a85b65552ba4e61,upcoming,飢餓七兔,2023-08-05T12:00:00Z,https://www.twitch.tv/nayomi0204,
607d6173383c4118a32171fbcfc98e60,upcoming,遊戲台 ( 超偵探事件簿),2023-08-05T12:00:00Z,https://www.twitch.tv/musha0324,
6bf231719d5e485fa0cdee99905858d4,upcoming,雜談或小遊戲，偶爾會開ASMR,2023-08-05T12:00:00Z,https://www.twitch.tv/xiaoke0109,
a7bb915cc1a0474080d7dbf6d245daf4,upcoming,日常幹话台 【CN/EN】,2023-08-05T12:00:00Z,https://www.twitch.tv/tatsuya_rei,
5535c9524eb046c38e172ebfa06b302f,upcoming,,2023-08-05T13:00:00Z,https://www.twitch.tv/ruroroisme,
4af53c3526f7435a8aac99f42dccb392,upcoming,固定開台,2023-08-05T13:00:00Z,https://www.twitch.tv/milo_lonewolf,
9643c650b1804107b85de1f08010aa9d,upcoming,日本麻將 雀魂 一番街 努力段位中,2023-08-05T13:00:00Z,https://www.twitch.tv/otonashikoi,
f44835c18dac441f910f4eb821ffd7ce,upcoming,只要得空就會開 時間還是比較不一定~,2023-08-05T13:00:00Z,https://www.twitch.tv/yukkiwee,
58e377df63f745fc8473368b20afe2ae,upcoming,雜談或歌回直播（連動取代可能）,2023-08-05T13:30:00Z,https://www.twitch.tv/yuutatsubasa,
f88d85aeb79a429e9751db330f469df1,upcoming,鹿言鹿語,2023-08-05T13:30:00Z,https://www.twitch.tv/lunaluna2021,
1618171723d84cbe8b57cd69fa6f477f,upcoming,,2023-08-05T13:30:00Z,https://www.twitch.tv/rin_en_kana,
eadf377f5cbd41ac9842c3f5559268f6,upcoming,,2023-08-05T13:30:00Z,https://www.twitch.tv/om_mosquito,
2e454f2b51c649cfa913dac2ebd9e470,upcoming,練英和單排上分,2023-08-05T14:00:00Z,https://www.twitch.tv/klnpurple,
c248ccba18664207aff22e8c270b18b9,upcoming,7/7~LOL水友賽~,2023-08-05T14:00:00Z,https://www.twitch.tv/chu00213,
ce408f8b30704b42a7492f0e40684317,upcoming,小屋生活,2023-08-05T14:30:00Z,https://www.twitch.tv/kuriowokuri,
b96f58f4373a4b65977afe5f2829e9e4,upcoming,,2023-08-05T15:00:00Z,https://www.twitch.tv/cieloneve_,
025ce8dccaa4466c80061aa308c378c3,upcoming,【#我親愛的妻子 #遊戲台 】揭開魅魔小鎮的陰謀? 對於已逝者的留念是愛的表現嗎? 復活妻子是真愛的表現? #遊戲直播 #台V #隆理在玩,2023-08-05T15:45:00Z,https://www.twitch.tv/shima_takasato,
34973abcef4e41b29add2b476ce0a7fb,upcoming,"今日感謝瑾瑜邀請到幼幼相見歡進行雜談,對於自己休息一個月後歸來看到自己的情況...,只能說百感交集",2023-08-05T16:00:00Z,https://www.twitch.tv/sweetcat_10450077,
819cc1636ec94c0ab290b4513c6d629d,upcoming,Healthy Miki,2023-08-05T19:00:00Z,https://www.twitch.tv/mikiaoboshi,
db2f279f9960492082f3ae6ad20aca91,upcoming,【Tom Clancy's Rainbow Six: Siege】,2023-08-05T20:30:00Z,https://www.twitch.tv/suzumiya_siru,
2450f1c7cf8f46c8aa30afaa922c9642,upcoming,最近都是突發,2023-08-05T21:25:00Z,https://www.twitch.tv/setsurei0227,
2af6cb0e15ce4839ba711b47608d4f4d,upcoming,,2023-08-06T01:00:00Z,https://www.twitch.tv/moyu_moyu,
2e454f2b51c649cfa913dac2ebd9e470,upcoming,練英和單排上分,2023-08-06T02:00:00Z,https://www.twitch.tv/klnpurple,
db2f279f9960492082f3ae6ad20aca91,upcoming,【Tom Clancy's Rainbow Six: Siege】,2023-08-06T04:30:00Z,https://www.twitch.tv/suzumiya_siru,
36f4fa8dbd7740c3ae5ac02b890fa502,upcoming,Vtuber養成計畫：人生放送中,2023-08-06T06:00:00Z,https://www.twitch.tv/dr1090a,
6159040406fc4e6cb73dbf9734717703,upcoming,,2023-08-06T06:00:00Z,https://www.twitch.tv/drizzlingnight,
526dd51b5abf4fdcaede0cfe80096186,upcoming,固定雜談遊戲台,2023-08-06T06:30:00Z,https://www.twitch.tv/koooorikuma,
3c5b24ec5e7e4451a917bb1683298c05,upcoming,"【歌回】✨2,000追 & 小收益化慶祝✨【羽宮奈奈】",2023-08-06T07:00:00Z,https://www.twitch.tv/hakunana1203,
5535c9524eb046c38e172ebfa06b302f,upcoming,,2023-08-06T11:00:00Z,https://www.twitch.tv/ruroroisme,
a83b6d485350402b90238deb371ae654,upcoming,骰子地下城,2023-08-06T11:00:00Z,https://www.twitch.tv/monna_nana,
36f4fa8dbd7740c3ae5ac02b890fa502,upcoming,艾爾登法環,2023-08-06T11:00:00Z,https://www.twitch.tv/dr1090a,
47cd428eee8640cb80afaa4ef9bb55e0,upcoming,麻，有可能FFXIV，半夜APEX,2023-08-06T11:00:00Z,https://www.twitch.tv/shimotsukinoyouko,
49393dd4bc284768852b0d4f9bba2ec8,upcoming,【AmongUS】首次登船能不被爆打嗎！？#珍奶茗璐ft.豪多人,2023-08-06T12:00:00Z,https://www.twitch.tv/tapiokalop,
6d76e6b27f164061a216ec2831bd8dd3,upcoming,週日Rimworld時間!,2023-08-06T12:00:00Z,https://www.twitch.tv/eihraz,
aef2ed42d49343f28394b6335695b5ac,upcoming,,2023-08-06T12:00:00Z,https://www.twitch.tv/yuncream,
6bf231719d5e485fa0cdee99905858d4,upcoming,雜談或小遊戲，偶爾會開ASMR,2023-08-06T12:00:00Z,https://www.twitch.tv/xiaoke0109,
7de64f4deb0946baa8d6b0da69699194,upcoming,繪圖台！繪製中獎觀眾的插圖！,2023-08-06T12:00:00Z,https://www.twitch.tv/jellyfishanang,
a7bb915cc1a0474080d7dbf6d245daf4,upcoming,日常幹话台 【CN/EN】,2023-08-06T12:00:00Z,https://www.twitch.tv/tatsuya_rei,
57843e9c870647729c2438a7a7077008,upcoming,集合吧～歌回的時間到了哦～,2023-08-06T12:00:00Z,https://www.twitch.tv/ainohikaru,
a0467c81a3014fbf83029acffe5b1d3f,upcoming,每週例行麻將大會！歡迎觀眾參加,2023-08-06T12:30:00Z,https://www.twitch.tv/najathepangolin,
ce408f8b30704b42a7492f0e40684317,upcoming,小屋生活,2023-08-06T12:30:00Z,https://www.twitch.tv/kuriowokuri,
9643c650b1804107b85de1f08010aa9d,upcoming,日本麻將 雀魂 一番街 努力段位中,2023-08-06T13:00:00Z,https://www.twitch.tv/otonashikoi,
f44835c18dac441f910f4eb821ffd7ce,upcoming,會聊天玩遊戲之類的 反正就是個很棒的大家庭~~,2023-08-06T13:00:00Z,https://www.twitch.tv/yukkiwee,
607d6173383c4118a32171fbcfc98e60,upcoming,唱歌台,2023-08-06T13:30:00Z,https://www.twitch.tv/musha0324,
1618171723d84cbe8b57cd69fa6f477f,upcoming,,2023-08-06T13:30:00Z,https://www.twitch.tv/rin_en_kana,
eadf377f5cbd41ac9842c3f5559268f6,upcoming,,2023-08-06T13:30:00Z,https://www.twitch.tv/om_mosquito,
c248ccba18664207aff22e8c270b18b9,upcoming,7/8~APEX直播,2023-08-06T14:00:00Z,https://www.twitch.tv/chu00213,
823311ac8226476e8d1e323f536bf8b1,upcoming,下午14:00~17:30在主委的V曲龍虎榜 深夜雜談做週表~~,2023-08-06T17:30:00Z,https://www.twitch.tv/kujosenko,
819cc1636ec94c0ab290b4513c6d629d,upcoming,Game time,2023-08-06T19:00:00Z,https://www.twitch.tv/mikiaoboshi,
33546b9ad5a8408589405f9467063dd7,upcoming,APEX台,2023-08-07T01:30:00Z,https://www.twitch.tv/boni_0x0,
2bd52c3a964541febb42782fd1f9fdba,upcoming,FPS喵 (ﾉ◕ヮ◕)ﾉ*:･ﾟ✧,2023-08-07T04:00:00Z,https://www.twitch.tv/jojo51113,
7180d8a493134a9c932fe790eb17f2e9,upcoming,出沒可能時間：繪圖雜談,2023-08-07T05:00:00Z,https://www.twitch.tv/shinkaitoro,
547aa467c2ce497e9d95c4a085effe0d,upcoming,會開,2023-08-07T05:00:00Z,https://www.twitch.tv/umimiowo,
50ec735272014b1b996ee80a8df4671a,upcoming,"Some games, I dunno yet!",2023-08-07T05:00:00Z,https://www.twitch.tv/azuusaru,
3dda133703f64b019d7eea0c5cb55335,upcoming,,2023-08-07T05:30:00Z,https://www.twitch.tv/miamya0615,
803435ca691f43a4b02360926fee23d1,upcoming,,2023-08-07T06:00:00Z,https://www.twitch.tv/yukou_ouo,
67b37e4e1f2f49d88a047d650b70be91,upcoming,直播預定,2023-08-07T06:00:00Z,https://www.twitch.tv/yumenoryuusei0404,
5f9ded46df28474bbd1470d761700f30,upcoming,一周開始的運動 / Boot up the week with Exercise 😈,2023-08-07T10:00:00Z,https://www.twitch.tv/fuyukisakura,
36f4fa8dbd7740c3ae5ac02b890fa502,upcoming,Vtuber養成計畫：人生放送中,2023-08-07T11:00:00Z,https://www.twitch.tv/dr1090a,
091ac99f10804fe3b417a0f285731b4e,upcoming,瑪搽瘋遊戲-在YT喔,2023-08-07T11:00:00Z,https://www.twitch.tv/umamixchami,
67b37e4e1f2f49d88a047d650b70be91,upcoming,配信予定あり,2023-08-07T11:00:00Z,https://www.twitch.tv/yumenoryuusei0404,
de81b740d66c439685aa37491d27efc4,upcoming,固定直播日,2023-08-07T11:30:00Z,https://www.twitch.tv/lmpaper,
526dd51b5abf4fdcaede0cfe80096186,upcoming,隨機突發雜談遊戲台,2023-08-07T11:30:00Z,https://www.twitch.tv/koooorikuma,
d8b5835bc6aa46119cc7ddd4447e780f,upcoming,這是魔法師 ˗ˋˏ 咘小星 ˎˊ˗ 使用召喚術的固定時段⎝༼ ◕Д ◕ ༽⎠（如有變動以DC群為主）,2023-08-07T11:30:00Z,https://www.twitch.tv/ssstar_180,
a89f7ee46cc14dff93675ce5bb82a692,upcoming,藍色星期一有藍色小妖精✨,2023-08-07T11:30:00Z,https://www.twitch.tv/eveliacridland,
6159040406fc4e6cb73dbf9734717703,upcoming,,2023-08-07T12:00:00Z,https://www.twitch.tv/drizzlingnight,
aef2ed42d49343f28394b6335695b5ac,upcoming,,2023-08-07T12:00:00Z,https://www.twitch.tv/yuncream,
8b810380ed254a5e8a85b65552ba4e61,upcoming,該餵七兔了,2023-08-07T12:00:00Z,https://www.twitch.tv/nayomi0204,
1618171723d84cbe8b57cd69fa6f477f,upcoming,,2023-08-07T12:00:00Z,https://www.twitch.tv/rin_en_kana,
31a4ca5b5d554c13902eff32302e5eb9,upcoming,,2023-08-07T12:00:00Z,https://www.twitch.tv/chiyouboss,
57843e9c870647729c2438a7a7077008,upcoming,集合吧～歌回的時間到了哦～,2023-08-07T12:00:00Z,https://www.twitch.tv/ainohikaru,
554ca19c3d924cacac1f680675b9fdd2,upcoming,原神日常任務及聊天,2023-08-07T12:30:00Z,https://www.twitch.tv/yueyuhoshizora,
04ed1803aaf0436eb41687f22e28ad20,upcoming,可能出沒時間,2023-08-07T12:30:00Z,https://www.twitch.tv/billy10002,
4af53c3526f7435a8aac99f42dccb392,upcoming,固定開台,2023-08-07T13:00:00Z,https://www.twitch.tv/milo_lonewolf,
f44835c18dac441f910f4eb821ffd7ce,upcoming,只要得空就會開 時間還是比較不一定~,2023-08-07T13:00:00Z,https://www.twitch.tv/yukkiwee,
58e377df63f745fc8473368b20afe2ae,upcoming,遊戲直播,2023-08-07T13:30:00Z,https://www.twitch.tv/yuutatsubasa,
eadf377f5cbd41ac9842c3f5559268f6,upcoming,,2023-08-07T13:30:00Z,https://www.twitch.tv/om_mosquito,
2e454f2b51c649cfa913dac2ebd9e470,upcoming,練英,2023-08-07T14:00:00Z,https://www.twitch.tv/klnpurple,
c248ccba18664207aff22e8c270b18b9,upcoming,6/27~邊打麻將邊閒聊~,2023-08-07T14:00:00Z,https://www.twitch.tv/chu00213,
3c5b24ec5e7e4451a917bb1683298c05,upcoming,【深夜聊聊】週一吸麻糬,2023-08-07T14:00:00Z,https://www.twitch.tv/hakunana1203,
5b85294949544a5f8855715acadf66a5,upcoming,✦ ✧ ✦週一讀書夜，島嶼擱淺：黑日雨✦ ✧ ✦,2023-08-07T14:30:00Z,https://www.twitch.tv/cesium_cat,
db2f279f9960492082f3ae6ad20aca91,upcoming,【Tom Clancy's Rainbow Six: Siege】,2023-08-07T16:30:00Z,https://www.twitch.tv/suzumiya_siru,
819cc1636ec94c0ab290b4513c6d629d,upcoming,Gamer Miki,2023-08-07T20:00:00Z,https://www.twitch.tv/mikiaoboshi,
50ec735272014b1b996ee80a8df4671a,upcoming,"Some games, I dunno yet!",2023-08-08T00:00:00Z,https://www.twitch.tv/azuusaru,
d407b30c72a841bd82af1f5cc8ec0667,upcoming,台V好聲音 - 介紹你可能不知道的台灣 VTuber 們，從美妙歌聲到獨特個性，不知道從何˙看起的最佳入門選擇,2023-08-08T01:00:00Z,https://www.twitch.tv/chiveswang_llt5,
33546b9ad5a8408589405f9467063dd7,upcoming,歌回台,2023-08-08T01:30:00Z,https://www.twitch.tv/boni_0x0,
428251b7832a48219276fb6e5f644e86,upcoming,當個不老不新的獵人(順便拜託你們多留言),2023-08-08T02:00:00Z,https://www.twitch.tv/karami086,
c248ccba18664207aff22e8c270b18b9,upcoming,7/5~來玩玩瓦羅蘭~,2023-08-08T04:00:00Z,https://www.twitch.tv/chu00213,
2bd52c3a964541febb42782fd1f9fdba,upcoming,FPS喵 (ﾉ◕ヮ◕)ﾉ*:･ﾟ✧,2023-08-08T04:00:00Z,https://www.twitch.tv/jojo51113,
7180d8a493134a9c932fe790eb17f2e9,upcoming,出沒可能時間：繪圖雜談,2023-08-08T05:00:00Z,https://www.twitch.tv/shinkaitoro,
547aa467c2ce497e9d95c4a085effe0d,upcoming,會開,2023-08-08T05:00:00Z,https://www.twitch.tv/umimiowo,
3dda133703f64b019d7eea0c5cb55335,upcoming,,2023-08-08T05:30:00Z,https://www.twitch.tv/miamya0615,
803435ca691f43a4b02360926fee23d1,upcoming,,2023-08-08T06:00:00Z,https://www.twitch.tv/yukou_ouo,
67b37e4e1f2f49d88a047d650b70be91,upcoming,直播預定,2023-08-08T06:00:00Z,https://www.twitch.tv/yumenoryuusei0404,
3c5b24ec5e7e4451a917bb1683298c05,upcoming,【晚餐聊天學魔法】週二晚上來點魔法魔法,2023-08-08T10:00:00Z,https://www.twitch.tv/hakunana1203,
36f4fa8dbd7740c3ae5ac02b890fa502,upcoming,Vtuber養成計畫：人生放送中,2023-08-08T11:00:00Z,https://www.twitch.tv/dr1090a,
de81b740d66c439685aa37491d27efc4,upcoming,固定直播日,2023-08-08T11:30:00Z,https://www.twitch.tv/lmpaper,
d8b5835bc6aa46119cc7ddd4447e780f,upcoming,這是魔法師 ˗ˋˏ 咘小星 ˎˊ˗ 使用召喚術的固定時段⎝༼ ◕Д ◕ ༽⎠（如有變動以DC群為主）,2023-08-08T11:30:00Z,https://www.twitch.tv/ssstar_180,
a83b6d485350402b90238deb371ae654,upcoming,巧克團,2023-08-08T12:00:00Z,https://www.twitch.tv/monna_nana,
e41bf48a09d64e4aa3d96064a9a63b08,upcoming,【魔物獵人:崛起】魔物獵人PC打起來٩(◦`꒳´◦)۶自由參加場,2023-08-08T12:00:00Z,https://www.twitch.tv/azuchiron,
6159040406fc4e6cb73dbf9734717703,upcoming,,2023-08-08T12:00:00Z,https://www.twitch.tv/drizzlingnight,
aef2ed42d49343f28394b6335695b5ac,upcoming,,2023-08-08T12:00:00Z,https://www.twitch.tv/yuncream,
8b810380ed254a5e8a85b65552ba4e61,upcoming,餵七兔時間到,2023-08-08T12:00:00Z,https://www.twitch.tv/nayomi0204,
1618171723d84cbe8b57cd69fa6f477f,upcoming,,2023-08-08T12:00:00Z,https://www.twitch.tv/rin_en_kana,
67b37e4e1f2f49d88a047d650b70be91,upcoming,配信予定あり,2023-08-08T12:00:00Z,https://www.twitch.tv/yumenoryuusei0404,
a7bb915cc1a0474080d7dbf6d245daf4,upcoming,日常幹话台 【CN/EN】,2023-08-08T12:00:00Z,https://www.twitch.tv/tatsuya_rei,
9272afe9ef72434082d9b5621857afd0,upcoming,【懷舊系列遊戲】失戀換男友＝結婚？貓姬若的最後時光 | 新式PK陪聊型Vtuber遊戲直播,2023-08-08T12:30:00Z,https://www.twitch.tv/gilma04,
4af53c3526f7435a8aac99f42dccb392,upcoming,固定開台,2023-08-08T13:00:00Z,https://www.twitch.tv/milo_lonewolf,
4c34c44a98974b709f7dbc7618847fd6,upcoming,嘎嘎嘎,2023-08-08T13:00:00Z,https://www.twitch.tv/5l5l3,
f44835c18dac441f910f4eb821ffd7ce,upcoming,只要得空就會開 時間還是比較不一定~,2023-08-08T13:00:00Z,https://www.twitch.tv/yukkiwee,
58e377df63f745fc8473368b20afe2ae,upcoming,程式直播（連動取代可能）,2023-08-08T13:30:00Z,https://www.twitch.tv/yuutatsubasa,
eadf377f5cbd41ac9842c3f5559268f6,upcoming,,2023-08-08T13:30:00Z,https://www.twitch.tv/om_mosquito,
2e454f2b51c649cfa913dac2ebd9e470,upcoming,單排上分,2023-08-08T14:00:00Z,https://www.twitch.tv/klnpurple,
2af6cb0e15ce4839ba711b47608d4f4d,upcoming,【Art】畫畫,2023-08-08T14:00:00Z,https://www.twitch.tv/moyu_moyu,
ce408f8b30704b42a7492f0e40684317,upcoming,小屋生活,2023-08-08T14:30:00Z,https://www.twitch.tv/kuriowokuri,
025ce8dccaa4466c80061aa308c378c3,upcoming,#晚安新聞台 #晚安故事 ｜ 現在是什麼世道呢？我所見所聞與自身體認到的內容，希望能在更新這個世界的新知同時也跟各位談談對於這些事情的看法。,2023-08-08T15:00:00Z,https://www.twitch.tv/shima_takasato,
db2f279f9960492082f3ae6ad20aca91,upcoming,【Tom Clancy's Rainbow Six: Siege】,2023-08-08T16:30:00Z,https://www.twitch.tv/suzumiya_siru,
33546b9ad5a8408589405f9467063dd7,upcoming,遊戲台,2023-08-09T01:30:00Z,https://www.twitch.tv/boni_0x0,
2bd52c3a964541febb42782fd1f9fdba,upcoming,FPS喵 (ﾉ◕ヮ◕)ﾉ*:･ﾟ✧,2023-08-09T04:00:00Z,https://www.twitch.tv/jojo51113,
7a9b7ab0d5bd411195d77800ff778a90,upcoming,沒有固定時間,2023-08-09T04:00:00Z,https://www.twitch.tv/1128wedge,
7180d8a493134a9c932fe790eb17f2e9,upcoming,出沒可能時間：繪圖雜談,2023-08-09T05:00:00Z,https://www.twitch.tv/shinkaitoro,
547aa467c2ce497e9d95c4a085effe0d,upcoming,會開,2023-08-09T05:00:00Z,https://www.twitch.tv/umimiowo,
428251b7832a48219276fb6e5f644e86,upcoming,打龍啦(順便拜託你們多留言),2023-08-09T06:00:00Z,https://www.twitch.tv/karami086,
803435ca691f43a4b02360926fee23d1,upcoming,,2023-08-09T06:00:00Z,https://www.twitch.tv/yukou_ouo,
67b37e4e1f2f49d88a047d650b70be91,upcoming,直播預定,2023-08-09T06:00:00Z,https://www.twitch.tv/yumenoryuusei0404,
8b732f3260e0427f9cf795b93ada310a,upcoming,【萊莎的鍊金工房 ～常闇女王與秘密藏身處～】大腿我來了#2 ✦ 普拉祈娜・vtuber,2023-08-09T10:00:00Z,https://www.twitch.tv/platinach,
3c5b24ec5e7e4451a917bb1683298c05,upcoming,【晚餐聊天學魔法】週三來陪麻糬玩,2023-08-09T10:00:00Z,https://www.twitch.tv/hakunana1203,
36f4fa8dbd7740c3ae5ac02b890fa502,upcoming,Vtuber養成計畫：人生放送中,2023-08-09T11:00:00Z,https://www.twitch.tv/dr1090a,
091ac99f10804fe3b417a0f285731b4e,upcoming,烏瑪咪x搽米無限系-在YT喔,2023-08-09T11:00:00Z,https://www.twitch.tv/umamixchami,
de81b740d66c439685aa37491d27efc4,upcoming,固定直播日,2023-08-09T11:30:00Z,https://www.twitch.tv/lmpaper,
526dd51b5abf4fdcaede0cfe80096186,upcoming,隨機突發雜談遊戲台,2023-08-09T11:30:00Z,https://www.twitch.tv/koooorikuma,
d8b5835bc6aa46119cc7ddd4447e780f,upcoming,這是魔法師 ˗ˋˏ 咘小星 ˎˊ˗ 使用召喚術的固定時段⎝༼ ◕Д ◕ ༽⎠（如有變動以DC群為主）,2023-08-09T11:30:00Z,https://www.twitch.tv/ssstar_180,
228427b15b964f1396b5a7b5eb224a21,upcoming,Asteria配音時間，一起來聽劇本、閒聊吧！,2023-08-09T12:00:00Z,https://www.twitch.tv/asterialive0503,
a83b6d485350402b90238deb371ae654,upcoming,觀眾同樂,2023-08-09T12:00:00Z,https://www.twitch.tv/monna_nana,
6159040406fc4e6cb73dbf9734717703,upcoming,,2023-08-09T12:00:00Z,https://www.twitch.tv/drizzlingnight,
aef2ed42d49343f28394b6335695b5ac,upcoming,,2023-08-09T12:00:00Z,https://www.twitch.tv/yuncream,
8b810380ed254a5e8a85b65552ba4e61,upcoming,七兔肚子餓,2023-08-09T12:00:00Z,https://www.twitch.tv/nayomi0204,
67b37e4e1f2f49d88a047d650b70be91,upcoming,配信予定あり,2023-08-09T12:00:00Z,https://www.twitch.tv/yumenoryuusei0404,
444dcf020b27400087d2b2b21135033c,upcoming,林間盃日麻,2023-08-09T12:00:00Z,https://www.twitch.tv/v_hanasakiayame,
a7bb915cc1a0474080d7dbf6d245daf4,upcoming,日常幹话台 【CN/EN】,2023-08-09T12:00:00Z,https://www.twitch.tv/tatsuya_rei,
554ca19c3d924cacac1f680675b9fdd2,upcoming,原神日常任務及聊天,2023-08-09T12:30:00Z,https://www.twitch.tv/yueyuhoshizora,
4af53c3526f7435a8aac99f42dccb392,upcoming,突發或休息,2023-08-09T13:00:00Z,https://www.twitch.tv/milo_lonewolf,
f88d85aeb79a429e9751db330f469df1,upcoming,鹿言鹿語,2023-08-09T13:00:00Z,https://www.twitch.tv/lunaluna2021,
f44835c18dac441f910f4eb821ffd7ce,upcoming,只要得空就會開 時間還是比較不一定~,2023-08-09T13:00:00Z,https://www.twitch.tv/yukkiwee,
eadf377f5cbd41ac9842c3f5559268f6,upcoming,,2023-08-09T13:30:00Z,https://www.twitch.tv/om_mosquito,
2e454f2b51c649cfa913dac2ebd9e470,upcoming,練英,2023-08-09T14:00:00Z,https://www.twitch.tv/klnpurple,
ce408f8b30704b42a7492f0e40684317,upcoming,小屋生活,2023-08-09T14:30:00Z,https://www.twitch.tv/kuriowokuri,
8f12066334ed4c4dae19ca1152781e59,upcoming,我想突發打APEX 開台機率50%,2023-08-09T15:30:00Z,https://www.twitch.tv/hinamorirabi,
819cc1636ec94c0ab290b4513c6d629d,upcoming,Art with Miki,2023-08-09T20:00:00Z,https://www.twitch.tv/mikiaoboshi,
33546b9ad5a8408589405f9467063dd7,upcoming,耍費台,2023-08-10T01:30:00Z,https://www.twitch.tv/boni_0x0,
428251b7832a48219276fb6e5f644e86,upcoming,看我能打龍到多久(順便拜託你們多留言),2023-08-10T02:00:00Z,https://www.twitch.tv/karami086,
c248ccba18664207aff22e8c270b18b9,upcoming,7/5 聊天+歌回,2023-08-10T02:00:00Z,https://www.twitch.tv/chu00213,
2bd52c3a964541febb42782fd1f9fdba,upcoming,FPS喵 (ﾉ◕ヮ◕)ﾉ*:･ﾟ✧,2023-08-10T04:00:00Z,https://www.twitch.tv/jojo51113,
7180d8a493134a9c932fe790eb17f2e9,upcoming,出沒可能時間：繪圖雜談,2023-08-10T05:00:00Z,https://www.twitch.tv/shinkaitoro,
547aa467c2ce497e9d95c4a085effe0d,upcoming,會開,2023-08-10T05:00:00Z,https://www.twitch.tv/umimiowo,
3dda133703f64b019d7eea0c5cb55335,upcoming,,2023-08-10T05:30:00Z,https://www.twitch.tv/miamya0615,
803435ca691f43a4b02360926fee23d1,upcoming,,2023-08-10T06:00:00Z,https://www.twitch.tv/yukou_ouo,
5f9ded46df28474bbd1470d761700f30,upcoming,美妙的舞蹈大會 / Dance with Sakura!,2023-08-10T10:00:00Z,https://www.twitch.tv/fuyukisakura,
3c5b24ec5e7e4451a917bb1683298c05,upcoming,【遊戲】哥布林努力向學中 ( ☉_☉)≡☞o────★°【羽宮奈奈】,2023-08-10T10:00:00Z,https://www.twitch.tv/hakunana1203,
36f4fa8dbd7740c3ae5ac02b890fa502,upcoming,Vtuber養成計畫：人生放送中,2023-08-10T11:00:00Z,https://www.twitch.tv/dr1090a,
de81b740d66c439685aa37491d27efc4,upcoming,固定直播日,2023-08-10T11:30:00Z,https://www.twitch.tv/lmpaper,
d8b5835bc6aa46119cc7ddd4447e780f,upcoming,這是魔法師 ˗ˋˏ 咘小星 ˎˊ˗ 使用召喚術的固定時段⎝༼ ◕Д ◕ ༽⎠（如有變動以DC群為主）,2023-08-10T11:30:00Z,https://www.twitch.tv/ssstar_180,
d8b0b4e36c614d328620461a295572a1,upcoming,,2023-08-10T11:30:00Z,https://www.twitch.tv/jumpshi,
0c09a69445864b44adbba11b487f9b1a,upcoming,做連動封面圖！努力開台衝門檻！,2023-08-10T11:30:00Z,https://www.twitch.tv/amane_tainan,
090be1be8d29429183e190e22fc4be22,upcoming,試試看這ㄍ功能【Ness9s奈斯糖】,2023-08-10T12:00:00Z,https://www.twitch.tv/ness9s1222,
a83b6d485350402b90238deb371ae654,upcoming,雜談,2023-08-10T12:00:00Z,https://www.twitch.tv/monna_nana,
6159040406fc4e6cb73dbf9734717703,upcoming,,2023-08-10T12:00:00Z,https://www.twitch.tv/drizzlingnight,
aef2ed42d49343f28394b6335695b5ac,upcoming,,2023-08-10T12:00:00Z,https://www.twitch.tv/yuncream,
8b810380ed254a5e8a85b65552ba4e61,upcoming,七兔餵食秀,2023-08-10T12:00:00Z,https://www.twitch.tv/nayomi0204,
1618171723d84cbe8b57cd69fa6f477f,upcoming,,2023-08-10T12:00:00Z,https://www.twitch.tv/rin_en_kana,
a7bb915cc1a0474080d7dbf6d245daf4,upcoming,日常幹话台 【CN/EN】,2023-08-10T12:00:00Z,https://www.twitch.tv/tatsuya_rei,
554ca19c3d924cacac1f680675b9fdd2,upcoming,原神日常任務及聊天,2023-08-10T12:30:00Z,https://www.twitch.tv/yueyuhoshizora,
4af53c3526f7435a8aac99f42dccb392,upcoming,固定開台,2023-08-10T13:00:00Z,https://www.twitch.tv/milo_lonewolf,
f88d85aeb79a429e9751db330f469df1,upcoming,鹿言鹿語,2023-08-10T13:00:00Z,https://www.twitch.tv/lunaluna2021,
048b1a247cbb4eaa985d7311dc651945,upcoming,【雜談】人生鬼故事聊天台,2023-08-10T13:00:00Z,https://www.twitch.tv/yiyue_maple,
f44835c18dac441f910f4eb821ffd7ce,upcoming,只要得空就會開 時間還是比較不一定~,2023-08-10T13:00:00Z,https://www.twitch.tv/yukkiwee,
58e377df63f745fc8473368b20afe2ae,upcoming,遊戲或其他直播（連動取代可能）,2023-08-10T13:30:00Z,https://www.twitch.tv/yuutatsubasa,
eadf377f5cbd41ac9842c3f5559268f6,upcoming,,2023-08-10T13:30:00Z,https://www.twitch.tv/om_mosquito,
2e454f2b51c649cfa913dac2ebd9e470,upcoming,三排上分,2023-08-10T14:00:00Z,https://www.twitch.tv/klnpurple,
025ce8dccaa4466c80061aa308c378c3,upcoming,#晚安新聞台 #晚安故事 ｜ 現在是什麼世道呢？我所見所聞與自身體認到的內容，希望能在更新這個世界的新知同時也跟各位談談對於這些事情的看法。,2023-08-10T15:00:00Z,https://www.twitch.tv/shima_takasato,
db2f279f9960492082f3ae6ad20aca91,upcoming,【CODE VEIN】,2023-08-10T16:30:00Z,https://www.twitch.tv/suzumiya_siru,
d407b30c72a841bd82af1f5cc8ec0667,upcoming,主委泡茶間 邀請不同類型的來賓來對談，主題依當周來賓性質而定,2023-08-11T01:00:00Z,https://www.twitch.tv/chiveswang_llt5,
33546b9ad5a8408589405f9467063dd7,upcoming,快樂台,2023-08-11T01:30:00Z,https://www.twitch.tv/boni_0x0,
2bd52c3a964541febb42782fd1f9fdba,upcoming,FPS喵 (ﾉ◕ヮ◕)ﾉ*:･ﾟ✧,2023-08-11T04:00:00Z,https://www.twitch.tv/jojo51113,
c29bc8bf78dd417980491f19333c8fa2,upcoming,工作雜談,2023-08-11T04:00:00Z,https://www.twitch.tv/muling0606,
7180d8a493134a9c932fe790eb17f2e9,upcoming,出沒可能時間：繪圖雜談,2023-08-11T05:00:00Z,https://www.twitch.tv/shinkaitoro,
547aa467c2ce497e9d95c4a085effe0d,upcoming,會開,2023-08-11T05:00:00Z,https://www.twitch.tv/umimiowo,
9e6e69bfb48e4be0a8eecc737a6a0ba1,upcoming,週五下午可能唱唱,2023-08-11T05:00:00Z,https://www.twitch.tv/aster_ur,
50ec735272014b1b996ee80a8df4671a,upcoming,"Some games, i dunno yet!",2023-08-11T05:00:00Z,https://www.twitch.tv/azuusaru,
3dda133703f64b019d7eea0c5cb55335,upcoming,,2023-08-11T05:30:00Z,https://www.twitch.tv/miamya0615,
803435ca691f43a4b02360926fee23d1,upcoming,,2023-08-11T06:00:00Z,https://www.twitch.tv/yukou_ouo,
db2f279f9960492082f3ae6ad20aca91,upcoming,【Tom Clancy's Rainbow Six: Siege】,2023-08-11T08:30:00Z,https://www.twitch.tv/suzumiya_siru,
fcb4d9b8cd4a49dba6b421d97c179065,upcoming,練槍啦~!(*‘ v`*),2023-08-11T09:30:00Z,https://www.twitch.tv/mayasuzume,
3c5b24ec5e7e4451a917bb1683298c05,upcoming,【遊戲】貪還要更貪！！潛水給魚追啦🐟【羽宮奈奈】| Dave The Diver 潛水員戴夫,2023-08-11T10:00:00Z,https://www.twitch.tv/hakunana1203,
36f4fa8dbd7740c3ae5ac02b890fa502,upcoming,Vtuber養成計畫：人生放送中,2023-08-11T11:00:00Z,https://www.twitch.tv/dr1090a,
526dd51b5abf4fdcaede0cfe80096186,upcoming," 隨機突發雜談遊戲台",2023-08-11T11:30:00Z,https://www.twitch.tv/koooorikuma,
d8b5835bc6aa46119cc7ddd4447e780f,upcoming,這是魔法師 ˗ˋˏ 咘小星 ˎˊ˗ 使用召喚術的固定時段⎝༼ ◕Д ◕ ༽⎠（如有變動以DC群為主）,2023-08-11T11:30:00Z,https://www.twitch.tv/ssstar_180,
4efffd7632e94c9faad30a543c3e1150,upcoming,,2023-08-11T11:30:00Z,https://www.twitch.tv/aveza_manon,
de81b740d66c439685aa37491d27efc4,upcoming,觀眾同樂會,2023-08-11T12:00:00Z,https://www.twitch.tv/lmpaper,
6d76e6b27f164061a216ec2831bd8dd3,upcoming,日常塔！,2023-08-11T12:00:00Z,https://www.twitch.tv/eihraz,
a83b6d485350402b90238deb371ae654,upcoming,巧克團,2023-08-11T12:00:00Z,https://www.twitch.tv/monna_nana,
091ac99f10804fe3b417a0f285731b4e,upcoming,咪米黑白講,2023-08-11T12:00:00Z,https://www.twitch.tv/umamixchami,
6159040406fc4e6cb73dbf9734717703,upcoming,,2023-08-11T12:00:00Z,https://www.twitch.tv/drizzlingnight,
aef2ed42d49343f28394b6335695b5ac,upcoming,,2023-08-11T12:00:00Z,https://www.twitch.tv/yuncream,
8b810380ed254a5e8a85b65552ba4e61,upcoming,七兔肚子咕咕叫,2023-08-11T12:00:00Z,https://www.twitch.tv/nayomi0204,
6bf231719d5e485fa0cdee99905858d4,upcoming,雜談或是治癒小遊戲,2023-08-11T12:00:00Z,https://www.twitch.tv/xiaoke0109,
31a4ca5b5d554c13902eff32302e5eb9,upcoming,,2023-08-11T12:00:00Z,https://www.twitch.tv/chiyouboss,
a7bb915cc1a0474080d7dbf6d245daf4,upcoming,日常幹话台 【CN/EN】,2023-08-11T12:00:00Z,https://www.twitch.tv/tatsuya_rei,
554ca19c3d924cacac1f680675b9fdd2,upcoming,原神日常任務及聊天,2023-08-11T12:30:00Z,https://www.twitch.tv/yueyuhoshizora,
4af53c3526f7435a8aac99f42dccb392,upcoming,固定開台,2023-08-11T13:00:00Z,https://www.twitch.tv/milo_lonewolf,
f88d85aeb79a429e9751db330f469df1,upcoming,DBD殺鹿日,2023-08-11T13:00:00Z,https://www.twitch.tv/lunaluna2021,
f44835c18dac441f910f4eb821ffd7ce,upcoming,只要得空就會開 時間還是比較不一定~,2023-08-11T13:00:00Z,https://www.twitch.tv/yukkiwee,
eadf377f5cbd41ac9842c3f5559268f6,upcoming,,2023-08-11T13:30:00Z,https://www.twitch.tv/om_mosquito,
2e454f2b51c649cfa913dac2ebd9e470,upcoming,單排/三排上分,2023-08-11T14:00:00Z,https://www.twitch.tv/klnpurple,
c248ccba18664207aff22e8c270b18b9,upcoming,7/6~麻將大師水友賽!,2023-08-11T14:00:00Z,https://www.twitch.tv/chu00213,
2af6cb0e15ce4839ba711b47608d4f4d,upcoming,【Art】畫畫,2023-08-11T14:00:00Z,https://www.twitch.tv/moyu_moyu,
ce408f8b30704b42a7492f0e40684317,upcoming,小屋生活,2023-08-11T14:30:00Z,https://www.twitch.tv/kuriowokuri,
1618171723d84cbe8b57cd69fa6f477f,upcoming,,2023-08-11T15:00:00Z,https://www.twitch.tv/rin_en_kana,
abda6c94394b47ba885c34417e3a4d08,upcoming,【🔴Live】雑談 ! 正太貓貓的伴眠時間 ! / 伊沢悠人,2023-08-11T15:00:00Z,https://www.twitch.tv/izawayuuto0726,
b96f58f4373a4b65977afe5f2829e9e4,upcoming,プロセカ,2023-08-11T15:00:00Z,https://www.twitch.tv/cieloneve_,
f6a4e7aa8d0c4e5cb39d199845ec4d02,upcoming,APEX特化,2023-08-11T17:00:00Z,https://www.twitch.tv/vtuber_amiru,
9e6e69bfb48e4be0a8eecc737a6a0ba1,upcoming,週六半夜也可能唱唱,2023-08-11T17:00:00Z,https://www.twitch.tv/aster_ur,
819cc1636ec94c0ab290b4513c6d629d,upcoming,MHR with Miki,2023-08-11T20:00:00Z,https://www.twitch.tv/mikiaoboshi,
c29bc8bf78dd417980491f19333c8fa2,upcoming,工作雜談,2023-08-12T04:00:00Z,https://www.twitch.tv/muling0606,
cef544ae38ec4c03ad337e68e2d885f4,upcoming,Apex or osu chat,2023-08-12T04:00:00Z,https://www.twitch.tv/ilzenkion1,
526dd51b5abf4fdcaede0cfe80096186,upcoming,固定雜談Osu練習台,2023-08-12T04:30:00Z,https://www.twitch.tv/koooorikuma,
31a4ca5b5d554c13902eff32302e5eb9,upcoming,,2023-08-12T05:00:00Z,https://www.twitch.tv/chiyouboss,
3dda133703f64b019d7eea0c5cb55335,upcoming,,2023-08-12T05:30:00Z,https://www.twitch.tv/miamya0615,
6159040406fc4e6cb73dbf9734717703,upcoming,,2023-08-12T06:00:00Z,https://www.twitch.tv/drizzlingnight,
5f9ded46df28474bbd1470d761700f30,upcoming,[Not stream] Join us on VRChat!,2023-08-12T07:00:00Z,https://www.twitch.tv/fuyukisakura,
33546b9ad5a8408589405f9467063dd7,upcoming,歌回台,2023-08-12T07:00:00Z,https://www.twitch.tv/boni_0x0,
15ee6c1788974e31aefed5cc023781af,upcoming,交通雜談-開始駕駛之後續,2023-08-12T08:30:00Z,https://www.twitch.tv/yunasaki_vtuber,
3c5b24ec5e7e4451a917bb1683298c05,upcoming,【遊戲】哥布林學魔法✡️ 心情好就打LOL！【羽宮奈奈】,2023-08-12T10:00:00Z,https://www.twitch.tv/hakunana1203,
de81b740d66c439685aa37491d27efc4,upcoming,固定直播日,2023-08-12T12:00:00Z,https://www.twitch.tv/lmpaper,
a83b6d485350402b90238deb371ae654,upcoming,星露谷,2023-08-12T12:00:00Z,https://www.twitch.tv/monna_nana,
aef2ed42d49343f28394b6335695b5ac,upcoming,,2023-08-12T12:00:00Z,https://www.twitch.tv/yuncream,
8b810380ed254a5e8a85b65552ba4e61,upcoming,飢餓七兔,2023-08-12T12:00:00Z,https://www.twitch.tv/nayomi0204,
6bf231719d5e485fa0cdee99905858d4,upcoming,雜談或小遊戲，偶爾會開ASMR,2023-08-12T12:00:00Z,https://www.twitch.tv/xiaoke0109,
a7bb915cc1a0474080d7dbf6d245daf4,upcoming,日常幹话台 【CN/EN】,2023-08-12T12:00:00Z,https://www.twitch.tv/tatsuya_rei,
5535c9524eb046c38e172ebfa06b302f,upcoming,,2023-08-12T13:00:00Z,https://www.twitch.tv/ruroroisme,
4af53c3526f7435a8aac99f42dccb392,upcoming,固定開台,2023-08-12T13:00:00Z,https://www.twitch.tv/milo_lonewolf,
9643c650b1804107b85de1f08010aa9d,upcoming,日本麻將 雀魂 一番街 努力段位中,2023-08-12T13:00:00Z,https://www.twitch.tv/otonashikoi,
f44835c18dac441f910f4eb821ffd7ce,upcoming,只要得空就會開 時間還是比較不一定~,2023-08-12T13:00:00Z,https://www.twitch.tv/yukkiwee,
58e377df63f745fc8473368b20afe2ae,upcoming,雜談或歌回直播（連動取代可能）,2023-08-12T13:30:00Z,https://www.twitch.tv/yuutatsubasa,
f88d85aeb79a429e9751db330f469df1,upcoming,鹿言鹿語,2023-08-12T13:30:00Z,https://www.twitch.tv/lunaluna2021,
1618171723d84cbe8b57cd69fa6f477f,upcoming,,2023-08-12T13:30:00Z,https://www.twitch.tv/rin_en_kana,
eadf377f5cbd41ac9842c3f5559268f6,upcoming,,2023-08-12T13:30:00Z,https://www.twitch.tv/om_mosquito,
2e454f2b51c649cfa913dac2ebd9e470,upcoming,練英和單排上分,2023-08-12T14:00:00Z,https://www.twitch.tv/klnpurple,
c248ccba18664207aff22e8c270b18b9,upcoming,7/7~LOL水友賽~,2023-08-12T14:00:00Z,https://www.twitch.tv/chu00213,
ce408f8b30704b42a7492f0e40684317,upcoming,小屋生活,2023-08-12T14:30:00Z,https://www.twitch.tv/kuriowokuri,
b96f58f4373a4b65977afe5f2829e9e4,upcoming,,2023-08-12T15:00:00Z,https://www.twitch.tv/cieloneve_,
025ce8dccaa4466c80061aa308c378c3,upcoming,【#我親愛的妻子 #遊戲台 】揭開魅魔小鎮的陰謀? 對於已逝者的留念是愛的表現嗎? 復活妻子是真愛的表現? #遊戲直播 #台V #隆理在玩,2023-08-12T15:45:00Z,https://www.twitch.tv/shima_takasato,
34973abcef4e41b29add2b476ce0a7fb,upcoming,"今日感謝瑾瑜邀請到幼幼相見歡進行雜談,對於自己休息一個月後歸來看到自己的情況...,只能說百感交集",2023-08-12T16:00:00Z,https://www.twitch.tv/sweetcat_10450077,
819cc1636ec94c0ab290b4513c6d629d,upcoming,Healthy Miki,2023-08-12T19:00:00Z,https://www.twitch.tv/mikiaoboshi,
2450f1c7cf8f46c8aa30afaa922c9642,upcoming,最近都是突發,2023-08-12T21:25:00Z,https://www.twitch.tv/setsurei0227,
2af6cb0e15ce4839ba711b47608d4f4d,upcoming,,2023-08-13T01:00:00Z,https://www.twitch.tv/moyu_moyu,
526dd51b5abf4fdcaede0cfe80096186,upcoming,固定雜談遊戲台,2023-08-13T06:30:00Z,https://www.twitch.tv/koooorikuma,
5535c9524eb046c38e172ebfa06b302f,upcoming,,2023-08-13T11:00:00Z,https://www.twitch.tv/ruroroisme,
a83b6d485350402b90238deb371ae654,upcoming,骰子地下城,2023-08-13T11:00:00Z,https://www.twitch.tv/monna_nana,
49393dd4bc284768852b0d4f9bba2ec8,upcoming,【AmongUS】首次登船能不被爆打嗎！？#珍奶茗璐ft.豪多人,2023-08-13T12:00:00Z,https://www.twitch.tv/tapiokalop,
6d76e6b27f164061a216ec2831bd8dd3,upcoming,週日Rimworld時間!,2023-08-13T12:00:00Z,https://www.twitch.tv/eihraz,
6bf231719d5e485fa0cdee99905858d4,upcoming,雜談或小遊戲，偶爾會開ASMR,2023-08-13T12:00:00Z,https://www.twitch.tv/xiaoke0109,
7de64f4deb0946baa8d6b0da69699194,upcoming,繪圖台！繪製中獎觀眾的插圖！,2023-08-13T12:00:00Z,https://www.twitch.tv/jellyfishanang,
a7bb915cc1a0474080d7dbf6d245daf4,upcoming,日常幹话台 【CN/EN】,2023-08-13T12:00:00Z,https://www.twitch.tv/tatsuya_rei,
57843e9c870647729c2438a7a7077008,upcoming,集合吧～歌回的時間到了哦～,2023-08-13T12:00:00Z,https://www.twitch.tv/ainohikaru,
a0467c81a3014fbf83029acffe5b1d3f,upcoming,每週例行麻將大會！歡迎觀眾參加,2023-08-13T12:30:00Z,https://www.twitch.tv/najathepangolin,
ce408f8b30704b42a7492f0e40684317,upcoming,小屋生活,2023-08-13T12:30:00Z,https://www.twitch.tv/kuriowokuri,
9643c650b1804107b85de1f08010aa9d,upcoming,日本麻將 雀魂 一番街 努力段位中,2023-08-13T13:00:00Z,https://www.twitch.tv/otonashikoi,
1618171723d84cbe8b57cd69fa6f477f,upcoming,,2023-08-13T13:30:00Z,https://www.twitch.tv/rin_en_kana,
c248ccba18664207aff22e8c270b18b9,upcoming,7/8~APEX直播,2023-08-13T14:00:00Z,https://www.twitch.tv/chu00213,
823311ac8226476e8d1e323f536bf8b1,upcoming,下午14:00~17:30在主委的V曲龍虎榜 深夜雜談做週表~~,2023-08-13T17:30:00Z,https://www.twitch.tv/kujosenko,
819cc1636ec94c0ab290b4513c6d629d,upcoming,Game time,2023-08-13T19:00:00Z,https://www.twitch.tv/mikiaoboshi,
33546b9ad5a8408589405f9467063dd7,upcoming,APEX台,2023-08-14T01:30:00Z,https://www.twitch.tv/boni_0x0,
2bd52c3a964541febb42782fd1f9fdba,upcoming,FPS喵 (ﾉ◕ヮ◕)ﾉ*:･ﾟ✧,2023-08-14T04:00:00Z,https://www.twitch.tv/jojo51113,
7180d8a493134a9c932fe790eb17f2e9,upcoming,出沒可能時間：繪圖雜談,2023-08-14T05:00:00Z,https://www.twitch.tv/shinkaitoro,
547aa467c2ce497e9d95c4a085effe0d,upcoming,會開,2023-08-14T05:00:00Z,https://www.twitch.tv/umimiowo,
50ec735272014b1b996ee80a8df4671a,upcoming,"Some games, I dunno yet!",2023-08-14T05:00:00Z,https://www.twitch.tv/azuusaru,
3dda133703f64b019d7eea0c5cb55335,upcoming,,2023-08-14T05:30:00Z,https://www.twitch.tv/miamya0615,
803435ca691f43a4b02360926fee23d1,upcoming,,2023-08-14T06:00:00Z,https://www.twitch.tv/yukou_ouo,
5f9ded46df28474bbd1470d761700f30,upcoming,一周開始的運動 / Boot up the week with Exercise 😈,2023-08-14T10:00:00Z,https://www.twitch.tv/fuyukisakura,
091ac99f10804fe3b417a0f285731b4e,upcoming,瑪搽瘋遊戲-在YT喔,2023-08-14T11:00:00Z,https://www.twitch.tv/umamixchami,
de81b740d66c439685aa37491d27efc4,upcoming,固定直播日,2023-08-14T11:30:00Z,https://www.twitch.tv/lmpaper,
526dd51b5abf4fdcaede0cfe80096186,upcoming,隨機突發雜談遊戲台,2023-08-14T11:30:00Z,https://www.twitch.tv/koooorikuma,
d8b5835bc6aa46119cc7ddd4447e780f,upcoming,這是魔法師 ˗ˋˏ 咘小星 ˎˊ˗ 使用召喚術的固定時段⎝༼ ◕Д ◕ ༽⎠（如有變動以DC群為主）,2023-08-14T11:30:00Z,https://www.twitch.tv/ssstar_180,
a89f7ee46cc14dff93675ce5bb82a692,upcoming,藍色星期一有藍色小妖精✨,2023-08-14T11:30:00Z,https://www.twitch.tv/eveliacridland,
8b810380ed254a5e8a85b65552ba4e61,upcoming,該餵七兔了,2023-08-14T12:00:00Z,https://www.twitch.tv/nayomi0204,
31a4ca5b5d554c13902eff32302e5eb9,upcoming,,2023-08-14T12:00:00Z,https://www.twitch.tv/chiyouboss,
57843e9c870647729c2438a7a7077008,upcoming,集合吧～歌回的時間到了哦～,2023-08-14T12:00:00Z,https://www.twitch.tv/ainohikaru,
554ca19c3d924cacac1f680675b9fdd2,upcoming,原神日常任務及聊天,2023-08-14T12:30:00Z,https://www.twitch.tv/yueyuhoshizora,
04ed1803aaf0436eb41687f22e28ad20,upcoming,可能出沒時間,2023-08-14T12:30:00Z,https://www.twitch.tv/billy10002,
4af53c3526f7435a8aac99f42dccb392,upcoming,固定開台,2023-08-14T13:00:00Z,https://www.twitch.tv/milo_lonewolf,
58e377df63f745fc8473368b20afe2ae,upcoming,遊戲直播,2023-08-14T13:30:00Z,https://www.twitch.tv/yuutatsubasa,
5b85294949544a5f8855715acadf66a5,upcoming,✦ ✧ ✦週一讀書夜，島嶼擱淺：黑日雨✦ ✧ ✦,2023-08-14T14:30:00Z,https://www.twitch.tv/cesium_cat,
819cc1636ec94c0ab290b4513c6d629d,upcoming,Gamer Miki,2023-08-14T20:00:00Z,https://www.twitch.tv/mikiaoboshi,
50ec735272014b1b996ee80a8df4671a,upcoming,"Some games, I dunno yet!",2023-08-15T00:00:00Z,https://www.twitch.tv/azuusaru,
d407b30c72a841bd82af1f5cc8ec0667,upcoming,台V好聲音 - 介紹你可能不知道的台灣 VTuber 們，從美妙歌聲到獨特個性，不知道從何˙看起的最佳入門選擇,2023-08-15T01:00:00Z,https://www.twitch.tv/chiveswang_llt5,
428251b7832a48219276fb6e5f644e86,upcoming,當個不老不新的獵人(順便拜託你們多留言),2023-08-15T02:00:00Z,https://www.twitch.tv/karami086,
2bd52c3a964541febb42782fd1f9fdba,upcoming,FPS喵 (ﾉ◕ヮ◕)ﾉ*:･ﾟ✧,2023-08-15T04:00:00Z,https://www.twitch.tv/jojo51113,
7180d8a493134a9c932fe790eb17f2e9,upcoming,出沒可能時間：繪圖雜談,2023-08-15T05:00:00Z,https://www.twitch.tv/shinkaitoro,
547aa467c2ce497e9d95c4a085effe0d,upcoming,會開,2023-08-15T05:00:00Z,https://www.twitch.tv/umimiowo,
3dda133703f64b019d7eea0c5cb55335,upcoming,,2023-08-15T05:30:00Z,https://www.twitch.tv/miamya0615,
803435ca691f43a4b02360926fee23d1,upcoming,,2023-08-15T06:00:00Z,https://www.twitch.tv/yukou_ouo,
d8b5835bc6aa46119cc7ddd4447e780f,upcoming,這是魔法師 ˗ˋˏ 咘小星 ˎˊ˗ 使用召喚術的固定時段⎝༼ ◕Д ◕ ༽⎠（如有變動以DC群為主）,2023-08-15T11:30:00Z,https://www.twitch.tv/ssstar_180,
e41bf48a09d64e4aa3d96064a9a63b08,upcoming,【魔物獵人:崛起】魔物獵人PC打起來٩(◦`꒳´◦)۶自由參加場,2023-08-15T12:00:00Z,https://www.twitch.tv/azuchiron,
9272afe9ef72434082d9b5621857afd0,upcoming,【懷舊系列遊戲】失戀換男友＝結婚？貓姬若的最後時光 | 新式PK陪聊型Vtuber遊戲直播,2023-08-15T12:30:00Z,https://www.twitch.tv/gilma04,
4c34c44a98974b709f7dbc7618847fd6,upcoming,嘎嘎嘎,2023-08-15T13:00:00Z,https://www.twitch.tv/5l5l3,
58e377df63f745fc8473368b20afe2ae,upcoming,程式直播（連動取代可能）,2023-08-15T13:30:00Z,https://www.twitch.tv/yuutatsubasa,
2af6cb0e15ce4839ba711b47608d4f4d,upcoming,【Art】畫畫,2023-08-15T14:00:00Z,https://www.twitch.tv/moyu_moyu,
ce408f8b30704b42a7492f0e40684317,upcoming,小屋生活,2023-08-15T14:30:00Z,https://www.twitch.tv/kuriowokuri,
025ce8dccaa4466c80061aa308c378c3,upcoming,#晚安新聞台 #晚安故事 ｜ 現在是什麼世道呢？我所見所聞與自身體認到的內容，希望能在更新這個世界的新知同時也跟各位談談對於這些事情的看法。,2023-08-15T15:00:00Z,https://www.twitch.tv/shima_takasato,
2bd52c3a964541febb42782fd1f9fdba,upcoming,FPS喵 (ﾉ◕ヮ◕)ﾉ*:･ﾟ✧,2023-08-16T04:00:00Z,https://www.twitch.tv/jojo51113,
7a9b7ab0d5bd411195d77800ff778a90,upcoming,沒有固定時間,2023-08-16T04:00:00Z,https://www.twitch.tv/1128wedge,
7180d8a493134a9c932fe790eb17f2e9,upcoming,出沒可能時間：繪圖雜談,2023-08-16T05:00:00Z,https://www.twitch.tv/shinkaitoro,
547aa467c2ce497e9d95c4a085effe0d,upcoming,會開,2023-08-16T05:00:00Z,https://www.twitch.tv/umimiowo,
428251b7832a48219276fb6e5f644e86,upcoming,打龍啦(順便拜託你們多留言),2023-08-16T06:00:00Z,https://www.twitch.tv/karami086,
803435ca691f43a4b02360926fee23d1,upcoming,,2023-08-16T06:00:00Z,https://www.twitch.tv/yukou_ouo,
8b732f3260e0427f9cf795b93ada310a,upcoming,【萊莎的鍊金工房 ～常闇女王與秘密藏身處～】大腿我來了#2 ✦ 普拉祈娜・vtuber,2023-08-16T10:00:00Z,https://www.twitch.tv/platinach,
091ac99f10804fe3b417a0f285731b4e,upcoming,烏瑪咪x搽米無限系-在YT喔,2023-08-16T11:00:00Z,https://www.twitch.tv/umamixchami,
526dd51b5abf4fdcaede0cfe80096186,upcoming,隨機突發雜談遊戲台,2023-08-16T11:30:00Z,https://www.twitch.tv/koooorikuma,
d8b5835bc6aa46119cc7ddd4447e780f,upcoming,這是魔法師 ˗ˋˏ 咘小星 ˎˊ˗ 使用召喚術的固定時段⎝༼ ◕Д ◕ ༽⎠（如有變動以DC群為主）,2023-08-16T11:30:00Z,https://www.twitch.tv/ssstar_180,
228427b15b964f1396b5a7b5eb224a21,upcoming,Asteria配音時間，一起來聽劇本、閒聊吧！,2023-08-16T12:00:00Z,https://www.twitch.tv/asterialive0503,
444dcf020b27400087d2b2b21135033c,upcoming,林間盃日麻,2023-08-16T12:00:00Z,https://www.twitch.tv/v_hanasakiayame,
554ca19c3d924cacac1f680675b9fdd2,upcoming,原神日常任務及聊天,2023-08-16T12:30:00Z,https://www.twitch.tv/yueyuhoshizora,
f88d85aeb79a429e9751db330f469df1,upcoming,鹿言鹿語,2023-08-16T13:00:00Z,https://www.twitch.tv/lunaluna2021,
ce408f8b30704b42a7492f0e40684317,upcoming,小屋生活,2023-08-16T14:30:00Z,https://www.twitch.tv/kuriowokuri,
8f12066334ed4c4dae19ca1152781e59,upcoming,我想突發打APEX 開台機率50%,2023-08-16T15:30:00Z,https://www.twitch.tv/hinamorirabi,
819cc1636ec94c0ab290b4513c6d629d,upcoming,Art with Miki,2023-08-16T20:00:00Z,https://www.twitch.tv/mikiaoboshi,
428251b7832a48219276fb6e5f644e86,upcoming,看我能打龍到多久(順便拜託你們多留言),2023-08-17T02:00:00Z,https://www.twitch.tv/karami086,
5f9ded46df28474bbd1470d761700f30,upcoming,美妙的舞蹈大會 / Dance with Sakura!,2023-08-17T10:00:00Z,https://www.twitch.tv/fuyukisakura,
d8b0b4e36c614d328620461a295572a1,upcoming,,2023-08-17T11:30:00Z,https://www.twitch.tv/jumpshi,
0c09a69445864b44adbba11b487f9b1a,upcoming,做連動封面圖！努力開台衝門檻！,2023-08-17T11:30:00Z,https://www.twitch.tv/amane_tainan,
090be1be8d29429183e190e22fc4be22,upcoming,試試看這ㄍ功能【Ness9s奈斯糖】,2023-08-17T12:00:00Z,https://www.twitch.tv/ness9s1222,
554ca19c3d924cacac1f680675b9fdd2,upcoming,原神日常任務及聊天,2023-08-17T12:30:00Z,https://www.twitch.tv/yueyuhoshizora,
f88d85aeb79a429e9751db330f469df1,upcoming,鹿言鹿語,2023-08-17T13:00:00Z,https://www.twitch.tv/lunaluna2021,
048b1a247cbb4eaa985d7311dc651945,upcoming,【雜談】人生鬼故事聊天台,2023-08-17T13:00:00Z,https://www.twitch.tv/yiyue_maple,
58e377df63f745fc8473368b20afe2ae,upcoming,遊戲或其他直播（連動取代可能）,2023-08-17T13:30:00Z,https://www.twitch.tv/yuutatsubasa,
025ce8dccaa4466c80061aa308c378c3,upcoming,#晚安新聞台 #晚安故事 ｜ 現在是什麼世道呢？我所見所聞與自身體認到的內容，希望能在更新這個世界的新知同時也跟各位談談對於這些事情的看法。,2023-08-17T15:00:00Z,https://www.twitch.tv/shima_takasato,
d407b30c72a841bd82af1f5cc8ec0667,upcoming,主委泡茶間 邀請不同類型的來賓來對談，主題依當周來賓性質而定,2023-08-18T01:00:00Z,https://www.twitch.tv/chiveswang_llt5,
c29bc8bf78dd417980491f19333c8fa2,upcoming,工作雜談,2023-08-18T04:00:00Z,https://www.twitch.tv/muling0606,
9e6e69bfb48e4be0a8eecc737a6a0ba1,upcoming,週五下午可能唱唱,2023-08-18T05:00:00Z,https://www.twitch.tv/aster_ur,
50ec735272014b1b996ee80a8df4671a,upcoming,"Some games, i dunno yet!",2023-08-18T05:00:00Z,https://www.twitch.tv/azuusaru,
fcb4d9b8cd4a49dba6b421d97c179065,upcoming,練槍啦~!(*‘ v`*),2023-08-18T09:30:00Z,https://www.twitch.tv/mayasuzume,
4efffd7632e94c9faad30a543c3e1150,upcoming,,2023-08-18T11:30:00Z,https://www.twitch.tv/aveza_manon,
6d76e6b27f164061a216ec2831bd8dd3,upcoming,日常塔！,2023-08-18T12:00:00Z,https://www.twitch.tv/eihraz,
091ac99f10804fe3b417a0f285731b4e,upcoming,咪米黑白講,2023-08-18T12:00:00Z,https://www.twitch.tv/umamixchami,
6bf231719d5e485fa0cdee99905858d4,upcoming,雜談或是治癒小遊戲,2023-08-18T12:00:00Z,https://www.twitch.tv/xiaoke0109,
31a4ca5b5d554c13902eff32302e5eb9,upcoming,,2023-08-18T12:00:00Z,https://www.twitch.tv/chiyouboss,
554ca19c3d924cacac1f680675b9fdd2,upcoming,原神日常任務及聊天,2023-08-18T12:30:00Z,https://www.twitch.tv/yueyuhoshizora,
f88d85aeb79a429e9751db330f469df1,upcoming,DBD殺鹿日,2023-08-18T13:00:00Z,https://www.twitch.tv/lunaluna2021,
2af6cb0e15ce4839ba711b47608d4f4d,upcoming,【Art】畫畫,2023-08-18T14:00:00Z,https://www.twitch.tv/moyu_moyu,
abda6c94394b47ba885c34417e3a4d08,upcoming,【🔴Live】雑談 ! 正太貓貓的伴眠時間 ! / 伊沢悠人,2023-08-18T15:00:00Z,https://www.twitch.tv/izawayuuto0726,
b96f58f4373a4b65977afe5f2829e9e4,upcoming,プロセカ,2023-08-18T15:00:00Z,https://www.twitch.tv/cieloneve_,
f6a4e7aa8d0c4e5cb39d199845ec4d02,upcoming,APEX特化,2023-08-18T17:00:00Z,https://www.twitch.tv/vtuber_amiru,
9e6e69bfb48e4be0a8eecc737a6a0ba1,upcoming,週六半夜也可能唱唱,2023-08-18T17:00:00Z,https://www.twitch.tv/aster_ur,
c29bc8bf78dd417980491f19333c8fa2,upcoming,工作雜談,2023-08-19T04:00:00Z,https://www.twitch.tv/muling0606,
cef544ae38ec4c03ad337e68e2d885f4,upcoming,Apex or osu chat,2023-08-19T04:00:00Z,https://www.twitch.tv/ilzenkion1,
31a4ca5b5d554c13902eff32302e5eb9,upcoming,,2023-08-19T05:00:00Z,https://www.twitch.tv/chiyouboss,
5f9ded46df28474bbd1470d761700f30,upcoming,[Not stream] Join us on VRChat!,2023-08-19T07:00:00Z,https://www.twitch.tv/fuyukisakura,
15ee6c1788974e31aefed5cc023781af,upcoming,日麻-觀眾場,2023-08-19T08:30:00Z,https://www.twitch.tv/yunasaki_vtuber,
6bf231719d5e485fa0cdee99905858d4,upcoming,雜談或小遊戲，偶爾會開ASMR,2023-08-19T12:00:00Z,https://www.twitch.tv/xiaoke0109,
5535c9524eb046c38e172ebfa06b302f,upcoming,,2023-08-19T13:00:00Z,https://www.twitch.tv/ruroroisme,
9643c650b1804107b85de1f08010aa9d,upcoming,日本麻將 雀魂 一番街 努力段位中,2023-08-19T13:00:00Z,https://www.twitch.tv/otonashikoi,
58e377df63f745fc8473368b20afe2ae,upcoming,雜談或歌回直播（連動取代可能）,2023-08-19T13:30:00Z,https://www.twitch.tv/yuutatsubasa,
b96f58f4373a4b65977afe5f2829e9e4,upcoming,,2023-08-19T15:00:00Z,https://www.twitch.tv/cieloneve_,
025ce8dccaa4466c80061aa308c378c3,upcoming,【#我親愛的妻子 #遊戲台 】揭開魅魔小鎮的陰謀? 對於已逝者的留念是愛的表現嗎? 復活妻子是真愛的表現? #遊戲直播 #台V #隆理在玩,2023-08-19T15:45:00Z,https://www.twitch.tv/shima_takasato,
34973abcef4e41b29add2b476ce0a7fb,upcoming,"今日感謝瑾瑜邀請到幼幼相見歡進行雜談,對於自己休息一個月後歸來看到自己的情況...,只能說百感交集",2023-08-19T16:00:00Z,https://www.twitch.tv/sweetcat_10450077,
2450f1c7cf8f46c8aa30afaa922c9642,upcoming,最近都是突發,2023-08-19T21:25:00Z,https://www.twitch.tv/setsurei0227,
2af6cb0e15ce4839ba711b47608d4f4d,upcoming,,2023-08-20T01:00:00Z,https://www.twitch.tv/moyu_moyu,
5535c9524eb046c38e172ebfa06b302f,upcoming,,2023-08-20T11:00:00Z,https://www.twitch.tv/ruroroisme,
49393dd4bc284768852b0d4f9bba2ec8,upcoming,【AmongUS】首次登船能不被爆打嗎！？#珍奶茗璐ft.豪多人,2023-08-20T12:00:00Z,https://www.twitch.tv/tapiokalop,
6d76e6b27f164061a216ec2831bd8dd3,upcoming,週日Rimworld時間!,2023-08-20T12:00:00Z,https://www.twitch.tv/eihraz,
6bf231719d5e485fa0cdee99905858d4,upcoming,雜談或小遊戲，偶爾會開ASMR,2023-08-20T12:00:00Z,https://www.twitch.tv/xiaoke0109,
7de64f4deb0946baa8d6b0da69699194,upcoming,繪圖台！繪製中獎觀眾的插圖！,2023-08-20T12:00:00Z,https://www.twitch.tv/jellyfishanang,
57843e9c870647729c2438a7a7077008,upcoming,集合吧～歌回的時間到了哦～,2023-08-20T12:00:00Z,https://www.twitch.tv/ainohikaru,
a0467c81a3014fbf83029acffe5b1d3f,upcoming,每週例行麻將大會！歡迎觀眾參加,2023-08-20T12:30:00Z,https://www.twitch.tv/najathepangolin,
9643c650b1804107b85de1f08010aa9d,upcoming,日本麻將 雀魂 一番街 努力段位中,2023-08-20T13:00:00Z,https://www.twitch.tv/otonashikoi,
823311ac8226476e8d1e323f536bf8b1,upcoming,下午14:00~17:30在主委的V曲龍虎榜 深夜雜談做週表~~,2023-08-20T17:30:00Z,https://www.twitch.tv/kujosenko,
50ec735272014b1b996ee80a8df4671a,upcoming,"Some games, I dunno yet!",2023-08-21T05:00:00Z,https://www.twitch.tv/azuusaru,
5f9ded46df28474bbd1470d761700f30,upcoming,一周開始的運動 / Boot up the week with Exercise 😈,2023-08-21T10:00:00Z,https://www.twitch.tv/fuyukisakura,
091ac99f10804fe3b417a0f285731b4e,upcoming,瑪搽瘋遊戲-在YT喔,2023-08-21T11:00:00Z,https://www.twitch.tv/umamixchami,
a89f7ee46cc14dff93675ce5bb82a692,upcoming,藍色星期一有藍色小妖精✨,2023-08-21T11:30:00Z,https://www.twitch.tv/eveliacridland,
31a4ca5b5d554c13902eff32302e5eb9,upcoming,,2023-08-21T12:00:00Z,https://www.twitch.tv/chiyouboss,
57843e9c870647729c2438a7a7077008,upcoming,集合吧～歌回的時間到了哦～,2023-08-21T12:00:00Z,https://www.twitch.tv/ainohikaru,
04ed1803aaf0436eb41687f22e28ad20,upcoming,可能出沒時間,2023-08-21T12:30:00Z,https://www.twitch.tv/billy10002,
5b85294949544a5f8855715acadf66a5,upcoming,✦ ✧ ✦週一讀書夜，島嶼擱淺：黑日雨✦ ✧ ✦,2023-08-21T14:30:00Z,https://www.twitch.tv/cesium_cat,
50ec735272014b1b996ee80a8df4671a,upcoming,"Some games, I dunno yet!",2023-08-22T00:00:00Z,https://www.twitch.tv/azuusaru,
d407b30c72a841bd82af1f5cc8ec0667,upcoming,台V好聲音 - 介紹你可能不知道的台灣 VTuber 們，從美妙歌聲到獨特個性，不知道從何˙看起的最佳入門選擇,2023-08-22T01:00:00Z,https://www.twitch.tv/chiveswang_llt5,
428251b7832a48219276fb6e5f644e86,upcoming,當個不老不新的獵人(順便拜託你們多留言),2023-08-22T02:00:00Z,https://www.twitch.tv/karami086,
e41bf48a09d64e4aa3d96064a9a63b08,upcoming,【魔物獵人:崛起】魔物獵人PC打起來٩(◦`꒳´◦)۶自由參加場,2023-08-22T12:00:00Z,https://www.twitch.tv/azuchiron,
9272afe9ef72434082d9b5621857afd0,upcoming,【懷舊系列遊戲】失戀換男友＝結婚？貓姬若的最後時光 | 新式PK陪聊型Vtuber遊戲直播,2023-08-22T12:30:00Z,https://www.twitch.tv/gilma04,
4c34c44a98974b709f7dbc7618847fd6,upcoming,嘎嘎嘎,2023-08-22T13:00:00Z,https://www.twitch.tv/5l5l3,
2af6cb0e15ce4839ba711b47608d4f4d,upcoming,【Art】畫畫,2023-08-22T14:00:00Z,https://www.twitch.tv/moyu_moyu,
025ce8dccaa4466c80061aa308c378c3,upcoming,#晚安新聞台 #晚安故事 ｜ 現在是什麼世道呢？我所見所聞與自身體認到的內容，希望能在更新這個世界的新知同時也跟各位談談對於這些事情的看法。,2023-08-22T15:00:00Z,https://www.twitch.tv/shima_takasato,
7a9b7ab0d5bd411195d77800ff778a90,upcoming,沒有固定時間,2023-08-23T04:00:00Z,https://www.twitch.tv/1128wedge,
428251b7832a48219276fb6e5f644e86,upcoming,打龍啦(順便拜託你們多留言),2023-08-23T06:00:00Z,https://www.twitch.tv/karami086,
8b732f3260e0427f9cf795b93ada310a,upcoming,【萊莎的鍊金工房 ～常闇女王與秘密藏身處～】大腿我來了#2 ✦ 普拉祈娜・vtuber,2023-08-23T10:00:00Z,https://www.twitch.tv/platinach,
091ac99f10804fe3b417a0f285731b4e,upcoming,烏瑪咪x搽米無限系-在YT喔,2023-08-23T11:00:00Z,https://www.twitch.tv/umamixchami,
228427b15b964f1396b5a7b5eb224a21,upcoming,Asteria配音時間，一起來聽劇本、閒聊吧！,2023-08-23T12:00:00Z,https://www.twitch.tv/asterialive0503,
444dcf020b27400087d2b2b21135033c,upcoming,林間盃日麻,2023-08-23T12:00:00Z,https://www.twitch.tv/v_hanasakiayame,
8f12066334ed4c4dae19ca1152781e59,upcoming,我想突發打APEX 開台機率50%,2023-08-23T15:30:00Z,https://www.twitch.tv/hinamorirabi,
428251b7832a48219276fb6e5f644e86,upcoming,看我能打龍到多久(順便拜託你們多留言),2023-08-24T02:00:00Z,https://www.twitch.tv/karami086,
5f9ded46df28474bbd1470d761700f30,upcoming,美妙的舞蹈大會 / Dance with Sakura!,2023-08-24T10:00:00Z,https://www.twitch.tv/fuyukisakura,
d8b0b4e36c614d328620461a295572a1,upcoming,,2023-08-24T11:30:00Z,https://www.twitch.tv/jumpshi,
0c09a69445864b44adbba11b487f9b1a,upcoming,做連動封面圖！努力開台衝門檻！,2023-08-24T11:30:00Z,https://www.twitch.tv/amane_tainan,
090be1be8d29429183e190e22fc4be22,upcoming,試試看這ㄍ功能【Ness9s奈斯糖】,2023-08-24T12:00:00Z,https://www.twitch.tv/ness9s1222,
048b1a247cbb4eaa985d7311dc651945,upcoming,【雜談】人生鬼故事聊天台,2023-08-24T13:00:00Z,https://www.twitch.tv/yiyue_maple,
025ce8dccaa4466c80061aa308c378c3,upcoming,#晚安新聞台 #晚安故事 ｜ 現在是什麼世道呢？我所見所聞與自身體認到的內容，希望能在更新這個世界的新知同時也跟各位談談對於這些事情的看法。,2023-08-24T15:00:00Z,https://www.twitch.tv/shima_takasato,
d407b30c72a841bd82af1f5cc8ec0667,upcoming,主委泡茶間 邀請不同類型的來賓來對談，主題依當周來賓性質而定,2023-08-25T01:00:00Z,https://www.twitch.tv/chiveswang_llt5,
c29bc8bf78dd417980491f19333c8fa2,upcoming,工作雜談,2023-08-25T04:00:00Z,https://www.twitch.tv/muling0606,
9e6e69bfb48e4be0a8eecc737a6a0ba1,upcoming,週五下午可能唱唱,2023-08-25T05:00:00Z,https://www.twitch.tv/aster_ur,
50ec735272014b1b996ee80a8df4671a,upcoming,"Some games, i dunno yet!",2023-08-25T05:00:00Z,https://www.twitch.tv/azuusaru,
fcb4d9b8cd4a49dba6b421d97c179065,upcoming,練槍啦~!(*‘ v`*),2023-08-25T09:30:00Z,https://www.twitch.tv/mayasuzume,
4efffd7632e94c9faad30a543c3e1150,upcoming,,2023-08-25T11:30:00Z,https://www.twitch.tv/aveza_manon,
6d76e6b27f164061a216ec2831bd8dd3,upcoming,日常塔！,2023-08-25T12:00:00Z,https://www.twitch.tv/eihraz,
091ac99f10804fe3b417a0f285731b4e,upcoming,咪米黑白講,2023-08-25T12:00:00Z,https://www.twitch.tv/umamixchami,
6bf231719d5e485fa0cdee99905858d4,upcoming,雜談或是治癒小遊戲,2023-08-25T12:00:00Z,https://www.twitch.tv/xiaoke0109,
31a4ca5b5d554c13902eff32302e5eb9,upcoming,,2023-08-25T12:00:00Z,https://www.twitch.tv/chiyouboss,
2af6cb0e15ce4839ba711b47608d4f4d,upcoming,【Art】畫畫,2023-08-25T14:00:00Z,https://www.twitch.tv/moyu_moyu,
abda6c94394b47ba885c34417e3a4d08,upcoming,【🔴Live】雑談 ! 正太貓貓的伴眠時間 ! / 伊沢悠人,2023-08-25T15:00:00Z,https://www.twitch.tv/izawayuuto0726,
b96f58f4373a4b65977afe5f2829e9e4,upcoming,プロセカ,2023-08-25T15:00:00Z,https://www.twitch.tv/cieloneve_,
f6a4e7aa8d0c4e5cb39d199845ec4d02,upcoming,APEX特化,2023-08-25T17:00:00Z,https://www.twitch.tv/vtuber_amiru,
9e6e69bfb48e4be0a8eecc737a6a0ba1,upcoming,週六半夜也可能唱唱,2023-08-25T17:00:00Z,https://www.twitch.tv/aster_ur,
c29bc8bf78dd417980491f19333c8fa2,upcoming,工作雜談,2023-08-26T04:00:00Z,https://www.twitch.tv/muling0606,
cef544ae38ec4c03ad337e68e2d885f4,upcoming,Apex or osu chat,2023-08-26T04:00:00Z,https://www.twitch.tv/ilzenkion1,
15ee6c1788974e31aefed5cc023781af,upcoming,交通雜談-防護與法令,2023-08-26T08:30:00Z,https://www.twitch.tv/yunasaki_vtuber,
5535c9524eb046c38e172ebfa06b302f,upcoming,,2023-08-26T13:00:00Z,https://www.twitch.tv/ruroroisme,
9643c650b1804107b85de1f08010aa9d,upcoming,日本麻將 雀魂 一番街 努力段位中,2023-08-26T13:00:00Z,https://www.twitch.tv/otonashikoi,
b96f58f4373a4b65977afe5f2829e9e4,upcoming,,2023-08-26T15:00:00Z,https://www.twitch.tv/cieloneve_,
34973abcef4e41b29add2b476ce0a7fb,upcoming,"今日感謝瑾瑜邀請到幼幼相見歡進行雜談,對於自己休息一個月後歸來看到自己的情況...,只能說百感交集",2023-08-26T16:00:00Z,https://www.twitch.tv/sweetcat_10450077,
2450f1c7cf8f46c8aa30afaa922c9642,upcoming,最近都是突發,2023-08-26T21:25:00Z,https://www.twitch.tv/setsurei0227,
5535c9524eb046c38e172ebfa06b302f,upcoming,,2023-08-27T11:00:00Z,https://www.twitch.tv/ruroroisme,
49393dd4bc284768852b0d4f9bba2ec8,upcoming,【AmongUS】首次登船能不被爆打嗎！？#珍奶茗璐ft.豪多人,2023-08-27T12:00:00Z,https://www.twitch.tv/tapiokalop,
6d76e6b27f164061a216ec2831bd8dd3,upcoming,週日Rimworld時間!,2023-08-27T12:00:00Z,https://www.twitch.tv/eihraz,
7de64f4deb0946baa8d6b0da69699194,upcoming,繪圖台！繪製中獎觀眾的插圖！,2023-08-27T12:00:00Z,https://www.twitch.tv/jellyfishanang,
57843e9c870647729c2438a7a7077008,upcoming,集合吧～歌回的時間到了哦～,2023-08-27T12:00:00Z,https://www.twitch.tv/ainohikaru,
a0467c81a3014fbf83029acffe5b1d3f,upcoming,每週例行麻將大會！歡迎觀眾參加,2023-08-27T12:30:00Z,https://www.twitch.tv/najathepangolin,
9643c650b1804107b85de1f08010aa9d,upcoming,日本麻將 雀魂 一番街 努力段位中,2023-08-27T13:00:00Z,https://www.twitch.tv/otonashikoi,
823311ac8226476e8d1e323f536bf8b1,upcoming,下午14:00~17:30在主委的V曲龍虎榜 深夜雜談做週表~~,2023-08-27T17:30:00Z,https://www.twitch.tv/kujosenko,
a89f7ee46cc14dff93675ce5bb82a692,upcoming,藍色星期一有藍色小妖精✨,2023-08-28T11:30:00Z,https://www.twitch.tv/eveliacridland,
57843e9c870647729c2438a7a7077008,upcoming,集合吧～歌回的時間到了哦～,2023-08-28T12:00:00Z,https://www.twitch.tv/ainohikaru,
04ed1803aaf0436eb41687f22e28ad20,upcoming,可能出沒時間,2023-08-28T12:30:00Z,https://www.twitch.tv/billy10002,
5b85294949544a5f8855715acadf66a5,upcoming,✦ ✧ ✦週一讀書夜，島嶼擱淺：黑日雨✦ ✧ ✦,2023-08-28T14:30:00Z,https://www.twitch.tv/cesium_cat,
d407b30c72a841bd82af1f5cc8ec0667,upcoming,台V好聲音 - 介紹你可能不知道的台灣 VTuber 們，從美妙歌聲到獨特個性，不知道從何˙看起的最佳入門選擇,2023-08-29T01:00:00Z,https://www.twitch.tv/chiveswang_llt5,
e41bf48a09d64e4aa3d96064a9a63b08,upcoming,【魔物獵人:崛起】魔物獵人PC打起來٩(◦`꒳´◦)۶自由參加場,2023-08-29T12:00:00Z,https://www.twitch.tv/azuchiron,
9272afe9ef72434082d9b5621857afd0,upcoming,【懷舊系列遊戲】失戀換男友＝結婚？貓姬若的最後時光 | 新式PK陪聊型Vtuber遊戲直播,2023-08-29T12:30:00Z,https://www.twitch.tv/gilma04,
4c34c44a98974b709f7dbc7618847fd6,upcoming,嘎嘎嘎,2023-08-29T13:00:00Z,https://www.twitch.tv/5l5l3,
7a9b7ab0d5bd411195d77800ff778a90,upcoming,沒有固定時間,2023-08-30T04:00:00Z,https://www.twitch.tv/1128wedge,
8b732f3260e0427f9cf795b93ada310a,upcoming,【萊莎的鍊金工房 ～常闇女王與秘密藏身處～】大腿我來了#2 ✦ 普拉祈娜・vtuber,2023-08-30T10:00:00Z,https://www.twitch.tv/platinach,
228427b15b964f1396b5a7b5eb224a21,upcoming,Asteria配音時間，一起來聽劇本、閒聊吧！,2023-08-30T12:00:00Z,https://www.twitch.tv/asterialive0503,
444dcf020b27400087d2b2b21135033c,upcoming,林間盃日麻,2023-08-30T12:00:00Z,https://www.twitch.tv/v_hanasakiayame,
8f12066334ed4c4dae19ca1152781e59,upcoming,我想突發打APEX 開台機率50%,2023-08-30T15:30:00Z,https://www.twitch.tv/hinamorirabi,
d8b0b4e36c614d328620461a295572a1,upcoming,,2023-08-31T11:30:00Z,https://www.twitch.tv/jumpshi,
0c09a69445864b44adbba11b487f9b1a,upcoming,做連動封面圖！努力開台衝門檻！,2023-08-31T11:30:00Z,https://www.twitch.tv/amane_tainan,
090be1be8d29429183e190e22fc4be22,upcoming,試試看這ㄍ功能【Ness9s奈斯糖】,2023-08-31T12:00:00Z,https://www.twitch.tv/ness9s1222,
048b1a247cbb4eaa985d7311dc651945,upcoming,【雜談】人生鬼故事聊天台,2023-08-31T13:00:00Z,https://www.twitch.tv/yiyue_maple,
d407b30c72a841bd82af1f5cc8ec0667,upcoming,主委泡茶間 邀請不同類型的來賓來對談，主題依當周來賓性質而定,2023-09-01T01:00:00Z,https://www.twitch.tv/chiveswang_llt5,
c29bc8bf78dd417980491f19333c8fa2,upcoming,工作雜談,2023-09-01T04:00:00Z,https://www.twitch.tv/muling0606,
9e6e69bfb48e4be0a8eecc737a6a0ba1,upcoming,週五下午可能唱唱,2023-09-01T05:00:00Z,https://www.twitch.tv/aster_ur,
fcb4d9b8cd4a49dba6b421d97c179065,upcoming,練槍啦~!(*‘ v`*),2023-09-01T09:30:00Z,https://www.twitch.tv/mayasuzume,
4efffd7632e94c9faad30a543c3e1150,upcoming,,2023-09-01T11:30:00Z,https://www.twitch.tv/aveza_manon,
6d76e6b27f164061a216ec2831bd8dd3,upcoming,日常塔！,2023-09-01T12:00:00Z,https://www.twitch.tv/eihraz,
abda6c94394b47ba885c34417e3a4d08,upcoming,【🔴Live】雑談 ! 正太貓貓的伴眠時間 ! / 伊沢悠人,2023-09-01T15:00:00Z,https://www.twitch.tv/izawayuuto0726,
b96f58f4373a4b65977afe5f2829e9e4,upcoming,プロセカ,2023-09-01T15:00:00Z,https://www.twitch.tv/cieloneve_,
f6a4e7aa8d0c4e5cb39d199845ec4d02,upcoming,APEX特化,2023-09-01T17:00:00Z,https://www.twitch.tv/vtuber_amiru,
9e6e69bfb48e4be0a8eecc737a6a0ba1,upcoming,週六半夜也可能唱唱,2023-09-01T17:00:00Z,https://www.twitch.tv/aster_ur,
c29bc8bf78dd417980491f19333c8fa2,upcoming,工作雜談,2023-09-02T04:00:00Z,https://www.twitch.tv/muling0606,
cef544ae38ec4c03ad337e68e2d885f4,upcoming,Apex or osu chat,2023-09-02T04:00:00Z,https://www.twitch.tv/ilzenkion1,
5535c9524eb046c38e172ebfa06b302f,upcoming,,2023-09-02T13:00:00Z,https://www.twitch.tv/ruroroisme,
9643c650b1804107b85de1f08010aa9d,upcoming,日本麻將 雀魂 一番街 努力段位中,2023-09-02T13:00:00Z,https://www.twitch.tv/otonashikoi,
b96f58f4373a4b65977afe5f2829e9e4,upcoming,,2023-09-02T15:00:00Z,https://www.twitch.tv/cieloneve_,
34973abcef4e41b29add2b476ce0a7fb,upcoming,"今日感謝瑾瑜邀請到幼幼相見歡進行雜談,對於自己休息一個月後歸來看到自己的情況...,只能說百感交集",2023-09-02T16:00:00Z,https://www.twitch.tv/sweetcat_10450077,
2450f1c7cf8f46c8aa30afaa922c9642,upcoming,最近都是突發,2023-09-02T21:25:00Z,https://www.twitch.tv/setsurei0227,
5535c9524eb046c38e172ebfa06b302f,upcoming,,2023-09-03T11:00:00Z,https://www.twitch.tv/ruroroisme,
49393dd4bc284768852b0d4f9bba2ec8,upcoming,【AmongUS】首次登船能不被爆打嗎！？#珍奶茗璐ft.豪多人,2023-09-03T12:00:00Z,https://www.twitch.tv/tapiokalop,
7de64f4deb0946baa8d6b0da69699194,upcoming,繪圖台！繪製中獎觀眾的插圖！,2023-09-03T12:00:00Z,https://www.twitch.tv/jellyfishanang,
57843e9c870647729c2438a7a7077008,upcoming,集合吧～歌回的時間到了哦～,2023-09-03T12:00:00Z,https://www.twitch.tv/ainohikaru,
a0467c81a3014fbf83029acffe5b1d3f,upcoming,每週例行麻將大會！歡迎觀眾參加,2023-09-03T12:30:00Z,https://www.twitch.tv/najathepangolin,
9643c650b1804107b85de1f08010aa9d,upcoming,日本麻將 雀魂 一番街 努力段位中,2023-09-03T13:00:00Z,https://www.twitch.tv/otonashikoi,
823311ac8226476e8d1e323f536bf8b1,upcoming,下午14:00~17:30在主委的V曲龍虎榜 深夜雜談做週表~~,2023-09-03T17:30:00Z,https://www.twitch.tv/kujosenko,
a89f7ee46cc14dff93675ce5bb82a692,upcoming,藍色星期一有藍色小妖精✨,2023-09-04T11:30:00Z,https://www.twitch.tv/eveliacridland,
57843e9c870647729c2438a7a7077008,upcoming,集合吧～歌回的時間到了哦～,2023-09-04T12:00:00Z,https://www.twitch.tv/ainohikaru,
04ed1803aaf0436eb41687f22e28ad20,upcoming,可能出沒時間,2023-09-04T12:30:00Z,https://www.twitch.tv/billy10002,
5b85294949544a5f8855715acadf66a5,upcoming,✦ ✧ ✦週一讀書夜，島嶼擱淺：黑日雨✦ ✧ ✦,2023-09-04T14:30:00Z,https://www.twitch.tv/cesium_cat,
d407b30c72a841bd82af1f5cc8ec0667,upcoming,台V好聲音 - 介紹你可能不知道的台灣 VTuber 們，從美妙歌聲到獨特個性，不知道從何˙看起的最佳入門選擇,2023-09-05T01:00:00Z,https://www.twitch.tv/chiveswang_llt5,
e41bf48a09d64e4aa3d96064a9a63b08,upcoming,【魔物獵人:崛起】魔物獵人PC打起來٩(◦`꒳´◦)۶自由參加場,2023-09-05T12:00:00Z,https://www.twitch.tv/azuchiron,
9272afe9ef72434082d9b5621857afd0,upcoming,【懷舊系列遊戲】失戀換男友＝結婚？貓姬若的最後時光 | 新式PK陪聊型Vtuber遊戲直播,2023-09-05T12:30:00Z,https://www.twitch.tv/gilma04,
4c34c44a98974b709f7dbc7618847fd6,upcoming,嘎嘎嘎,2023-09-05T13:00:00Z,https://www.twitch.tv/5l5l3,
7a9b7ab0d5bd411195d77800ff778a90,upcoming,沒有固定時間,2023-09-06T04:00:00Z,https://www.twitch.tv/1128wedge,
8b732f3260e0427f9cf795b93ada310a,upcoming,【萊莎的鍊金工房 ～常闇女王與秘密藏身處～】大腿我來了#2 ✦ 普拉祈娜・vtuber,2023-09-06T10:00:00Z,https://www.twitch.tv/platinach,
228427b15b964f1396b5a7b5eb224a21,upcoming,Asteria配音時間，一起來聽劇本、閒聊吧！,2023-09-06T12:00:00Z,https://www.twitch.tv/asterialive0503,
444dcf020b27400087d2b2b21135033c,upcoming,林間盃日麻,2023-09-06T12:00:00Z,https://www.twitch.tv/v_hanasakiayame,
8f12066334ed4c4dae19ca1152781e59,upcoming,我想突發打APEX 開台機率50%,2023-09-06T15:30:00Z,https://www.twitch.tv/hinamorirabi,
d8b0b4e36c614d328620461a295572a1,upcoming,,2023-09-07T11:30:00Z,https://www.twitch.tv/jumpshi,
0c09a69445864b44adbba11b487f9b1a,upcoming,做連動封面圖！努力開台衝門檻！,2023-09-07T11:30:00Z,https://www.twitch.tv/amane_tainan,
090be1be8d29429183e190e22fc4be22,upcoming,試試看這ㄍ功能【Ness9s奈斯糖】,2023-09-07T12:00:00Z,https://www.twitch.tv/ness9s1222,
048b1a247cbb4eaa985d7311dc651945,upcoming,【雜談】人生鬼故事聊天台,2023-09-07T13:00:00Z,https://www.twitch.tv/yiyue_maple,
fcb4d9b8cd4a49dba6b421d97c179065,upcoming,練槍啦~!(*‘ v`*),2023-09-08T09:30:00Z,https://www.twitch.tv/mayasuzume,
4efffd7632e94c9faad30a543c3e1150,upcoming,,2023-09-08T11:30:00Z,https://www.twitch.tv/aveza_manon,
abda6c94394b47ba885c34417e3a4d08,upcoming,【🔴Live】雑談 ! 正太貓貓的伴眠時間 ! / 伊沢悠人,2023-09-08T15:00:00Z,https://www.twitch.tv/izawayuuto0726,
f6a4e7aa8d0c4e5cb39d199845ec4d02,upcoming,APEX特化,2023-09-08T17:00:00Z,https://www.twitch.tv/vtuber_amiru,
cef544ae38ec4c03ad337e68e2d885f4,upcoming,Apex or osu chat,2023-09-09T04:00:00Z,https://www.twitch.tv/ilzenkion1,
34973abcef4e41b29add2b476ce0a7fb,upcoming,"今日感謝瑾瑜邀請到幼幼相見歡進行雜談,對於自己休息一個月後歸來看到自己的情況...,只能說百感交集",2023-09-09T16:00:00Z,https://www.twitch.tv/sweetcat_10450077,
2450f1c7cf8f46c8aa30afaa922c9642,upcoming,最近都是突發,2023-09-09T21:25:00Z,https://www.twitch.tv/setsurei0227,
49393dd4bc284768852b0d4f9bba2ec8,upcoming,【AmongUS】首次登船能不被爆打嗎！？#珍奶茗璐ft.豪多人,2023-09-10T12:00:00Z,https://www.twitch.tv/tapiokalop,
7de64f4deb0946baa8d6b0da69699194,upcoming,繪圖台！繪製中獎觀眾的插圖！,2023-09-10T12:00:00Z,https://www.twitch.tv/jellyfishanang,
a0467c81a3014fbf83029acffe5b1d3f,upcoming,每週例行麻將大會！歡迎觀眾參加,2023-09-10T12:30:00Z,https://www.twitch.tv/najathepangolin,
823311ac8226476e8d1e323f536bf8b1,upcoming,下午14:00~17:30在主委的V曲龍虎榜 深夜雜談做週表~~,2023-09-10T17:30:00Z,https://www.twitch.tv/kujosenko,
a89f7ee46cc14dff93675ce5bb82a692,upcoming,藍色星期一有藍色小妖精✨,2023-09-11T11:30:00Z,https://www.twitch.tv/eveliacridland,
04ed1803aaf0436eb41687f22e28ad20,upcoming,可能出沒時間,2023-09-11T12:30:00Z,https://www.twitch.tv/billy10002,
5b85294949544a5f8855715acadf66a5,upcoming,✦ ✧ ✦週一讀書夜，島嶼擱淺：黑日雨✦ ✧ ✦,2023-09-11T14:30:00Z,https://www.twitch.tv/cesium_cat,
e41bf48a09d64e4aa3d96064a9a63b08,upcoming,【魔物獵人:崛起】魔物獵人PC打起來٩(◦`꒳´◦)۶自由參加場,2023-09-12T12:00:00Z,https://www.twitch.tv/azuchiron,
9272afe9ef72434082d9b5621857afd0,upcoming,【懷舊系列遊戲】失戀換男友＝結婚？貓姬若的最後時光 | 新式PK陪聊型Vtuber遊戲直播,2023-09-12T12:30:00Z,https://www.twitch.tv/gilma04,
4c34c44a98974b709f7dbc7618847fd6,upcoming,嘎嘎嘎,2023-09-12T13:00:00Z,https://www.twitch.tv/5l5l3,
7a9b7ab0d5bd411195d77800ff778a90,upcoming,沒有固定時間,2023-09-13T04:00:00Z,https://www.twitch.tv/1128wedge,
8b732f3260e0427f9cf795b93ada310a,upcoming,【萊莎的鍊金工房 ～常闇女王與秘密藏身處～】大腿我來了#2 ✦ 普拉祈娜・vtuber,2023-09-13T10:00:00Z,https://www.twitch.tv/platinach,
228427b15b964f1396b5a7b5eb224a21,upcoming,Asteria配音時間，一起來聽劇本、閒聊吧！,2023-09-13T12:00:00Z,https://www.twitch.tv/asterialive0503,
444dcf020b27400087d2b2b21135033c,upcoming,林間盃日麻,2023-09-13T12:00:00Z,https://www.twitch.tv/v_hanasakiayame,
8f12066334ed4c4dae19ca1152781e59,upcoming,我想突發打APEX 開台機率50%,2023-09-13T15:30:00Z,https://www.twitch.tv/hinamorirabi,
d8b0b4e36c614d328620461a295572a1,upcoming,,2023-09-14T11:30:00Z,https://www.twitch.tv/jumpshi,
0c09a69445864b44adbba11b487f9b1a,upcoming,做連動封面圖！努力開台衝門檻！,2023-09-14T11:30:00Z,https://www.twitch.tv/amane_tainan,
090be1be8d29429183e190e22fc4be22,upcoming,試試看這ㄍ功能【Ness9s奈斯糖】,2023-09-14T12:00:00Z,https://www.twitch.tv/ness9s1222,
048b1a247cbb4eaa985d7311dc651945,upcoming,【雜談】人生鬼故事聊天台,2023-09-14T13:00:00Z,https://www.twitch.tv/yiyue_maple,
fcb4d9b8cd4a49dba6b421d97c179065,upcoming,練槍啦~!(*‘ v`*),2023-09-15T09:30:00Z,https://www.twitch.tv/mayasuzume,
4efffd7632e94c9faad30a543c3e1150,upcoming,,2023-09-15T11:30:00Z,https://www.twitch.tv/aveza_manon,
abda6c94394b47ba885c34417e3a4d08,upcoming,【🔴Live】雑談 ! 正太貓貓的伴眠時間 ! / 伊沢悠人,2023-09-15T15:00:00Z,https://www.twitch.tv/izawayuuto0726,
f6a4e7aa8d0c4e5cb39d199845ec4d02,upcoming,APEX特化,2023-09-15T17:00:00Z,https://www.twitch.tv/vtuber_amiru,
cef544ae38ec4c03ad337e68e2d885f4,upcoming,Apex or osu chat,2023-09-16T04:00:00Z,https://www.twitch.tv/ilzenkion1,
34973abcef4e41b29add2b476ce0a7fb,upcoming,"今日感謝瑾瑜邀請到幼幼相見歡進行雜談,對於自己休息一個月後歸來看到自己的情況...,只能說百感交集",2023-09-16T16:00:00Z,https://www.twitch.tv/sweetcat_10450077,
2450f1c7cf8f46c8aa30afaa922c9642,upcoming,最近都是突發,2023-09-16T21:25:00Z,https://www.twitch.tv/setsurei0227,
49393dd4bc284768852b0d4f9bba2ec8,upcoming,【AmongUS】首次登船能不被爆打嗎！？#珍奶茗璐ft.豪多人,2023-09-17T12:00:00Z,https://www.twitch.tv/tapiokalop,
7de64f4deb0946baa8d6b0da69699194,upcoming,繪圖台！繪製中獎觀眾的插圖！,2023-09-17T12:00:00Z,https://www.twitch.tv/jellyfishanang,
a0467c81a3014fbf83029acffe5b1d3f,upcoming,每週例行麻將大會！歡迎觀眾參加,2023-09-17T12:30:00Z,https://www.twitch.tv/najathepangolin,
823311ac8226476e8d1e323f536bf8b1,upcoming,下午14:00~17:30在主委的V曲龍虎榜 深夜雜談做週表~~,2023-09-17T17:30:00Z,https://www.twitch.tv/kujosenko,
a89f7ee46cc14dff93675ce5bb82a692,upcoming,藍色星期一有藍色小妖精✨,2023-09-18T11:30:00Z,https://www.twitch.tv/eveliacridland,
04ed1803aaf0436eb41687f22e28ad20,upcoming,可能出沒時間,2023-09-18T12:30:00Z,https://www.twitch.tv/billy10002,
5b85294949544a5f8855715acadf66a5,upcoming,✦ ✧ ✦週一讀書夜，島嶼擱淺：黑日雨✦ ✧ ✦,2023-09-18T14:30:00Z,https://www.twitch.tv/cesium_cat,
e41bf48a09d64e4aa3d96064a9a63b08,upcoming,【魔物獵人:崛起】魔物獵人PC打起來٩(◦`꒳´◦)۶自由參加場,2023-09-19T12:00:00Z,https://www.twitch.tv/azuchiron,
9272afe9ef72434082d9b5621857afd0,upcoming,【懷舊系列遊戲】失戀換男友＝結婚？貓姬若的最後時光 | 新式PK陪聊型Vtuber遊戲直播,2023-09-19T12:30:00Z,https://www.twitch.tv/gilma04,
4c34c44a98974b709f7dbc7618847fd6,upcoming,嘎嘎嘎,2023-09-19T13:00:00Z,https://www.twitch.tv/5l5l3,
7a9b7ab0d5bd411195d77800ff778a90,upcoming,沒有固定時間,2023-09-20T04:00:00Z,https://www.twitch.tv/1128wedge,
8b732f3260e0427f9cf795b93ada310a,upcoming,【萊莎的鍊金工房 ～常闇女王與秘密藏身處～】大腿我來了#2 ✦ 普拉祈娜・vtuber,2023-09-20T10:00:00Z,https://www.twitch.tv/platinach,
228427b15b964f1396b5a7b5eb224a21,upcoming,Asteria配音時間，一起來聽劇本、閒聊吧！,2023-09-20T12:00:00Z,https://www.twitch.tv/asterialive0503,
444dcf020b27400087d2b2b21135033c,upcoming,林間盃日麻,2023-09-20T12:00:00Z,https://www.twitch.tv/v_hanasakiayame,
8f12066334ed4c4dae19ca1152781e59,upcoming,我想突發打APEX 開台機率50%,2023-09-20T15:30:00Z,https://www.twitch.tv/hinamorirabi,
d8b0b4e36c614d328620461a295572a1,upcoming,,2023-09-21T11:30:00Z,https://www.twitch.tv/jumpshi,
0c09a69445864b44adbba11b487f9b1a,upcoming,做連動封面圖！努力開台衝門檻！,2023-09-21T11:30:00Z,https://www.twitch.tv/amane_tainan,
090be1be8d29429183e190e22fc4be22,upcoming,試試看這ㄍ功能【Ness9s奈斯糖】,2023-09-21T12:00:00Z,https://www.twitch.tv/ness9s1222,
048b1a247cbb4eaa985d7311dc651945,upcoming,【雜談】人生鬼故事聊天台,2023-09-21T13:00:00Z,https://www.twitch.tv/yiyue_maple,
fcb4d9b8cd4a49dba6b421d97c179065,upcoming,練槍啦~!(*‘ v`*),2023-09-22T09:30:00Z,https://www.twitch.tv/mayasuzume,
4efffd7632e94c9faad30a543c3e1150,upcoming,,2023-09-22T11:30:00Z,https://www.twitch.tv/aveza_manon,
abda6c94394b47ba885c34417e3a4d08,upcoming,【🔴Live】雑談 ! 正太貓貓的伴眠時間 ! / 伊沢悠人,2023-09-22T15:00:00Z,https://www.twitch.tv/izawayuuto0726,
f6a4e7aa8d0c4e5cb39d199845ec4d02,upcoming,APEX特化,2023-09-22T17:00:00Z,https://www.twitch.tv/vtuber_amiru,
cef544ae38ec4c03ad337e68e2d885f4,upcoming,Apex or osu chat,2023-09-23T04:00:00Z,https://www.twitch.tv/ilzenkion1,
34973abcef4e41b29add2b476ce0a7fb,upcoming,"今日感謝瑾瑜邀請到幼幼相見歡進行雜談,對於自己休息一個月後歸來看到自己的情況...,只能說百感交集",2023-09-23T16:00:00Z,https://www.twitch.tv/sweetcat_10450077,
2450f1c7cf8f46c8aa30afaa922c9642,upcoming,最近都是突發,2023-09-23T21:25:00Z,https://www.twitch.tv/setsurei0227,
49393dd4bc284768852b0d4f9bba2ec8,upcoming,【AmongUS】首次登船能不被爆打嗎！？#珍奶茗璐ft.豪多人,2023-09-24T12:00:00Z,https://www.twitch.tv/tapiokalop,
7de64f4deb0946baa8d6b0da69699194,upcoming,繪圖台！繪製中獎觀眾的插圖！,2023-09-24T12:00:00Z,https://www.twitch.tv/jellyfishanang,
a0467c81a3014fbf83029acffe5b1d3f,upcoming,每週例行麻將大會！歡迎觀眾參加,2023-09-24T12:30:00Z,https://www.twitch.tv/najathepangolin,
823311ac8226476e8d1e323f536bf8b1,upcoming,下午14:00~17:30在主委的V曲龍虎榜 深夜雜談做週表~~,2023-09-24T17:30:00Z,https://www.twitch.tv/kujosenko,
a89f7ee46cc14dff93675ce5bb82a692,upcoming,藍色星期一有藍色小妖精✨,2023-09-25T11:30:00Z,https://www.twitch.tv/eveliacridland,
04ed1803aaf0436eb41687f22e28ad20,upcoming,可能出沒時間,2023-09-25T12:30:00Z,https://www.twitch.tv/billy10002,
5b85294949544a5f8855715acadf66a5,upcoming,✦ ✧ ✦週一讀書夜，島嶼擱淺：黑日雨✦ ✧ ✦,2023-09-25T14:30:00Z,https://www.twitch.tv/cesium_cat,
e41bf48a09d64e4aa3d96064a9a63b08,upcoming,【魔物獵人:崛起】魔物獵人PC打起來٩(◦`꒳´◦)۶自由參加場,2023-09-26T12:00:00Z,https://www.twitch.tv/azuchiron,
9272afe9ef72434082d9b5621857afd0,upcoming,【懷舊系列遊戲】失戀換男友＝結婚？貓姬若的最後時光 | 新式PK陪聊型Vtuber遊戲直播,2023-09-26T12:30:00Z,https://www.twitch.tv/gilma04,
4c34c44a98974b709f7dbc7618847fd6,upcoming,嘎嘎嘎,2023-09-26T13:00:00Z,https://www.twitch.tv/5l5l3,
7a9b7ab0d5bd411195d77800ff778a90,upcoming,沒有固定時間,2023-09-27T04:00:00Z,https://www.twitch.tv/1128wedge,
8b732f3260e0427f9cf795b93ada310a,upcoming,【萊莎的鍊金工房 ～常闇女王與秘密藏身處～】大腿我來了#2 ✦ 普拉祈娜・vtuber,2023-09-27T10:00:00Z,https://www.twitch.tv/platinach,
228427b15b964f1396b5a7b5eb224a21,upcoming,Asteria配音時間，一起來聽劇本、閒聊吧！,2023-09-27T12:00:00Z,https://www.twitch.tv/asterialive0503,
444dcf020b27400087d2b2b21135033c,upcoming,林間盃日麻,2023-09-27T12:00:00Z,https://www.twitch.tv/v_hanasakiayame,
8f12066334ed4c4dae19ca1152781e59,upcoming,我想突發打APEX 開台機率50%,2023-09-27T15:30:00Z,https://www.twitch.tv/hinamorirabi,
d8b0b4e36c614d328620461a295572a1,upcoming,,2023-09-28T11:30:00Z,https://www.twitch.tv/jumpshi,
0c09a69445864b44adbba11b487f9b1a,upcoming,做連動封面圖！努力開台衝門檻！,2023-09-28T11:30:00Z,https://www.twitch.tv/amane_tainan,
090be1be8d29429183e190e22fc4be22,upcoming,試試看這ㄍ功能【Ness9s奈斯糖】,2023-09-28T12:00:00Z,https://www.twitch.tv/ness9s1222,
048b1a247cbb4eaa985d7311dc651945,upcoming,【雜談】人生鬼故事聊天台,2023-09-28T13:00:00Z,https://www.twitch.tv/yiyue_maple,
fcb4d9b8cd4a49dba6b421d97c179065,upcoming,練槍啦~!(*‘ v`*),2023-09-29T09:30:00Z,https://www.twitch.tv/mayasuzume,
4efffd7632e94c9faad30a543c3e1150,upcoming,,2023-09-29T11:30:00Z,https://www.twitch.tv/aveza_manon,
abda6c94394b47ba885c34417e3a4d08,upcoming,【🔴Live】雑談 ! 正太貓貓的伴眠時間 ! / 伊沢悠人,2023-09-29T15:00:00Z,https://www.twitch.tv/izawayuuto0726,
f6a4e7aa8d0c4e5cb39d199845ec4d02,upcoming,APEX特化,2023-09-29T17:00:00Z,https://www.twitch.tv/vtuber_amiru,
cef544ae38ec4c03ad337e68e2d885f4,upcoming,Apex or osu chat,2023-09-30T04:00:00Z,https://www.twitch.tv/ilzenkion1,
34973abcef4e41b29add2b476ce0a7fb,upcoming,"今日感謝瑾瑜邀請到幼幼相見歡進行雜談,對於自己休息一個月後歸來看到自己的情況...,只能說百感交集",2023-09-30T16:00:00Z,https://www.twitch.tv/sweetcat_10450077,
2450f1c7cf8f46c8aa30afaa922c9642,upcoming,最近都是突發,2023-09-30T21:25:00Z,https://www.twitch.tv/setsurei0227,
49393dd4bc284768852b0d4f9bba2ec8,upcoming,【AmongUS】首次登船能不被爆打嗎！？#珍奶茗璐ft.豪多人,2023-10-01T12:00:00Z,https://www.twitch.tv/tapiokalop,
7de64f4deb0946baa8d6b0da69699194,upcoming,繪圖台！繪製中獎觀眾的插圖！,2023-10-01T12:00:00Z,https://www.twitch.tv/jellyfishanang,
a0467c81a3014fbf83029acffe5b1d3f,upcoming,每週例行麻將大會！歡迎觀眾參加,2023-10-01T12:30:00Z,https://www.twitch.tv/najathepangolin,
823311ac8226476e8d1e323f536bf8b1,upcoming,下午14:00~17:30在主委的V曲龍虎榜 深夜雜談做週表~~,2023-10-01T17:30:00Z,https://www.twitch.tv/kujosenko,
a89f7ee46cc14dff93675ce5bb82a692,upcoming,藍色星期一有藍色小妖精✨,2023-10-02T11:30:00Z,https://www.twitch.tv/eveliacridland,
04ed1803aaf0436eb41687f22e28ad20,upcoming,可能出沒時間,2023-10-02T12:30:00Z,https://www.twitch.tv/billy10002,
5b85294949544a5f8855715acadf66a5,upcoming,✦ ✧ ✦週一讀書夜，島嶼擱淺：黑日雨✦ ✧ ✦,2023-10-02T14:30:00Z,https://www.twitch.tv/cesium_cat,
e41bf48a09d64e4aa3d96064a9a63b08,upcoming,【魔物獵人:崛起】魔物獵人PC打起來٩(◦`꒳´◦)۶自由參加場,2023-10-03T12:00:00Z,https://www.twitch.tv/azuchiron,
9272afe9ef72434082d9b5621857afd0,upcoming,【懷舊系列遊戲】失戀換男友＝結婚？貓姬若的最後時光 | 新式PK陪聊型Vtuber遊戲直播,2023-10-03T12:30:00Z,https://www.twitch.tv/gilma04,
4c34c44a98974b709f7dbc7618847fd6,upcoming,嘎嘎嘎,2023-10-03T13:00:00Z,https://www.twitch.tv/5l5l3,
7a9b7ab0d5bd411195d77800ff778a90,upcoming,沒有固定時間,2023-10-04T04:00:00Z,https://www.twitch.tv/1128wedge,
8b732f3260e0427f9cf795b93ada310a,upcoming,【萊莎的鍊金工房 ～常闇女王與秘密藏身處～】大腿我來了#2 ✦ 普拉祈娜・vtuber,2023-10-04T10:00:00Z,https://www.twitch.tv/platinach,
228427b15b964f1396b5a7b5eb224a21,upcoming,Asteria配音時間，一起來聽劇本、閒聊吧！,2023-10-04T12:00:00Z,https://www.twitch.tv/asterialive0503,
444dcf020b27400087d2b2b21135033c,upcoming,林間盃日麻,2023-10-04T12:00:00Z,https://www.twitch.tv/v_hanasakiayame,
8f12066334ed4c4dae19ca1152781e59,upcoming,我想突發打APEX 開台機率50%,2023-10-04T15:30:00Z,https://www.twitch.tv/hinamorirabi,
d8b0b4e36c614d328620461a295572a1,upcoming,,2023-10-05T11:30:00Z,https://www.twitch.tv/jumpshi,
0c09a69445864b44adbba11b487f9b1a,upcoming,做連動封面圖！努力開台衝門檻！,2023-10-05T11:30:00Z,https://www.twitch.tv/amane_tainan,
090be1be8d29429183e190e22fc4be22,upcoming,試試看這ㄍ功能【Ness9s奈斯糖】,2023-10-05T12:00:00Z,https://www.twitch.tv/ness9s1222,
048b1a247cbb4eaa985d7311dc651945,upcoming,【雜談】人生鬼故事聊天台,2023-10-05T13:00:00Z,https://www.twitch.tv/yiyue_maple,
fcb4d9b8cd4a49dba6b421d97c179065,upcoming,練槍啦~!(*‘ v`*),2023-10-06T09:30:00Z,https://www.twitch.tv/mayasuzume,
4efffd7632e94c9faad30a543c3e1150,upcoming,,2023-10-06T11:30:00Z,https://www.twitch.tv/aveza_manon,
abda6c94394b47ba885c34417e3a4d08,upcoming,【🔴Live】雑談 ! 正太貓貓的伴眠時間 ! / 伊沢悠人,2023-10-06T15:00:00Z,https://www.twitch.tv/izawayuuto0726,
f6a4e7aa8d0c4e5cb39d199845ec4d02,upcoming,APEX特化,2023-10-06T17:00:00Z,https://www.twitch.tv/vtuber_amiru,
cef544ae38ec4c03ad337e68e2d885f4,upcoming,Apex or osu chat,2023-10-07T04:00:00Z,https://www.twitch.tv/ilzenkion1,
34973abcef4e41b29add2b476ce0a7fb,upcoming,"今日感謝瑾瑜邀請到幼幼相見歡進行雜談,對於自己休息一個月後歸來看到自己的情況...,只能說百感交集",2023-10-07T16:00:00Z,https://www.twitch.tv/sweetcat_10450077,
2450f1c7cf8f46c8aa30afaa922c9642,upcoming,最近都是突發,2023-10-07T21:25:00Z,https://www.twitch.tv/setsurei0227,
49393dd4bc284768852b0d4f9bba2ec8,upcoming,【AmongUS】首次登船能不被爆打嗎！？#珍奶茗璐ft.豪多人,2023-10-08T12:00:00Z,https://www.twitch.tv/tapiokalop,
7de64f4deb0946baa8d6b0da69699194,upcoming,繪圖台！繪製中獎觀眾的插圖！,2023-10-08T12:00:00Z,https://www.twitch.tv/jellyfishanang,
a0467c81a3014fbf83029acffe5b1d3f,upcoming,每週例行麻將大會！歡迎觀眾參加,2023-10-08T12:30:00Z,https://www.twitch.tv/najathepangolin,
823311ac8226476e8d1e323f536bf8b1,upcoming,下午14:00~17:30在主委的V曲龍虎榜 深夜雜談做週表~~,2023-10-08T17:30:00Z,https://www.twitch.tv/kujosenko,
a89f7ee46cc14dff93675ce5bb82a692,upcoming,藍色星期一有藍色小妖精✨,2023-10-09T11:30:00Z,https://www.twitch.tv/eveliacridland,
04ed1803aaf0436eb41687f22e28ad20,upcoming,可能出沒時間,2023-10-09T12:30:00Z,https://www.twitch.tv/billy10002,
5b85294949544a5f8855715acadf66a5,upcoming,✦ ✧ ✦週一讀書夜，島嶼擱淺：黑日雨✦ ✧ ✦,2023-10-09T14:30:00Z,https://www.twitch.tv/cesium_cat,
e41bf48a09d64e4aa3d96064a9a63b08,upcoming,【魔物獵人:崛起】魔物獵人PC打起來٩(◦`꒳´◦)۶自由參加場,2023-10-10T12:00:00Z,https://www.twitch.tv/azuchiron,
9272afe9ef72434082d9b5621857afd0,upcoming,【懷舊系列遊戲】失戀換男友＝結婚？貓姬若的最後時光 | 新式PK陪聊型Vtuber遊戲直播,2023-10-10T12:30:00Z,https://www.twitch.tv/gilma04,
4c34c44a98974b709f7dbc7618847fd6,upcoming,嘎嘎嘎,2023-10-10T13:00:00Z,https://www.twitch.tv/5l5l3,
7a9b7ab0d5bd411195d77800ff778a90,upcoming,沒有固定時間,2023-10-11T04:00:00Z,https://www.twitch.tv/1128wedge,
8b732f3260e0427f9cf795b93ada310a,upcoming,【萊莎的鍊金工房 ～常闇女王與秘密藏身處～】大腿我來了#2 ✦ 普拉祈娜・vtuber,2023-10-11T10:00:00Z,https://www.twitch.tv/platinach,
228427b15b964f1396b5a7b5eb224a21,upcoming,Asteria配音時間，一起來聽劇本、閒聊吧！,2023-10-11T12:00:00Z,https://www.twitch.tv/asterialive0503,
444dcf020b27400087d2b2b21135033c,upcoming,林間盃日麻,2023-10-11T12:00:00Z,https://www.twitch.tv/v_hanasakiayame,
8f12066334ed4c4dae19ca1152781e59,upcoming,我想突發打APEX 開台機率50%,2023-10-11T15:30:00Z,https://www.twitch.tv/hinamorirabi,