VTuber ID,Video Type,Title,Publish Time,URL,Thumbnail URL
0024f8db99514a76bc5d5db1004c9bf4,live,想認識更多朋朋!!  :D [焰狼Blaze]喜歡焰狼的記得要追追哀居,2026-07-15T04:31:39Z,https://www.twitch.tv/yanlangblaze,https://static-cdn.jtvnw.net/previews-ttv/live_user_yanlangblaze-{width}x{height}.jpg
4766ec1a407f4271bca77fb81487e81a,live,VOD可能播到後天🐔!蘋果水 !周邊 !教練 !恐母症 @litchi_2525,2026-07-15T06:00:18Z,https://www.twitch.tv/litchi_2525,https://static-cdn.jtvnw.net/previews-ttv/live_user_litchi_2525-{width}x{height}.jpg
dc3e05e0c12b4e0a93dc230f30925ee0,live,【土司喵】帕魯 帕魯 | 加班台Day.288 @toast_meow !土阿喵電競,2026-07-15T08:16:29Z,https://www.twitch.tv/toast_meow,https://static-cdn.jtvnw.net/previews-ttv/live_user_toast_meow-{width}x{height}.jpg
76165d25983b463eaa1da66c86a32b7c,live,【日常】早睡的夜彩【靛之森Ainomori】|【夜彩Yoruro】可用7TV貼圖 因為害羞非常不感謝揪團Q_Q:,2026-07-15T12:30:54Z,https://www.twitch.tv/yorurovtuber,https://static-cdn.jtvnw.net/previews-ttv/live_user_yorurovtuber-{width}x{height}.jpg
43e078503ebd44ae9f83abc9399647ca,live,【蜜糖】被那個來制裁了꜀(^. .^꜀ )꜆੭  | 07/15 | !Mycard | 支援阿蜜自主訂閱❤️,2026-07-15T13:08:49Z,https://www.twitch.tv/honeycat_0121,https://static-cdn.jtvnw.net/previews-ttv/live_user_honeycat_0121-{width}x{height}.jpg
b8ccfa7aec6a419ca8ad1a91d9fafdf6,live,我兄弟下個月要生女兒了!!! 快去祝福他!! @xblue4sky,2026-07-15T13:28:28Z,https://www.twitch.tv/xiaoye_vtuber,https://static-cdn.jtvnw.net/previews-ttv/live_user_xiaoye_vtuber-{width}x{height}.jpg
8723ccecdfd84d92b1de24f9d6a86bcc,live,7/15 粗飽了  |忠誠點數可兌換周邊  @bofu0520,2026-07-15T14:38:27Z,https://www.twitch.tv/bofu0520,https://static-cdn.jtvnw.net/previews-ttv/live_user_bofu0520-{width}x{height}.jpg
d45c287a84b6485e8ff3400cf50f5db7,live,✧ hehe｜0715｜ @can1021 【罐罐】!7tv !魔儲 !委託 !布丁,2026-07-15T14:45:17Z,https://www.twitch.tv/can1021,https://static-cdn.jtvnw.net/previews-ttv/live_user_can1021-{width}x{height}.jpg
00d3ddb7b65247eaa16473cfd1376723,live,【純白地獄拼圖】2000片拼完才能下播！,2026-07-15T15:27:36Z,https://www.twitch.tv/noir_1221,https://static-cdn.jtvnw.net/previews-ttv/live_user_noir_1221-{width}x{height}.jpg
405cf0a502a6496bacfe7e49647e7e28,live,[Altic_Sou]雜談Just Chatting - EP348  RP AG 芙蘿拉．海瑟 主治醫師 D58 [TW/EN] !布丁 !斗內,2026-07-15T15:36:38Z,https://www.twitch.tv/altic_sou,https://static-cdn.jtvnw.net/previews-ttv/live_user_altic_sou-{width}x{height}.jpg
a823412858b749f7bd2bff3739ec55b7,live,歲月就像一把刀，鏽跡斑斑傷害更高,2026-07-15T17:37:04Z,https://www.twitch.tv/shiratsukiren,https://static-cdn.jtvnw.net/previews-ttv/live_user_shiratsukiren-{width}x{height}.jpg
29d8d144d6a24ff28476d25306286836,live,活了|拚紫勾進行中|紫勾揪團轉盤| 5%掛台 歡迎降落/•᷅•᷄୭| !布丁 !周邊 !衣服 !轉盤 |@Shirumu_,2026-07-15T20:18:03Z,https://www.twitch.tv/shirumu_,https://static-cdn.jtvnw.net/previews-ttv/live_user_shirumu_-{width}x{height}.jpg
d198a42f93d84e9ca061a72243d142cc,live,鐵道新版本了 睡醒繼續跑主線,2026-07-15T20:20:30Z,https://www.twitch.tv/yukimurinku,https://static-cdn.jtvnw.net/previews-ttv/live_user_yukimurinku-{width}x{height}.jpg
ed4666af39034d54913aba64cfea6f47,live,【Delta Force 】有種再把我踢 ! 【 蒼神子貓/VTuber】長期開台 歡迎掛台 #初見歡迎 #降落歡迎,2026-07-15T20:36:38Z,https://www.twitch.tv/aoikamikoneko,https://static-cdn.jtvnw.net/previews-ttv/live_user_aoikamikoneko-{width}x{height}.jpg
39ff9dd2c91841b6b8c719d71b7bdb11,live,今天認真做一下委託，帕魯打太多了，今天先當一回帕魯|委託、工商、想連動，請至下面連結私訊非常歡迎| Souna,2026-07-15T21:19:58Z,https://www.twitch.tv/sounavtuber,https://static-cdn.jtvnw.net/previews-ttv/live_user_sounavtuber-{width}x{height}.jpg
eff26caff6bd4720957cefaf8f6fc87a,live,7/16 ✦ 芙芙 ✦ ┃ 遊戲 ┃作息快轉一圈了┃ @sifnee @yoruha_1213  ┃1200追感謝 ┃ !魔儲,2026-07-15T21:25:50Z,https://www.twitch.tv/sifnee,https://static-cdn.jtvnw.net/previews-ttv/live_user_sifnee-{width}x{height}.jpg
19f507cc460a426cb02013fb203bd0a7,live,【閒聊捕魚台】調整作息中，睡醒ㄌ,2026-07-15T21:55:30Z,https://www.twitch.tv/nozomi162,https://static-cdn.jtvnw.net/previews-ttv/live_user_nozomi162-{width}x{height}.jpg
8ae0f370cf124faa953a09089a427fd9,live,《寶可夢：究極之日》#9,2026-07-15T22:03:59Z,https://www.twitch.tv/koyoyo4444,https://static-cdn.jtvnw.net/previews-ttv/live_user_koyoyo4444-{width}x{height}.jpg
887b37336c9c4730809ace8b5e38df17,live,房租歌回💸喜歡追隨🎵幫露露繳房租！ ʚ •͈˽•͈ ིྀɞ｜🎀訂閱‿成為露的專屬蝶寶 ⁺˳✿ ₊,2026-07-15T22:44:51Z,https://www.twitch.tv/isyourlulu,https://static-cdn.jtvnw.net/previews-ttv/live_user_isyourlulu-{width}x{height}.jpg
80e2f3365bfd4479a3594c3278311103,live,-7/16 死人時間撿石頭,2026-07-15T23:30:43Z,https://www.twitch.tv/e1yana_,https://static-cdn.jtvnw.net/previews-ttv/live_user_e1yana_-{width}x{height}.jpg
25b1a8ceab1d439491fb4e98013cd0fc,live,✸0716✸ 今天爭取把主線解完!!! 窩愛穗穗 | !dc !簽到,2026-07-15T23:41:15Z,https://www.twitch.tv/beam_vt,https://static-cdn.jtvnw.net/previews-ttv/live_user_beam_vt-{width}x{height}.jpg