VTuber ID,Video Type,Title,Publish Time,URL,Thumbnail URL
f227226fd52e4fbe801b4c89acfe4887,upcoming,「土芒果社-緒莉亞」直播,1970-01-01T00:00:00Z,https://www.youtube.com/watch?v=fKAD5B2meag,https://i.ytimg.com/vi/fKAD5B2meag/mqdefault_live.jpg
b16b9643e24d404a8de6d66551451b85,upcoming,☠️地域列車☠️🦋LOL🦋  (代肝鳴潮請洽談),1970-01-01T00:00:00Z,https://www.youtube.com/watch?v=iYuy613rlQM,https://i.ytimg.com/vi/iYuy613rlQM/mqdefault_live.jpg
a667c79cb8284de29d5843dc3eafcc57,upcoming,「巴巴鼬戈 / Baba Yoger Ch.」直播,1970-01-01T00:00:00Z,https://www.youtube.com/watch?v=t1DDt2n2hpA,https://i.ytimg.com/vi/t1DDt2n2hpA/mqdefault_live.jpg
f18910b4b83a48558f16836f4c1488eb,upcoming,「綠豆Ryokuto」直播,1970-01-01T00:00:00Z,https://www.youtube.com/watch?v=ztpFwyzOBts,https://i.ytimg.com/vi/ztpFwyzOBts/mqdefault_live.jpg
566e5b6f438a4cacb3e4036eb9ffe9b8,upcoming,網路掛了 重開,1970-01-01T00:00:00Z,https://www.youtube.com/watch?v=bsbA0UKwdOE,https://i.ytimg.com/vi/bsbA0UKwdOE/mqdefault_live.jpg
130a4d6105464e518a8a3eed336b4101,upcoming,「阿撒茲勒_克亞」直播,1970-01-01T00:00:00Z,https://www.youtube.com/watch?v=0bVN9PE8lbg,https://i.ytimg.com/vi/0bVN9PE8lbg/mqdefault_live.jpg
637a5867616a436ba0f7cdd36057f55a,upcoming,「星菓 Twinkle」直播,1970-01-01T00:00:00Z,https://www.youtube.com/watch?v=DnEFv_MdOME,https://i.ytimg.com/vi/DnEFv_MdOME/mqdefault_live.jpg
4ba98a2155ad4b4392d8c5d7a51f4964,upcoming,「火星人瑞比特 Redbit Ch.」直播,1970-01-01T00:00:00Z,https://www.youtube.com/watch?v=CUcnqT9xFGc,https://i.ytimg.com/vi/CUcnqT9xFGc/mqdefault_live.jpg
e7f01ae0c78b4daeaaf8f3fe39946e8d,upcoming,千代夕顏 ChiyoShiyan ch.的即時串流,1970-01-01T00:00:00Z,https://www.youtube.com/watch?v=6li0GxK5tOE,https://i.ytimg.com/vi/6li0GxK5tOE/mqdefault_live.jpg
bedd14283dd34a639c5f77a95856ecad,upcoming,【一起看新聞】你也是懶惰看新聞的人嗎？那可以來聽我唸新聞，也可以聊聊想法哦　#台灣vtuber　#新聞　#一起,1970-01-01T00:00:00Z,https://www.youtube.com/watch?v=9sX-sfsinxE,https://i.ytimg.com/vi/9sX-sfsinxE/mqdefault_live.jpg
f3757b8d656f48749cada897ce597abc,upcoming,【初見 !初配信 】來自陰間的直播!?,1970-01-01T00:00:00Z,https://www.youtube.com/watch?v=4wEBhdQFq7E,https://i.ytimg.com/vi/4wEBhdQFq7E/mqdefault_live.jpg
e66d389ebb604096bfa99178e1a13c27,upcoming,【ASMR床邊故事】佐賀的超級阿嬤(下)｜阿爾西婭．幽梨雅🌺,1970-01-01T00:00:00Z,https://www.youtube.com/watch?v=PzUKBAbIEtU,https://i.ytimg.com/vi/PzUKBAbIEtU/mqdefault_live.jpg
52d8a731a7634e529ba986ae40ce6526,upcoming,「渚Nagisa ch.」直播,1970-01-01T00:00:00Z,https://www.youtube.com/watch?v=oC-WYShIb7w,https://i.ytimg.com/vi/oC-WYShIb7w/mqdefault_live.jpg
44af52f7f6aa487e850b3d261947205b,upcoming,「Hyakuichi ch. 貓屋敷百壹」直播,1970-01-01T00:00:00Z,https://www.youtube.com/watch?v=RPmHKgj_QKw,https://i.ytimg.com/vi/RPmHKgj_QKw/mqdefault_live.jpg
7870ac4364ca4c97a4dfe7474251bf5b,upcoming,【VALORANT】有夢師父跟小公主在！我已經躺好蓋好被子了！ ft. @chero.limnos @monmonjinrou ｜薄葉透UsubaToru｜SDS,1970-01-01T00:00:00Z,https://www.youtube.com/watch?v=Dnp_MfztIFw,https://i.ytimg.com/vi/Dnp_MfztIFw/mqdefault_live.jpg
bd7947d2357941039893b911b18f3b4c,upcoming,11/29【世紀帝國2】我來，我建，我征服 (Road to 1429!),1970-01-01T00:00:00Z,https://www.youtube.com/watch?v=SiAg4NGeOkk,https://i.ytimg.com/vi/SiAg4NGeOkk/mqdefault_live.jpg
285655d636d54fb6b3d23c92401545cf,upcoming,【stardew valley】從0開始的農場生活!#2【萊姆露可】,1970-01-01T00:00:00Z,https://www.youtube.com/watch?v=EqewOS1WJ70,https://i.ytimg.com/vi/EqewOS1WJ70/mqdefault_live.jpg
4ba065758aa94ce18cfe227cc37b1afe,upcoming,這是拿來測試用的直播喔,1970-01-01T00:00:00Z,https://www.youtube.com/watch?v=r4iXw4GTAUQ,https://i.ytimg.com/vi/r4iXw4GTAUQ/mqdefault_live.jpg
22aaa78ca5fa444bb70649727131c0f2,upcoming,「八音玄古 HenKoo_TW. (Vtuber)」直播,1970-01-01T00:00:00Z,https://www.youtube.com/watch?v=yuB9U4PzSsk,https://i.ytimg.com/vi/yuB9U4PzSsk/mqdefault_live.jpg
f24626ac0ce34975a3b3fd6d8455f4f7,upcoming,「Erin Meredith」直播,1970-01-01T00:00:00Z,https://www.youtube.com/watch?v=DZlW8vdtg18,https://i.ytimg.com/vi/DZlW8vdtg18/mqdefault_live.jpg
13992a4fb59649ada3a2adf027b5b35a,upcoming,「Michelle TW」直播,1970-01-01T00:00:00Z,https://www.youtube.com/watch?v=30fxWicWRtw,https://i.ytimg.com/vi/30fxWicWRtw/mqdefault_live.jpg
006c02f11f8b4af28d0a38039f227016,upcoming,【突發新衣裝初配信】翻出了舊筆電回來和大家見面 好想你們ㄚㄚㄚㄚㄚ,1970-01-01T00:00:00Z,https://www.youtube.com/watch?v=25kBETytK5E,https://i.ytimg.com/vi/25kBETytK5E/mqdefault_live.jpg
01a20c96c500469fab898ebd03b0c019,upcoming,突個發 我只是想唱歌 #深夜歌回 #vsinger,1970-01-01T00:00:00Z,https://www.youtube.com/watch?v=IyPBYVWxXt0,https://i.ytimg.com/vi/IyPBYVWxXt0/mqdefault_live.jpg
d407b30c72a841bd82af1f5cc8ec0667,upcoming,「王顧採 Ch. 六埕順揚宮 主委」直播,1970-01-01T00:00:00Z,https://www.youtube.com/watch?v=Too8sRw8K08,https://i.ytimg.com/vi/Too8sRw8K08/mqdefault_live.jpg
1e62a729ec51448aa89d22adde18b214,upcoming,「Soarlnk 逍遙墨羽 ch.」直播,1970-01-01T00:00:00Z,https://www.youtube.com/watch?v=ZmcaFOBKpZs,https://i.ytimg.com/vi/ZmcaFOBKpZs/mqdefault_live.jpg
3a44da0674144e61bff60415cc09a678,upcoming,「淵瓈」直播,1970-01-01T00:00:00Z,https://www.youtube.com/watch?v=-ijmtgVXXPQ,https://i.ytimg.com/vi/-ijmtgVXXPQ/mqdefault_live.jpg
fec8644970684cffbbae8dd37a52d59c,upcoming,【突發】LOL 英雄聯盟觀眾/大福場~21:00 一起玩請到 Twitch 兌換忠誠點數 #LOL #vtuber #英雄聯盟 #aram,1970-01-01T00:00:00Z,https://www.youtube.com/watch?v=qC6a65do-SU,https://i.ytimg.com/vi/qC6a65do-SU/mqdefault_live.jpg
12479712313d4ddda715483e1f93ee9d,upcoming,【突發】打一下寶可夢！,1970-01-01T00:00:00Z,https://www.youtube.com/watch?v=EXwDV6vM4RQ,https://i.ytimg.com/vi/EXwDV6vM4RQ/mqdefault_live.jpg
72a83f60773546dba886008320809d70,upcoming,1130【月雞】11月最後一天半死不活的雞！指令： !抖內影片 !歌單 !耳機 !上班收聽,1970-01-01T00:00:00Z,https://www.youtube.com/watch?v=6mFWdcDmyo4,https://i.ytimg.com/vi/6mFWdcDmyo4/mqdefault_live.jpg
e212d468e3e64ad5b8f22f61bc4e06f7,upcoming,【測試】你阿罵訂閱的台終於開了 但只是測試直播機而已【雪見めぐみ】,1970-01-01T00:00:00Z,https://www.youtube.com/watch?v=oiKGVGIG02Q,https://i.ytimg.com/vi/oiKGVGIG02Q/mqdefault_live.jpg
75eb49d99170441ab784d7bec7378d21,upcoming,「TiaVannessa_Ch.」直播,1970-01-01T00:00:00Z,https://www.youtube.com/watch?v=yN-mgfpdtH0,https://i.ytimg.com/vi/yN-mgfpdtH0/mqdefault_live.jpg
20b9316c0979495fbff724be3442d4a4,upcoming,【霍格沃兹之遗 Hogwarts Legacy】EP09 [城 游音Yune] #游音,1970-01-01T00:00:00Z,https://www.youtube.com/watch?v=faiG4axvE3M,https://i.ytimg.com/vi/faiG4axvE3M/mqdefault_live.jpg
9fb51e14ba1c499eb6383a7a166a4d52,upcoming,#突發 #雜談  #看魚 #陪伴 │魚魚陪大家，狐狸先去忙 歡迎近來聽音樂看魚│ 20251201 #vtuber  #初見歡迎 #古風 #音樂 #魚缸 #水族,1970-01-01T00:00:00Z,https://www.youtube.com/watch?v=JKqkmmIU7io,https://i.ytimg.com/vi/JKqkmmIU7io/mqdefault_live.jpg
c3bec3f382754230b178f8278eb550fb,upcoming,「優塔 Jutta Ch.」直播,1970-01-01T00:00:00Z,https://www.youtube.com/watch?v=8sPTBcaZNaQ,https://i.ytimg.com/vi/8sPTBcaZNaQ/mqdefault_live.jpg
4f8936d4899d4e2c83bf949bc61b2bd2,upcoming,【天月麻雀】來友人心結啦 ! ! 我肯定一位~~  #初見歡迎 ＃歡迎降落 #遊戲  #天月麻雀,1970-01-01T00:00:00Z,https://www.youtube.com/watch?v=_7tf_Et0idI,https://i.ytimg.com/vi/_7tf_Et0idI/mqdefault_live.jpg
d66fb507852f4d889e426c8ea0f9f246,upcoming,「蒼音夏緒 / Aone Nao」直播,1970-01-01T00:00:00Z,https://www.youtube.com/watch?v=SaoPZqH2fJA,https://i.ytimg.com/vi/SaoPZqH2fJA/mqdefault_live.jpg
b09373e11cc74ed4b58440b9d7368172,upcoming,「下班來玩有閒來坐」直播,1970-01-01T00:00:00Z,https://www.youtube.com/watch?v=Hzlmz3iunDg,https://i.ytimg.com/vi/Hzlmz3iunDg/mqdefault_live.jpg
1a39f2817a8d4b2d941677c2a07e896a,upcoming,【突發工作雜談台】今天適合還債配horoyoi喝呵呵呵呵(?,1970-01-01T00:00:00Z,https://www.youtube.com/watch?v=J-FCIajOHbk,https://i.ytimg.com/vi/J-FCIajOHbk/mqdefault_live.jpg
6d83214d4d964bc9a236f4cbdd8d99e4,upcoming,【mc】考完試來玩MC   Ft. @_Nya-1104,1970-01-01T00:00:00Z,https://www.youtube.com/watch?v=R3776nSufRQ,https://i.ytimg.com/vi/R3776nSufRQ/mqdefault_live.jpg
58f233e089ca45c8bc1969b471183766,upcoming,【原味生存】Ep.5/速通/Vtuber/台灣/ Minecraft,1970-01-01T00:00:00Z,https://www.youtube.com/watch?v=VS8rMW9An6c,https://i.ytimg.com/vi/VS8rMW9An6c/mqdefault_live.jpg
7e9fc4a1ccc7445182bb3c5264d99187,upcoming,【雜談】日本國考經驗談：差一題就上榜！？🦊柊稻貍,1970-01-01T00:00:00Z,https://www.youtube.com/watch?v=AVGpMC3c1jA,https://i.ytimg.com/vi/AVGpMC3c1jA/mqdefault_live.jpg
6391e2693fa6464d83fdf5d136596bb0,upcoming,N番囚人のえぬた のライブ配信,1970-01-01T00:00:00Z,https://www.youtube.com/watch?v=5Xq5yDARAIQ,https://i.ytimg.com/vi/5Xq5yDARAIQ/mqdefault_live.jpg
b572cb7de27446e3bcda5135f6a23d8a,upcoming,【朝活】 早安!!累了嗎??主播幫您代睡，謝謝小假日代想標題,1970-01-01T00:00:00Z,https://www.youtube.com/watch?v=YWZZpdzoVR0,https://i.ytimg.com/vi/YWZZpdzoVR0/mqdefault_live.jpg
4dc4dc5b3dc24cb193ec2a127059c194,upcoming,「黑炎」直播,1970-01-01T00:00:00Z,https://www.youtube.com/watch?v=yQ3SGc4rE6Q,https://i.ytimg.com/vi/yQ3SGc4rE6Q/mqdefault_live.jpg
6fb9853185d844de80d4f3e0f3f2726d,upcoming,【初配信後日談】把該欠的債還一還~,1970-01-01T00:00:00Z,https://www.youtube.com/watch?v=TsU3TJYAfuA,https://i.ytimg.com/vi/TsU3TJYAfuA/mqdefault_live.jpg
db86eecb7c7047a984098e23de131e29,upcoming,終於可以進化究級體了QQ【數碼寶貝物語時空異客】#digimonstorytimestranger #初見歡迎 #jky,1970-01-01T00:00:00Z,https://www.youtube.com/watch?v=y4uHYpagE00,https://i.ytimg.com/vi/y4uHYpagE00/mqdefault_live.jpg
3098e045fa844093a3731b19665e9462,upcoming,「Oyama Issei Ch. 大山一生」直播,1970-01-01T00:00:00Z,https://www.youtube.com/watch?v=7iHwQrM2c9U,https://i.ytimg.com/vi/7iHwQrM2c9U/mqdefault_live.jpg
b0a7d70ae76549f5b4418e56ee4ad43f,upcoming,【遊戲】把這遊戲玩完~ | Storyteller,1970-01-01T00:00:00Z,https://www.youtube.com/watch?v=fqGMapF1Ksk,https://i.ytimg.com/vi/fqGMapF1Ksk/mqdefault_live.jpg
93bad1d4b0c54c8781e3775d13a62c38,upcoming,Feuera Ch. 芙耶拉,1970-01-01T00:00:00Z,https://www.youtube.com/watch?v=dM_nQczQSHk,https://i.ytimg.com/vi/dM_nQczQSHk/mqdefault_live.jpg
506d9c6fdbd34c8aa5fda64d90d96ac2,upcoming,【幻塔】誤打誤開,1970-01-01T00:00:00Z,https://www.youtube.com/watch?v=1Oew6JZ60-s,https://i.ytimg.com/vi/1Oew6JZ60-s/mqdefault_live.jpg
e04cb802f3c949bc8300c4125078f738,upcoming,「AiyaAya 愛婭 ch.」直播,1970-01-01T00:00:00Z,https://www.youtube.com/watch?v=qll8QvmQNiA,https://i.ytimg.com/vi/qll8QvmQNiA/mqdefault_live.jpg
46821555a7af41e4aa70fe0fabd8a4f6,upcoming,【遊戲】標題【Doll.朵爾·艾絲特 / Vtuber】#偽娘 吧?,1970-01-01T00:00:00Z,https://www.youtube.com/watch?v=vgOJqwYWRiY,https://i.ytimg.com/vi/vgOJqwYWRiY/mqdefault_live.jpg
f42c6f5877f14a38aef3f3b515769149,upcoming,【小小書店】最近看了好多書，開一間虛擬書店止癮(初見大歓迎) #台V #vtuber,1970-01-01T00:00:00Z,https://www.youtube.com/watch?v=HxaugChe_yA,https://i.ytimg.com/vi/HxaugChe_yA/mqdefault_live.jpg
a55a6a4b6453413cb8b1dc69423b67d5,upcoming,【 #歌枠  】日曜日午後縦型歌枠 ～🎤  #shorts  #縦型配信 #vtuber,1970-01-01T00:00:00Z,https://www.youtube.com/watch?v=BrJut9DbXgs,https://i.ytimg.com/vi/BrJut9DbXgs/mqdefault_live.jpg
e63fe9e27be44403b222fb0319c027b6,upcoming,20251014 巫拉拉好聲音Day 2 來陪我編輯自己的歌單 聽聽歌 #縱型直播 #歌回 #Vtuber #台v,1970-01-01T00:00:00Z,https://www.youtube.com/watch?v=mlleM5dHuqI,https://i.ytimg.com/vi/mlleM5dHuqI/mqdefault_live.jpg
c699beab8e8a4064849c977b67058447,upcoming,DAY1🤍殘酷加班台啟動！,1970-01-01T00:00:00Z,https://www.youtube.com/watch?v=uRZiIfw5V0k,https://i.ytimg.com/vi/uRZiIfw5V0k/mqdefault_live.jpg
1058d6e9f351455389e8a7a716ea26ff,upcoming,【 原神 | Genshin 】深夜原神；,1970-01-01T00:00:00Z,https://www.youtube.com/watch?v=t1s6eph4mhQ,https://i.ytimg.com/vi/t1s6eph4mhQ/mqdefault_live.jpg
cc85e4120c0746b7925c898a963f0747,upcoming,#永恆輪迴 久違來跟酒精怪獸玩輪迴 ft.@木綿千捺,1970-01-01T00:00:00Z,https://www.youtube.com/watch?v=17-1rJFffnc,https://i.ytimg.com/vi/17-1rJFffnc/mqdefault_live.jpg
8c171b8f4b854cbfade4ee2babc19e0f,upcoming,「塩月冉瓊 Zithereal Ch.」直播,1970-01-01T00:00:00Z,https://www.youtube.com/watch?v=bcQRm8WRjfQ,https://i.ytimg.com/vi/bcQRm8WRjfQ/mqdefault_live.jpg
27c0252056e84aa28da6dcebb8e86e85,upcoming,拯救毛茸茸律師事務所的後輩?! (ノдT) ▶ #逆轉裁判456王泥喜精選集 #逆転裁判456王泥喜セレクション #ApolloJusticeAceAttorneyTrilogy ◀ #16,1970-01-01T00:00:00Z,https://www.youtube.com/watch?v=CVhYTsoA7hU,https://i.ytimg.com/vi/CVhYTsoA7hU/mqdefault_live.jpg
92b3889a0c304d8fb9eed110bb82c60c,upcoming,(遊戲台)  Resident Evil Revelations 《那艘船上…藏著不能說的秘密》,1970-01-01T00:00:00Z,https://www.youtube.com/watch?v=E6JVrq2Ip-g,https://i.ytimg.com/vi/E6JVrq2Ip-g/mqdefault_live.jpg
9a7b047b85ae4227af74a0e200c3abc9,upcoming,【三玄庫崎】跟會長一起騷擾路人,1970-01-01T00:00:00Z,https://www.youtube.com/watch?v=vePMuaiBQwk,https://i.ytimg.com/vi/vePMuaiBQwk/mqdefault_live.jpg
d8fa0fb407c043cb9b65ab66c2221e8d,upcoming,【希耶】11/18 [絕區零] 今天圖奇連不上改用YT開台,1970-01-01T00:00:00Z,https://www.youtube.com/watch?v=ZYsp184cGdg,https://i.ytimg.com/vi/ZYsp184cGdg/mqdefault_live.jpg
aab094af87d74f3cbcb332bdac03fa23,upcoming,【雜談】你們在幹嘛?一啟等下班吧！【赫姆‧謝普蘇】,1970-01-01T00:00:00Z,https://www.youtube.com/watch?v=ZqzZVy6PpN4,https://i.ytimg.com/vi/ZqzZVy6PpN4/mqdefault_live.jpg
40fca873cd074b01baa8f9b006f50d00,upcoming,【闇影詩章：凌越世界】終於到我報復社會,1970-01-01T00:00:00Z,https://www.youtube.com/watch?v=6CLlnsZPD6E,https://i.ytimg.com/vi/6CLlnsZPD6E/mqdefault_live.jpg
0ba1bc3725a9456aa0f66ec951ad47eb,upcoming,「潔絲可 Jusko」直播,1970-01-01T00:00:00Z,https://www.youtube.com/watch?v=gXUR7EOfKlo,https://i.ytimg.com/vi/gXUR7EOfKlo/mqdefault_live.jpg
1ac97b8deb08470dafc128557532dd52,upcoming,「Pokeris Ch. 波可莉絲」直播,1970-01-01T00:00:00Z,https://www.youtube.com/watch?v=OhKBZ1k8O3Q,https://i.ytimg.com/vi/OhKBZ1k8O3Q/mqdefault_live.jpg
d33940525b7f4b9db9ce85e08b4c175e,upcoming,【歌回台】 Let's sing a little,1970-01-01T00:00:00Z,https://www.youtube.com/watch?v=7X2alxvW1qQ,https://i.ytimg.com/vi/7X2alxvW1qQ/mqdefault_live.jpg
90446c6f1b704ff6b0fbbf017f0a68c5,upcoming,「余偉文 Fisher 🐟」直播,1970-01-01T00:00:00Z,https://www.youtube.com/watch?v=RHWKk65_Olc,https://i.ytimg.com/vi/RHWKk65_Olc/mqdefault_live.jpg
ab24c13e4bff4ff8909a7650260f8b19,upcoming,「艾瑟莉雅𝓐𝔁𝓮𝓻𝓲𝓪 Ch.」直播,1970-01-01T00:00:00Z,https://www.youtube.com/watch?v=wdrarWEW04Y,https://i.ytimg.com/vi/wdrarWEW04Y/mqdefault_live.jpg
8814a6eccdd04fa6bf2f8201f12bf8ae,upcoming,過7遊戲只能自己Rank｜歡迎訂閱聊天｜#台灣vtuber,1970-01-01T00:00:00Z,https://www.youtube.com/watch?v=LuG43LCTXfA,https://i.ytimg.com/vi/LuG43LCTXfA/mqdefault_live.jpg
fcf160e0e39147b4b4037d1e4d18f076,upcoming,【突發麥塊】我其實主要是玩遊戲的還有人記得嗎  真的300年沒玩這東西  @skyMeowu727 @Hoshi_Luna 【夜楓月宸】#初見歡迎,1970-01-01T00:00:00Z,https://www.youtube.com/watch?v=DnOiNpbdI7o,https://i.ytimg.com/vi/DnOiNpbdI7o/mqdefault_live.jpg
63f727e673b9460abd6f7079bcbb1865,upcoming,《 第五人格 / Identity V 》11 / 30 - 想不到吧？嘿嘿！一起來玩觀眾場啦 ~ ♥【穎兒Yinger】,1970-01-01T00:00:00Z,https://www.youtube.com/watch?v=1tzM40iw5fA,https://i.ytimg.com/vi/1tzM40iw5fA/mqdefault_live.jpg
01d150623c984f3d8d7de4b1859afadd,upcoming,【英雄聯盟】台V比賽 第四組  #台灣vtuber #台v,1970-01-01T00:00:00Z,https://www.youtube.com/watch?v=qtmHToTngOE,https://i.ytimg.com/vi/qtmHToTngOE/mqdefault_live.jpg
6695a7e8f824489881f2c321501a36a6,upcoming,【Peak】突發~跟好朋朋們一起快樂遇難囉~(X【南瓜男Pumpkin man】,1970-01-01T00:00:00Z,https://www.youtube.com/watch?v=9NyCaMqNPIo,https://i.ytimg.com/vi/9NyCaMqNPIo/mqdefault_live.jpg
b516b71a9e8d43b8a377dabe1f9057dd,upcoming,「毛毛丫momo ch.」直播,1970-01-01T00:00:00Z,https://www.youtube.com/watch?v=V4AdERT5Amk,https://i.ytimg.com/vi/V4AdERT5Amk/mqdefault_live.jpg
c6a8cee6b8e042518ef58659113b3f34,upcoming,「Viviennelu ch.薇々安・ル」直播,1970-01-01T00:00:00Z,https://www.youtube.com/watch?v=BWk3As158Ug,https://i.ytimg.com/vi/BWk3As158Ug/mqdefault_live.jpg
9f9bfcbf980b43bcb00c03261439d18d,upcoming,2025/10/28   「你啊罵火鍋」開鍋！,1970-01-01T00:00:00Z,https://www.youtube.com/watch?v=63wg6p6au88,https://i.ytimg.com/vi/63wg6p6au88/mqdefault_live.jpg
bb28421da8a749ffb1ca8582b6278c24,upcoming,「百華院桔梗 Kikyou Ch.【星夜工作室所屬】」直播,1970-01-01T00:00:00Z,https://www.youtube.com/watch?v=pZoSHGlYyYM,https://i.ytimg.com/vi/pZoSHGlYyYM/mqdefault_live.jpg
ebc44e2ba78f4790b832d02c31410262,upcoming,【MageArena】巫術大亂鬥 看我唸死你們！,1970-01-01T00:00:00Z,https://www.youtube.com/watch?v=8WwvTDXPFlw,https://i.ytimg.com/vi/8WwvTDXPFlw/mqdefault_live.jpg
67b37e4e1f2f49d88a047d650b70be91,upcoming,【未定】│2025/0/│​🖤貓乃瑠依🤍,1970-01-01T00:00:00Z,https://www.youtube.com/watch?v=sB6Hv8htrXI,https://i.ytimg.com/vi/sB6Hv8htrXI/mqdefault_live.jpg
9ad37d3249e24861bc8cb84368883258,upcoming,▲活俠傳_3▼ 又被現實揍了一頓  _夏賀円那 #台灣Vtuber #vtuber,1970-01-01T00:00:00Z,https://www.youtube.com/watch?v=HPv7zAu8LjU,https://i.ytimg.com/vi/HPv7zAu8LjU/mqdefault_live.jpg
887b37336c9c4730809ace8b5e38df17,upcoming,【#pathofexile2 】流亡黯道2🦋歡迎+公會好友 ᖰ⌯‘▾’⌯ᖳ,1970-01-01T00:00:00Z,https://www.youtube.com/watch?v=1MfaQEJdwnM,https://i.ytimg.com/vi/1MfaQEJdwnM/mqdefault_live.jpg
1bf9786ba55042b9ae3294dadfc7b40d,upcoming,「白崎銀狐🦊はくこ Ch.」直播,1970-01-01T00:00:00Z,https://www.youtube.com/watch?v=zUM4pp1sfFg,https://i.ytimg.com/vi/zUM4pp1sfFg/mqdefault_live.jpg
c6ce333916b446d48d27be05df1a218e,upcoming,【】#丹瓷dancih,1970-01-01T00:00:00Z,https://www.youtube.com/watch?v=i12uQFiSoRU,https://i.ytimg.com/vi/i12uQFiSoRU/mqdefault_live.jpg
886f64b4a0504b9fbe5e4687b92f6584,upcoming,明日方舟「熔爐“還魂”記」part2 復健中歡迎指點，今晚播千戀＊萬花 #arknights #萌萌小麥 #加班 #上課 #yuzusoft #柚子社,1970-01-01T00:00:00Z,https://www.youtube.com/watch?v=rAMbnmuS5jg,https://i.ytimg.com/vi/rAMbnmuS5jg/mqdefault_live.jpg
ea8cc7c4366d48c797a88bfbcf584301,upcoming,「玻玻露 BoBoLu Ch.」直播,1970-01-01T00:00:00Z,https://www.youtube.com/watch?v=HcARFr5vJ0s,https://i.ytimg.com/vi/HcARFr5vJ0s/mqdefault_live.jpg
15b52ca3f3b5410cb2bb305d2bb737c4,upcoming,【趴趴鴉papaya】3D倖存者!活下去鴉!|Megabonk,1970-01-01T00:00:00Z,https://www.youtube.com/watch?v=xF_CWME6ACY,https://i.ytimg.com/vi/xF_CWME6ACY/mqdefault_live.jpg
95694a64c0fe4b5c987344f1edcec826,upcoming,« ◌̌Game » 死亡擱淺☁️聽說我泡了別人的女朋友，是新顯卡5070Ti！新顯卡壓力測試！ !歌單 !布丁｜拚紫勾勾｜初見歡迎/同遊歡迎,1970-01-01T00:00:00Z,https://www.youtube.com/watch?v=s3V78Y8yF6M,https://i.ytimg.com/vi/s3V78Y8yF6M/mqdefault_live.jpg
07930a961f0b4078a14f0a57f0a93965,upcoming,【Hollow Knight: Silksong】pt.24 有可能在今天完結嗎【鶴目瑞羽】,1970-01-01T00:00:00Z,https://www.youtube.com/watch?v=SE5op-Kz-IM,https://i.ytimg.com/vi/SE5op-Kz-IM/mqdefault_live.jpg
238b751368474f798a737e7cf1f4a87b,upcoming,⚔️魔物獵人 荒野 ⚔️ | 武器轉盤挑戰聯動 | 20250628 FT.  ⁨@aeterunanox8770⁩   ⁨@AdelieXiaxia⁩   ⁨@ATSeven1988⁩,1970-01-01T00:00:00Z,https://www.youtube.com/watch?v=mGuVxdVqlsk,https://i.ytimg.com/vi/mGuVxdVqlsk/mqdefault_live.jpg
4cc07f3cbfed434090bba391bc15fd6d,upcoming,Minecraft【盤靈古域：靈域復甦】EP5｜結局！,1970-01-01T00:00:00Z,https://www.youtube.com/watch?v=hwQu50wkNA0,https://i.ytimg.com/vi/hwQu50wkNA0/mqdefault_live.jpg
c34e43b57f9f448582094f712a0b2c1a,upcoming,【TEST】｜悠人 Yuto｜作業用白噪音✅｜🈲認真魔人,1970-01-01T00:00:00Z,https://www.youtube.com/watch?v=VHniDssVLEo,https://i.ytimg.com/vi/VHniDssVLEo/mqdefault_live.jpg
de6ab52e6aca42d2ab88274244e772fc,upcoming,【10/30】哪尼 - #zzzlive,1970-01-01T00:00:00Z,https://www.youtube.com/watch?v=7nWpOdLpq0U,https://i.ytimg.com/vi/7nWpOdLpq0U/mqdefault_live.jpg
1c304e8690e2400d9482f1173f59ad70,upcoming,「猫崎ライミ / Nekozaki Laimy」直播,1970-01-01T00:00:00Z,https://www.youtube.com/watch?v=j7JV8GfkXLg,https://i.ytimg.com/vi/j7JV8GfkXLg/mqdefault_live.jpg
52b5fa7ff03945368644f52035a5e798,upcoming,【楓之谷artale】鯊魚團 #楓之谷artale  #楓之谷  #vtuber #台V  #姬德月兔,1970-01-01T00:00:00Z,https://www.youtube.com/watch?v=nI1kVvGB2f8,https://i.ytimg.com/vi/nI1kVvGB2f8/mqdefault_live.jpg
2683fa864bd24112b6f7d04afb096a4e,upcoming,ㄚㄚㄚㄚ 兔崽崽有話說！！,1970-01-01T00:00:00Z,https://www.youtube.com/watch?v=UQFkjDmnCy4,https://i.ytimg.com/vi/UQFkjDmnCy4/mqdefault_live.jpg
a60c8fc0a1324bf8b65053231ee22373,upcoming,《BLEACH：刀鳴》你說...什麼！？  @青椒Peaman,1970-01-01T00:00:00Z,https://www.youtube.com/watch?v=xSW2l0BFxyE,https://i.ytimg.com/vi/xSW2l0BFxyE/mqdefault_live.jpg
b399afc661d04f47acc9d0681be343b4,upcoming,「小資狼 Shoshiro Ch.」直播,1970-01-01T00:00:00Z,https://www.youtube.com/watch?v=1DXZJTGAHZQ,https://i.ytimg.com/vi/1DXZJTGAHZQ/mqdefault_live.jpg
d177ac8568a14720b35bcc1a829aff51,upcoming,【 #深夜RE聊 】你買票了嗎?｜2025.10｜深夜聊什麼｜雜談｜#台灣vtuber,1970-01-01T00:00:00Z,https://www.youtube.com/watch?v=7LmnC9cTXAA,https://i.ytimg.com/vi/7LmnC9cTXAA/mqdefault_live.jpg
a91c83dff0c94387aa2c11e597424517,upcoming,難得正常時間下班，唱點歌,1970-01-01T00:00:00Z,https://www.youtube.com/watch?v=uhSjZQ4984Q,https://i.ytimg.com/vi/uhSjZQ4984Q/mqdefault_live.jpg
865ef104e1784d878871c819452a63dd,upcoming,【 蟲蟲x @YaoyaoC x @NekoAnYa1012 】來飢荒連動啦~(重開:D),1970-01-01T00:00:00Z,https://www.youtube.com/watch?v=BdO-Wga6EHQ,https://i.ytimg.com/vi/BdO-Wga6EHQ/mqdefault_live.jpg
61cabad85f8a4aae9d5055dcadbac797,upcoming,10/3 迎接快樂的連假(我沒有假) #初見歓迎 ｜餒萌Neimoe,1970-01-01T00:00:00Z,https://www.youtube.com/watch?v=uHq2pyvdgfg,https://i.ytimg.com/vi/uHq2pyvdgfg/mqdefault_live.jpg
728094029eab434ca60a99e4d1a139c7,upcoming,【英雄聯盟】聽說新模式很有趣，快閃玩一下 #lol,1970-01-01T00:00:00Z,https://www.youtube.com/watch?v=IzSGkzkfYi4,https://i.ytimg.com/vi/IzSGkzkfYi4/mqdefault_live.jpg
67674d86fce54eceb37e0dc4ea802132,upcoming,【瑪兒日常】早安咖啡館的陪伴 09-25,1970-01-01T00:00:00Z,https://www.youtube.com/watch?v=3I82cHgnIKQ,https://i.ytimg.com/vi/3I82cHgnIKQ/mqdefault_live.jpg
334133534368487780dfa99b7c9f5949,upcoming,子蒼 Ch. Live Stream,1970-01-01T00:00:00Z,https://www.youtube.com/watch?v=hmB6iWSpiVo,https://i.ytimg.com/vi/hmB6iWSpiVo/mqdefault_live.jpg
5ed5801d24c7412fa3fa65a82124aad0,upcoming,「棲蒔」直播,1970-01-01T00:00:00Z,https://www.youtube.com/watch?v=k0LkETEXVSg,https://i.ytimg.com/vi/k0LkETEXVSg/mqdefault_live.jpg
749161d9934f41bf97e7210afd6b3bb1,upcoming,[雪凌Lin Lin] 09/09  手殘黨第一次玩空洞騎士，是否搞錯了什麼 (*´∀`),1970-01-01T00:00:00Z,https://www.youtube.com/watch?v=9OAjGUfyIPg,https://i.ytimg.com/vi/9OAjGUfyIPg/mqdefault_live.jpg
a127ff7335ae467d961641bcf84f1e2f,upcoming,「薩摩喵」直播,1970-01-01T00:00:00Z,https://www.youtube.com/watch?v=2MU69oCfxx8,https://i.ytimg.com/vi/2MU69oCfxx8/mqdefault_live.jpg
d62ad85ae5434754bc4f9f366815064a,upcoming,「久我歩璃子 Ch.」直播,1970-01-01T00:00:00Z,https://www.youtube.com/watch?v=x4XI3_2ed1U,https://i.ytimg.com/vi/x4XI3_2ed1U/mqdefault_live.jpg
a56567301c734548bad86e8ace7d9140,upcoming,今晚陪你度過,1970-01-01T00:00:00Z,https://www.youtube.com/watch?v=JPDYhSVxDzI,https://i.ytimg.com/vi/JPDYhSVxDzI/mqdefault_live.jpg
a1bc1c5451e64266a0f21f0847dd8d2f,upcoming,【巫兔】魂,1970-01-01T00:00:00Z,https://www.youtube.com/watch?v=oWlz6xDjqLI,https://i.ytimg.com/vi/oWlz6xDjqLI/mqdefault_live.jpg
dcc5b43448044231a3a8710d144b2602,upcoming,【互動式冒險】我想李了 #4 (後面鬼轉打瓦)| 陰屍路 | 莉拉可的遊戲實況 | 2025.12.01 #vtuber #莉拉可 #台灣vtuber #thewalkingdead,1970-01-01T00:00:00Z,https://www.youtube.com/watch?v=eKcI37ry7xc,https://i.ytimg.com/vi/eKcI37ry7xc/mqdefault_live.jpg
038ee6280ef742bcad8450ad52049944,upcoming,【音遊】在競音殿堂打IIDX的啦【緋尹夜Haruya】,1970-01-01T00:00:00Z,https://www.youtube.com/watch?v=CHJm9BHfMg8,https://i.ytimg.com/vi/CHJm9BHfMg8/mqdefault_live.jpg
6873f5b9a88c42ba980878bbffb5682a,upcoming,「Ching」直播,1970-01-01T00:00:00Z,https://www.youtube.com/watch?v=adx4lS_22tU,https://i.ytimg.com/vi/adx4lS_22tU/mqdefault_live.jpg
6510332f58be4d86b0007c77a622c959,upcoming,新瑪奇英雄傳│依然RAID&閒聊│成海,1970-01-01T00:00:00Z,https://www.youtube.com/watch?v=sJvkD9gi8bM,https://i.ytimg.com/vi/sJvkD9gi8bM/mqdefault_live.jpg
bb21226dc1db41e294f545133948115b,upcoming,【新手亂塗】奶C的塗鴉日記 DAY.05【TW/EN/JP】,1970-01-01T00:00:00Z,https://www.youtube.com/watch?v=E4k37mhj_QA,https://i.ytimg.com/vi/E4k37mhj_QA/mqdefault_live.jpg
9deb096c2fb943a7ae7487bf25e28026,upcoming,【雙影奇境/Split Fiction】我們從只有腳，進化成有手有腳的人了?  With.劉離【漣玥Lenyueh】,1970-01-01T00:00:00Z,https://www.youtube.com/watch?v=-DvUkksKUf4,https://i.ytimg.com/vi/-DvUkksKUf4/mqdefault_live.jpg
6885bffce2184355bed557901e079522,upcoming,【突發】要教召了 再讓我多練幾把 #初見歡迎 #降落歡迎,1970-01-01T00:00:00Z,https://www.youtube.com/watch?v=W0ZyrsnWLjw,https://i.ytimg.com/vi/W0ZyrsnWLjw/mqdefault_live.jpg
8f7fdc3104f541539132c122eeab6801,upcoming,「塩月辻葻 Tsujiran Ch.」直播,1970-01-01T00:00:00Z,https://www.youtube.com/watch?v=6QlUgUiBuRQ,https://i.ytimg.com/vi/6QlUgUiBuRQ/mqdefault_live.jpg
3bc36efc33ba4410be1d509a39074ceb,upcoming,【突發】這隻狼好無聊所以我來加班了｜煦Hiyori,1970-01-01T00:00:00Z,https://www.youtube.com/watch?v=K6cj2WlXzyk,https://i.ytimg.com/vi/K6cj2WlXzyk/mqdefault_live.jpg
f13832094d8b40fbb95d07732aa3c3c7,upcoming,「Sane ch. 小鵺野紗音」直播,1970-01-01T00:00:00Z,https://www.youtube.com/watch?v=_ROGMHsRIww,https://i.ytimg.com/vi/_ROGMHsRIww/mqdefault_live.jpg
018244f1ad404c9eaa4ddf747c3bafa0,upcoming,【無盡傳奇Remastered】把妹妹還給我！~-信念堅定不移的RPG (Switch),1970-01-01T00:00:00Z,https://www.youtube.com/watch?v=6wt9xll0Qs0,https://i.ytimg.com/vi/6wt9xll0Qs0/mqdefault_live.jpg
24a8057dfc374fc9bdfd9b8c813a5e12,upcoming,【三角洲行動】一代暴君即將崛起!!!!!!!!!,1970-01-01T00:00:00Z,https://www.youtube.com/watch?v=ncRodzW0UXI,https://i.ytimg.com/vi/ncRodzW0UXI/mqdefault_live.jpg
87e1b5eec62040118b6bd49efbe5d61c,upcoming,【浣安夜貓】肥美訪問開播中！希望前輩問的問題手下留情 | @失眠太空站-卡蹦,1970-01-01T00:00:00Z,https://www.youtube.com/watch?v=vbv4tiSFR6I,https://i.ytimg.com/vi/vbv4tiSFR6I/mqdefault_live.jpg
e4e33334b43945b6837ec43826f3727f,upcoming,「藍玥 Lan Yue ch.【新人Vtuber準備中】」直播,1970-01-01T00:00:00Z,https://www.youtube.com/watch?v=CsM9FzK-vts,https://i.ytimg.com/vi/CsM9FzK-vts/mqdefault_live.jpg
9012b1827e8141bd9d56d1a04b2f7ad1,upcoming,NAGi Live Stream,1970-01-01T00:00:00Z,https://www.youtube.com/watch?v=gi6FM3VsBms,https://i.ytimg.com/vi/gi6FM3VsBms/mqdefault_live.jpg
619f48c4546c481bbc52aadc12c3e48f,upcoming,「栗塔Ritta Ch.」直播,1970-01-01T00:00:00Z,https://www.youtube.com/watch?v=RxLov26EpUY,https://i.ytimg.com/vi/RxLov26EpUY/mqdefault_live.jpg
57903e09a68f4997b7c4bc356cd5e64d,upcoming,「福栗 Fukuri【VerseLink】」直播,1970-01-01T00:00:00Z,https://www.youtube.com/watch?v=5NTXPUwhFYs,https://i.ytimg.com/vi/5NTXPUwhFYs/mqdefault_live.jpg
03c9aa020ec14f7494dd142676c94405,upcoming,今天有破關的可能嗎 #2  #vtuber #台V #九日,1970-01-01T00:00:00Z,https://www.youtube.com/watch?v=pCstrYgwQWQ,https://i.ytimg.com/vi/pCstrYgwQWQ/mqdefault_live.jpg
823311ac8226476e8d1e323f536bf8b1,upcoming,我68萬的粉絲團，可能要被FB消失了【空条千子/Relive/千尋大人】,2025-09-05T13:45:00Z,https://www.youtube.com/watch?v=j7gllLeJkI0,https://i.ytimg.com/vi/j7gllLeJkI0/mqdefault_live.jpg
715cc1261d7e42c18135d47bd1cf2500,upcoming,【早餐台】為什麼不能把野柳女王頭罩起來？因為會妨礙風化,2025-09-18T01:00:00Z,https://www.youtube.com/watch?v=1Nb8PfJ_9p8,https://i.ytimg.com/vi/1Nb8PfJ_9p8/mqdefault_live.jpg
3e269031fb4b45aaa0906ca424190ce2,upcoming,【#繪圖台】 誰上個禮拜翹班，我的老天  ⋮ 猫羽うみ 𝗨𝗺𝗶𝗶,2025-09-26T08:00:00Z,https://www.youtube.com/watch?v=Umpw1yHPN_0,https://i.ytimg.com/vi/Umpw1yHPN_0/mqdefault_live.jpg
7d5666a446d14da29b95ba8ecf3fc4b6,upcoming,今天是カラス的作業台，猜猜要幹嘛？🖌️,2025-09-27T04:24:00Z,https://www.youtube.com/watch?v=XN0qLrkrHzc,https://i.ytimg.com/vi/XN0qLrkrHzc/mqdefault_live.jpg
e9ec2395070144b0af7231570e06a743,upcoming,【Free Chat】汐海黑兔 kiyomi usagi,2025-09-30T17:45:00Z,https://www.youtube.com/watch?v=5ZQxVsQIJU4,https://i.ytimg.com/vi/5ZQxVsQIJU4/mqdefault_live.jpg
43e557d175ce462b97c4c406954d8c04,upcoming,🎄【💚虛擬Cheki大會】9月Cheki好多人！ \ 初見、揪團歡迎！/【⭐一隻阿橋 | 粵語 | HKVtuber🐿️】【12.10.2025】🎄,2025-10-14T14:00:00Z,https://www.youtube.com/watch?v=3r8jwCFQSIY,https://i.ytimg.com/vi/3r8jwCFQSIY/mqdefault_live.jpg
43e557d175ce462b97c4c406954d8c04,upcoming,🎄【💭雜談】香港地鐵站名挑戰 \ 初見、揪團歡迎！/【⭐一隻阿橋 | 粵語 | HKVtuber🐿️】【10.10.2025】🎄,2025-10-20T14:00:00Z,https://www.youtube.com/watch?v=VGiOsXdd20M,https://i.ytimg.com/vi/VGiOsXdd20M/mqdefault_live.jpg
9e3edec3eec54f49a065f1970471d473,upcoming,【千代 ３周年紀念周邊預購中 🩵 】,2025-10-24T16:00:00Z,https://www.youtube.com/watch?v=oTCW4_9JZ3M,https://i.ytimg.com/vi/oTCW4_9JZ3M/mqdefault_live.jpg
6e51f06f6a02439d82b213b623cda4e8,upcoming,【#午安安安】我覺得我今天會一句話都不想說。就讓我安安靜靜的開台吧！🔮安戈洛 Englar  #縱型配信  #初見大歓迎,2025-10-31T03:00:00Z,https://www.youtube.com/watch?v=cTY0kkiFK5I,https://i.ytimg.com/vi/cTY0kkiFK5I/mqdefault_live.jpg
77f4700c452c4200a4e62effa2884b4a,upcoming,11/11｜原神 Genshin Impact｜終於要來抽鐘離了!!!!!｜中文、English、日本語,2025-11-11T12:10:00Z,https://www.youtube.com/watch?v=3SfYtSbD56Y,https://i.ytimg.com/vi/3SfYtSbD56Y/mqdefault_live.jpg
f7185f45c8a44e69bf829405206996b9,upcoming,【雜談】在這個美麗的購物日直接睡爛忘記結帳，身為快樂棍棍節的美麗大棍，開個雜談可能做做模型閒聊一下。#哈口營業中 #九十九ハコ#個人勢Vtuber #台灣vtuber #台v,2025-11-11T15:00:00Z,https://www.youtube.com/watch?v=4FD_VPK-5AI,https://i.ytimg.com/vi/4FD_VPK-5AI/mqdefault_live.jpg
93785f5e8b614be98bf8e096f5b1f997,live,【互動音樂台】你遇到了一隻野生史萊姆，但希望你饒過他。 [ 戰鬥系BGM / 遊戲 / 工作 ] ~~[封測]~~,2025-11-14T19:55:01Z,https://www.youtube.com/watch?v=Yb-MrGQ3_OA,https://i.ytimg.com/vi/Yb-MrGQ3_OA/mqdefault_live.jpg
93785f5e8b614be98bf8e096f5b1f997,live,【音樂台】酒館裡什麼人都有，就是沒有你。 | 幻想異世界音楽 | 睡眠 | 勉強 | 讀書音樂陪伴 | Fantasy Sounds | 作業用BGM【冬蜜 DonBee】,2025-11-17T23:16:32Z,https://www.youtube.com/watch?v=EPP54P_appY,https://i.ytimg.com/vi/EPP54P_appY/mqdefault_live.jpg
93785f5e8b614be98bf8e096f5b1f997,live,【音樂台】聽音樂坐著喝酒，再打個魔物。 | 幻想異世界音楽 | 睡眠 | 勉強 | 讀書音樂陪伴 | Fantasy Sounds | 作業用BGM【冬蜜 DonBee】,2025-11-17T23:16:52Z,https://www.youtube.com/watch?v=IOpeQX58FV8,https://i.ytimg.com/vi/IOpeQX58FV8/mqdefault_live.jpg
93785f5e8b614be98bf8e096f5b1f997,live,你的世界下雨了，來躲雨吧。 | 有雨聲，可以學習、專注、睡眠的輕鬆音樂,2025-11-17T23:16:57Z,https://www.youtube.com/watch?v=rFdsftGzws0,https://i.ytimg.com/vi/rFdsftGzws0/mqdefault_live.jpg
3a8f78d98fd344cb9d32358e5c96eace,upcoming,【雜談】阿芭芭能量!!逼母!!💕💕#初見安安,2025-11-18T13:00:00Z,https://www.youtube.com/watch?v=qNCIp6j4jEk,https://i.ytimg.com/vi/qNCIp6j4jEk/mqdefault_live.jpg
8a5468bc4c7d44989e5ee4864a9b941a,upcoming,鼠婦快快樂樂,2025-11-18T14:57:58Z,https://www.youtube.com/watch?v=IL9a5ndBmN4,https://i.ytimg.com/vi/IL9a5ndBmN4/mqdefault_live.jpg
c6704a4edfef443ba46ba7f0db0c4ff9,upcoming,【繪圖台🌙】來畫自畫像《深野呱樂.Fukamorit freg》,2025-11-22T12:00:00Z,https://www.youtube.com/watch?v=cyKmx-dvRKM,https://i.ytimg.com/vi/cyKmx-dvRKM/mqdefault_live.jpg
aa182728aa6d44c4ae37caa7cdb8ed29,upcoming,【鳴潮】鳴式寶石有結果了！在索諾拉裡面反覆崩潰的文明……這不就是歸墟港市嗎？,2025-11-23T05:00:00Z,https://www.youtube.com/watch?v=Cc9k-wtZ6PY,https://i.ytimg.com/vi/Cc9k-wtZ6PY/mqdefault_live.jpg
afe78c5051094e86bf9fdfe6cb2a4222,upcoming,今天要練到幾等...？！｜ㄚ肚肚Adudu #初見歡迎 #楓之谷M #maplestory,2025-11-26T13:30:00Z,https://www.youtube.com/watch?v=UmKksIYMDlo,https://i.ytimg.com/vi/UmKksIYMDlo/mqdefault_live.jpg
1a3a0feb188e499ab4972c971d639f58,upcoming,【直播預定】【月影はなり／HKVtuber】,2025-11-27T13:00:00Z,https://www.youtube.com/watch?v=xZdJ3WhuRz4,https://i.ytimg.com/vi/xZdJ3WhuRz4/mqdefault_live.jpg
e63fd2ead17a4b57b256fcd55fe83b0e,live,【FINAL FANTASY XIV】繁中服搶先體驗！這遊戲太上頭了！不關台挑戰,2025-11-28T05:58:18Z,https://www.youtube.com/watch?v=Kh7gEwoIOMo,https://i.ytimg.com/vi/Kh7gEwoIOMo/mqdefault_live.jpg
7ee1b473a5584a1a85973acfa45e0e1d,upcoming,📜引魂鈴📜好久沒完恐怖解謎拉~!【安納希塔Anahita】,2025-11-28T06:30:00Z,https://www.youtube.com/watch?v=9Q79qu4hZEU,https://i.ytimg.com/vi/9Q79qu4hZEU/mqdefault_live.jpg
4b214cdeac0649989f03f39e497816cf,upcoming,☾ 傑希盃 ☽ ✦第一次參賽！只在圖奇開！！連結在聊天室裡！  ft.琴諾柚鈴、冥耐 ✧  ☾ 兔子偉威Weiwei_Rabbit☽ ✦ #練囂威  #初見歡迎 #降落歡迎 #台V,2025-11-29T11:00:00Z,https://www.youtube.com/watch?v=zpk4o6xd4nc,https://i.ytimg.com/vi/zpk4o6xd4nc/mqdefault_live.jpg
5ed5801d24c7412fa3fa65a82124aad0,upcoming,【雜談】下班下課了就來我這放鬆聊聊天吧🌙 【棲蒔】,2025-11-29T11:00:41Z,https://www.youtube.com/watch?v=xucPptmMV38,https://i.ytimg.com/vi/xucPptmMV38/mqdefault_live.jpg
e1b2337b79d1449e9ae6a754ec74050d,live,【余樂無窮馬拉松】隻狼！單身隻狼！！【香港VTUBER】,2025-11-29T22:31:16Z,https://www.youtube.com/watch?v=nRBbcY5rSNk,https://i.ytimg.com/vi/nRBbcY5rSNk/mqdefault_live.jpg
bf03fd8b5b55481590ea63338c5cdd20,live,12/1 FF14在巴哈姆特 加班Day266 !週邊 !DC / 訂閱送10分鐘加班 / 揪團每10人2分鐘 / @komorikuma_vtuber,2025-11-30T00:00:02Z,https://www.twitch.tv/komorikuma_vtuber,https://static-cdn.jtvnw.net/previews-ttv/live_user_komorikuma_vtuber-{width}x{height}.jpg
e63fd2ead17a4b57b256fcd55fe83b0e,live,【FINAL FANTASY XIV】繁中服搶先體驗！這遊戲太上頭了！不關台挑戰,2025-11-30T06:04:34Z,https://www.twitch.tv/reibe0415,https://static-cdn.jtvnw.net/previews-ttv/live_user_reibe0415-{width}x{height}.jpg
2656bc44436c45cca3e94e43a9a49c2d,upcoming,【瑞迪Ray】電腦風扇快死了，玩不了遊戲(′д｀σ)σ【晚安你好】【超難聽歌回】,2025-11-30T12:00:00Z,https://www.youtube.com/watch?v=EVAoxLHAJio,https://i.ytimg.com/vi/EVAoxLHAJio/mqdefault_live.jpg
2913f17e61014f7691e016fae8468404,upcoming,【Nagalive】柏林公寓 The Berlin Apartment 1933 - 1967 一起回到100年前的德國吧,2025-11-30T14:00:00Z,https://www.youtube.com/watch?v=ZQtCkZ34rwA,https://i.ytimg.com/vi/ZQtCkZ34rwA/mqdefault_live.jpg
dc3e05e0c12b4e0a93dc230f30925ee0,live,【土司喵】光之跑腿12月   ▏加班台Day.113,2025-12-01T09:37:14Z,https://www.twitch.tv/toast_meow,https://static-cdn.jtvnw.net/previews-ttv/live_user_toast_meow-{width}x{height}.jpg
1d1e155c827e4ed2a0596c256983c22d,live,12/1 加班day.17 嘿嘿，我睡醒拉w | !周邊 !加班 | @riikiyuki,2025-12-01T11:02:03Z,https://www.twitch.tv/riikiyuki,https://static-cdn.jtvnw.net/previews-ttv/live_user_riikiyuki-{width}x{height}.jpg
627d42f52e604f3e8eadc7f04ef74d2a,live,算錯數量今天先剪片晚點再玩 !OC !Dc !大姊大 !慈善賭王大賽,2025-12-01T11:47:33Z,https://www.twitch.tv/shinatsukishiro,https://static-cdn.jtvnw.net/previews-ttv/live_user_shinatsukishiro-{width}x{height}.jpg
c699beab8e8a4064849c977b67058447,live,DAY1🤍殘酷加班台啟動！千追衝刺！12/01｜!dc !yt｜ @nineamro,2025-12-01T11:59:42Z,https://www.twitch.tv/nineamro,https://static-cdn.jtvnw.net/previews-ttv/live_user_nineamro-{width}x{height}.jpg
87568c720cae40a99264816eb1875347,live,(AIVT)吃飽飽的弧弧與廢宅 #vtuber #aivtuber #aivt  #模型vtuber  #春弧 #廢宅,2025-12-01T12:14:09Z,https://www.youtube.com/watch?v=rnD7QVziAjw,https://i.ytimg.com/vi/rnD7QVziAjw/mqdefault_live.jpg
02dadd7977b8412b99f101241de4cb3f,live,【柏德之門3 V朋聯動】一起在DND的世界裡探索囉！#19,2025-12-01T12:30:48Z,https://www.youtube.com/watch?v=BzY5BDpnnL0,https://i.ytimg.com/vi/BzY5BDpnnL0/mqdefault_live.jpg
1a95bb88e451498ca3491b69af964588,live,12/1 幫我看還會不會卡:( | !加班 !簽到 !滑鼠墊 !台規 !陪玩 | @hsuanhsuandesu ( ՞. .՞),2025-12-01T12:40:03Z,https://www.twitch.tv/hsuanhsuandesu,https://static-cdn.jtvnw.net/previews-ttv/live_user_hsuanhsuandesu-{width}x{height}.jpg
05317bcbe5f243abb85618d2669bd0d7,live,【雜談、音樂】水瓶罐子看，Lalune萊露琳Replay，lofi/助眠/音樂。Aquarius Girl，lofi/sleep/music,2025-12-01T13:38:07Z,https://www.youtube.com/watch?v=Bttu6z-lKPI,https://i.ytimg.com/vi/Bttu6z-lKPI/mqdefault_live.jpg
61e81c6f534247b486b8125bd34fa960,live,【BLUE】天氣要開始變冷了 @blue_kao,2025-12-01T13:44:34Z,https://www.twitch.tv/blue_kao,https://static-cdn.jtvnw.net/previews-ttv/live_user_blue_kao-{width}x{height}.jpg
02dadd7977b8412b99f101241de4cb3f,live,【柏德之門3 V朋聯動】一起在DND的世界裡探索囉！#19,2025-12-01T13:46:32Z,https://www.twitch.tv/rukadoggi,https://static-cdn.jtvnw.net/previews-ttv/live_user_rukadoggi-{width}x{height}.jpg
eff26caff6bd4720957cefaf8f6fc87a,live,11/30 ✦ 芙芙 ✦ ┃ 遊戲 ┃最近想要放慢腳步┃ @sifnee ┃970追感謝 ┃ !魔儲,2025-12-01T13:53:02Z,https://www.twitch.tv/sifnee,https://static-cdn.jtvnw.net/previews-ttv/live_user_sifnee-{width}x{height}.jpg
502d093ba13d45de84602b54a1dc6e6c,live,無聊玩LOL~,2025-12-01T14:01:10Z,https://www.youtube.com/watch?v=dze_4qx09Zc,https://i.ytimg.com/vi/dze_4qx09Zc/mqdefault_live.jpg
f2f74f42d7e44c2b8c71807abd0967f3,live,1201 - 1202 𐔌՞ ܸ.ˬ.ܸ՞𐦯 我是誰我在哪裏  | 這個月是我生日月 有抽獎活動 !dc !簽到 (≖⩊≖),2025-12-01T14:52:32Z,https://www.twitch.tv/mikimaruuu,https://static-cdn.jtvnw.net/previews-ttv/live_user_mikimaruuu-{width}x{height}.jpg
e1b2266a00c04e81bd868ae2fbff7848,upcoming,【 晚安電台】你什麽時候會為我而來呢 ♡ 卡蒂婭Cartia #降落歡迎 #初見歓迎,2025-12-01T15:00:00Z,https://www.youtube.com/watch?v=frPdkNGf9YM,https://i.ytimg.com/vi/frPdkNGf9YM/mqdefault_live.jpg
ef36201df30f43ba9efbd573f9a6d9b7,live,【言午】12/1 忘記改標題了哭阿,2025-12-01T15:02:17Z,https://www.twitch.tv/yenwu8631,https://static-cdn.jtvnw.net/previews-ttv/live_user_yenwu8631-{width}x{height}.jpg
521477be11a44c43b063b394757b2342,live,【雜談】就想聊聊天。,2025-12-01T15:32:51Z,https://www.youtube.com/watch?v=xEVd0XJd-9s,https://i.ytimg.com/vi/xEVd0XJd-9s/mqdefault_live.jpg
22b0dfc3703e477d9ce6880cdbfafd91,live,⚝桃E⚝ 休息 #初見歡迎 #LOL新手【龍次元工作室】,2025-12-01T15:49:27Z,https://www.twitch.tv/aunttao,https://static-cdn.jtvnw.net/previews-ttv/live_user_aunttao-{width}x{height}.jpg
cad7f93653b54779932a6809a5f3a769,live,來啦來啦~從頭打主線~ 12/2 蕾古露絲,2025-12-01T16:11:26Z,https://www.twitch.tv/regulusoaop,https://static-cdn.jtvnw.net/previews-ttv/live_user_regulusoaop-{width}x{height}.jpg
cad7f93653b54779932a6809a5f3a769,live,【FF14繁中版】今天到底是走主線還是去釣魚呢?    #初見歓迎 #降落歡迎   【蕾·古露絲Re·GuLus】,2025-12-01T16:11:27Z,https://www.youtube.com/watch?v=Hm-a22mUeAE,https://i.ytimg.com/vi/Hm-a22mUeAE/mqdefault_live.jpg
6908430ccb204a1b9d95ee7a1711cae3,live,【蘆葦🐭】完全新手  ʢ·͈˔·͈ʡ◞ ̑̑,2025-12-01T16:30:19Z,https://www.twitch.tv/luweibaby,https://static-cdn.jtvnw.net/previews-ttv/live_user_luweibaby-{width}x{height}.jpg
209a528363cd411886ec9e5d086ff1bc,live,【 Sekiro™: Shadows Die Twice 】金主播說他很想玩，我一律建議是想玩就開,2025-12-01T16:36:52Z,https://www.youtube.com/watch?v=P-40fkDknpA,https://i.ytimg.com/vi/P-40fkDknpA/mqdefault_live.jpg
16e0b967de004b45b5c10302382ad43e,live,【Daiz】12/02遊雜|DDD是Dash和Decode並Distortion的意思對吧 |歡迎敲門、降落、掛台|選技大亂鬥| @37daiz,2025-12-01T16:39:00Z,https://www.twitch.tv/37daiz,https://static-cdn.jtvnw.net/previews-ttv/live_user_37daiz-{width}x{height}.jpg
a1bc1c5451e64266a0f21f0847dd8d2f,live,上班,2025-12-01T17:08:38Z,https://www.youtube.com/watch?v=1I2OD6owjfQ,https://i.ytimg.com/vi/1I2OD6owjfQ/mqdefault_live.jpg
a1bc1c5451e64266a0f21f0847dd8d2f,live,上班,2025-12-01T17:08:41Z,https://www.twitch.tv/magpijuana,https://static-cdn.jtvnw.net/previews-ttv/live_user_magpijuana-{width}x{height}.jpg
ed4666af39034d54913aba64cfea6f47,live,【FINAL FANTASY XIV繁中服】2.1  光速兔忍 ! 忍 ! 忍 !【蒼神子貓/VTuber】,2025-12-01T17:34:48Z,https://www.youtube.com/watch?v=hUEwzLNV6P0,https://i.ytimg.com/vi/hUEwzLNV6P0/mqdefault_live.jpg
5226367de740445789ec9b65a84d65c5,live,【絕區零】2.4版本「將臨未抵的深淵」 【柚晞Yuzuki】,2025-12-01T17:57:21Z,https://www.youtube.com/watch?v=TieSo_Phqa4,https://i.ytimg.com/vi/TieSo_Phqa4/mqdefault_live.jpg
a3452262e11348c88afea4031b0323a8,live,跑月之伴聞+絕區活動+鳴潮地圖 ｜使用英配｜歡迎初見｜,2025-12-01T18:28:11Z,https://www.twitch.tv/haivender,https://static-cdn.jtvnw.net/previews-ttv/live_user_haivender-{width}x{height}.jpg
f5a99c6ea78e4023b1bc84c1502f432d,live,歡迎打擾下班工作台！【vsupport Fugu Aurelius】,2025-12-01T19:00:01Z,https://www.youtube.com/watch?v=9VgtxIV144E,https://i.ytimg.com/vi/9VgtxIV144E/mqdefault_live.jpg
7870ac4364ca4c97a4dfe7474251bf5b,live,【深夜雜談】來不及解釋了不准睡覺！夜晚才剛開始！ ｜薄葉透UsubaToru｜ SDS,2025-12-01T19:09:43Z,https://www.youtube.com/watch?v=7lH_93FnfhM,https://i.ytimg.com/vi/7lH_93FnfhM/mqdefault_live.jpg
74c75f221fbb4cffa67de26881bae17d,live,【GAME┃Apex Legends】新賽季！泡槍大師出擊！┃格里奧grelio,2025-12-01T19:10:08Z,https://www.youtube.com/watch?v=iqHZzMDSP5o,https://i.ytimg.com/vi/iqHZzMDSP5o/mqdefault_live.jpg
96ff628d2280470b833174c32200a749,live,【崩壞：星穹鐵道 #25】擂台賽即將開始！但敵人好像要攻過來了耶？🥹【艾爾法．戴蒙/Alfa Daimon】,2025-12-01T19:15:16Z,https://www.youtube.com/watch?v=Fw5XQ8rVVy8,https://i.ytimg.com/vi/Fw5XQ8rVVy8/mqdefault_live.jpg
8dd4a8b4598e483e9112b2b1a9466013,live,沒想到吧 我又回來了 可能玩一下容我說送的遊戲 接著去玩好玩遊戲 然後就關台:D(布魔代抽代打可以報)12/1,2025-12-01T19:24:55Z,https://www.youtube.com/watch?v=OsX5u1o91Cc,https://i.ytimg.com/vi/OsX5u1o91Cc/mqdefault_live.jpg
76165d25983b463eaa1da66c86a32b7c,live,【日常】舌頭破兩個洞又網路爛爛的夜彩 【靛之森Ainomori】|【夜彩Yoruro】可用7TV貼圖 感謝揪團: @shishi72x,2025-12-01T19:32:33Z,https://www.twitch.tv/yorurovtuber,https://static-cdn.jtvnw.net/previews-ttv/live_user_yorurovtuber-{width}x{height}.jpg
59110c6bf6e64ce6bdf86b40246dc106,live,【超沒力3D】來畫圖！！【朵法娜Tofana 】,2025-12-01T19:50:35Z,https://www.youtube.com/watch?v=Xi71Zlr7Puo,https://i.ytimg.com/vi/Xi71Zlr7Puo/mqdefault_live.jpg
405cf0a502a6496bacfe7e49647e7e28,live,[Altic_Sou]雜談Just Chatting - EP173  短短醒來的第三十一天  Exo RP [TW/EN]!斗內,2025-12-01T20:10:42Z,https://www.twitch.tv/altic_sou,https://static-cdn.jtvnw.net/previews-ttv/live_user_altic_sou-{width}x{height}.jpg
405cf0a502a6496bacfe7e49647e7e28,live,[Altic_Sou]雜談Just Chatting - EP173  短短醒來的第三十一天  Exo RP [TW/EN]!斗內,2025-12-01T20:10:48Z,https://www.youtube.com/watch?v=FhZstTnLJwE,https://i.ytimg.com/vi/FhZstTnLJwE/mqdefault_live.jpg
52ff14aabd804801a6e589681fc2fb4d,live,殘月 EclipseYuki ENG/中 努力前進 找回自我的平靜,2025-12-01T20:26:03Z,https://www.youtube.com/watch?v=9zF-QX1E8XE,https://i.ytimg.com/vi/9zF-QX1E8XE/mqdefault_live.jpg
ec1dec0e956c41ea97dfcebe96bc41b4,live,12/2 早早安 |,2025-12-01T20:44:18Z,https://www.twitch.tv/tian_0301,https://static-cdn.jtvnw.net/previews-ttv/live_user_tian_0301-{width}x{height}.jpg
4ba065758aa94ce18cfe227cc37b1afe,live,12/02🐰雪寶うさぎ🌟LOL積分 🐰誰玩的爛感嘴砲別人的，我就直接嘴爆你QQ @shinyuki2511 🐇!周邊 !委託 ᕬ ᕬ,2025-12-01T21:02:47Z,https://www.twitch.tv/shinyuki2511,https://static-cdn.jtvnw.net/previews-ttv/live_user_shinyuki2511-{width}x{height}.jpg
9b64082043fc451f9dd5edc793fa8605,live,【Noren Varan】燕雲十六聲|Where Winds Meet|武學道路上有你有我gogo~~2,2025-12-01T22:16:13Z,https://www.twitch.tv/norenvaran99,https://static-cdn.jtvnw.net/previews-ttv/live_user_norenvaran99-{width}x{height}.jpg
976e0cf401784d3f874dc85b2b2c5839,upcoming,12月02日 ➠ [ 晨間雜談 ] 有好多事情要做，可是好想要打遊戲 #Luponing [ ReliveLupo］,2025-12-01T22:30:00Z,https://www.youtube.com/watch?v=PVmRScfcW1U,https://i.ytimg.com/vi/PVmRScfcW1U/mqdefault_live.jpg
3be86a2a9cb447f393d235132e157789,upcoming,【Vtuber】早安，一起度過周二的早晨吧【早安茶館 | EP233 | 辣炒年糕】 #ACGlive #蕾兒,2025-12-01T22:45:00Z,https://www.youtube.com/watch?v=312h2wor1NE,https://i.ytimg.com/vi/312h2wor1NE/mqdefault_live.jpg
887b37336c9c4730809ace8b5e38df17,live,百業招生歡迎++🔥一起當大俠✿(◍•ᴗ•◍)❤｜🦋dc抽獎活動中‿✦ !MP !魔法工坊 !魔儲｜🦋dc抽獎活動中‿✦ !MP !魔法工坊 !魔儲,2025-12-01T22:52:39Z,https://www.twitch.tv/isyourlulu,https://static-cdn.jtvnw.net/previews-ttv/live_user_isyourlulu-{width}x{height}.jpg
936b7b3d4250469d94b53ebc7e4936f6,live,黑夜君臨 9999分後的休閒台 12月4日DLC發售準時玩 刷個連勝看看,2025-12-01T22:58:46Z,https://www.twitch.tv/kis0467,https://static-cdn.jtvnw.net/previews-ttv/live_user_kis0467-{width}x{height}.jpg
8c6bc741e4614154a63e987f930a468d,upcoming,【數碼寶貝 時空異客】早安台DAY.11！帝皇龍甲獸好帥！今天讓三隻帥寶貝帶老虎打天下~2025加班台 part.249【 虎屋レイ / Vtuber 】,2025-12-01T23:00:00Z,https://www.youtube.com/watch?v=1NR9Rbvc3GE,https://i.ytimg.com/vi/1NR9Rbvc3GE/mqdefault_live.jpg
dcbe7946e39e48bcb0b725de64a445c8,upcoming,【#早安宇宙】一場普通的雜談【梅迪歐】#ReLiveProject #台v,2025-12-01T23:30:00Z,https://www.youtube.com/watch?v=HtDUs1V8jy4,https://i.ytimg.com/vi/HtDUs1V8jy4/mqdefault_live.jpg
23ec5ecfb8c14ea893576783f1790643,upcoming,【劫羅】《早安台》🖤上班上課早起的人兒還有台看🖤既然來了就留下來跟我聊聊天~~【雜談】,2025-12-02T00:00:00Z,https://www.youtube.com/watch?v=ZL59a_vHZRY,https://i.ytimg.com/vi/ZL59a_vHZRY/mqdefault_live.jpg
5fbcb045887b4a87878773dbf5f63e26,upcoming,【早安貼貼】沉迷FF14的我今天會準時起來嘛！最近好冷，要來我的被窩嗎？ #初見歓迎 #降落歡迎 『八上菟比Yakami Tubi』 #八上菟比 #TubiShow,2025-12-02T00:00:00Z,https://www.youtube.com/watch?v=0rZfk84D4dU,https://i.ytimg.com/vi/0rZfk84D4dU/mqdefault_live.jpg
a2c7c34474174cd2bffcc17a32aeec21,upcoming,【早安台 】能不能不要睡覺？ #初見歓迎 #降落歡迎 #おはいよ,2025-12-02T00:05:00Z,https://www.youtube.com/watch?v=3iig8FxAGRQ,https://i.ytimg.com/vi/3iig8FxAGRQ/mqdefault_live.jpg
1e59cd43a10a44edb1407fb8ba8529a8,upcoming,星露谷物语 我們來種田咯!!! [马来西亚Vtuber ],2025-12-02T01:00:00Z,https://www.youtube.com/watch?v=L2_F2PZ0YEk,https://i.ytimg.com/vi/L2_F2PZ0YEk/mqdefault_live.jpg
93bad1d4b0c54c8781e3775d13a62c38,upcoming,【AI Morning】早安！今天換你說故事！每周二 9:00☀️陪你起床 上班 上課 吃早餐🥪 #初見歡迎,2025-12-02T01:00:00Z,https://www.youtube.com/watch?v=o_g79fB1FPc,https://i.ytimg.com/vi/o_g79fB1FPc/mqdefault_live.jpg
67674d86fce54eceb37e0dc4ea802132,upcoming,【瑪娜直播】早安咖啡館的陪伴 12-02,2025-12-02T01:00:00Z,https://www.youtube.com/watch?v=QeSD8tfzHDA,https://i.ytimg.com/vi/QeSD8tfzHDA/mqdefault_live.jpg
f466201465ac40ef9f3aefc9b08a39d1,upcoming,【遊戲】對馬戰鬼 #2 👾 諾芙.exe,2025-12-02T01:00:00Z,https://www.youtube.com/watch?v=oq74eOo4nIE,https://i.ytimg.com/vi/oq74eOo4nIE/mqdefault_live.jpg
5bbfc7c1b6584cef8c75f2f9044387d2,upcoming,Day4【FF14】跑去練了好多其他職業ww 來努力繼續衝2.0主線!【焰焰 Homura】Final Fantasy XIV,2025-12-02T01:00:00Z,https://www.youtube.com/watch?v=1XQNHJ0UbYw,https://i.ytimg.com/vi/1XQNHJ0UbYw/mqdefault_live.jpg
788611c913b04d999011628637657bee,upcoming,拍立得工作臺 !! 又是一個不知道幾點下班的日子 △ 米婭,2025-12-02T01:30:00Z,https://www.youtube.com/watch?v=qM9m9N4lbxI,https://i.ytimg.com/vi/qM9m9N4lbxI/mqdefault_live.jpg
177fe395a2704d10add06cb1466fa254,upcoming,【早安実間】子午新聞🔆 我出道要滿兩個月了！,2025-12-02T02:00:00Z,https://www.youtube.com/watch?v=6qhRwzopWkM,https://i.ytimg.com/vi/6qhRwzopWkM/mqdefault_live.jpg
5a934764983e45959855735b79bcc90e,upcoming,〖#早安雜談〗好久沒有在中午之前開台！？究竟起不起得來呢？｜🤖量產型猫飼步歌貳貳機🐱 Fuka22,2025-12-02T02:00:00Z,https://www.youtube.com/watch?v=38rtx_b23q0,https://i.ytimg.com/vi/38rtx_b23q0/mqdefault_live.jpg
e63047f70b0b4a7eba70e7d8cbd507ec,upcoming,【朝活】主播帶你睡覺穿越異世界 | Shiya紫夜/ 馬來西亞vtuber #降落歡迎 #初見歓迎 #縱型直播 #shorts #縱型配信,2025-12-02T02:00:00Z,https://www.youtube.com/watch?v=J0woAPKknH8,https://i.ytimg.com/vi/J0woAPKknH8/mqdefault_live.jpg
5d2231ea88fd474d8a11e5a759899216,upcoming,【1202/早安台灣】台中春水堂拿錯含清潔劑的容器，回沖茶害3人喉嚨灼傷？新北義消駐地內賭博喝酒還詐領救災費，消防局隔1年才開鍘？高雄阿嬤開車進輕軌，車輪陷草皮害列車大延誤？【十六月OctJun】,2025-12-02T02:00:00Z,https://www.youtube.com/watch?v=ndGdeKasVj4,https://i.ytimg.com/vi/ndGdeKasVj4/mqdefault_live.jpg
696e947cd8624e609553d6786d21f11c,upcoming,【加班Day51】只要你加班就會加班  | 夢見ルノ#初見歡迎,2025-12-02T02:00:00Z,https://www.youtube.com/watch?v=rtir_0FDD9s,https://i.ytimg.com/vi/rtir_0FDD9s/mqdefault_live.jpg
b516b71a9e8d43b8a377dabe1f9057dd,upcoming,【 雜談 】邊聊邊工作~💖訂閱按讚掛台大感謝💖5000訂閱就玩健身環＃,2025-12-02T02:30:00Z,https://www.youtube.com/watch?v=2342WJB10i4,https://i.ytimg.com/vi/2342WJB10i4/mqdefault_live.jpg
cf38ee666e104dce949c195f5ac58da2,upcoming,【戰旗/AR/貓咪大戰爭】12/2 這輩子不能理解的幾件事情 受傷痊癒的過程 生出小孩的過程 還有工作,2025-12-02T02:30:00Z,https://www.youtube.com/watch?v=P9_x4_GG8lA,https://i.ytimg.com/vi/P9_x4_GG8lA/mqdefault_live.jpg
633c7350aca946428e98228660ee73e2,upcoming,【迷因繪圖台#3】超絕趕進度！這是你推的迷因繪圖系主播！ #meme【巫菈妮亞💗Urania】,2025-12-02T03:00:00Z,https://www.youtube.com/watch?v=2C7WYGvmHpY,https://i.ytimg.com/vi/2C7WYGvmHpY/mqdefault_live.jpg
683c47ffba3246cb8574a6f2667208d1,upcoming,【♠️遊戲】APEX 野餐郊遊散步最佳遊戲首選｜茶帽瑪緹 ♠︎ Chamamatti,2025-12-02T03:00:00Z,https://www.youtube.com/watch?v=67fSKOaSto0,https://i.ytimg.com/vi/67fSKOaSto0/mqdefault_live.jpg
757f1b20f7bd459ebd8949da907dceea,upcoming,【健身環加班台】火鍋壽喜燒羊肉爐薑母鴨又開始攻擊我們啦 這個月也要努力運動 12月綠界會員餅乾是好吃的牛軋餅【稻荷七櫻Nao】,2025-12-02T03:00:00Z,https://www.youtube.com/watch?v=luNEb7mb-qc,https://i.ytimg.com/vi/luNEb7mb-qc/mqdefault_live.jpg
a5681ed32f994c57a107a0b9248fb228,upcoming,【遊戲時間】✦鳴潮✦繼續解劇情~✦｜星花 露娜娜,2025-12-02T03:00:00Z,https://www.youtube.com/watch?v=I0edLXKsj34,https://i.ytimg.com/vi/I0edLXKsj34/mqdefault_live.jpg
00d9cb7b0bcd451999f4fd33dd84be6c,upcoming,【Final Fantasy XIV】每天都玩到超累才願意休息！【阿楓轟炸MapleBomb】#vtuber #台V,2025-12-02T04:00:00Z,https://www.youtube.com/watch?v=SMwUc_uVwsg,https://i.ytimg.com/vi/SMwUc_uVwsg/mqdefault_live.jpg
08a612f1ecf84b619a8899a5caed28c1,upcoming,✶ １２月１２hr耐久 ✶ 今天讓我陪你～🔥💖⚡ #初見降落大歡迎💕 ⟢ 小內neru ⟣,2025-12-02T04:00:00Z,https://www.youtube.com/watch?v=ydCG_lhQ1Eg,https://i.ytimg.com/vi/ydCG_lhQ1Eg/mqdefault_live.jpg
ed3f69b9de7c43f3a32b4e7dfdb5bfd0,upcoming,【芙蘿拉】猜猜看拉拉吃什麼嘿嘿【午餐約會】,2025-12-02T04:10:00Z,https://www.youtube.com/watch?v=8mo_4pPg-dA,https://i.ytimg.com/vi/8mo_4pPg-dA/mqdefault_live.jpg
c321746bebe740cb98625ca4cf6fb9a7,upcoming,🍓加班台還債🪽最後三小時了哪✨陪小精靈一起加完班吧🩷【莓果花夕 berihanayu Ch.】,2025-12-02T05:00:00Z,https://www.youtube.com/watch?v=mlfMTmv6ab4,https://i.ytimg.com/vi/mlfMTmv6ab4/mqdefault_live.jpg
b322780e7b80404193373149bfa8e86d,upcoming,【深倉不露】2025黑五購物分享 - 高級香氛大集合 ✦ 八倉 Yakura｜@YakuraSage,2025-12-02T05:00:00Z,https://www.youtube.com/watch?v=VZzuS0k7U48,https://i.ytimg.com/vi/VZzuS0k7U48/mqdefault_live.jpg
2f0a0ee6478c45ae8af28953b4c370be,upcoming,｛繪圖雜談｝轉盤再開👻500元得到精緻Q板的機會 現場繪製｛愉快販｝#初見歡迎,2025-12-02T05:00:00Z,https://www.youtube.com/watch?v=P_rW-RM6ibU,https://i.ytimg.com/vi/P_rW-RM6ibU/mqdefault_live.jpg
5d2231ea88fd474d8a11e5a759899216,upcoming,【空洞騎士：絲綢之歌】Silksong✦EP9｜卡拉卡沙川怎麼又是跳跳樂？需要前往低語書庫！【十六月OctJun】,2025-12-02T05:30:00Z,https://www.youtube.com/watch?v=uT1DdzLUE5E,https://i.ytimg.com/vi/uT1DdzLUE5E/mqdefault_live.jpg
f94ba8ea1a5441c4852d53e8f528ee20,upcoming,【FFXIV 繁體中文服】繁中服體驗！重回豆芽 💜   ❣   歡迎初見、聊天、掛台 【 千里せんり】,2025-12-02T05:30:00Z,https://www.youtube.com/watch?v=nLzfa4G_XfI,https://i.ytimg.com/vi/nLzfa4G_XfI/mqdefault_live.jpg
73675987096b486287784fc466b881be,upcoming,【#周年紀念】頻道三周年啦！ #nekotaberrylive #馬來西亞vtuber,2025-12-02T06:00:00Z,https://www.youtube.com/watch?v=1hahV3DZB_k,https://i.ytimg.com/vi/1hahV3DZB_k/mqdefault_live.jpg
5862e8e7c5fd4261af093cec20b40300,upcoming,【作業台】不孤單的小角落 | Fufuno諾兒  #初見歡迎 #新人vtuber,2025-12-02T06:00:00Z,https://www.youtube.com/watch?v=0tCbli66ltc,https://i.ytimg.com/vi/0tCbli66ltc/mqdefault_live.jpg
75ddc749133b4c498eb35ceac1e2a0b2,upcoming,【#FREE台】阿茗 is freeeeee！想做什麼做什麼！ #初見歡迎【紫茗ZiMing】,2025-12-02T06:00:00Z,https://www.youtube.com/watch?v=8xRIGtjeQIw,https://i.ytimg.com/vi/8xRIGtjeQIw/mqdefault_live.jpg
eda6bf91049349e08f0f269fb4f8c0f9,upcoming,【 APEX  】┃今天也要給我冠軍的吧！┃風鈴芽依TrumpetMei┃#鈴芽俐齒 #遊戲 #vtuber #降落歡迎,2025-12-02T06:00:00Z,https://www.youtube.com/watch?v=sAi1B0T_6Zs,https://i.ytimg.com/vi/sAi1B0T_6Zs/mqdefault_live.jpg
9a496e9b261f401dba4991a9f4c7048e,upcoming,【尼爾:自動人形🔹】聽說是個很讚的遊戲 來體驗看看!  - 悠蜜Yomiii #馬來西亞vtuber #马来西亚vtuber,2025-12-02T06:00:00Z,https://www.youtube.com/watch?v=fB5igLGn994,https://i.ytimg.com/vi/fB5igLGn994/mqdefault_live.jpg
f7d0e4ed95e84262b329740d5d27afc9,upcoming,【#歌回】午間摸魚聽歌🧡｜蕾娜｜MojoyLive 二期生,2025-12-02T06:30:00Z,https://www.youtube.com/watch?v=LFej-VnQp6U,https://i.ytimg.com/vi/LFej-VnQp6U/mqdefault_live.jpg
976e0cf401784d3f874dc85b2b2c5839,upcoming,遊戲 ➠ [ #Sekiro: Shadows Die Twice ] 不打贏一隻BOSS不下播！甚至不知道真‧破戒僧之後的下一隻BOSS在哪O.o［ReliveLupo］,2025-12-02T06:30:00Z,https://www.youtube.com/watch?v=4Y2Worn1Euw,https://i.ytimg.com/vi/4Y2Worn1Euw/mqdefault_live.jpg
05be4fb717614738a87daac46157ddb1,upcoming,【燕雲十六聲 EP4】突發！《一葉平生》聽說劇情超好看！一方面限時獎勵快到期了！不要錯過！！（註：任務本身不會消失，但獎勵好像是限時領取的？）,2025-12-02T07:00:00Z,https://www.youtube.com/watch?v=MA8WGXnQGX8,https://i.ytimg.com/vi/MA8WGXnQGX8/mqdefault_live.jpg
af9a2d0fab684be9b9da09e251f6bae6,upcoming,【雜談！】康復了？聊聊養病期間... #初見歡迎【豆豆果柴.Vtuber】,2025-12-02T08:00:00Z,https://www.youtube.com/watch?v=b9X2a1Yhks0,https://i.ytimg.com/vi/b9X2a1Yhks0/mqdefault_live.jpg
364f94fc7493453e9f53787ade8e35c6,upcoming,《隻狼 #6》進入二周目！直接來跑隱藏結局吧！,2025-12-02T08:00:00Z,https://www.youtube.com/watch?v=L-SM2Rcqlxw,https://i.ytimg.com/vi/L-SM2Rcqlxw/mqdefault_live.jpg
6dfe72bb90994dceb7b753908876307d,upcoming,午安阿惑❗想摸魚嗎✨阿惑的精神時光屋就在這裡為您開張😉💖 #初見歡迎 #惑莉Desu,2025-12-02T08:30:00Z,https://www.youtube.com/watch?v=P1dE0AzNbfU,https://i.ytimg.com/vi/P1dE0AzNbfU/mqdefault_live.jpg
5f6f102dd7cc4bfaa99e4cde16b85290,upcoming,【#雜談配信 】♣️初配信後日談♣️去見小夥伴然後回程被高鐵傳到不對的地方捏...... #睏睏幽昵Yawnii #新人vtuber,2025-12-02T09:00:00Z,https://www.youtube.com/watch?v=AB7huG48Czk,https://i.ytimg.com/vi/AB7huG48Czk/mqdefault_live.jpg
f0b85b56d1d84085aca5ab7f592bd7da,upcoming,【遊戲】幫龜毛人排座位 Part 2【這位子形不形】 #歡迎初見 #歡迎降落 #歡迎掛台 Is This Seat Taken?,2025-12-02T09:00:00Z,https://www.youtube.com/watch?v=TKrJiGlhoEg,https://i.ytimg.com/vi/TKrJiGlhoEg/mqdefault_live.jpg
73b97b1a35c84579aa8ffcd6534efad3,upcoming,米津真的懂鏈鋸人 瘋與愛全都寫進歌裡,2025-12-02T09:00:00Z,https://www.youtube.com/watch?v=AYTigs9B5oo,https://i.ytimg.com/vi/AYTigs9B5oo/mqdefault.jpg
35f3bb64e69c432180b98dde239f3bdd,upcoming,🌰 異病偵探 Psycho-Sleuth🐰 栗可蓓歐的玩具箱：「 哇嗚可以在這款遊戲遇到灰妲耶噗喵 」｜#魔儲MEPay  #異病偵探  #台灣原創遊戲,2025-12-02T09:00:00Z,https://www.youtube.com/watch?v=GJJrj8MDP5o,https://i.ytimg.com/vi/GJJrj8MDP5o/mqdefault_live.jpg
35f3bb64e69c432180b98dde239f3bdd,upcoming,🌰 凜冬前線 🐰 栗可蓓歐的玩具箱：「來Try Try看卡牌遊戲！！聽說有點難度是真的假的？ 」｜#凜冬前線 #FrostBound,2025-12-02T09:00:00Z,https://www.youtube.com/watch?v=gRKC9D1kxhk,https://i.ytimg.com/vi/gRKC9D1kxhk/mqdefault_live.jpg
1c304e8690e2400d9482f1173f59ad70,upcoming,【Dead By Daylight】新手入坑 今天繼續玩人類！努力不坑隊友【猫崎ライミ/貓崎萊米】,2025-12-02T09:00:00Z,https://www.youtube.com/watch?v=X_86-4gE_eI,https://i.ytimg.com/vi/X_86-4gE_eI/mqdefault_live.jpg
36a96262405a4d4683db73d8403bf8b7,upcoming,十一月書單｜影展場間休息時讀了什麼書？ #初見さん大歓迎,2025-12-02T09:00:00Z,https://www.youtube.com/watch?v=geB9j3NPbZo,https://i.ytimg.com/vi/geB9j3NPbZo/mqdefault_live.jpg
d475848a566848dc9f6ad02707d87e2a,upcoming,【Tiny Bookshop】悠閑輕鬆經營(聽住先)【HKVTuber/Ding】,2025-12-02T09:00:00Z,https://www.youtube.com/watch?v=yU_HlQ35Vuw,https://i.ytimg.com/vi/yU_HlQ35Vuw/mqdefault_live.jpg
57903e09a68f4997b7c4bc356cd5e64d,upcoming,FF14開服！我來幫你取遊戲ID💪🏻💪🏻💪🏻 #初見歡迎 ｜福栗 Fukuri｜VerseLink,2025-12-02T09:00:00Z,https://www.youtube.com/watch?v=BBQWDHSpris,https://i.ytimg.com/vi/BBQWDHSpris/mqdefault_live.jpg
5fd252ad134343a59705e00390c6d9ef,upcoming,【 #雜談 】在成為光之郵差的空隙陪你們下班～｜聖茶會話室☕📖 ✞ 莓川紗織/新人VTuber ✞ #初見歡迎,2025-12-02T09:30:00Z,https://www.youtube.com/watch?v=0_hF0ub-mzM,https://i.ytimg.com/vi/0_hF0ub-mzM/mqdefault_live.jpg
bee9506c5d714205bfc69573280852c2,upcoming,【遊戲】世界第一大市集？不，今天是奶茶的結婚大日子！❤ | 初見さん大歓迎❤ | @mirutea_vtuber,2025-12-02T09:30:00Z,https://www.youtube.com/watch?v=YdKbgMwuQzk,https://i.ytimg.com/vi/YdKbgMwuQzk/mqdefault_live.jpg
af41302aa9184c2dbc25d2ed16e878fc,upcoming,【#敬來玩】25.12.02 【雙人成行#4】邊鋤草邊修復感情 w/ 友人N #vtuber準備中 #台v,2025-12-02T10:30:00Z,https://www.youtube.com/watch?v=-N9CbEdPxf4,https://i.ytimg.com/vi/-N9CbEdPxf4/mqdefault_live.jpg
49eca1ea30a8425a8967677070c95627,upcoming,〖歌雜〗豪久妹由唱歌了捏，唱一些喜翻ㄉ歌的拉｜米菈,2025-12-02T11:00:00Z,https://www.youtube.com/watch?v=Y49qqlg-bGw,https://i.ytimg.com/vi/Y49qqlg-bGw/mqdefault_live.jpg
a168211aa3dd451cb33e09b80df0ea0a,upcoming,【亞路塔 狐狸狐途的麵包冒險】繼續做麵包!｜神崎アルファ,2025-12-02T11:00:00Z,https://www.youtube.com/watch?v=3QKbCwdzjJY,https://i.ytimg.com/vi/3QKbCwdzjJY/mqdefault_live.jpg
5fc94cdcf7594a3ba5ce001ba405d3be,upcoming,【新衣裝新模型公佈】萬訂了！全新自己！來看看我吧~ | 马来西亚V |   #vtuber中文  #雜談 #馬來西亞vtuber,2025-12-02T11:00:00Z,https://www.youtube.com/watch?v=gw23Q5wPxTI,https://i.ytimg.com/vi/gw23Q5wPxTI/mqdefault_live.jpg
3b0031a4b57f46719f06cbf7c5cc42b6,upcoming,【同步視聽】開趴！《機械女僕‧瑪麗》初次追番~,2025-12-02T11:30:00Z,https://www.youtube.com/watch?v=ZdU2WeQf1Mg,https://i.ytimg.com/vi/ZdU2WeQf1Mg/mqdefault_live.jpg
f958b1a87ecd4bfab42ba0d1443bfa61,upcoming,FF XIV サンドリア + 日常 繁中服推薦碼 HSF6205 歡迎使用 繁中服相關問題歡迎發問,2025-12-02T11:30:00Z,https://www.youtube.com/watch?v=odO-3vhTSOg,https://i.ytimg.com/vi/odO-3vhTSOg/mqdefault_live.jpg
c04f006e69e04000a68cd0c41f888eb2,upcoming,【 我們到了嗎? 】盡頭到底是什麼!!!!! | Rluo Ch. 阿洛《 RV There Yet 》,2025-12-02T12:00:00Z,https://www.youtube.com/watch?v=vcCqABXAtig,https://i.ytimg.com/vi/vcCqABXAtig/mqdefault_live.jpg
01ba034aab854ec680fe6f1ddc7008e2,upcoming,『#TCG Card Shop』一款我想玩很久了的遊戲，放置play好久了！今天來玩！#歡迎初見 #歡迎降落,2025-12-02T12:00:00Z,https://www.youtube.com/watch?v=GOG-2YyBrSY,https://i.ytimg.com/vi/GOG-2YyBrSY/mqdefault_live.jpg
02f5258d29b046bc9f597c9baac014bf,upcoming,【初次連動】仙境內鬨團出動 ft.ælis / 珮蕾pele.,2025-12-02T12:00:00Z,https://www.youtube.com/watch?v=Ks_-hNjCqgM,https://i.ytimg.com/vi/Ks_-hNjCqgM/mqdefault_live.jpg
7870ac4364ca4c97a4dfe7474251bf5b,upcoming,【中央空調】要來戀愛嗎？我家的貓貓會後空翻！？｜薄葉透UsubaToru｜SDS,2025-12-02T12:00:00Z,https://www.youtube.com/watch?v=DFzMgldoXxA,https://i.ytimg.com/vi/DFzMgldoXxA/mqdefault_live.jpg
c8ef4e3182b74ecd994c837a75624390,upcoming,【初斂的滋味】初次斂財回！來用抖內讓我做你想要的事...♥,2025-12-02T12:00:00Z,https://www.youtube.com/watch?v=Tofl-i9cH6A,https://i.ytimg.com/vi/Tofl-i9cH6A/mqdefault_live.jpg
6fa5098cd1c644c5871a47a7e56803dc,upcoming,〖 粿粿談 〗初見歡迎🧋默默地就到年尾啦✨來跟大家分享12月有甚麼企劃吧💖💛 #雜談 #初見歡迎 #降落歡迎,2025-12-02T12:00:00Z,https://www.youtube.com/watch?v=jz29J6WVGN8,https://i.ytimg.com/vi/jz29J6WVGN8/mqdefault_live.jpg
6f9d63518a69442a88ac602a3b37bf18,upcoming,【第三屆金V獎SP】不同曲風，同個靈魂！這才是真正的演唱實力測試！ft. 絆 Kizuna、奧蕾莉婭、亞諾・歐托亞、女巫西亞、三森ルイ,2025-12-02T12:00:00Z,https://www.youtube.com/watch?v=dShXscOSiMg,https://i.ytimg.com/vi/dShXscOSiMg/mqdefault_live.jpg
c430f1e7cfee4440b2b537c80a2a667d,upcoming,【楓之谷Artale】加班最後兩小時啦✨有找滿人就拉圖斯連七‼️加班台part18【白羽祈／台灣Vtuber】,2025-12-02T12:00:00Z,https://www.youtube.com/watch?v=8T_hnTRYpo4,https://i.ytimg.com/vi/8T_hnTRYpo4/mqdefault_live.jpg
683c47ffba3246cb8574a6f2667208d1,upcoming,【♠️遊戲連動】PEAK 夢遊仙境爬山團成立！今天會解散嗎？ ft.ælis｜茶帽瑪緹 ♠︎ Chamamatti,2025-12-02T12:00:00Z,https://www.youtube.com/watch?v=LIZMUQ1pg2c,https://i.ytimg.com/vi/LIZMUQ1pg2c/mqdefault_live.jpg
058021ae015448cda91651a6bd41cdc6,upcoming,✒️創作雑談枠✒️我創作了一個TRPG🎲完成三步驟就能自由開完的超彈性說書跑團！#vtuber #台灣vtuber #作業配信,2025-12-02T12:00:00Z,https://www.youtube.com/watch?v=g-sqmqk08B4,https://i.ytimg.com/vi/g-sqmqk08B4/mqdefault_live.jpg
b0f523194beb4abca2b433e9e41d912c,upcoming,【突發】小鈴鐺記得按 #降落歡迎 #初見歡迎,2025-12-02T12:00:00Z,https://www.youtube.com/watch?v=MdOk-JwL5W0,https://i.ytimg.com/vi/MdOk-JwL5W0/mqdefault_live.jpg
8ae0f370cf124faa953a09089a427fd9,upcoming,《尼爾：自動人形》#1　【#可悠悠】,2025-12-02T12:00:00Z,https://www.youtube.com/watch?v=_Zb9PvD360Q,https://i.ytimg.com/vi/_Zb9PvD360Q/mqdefault_live.jpg
b3f711673fea4ec5b6f87c023353594d,upcoming,天月麻雀EP26｜僅有兩張｜打飛茵茵獲得第一名送結緣券｜艾茵莉思Aynlice｜#天月麻雀 #AmatsukiMahjong #麻將 #麻雀 #vtuber #twvtuber #台V,2025-12-02T12:00:00Z,https://www.youtube.com/watch?v=AW4mWka1xB0,https://i.ytimg.com/vi/AW4mWka1xB0/mqdefault_live.jpg
efe550a729e14dbab790a3f73205d8ed,upcoming,【#窒愛 】馬來西亞Vtuber玩台灣恐怖遊戲耶!! pt.2 | #MalaysiaVtuber #馬來西亞Vtuber【秋月イノリ | 秋月祁】,2025-12-02T12:00:00Z,https://www.youtube.com/watch?v=B4wQzjnzGaQ,https://i.ytimg.com/vi/B4wQzjnzGaQ/mqdefault_live.jpg
0fbdfcc1b9cf41fdb840cf2f546d9324,upcoming,【FF14繁中版】今天一定拚玩2.X,2025-12-02T12:00:00Z,https://www.youtube.com/watch?v=V3pY5zra4W4,https://i.ytimg.com/vi/V3pY5zra4W4/mqdefault_live.jpg
f1bcb26adebc4b95abd8fb779dfc4f6f,upcoming,《 GOGH: FOCUS WITH YOUR AVATAR 》在虛擬世界建自己的房間工作吧!!我想要漂漂房間 ☀ 柯琳焙可#初見歡迎 #降落歡迎,2025-12-02T12:00:00Z,https://www.youtube.com/watch?v=YVRyIPDZ4po,https://i.ytimg.com/vi/YVRyIPDZ4po/mqdefault_live.jpg
32a08f858ffb4d6aba0624647cf8cf2d,upcoming,【鳴潮#70】穗波市怪談收尾~來打仿聲戰略看看難度？,2025-12-02T12:00:00Z,https://www.youtube.com/watch?v=KP0TJ4gvXqM,https://i.ytimg.com/vi/KP0TJ4gvXqM/mqdefault_live.jpg
9a7b7c9c31da44aca5a68395a2e69488,upcoming,【無声透明Vtuber】スーパーロボット大戦Y #34 【バ美肉、バ美声不使用】,2025-12-02T12:00:00Z,https://www.youtube.com/watch?v=88SgPc_-UcU,https://i.ytimg.com/vi/88SgPc_-UcU/mqdefault_live.jpg
87e1b5eec62040118b6bd49efbe5d61c,upcoming,【日後談／後日談】初配信補充和感謝的話🦝,2025-12-02T12:00:00Z,https://www.youtube.com/watch?v=Kw9rFiJmyFk,https://i.ytimg.com/vi/Kw9rFiJmyFk/mqdefault_live.jpg
44b22851b9df4612bec834e2cfde9489,upcoming,Cover後日談  [香港Vtuber],2025-12-02T12:30:00Z,https://www.youtube.com/watch?v=88xYZiWBszI,https://i.ytimg.com/vi/88xYZiWBszI/mqdefault_live.jpg
7e9fc4a1ccc7445182bb3c5264d99187,upcoming,【雜談】已經開始餓了⋯⋯🤤,2025-12-02T12:30:00Z,https://www.youtube.com/watch?v=kb4bEpVGoks,https://i.ytimg.com/vi/kb4bEpVGoks/mqdefault_live.jpg
5612ac8b150e45e5a7381a2c07e9671a,upcoming,【#遊戲】閃電十一人 英雄們的勝利之路 #15 イナズマイレブン 英雄たちのヴィクトリーロード｜進入十年後啦！GO篇！💖💖💖 #初見歡迎【莉莉露 Lililu Ch.】,2025-12-02T12:30:00Z,https://www.youtube.com/watch?v=AmrS9VcP_lM,https://i.ytimg.com/vi/AmrS9VcP_lM/mqdefault_live.jpg
e04cb802f3c949bc8300c4125078f738,upcoming,【縱型歌枠】廣東歌回之夜 ｜愛婭AYA #vtuber #初見歡迎 #hkvtuber #台v #雙語台 #新人vtuber #うたうよしん #karaoke #Singingstream,2025-12-02T12:30:00Z,https://www.youtube.com/watch?v=uHaKf_5yik4,https://i.ytimg.com/vi/uHaKf_5yik4/mqdefault_live.jpg
645fc774332a469ebd03f1a822ebe2be,upcoming,✧︎*。『marble heart』For You...♡ (cover) / 紡霊拉比,2025-12-02T12:30:00Z,https://www.youtube.com/watch?v=efWDAW3kMVo,https://i.ytimg.com/vi/efWDAW3kMVo/mqdefault.jpg
673abaca34d047b49b11d50214a9a463,upcoming,【同步視聽】10-13集，今天來把這部看完！青春豬頭少年不會夢到兔女郎學姊！  #Vtuber #歡迎初見 #動畫 #同步視聽 #陪伴 #朔時零,2025-12-02T12:30:00Z,https://www.youtube.com/watch?v=H16gHJ2Js1I,https://i.ytimg.com/vi/H16gHJ2Js1I/mqdefault_live.jpg
e810dcd23c334fd184d254718517764e,upcoming,【WH40K: SM | 戰錘：殺無雙】WAAAGH!【香港Vtuber】,2025-12-02T12:30:00Z,https://www.youtube.com/watch?v=l6VmQJqdyf4,https://i.ytimg.com/vi/l6VmQJqdyf4/mqdefault_live.jpg
49196eec11454f589d4d6e52f1b1bbe8,upcoming,【直播】【連動】Saborus|絕對不想變成烤雞!!!!!!快跑啊!!!逃跑去吧!!!小雞!!!【菜姬】,2025-12-02T12:30:00Z,https://www.youtube.com/watch?v=1BwBSoo-1ow,https://i.ytimg.com/vi/1BwBSoo-1ow/mqdefault_live.jpg
02dadd7977b8412b99f101241de4cb3f,upcoming,【十月還債】RUBY指定遊戲沉默意志,2025-12-02T12:30:00Z,https://www.youtube.com/watch?v=tUN2mpmhxzM,https://i.ytimg.com/vi/tUN2mpmhxzM/mqdefault_live.jpg
b54e216619d14031a317b820113e4084,upcoming,12月減息不確定，AI泡沫危機！聖誕行情還有希望嗎？,2025-12-02T12:30:00Z,https://www.youtube.com/watch?v=zEIs9vhRw8g,https://i.ytimg.com/vi/zEIs9vhRw8g/mqdefault_live.jpg
6bf5f37da9e74d539963689b6b0256a5,upcoming,【空洞騎士】AA的A不是硬A的A #13 / #hollowknight  #vtuber,2025-12-02T12:30:00Z,https://www.youtube.com/watch?v=8CMjQzy8Hfc,https://i.ytimg.com/vi/8CMjQzy8Hfc/mqdefault_live.jpg
a6b0f8c8343041f0b1ea96c46ee4e582,upcoming,【#minecraft】#3 蓋據點！ | 初見&聊天歡迎💜 | ◈和澄シン二ィ,2025-12-02T12:30:00Z,https://www.youtube.com/watch?v=Bb-D92F4J7k,https://i.ytimg.com/vi/Bb-D92F4J7k/mqdefault_live.jpg
cdb5c89f61c94949a989457cf549b7e4,upcoming,🍓日本限定拍立得𝑬𝑷.𝟐 ♥ˎˊ˗  不會簽不完吧...還是主播：簽不完ㄌ哈哈 ♡.゜〖莓芊時戀💖〗,2025-12-02T12:30:00Z,https://www.youtube.com/watch?v=bfa6X4E3gkk,https://i.ytimg.com/vi/bfa6X4E3gkk/mqdefault_live.jpg
a060cd640cf44c2bb8d78d8ff2411e68,upcoming,【雜談】冬天穿搭怎麼搭？還是不.....｜諾鴉・奈菲墨｜,2025-12-02T12:30:00Z,https://www.youtube.com/watch?v=gvL8Cbpk7GY,https://i.ytimg.com/vi/gvL8Cbpk7GY/mqdefault_live.jpg
443ba741722742d5b7d5f76c3e7b445b,upcoming,【手チラ注意】#毛毛球進化二周年 グッズ公開／RG33＆新年グッズ告知／自作PNG衣装予告 🍡多言語天然癒し系｜魅音モモキュ．毛毛球,2025-12-02T12:30:18Z,https://www.youtube.com/watch?v=H8la9PnBxOE,https://i.ytimg.com/vi/H8la9PnBxOE/mqdefault_live.jpg
925d91a363914edfb035fe6c08946be9,upcoming,【4週年紀念直播】不敢相信!已經過了四年了嗎? 謝謝大家一直以來的陪伴 #米米縭Live,2025-12-02T12:45:00Z,https://www.youtube.com/watch?v=XpS29YhW2-Q,https://i.ytimg.com/vi/XpS29YhW2-Q/mqdefault_live.jpg
118c05e7f751446abee5fc827fda0215,upcoming,[20251202] FFXIV 繁體中文版 【獅子山 Rio】,2025-12-02T13:00:00Z,https://www.youtube.com/watch?v=WBGcy7G4ERM,https://i.ytimg.com/vi/WBGcy7G4ERM/mqdefault_live.jpg
8e84dbdebec446bab8c82b3f0467f398,upcoming,【SILENT HILL f】靈刀被淨化了，那還靈嗎?【好冷又好爽】,2025-12-02T13:00:00Z,https://www.youtube.com/watch?v=BB6fWfJpm5E,https://i.ytimg.com/vi/BB6fWfJpm5E/mqdefault_live.jpg
5de329cf8bc5410fb40ef38d117be94d,upcoming,【RV There Yet】跟新朋友一起飆車!! #冬鈴 #rvthereyet,2025-12-02T13:00:00Z,https://www.youtube.com/watch?v=bSFhGTgtooI,https://i.ytimg.com/vi/bSFhGTgtooI/mqdefault_live.jpg
b7f222493f4d4bd1be65f1c08300b45e,upcoming,【#天月麻雀 】久違的觀眾同樂場來啦🀄今日牌局結束時點數最高的前5名可以獲得獎品哦！【#紗羅Live】,2025-12-02T13:00:00Z,https://www.youtube.com/watch?v=Q1mr-L-cOi0,https://i.ytimg.com/vi/Q1mr-L-cOi0/mqdefault_live.jpg
3a43445829024217b728d04d5398b61c,upcoming,🦄觀眾同樂☆初見大歡迎~快來幫貓貓上大師 ฅ•ω•ฅ #pokemonunite #視聽者參加型【悠妮涅可💜Unineko】,2025-12-02T13:00:00Z,https://www.youtube.com/watch?v=QmNifxMA7b4,https://i.ytimg.com/vi/QmNifxMA7b4/mqdefault_live.jpg
c61d5dd825d5423fac8fd1bc0596d1ff,upcoming,【宮廟進香團】月球里-哥哥我老宮 午拜午保庇   │火吻怪盜卡門  #新人Vtuber #火熱公測 #初見歡迎,2025-12-02T13:00:00Z,https://www.youtube.com/watch?v=ibCD9YNHJ6U,https://i.ytimg.com/vi/ibCD9YNHJ6U/mqdefault_live.jpg
0c3b5ae85d2940b8b73a92d72dc0d313,upcoming,【整理拾光】究竟是休閒療癒還是惹怒強迫症呢 ? 讓我們拭目以待 ლ(•ω •ლ) #RumuLive,2025-12-02T13:00:00Z,https://www.youtube.com/watch?v=jCZkni8sstc,https://i.ytimg.com/vi/jCZkni8sstc/mqdefault_live.jpg
8fd3526ba2074df896bbcb47e713565b,upcoming,暖暖占卜🔮【#2025每月運勢】#12🌞十二月整體運勢占卜｜Ooniau暖暖🐈‍⬛🔮,2025-12-02T13:00:00Z,https://www.youtube.com/watch?v=9pJECoQqcCA,https://i.ytimg.com/vi/9pJECoQqcCA/mqdefault_live.jpg
645fc774332a469ebd03f1a822ebe2be,upcoming,【後日談】#舊比3D化公開🤍又到了有很多事可以分享的時候…！【紡霊拉比】,2025-12-02T13:00:00Z,https://www.youtube.com/watch?v=aCIsScs6BZU,https://i.ytimg.com/vi/aCIsScs6BZU/mqdefault_live.jpg
a9f6574e98f34b20a05269134930fb50,upcoming,【中文歌練習歌回】台湾ポップスとかC-POPを練習するぞ！/茸茸鼠,2025-12-02T13:00:00Z,https://www.youtube.com/watch?v=CEqQDSDilJg,https://i.ytimg.com/vi/CEqQDSDilJg/mqdefault_live.jpg
aa1bb853e814428eb663082b28309309,upcoming,【雜談】鈴中漫步｜邀請大家一起來鈴🎐中漫步 #楔在進行式 #初見歡迎 #歡迎降落,2025-12-02T13:00:00Z,https://www.youtube.com/watch?v=hScUwkA1Xjk,https://i.ytimg.com/vi/hScUwkA1Xjk/mqdefault_live.jpg
a55a6a4b6453413cb8b1dc69423b67d5,upcoming,【文字遊戯 # 16】台湾発 ” 翻訳不可能 ” と呼ばれているゲームを台湾人がプレイします！！,2025-12-02T13:00:00Z,https://www.youtube.com/watch?v=e6fWC7owsC0,https://i.ytimg.com/vi/e6fWC7owsC0/mqdefault_live.jpg
6c7a8b443aa942a89a83485c98d10559,upcoming,明天就生日啦🎂趕快給明天的自己一個驚喜！【小原栞SHIORI】,2025-12-02T13:00:00Z,https://www.youtube.com/watch?v=PJv0VYSrJMU,https://i.ytimg.com/vi/PJv0VYSrJMU/mqdefault_live.jpg
b1ba066a7bc44c93a4ca264f2144f5bd,upcoming,12/2 ◖遊雜｜都市傳說解體中心 #1◗ 成為調查員，真相只有一個！【#秋未】,2025-12-02T13:00:00Z,https://www.youtube.com/watch?v=tcXsVKJy2H0,https://i.ytimg.com/vi/tcXsVKJy2H0/mqdefault_live.jpg
fbced2373c5a48f6abee998296f20617,upcoming,【#歌雜】想我的話就聽這首歌｜芙樂兒🍭MojoyLive 二期生,2025-12-02T13:00:00Z,https://www.youtube.com/watch?v=hUcXvCzjws4,https://i.ytimg.com/vi/hUcXvCzjws4/mqdefault_live.jpg
ad56a56e509c4b6fa0cf11ca959e3c72,upcoming,【凜冬前線】FrostBound 肉鴿卡牌遊戲 露露擊退異鬼大軍的話John Snow會娶我嗎(欸？)【白音エルル/白音艾露露】 #遊戲實況 #vtuber,2025-12-02T13:00:00Z,https://www.youtube.com/watch?v=-zjydMPZ7Go,https://i.ytimg.com/vi/-zjydMPZ7Go/mqdefault_live.jpg
42ff41f7d6884ae8b93ed46415376d83,upcoming,【最終幻想14台服】在艾歐澤亞對day2【萊卡·庫特莉亞芙卡Laika Kudryavka】,2025-12-02T13:00:00Z,https://www.youtube.com/watch?v=_lTf_8ntGvw,https://i.ytimg.com/vi/_lTf_8ntGvw/mqdefault_live.jpg
2683fa864bd24112b6f7d04afb096a4e,upcoming,【 兔崽崽雜談 】快跟崽崽分享當兵遇到甚麼有趣的事情吧 ~  #兔崽崽吵什麼吵 #vtuber #台v #歡迎降落,2025-12-02T13:00:00Z,https://www.youtube.com/watch?v=ZJsSjdfe9xU,https://i.ytimg.com/vi/ZJsSjdfe9xU/mqdefault_live.jpg
7a93714b53274fbaad48bef3b409d458,upcoming,【主題雜談】點365元的鹹酥雞就被罵拜金？現在拜金的門檻也太低了吧【小林釣具店】,2025-12-02T13:00:00Z,https://www.youtube.com/watch?v=lrWvbkGQu7o,https://i.ytimg.com/vi/lrWvbkGQu7o/mqdefault_live.jpg
ffe3f2e400ab4237ac873ae9d5a0eda4,upcoming,【畫頭貼】聖誕節一起來換個有節日氣息的頭貼吧🎄【奇露琪露 Kirukiru】,2025-12-02T13:00:00Z,https://www.youtube.com/watch?v=dHbASuJGfS4,https://i.ytimg.com/vi/dHbASuJGfS4/mqdefault_live.jpg
8f7fdc3104f541539132c122eeab6801,upcoming,【歌回】張韶涵專場🥰一起來享受這清亮的歌曲吧！ #颯葻而至 #初見歡迎 #歡迎降落,2025-12-02T13:00:00Z,https://www.youtube.com/watch?v=pZZ7-PNOWvs,https://i.ytimg.com/vi/pZZ7-PNOWvs/mqdefault_live.jpg
b42416c629e64c948f75aff4ff5c9a8a,upcoming,【FF14 繁中服 #1】請不要阻止我成為頂尖馬鈴薯！初心歡迎！利維坦 ｜#ff14,2025-12-02T13:00:00Z,https://www.youtube.com/watch?v=jpAIV4GoKho,https://i.ytimg.com/vi/jpAIV4GoKho/mqdefault_live.jpg
4f20e15637644c409c850ced48bb33dd,upcoming,🍀泰拉瑞亞🍀聽説了很久終於要玩看看了！！✨✨feat.ReiMu【Zu²tTo】,2025-12-02T13:00:00Z,https://www.youtube.com/watch?v=fyCvOwGffLI,https://i.ytimg.com/vi/fyCvOwGffLI/mqdefault_live.jpg
c379e3f4f1eb41869ec465481b182e50,upcoming,☕️露手開箱☕️狐菲HuFei咖啡限定！姆莉醬聖誕收集小卡！或許是個不錯的交換禮物？#降落歡迎 #初見歡迎 #姆莉醬 #台V #vtuber #虛擬youtuber #虛擬主播,2025-12-02T13:00:42Z,https://www.youtube.com/watch?v=YL9_mGxKXAE,https://i.ytimg.com/vi/YL9_mGxKXAE/mqdefault_live.jpg
e290f49c193149708cd72747639d5ced,upcoming,【牧場物語 風之繁華市集】#10 新的季節~秋天,2025-12-02T13:30:00Z,https://www.youtube.com/watch?v=M5p6U-JFwKM,https://i.ytimg.com/vi/M5p6U-JFwKM/mqdefault_live.jpg
38fcf8bc7f3f45d68bab44577c019c84,upcoming,【遊戲】買惹新裝當然要找點人肉沙包試試強度！(? 《俠客風雲傳》✨ ｜療癒祭司西西莉⏱🌟🎶,2025-12-02T13:30:00Z,https://www.youtube.com/watch?v=p0qs-pzH50Q,https://i.ytimg.com/vi/p0qs-pzH50Q/mqdefault_live.jpg
463e3994840145618264d41fa3eaf344,upcoming,【 潛水員戴夫 DAVE THE DIVER 】#6 第六次來跟戴夫一起去潛水找東西啦!!! ₍₍◝(･'ω'･)◟⁾⁾,2025-12-02T13:30:00Z,https://www.youtube.com/watch?v=tlaS9rRh_RI,https://i.ytimg.com/vi/tlaS9rRh_RI/mqdefault_live.jpg
08be94e874d448f8a2794a44c61e8d8f,upcoming,【星露谷物語】回歸田園！當隻務農狸貓！✦ 狸咪 Tanuki Miihi,2025-12-02T13:30:00Z,https://www.youtube.com/watch?v=sMpXmFhDpNk,https://i.ytimg.com/vi/sMpXmFhDpNk/mqdefault_live.jpg
c0c35f0471774be2b33163ae20f2d6bb,upcoming,【The Password Game】我知道你們下班下課後不想用腦子但是再不用腦子他就要消失惹🧠🔥色々問題解けないといけないパスワードを作るゲームです🎮 【薬袋アルマ／Vtuber】,2025-12-02T13:30:00Z,https://www.youtube.com/watch?v=lO2IFlM7bu0,https://i.ytimg.com/vi/lO2IFlM7bu0/mqdefault_live.jpg
0e136a936a574815a311e6e801ce3ca6,upcoming,【松鼠開台中】《召喚師戰棋 Invoker Tactics》 腦子不太靈光的松鼠到底能玩到甚麼程度呢 #台V #初見歡迎,2025-12-02T13:30:00Z,https://www.youtube.com/watch?v=WGsDZnU6P58,https://i.ytimg.com/vi/WGsDZnU6P58/mqdefault_live.jpg
9881cf3008684e55aea70a2499e84163,upcoming,【遊戲？】來玩玩看傳說中的戀愛模擬遊戲，來看看跟男人住在一起的男人如果被其他男人包圍會怎樣？！涼拌炒雞蛋，越炒越完蛋～糟糕！他們太愛我了💞怎麼辦💞初見歡迎～┃山君酷塔,2025-12-02T13:30:00Z,https://www.youtube.com/watch?v=NPFpSHUGMb8,https://i.ytimg.com/vi/NPFpSHUGMb8/mqdefault_live.jpg
1ae72d56be5547b1825cdc0fdc0cce2e,upcoming,【誰來晚餐】拜金台女測驗：貪婪化身 vs. 金毛美猴，誰最拜金 ? ft. 坎妮絲 #初見歡迎 #降落歡迎｜卡密拉｜MojoyLive 二期生,2025-12-02T13:30:00Z,https://www.youtube.com/watch?v=znjZooWLrUQ,https://i.ytimg.com/vi/znjZooWLrUQ/mqdefault_live.jpg
da2113ffb3d74a6394685e68feaa7b60,upcoming,[童年回憶-爆爆王]和莎莎一起來回憶國小時代的小遊戲爆爆王ㄅ~ #台灣vtuber #vtuber #新人vtuber #遊戲實況 #童年 #童年回憶 #炸彈寶寶 #爆爆王 #遊戲天堂 #初見歡迎,2025-12-02T13:30:00Z,https://www.youtube.com/watch?v=SuI2Tj8lHKg,https://i.ytimg.com/vi/SuI2Tj8lHKg/mqdefault_live.jpg
3922688ae4b64592b8301430e19fd2ca,upcoming,【一周年紀念】窩草 一年ㄌ 甚麼情況,2025-12-02T13:30:59Z,https://www.youtube.com/watch?v=xoML2_aeO-0,https://i.ytimg.com/vi/xoML2_aeO-0/mqdefault_live.jpg
8e84dbdebec446bab8c82b3f0467f398,upcoming,【中文音聲】午餐便當的交換條件｜24 天語音聖誕日記,2025-12-02T14:00:00Z,https://www.youtube.com/watch?v=1RLynMbu3BA,https://i.ytimg.com/vi/1RLynMbu3BA/mqdefault.jpg
e9fa90c6824c47abbfd114e9cd9b4125,upcoming,《 凜冬前線 FrostBound》肉鴿卡牌 燒腦規劃資源 主播到底會不會燒壞腦呢【狐崎冥 KitsunezakiMei】,2025-12-02T14:00:00Z,https://www.youtube.com/watch?v=dH6HOCALtgY,https://i.ytimg.com/vi/dH6HOCALtgY/mqdefault_live.jpg
87e486b2a37549cbaccc95bbf7d3f253,upcoming,【Ghostwire: Tokyo】Day3 打鬼要用朱古力!【HKVtuber｜佩佩希普諾】,2025-12-02T14:00:00Z,https://www.youtube.com/watch?v=TnMXACw1sFo,https://i.ytimg.com/vi/TnMXACw1sFo/mqdefault_live.jpg
fceadce7c37f4cc08bc747aa79c3cf9e,upcoming,【#燕雲十六聲 】田英好狗ww大家來圍毆他！！！ #初見歡迎 #觀眾參與【長嶋蕾 】,2025-12-02T14:00:00Z,https://www.youtube.com/watch?v=l3BVGFLUeaY,https://i.ytimg.com/vi/l3BVGFLUeaY/mqdefault_live.jpg
05317bcbe5f243abb85618d2669bd0d7,upcoming,【雜談、音樂】極致放鬆空間｜Ultimate Relax Space。,2025-12-02T14:00:00Z,https://www.youtube.com/watch?v=N82BRaJGMaA,https://i.ytimg.com/vi/N82BRaJGMaA/mqdefault_live.jpg
f2ad5f187c9141ab8830b8eaf81c3aee,upcoming,【文具英雄】香港本地制作塔防手遊🤟🏼今日唔想再挖礦了! 想小試活動!【皇咲レイナ | HKVtuber】,2025-12-02T14:00:00Z,https://www.youtube.com/watch?v=qYTQD0gRr40,https://i.ytimg.com/vi/qYTQD0gRr40/mqdefault_live.jpg
2ba32c49f08849f9a109b7e485c9c5a5,upcoming,【 ？？？】今天來用 書本 打人💥❕｜沐沐シノもみじ🍓🐿️ #🎮,2025-12-02T14:00:00Z,https://www.youtube.com/watch?v=cj_3Sb9M_Ek,https://i.ytimg.com/vi/cj_3Sb9M_Ek/mqdefault_live.jpg
9ad37d3249e24861bc8cb84368883258,upcoming,【円兔】今天說的話一蓋不負責喔 _夏賀円那｜#Vtuber #初見さん大歓迎 #歡迎降落 #台灣Vtuber,2025-12-02T14:00:00Z,https://www.youtube.com/watch?v=L6KYkDfU3pI,https://i.ytimg.com/vi/L6KYkDfU3pI/mqdefault_live.jpg
914f6caed3ff4348824d966f76662bc2,upcoming,【唱一點歌】無論傷痛和放鬆都不是罪【香港Vtuber/月島クロス】,2025-12-02T14:00:00Z,https://www.youtube.com/watch?v=G9OxLsLUdcQ,https://i.ytimg.com/vi/G9OxLsLUdcQ/mqdefault_live.jpg
cd42e06c40534d9eac7e30a434e47d43,upcoming,【解憂咖啡廳】今天又來閱讀煩惱了! ♡｜#60｜嗷嗷  ♡ #vtuber,2025-12-02T14:00:00Z,https://www.youtube.com/watch?v=XFO2PmWlVlI,https://i.ytimg.com/vi/XFO2PmWlVlI/mqdefault_live.jpg
a9b855767b2d432c9f263e3427ff33a6,upcoming,【#歌枠】用歌聲代替言語 吟唱那段流轉的傳說 ❚ #Singing Stream ∷ 埃穆亞Oumua,2025-12-02T14:00:00Z,https://www.youtube.com/watch?v=Njh1S7AvKhI,https://i.ytimg.com/vi/Njh1S7AvKhI/mqdefault_live.jpg
67674d86fce54eceb37e0dc4ea802132,upcoming,【瑪娜FF14】討伐！蠻神伊芙莉特！,2025-12-02T14:00:00Z,https://www.youtube.com/watch?v=wA6lps2tdFk,https://i.ytimg.com/vi/wA6lps2tdFk/mqdefault_live.jpg
0641a9c8b9a94994aaa33e0c86fef75b,upcoming,【伊藤潤二狂熱 : 無盡的囹圄】來看看伊藤潤二做成遊戲變得怎麼樣！  #台灣Vtuber #庫洛姆,2025-12-02T14:00:00Z,https://www.youtube.com/watch?v=wzFzIH7HS44,https://i.ytimg.com/vi/wzFzIH7HS44/mqdefault_live.jpg
a2e67b720e754c16bd739bcf9a95e396,upcoming,【湮雨一期生女子會】久違三人一起開女子會聊天!!深夜女孩聚會耶耶耶! #初見歡迎 #降落歡迎| 琉依RUI,2025-12-02T14:00:00Z,https://www.youtube.com/watch?v=AlvxA89wOhs,https://i.ytimg.com/vi/AlvxA89wOhs/mqdefault_live.jpg
dba1db65ba874e18a33d8465d52d8f2e,upcoming,【雜談】神棍西山通靈知名音樂人當你的寶劍三，音樂塔羅牌｜ #初見歡迎 ｜西山CCC,2025-12-02T14:00:00Z,https://www.youtube.com/watch?v=szyPCTIkaF8,https://i.ytimg.com/vi/szyPCTIkaF8/mqdefault_live.jpg
1eec022f916a46b58f5124936afdabe3,upcoming,【深夜工作】來不及啦啊啊啊啊 ！陪我整理一下😭 ｜ 珂卡 Quokka Wang🎗️,2025-12-02T14:00:00Z,https://www.youtube.com/watch?v=lNMk9_2EI4A,https://i.ytimg.com/vi/lNMk9_2EI4A/mqdefault_live.jpg
d13fdb8fdd3049e5bf80b5ab0fa8a1a6,upcoming,《📬 來年啊，請對我好一點。》願未來的你，不再勉強自己成為別人眼中的樣子  — 艾德里娜的許願室 #風中拾光 #雜談,2025-12-02T14:30:00Z,https://www.youtube.com/watch?v=CeBrJsBOOx8,https://i.ytimg.com/vi/CeBrJsBOOx8/mqdefault_live.jpg
a7810f3ba1af43ff888ccbbe477a1356,upcoming,【Cube Escape Collection】一定玩完 #遊戲 #rustylake  #初見さん大歓迎,2025-12-02T14:30:00Z,https://www.youtube.com/watch?v=I9xvhVbL2oE,https://i.ytimg.com/vi/I9xvhVbL2oE/mqdefault_live.jpg
cc882664d9794fb88b06a5a0aa1591ae,upcoming,🔴【慈善直播不設收益】Sleeping Dogs #1 瞓覺狗 👊🏻 經典香港街頭遊戲【月川MoonRiver 香港VTuber HKVTuber】#香港 #遊戲 #直播 #粵語 香港秘密警察 GTA,2025-12-02T14:30:00Z,https://www.youtube.com/watch?v=ijMxU1Y3xJM,https://i.ytimg.com/vi/ijMxU1Y3xJM/mqdefault_live.jpg
f110fd69b66941bab04de9ada563c6ac,upcoming,【3Dio FS XLR／ASMR】R17學弟今晚可以抱我抱緊一點嗎♡ 你不會的我都會教你♡ 舔耳、包覆、騎乘、嬌喘...♡｜無廣告，但有後面工商！【AoiHinamori】,2025-12-02T15:00:00Z,https://www.youtube.com/watch?v=Oh6UHAZR0p8,https://i.ytimg.com/vi/Oh6UHAZR0p8/mqdefault_live.jpg
f3085e3337f34b178380b52e3ca429af,upcoming,【Nolly生日紀念周邊】期間限定受注 11/18~12/2｜連結在概要欄,2025-12-02T15:00:00Z,https://www.youtube.com/watch?v=xdH-HlukOgE,https://i.ytimg.com/vi/xdH-HlukOgE/mqdefault_live.jpg
d5fdf5fc55d14476908e416e6d43c121,upcoming,【深夜雜談】如果哪天你跌倒了，沒關係。我會對你伸出手再次把你拉起身站好的。❄️雜談／雑談／Free Talking ／Just Chatting,2025-12-02T15:00:00Z,https://www.youtube.com/watch?v=-ED8qob8NL4,https://i.ytimg.com/vi/-ED8qob8NL4/mqdefault_live.jpg
6fb9853185d844de80d4f3e0f3f2726d,upcoming,【ASMR輕聲細語】用姐姐的低音讓你沉淪,2025-12-02T15:00:00Z,https://www.youtube.com/watch?v=ckmyZDDRAsw,https://i.ytimg.com/vi/ckmyZDDRAsw/mqdefault_live.jpg
50433c34f368460c9cda947f292a62b4,upcoming,【SANABI: A Haunted Day⛓】那個神作遊戲終於出DLC啦！而且也太佛心了吧這居然是免費更新的！？【閃避刺客】【貓宮步夢】,2025-12-02T15:00:00Z,https://www.youtube.com/watch?v=AcvVafW0KHA,https://i.ytimg.com/vi/AcvVafW0KHA/mqdefault_live.jpg
0ede84dfc1ff426cb42643d7390d2937,upcoming,"【香港地道粵語達人挑戰】 小學後就去左外國既冬甩會幾多分呢？ | 歡迎掛台,初見,降落大歡迎！【HKVtuber】",2025-12-02T15:00:00Z,https://www.youtube.com/watch?v=NOU_1d3-hnA,https://i.ytimg.com/vi/NOU_1d3-hnA/mqdefault_live.jpg
ee20f58e3fb74fae83a42239a83bcc4a,upcoming,【深夜安慰】 📸開鏡注意📸壓力好大嗎 ? 好想脫...口罵人呀 !  | 雲汐 ʚ ɞ Mojoy Live 三期生,2025-12-02T15:30:00Z,https://www.youtube.com/watch?v=XSq6VEPDk54,https://i.ytimg.com/vi/XSq6VEPDk54/mqdefault_live.jpg
4eecf80e6ecc4644a7ff08314e6e0c82,upcoming,【ASMR】11/2｜姐姐的輕聲呢喃｜Whispering・Ear blowing・Sleep whisper｜3DIO使用,2025-12-02T15:30:00Z,https://www.youtube.com/watch?v=KloUNJOVHVc,https://i.ytimg.com/vi/KloUNJOVHVc/mqdefault_live.jpg
6873f5b9a88c42ba980878bbffb5682a,upcoming,【???】,2025-12-02T15:45:00Z,https://www.youtube.com/watch?v=vR0rvtMJcXo,https://i.ytimg.com/vi/vR0rvtMJcXo/mqdefault_live.jpg
87606e72f653472f9eafb06e8f49c39c,upcoming,【訂閱加班】各位晚上好啊～初見歡迎💜,2025-12-02T16:00:00Z,https://www.youtube.com/watch?v=gOHAaySiEtQ,https://i.ytimg.com/vi/gOHAaySiEtQ/mqdefault_live.jpg
8c171b8f4b854cbfade4ee2babc19e0f,upcoming,【冉冉而談】聖誕主題雜談｜叮叮噹～聖誕節大家想怎麼過呢？ #荏冉浮光 #初見歡迎 #歡迎降落,2025-12-02T16:15:00Z,https://www.youtube.com/watch?v=FKE4FMdWfX4,https://i.ytimg.com/vi/FKE4FMdWfX4/mqdefault_live.jpg
2463286fd3154219afa631c73d178147,upcoming,雜談投稿台 [MONTHLY BOARDCAST],2025-12-02T18:05:00Z,https://www.youtube.com/watch?v=zkabWHlvr7E,https://i.ytimg.com/vi/zkabWHlvr7E/mqdefault_live.jpg
cc882664d9794fb88b06a5a0aa1591ae,upcoming,🔴12月3日 月川早晨💙香港天氣報告﹑交通消息、凌晨新聞摘要﹑星座運程﹑連登Threads趣聞 即時最新突發資訊全攻略｜月川MoonRiver #VTuber #天氣 #新聞 #直播,2025-12-02T23:00:00Z,https://www.youtube.com/watch?v=6ZIvYliTwt4,https://i.ytimg.com/vi/6ZIvYliTwt4/mqdefault_live.jpg
058021ae015448cda91651a6bd41cdc6,upcoming,☀️朝活雑談枠☀️颱風假到底給誰決定❓體育課應該全面選修化❓#vtuber #台灣vtuber #雑談,2025-12-03T00:00:00Z,https://www.youtube.com/watch?v=vryNpq1Bb1w,https://i.ytimg.com/vi/vryNpq1Bb1w/mqdefault_live.jpg
a2c7c34474174cd2bffcc17a32aeec21,upcoming,【早安台 】你應該很想跟我說早安吧！ #初見歓迎 #降落歡迎 #おはいよ,2025-12-03T00:10:00Z,https://www.youtube.com/watch?v=FOAwyfJIEJ8,https://i.ytimg.com/vi/FOAwyfJIEJ8/mqdefault_live.jpg
f466201465ac40ef9f3aefc9b08a39d1,upcoming,【遊戲】空洞騎士 絲之歌 #10 👾 諾芙.exe,2025-12-03T01:00:00Z,https://www.youtube.com/watch?v=Rv5bOuuYxdM,https://i.ytimg.com/vi/Rv5bOuuYxdM/mqdefault_live.jpg
788611c913b04d999011628637657bee,upcoming,惡魔獵人5 🎮 我就說V一定是喜歡NERO我不管 △ 米婭,2025-12-03T01:30:00Z,https://www.youtube.com/watch?v=lJWNHQoWfsg,https://i.ytimg.com/vi/lJWNHQoWfsg/mqdefault_live.jpg
a5f7302f9f1a4fcdb2471c4bc52a05fb,upcoming,最後指令 B-Side｜P8 兩年後居然還有新DLC可以玩！？來抽遊戲序號！共有3個中獎名額～【玖璐】,2025-12-03T01:30:00Z,https://www.youtube.com/watch?v=5SK7YVeuct4,https://i.ytimg.com/vi/5SK7YVeuct4/mqdefault_live.jpg
5d2231ea88fd474d8a11e5a759899216,upcoming,【1203/早安台灣】新聞台【十六月OctJun】,2025-12-03T02:00:00Z,https://www.youtube.com/watch?v=WkjUtGJwiWk,https://i.ytimg.com/vi/WkjUtGJwiWk/mqdefault_live.jpg
80f7b111f0e044abae4c37f6a96b5957,upcoming,【#歌枠】昼休憩30分ノンストップ歌枠✨一曲でもいかが💖午休時間來聽歌吧✨【#DevilithViolustre 】,2025-12-03T04:00:00Z,https://www.youtube.com/watch?v=l2SJ1CE4Ex8,https://i.ytimg.com/vi/l2SJ1CE4Ex8/mqdefault_live.jpg
a39733d216994010b34bf5033be01589,upcoming,平日中午開台的理由？簡單，我失業了。｜珂賽特Cosette #初見歓迎,2025-12-03T04:00:00Z,https://www.youtube.com/watch?v=KzgqjnrFJUM,https://i.ytimg.com/vi/KzgqjnrFJUM/mqdefault_live.jpg
d78d72ce0aac4c9d9c5c16604209ced3,upcoming,【縦型配信】🍔澤宅Lunch hour #33 又夠鐘齊齊開心些牙午餐鳥！🍔 #shorts #vtuber #雜談 【黑澤 ⧔ 香港Vtuber】,2025-12-03T05:00:00Z,https://www.youtube.com/watch?v=ZYffbyYCWKA,https://i.ytimg.com/vi/ZYffbyYCWKA/mqdefault_live.jpg
73675987096b486287784fc466b881be,upcoming,【#燕雲十六聲】開封全靠關係闖江湖！ #nekotaberrylive #馬來西亞vtuber,2025-12-03T06:00:00Z,https://www.youtube.com/watch?v=es4F6K0meYk,https://i.ytimg.com/vi/es4F6K0meYk/mqdefault_live.jpg
f7d0e4ed95e84262b329740d5d27afc9,upcoming,【#遊戲 】今日不坐牢！一起打麻將！｜蕾娜｜MojoyLive 二期生,2025-12-03T06:30:00Z,https://www.youtube.com/watch?v=Q3FDcMb17bU,https://i.ytimg.com/vi/Q3FDcMb17bU/mqdefault_live.jpg
f4ff6f40be3a4294ac1fe3e475421377,upcoming,【 #繪雜 】説是繪圖雜談 其實是純雜談 ☾  #馬來西亞vtuber #MYVT,2025-12-03T07:00:00Z,https://www.youtube.com/watch?v=X6_3-jO0sGA,https://i.ytimg.com/vi/X6_3-jO0sGA/mqdefault_live.jpg
f94ba8ea1a5441c4852d53e8f528ee20,upcoming,【重啓RingFit找數】啊啊啊啊T__T   ❣  歡迎初見、聊天、掛台     ¦　【千里せんり】#live,2025-12-03T07:00:00Z,https://www.youtube.com/watch?v=uqq0ZdwJ1_s,https://i.ytimg.com/vi/uqq0ZdwJ1_s/mqdefault_live.jpg
445a732fc0f64712b3213b4cd98fbdd3,upcoming,【逃離鴨科夫】繼續探索農場鎮，為前往實驗室做好準備【青羽まことAohane Makoto Ch.】,2025-12-03T08:00:00Z,https://www.youtube.com/watch?v=TCufuLhKBz8,https://i.ytimg.com/vi/TCufuLhKBz8/mqdefault_live.jpg
c6ce333916b446d48d27be05df1a218e,upcoming,【空洞騎士-第一代】打完小姊姊了 要去哪? #2 #丹瓷Dancih #丹丹來瓷,2025-12-03T09:00:00Z,https://www.youtube.com/watch?v=d8Zoj6NFYQ4,https://i.ytimg.com/vi/d8Zoj6NFYQ4/mqdefault_live.jpg
d475848a566848dc9f6ad02707d87e2a,upcoming,【Once upon a 塊魂】又黎幫垃圾老豆做牛做馬！【HKVTuber/Ding】,2025-12-03T09:00:00Z,https://www.youtube.com/watch?v=TczMQHW7uIA,https://i.ytimg.com/vi/TczMQHW7uIA/mqdefault_live.jpg
20b40bdf50604e2198a3c964dd86d31c,upcoming,【雜談】綾蘿好久沒直播了!!!,2025-12-03T10:00:00Z,https://www.youtube.com/watch?v=SIyGHwpJnOI,https://i.ytimg.com/vi/SIyGHwpJnOI/mqdefault_live.jpg
729621ce509b4641ad8cde76dec037d0,upcoming,【MeloNyx二周年紀念Cover】✧來試著相信永恆不變的愛吧✧ ？？？？？？？？cover by 希妮·亞里絲🤍SinnieAris✨ #MeloNyx,2025-12-03T10:00:00Z,https://www.youtube.com/watch?v=PC7Fy4OKfA8,https://i.ytimg.com/vi/PC7Fy4OKfA8/mqdefault.jpg
4b53aa789e544bd9aaecc9fbc79e4bbe,upcoming,【Req・リク◎】毎週水曜定期歌枠！まったり歌います～🫧【#あのねホタルちゃん 】#歌枠 #vsinger #弾き語り,2025-12-03T10:30:00Z,https://www.youtube.com/watch?v=bVe7G5n1lG0,https://i.ytimg.com/vi/bVe7G5n1lG0/mqdefault_live.jpg
3b0031a4b57f46719f06cbf7c5cc42b6,upcoming,【燕雲十六聲】今晚開武俠！初玩看看能不能活著,2025-12-03T11:30:00Z,https://www.youtube.com/watch?v=gp7eNDq4T0c,https://i.ytimg.com/vi/gp7eNDq4T0c/mqdefault_live.jpg
191998e9f0ec4d67a19da194af311636,upcoming,ʚ 鬼角神社來信通知✉️ ɞ  夜晚的私語時間，今天要聊些什麼呢？｜鬼塚夏實｜ #vtuber  #新人Vtuber #鬼角神社 #巫女日誌 #癒し系雑談,2025-12-03T11:30:00Z,https://www.youtube.com/watch?v=wj-aQ3ezF-8,https://i.ytimg.com/vi/wj-aQ3ezF-8/mqdefault_live.jpg
3a30426a65fe450bbef138fd8ba35f1e,upcoming,【戀愛MBTI】流傳有一段時間的戀愛MBTI，一起來測試看看是什麼類型吧！！【猫又くろね★Vtuber★】#歡迎初見 #歡迎降落,2025-12-03T12:00:00Z,https://www.youtube.com/watch?v=FZscJQojl7E,https://i.ytimg.com/vi/FZscJQojl7E/mqdefault_live.jpg
80f7b111f0e044abae4c37f6a96b5957,upcoming,【#遊戲實況】《追尋者聯盟：英雄之旅》🎮喜歡的美式風格，但是是卡牌遊戲 .ᐟ.ᐟ 我只會蒐集卡牌阿....【#DevilithViolustre 】,2025-12-03T12:00:00Z,https://www.youtube.com/watch?v=wjmLScwBLlY,https://i.ytimg.com/vi/wjmLScwBLlY/mqdefault_live.jpg
920d34819cf944e99cf469f7552d535f,upcoming,【雜談直播】近況更新！大會報告！順便吃棉花糖！【厭世醫師阿萬】,2025-12-03T12:00:00Z,https://www.youtube.com/watch?v=YCcM2zQePAo,https://i.ytimg.com/vi/YCcM2zQePAo/mqdefault_live.jpg
869d9d9067b64dd78418cc258cb6607b,upcoming,???,2025-12-03T12:00:00Z,https://www.youtube.com/watch?v=CE6poSMnpHc,https://i.ytimg.com/vi/CE6poSMnpHc/mqdefault.jpg
5d2231ea88fd474d8a11e5a759899216,upcoming,【Windswept】宮森えりな｜復古可愛的畫風需要雙人合作會變苦痛之路嗎？【十六月OctJun】,2025-12-03T12:00:00Z,https://www.youtube.com/watch?v=ibqTjKPaxz0,https://i.ytimg.com/vi/ibqTjKPaxz0/mqdefault_live.jpg
32a08f858ffb4d6aba0624647cf8cf2d,upcoming,【燕雲十六聲】來接著跑跑主線&探索地圖小遊戲~,2025-12-03T12:00:00Z,https://www.youtube.com/watch?v=Ag88m57IKVQ,https://i.ytimg.com/vi/Ag88m57IKVQ/mqdefault_live.jpg
5ed5801d24c7412fa3fa65a82124aad0,upcoming,【Tricky Towers】跟新朋友們一起玩疊疊樂🌟  【棲蒔 ft.沐沐、天櫻咲樂、尼皮】,2025-12-03T12:00:00Z,https://www.youtube.com/watch?v=BKDA9kyWiPQ,https://i.ytimg.com/vi/BKDA9kyWiPQ/mqdefault_live.jpg
a2c7c34474174cd2bffcc17a32aeec21,upcoming,【#歌枠】十二月是聖誕季！(沒有人這麼規定) #初見歓迎 #降落歡迎,2025-12-03T12:00:00Z,https://www.youtube.com/watch?v=rh-i8SB6nyM,https://i.ytimg.com/vi/rh-i8SB6nyM/mqdefault_live.jpg
36a96262405a4d4683db73d8403bf8b7,upcoming,霸道總宅盲目約會｜清純文藝青年降臨......嗎？聲音代筆人鯨諾來了！ @whalefallvtuber,2025-12-03T12:00:00Z,https://www.youtube.com/watch?v=LYzeRPbmy_A,https://i.ytimg.com/vi/LYzeRPbmy_A/mqdefault_live.jpg
9031798ec1884b52b17df470b6c379b2,upcoming,【推理之夜】狼人殺《無眠之擁》原創規則🍁夜貓和海豹誰才是夜晚的支配者？ ft.很多人【芒楓】,2025-12-03T12:30:00Z,https://www.youtube.com/watch?v=h458P-xQLhM,https://i.ytimg.com/vi/h458P-xQLhM/mqdefault_live.jpg
5da1b6db7796434f9180d2f5e210ea6c,upcoming,【訴苦吧社畜】這樣才能噱到你這隻老狐狸！博弈產業【花陸万宵Mayo・Vtuber】,2025-12-03T12:30:00Z,https://www.youtube.com/watch?v=LrESBLXg-hU,https://i.ytimg.com/vi/LrESBLXg-hU/mqdefault_live.jpg
02dadd7977b8412b99f101241de4cb3f,upcoming,【Grounded】地面探險隊開張 #7,2025-12-03T12:30:00Z,https://www.youtube.com/watch?v=wrzaWXHQGo8,https://i.ytimg.com/vi/wrzaWXHQGo8/mqdefault_live.jpg
0dc64e677ea0451095971685f0618966,upcoming,【雜談】✨與毛毛球首次和最後的雜談✨【泳彤 HK Vtuber】@momokyu_u,2025-12-03T12:30:00Z,https://www.youtube.com/watch?v=vaIDqTPTdsM,https://i.ytimg.com/vi/vaIDqTPTdsM/mqdefault_live.jpg
407d2bd02ef04b9ea28e5189383942be,upcoming,𐙚 雜談 𐙚 今天的你過的還好嗎？ 要來點放鬆的魔法嗎？  ⟣Phoebus⟢,2025-12-03T12:30:00Z,https://www.youtube.com/watch?v=hU7bm4VXxlk,https://i.ytimg.com/vi/hU7bm4VXxlk/mqdefault_live.jpg
3bc6afb820df4f59b2c6ff1c25d1eed3,upcoming,🌹【克式畫紫】繪圖雜談主題～ヒカルの碁 2025-12-03【香港Vtuber】,2025-12-03T12:30:33Z,https://www.youtube.com/watch?v=UYRc9C5Hbt8,https://i.ytimg.com/vi/UYRc9C5Hbt8/mqdefault_live.jpg
2d9ef8be75c34daf9ce9d17ecbbe0f7a,upcoming,◖異病偵探 Psycho-Sleuth◗ ⚠️燒腦警告⚠️現實與謊言該如何分辨？  #初見歡迎 #降落歡迎 #Vtuber #MEPay魔儲 #奶茶當水喝🍼,2025-12-03T13:00:00Z,https://www.youtube.com/watch?v=b3iZdOPEOPc,https://i.ytimg.com/vi/b3iZdOPEOPc/mqdefault_live.jpg
ee7cfe445bc84d6fa7fff5df6fbf0d32,upcoming,【實鏡】直接露出珍貴的......【水樹椿Tsubaki】#live #雜談 #vtuber,2025-12-03T13:00:00Z,https://www.youtube.com/watch?v=1CkbZ09cl4M,https://i.ytimg.com/vi/1CkbZ09cl4M/mqdefault_live.jpg
aa1bb853e814428eb663082b28309309,upcoming,【雜談】作業雜談｜5G雲端作業開工 #楔在進行式 #初見歡迎 #歡迎降落,2025-12-03T13:00:00Z,https://www.youtube.com/watch?v=Yqob4MQdoUI,https://i.ytimg.com/vi/Yqob4MQdoUI/mqdefault_live.jpg
f81d4ef6f2f54e0c8c6d12a09e1fa5c7,upcoming,【繪圖x雜談】趕在周年前畫姊妹第2回!!  ☆史黛娜Stena★ #vtuber #初見歓迎 #台v #繪畫,2025-12-03T13:00:00Z,https://www.youtube.com/watch?v=IReqvksR8BY,https://i.ytimg.com/vi/IReqvksR8BY/mqdefault_live.jpg
87606e72f653472f9eafb06e8f49c39c,upcoming,【雜談配信】段考結束！來聊聊天吧🎊,2025-12-03T13:00:00Z,https://www.youtube.com/watch?v=ctKezEVmJnA,https://i.ytimg.com/vi/ctKezEVmJnA/mqdefault_live.jpg
42ff41f7d6884ae8b93ed46415376d83,upcoming,【最終幻想14台服】在艾歐澤亞對day3【萊卡·庫特莉亞芙卡Laika Kudryavka】,2025-12-03T13:00:00Z,https://www.youtube.com/watch?v=I1pu5zWu1wQ,https://i.ytimg.com/vi/I1pu5zWu1wQ/mqdefault_live.jpg
a0e2f9b9f851401bbd1736189d4b69b1,upcoming,【遊戲】好久不見的羊蹄山！,2025-12-03T13:00:00Z,https://www.youtube.com/watch?v=BBTnsxjh39A,https://i.ytimg.com/vi/BBTnsxjh39A/mqdefault_live.jpg
ad6cf3322d204c79afa7d14d4d36473c,upcoming,【綿綿咬一口】ASMR太濃太滑♡這口感…綿綿忍不住一直想要💗｜聖多諾黑千層塔&焦糖德式布丁,2025-12-03T13:00:00Z,https://www.youtube.com/watch?v=WxrOwKdizyo,https://i.ytimg.com/vi/WxrOwKdizyo/mqdefault.jpg
93a4d479e67242d58d3ff80307d3bc84,upcoming,【寶可夢傳說Z-A】＃6 越接近A級，越接近真相【月藏藏 moonku】| 台灣Vtuber,2025-12-03T13:00:00Z,https://www.youtube.com/watch?v=jM5-sg1GM2Y,https://i.ytimg.com/vi/jM5-sg1GM2Y/mqdefault_live.jpg
a6a4e83ae23140e6bd1f7c817af8f864,upcoming,【會員限定 】騎士圓桌會議✦Design Festa戰利品鑑賞【露熙妲 Luxida】,2025-12-03T13:00:00Z,https://www.youtube.com/watch?v=X30Fma1auCU,https://i.ytimg.com/vi/X30Fma1auCU/mqdefault_live.jpg
c90914afde364f5e982414615662f5a7,upcoming,【隻狼：暗影雙死｜Sekiro #13】隻狼再開！大俠已忘記怎麼玩！【班西Banshee】,2025-12-03T13:00:00Z,https://www.youtube.com/watch?v=-Ze7qO4lcyo,https://i.ytimg.com/vi/-Ze7qO4lcyo/mqdefault_live.jpg
8f7fdc3104f541539132c122eeab6801,upcoming,【雜談】聽說今天是餅乾節～一起來分享好吃的餅乾😋 #颯葻而至 #初見歡迎 #歡迎降落,2025-12-03T13:00:00Z,https://www.youtube.com/watch?v=AmFPAPAcXlc,https://i.ytimg.com/vi/AmFPAPAcXlc/mqdefault_live.jpg
bac1f0b8e8d149d4a48cfd30d7d7ad74,upcoming,🐶APEX大懲罰 ！輸了就要當別人的狗？！Apex legends😨 Feat.牙敗冰 | Ching【HOITING | 凱婷】,2025-12-03T13:00:00Z,https://www.youtube.com/watch?v=NnCTtmrudfs,https://i.ytimg.com/vi/NnCTtmrudfs/mqdefault.jpg
004e635d5d494045a810b2d026e769c7,upcoming,【編程雜談】自己的聊天室！！自己救！！！,2025-12-03T13:00:00Z,https://www.youtube.com/watch?v=jJpW9BXAnMY,https://i.ytimg.com/vi/jJpW9BXAnMY/mqdefault_live.jpg
936b23e5e87144108c5d3f09f194c8b8,upcoming,【FF14】超級新人！！第2次玩,2025-12-03T13:00:00Z,https://www.youtube.com/watch?v=FMtYc__saJI,https://i.ytimg.com/vi/FMtYc__saJI/mqdefault_live.jpg
0df008566e92461eb808c5b3ba9c7f0f,upcoming,【彈丸論破】上週因為發生意外中斷直播！這次讓我們繼續突入第五章！【艾爾‧拉普塔斯】,2025-12-03T13:00:12Z,https://www.youtube.com/watch?v=wYV3ta9GAwM,https://i.ytimg.com/vi/wYV3ta9GAwM/mqdefault_live.jpg
d70830a282b9446f89bc9d82c88b8db3,upcoming,Long Time No Stream! Let’s Catch Up + Maldives Storytime 💬🌊,2025-12-03T13:30:00Z,https://www.youtube.com/watch?v=U6tS8WO511k,https://i.ytimg.com/vi/U6tS8WO511k/mqdefault_live.jpg
7ae1c13d53fb44f49f386eef43c63ee4,upcoming,【#Cos委托】崩鉄版本 Saber 來啦 | 是時候清理 cos 排單啦,2025-12-03T13:30:00Z,https://www.youtube.com/watch?v=gtzTgJWEcvY,https://i.ytimg.com/vi/gtzTgJWEcvY/mqdefault_live.jpg
6391e2693fa6464d83fdf5d136596bb0,upcoming,作業しかないじゃない。#初見歓迎　#新人Vtuber,2025-12-03T13:30:00Z,https://www.youtube.com/watch?v=E2uWmhxLosw,https://i.ytimg.com/vi/E2uWmhxLosw/mqdefault_live.jpg
c0c35f0471774be2b33163ae20f2d6bb,upcoming,【雑談／chitchat 】本週有趣消息+沉默之丘F劇情考察的消夜雜談！今週のニュースとSilent Hill Fの物語についての夜食雑談🍽【薬袋アルマ／Vtuber】,2025-12-03T13:30:00Z,https://www.youtube.com/watch?v=cRgQPTqc7Dk,https://i.ytimg.com/vi/cRgQPTqc7Dk/mqdefault_live.jpg
0e136a936a574815a311e6e801ce3ca6,upcoming,【迷路騎士初見】多多少少都跑了到這了，來都來了，那就打完吧  P9#台V #初見歡迎,2025-12-03T13:30:00Z,https://www.youtube.com/watch?v=l8F8x2z9xBk,https://i.ytimg.com/vi/l8F8x2z9xBk/mqdefault_live.jpg
6873f5b9a88c42ba980878bbffb5682a,upcoming,【???】,2025-12-03T13:30:00Z,https://www.youtube.com/watch?v=UeiClKweiE4,https://i.ytimg.com/vi/UeiClKweiE4/mqdefault_live.jpg
372962c805114682a4d16b75c13c80ed,upcoming,【中文音聲】背鍋超人的加班地獄｜24 天語音聖誕日記,2025-12-03T14:00:00Z,https://www.youtube.com/watch?v=gnqlCAc-Z_w,https://i.ytimg.com/vi/gnqlCAc-Z_w/mqdefault.jpg
5b996b6eca90491cb8e1a43de23b2388,upcoming,【組裝椅子!】📸開鏡福利📸人家有新椅子了！舊的蛋雕｜#降落大歡迎｜坎妮絲,2025-12-03T14:00:00Z,https://www.youtube.com/watch?v=qffHBBNHod8,https://i.ytimg.com/vi/qffHBBNHod8/mqdefault_live.jpg
e04cb802f3c949bc8300c4125078f738,upcoming,【雜談台】來聊聊早餐們最近的煩惱｜愛婭AYA｜VTUBER #vtuber #初見歡迎 #hkvtuber #台v #雙語台 #新人vtuber,2025-12-03T14:00:00Z,https://www.youtube.com/watch?v=poQlHi9RAQk,https://i.ytimg.com/vi/poQlHi9RAQk/mqdefault_live.jpg
1bf9786ba55042b9ae3294dadfc7b40d,upcoming,【RV There Yet？】到底可唔可以安全到達.....【はくこ】,2025-12-03T14:00:00Z,https://www.youtube.com/watch?v=39-JMCgnv14,https://i.ytimg.com/vi/39-JMCgnv14/mqdefault_live.jpg
2d6886120def4c148c70514433d77e1e,upcoming,【歌回】魔鏡歌詞網歌回3🌸必聽的經典！來聽聽當年那些熱門歌曲🎵【Vtuber｜Singing Stream】 #ACGlive #綾音Ring,2025-12-03T14:00:00Z,https://www.youtube.com/watch?v=BDTGnE970Kc,https://i.ytimg.com/vi/BDTGnE970Kc/mqdefault_live.jpg
bd7d712e0946448aa29a1d213d1c1beb,upcoming,【三更小信箱】每個月一次 在半夜跟我的偷偷說｜ミミ #看Mi #初見歓迎 #降落歡迎,2025-12-03T14:03:00Z,https://www.youtube.com/watch?v=_O4ZeCHw3Zk,https://i.ytimg.com/vi/_O4ZeCHw3Zk/mqdefault_live.jpg
7653119a278b4ea59d2af5e2ba7d30e0,upcoming,【🍙SPY×FAMILY 間諜家家酒 第二季 台語版26~31/同步視聽🐈】12月囉～繼續看台語配音第二季,2025-12-03T14:30:00Z,https://www.youtube.com/watch?v=10ImkvAryTQ,https://i.ytimg.com/vi/10ImkvAryTQ/mqdefault_live.jpg
9a7b7c9c31da44aca5a68395a2e69488,upcoming,【無声透明Vtuber】メトロイドプライム4 ビヨンド Nintendo Switch 2 Edition #1【バ美肉、バ美声不使用】,2025-12-03T15:00:00Z,https://www.youtube.com/watch?v=8j0QYgAw8-Y,https://i.ytimg.com/vi/8j0QYgAw8-Y/mqdefault_live.jpg
8c171b8f4b854cbfade4ee2babc19e0f,upcoming,【冉冉而談】認知聊聊｜想看看我和大家的認知一不一樣！ #荏冉浮光 #初見歡迎 #歡迎降落,2025-12-03T16:15:00Z,https://www.youtube.com/watch?v=OucLYyXyY78,https://i.ytimg.com/vi/OucLYyXyY78/mqdefault_live.jpg
a2c7c34474174cd2bffcc17a32aeec21,upcoming,【早安台 】一個禮拜就能養成好習慣了嗎？ #初見歓迎 #降落歡迎 #おはいよ,2025-12-04T00:10:00Z,https://www.youtube.com/watch?v=ruOgFPjOpRE,https://i.ytimg.com/vi/ruOgFPjOpRE/mqdefault_live.jpg
f2ad5f187c9141ab8830b8eaf81c3aee,upcoming,【皇朝 AsaKatsu】投稿收集👑收/送過最差禮物經歷😔  -EP5【皇咲レイナ | HKVtuber】,2025-12-04T01:30:00Z,https://www.youtube.com/watch?v=sanX4pwRGDY,https://i.ytimg.com/vi/sanX4pwRGDY/mqdefault_live.jpg
a5f7302f9f1a4fcdb2471c4bc52a05fb,upcoming,健身拳擊｜#21 很忙很忙但也不能忘記運動哇哇哇【玖璐】,2025-12-04T01:30:00Z,https://www.youtube.com/watch?v=j_xQHwadW6g,https://i.ytimg.com/vi/j_xQHwadW6g/mqdefault_live.jpg
5d2231ea88fd474d8a11e5a759899216,upcoming,【1204/早安台灣】新聞台【十六月OctJun】,2025-12-04T02:00:00Z,https://www.youtube.com/watch?v=ifnqR7lMi7U,https://i.ytimg.com/vi/ifnqR7lMi7U/mqdefault_live.jpg
fbced2373c5a48f6abee998296f20617,upcoming,【FF14繁中版】我不管了~我要去金碟！免費水晶推薦碼 : REQ9184 快來領取吧！#ff14 #FF14繁中服｜芙樂兒🍭MojoyLive 二期生,2025-12-04T03:00:00Z,https://www.youtube.com/watch?v=Kam6GovGlo0,https://i.ytimg.com/vi/Kam6GovGlo0/mqdefault_live.jpg
f466201465ac40ef9f3aefc9b08a39d1,upcoming,【遊戲】空洞騎士 絲之歌 #11 👾 諾芙.exe,2025-12-04T03:30:00Z,https://www.youtube.com/watch?v=vPnIiTBhsvI,https://i.ytimg.com/vi/vPnIiTBhsvI/mqdefault_live.jpg
5ed5801d24c7412fa3fa65a82124aad0,upcoming,【午蒔歌雜】吃著午餐唱著歌，突然就被觀眾給劫了！【棲蒔】,2025-12-04T05:00:00Z,https://www.youtube.com/watch?v=9LfTzOO-vlE,https://i.ytimg.com/vi/9LfTzOO-vlE/mqdefault_live.jpg
8796ee6fb25b4b40a8ad9a188059951a,upcoming,工作雜談｜天藍朵朵Blue Dodo,2025-12-04T05:00:00Z,https://www.youtube.com/watch?v=WNdlp-tnjt0,https://i.ytimg.com/vi/WNdlp-tnjt0/mqdefault_live.jpg
5d2231ea88fd474d8a11e5a759899216,upcoming,【空洞騎士：絲綢之歌】Silksong✦EP10｜第二幕的進度到哪了呢？【十六月OctJun】,2025-12-04T05:30:00Z,https://www.youtube.com/watch?v=_8nxQuz6wFk,https://i.ytimg.com/vi/_8nxQuz6wFk/mqdefault_live.jpg
a5f7302f9f1a4fcdb2471c4bc52a05fb,upcoming,艾爾登法環 黑夜君臨｜好久沒玩ㄌ！連動前熟悉一下操作看看新角色【玖璐】#會限觀眾場,2025-12-04T05:30:00Z,https://www.youtube.com/watch?v=tFpxJGvhe18,https://i.ytimg.com/vi/tFpxJGvhe18/mqdefault_live.jpg
788611c913b04d999011628637657bee,upcoming,健身環 🎮 展示一下什麼叫做開半小時就關台 △ 米婭,2025-12-04T06:00:00Z,https://www.youtube.com/watch?v=IfVAs95-tnA,https://i.ytimg.com/vi/IfVAs95-tnA/mqdefault_live.jpg
73675987096b486287784fc466b881be,upcoming,【#街頭採訪】老媽，我上大熒幕啦！ #nekotaberrylive #馬來西亞vtuber,2025-12-04T06:00:00Z,https://www.youtube.com/watch?v=D6tydC7RACE,https://i.ytimg.com/vi/D6tydC7RACE/mqdefault_live.jpg
a188f157d0384e0db5ae73605240d68b,upcoming,【作業】陪你一起當社畜🐕🐕🐕汪汪汪 #初見歡迎 #掛台歡迎【花咲小春/台灣Vtuber】,2025-12-04T06:30:00Z,https://www.youtube.com/watch?v=zCMb-we8LMs,https://i.ytimg.com/vi/zCMb-we8LMs/mqdefault_live.jpg
35f3bb64e69c432180b98dde239f3bdd,upcoming,🌰 天月麻雀 🐰 栗可蓓歐的玩具箱：「 學長～打贏人家就有獎勵喔」｜#跟栗可一起麻 天月麻將,2025-12-04T09:00:00Z,https://www.youtube.com/watch?v=UUE8V7I91m4,https://i.ytimg.com/vi/UUE8V7I91m4/mqdefault_live.jpg
36a96262405a4d4683db73d8403bf8b7,upcoming,《失控的焦慮世代》讀書會｜不只 Z 世代：失眠、沈迷、難專心、社交障礙，手機文明病你中了幾樣？,2025-12-04T09:00:00Z,https://www.youtube.com/watch?v=0cAqXLYLTqQ,https://i.ytimg.com/vi/0cAqXLYLTqQ/mqdefault_live.jpg
c6ce333916b446d48d27be05df1a218e,upcoming,【Valorant】單排積分/不加人 #丹瓷Dancih #丹丹來瓷,2025-12-04T09:30:00Z,https://www.youtube.com/watch?v=gxM0MyDXdoU,https://i.ytimg.com/vi/gxM0MyDXdoU/mqdefault_live.jpg
5fd252ad134343a59705e00390c6d9ef,upcoming,【 #工作 】一邊工作一邊陪你們下班聊天～｜聖茶會話室☕📖 ✞ 莓川紗織/新人VTuber ✞ #初見歡迎,2025-12-04T09:30:00Z,https://www.youtube.com/watch?v=YZWlfywE24k,https://i.ytimg.com/vi/YZWlfywE24k/mqdefault_live.jpg
76d68171666847cc913328359037139c,upcoming,【📷開鏡注意/雜談】怎麼樣才能讓你喜歡上我呢？快和我說！ ❤ #初見歡迎 Free Talking | Just Chatting,2025-12-04T10:00:00Z,https://www.youtube.com/watch?v=P_aLvOXovqo,https://i.ytimg.com/vi/P_aLvOXovqo/mqdefault_live.jpg
fad69c2a625446829ef410d9ef277c8f,upcoming,【Free Chat】雜談💜我們好久沒有好好的聊聊天了~ 就順便剪個片吧~👀 #初見さん大歓迎 #歡迎初見 #歡迎降落 #InezLIFE #shorts #縦型配信,2025-12-04T11:30:00Z,https://www.youtube.com/watch?v=LWNrJLSe2hc,https://i.ytimg.com/vi/LWNrJLSe2hc/mqdefault_live.jpg
f958b1a87ecd4bfab42ba0d1443bfa61,upcoming,FF XIV 繁中服推主線 有問題歡迎發問 day 5,2025-12-04T11:30:00Z,https://www.youtube.com/watch?v=Xi3ruLxUnzM,https://i.ytimg.com/vi/Xi3ruLxUnzM/mqdefault_live.jpg
191998e9f0ec4d67a19da194af311636,upcoming,ʚ 見習巫女的遊戲修行 ɞ 解完任務就來跟葛格姊接一起玩！｜天月麻雀｜鬼塚夏實｜ #vtuber  #新人Vtuber #天月麻雀 #小小巫女的遊戲修行 #鬼角神社 #妹系Vtuber,2025-12-04T11:30:00Z,https://www.youtube.com/watch?v=kkFtOjsLK1Y,https://i.ytimg.com/vi/kkFtOjsLK1Y/mqdefault_live.jpg
788611c913b04d999011628637657bee,upcoming,這個歌回好像有點奇怪？要不要點進來看看？ △ 米婭,2025-12-04T12:00:00Z,https://www.youtube.com/watch?v=tkgv7cxF3w0,https://i.ytimg.com/vi/tkgv7cxF3w0/mqdefault_live.jpg
a5e5533ac342488a94003dc77869ddf9,upcoming,君泠朔JyunLingShuo ch. - 【天月麻雀】快來搶奪序號ヽ( ° ▽°)ノ,2025-12-04T12:00:00Z,https://www.youtube.com/watch?v=8W2b5T5XaXY,https://i.ytimg.com/vi/8W2b5T5XaXY/mqdefault_live.jpg
3a30426a65fe450bbef138fd8ba35f1e,upcoming,【空洞騎士：絲綢之歌#8】雖晚但到！初見絲綢之歌～苦痛遊戲再臨【請勿劇透/劇情暴雷注意】【猫又くろね★Vtuber★】#初見歡迎 #歡迎降落,2025-12-04T12:00:00Z,https://www.youtube.com/watch?v=fgcsQatjZbM,https://i.ytimg.com/vi/fgcsQatjZbM/mqdefault_live.jpg
e63047f70b0b4a7eba70e7d8cbd507ec,upcoming,【朝活】最後一個月還能做什麽呢？ | Shiya紫夜/ 馬來西亞vtuber #降落歡迎 #初見歓迎 #縱型直播 #shorts #縱型配信,2025-12-04T12:00:00Z,https://www.youtube.com/watch?v=yTCEK50bNEg,https://i.ytimg.com/vi/yTCEK50bNEg/mqdefault_live.jpg
673abaca34d047b49b11d50214a9a463,upcoming,【遊戲】透過互動和相處，來認識看清楚那個他。來段校園戀愛吧！像素男友 #Vtuber #歡迎初見 #遊戲 #陪伴  #像素男友,2025-12-04T12:00:00Z,https://www.youtube.com/watch?v=jWxUcsyoXO4,https://i.ytimg.com/vi/jWxUcsyoXO4/mqdefault_live.jpg
c6ce333916b446d48d27be05df1a218e,upcoming,【Valorant】觀眾娛樂場(先排先得) #丹瓷Dancih #丹丹來瓷,2025-12-04T12:00:00Z,https://www.youtube.com/watch?v=I5GR3VoQITk,https://i.ytimg.com/vi/I5GR3VoQITk/mqdefault_live.jpg
6abc6d7010ed4b7a88b2566b171c9005,upcoming,【遊戲】英雄聯盟｜最近挺開心 #墨生 #初見歡迎 #歡迎降落,2025-12-04T12:00:00Z,https://www.youtube.com/watch?v=Hmr93VmHP9g,https://i.ytimg.com/vi/Hmr93VmHP9g/mqdefault_live.jpg
575d15d21f7240e1ad72935bf7fa0465,upcoming,🍡【歌回】12/20小天使生日！首先來唱唱歌補充可愛能量啦 ♡ 【夏羽由里/Vtuber】 #shorts,2025-12-04T12:00:00Z,https://www.youtube.com/watch?v=eIb2MAifu5g,https://i.ytimg.com/vi/eIb2MAifu5g/mqdefault_live.jpg
0ede84dfc1ff426cb42643d7390d2937,upcoming,【冬星斑 Make】一齊路整野一路吹水！｜Rollife 3D Wooden Puzzle Christmas Wreath【HKVtuber】,2025-12-04T12:00:00Z,https://www.youtube.com/watch?v=7cwH2I-gN6E,https://i.ytimg.com/vi/7cwH2I-gN6E/mqdefault_live.jpg
49196eec11454f589d4d6e52f1b1bbe8,upcoming,【直播】【遊戲】Phantasist|可以體驗社恐在社會上的感覺!?天啊跟人社交真的很恐怖欸【菜姬】,2025-12-04T12:30:00Z,https://www.youtube.com/watch?v=ABgvArTGxDI,https://i.ytimg.com/vi/ABgvArTGxDI/mqdefault_live.jpg
118c05e7f751446abee5fc827fda0215,upcoming,[20251204] ARK: Survival Evolved 觀眾場伺服器 【獅子山 Rio】,2025-12-04T13:00:00Z,https://www.youtube.com/watch?v=PC4S9ndl578,https://i.ytimg.com/vi/PC4S9ndl578/mqdefault_live.jpg
30a4362c1143491ea0ed5383c4882251,upcoming,【ヒロアカ歌枠】 この世界にはヒーローが必要だ。  [神白ウノ/香港Vtuber],2025-12-04T13:00:00Z,https://www.youtube.com/watch?v=EBZD25LAW1w,https://i.ytimg.com/vi/EBZD25LAW1w/mqdefault_live.jpg
4de233ea7dfc4a7da1738ab627babd48,upcoming,【黑相集：灰冥界】EP.1 前進伊拉克探險! 蛤啊怎麼又有… w/ @AkiMiiieyy [日本語&EN ⭕/初見大歓迎] #IriLive #darkpictures,2025-12-04T13:00:00Z,https://www.youtube.com/watch?v=8rYXRbLnxgA,https://i.ytimg.com/vi/8rYXRbLnxgA/mqdefault_live.jpg
e04cb802f3c949bc8300c4125078f738,upcoming,【遊戲日】觀眾場遊戲日｜愛婭AYA｜ #vtuber #hkvtuber #台v #雙語台 #初見歡迎,2025-12-04T13:00:00Z,https://www.youtube.com/watch?v=HF1kwrGqKdU,https://i.ytimg.com/vi/HF1kwrGqKdU/mqdefault_live.jpg
a9f6574e98f34b20a05269134930fb50,upcoming,【ASMR】最愛的杏仁餅乾咀嚼ASMR（非常健康喔🖤）/茸茸鼠,2025-12-04T13:00:00Z,https://www.youtube.com/watch?v=mHzb0G4yUs8,https://i.ytimg.com/vi/mHzb0G4yUs8/mqdefault_live.jpg
aa1bb853e814428eb663082b28309309,upcoming,【遊戲】英雄聯盟｜今天究竟會不會打到睡著呢✨每週一次不贏不睡覺！ #楔在進行式 #初見歡迎 #歡迎降落,2025-12-04T13:00:00Z,https://www.youtube.com/watch?v=KRV9FUYFMBU,https://i.ytimg.com/vi/KRV9FUYFMBU/mqdefault_live.jpg
d23e5f9f3abf4b36b79c04f5265a8efc,upcoming,【歌雜】最近心情不好特別不好【Gelaier_Black】,2025-12-04T13:00:00Z,https://www.youtube.com/watch?v=athONQsOSc4,https://i.ytimg.com/vi/athONQsOSc4/mqdefault_live.jpg
2a2b7990365f4a1bb1d8acf1ae0f2f32,upcoming,"Stream 4/12/25 你打(MH)荒野, 我打荒野(亂鬥)【荒野亂鬥 Brawl Stars】",2025-12-04T13:00:00Z,https://www.youtube.com/watch?v=164xsnHcNS0,https://i.ytimg.com/vi/164xsnHcNS0/mqdefault_live.jpg
2f607aefde1d4264814d4e9282dd5cb0,upcoming,【糖宅活動｜一周年】一顆糖初到滿一年啦! 今天要來點快樂的~初見安安 歡迎降落｜一顆糖💣 Ch.,2025-12-04T13:00:00Z,https://www.youtube.com/watch?v=E8Xh5JdXF4w,https://i.ytimg.com/vi/E8Xh5JdXF4w/mqdefault_live.jpg
a9faef4b712b4649ba60c7e8e262175a,upcoming,【GHOST JANITORS】you'll never guess what we do in this game【VAYNE KISSVEIL】,2025-12-04T13:00:00Z,https://www.youtube.com/watch?v=FZu-eL8aggc,https://i.ytimg.com/vi/FZu-eL8aggc/mqdefault_live.jpg
da2113ffb3d74a6394685e68feaa7b60,upcoming,[心靈診療室]有甚麼煩惱或心事都歡迎來和莎莎說喔~#台灣vtuber #vtuber #新人vtuber #心理學 #心靈 #雜談 #雜談配信 #故事分享 #經驗分享 #生活 #初見歡迎,2025-12-04T13:00:00Z,https://www.youtube.com/watch?v=cBBk11cEd7Q,https://i.ytimg.com/vi/cBBk11cEd7Q/mqdefault_live.jpg
3bc6afb820df4f59b2c6ff1c25d1eed3,upcoming,"🌹【ARK】方舟：生存進化！幾十隻恐龍去野餐，我們就是恐龍晚餐！#06 w/ Rio, 觀眾 2025-12-04【香港Vtuber】",2025-12-04T13:00:15Z,https://www.youtube.com/watch?v=NlUCj8VRMDc,https://i.ytimg.com/vi/NlUCj8VRMDc/mqdefault_live.jpg
463e3994840145618264d41fa3eaf344,upcoming,【 Sheepy: A Short Adventure 】咪鱷被遺棄了嗎?? இдஇ 不!! 咪鱷相信是自己迷路的!! ( • ̀ω•́ )σ,2025-12-04T13:30:00Z,https://www.youtube.com/watch?v=hWwkpIJeIMQ,https://i.ytimg.com/vi/hWwkpIJeIMQ/mqdefault_live.jpg
e2049fd03bea4bf6bfee472e4674021c,upcoming,【天月麻雀｜台麻】努力一下段位賽但感覺不妙就打觀眾場！,2025-12-04T14:00:00Z,https://www.youtube.com/watch?v=X0oCLJ4-YVQ,https://i.ytimg.com/vi/X0oCLJ4-YVQ/mqdefault_live.jpg
cd42e06c40534d9eac7e30a434e47d43,upcoming,【歌雜】破音豹來了唷,2025-12-04T14:00:00Z,https://www.youtube.com/watch?v=_suxXAwRMVc,https://i.ytimg.com/vi/_suxXAwRMVc/mqdefault_live.jpg
0df008566e92461eb808c5b3ba9c7f0f,upcoming,【洛克人X6】充滿各種地獄折磨玩家關卡的系列作！如今我還有辦法再次通關嗎？【艾爾‧拉普塔斯】,2025-12-04T14:00:12Z,https://www.youtube.com/watch?v=FzfIu8w8m30,https://i.ytimg.com/vi/FzfIu8w8m30/mqdefault_live.jpg
50a0835b66844b0ab84f573934f20989,upcoming,【爆漿魚肝油限定】山路彎彎心慌慌💧沒有終點的旅途就此展開！？,2025-12-04T14:30:00Z,https://www.youtube.com/watch?v=qfvCEYUJz-c,https://i.ytimg.com/vi/qfvCEYUJz-c/mqdefault_live.jpg
395eade6d67445e1831010cac52ab444,upcoming,【 天月麻雀 】打打牌解活動！說好不飛【伊波悠月 / Inami Yuzuki 🫧🌙】,2025-12-04T14:30:00Z,https://www.youtube.com/watch?v=mhw1v6vZOzg,https://i.ytimg.com/vi/mhw1v6vZOzg/mqdefault_live.jpg
50433c34f368460c9cda947f292a62b4,upcoming,【會限雜談】聊聊最近和未來的活動【貓宮步夢】,2025-12-04T15:00:00Z,https://www.youtube.com/watch?v=dQw02g-GaXE,https://i.ytimg.com/vi/dQw02g-GaXE/mqdefault_live.jpg
f94ba8ea1a5441c4852d53e8f528ee20,upcoming,【#縦型配信】 深夜伴里-Minecraft   繼續建造村莊  ¦　歡迎初見、聊天、掛台 【千里せんり】 #live  #shorts,2025-12-04T15:00:00Z,https://www.youtube.com/watch?v=FU06EAcN2Pg,https://i.ytimg.com/vi/FU06EAcN2Pg/mqdefault_live.jpg
058021ae015448cda91651a6bd41cdc6,upcoming,☀️朝活雑談枠☀️如何才能有效防範詐欺跟洗錢呢❓#vtuber #台灣vtuber #雑談,2025-12-05T00:00:00Z,https://www.youtube.com/watch?v=KY_ib6fLdP8,https://i.ytimg.com/vi/KY_ib6fLdP8/mqdefault_live.jpg
a2c7c34474174cd2bffcc17a32aeec21,upcoming,【早安台 】又要回到上班的日子 #初見歓迎 #降落歡迎 #おはいよ,2025-12-05T00:10:00Z,https://www.youtube.com/watch?v=xcAnLb4rwBs,https://i.ytimg.com/vi/xcAnLb4rwBs/mqdefault_live.jpg
59c0d89447d54786966ba8ecd5649d63,upcoming,璃貓Leemao 『早安台 』跟50個人說早安喵,2025-12-05T01:00:00Z,https://www.youtube.com/watch?v=mh3t5v7kZLI,https://i.ytimg.com/vi/mh3t5v7kZLI/mqdefault_live.jpg
788611c913b04d999011628637657bee,upcoming,黑夜君臨 🎮 聽說有新的DLC，一起來玩！ Ft. 玖璐、諾芙 △ 米婭,2025-12-05T01:30:00Z,https://www.youtube.com/watch?v=ySpsOuEkyyI,https://i.ytimg.com/vi/ySpsOuEkyyI/mqdefault_live.jpg
f466201465ac40ef9f3aefc9b08a39d1,upcoming,【遊戲】艾爾登法環 黑夜君臨 & @米婭Miaflamel 、@JiuluVtuber 👾諾芙.exe,2025-12-05T01:30:00Z,https://www.youtube.com/watch?v=OAbw5ncVVag,https://i.ytimg.com/vi/OAbw5ncVVag/mqdefault_live.jpg
a5f7302f9f1a4fcdb2471c4bc52a05fb,upcoming,艾爾登法環 黑夜君臨｜#21 心結小隊前來挑戰新BOSS！才兩隻欸夠我們扁嗎？ ft.米婭、諾芙【玖璐】,2025-12-05T01:30:00Z,https://www.youtube.com/watch?v=4g7RWruZtdg,https://i.ytimg.com/vi/4g7RWruZtdg/mqdefault_live.jpg
5d2231ea88fd474d8a11e5a759899216,upcoming,【1205/早安台灣】新聞台【十六月OctJun】,2025-12-05T02:00:00Z,https://www.youtube.com/watch?v=thENQLb6u_Y,https://i.ytimg.com/vi/thENQLb6u_Y/mqdefault_live.jpg
e63047f70b0b4a7eba70e7d8cbd507ec,upcoming,【Valorant】我方 還剩藝人 | Shiya紫夜/ 馬來西亞vtuber #降落歡迎 #初見歓迎,2025-12-05T05:00:00Z,https://www.youtube.com/watch?v=Lp0Kzu6kBLE,https://i.ytimg.com/vi/Lp0Kzu6kBLE/mqdefault_live.jpg
c61d5dd825d5423fac8fd1bc0596d1ff,upcoming,《歌回》梁靜茹  療癒情歌天后  │火吻怪盜卡門  #新人Vtuber #火熱公測 #初見歡迎,2025-12-05T06:00:00Z,https://www.youtube.com/watch?v=bsaVoIQ5a1k,https://i.ytimg.com/vi/bsaVoIQ5a1k/mqdefault_live.jpg
d475848a566848dc9f6ad02707d87e2a,upcoming,RG商品發表【HKVTuber/Ding】,2025-12-05T06:00:00Z,https://www.youtube.com/watch?v=LwMfomd12VQ,https://i.ytimg.com/vi/LwMfomd12VQ/mqdefault_live.jpg
5fd252ad134343a59705e00390c6d9ef,upcoming,【 #歌枠  】縱向練一下中文歌～結束會轉會限！｜聖茶會話室☕📖 ✞ 莓川紗織/新人VTuber ✞ #初見歡迎 #台灣VTuber #雜談 #vtuber #歌枠,2025-12-05T06:30:00Z,https://www.youtube.com/watch?v=0Pv1CbCGFT8,https://i.ytimg.com/vi/0Pv1CbCGFT8/mqdefault_live.jpg
7870ac4364ca4c97a4dfe7474251bf5b,upcoming,【VALORANT】造型推銷員薄葉透！花開富貴專場！｜薄葉透UsubaToru｜SDS,2025-12-05T07:00:00Z,https://www.youtube.com/watch?v=EEnDhnNWCm0,https://i.ytimg.com/vi/EEnDhnNWCm0/mqdefault_live.jpg
f4ff6f40be3a4294ac1fe3e475421377,upcoming,【Minecraft】一格方塊生存挑戰！ ☾ #馬來西亞vtuber #myvt,2025-12-05T07:00:00Z,https://www.youtube.com/watch?v=nbHEWb7RAW0,https://i.ytimg.com/vi/nbHEWb7RAW0/mqdefault_live.jpg
090be1be8d29429183e190e22fc4be22,upcoming,【#金V獎 慢跑接力】邊跑邊唱 應該不會很喘吧🥵｜Ness9s奈斯糖,2025-12-05T07:00:00Z,https://www.youtube.com/watch?v=JWsPa-9jHSE,https://i.ytimg.com/vi/JWsPa-9jHSE/mqdefault_live.jpg
633c7350aca946428e98228660ee73e2,upcoming,【金V獎慢跑接力】邊跑步邊吹喇叭🎺挑戰1小時練會一首歌⁉️#金V獎【巫菈妮亞💗Urania】,2025-12-05T08:00:00Z,https://www.youtube.com/watch?v=iDnc0eVtOzg,https://i.ytimg.com/vi/iDnc0eVtOzg/mqdefault_live.jpg
80f7b111f0e044abae4c37f6a96b5957,upcoming,【#歌枠】気ままに歌う✨低音女子の一曲、いかが？💖隨意唱唱✨來聽聽帥女生唱一首歌吧💖【#DevilithViolustre 】,2025-12-05T09:00:00Z,https://www.youtube.com/watch?v=gLu8hpmGE4Q,https://i.ytimg.com/vi/gLu8hpmGE4Q/mqdefault_live.jpg
14d83faa414c415097d577d2da9636ce,upcoming,【オリジナル曲】トロイの絆創膏【萌留みみん】,2025-12-05T09:00:00Z,https://www.youtube.com/watch?v=wVVfVsksod4,https://i.ytimg.com/vi/wVVfVsksod4/mqdefault.jpg
1c304e8690e2400d9482f1173f59ad70,upcoming,【One Hand Clapping】用歌聲通關的遊戲...?【猫崎ライミ/貓崎萊米】,2025-12-05T09:00:00Z,https://www.youtube.com/watch?v=fYi07wRHuLM,https://i.ytimg.com/vi/fYi07wRHuLM/mqdefault_live.jpg
94c7cb6122bd4dcab2d8660ddc5f5508,upcoming,【#ポケモンレジェンズ Z-A 】急展開から！＃4【中文字幕】,2025-12-05T09:00:00Z,https://www.youtube.com/watch?v=YApgz6tRDYc,https://i.ytimg.com/vi/YApgz6tRDYc/mqdefault_live.jpg
d35707348d554507a98f97eb59230efc,upcoming,【金V獎】入圍者傳火馬拉松－帶給大家一小時活力滿滿的歌雜時光！😍🎤🙌【天櫻咲樂/VTuber】,2025-12-05T09:00:00Z,https://www.youtube.com/watch?v=wnxhbB4lGBw,https://i.ytimg.com/vi/wnxhbB4lGBw/mqdefault_live.jpg
bee9506c5d714205bfc69573280852c2,upcoming,【雜聊】關於新衣裝的貼圖...身為宅宅魅魔該畫什麼才好？( | 初見さん大歓迎❤ | @mirutea_vtuber,2025-12-05T09:30:00Z,https://www.youtube.com/watch?v=rH_6wzTx5do,https://i.ytimg.com/vi/rH_6wzTx5do/mqdefault_live.jpg
7a93714b53274fbaad48bef3b409d458,upcoming,【金V獎Ｘ傳火馬拉松】居然入圍了？主播倉鼠計畫可不是鬧著玩的！【小林釣具店】,2025-12-05T10:00:00Z,https://www.youtube.com/watch?v=1mYmBEugIRw,https://i.ytimg.com/vi/1mYmBEugIRw/mqdefault_live.jpg
8f7fdc3104f541539132c122eeab6801,upcoming,【歌回】抖音歌回🎶就想唱唱這些耳熟能詳的歌 #颯葻而至 #初見歡迎 #歡迎降落,2025-12-05T10:30:00Z,https://www.youtube.com/watch?v=-BW-ijNTLlY,https://i.ytimg.com/vi/-BW-ijNTLlY/mqdefault_live.jpg
a39733d216994010b34bf5033be01589,upcoming,【金V獎──傳火馬拉松】一邊跑步一邊預測獎落誰家 #吃播｜珂賽特Cosette #初見歓迎,2025-12-05T11:00:00Z,https://www.youtube.com/watch?v=hG5M_9tB4gk,https://i.ytimg.com/vi/hG5M_9tB4gk/mqdefault_live.jpg
58c4453bedb9463ab1dcb522d4d50faf,upcoming,我打的零工是不是越來越多了啊🤔？ 〈！嚴禁劇透！〉  ─ Switch《Pokémon LEGENDS Z-A》#12,2025-12-05T11:30:00Z,https://www.youtube.com/watch?v=0fjqq8tFbsE,https://i.ytimg.com/vi/0fjqq8tFbsE/mqdefault_live.jpg
191998e9f0ec4d67a19da194af311636,upcoming,ʚ 見習巫女的遊戲修行 ɞ 好看的動態桌布，鳴潮時間！｜鳴潮｜鬼塚夏實｜ #vtuber  #新人Vtuber #鳴潮  #小小巫女的遊戲修行 #鬼角神社 #妹系Vtuber,2025-12-05T11:30:00Z,https://www.youtube.com/watch?v=3T1TVFbapbQ,https://i.ytimg.com/vi/3T1TVFbapbQ/mqdefault_live.jpg
3a30426a65fe450bbef138fd8ba35f1e,upcoming,【刪檔歌枠】今天要來唱～任賢齊金曲串燒！！許多令人懷念的歌曲！【猫又くろね★新人Vtuber★】 #初見歡迎,2025-12-05T12:00:00Z,https://www.youtube.com/watch?v=em2q5GqLc3E,https://i.ytimg.com/vi/em2q5GqLc3E/mqdefault_live.jpg
2c6d5a00eabf47e2affcc8fa6ec64f9c,upcoming,[迷途點燈V] EP2.DONT U冬優奈奈 成熟美麗的妖精 究竟在護理系承擔了多少的辛酸[橘Mika]FT.@DONTUNANA,2025-12-05T12:00:00Z,https://www.youtube.com/watch?v=N5gDkUZZXV8,https://i.ytimg.com/vi/N5gDkUZZXV8/mqdefault_live.jpg
fad69c2a625446829ef410d9ef277c8f,upcoming,【Singing Stream】歌回💜今天想到什麼唱什麼~ 但不知道要唱多久🤣 #初見さん大歓迎 #歌枠 #初見歓迎 #shorts #縦型配信,2025-12-05T12:00:00Z,https://www.youtube.com/watch?v=bZBJy713K8w,https://i.ytimg.com/vi/bZBJy713K8w/mqdefault_live.jpg
4482e4f0cea64f92aa78b2513c7ed897,upcoming,【金V獎 × 傳火馬拉松】馬來西亞Vtuber挑戰邊跑邊唱！節拍器精靈帶動跑🏃‍【三森ルイ/Mimori Rui】 #馬來西亞vtuber,2025-12-05T12:00:00Z,https://www.youtube.com/watch?v=iyTwLJT89zo,https://i.ytimg.com/vi/iyTwLJT89zo/mqdefault_live.jpg
673abaca34d047b49b11d50214a9a463,upcoming,【遊戲】星期五的夜晚就快樂玩FF14！Final Fantasy XIV #Vtuber #歡迎初見 #遊戲 #陪伴  #ff14 #光之戰士,2025-12-05T12:00:00Z,https://www.youtube.com/watch?v=gxmT8laJO-E,https://i.ytimg.com/vi/gxmT8laJO-E/mqdefault_live.jpg
5d2231ea88fd474d8a11e5a759899216,upcoming,【歌回✦加班台】越唱越多？唱不好是正常發揮的胖丁型催眠主播？【十六月OctJun】,2025-12-05T12:00:00Z,https://www.youtube.com/watch?v=i3Ld8YGVh3E,https://i.ytimg.com/vi/i3Ld8YGVh3E/mqdefault_live.jpg
ab5709b7d3074c6db2a57995d5b1c328,upcoming,【棉花糖開箱】要來看萬訂的棉花糖了!!哇哭哇哭!!,2025-12-05T12:00:00Z,https://www.youtube.com/watch?v=YDJsJgh5M98,https://i.ytimg.com/vi/YDJsJgh5M98/mqdefault_live.jpg
32a08f858ffb4d6aba0624647cf8cf2d,upcoming,【知只大冒險2】揪團打遊戲！趴兔！FT.邦邦、薇婭、青蛙國王,2025-12-05T12:00:00Z,https://www.youtube.com/watch?v=Sgq9ifozoaE,https://i.ytimg.com/vi/Sgq9ifozoaE/mqdefault_live.jpg
5ed5801d24c7412fa3fa65a82124aad0,upcoming,【歌回】今天來唱動漫歌！ 【棲蒔】,2025-12-05T12:00:00Z,https://www.youtube.com/watch?v=1I-br5Fe7Uc,https://i.ytimg.com/vi/1I-br5Fe7Uc/mqdefault_live.jpg
c0c35f0471774be2b33163ae20f2d6bb,upcoming,【ドラゴンボールZ KAKAROT #9】リハビリ引き続き魔人ブウ編！初見DESU🎮久違的七龍珠Z復健！繼續魔人普烏篇🎮從零開始學習七龍珠🔥 【薬袋アルマ／Vtuber】,2025-12-05T12:00:00Z,https://www.youtube.com/watch?v=KDgtZDS_-_A,https://i.ytimg.com/vi/KDgtZDS_-_A/mqdefault_live.jpg
9a7b7c9c31da44aca5a68395a2e69488,upcoming,【無声透明Vtuber】オクトパストラベラー0 #1【バ美肉、バ美声不使用】,2025-12-05T12:00:00Z,https://www.youtube.com/watch?v=v_qaqnhGGaM,https://i.ytimg.com/vi/v_qaqnhGGaM/mqdefault_live.jpg
575d15d21f7240e1ad72935bf7fa0465,upcoming,🍡【重大發表】12/20小天使生日啦！全新衣裝 & 翻唱曲 & 周邊預購 & 生日收禮物 重大說明會 ♡ 【夏羽由里/Vtuber】,2025-12-05T12:00:00Z,https://www.youtube.com/watch?v=_lXA8wXXf6w,https://i.ytimg.com/vi/_lXA8wXXf6w/mqdefault_live.jpg
2f0a0ee6478c45ae8af28953b4c370be,upcoming,｛月初雜談｝周五的🤍晚間聊天時間｛愉快販｝#初見歡迎,2025-12-05T12:00:00Z,https://www.youtube.com/watch?v=8T-GEwBurmM,https://i.ytimg.com/vi/8T-GEwBurmM/mqdefault_live.jpg
3b0031a4b57f46719f06cbf7c5cc42b6,upcoming,【知只大冒险2】 第二回！今天也來解謎+尖叫🐸 FT.邦邦、可緹、青蛙國王,2025-12-05T12:00:00Z,https://www.youtube.com/watch?v=kdti6Z0qOTo,https://i.ytimg.com/vi/kdti6Z0qOTo/mqdefault_live.jpg
2d9ef8be75c34daf9ce9d17ecbbe0f7a,upcoming,◖空洞騎士：絲之歌◗肖雜某蘑菇頭失心蕾絲#31 #初見歡迎 #降落歡迎 #Vtuber #奶茶當水喝🍼,2025-12-05T12:30:00Z,https://www.youtube.com/watch?v=BannUftC7uE,https://i.ytimg.com/vi/BannUftC7uE/mqdefault_live.jpg
7ae1c13d53fb44f49f386eef43c63ee4,upcoming,【#游戲】🎮 原神 |月之二」版本「回望湮滅的月光」主綫推進,2025-12-05T12:30:00Z,https://www.youtube.com/watch?v=pQWk6ol4gzo,https://i.ytimg.com/vi/pQWk6ol4gzo/mqdefault_live.jpg
def76c5c31fe4466b5ae6e6940ae6e58,upcoming,▶遊戲直播◁ ZELDA無雙 封印戰記💥#4 把這隻遊戲玩到結局前 先必須克服密集恐懼症😭【NAGISA凪砂 / HKVtuber】,2025-12-05T12:30:00Z,https://www.youtube.com/watch?v=yP8Gkiir6vo,https://i.ytimg.com/vi/yP8Gkiir6vo/mqdefault_live.jpg
02dadd7977b8412b99f101241de4cb3f,upcoming,【五Ru動聽夜】每周五的休閒音樂電台10,2025-12-05T12:30:00Z,https://www.youtube.com/watch?v=EzklX7NsVU4,https://i.ytimg.com/vi/EzklX7NsVU4/mqdefault_live.jpg
cdb5c89f61c94949a989457cf549b7e4,upcoming,💚#異病偵探 ♥ˎˊ˗  這個犯人就由天才小熊貓揪出來！ ♡.゜〖莓芊時戀💖┊#PsychoSleuth 〗  #MEPay魔儲 #官方儲值,2025-12-05T12:30:00Z,https://www.youtube.com/watch?v=cpiohtyLSMU,https://i.ytimg.com/vi/cpiohtyLSMU/mqdefault_live.jpg
f94ba8ea1a5441c4852d53e8f528ee20,upcoming,【歧路旅人0】來玩期待已久的最新作！   ❣   歡迎初見、聊天、掛台 【 千里せんり】#octopathtraveler,2025-12-05T12:30:00Z,https://www.youtube.com/watch?v=1akWmD8Ft-U,https://i.ytimg.com/vi/1akWmD8Ft-U/mqdefault_live.jpg
ed3f69b9de7c43f3a32b4e7dfdb5bfd0,upcoming,【芙蘿拉】快樂星期五就是要熬夜【雜談】,2025-12-05T13:00:00Z,https://www.youtube.com/watch?v=mx-5rb2kq1g,https://i.ytimg.com/vi/mx-5rb2kq1g/mqdefault_live.jpg
920d34819cf944e99cf469f7552d535f,upcoming,【遊戲直播】《RV There Yet 》EP2 落日車神我們要到了嗎？ ft.萬狗貓瓦【厭世醫師阿萬】,2025-12-05T13:00:00Z,https://www.youtube.com/watch?v=DjYqBcl-K2g,https://i.ytimg.com/vi/DjYqBcl-K2g/mqdefault_live.jpg
e2049fd03bea4bf6bfee472e4674021c,upcoming,【小周末雜談】,2025-12-05T13:00:00Z,https://www.youtube.com/watch?v=8kLFiDhQ3hg,https://i.ytimg.com/vi/8kLFiDhQ3hg/mqdefault_live.jpg
e0f419006f244a51804050ede1d1a5aa,upcoming,【DRAWING STREAM】Vtuber but CHIBI Part 6 !!,2025-12-05T13:00:00Z,https://www.youtube.com/watch?v=jFrLvreC-nk,https://i.ytimg.com/vi/jFrLvreC-nk/mqdefault_live.jpg
004e635d5d494045a810b2d026e769c7,upcoming,【泰坦降臨 2 titanfall® 2】這是第一次玩射擊遊戲呀！！希望不要頭暈(´-ι_-｀),2025-12-05T13:00:00Z,https://www.youtube.com/watch?v=vpVpyIk-3qg,https://i.ytimg.com/vi/vpVpyIk-3qg/mqdefault_live.jpg
bf197e3d2cd6400db5f7e397427965e5,upcoming,【金V獎─傳火馬拉松】💃跳出肢體不協調的超慢跑⚡️晚間棒次衝刺中🔥 請賜予我體力，目標完美交棒【葵栗鹿鹿】,2025-12-05T13:00:00Z,https://www.youtube.com/watch?v=B8_GTcHA2io,https://i.ytimg.com/vi/B8_GTcHA2io/mqdefault_live.jpg
936b23e5e87144108c5d3f09f194c8b8,upcoming,【FF14】超級新人！！第3次玩,2025-12-05T13:00:00Z,https://www.youtube.com/watch?v=YUZ93X1zyTw,https://i.ytimg.com/vi/YUZ93X1zyTw/mqdefault_live.jpg
2f607aefde1d4264814d4e9282dd5cb0,upcoming,【主題活動｜一年前的一顆糖】一口氣看完糖家第五位家主初配信 初見安安 歡迎降落｜一顆糖💣 Ch.,2025-12-05T13:00:00Z,https://www.youtube.com/watch?v=FH8LaUSR53I,https://i.ytimg.com/vi/FH8LaUSR53I/mqdefault_live.jpg
45d566a561914da0a15a5a21574eb30a,upcoming,【初配信】沉睡千年的神話麒麟，甦醒理由只為了？吃！,2025-12-05T13:00:18Z,https://www.youtube.com/watch?v=HB9JfYoYomU,https://i.ytimg.com/vi/HB9JfYoYomU/mqdefault_live.jpg
6fa5098cd1c644c5871a47a7e56803dc,upcoming,〖 粿粿唱 〗空間站主題歌回🌌來唱大家在空間站的回憶🤭💖 #歌回 #吉他 #自彈自唱 #初見歡迎 #降落歡迎,2025-12-05T13:30:00Z,https://www.youtube.com/watch?v=m5CNeQufcrQ,https://i.ytimg.com/vi/m5CNeQufcrQ/mqdefault_live.jpg
d78d72ce0aac4c9d9c5c16604209ced3,upcoming,【漂流Radio】📻喺大氣電波中與你釋懷祈願及祝福 #11 📻【黑澤 ⧔ 香港Vtuber】,2025-12-05T13:30:00Z,https://www.youtube.com/watch?v=IaGL3fhzlpw,https://i.ytimg.com/vi/IaGL3fhzlpw/mqdefault_live.jpg
0fbdfcc1b9cf41fdb840cf2f546d9324,upcoming,【寶可夢ZA】【耐久】EP11. DLC一天通關挑戰！,2025-12-05T13:30:00Z,https://www.youtube.com/watch?v=yUyCVe1Xln4,https://i.ytimg.com/vi/yUyCVe1Xln4/mqdefault_live.jpg
3bc6afb820df4f59b2c6ff1c25d1eed3,upcoming,"🦋【潛淵症】深海獵奇！齊做沉船仔！#16 w/ Rio, 怪盜A, 亞也癒, 觀眾 2025-12-05【香港Vtuber】",2025-12-05T13:30:10Z,https://www.youtube.com/watch?v=SiOZjlQ8J9c,https://i.ytimg.com/vi/SiOZjlQ8J9c/mqdefault_live.jpg
c8ef4e3182b74ecd994c837a75624390,upcoming,【強迫出道教室】準備出道要多久？VTuber出道該怎麼準備？,2025-12-05T14:00:00Z,https://www.youtube.com/watch?v=uQgCyyZSUUU,https://i.ytimg.com/vi/uQgCyyZSUUU/mqdefault_live.jpg
4b8f55c74e594978bb461a27b3924336,upcoming,【金V獎──傳火馬拉松】✨轟隆隆隆衝衝衝衝拉風！起來重跑！✨【女巫西亞】,2025-12-05T14:00:00Z,https://www.youtube.com/watch?v=Y9cPdwGwcIU,https://i.ytimg.com/vi/Y9cPdwGwcIU/mqdefault_live.jpg
0641a9c8b9a94994aaa33e0c86fef75b,upcoming,【學力測驗】國中考古題測驗！找來學霸當老師？ Ft. 綠眼鏡 #台灣Vtuber #庫洛姆,2025-12-05T14:00:00Z,https://www.youtube.com/watch?v=7MrAHeTXtEA,https://i.ytimg.com/vi/7MrAHeTXtEA/mqdefault_live.jpg
1cfadb0d2e154a258c3177ff8264336f,upcoming,【超美麗3D跳繩台】1個讚=跳一下！有閃光新衣裝！,2025-12-05T14:30:00Z,https://www.youtube.com/watch?v=MgaUdNPjiuc,https://i.ytimg.com/vi/MgaUdNPjiuc/mqdefault_live.jpg
5f8930a469f94b5cad116810f68a2614,upcoming,金V獎 × 傳火馬拉松丨一邊跑步一邊唱歌🏃‍♀️#金v獎 #歌枠 #karaoke #初見歡迎 #降落歡迎 【灯理Akari🍫Vtuber】,2025-12-05T14:45:00Z,https://www.youtube.com/watch?v=6aiiOnlX9B0,https://i.ytimg.com/vi/6aiiOnlX9B0/mqdefault_live.jpg
6f9d63518a69442a88ac602a3b37bf18,upcoming,🔥第三屆金V獎🔥傳火馬拉松｜海月波波｜跑起來了!!上山下海啊!!端湯上塔會塔滑湯撒湯燙塔嗎? #熱烈歡迎初見安安,2025-12-05T15:30:00Z,https://www.youtube.com/watch?v=OVRcFPAP7H8,https://i.ytimg.com/vi/OVRcFPAP7H8/mqdefault_live.jpg
58bb51ba1bba485a98cbf859fb5687f4,upcoming,【金V獎x傳火馬拉松】報告! 第13號李盞曦 準備開跑!,2025-12-05T17:00:00Z,https://www.youtube.com/watch?v=_mZcChki53w,https://i.ytimg.com/vi/_mZcChki53w/mqdefault_live.jpg
626750f4e7a745619c171c44fb1efcc0,upcoming,【金V獎慢跑接力】邊跑步邊唱歌 深夜陪伴失眠的你 #金V獎【天使Vtuber小雪Yukichan】#台灣Vtuber #Vtuber,2025-12-05T19:00:00Z,https://www.youtube.com/watch?v=iGoEmf7KaqI,https://i.ytimg.com/vi/iGoEmf7KaqI/mqdefault_live.jpg
9031798ec1884b52b17df470b6c379b2,upcoming,【🔥第三屆金V獎🔥傳火馬拉松】跑進地城裡吧！🍁用閃亮的歌聲開啟問答地城回憶錄【芒楓】,2025-12-05T20:00:00Z,https://www.youtube.com/watch?v=PgR42RHL0W4,https://i.ytimg.com/vi/PgR42RHL0W4/mqdefault_live.jpg
0b8d1c0fa1b14df6821e85def645425e,upcoming,金V獎 傳火馬拉松 — 電話詅【Danwariing】,2025-12-05T21:55:00Z,https://www.youtube.com/watch?v=RLuGQjmQE7k,https://i.ytimg.com/vi/RLuGQjmQE7k/mqdefault_live.jpg
f81d4ef6f2f54e0c8c6d12a09e1fa5c7,upcoming,【早灣NA:26】早安您好 祝福您有美好的一天 ☆史黛娜Stena★ #vtuber #初見歓迎 #台v #朝活,2025-12-05T22:30:00Z,https://www.youtube.com/watch?v=6yNNaWvS3Eo,https://i.ytimg.com/vi/6yNNaWvS3Eo/mqdefault_live.jpg
058021ae015448cda91651a6bd41cdc6,upcoming,🔥#金V獎 ✖ 傳火馬拉松🔥這是關於某隻入圍金V獎最佳遊戲類節目企劃獎的心臟病患金絲雀執意要邊慢跑邊唱歌的事情。#vtuber #台灣vtuber,2025-12-05T23:00:00Z,https://www.youtube.com/watch?v=mGBTqXx1yaU,https://i.ytimg.com/vi/mGBTqXx1yaU/mqdefault_live.jpg
f466201465ac40ef9f3aefc9b08a39d1,upcoming,【遊戲】健身環 完 Z-A 👾 諾芙.exe,2025-12-06T01:00:00Z,https://www.youtube.com/watch?v=-zCwTQpQoBY,https://i.ytimg.com/vi/-zCwTQpQoBY/mqdefault_live.jpg
2f607aefde1d4264814d4e9282dd5cb0,upcoming,【糖宅物語｜療育早灣!】早安~初見安安 歡迎降落｜一顆糖💣 Ch.,2025-12-06T02:00:00Z,https://www.youtube.com/watch?v=PZMLGDPBcmM,https://i.ytimg.com/vi/PZMLGDPBcmM/mqdefault_live.jpg
c379e3f4f1eb41869ec465481b182e50,upcoming,🔥金V獎：傳火馬拉松🔥一邊跑跑步一邊說說話？一起把金V聖火傳下去吧！ #降落歡迎 #初見歡迎 #姆莉醬 #台V #vtuber #虛擬youtuber #虛擬主播,2025-12-06T02:00:01Z,https://www.youtube.com/watch?v=5Bs9pXGzLMQ,https://i.ytimg.com/vi/5Bs9pXGzLMQ/mqdefault_live.jpg
a188f157d0384e0db5ae73605240d68b,upcoming,【早安】進來被罵！放假了我都醒了你也不准睡🤬 #初見歡迎【花咲小春/台灣Vtuber】,2025-12-06T02:30:00Z,https://www.youtube.com/watch?v=MGLQw-hQKSc,https://i.ytimg.com/vi/MGLQw-hQKSc/mqdefault_live.jpg
dad6fb7439d744739755a9a7c6c18d20,upcoming,✦ 金V獎 × 傳火馬拉松 ✦  一邊跑步一邊唱歌？實不相瞞，這我擅長。【角蓮Caren】,2025-12-06T02:50:00Z,https://www.youtube.com/watch?v=NSlzcAL5-_I,https://i.ytimg.com/vi/NSlzcAL5-_I/mqdefault_live.jpg
6f9d63518a69442a88ac602a3b37bf18,upcoming,🔥第三屆金V獎🔥傳火馬拉松｜點火典禮現場一起等待聖火的來臨吧 ft. 陳旭元 CB,2025-12-06T04:00:00Z,https://www.youtube.com/watch?v=JxzCoVeXZyU,https://i.ytimg.com/vi/JxzCoVeXZyU/mqdefault_live.jpg
2ba32c49f08849f9a109b7e485c9c5a5,upcoming,【 𝟤𝟢𝟤𝟧 金V獎🏆】傳火馬拉松❤️‍🔥第𝟮𝟱棒❕來自𝗔𝘂𝗿𝗼𝗿𝗮𝗟𝗶𝘃𝗲的飛鼠VTuber🔥更加認識我💭｜沐沐シノもみじ🍓🐿️,2025-12-06T05:00:00Z,https://www.youtube.com/watch?v=l2-BysUvCIc,https://i.ytimg.com/vi/l2-BysUvCIc/mqdefault_live.jpg
1c6ebd51e0fc4ebab88347e853335c87,upcoming,【金V獎－傳火馬拉松】邊雜談邊傳聖火！【舒穆祿梅緋／芥川組】,2025-12-06T06:00:00Z,https://www.youtube.com/watch?v=ObqlId9AORw,https://i.ytimg.com/vi/ObqlId9AORw/mqdefault_live.jpg
ed3f69b9de7c43f3a32b4e7dfdb5bfd0,upcoming,【芙蘿拉】《My Little Puppy》誰哭誰小狗...汪汪汪【遊戲】,2025-12-06T07:00:00Z,https://www.youtube.com/watch?v=eMSMwWkqWQ4,https://i.ytimg.com/vi/eMSMwWkqWQ4/mqdefault_live.jpg
8c171b8f4b854cbfade4ee2babc19e0f,upcoming,【冉冉而談】過往的料理｜一起聊聊我感興趣的料理歷史吧～ #荏冉浮光 #初見歡迎 #歡迎降落,2025-12-06T07:00:00Z,https://www.youtube.com/watch?v=gr8sbF6J0gE,https://i.ytimg.com/vi/gr8sbF6J0gE/mqdefault_live.jpg
ce2a2c07a74640fc8d3b39d022b16dd9,upcoming,歌雜 | #金V獎 傳火馬拉松 一邊跑步一邊唱歌聊聊天!!初見歡迎🤍,2025-12-06T07:00:00Z,https://www.youtube.com/watch?v=hid76_amqhQ,https://i.ytimg.com/vi/hid76_amqhQ/mqdefault_live.jpg
fc90561b03104438b6e8f657a28574ce,upcoming,【#devilmaycry5 】惡魔可能哭5！其是那個魔王蠻性感的，我如果不打敗他，他其實可以娶我？【濛瀧】👠#ReLiveProject #台v #惡魔獵人5,2025-12-06T07:30:00Z,https://www.youtube.com/watch?v=vSou3jyabcc,https://i.ytimg.com/vi/vSou3jyabcc/mqdefault_live.jpg
bee9506c5d714205bfc69573280852c2,upcoming,【遊戲】從零開始建造資本主義...不對，是可愛鼠國！ | 初見さん大歓迎❤ | @mirutea_vtuber,2025-12-06T08:15:00Z,https://www.youtube.com/watch?v=3uxXMCJ9KJA,https://i.ytimg.com/vi/3uxXMCJ9KJA/mqdefault_live.jpg
6f9d63518a69442a88ac602a3b37bf18,upcoming,【LIVE】第三屆金V獎頒獎典禮現場！直擊最感動與最閃耀的時刻！,2025-12-06T09:30:00Z,https://www.youtube.com/watch?v=QoZjlSZK4qY,https://i.ytimg.com/vi/QoZjlSZK4qY/mqdefault_live.jpg
3b0031a4b57f46719f06cbf7c5cc42b6,upcoming,【繪圖雜談】今天到底會畫多少？沒人知道(๑˃ᴗ˂)و,2025-12-06T11:30:00Z,https://www.youtube.com/watch?v=3727lizljBI,https://i.ytimg.com/vi/3727lizljBI/mqdefault_live.jpg
191998e9f0ec4d67a19da194af311636,upcoming,ʚ 歌回 ɞ  好像很久沒有唱歌了？想唱什麼就唱什麼！｜鬼塚夏實 #vtuber  #新人Vtuber,2025-12-06T11:30:00Z,https://www.youtube.com/watch?v=stJyO5hnjaI,https://i.ytimg.com/vi/stJyO5hnjaI/mqdefault_live.jpg
58c4453bedb9463ab1dcb522d4d50faf,upcoming,《日本旅遊雜談》食慾之秋，北海道的食物好好吃🤤！,2025-12-06T12:00:00Z,https://www.youtube.com/watch?v=E8hBX8WYVw8,https://i.ytimg.com/vi/E8hBX8WYVw8/mqdefault_live.jpg
dbfaa5f3d01142df8a05c4946a0a22dc,upcoming,【酒雜棉花糖🍷】這週也辛苦了！一起來小喝一點聊聊天吧🫶【星野EE】 #初見歡迎 #降落歡迎,2025-12-06T12:00:00Z,https://www.youtube.com/watch?v=-DEnv4Pxg7s,https://i.ytimg.com/vi/-DEnv4Pxg7s/mqdefault_live.jpg
b09373e11cc74ed4b58440b9d7368172,upcoming,你不來畫畫嗎？【 上班想偷偷做的事】EP109,2025-12-06T12:00:00Z,https://www.youtube.com/watch?v=17MxC1HuZ2c,https://i.ytimg.com/vi/17MxC1HuZ2c/mqdefault_live.jpg
b516b71a9e8d43b8a377dabe1f9057dd,upcoming,【 #誕生日雜談 】今天是毛毛生日！！請祝我生日快樂~開箱生日禮物🌟,2025-12-06T12:00:00Z,https://www.youtube.com/watch?v=qk0xl41qAWI,https://i.ytimg.com/vi/qk0xl41qAWI/mqdefault_live.jpg
32a08f858ffb4d6aba0624647cf8cf2d,upcoming,【二重螺旋#7】賽琪Get！來打周本&去劇院找菲娜~,2025-12-06T12:00:00Z,https://www.youtube.com/watch?v=BST3I5ENpj8,https://i.ytimg.com/vi/BST3I5ENpj8/mqdefault_live.jpg
74f214b764314c5aa446eb9981c94935,upcoming,【Painting】畫圖！下週再開，聊聊12月的第一周怎麼樣？,2025-12-06T12:30:00Z,https://www.youtube.com/watch?v=iXBlQqNoYNQ,https://i.ytimg.com/vi/iXBlQqNoYNQ/mqdefault_live.jpg
9deb096c2fb943a7ae7487bf25e28026,upcoming,【出道三周年+誕生日!】時隔三年!終於有新衣服可以穿了!【漣玥Lenyueh】,2025-12-06T12:30:00Z,https://www.youtube.com/watch?v=0obrh_rNVr4,https://i.ytimg.com/vi/0obrh_rNVr4/mqdefault_live.jpg
443ba741722742d5b7d5f76c3e7b445b,upcoming,【#SF6  #視聽者參加型】JP初心者挑戰！哪裡跌倒就從哪裡爬起來！！最後打判定是直升Master吧 #初見さん大歓迎 🍡多言語天然癒し系｜魅音モモキュ．毛毛球,2025-12-06T12:30:23Z,https://www.youtube.com/watch?v=LkWx9X257Mc,https://i.ytimg.com/vi/LkWx9X257Mc/mqdefault_live.jpg
483a76d7ad1d464aa290606959ddddec,upcoming,【Terra Nil🌱#3】Chill住修復環境 / 新增的沙漠地區｜伊始之地｜Timu蒂姆,2025-12-06T13:00:00Z,https://www.youtube.com/watch?v=-NiGzCCzzbs,https://i.ytimg.com/vi/-NiGzCCzzbs/mqdefault_live.jpg
02dadd7977b8412b99f101241de4cb3f,upcoming,【十月還債】Ruby指定遊戲魔物獵人-觀眾場,2025-12-06T13:00:00Z,https://www.youtube.com/watch?v=POXRK3fz3SQ,https://i.ytimg.com/vi/POXRK3fz3SQ/mqdefault_live.jpg
6abc6d7010ed4b7a88b2566b171c9005,upcoming,【遊戲】黑神話：悟空｜當猴子上癮！ #墨生 #初見歡迎 #歡迎降落,2025-12-06T13:00:00Z,https://www.youtube.com/watch?v=6d4ifxu5bug,https://i.ytimg.com/vi/6d4ifxu5bug/mqdefault_live.jpg
8796ee6fb25b4b40a8ad9a188059951a,upcoming,𓍯⋆酒雜 ⋆ .ﾟ✿ 👒好像是第一次開酒雜♡💐出道九個月了該喝點了｜天藍朵朵Blue Dodo,2025-12-06T13:00:00Z,https://www.youtube.com/watch?v=gNiMqzwfaQ4,https://i.ytimg.com/vi/gNiMqzwfaQ4/mqdefault_live.jpg
0df008566e92461eb808c5b3ba9c7f0f,upcoming,【線上婚禮】我們結婚了，來祝賀我們吧！Ft.神秘的司儀,2025-12-06T13:00:22Z,https://www.youtube.com/watch?v=TiHJ7xO8mxs,https://i.ytimg.com/vi/TiHJ7xO8mxs/mqdefault_live.jpg
b0b9e352f71d4a03ace9972ddec4ec56,upcoming,【特別企劃：高中校園回憶募集！】保證精彩！大家的故事等待再次被翻篇...(時間確定中),2025-12-06T13:30:00Z,https://www.youtube.com/watch?v=OnNNUFoFtps,https://i.ytimg.com/vi/OnNNUFoFtps/mqdefault_live.jpg
2d9ef8be75c34daf9ce9d17ecbbe0f7a,upcoming,◖我的小柯基◗衛生紙準備好了QAQ  #初見歡迎 #降落歡迎 #Vtuber #奶茶當水喝🍼,2025-12-06T13:30:00Z,https://www.youtube.com/watch?v=v9KV5DH47bk,https://i.ytimg.com/vi/v9KV5DH47bk/mqdefault_live.jpg
85340d14d5654ac3b28b39b007a7dea7,upcoming,【災難公關】幾個男人+一隻吉祥物可以玩得多Yabai?【CN/EN/BM/JP(?)】🔵💊,2025-12-06T13:30:00Z,https://www.youtube.com/watch?v=YNSNvoYBoX8,https://i.ytimg.com/vi/YNSNvoYBoX8/mqdefault_live.jpg
5b996b6eca90491cb8e1a43de23b2388,upcoming,【絲襪開箱】📸開鏡福利📸啊♡你．．你不能撕掉我的絲襪拉～｜#降落大歡迎｜坎妮絲,2025-12-06T14:00:00Z,https://www.youtube.com/watch?v=-DXmZMu5ueo,https://i.ytimg.com/vi/-DXmZMu5ueo/mqdefault_live.jpg
0dc64e677ea0451095971685f0618966,upcoming,【Rubber Bandits】打架打架打架 ft. 凌仲、十六夜蒼月、凱婷【泳彤 HK Vtuber】,2025-12-06T14:30:00Z,https://www.youtube.com/watch?v=D448LrSWZZo,https://i.ytimg.com/vi/D448LrSWZZo/mqdefault_live.jpg
bac1f0b8e8d149d4a48cfd30d7d7ad74,upcoming,準備大搞破壞！！誰オ是盜賊之王！！【HKVTuber | 陳凱婷】,2025-12-06T14:30:00Z,https://www.youtube.com/watch?v=4UPMBakXfy4,https://i.ytimg.com/vi/4UPMBakXfy4/mqdefault_live.jpg
5f8930a469f94b5cad116810f68a2614,upcoming,灯音詩行丨圍爐夜話白噪音清唱歌回🤎 #karaoke #初見歡迎 #降落歡迎 【灯理Akari🍫Vtuber丨Scintillating Songlines #33】,2025-12-06T15:00:00Z,https://www.youtube.com/watch?v=dd026HFuQac,https://i.ytimg.com/vi/dd026HFuQac/mqdefault_live.jpg
50433c34f368460c9cda947f292a62b4,upcoming,【愛開蓋樂世 觀眾場🚗】轟隆隆～衝衝衝拉風～引擎發動！SO COME ON！一起來開車囉🐈💨【Arcade Galaxy】【貓宮步夢】#初見歡迎,2025-12-06T15:00:00Z,https://www.youtube.com/watch?v=lspMTG9NwHQ,https://i.ytimg.com/vi/lspMTG9NwHQ/mqdefault_live.jpg
84a911e2b05f4919a32e0c1618e32a7d,upcoming,【線下歌回】我們兩個待在一起就是聖誕節🎄【光逸 幸 / Kouitu Sin】,2025-12-06T15:00:00Z,https://www.youtube.com/watch?v=TZEpx3EI1b0,https://i.ytimg.com/vi/TZEpx3EI1b0/mqdefault_live.jpg
673abaca34d047b49b11d50214a9a463,upcoming,【午安雜談】 星期天的下午就是要來聊天呀！順便收集40個讚 #Vtuber #歡迎初見 #雜談 #陪伴 #朔時零 #午安,2025-12-07T05:30:00Z,https://www.youtube.com/watch?v=Jo5zF9SeQew,https://i.ytimg.com/vi/Jo5zF9SeQew/mqdefault_live.jpg
c61d5dd825d5423fac8fd1bc0596d1ff,upcoming,從今天開始不當歌勢  我要當遊戲勢  然後靠遊戲發大財???  │火吻怪盜卡門  #新人Vtuber #火熱公測 #初見歡迎,2025-12-07T06:00:00Z,https://www.youtube.com/watch?v=9z54E4pe35U,https://i.ytimg.com/vi/9z54E4pe35U/mqdefault_live.jpg
8796ee6fb25b4b40a8ad9a188059951a,upcoming,#都市傳說解體中心  好好玩的解謎遊戲!!!!!｜天藍朵朵Blue Dodo,2025-12-07T06:00:00Z,https://www.youtube.com/watch?v=cuuIx2GfWak,https://i.ytimg.com/vi/cuuIx2GfWak/mqdefault_live.jpg
6559d42f66684b8f80b4cd4589addd85,upcoming,【 戶外台 】肥宅伊比是時侯出門走走〖鴨鴨伊比．AhiruIbi 〗,2025-12-07T06:30:00Z,https://www.youtube.com/watch?v=J9cUH_0A8sM,https://i.ytimg.com/vi/J9cUH_0A8sM/mqdefault_live.jpg
c0c35f0471774be2b33163ae20f2d6bb,upcoming,【歌枠／Singing】以這個樣子為你歌唱，是最後一次了…🎤この姿で君に歌うのは、これが最後だ…🎤✨♫Ꮚ•̀ꈊ•́Ꮚ✨【薬袋アルマ／Vtuber】,2025-12-07T06:30:00Z,https://www.youtube.com/watch?v=aEPHD8mHq3Y,https://i.ytimg.com/vi/aEPHD8mHq3Y/mqdefault_live.jpg
ed3f69b9de7c43f3a32b4e7dfdb5bfd0,upcoming,【芙蘿拉】《My Little Puppy》謝謝你找到了我【遊戲】,2025-12-07T07:00:00Z,https://www.youtube.com/watch?v=EAvyFZqRO1o,https://i.ytimg.com/vi/EAvyFZqRO1o/mqdefault_live.jpg
dbfaa5f3d01142df8a05c4946a0a22dc,upcoming,【逃離鴨科夫#4】狂戰鴨鴨｜前進農場鎮🦆✨【星野EE】 #初見歡迎 #降落歡迎,2025-12-07T07:00:00Z,https://www.youtube.com/watch?v=k0nYqMB-cn8,https://i.ytimg.com/vi/k0nYqMB-cn8/mqdefault_live.jpg
f4ff6f40be3a4294ac1fe3e475421377,upcoming,【彈丸論破1】劇情全都忘了的動畫黨來玩原作游戲！ ☾  #馬來西亞vtuber #myvt,2025-12-07T07:00:00Z,https://www.youtube.com/watch?v=wrzvWPOgGR0,https://i.ytimg.com/vi/wrzvWPOgGR0/mqdefault_live.jpg
2885972c2d0943e6b697bdc5e72c1d4a,upcoming,🎀烈芝麻台北線下粉絲見面會🎀  #初見歡迎 #降落歓迎 #vtuber #烈芝麻,2025-12-07T07:00:00Z,https://www.youtube.com/watch?v=m-QprXch9_Y,https://i.ytimg.com/vi/m-QprXch9_Y/mqdefault_live.jpg
1c304e8690e2400d9482f1173f59ad70,upcoming,【手作台】終於要來開鏡頭做拉麵了(知育菓子)【猫崎ライミ/貓崎萊米】,2025-12-07T09:00:00Z,https://www.youtube.com/watch?v=an5q9KrBG-g,https://i.ytimg.com/vi/an5q9KrBG-g/mqdefault_live.jpg
a5681ed32f994c57a107a0b9248fb228,upcoming,【遊戲時間】✦天月麻雀✦ 來跟我一起打麻將吧 !-觀眾場✦｜星花 露娜娜,2025-12-07T09:00:00Z,https://www.youtube.com/watch?v=nZDiKv-D2Bw,https://i.ytimg.com/vi/nZDiKv-D2Bw/mqdefault_live.jpg
5ed5801d24c7412fa3fa65a82124aad0,upcoming,【Wrap House Simulator】高齡七十歲的狐妖自力更生的捲餅店討生活實錄  【棲蒔】,2025-12-07T11:00:00Z,https://www.youtube.com/watch?v=VLlB_NVNmxU,https://i.ytimg.com/vi/VLlB_NVNmxU/mqdefault_live.jpg
a052e4ff345b41919ab0f13a5b10ff02,upcoming,【空王座 Empty Throne】黑暗童話世界，一來就出命案沒問題嗎！ #鬱兔  #台V #視覺小說,2025-12-07T11:00:00Z,https://www.youtube.com/watch?v=YP1kNqiSWsk,https://i.ytimg.com/vi/YP1kNqiSWsk/mqdefault_live.jpg
9af7c10c618844f08a327d38753124bd,upcoming,【　　　　 11人】　　　　　　　　　　　 - 　　　　　　　　 / 　　　　 ×,2025-12-07T11:30:00Z,https://www.youtube.com/watch?v=gaKcJiE34Vg,https://i.ytimg.com/vi/gaKcJiE34Vg/mqdefault.jpg
3b0031a4b57f46719f06cbf7c5cc42b6,upcoming,【工作臺】工作爆量模式啟動…我還能活著嗎~​,2025-12-07T11:30:00Z,https://www.youtube.com/watch?v=xQk41OVGOCQ,https://i.ytimg.com/vi/xQk41OVGOCQ/mqdefault_live.jpg
58c4453bedb9463ab1dcb522d4d50faf,upcoming,二周目🎉 帥哥和瑪琪艾兒，可喜可賀？ ─《Pokémon Y》#27,2025-12-07T12:00:00Z,https://www.youtube.com/watch?v=DBwi47R2Yq0,https://i.ytimg.com/vi/DBwi47R2Yq0/mqdefault_live.jpg
0dc64e677ea0451095971685f0618966,upcoming,【雜談】✨Free Talk✨星期日的雜談！【泳彤 HK Vtuber】,2025-12-07T12:30:00Z,https://www.youtube.com/watch?v=dRhMSPbKCOI,https://i.ytimg.com/vi/dRhMSPbKCOI/mqdefault_live.jpg
3a43445829024217b728d04d5398b61c,upcoming,🦄遊戲配信☆寶可夢傳說ZA~新賽季開啟!!! 首次挑戰線上級別對戰 #pokemonza #ポケモンza #寶可夢傳說za 【悠妮涅可💜Unineko】,2025-12-07T13:00:00Z,https://www.youtube.com/watch?v=Zg78XtYEc5w,https://i.ytimg.com/vi/Zg78XtYEc5w/mqdefault_live.jpg
00c158176a504c9bb865b32276e79eb1,upcoming,羊皮先生 Mr. Sheepskin【 Cover 】【 Silvia Clione   瑟薇亞 】【 Coxib 可希 】,2025-12-07T13:00:00Z,https://www.youtube.com/watch?v=lCARWWOOfpY,https://i.ytimg.com/vi/lCARWWOOfpY/mqdefault.jpg
6abc6d7010ed4b7a88b2566b171c9005,upcoming,【連動】Stanza初次連動！一起來聽聽我們的篇章～ #墨生 #初見歡迎 #歡迎降落,2025-12-07T13:00:00Z,https://www.youtube.com/watch?v=PUcBoilkeYA,https://i.ytimg.com/vi/PUcBoilkeYA/mqdefault_live.jpg
bee9506c5d714205bfc69573280852c2,upcoming,【聯動】跟朋朋的露營車地獄！這破車真的能開嗎？ | 初見さん大歓迎❤ | @mirutea_vtuber ft/ @望夜_Night @藍玥LanYuech @Chloelancemay,2025-12-07T13:00:00Z,https://www.youtube.com/watch?v=c3x8ZP3pW14,https://i.ytimg.com/vi/c3x8ZP3pW14/mqdefault_live.jpg
5de329cf8bc5410fb40ef38d117be94d,upcoming,【MIMESIS】再次挑戰AI !! 平底鍋神鳥再次出動!! #冬鈴 #mimesis,2025-12-07T14:00:00Z,https://www.youtube.com/watch?v=c7amyCQcXSs,https://i.ytimg.com/vi/c7amyCQcXSs/mqdefault_live.jpg
2463286fd3154219afa631c73d178147,upcoming,讓鬼故事陪伴你入睡。靈異物語re01-#936radioR⚝,2025-12-07T14:30:00Z,https://www.youtube.com/watch?v=AMQRxthct5A,https://i.ytimg.com/vi/AMQRxthct5A/mqdefault_live.jpg
1cfadb0d2e154a258c3177ff8264336f,upcoming,【NNN解放慶祝!】每30讚就隊一杯酒！MK妹醉酒後會XX..?,2025-12-07T15:00:00Z,https://www.youtube.com/watch?v=odWnMynDaS0,https://i.ytimg.com/vi/odWnMynDaS0/mqdefault_live.jpg
6fb9853185d844de80d4f3e0f3f2726d,upcoming,🩸12/1~12/7週表🩸,2025-12-07T15:45:00Z,https://www.youtube.com/watch?v=Qxog2PlOdkc,https://i.ytimg.com/vi/Qxog2PlOdkc/mqdefault_live.jpg
a5f7302f9f1a4fcdb2471c4bc52a05fb,upcoming,ϑɕ 微糖角落 合作🤍多口味奶酥司康🍪合作期間 11/24 ～ 12/7 下訂還有購買福利！詳情請看說明欄 ϑɕ,2025-12-07T15:45:00Z,https://www.youtube.com/watch?v=1r622oke59g,https://i.ytimg.com/vi/1r622oke59g/mqdefault_live.jpg
dc9cd2bc942d427d8cc73370d1194f9e,upcoming,【12/01-12/07 週表】12/7是我的偶像羽生結弦的生日😻⛸️ 也是我要考JLPT N1的日子😱📗,2025-12-07T15:59:00Z,https://www.youtube.com/watch?v=wuTzegqREZk,https://i.ytimg.com/vi/wuTzegqREZk/mqdefault_live.jpg
36ad63809a2441c9b85f7ee628136ce3,upcoming,【周表登場】2025 / 12 / 1 - 2025 / 12 / 7,2025-12-07T16:00:00Z,https://www.youtube.com/watch?v=rWb8YAciqO4,https://i.ytimg.com/vi/rWb8YAciqO4/mqdefault_live.jpg
62b7ee328a7b42b0a1da0ab3bc22d1db,upcoming,【亞羅精華】艾爾登法環-EP.05-被賣到礦坑去挖礦了【台灣/男性/個人勢/Vtuber】,2025-12-08T12:00:00Z,https://www.youtube.com/watch?v=thuDDp2yxVc,https://i.ytimg.com/vi/thuDDp2yxVc/mqdefault.jpg
e810dcd23c334fd184d254718517764e,upcoming,【魔法少女的魔女審判】初見神作【香港Vtuber】,2025-12-08T12:30:00Z,https://www.youtube.com/watch?v=z1tNHyzAOKc,https://i.ytimg.com/vi/z1tNHyzAOKc/mqdefault_live.jpg
accbad7e89df4174a13b68edcae74068,upcoming,【ASMR】辛累上班一整天，發現小妻子還在打遊戲該如何處置她呢?🐳【神子澤小鯨 ／芥川組】#一閃一閃亮鯨鯨#初見歡迎#台v,2025-12-08T13:00:00Z,https://www.youtube.com/watch?v=VBOyOaoZjag,https://i.ytimg.com/vi/VBOyOaoZjag/mqdefault_live.jpg
c0c35f0471774be2b33163ae20f2d6bb,upcoming,【薬袋アルマ4周年記念】2年ぶりの新衣装だ👀✨4周年穿新衣💙睽違2年的新衣服來啦👀✨Ꮚ•̀ꈊ•́Ꮚ❤︎【薬袋アルマ／VTuber】,2025-12-08T13:30:00Z,https://www.youtube.com/watch?v=1_aYIg7VPl4,https://i.ytimg.com/vi/1_aYIg7VPl4/mqdefault_live.jpg
bac1f0b8e8d149d4a48cfd30d7d7ad74,upcoming,【廣東話禁止！】看看大家能聽懂究竟我説甚麼嗎? 破爛國語 ！【HKVTuber | 陳凱婷】,2025-12-08T13:30:00Z,https://www.youtube.com/watch?v=Do6S7Q1ekCY,https://i.ytimg.com/vi/Do6S7Q1ekCY/mqdefault_live.jpg
f13832094d8b40fbb95d07732aa3c3c7,upcoming,【初配信】異鄉的旅人們，讓我們用歌聲相遇 𝄞 【小鵺野紗音／芥川組】,2025-12-09T11:30:00Z,https://www.youtube.com/watch?v=eijC5Xu7LD8,https://i.ytimg.com/vi/eijC5Xu7LD8/mqdefault_live.jpg
e2049fd03bea4bf6bfee472e4674021c,upcoming,《凜冬前線FrostBound》EP.2發現上次打錯了，再來一場(沉迷卡牌遊戲無法自拔),2025-12-09T13:00:00Z,https://www.youtube.com/watch?v=bNALer2jYMU,https://i.ytimg.com/vi/bNALer2jYMU/mqdefault_live.jpg
a9faef4b712b4649ba60c7e8e262175a,upcoming,【THREAT -SCREAM AND ESCAPE-】HELPPPPPPPP!!!!【VAYNE KISSVEIL】,2025-12-09T13:00:00Z,https://www.youtube.com/watch?v=0O0QAU_dSEM,https://i.ytimg.com/vi/0O0QAU_dSEM/mqdefault_live.jpg
824bd7df6923453292dec9ff3e3f664a,upcoming,【FF14】初見FF14辣！為了成為最中二的角色而玩的遊戲？【#遊戲】(P.OOO)　#VTuber　#mmorpg　#水母暮暮　#ff14,2025-12-10T02:00:00Z,https://www.youtube.com/watch?v=3LtpOp0PsHU,https://i.ytimg.com/vi/3LtpOp0PsHU/mqdefault_live.jpg
8774553046cb47a9b5165c15feb01e84,upcoming,【#FF14繁中版🌟】初見~我極小豆芽見習戰士♡千訂衝刺!!💎Final Fantasy XIV💧⌇ パパ 𖥻 帕比咪帕比波 ♡ @papamibo,2025-12-10T06:00:00Z,https://www.youtube.com/watch?v=CYnFEDA6d1c,https://i.ytimg.com/vi/CYnFEDA6d1c/mqdefault_live.jpg
2c05340bb152419ebe0bd3fb6a78da80,upcoming,【初配信】找到了？找到了！屬於你我的幸福之鹿♡【鹿島神春日／芥川組】,2025-12-10T11:30:00Z,https://www.youtube.com/watch?v=bctrxlKg4JY,https://i.ytimg.com/vi/bctrxlKg4JY/mqdefault_live.jpg
1025a2d1ea674c649b1e7934895bd419,upcoming,【雜談】真心話還是大冒險？莉卡相談室解決你的疑難雜症  #初見歡迎【LiccaLive】,2025-12-10T12:00:00Z,https://www.youtube.com/watch?v=j8C2_cZrjEc,https://i.ytimg.com/vi/j8C2_cZrjEc/mqdefault_live.jpg
a2c7c34474174cd2bffcc17a32aeec21,upcoming,【#歌枠】沒有比冬天的床更舒服的地方  #初見歓迎 #降落歡迎,2025-12-10T12:00:00Z,https://www.youtube.com/watch?v=5YZ-T_5yDJE,https://i.ytimg.com/vi/5YZ-T_5yDJE/mqdefault_live.jpg
976e0cf401784d3f874dc85b2b2c5839,upcoming,✟ 𝟷𝟸/𝟷𝟶 𝟸𝟷:𝟹𝟶 ᴄᴏᴍɪɴɢ ꜱᴏᴏɴ...,2025-12-10T13:30:00Z,https://www.youtube.com/watch?v=A-2WvNw2tQA,https://i.ytimg.com/vi/A-2WvNw2tQA/mqdefault_live.jpg
cc882664d9794fb88b06a5a0aa1591ae,upcoming,🔴【#月川新衣裝2025】歡迎觀眾預想✅時隔兩年的華麗新衣～竟然沒出Goods！【月川MoonRiver 香港VTuber HKVTuber 中文VTuber】#重大告知 #新衣裝 #新衣装,2025-12-10T14:30:00Z,https://www.youtube.com/watch?v=X0z-4swvXOc,https://i.ytimg.com/vi/X0z-4swvXOc/mqdefault_live.jpg
44af52f7f6aa487e850b3d261947205b,upcoming,【初配信】看我初配【貓屋敷百壹／芥川組】,2025-12-11T11:30:00Z,https://www.youtube.com/watch?v=6fXJlpfIOzA,https://i.ytimg.com/vi/6fXJlpfIOzA/mqdefault_live.jpg
dbfaa5f3d01142df8a05c4946a0a22dc,upcoming,星野EE 生誕祭Live 2025 「夢」,2025-12-11T13:00:00Z,https://www.youtube.com/watch?v=eYuFKUXPZNs,https://i.ytimg.com/vi/eYuFKUXPZNs/mqdefault_live.jpg
bac1f0b8e8d149d4a48cfd30d7d7ad74,upcoming,【禁言麻雀！】只有贏家才有發言權！！Ft.紡霊拉比 | 千里せんり | 三日月凌【HKVTuber | 陳凱婷】,2025-12-11T13:30:00Z,https://www.youtube.com/watch?v=XbccGCqdM5Q,https://i.ytimg.com/vi/XbccGCqdM5Q/mqdefault_live.jpg
bac1f0b8e8d149d4a48cfd30d7d7ad74,upcoming,【重啟找數】OT ! 尚餘時間83:07:47【HKVTuber | 陳凱婷】,2025-12-12T05:00:00Z,https://www.youtube.com/watch?v=OklDAad3DjE,https://i.ytimg.com/vi/OklDAad3DjE/mqdefault_live.jpg
a5f7302f9f1a4fcdb2471c4bc52a05fb,upcoming,ϑɕ Favorite合作✨超酷炫玖菜帽T🖤即日起～12/14 達到預約件數才會確定製作！下單連結可看說明欄 ϑɕ,2025-12-12T10:05:00Z,https://www.youtube.com/watch?v=M9bIy5ZhWck,https://i.ytimg.com/vi/M9bIy5ZhWck/mqdefault_live.jpg
a24116ba22c84747818b7be8cd8eb733,upcoming,【#evalorr2nd】「2.0 版本 新衣裝お披露目」| 花樂祭  全新造型 |【eValorr 海豚哥哥】,2025-12-12T12:00:00Z,https://www.youtube.com/watch?v=eyLy7b86AuI,https://i.ytimg.com/vi/eyLy7b86AuI/mqdefault_live.jpg
0dc64e677ea0451095971685f0618966,upcoming,【Q&A】最後的最後，來坦誠相對地聊天吧！毫無保留超真心Q&A！【泳彤 HK Vtuber】,2025-12-12T12:30:00Z,https://www.youtube.com/watch?v=7BoBmkQ6oMU,https://i.ytimg.com/vi/7BoBmkQ6oMU/mqdefault_live.jpg
5b85294949544a5f8855715acadf66a5,upcoming,【#卯貓的研究筆記】今年的禮盒來囉！會抽到什麼顏色呢～｜銫希恩Cesium☄️,2025-12-12T13:00:00Z,https://www.youtube.com/watch?v=Cwk8TQ4sMoQ,https://i.ytimg.com/vi/Cwk8TQ4sMoQ/mqdefault_live.jpg
9de74d9cd68f481396a3dbd76d529a24,upcoming,【2.0新衣裝配信】#初見歡迎  #歡迎降落   | 煦 Teru,2025-12-12T13:00:00Z,https://www.youtube.com/watch?v=Ff3hPvJaWW0,https://i.ytimg.com/vi/Ff3hPvJaWW0/mqdefault_live.jpg
e2049fd03bea4bf6bfee472e4674021c,upcoming,【小周末雜談】,2025-12-12T13:00:00Z,https://www.youtube.com/watch?v=gL2yjPc1x4A,https://i.ytimg.com/vi/gL2yjPc1x4A/mqdefault_live.jpg
ad6cf3322d204c79afa7d14d4d36473c,upcoming,【深夜ASMR】吹笛人的魅惑之夜🌙禁忌旋律…藏著不能說的秘密💗雪乃綿 Yukinomen（睡眠導入/Relaxing/Whisperin）｜數羊時間,2025-12-12T13:00:00Z,https://www.youtube.com/watch?v=SoNlYzj850M,https://i.ytimg.com/vi/SoNlYzj850M/mqdefault.jpg
6cd8cdc530d14e2d9d0a9cd20cb6b05c,upcoming,【泡姆泡姆】今天來挑戰4星難度的島《Nanashi Yuki》#魚兒魚兒水中游 @mirutea_vtuber,2025-12-12T13:30:00Z,https://www.youtube.com/watch?v=-rkDcFsk9hY,https://i.ytimg.com/vi/-rkDcFsk9hY/mqdefault_live.jpg
ea8cc7c4366d48c797a88bfbcf584301,upcoming,【初配信】比社畜的你更社畜的新人Vtuber玻玻露 ✨12/13 20：00初配信✨ #vtuber #初配信 #台v,2025-12-13T12:00:00Z,https://www.youtube.com/watch?v=o6hFObiwqPk,https://i.ytimg.com/vi/o6hFObiwqPk/mqdefault_live.jpg
0dc64e677ea0451095971685f0618966,upcoming,【歌枠】勁舊金曲畢業典禮！【泳彤 HK Vtuber】#vtuber #hkvtuber #歌枠,2025-12-13T12:00:00Z,https://www.youtube.com/watch?v=LCrzHRs7bsA,https://i.ytimg.com/vi/LCrzHRs7bsA/mqdefault_live.jpg
5ff20156ebbf4390a3573d6a94aed8df,upcoming,【#餓餓六遛】兩季完結批鬥大會(X)後日談(O) with.小木戶圭、高維爾、帕普璐璐、珂伊Kiki、劉離【小符亞 Sahua ch.】,2025-12-13T13:00:00Z,https://www.youtube.com/watch?v=T4OD81s3164,https://i.ytimg.com/vi/T4OD81s3164/mqdefault_live.jpg
e0f419006f244a51804050ede1d1a5aa,upcoming,I'VE GOT COMPANY !!  -【LITTLE NIGHTMARES III】Part 2,2025-12-13T13:00:00Z,https://www.youtube.com/watch?v=iQpOof3N4ZA,https://i.ytimg.com/vi/iQpOof3N4ZA/mqdefault_live.jpg
a052e4ff345b41919ab0f13a5b10ff02,upcoming,【創作挑戰】鬱兔ＸPenana我推你的編推！Part2 「奇幻之旅」#小說 #penana #寫作,2025-12-14T11:00:00Z,https://www.youtube.com/watch?v=ngSs-BoUJvY,https://i.ytimg.com/vi/ngSs-BoUJvY/mqdefault_live.jpg
1025a2d1ea674c649b1e7934895bd419,upcoming,【生日特別歌雜】一起過的第三個生日!!!  #初見歡迎【LiccaLive】,2025-12-14T12:00:00Z,https://www.youtube.com/watch?v=e01iLetXLPg,https://i.ytimg.com/vi/e01iLetXLPg/mqdefault_live.jpg
e810dcd23c334fd184d254718517764e,upcoming,【Warhammer 40K | 戰錘40K】40K陣營介紹 - 阿斯塔特修會 ft.公貓 (粵語)【香港Vtuber】,2025-12-14T13:00:00Z,https://www.youtube.com/watch?v=jWE5fG_e6YA,https://i.ytimg.com/vi/jWE5fG_e6YA/mqdefault_live.jpg
f6a8c59d8b8d4e009d4e147ec268cd73,upcoming,〖Ellise生誕グッズ2025〗雑草なかよしセット🌱〖受注受付期間：12/14まで〗,2025-12-15T14:45:00Z,https://www.youtube.com/watch?v=zLqB0phLqlM,https://i.ytimg.com/vi/zLqB0phLqlM/mqdefault_live.jpg
a9f6574e98f34b20a05269134930fb50,upcoming,【歌回】星期二固定歌回：お休み前の火曜日定期歌枠/茸茸鼠,2025-12-16T13:00:00Z,https://www.youtube.com/watch?v=LwXa_JAXCEU,https://i.ytimg.com/vi/LwXa_JAXCEU/mqdefault_live.jpg
504678b9fa2f4506879ba42b27a13dff,upcoming,【二週年問卷募集中】12/16小尋出道二週年！把你想說的話都寫進來吧🍁【葉月尋 HazukiHiro】,2025-12-16T15:45:00Z,https://www.youtube.com/watch?v=AOh7_w36vFI,https://i.ytimg.com/vi/AOh7_w36vFI/mqdefault_live.jpg
bf58297d50a741e5b1808ec4c445f216,upcoming,【新衣裝發表】新衣裝預測募集中! 看到這個的你趕快去資訊欄拿剪影來繪製吧! 截止日到12/15(暫定) 歡迎來預測!! 想我的話歡迎留言 新人記得加入DC群 #歡迎降落 #vtuber ｜水星スイ |,2025-12-17T12:00:00Z,https://www.youtube.com/watch?v=OCNFRpVifNE,https://i.ytimg.com/vi/OCNFRpVifNE/mqdefault_live.jpg
bac1f0b8e8d149d4a48cfd30d7d7ad74,upcoming,【心事留座#4】傾聽想分享的事情！不定期投稿直播(初次嘗試一下！)！【陳凱婷】,2025-12-18T13:30:00Z,https://www.youtube.com/watch?v=et0ncSmDJvM,https://i.ytimg.com/vi/et0ncSmDJvM/mqdefault_live.jpg
350516d81d0944fd8dde463cbd4fd279,upcoming,【雜談直播】第一次去日本！大阪之旅🍁🍁巨蛋超大好壯觀！Ado超會唱😭😭【HKVTuber/緋佐煌斗🍤】,2025-12-19T13:00:00Z,https://www.youtube.com/watch?v=NYf6xyVlvjk,https://i.ytimg.com/vi/NYf6xyVlvjk/mqdefault_live.jpg
14d83faa414c415097d577d2da9636ce,upcoming,【初配信】電脳天使、『萌留みみん』がやってきました🪽【新人Vtuber】,2025-12-21T12:00:00Z,https://www.youtube.com/watch?v=fs96J6Q7CW8,https://i.ytimg.com/vi/fs96J6Q7CW8/mqdefault_live.jpg
a5681ed32f994c57a107a0b9248fb228,upcoming,✦ 2025聖誕交換禮物✦,2025-12-21T15:30:00Z,https://www.youtube.com/watch?v=GoHdjEyinOY,https://i.ytimg.com/vi/GoHdjEyinOY/mqdefault_live.jpg
c72226925ba94855b9fcc88fc2a25acc,upcoming,［精華］出統還要誇觀眾?! 台主的普通話真的很普通... 打 #天月麻雀 不是順位第一就罰🀄轉蛋大懲罰 !!! 抽爆米亞!!!,2025-12-23T12:00:00Z,https://www.youtube.com/watch?v=Z8ZTvgtoAPQ,https://i.ytimg.com/vi/Z8ZTvgtoAPQ/mqdefault.jpg
a2c7c34474174cd2bffcc17a32aeec21,upcoming,【#歌枠】精靈大聲歌唱！50讚挑戰💕高評価 #初見歓迎 #降落歡迎,2025-12-24T12:00:00Z,https://www.youtube.com/watch?v=3KGvI7RJmo0,https://i.ytimg.com/vi/3KGvI7RJmo0/mqdefault_live.jpg
93bad1d4b0c54c8781e3775d13a62c38,upcoming,【2歲生日專屬直播】AI VTuber芙耶拉已經2歲啦！,2025-12-24T13:00:00Z,https://www.youtube.com/watch?v=jFvu5AkG4K8,https://i.ytimg.com/vi/jFvu5AkG4K8/mqdefault_live.jpg
364f94fc7493453e9f53787ade8e35c6,upcoming,聖誕節特別企劃：第二屆 彌嬰盃動漫猜彌大賽 90年代篇！！*絕對黃標*,2025-12-25T11:00:00Z,https://www.youtube.com/watch?v=c0uQJOLeOCE,https://i.ytimg.com/vi/c0uQJOLeOCE/mqdefault_live.jpg
f3a1ec7e996e4897ba4e34376f7c0be2,upcoming,這裡什麼都沒有(:,2025-12-25T11:00:00Z,https://www.youtube.com/watch?v=NrJD-SNrqqk,https://i.ytimg.com/vi/NrJD-SNrqqk/mqdefault.jpg
ad6cf3322d204c79afa7d14d4d36473c,upcoming,【深夜ASMR】原版聖誕老人背後的「吃人惡魔」🎅黑彼得的禁忌懲罰…不是每個孩子都受得了💗雪乃綿 Yukinomen（睡眠導入/Relaxing/Whisperin）｜數羊時間,2025-12-26T13:00:00Z,https://www.youtube.com/watch?v=Qkcl48N1GCQ,https://i.ytimg.com/vi/Qkcl48N1GCQ/mqdefault.jpg
de266b34e79c49b48fa566e9fb1a24af,upcoming,【公告用】《0 to THE ONE》SHIR Ｘ FULLBAND  *請看資訊欄*｜台灣Vtuber｜希珥 Shir,2025-12-27T11:30:00Z,https://www.youtube.com/watch?v=LU2gYHkTjIA,https://i.ytimg.com/vi/LU2gYHkTjIA/mqdefault_live.jpg
483a76d7ad1d464aa290606959ddddec,upcoming,【學習台🔰】從零開始學SQL SELECT * FROM｜vtuber｜Timu蒂姆,2025-12-27T13:00:00Z,https://www.youtube.com/watch?v=uU0_lmSYs50,https://i.ytimg.com/vi/uU0_lmSYs50/mqdefault_live.jpg
80f7b111f0e044abae4c37f6a96b5957,upcoming,【#演奏】Cello Performance｜チェロ演奏｜大提琴演奏【#DevilithViolustre 】,2025-12-28T11:00:00Z,https://www.youtube.com/watch?v=fucJs_PsqFs,https://i.ytimg.com/vi/fucJs_PsqFs/mqdefault_live.jpg
22aaa78ca5fa444bb70649727131c0f2,upcoming,《八音起鼓》八音玄古 HenKoo 初配信,2025-12-29T11:00:00Z,https://www.youtube.com/watch?v=vDljM5afCiQ,https://i.ytimg.com/vi/vDljM5afCiQ/mqdefault_live.jpg
4b6655120fbd4431a8f7894cac4a4d49,upcoming,雜談｜究竟！從10月9日開始的減脂到年底能不能達到第一階段目標呢？達到的話就拍真人拍立得！能不能脫離泡芙人先達到28%體脂？【Healing希靈/VTuber】,2025-12-29T11:30:00Z,https://www.youtube.com/watch?v=_EGjAf9tSrc,https://i.ytimg.com/vi/_EGjAf9tSrc/mqdefault_live.jpg
395eade6d67445e1831010cac52ab444,upcoming,【 公告 】2025交換禮物邀請函꒰ꈍ•ᆺ•ꈍ꒱收件至12/20為止！！【伊波悠月 / Inami Yuzuki 🫧🌙】,2025-12-30T15:00:00Z,https://www.youtube.com/watch?v=BMC0FpqfIiA,https://i.ytimg.com/vi/BMC0FpqfIiA/mqdefault_live.jpg
87e1b5eec62040118b6bd49efbe5d61c,upcoming,【12/1-12/7週表公開！】,2025-12-30T16:00:00Z,https://www.youtube.com/watch?v=Hn-ATu3o0tU,https://i.ytimg.com/vi/Hn-ATu3o0tU/mqdefault_live.jpg
8f0b41303e8a481689fe4309a565ecd3,upcoming,[ 遊戲 ] R.E.P.O.觀眾場 ! 加碼場 ! ! !  #初見歡迎 💙,2025-12-31T05:00:00Z,https://www.youtube.com/watch?v=J1Bpy9-T2EQ,https://i.ytimg.com/vi/J1Bpy9-T2EQ/mqdefault_live.jpg
aa1ff405338c41b98ff7197eb4d90349,upcoming,【#絲綢之歌??】不知道窩甚麼時候打的到這 但我先畫好了 ૮ ・ﻌ・ა【雪迎】,2025-12-31T09:30:00Z,https://www.youtube.com/watch?v=G6NWWaA8RJM,https://i.ytimg.com/vi/G6NWWaA8RJM/mqdefault_live.jpg
a2c7c34474174cd2bffcc17a32aeec21,upcoming,【#歌枠】主題歌回｜說個故事給你聽 #初見歓迎 #降落歡迎,2025-12-31T12:00:00Z,https://www.youtube.com/watch?v=ZeBOQLUB5TI,https://i.ytimg.com/vi/ZeBOQLUB5TI/mqdefault_live.jpg
2d9ef8be75c34daf9ce9d17ecbbe0f7a,upcoming,◖12月茶館營業時間◗,2025-12-31T13:15:00Z,https://www.youtube.com/watch?v=p5gV616mAC8,https://i.ytimg.com/vi/p5gV616mAC8/mqdefault_live.jpg
e4e33334b43945b6837ec43826f3727f,upcoming,【🦌週表】#初配信 2025.10.17｜晚上21:00,2025-12-31T15:30:00Z,https://www.youtube.com/watch?v=Z5V3yTcdOY8,https://i.ytimg.com/vi/Z5V3yTcdOY8/mqdefault_live.jpg
b399afc661d04f47acc9d0681be343b4,upcoming,💙週表 | 小資狼 Shoshiro,2025-12-31T15:45:00Z,https://www.youtube.com/watch?v=SOv-NPPtX98,https://i.ytimg.com/vi/SOv-NPPtX98/mqdefault_live.jpg
1dd6fdbb4f764fc3a18747c8adbf0692,upcoming,乖乖廟（一個月版）,2025-12-31T15:45:00Z,https://www.youtube.com/watch?v=g_tTFj92jhw,https://i.ytimg.com/vi/g_tTFj92jhw/mqdefault_live.jpg
6873f5b9a88c42ba980878bbffb5682a,upcoming,【雜談】你身邊有岸狗仔嗎??真巧🙂我身邊也有😇來分享一下岸狗仔做的事,2025-12-31T15:45:00Z,https://www.youtube.com/watch?v=8qdQhnWpEwI,https://i.ytimg.com/vi/8qdQhnWpEwI/mqdefault_live.jpg
483a76d7ad1d464aa290606959ddddec,upcoming,【Sky光遇⛅10】一起看電影吧｜bgm很舒服｜Timu蒂姆,2026-01-03T13:00:00Z,https://www.youtube.com/watch?v=MIAEmG4UJuo,https://i.ytimg.com/vi/MIAEmG4UJuo/mqdefault_live.jpg
b423123a68df4ac88b2a376ae5fd3b89,upcoming,【露娜】初配信!!! 到底會不會出包呢? 【新人vtuber】#初見歡迎 #降落歡迎,2026-01-11T03:11:00Z,https://www.youtube.com/watch?v=wp1oXSKJtKY,https://i.ytimg.com/vi/wp1oXSKJtKY/mqdefault_live.jpg
59110c6bf6e64ce6bdf86b40246dc106,upcoming,【競標二手衣服】珍藏已久！！！競標車服&拍寫真的香香衣服【朵法娜Tofana 】,2026-01-18T12:00:00Z,https://www.youtube.com/watch?v=U1wbGEOSl6w,https://i.ytimg.com/vi/U1wbGEOSl6w/mqdefault_live.jpg
8f0b41303e8a481689fe4309a565ecd3,upcoming,[ 提早開啟的戒斷所 ],2026-01-21T04:00:00Z,https://www.youtube.com/watch?v=bCHa0oXPDLo,https://i.ytimg.com/vi/bCHa0oXPDLo/mqdefault_live.jpg
dadb89bee9044261848ad444625d94f7,upcoming,【瑪納加2.2新衣裝募資企劃】💛 讓金色光芒，為新起點閃耀 ✨,2026-01-31T04:05:00Z,https://www.youtube.com/watch?v=AEnRWOexKQc,https://i.ytimg.com/vi/AEnRWOexKQc/mqdefault_live.jpg
9a7b7c9c31da44aca5a68395a2e69488,upcoming,【無声透明Vtuber】ドラゴンクエストVII Reimagined #1【バ美肉、バ美声不使用】,2026-02-04T12:00:00Z,https://www.youtube.com/watch?v=t79rCh3U9aQ,https://i.ytimg.com/vi/t79rCh3U9aQ/mqdefault_live.jpg
ea4c1a67c2e445ad8028768616ceb659,upcoming,🥞廣告看板🥞 四階可洛斯會員&胖貓WantedBar帶貨中【詳情請看資訊欄】,2026-02-28T06:15:00Z,https://www.youtube.com/watch?v=GZx3HnkKmhA,https://i.ytimg.com/vi/GZx3HnkKmhA/mqdefault_live.jpg
0fbdfcc1b9cf41fdb840cf2f546d9324,upcoming,【告別回憶3】【耐久】EP.4 荷嶋音緒路線part4,2026-03-27T13:00:00Z,https://www.youtube.com/watch?v=13eXt0M7y-E,https://i.ytimg.com/vi/13eXt0M7y-E/mqdefault_live.jpg
0fbdfcc1b9cf41fdb840cf2f546d9324,upcoming,【After Rain】【卒業】【耐久】【全結局鑑賞】1,2026-03-28T12:00:00Z,https://www.youtube.com/watch?v=vtkEAea6zDM,https://i.ytimg.com/vi/vtkEAea6zDM/mqdefault_live.jpg
0fbdfcc1b9cf41fdb840cf2f546d9324,upcoming,【Kanon】EP.11.雪花飄落在手心,2026-03-31T12:30:00Z,https://www.youtube.com/watch?v=g9-FUOhR4w4,https://i.ytimg.com/vi/g9-FUOhR4w4/mqdefault_live.jpg
0fbdfcc1b9cf41fdb840cf2f546d9324,upcoming,【Kanon】EP.12. 雪下的告白能順利進行嗎？,2026-04-01T12:30:00Z,https://www.youtube.com/watch?v=MXPyxQyEaEM,https://i.ytimg.com/vi/MXPyxQyEaEM/mqdefault_live.jpg
0fbdfcc1b9cf41fdb840cf2f546d9324,upcoming,【Kanon】EP.13 與妳一起期待的未來,2026-04-02T12:30:00Z,https://www.youtube.com/watch?v=cuoLKMUcFpw,https://i.ytimg.com/vi/cuoLKMUcFpw/mqdefault_live.jpg
0fbdfcc1b9cf41fdb840cf2f546d9324,upcoming,【交響樂之雨】EP.9 與妳一起唱歌的快樂,2026-04-06T12:30:00Z,https://www.youtube.com/watch?v=odcsghLw8p4,https://i.ytimg.com/vi/odcsghLw8p4/mqdefault_live.jpg
0fbdfcc1b9cf41fdb840cf2f546d9324,upcoming,【交響樂之雨】EP.10 雨中與妳的練習,2026-04-07T12:30:00Z,https://www.youtube.com/watch?v=jUkBSy8xEx8,https://i.ytimg.com/vi/jUkBSy8xEx8/mqdefault_live.jpg
0fbdfcc1b9cf41fdb840cf2f546d9324,upcoming,【交響樂之雨】EP.11 一起勤奮努力的練習,2026-04-08T12:30:00Z,https://www.youtube.com/watch?v=IgnHsclxQXg,https://i.ytimg.com/vi/IgnHsclxQXg/mqdefault_live.jpg
0fbdfcc1b9cf41fdb840cf2f546d9324,upcoming,【交響樂之雨】EP.12 最後與妳的合奏是幸福美滿的,2026-04-09T12:30:00Z,https://www.youtube.com/watch?v=QJpn6yV08ss,https://i.ytimg.com/vi/QJpn6yV08ss/mqdefault_live.jpg
c379e3f4f1eb41869ec465481b182e50,upcoming,2025/12/1 - 12/7 牡蠣國週表🦪,2026-06-09T12:00:42Z,https://www.youtube.com/watch?v=wshLdEzQkHo,https://i.ytimg.com/vi/wshLdEzQkHo/mqdefault_live.jpg
101cdaf175c643c888d0d33bdab5da15,upcoming,【假裝這裡有週表】www,2026-06-14T18:00:00Z,https://www.youtube.com/watch?v=aaR_cOVz3ZY,https://i.ytimg.com/vi/aaR_cOVz3ZY/mqdefault_live.jpg
7d66bf98da354f72baee891cdd91855b,upcoming,//週表// 12-1 ~ 12-7 | 賽特珞 Cetro,2026-07-02T23:30:00Z,https://www.youtube.com/watch?v=5qy15oGlsTk,https://i.ytimg.com/vi/5qy15oGlsTk/mqdefault_live.jpg
809ddec4aec2402ea41adeba2f8520ec,upcoming,【週表】不會在YT開，想看直播一律到圖奇。,2026-07-25T11:30:00Z,https://www.youtube.com/watch?v=44cVW8JLw3c,https://i.ytimg.com/vi/44cVW8JLw3c/mqdefault_live.jpg
c52b95b6a42d48f0ae888720492a5a46,upcoming,新衣裝募資計畫,2026-09-09T14:00:00Z,https://www.youtube.com/watch?v=s_LuYZcbGo8,https://i.ytimg.com/vi/s_LuYZcbGo8/mqdefault_live.jpg
5ee3c46f62cf4b34accc313fb437581b,upcoming,首次募資開跑🌸2.0新衣裝禮包一覽🌸連結都在下方資訊欄唷⬇️,2026-09-14T05:05:00Z,https://www.youtube.com/watch?v=_fjkVv3s_2Y,https://i.ytimg.com/vi/_fjkVv3s_2Y/mqdefault_live.jpg
7754dca48f524b938314a2b346772e4e,upcoming,【 週表 】12/01~ 12/07  ☄︎ ┈ 天上被子 ┈ ☄︎,2026-09-19T15:20:00Z,https://www.youtube.com/watch?v=7VzERBJh6ug,https://i.ytimg.com/vi/7VzERBJh6ug/mqdefault_live.jpg
887b37336c9c4730809ace8b5e38df17,upcoming,【露露周表】魔法咻蹦蹦🦋˖⁺✦每周行程 #雪羽婭露露,2026-09-20T09:00:00Z,https://www.youtube.com/watch?v=KE6g-U8po4U,https://i.ytimg.com/vi/KE6g-U8po4U/mqdefault_live.jpg
2683fa864bd24112b6f7d04afb096a4e,upcoming,【 兔崽崽周表 】2025 / 12 / 01 - 2025 / 12 / 07 ~ #台v #台灣vtuber #vtuber #兔崽崽吵什麼吵,2026-09-22T19:55:00Z,https://www.youtube.com/watch?v=eWkjNhXztsE,https://i.ytimg.com/vi/eWkjNhXztsE/mqdefault_live.jpg
31f17632340f4e7fbd0ced07193dd81b,upcoming,【🦊會員福利區🦊】,2026-10-02T07:15:00Z,https://www.youtube.com/watch?v=eEbvNZNgnLU,https://i.ytimg.com/vi/eEbvNZNgnLU/mqdefault_live.jpg
31f17632340f4e7fbd0ced07193dd81b,upcoming,【🦊周表放置區🦊】,2026-10-02T07:25:00Z,https://www.youtube.com/watch?v=5wTYCiqmcgM,https://i.ytimg.com/vi/5wTYCiqmcgM/mqdefault_live.jpg
d576c2396a004f3c8dd91baf14254898,upcoming,周表,2026-10-03T11:10:00Z,https://www.youtube.com/watch?v=WPTNPeGepeI,https://i.ytimg.com/vi/WPTNPeGepeI/mqdefault_live.jpg
f7185f45c8a44e69bf829405206996b9,upcoming,【】待機室【】。#哈口營業中 #九十九ハコ#個人勢Vtuber #台灣vtuber #台v,2026-10-19T14:30:00Z,https://www.youtube.com/watch?v=MYA5rzS5i2o,https://i.ytimg.com/vi/MYA5rzS5i2o/mqdefault_live.jpg
70b86c53cafa43b49e2782fe4e4bbd6c,upcoming,YouTube會員-哈尼的遊樂園歡迎入園🎠哈們！​,2026-11-12T15:00:00Z,https://www.youtube.com/watch?v=MI4inEsajcs,https://i.ytimg.com/vi/MI4inEsajcs/mqdefault_live.jpg
f53807443055490f87b85ded6caee0aa,upcoming,【周表】11/17-11/23  | 可樂月月 ColaMoon,2026-11-17T09:00:00Z,https://www.youtube.com/watch?v=m6giGhC5r2s,https://i.ytimg.com/vi/m6giGhC5r2s/mqdefault_live.jpg
6929e06cd9ed49739cadaa35115847c7,upcoming,就是內個𓂃🌥️,2026-11-21T15:30:00Z,https://www.youtube.com/watch?v=3cbYQPVAFr0,https://i.ytimg.com/vi/3cbYQPVAFr0/mqdefault_live.jpg
f53807443055490f87b85ded6caee0aa,upcoming,【周表】11/24-11/30  | 可樂月月 ColaMoon,2026-11-24T06:50:00Z,https://www.youtube.com/watch?v=MSYX2L4cSRw,https://i.ytimg.com/vi/MSYX2L4cSRw/mqdefault_live.jpg
1310ffb60dcf40eaaf6a08890e632234,upcoming,【PEAK】我延後獨自山難,2026-11-28T16:15:00Z,https://www.youtube.com/watch?v=_RWxJsDMvbU,https://i.ytimg.com/vi/_RWxJsDMvbU/mqdefault_live.jpg
1eec022f916a46b58f5124936afdabe3,upcoming,本周｜𐔌 12.01 - 12.07 ꒱,2026-11-30T19:00:00Z,https://www.youtube.com/watch?v=Bvc2QhL4td0,https://i.ytimg.com/vi/Bvc2QhL4td0/mqdefault_live.jpg
95e5788cabf340e397e2726def426229,upcoming,【12/01-12/07】直播行程表丨杜邊優妮,2026-12-01T09:55:00Z,https://www.youtube.com/watch?v=I04-axL2BjM,https://i.ytimg.com/vi/I04-axL2BjM/mqdefault_live.jpg
361d3dd97ee9430f85d57b61ea8f0b85,upcoming,✞宵夜的周表~ 12/01→12/07,2026-12-01T10:35:00Z,https://www.youtube.com/watch?v=WUkMtFbrK90,https://i.ytimg.com/vi/WUkMtFbrK90/mqdefault_live.jpg
a05be3d154824597b21375f53b244585,upcoming,♦️　12/01 ~ 12/07　🟪　奧凹活動中　⬛,2026-12-01T12:00:00Z,https://www.youtube.com/watch?v=MXbHj0j32tg,https://i.ytimg.com/vi/MXbHj0j32tg/mqdefault_live.jpg
d6c4708f6eb94ac6ad7668363b132248,upcoming,2025/12/01~12/07 #周表,2026-12-01T15:45:00Z,https://www.youtube.com/watch?v=vpEveXz3_Lo,https://i.ytimg.com/vi/vpEveXz3_Lo/mqdefault_live.jpg
fd7a69505569429fb845ac056825f3a9,upcoming,【起司行程表】12/01－12/07🫐🧀Weekly Schedule,2026-12-01T18:15:00Z,https://www.youtube.com/watch?v=UnCka_LcxoU,https://i.ytimg.com/vi/UnCka_LcxoU/mqdefault_live.jpg
328a6a5742504b9d977f40660c118239,upcoming,"Day647 #雜談【瑪娜的早安台#27】早上""一起來早餐吧""的陪伴 (ft.瑪兒)",2026-12-02T01:00:29Z,https://www.youtube.com/watch?v=mezO48lZwcQ,https://i.ytimg.com/vi/mezO48lZwcQ/mqdefault_live.jpg
0e516fd1e97a4c58bad3afb6469748d4,upcoming,【 ¹² / ¹⁻⁷ 週表 】 🤧周邊預購最後一個月🤧,2026-12-03T14:00:00Z,https://www.youtube.com/watch?v=EE267G_X588,https://i.ytimg.com/vi/EE267G_X588/mqdefault_live.jpg
b42416c629e64c948f75aff4ff5c9a8a,upcoming,【公告】渡渡遊戲實況未來將全面移至 Twitch 🎮✨,2026-12-18T16:00:00Z,https://www.youtube.com/watch?v=pTmhWX6WAGw,https://i.ytimg.com/vi/pTmhWX6WAGw/mqdefault_live.jpg
090be1be8d29429183e190e22fc4be22,upcoming,奈斯糖🍭NEW✨生日收禮開始啦！即日起~12/17截止！將會在12/21 (日) 晚上8：00開始生日直播拆禮物🎁,2026-12-22T12:15:00Z,https://www.youtube.com/watch?v=F5VEgtOAw_4,https://i.ytimg.com/vi/F5VEgtOAw_4/mqdefault_live.jpg
090be1be8d29429183e190e22fc4be22,upcoming,奈斯糖🍭NEW✨歡迎大家來玩新衣裝猜測！推特 #奈斯糖新衣裝猜測,2026-12-22T12:30:00Z,https://www.youtube.com/watch?v=kW5ev3N3tRs,https://i.ytimg.com/vi/kW5ev3N3tRs/mqdefault_live.jpg
4e35059a74df41189368fad5263a1f3f,upcoming,本週週表【11/24~11/30】,2026-12-28T13:00:00Z,https://www.youtube.com/watch?v=yk8N4YI00PU,https://i.ytimg.com/vi/yk8N4YI00PU/mqdefault_live.jpg
2978ff3ab5f54898947af41ca4d47c4c,upcoming,【FreeChat】祝每一天的你都會是被世界所愛著的 |【八雨ナギ / Hachiame Nagi】,2026-12-30T16:00:00Z,https://www.youtube.com/watch?v=v-kTClDNL9g,https://i.ytimg.com/vi/v-kTClDNL9g/mqdefault_live.jpg
0ba1bc3725a9456aa0f66ec951ad47eb,upcoming,💠週表💠12/01-12/07🎮 潔絲可Jusko,2026-12-31T04:25:00Z,https://www.youtube.com/watch?v=X7JgO8kHzCs,https://i.ytimg.com/vi/X7JgO8kHzCs/mqdefault_live.jpg
d62ad85ae5434754bc4f9f366815064a,upcoming,【週表】11/24-11/30【久我歩璃子】,2026-12-31T14:20:00Z,https://www.youtube.com/watch?v=HmUCEIgz4UM,https://i.ytimg.com/vi/HmUCEIgz4UM/mqdefault_live.jpg
d80f5bc1e3ce4c35aa3eced40cc3bddc,upcoming,1.5周年紀念周邊✨｜周邊販售中，套組已售鑿，其餘皆還有現貨可隨時下單💖｜司淇,2026-12-31T15:00:00Z,https://www.youtube.com/watch?v=wABAOvvQQog,https://i.ytimg.com/vi/wABAOvvQQog/mqdefault_live.jpg
b42416c629e64c948f75aff4ff5c9a8a,upcoming,【公告】YouTube 陪你耍廢！雜談、企劃、ASMR、影片 ✨,2026-12-31T16:00:00Z,https://www.youtube.com/watch?v=c1iZu6hAOjI,https://i.ytimg.com/vi/c1iZu6hAOjI/mqdefault_live.jpg
b423123a68df4ac88b2a376ae5fd3b89,upcoming,周表 1/10~1/16,2027-01-13T21:14:00Z,https://www.youtube.com/watch?v=2HoSJ2NP1xg,https://i.ytimg.com/vi/2HoSJ2NP1xg/mqdefault_live.jpg
a1bc1c5451e64266a0f21f0847dd8d2f,upcoming,SCHEDULE｜11/24-11/30,2027-02-06T16:00:00Z,https://www.youtube.com/watch?v=4i9OrpAzipQ,https://i.ytimg.com/vi/4i9OrpAzipQ/mqdefault_live.jpg
e1bc34a2b6ac4d86ad6758cef724e7dc,upcoming,這週週表！,2027-04-01T07:00:00Z,https://www.youtube.com/watch?v=Kt0wsrKTMLc,https://i.ytimg.com/vi/Kt0wsrKTMLc/mqdefault_live.jpg
52d8a731a7634e529ba986ae40ce6526,upcoming,鼠鼠在這裡!!!,2027-04-16T04:40:00Z,https://www.youtube.com/watch?v=rittDUlir2w,https://i.ytimg.com/vi/rittDUlir2w/mqdefault_live.jpg
87606e72f653472f9eafb06e8f49c39c,upcoming,📣本週排程表📣12/1～12/7,2027-04-16T16:00:00Z,https://www.youtube.com/watch?v=7dAwzC50LMk,https://i.ytimg.com/vi/7dAwzC50LMk/mqdefault_live.jpg
788611c913b04d999011628637657bee,upcoming,營業日 ✦ 12/01 ~ 12/07 ✦ 米婭,2027-06-11T14:00:00Z,https://www.youtube.com/watch?v=GdKn33DYMlg,https://i.ytimg.com/vi/GdKn33DYMlg/mqdefault_live.jpg
83cb016f535f4275bba29ad276b2084f,upcoming,【週表&聊天室】月瑤 YueYao ꕤ Mojoylive 三期生,2027-06-12T14:00:00Z,https://www.youtube.com/watch?v=2K0bdVsEvQo,https://i.ytimg.com/vi/2K0bdVsEvQo/mqdefault_live.jpg
e3451dd6f3c0444c888eb6f67704613a,upcoming,【亞雪的形象】願這些形象能與蒲公英在直播中寫下許許多多的回憶 💙【#亞雪｜Ashe】,2027-06-22T12:30:00Z,https://www.youtube.com/watch?v=23126EpYAQg,https://i.ytimg.com/vi/23126EpYAQg/mqdefault_live.jpg
f3b487c00ef5466eaa529f3a2e8d6753,upcoming,【周表】只看直播時間不直播,2027-07-08T13:20:00Z,https://www.youtube.com/watch?v=fOoSqyr8QAA,https://i.ytimg.com/vi/fOoSqyr8QAA/mqdefault_live.jpg
80f7b111f0e044abae4c37f6a96b5957,upcoming,【宣伝PR】Devilith × 炊煙拾茶  ✿楓葉狩✿餅乾禮盒【Devilith Violustre】,2027-08-12T09:55:00Z,https://www.youtube.com/watch?v=1dnZ_RelOZo,https://i.ytimg.com/vi/1dnZ_RelOZo/mqdefault_live.jpg
fa83a68ebfff419983124d69373ede6f,upcoming,【🍁周表】【熊野紅葉Kumano Momiji】,2027-09-09T13:00:03Z,https://www.youtube.com/watch?v=xBRVg_jeSc4,https://i.ytimg.com/vi/xBRVg_jeSc4/mqdefault_live.jpg
5fd252ad134343a59705e00390c6d9ef,upcoming,⁖✦ ˖ ꒰ঌ 修女的每週行程 ໒꒱  ⊹ ｡,2027-09-15T00:35:00Z,https://www.youtube.com/watch?v=Gw5yfb9f-60,https://i.ytimg.com/vi/Gw5yfb9f-60/mqdefault_live.jpg
1ea5aa0a7a7d401b897630667cf4b44e,upcoming,【11/17 - 11/23週表】開少少的一週，仍然是RUST為主！【蓋爾Gale】,2027-09-18T16:00:00Z,https://www.youtube.com/watch?v=5AvTiAdmS3M,https://i.ytimg.com/vi/5AvTiAdmS3M/mqdefault_live.jpg
f227226fd52e4fbe801b4c89acfe4887,upcoming,放著備用,2027-09-23T12:00:00Z,https://www.youtube.com/watch?v=f0-vw0uO_ow,https://i.ytimg.com/vi/f0-vw0uO_ow/mqdefault_live.jpg
af9a2d0fab684be9b9da09e251f6bae6,upcoming,【週表！】2025/12/01 ~ 2025/12/07【豆豆果柴.Vtuber】,2027-09-29T18:45:00Z,https://www.youtube.com/watch?v=jlT_eaOGKMc,https://i.ytimg.com/vi/jlT_eaOGKMc/mqdefault_live.jpg
c34e43b57f9f448582094f712a0b2c1a,upcoming,𝙔𝙪𝙩𝙤 𝙀𝙫𝙚𝙣𝙩┃𝟭𝟮𝘐𝟭⇁𝟭𝟮𝘐𝟳,2027-09-30T11:30:00Z,https://www.youtube.com/watch?v=638ylzCnn78,https://i.ytimg.com/vi/638ylzCnn78/mqdefault_live.jpg
6ac39c9c814e4dfe9c2294345a2a3e9c,upcoming,【棉花糖募集中】每月烤烤棉花糖！第一次的棉花糖預計在10月底，歡迎與霓分享你的故事 ~  - #vtuber #台v #棉花糖,2027-09-30T12:40:00Z,https://www.youtube.com/watch?v=dZU0RFOU5Vk,https://i.ytimg.com/vi/dZU0RFOU5Vk/mqdefault_live.jpg
22a1949143784185ae001c31a717b5bc,upcoming,【#周表】09/07~09/13 【憂憂果Yoogo】#憂要開播,2027-09-30T13:00:00Z,https://www.youtube.com/watch?v=kJ5j8QGwtQI,https://i.ytimg.com/vi/kJ5j8QGwtQI/mqdefault_live.jpg
d6827fe530ca4db4b748651c72e81ead,upcoming,周表9/15-21,2027-09-30T13:35:00Z,https://www.youtube.com/watch?v=lcH06mN0wps,https://i.ytimg.com/vi/lcH06mN0wps/mqdefault_live.jpg
f6a8c59d8b8d4e009d4e147ec268cd73,upcoming,++— 𝖤𝗅𝗅𝗂𝗌𝖾 𝗐𝖾𝖾𝗄𝗅𝗒 𝗌𝖼𝗁𝖾𝖽𝗎𝗅𝖾⏳ 𝖿𝗋𝖾𝖾 𝖼𝗁𝖺𝗍〖 1006 - 1012 〗,2027-09-30T14:00:00Z,https://www.youtube.com/watch?v=RTNwqB1NBhE,https://i.ytimg.com/vi/RTNwqB1NBhE/mqdefault_live.jpg
e7f01ae0c78b4daeaaf8f3fe39946e8d,upcoming,🔥每周行程 (11月24日至11月30日)🔥,2027-09-30T15:45:00Z,https://www.youtube.com/watch?v=zoJeYnp68UU,https://i.ytimg.com/vi/zoJeYnp68UU/mqdefault_live.jpg
98e3a5838fec4a6caa936ae35485de23,upcoming,🍻11/17～11/23 行程表暨待機室【露恰露恰．Vtuber】,2027-09-30T15:45:00Z,https://www.youtube.com/watch?v=MbspyVHWI1s,https://i.ytimg.com/vi/MbspyVHWI1s/mqdefault_live.jpg
c6af4f23c6ce4adab5301d79b0bd343a,upcoming,【可諾】這是一個待機室,2027-09-30T15:55:00Z,https://www.youtube.com/watch?v=EMz_6gE0yKc,https://i.ytimg.com/vi/EMz_6gE0yKc/mqdefault_live.jpg
f3757b8d656f48749cada897ce597abc,upcoming,本週排程11/10~11/16,2027-09-30T15:59:00Z,https://www.youtube.com/watch?v=_ecBgMX-2Ok,https://i.ytimg.com/vi/_ecBgMX-2Ok/mqdefault_live.jpg
0bef54320f364c5a9289fceac64c5411,upcoming,【公告】直播用頻道變更【白狐はくこ】,2027-09-30T15:59:00Z,https://www.youtube.com/watch?v=CCnU3p-PcY0,https://i.ytimg.com/vi/CCnU3p-PcY0/mqdefault_live.jpg
0eb515afbb9347529a406e91a07cde90,upcoming,【Schedule】當周來幸【幸Sachi】,2027-10-05T13:50:00Z,https://www.youtube.com/watch?v=ycC24zSz80o,https://i.ytimg.com/vi/ycC24zSz80o/mqdefault_live.jpg
fec8644970684cffbbae8dd37a52d59c,upcoming,【周表】,2027-10-09T14:50:00Z,https://www.youtube.com/watch?v=dhYbosfVagI,https://i.ytimg.com/vi/dhYbosfVagI/mqdefault_live.jpg
055f10f2da424da8bfbfe9d01b15fb11,upcoming,福利切特⚡Free Chat！,2027-10-11T15:11:00Z,https://www.youtube.com/watch?v=QhVeptoeNXw,https://i.ytimg.com/vi/QhVeptoeNXw/mqdefault_live.jpg
5bd39e2c6dcf4ff19436d8a5fa069464,upcoming,【週表的家】這裡很適合聊天,2027-10-13T16:00:00Z,https://www.youtube.com/watch?v=j1RDMkRZvjI,https://i.ytimg.com/vi/j1RDMkRZvjI/mqdefault_live.jpg
2f607aefde1d4264814d4e9282dd5cb0,upcoming,【周表】12/1-12/7｜一顆糖💣 Ch.,2027-10-19T15:45:00Z,https://www.youtube.com/watch?v=TIuiMK-RKp4,https://i.ytimg.com/vi/TIuiMK-RKp4/mqdefault_live.jpg
a26891359b444900956f04bc1b8f5faa,upcoming,【周表】11/24-11/30 周表~ #時乃流綺 #初配信 #新人vtuber #周表 #陪伴 #流放畫面,2027-10-23T12:00:00Z,https://www.youtube.com/watch?v=w_uV3Jtj14o,https://i.ytimg.com/vi/w_uV3Jtj14o/mqdefault_live.jpg
67252692b4f64f509af6eacffdeafdf9,upcoming,【公佈欄(大概)】【EriElise / 個人vtuber】,2027-10-28T05:14:00Z,https://www.youtube.com/watch?v=YPxPiHKMUM0,https://i.ytimg.com/vi/YPxPiHKMUM0/mqdefault_live.jpg
177fe395a2704d10add06cb1466fa254,upcoming,【Schedule & Free Chat】咪飯們！征服世界的第三周！,2027-10-31T04:00:00Z,https://www.youtube.com/watch?v=LCTqnUYmpEg,https://i.ytimg.com/vi/LCTqnUYmpEg/mqdefault_live.jpg
3bc36efc33ba4410be1d509a39074ceb,upcoming,【Schedule & Free Chat】禮帽們想我了嗎？,2027-10-31T12:00:00Z,https://www.youtube.com/watch?v=iJxK67_osN4,https://i.ytimg.com/vi/iJxK67_osN4/mqdefault_live.jpg
2656bc44436c45cca3e94e43a9a49c2d,upcoming,"【瑞迪Ray】晚安安安安，5j4su3u,3cl3a/4【掛時數台】",2027-10-31T13:40:00Z,https://www.youtube.com/watch?v=C_VkWQmScx0,https://i.ytimg.com/vi/C_VkWQmScx0/mqdefault_live.jpg
cedd78c374b54898a647a3cb3a5263fc,upcoming,【Schedule】凝淵週表,2027-10-31T14:10:00Z,https://www.youtube.com/watch?v=UdUZ1jdcDX8,https://i.ytimg.com/vi/UdUZ1jdcDX8/mqdefault_live.jpg
683c47ffba3246cb8574a6f2667208d1,upcoming,◖周表◗ 11.24 - 11.30 茶會邀請函 🍵  ｜茶帽瑪緹 ♠︎ Chamamatti,2027-10-31T15:45:00Z,https://www.youtube.com/watch?v=_Xf6y0jkl-Q,https://i.ytimg.com/vi/_Xf6y0jkl-Q/mqdefault_live.jpg
2db2ffc41ff340a990a6d4dcec000d08,upcoming,【Schedule & Free Chat】貂民活動中心 ꒰๑ ´∇`๑꒱۶【雪Koyuki】,2027-10-31T15:55:00Z,https://www.youtube.com/watch?v=vJB07Beizzk,https://i.ytimg.com/vi/vJB07Beizzk/mqdefault_live.jpg
5d2231ea88fd474d8a11e5a759899216,upcoming,會員福利轉移 ⭆ 可洛斯𝐂𝐥𝐮𝐬𝐭𝐞𝐫𝐬,2027-11-01T02:06:00Z,https://www.youtube.com/watch?v=CIScHGQ9NiU,https://i.ytimg.com/vi/CIScHGQ9NiU/mqdefault_live.jpg
1cfadb0d2e154a258c3177ff8264336f,upcoming,【Free Chat】Segejo!,2027-11-02T17:16:51Z,https://www.youtube.com/watch?v=iZb68Gi5d20,https://i.ytimg.com/vi/iZb68Gi5d20/mqdefault_live.jpg
fceadce7c37f4cc08bc747aa79c3cf9e,upcoming,【置頂】周表&自由聊天區【長嶋蕾 】,2027-11-16T08:45:00Z,https://www.youtube.com/watch?v=gk-YyZcJhXI,https://i.ytimg.com/vi/gk-YyZcJhXI/mqdefault_live.jpg
2a3824dd5c0a46f597b27dd183283aea,upcoming,【2025年直播周表】12/01 - 12/07,2027-11-18T14:00:00Z,https://www.youtube.com/watch?v=6kx9JvnYr_c,https://i.ytimg.com/vi/6kx9JvnYr_c/mqdefault_live.jpg
caf08c74dd7b4919bca49eef394d5475,upcoming,［ 12/01 - 12/07 ］莉莉週表✨,2027-11-21T21:00:00Z,https://www.youtube.com/watch?v=dhZDXUMS8GI,https://i.ytimg.com/vi/dhZDXUMS8GI/mqdefault_live.jpg
c6ce333916b446d48d27be05df1a218e,upcoming,【週記本】竟然又有週表了...,2027-11-23T15:00:00Z,https://www.youtube.com/watch?v=4ZMgIrnB15E,https://i.ytimg.com/vi/4ZMgIrnB15E/mqdefault_live.jpg
c430f1e7cfee4440b2b537c80a2a667d,upcoming,✨2025生日紀念套組販售開始！🎉,2027-11-23T16:00:00Z,https://www.youtube.com/watch?v=Fx5-o0CtmCU,https://i.ytimg.com/vi/Fx5-o0CtmCU/mqdefault_live.jpg
5f6f102dd7cc4bfaa99e4cde16b85290,upcoming,【幽昵的每周to do list】12/1~12/7,2027-11-28T17:00:00Z,https://www.youtube.com/watch?v=bae5xjjhMsI,https://i.ytimg.com/vi/bae5xjjhMsI/mqdefault_live.jpg
02f5258d29b046bc9f597c9baac014bf,upcoming,【周表】12/01-12/07 / 珮蕾pele.,2027-11-29T22:03:00Z,https://www.youtube.com/watch?v=xjmx-OXRdUg,https://i.ytimg.com/vi/xjmx-OXRdUg/mqdefault_live.jpg
7e9fc4a1ccc7445182bb3c5264d99187,upcoming,未來行程,2027-11-30T12:30:00Z,https://www.youtube.com/watch?v=Mjy_4HoIpN4,https://i.ytimg.com/vi/Mjy_4HoIpN4/mqdefault_live.jpg
bd7d712e0946448aa29a1d213d1c1beb,upcoming,給你們比讚ദ്ദി •⩊• ),2027-11-30T14:00:00Z,https://www.youtube.com/watch?v=_cY2l6fBYtk,https://i.ytimg.com/vi/_cY2l6fBYtk/mqdefault_live.jpg
fe8ee7b57ae74a1388127b81b136c7ea,upcoming,💛值日表放置處🧡機率更新 (?),2027-11-30T15:45:00Z,https://www.youtube.com/watch?v=zl-Bz6oDkF0,https://i.ytimg.com/vi/zl-Bz6oDkF0/mqdefault_live.jpg
ee20f58e3fb74fae83a42239a83bcc4a,upcoming,【Schedule】週表 | 雲汐 ʚ ɞ Mojoy Live 三期生,2027-11-30T18:40:00Z,https://www.youtube.com/watch?v=rvhjX-A-mTo,https://i.ytimg.com/vi/rvhjX-A-mTo/mqdefault_live.jpg
163841e490b14b2583a799b3795021ad,upcoming,【周表】如果我忘記了要換這個！！請在DC提醒我！！！！| 御門恵良 Era #Era吃甜品 #初見歓迎 #歡迎降落,2027-12-31T05:26:47Z,https://www.youtube.com/watch?v=V3bJK8n7Wfc,https://i.ytimg.com/vi/V3bJK8n7Wfc/mqdefault_live.jpg