VTuber ID,Video Type,Title,Publish Time,URL,Thumbnail URL
75f110ca5e9a4b7db3c57912baf5ca27,live,新衣裝募資暨加班台啟動 快來雞玩 !｜1224⚡️ @mayj0501 ｜ !簽到 !周邊  自主訂閱++,2025-12-22T08:29:43Z,https://www.twitch.tv/mayj0501,https://static-cdn.jtvnw.net/previews-ttv/live_user_mayj0501-{width}x{height}.jpg
bf03fd8b5b55481590ea63338c5cdd20,live,12/˙22 Artale六級公會招生中 加班Day286 !週邊 !DC / 訂閱送10分鐘加班 / 揪團每10人2分鐘 / @komorikuma_vtuber,2025-12-23T00:00:02Z,https://www.twitch.tv/komorikuma_vtuber,https://static-cdn.jtvnw.net/previews-ttv/live_user_komorikuma_vtuber-{width}x{height}.jpg
8f0b41303e8a481689fe4309a565ecd3,live,[ 工作台 ] 年底啦 要忙死啦忙死啦 ! ! ! 🥤 #初見歡迎,2025-12-23T04:26:36Z,https://www.twitch.tv/curacao_soda,https://static-cdn.jtvnw.net/previews-ttv/live_user_curacao_soda-{width}x{height}.jpg
dc3e05e0c12b4e0a93dc230f30925ee0,live,【土司喵】最後10小時！！ ▏加班台Day.134 @toast_meow,2025-12-23T09:06:01Z,https://www.twitch.tv/toast_meow,https://static-cdn.jtvnw.net/previews-ttv/live_user_toast_meow-{width}x{height}.jpg
26b00f5ff5bf4b5a8dcb6c5c34e1b4f6,live,【 伊德海拉Yidhra 】12/23 燕一下晚點鬼轉 ft. ｜!dc !簽到 !愛拉拉 !愛豬豬｜歡迎掛忠誠點數💜｜ @yidhra0727 ｜💖 @mutuer,2025-12-23T13:13:20Z,https://www.twitch.tv/yidhra0727,https://static-cdn.jtvnw.net/previews-ttv/live_user_yidhra0727-{width}x{height}.jpg
32b83b466c11418bb380623a95944302,live,同步視聽 | 我的17小時半的勇鬥直播【無界V】,2025-12-23T15:36:46Z,https://www.twitch.tv/mao_mukai,https://static-cdn.jtvnw.net/previews-ttv/live_user_mao_mukai-{width}x{height}.jpg
887b37336c9c4730809ace8b5e38df17,live,Drop掉寶🎁歡迎新手+好友百業 (◍•ᴗ•◍)❤｜🦋DC入群‿✦ !MP !魔法工坊 !魔儲,2025-12-23T22:04:03Z,https://www.twitch.tv/isyourlulu,https://static-cdn.jtvnw.net/previews-ttv/live_user_isyourlulu-{width}x{height}.jpg
1756e5a7f5a04ff6a7b5f482201b5cfc,live,🐬 iZ4 ✦ 健康作息第二天，快過年了 ✦｜12/24 ⭐️,2025-12-23T23:12:47Z,https://www.twitch.tv/kiyomi425alice,https://static-cdn.jtvnw.net/previews-ttv/live_user_kiyomi425alice-{width}x{height}.jpg
c099b7e8d46c418d8e17097d496f3b83,live,【踢踢】12.24  |  假期過了   ദ്ദി₍ᐢ .ᆺ. ᐢ₎   來做好多事!!!  12/25聖誕節活動 |  !幸運兔團  !聖誕節活動 ✦耶比✦,2025-12-24T00:56:14Z,https://www.twitch.tv/ttspoon,https://static-cdn.jtvnw.net/previews-ttv/live_user_ttspoon-{width}x{height}.jpg
6ac39c9c814e4dfe9c2294345a2a3e9c,live,1224｜醒醒腦再來畫畫  明年1/1加班台正式倒數  麥克風位置調整囉！聲音有問題記得告訴霓~  !加班 !布丁,2025-12-24T01:21:24Z,https://www.twitch.tv/nicha60606,https://static-cdn.jtvnw.net/previews-ttv/live_user_nicha60606-{width}x{height}.jpg
e80414fcc37b4d818ccf9dddb23cb452,live,【紫勾勾衝刺中☑️】有點久沒開了，還是今天開稍微久一點？｜望結miyu,2025-12-24T01:50:56Z,https://www.twitch.tv/miyusama0214,https://static-cdn.jtvnw.net/previews-ttv/live_user_miyusama0214-{width}x{height}.jpg
803435ca691f43a4b02360926fee23d1,live,【柚香】平安夜快樂🎄 | !點餐 #柚柚TV | 12/24,2025-12-24T01:52:04Z,https://www.twitch.tv/yukou_ouo,https://static-cdn.jtvnw.net/previews-ttv/live_user_yukou_ouo-{width}x{height}.jpg
5fc94cdcf7594a3ba5ce001ba405d3be,live,陪伴台,2025-12-24T01:59:08Z,https://www.twitch.tv/en_kaien,https://static-cdn.jtvnw.net/previews-ttv/live_user_en_kaien-{width}x{height}.jpg
c5fe413a473d4638b53fb3f9019aabbe,live,▌帕蘿妮 0-0 金歌盃耐久開始 !月回饋 !魔儲,2025-12-24T02:02:46Z,https://www.twitch.tv/paroniie,https://static-cdn.jtvnw.net/previews-ttv/live_user_paroniie-{width}x{height}.jpg
788611c913b04d999011628637657bee,live,P謊DLC 🎮 其實這遊戲真的也滿適合12月玩的？ △ 米婭,2025-12-24T02:02:54Z,https://www.twitch.tv/miaflamel,https://static-cdn.jtvnw.net/previews-ttv/live_user_miaflamel-{width}x{height}.jpg
a51be890a1f443ea87bee45c9d8acf13,live,【NaJ】要成為光之戰士了嗎 ✧ @kankona0616  ｜ !Line貼圖,2025-12-24T02:08:27Z,https://www.twitch.tv/kankona0616,https://static-cdn.jtvnw.net/previews-ttv/live_user_kankona0616-{width}x{height}.jpg
8c494e45ce5b462aa744d46bbdc54021,live,【泰勒 】平安夜 ฅʕ•̫͡•ʔฅ 蒼天街｜今日目標：全副職業Lv.70 up｜FINAL FANTASY XIV ONLINE【Mr.Taylor Channel】,2025-12-24T02:18:41Z,https://www.twitch.tv/mrtaylorchannel,https://static-cdn.jtvnw.net/previews-ttv/live_user_mrtaylorchannel-{width}x{height}.jpg
54ea240f1bf1471981684464081645e7,live,【耶魯】底特律變人   @Yaruru_,2025-12-24T02:20:34Z,https://www.twitch.tv/yaruru_,https://static-cdn.jtvnw.net/previews-ttv/live_user_yaruru_-{width}x{height}.jpg
135224fe261040639a802804b52f22db,live,【鳳凰 】進蒼天街了!【劇透警告】,2025-12-24T02:39:14Z,https://www.twitch.tv/shenmei0606,https://static-cdn.jtvnw.net/previews-ttv/live_user_shenmei0606-{width}x{height}.jpg
9b64082043fc451f9dd5edc793fa8605,live,【Noren Varan】崩壞：星穹鐵道|Honkai: Star Rail|記憶是夢的開場ˋ白,2025-12-24T02:47:09Z,https://www.twitch.tv/norenvaran99,https://static-cdn.jtvnw.net/previews-ttv/live_user_norenvaran99-{width}x{height}.jpg
e93b2dd2339a422f8ab3d21c9d95161c,live,【不怕就來++XD】早安呀~~ @xinkun_0415,2025-12-24T02:53:10Z,https://www.twitch.tv/xinkun_0415,https://static-cdn.jtvnw.net/previews-ttv/live_user_xinkun_0415-{width}x{height}.jpg
d2b1ba87da034210bbe54bfa1c01bc41,live,【絨絨鼠】˖ ࣪✧⊹ 社畜鼠回籠上班去，星期一到五放BGM給大家掛台聽 ♡⊹.【Vtuber】✤┊ öㅅö┊✤,2025-12-24T02:56:57Z,https://www.twitch.tv/mz_fuwafuwa,https://static-cdn.jtvnw.net/previews-ttv/live_user_mz_fuwafuwa-{width}x{height}.jpg
173423093026403dbd1443e56c47b3db,live,12/24 製圖,2025-12-24T03:00:08Z,https://www.twitch.tv/mokukumo0404,https://static-cdn.jtvnw.net/previews-ttv/live_user_mokukumo0404-{width}x{height}.jpg
f7c48554816643cdb8d343e6e9e6d313,live,【RELIVE_諾櫻NOE🌸】健康人 ❤ !魔儲 !布丁,2025-12-24T03:02:08Z,https://www.twitch.tv/re_noe_,https://static-cdn.jtvnw.net/previews-ttv/live_user_re_noe_-{width}x{height}.jpg
3513b73ded994bc3a92a70c9632c9856,live,我真的好愛整理房間遊戲但是不可以再玩了該工作了｜好想要那個酷酷的加強版方案｜打招呼統一說早安 (つ´ω`)つ,2025-12-24T03:14:06Z,https://www.twitch.tv/boxhead1005,https://static-cdn.jtvnw.net/previews-ttv/live_user_boxhead1005-{width}x{height}.jpg
3dd8c72cab6d494dbd6fbf0a0e3dc41a,live,隻狼｜聖誕節倒數耐久｜感冒麵包｜千追衝刺中！！,2025-12-24T03:15:16Z,https://www.twitch.tv/rinkopan,https://static-cdn.jtvnw.net/previews-ttv/live_user_rinkopan-{width}x{height}.jpg
c2777df3c8d341f4a1f0bb9cda8d9365,live,1224 | 柒夜 @chi_ya_ouo  | 無畫面 | 小開 掛點數,2025-12-24T03:17:24Z,https://www.twitch.tv/chi_ya_ouo,https://static-cdn.jtvnw.net/previews-ttv/live_user_chi_ya_ouo-{width}x{height}.jpg
23d18a6678794320b2d3f9d468b9b3a4,live,【幻獸帕魯】第七天帕魯生活✨新增＂ !簽到 ＂指令❤️『參與共遊：追隨互動有印象為超過１個月觀眾』✨꙳˖.✧☾✦.˖凜澪月˖.✧☾✦.˖ ꙳✧聒噪系四足古飛龍✦,2025-12-24T03:32:50Z,https://www.twitch.tv/linlingyue,https://static-cdn.jtvnw.net/previews-ttv/live_user_linlingyue-{width}x{height}.jpg
6c7336d4605540c6871de5f96874129c,live,【戶外台】今天跟呱穿聖誕裝晃台北┇ @mibao1013,2025-12-24T03:50:27Z,https://www.twitch.tv/mibao1013,https://static-cdn.jtvnw.net/previews-ttv/live_user_mibao1013-{width}x{height}.jpg
00d9cb7b0bcd451999f4fd33dd84be6c,live,【阿楓轟炸】12/24_紳士支線！ ｜留言「!限定」拚自主訂閱！還有「!生活費」滿額下月要開滿150小時！,2025-12-24T04:00:19Z,https://www.twitch.tv/maple_1206,https://static-cdn.jtvnw.net/previews-ttv/live_user_maple_1206-{width}x{height}.jpg
28a930938667442288010b333937e2ab,live,【焦兒】女裝出門VLOG我說到做到，連結在聊天室釘選...訂閱告急，忠誠可以換簽到🌸350自主訂閱積分衝刺💙魔競娛樂「魔儲」QRCode註冊享優惠| @joerze |!yt !商品 !工商 !dc 看台裝7tv,2025-12-24T04:00:40Z,https://www.twitch.tv/joerze,https://static-cdn.jtvnw.net/previews-ttv/live_user_joerze-{width}x{height}.jpg
13a4e83f2bbc4d18bb27520a4dceef72,live,⧉˖· 12/24 - 今天是平安夜! 小開唱幾首 @samoago,2025-12-24T04:08:10Z,https://www.twitch.tv/samoago,https://static-cdn.jtvnw.net/previews-ttv/live_user_samoago-{width}x{height}.jpg
8ae0f370cf124faa953a09089a427fd9,live,《UNLIGHT:Revive》#1 聖誕活動2025,2025-12-24T04:20:26Z,https://www.twitch.tv/koyoyo4444,https://static-cdn.jtvnw.net/previews-ttv/live_user_koyoyo4444-{width}x{height}.jpg
22eea06367f4430d816e38dfb68a26cf,live,【靈歐】勞叔 〆(°▽°*) | !SR !委託 |  @linou0o0 動物台推推: @yiii1010,2025-12-24T04:49:37Z,https://www.twitch.tv/linou0o0,https://static-cdn.jtvnw.net/previews-ttv/live_user_linou0o0-{width}x{height}.jpg
b0a7d70ae76549f5b4418e56ee4ad43f,live,【雜談】邊聊天邊弄東西~今天會早關~,2025-12-24T04:51:12Z,https://www.twitch.tv/cloudcat501,https://static-cdn.jtvnw.net/previews-ttv/live_user_cloudcat501-{width}x{height}.jpg
951dd0b605d04163b38de18262e9a438,live,《原神》新活動上線！來幫我家雅珂達拿把專武！ |YukiのSakura雪也櫻 | !簽 | !拉 | !雪球 | !追,2025-12-24T04:57:05Z,https://www.twitch.tv/xyukinosakura,https://static-cdn.jtvnw.net/previews-ttv/live_user_xyukinosakura-{width}x{height}.jpg
683c47ffba3246cb8574a6f2667208d1,live,【♠️遊戲】APEX 這真的是小開哦 #網路你乖乖｜茶帽瑪緹 ♠︎ Chamamatti,2025-12-24T05:00:03Z,https://www.twitch.tv/aelis_chamamatti,https://static-cdn.jtvnw.net/previews-ttv/live_user_aelis_chamamatti-{width}x{height}.jpg
886f64b4a0504b9fbe5e4687b92f6584,live,二重螺旋1.1 大風歌 華胥資料片 #萌萌小麥 #DuetNightAbyss #DNA #二重螺旋 #華胥 #大風歌,2025-12-24T05:00:46Z,https://www.twitch.tv/moemoekomugi,https://static-cdn.jtvnw.net/previews-ttv/live_user_moemoekomugi-{width}x{height}.jpg
84111bbae2be41ea96c8b2f6c755f00c,live,12/24 突襲!!蓋鐵路!!,2025-12-24T05:04:13Z,https://www.twitch.tv/hyoukakoori,https://static-cdn.jtvnw.net/previews-ttv/live_user_hyoukakoori-{width}x{height}.jpg
ba562aad440d483e988d3ce7e7217c94,live,[貓宮香草] 12/24 光之平安夜 ， !DC !魔儲,2025-12-24T05:04:51Z,https://www.twitch.tv/vanilla_shironeko,https://static-cdn.jtvnw.net/previews-ttv/live_user_vanilla_shironeko-{width}x{height}.jpg
b8ccfa7aec6a419ca8ad1a91d9fafdf6,live,下午好?給大家掛點數,2025-12-24T05:07:28Z,https://www.twitch.tv/xiaoye_vtuber,https://static-cdn.jtvnw.net/previews-ttv/live_user_xiaoye_vtuber-{width}x{height}.jpg
208d8aa3792641d6ae4e0de5a10a4a6f,live,陪我找不同啦QAQ/ YT 5000訂閱達成/3.0募資中,2025-12-24T05:23:25Z,https://www.twitch.tv/mis_0326,https://static-cdn.jtvnw.net/previews-ttv/live_user_mis_0326-{width}x{height}.jpg
b6a105f12b904256ba356935ae46657f,live,✧茉茉𝕄𝕆𝕄𝕆✧ 小開 /聖誕節有歌回⋆ʚ⭑ɞ⋆ !簽到 !dc,2025-12-24T05:24:02Z,https://www.twitch.tv/shiroganemomo,https://static-cdn.jtvnw.net/previews-ttv/live_user_shiroganemomo-{width}x{height}.jpg
6bddfe8d54104f4192c56e4935a871de,live,1224  ◇ 工作台 ◇ @anyume_vt !fish !拉 #7tv #幫掛台拜託了,2025-12-24T05:24:08Z,https://www.twitch.tv/anyume_vt,https://static-cdn.jtvnw.net/previews-ttv/live_user_anyume_vt-{width}x{height}.jpg
4071b27c63424e1f9882ebe04a884586,live,【12/24】 有掉寶  平安夜會有聖誕老公公嗎 •̀ᴗ-,2025-12-24T05:25:14Z,https://www.twitch.tv/snowwolf0627,https://static-cdn.jtvnw.net/previews-ttv/live_user_snowwolf0627-{width}x{height}.jpg
350b440f9436415c8499526d4c6f3dfd,live,[CN/JP▲] Valo ☾ 狀態好差。 | @zami0707 | !twitter !魔儲 #初見歡迎,2025-12-24T05:29:33Z,https://www.twitch.tv/zami0707,https://static-cdn.jtvnw.net/previews-ttv/live_user_zami0707-{width}x{height}.jpg
3442df03030941b0933077faf6a75c6a,live,【艾莉莉莉】突發聊天～｜歡迎揪團｜ @0330ellie,2025-12-24T05:30:36Z,https://www.twitch.tv/0330ellie,https://static-cdn.jtvnw.net/previews-ttv/live_user_0330ellie-{width}x{height}.jpg
e32a4d49fba7459fbdf9e242288fa18c,live,✦沫依_ 🐋✦ 排隊排隊一直排隊 🌱✦ 距離5000追還差200人!! | @mooi_seal,2025-12-24T05:58:37Z,https://www.twitch.tv/mooi_seal,https://static-cdn.jtvnw.net/previews-ttv/live_user_mooi_seal-{width}x{height}.jpg
21a819efced54f6991abd3fc0b43091f,live,☀800 追努力中☀ 平結手繩手作台 還債模式啟動 ς( ⑉･̆-･̆⑉) | 指令 !dc !精華 !聽歌 !綠界,2025-12-24T06:01:10Z,https://www.twitch.tv/snowyfox_ee,https://static-cdn.jtvnw.net/previews-ttv/live_user_snowyfox_ee-{width}x{height}.jpg
a8e0ec03cb0a4e0292228e1a6ed35e6a,live,聊天耍廢 !太太 !DC,2025-12-24T06:04:17Z,https://www.twitch.tv/liweng0821,https://static-cdn.jtvnw.net/previews-ttv/live_user_liweng0821-{width}x{height}.jpg
ba795eb1ea0f4fea888b1bfff3d5be86,live,【1224】沒辦法卸甲只能慢慢剪短｜!小蠢蠢 !通販 !YT,2025-12-24T06:16:12Z,https://www.twitch.tv/safetyno1__4u,https://static-cdn.jtvnw.net/previews-ttv/live_user_safetyno1__4u-{width}x{height}.jpg
73755322c8e74479864369766f924be1,live,【 ✿樂樂♡‧₊˚ /  ﾞ✧ ʟᴇʟᴇ. ⋈°】2025.12.24｜♡ ‧₊˚ 平安夜快樂！ ♡ ｜!IG !link !賣場  @smalllele 🍓,2025-12-24T06:16:18Z,https://www.twitch.tv/smalllele,https://static-cdn.jtvnw.net/previews-ttv/live_user_smalllele-{width}x{height}.jpg
83ec4919298a4ad5984e3da31109a4c8,live,🐈貓糰 ⸝ 1224 ⸝ 平安夜快肉!┊!周邊 !好玩遊戲 !ExitLag @umidan1207,2025-12-24T06:16:55Z,https://www.twitch.tv/umidan1207,https://static-cdn.jtvnw.net/previews-ttv/live_user_umidan1207-{width}x{height}.jpg
5f68c9b585ad40c0ada7697c9b7f5055,live,12/24 | 山洞外好恐怖 | !簽到!老婆!吃什麼 +7tv !周邊 推薦自主訂閱 | @lino_0606 老婆: @harumi_ouo,2025-12-24T06:18:11Z,https://www.twitch.tv/lino_0606,https://static-cdn.jtvnw.net/previews-ttv/live_user_lino_0606-{width}x{height}.jpg
5c3ea93753724a63b32071a7a580af7b,live,12/24 小花重生FF14 DAY8,2025-12-24T06:23:20Z,https://www.twitch.tv/siro9527,https://static-cdn.jtvnw.net/previews-ttv/live_user_siro9527-{width}x{height}.jpg
5b62816b7dee4c13856f3c21629be3c4,live,【Mica】｜2025/12/24｜先畫個在玩AION,2025-12-24T06:23:37Z,https://www.twitch.tv/mica1130,https://static-cdn.jtvnw.net/previews-ttv/live_user_mica1130-{width}x{height}.jpg
936b7b3d4250469d94b53ebc7e4936f6,live,黑夜君臨 永夜安地者or深夜5 歡迎參加 4點卡厄斯夢境,2025-12-24T06:26:13Z,https://www.twitch.tv/kis0467,https://static-cdn.jtvnw.net/previews-ttv/live_user_kis0467-{width}x{height}.jpg