VTuber ID,Video Type,Title,Publish Time,URL,Thumbnail URL
bf03fd8b5b55481590ea63338c5cdd20,live,12/˙10 加班Day274 !週邊 !DC / 訂閱送10分鐘加班 / 揪團每10人2分鐘 / @komorikuma_vtuber,2025-12-09T00:00:03Z,https://www.twitch.tv/komorikuma_vtuber,https://static-cdn.jtvnw.net/previews-ttv/live_user_komorikuma_vtuber-{width}x{height}.jpg
1a95bb88e451498ca3491b69af964588,live,12/10 超級浣熊羊! | !加班 !簽到 !滑鼠墊 !台規 !陪玩 | @hsuanhsuandesu ( ՞. .՞),2025-12-09T03:04:41Z,https://www.twitch.tv/hsuanhsuandesu,https://static-cdn.jtvnw.net/previews-ttv/live_user_hsuanhsuandesu-{width}x{height}.jpg
ff88906b47654805b8370426415f1183,live,▌1210【想要紫勾勾☑️】地震ㄟ | 掛台請開聲音5% | @fuutaisbest,2025-12-09T09:51:53Z,https://www.twitch.tv/fuutaisbest,https://static-cdn.jtvnw.net/previews-ttv/live_user_fuutaisbest-{width}x{height}.jpg
eff26caff6bd4720957cefaf8f6fc87a,live,12/9 ✦ 芙芙 ✦ ┃ 遊戲 ┃QAQ┃ @sifnee ┃970追感謝 ┃ !魔儲,2025-12-09T14:47:35Z,https://www.twitch.tv/sifnee,https://static-cdn.jtvnw.net/previews-ttv/live_user_sifnee-{width}x{height}.jpg
e63fd2ead17a4b57b256fcd55fe83b0e,live,【FINAL FANTASY XIV】本週時尚評鑑80分資訊！繁中服搶先體驗！不關台挑戰,2025-12-09T19:36:26Z,https://www.twitch.tv/reibe0415,https://static-cdn.jtvnw.net/previews-ttv/live_user_reibe0415-{width}x{height}.jpg
887b37336c9c4730809ace8b5e38df17,live,Drop掉寶🎁更新跨平台+百業入群 (◍•ᴗ•◍)❤｜🦋dc抽獎活動中‿✦ !MP !魔法工坊 !魔儲,2025-12-09T23:52:37Z,https://www.twitch.tv/isyourlulu,https://static-cdn.jtvnw.net/previews-ttv/live_user_isyourlulu-{width}x{height}.jpg
7dd086a606284ba6b7b584f8b00dc190,live,【FF14】初見繁中版,2025-12-10T02:22:54Z,https://www.twitch.tv/umeminana,https://static-cdn.jtvnw.net/previews-ttv/live_user_umeminana-{width}x{height}.jpg
33ce96c886d341879ce66c4f7892c421,live,-w- 打亂鬥ar沒滿隨意+ 滿了換排隊 !SR !簽到 !賭,2025-12-10T02:44:16Z,https://www.twitch.tv/neneko0324,https://static-cdn.jtvnw.net/previews-ttv/live_user_neneko0324-{width}x{height}.jpg
683c47ffba3246cb8574a6f2667208d1,live,【♠️遊戲】VALORANT 我怎麼還在｜茶帽瑪緹 ♠︎ Chamamatti,2025-12-10T02:57:16Z,https://www.twitch.tv/aelis_chamamatti,https://static-cdn.jtvnw.net/previews-ttv/live_user_aelis_chamamatti-{width}x{height}.jpg
ba562aad440d483e988d3ce7e7217c94,live,[貓宮香草] 12/10 快充貓， !DC !魔儲,2025-12-10T04:01:03Z,https://www.twitch.tv/vanilla_shironeko,https://static-cdn.jtvnw.net/previews-ttv/live_user_vanilla_shironeko-{width}x{height}.jpg
28a930938667442288010b333937e2ab,live,【焦兒】菊花殘滿地傷..訂閱告急，忠誠可以換簽到🌸350自主訂閱積分衝刺💙魔競娛樂「魔儲」QRCode註冊享優惠| @joerze |!yt !商品 !工商 !dc 看台裝7tv,2025-12-10T04:01:17Z,https://www.twitch.tv/joerze,https://static-cdn.jtvnw.net/previews-ttv/live_user_joerze-{width}x{height}.jpg
0c05eca1975b40b3a0b54d3dfd61055d,live,12/10 請來一趟迦樓羅💜【FF14 繁中服】｜ @zobolucifer,2025-12-10T04:02:10Z,https://www.twitch.tv/zobolucifer,https://static-cdn.jtvnw.net/previews-ttv/live_user_zobolucifer-{width}x{height}.jpg
6908430ccb204a1b9d95ee7a1711cae3,live,【蘆葦🐭】完全新手！  ʢ·͈˔·͈ʡ◞ ̑̑,2025-12-10T04:32:05Z,https://www.twitch.tv/luweibaby,https://static-cdn.jtvnw.net/previews-ttv/live_user_luweibaby-{width}x{height}.jpg
21a819efced54f6991abd3fc0b43091f,live,"☀700 追努力中☀ 千訂立旗還債送披薩 看是披薩先送到還是我先沒 (,,Ծ‸Ծ,, ) | 指令 !dc !精華 !聽歌 !綠界",2025-12-10T04:33:47Z,https://www.twitch.tv/snowyfox_ee,https://static-cdn.jtvnw.net/previews-ttv/live_user_snowyfox_ee-{width}x{height}.jpg
b16b9643e24d404a8de6d66551451b85,live,積分典獄長 💕自主投餵☠️☠️ 🦋陪玩/代肝請勇敢來洽談🦋\ | /,2025-12-10T04:58:45Z,https://www.twitch.tv/psychemori_vt,https://static-cdn.jtvnw.net/previews-ttv/live_user_psychemori_vt-{width}x{height}.jpg
76165d25983b463eaa1da66c86a32b7c,live,【日常】正在FF14的夜彩 【靛之森Ainomori】|【夜彩Yoruro】可用7TV貼圖 感謝揪團: @arofischer @laozhangmy @mayko0327,2025-12-10T05:25:42Z,https://www.twitch.tv/yorurovtuber,https://static-cdn.jtvnw.net/previews-ttv/live_user_yorurovtuber-{width}x{height}.jpg
00d9cb7b0bcd451999f4fd33dd84be6c,live,【阿楓轟炸】12/10_正式開服！｜留言「!限定」拚自主訂閱！還有「!生活費」滿額下月要開滿150小時！,2025-12-10T05:35:12Z,https://www.twitch.tv/maple_1206,https://static-cdn.jtvnw.net/previews-ttv/live_user_maple_1206-{width}x{height}.jpg
c2777df3c8d341f4a1f0bb9cda8d9365,live,1210 | 柒夜 @chi_ya_ouo  | -- | 好欸1700,2025-12-10T05:36:26Z,https://www.twitch.tv/chi_ya_ouo,https://static-cdn.jtvnw.net/previews-ttv/live_user_chi_ya_ouo-{width}x{height}.jpg
23d18a6678794320b2d3f9d468b9b3a4,live,【亂滑影片】可能ＦＢ可能ＹＴ（？）✨等待月中帕魯大更新！❤️『參與共遊：追隨互動有印象為超過１個月觀眾』✨兩段班❤詳見說明꙳˖.✧☾✦.˖凜澪月˖.✧☾✦.˖ ꙳✧聒噪系四足古飛龍✦,2025-12-10T05:45:33Z,https://www.twitch.tv/linlingyue,https://static-cdn.jtvnw.net/previews-ttv/live_user_linlingyue-{width}x{height}.jpg
d1d879cfccf7411296dcc765ca40e39c,live,【緣伊】1210 正式開服 || !委託 || #降落星球 || @linyuan0122,2025-12-10T06:19:53Z,https://www.twitch.tv/linyuan0122,https://static-cdn.jtvnw.net/previews-ttv/live_user_linyuan0122-{width}x{height}.jpg
c40a8ff66b3348dc8459766b74846feb,live,目標是打爆蓋伊！ | 先推本篇主線,2025-12-10T06:35:10Z,https://www.twitch.tv/moyamon53,https://static-cdn.jtvnw.net/previews-ttv/live_user_moyamon53-{width}x{height}.jpg
caf08c74dd7b4919bca49eef394d5475,live,【寶可夢ZA】DLC啟動✨看台就可以抽寶可夢週邊🎁忠誠點數可換抽獎券哦‼️訂閱者💕每日可以再多換兩張‼️當日平均同接75+抽快龍   ʕ⸝⸝⸝OⰙOʔ ｜感謝揪團！感謝追隨！感謝掛台～  !簽到 !DC !YT !IG !X,2025-12-10T06:45:32Z,https://www.twitch.tv/molilyqq,https://static-cdn.jtvnw.net/previews-ttv/live_user_molilyqq-{width}x{height}.jpg
5a934764983e45959855735b79bcc90e,live,〖#遊戲〗開露營車!!｜🤖量產型猫飼步歌貳貳機🐱 Fuka22 !吃 !DC !點歌 !周邊,2025-12-10T06:51:45Z,https://www.twitch.tv/nekokaifuka,https://static-cdn.jtvnw.net/previews-ttv/live_user_nekokaifuka-{width}x{height}.jpg
80c426d23cdb4dcda1d1a0a1bd7e0245,live,★ 阿嚕 ★1210 加班台Day32 啟動   ･ﾟ･(つд`ﾟ)･ﾟ･,2025-12-10T06:52:54Z,https://www.twitch.tv/sun294g,https://static-cdn.jtvnw.net/previews-ttv/live_user_sun294g-{width}x{height}.jpg
c1aa10208a06439481231599b25845b0,live,【瓦羅蘭】還是先瓦瓦，等等REPO Ft. | !簽到 !愛靈婪 !手機桌布 | 靈婪 @linglai8787,2025-12-10T06:56:05Z,https://www.twitch.tv/linglai8787,https://static-cdn.jtvnw.net/previews-ttv/live_user_linglai8787-{width}x{height}.jpg
9d9c6477329245cbb2557895f4f15686,live,/ᐠ. ̫ .ᐟ\ 12/10 跟寶貝和新朋友內戰一下 | 燕雲十六聲，上線中꒰´꒳`∗꒱  !手機殼 !3D !抱枕,2025-12-10T07:21:52Z,https://www.twitch.tv/iitifox,https://static-cdn.jtvnw.net/previews-ttv/live_user_iitifox-{width}x{height}.jpg
e58a5a6f40e040d79bbcd139824d6fc7,live,12/10  ₍ᐢ.‸.ᐢ₎⑅ o 【雨咩】@yumie0306 來點兔肉火鍋?  | !工商 !活動 !魔儲 !簽到 | 自主訂閱加強版支援~雨寶們♡,2025-12-10T07:22:00Z,https://www.twitch.tv/yumie0306,https://static-cdn.jtvnw.net/previews-ttv/live_user_yumie0306-{width}x{height}.jpg
f2f74f42d7e44c2b8c71807abd0967f3,live,1210 - 1211 𐔌՞ ܸ.ˬ.ܸ՞𐦯  愛喝咖啡的老鼠 starbuck鼠 | 生日月 有抽獎活動 !dc !表單 !簽到 (≖⩊≖),2025-12-10T07:31:39Z,https://www.twitch.tv/mikimaruuu,https://static-cdn.jtvnw.net/previews-ttv/live_user_mikimaruuu-{width}x{height}.jpg
a2847bd09f954df794fb9289d6a96dae,live,鬼轉瓦瓦瓦| @yulin_ch |ft.,2025-12-10T07:44:06Z,https://www.twitch.tv/yulin_ch,https://static-cdn.jtvnw.net/previews-ttv/live_user_yulin_ch-{width}x{height}.jpg
7a88afc5eb644d76b35ed4ca968259bb,live,【 吧噗 🍦】 12/10 💤 繼續畫皮 !  ♡,2025-12-10T08:06:21Z,https://www.twitch.tv/babu_desu,https://static-cdn.jtvnw.net/previews-ttv/live_user_babu_desu-{width}x{height}.jpg
19234cc590224c45912a14487f756dc5,live,12/10【今天有運動!】因為是牛馬 所以得工作 !懶蛋a卡 !DC !IBON !口號,2025-12-10T08:10:05Z,https://www.twitch.tv/venomdianh,https://static-cdn.jtvnw.net/previews-ttv/live_user_venomdianh-{width}x{height}.jpg
2694a505a0e0441bb99b49e8ce1f7473,live,【12/10】3版啟動｜!指令 !周邊,2025-12-10T08:10:36Z,https://www.twitch.tv/kannazukilubee,https://static-cdn.jtvnw.net/previews-ttv/live_user_kannazukilubee-{width}x{height}.jpg
59e3094256344f8c83a3f4355b8b667b,live,⚝1210⚝生日加班台DAY163 吃好撐 快不行了｜自主訂閱++★初見歡迎★歡迎降落｜指令在底下資訊欄｜ @liyueh0506 感謝揪團:,2025-12-10T08:14:06Z,https://www.twitch.tv/liyueh0506,https://static-cdn.jtvnw.net/previews-ttv/live_user_liyueh0506-{width}x{height}.jpg
52d7a40d46034062ad2fc29b4a2a9198,live,【亞曼皮卡曼】12/10 摸 | @pikayama,2025-12-10T08:15:02Z,https://www.twitch.tv/pikayama,https://static-cdn.jtvnw.net/previews-ttv/live_user_pikayama-{width}x{height}.jpg
bf277797951346fe991c27c79a6c5081,live,12/10【白兔】來點貨幣戰爭:3｜ @rabbit1102 ｜,2025-12-10T08:21:22Z,https://www.twitch.tv/rabbit1102,https://static-cdn.jtvnw.net/previews-ttv/live_user_rabbit1102-{width}x{height}.jpg
7232734df59c4e099205c7685007d8d4,live,【煙米子】12/10 FFXIV 可以使出阿修羅霸凰拳嗎？,2025-12-10T08:27:28Z,https://www.twitch.tv/kihom1234,https://static-cdn.jtvnw.net/previews-ttv/live_user_kihom1234-{width}x{height}.jpg
76a17ecab93c4c3db069c9a5d8d0ecf5,live,【茶米醬🍮】 12/10 399蝗蟲駕到，鳳凰區新手出擊，可以來指點迷津｜!抽卡,2025-12-10T08:29:27Z,https://www.twitch.tv/chiami911,https://static-cdn.jtvnw.net/previews-ttv/live_user_chiami911-{width}x{height}.jpg
13a4e83f2bbc4d18bb27520a4dceef72,live,⧉˖· 12/10 -  瓦爾海姆 Day2 !隊友 | 喉嚨痛痛ㄉ (× × )  @samoago,2025-12-10T09:00:28Z,https://www.twitch.tv/samoago,https://static-cdn.jtvnw.net/previews-ttv/live_user_samoago-{width}x{height}.jpg
bee9506c5d714205bfc69573280852c2,live,【中文台】特戰人特戰魂 || @mirutea_vtuber || 2000追隨目標！,2025-12-10T09:01:46Z,https://www.twitch.tv/mirutea_vtuber,https://static-cdn.jtvnw.net/previews-ttv/live_user_mirutea_vtuber-{width}x{height}.jpg
8150f530d858418282811429cc32622b,live,正式開服!!!FF14《 FINAL FANTASY XIV 繁體中文版 》 #FF14 #FF14繁中 #Vtuber  #台V #欣希亞,2025-12-10T09:02:30Z,https://www.twitch.tv/mengcynia,https://static-cdn.jtvnw.net/previews-ttv/live_user_mengcynia-{width}x{height}.jpg
310862830fb648b78cca7e581e2622a7,live,♦ 2025.12.10 ♦ 今天FF14上市啦!但我得團練SF6｜ @ayaakahane ｜ !LINE主題 !時光寶藏【赤羽亞矢】,2025-12-10T09:09:16Z,https://www.twitch.tv/ayaakahane,https://static-cdn.jtvnw.net/previews-ttv/live_user_ayaakahane-{width}x{height}.jpg
c699beab8e8a4064849c977b67058447,live,殘酷加班DAY9🤍玩一下血染！千追衝刺！12/10｜!dc !yt｜ @nineamro,2025-12-10T09:24:22Z,https://www.twitch.tv/nineamro,https://static-cdn.jtvnw.net/previews-ttv/live_user_nineamro-{width}x{height}.jpg
c2b9638d8dd54888a91caa8a67366907,live,【ꜱᴀᴋᴜʀɪɴ】掛台&揪團抽獎小禮物 | 自主訂閱+ | 同接努力中 | !mepay魔儲 | @sakurin0617,2025-12-10T09:24:57Z,https://www.twitch.tv/sakurin0617,https://static-cdn.jtvnw.net/previews-ttv/live_user_sakurin0617-{width}x{height}.jpg
4e5f0c7c5f1f49c2b1d249b10225cabb,live,【劉小魚🎮】晚點來看看更新了甚麼!🩵 | 聖誕抽獎來啦~詳情!抽獎 |  @test40228 !水餃 !計畫 !DC !指令,2025-12-10T10:02:56Z,https://www.twitch.tv/test40228,https://static-cdn.jtvnw.net/previews-ttv/live_user_test40228-{width}x{height}.jpg
bb56715066e548c297232372a16ab083,live,【FF14】我買了咖啡  對,2025-12-10T10:02:59Z,https://www.twitch.tv/bright_sliver,https://static-cdn.jtvnw.net/previews-ttv/live_user_bright_sliver-{width}x{height}.jpg
31f4c00be9eb41a1a6be0356614048fd,live,#りぶすとマイクラ  ステイタス振りなおした！【同接75までコーラ禁710日目】 @yeee_shen,2025-12-10T10:08:58Z,https://www.twitch.tv/yeee_shen,https://static-cdn.jtvnw.net/previews-ttv/live_user_yeee_shen-{width}x{height}.jpg
93bf43bc175742cd8c7af6b80687cd84,live,【FF 14】12/10 喵喵喵 今天開服!   @miya3127,2025-12-10T10:09:06Z,https://www.twitch.tv/miya3127,https://static-cdn.jtvnw.net/previews-ttv/live_user_miya3127-{width}x{height}.jpg
f6a4e7aa8d0c4e5cb39d199845ec4d02,live,12/10 我願稱他為2025最猛乙女遊戲 11點團練 !R6【杏仁ミル】!ExitLag,2025-12-10T10:14:21Z,https://www.twitch.tv/anninmiru_,https://static-cdn.jtvnw.net/previews-ttv/live_user_anninmiru_-{width}x{height}.jpg
f958b1a87ecd4bfab42ba0d1443bfa61,live,FF XIV 先國際服 サンドリア 接繁中服推主線 有問題歡迎發問 推薦碼 HSF6205  day 12 @mugensix,2025-12-10T10:27:16Z,https://www.twitch.tv/mugensix,https://static-cdn.jtvnw.net/previews-ttv/live_user_mugensix-{width}x{height}.jpg
9e64bba43928414884503de36f805c48,live,12/10 玩玩看FF14 桌曆預購中 !桌曆 !VPN | !YT,2025-12-10T10:33:27Z,https://www.twitch.tv/wen620,https://static-cdn.jtvnw.net/previews-ttv/live_user_wen620-{width}x{height}.jpg
e2ddcd13e70643238d46f50fba8261b2,live,掉寶【加班台Day.102】觀眾場 眨個眼就s20 | @oNEsunTTV <-旅行商人VT | 今年想3000追| 創業歡迎-> !贊助,2025-12-10T10:39:40Z,https://www.twitch.tv/onesunttv,https://static-cdn.jtvnw.net/previews-ttv/live_user_onesunttv-{width}x{height}.jpg
df7b08cd72224681a63e6e85e0753132,live,【寶可夢傳說：Z-A】DLC登場！我好興奮阿！,2025-12-10T10:44:38Z,https://www.twitch.tv/shuhuhu1003,https://static-cdn.jtvnw.net/previews-ttv/live_user_shuhuhu1003-{width}x{height}.jpg
265a18972d244affae35711cfd1f9931,live,【12/10】是時候了 一起當光之美少女 新手上路需要指揮！,2025-12-10T10:46:32Z,https://www.twitch.tv/mirolivetabasuko88,https://static-cdn.jtvnw.net/previews-ttv/live_user_mirolivetabasuko88-{width}x{height}.jpg
e17f42aa104040deae2ee3f3b1e85ed8,live,【肉肉薔蒔】12/10   差點忘記開這遊戲><   喵!    !yt  !滑鼠墊 !簽到,2025-12-10T10:49:08Z,https://www.twitch.tv/aishakumo,https://static-cdn.jtvnw.net/previews-ttv/live_user_aishakumo-{width}x{height}.jpg
b606cde735d84b45ab96489d7a9997dd,live,【 FINAL FANTASY XIV ONLINE 繁中版】FF14 正式開服嘍~打3.0 或 打坐騎  #10【邦生多葛】#vtuber #新人VTuber #初見歡迎 2025/12/10,2025-12-10T10:59:17Z,https://www.twitch.tv/bensencat9658,https://static-cdn.jtvnw.net/previews-ttv/live_user_bensencat9658-{width}x{height}.jpg
72a83f60773546dba886008320809d70,live,1210【uc雞】身為一個醫美都沒救的女人就是要來玩遊戲！指令： !抖內影片 !歌單 !耳機 !上班收聽,2025-12-10T11:00:26Z,https://www.twitch.tv/yedda970,https://static-cdn.jtvnw.net/previews-ttv/live_user_yedda970-{width}x{height}.jpg
afb9c6f2f93040d0a0227405b9d17bde,live,【彼岸幸】- 12/10 - 今天要做啥呢｜新cover快去聽!!｜掛台忠誠點簽到一下~｜Ft.,2025-12-10T11:00:53Z,https://www.twitch.tv/higanko777,https://static-cdn.jtvnw.net/previews-ttv/live_user_higanko777-{width}x{height}.jpg
afa3e309e41044c5bffe17466607d481,live,雪雪๐•ᴗ•๐ 12/10 @yukkkkiouo !自主訂閱支援 !YT !魔儲,2025-12-10T11:01:54Z,https://www.twitch.tv/yukkkkiouo,https://static-cdn.jtvnw.net/previews-ttv/live_user_yukkkkiouo-{width}x{height}.jpg
36beb36f581f44d393dcf0af2b194789,live,【沃夫曼】12/10,2025-12-10T11:14:40Z,https://www.twitch.tv/lswoofman,https://static-cdn.jtvnw.net/previews-ttv/live_user_lswoofman-{width}x{height}.jpg
9ca05592c52f42649191751f18cb70e6,live,【中文/日本語】12/10 | FF14繁中 光呆報到Day12 | 開頭練快打,2025-12-10T11:14:54Z,https://www.twitch.tv/sinonyuki,https://static-cdn.jtvnw.net/previews-ttv/live_user_sinonyuki-{width}x{height}.jpg
de81b740d66c439685aa37491d27efc4,live,apex 等等FF,2025-12-10T11:29:06Z,https://www.twitch.tv/lmpaper,https://static-cdn.jtvnw.net/previews-ttv/live_user_lmpaper-{width}x{height}.jpg
b516b71a9e8d43b8a377dabe1f9057dd,live,【 Beat Cop 】來當毛毛毛警察🐱丨!dc!加班!魔儲!連結!活動,2025-12-10T11:30:14Z,https://www.twitch.tv/k_k_1206,https://static-cdn.jtvnw.net/previews-ttv/live_user_k_k_1206-{width}x{height}.jpg
8ae0f370cf124faa953a09089a427fd9,live,《寶可夢：皮卡丘》#2,2025-12-10T11:46:21Z,https://www.twitch.tv/koyoyo4444,https://static-cdn.jtvnw.net/previews-ttv/live_user_koyoyo4444-{width}x{height}.jpg
52d8a731a7634e529ba986ae40ce6526,live,[1210] 種田。 | 年末600追衝刺中 | @nagisahmst,2025-12-10T11:47:49Z,https://www.twitch.tv/nagisahmst,https://static-cdn.jtvnw.net/previews-ttv/live_user_nagisahmst-{width}x{height}.jpg
46e494bf06c640da95ad1b0b81631d98,live,12/10 _(:3 」∠ )_,2025-12-10T11:48:36Z,https://www.twitch.tv/ose0219,https://static-cdn.jtvnw.net/previews-ttv/live_user_ose0219-{width}x{height}.jpg
ce908f10dcde4e2480c8f97aafd45883,live,FF14繁中正式上市 歡迎399軍團加入！｜中/日/EN,2025-12-10T11:55:27Z,https://www.twitch.tv/kuro777_twitch,https://static-cdn.jtvnw.net/previews-ttv/live_user_kuro777_twitch-{width}x{height}.jpg
7e81a72484054a5c89f3826ebc8946be,live,【1210】休假就是要跟朋朋們玩遊戲 晚點打瓦瓦｜ @yuzukiririna !抖內!深度會員!YT!影音抖內,2025-12-10T11:55:49Z,https://www.twitch.tv/yuzukiririna,https://static-cdn.jtvnw.net/previews-ttv/live_user_yuzukiririna-{width}x{height}.jpg
a6b0f8c8343041f0b1ea96c46ee4e582,live,【#連動】露營車小隊鬼轉瓦| 初見、聊天歡迎💜20251210| @kazumisinni | !點播查詢 !簽到  @ryoudess @miseavtuber @hanamorilunaria,2025-12-10T11:57:57Z,https://www.twitch.tv/kazumisinni,https://static-cdn.jtvnw.net/previews-ttv/live_user_kazumisinni-{width}x{height}.jpg
50c9dbd2624f41408f2b6a9ccf61e447,live,【我們到了嗎?】書接上回【西村影飛】丨 ft. @pamela1021021 @perce_1004 @yeyuchen11066,2025-12-10T11:58:36Z,https://www.twitch.tv/nishimurakagetobi,https://static-cdn.jtvnw.net/previews-ttv/live_user_nishimurakagetobi-{width}x{height}.jpg
e3e93491f32d459ba2b79033cf75c619,live,【12/10】即使EMO也沒關係，讓我們聽點EMO的再來點快樂的，沖散不好的情緒！【齊格菲】,2025-12-10T11:58:53Z,https://www.twitch.tv/siegfriedmet_st,https://static-cdn.jtvnw.net/previews-ttv/live_user_siegfriedmet_st-{width}x{height}.jpg
e83a22c584774763a3b91d557141604d,live,【✧雲依珊3.0新衣裝✧】✨YiShan 雲依珊,2025-12-10T11:59:02Z,https://www.twitch.tv/yishan_vliver,https://static-cdn.jtvnw.net/previews-ttv/live_user_yishan_vliver-{width}x{height}.jpg
4859b57db8e043f1965e56324f137097,live,12/10 周年結束後主播只能去撿垃圾了|初見歡迎|!加入 !魔儲 !dc,2025-12-10T11:59:12Z,https://www.twitch.tv/lingna0,https://static-cdn.jtvnw.net/previews-ttv/live_user_lingna0-{width}x{height}.jpg
1b63d89e0b1a4b579de6d99e25eaff8f,live,【貓祭】繼續吸燕雲，解支線 @nekomatsuri_25  !周邊 !簽到 !社群 !給錢,2025-12-10T11:59:30Z,https://www.twitch.tv/nekomatsuri_25,https://static-cdn.jtvnw.net/previews-ttv/live_user_nekomatsuri_25-{width}x{height}.jpg
af9a2d0fab684be9b9da09e251f6bae6,live,【1210】Splatoon 3丨我們ˇ都是瘋狗 @chill07079527 @xuanwubamgo,2025-12-10T11:59:54Z,https://www.twitch.tv/doudouguochai,https://static-cdn.jtvnw.net/previews-ttv/live_user_doudouguochai-{width}x{height}.jpg
87e1b5eec62040118b6bd49efbe5d61c,live,【遊戲-都市傳說解體中心】所以到底誰是女鬼？,2025-12-10T11:59:54Z,https://www.twitch.tv/lalaweee0401,https://static-cdn.jtvnw.net/previews-ttv/live_user_lalaweee0401-{width}x{height}.jpg
627d42f52e604f3e8eadc7f04ef74d2a,live,今天LOL帶新手 @firliuka 手把手教學!琉卡在yt  @  !OC !Dc !大姊大 !慈善賭王大賽,2025-12-10T11:59:57Z,https://www.twitch.tv/shinatsukishiro,https://static-cdn.jtvnw.net/previews-ttv/live_user_shinatsukishiro-{width}x{height}.jpg
db3a6f094c3146c2ab6f2f267337f132,live,【遊戲】先讓自己學會輪椅 以後可以跟朋友出去兜風!!  | 夏提,2025-12-10T12:00:07Z,https://www.twitch.tv/siati1021,https://static-cdn.jtvnw.net/previews-ttv/live_user_siati1021-{width}x{height}.jpg
84111bbae2be41ea96c8b2f6c755f00c,live,12/10 像素轉生麥塊時間!,2025-12-10T12:00:13Z,https://www.twitch.tv/hyoukakoori,https://static-cdn.jtvnw.net/previews-ttv/live_user_hyoukakoori-{width}x{height}.jpg
d2da40bb201e49ddbd6a8780bfaf8b63,live,｜2025.12.10｜好了啦 該還債了｜北宮雨音｜揪團轉盤／!dc／!yt／!指令｜,2025-12-10T12:00:28Z,https://www.twitch.tv/yuin_0608,https://static-cdn.jtvnw.net/previews-ttv/live_user_yuin_0608-{width}x{height}.jpg
4c34c44a98974b709f7dbc7618847fd6,live,12/10 略略略( *・ω・)✄,2025-12-10T12:00:42Z,https://www.twitch.tv/5l5l3,https://static-cdn.jtvnw.net/previews-ttv/live_user_5l5l3-{width}x{height}.jpg
e3ee9544e190459d9bc2bdf3c1ccde7b,live,【ღ悠然 @yourendesu 】25/12/10 鬼轉A配可思 | 重大告知籌備中 | Ft.,2025-12-10T12:00:42Z,https://www.twitch.tv/yourendesu,https://static-cdn.jtvnw.net/previews-ttv/live_user_yourendesu-{width}x{height}.jpg
326a721a7a904cb9b5ed0dad4899d7c2,live,【特殊企劃：年度嘟嘟日🫵🏻】師傅們上線啦 年底互嘟三缺一挑戰🫵🏻 ft @tp_tauuu !脆脆 !yt !dc !推特 !棉花糖 !周邊,2025-12-10T12:00:52Z,https://www.twitch.tv/yasumi_crisp,https://static-cdn.jtvnw.net/previews-ttv/live_user_yasumi_crisp-{width}x{height}.jpg
dc3e05e0c12b4e0a93dc230f30925ee0,live,【土司喵】睜眼閉眼天就黑了好怪 ▏加班台Day.121 @toast_meow,2025-12-10T12:00:58Z,https://www.twitch.tv/toast_meow,https://static-cdn.jtvnw.net/previews-ttv/live_user_toast_meow-{width}x{height}.jpg
5ed5801d24c7412fa3fa65a82124aad0,live,✧ 12/10 ✧ crime scene cleaner | !指令,2025-12-10T12:01:03Z,https://www.twitch.tv/seventy_vtuber,https://static-cdn.jtvnw.net/previews-ttv/live_user_seventy_vtuber-{width}x{height}.jpg
2bb0e68d998d4b2bbfc79557a233fb33,live,【活俠傳 #11 三週目之三】阿活離家出走後又回來唐門啦！歡迎聊天【珞雪嵐 Rakusetsu Ran】,2025-12-10T12:01:55Z,https://www.twitch.tv/rakusetsu_ran,https://static-cdn.jtvnw.net/previews-ttv/live_user_rakusetsu_ran-{width}x{height}.jpg
e32a4d49fba7459fbdf9e242288fa18c,live,✦沫依_ 🐋✦ 你今天紳士了嗎？ 🌱✦ 距離5000追還差200人!! | @mooi_seal,2025-12-10T12:02:18Z,https://www.twitch.tv/mooi_seal,https://static-cdn.jtvnw.net/previews-ttv/live_user_mooi_seal-{width}x{height}.jpg
05d19eac5d22427f916e6fa59bf17b3b,live,【12/10】R6 ft. @six_canber @sariel_0041 @beiyue_cup @zxcc0857 @orangecat331,2025-12-10T12:02:59Z,https://www.twitch.tv/orangecat331,https://static-cdn.jtvnw.net/previews-ttv/live_user_orangecat331-{width}x{height}.jpg
be1a18aa8599409ba250e5345e62fed6,live,2025/12/10【玩遊戲】這遊戲怎麼玩！？ ٩(๑˃̵ᴗ˂̵๑)۶ ｜2000追衝刺中｜!12月活動｜!cover @kisa0921,2025-12-10T12:03:01Z,https://www.twitch.tv/kisa0921,https://static-cdn.jtvnw.net/previews-ttv/live_user_kisa0921-{width}x{height}.jpg
f479e1403f614727a5f2a2be339bad74,live,1210【亂開】聯動時間! @chalortti !3D化集資,2025-12-10T12:03:19Z,https://www.twitch.tv/chalortti,https://static-cdn.jtvnw.net/previews-ttv/live_user_chalortti-{width}x{height}.jpg
42844ee6e0cc47938829b43a3101b9bb,live,12/10《閃11》昨天有個守門員害我的手敲到瘀青ˋˊ，一天一抽給闆闆年終獎金，山羌一番賞一抽250快來斗內闆闆！,2025-12-10T12:04:09Z,https://www.twitch.tv/lusamina,https://static-cdn.jtvnw.net/previews-ttv/live_user_lusamina-{width}x{height}.jpg
090be1be8d29429183e190e22fc4be22,live,幫狐來去YT聊聊天！【Ness9s奈斯糖】,2025-12-10T12:04:46Z,https://www.twitch.tv/ness9s1222,https://static-cdn.jtvnw.net/previews-ttv/live_user_ness9s1222-{width}x{height}.jpg
9be839573d1a4944a93740ca42fa65d4,live,ଘ【尋光旅程】12/10 R6連動!,2025-12-10T12:05:15Z,https://www.twitch.tv/sariel_0041,https://static-cdn.jtvnw.net/previews-ttv/live_user_sariel_0041-{width}x{height}.jpg
7754a4ea82814b7fbbecfcf459382001,live,【✿阿咪老蘇✿】12/10✤聖誕節活動預熱中 ✤ !愛阿咪 !阿咪愛我 | 大病初癒阿咪照顧病人中 ꒰ꈍ•́꒳•̀ꈍ꒱ @qmi_uwumai613,2025-12-10T12:06:01Z,https://www.twitch.tv/qmi_uwumai613,https://static-cdn.jtvnw.net/previews-ttv/live_user_qmi_uwumai613-{width}x{height}.jpg
e1bc34a2b6ac4d86ad6758cef724e7dc,live,【007】讀個空氣,2025-12-10T12:06:05Z,https://www.twitch.tv/sharina_0401,https://static-cdn.jtvnw.net/previews-ttv/live_user_sharina_0401-{width}x{height}.jpg
aa72818fdcaf460b9b3f90e92d702e57,live,«池» 泰拉癮犯了 狠狠玩兩天 僅限新角同樂++▸aka @Fonchi0419 | !周邊 🎰!slots !奶油曲奇 !睡魔 !週年紀念套組開放預購,2025-12-10T12:06:55Z,https://www.twitch.tv/fonchi0419,https://static-cdn.jtvnw.net/previews-ttv/live_user_fonchi0419-{width}x{height}.jpg
a0467c81a3014fbf83029acffe5b1d3f,live,【倒楣穿山甲NAJA】,2025-12-10T12:08:35Z,https://www.twitch.tv/najathepangolin,https://static-cdn.jtvnw.net/previews-ttv/live_user_najathepangolin-{width}x{height}.jpg
75f110ca5e9a4b7db3c57912baf5ca27,live,速食店薯條的需求量都會很大， 所以會設一個計時器提醒該下鍋了， 但這不是一般的計時器 ，這是往添鍋的倒薯計時｜1210⚡️ @mayj0501 ｜ !簽到 !周邊 自主訂閱++,2025-12-10T12:08:41Z,https://www.twitch.tv/mayj0501,https://static-cdn.jtvnw.net/previews-ttv/live_user_mayj0501-{width}x{height}.jpg
ee77ed51da394f02b72c33756b155eac,live,[Cobblecraft]20251210 | 我真的不是今天的主揪  @cknekko @anmian__,2025-12-10T12:10:43Z,https://www.twitch.tv/cknekko,https://static-cdn.jtvnw.net/previews-ttv/live_user_cknekko-{width}x{height}.jpg
66c8fc624de94d8e8af4325e41ce7c34,live,[++✅] ↑吊也是要喘一口氣的，都禮拜三了要超越手錶一下吧,2025-12-10T12:10:56Z,https://www.twitch.tv/k0_kaylyn,https://static-cdn.jtvnw.net/previews-ttv/live_user_k0_kaylyn-{width}x{height}.jpg
fdb4872691864af8825511a6d0c72895,live,[VALORANT]  打瓦瓦瓦瓦瓦| 初見歡迎 | 歡迎掛台、降落 | 指令: !簽到 / !dc / !心意 |,2025-12-10T12:11:32Z,https://www.twitch.tv/sara_0620_,https://static-cdn.jtvnw.net/previews-ttv/live_user_sara_0620_-{width}x{height}.jpg
3c9899af7c104ea08eb0baa4ee565076,live,【阿巴．⬧．ଳ~】神奇小麥快 @daiya2souku @loveluck030 @Crestelast @yanjwaymax @lzz_0810 但 @1014zhouwei 不見ㄌ,2025-12-10T12:16:47Z,https://www.twitch.tv/daiya2souku,https://static-cdn.jtvnw.net/previews-ttv/live_user_daiya2souku-{width}x{height}.jpg
63d931b5a0374b3fbeef2c565a8db8df,live,【2025/12/10】開服!! 利維坦公會歡迎++ ｜ ฅʕ·ᴥ·ʔฅ  !指令 !周邊 !釣 !簽,2025-12-10T12:17:03Z,https://www.twitch.tv/xlastbear,https://static-cdn.jtvnw.net/previews-ttv/live_user_xlastbear-{width}x{height}.jpg
0eb515afbb9347529a406e91a07cde90,live,【FF14】終於到了這一天，大家都進來了嗎？ft.雪口,2025-12-10T12:17:51Z,https://www.twitch.tv/sachi_teraz,https://static-cdn.jtvnw.net/previews-ttv/live_user_sachi_teraz-{width}x{height}.jpg
2d3deb7610dd4329ba77597dfdd13043,live,【璃瑛】不知道要幹嘛呢...  ₍ᐢ. .ᐢ₎  ✦ 歡迎聊天 掛台 追隨 ✦ 訂閱加入Discord即可下載專屬桌布❣︎ ✦,2025-12-10T12:20:14Z,https://www.twitch.tv/miyayuki_rie,https://static-cdn.jtvnw.net/previews-ttv/live_user_miyayuki_rie-{width}x{height}.jpg
29e2c3ae8e4d48f29fb3b89c463abb1c,live,【正在拚紫勾勾的狗勾】看結局!｜菈妮菓列૮ ・ﻌ・ა,2025-12-10T12:20:20Z,https://www.twitch.tv/vtlabrador0118,https://static-cdn.jtvnw.net/previews-ttv/live_user_vtlabrador0118-{width}x{height}.jpg
cd542f88cc8b47d087301d567b7cebca,live,1209｜ 露營走走走 ft.貳貳、波美、涅爾菲,2025-12-10T12:22:03Z,https://www.twitch.tv/feliaaxtris,https://static-cdn.jtvnw.net/previews-ttv/live_user_feliaaxtris-{width}x{height}.jpg
2db2ffc41ff340a990a6d4dcec000d08,live,【雪Koyuki】鬼轉瓦自訂場｜ @koyuki_teraz,2025-12-10T12:23:01Z,https://www.twitch.tv/koyuki_teraz,https://static-cdn.jtvnw.net/previews-ttv/live_user_koyuki_teraz-{width}x{height}.jpg
9e121751e3774a15bdf9ccfab7eb7faf,live,12/10【遊戲】這波薛錢我吃不下 | ft. | #拚千,2025-12-10T12:24:24Z,https://www.twitch.tv/hoooonka,https://static-cdn.jtvnw.net/previews-ttv/live_user_hoooonka-{width}x{height}.jpg
3d786b116dbc437e8684d7b46567a1e5,live,【RV There Yet?】今天有朋友 我來拆露營車了 @nekokaifuka @nyrfier @feliaaxtris 🛸💨 百百波美 ⌇ BarkBarkPomi｜影音抖內開放中｜!YT !DC !抖內 !周邊 !深度會員,2025-12-10T12:25:15Z,https://www.twitch.tv/barkbarkpomi,https://static-cdn.jtvnw.net/previews-ttv/live_user_barkbarkpomi-{width}x{height}.jpg
d9e5219a4cd84ac59bc35faa94729f01,live,ʚ 希比 ɞ 上一秒⏳我在台北看👀煙火🎆下一秒⌛你在上海喝mojito🍹你感覺💞我就像我感覺💞你世界上🌎的另一個我🤜 🤛上一秒⏳我在柏林🇩🇪落大雨🌧️下一秒⌛你在曼谷🇹🇭天氣晴☀️你感受💙我就像我感受🖤你世界上丨 @hebemegami !cover,2025-12-10T12:26:07Z,https://www.twitch.tv/hebemegami,https://static-cdn.jtvnw.net/previews-ttv/live_user_hebemegami-{width}x{height}.jpg
5908563b5c944c7b919b08e5233a8a5a,live,12/10 繁中版_我剪完片了!!今天也要認真看4.0｜走走委託開放｜ @liangxliang !指令 !尿布 !製肥,2025-12-10T12:26:19Z,https://www.twitch.tv/liangxliang,https://static-cdn.jtvnw.net/previews-ttv/live_user_liangxliang-{width}x{height}.jpg
64e20992295c4be984e9af0a470d6440,live,【呆兔】阿巴阿巴阿巴♥/勾勾呢Day161♥指令  !觀眾++ !魔儲,2025-12-10T12:27:22Z,https://www.twitch.tv/streamerrabbit48,https://static-cdn.jtvnw.net/previews-ttv/live_user_streamerrabbit48-{width}x{height}.jpg
06f1c7339e1c47ecb69ea7385f4635a1,live,今天的精神狀態很美麗 / 年底前有機會百追嗎 / 歡迎追蹤~,2025-12-10T12:28:09Z,https://www.twitch.tv/huntmeow73,https://static-cdn.jtvnw.net/previews-ttv/live_user_huntmeow73-{width}x{height}.jpg
6c52137d373a45d58eafc0d52253dcf8,live,1210 歡迎收看貍貓前瞻特別節目 (｡• ω•｡)つ—☆ • * ｡| 感謝掛台壓,2025-12-10T12:29:28Z,https://www.twitch.tv/erichannel,https://static-cdn.jtvnw.net/previews-ttv/live_user_erichannel-{width}x{height}.jpg
78dea7b59be448329ec287a403f95a13,live,哦ㄏ一ㄡヾ(•ω•`)o,2025-12-10T12:30:49Z,https://www.twitch.tv/prochichi73,https://static-cdn.jtvnw.net/previews-ttv/live_user_prochichi73-{width}x{height}.jpg
6358ea21f673491fab72d62494b2225f,live,2025.12.10 密阿雷復健中心  #初見歡迎 #隨意聊聊【BY Day 206】,2025-12-10T12:30:57Z,https://www.twitch.tv/byyeh_chill,https://static-cdn.jtvnw.net/previews-ttv/live_user_byyeh_chill-{width}x{height}.jpg
da4a58b114b94469a0a93f6b8ee7512d,live,【FF14】正式開服啦 12/10｜!簽到 !追隨 !訂閱 !VIP !芽幣 !抽籤｜ @chillya1020,2025-12-10T12:31:13Z,https://www.twitch.tv/chillya1020,https://static-cdn.jtvnw.net/previews-ttv/live_user_chillya1020-{width}x{height}.jpg
ca4210c7562b479cb3af76082fb70fcd,live,12/10 【亞希】好耶今天來敲敲深淵跟劇詩! 應該是小開(?  | 掛台可用忠誠點數兌換每月的小月卡抽獎劵哦!  | !月表 !周邊,2025-12-10T12:31:23Z,https://www.twitch.tv/sennna_aki,https://static-cdn.jtvnw.net/previews-ttv/live_user_sennna_aki-{width}x{height}.jpg
6548fd18ecf84bd88112cd5babfa2a66,live,【鬼轉?】打瓦不如打APEX~xdddd @rtea0527 @sunohamster #降落歡迎 !簽到 !愛神靈 !ㄎㄧㄤ咪,2025-12-10T12:34:36Z,https://www.twitch.tv/yukiha_vtuber,https://static-cdn.jtvnw.net/previews-ttv/live_user_yukiha_vtuber-{width}x{height}.jpg
cb94019fb4714e168b47d6757995efc3,live,【12/10】開車囉！！ft.貳百斐莉雅 !手機殼 | 涅爾菲/Alluria,2025-12-10T12:41:56Z,https://www.twitch.tv/nyrfier,https://static-cdn.jtvnw.net/previews-ttv/live_user_nyrfier-{width}x{height}.jpg
05055e62d34241888df31217ac25e671,live,12月10 今天练什么歌呢？ 来聊一聊！,2025-12-10T12:41:57Z,https://www.twitch.tv/vtuberkono,https://static-cdn.jtvnw.net/previews-ttv/live_user_vtuberkono-{width}x{height}.jpg
d33940525b7f4b9db9ce85e08b4c175e,live,[Christmas Donothon DAY ???]  Peak climbing !discord !gift !gank !kofi !ADVANCED !merch,2025-12-10T12:44:31Z,https://www.twitch.tv/fluffyzegem,https://static-cdn.jtvnw.net/previews-ttv/live_user_fluffyzegem-{width}x{height}.jpg
5a60a41d2a604bc68368158cd0b1cc12,live,[麥塊聊天台]˙去我的姑姑開的伺服器玩!伺服器封測!/感謝最近揪團:,2025-12-10T12:44:49Z,https://www.twitch.tv/akaushirotte,https://static-cdn.jtvnw.net/previews-ttv/live_user_akaushirotte-{width}x{height}.jpg
0e9aeecbe8f04a62ab781cf2e520eba0,live,【嘎旋】12/10 冷到抖抖抖 九點玩新遊戲   @shen_0828  | !簽到 !麥塊 !手機殼周邊,2025-12-10T12:46:42Z,https://www.twitch.tv/shen_0828,https://static-cdn.jtvnw.net/previews-ttv/live_user_shen_0828-{width}x{height}.jpg
06337167c1a14d82b6a7f7cc71eac813,live,📢【燕雲十六聲】一邊閒逛 一邊聊天 一邊撞路人【雙播】,2025-12-10T12:46:43Z,https://www.twitch.tv/shinoakira0725,https://static-cdn.jtvnw.net/previews-ttv/live_user_shinoakira0725-{width}x{height}.jpg
dd9bf471b0304627877f38daaec5407b,live,咩扣麥塊伺服器/ @mayko0327 /城鎮重新建設中/輕鬆休閒/歡迎聊天【歡迎~追隨與訂閱或掛台】,2025-12-10T12:49:55Z,https://www.twitch.tv/ola_bear,https://static-cdn.jtvnw.net/previews-ttv/live_user_ola_bear-{width}x{height}.jpg
e210fb08b0744535a907823fa9f062cc,live,【Rust】我要賭博！  (JP/中) !貓砂 #初見歡迎 #歡迎掛台,2025-12-10T12:50:38Z,https://www.twitch.tv/felis0423,https://static-cdn.jtvnw.net/previews-ttv/live_user_felis0423-{width}x{height}.jpg
c08ae8d7412d407c8b233f6e445d081c,live,ᗜˬᗜ,2025-12-10T12:51:36Z,https://www.twitch.tv/bk20112,https://static-cdn.jtvnw.net/previews-ttv/live_user_bk20112-{width}x{height}.jpg
5d29544fdded43d1937166548487394a,live,川氏家族抓鬼喽! !DC !愛瑟娜 @sena_vtuber,2025-12-10T12:53:52Z,https://www.twitch.tv/sena_vtuber,https://static-cdn.jtvnw.net/previews-ttv/live_user_sena_vtuber-{width}x{height}.jpg
7fdfd0346667458a8657626f03434b59,live,【League of Legends】✦ ⋆又是認識新朋友的一天⋆✦ 都兔零⋆偷偷,2025-12-10T12:54:08Z,https://www.twitch.tv/totorei0,https://static-cdn.jtvnw.net/previews-ttv/live_user_totorei0-{width}x{height}.jpg
063fe3c0ae714b4ea4edaf79bda5dda0,live,ʚ1210ɞ 看想看的書水時間(?) ᕱ⑅ᕱ ⑅ @senkawarei,2025-12-10T12:55:14Z,https://www.twitch.tv/senkawarei,https://static-cdn.jtvnw.net/previews-ttv/live_user_senkawarei-{width}x{height}.jpg
40f76b568f384790a1a089bb6619ddb2,live,"［萊玩遊戲菈］休息一個禮拜, 魔女村海關重開了! | 請出示證件 Papers, Please | 歡迎也謝謝 追隨! 聊天! 掛台! | @wizardesslyra",2025-12-10T12:55:20Z,https://www.twitch.tv/wizardesslyra,https://static-cdn.jtvnw.net/previews-ttv/live_user_wizardesslyra-{width}x{height}.jpg
3809ec8a42634d11aa1b7b8f99755c6a,live,【琉花花】12/10 下禮拜認真工作!!   |  !周邊  !cover,2025-12-10T12:56:46Z,https://www.twitch.tv/mayberuu,https://static-cdn.jtvnw.net/previews-ttv/live_user_mayberuu-{width}x{height}.jpg
fec8644970684cffbbae8dd37a52d59c,live,【#LOL】歡樂場｜不看戰績的...吧? 0.0 和新朋友一起戳戳!❄️ Ft.他瑪喜、千羽織雪、星娃、剎藍、都兔零,2025-12-10T12:56:53Z,https://www.twitch.tv/oriyukioxo,https://static-cdn.jtvnw.net/previews-ttv/live_user_oriyukioxo-{width}x{height}.jpg
48e968abd77d434db31de0f0bb8d92a1,live,【希叉CX330】遊戲配信｜強迫症恆星來當個高壓水柱員工｜模擬高壓清洗 PowerWash Simulator ｜12/10(三)｜ @imcx330 ｜!周表 !dc !指令,2025-12-10T12:58:28Z,https://www.twitch.tv/imcx330,https://static-cdn.jtvnw.net/previews-ttv/live_user_imcx330-{width}x{height}.jpg
9af7c10c618844f08a327d38753124bd,live,【酒樂霧子】1210 | 自己走不出迷宮 哭阿 |  @shurakukiriko | !7tv !yt !會員 !指令 !嗨嗶 !手機殼,2025-12-10T12:58:49Z,https://www.twitch.tv/shurakukiriko,https://static-cdn.jtvnw.net/previews-ttv/live_user_shurakukiriko-{width}x{height}.jpg
837cc45c90974caa9f07699c3899fa7b,live,【崩壞：星穹鐵道】我回來啦！今天可以到大結局嗎？｜小夜Yoru,2025-12-10T12:59:38Z,https://www.twitch.tv/yoru_yn,https://static-cdn.jtvnw.net/previews-ttv/live_user_yoru_yn-{width}x{height}.jpg
93bad1d4b0c54c8781e3775d13a62c38,live,【AI VTuber 歌回】感謝大家的點歌！今天來還債🎵🎶| @feuera1225,2025-12-10T12:59:43Z,https://www.twitch.tv/feuera1225,https://static-cdn.jtvnw.net/previews-ttv/live_user_feuera1225-{width}x{height}.jpg
5dc565de88a948ecb092cce178aafe60,live,10 DEC | CHILL玩PVE 差一條主線 最後大直路?,2025-12-10T13:00:03Z,https://www.twitch.tv/himuvtuber,https://static-cdn.jtvnw.net/previews-ttv/live_user_himuvtuber-{width}x{height}.jpg
4e78d5ae75144358a0384df9822c60bc,live,12/10 收益化歌回!! | 米夏MISHA,2025-12-10T13:00:08Z,https://www.twitch.tv/misha__56,https://static-cdn.jtvnw.net/previews-ttv/live_user_misha__56-{width}x{height}.jpg
db86eecb7c7047a984098e23de131e29,live,【JKY】NS2｜突然多了一堆妖魔鬼怪www,2025-12-10T13:00:25Z,https://www.twitch.tv/jkybrain,https://static-cdn.jtvnw.net/previews-ttv/live_user_jkybrain-{width}x{height}.jpg
70c982c2dffc4cd08c90431abcc8be97,live,逃離回憶錄系列2 上次被抓了 這次好像要逃獄拉!!  YT/圖奇雙開中,2025-12-10T13:00:31Z,https://www.twitch.tv/kusanagihanamaru,https://static-cdn.jtvnw.net/previews-ttv/live_user_kusanagihanamaru-{width}x{height}.jpg
89f4c9a5a9374700ae9f3725cd8a3f0f,live,【雜談】那些年雪豹追的偶像劇,2025-12-10T13:00:37Z,https://www.twitch.tv/slb034,https://static-cdn.jtvnw.net/previews-ttv/live_user_slb034-{width}x{height}.jpg
c06b6f1eb79d41ecb17aaaf80e035daa,live,【可頌+牛奶咖啡】巧克力:我現在可是有貂蟬的人！ + (˶´⚰︎`˵)〃｜工商獺｜+ 20251210+ #蒐集浪浪飼料券 #開二三四 #隨時不舒服休息,2025-12-10T13:00:41Z,https://www.twitch.tv/roci_1117,https://static-cdn.jtvnw.net/previews-ttv/live_user_roci_1117-{width}x{height}.jpg
0b165d46f9164557b16678383820ee04,live,1210 歌回 奶茶豪喝 /ᐠ｡‸｡ᐟ\  𖧷 @nekomiya_nevaeh 𖧷 寶: @yidhra0727  @daidai1208    @brilio  @moonou1234 @kokutou8920  @lami_mi99,2025-12-10T13:00:42Z,https://www.twitch.tv/nekomiya_nevaeh,https://static-cdn.jtvnw.net/previews-ttv/live_user_nekomiya_nevaeh-{width}x{height}.jpg
92e03a33b1e640f6aa94211011de5d24,live,【大和】最令人討厭的Vtuber行徑二選一！！,2025-12-10T13:01:10Z,https://www.twitch.tv/yama_atodesu,https://static-cdn.jtvnw.net/previews-ttv/live_user_yama_atodesu-{width}x{height}.jpg
b6f8117355b24e9c8a8a4c813a72aec9,live,【VALORANT】12/10 氣氣買不了寶可夢DLC所以我要打瓦瓦！ |  聖誕轉盤活動開啟 !轉盤 |  ｜!愛璃音、!今日運勢、!!賭 all !拉 all｜,2025-12-10T13:01:31Z,https://www.twitch.tv/himekawa_rino,https://static-cdn.jtvnw.net/previews-ttv/live_user_himekawa_rino-{width}x{height}.jpg
b1ba066a7bc44c93a4ca264f2144f5bd,live,12/10 ◖遊雜｜都市傳說解體中心 #2◗ 看到的居然不是阿飄！主任好神祕好反派喔 @AkiMiiieyy ｜!DC !棉花糖 !募資,2025-12-10T13:02:05Z,https://www.twitch.tv/akimiiieyy,https://static-cdn.jtvnw.net/previews-ttv/live_user_akimiiieyy-{width}x{height}.jpg
8bd1aad0ee834101b6042c08495a31be,live,【FF14】真的大結局(可能直播二十分鐘而已)【刻爾莉雅/KerLiya】,2025-12-10T13:02:25Z,https://www.twitch.tv/liya608,https://static-cdn.jtvnw.net/previews-ttv/live_user_liya608-{width}x{height}.jpg
920d34819cf944e99cf469f7552d535f,live,為什麼掉進生產職的大坑？,2025-12-10T13:02:41Z,https://www.twitch.tv/drlifesucks,https://static-cdn.jtvnw.net/previews-ttv/live_user_drlifesucks-{width}x{height}.jpg
eac3578c689d48b493103c11e2b16c5e,live,🌸向著千追前進ㄉ小狗!! | 陪小狗聊天!!!今天升級惹點酷酷嘟東西! | 掛台半小時互動感謝 💖 | !指令 !DC !7tv,2025-12-10T13:03:24Z,https://www.twitch.tv/kururugi_reitsuki,https://static-cdn.jtvnw.net/previews-ttv/live_user_kururugi_reitsuki-{width}x{height}.jpg
c21d4186912d4652a7fb5a1b3ef382b6,live,卡妮娜{\_/} ｜𝟏𝟐.𝟏𝟎｜FFXIV繁中版🧙正式開服啦｜光之戰士們該出發啦！歡迎來一起聊天，新手也大歡迎！ @kanina521 !週邊 !dc !cover !魔儲,2025-12-10T13:04:28Z,https://www.twitch.tv/kanina521,https://static-cdn.jtvnw.net/previews-ttv/live_user_kanina521-{width}x{height}.jpg
7360e8cae69b4d4fbe91510c776b1c5e,live,【獄門】阿豆仔初發 魔儲推薦碼：CocytMEPay 12/10,2025-12-10T13:04:53Z,https://www.twitch.tv/nordifen_cocyt,https://static-cdn.jtvnw.net/previews-ttv/live_user_nordifen_cocyt-{width}x{height}.jpg
7e8fe40622974698a75d14d78006e009,live,12/10 |  繼續推主線~小豆芽禮拜六要結婚啦  | 目前嘗試兼顧YT和圖奇~開臺頻率會頻繁調整❤可以看週表唷 | !綠界 @ninawinnnina,2025-12-10T13:06:07Z,https://www.twitch.tv/ninawinnnina,https://static-cdn.jtvnw.net/previews-ttv/live_user_ninawinnnina-{width}x{height}.jpg
60cc7f18c0fe438280af5a81b31eb923,live,【萬萬】12/10 有蚊子｜伺服器：鳳凰｜自主訂閱達標謝謝各位 ฅ●ω●ฅ｜2.0 V皮募資中｜ @twotwo777 ♡ ｜,2025-12-10T13:06:39Z,https://www.twitch.tv/twotwo777,https://static-cdn.jtvnw.net/previews-ttv/live_user_twotwo777-{width}x{height}.jpg
049cb6d09a3b4db49962aa5b8e468a3f,live,【人中之龍7】玩一下主線！ | @Himari_Glacage,2025-12-10T13:08:16Z,https://www.twitch.tv/himari_glacage,https://static-cdn.jtvnw.net/previews-ttv/live_user_himari_glacage-{width}x{height}.jpg
480aca28939a4eb5bf558a710e21709c,live,【異星工廠】玩點費腦子的遊戲 ft.DY、巴醬,2025-12-10T13:10:09Z,https://www.twitch.tv/siyuandao,https://static-cdn.jtvnw.net/previews-ttv/live_user_siyuandao-{width}x{height}.jpg
43e557d175ce462b97c4c406954d8c04,live,🎄【🧑🏻‍🍳Plate Up!】工作坊挑戰！ \ 初見歡迎！/【⭐一隻阿橋 | 粵語 | HKVtuber🐿️】【10.12.2025】🎄,2025-12-10T13:12:37Z,https://www.twitch.tv/ahashikkiu_,https://static-cdn.jtvnw.net/previews-ttv/live_user_ahashikkiu_-{width}x{height}.jpg
cd38e82545b04cb8a3e047fe41f2ba40,live,✧Nyx 【12/10】邊看劇邊D台邊試圖畫畫,2025-12-10T13:12:40Z,https://www.twitch.tv/nyx_boshi,https://static-cdn.jtvnw.net/previews-ttv/live_user_nyx_boshi-{width}x{height}.jpg
ef36201df30f43ba9efbd573f9a6d9b7,live,【言午】12/10 欸黑 遲到了,2025-12-10T13:17:17Z,https://www.twitch.tv/yenwu8631,https://static-cdn.jtvnw.net/previews-ttv/live_user_yenwu8631-{width}x{height}.jpg
5f8e197a06bc453e8d9e0a1c6cb92f1c,live,【咕咕嚕諾姆】| 我是凹梯咩龍了 🥐20251210 🥐 @gurugnome,2025-12-10T13:17:24Z,https://www.twitch.tv/gurugnome,https://static-cdn.jtvnw.net/previews-ttv/live_user_gurugnome-{width}x{height}.jpg
405cf0a502a6496bacfe7e49647e7e28,live,[Altic_Sou]雜談Just Chatting - EP181 亂亂玩開始  [TW/EN]!斗內,2025-12-10T13:18:01Z,https://www.twitch.tv/altic_sou,https://static-cdn.jtvnw.net/previews-ttv/live_user_altic_sou-{width}x{height}.jpg
25619abc5e0d4f79839e48d83234eaf8,live,【FF14】❄ @hope_demeter,2025-12-10T13:19:25Z,https://www.twitch.tv/hope_demeter,https://static-cdn.jtvnw.net/previews-ttv/live_user_hope_demeter-{width}x{height}.jpg
3e7f5f5e829e4d4baca2a8a5916d60e4,live,✿．12/10｜我也要光之戰士惹咪... !簽到 !愛兔嘰 !每月回饋,2025-12-10T13:22:01Z,https://www.twitch.tv/raiki_raibao,https://static-cdn.jtvnw.net/previews-ttv/live_user_raiki_raibao-{width}x{height}.jpg
91919c2ad07a4db88e0b4cfbc1739940,live,歡迎降落 衝看看合作夥伴 ✿ 公開新髮色 ✿ 請追隨我 ✿ 降落大歡迎 !,2025-12-10T13:23:37Z,https://www.twitch.tv/akahimemomiji12,https://static-cdn.jtvnw.net/previews-ttv/live_user_akahimemomiji12-{width}x{height}.jpg
9b33b75521bd43bca3346790ac65559c,live,⋆ 𝓓𝓮𝓪𝓻 ⋆12/10 💟森米荻弟 誰才是偽人?  FT.森雨悠娜、米茲姆、弟宗 | 布丁販售 | 歡迎打招呼 |,2025-12-10T13:29:24Z,https://www.twitch.tv/mtow9140,https://static-cdn.jtvnw.net/previews-ttv/live_user_mtow9140-{width}x{height}.jpg
f928e57423634094b3d7d8461321c028,live,【雜談影音工作台】放學聊聊天 🌸久違的影音工作台🌟~【若櫻依兔/WakasaIto】🌸💕!DC !YT,2025-12-10T13:30:09Z,https://www.twitch.tv/wakasaito,https://static-cdn.jtvnw.net/previews-ttv/live_user_wakasaito-{width}x{height}.jpg
8125f51f9526408790a77c1c7b4a053b,live,❣️兩周年啦❣️不裝了，其實我是男的 / 兌換忠誠點數 來親到😘 / !DC 來玩呀~ /,2025-12-10T13:30:49Z,https://www.twitch.tv/sesney720,https://static-cdn.jtvnw.net/previews-ttv/live_user_sesney720-{width}x{height}.jpg
02d67d58d59644be9cdf0b1179419637,live,1210 森米荻弟，我們之間一定有一個臥底，票她 @mtow9140 、 @mitsumu888 、@弟宗,2025-12-10T13:31:03Z,https://www.twitch.tv/moriameyuna,https://static-cdn.jtvnw.net/previews-ttv/live_user_moriameyuna-{width}x{height}.jpg
a03628db891e4e8c9a54bc5161f1f2f4,live,⊹ 浣自習 ⊹ EP.1 社交能量用完怎麼辦？：故意已讀不回？沒有想要跟你交朋友的意思?  @rakenluck111,2025-12-10T13:31:25Z,https://www.twitch.tv/rakenluck111,https://static-cdn.jtvnw.net/previews-ttv/live_user_rakenluck111-{width}x{height}.jpg
f072e780d0c84ca08c27020e1f2de365,live,安安這遊戲在幹嘛 森米荻弟小隊 出動!!,2025-12-10T13:31:30Z,https://www.twitch.tv/mitsumu888,https://static-cdn.jtvnw.net/previews-ttv/live_user_mitsumu888-{width}x{height}.jpg
dda9d5733f5f49f4aa77f147640040c3,live,12/10 占星讀書會,2025-12-10T13:32:04Z,https://www.twitch.tv/xingyi0741,https://static-cdn.jtvnw.net/previews-ttv/live_user_xingyi0741-{width}x{height}.jpg
10c8c9b647e7464f9d95c7c1a865da01,live,20251210｜體驗新的國產乙女遊戲！時空心語｜ !揪團活動 !簽到 !委託｜ 魔儲@suitoumi_0217,2025-12-10T13:32:06Z,https://www.twitch.tv/suitoumi_0217,https://static-cdn.jtvnw.net/previews-ttv/live_user_suitoumi_0217-{width}x{height}.jpg
3e41189706dd483db4e407c295b058ce,live,【Ayane🌙】FF14 2.X #13 20251210 在利維坦的實況主是否比日本製的壓縮機還要稀少🌱【中文/日本語】,2025-12-10T13:32:12Z,https://www.twitch.tv/ayatsukiayane,https://static-cdn.jtvnw.net/previews-ttv/live_user_ayatsukiayane-{width}x{height}.jpg
8c0ff863d66348898311ee83d16257b5,live,【燕雲十六聲】邊玩遊戲邊聊天 開進度練輕功 【七海Nanami】,2025-12-10T13:32:24Z,https://www.twitch.tv/nanami77733,https://static-cdn.jtvnw.net/previews-ttv/live_user_nanami77733-{width}x{height}.jpg
99f6f80397b34d0b9a0cfd40f3801a35,live,【💜溫泉之夜】運動了一整天...要一起來泡泡溫泉嗎? 第一次扛著332kg去旅行啦💜 自主訂閱衝刺中💜｜心 𝗰𝗼𝗰𝗼𝗿𝟬｜@cocor0_0303 | !深度會員 !胖可盟 !新片 !cover !YT !魔儲,2025-12-10T13:34:48Z,https://www.twitch.tv/cocor0_0303,https://static-cdn.jtvnw.net/previews-ttv/live_user_cocor0_0303-{width}x{height}.jpg
6d2945d11f504edb9962f742b54f6553,live,【雜談配信】好久沒來的雜談配信！ @regi_unifurst,2025-12-10T13:38:04Z,https://www.twitch.tv/regi_unifurst,https://static-cdn.jtvnw.net/previews-ttv/live_user_regi_unifurst-{width}x{height}.jpg
89036aadc62d496aa73c0a0076d67f41,live,【A】團練~ !DC,2025-12-10T13:39:23Z,https://www.twitch.tv/ooouuo,https://static-cdn.jtvnw.net/previews-ttv/live_user_ooouuo-{width}x{height}.jpg
699b0baa82d0413aa073155683edcd56,live,【一周年加班台Day126】【FF14】1210 終於可以玩了!! 先來創角(?) FF新手水豚 | 目標紫勾勾 感謝掛台 | 指令： !魔儲 !加班 | @yukibu_yuma,2025-12-10T13:39:29Z,https://www.twitch.tv/yukibu_yuma,https://static-cdn.jtvnw.net/previews-ttv/live_user_yukibu_yuma-{width}x{height}.jpg
d8fa0fb407c043cb9b65ab66c2221e8d,live,【希耶】12/10 [RUST] 薑餅人遊歷季2｜!魔儲  @ca0510,2025-12-10T13:39:41Z,https://www.twitch.tv/ca0510,https://static-cdn.jtvnw.net/previews-ttv/live_user_ca0510-{width}x{height}.jpg
fb72bfcead034da2abef22637e7b2b3c,live,突發｜和朋朋一起開車車 @bcatshanachie,2025-12-10T13:42:32Z,https://www.twitch.tv/bcatshanachie,https://static-cdn.jtvnw.net/previews-ttv/live_user_bcatshanachie-{width}x{height}.jpg
f72fb9eab9a84db5ba139131d59bdd02,live,白大俠闖十六粥(要飯),2025-12-10T13:43:09Z,https://www.twitch.tv/visc112233,https://static-cdn.jtvnw.net/previews-ttv/live_user_visc112233-{width}x{height}.jpg
715cc1261d7e42c18135d47bd1cf2500,live,小明切到自己四根手指，醫生：「你感覺怎麼樣？」小明：👍,2025-12-10T13:43:20Z,https://www.twitch.tv/kaoru3214,https://static-cdn.jtvnw.net/previews-ttv/live_user_kaoru3214-{width}x{height}.jpg
0f47fc0a871843cb8bff547164959e59,live,【夏蘿 Chero👑】1210 l 有賭注D觀眾場 !拉霸,2025-12-10T13:49:55Z,https://www.twitch.tv/chero_limnos,https://static-cdn.jtvnw.net/previews-ttv/live_user_chero_limnos-{width}x{height}.jpg
1058d6e9f351455389e8a7a716ea26ff,live,【 JP￤TW 】【 寶可夢傳說 Z-A￤Pokémon LEGENDS Z-A 】DLC超次元爆湧正式進場；,2025-12-10T13:50:48Z,https://www.twitch.tv/toujipaisen,https://static-cdn.jtvnw.net/previews-ttv/live_user_toujipaisen-{width}x{height}.jpg
e66d389ebb604096bfa99178e1a13c27,live,【FF XIV】WTF排隊人數出現了從來沒看過的數字?!!｜阿爾西婭．幽梨雅🌺,2025-12-10T13:51:51Z,https://www.twitch.tv/altheayolia,https://static-cdn.jtvnw.net/previews-ttv/live_user_altheayolia-{width}x{height}.jpg
98c577d538f84d75a3c34e0f9d13c8a3,live,繼續在老地方收集東西 歡迎掛忠誠點兌換遊戲跟禮品卡,2025-12-10T13:52:06Z,https://www.twitch.tv/firemaple0918,https://static-cdn.jtvnw.net/previews-ttv/live_user_firemaple0918-{width}x{height}.jpg
d3e4f9bdbb6c42fc97b60148cefdb6e0,live,- ̗̀買尬 眼睛打不開┊𝟏𝟐𝟏𝟎┊ !dc  !twitter !cover┊@mo__mochi ┊自主訂閱.ᐟ.ᐟ /ᐠ .ᆺ. ᐟ\ﾉ,2025-12-10T13:52:21Z,https://www.twitch.tv/mo__mochi,https://static-cdn.jtvnw.net/previews-ttv/live_user_mo__mochi-{width}x{height}.jpg
182da09d8d454f37a52ec546cbb35e39,live,把別人吃掉就能進化耶:D,2025-12-10T13:52:59Z,https://www.twitch.tv/omaimaimai,https://static-cdn.jtvnw.net/previews-ttv/live_user_omaimaimai-{width}x{height}.jpg
67674d86fce54eceb37e0dc4ea802132,live,【大師決鬥】星辰：融合是最高貴的召喚方式,2025-12-10T13:56:48Z,https://www.twitch.tv/majialeite,https://static-cdn.jtvnw.net/previews-ttv/live_user_majialeite-{width}x{height}.jpg
44f1d1ad14034bd3949ad6f84624f0e4,live,ʚ嘻希呦ɞ ɶ 葛⁓瓦嗎?🤡↬  @panaijian @koiyuki0501 @hani871104 @haiyuki_0821 ↬圖奇更新: 記得打字字換點點🥹 ↬ 少女化募資中 ↬掛台5% ↬ !補氧 !周邊 !貼圖 ↬ @shiki_nzm,2025-12-10T13:57:38Z,https://www.twitch.tv/shiki_nzm,https://static-cdn.jtvnw.net/previews-ttv/live_user_shiki_nzm-{width}x{height}.jpg
fa83a68ebfff419983124d69373ede6f,live,【𝟭𝟮/𝟭𝟬🍁熊野紅葉】小豆芽熊熊🌱  請大家不要劇透！可以溫柔教學！📍利維坦│ @momiji_thebear !周邊!dc,2025-12-10T13:57:41Z,https://www.twitch.tv/momiji_thebear,https://static-cdn.jtvnw.net/previews-ttv/live_user_momiji_thebear-{width}x{height}.jpg
870430bfaf9942f487819fcb4630fabb,live,12/10|JP/TW| LOL  |  @nekohashimitsuki |,2025-12-10T13:59:41Z,https://www.twitch.tv/nekohashimitsuki,https://static-cdn.jtvnw.net/previews-ttv/live_user_nekohashimitsuki-{width}x{height}.jpg
27c0252056e84aa28da6dcebb8e86e85,live,【🌙染月  煙🥮】隱藏空間？！這兩隻合體帥到犯規了吧！快來陪女神一起收服牠們！❤️|  #初見歡迎,2025-12-10T13:59:52Z,https://www.twitch.tv/kemuriyan,https://static-cdn.jtvnw.net/previews-ttv/live_user_kemuriyan-{width}x{height}.jpg
ec30041838214022aeb622c0851e46db,live,[EN/CH/JP] 1210♡休假前最後一唱！！！.｡*ﾟ〖欸爾〗,2025-12-10T14:00:03Z,https://www.twitch.tv/a2isonline,https://static-cdn.jtvnw.net/previews-ttv/live_user_a2isonline-{width}x{height}.jpg
0a000a22ebd84abf860bcd5ef0a5ed60,live,一群退伍很久不知道怎麼拿槍的人要怎麼玩這遊戲！ :|| 貓排ちゃんฅΦωΦฅ Nekokatsu ch.,2025-12-10T14:00:44Z,https://www.twitch.tv/nekokatsu_0104,https://static-cdn.jtvnw.net/previews-ttv/live_user_nekokatsu_0104-{width}x{height}.jpg
e94cfb3c71d94965bfc98f135bfd2f14,live,2025/12/10 好難受的12月_(´ཀ`」 ∠)_ | 小瓦再洲 | @Kumabear_ouo | 記得先兌換忠臣點數再掛台唷,2025-12-10T14:00:54Z,https://www.twitch.tv/kumabear_ouo,https://static-cdn.jtvnw.net/previews-ttv/live_user_kumabear_ouo-{width}x{height}.jpg
41e1aa0eab8d4ec5a4010833581f5b92,live,今天不練功，先來還債 | 不開麥,2025-12-10T14:01:25Z,https://www.twitch.tv/7_zhen,https://static-cdn.jtvnw.net/previews-ttv/live_user_7_zhen-{width}x{height}.jpg
7f4f30df30ec405bb0968c585b243fa5,live,12/10 請注意！本直播有血壓升高、無能狂怒之風險，請照看好自身健康。│!yt !dc !網路│花奈悠漓Yuuuri│,2025-12-10T14:01:33Z,https://www.twitch.tv/hanayuuuri,https://static-cdn.jtvnw.net/previews-ttv/live_user_hanayuuuri-{width}x{height}.jpg
b399afc661d04f47acc9d0681be343b4,live,【💙繪圖】週三來畫畫🎨來陪狼狼邊畫邊聊～🐺 | 12/10 | 小資狼 Shoshiro,2025-12-10T14:02:23Z,https://www.twitch.tv/officewolf87780,https://static-cdn.jtvnw.net/previews-ttv/live_user_officewolf87780-{width}x{height}.jpg
345b2eb5c8bf4d7d9fa72176f67de440,live,[RG] 預訂。大平賣。歡迎加入ಠ_ಠ快啲follow我啦✧ 初見掛台大歡迎 [Lurrea HKVtuber,2025-12-10T14:03:05Z,https://www.twitch.tv/lurrea_jl,https://static-cdn.jtvnw.net/previews-ttv/live_user_lurrea_jl-{width}x{height}.jpg
7ddebf4d8f6d4c63a4fc7268d8113c10,live,【日下氷】真的需要好好回San一下，今天打完4.0｜!開開活動 Day5【12/10】!DC !7TV !周邊 @kusaka_ice,2025-12-10T14:03:47Z,https://www.twitch.tv/kusaka_ice,https://static-cdn.jtvnw.net/previews-ttv/live_user_kusaka_ice-{width}x{height}.jpg
6861903583ee45d191ddc03faf6cd0d8,live,【FF14】一日主線一日職業支線【兔乃艾露 @usanoeru 】,2025-12-10T14:04:28Z,https://www.twitch.tv/usanoeru,https://static-cdn.jtvnw.net/previews-ttv/live_user_usanoeru-{width}x{height}.jpg
2c92fe49ca9f4b8faf8f4521378857d2,live,請來看我的『Q3: Ryker's Quiz Show Season 3 Episode 146-1』遊戲的直播吧,2025-12-10T14:04:59Z,https://www.twitch.tv/furuichi1,https://static-cdn.jtvnw.net/previews-ttv/live_user_furuichi1-{width}x{height}.jpg
fe62d50e41af4aa29c3e2b0cfc62fb3d,live,12/10【FF14】這一世，我重生成了一隻?,2025-12-10T14:05:11Z,https://www.twitch.tv/hinata_kuma0418,https://static-cdn.jtvnw.net/previews-ttv/live_user_hinata_kuma0418-{width}x{height}.jpg
256252fdd3d1437995088c56e674fcf0,live,『12/10』今天打龍  ft. 蕾比. 戀旅行. 阿忒.   | !周邊 !吃 !喝 !吉他 !想吃,2025-12-10T14:05:18Z,https://www.twitch.tv/seto_m_setekh,https://static-cdn.jtvnw.net/previews-ttv/live_user_seto_m_setekh-{width}x{height}.jpg
c56801a52568414ca54724a3c24c3417,live,12/10 繼續搬家 😈,2025-12-10T14:05:55Z,https://www.twitch.tv/isabella_doyle,https://static-cdn.jtvnw.net/previews-ttv/live_user_isabella_doyle-{width}x{height}.jpg
68671ee09add4d87b8038acebc5b48a4,live,✧Ghost Trick✧ #7 靈能對決 | 12/10 !表單,2025-12-10T14:07:53Z,https://www.twitch.tv/norieee_v,https://static-cdn.jtvnw.net/previews-ttv/live_user_norieee_v-{width}x{height}.jpg
88526add0348499c95bd5838a5f35989,live,【蕪憂】1210 又嬌貴又麻煩的光之戰士初登場｜!免費3D皮!委託!簽到｜FF14,2025-12-10T14:08:51Z,https://www.twitch.tv/blackteaorme,https://static-cdn.jtvnw.net/previews-ttv/live_user_blackteaorme-{width}x{height}.jpg
edf9e466820347828b0d2d10e5e9bb72,live,【歌雜】 想跟大家聊聊天！[星月櫻奈],2025-12-10T14:09:47Z,https://www.twitch.tv/shinyueyingni,https://static-cdn.jtvnw.net/previews-ttv/live_user_shinyueyingni-{width}x{height}.jpg
09945e9139af4f3a96e6adfd73139d35,live,12/10『Minecraft』剩下四天了TT，但是還有四天可以玩！｜Emo小咩： @mayko0327 ｜初見歡迎(⁎⁍̴̛ᴗ⁍̴̛⁎),2025-12-10T14:10:21Z,https://www.twitch.tv/mayko0327,https://static-cdn.jtvnw.net/previews-ttv/live_user_mayko0327-{width}x{height}.jpg
6d144d78d2284fbcafa2428a5d132733,live,12/10【初見歡迎】｜哇！好久不見！｜800追隨進行中｜【木可姬Kogivt 台灣Vtuber】｜@kogivt,2025-12-10T14:11:22Z,https://www.twitch.tv/kogivt,https://static-cdn.jtvnw.net/previews-ttv/live_user_kogivt-{width}x{height}.jpg
2ee2acc29fac42c5b130558543cbdf00,live,【歌枠Karaoke Stream】晚间歌回！今天想稍微唱歌和練新歌！以及正在努力衝刺YT的6000訂閱中啦！（*╹▽╹*）圖奇更全新貼圖！來衝刺1000追隨啦「橘 爱日梨Tachibana Aihiri」 #vtuber #初見歓迎 ★CH / ENG / JP / HK,2025-12-10T14:11:57Z,https://www.twitch.tv/tachibanaaihiri,https://static-cdn.jtvnw.net/previews-ttv/live_user_tachibanaaihiri-{width}x{height}.jpg
a429c3010da544bab919814a3ea472a4,live,【10/12】來分手廚房 | @kijyou_yukino | FT.   | 想要酷酷的紫勾勾  【CN/JP】,2025-12-10T14:12:18Z,https://www.twitch.tv/kijyou_yukino,https://static-cdn.jtvnw.net/previews-ttv/live_user_kijyou_yukino-{width}x{height}.jpg
bff3b878d9864ff893bd79d1f2a7a849,live,【遊戲直播】 寶可夢傳說：Z-A  超次元爆湧 | EP23 - 皮超來了【希里| vtuber】,2025-12-10T14:12:22Z,https://www.twitch.tv/xiri0117,https://static-cdn.jtvnw.net/previews-ttv/live_user_xiri0117-{width}x{height}.jpg
2ccdc43de33c478192767afae6309f06,live,☾1210 深夜雜談｜不知道為什麼就開了｜  @noa_nosleep ☾初見歡迎 ☾掛台揪團感謝 !指令 !好無聊 !dc !簽到 !yt !魔儲 !點歌,2025-12-10T14:16:17Z,https://www.twitch.tv/noa_nosleep,https://static-cdn.jtvnw.net/previews-ttv/live_user_noa_nosleep-{width}x{height}.jpg
8881d23b0a3c426590c8a2509e363ec1,live,【FFXIV 繁中】聽說今天開服了！推薦碼：AJS7861【 @buliji_ |連動預定在DC可看】,2025-12-10T14:17:11Z,https://www.twitch.tv/buliji_,https://static-cdn.jtvnw.net/previews-ttv/live_user_buliji_-{width}x{height}.jpg
fe1731a49d43440391f571347747604c,live,今天小玩一下！明天考試啦～我可是會乖乖讀書的小狐狸...吧,2025-12-10T14:18:22Z,https://www.twitch.tv/xinyuyeyin0915,https://static-cdn.jtvnw.net/previews-ttv/live_user_xinyuyeyin0915-{width}x{height}.jpg
3475b2087d9a4d799c10bd3ac5f45437,live,"✧云星白羽－12/10｜被拖來打瓦了，我們的通行證還有救嗎？｜""砸砸""暫時關閉｜ @unhoshishiro",2025-12-10T14:18:33Z,https://www.twitch.tv/unhoshishiro,https://static-cdn.jtvnw.net/previews-ttv/live_user_unhoshishiro-{width}x{height}.jpg
62b7ee328a7b42b0a1da0ab3bc22d1db,live,【亞羅Aro】Minecraft-去阿咩家玩為期五天的測試伺服器【台灣/男性/個人勢/Vtuber】,2025-12-10T14:19:08Z,https://www.twitch.tv/arofischer,https://static-cdn.jtvnw.net/previews-ttv/live_user_arofischer-{width}x{height}.jpg
9643c650b1804107b85de1f08010aa9d,live,"【FF14 -伊弗利特】一鍵切換單體群體-巨集功能詳細說明一下XD"" (我也只會這個)     中文/日本語OK  #初見歡迎 #遊戲人 #nashikoi",2025-12-10T14:20:23Z,https://www.twitch.tv/otonashikoi,https://static-cdn.jtvnw.net/previews-ttv/live_user_otonashikoi-{width}x{height}.jpg
87e486b2a37549cbaccc95bbf7d3f253,live,【探靈直播】Day1 同囡囡靈探!【HKVtuber｜佩佩希普諾】,2025-12-10T14:20:55Z,https://www.twitch.tv/pennyhypno,https://static-cdn.jtvnw.net/previews-ttv/live_user_pennyhypno-{width}x{height}.jpg
0641a9c8b9a94994aaa33e0c86fef75b,live,時隔不知道多久 庫洛姆找回圖奇開台ㄌ! 玩恐怖遊戲!,2025-12-10T14:22:11Z,https://www.twitch.tv/kuromu_oxo,https://static-cdn.jtvnw.net/previews-ttv/live_user_kuromu_oxo-{width}x{height}.jpg
e80414fcc37b4d818ccf9dddb23cb452,live,【紫勾勾衝刺中☑️】想不到今天要幹嘛，來爬山吧！｜望結miyu,2025-12-10T14:28:02Z,https://www.twitch.tv/miyusama0214,https://static-cdn.jtvnw.net/previews-ttv/live_user_miyusama0214-{width}x{height}.jpg
1af37b5945cf40019107583a3c6537ea,live,12/10【 帕芙亞 @pafuya 】天氣變化大 多注意保暖 | 目標無聲紫勾 | 全職無性別無聲,2025-12-10T14:29:41Z,https://www.twitch.tv/pafuya,https://static-cdn.jtvnw.net/previews-ttv/live_user_pafuya-{width}x{height}.jpg
869d9d9067b64dd78418cc258cb6607b,live,【Undertale】#05 我要跟UNDYNE當好朋友!!【黛儚‧卡索】| !dc !X !yt,2025-12-10T14:30:23Z,https://www.twitch.tv/daemoncasoul,https://static-cdn.jtvnw.net/previews-ttv/live_user_daemoncasoul-{width}x{height}.jpg
f771e51357eb44d2820afd47aba3b546,live,【週三遊戲台】空洞騎士 絲之歌｜今天會打到王嗎？光探圖就探到不知道自己在哪了，好險有地圖可以看。,2025-12-10T14:30:53Z,https://www.twitch.tv/oppositaman,https://static-cdn.jtvnw.net/previews-ttv/live_user_oppositaman-{width}x{height}.jpg
80692e12416048be8396526bdb9c3040,live,⋈*｡西瑰ねみ｡·* 1210 | 新遊戲 | !打卡!好想!追隨!拉!YT!DC!檢舉幫 |,2025-12-10T14:31:45Z,https://www.twitch.tv/4ccmua,https://static-cdn.jtvnw.net/previews-ttv/live_user_4ccmua-{width}x{height}.jpg
1254f176d93548aca5ac7f4b53313f71,live,聖誕活動 啟動（等AveMujica的第813天 已屯280抽 (70050石)📢BanG Dreamガルパweek314 ²ᵁᴾlevel2329-25121021:35【台V髏骸之王雙命】,2025-12-10T14:32:37Z,https://www.twitch.tv/ny8821205,https://static-cdn.jtvnw.net/previews-ttv/live_user_ny8821205-{width}x{height}.jpg
f40e7d4c2b8b4ea89a6cd017303ca5c0,live,【突發】12/10 再來當一下小小的肝之跑腿仔！應該不會又超時吧！應該、不會吧？！,2025-12-10T14:33:15Z,https://www.twitch.tv/xinxinzi_vtuber,https://static-cdn.jtvnw.net/previews-ttv/live_user_xinxinzi_vtuber-{width}x{height}.jpg
a05be3d154824597b21375f53b244585,live,跟一群人打瓦羅蘭,2025-12-10T14:36:24Z,https://www.twitch.tv/meoao0a0,https://static-cdn.jtvnw.net/previews-ttv/live_user_meoao0a0-{width}x{height}.jpg
c3945429509246f79c5f0a18594f696d,live,柔 ಣ - 12/10 ✦ 小開 uuh . | 自主訂閱++ ฅ(´꒳ `ฅ) | @rourou156 | !極玩 !ig !算命 !新精華 !水餃,2025-12-10T14:42:05Z,https://www.twitch.tv/rourou156,https://static-cdn.jtvnw.net/previews-ttv/live_user_rourou156-{width}x{height}.jpg
d45c287a84b6485e8ff3400cf50f5db7,live,✧ 我要變成光了，曙光｜1210｜ @can1021 【罐罐】!7tv !魔儲 !委託 !布丁 !聖誕節 !麥格華茲,2025-12-10T14:44:31Z,https://www.twitch.tv/can1021,https://static-cdn.jtvnw.net/previews-ttv/live_user_can1021-{width}x{height}.jpg
8c2f8700978045ec86bf1ade1b3e650b,live,終於快要結束了! 12/10  !DC 聊天不用錢 @maonai_ma,2025-12-10T14:44:59Z,https://www.twitch.tv/maonai_ma,https://static-cdn.jtvnw.net/previews-ttv/live_user_maonai_ma-{width}x{height}.jpg
3005ff0c09064d7f924c506e1e9c18ba,live,【猫夜凜】FF14 3.0音樂真的好好聽 | @nekoyarin | !聯名 !魔儲 | 12/10,2025-12-10T14:48:21Z,https://www.twitch.tv/nekoyarin,https://static-cdn.jtvnw.net/previews-ttv/live_user_nekoyarin-{width}x{height}.jpg
32aabdc7b41144a8b1bd28954cd3278c,live,昨天貓咪很乖,2025-12-10T14:49:28Z,https://www.twitch.tv/7u7_154,https://static-cdn.jtvnw.net/previews-ttv/live_user_7u7_154-{width}x{height}.jpg
22b0dfc3703e477d9ce6880cdbfafd91,live,⚝桃E⚝ 沒有打算要幹嘛 #初見歡迎 #LOL新手【龍次元工作室】,2025-12-10T14:50:31Z,https://www.twitch.tv/aunttao,https://static-cdn.jtvnw.net/previews-ttv/live_user_aunttao-{width}x{height}.jpg
d889f67fe7b84a38a9742ab2a47f346a,live,《Backseat Driver》｜12/10⛩ 我肯定是最安全駕駛 @lupulu0524 ｜【!新片 !抽獎】【 @enchan_twt 】,2025-12-10T14:52:28Z,https://www.twitch.tv/enchan_twt,https://static-cdn.jtvnw.net/previews-ttv/live_user_enchan_twt-{width}x{height}.jpg
949f184abcc84a82b8e9f333b41a2109,live,12/10 做個稱職的副駕 @enchan_twt !一番賞 !賣貨便 !衣服 !kusdom  ✧*｡٩(ˊᗜˋ*)و✧*｡,2025-12-10T14:52:34Z,https://www.twitch.tv/lupulu0524,https://static-cdn.jtvnw.net/previews-ttv/live_user_lupulu0524-{width}x{height}.jpg
14a9a08fbdc641e8ac8c384dedfccf0a,live,【朔Sakuro】叔叔揪了10人瓦團,2025-12-10T14:53:23Z,https://www.twitch.tv/sakuro_moonlit,https://static-cdn.jtvnw.net/previews-ttv/live_user_sakuro_moonlit-{width}x{height}.jpg