V5##VTuber ID,YouTube Subscriber Count,YouTube View Count,YouTube Recent Total Median View Count,YouTube Recent Total Popularity,YouTube Recent Total Highest View Count,YouTube Recent Total Highest Viewed URL,YouTube Recent Livestream Median View Count,YouTube Recent Livestream Popularity,YouTube Recent Livestream Highest View Count,YouTube Recent Livestream Highest Viewed URL,YouTube Recent Video Median View Count,YouTube Recent Video Popularity,YouTube Recent Video Highest View Count,YouTube Recent Video Highest Viewed URL,Twitch Follower Count,Twitch Recent Median View Count,Twitch Recent Popularity,Twitch Recent Highest View Count,Twitch Recent Highest Viewed URL
1c5619a4ece046dd8ba68ed343489ca3,486000,91865180,11128,3722,32445,https://www.youtube.com/watch?v=6uRnNS7WyKM,0,0,0,,11128,3722,32445,https://www.youtube.com/watch?v=6uRnNS7WyKM,31225,0,0,0,
f6a4e7aa8d0c4e5cb39d199845ec4d02,440000,45663761,11734,4018,45375,https://www.youtube.com/watch?v=-TXq69XHVmc,9202,5488,22411,https://www.youtube.com/watch?v=DyCwUBrV36w,15958,3616,45375,https://www.youtube.com/watch?v=-TXq69XHVmc,84334,18538,8989,37984,https://www.twitch.tv/videos/2046975360
664e1b310cf343b78623f99b31e40fae,396000,57514528,4180,2910,102034,https://www.youtube.com/watch?v=p9yRQ45Pe1s,3215,2532,6654,https://www.youtube.com/watch?v=EQ6jEnCGUDk,15603,11536,102034,https://www.youtube.com/watch?v=p9yRQ45Pe1s,17042,0,0,0,
5535c9524eb046c38e172ebfa06b302f,326000,77442073,18396,9099,109560,https://www.youtube.com/watch?v=Bo0rBpO0Zl4,15828,6089,109560,https://www.youtube.com/watch?v=Bo0rBpO0Zl4,18859,13063,50395,https://www.youtube.com/watch?v=HRnDJVwiYJI,63544,4439,2087,23888,https://www.twitch.tv/videos/2054269012
4b6b055ada4d4f0ab63b7ad02a3fa3ef,224000,15988006,4511,1859,10130,https://www.youtube.com/watch?v=qa3pH_qVDXM,3787,1899,7960,https://www.youtube.com/watch?v=e_DRWHhctwk,4794,1037,10130,https://www.youtube.com/watch?v=qa3pH_qVDXM,53851,1920,1098,2475,https://www.twitch.tv/videos/2048921049
a9f6574e98f34b20a05269134930fb50,218000,7711123,14345,5454,40821,https://www.youtube.com/watch?v=s4K-Rxdj5VM,13595,4453,27465,https://www.youtube.com/watch?v=A6kC6GxUVzM,40821,19041,40821,https://www.youtube.com/watch?v=s4K-Rxdj5VM,0,0,0,0,
7c06b9e316ce4ac18ce836cd72442bbe,194000,35033505,6939,2127,29358,https://www.youtube.com/watch?v=5M81vmtul1E,8013,4143,29358,https://www.youtube.com/watch?v=5M81vmtul1E,4991,1576,25306,https://www.youtube.com/watch?v=6MtLW2xYz48,46325,4132,2307,8180,https://www.twitch.tv/videos/2057698797
abd64c9a64e04fb1b23faa2480c1c106,175000,60204811,6758,4527,102010,https://www.youtube.com/watch?v=ZBVYNvWibdM,6206,2167,40230,https://www.youtube.com/watch?v=xbjaTetqqwY,12151,6039,102010,https://www.youtube.com/watch?v=ZBVYNvWibdM,1428,8,6,80,https://www.twitch.tv/videos/2067385961
312fdd3c5e6d4aefa73fd3860ecc5613,170000,17680073,21980,12249,33452,https://www.youtube.com/watch?v=toAZjnSIOeE,21472,12249,27056,https://www.youtube.com/watch?v=t35u9awZc6M,26256,11584,33452,https://www.youtube.com/watch?v=toAZjnSIOeE,6594,0,0,0,
21428cae24af4607bffe25cb2746daa6,153000,0,0,0,0,,0,0,0,,0,0,0,,0,0,0,0,
265a18972d244affae35711cfd1f9931,146000,12318301,4127,3059,82962,https://www.youtube.com/watch?v=l9tGKlKor6E,4473,3100,82962,https://www.youtube.com/watch?v=l9tGKlKor6E,3730,3019,12298,https://www.youtube.com/watch?v=rJk0d58bcOE,3804,1000,756,2471,https://www.twitch.tv/videos/2066258780
e93bd1102e214cbaa71cc5b2e4a53595,136000,15746193,16527,6200,74406,https://www.youtube.com/watch?v=Pa2dYyJdcv0,16568,7722,57542,https://www.youtube.com/watch?v=o_jB0BiFgio,2958,1174,74406,https://www.youtube.com/watch?v=Pa2dYyJdcv0,51594,19068,11965,40339,https://www.twitch.tv/videos/2071220901
c04f006e69e04000a68cd0c41f888eb2,124000,7291842,4487,2248,7574,https://www.youtube.com/watch?v=LladqotwJ6Q,4389,1869,7574,https://www.youtube.com/watch?v=LladqotwJ6Q,5723,4156,6486,https://www.youtube.com/watch?v=b0PxWCqe7KQ,0,0,0,0,
c82ab1b4f8f64d1f84cae4ce09aa0dea,122000,13477459,10854,4089,30937,https://www.youtube.com/watch?v=a07wa00SlnA,9488,5100,23547,https://www.youtube.com/watch?v=JYE63RgdH00,11041,2478,30937,https://www.youtube.com/watch?v=a07wa00SlnA,33417,16064,9448,27006,https://www.twitch.tv/videos/2056685212
bafb134fd2f849898d6242d1f5f683cc,121000,12635567,6651,4389,26082,https://www.youtube.com/watch?v=EawFVmD59_M,6368,3779,20825,https://www.youtube.com/watch?v=JLwKBl8Y4q0,17355,7782,26082,https://www.youtube.com/watch?v=EawFVmD59_M,22420,4669,1792,7363,https://www.twitch.tv/videos/2053770947
f110fd69b66941bab04de9ada563c6ac,118000,10076803,5766,2799,20863,https://www.youtube.com/watch?v=VGLBN3CQb9E,4616,2665,12026,https://www.youtube.com/watch?v=4Qoq7SjcakE,17585,7340,20863,https://www.youtube.com/watch?v=VGLBN3CQb9E,4919,0,0,0,
ab4f892ca62e4043b6287bdfe50b145d,111000,17230063,774,243,1501,https://www.youtube.com/watch?v=W4lvxxEeGhs,774,243,1501,https://www.youtube.com/watch?v=W4lvxxEeGhs,0,0,0,,1362,0,0,0,
494d2c5daf9f4a8a8e4538687e6be14c,108000,4367390,4471,1904,6645,https://www.youtube.com/watch?v=tY8csevRjKE,4470,2853,6307,https://www.youtube.com/watch?v=tL0aeSwxtLE,4973,1770,6645,https://www.youtube.com/watch?v=tY8csevRjKE,0,0,0,0,
a3ce195c0069494c99849d0b1a10a7fd,108000,9475474,3587,1737,45113,https://www.youtube.com/watch?v=7mef2bNryg4,1885,813,45113,https://www.youtube.com/watch?v=7mef2bNryg4,4937,2297,7912,https://www.youtube.com/watch?v=uIeDt5d7px4,7926,1900,725,4539,https://www.twitch.tv/videos/2066377474
b126053a1356460ebf85a874a6a55aca,102000,31428247,3739,1594,108105,https://www.youtube.com/watch?v=TbOaM-up55U,3999,1897,9396,https://www.youtube.com/watch?v=pj1Jjc44c44,2125,668,108105,https://www.youtube.com/watch?v=TbOaM-up55U,0,0,0,0,
58abad4aa8de49efb785367503dfd92c,95300,8904800,10057,4005,62622,https://www.youtube.com/watch?v=o-Wi5lCGnGU,31632,12880,62622,https://www.youtube.com/watch?v=o-Wi5lCGnGU,8462,3684,20497,https://www.youtube.com/watch?v=hqYGcTvvBvM,0,0,0,0,
04d2ff1dde6b4bb68503a734274f4b7e,94400,5256298,2268,1072,10391,https://www.youtube.com/watch?v=c9kXsoTJb0w,3693,1542,5862,https://www.youtube.com/watch?v=6KmcvGjjT9Y,1738,1072,10391,https://www.youtube.com/watch?v=c9kXsoTJb0w,0,0,0,0,
2741a90689f342548daad7f760b0a8f7,94300,12577510,71197,13223,291307,https://www.youtube.com/watch?v=q6D66Udi-bg,16545,5576,86303,https://www.youtube.com/watch?v=l0DI9k2YrZ4,100986,46489,291307,https://www.youtube.com/watch?v=q6D66Udi-bg,1560,0,0,0,
f1b5f88144e14bd188e17b2f98303713,93900,3566372,2642,1098,4592,https://www.youtube.com/watch?v=PN_Yq55onRQ,2833,1266,4592,https://www.youtube.com/watch?v=PN_Yq55onRQ,369,368,369,https://www.youtube.com/watch?v=JVKCGZ8fBlM,0,0,0,0,
e78cffa246c24a1c88031151cad8c385,92200,5424062,4317,1652,158176,https://www.youtube.com/watch?v=WJd5LPShS10,2749,1202,6055,https://www.youtube.com/watch?v=Et3Ze6p5dD4,7122,3409,158176,https://www.youtube.com/watch?v=WJd5LPShS10,1646,0,0,0,
b4a1791208fd4d85b7b08ee2bad0c236,92000,6186456,16028,8274,42713,https://www.youtube.com/watch?v=wWiB5UzMC9A,15874,8274,42713,https://www.youtube.com/watch?v=wWiB5UzMC9A,22264,8233,34487,https://www.youtube.com/watch?v=v3IjLfyflwA,0,0,0,0,
98e3a5838fec4a6caa936ae35485de23,89200,5221289,5278,2744,17481,https://www.youtube.com/watch?v=Wvxxdw6PQho,4763,2356,16748,https://www.youtube.com/watch?v=nVaJo8qR01E,17481,10873,17481,https://www.youtube.com/watch?v=Wvxxdw6PQho,0,0,0,0,
0641a9c8b9a94994aaa33e0c86fef75b,88000,9594603,16289,8353,210166,https://www.youtube.com/watch?v=k3Cm860w0d8,12072,5308,37803,https://www.youtube.com/watch?v=-VilREndM5w,59948,16354,210166,https://www.youtube.com/watch?v=k3Cm860w0d8,4013,0,0,0,
fa5a7cdc259543259af42bb23f1e4041,80800,8282078,15523,5610,110176,https://www.youtube.com/watch?v=GW43CMEZF1U,23143,10875,110176,https://www.youtube.com/watch?v=GW43CMEZF1U,10227,4366,27917,https://www.youtube.com/watch?v=b2b8jMFJLog,0,0,0,0,
01f26342ae4e419280bcfd6ec6e86db1,79100,5478439,0,0,0,,0,0,0,,0,0,0,,4659,0,0,0,
a9b855767b2d432c9f263e3427ff33a6,75100,6674070,6369,2662,17631,https://www.youtube.com/watch?v=f-QgBgLh_YI,6264,2408,12160,https://www.youtube.com/watch?v=e9uHG7rXKJA,8474,5624,17631,https://www.youtube.com/watch?v=f-QgBgLh_YI,0,0,0,0,
9cec24b011ee45648eb404066c997f49,73200,7323474,7202,4757,45905,https://www.youtube.com/watch?v=NVEKsroIODA,7197,4532,45905,https://www.youtube.com/watch?v=NVEKsroIODA,16376,7601,22819,https://www.youtube.com/watch?v=5g_Nb3ZltBw,19183,5642,761,15036,https://www.twitch.tv/videos/2057649617
ea4c1a67c2e445ad8028768616ceb659,73000,6687017,5963,2910,35932,https://www.youtube.com/watch?v=qn93Tx_t0Uc,5711,2758,16179,https://www.youtube.com/watch?v=mnqeoT-ViUM,9608,3602,35932,https://www.youtube.com/watch?v=qn93Tx_t0Uc,0,0,0,0,
0bf0ec441dc6489583f7218e02ab6a89,72100,7364753,2396,994,20980,https://www.youtube.com/watch?v=8n06tGMTBIE,3398,1386,20980,https://www.youtube.com/watch?v=8n06tGMTBIE,681,238,1163,https://www.youtube.com/watch?v=OD2cGINrIJg,2629,723,602,723,https://www.twitch.tv/videos/2068357849
ec65566d949944ffb1e2723f97ded6e0,71500,5018900,5911,3364,25203,https://www.youtube.com/watch?v=w-MHD72UOZk,5623,2832,25203,https://www.youtube.com/watch?v=w-MHD72UOZk,15147,7140,16314,https://www.youtube.com/watch?v=pdaV9Wy0Zx4,7265,1936,731,2430,https://www.twitch.tv/videos/2047947418
cd42e06c40534d9eac7e30a434e47d43,67600,4017062,12715,5787,37961,https://www.youtube.com/watch?v=CYlFFCzhWrY,14511,7325,37961,https://www.youtube.com/watch?v=CYlFFCzhWrY,7145,4302,28083,https://www.youtube.com/watch?v=yyds3vTixRU,2104,0,0,0,
c65e7caaf81a43249d5132b9fe312b24,64900,3060825,10497,4980,22879,https://www.youtube.com/watch?v=2mgqi06bgDc,10716,5384,22879,https://www.youtube.com/watch?v=2mgqi06bgDc,10279,3644,10279,https://www.youtube.com/watch?v=NNR61yueeBU,0,0,0,0,
e113ace92bbe445385bcc4635a9ca570,64800,13724,0,0,0,,0,0,0,,0,0,0,,0,0,0,0,
9d9c6477329245cbb2557895f4f15686,63700,3843658,12194,7751,42047,https://www.youtube.com/watch?v=4DINtowpGDk,0,0,0,,12194,7751,42047,https://www.youtube.com/watch?v=4DINtowpGDk,130520,26111,10913,106245,https://www.twitch.tv/videos/2065170507
4b6655120fbd4431a8f7894cac4a4d49,63600,5721124,1285,521,32717,https://www.youtube.com/watch?v=QgKTlvaZUHo,1189,426,32717,https://www.youtube.com/watch?v=QgKTlvaZUHo,2829,653,8282,https://www.youtube.com/watch?v=X8OCMKv1A-w,0,0,0,0,
1323f1b775bf43659f8b8ec2899522cd,63200,2814386,5339,2090,16679,https://www.youtube.com/watch?v=RkRichkJtZY,6893,3431,16679,https://www.youtube.com/watch?v=RkRichkJtZY,3571,979,7981,https://www.youtube.com/watch?v=MNi1EISOQf0,0,0,0,0,
8a4988902b5640e6ae1829285307c636,62200,4392434,0,0,0,,0,0,0,,0,0,0,,0,0,0,0,
1ccdbe5d48934f4cbabc86512dd1d357,60900,3150990,12328,7060,148561,https://www.youtube.com/watch?v=vOxYC1-SYzw,10673,4431,56510,https://www.youtube.com/watch?v=SQXmMErT5sc,22177,15511,148561,https://www.youtube.com/watch?v=vOxYC1-SYzw,0,0,0,0,
2e01ec6b25684995ab109ac0f74f1456,60000,18833485,0,0,0,,0,0,0,,0,0,0,,47166,0,0,0,
512b64ec20174d018540516e9edf2b2f,59500,6340946,5784,3110,39283,https://www.youtube.com/watch?v=zasoUbjE5e8,7288,3837,39283,https://www.youtube.com/watch?v=zasoUbjE5e8,1932,1084,6782,https://www.youtube.com/watch?v=HCC2BMGQuF8,1062,0,0,0,
66c812bb04844241af1d1c7539b5e251,57600,37891004,546,219,3138,https://www.youtube.com/watch?v=U5WvamVMms8,495,189,887,https://www.youtube.com/watch?v=FG4HYFrop98,1826,612,3138,https://www.youtube.com/watch?v=U5WvamVMms8,1081,71,49,332,https://www.twitch.tv/videos/2059416564
702c74978d8f4adab79f292cbecb49a4,55200,2904759,5185,2447,54147,https://www.youtube.com/watch?v=3bzEKCVndpk,4927,2015,30716,https://www.youtube.com/watch?v=T76ZRsUJ2yM,5987,2580,54147,https://www.youtube.com/watch?v=3bzEKCVndpk,11354,0,0,0,
a8ce4642418b4fe8ba1471a32097f4c4,51200,2406475,1680,800,11468,https://www.youtube.com/watch?v=Qf8HLW4yNko,1921,888,11468,https://www.youtube.com/watch?v=Qf8HLW4yNko,1484,796,1614,https://www.youtube.com/watch?v=0juTgdiiTjc,0,0,0,0,
2694a505a0e0441bb99b49e8ce1f7473,50900,2848571,6678,3063,26818,https://www.youtube.com/watch?v=dTwbAwQqEpM,4193,2958,6528,https://www.youtube.com/watch?v=NQRrivCSEDw,7124,3168,26818,https://www.youtube.com/watch?v=dTwbAwQqEpM,29632,24224,10493,41329,https://www.twitch.tv/videos/2062458588
5c4241def363418d9b7167d8369d0350,50700,2299047,0,0,0,,0,0,0,,0,0,0,,42,0,0,0,
7ead9e2cac544a7cb00444ef6b4698d1,50400,3538385,7107,3492,10258,https://www.youtube.com/watch?v=shTvulo4xVc,5208,2946,10258,https://www.youtube.com/watch?v=shTvulo4xVc,8073,4733,8929,https://www.youtube.com/watch?v=5q-K_Cm2rNY,10587,6218,4589,17348,https://www.twitch.tv/videos/2064202213
3f4650e05ceb41008bd16869780b7af1,50000,11888499,12407,4369,34767,https://www.youtube.com/watch?v=GBdkvVXMeg4,7757,1778,17798,https://www.youtube.com/watch?v=P83cyqPueCY,17348,5507,34767,https://www.youtube.com/watch?v=GBdkvVXMeg4,0,0,0,0,
a02bb0332f5942ec892c932d6a089014,50000,4808905,0,0,0,,0,0,0,,0,0,0,,0,0,0,0,
d837e8fda137492c9d77882b98ff863a,49700,6338125,2373,2148,38584,https://www.youtube.com/watch?v=T0vVdxvt-Fs,1724,899,9455,https://www.youtube.com/watch?v=-PeuC2j3kmc,19640,13172,38584,https://www.youtube.com/watch?v=T0vVdxvt-Fs,0,0,0,0,
17c335762a694402b8cb9a96b2865572,48900,2955864,2186,981,42841,https://www.youtube.com/watch?v=d-kINWTjNNc,2028,934,15126,https://www.youtube.com/watch?v=I68Q0NT9mGU,5993,2528,42841,https://www.youtube.com/watch?v=d-kINWTjNNc,0,0,0,0,
8bf35c3b9a9e461d825a9170555b71c2,47700,1594339,9496,3744,18648,https://www.youtube.com/watch?v=DoAizNX-Tow,9170,3647,14290,https://www.youtube.com/watch?v=o91aaCTnO7Q,9616,6266,18648,https://www.youtube.com/watch?v=DoAizNX-Tow,11052,7439,2738,14062,https://www.twitch.tv/videos/2065412528
c41044006a014ed28107f33221a7de98,46700,3847120,2674,1825,4668,https://www.youtube.com/watch?v=HRH8xetH3Rg,2674,1825,4668,https://www.youtube.com/watch?v=HRH8xetH3Rg,0,0,0,,5074,570,367,832,https://www.twitch.tv/videos/2059757397
ba59bb31bbcd4cf3a481c4cf72918fb0,45700,4849386,3148,1367,31381,https://www.youtube.com/watch?v=Jb9yEwKqZwA,3108,1161,4928,https://www.youtube.com/watch?v=5kp_gQ-Fx5w,8346,2667,31381,https://www.youtube.com/watch?v=Jb9yEwKqZwA,0,0,0,0,
1b63d89e0b1a4b579de6d99e25eaff8f,45400,5062741,4823,3119,14375,https://www.youtube.com/watch?v=9plkNVPjy0c,3874,2153,14171,https://www.youtube.com/watch?v=MAogQGwThK8,8283,6510,14375,https://www.youtube.com/watch?v=9plkNVPjy0c,4426,0,0,0,
5f12df329c6144e1a6c596f4fbcb9e81,45200,1836245,4756,2271,29424,https://www.youtube.com/watch?v=OLpZCQwU_P0,5326,2770,10865,https://www.youtube.com/watch?v=ISm2-zGevQw,3615,989,29424,https://www.youtube.com/watch?v=OLpZCQwU_P0,0,0,0,0,
dee8efe8990e458c915e4f6a6a16b49f,44400,4680827,1341,488,31334,https://www.youtube.com/watch?v=3fnttIzWJIg,1185,487,8120,https://www.youtube.com/watch?v=xqtpslxbBLo,31334,19750,31334,https://www.youtube.com/watch?v=3fnttIzWJIg,3126,280,205,447,https://www.twitch.tv/videos/2071171421
22ca620b93c94e5cb48175bbecf8d3af,43900,4372090,1830,1069,5050,https://www.youtube.com/watch?v=pPYAvXnceVo,1819,645,1846,https://www.youtube.com/watch?v=kK24-lLROjw,4436,3249,5050,https://www.youtube.com/watch?v=pPYAvXnceVo,0,0,0,0,
658e63bebdca421ca934b0bf6aa2bcd8,43600,3379669,3247,1383,6126,https://www.youtube.com/watch?v=Ocw1nV6wIOg,3151,1299,6126,https://www.youtube.com/watch?v=Ocw1nV6wIOg,4971,3637,4971,https://www.youtube.com/watch?v=ssLHzVjczw8,8638,0,0,0,
6c872a4043b84e4493877a42af684d1d,43500,3380723,6410,2749,45307,https://www.youtube.com/watch?v=jQlKPYy9CqA,4605,1783,15707,https://www.youtube.com/watch?v=nS0i6y4kUXY,12362,8827,45307,https://www.youtube.com/watch?v=jQlKPYy9CqA,0,0,0,0,
ce2a2c07a74640fc8d3b39d022b16dd9,40700,2305970,2937,1419,19059,https://www.youtube.com/watch?v=T8bZN179EoI,2019,987,19059,https://www.youtube.com/watch?v=T8bZN179EoI,3939,1720,8962,https://www.youtube.com/watch?v=PiI4zyMI0Sc,0,0,0,0,
f5ff982730f54cd4826ff0530a4288c2,40400,2117510,4021,1846,6938,https://www.youtube.com/watch?v=OkVfdPj1y4U,4796,1846,6816,https://www.youtube.com/watch?v=t2q33fDPc6Y,3656,1995,6938,https://www.youtube.com/watch?v=OkVfdPj1y4U,0,0,0,0,
d797701ab1564b62906f91a341134a9e,40000,1467436,803,481,3405,https://www.youtube.com/watch?v=l4C8rRLYejM,832,489,3405,https://www.youtube.com/watch?v=l4C8rRLYejM,290,115,290,https://www.youtube.com/watch?v=D6TjJH-49YQ,3073,0,0,0,
15c9a54b946a40c38c07ea2f9efddfa5,38300,2202062,8873,5034,44626,https://www.youtube.com/watch?v=07Kotll-wNM,8735,3636,15850,https://www.youtube.com/watch?v=UepUsLHM9fg,12585,5582,44626,https://www.youtube.com/watch?v=07Kotll-wNM,10899,5503,3474,16726,https://www.twitch.tv/videos/2065383628
6fb8c6dea7404638a9d78d4b0d84f64c,37800,2976887,1287,542,6872,https://www.youtube.com/watch?v=NzJQhse2uQs,1287,542,6872,https://www.youtube.com/watch?v=NzJQhse2uQs,0,0,0,,0,0,0,0,
1cfadb0d2e154a258c3177ff8264336f,37300,2697777,2092,652,4777,https://www.youtube.com/watch?v=LgiqSF94_48,2192,679,4677,https://www.youtube.com/watch?v=5l1tHASLjJg,1170,542,4777,https://www.youtube.com/watch?v=LgiqSF94_48,0,0,0,0,
6bd49f94afb144e995247388ca8c42a8,37000,1325110,7387,4132,12130,https://www.youtube.com/watch?v=6NOm6Knk2vs,7387,3312,12130,https://www.youtube.com/watch?v=6NOm6Knk2vs,7361,5707,7472,https://www.youtube.com/watch?v=CdGSP-NKnU8,15711,17825,10475,46028,https://www.twitch.tv/videos/2057974425
4544974bc5624035ae7bb0c9ed33e44e,36200,1418716,3916,2140,23290,https://www.youtube.com/watch?v=jUIwiDp9ZB0,3218,2355,23290,https://www.youtube.com/watch?v=jUIwiDp9ZB0,4549,1372,12523,https://www.youtube.com/watch?v=WOexqdbCRRo,0,0,0,0,
be6c475c291d45a0a7349abdb70be20d,35500,10147228,1454,555,2314,https://www.youtube.com/watch?v=J8R-Ty3Bp7o,1136,516,2314,https://www.youtube.com/watch?v=J8R-Ty3Bp7o,1454,1062,1454,https://www.youtube.com/watch?v=6UDCOBeoqBI,0,0,0,0,
62e5d9c4ad1e4d7a9fb61fe531c4b940,35300,1312154,3017,1171,10577,https://www.youtube.com/watch?v=g64hu2U9RBA,2573,1495,10577,https://www.youtube.com/watch?v=g64hu2U9RBA,5135,1170,5135,https://www.youtube.com/watch?v=GAtLdQNGiXw,0,0,0,0,
b08047f2566246ac995e03a5db727cfe,35000,1702176,746,208,2145,https://www.youtube.com/watch?v=9gqthL0k6GQ,746,208,2145,https://www.youtube.com/watch?v=9gqthL0k6GQ,0,0,0,,6835,0,0,0,
5c7beefaa54444e3b0443d7abd93c1f7,34200,3234456,817,626,1217,https://www.youtube.com/watch?v=y0-UTdO-OwM,817,626,1217,https://www.youtube.com/watch?v=y0-UTdO-OwM,0,0,0,,3238,532,371,532,https://www.twitch.tv/videos/2064301196
64c779f8cc214e7a9b570c7b3fc128cc,33200,1727495,1855,696,7012,https://www.youtube.com/watch?v=BCbbuyMIBr0,1855,586,7012,https://www.youtube.com/watch?v=BCbbuyMIBr0,2652,2066,6814,https://www.youtube.com/watch?v=_3tr_eWipO4,3978,1019,848,1079,https://www.twitch.tv/videos/2070224290
3681a0b4e4bd48888473b1884f6ee420,32900,2947388,2996,1127,60817,https://www.youtube.com/watch?v=YrGEWQLJWKM,1306,675,6850,https://www.youtube.com/watch?v=4nbQ0udsCP0,20517,12960,60817,https://www.youtube.com/watch?v=YrGEWQLJWKM,0,0,0,0,
029dfaf0b42a45839661df6dc99efcdd,32400,446175,2532,797,22771,https://www.youtube.com/watch?v=zDxdrSz-A7E,2490,755,9971,https://www.youtube.com/watch?v=46by-3NA_j4,2829,852,22771,https://www.youtube.com/watch?v=zDxdrSz-A7E,278,0,0,0,
bc0b8c437eda4361b2a10003013f49cf,32300,306461,0,0,0,,0,0,0,,0,0,0,,0,0,0,0,
e350c8b7e41045419ee1ac73bc78921b,32100,2705392,1690,854,23011,https://www.youtube.com/watch?v=J5hf6J8KDHI,1427,689,9896,https://www.youtube.com/watch?v=v4_LtpTZkJU,6475,2523,23011,https://www.youtube.com/watch?v=J5hf6J8KDHI,0,0,0,0,
c0c033c9c8014562b58a7124b6b22fb0,32000,421589,884,398,28312,https://www.youtube.com/watch?v=A08-XK9_EN8,846,338,7050,https://www.youtube.com/watch?v=0vdQSwYL9Is,1558,731,28312,https://www.youtube.com/watch?v=A08-XK9_EN8,0,0,0,0,
e73551cd98ec47388899522353fc89e3,31900,2127313,0,0,0,,0,0,0,,0,0,0,,592,0,0,0,
2760c9a44c20464d8e140e6367ed1cdf,31800,1435524,1429,581,3983,https://www.youtube.com/watch?v=WnqhVoZnES0,1429,581,3430,https://www.youtube.com/watch?v=1p3WEqIAdEs,2234,576,3983,https://www.youtube.com/watch?v=WnqhVoZnES0,0,0,0,0,
4c3cae772e974f8fb8e04f4cc9c8cd8d,31700,977931,5108,2539,19316,https://www.youtube.com/watch?v=396qHdiZzZk,5016,2539,19316,https://www.youtube.com/watch?v=396qHdiZzZk,8861,3454,11993,https://www.youtube.com/watch?v=5m3NhQVsuTs,0,0,0,0,
20f0e269ce554a00920de0444bc22aaf,31700,2937450,836,473,2266,https://www.youtube.com/watch?v=PJM-JRHLFkw,634,465,836,https://www.youtube.com/watch?v=6vhKj37mkLU,1048,480,2266,https://www.youtube.com/watch?v=PJM-JRHLFkw,0,0,0,0,
c5fe413a473d4638b53fb3f9019aabbe,31200,1503930,2221,820,9291,https://www.youtube.com/watch?v=7EN-gSCBuMM,2431,1165,9291,https://www.youtube.com/watch?v=7EN-gSCBuMM,1887,707,4290,https://www.youtube.com/watch?v=haNqfcKVjUo,993,0,0,0,
521fb650b9534787b19c8762957fb5d2,30900,0,0,0,0,,0,0,0,,0,0,0,,0,0,0,0,
f18407d79b4b43ffa6adf629d1723a8f,30700,1275,0,0,0,,0,0,0,,0,0,0,,0,0,0,0,
d81d1032a43642eca36e82ba9a3c39c5,30700,1249588,0,0,0,,0,0,0,,0,0,0,,10425,635,410,1315,https://www.twitch.tv/videos/2059625776
660531d691fb49c6a454bff9b0fb8c9e,30600,926817,325,148,957,https://www.youtube.com/watch?v=FUENuWz4fSc,402,199,529,https://www.youtube.com/watch?v=TrsKrcyEcr0,130,106,957,https://www.youtube.com/watch?v=FUENuWz4fSc,0,0,0,0,
fd6a0236861940389e15ef85b16c6069,30500,479281,12454,6242,12803,https://www.youtube.com/watch?v=J2-jxhiwVnQ,0,0,0,,12454,6242,12803,https://www.youtube.com/watch?v=J2-jxhiwVnQ,116476,64588,25528,108076,https://www.twitch.tv/videos/2044432625
6c88799c6f45407faf0f9ea007b0dcab,30400,1423420,1232,855,5426,https://www.youtube.com/watch?v=jnmeIs9n7vY,1597,989,5426,https://www.youtube.com/watch?v=jnmeIs9n7vY,461,416,867,https://www.youtube.com/watch?v=8nPDcmM1HUA,0,0,0,0,
9ca368e73d514656ade48dc946f55956,30000,3868406,3788,699,56318,https://www.youtube.com/watch?v=L9T-ePezNmI,2592,615,7637,https://www.youtube.com/watch?v=aPnCjbVtuW0,29947,6445,56318,https://www.youtube.com/watch?v=L9T-ePezNmI,0,0,0,0,
1f54bc2ce03344728234e590bfb0134f,29400,148356,2036,1157,10872,https://www.youtube.com/watch?v=guz2_jKXnRE,6654,6042,10872,https://www.youtube.com/watch?v=guz2_jKXnRE,2008,884,8836,https://www.youtube.com/watch?v=qsrSBz9IDx4,276,181,168,181,https://www.twitch.tv/videos/2071203667
84a911e2b05f4919a32e0c1618e32a7d,29200,638397,457,235,6041,https://www.youtube.com/watch?v=_XPiEFx9MzE,446,189,1142,https://www.youtube.com/watch?v=CKJKw_Yf2y4,3464,2927,6041,https://www.youtube.com/watch?v=_XPiEFx9MzE,0,0,0,0,
30114f720b104e7f89d9dc0399a00dd4,29200,36043,0,0,0,,0,0,0,,0,0,0,,0,0,0,0,
60282d578bb747b8b232dba81168a5b6,28900,849754,6138,2274,53196,https://www.youtube.com/watch?v=Gv9uYnKfuM8,6803,2274,53196,https://www.youtube.com/watch?v=Gv9uYnKfuM8,3399,2296,28463,https://www.youtube.com/watch?v=b7goxzEg4_M,0,0,0,0,
95de1fe6727944e68404aec425d09170,28500,0,0,0,0,,0,0,0,,0,0,0,,3647,0,0,0,
2ce2f9977d4a4dc0844e518369e11e6b,28500,1982887,0,0,0,,0,0,0,,0,0,0,,0,0,0,0,
23ec5ecfb8c14ea893576783f1790643,28500,1776188,2488,1315,52157,https://www.youtube.com/watch?v=fkibLQNHApg,2488,1224,9416,https://www.youtube.com/watch?v=y6SlN-yovG8,3334,1394,52157,https://www.youtube.com/watch?v=fkibLQNHApg,269,844,656,1571,https://www.twitch.tv/videos/2066792947
4b8137b8ba4e4a4dad994e2e07e351fe,27800,264198,1033,469,34928,https://www.youtube.com/watch?v=N6HN9HaciK8,830,427,6807,https://www.youtube.com/watch?v=MS2YC5Y1kck,1350,849,34928,https://www.youtube.com/watch?v=N6HN9HaciK8,256,67,58,117,https://www.twitch.tv/videos/2068383007
3afa3d15ff4a40de9b0950fa81a9ffc7,27400,0,0,0,0,,0,0,0,,0,0,0,,2659,0,0,0,
49bb221fc77f440cae0c007a73f99aab,27300,859678,0,0,0,,0,0,0,,0,0,0,,23762,8488,1253,111568,https://www.twitch.tv/videos/2054856730
d1dd83b6e8a24df4b61f766cff45113c,27200,14716668,708,351,2302,https://www.youtube.com/watch?v=8PLcKT9nInQ,520,234,1545,https://www.youtube.com/watch?v=IU8dw1iUaHY,1473,645,2302,https://www.youtube.com/watch?v=8PLcKT9nInQ,0,0,0,0,
31f17632340f4e7fbd0ced07193dd81b,26900,978983,6986,4131,22527,https://www.youtube.com/watch?v=bc2JpdJxVTI,9217,5962,22527,https://www.youtube.com/watch?v=bc2JpdJxVTI,4034,1825,5659,https://www.youtube.com/watch?v=f3t4p-wlkCs,0,0,0,0,
6dc75ab227e34c928598bde8f2d324bf,26500,1423497,4283,2624,7435,https://www.youtube.com/watch?v=OBgJBc_mo0o,4644,2624,7435,https://www.youtube.com/watch?v=OBgJBc_mo0o,2459,2303,6371,https://www.youtube.com/watch?v=1tTEq7Bz8RE,0,0,0,0,
de0e98c9266449b7874a942cbbb63a0d,26300,1740772,0,0,0,,0,0,0,,0,0,0,,3289,0,0,0,
b0fa9fc53f99425db4cca93d2d48a91f,25900,651684,418,232,4033,https://www.youtube.com/watch?v=cbxlIJH8R2s,416,251,2867,https://www.youtube.com/watch?v=i_39vzW9d3Y,1191,232,4033,https://www.youtube.com/watch?v=cbxlIJH8R2s,0,0,0,0,
626750f4e7a745619c171c44fb1efcc0,25600,2273116,603,386,10803,https://www.youtube.com/watch?v=PN2IlpIg2EQ,532,350,10803,https://www.youtube.com/watch?v=PN2IlpIg2EQ,683,485,6297,https://www.youtube.com/watch?v=G96_N5p6NdY,5592,604,377,604,https://www.twitch.tv/videos/2062383099
896f74ae454b42a890e413bddc690335,25100,177742,568,291,5702,https://www.youtube.com/watch?v=iZV9MMiMar4,480,194,1019,https://www.youtube.com/watch?v=5kURRKmbU_Q,1615,1234,5702,https://www.youtube.com/watch?v=iZV9MMiMar4,605,304,239,366,https://www.twitch.tv/videos/2069855182
22c8ee785f7446e5978bab336fda92cb,24800,794996,1157,498,2157,https://www.youtube.com/watch?v=oH98uRb-P14,1139,496,2157,https://www.youtube.com/watch?v=oH98uRb-P14,1525,498,1913,https://www.youtube.com/watch?v=fO9U1rfesr0,0,0,0,0,
bed13deb3871443980e131a466519b54,24800,1609893,1095,614,1328,https://www.youtube.com/watch?v=FiFcbS7L2U4,1095,614,1328,https://www.youtube.com/watch?v=FiFcbS7L2U4,0,0,0,,0,0,0,0,
3be86a2a9cb447f393d235132e157789,24700,1572352,1724,924,4625,https://www.youtube.com/watch?v=cjs7JFl_9Qc,1724,924,4625,https://www.youtube.com/watch?v=cjs7JFl_9Qc,0,0,0,,0,0,0,0,
f7c48554816643cdb8d343e6e9e6d313,24700,1252354,1195,564,5515,https://www.youtube.com/watch?v=-xWFmcSWTp4,1297,633,5515,https://www.youtube.com/watch?v=-xWFmcSWTp4,466,304,3652,https://www.youtube.com/watch?v=siu8ld2mbd4,6229,0,0,0,
d6c4708f6eb94ac6ad7668363b132248,24600,2039955,213,155,1063,https://www.youtube.com/watch?v=oToQICgx9BU,218,157,1063,https://www.youtube.com/watch?v=oToQICgx9BU,175,70,213,https://www.youtube.com/watch?v=i9TGj-fVpn4,0,0,0,0,
7e81a72484054a5c89f3826ebc8946be,24300,707325,2957,1200,12139,https://www.youtube.com/watch?v=XEesCAWoWkM,1983,984,12139,https://www.youtube.com/watch?v=XEesCAWoWkM,3793,1943,6846,https://www.youtube.com/watch?v=DSbHUZBBJmk,0,0,0,0,
222a91c2efbe47628911ee0b2413ae3e,24300,1757961,0,0,0,,0,0,0,,0,0,0,,2362,0,0,0,
0825b7bbb6134dbc98a132cc1782fb1f,24200,738965,360,191,4811,https://www.youtube.com/watch?v=OXFVIpEYleM,755,286,4811,https://www.youtube.com/watch?v=OXFVIpEYleM,256,170,1193,https://www.youtube.com/watch?v=wINYyn9kDZI,0,0,0,0,
7a88afc5eb644d76b35ed4ca968259bb,24200,1682354,6750,5091,12536,https://www.youtube.com/watch?v=m9AruPz1WWU,6750,5091,12536,https://www.youtube.com/watch?v=m9AruPz1WWU,0,0,0,,12287,774,174,1075,https://www.twitch.tv/videos/2045047203
a000aa1d3ea7489c993277d33ab2457e,23900,771745,4774,2195,16993,https://www.youtube.com/watch?v=tmk7-BNC78I,4774,2106,16993,https://www.youtube.com/watch?v=tmk7-BNC78I,7990,2658,14560,https://www.youtube.com/watch?v=JGmGEs0O10g,1133,0,0,0,
868f29ec868047fdb2a80a91f49fc55a,23800,199486,400,251,12619,https://www.youtube.com/watch?v=qoPxA8KCMD8,344,242,879,https://www.youtube.com/watch?v=3AEbYnIErTM,603,326,12619,https://www.youtube.com/watch?v=qoPxA8KCMD8,323,164,146,349,https://www.twitch.tv/videos/2066914083
7081557634db487fa467b0bd2f939f66,23700,823904,0,0,0,,0,0,0,,0,0,0,,0,0,0,0,
5ba11a0bf35147d499259ad5608a7de1,23700,1164507,892,406,2820,https://www.youtube.com/watch?v=d9_C29VRYsw,892,406,2820,https://www.youtube.com/watch?v=d9_C29VRYsw,0,0,0,,3652,0,0,0,
b42416c629e64c948f75aff4ff5c9a8a,23600,741897,518,307,8857,https://www.youtube.com/watch?v=hVYQeIvqA_w,534,130,938,https://www.youtube.com/watch?v=HniuVHIDMQ4,490,434,8857,https://www.youtube.com/watch?v=hVYQeIvqA_w,0,0,0,0,
8f12066334ed4c4dae19ca1152781e59,23600,430949,582,308,6295,https://www.youtube.com/watch?v=okkW8nPODDI,536,287,1087,https://www.youtube.com/watch?v=QtyMaHvkkLw,2582,440,6295,https://www.youtube.com/watch?v=okkW8nPODDI,251,0,0,0,
7c00b7dc73a240dc84d68be389732a0c,23400,971416,488,345,1222,https://www.youtube.com/watch?v=35R93sNJy9A,488,345,1222,https://www.youtube.com/watch?v=35R93sNJy9A,0,0,0,,0,0,0,0,
e7fd5d01e57c42658be2bf1e3ad5d696,23400,925274,1530,911,2386,https://www.youtube.com/watch?v=2e6u_-gufp4,1530,911,2386,https://www.youtube.com/watch?v=2e6u_-gufp4,0,0,0,,0,0,0,0,
d1694c709e0f489fbd07fc9bc67c0a66,22800,862193,1120,611,8847,https://www.youtube.com/watch?v=7aajv4PpEaU,2007,1080,8847,https://www.youtube.com/watch?v=7aajv4PpEaU,436,242,1280,https://www.youtube.com/watch?v=ToSFgH9CYVU,384,0,0,0,
1edf4940878546569e52dd06c95b8581,22500,957927,715,249,4491,https://www.youtube.com/watch?v=zwBLLV7dW70,915,342,4012,https://www.youtube.com/watch?v=WYBnXKPT9c4,521,131,4491,https://www.youtube.com/watch?v=zwBLLV7dW70,0,0,0,0,
ebe5c5f9d67f44f3bc5e70b413ce9df7,22300,561918,2062,1213,22492,https://www.youtube.com/watch?v=A8xfnGyQ07g,2062,1213,22492,https://www.youtube.com/watch?v=A8xfnGyQ07g,0,0,0,,1227,588,546,588,https://www.twitch.tv/videos/2071173657
575d15d21f7240e1ad72935bf7fa0465,22000,691739,660,460,1394,https://www.youtube.com/watch?v=QmfcMfjOTD4,650,428,1394,https://www.youtube.com/watch?v=QmfcMfjOTD4,960,521,1041,https://www.youtube.com/watch?v=CrdIWD1bfAU,0,0,0,0,
73b97b1a35c84579aa8ffcd6534efad3,22000,1329685,2363,1063,13423,https://www.youtube.com/watch?v=qu-m2D0QrGE,1486,721,13423,https://www.youtube.com/watch?v=qu-m2D0QrGE,8535,1951,10544,https://www.youtube.com/watch?v=zLhU1rzhTLA,8900,0,0,0,
305290c734e94a74881ae46c49ea18c4,21900,1598549,3021,781,6561,https://www.youtube.com/watch?v=f7d3xP8Zoso,3470,1731,6561,https://www.youtube.com/watch?v=f7d3xP8Zoso,388,230,459,https://www.youtube.com/watch?v=RtO7MZoz0DI,1667,305,132,557,https://www.twitch.tv/videos/2050945005
ffc3304b633b45ceab7cc58fb8208989,21600,610788,0,0,0,,0,0,0,,0,0,0,,0,0,0,0,
60716febdfe949248e8f67d85634bec5,21500,7943231,312,197,362,https://www.youtube.com/watch?v=zec4mKWEyrA,0,0,0,,312,197,362,https://www.youtube.com/watch?v=zec4mKWEyrA,0,0,0,0,
3197e5649c65405cbbe6e5f1a44cf8e1,21500,896706,982,461,8536,https://www.youtube.com/watch?v=eXDxaiafDqs,913,435,8536,https://www.youtube.com/watch?v=eXDxaiafDqs,2839,774,4708,https://www.youtube.com/watch?v=_pDvzswBg6Y,0,0,0,0,
f928118054aa4e11aa4ec88504d8b886,21300,728953,2537,811,11468,https://www.youtube.com/watch?v=csdlHAyul9U,2993,904,11468,https://www.youtube.com/watch?v=csdlHAyul9U,1651,811,6217,https://www.youtube.com/watch?v=pU_lorDo7Hg,194,103,92,103,https://www.twitch.tv/videos/2070317440
6929e06cd9ed49739cadaa35115847c7,21000,456213,3064,1287,15294,https://www.youtube.com/watch?v=lqiJpAGjWoU,2979,1269,12363,https://www.youtube.com/watch?v=EjL2U_B5cAs,7299,3522,15294,https://www.youtube.com/watch?v=lqiJpAGjWoU,0,0,0,0,
9af7c10c618844f08a327d38753124bd,20900,508715,1614,905,12548,https://www.youtube.com/watch?v=YfRS4ahLAUI,1538,872,12548,https://www.youtube.com/watch?v=YfRS4ahLAUI,2509,948,3109,https://www.youtube.com/watch?v=A2GlHCEV8i4,0,0,0,0,
729621ce509b4641ad8cde76dec037d0,20800,494160,1572,902,18841,https://www.youtube.com/watch?v=uE3ImNoK7Vg,1669,1150,18841,https://www.youtube.com/watch?v=uE3ImNoK7Vg,1031,632,3474,https://www.youtube.com/watch?v=0FX0AG3dtzw,0,0,0,0,
911d3403c8e84dc3b0c4a2f6017698b6,20600,384123,955,474,8005,https://www.youtube.com/watch?v=wmo08JhU_sE,963,456,5178,https://www.youtube.com/watch?v=ouoD3Ifgv28,807,538,8005,https://www.youtube.com/watch?v=wmo08JhU_sE,1457,2316,1762,3509,https://www.twitch.tv/videos/2062461868
8267ea37c12a471a8a038f501832e099,20600,937512,569,218,6869,https://www.youtube.com/watch?v=uJdzwF979Ts,494,199,2765,https://www.youtube.com/watch?v=FKKcn3KdrDA,1615,501,6869,https://www.youtube.com/watch?v=uJdzwF979Ts,0,0,0,0,
67d6807619064938a78832b4106de5c0,20200,832099,126,70,388,https://www.youtube.com/watch?v=VfXf9MCSIlE,126,70,388,https://www.youtube.com/watch?v=VfXf9MCSIlE,0,0,0,,2620,379,252,894,https://www.twitch.tv/videos/2063367644
2a310e9273014b12a0517d13d25697e1,20100,748852,1863,613,8684,https://www.youtube.com/watch?v=FhZpwJ9gFgs,986,613,8684,https://www.youtube.com/watch?v=FhZpwJ9gFgs,2376,761,6258,https://www.youtube.com/watch?v=SnXs4-yV7rQ,0,0,0,0,
fe569b0c059e406daf57eb2acd11cc21,20000,1051219,1800,659,4145,https://www.youtube.com/watch?v=1cIH0tvQz7s,1535,587,3663,https://www.youtube.com/watch?v=-zW3P0cwq8Y,2597,987,4145,https://www.youtube.com/watch?v=1cIH0tvQz7s,0,0,0,0,
a667c79cb8284de29d5843dc3eafcc57,20000,157279,799,332,5304,https://www.youtube.com/watch?v=ERquD1b5VvM,763,332,1459,https://www.youtube.com/watch?v=GCPnUYYvE04,1983,1217,5304,https://www.youtube.com/watch?v=ERquD1b5VvM,0,0,0,0,
9265e640081f4625bd36cd1235c75bc7,20000,24967,0,0,0,,0,0,0,,0,0,0,,1629,0,0,0,
4fc5a770272a43f1bb0a1d12aa3a9b46,19700,1364970,1129,288,4624,https://www.youtube.com/watch?v=M2OsuhYMfks,805,144,955,https://www.youtube.com/watch?v=JD2_ATFHAns,2330,615,4624,https://www.youtube.com/watch?v=M2OsuhYMfks,0,0,0,0,
951dd0b605d04163b38de18262e9a438,19400,435549,193,158,289,https://www.youtube.com/watch?v=B31IzFNOQHM,193,158,289,https://www.youtube.com/watch?v=B31IzFNOQHM,0,0,0,,677,71,37,71,https://www.twitch.tv/videos/2059663957
f928e57423634094b3d7d8461321c028,19300,282881,1474,594,2451,https://www.youtube.com/watch?v=ixqSGOqIr1Y,1378,581,2451,https://www.youtube.com/watch?v=ixqSGOqIr1Y,2101,1343,2101,https://www.youtube.com/watch?v=LdJCY5AY_c8,718,416,335,435,https://www.twitch.tv/videos/2066224374
3dda133703f64b019d7eea0c5cb55335,18900,493386,0,0,0,,0,0,0,,0,0,0,,18715,1297,64,1406,https://www.twitch.tv/videos/2046040500
2a28e77671ae43d7bccec54e7e956dd9,18700,183361,0,0,0,,0,0,0,,0,0,0,,0,0,0,0,
02d67d58d59644be9cdf0b1179419637,18500,186529,836,408,8423,https://www.youtube.com/watch?v=Q0CUFKCgJsA,782,367,8275,https://www.youtube.com/watch?v=fgWV-UOG66I,1514,809,8423,https://www.youtube.com/watch?v=Q0CUFKCgJsA,656,885,699,5608,https://www.twitch.tv/videos/2065423836
f6a8c59d8b8d4e009d4e147ec268cd73,18500,569139,1601,738,6915,https://www.youtube.com/watch?v=F3DXb-muzRw,1628,737,6915,https://www.youtube.com/watch?v=F3DXb-muzRw,1065,882,1065,https://www.youtube.com/watch?v=3ftSx4tm2sY,2743,0,0,0,
c9ece3513c804b3db003cd8fca683857,18500,674223,1267,302,14136,https://www.youtube.com/watch?v=pHbln0BYXwc,1267,302,14136,https://www.youtube.com/watch?v=pHbln0BYXwc,0,0,0,,5964,837,783,1286,https://www.twitch.tv/videos/2071315810
c0c35f0471774be2b33163ae20f2d6bb,18300,707304,696,297,2414,https://www.youtube.com/watch?v=QWNyxj26TLI,696,297,2414,https://www.youtube.com/watch?v=QWNyxj26TLI,0,0,0,,0,0,0,0,
549ccdec24884233bd675a2bab77cacf,18300,759788,882,532,1716,https://www.youtube.com/watch?v=88Al7yyXwn4,945,460,1716,https://www.youtube.com/watch?v=88Al7yyXwn4,795,687,795,https://www.youtube.com/watch?v=lSQYwuxqmCI,0,0,0,0,
f7c8264349654390a5e39810dc012a38,18100,960005,466,217,5142,https://www.youtube.com/watch?v=q__GrAestdQ,293,158,5142,https://www.youtube.com/watch?v=q__GrAestdQ,2988,1000,4060,https://www.youtube.com/watch?v=eXF-CBmjWgY,0,0,0,0,
ae4eaef845fc4daaa8106a51a590e145,17700,641590,723,219,7119,https://www.youtube.com/watch?v=EEQXE6IsCzI,758,391,1805,https://www.youtube.com/watch?v=mBboEvVjbdg,452,211,7119,https://www.youtube.com/watch?v=EEQXE6IsCzI,0,0,0,0,
6943bbfc993443d4b3853833b3bb1a66,17700,1440054,1683,829,23135,https://www.youtube.com/watch?v=dns8VY9c5OU,1373,535,9669,https://www.youtube.com/watch?v=hMMabUEI4uA,7775,2838,23135,https://www.youtube.com/watch?v=dns8VY9c5OU,0,0,0,0,
d35707348d554507a98f97eb59230efc,17600,782197,1669,581,13027,https://www.youtube.com/watch?v=vJWVnfPS3GI,1835,575,13027,https://www.youtube.com/watch?v=vJWVnfPS3GI,927,581,1870,https://www.youtube.com/watch?v=Bk4prxd7bTs,1156,0,0,0,
2be709cdd22f4a63a95504731ba79afd,17500,510496,1422,375,4821,https://www.youtube.com/watch?v=bud4VApFvOo,1422,375,4821,https://www.youtube.com/watch?v=bud4VApFvOo,0,0,0,,0,0,0,0,
0665fb3db61c43b5933f1de118625382,17300,1084656,0,0,0,,0,0,0,,0,0,0,,0,0,0,0,
9e351b7cdabd45c49c64074bc7d947ce,16900,0,0,0,0,,0,0,0,,0,0,0,,12729,3053,813,3234,https://www.twitch.tv/videos/2056717363
b63a5ee44acf4498827a3fd984ab23e0,16800,989391,1036,413,1439,https://www.youtube.com/watch?v=y2iQvoVaaHA,1036,413,1439,https://www.youtube.com/watch?v=y2iQvoVaaHA,0,0,0,,0,0,0,0,
b6f68e0e323f45458752f3a7ec6a08f2,16400,875220,7236,3650,15704,https://www.youtube.com/watch?v=myY5BliLRXk,7770,4085,15704,https://www.youtube.com/watch?v=myY5BliLRXk,1650,961,1927,https://www.youtube.com/watch?v=lkJ-HHtxJhI,713,395,314,604,https://www.twitch.tv/videos/2066381635
efe550a729e14dbab790a3f73205d8ed,16400,681771,530,356,4818,https://www.youtube.com/watch?v=8JH60qrQpBQ,489,305,822,https://www.youtube.com/watch?v=JBtHb3miYfo,1223,422,4818,https://www.youtube.com/watch?v=8JH60qrQpBQ,0,0,0,0,
f2a403cb46354371837550730a397bd1,16300,969782,636,267,10220,https://www.youtube.com/watch?v=p2OQKkBxBuw,453,175,734,https://www.youtube.com/watch?v=I7yUw7MVcOM,1094,432,10220,https://www.youtube.com/watch?v=p2OQKkBxBuw,0,0,0,0,
cd88de8b4bc84a71975df9afb42192b8,16200,1120750,1209,519,4542,https://www.youtube.com/watch?v=U_1rNAEpbbo,1209,519,4542,https://www.youtube.com/watch?v=U_1rNAEpbbo,1082,487,1356,https://www.youtube.com/watch?v=SPzKf7OQDUs,2914,0,0,0,
4fd17e8877024633876c5d85bc81e56b,16100,1241787,3057,1747,23669,https://www.youtube.com/watch?v=YkA_QwWvcrs,2199,1031,12057,https://www.youtube.com/watch?v=I_LY8WX4myw,12766,5921,23669,https://www.youtube.com/watch?v=YkA_QwWvcrs,0,0,0,0,
05e831b267914fc5b4d9b28de1f648dc,16100,633681,1357,341,5008,https://www.youtube.com/watch?v=wEuBfbNDN5s,1469,344,5008,https://www.youtube.com/watch?v=wEuBfbNDN5s,927,281,927,https://www.youtube.com/watch?v=EHoCPgGWSms,0,0,0,0,
3809ec8a42634d11aa1b7b8f99755c6a,16100,844291,0,0,0,,0,0,0,,0,0,0,,54952,5139,2817,10396,https://www.twitch.tv/videos/2057544307
adc9d30b5940427e96ae92238f0f8b83,15900,294326,372,170,1159,https://www.youtube.com/watch?v=HBKdxrPHj2s,384,255,1060,https://www.youtube.com/watch?v=sot0YiZbcJg,221,112,1159,https://www.youtube.com/watch?v=HBKdxrPHj2s,671,0,0,0,
5d00575c06d74f588238857d7dec1b02,15900,1001701,4128,898,10959,https://www.youtube.com/watch?v=7t9XOsjeCVs,2564,898,10959,https://www.youtube.com/watch?v=7t9XOsjeCVs,5184,1287,5487,https://www.youtube.com/watch?v=XHfVsMWgBBk,0,0,0,0,
e150e350532b4327b26989dd43cd3bad,15800,700248,3584,858,6880,https://www.youtube.com/watch?v=4_47ejaWlCU,940,731,6880,https://www.youtube.com/watch?v=4_47ejaWlCU,3802,1741,5362,https://www.youtube.com/watch?v=bpWXaomMImY,191,0,0,0,
f4cc8258f66e4276871f213aeaf93fbb,15800,264528,0,0,0,,0,0,0,,0,0,0,,3673,0,0,0,
6ce5f9e78ea946d8a2fd4191005557aa,15500,219871,1605,748,8152,https://www.youtube.com/watch?v=J-nX2vZwSss,1847,896,8152,https://www.youtube.com/watch?v=J-nX2vZwSss,1468,591,1982,https://www.youtube.com/watch?v=a7em5f3cyuA,244,0,0,0,
d32bd28cd67b4e64a56b24f9a76dadcd,15500,799369,0,0,0,,0,0,0,,0,0,0,,316,0,0,0,
52e472aa762449b585c45a2d578bdf41,15500,688569,1153,514,18480,https://www.youtube.com/watch?v=NpcHB5v6bpk,1107,528,11666,https://www.youtube.com/watch?v=5PPeYtmBd6E,1823,415,18480,https://www.youtube.com/watch?v=NpcHB5v6bpk,0,0,0,0,
da4a58b114b94469a0a93f6b8ee7512d,15400,599718,700,381,1060,https://www.youtube.com/watch?v=hpElFC-cCcM,700,381,1060,https://www.youtube.com/watch?v=hpElFC-cCcM,0,0,0,,10567,206,154,223,https://www.twitch.tv/videos/2070315158
05be4fb717614738a87daac46157ddb1,15100,743023,497,176,2106,https://www.youtube.com/watch?v=M_5U3I_njGI,769,438,2106,https://www.youtube.com/watch?v=M_5U3I_njGI,55,49,59,https://www.youtube.com/watch?v=EGRt8_5zTfg,0,0,0,0,
0b63fa89b80e4649b0297d156ed1c791,15100,889742,3448,412,3960,https://www.youtube.com/watch?v=9uP2tyaTmTI,2983,1145,3960,https://www.youtube.com/watch?v=9uP2tyaTmTI,3448,339,3448,https://www.youtube.com/watch?v=JSgqx-CsBX0,0,0,0,0,
334133534368487780dfa99b7c9f5949,15000,5637365,18163,9861,408262,https://www.youtube.com/watch?v=yjn04S_GKl4,0,0,0,,18163,9861,408262,https://www.youtube.com/watch?v=yjn04S_GKl4,0,0,0,0,
6c7a8b443aa942a89a83485c98d10559,15000,1152496,969,532,7166,https://www.youtube.com/watch?v=Rl-DbP7v8lA,969,532,7166,https://www.youtube.com/watch?v=Rl-DbP7v8lA,991,531,2462,https://www.youtube.com/watch?v=nnezRxoTnY0,0,0,0,0,
a6a4e83ae23140e6bd1f7c817af8f864,14600,233282,6622,3076,28286,https://www.youtube.com/watch?v=yI6rQv_g2N0,7796,4193,28286,https://www.youtube.com/watch?v=yI6rQv_g2N0,6266,315,8688,https://www.youtube.com/watch?v=mboCOYzUygk,0,0,0,0,
77533b0fb2324e33bff67fbbf4daf13f,14200,3506402,708,372,1357,https://www.youtube.com/watch?v=Zm_pRK6QqhY,1266,689,1357,https://www.youtube.com/watch?v=Zm_pRK6QqhY,678,252,791,https://www.youtube.com/watch?v=qDo5C2WxJEk,1447,0,0,0,
50a0835b66844b0ab84f573934f20989,14100,208697,6775,3596,27083,https://www.youtube.com/watch?v=i5cvsEHjzq4,6808,3641,27083,https://www.youtube.com/watch?v=i5cvsEHjzq4,6394,743,6394,https://www.youtube.com/watch?v=9FtBn8cNKuM,0,0,0,0,
67d348e6690c43729cce031e70a26645,14100,277829,2080,1551,4499,https://www.youtube.com/watch?v=oHu3qRXtmPU,1885,1320,2502,https://www.youtube.com/watch?v=ex-n4Ep4iao,3716,2816,4499,https://www.youtube.com/watch?v=oHu3qRXtmPU,18743,2639,1082,5205,https://www.twitch.tv/videos/2062492056
239947732521428d946087065b7c8e17,14100,590987,1289,561,4621,https://www.youtube.com/watch?v=agqS0OSBFso,1693,750,3691,https://www.youtube.com/watch?v=oST8_QbusPY,1194,559,4621,https://www.youtube.com/watch?v=agqS0OSBFso,0,0,0,0,
aa1ff405338c41b98ff7197eb4d90349,14000,139769,671,329,4884,https://www.youtube.com/watch?v=cnzuV3vmMbo,622,284,4277,https://www.youtube.com/watch?v=kZNP5w3_rLk,1852,1696,4884,https://www.youtube.com/watch?v=cnzuV3vmMbo,0,0,0,0,
e9ec2395070144b0af7231570e06a743,13900,296327,349,182,4040,https://www.youtube.com/watch?v=g7oE3BImnFU,347,182,1820,https://www.youtube.com/watch?v=93uscDev5Ac,364,196,4040,https://www.youtube.com/watch?v=g7oE3BImnFU,0,0,0,0,
dad6fb7439d744739755a9a7c6c18d20,13800,716308,3357,1617,25480,https://www.youtube.com/watch?v=zzL9XcwXwRg,2011,1125,25480,https://www.youtube.com/watch?v=zzL9XcwXwRg,4384,2171,9820,https://www.youtube.com/watch?v=Tre34pBUeN4,258,166,132,166,https://www.twitch.tv/videos/2067318420
71cee502a14d4ef1b9b0264fa2db8987,13700,555045,790,467,12655,https://www.youtube.com/watch?v=w362ns6gCJU,781,407,12655,https://www.youtube.com/watch?v=w362ns6gCJU,2814,1394,7934,https://www.youtube.com/watch?v=ijT0diKNeU8,1998,0,0,0,
2d57d202ef8e46a5871302b944309bc2,13500,2020201,92,40,165,https://www.youtube.com/watch?v=DJgJp90QPUw,152,70,165,https://www.youtube.com/watch?v=DJgJp90QPUw,90,27,94,https://www.youtube.com/watch?v=nSJ8g5ZCDRg,0,0,0,0,
d3a75c3d9f204420808f38ed629becf4,13400,266730,2972,2105,11111,https://www.youtube.com/watch?v=d2QTacIJ_ZE,2972,2105,11111,https://www.youtube.com/watch?v=d2QTacIJ_ZE,0,0,0,,0,0,0,0,
8150f530d858418282811429cc32622b,13300,759912,473,221,6174,https://www.youtube.com/watch?v=wTemmyaDbvk,475,180,6174,https://www.youtube.com/watch?v=wTemmyaDbvk,420,320,3915,https://www.youtube.com/watch?v=-BPFWWd93AY,9187,340,209,401,https://www.twitch.tv/videos/2070256611
abc7acc71b474ebebecfde51ad5f88e1,13300,413339,290,95,581,https://www.youtube.com/watch?v=GcSk59vobng,346,97,581,https://www.youtube.com/watch?v=GcSk59vobng,290,59,290,https://www.youtube.com/watch?v=SnwU22Y3-qQ,1643,185,129,185,https://www.twitch.tv/videos/2064331892
19234cc590224c45912a14487f756dc5,13300,470185,1741,519,12295,https://www.youtube.com/watch?v=oxmwS3nv0qY,1864,493,12295,https://www.youtube.com/watch?v=oxmwS3nv0qY,1175,544,2875,https://www.youtube.com/watch?v=hb5ivDS8SPU,811,199,150,449,https://www.twitch.tv/videos/2069439142
28a930938667442288010b333937e2ab,13200,1005793,728,411,10465,https://www.youtube.com/watch?v=KTV48BV0RrA,0,0,0,,728,411,10465,https://www.youtube.com/watch?v=KTV48BV0RrA,6583,2238,907,5086,https://www.twitch.tv/videos/2060597093
767afb93c0454b6291ea94d28ae5b5de,13100,270457,3736,1177,10051,https://www.youtube.com/watch?v=fyYxl_J9Gf8,3736,1177,10051,https://www.youtube.com/watch?v=fyYxl_J9Gf8,0,0,0,,5350,2245,1646,3354,https://www.twitch.tv/videos/2068436681
18bd2d37e2e64f0cab20ec6a2b2f2474,13100,347396,296,164,365,https://www.youtube.com/watch?v=sdaA6FoHMmw,296,164,365,https://www.youtube.com/watch?v=sdaA6FoHMmw,0,0,0,,1302,0,0,0,
793e165182584e9aaee5dcc331abbb1e,13000,427642,0,0,0,,0,0,0,,0,0,0,,1782,0,0,0,
e9a9d88bf69e4c83842fe05b3ae1601b,13000,372979,196,60,3331,https://www.youtube.com/watch?v=Hi2UqXZLG58,190,59,1148,https://www.youtube.com/watch?v=U6cz1I581BM,3331,1974,3331,https://www.youtube.com/watch?v=Hi2UqXZLG58,6699,717,212,2984,https://www.twitch.tv/videos/2066389215
1d2404a7bd5a4baab9473392d62e7ca9,12900,346417,777,325,1428,https://www.youtube.com/watch?v=_8-TNgFzdQs,777,325,1428,https://www.youtube.com/watch?v=_8-TNgFzdQs,0,0,0,,6532,1851,691,3208,https://www.twitch.tv/videos/2047965784
0bfd032de03c48a4bd7d1f4505335a7d,12800,342023,466,302,6854,https://www.youtube.com/watch?v=EKueMqg-heU,400,251,1187,https://www.youtube.com/watch?v=9eulJFYgbYw,6065,1202,6854,https://www.youtube.com/watch?v=EKueMqg-heU,0,0,0,0,
d5c19a6328af48ba88bf41b2dd757f14,12600,472984,279,137,1134,https://www.youtube.com/watch?v=YaaWCCx4Bhc,271,132,1134,https://www.youtube.com/watch?v=YaaWCCx4Bhc,489,168,561,https://www.youtube.com/watch?v=tcyBUAHETSk,0,0,0,0,
ed3f69b9de7c43f3a32b4e7dfdb5bfd0,12600,293429,843,268,1947,https://www.youtube.com/watch?v=y8Aury7KR7I,777,268,1947,https://www.youtube.com/watch?v=y8Aury7KR7I,963,307,995,https://www.youtube.com/watch?v=u0YBt0dPZhs,0,0,0,0,
af9cab022b2d4d1cb7e57246975842c4,12600,627939,0,0,0,,0,0,0,,0,0,0,,0,0,0,0,
824c0c36956f4a73bb3ec479dd8e4da8,12500,424675,2885,665,9968,https://www.youtube.com/watch?v=NoVr5oJ4sdc,492,371,5347,https://www.youtube.com/watch?v=emndeM6M9AU,3795,2055,9968,https://www.youtube.com/watch?v=NoVr5oJ4sdc,1613,551,360,1192,https://www.twitch.tv/videos/2062246692
390346240f4748bd9d81e472411c20c2,12500,270499,246,155,519,https://www.youtube.com/watch?v=hiku3g_Wy3I,246,155,347,https://www.youtube.com/watch?v=qB1GorEPvuk,323,122,519,https://www.youtube.com/watch?v=hiku3g_Wy3I,3411,219,151,221,https://www.twitch.tv/videos/2066539916
ec4bc8d279af43eaba4679b762bbbc59,12500,266026,1751,475,10621,https://www.youtube.com/watch?v=FJoUmv-k6aQ,2607,358,10621,https://www.youtube.com/watch?v=FJoUmv-k6aQ,1193,591,1734,https://www.youtube.com/watch?v=8ZrE-AUb6Jc,0,0,0,0,
7b2c8df9fd9d4f33bd5ec0c38f12826f,12500,254583,0,0,0,,0,0,0,,0,0,0,,6570,0,0,0,
fa3bc2669fe041dfaa0765278ffd6330,12000,404548,0,0,0,,0,0,0,,0,0,0,,2485,0,0,0,
59110c6bf6e64ce6bdf86b40246dc106,11900,384617,808,239,5459,https://www.youtube.com/watch?v=hjWeio8p2js,808,239,2293,https://www.youtube.com/watch?v=cpgSN-4FeZs,1385,1155,5459,https://www.youtube.com/watch?v=hjWeio8p2js,0,0,0,0,
08184fac3ec1408a8009f2e7078794dd,11900,512944,1239,531,2001,https://www.youtube.com/watch?v=ZVPncExirg8,1239,531,2001,https://www.youtube.com/watch?v=ZVPncExirg8,0,0,0,,0,0,0,0,
f78c2a00a6854a79930a52885181590c,11900,517970,0,0,0,,0,0,0,,0,0,0,,893,0,0,0,
b165ca888a7d4f61b754ac53ca374f11,11700,692446,610,531,1651,https://www.youtube.com/watch?v=QjT7Ck7LmW4,610,531,1651,https://www.youtube.com/watch?v=QjT7Ck7LmW4,0,0,0,,0,0,0,0,
6559d42f66684b8f80b4cd4589addd85,11600,594320,357,225,645,https://www.youtube.com/watch?v=j8Sdo7qtiZA,353,192,645,https://www.youtube.com/watch?v=j8Sdo7qtiZA,380,228,380,https://www.youtube.com/watch?v=QvZEj-UJlbw,3440,306,194,420,https://www.twitch.tv/videos/2072277582
15cbed02d2f74630b04b73515909c1f4,11600,350915,328,192,2053,https://www.youtube.com/watch?v=Wk2LMEQa6IQ,335,214,855,https://www.youtube.com/watch?v=sDL2aYp7V2k,325,134,2053,https://www.youtube.com/watch?v=Wk2LMEQa6IQ,2083,144,106,527,https://www.twitch.tv/videos/2067259201
221563b6b46245379c6dc6328c9d0447,11500,835722,263,111,351,https://www.youtube.com/watch?v=KoNUtD9U75s,0,0,0,,263,111,351,https://www.youtube.com/watch?v=KoNUtD9U75s,0,0,0,0,
6a30fc9ee6f24d839198497406c63cc1,11400,1063824,138,85,555,https://www.youtube.com/watch?v=6SgwcSuzTG0,141,43,352,https://www.youtube.com/watch?v=Mz9FpluvkJU,127,88,555,https://www.youtube.com/watch?v=6SgwcSuzTG0,370,0,0,0,
8ee549546bb14154b5e1fcaf3dd51f09,11300,274449,371,247,806,https://www.youtube.com/watch?v=rHgNjNPrr1U,575,124,806,https://www.youtube.com/watch?v=rHgNjNPrr1U,371,358,371,https://www.youtube.com/watch?v=4LB5Xv_Fgkw,977,0,0,0,
090be1be8d29429183e190e22fc4be22,11200,450334,207,104,872,https://www.youtube.com/watch?v=zlpfZe9EAdA,197,104,799,https://www.youtube.com/watch?v=0OLnkU4F68A,823,220,872,https://www.youtube.com/watch?v=zlpfZe9EAdA,2729,131,90,188,https://www.twitch.tv/videos/2068386048
bb08b8a2a44746499cbe1be1932fa5f9,11200,46508,45,13,97,https://www.youtube.com/watch?v=s5IPnztrzm0,87,59,97,https://www.youtube.com/watch?v=s5IPnztrzm0,41,12,60,https://www.youtube.com/watch?v=bZtTizvbalM,1,0,0,0,
656455380d524045b9f75d6082563f94,11000,883124,344,217,2626,https://www.youtube.com/watch?v=d5deBuF9nt4,320,101,1837,https://www.youtube.com/watch?v=drtsC99olJg,1334,602,2626,https://www.youtube.com/watch?v=d5deBuF9nt4,523,0,0,0,
0f595c5e48be4f29befb358388a61f8b,10900,450417,601,390,7955,https://www.youtube.com/watch?v=G7MyExRsRMI,593,350,5454,https://www.youtube.com/watch?v=tFa9FdmfkQU,4682,1144,7955,https://www.youtube.com/watch?v=G7MyExRsRMI,199,85,77,85,https://www.twitch.tv/videos/2070560939
75d0bd5fa58a4a5fb479e3b2ebae82a7,10800,334805,278,171,503,https://www.youtube.com/watch?v=ySZfmEeLjqE,278,171,503,https://www.youtube.com/watch?v=ySZfmEeLjqE,0,0,0,,0,0,0,0,
5d8a211269e449868dc84cc422ae0ec7,10700,254270,622,170,1678,https://www.youtube.com/watch?v=q5u9oq83hPg,622,170,1678,https://www.youtube.com/watch?v=q5u9oq83hPg,0,0,0,,0,0,0,0,
b77374e93bbf4e289a5b6082a7b43c3c,10700,511820,849,487,10888,https://www.youtube.com/watch?v=UjRUG0lzFFs,1003,584,1482,https://www.youtube.com/watch?v=-uSIzuwnriA,466,379,10888,https://www.youtube.com/watch?v=UjRUG0lzFFs,0,0,0,0,
d2c76258b7ff45ee88e3585c4c9ed0c1,10700,277160,640,223,1313,https://www.youtube.com/watch?v=tuDC-2RKVt4,640,223,1313,https://www.youtube.com/watch?v=tuDC-2RKVt4,0,0,0,,3445,474,274,1004,https://www.twitch.tv/videos/2055764719
7923371c887541e28bbae1a55b732d05,10600,44366,154,79,293,https://www.youtube.com/watch?v=FKXNdWdJ_xc,154,79,293,https://www.youtube.com/watch?v=FKXNdWdJ_xc,0,0,0,,0,0,0,0,
b57162e62056494d85f1743abdbad648,10600,447249,989,354,5987,https://www.youtube.com/watch?v=uaCevoTXPDs,989,354,5987,https://www.youtube.com/watch?v=uaCevoTXPDs,0,0,0,,279,54,36,54,https://www.twitch.tv/videos/2063381759
2d8030df89d042fba678da36c8f68aea,10600,386538,642,187,767,https://www.youtube.com/watch?v=PuiGcvv1BIE,642,187,767,https://www.youtube.com/watch?v=PuiGcvv1BIE,0,0,0,,0,0,0,0,
80f7b111f0e044abae4c37f6a96b5957,10600,177143,305,180,334,https://www.youtube.com/watch?v=h1yZXnR6F_Y,305,180,334,https://www.youtube.com/watch?v=h1yZXnR6F_Y,0,0,0,,0,0,0,0,
e02e777312df43b986f089339652402e,10400,0,0,0,0,,0,0,0,,0,0,0,,0,0,0,0,
43864254e678407fae3dc899f7155912,10300,324086,490,193,1833,https://www.youtube.com/watch?v=hBoWyUI_jyI,725,257,1833,https://www.youtube.com/watch?v=hBoWyUI_jyI,325,101,1566,https://www.youtube.com/watch?v=Vf7bkqPOpcI,0,0,0,0,
a7145a6e0ede44dfbef984d9dc22534f,10100,443632,1128,386,8032,https://www.youtube.com/watch?v=gI4oqpVoVqU,631,257,4166,https://www.youtube.com/watch?v=nGWgleEZrHw,2318,447,8032,https://www.youtube.com/watch?v=gI4oqpVoVqU,0,0,0,0,
c9e2b4e07dce42dba2db0fb9d2f358b9,10100,168858,158,56,183,https://www.youtube.com/watch?v=EqCG2cL2Phk,158,56,183,https://www.youtube.com/watch?v=EqCG2cL2Phk,0,0,0,,0,0,0,0,
cdb5c89f61c94949a989457cf549b7e4,10100,338926,806,380,5210,https://www.youtube.com/watch?v=E6Fm7iaId5Q,922,359,5210,https://www.youtube.com/watch?v=E6Fm7iaId5Q,597,381,1391,https://www.youtube.com/watch?v=Br2OT_zR15o,0,0,0,0,
22fd5004e4a34134b6855525e01cda73,10100,220696,258,101,1762,https://www.youtube.com/watch?v=Z0LGxSWC9jc,218,97,616,https://www.youtube.com/watch?v=v7QJqLT92RU,741,300,1762,https://www.youtube.com/watch?v=Z0LGxSWC9jc,0,0,0,0,
9e485b7b44e34693ad25bd04be743dbc,10000,388420,0,0,0,,0,0,0,,0,0,0,,0,0,0,0,
42844ee6e0cc47938829b43a3101b9bb,9980,67174,0,0,0,,0,0,0,,0,0,0,,4330,4809,1613,8508,https://www.twitch.tv/videos/2056745334
14d83faa414c415097d577d2da9636ce,9970,499014,163,163,163,https://www.youtube.com/watch?v=vmc2ucmkdG8,163,163,163,https://www.youtube.com/watch?v=vmc2ucmkdG8,0,0,0,,0,0,0,0,
8dd4a8b4598e483e9112b2b1a9466013,9840,2444469,179,94,1843,https://www.youtube.com/watch?v=O5Y4O4GLtcI,142,84,941,https://www.youtube.com/watch?v=ZeVixqEohT8,389,94,1843,https://www.youtube.com/watch?v=O5Y4O4GLtcI,221,0,0,0,
7ef2dc851df94f5aa7f632c736b4307e,9810,324493,918,291,1737,https://www.youtube.com/watch?v=TP3g8do3fsA,918,385,1723,https://www.youtube.com/watch?v=9X_aRyu88_8,1279,156,1737,https://www.youtube.com/watch?v=TP3g8do3fsA,474,0,0,0,
1eec022f916a46b58f5124936afdabe3,9800,106393,349,118,1162,https://www.youtube.com/watch?v=s3dRZLJPVG0,318,138,1162,https://www.youtube.com/watch?v=s3dRZLJPVG0,349,101,665,https://www.youtube.com/watch?v=pXT3AI7mQiU,0,0,0,0,
c518b228a5a849179ab26f28d230036e,9790,76524,238,127,340,https://www.youtube.com/watch?v=hkYEEW-FNyg,245,128,340,https://www.youtube.com/watch?v=hkYEEW-FNyg,69,43,69,https://www.youtube.com/watch?v=_VyitxYpF3k,0,0,0,0,
51cd04cab0de47d4b2b5a156bbe2dfb0,9670,222819,291,113,2497,https://www.youtube.com/watch?v=ky0mPGEsxhw,278,24,442,https://www.youtube.com/watch?v=ERlSuPOqJ6k,1005,178,2497,https://www.youtube.com/watch?v=ky0mPGEsxhw,0,0,0,0,
3cf8b7b95c244f0d9cba700f561c9737,9520,356743,0,0,0,,0,0,0,,0,0,0,,0,0,0,0,
aaa45dc386714427ba862f691d4471ac,9440,346923,2382,1338,10725,https://www.youtube.com/watch?v=G8Bh8hK89XQ,1606,1032,4496,https://www.youtube.com/watch?v=3fPdW9AN__0,3727,2995,10725,https://www.youtube.com/watch?v=G8Bh8hK89XQ,617,0,0,0,
86cb23450c22439e91affb91db6ed326,9310,181634,0,0,0,,0,0,0,,0,0,0,,0,0,0,0,
14770d49681b44c1a6a7fcbdc265f539,9210,450811,1340,543,2913,https://www.youtube.com/watch?v=zKjMmTknCvM,732,326,770,https://www.youtube.com/watch?v=4AoDatVlvZM,2412,897,2913,https://www.youtube.com/watch?v=zKjMmTknCvM,0,0,0,0,
9d153fd60b584d31b600bca66a86e452,9150,373344,634,606,5279,https://www.youtube.com/watch?v=B_LvmVqfaZs,373,363,5279,https://www.youtube.com/watch?v=B_LvmVqfaZs,2198,1242,3864,https://www.youtube.com/watch?v=8wb2QvQhA7Y,0,0,0,0,
78195639f2464c75a84f79d46120e28a,8980,193517,0,0,0,,0,0,0,,0,0,0,,5702,2836,2130,4946,https://www.twitch.tv/videos/2065343511
423dd7da92be47f4af7273c5f74efb27,8870,370405,3017,2178,3017,https://www.youtube.com/watch?v=EDhBpXjT9k4,0,0,0,,3017,2178,3017,https://www.youtube.com/watch?v=EDhBpXjT9k4,37718,3858,1888,7705,https://www.twitch.tv/videos/2058452318
c51f84b3ec9c4501a364a6a4982fa284,8820,286559,0,0,0,,0,0,0,,0,0,0,,2653,455,327,732,https://www.twitch.tv/videos/2065182691
a11814b8fb494b0c88170f182aa37cf9,8810,221310,668,382,1323,https://www.youtube.com/watch?v=bzcGRTgVpdg,843,437,1323,https://www.youtube.com/watch?v=bzcGRTgVpdg,395,203,579,https://www.youtube.com/watch?v=ENMpDXJr4qk,0,0,0,0,
d5aa3e4d1b5e4346baaa0db456048bfa,8760,111181,143,92,501,https://www.youtube.com/watch?v=knBNAphitQE,143,92,501,https://www.youtube.com/watch?v=knBNAphitQE,0,0,0,,0,0,0,0,
fefbcad20d8344c79c74a103d0ea45b2,8750,225007,218,38,438,https://www.youtube.com/watch?v=ZVv5KZb4K-8,218,38,438,https://www.youtube.com/watch?v=ZVv5KZb4K-8,0,0,0,,0,0,0,0,
1434ae451f81469da327f32c387b9df0,8700,197140,746,686,746,https://www.youtube.com/watch?v=l5rGn5jbrcA,746,686,746,https://www.youtube.com/watch?v=l5rGn5jbrcA,0,0,0,,0,0,0,0,
72cc5bf1729245618e1f10da0b796d53,8660,307925,291,102,5138,https://www.youtube.com/watch?v=wR8DE6NbRn4,330,120,4264,https://www.youtube.com/watch?v=M0Aa4TfB5jc,207,82,5138,https://www.youtube.com/watch?v=wR8DE6NbRn4,1507,0,0,0,
4b53aa789e544bd9aaecc9fbc79e4bbe,8640,613012,28,24,28,https://www.youtube.com/watch?v=pEXLAMsN44Y,0,0,0,,28,24,28,https://www.youtube.com/watch?v=pEXLAMsN44Y,0,0,0,0,
936b23e5e87144108c5d3f09f194c8b8,8610,564406,2878,946,8006,https://www.youtube.com/watch?v=ux7fRWmQgcA,1633,568,3617,https://www.youtube.com/watch?v=XToMJ5nGrws,3151,1394,8006,https://www.youtube.com/watch?v=ux7fRWmQgcA,7061,0,0,0,
3005ff0c09064d7f924c506e1e9c18ba,8600,229003,744,533,6365,https://www.youtube.com/watch?v=e82km_wozzc,0,0,0,,744,533,6365,https://www.youtube.com/watch?v=e82km_wozzc,10757,2055,943,3278,https://www.twitch.tv/videos/2051783661
55be1972142c44799f83ce3db4f14fbd,8540,388376,436,279,10313,https://www.youtube.com/watch?v=nevqZlhAScI,454,314,1382,https://www.youtube.com/watch?v=OsFDdD37dPo,436,213,10313,https://www.youtube.com/watch?v=nevqZlhAScI,0,0,0,0,
c163cb7f683c453fa8a994ebbb09ede8,8480,129960,238,91,423,https://www.youtube.com/watch?v=WTN5LDUrdp4,238,91,423,https://www.youtube.com/watch?v=WTN5LDUrdp4,0,0,0,,0,0,0,0,
7298d2db845840d7ab462c7628967f4e,8480,331690,245,143,251,https://www.youtube.com/watch?v=RHfitF1D8_E,245,143,251,https://www.youtube.com/watch?v=RHfitF1D8_E,0,0,0,,0,0,0,0,
3569cab127ab4bf9af790de9a999a5f8,8380,173014,747,370,3340,https://www.youtube.com/watch?v=4lbFkhHhM2U,798,372,3340,https://www.youtube.com/watch?v=4lbFkhHhM2U,300,182,1953,https://www.youtube.com/watch?v=ICMl666t00A,160,0,0,0,
bac1f0b8e8d149d4a48cfd30d7d7ad74,8370,499142,539,202,2389,https://www.youtube.com/watch?v=CJE64zRdgmA,607,313,2389,https://www.youtube.com/watch?v=CJE64zRdgmA,163,71,1673,https://www.youtube.com/watch?v=du4e9afi-GY,0,0,0,0,
8c3af9f56a3f4f1d84fcfcfa9f280c8d,8310,412330,370,197,1298,https://www.youtube.com/watch?v=PM5DQS1OB88,389,221,1298,https://www.youtube.com/watch?v=PM5DQS1OB88,171,100,363,https://www.youtube.com/watch?v=2qEDwVBcNcs,0,0,0,0,
d407b30c72a841bd82af1f5cc8ec0667,8280,307552,246,167,386,https://www.youtube.com/watch?v=loZwjY_wT1c,246,167,386,https://www.youtube.com/watch?v=loZwjY_wT1c,0,0,0,,5357,0,0,0,
fd7a69505569429fb845ac056825f3a9,8280,232829,268,111,5763,https://www.youtube.com/watch?v=WnArA6aS0dE,242,99,1084,https://www.youtube.com/watch?v=1u0jdKNqlz0,488,347,5763,https://www.youtube.com/watch?v=WnArA6aS0dE,0,0,0,0,
2e9fc0ba8558414ba1888ce3a516fc1b,8280,811091,0,0,0,,0,0,0,,0,0,0,,0,0,0,0,
b7f222493f4d4bd1be65f1c08300b45e,8270,265185,202,115,432,https://www.youtube.com/watch?v=n2iNH0kPVsk,198,98,432,https://www.youtube.com/watch?v=n2iNH0kPVsk,322,185,399,https://www.youtube.com/watch?v=nCzYXo6boIA,0,0,0,0,
b4bf821f6a6a440996f4fd9cddaf250b,8130,298611,185,110,3413,https://www.youtube.com/watch?v=23itTqiRRDo,172,110,257,https://www.youtube.com/watch?v=S91PMNnFZZk,3413,866,3413,https://www.youtube.com/watch?v=23itTqiRRDo,311,0,0,0,
1c94e6e4d8cf4f8d9195385a9024275a,8050,78860,0,0,0,,0,0,0,,0,0,0,,408,0,0,0,
b92c6e4c3bea4b938077a8f152f78083,7990,55890,0,0,0,,0,0,0,,0,0,0,,0,0,0,0,
209a528363cd411886ec9e5d086ff1bc,7970,584226,330,170,562,https://www.youtube.com/watch?v=AnuJoJwgxxo,330,170,562,https://www.youtube.com/watch?v=AnuJoJwgxxo,0,0,0,,615,0,0,0,
41a8958a1a4a4cc8b404d04da033400e,7960,326823,0,0,0,,0,0,0,,0,0,0,,486,0,0,0,
7cecb437e7a54e07a29c3a164565957d,7950,167623,685,308,1057,https://www.youtube.com/watch?v=OmblZZdZkSo,685,308,1057,https://www.youtube.com/watch?v=OmblZZdZkSo,0,0,0,,0,0,0,0,
496b5a2dae1a4662806f858e8d40c5ea,7820,268618,0,0,0,,0,0,0,,0,0,0,,0,0,0,0,
538d1d2058da4bdea1c7f43f088e995b,7800,193170,0,0,0,,0,0,0,,0,0,0,,3333,0,0,0,
590a2bca0051444fb98915e5d761d47c,7710,60472,0,0,0,,0,0,0,,0,0,0,,23968,0,0,0,
f3404208a69741c481201fffcdea3d9e,7680,131166,0,0,0,,0,0,0,,0,0,0,,0,0,0,0,
cf66d52e3a4146dbaf03c1578fc25c47,7580,246322,424,156,821,https://www.youtube.com/watch?v=aO4MapFYqqA,409,183,809,https://www.youtube.com/watch?v=G_2ZjgWm1ZY,821,80,821,https://www.youtube.com/watch?v=aO4MapFYqqA,943,63,37,63,https://www.twitch.tv/videos/2061541961
4571c7a211b945f3b608c0066f7e73e4,7570,1396925,188,51,506,https://www.youtube.com/watch?v=BT__D-RTa5U,187,54,506,https://www.youtube.com/watch?v=BT__D-RTa5U,500,51,500,https://www.youtube.com/watch?v=OgAiJLFoKyQ,702,0,0,0,
920d34819cf944e99cf469f7552d535f,7540,489599,2452,1161,8133,https://www.youtube.com/watch?v=Pir8ZdeOlTc,2110,732,3035,https://www.youtube.com/watch?v=T6lOC9wuxvc,6359,2322,8133,https://www.youtube.com/watch?v=Pir8ZdeOlTc,0,0,0,0,
823311ac8226476e8d1e323f536bf8b1,7510,135121,332,52,2086,https://www.youtube.com/watch?v=tonX0Y2uGbA,332,52,2086,https://www.youtube.com/watch?v=tonX0Y2uGbA,0,0,0,,674,0,0,0,
645fc774332a469ebd03f1a822ebe2be,7440,523138,689,306,1232,https://www.youtube.com/watch?v=IvaE0qvpQx8,712,319,1232,https://www.youtube.com/watch?v=IvaE0qvpQx8,463,295,463,https://www.youtube.com/watch?v=FjB3yM3Yr_U,0,0,0,0,
5d2231ea88fd474d8a11e5a759899216,7390,371793,369,193,2105,https://www.youtube.com/watch?v=DnXxo5xyTvA,363,231,2105,https://www.youtube.com/watch?v=DnXxo5xyTvA,569,179,751,https://www.youtube.com/watch?v=wr-CMpZOAsg,209,0,0,0,
13a520e0a60c4aeea42f1c4d613e7e10,7340,235234,0,0,0,,0,0,0,,0,0,0,,506,0,0,0,
139f3f1818a2420aa35d5471adaf1a73,7330,146552,655,251,2420,https://www.youtube.com/watch?v=Nq5m86Fh_0c,655,421,2420,https://www.youtube.com/watch?v=Nq5m86Fh_0c,668,178,1325,https://www.youtube.com/watch?v=F5FPQ77DAvA,0,0,0,0,
e11a32eec71e4b49aba5525ba012a02a,7320,243047,333,156,620,https://www.youtube.com/watch?v=mn3g5lGz5Qw,319,158,620,https://www.youtube.com/watch?v=mn3g5lGz5Qw,400,12,400,https://www.youtube.com/watch?v=Tl_TZV0etNc,0,0,0,0,
00bdfa7c234a47b285152f675d6c650a,7310,1859287,0,0,0,,0,0,0,,0,0,0,,0,0,0,0,
88f782b3b6c6492c926f70e4a13390c9,7290,364035,1106,586,3950,https://www.youtube.com/watch?v=YS-Pm2bj0pg,954,520,2611,https://www.youtube.com/watch?v=ol2bzqt6NnY,1365,615,3950,https://www.youtube.com/watch?v=YS-Pm2bj0pg,350,167,100,167,https://www.twitch.tv/videos/2061569403
3e1c8d17663e49158b54330fdac1a308,7160,67629,0,0,0,,0,0,0,,0,0,0,,853,0,0,0,
340d9b553db042bdb8294ba2f9fd6990,7130,300448,253,141,1290,https://www.youtube.com/watch?v=0P95dFgMuA0,253,144,1290,https://www.youtube.com/watch?v=0P95dFgMuA0,1186,128,1231,https://www.youtube.com/watch?v=wzYxmqvLqlU,1094,0,0,0,
543ddfe1d70d4a19920f6daa1959b3b4,7130,0,0,0,0,,0,0,0,,0,0,0,,0,0,0,0,
0448e6929687421c9e0435832765b9fe,7050,86409,3187,1534,11818,https://www.youtube.com/watch?v=HRoQ_3wxcs8,3187,1534,11818,https://www.youtube.com/watch?v=HRoQ_3wxcs8,0,0,0,,1036,97,77,189,https://www.twitch.tv/videos/2067265936
914f6caed3ff4348824d966f76662bc2,7020,471220,759,485,2281,https://www.youtube.com/watch?v=rXvNgd3wIHI,759,485,2281,https://www.youtube.com/watch?v=rXvNgd3wIHI,1061,619,1921,https://www.youtube.com/watch?v=vnrKyeo-3Yc,0,0,0,0,
03b825a2908749099e40cd4a4d1169aa,7010,158733,304,210,388,https://www.youtube.com/watch?v=ewOnDqxxHsI,304,210,388,https://www.youtube.com/watch?v=ewOnDqxxHsI,0,0,0,,0,0,0,0,
56abcaadabbe44dbbd18ab0ecfe1037f,7000,216755,294,251,1388,https://www.youtube.com/watch?v=ROnr0gZzA9Q,305,261,1388,https://www.youtube.com/watch?v=ROnr0gZzA9Q,23,22,23,https://www.youtube.com/watch?v=At3Fh5uFliU,0,0,0,0,
e069724ddab54dd690d6c3425574effd,6970,212985,1000,614,9240,https://www.youtube.com/watch?v=mu6VGibCO3M,706,412,3067,https://www.youtube.com/watch?v=SgQTZwy5HOM,2687,1219,9240,https://www.youtube.com/watch?v=mu6VGibCO3M,707,227,166,227,https://www.twitch.tv/videos/2065375271
82e63a8d4ae14beab89e13b43b35fce3,6950,93765,458,220,1130,https://www.youtube.com/watch?v=auZv6PwGe4k,422,210,595,https://www.youtube.com/watch?v=LVBd05GwXNE,537,474,1130,https://www.youtube.com/watch?v=auZv6PwGe4k,0,0,0,0,
e1e11ed8ecb24ab6ad7e1d4c4c39f563,6920,209410,221,111,360,https://www.youtube.com/watch?v=IXZMyIsErAM,221,111,271,https://www.youtube.com/watch?v=yIJy417mKQw,261,148,360,https://www.youtube.com/watch?v=IXZMyIsErAM,0,0,0,0,
88aa589d4a3648738e49243d2056d03b,6810,266029,325,116,7146,https://www.youtube.com/watch?v=HjOcVdEFBoo,305,86,680,https://www.youtube.com/watch?v=m4rQLdCj16s,463,125,7146,https://www.youtube.com/watch?v=HjOcVdEFBoo,1229,0,0,0,
554ca19c3d924cacac1f680675b9fdd2,6800,144894,0,0,0,,0,0,0,,0,0,0,,402,0,0,0,
1254f176d93548aca5ac7f4b53313f71,6800,2035631,181,78,3149,https://www.youtube.com/watch?v=59TmNOR7S6E,25,9,72,https://www.youtube.com/watch?v=qYSs8TqK-gg,405,151,3149,https://www.youtube.com/watch?v=59TmNOR7S6E,1495,16,10,40,https://www.twitch.tv/videos/2060619532
f42c6f5877f14a38aef3f3b515769149,6770,614939,353,215,1507,https://www.youtube.com/watch?v=E_BpbLyKy_A,353,215,1507,https://www.youtube.com/watch?v=E_BpbLyKy_A,345,268,472,https://www.youtube.com/watch?v=962Xlr9YXs8,0,0,0,0,
dcebd098c3ea479ba2b0e32a2696a5ec,6760,81476,1630,838,20821,https://www.youtube.com/watch?v=Px-CuMIlceI,1355,850,14498,https://www.youtube.com/watch?v=-zdJdEjRHbs,2025,65,20821,https://www.youtube.com/watch?v=Px-CuMIlceI,0,0,0,0,
80f4d6e50af64a48be812258498e86c0,6750,332641,516,494,516,https://www.youtube.com/watch?v=FFNu5r9Ruog,516,494,516,https://www.youtube.com/watch?v=FFNu5r9Ruog,0,0,0,,160,0,0,0,
ab19e58312b74ebd9b68e27aeb0adde5,6660,235844,257,149,593,https://www.youtube.com/watch?v=IqKHGhAiodc,246,136,467,https://www.youtube.com/watch?v=6jJIr9wNyls,520,399,593,https://www.youtube.com/watch?v=IqKHGhAiodc,0,0,0,0,
557a590ea9764e8c99e72415d1837d52,6630,20776,0,0,0,,0,0,0,,0,0,0,,0,0,0,0,
824bd7df6923453292dec9ff3e3f664a,6620,250276,464,188,1639,https://www.youtube.com/watch?v=XLl2_tOx9ng,503,192,1639,https://www.youtube.com/watch?v=XLl2_tOx9ng,274,153,1595,https://www.youtube.com/watch?v=lZ_APvKtRoA,568,0,0,0,
ecd7e504a0b64480a4127a25678e4b4a,6610,91876,1458,1413,1637,https://www.youtube.com/watch?v=sui7WdTGGEM,1570,1519,1637,https://www.youtube.com/watch?v=sui7WdTGGEM,587,450,587,https://www.youtube.com/watch?v=dNvkPJe5xS8,0,0,0,0,
8faff7aecb9d4e12917ea0144696e2de,6560,149729,601,270,2882,https://www.youtube.com/watch?v=Rig3zYVlFyU,601,270,1145,https://www.youtube.com/watch?v=dkkhS_DbBEA,593,247,2882,https://www.youtube.com/watch?v=Rig3zYVlFyU,0,0,0,0,
310862830fb648b78cca7e581e2622a7,6560,139543,729,373,1194,https://www.youtube.com/watch?v=Clh1oQdct08,0,0,0,,729,373,1194,https://www.youtube.com/watch?v=Clh1oQdct08,12615,3148,1000,7727,https://www.twitch.tv/videos/2066306355
0249265256814f61978f6d492fe1c15d,6550,134648,642,236,4908,https://www.youtube.com/watch?v=swuRGea3g7E,1848,270,4908,https://www.youtube.com/watch?v=swuRGea3g7E,401,130,691,https://www.youtube.com/watch?v=nZ5TcMyTdNw,0,0,0,0,
247215e876d24dae9932464b75fc577c,6520,365998,227,98,7789,https://www.youtube.com/watch?v=o8LnKx9UuTU,212,89,428,https://www.youtube.com/watch?v=Bfjlx9rR548,4157,1796,7789,https://www.youtube.com/watch?v=o8LnKx9UuTU,0,0,0,0,
556c69847bc14bc7be03b3e40e52ac98,6500,116258,341,177,1024,https://www.youtube.com/watch?v=QhLttD_8qKA,363,208,1024,https://www.youtube.com/watch?v=QhLttD_8qKA,306,98,306,https://www.youtube.com/watch?v=e1w5vYkRuDQ,1611,2,1,2,https://www.twitch.tv/videos/2073274604
f40b8e8debf14680b5cc88bae98918f7,6440,206898,529,511,941,https://www.youtube.com/watch?v=Uy6chg6Nsj4,334,6,334,https://www.youtube.com/watch?v=bA7AwSKHqVc,735,647,941,https://www.youtube.com/watch?v=Uy6chg6Nsj4,0,0,0,0,
a168211aa3dd451cb33e09b80df0ea0a,6440,188046,76,39,664,https://www.youtube.com/watch?v=9viqEYmw_2I,75,39,329,https://www.youtube.com/watch?v=ZG7BqhgSr8Q,664,534,664,https://www.youtube.com/watch?v=9viqEYmw_2I,474,0,0,0,
3e269031fb4b45aaa0906ca424190ce2,6410,94182,991,275,6359,https://www.youtube.com/watch?v=jLjkrSqKDf8,547,275,1433,https://www.youtube.com/watch?v=nApVVSbSABY,1906,552,6359,https://www.youtube.com/watch?v=jLjkrSqKDf8,7920,1253,560,1729,https://www.twitch.tv/videos/2059733724
febd22ec0bec4ecdbcd383be8c2694c3,6380,0,0,0,0,,0,0,0,,0,0,0,,2203,409,316,711,https://www.twitch.tv/videos/2067350939
976e0cf401784d3f874dc85b2b2c5839,6380,193221,554,189,1918,https://www.youtube.com/watch?v=9-thRIq3maI,554,230,1918,https://www.youtube.com/watch?v=9-thRIq3maI,530,116,807,https://www.youtube.com/watch?v=I2GV3-P4X4w,1569,0,0,0,
bdc034d3afcd4456b6da2b96a2e460ef,6340,198362,157,10,157,https://www.youtube.com/watch?v=YVt77t7717w,157,10,157,https://www.youtube.com/watch?v=YVt77t7717w,0,0,0,,1499,0,0,0,
2d6886120def4c148c70514433d77e1e,6310,277992,1103,705,5763,https://www.youtube.com/watch?v=BCcA1rCmrgY,947,541,1329,https://www.youtube.com/watch?v=Q3fz-dljFhU,3247,1145,5763,https://www.youtube.com/watch?v=BCcA1rCmrgY,0,0,0,0,
2adc6f9aabb64fd892ff5d29ebdd5c44,6310,204690,736,159,1184,https://www.youtube.com/watch?v=lQ52Cdve4Ro,736,159,1184,https://www.youtube.com/watch?v=lQ52Cdve4Ro,0,0,0,,0,0,0,0,
74c26216c39a40d1a9f1c5f63fa4d344,6290,205029,301,134,2384,https://www.youtube.com/watch?v=DK-QriGo1sc,301,103,638,https://www.youtube.com/watch?v=_AhIObe65BY,313,276,2384,https://www.youtube.com/watch?v=DK-QriGo1sc,0,0,0,0,
f53807443055490f87b85ded6caee0aa,6240,231016,552,264,8755,https://www.youtube.com/watch?v=8M3b_pHWrjg,1088,278,8755,https://www.youtube.com/watch?v=8M3b_pHWrjg,115,48,424,https://www.youtube.com/watch?v=xeQqV8VdLXE,350,0,0,0,
de266b34e79c49b48fa566e9fb1a24af,6230,251866,411,196,5056,https://www.youtube.com/watch?v=bpRUr4TbQg4,326,182,2386,https://www.youtube.com/watch?v=p2iQG7KumlA,2106,780,5056,https://www.youtube.com/watch?v=bpRUr4TbQg4,169,0,0,0,
317c2fd320f545a1b17bda3044c9d0de,6200,477182,0,0,0,,0,0,0,,0,0,0,,0,0,0,0,
1c2de2bbc8ec43c49a84e3b3e67c8ca9,6190,316969,0,0,0,,0,0,0,,0,0,0,,0,0,0,0,
66aa1c91546a4cfdab43faa119cea04a,6180,152,0,0,0,,0,0,0,,0,0,0,,4068,0,0,0,
1af2e898b30a47518c54d7cb52ea92db,6170,192885,894,334,4209,https://www.youtube.com/watch?v=SIbwsKkCXHU,596,201,894,https://www.youtube.com/watch?v=Yn9b04O4YxE,2912,1564,4209,https://www.youtube.com/watch?v=SIbwsKkCXHU,1145,376,162,1219,https://www.twitch.tv/videos/2062736055
3c5b24ec5e7e4451a917bb1683298c05,6070,281643,0,0,0,,0,0,0,,0,0,0,,0,0,0,0,
b54e216619d14031a317b820113e4084,6030,238118,163,62,221,https://www.youtube.com/watch?v=h_tXm9DBDXU,163,75,221,https://www.youtube.com/watch?v=h_tXm9DBDXU,52,23,52,https://www.youtube.com/watch?v=SjsS3d-ZxuQ,0,0,0,0,
da3a3993bd8946da824d66d5a5d456e2,6020,277095,230,46,319,https://www.youtube.com/watch?v=iw5Jndb8Sx4,230,46,319,https://www.youtube.com/watch?v=iw5Jndb8Sx4,0,0,0,,0,0,0,0,
5b6584a73478450d9db3f44b918580fd,6020,140237,666,279,1201,https://www.youtube.com/watch?v=4XIB8iIwxh4,666,150,1196,https://www.youtube.com/watch?v=K3iaH13bT50,828,381,1201,https://www.youtube.com/watch?v=4XIB8iIwxh4,0,0,0,0,
80f41a215cbc487b99f9015de3b58cf0,6010,235522,0,0,0,,0,0,0,,0,0,0,,0,0,0,0,
94c7cb6122bd4dcab2d8660ddc5f5508,5990,194380,171,68,386,https://www.youtube.com/watch?v=A1Poed1o6rM,171,68,386,https://www.youtube.com/watch?v=A1Poed1o6rM,0,0,0,,378,20,15,36,https://www.twitch.tv/videos/2065286578
0158495d5a2542a98181c2ddd21b90af,5980,0,0,0,0,,0,0,0,,0,0,0,,0,0,0,0,
95e5788cabf340e397e2726def426229,5960,105956,280,155,475,https://www.youtube.com/watch?v=hyO-wNdwIus,280,155,475,https://www.youtube.com/watch?v=hyO-wNdwIus,0,0,0,,0,0,0,0,
2a5b6a733ac54aba9490db8f504378d1,5930,100381,0,0,0,,0,0,0,,0,0,0,,0,0,0,0,
3ec59b8cb4114af7be754daa0b1b1ced,5880,208390,903,813,903,https://www.youtube.com/watch?v=FwAq4Gg46P4,903,813,903,https://www.youtube.com/watch?v=FwAq4Gg46P4,0,0,0,,0,0,0,0,
0471d5082a2e419786e141d6424c9150,5860,199758,886,291,3183,https://www.youtube.com/watch?v=f_tAfVG-x6g,0,0,0,,886,291,3183,https://www.youtube.com/watch?v=f_tAfVG-x6g,6366,1159,256,1291,https://www.twitch.tv/videos/2052908564
6eec62ae2c9849de8ca895cef44ec952,5830,201028,264,89,2973,https://www.youtube.com/watch?v=7q6aEfo0ppw,241,67,583,https://www.youtube.com/watch?v=SAKZn6ZUtCk,1951,440,2973,https://www.youtube.com/watch?v=7q6aEfo0ppw,777,0,0,0,
1a520f3d2665454f985490e42467ae27,5830,134372,217,153,2485,https://www.youtube.com/watch?v=Vq9bjXAmH-w,213,94,1581,https://www.youtube.com/watch?v=ruNUd_SA2Yo,1920,756,2485,https://www.youtube.com/watch?v=Vq9bjXAmH-w,0,0,0,0,
b58761a33d75486f8aa0bf3f5bf07fe5,5820,58574,0,0,0,,0,0,0,,0,0,0,,1849,0,0,0,
6603f7e70b684a07a3dac687460bacc5,5820,179622,90,24,125,https://www.youtube.com/watch?v=ncVNTJnLs5k,94,34,125,https://www.youtube.com/watch?v=ncVNTJnLs5k,29,24,29,https://www.youtube.com/watch?v=tP4UFKu-wfU,946,54,49,144,https://www.twitch.tv/videos/2064347557
650652d2db7b4c1bbc27a201cff37639,5820,177833,1417,764,1417,https://www.youtube.com/watch?v=ZGlfVtlKoZw,0,0,0,,1417,764,1417,https://www.youtube.com/watch?v=ZGlfVtlKoZw,0,0,0,0,
281c7713c21e41bcb6e81365f328ab8c,5810,184199,555,200,1228,https://www.youtube.com/watch?v=nMaxSuXbTu0,555,200,1228,https://www.youtube.com/watch?v=nMaxSuXbTu0,0,0,0,,0,0,0,0,
5cdf289b83524643af7ab2f2c8788adf,5810,196226,132,98,241,https://www.youtube.com/watch?v=nGG49AZz8GY,135,99,241,https://www.youtube.com/watch?v=nGG49AZz8GY,129,97,129,https://www.youtube.com/watch?v=NDuCqllPz8E,0,0,0,0,
dc3e05e0c12b4e0a93dc230f30925ee0,5780,147129,901,184,2799,https://www.youtube.com/watch?v=hTPNwmg9-s0,0,0,0,,901,184,2799,https://www.youtube.com/watch?v=hTPNwmg9-s0,4806,466,286,1151,https://www.twitch.tv/videos/2068152695
7d7ceaac9d2a41a5bded6debd077e1e2,5740,2322929,0,0,0,,0,0,0,,0,0,0,,2182,0,0,0,
a83b6d485350402b90238deb371ae654,5740,74030,112,70,285,https://www.youtube.com/watch?v=PQz-r_VDziE,124,64,285,https://www.youtube.com/watch?v=PQz-r_VDziE,101,75,101,https://www.youtube.com/watch?v=sUE56lCNuA8,2888,691,391,914,https://www.twitch.tv/videos/2062457960
4482e4f0cea64f92aa78b2513c7ed897,5720,356196,248,145,1197,https://www.youtube.com/watch?v=0vm2ANwoRVE,241,135,403,https://www.youtube.com/watch?v=FIJHOB7OlPc,761,206,1197,https://www.youtube.com/watch?v=0vm2ANwoRVE,0,0,0,0,
8dbec1de49be44d897f1c894427f3165,5710,75245,1813,738,10902,https://www.youtube.com/watch?v=i9QaZE88UGY,1813,831,10902,https://www.youtube.com/watch?v=i9QaZE88UGY,1765,247,3033,https://www.youtube.com/watch?v=WKbvWElwB3o,0,0,0,0,
24e82c81100a446c89de043b738483e9,5700,488546,263,195,269,https://www.youtube.com/watch?v=zzQQXqNuO8A,263,195,269,https://www.youtube.com/watch?v=zzQQXqNuO8A,0,0,0,,0,0,0,0,
468c9630d37b4c41bb6b0305dc1143cf,5700,343049,280,95,1564,https://www.youtube.com/watch?v=dQkYU2TEp6I,297,92,1564,https://www.youtube.com/watch?v=dQkYU2TEp6I,151,139,151,https://www.youtube.com/watch?v=F-DLDQK-DZw,1051,0,0,0,
5cb1c062f5f94b44a41ae658f4a53f0c,5690,71990,0,0,0,,0,0,0,,0,0,0,,9467,1083,516,1932,https://www.twitch.tv/videos/2046106764
0851296bdf4c4516b2506b8cce5151da,5670,534173,175,110,1674,https://www.youtube.com/watch?v=WyqG3ToJups,0,0,0,,175,110,1674,https://www.youtube.com/watch?v=WyqG3ToJups,0,0,0,0,
fffd31d236a2479c9070bcc171bdc13d,5640,99692,537,175,695,https://www.youtube.com/watch?v=Vsw9YEbaNV4,537,175,695,https://www.youtube.com/watch?v=Vsw9YEbaNV4,0,0,0,,0,0,0,0,
44052b3832774bd7a4e4151f044c0901,5630,119032,0,0,0,,0,0,0,,0,0,0,,2202,0,0,0,
36a96262405a4d4683db73d8403bf8b7,5600,374475,577,261,1374,https://www.youtube.com/watch?v=45qq3Og3MjY,540,197,735,https://www.youtube.com/watch?v=_stlmfWdeIc,1025,326,1374,https://www.youtube.com/watch?v=45qq3Og3MjY,0,0,0,0,
a1470eec8f9349668adfbad2f25329b1,5590,766,0,0,0,,0,0,0,,0,0,0,,1528,0,0,0,
1a3a0feb188e499ab4972c971d639f58,5580,219905,557,408,1790,https://www.youtube.com/watch?v=Y_RurXrd6I0,557,408,1790,https://www.youtube.com/watch?v=Y_RurXrd6I0,0,0,0,,0,0,0,0,
c4470a1419984fb8aec0851f225b177a,5550,422682,313,94,333,https://www.youtube.com/watch?v=T_WD6EWM8b8,290,145,333,https://www.youtube.com/watch?v=T_WD6EWM8b8,313,94,313,https://www.youtube.com/watch?v=wDcMJFwOKiE,0,0,0,0,
7f72433f23da4bf8bfbf7ee3904eb7ca,5520,201465,916,491,11176,https://www.youtube.com/watch?v=HdsuCNgXHAU,1167,524,4781,https://www.youtube.com/watch?v=P-zOEaYQEGE,668,457,11176,https://www.youtube.com/watch?v=HdsuCNgXHAU,829,0,0,0,
25938d6d61cc45379bb0b98da7924ddf,5500,111602,0,0,0,,0,0,0,,0,0,0,,0,0,0,0,
ac2b3c839ed14b12af1acecf322a15bd,5500,144742,95,54,1871,https://www.youtube.com/watch?v=G42vJ9xHPFM,412,338,596,https://www.youtube.com/watch?v=V8V7_Afwmt0,90,50,1871,https://www.youtube.com/watch?v=G42vJ9xHPFM,0,0,0,0,
16c4a9b7211a44f6b98d8e1aebf4ea70,5490,170793,233,134,607,https://www.youtube.com/watch?v=8mKFEs_zKBM,233,142,607,https://www.youtube.com/watch?v=8mKFEs_zKBM,150,18,150,https://www.youtube.com/watch?v=PVjtRC__-9o,610,0,0,0,
703ae2c7ccc9431382a5b0f2c35e6ec1,5470,122326,355,133,844,https://www.youtube.com/watch?v=05jwSfeIxBc,355,133,844,https://www.youtube.com/watch?v=05jwSfeIxBc,0,0,0,,0,0,0,0,
f819220249044c7ca97126c828833c9b,5460,0,0,0,0,,0,0,0,,0,0,0,,0,0,0,0,
470d1cb40a5e460e8cdc1414c5fd1a34,5450,201542,1283,552,9253,https://www.youtube.com/watch?v=n7Jkl7FzvrM,1318,621,9253,https://www.youtube.com/watch?v=n7Jkl7FzvrM,405,81,476,https://www.youtube.com/watch?v=Ah3c5kx-RG0,1289,0,0,0,
38fcf8bc7f3f45d68bab44577c019c84,5420,157051,616,240,3086,https://www.youtube.com/watch?v=dBFP3MHWxvU,388,201,2217,https://www.youtube.com/watch?v=5owFRXFCv5w,878,423,3086,https://www.youtube.com/watch?v=dBFP3MHWxvU,0,0,0,0,
df0c2ce19ccf4e26ac1a18065f85dacc,5400,211474,355,201,2610,https://www.youtube.com/watch?v=VrVXgSmorKk,300,119,1138,https://www.youtube.com/watch?v=9h93oTTWMTs,1007,522,2610,https://www.youtube.com/watch?v=VrVXgSmorKk,0,0,0,0,
410a9fff47f5491d98c47a4fa25ddf83,5390,6623,0,0,0,,0,0,0,,0,0,0,,0,0,0,0,
a20202f0e1b14feb90c5ec173fad0e93,5370,383782,0,0,0,,0,0,0,,0,0,0,,0,0,0,0,
350516d81d0944fd8dde463cbd4fd279,5350,455980,508,456,2809,https://www.youtube.com/watch?v=K2bvJnMeXuk,232,48,284,https://www.youtube.com/watch?v=BVA4RkKtShE,987,589,2809,https://www.youtube.com/watch?v=K2bvJnMeXuk,0,0,0,0,
7e088cf828bf4e02ae65bb8a1f6a8b89,5310,183431,130,46,139,https://www.youtube.com/watch?v=IYr2ntTch6Q,130,46,139,https://www.youtube.com/watch?v=IYr2ntTch6Q,0,0,0,,196,0,0,0,
f9c9c29a9fb143539ade06564b99b233,5300,17660,78,53,99,https://www.youtube.com/watch?v=dWBqEH5v9Q0,78,53,99,https://www.youtube.com/watch?v=dWBqEH5v9Q0,0,0,0,,0,0,0,0,
effe96469a7348c786d01ccea8cf71cb,5290,146357,870,376,1114,https://www.youtube.com/watch?v=BuJGG1RtZAc,626,351,626,https://www.youtube.com/watch?v=p6yfyBsEKRM,1114,400,1114,https://www.youtube.com/watch?v=BuJGG1RtZAc,0,0,0,0,
215d93a2bd634b4cbeed0e88ae6d6e14,5260,941185,592,385,16767,https://www.youtube.com/watch?v=VXFeqOsGJVs,506,368,1406,https://www.youtube.com/watch?v=VGVfpDc634k,2381,561,16767,https://www.youtube.com/watch?v=VXFeqOsGJVs,120,0,0,0,
e17f42aa104040deae2ee3f3b1e85ed8,5220,246486,0,0,0,,0,0,0,,0,0,0,,33109,6814,1750,10090,https://www.twitch.tv/videos/2052266142
3c16d0b797bf49c3a4a6c043802ee2ec,5210,27218,0,0,0,,0,0,0,,0,0,0,,0,0,0,0,
1dd6fdbb4f764fc3a18747c8adbf0692,5190,133983,438,302,1870,https://www.youtube.com/watch?v=thTH2voBXCE,438,302,1870,https://www.youtube.com/watch?v=thTH2voBXCE,0,0,0,,0,0,0,0,
c72226925ba94855b9fcc88fc2a25acc,5160,357480,234,110,2530,https://www.youtube.com/watch?v=NrNHjnqs4SY,1016,466,2530,https://www.youtube.com/watch?v=NrNHjnqs4SY,158,91,1270,https://www.youtube.com/watch?v=RZHlT1Jov2E,0,0,0,0,
5f0afd7885894861925e7030c096297e,5120,249264,208,103,641,https://www.youtube.com/watch?v=pfxwJjHJ_XU,201,92,458,https://www.youtube.com/watch?v=JcxTmuOLR-Y,575,292,641,https://www.youtube.com/watch?v=pfxwJjHJ_XU,0,0,0,0,
13c69e2cf2ff4dc1907bbae9a87a8c0f,5060,205854,535,224,16080,https://www.youtube.com/watch?v=9rorUt0ybJk,328,196,5485,https://www.youtube.com/watch?v=ZOa51retxOY,3253,1998,16080,https://www.youtube.com/watch?v=9rorUt0ybJk,970,277,177,388,https://www.twitch.tv/videos/2064427495
61dcd0f9c508433c824c0ba221d325e0,5050,217194,0,0,0,,0,0,0,,0,0,0,,0,0,0,0,
532b143e82d6452fac9a18d1d025a2af,4990,0,0,0,0,,0,0,0,,0,0,0,,0,0,0,0,
ad2a1148ff4747229694f9aa2c3645d9,4960,319362,334,187,4448,https://www.youtube.com/watch?v=YJy55uCMXyI,197,119,2182,https://www.youtube.com/watch?v=ccHq_KlsU1k,1356,349,4448,https://www.youtube.com/watch?v=YJy55uCMXyI,0,0,0,0,
5fc94cdcf7594a3ba5ce001ba405d3be,4940,224811,445,240,1598,https://www.youtube.com/watch?v=TVtthatJbpA,600,246,889,https://www.youtube.com/watch?v=1Ow1F9a0f5I,286,235,1598,https://www.youtube.com/watch?v=TVtthatJbpA,982,292,200,292,https://www.twitch.tv/videos/2064016360
de81b740d66c439685aa37491d27efc4,4930,451982,0,0,0,,0,0,0,,0,0,0,,4287,261,226,364,https://www.twitch.tv/videos/2063356921
e68d9d0d1b344998b5b8adc60f321b50,4920,123354,260,200,260,https://www.youtube.com/watch?v=ltX1lN-ekm8,260,200,260,https://www.youtube.com/watch?v=ltX1lN-ekm8,0,0,0,,0,0,0,0,
0b1217df534d441bbdeb11d5f2a6465b,4920,15812,142,44,337,https://www.youtube.com/watch?v=W-UFvP36Xi0,142,44,337,https://www.youtube.com/watch?v=W-UFvP36Xi0,0,0,0,,768,0,0,0,
6fe51595bece4323917555fd738c031e,4860,6407,0,0,0,,0,0,0,,0,0,0,,1035,0,0,0,
696e947cd8624e609553d6786d21f11c,4860,80608,243,90,519,https://www.youtube.com/watch?v=AOEPSw3S0UM,248,90,519,https://www.youtube.com/watch?v=AOEPSw3S0UM,89,76,89,https://www.youtube.com/watch?v=gT-9c1DLne4,0,0,0,0,
08be94e874d448f8a2794a44c61e8d8f,4850,346172,270,40,351,https://www.youtube.com/watch?v=_xT3ZnfqdOY,270,40,351,https://www.youtube.com/watch?v=_xT3ZnfqdOY,0,0,0,,0,0,0,0,
2ada3b89962b479bb8dbd2a63bca5da1,4840,215592,314,149,2303,https://www.youtube.com/watch?v=Vn-wsWnoAZE,314,149,2303,https://www.youtube.com/watch?v=Vn-wsWnoAZE,0,0,0,,0,0,0,0,
fe1d3152398b44e39d69f7ef78e73a8c,4810,152769,709,333,3753,https://www.youtube.com/watch?v=ZIR0tNQh-GY,604,299,943,https://www.youtube.com/watch?v=eKFMOe4Jhx8,1200,505,3753,https://www.youtube.com/watch?v=ZIR0tNQh-GY,0,0,0,0,
fe1146730c9147f98f2b01f45cf242fd,4800,133902,0,0,0,,0,0,0,,0,0,0,,0,0,0,0,
443df65de03b4bd581708efc29b283ab,4770,66875,0,0,0,,0,0,0,,0,0,0,,2374,0,0,0,
420208d1dcb74abfa325fc1f6a27e17b,4750,174182,770,269,3729,https://www.youtube.com/watch?v=lykmdMl1uAQ,770,269,3729,https://www.youtube.com/watch?v=lykmdMl1uAQ,0,0,0,,1300,0,0,0,
49196eec11454f589d4d6e52f1b1bbe8,4730,240859,212,71,3166,https://www.youtube.com/watch?v=zYOPC9Kp5Oo,190,67,346,https://www.youtube.com/watch?v=4rS5ELwgVYk,265,122,3166,https://www.youtube.com/watch?v=zYOPC9Kp5Oo,0,0,0,0,
c4c40346f25443958f26010756c4693a,4720,239210,1301,413,7935,https://www.youtube.com/watch?v=naFp3NjrxnY,701,218,1896,https://www.youtube.com/watch?v=GzudZRuKh3g,2503,730,7935,https://www.youtube.com/watch?v=naFp3NjrxnY,80,0,0,0,
62f0f99b50d84bef91d06efdfe1c011e,4710,124109,0,0,0,,0,0,0,,0,0,0,,0,0,0,0,
1aac7d12633a48c2b8f39356ee85de48,4700,110417,0,0,0,,0,0,0,,0,0,0,,2521,0,0,0,
bf48aafcc9464111b358a4595cc7311c,4690,93017,317,133,544,https://www.youtube.com/watch?v=gASteVgpTyk,317,133,409,https://www.youtube.com/watch?v=m3gf0cVrkTI,315,286,544,https://www.youtube.com/watch?v=gASteVgpTyk,0,0,0,0,
d9e5219a4cd84ac59bc35faa94729f01,4680,118965,220,55,1285,https://www.youtube.com/watch?v=wZH_R-7wwWA,0,0,0,,220,55,1285,https://www.youtube.com/watch?v=wZH_R-7wwWA,6973,533,387,1520,https://www.twitch.tv/videos/2063228349
836fc798e2ec48b9985333de75d490ac,4670,337874,259,130,666,https://www.youtube.com/watch?v=_1-sGvr_Esg,276,177,666,https://www.youtube.com/watch?v=_1-sGvr_Esg,259,42,266,https://www.youtube.com/watch?v=NQWgng2m2Ks,0,0,0,0,
887b37336c9c4730809ace8b5e38df17,4660,23448,0,0,0,,0,0,0,,0,0,0,,45733,13335,3601,17538,https://www.twitch.tv/videos/2049337693
81387cdce77a4a9b9338145b28ae9ff6,4650,58859,124,35,138,https://www.youtube.com/watch?v=wIyfJROk4q0,124,35,138,https://www.youtube.com/watch?v=wIyfJROk4q0,0,0,0,,0,0,0,0,
f985903969ad4e8b839e919aabe94480,4630,219788,325,118,1260,https://www.youtube.com/watch?v=2lt7YPpCU8s,322,114,1260,https://www.youtube.com/watch?v=2lt7YPpCU8s,448,190,604,https://www.youtube.com/watch?v=YRRr3qsy5MA,0,0,0,0,
365db081229a4efeb4630f19587a96b2,4610,131236,297,179,2965,https://www.youtube.com/watch?v=ueHhT0vuUqA,297,179,2486,https://www.youtube.com/watch?v=LokKzOQRe0Q,363,216,2965,https://www.youtube.com/watch?v=ueHhT0vuUqA,0,0,0,0,
b6a105f12b904256ba356935ae46657f,4600,102870,226,116,404,https://www.youtube.com/watch?v=5lo3BPD9_z0,226,116,404,https://www.youtube.com/watch?v=5lo3BPD9_z0,0,0,0,,7226,341,263,680,https://www.twitch.tv/videos/2060600251
757f1b20f7bd459ebd8949da907dceea,4590,186893,205,101,800,https://www.youtube.com/watch?v=mgcxpwLNLAc,236,110,800,https://www.youtube.com/watch?v=mgcxpwLNLAc,98,4,105,https://www.youtube.com/watch?v=7M2vx4ftmBA,0,0,0,0,
cb08464feb254db19b620331280e35e4,4590,205985,0,0,0,,0,0,0,,0,0,0,,0,0,0,0,
ebc44e2ba78f4790b832d02c31410262,4580,158179,312,157,3840,https://www.youtube.com/watch?v=Rova7FwVYY8,316,213,998,https://www.youtube.com/watch?v=dLRDAqXWuio,262,97,3840,https://www.youtube.com/watch?v=Rova7FwVYY8,0,0,0,0,
d96ffd71ce0d4f508b270703149a6669,4580,145345,177,91,249,https://www.youtube.com/watch?v=TlhJwkoTRzA,177,91,249,https://www.youtube.com/watch?v=TlhJwkoTRzA,0,0,0,,0,0,0,0,
1937fa889b474d339713d1117f435018,4570,603309,44,36,108,https://www.youtube.com/watch?v=iciKY7t9yTI,0,0,0,,44,36,108,https://www.youtube.com/watch?v=iciKY7t9yTI,5156,934,550,1052,https://www.twitch.tv/videos/2059562353
77e980ab542a4db6a34b5ac9c8f3948b,4560,170496,1156,378,3993,https://www.youtube.com/watch?v=KyNGiRSwLmM,1055,378,3993,https://www.youtube.com/watch?v=KyNGiRSwLmM,1549,330,3239,https://www.youtube.com/watch?v=XgRzDa1Vq1I,618,0,0,0,
6073eb006b764614915e90b5c54ce7e6,4540,232686,195,150,9454,https://www.youtube.com/watch?v=Lu6rdcfNkPM,0,0,0,,195,150,9454,https://www.youtube.com/watch?v=Lu6rdcfNkPM,2625,581,455,898,https://www.twitch.tv/videos/2059407108
4fd21f7726694ecfb8e81e5352487a7b,4530,147636,262,116,779,https://www.youtube.com/watch?v=mJctc2gPmKw,302,123,779,https://www.youtube.com/watch?v=mJctc2gPmKw,28,27,28,https://www.youtube.com/watch?v=jInwQoisGC0,0,0,0,0,
d2a7b2d142ea4076afcfc7263b9e09fd,4530,222023,275,166,846,https://www.youtube.com/watch?v=_XC47hmQOKY,282,195,846,https://www.youtube.com/watch?v=_XC47hmQOKY,83,82,83,https://www.youtube.com/watch?v=_BoFAthl57Y,679,229,211,229,https://www.twitch.tv/videos/2071099238
dcbc307037cf4e76995feff3c579760c,4500,6716,0,0,0,,0,0,0,,0,0,0,,2201,169,124,169,https://www.twitch.tv/videos/2065395142
74213f36e573452ca8f9f1e0a72f8ee5,4500,80461,0,0,0,,0,0,0,,0,0,0,,0,0,0,0,
16197a62aec94bcfa2e73220f291369b,4490,74624,0,0,0,,0,0,0,,0,0,0,,0,0,0,0,
558d8602fdeb4f3cb4ce484babb30577,4490,172159,593,239,2462,https://www.youtube.com/watch?v=XH3V_Zoo_p4,917,389,2462,https://www.youtube.com/watch?v=XH3V_Zoo_p4,507,130,627,https://www.youtube.com/watch?v=U6x5fyVPzEU,0,0,0,0,
9335c3076be84149abfbef91ac0e9e68,4490,127367,354,224,3601,https://www.youtube.com/watch?v=Lx1khe72YkI,296,109,779,https://www.youtube.com/watch?v=z8r0m0cyCKk,623,582,3601,https://www.youtube.com/watch?v=Lx1khe72YkI,363,220,131,332,https://www.twitch.tv/videos/2067382073
592e95fcfa4e4610959b5635e449813d,4470,261108,337,290,337,https://www.youtube.com/watch?v=lUK9-eHvehE,0,0,0,,337,290,337,https://www.youtube.com/watch?v=lUK9-eHvehE,790,0,0,0,
c9ac78b9004c4c26ba4107ccefe399ec,4470,143369,75,52,160,https://www.youtube.com/watch?v=8BLSjKrxT_g,75,52,160,https://www.youtube.com/watch?v=8BLSjKrxT_g,0,0,0,,0,0,0,0,
7b58646f89cb4b7cbcdce819499c475f,4460,66808,277,99,14104,https://www.youtube.com/watch?v=pHwD5323xWs,173,99,379,https://www.youtube.com/watch?v=PuCRrNNhYGs,7291,4482,14104,https://www.youtube.com/watch?v=pHwD5323xWs,0,0,0,0,
961e233f32a24593a1628e7c79f43f12,4450,79203,0,0,0,,0,0,0,,0,0,0,,0,0,0,0,
0fa88d7be0ba4850abea150aa73fe440,4430,220074,371,192,536,https://www.youtube.com/watch?v=J45RAD4wRAo,519,298,536,https://www.youtube.com/watch?v=J45RAD4wRAo,203,125,240,https://www.youtube.com/watch?v=qwPNGlW36Q8,0,0,0,0,
4762b7be8b764f19a33a7cf167c2ea64,4420,86059,88,45,120,https://www.youtube.com/watch?v=FPThzeJmRUQ,91,47,120,https://www.youtube.com/watch?v=FPThzeJmRUQ,45,43,45,https://www.youtube.com/watch?v=m1nCviaBAFo,0,0,0,0,
613b1c970cbf444980eba674ab40d807,4410,144910,0,0,0,,0,0,0,,0,0,0,,0,0,0,0,
c21605e81c714d7d9d66a627984dc30b,4410,0,0,0,0,,0,0,0,,0,0,0,,0,0,0,0,
bf58297d50a741e5b1808ec4c445f216,4410,119403,396,116,1718,https://www.youtube.com/watch?v=2uuLmh5OaJ8,666,382,1718,https://www.youtube.com/watch?v=2uuLmh5OaJ8,74,64,209,https://www.youtube.com/watch?v=mSX3OGykhsw,0,0,0,0,
7f9d223a684e44e8b8d30bedcc07f1fa,4400,123674,230,120,360,https://www.youtube.com/watch?v=qhiPjr92V98,230,138,292,https://www.youtube.com/watch?v=dS5LNcd85Bs,258,78,360,https://www.youtube.com/watch?v=qhiPjr92V98,0,0,0,0,
4cd21df2b76148b182903cc0aebe2bfa,4360,127428,253,127,1400,https://www.youtube.com/watch?v=FJIG0zIbRyk,243,114,718,https://www.youtube.com/watch?v=QEN6MmaZTF8,1400,697,1400,https://www.youtube.com/watch?v=FJIG0zIbRyk,0,0,0,0,
b9569d6e438b473ba61d88c0230899f5,4340,156991,334,149,444,https://www.youtube.com/watch?v=kVU34jDDtRY,334,149,444,https://www.youtube.com/watch?v=kVU34jDDtRY,0,0,0,,0,0,0,0,
1158cc8efbb64d169dd3f2c9512c5bb5,4330,84216,206,53,2675,https://www.youtube.com/watch?v=UhYC8PXtkXw,112,32,127,https://www.youtube.com/watch?v=sa-cVuoVT1g,214,198,2675,https://www.youtube.com/watch?v=UhYC8PXtkXw,344,481,332,776,https://www.twitch.tv/videos/2071229307
9b11be3138284ff3904d3292d6aaa284,4320,182474,195,155,661,https://www.youtube.com/watch?v=oPga6Lf1jIk,202,162,661,https://www.youtube.com/watch?v=oPga6Lf1jIk,85,50,234,https://www.youtube.com/watch?v=lmq6j-mKPNs,0,0,0,0,
9e213402f2f54c42866d4f62545921b4,4300,71587,214,120,405,https://www.youtube.com/watch?v=eX-srJzlb5k,214,90,214,https://www.youtube.com/watch?v=zmjH8Y7T_1A,405,170,405,https://www.youtube.com/watch?v=eX-srJzlb5k,383,0,0,0,
65d2f574783c4c6297aaa915a891acda,4300,13841,0,0,0,,0,0,0,,0,0,0,,0,0,0,0,
a462ab3186bc4830be89635acd0a7a1a,4290,345788,0,0,0,,0,0,0,,0,0,0,,0,0,0,0,
8309d31b418642db83f0cf56b38fc9ad,4280,280686,405,208,650,https://www.youtube.com/watch?v=M4zmJGhQqpI,401,225,576,https://www.youtube.com/watch?v=3WLHlCkWS_Y,533,141,650,https://www.youtube.com/watch?v=M4zmJGhQqpI,104,0,0,0,
33717d815310491da465eb6258a70b1c,4270,175378,295,126,964,https://www.youtube.com/watch?v=3GHxNLedNNQ,295,97,519,https://www.youtube.com/watch?v=FpXTDTpC2J0,620,460,964,https://www.youtube.com/watch?v=3GHxNLedNNQ,0,0,0,0,
b10149a2a1ee4ffcbf1dacb1b1722f9f,4250,86368,189,83,2247,https://www.youtube.com/watch?v=IfvwwaY6OO0,172,75,988,https://www.youtube.com/watch?v=26StOZFG3aY,1902,652,2247,https://www.youtube.com/watch?v=IfvwwaY6OO0,751,95,75,95,https://www.twitch.tv/videos/2067383061
96fc771ccb55485bb770997ec43e1ce1,4230,83642,0,0,0,,0,0,0,,0,0,0,,0,0,0,0,
94082eb7d950471b934592394ad3e4c8,4230,137003,597,180,1427,https://www.youtube.com/watch?v=w1X0Y2nf1MI,494,180,918,https://www.youtube.com/watch?v=SATNnOKSsiY,1230,468,1427,https://www.youtube.com/watch?v=w1X0Y2nf1MI,0,0,0,0,
f9c7e5b8bcae492aa838379fb3190c20,4230,145877,233,82,3160,https://www.youtube.com/watch?v=BmwVSNjcGUg,211,82,471,https://www.youtube.com/watch?v=n_KUyFpD1RA,3160,420,3160,https://www.youtube.com/watch?v=BmwVSNjcGUg,0,0,0,0,
925d91a363914edfb035fe6c08946be9,4220,93373,280,226,592,https://www.youtube.com/watch?v=tdGpQnGnmZM,271,105,304,https://www.youtube.com/watch?v=VrqFJjtIzTo,545,484,592,https://www.youtube.com/watch?v=tdGpQnGnmZM,0,0,0,0,
872627e5c7a248bfb41a055dee03029a,4210,93058,30,11,47,https://www.youtube.com/watch?v=he6UpuFaswQ,30,11,47,https://www.youtube.com/watch?v=he6UpuFaswQ,0,0,0,,690,0,0,0,
f7b1eada802e4ed89c306c6641d243b3,4210,141589,161,101,2419,https://www.youtube.com/watch?v=t3OdaLj0-OQ,159,99,312,https://www.youtube.com/watch?v=zIn1UNVB2g4,978,131,2419,https://www.youtube.com/watch?v=t3OdaLj0-OQ,375,0,0,0,
25388daec64e40f38ca0e5a3a88fedb7,4200,16673,619,504,8538,https://www.youtube.com/watch?v=0c4tURDjpzM,0,0,0,,619,504,8538,https://www.youtube.com/watch?v=0c4tURDjpzM,303,0,0,0,
6f9d63518a69442a88ac602a3b37bf18,4200,181338,374,116,2217,https://www.youtube.com/watch?v=M578FXpkd6M,428,292,1321,https://www.youtube.com/watch?v=Xi-awoZG3A8,77,50,2217,https://www.youtube.com/watch?v=M578FXpkd6M,0,0,0,0,
48fd85a178c24579ac7d8f43f1e5bc39,4190,152571,0,0,0,,0,0,0,,0,0,0,,199,0,0,0,
b473dffe721745f6beb34b5a49e9aeda,4180,308712,730,247,1239,https://www.youtube.com/watch?v=arF8aBJOEiY,737,246,1229,https://www.youtube.com/watch?v=vesOv9M8Xtg,555,336,1239,https://www.youtube.com/watch?v=arF8aBJOEiY,0,0,0,0,
e1b2337b79d1449e9ae6a754ec74050d,4180,404771,434,140,1617,https://www.youtube.com/watch?v=3AZswbLuiYk,477,237,1617,https://www.youtube.com/watch?v=3AZswbLuiYk,154,70,167,https://www.youtube.com/watch?v=kBYcRx4wiwg,0,0,0,0,
c321746bebe740cb98625ca4cf6fb9a7,4170,91257,330,210,1989,https://www.youtube.com/watch?v=HS6Tdw9R2L0,314,71,330,https://www.youtube.com/watch?v=tXddRZBqS4M,1289,347,1989,https://www.youtube.com/watch?v=HS6Tdw9R2L0,0,0,0,0,
f332651666ff4dcfab45f08a39a62d8d,4160,0,0,0,0,,0,0,0,,0,0,0,,0,0,0,0,
f4fc9f87ed4b4f05a339b1f1a1d621b6,4150,83648,0,0,0,,0,0,0,,0,0,0,,0,0,0,0,
b286145fca2d498794f3688e06ecf2b0,4150,67552,0,0,0,,0,0,0,,0,0,0,,0,0,0,0,
c5c929e77b8d4a5d883d8287c2433949,4140,0,0,0,0,,0,0,0,,0,0,0,,1701,0,0,0,
d41f0a9dfdec46929f6f9534f8d79167,4140,42568,447,282,447,https://www.youtube.com/watch?v=PlsOubzmI3s,0,0,0,,447,282,447,https://www.youtube.com/watch?v=PlsOubzmI3s,0,0,0,0,
9604bd9896fc421ba131a9a6e11d50b0,4130,211238,199,133,7376,https://www.youtube.com/watch?v=DcAWWsPKHno,176,114,7376,https://www.youtube.com/watch?v=DcAWWsPKHno,1161,380,2463,https://www.youtube.com/watch?v=nh_XJWYw6DM,0,0,0,0,
a99bc695c89d41e391a5abf6e781c911,4130,217369,287,68,5366,https://www.youtube.com/watch?v=oSRrxVLDYRc,105,4,105,https://www.youtube.com/watch?v=A4Nf7mTypW0,398,151,5366,https://www.youtube.com/watch?v=oSRrxVLDYRc,0,0,0,0,
62e820e937ef4f4aaea0073bc5b21063,4070,75070,239,130,2388,https://www.youtube.com/watch?v=ezTuigejeto,198,123,1300,https://www.youtube.com/watch?v=7eVND2Ldgx8,484,290,2388,https://www.youtube.com/watch?v=ezTuigejeto,0,0,0,0,
ea7d228d8fb2462f95aef21fc5bd4fb8,4070,506990,922,368,4077,https://www.youtube.com/watch?v=7rfu1WWZc6M,904,356,2531,https://www.youtube.com/watch?v=6o7Tuqojy2I,4077,3124,4077,https://www.youtube.com/watch?v=7rfu1WWZc6M,0,0,0,0,
ef67b676c0334ef182151f473469c1f1,4070,129463,289,149,986,https://www.youtube.com/watch?v=QNGVUbNMfV8,289,149,986,https://www.youtube.com/watch?v=QNGVUbNMfV8,0,0,0,,0,0,0,0,
627d42f52e604f3e8eadc7f04ef74d2a,4060,65271,60,19,84,https://www.youtube.com/watch?v=a50iWFlSpwU,0,0,0,,60,19,84,https://www.youtube.com/watch?v=a50iWFlSpwU,0,0,0,0,
a51be890a1f443ea87bee45c9d8acf13,4040,398416,467,293,698,https://www.youtube.com/watch?v=aNXFXdsBHJk,0,0,0,,467,293,698,https://www.youtube.com/watch?v=aNXFXdsBHJk,11775,1538,690,4477,https://www.twitch.tv/videos/2057516870
8c6bc741e4614154a63e987f930a468d,4030,118321,415,192,1137,https://www.youtube.com/watch?v=vPh8dAS1-Gw,414,163,1137,https://www.youtube.com/watch?v=vPh8dAS1-Gw,568,548,568,https://www.youtube.com/watch?v=5CjimO0QwNk,0,0,0,0,
1f2b5204983b4d5ebe0a9352de3a66f6,4030,89242,282,155,442,https://www.youtube.com/watch?v=nMsxZqp1a-4,282,155,442,https://www.youtube.com/watch?v=nMsxZqp1a-4,0,0,0,,0,0,0,0,
86154ca2dc964847b37297138aa65b9f,4020,120884,259,129,1797,https://www.youtube.com/watch?v=YmBchxKg7-o,259,129,1797,https://www.youtube.com/watch?v=YmBchxKg7-o,0,0,0,,935,0,0,0,
e93734c51e5141419d44dc147f1c5420,4010,214302,0,0,0,,0,0,0,,0,0,0,,0,0,0,0,
99cc071a06b949bf8515609757fa9d7e,3950,156410,118,68,206,https://www.youtube.com/watch?v=FwEF6JFtC3s,118,68,135,https://www.youtube.com/watch?v=8TugnN7yH2g,120,62,206,https://www.youtube.com/watch?v=FwEF6JFtC3s,480,0,0,0,
2e266a71aa3d4a67bb8d9a2a0b573319,3930,194796,0,0,0,,0,0,0,,0,0,0,,39740,4001,1424,21937,https://www.twitch.tv/videos/2063650428
bc70de85cb744f13bffae8a81ebd6bb4,3930,91483,0,0,0,,0,0,0,,0,0,0,,0,0,0,0,
7ebc0dc9fdf3442688ecd63bbdc30c51,3930,111303,195,97,638,https://www.youtube.com/watch?v=Kj6ymwVC0FQ,443,157,638,https://www.youtube.com/watch?v=Kj6ymwVC0FQ,154,89,196,https://www.youtube.com/watch?v=WHwd59OsCp8,0,0,0,0,
b211eff7fcd04d47b81ed440890edabb,3920,95998,0,0,0,,0,0,0,,0,0,0,,400,0,0,0,
1c1896c15b2e412e84b3951706eb2963,3910,16564,0,0,0,,0,0,0,,0,0,0,,0,0,0,0,
d13fdb8fdd3049e5bf80b5ab0fa8a1a6,3910,220005,488,215,3235,https://www.youtube.com/watch?v=EdwefJFT-wo,284,193,2057,https://www.youtube.com/watch?v=o_rGBDI_WVE,645,412,3235,https://www.youtube.com/watch?v=EdwefJFT-wo,0,0,0,0,
2a3824dd5c0a46f597b27dd183283aea,3900,336767,166,84,2567,https://www.youtube.com/watch?v=F5O3T7jBceY,148,83,562,https://www.youtube.com/watch?v=gbtbJvaVTrc,279,106,2567,https://www.youtube.com/watch?v=F5O3T7jBceY,0,0,0,0,
c4ffb821927d406682f3f17edfdf3bcd,3890,56684,406,218,1495,https://www.youtube.com/watch?v=66QiZOYfum8,318,167,1495,https://www.youtube.com/watch?v=66QiZOYfum8,973,635,973,https://www.youtube.com/watch?v=LkhfWUo_Bjw,0,0,0,0,
7a41133adec34fe1ad2cdbf1749e154f,3860,0,0,0,0,,0,0,0,,0,0,0,,12234,0,0,0,
bfc978fbcce54a45b531c58bad2ef6df,3860,322246,0,0,0,,0,0,0,,0,0,0,,486,0,0,0,
1b075296e7774f4089c84e663a469197,3860,6114,247,58,302,https://www.youtube.com/watch?v=gdV2EBxaeus,0,0,0,,247,58,302,https://www.youtube.com/watch?v=gdV2EBxaeus,3588,0,0,0,
5dbed684176349d28353d5293085cd9c,3820,0,0,0,0,,0,0,0,,0,0,0,,0,0,0,0,
cd44db2c12a54568963299704aa8d4a6,3790,98515,128,62,260,https://www.youtube.com/watch?v=xun1X0egWCk,128,62,260,https://www.youtube.com/watch?v=xun1X0egWCk,0,0,0,,0,0,0,0,
c897f2f0ae414985aa623bfe2dfe8f1c,3780,80861,104,28,274,https://www.youtube.com/watch?v=gMMuTTSqjdw,108,35,274,https://www.youtube.com/watch?v=gMMuTTSqjdw,21,1,21,https://www.youtube.com/watch?v=RVCDylyRjk4,0,0,0,0,
59c0d89447d54786966ba8ecd5649d63,3780,124345,71,26,215,https://www.youtube.com/watch?v=1ksV_qON5nQ,143,20,215,https://www.youtube.com/watch?v=1ksV_qON5nQ,62,26,180,https://www.youtube.com/watch?v=Hd9dCxHkIzo,825,0,0,0,
98187e2cc8c34f5d8e0853bffc1a30c9,3760,103920,147,69,474,https://www.youtube.com/watch?v=EtwVmUypYUQ,104,67,474,https://www.youtube.com/watch?v=EtwVmUypYUQ,190,70,190,https://www.youtube.com/watch?v=5pR0fExgPx8,0,0,0,0,
6037df04e04745699bff00fb7b0d1fd0,3750,108834,0,0,0,,0,0,0,,0,0,0,,0,0,0,0,
9f6a577ab2ab4beba810a02fffc98cee,3740,225289,0,0,0,,0,0,0,,0,0,0,,0,0,0,0,
4865c3feac234584909168181b7dc2be,3730,74113,1019,254,8078,https://www.youtube.com/watch?v=7doDqNbLrI4,1019,254,8078,https://www.youtube.com/watch?v=7doDqNbLrI4,0,0,0,,197,0,0,0,
9db6beb02e774aa7a97ba8674a5a8f9d,3720,72275,0,0,0,,0,0,0,,0,0,0,,102,78,57,78,https://www.twitch.tv/videos/2065363587
c430f1e7cfee4440b2b537c80a2a667d,3710,114513,284,176,601,https://www.youtube.com/watch?v=16hmY-0Y6SY,284,176,601,https://www.youtube.com/watch?v=16hmY-0Y6SY,0,0,0,,0,0,0,0,
4b79f7afd84a42b98d11bd1c5cb6478c,3680,123467,625,53,625,https://www.youtube.com/watch?v=YaVQloHCUM8,625,53,625,https://www.youtube.com/watch?v=YaVQloHCUM8,0,0,0,,0,0,0,0,
601b56797a3246f49cead93e9e190a49,3660,139888,0,0,0,,0,0,0,,0,0,0,,0,0,0,0,
cf648a09bdbc45429f4fae7dfff1a040,3650,151166,0,0,0,,0,0,0,,0,0,0,,7355,0,0,0,
7fdfd0346667458a8657626f03434b59,3640,88527,228,167,813,https://www.youtube.com/watch?v=-qPFmJ-fdA8,246,167,813,https://www.youtube.com/watch?v=-qPFmJ-fdA8,203,142,203,https://www.youtube.com/watch?v=7IROVV28g-E,0,0,0,0,
0715c3b900ad423fa1b981cf4fc15c8f,3630,84634,128,73,333,https://www.youtube.com/watch?v=geq4Ix89gp0,128,73,333,https://www.youtube.com/watch?v=geq4Ix89gp0,0,0,0,,0,0,0,0,
381bb87f90794f2a909775a87c192dc5,3600,34376,0,0,0,,0,0,0,,0,0,0,,4810,0,0,0,
36f4fa8dbd7740c3ae5ac02b890fa502,3590,176160,207,113,4625,https://www.youtube.com/watch?v=a-juBdzHktc,203,98,4625,https://www.youtube.com/watch?v=a-juBdzHktc,1078,490,2703,https://www.youtube.com/watch?v=VUdWOpGxCto,1160,0,0,0,
3727892a417b429aa063c7300e132966,3580,201862,280,162,361,https://www.youtube.com/watch?v=bPGJBwc_utc,280,162,361,https://www.youtube.com/watch?v=bPGJBwc_utc,0,0,0,,0,0,0,0,
ccc1420185ad46d49d40b6b774db9b11,3580,136220,118,77,265,https://www.youtube.com/watch?v=LUbVbEXhc0I,118,77,265,https://www.youtube.com/watch?v=LUbVbEXhc0I,0,0,0,,543,29,26,115,https://www.twitch.tv/videos/2062589398
76cafd8f4f5e41cbad5e0520520fcc1b,3570,0,0,0,0,,0,0,0,,0,0,0,,0,0,0,0,
126103200de947a7a3c2ac3971eef633,3550,135056,387,189,592,https://www.youtube.com/watch?v=vOGHD7fn30w,387,189,592,https://www.youtube.com/watch?v=vOGHD7fn30w,0,0,0,,0,0,0,0,
7748d3ab76f34e06abb9d116bb432de2,3540,52440,0,0,0,,0,0,0,,0,0,0,,1733,0,0,0,
7f049d05ff3a4946998b9ddd7df409fd,3540,98837,183,114,205,https://www.youtube.com/watch?v=JmshmPHhdEM,183,114,205,https://www.youtube.com/watch?v=JmshmPHhdEM,0,0,0,,1566,180,121,185,https://www.twitch.tv/videos/2067411609
97cb83f1afcc4dd083f2f89f12477014,3530,105293,144,69,824,https://www.youtube.com/watch?v=ykFIGGl60so,148,72,516,https://www.youtube.com/watch?v=naTDQTlpI8w,107,40,824,https://www.youtube.com/watch?v=ykFIGGl60so,0,0,0,0,
caebfeea12c840f0ae0f0e2beb57b4e2,3520,146131,0,0,0,,0,0,0,,0,0,0,,0,0,0,0,
8e6719bf286244e3ad9e27fd1d363953,3510,89590,583,229,1494,https://www.youtube.com/watch?v=cFO2fECbBB0,682,229,1494,https://www.youtube.com/watch?v=cFO2fECbBB0,357,310,516,https://www.youtube.com/watch?v=56S5uMSPmas,0,0,0,0,
788611c913b04d999011628637657bee,3500,206280,191,147,2479,https://www.youtube.com/watch?v=V15iajcHPQ0,189,136,2358,https://www.youtube.com/watch?v=AG1zNcdS-AQ,1533,557,2479,https://www.youtube.com/watch?v=V15iajcHPQ0,0,0,0,0,
069ca07d5dd84cd3bf42e21a085d98fb,3480,24811,0,0,0,,0,0,0,,0,0,0,,176,0,0,0,
342b158ba02d4103a1407d62fe786f5e,3460,141977,197,100,1527,https://www.youtube.com/watch?v=hEidrY7CASg,0,0,0,,197,100,1527,https://www.youtube.com/watch?v=hEidrY7CASg,1692,121,70,146,https://www.twitch.tv/videos/2061453745
b3c1a09b09a54b9a8078d3310d151efe,3450,72034,349,184,2184,https://www.youtube.com/watch?v=8MjyQhHgWTo,497,283,2184,https://www.youtube.com/watch?v=8MjyQhHgWTo,170,90,1248,https://www.youtube.com/watch?v=8PzGqXf-xvo,0,0,0,0,
32b83b466c11418bb380623a95944302,3450,220282,688,219,1601,https://www.youtube.com/watch?v=2XZFOALSi0g,142,96,164,https://www.youtube.com/watch?v=H9UuuV7fRHY,772,362,1601,https://www.youtube.com/watch?v=2XZFOALSi0g,2229,271,214,350,https://www.twitch.tv/videos/2062418657
71e1a399885b48e79c9a98e973e6b5e3,3430,150630,599,212,6333,https://www.youtube.com/watch?v=Qe146XCCSwo,0,0,0,,599,212,6333,https://www.youtube.com/watch?v=Qe146XCCSwo,350,26,19,36,https://www.twitch.tv/videos/2066359355
bdaa84ad3c7841d6a9ec8774ed9d40a9,3420,57134,473,180,634,https://www.youtube.com/watch?v=e6Xd-gGBH8g,473,180,634,https://www.youtube.com/watch?v=e6Xd-gGBH8g,0,0,0,,0,0,0,0,
1f54eafd17434cd9bd175d27b72c2228,3410,120513,260,103,2649,https://www.youtube.com/watch?v=MkUPFRO1oEk,207,63,443,https://www.youtube.com/watch?v=wuZa73w_QJU,420,213,2649,https://www.youtube.com/watch?v=MkUPFRO1oEk,0,0,0,0,
490a48eedc944f9cb74501e6eefeb04d,3380,116360,455,380,5209,https://www.youtube.com/watch?v=T0jKVXDREWI,422,344,543,https://www.youtube.com/watch?v=xxcsi61zj6A,739,419,5209,https://www.youtube.com/watch?v=T0jKVXDREWI,2182,146,97,334,https://www.twitch.tv/videos/2060658715
f53e734fd8ec432da4632f30e899338b,3380,78334,379,137,1250,https://www.youtube.com/watch?v=CNi17FqWJV0,435,152,1250,https://www.youtube.com/watch?v=CNi17FqWJV0,141,82,210,https://www.youtube.com/watch?v=EsNidu1k1Sc,0,0,0,0,
3cf4da41775b4e608f4dde5859cdda74,3380,380587,481,180,2009,https://www.youtube.com/watch?v=IjJb0YRn7GM,44,16,63,https://www.youtube.com/watch?v=r5U8ZsAk91o,549,346,2009,https://www.youtube.com/watch?v=IjJb0YRn7GM,0,0,0,0,
8fae79a84cd049fd8a2ea50528a75e2b,3360,246148,1630,688,7788,https://www.youtube.com/watch?v=KqNKgBrYKBw,611,222,1014,https://www.youtube.com/watch?v=mIJm_cGMbN0,1667,752,7788,https://www.youtube.com/watch?v=KqNKgBrYKBw,1303,291,224,291,https://www.twitch.tv/videos/2066540981
099a5fd0d27d4fc892f684793ac18c99,3360,292973,328,150,640,https://www.youtube.com/watch?v=8_Ggmzcfypg,179,68,315,https://www.youtube.com/watch?v=3IQsczmj0M8,376,159,640,https://www.youtube.com/watch?v=8_Ggmzcfypg,0,0,0,0,
427956ab929c4d36afca5ad8245aad8d,3350,136618,0,0,0,,0,0,0,,0,0,0,,0,0,0,0,
288f2fba52bf4d6b9e0ba66e03439837,3350,49140,45,10,45,https://www.youtube.com/watch?v=eX2hzZuwhD8,45,10,45,https://www.youtube.com/watch?v=eX2hzZuwhD8,0,0,0,,2339,158,103,163,https://www.twitch.tv/videos/2062522555
4bfaeda5b1f242959a992d6ad8b8a036,3340,120541,37,3,78,https://www.youtube.com/watch?v=xr2ZWGB-aBE,37,3,78,https://www.youtube.com/watch?v=xr2ZWGB-aBE,0,0,0,,412,38,30,64,https://www.twitch.tv/videos/2063412538
3bcfb277595f489ba52734d6f21c08e1,3340,0,0,0,0,,0,0,0,,0,0,0,,0,0,0,0,
175cfc69dbb34f1a8987f24a935db17f,3330,71463,329,155,805,https://www.youtube.com/watch?v=X9CemaPi_nk,329,155,805,https://www.youtube.com/watch?v=X9CemaPi_nk,0,0,0,,0,0,0,0,
4720c4b95e7d4cbea3f5a0a5e523fe4d,3330,106663,0,0,0,,0,0,0,,0,0,0,,0,0,0,0,
19c3bdcc95134ef38ad98df3f92f3ccb,3320,139076,155,92,269,https://www.youtube.com/watch?v=ffqi7z5m8vw,155,92,269,https://www.youtube.com/watch?v=ffqi7z5m8vw,0,0,0,,523,83,53,131,https://www.twitch.tv/videos/2060621291
07b9e0f7118446be96cc2d12f5d8ad02,3320,119203,85,73,85,https://www.youtube.com/watch?v=Mz4E8CRxPZY,0,0,0,,85,73,85,https://www.youtube.com/watch?v=Mz4E8CRxPZY,11731,1111,505,2145,https://www.twitch.tv/videos/2049752786
20f361a84fb3439999c550c10fcf5642,3310,70013,332,207,1294,https://www.youtube.com/watch?v=FZrRgKOr-O8,400,256,1294,https://www.youtube.com/watch?v=FZrRgKOr-O8,265,26,265,https://www.youtube.com/watch?v=rIzC8SkBASQ,1231,249,157,249,https://www.twitch.tv/videos/2062523367
bddcd7d262a2434f9b6d77150fbbc72c,3300,42921,0,0,0,,0,0,0,,0,0,0,,0,0,0,0,
c90914afde364f5e982414615662f5a7,3280,241455,356,203,896,https://www.youtube.com/watch?v=rD0gBJSk_sA,339,218,896,https://www.youtube.com/watch?v=rD0gBJSk_sA,440,74,440,https://www.youtube.com/watch?v=fksKKINXydY,628,0,0,0,
715cc1261d7e42c18135d47bd1cf2500,3270,38479,230,119,3087,https://www.youtube.com/watch?v=RYqwVHsiAmM,206,94,1076,https://www.youtube.com/watch?v=1lDiL5m0-8k,1173,493,3087,https://www.youtube.com/watch?v=RYqwVHsiAmM,4652,0,0,0,
54b0131ceb734643b23b1eefee31cca0,3230,208203,315,199,315,https://www.youtube.com/watch?v=ZGrXOGeFzB8,0,0,0,,315,199,315,https://www.youtube.com/watch?v=ZGrXOGeFzB8,753,0,0,0,
70a7428607b845fc959fb7d4859d018b,3210,244636,166,128,168,https://www.youtube.com/watch?v=3WP2t_m5l0s,0,0,0,,166,128,168,https://www.youtube.com/watch?v=3WP2t_m5l0s,19207,341,322,356,https://www.twitch.tv/videos/2071209422
8e249f04f6cb48bda24f1513a472f4d8,3210,159373,0,0,0,,0,0,0,,0,0,0,,0,0,0,0,
67fdbfa65ee94cc688783102ef4f1ce5,3210,30244,0,0,0,,0,0,0,,0,0,0,,0,0,0,0,
7a0c5fe0fe2f4427afe500c85ec958cb,3210,199008,0,0,0,,0,0,0,,0,0,0,,0,0,0,0,
ea62d2e6bc854e7a81b01a2362be310f,3190,198768,0,0,0,,0,0,0,,0,0,0,,354,0,0,0,
52b5fa7ff03945368644f52035a5e798,3190,175097,56,11,107,https://www.youtube.com/watch?v=supqCdZruOI,56,11,107,https://www.youtube.com/watch?v=supqCdZruOI,0,0,0,,0,0,0,0,
fe8ee7b57ae74a1388127b81b136c7ea,3180,77449,83,15,237,https://www.youtube.com/watch?v=dj2qlPYoaTk,70,14,96,https://www.youtube.com/watch?v=TEOi_-5ew2k,237,23,237,https://www.youtube.com/watch?v=dj2qlPYoaTk,442,0,0,0,
8d5345223f364c7d8cc7203ee0ffafd6,3170,150897,0,0,0,,0,0,0,,0,0,0,,0,0,0,0,
9ceaafbe1a9a41bb9526b113354e03cc,3170,233124,133,62,300,https://www.youtube.com/watch?v=6c6xrB55Fpo,213,105,268,https://www.youtube.com/watch?v=EdFhMeADRC4,108,38,300,https://www.youtube.com/watch?v=6c6xrB55Fpo,0,0,0,0,
99c16e8b8a8540d191a2dacac43f1fa3,3140,37668,0,0,0,,0,0,0,,0,0,0,,0,0,0,0,
0e8150c7419f4c1d94d8ccfb41a04280,3140,285283,0,0,0,,0,0,0,,0,0,0,,0,0,0,0,
6c0758764e674c6db2f985710fcfbd7b,3110,121148,1211,236,4475,https://www.youtube.com/watch?v=Ow8Njsq5MWI,1211,177,4475,https://www.youtube.com/watch?v=Ow8Njsq5MWI,1337,516,2866,https://www.youtube.com/watch?v=RcueWstr5pg,0,0,0,0,
4d01ec47d0804a47a9fef6d9d01d9c29,3110,83425,0,0,0,,0,0,0,,0,0,0,,1947,165,144,223,https://www.twitch.tv/videos/2065345800
65a06925c0fa47649984627f5989ab1c,3110,0,0,0,0,,0,0,0,,0,0,0,,0,0,0,0,
99d1a2e0c8c047d2ad998e02d4dd9621,3090,95987,0,0,0,,0,0,0,,0,0,0,,0,0,0,0,
a246e7561e5f40799a48eeca69951b7b,3090,123863,172,103,502,https://www.youtube.com/watch?v=TkCACNqISP4,173,121,502,https://www.youtube.com/watch?v=TkCACNqISP4,94,76,115,https://www.youtube.com/watch?v=lYhMA_OceJw,115,0,0,0,
63f45366143549d8a2d26406445e0077,3090,126292,0,0,0,,0,0,0,,0,0,0,,0,0,0,0,
c66b9a1fe8bf44e388e9452285e5421e,3080,33372,0,0,0,,0,0,0,,0,0,0,,0,0,0,0,
c7a3d726bb4243cabb70dfd1e9545cd0,3080,127278,130,62,159,https://www.youtube.com/watch?v=l0QZ3X9kRA0,139,104,159,https://www.youtube.com/watch?v=l0QZ3X9kRA0,78,25,124,https://www.youtube.com/watch?v=PelRzDNMyKQ,0,0,0,0,
f2ad5f187c9141ab8830b8eaf81c3aee,3080,161725,221,130,2146,https://www.youtube.com/watch?v=ERn8lg4USbo,198,129,422,https://www.youtube.com/watch?v=SawD11Q2jDY,2146,1294,2146,https://www.youtube.com/watch?v=ERn8lg4USbo,0,0,0,0,
c28d59f83d9345de91d208cf7732bac5,3080,76163,255,142,294,https://www.youtube.com/watch?v=nAL3nuhkcHw,274,163,294,https://www.youtube.com/watch?v=nAL3nuhkcHw,179,112,179,https://www.youtube.com/watch?v=ASBaA7qwr2I,0,0,0,0,
038ee6280ef742bcad8450ad52049944,3080,198680,118,63,266,https://www.youtube.com/watch?v=1UpqLEqimb4,118,63,266,https://www.youtube.com/watch?v=1UpqLEqimb4,104,64,139,https://www.youtube.com/watch?v=Kjhg_lwJhB8,0,0,0,0,
53707f0116dc4fca8614ac7139e40b83,3070,174074,50,24,128,https://www.youtube.com/watch?v=aDhVcRe4uH8,50,24,128,https://www.youtube.com/watch?v=aDhVcRe4uH8,0,0,0,,3991,375,256,755,https://www.twitch.tv/videos/2064452548
ad56a56e509c4b6fa0cf11ca959e3c72,3070,90829,229,153,274,https://www.youtube.com/watch?v=y8LiMyB3_BA,229,153,274,https://www.youtube.com/watch?v=y8LiMyB3_BA,0,0,0,,122,0,0,0,
1569b00373564846b894f47403376c6b,3070,83208,235,145,8966,https://www.youtube.com/watch?v=s5tBJJ0xrzg,211,125,509,https://www.youtube.com/watch?v=LBYCAUvGaNY,1650,556,8966,https://www.youtube.com/watch?v=s5tBJJ0xrzg,0,0,0,0,
c17ad3ef81904c26982024c9af1f0f3a,3040,108199,61,36,197,https://www.youtube.com/watch?v=4UDmjfxU9Yw,64,4,64,https://www.youtube.com/watch?v=3WyZnlA8Lps,60,42,197,https://www.youtube.com/watch?v=4UDmjfxU9Yw,3033,79,70,339,https://www.twitch.tv/videos/2069923512
a9f1edc233804d4b90a9996219a3b14b,3040,86779,162,66,806,https://www.youtube.com/watch?v=k8VZ5XUWfPE,215,76,759,https://www.youtube.com/watch?v=vMCce-k3Tyo,152,45,806,https://www.youtube.com/watch?v=k8VZ5XUWfPE,0,0,0,0,
4576d781ddae45d59fc83c8d25385983,3020,63428,229,55,325,https://www.youtube.com/watch?v=QJmqRoVLfGk,237,108,325,https://www.youtube.com/watch?v=QJmqRoVLfGk,78,42,78,https://www.youtube.com/watch?v=Ngv9D3EWkuM,258,0,0,0,
4d347ba9ca0c41c59cda553ebe4af5b1,3020,103706,574,105,1069,https://www.youtube.com/watch?v=A9rk6y0FIJo,574,93,806,https://www.youtube.com/watch?v=XE_WUvB3-Ho,633,441,1069,https://www.youtube.com/watch?v=A9rk6y0FIJo,1240,0,0,0,
96be1e561acd4a75817c6424d9d4f9f0,2990,113944,3,2,9,https://www.youtube.com/watch?v=640GTQUeZiE,0,0,0,,3,2,9,https://www.youtube.com/watch?v=640GTQUeZiE,3610,305,200,480,https://www.twitch.tv/videos/2063200528
58e377df63f745fc8473368b20afe2ae,2990,143416,79,32,187,https://www.youtube.com/watch?v=ZlD9t_n520o,81,30,187,https://www.youtube.com/watch?v=ZlD9t_n520o,67,54,67,https://www.youtube.com/watch?v=jFrz1Be4-j8,241,15,12,20,https://www.twitch.tv/videos/2070376359
836f66b079c4466db64a8b3bc9295450,2980,103175,550,340,1572,https://www.youtube.com/watch?v=mPr4IOFC8Ac,1198,350,1386,https://www.youtube.com/watch?v=3jBRkvPpgfQ,401,260,1572,https://www.youtube.com/watch?v=mPr4IOFC8Ac,0,0,0,0,
8b69d6c508194b93b14fc056038160ab,2980,72973,0,0,0,,0,0,0,,0,0,0,,1597,0,0,0,
2ceecb98e47845eab5e3d8d33bd53895,2980,84087,153,98,733,https://www.youtube.com/watch?v=wPXQc7NBRjw,153,98,733,https://www.youtube.com/watch?v=wPXQc7NBRjw,0,0,0,,0,0,0,0,
7e957469a0c2404fa4a863ed9f75945c,2950,116739,84,36,567,https://www.youtube.com/watch?v=YDHENUpusY8,84,36,567,https://www.youtube.com/watch?v=YDHENUpusY8,0,0,0,,0,0,0,0,
c9510d2324d34b6fbd19ce627bf2bbac,2950,0,0,0,0,,0,0,0,,0,0,0,,0,0,0,0,
fda1d7f773b04b6898f5180e21e47874,2940,146008,183,29,1111,https://www.youtube.com/watch?v=Z2DzURFe_-g,274,18,1111,https://www.youtube.com/watch?v=Z2DzURFe_-g,94,32,99,https://www.youtube.com/watch?v=dykSw5NwzEY,0,0,0,0,
3e340f9122814acc84ff51a0aec8ae13,2930,58638,188,169,658,https://www.youtube.com/watch?v=ly3A3zIusN8,188,169,658,https://www.youtube.com/watch?v=ly3A3zIusN8,0,0,0,,0,0,0,0,
2885972c2d0943e6b697bdc5e72c1d4a,2920,44577,223,107,531,https://www.youtube.com/watch?v=eNSdT2YmGUU,230,136,491,https://www.youtube.com/watch?v=4NhEhAveJKk,160,100,531,https://www.youtube.com/watch?v=eNSdT2YmGUU,0,0,0,0,
058021ae015448cda91651a6bd41cdc6,2920,64099,135,47,3899,https://www.youtube.com/watch?v=aAIVjEL3C_Y,135,52,3899,https://www.youtube.com/watch?v=aAIVjEL3C_Y,127,5,139,https://www.youtube.com/watch?v=jLApKS884Zc,2022,156,93,156,https://www.twitch.tv/videos/2061562913
6bf5f37da9e74d539963689b6b0256a5,2900,311974,400,139,1215,https://www.youtube.com/watch?v=0kAi2G57xbI,400,139,1215,https://www.youtube.com/watch?v=0kAi2G57xbI,395,258,1001,https://www.youtube.com/watch?v=Vg5nLAQaNgI,0,0,0,0,
d0b68b633fba4c02a627751778973f36,2900,60094,195,117,375,https://www.youtube.com/watch?v=OvGWFheUsg0,195,117,375,https://www.youtube.com/watch?v=OvGWFheUsg0,0,0,0,,0,0,0,0,
e9c48535f2af4f638e5a4c54ffa7862c,2900,142212,67,25,2475,https://www.youtube.com/watch?v=b9qmAC-sV5E,74,26,195,https://www.youtube.com/watch?v=f8UF8ZI-Gc8,13,6,2475,https://www.youtube.com/watch?v=b9qmAC-sV5E,0,0,0,0,
7aca9b05fe654223a3702531383002a8,2890,38040,0,0,0,,0,0,0,,0,0,0,,2302,0,0,0,
5fb934ba9c8642d1bf932cb58a43f60d,2860,35593,154,75,443,https://www.youtube.com/watch?v=KoRETGHYiuY,154,75,443,https://www.youtube.com/watch?v=KoRETGHYiuY,0,0,0,,0,0,0,0,
a97d7491246145a5a7e224d6bd010f9b,2860,86116,0,0,0,,0,0,0,,0,0,0,,0,0,0,0,
7ae1c13d53fb44f49f386eef43c63ee4,2860,49673,106,46,2433,https://www.youtube.com/watch?v=E4m-V5M7Acg,108,49,259,https://www.youtube.com/watch?v=fCkvMmtxNBM,98,20,2433,https://www.youtube.com/watch?v=E4m-V5M7Acg,40,0,0,0,
543d63ab162746ee93d723ed4a79ba8d,2860,212455,61,23,386,https://www.youtube.com/watch?v=8qWzIjSOSZk,186,62,386,https://www.youtube.com/watch?v=8qWzIjSOSZk,43,22,55,https://www.youtube.com/watch?v=yUTt4XueqeI,0,0,0,0,
eafb808b078844fdab1d8ed561dbd462,2860,81991,198,74,427,https://www.youtube.com/watch?v=FdCwAMc8vT4,198,74,427,https://www.youtube.com/watch?v=FdCwAMc8vT4,0,0,0,,0,0,0,0,
7ddebf4d8f6d4c63a4fc7268d8113c10,2850,26460,0,0,0,,0,0,0,,0,0,0,,2667,0,0,0,
d177ac8568a14720b35bcc1a829aff51,2830,68759,717,147,1085,https://www.youtube.com/watch?v=krkXDuO9_UY,717,147,1085,https://www.youtube.com/watch?v=krkXDuO9_UY,0,0,0,,0,0,0,0,
e810dcd23c334fd184d254718517764e,2830,177800,0,0,0,,0,0,0,,0,0,0,,0,0,0,0,
c6dab598fcee4b6b9bff76d2e8ffc8e6,2810,152749,150,75,441,https://www.youtube.com/watch?v=oYAiI_LNeJ8,150,75,441,https://www.youtube.com/watch?v=oYAiI_LNeJ8,0,0,0,,714,51,39,114,https://www.twitch.tv/videos/2068356211
0def37f8b1024539acb6aaf387f3029e,2810,46533,90,31,936,https://www.youtube.com/watch?v=ezsZnW3UB-c,882,359,882,https://www.youtube.com/watch?v=wW1djDyBCVA,85,31,936,https://www.youtube.com/watch?v=ezsZnW3UB-c,5880,734,252,1138,https://www.twitch.tv/videos/2063050203
490449b3ec824ea99ea3ccd38ac94c38,2810,81449,160,105,211,https://www.youtube.com/watch?v=PBKg1IPL9g0,160,105,211,https://www.youtube.com/watch?v=PBKg1IPL9g0,0,0,0,,0,0,0,0,
a6c4761937864c6ebe68b14ca475c19b,2800,107477,0,0,0,,0,0,0,,0,0,0,,0,0,0,0,
edf9e466820347828b0d2d10e5e9bb72,2790,170544,76,35,168,https://www.youtube.com/watch?v=Vlz2BEA69UA,77,35,168,https://www.youtube.com/watch?v=Vlz2BEA69UA,35,18,68,https://www.youtube.com/watch?v=XUAb48tICRk,260,0,0,0,
907d39ec8a394cdcb645bd4b2e6351e7,2790,63810,195,118,240,https://www.youtube.com/watch?v=PSIR-7CRnQg,195,118,240,https://www.youtube.com/watch?v=PSIR-7CRnQg,0,0,0,,0,0,0,0,
da189f9d282e4c31a4a8024d11fe368d,2770,106236,168,61,2741,https://www.youtube.com/watch?v=hMrT4JadOvM,173,71,254,https://www.youtube.com/watch?v=HvlsWH-5R8c,94,61,2741,https://www.youtube.com/watch?v=hMrT4JadOvM,0,0,0,0,
428251b7832a48219276fb6e5f644e86,2770,344384,65,47,507,https://www.youtube.com/watch?v=m1ADfwIrrYc,61,17,65,https://www.youtube.com/watch?v=C29OMZvk0_Q,355,166,507,https://www.youtube.com/watch?v=m1ADfwIrrYc,244,0,0,0,
34edb431f7da4a43b2a6a9d79d2858d1,2770,118265,263,122,10111,https://www.youtube.com/watch?v=8wYx9uvCWiQ,173,76,263,https://www.youtube.com/watch?v=mmNG68rpHEw,733,246,10111,https://www.youtube.com/watch?v=8wYx9uvCWiQ,0,0,0,0,
ba41581d315943fdaebe0dc981020d1c,2760,89183,490,230,1691,https://www.youtube.com/watch?v=POeawHO-nMs,274,122,991,https://www.youtube.com/watch?v=vX1eD6d2iqE,1344,572,1691,https://www.youtube.com/watch?v=POeawHO-nMs,0,0,0,0,
a5f7302f9f1a4fcdb2471c4bc52a05fb,2760,53596,395,135,2082,https://www.youtube.com/watch?v=4Oh5Bj3kI4I,386,128,2082,https://www.youtube.com/watch?v=4Oh5Bj3kI4I,532,141,538,https://www.youtube.com/watch?v=kTGGVtg_GIU,0,0,0,0,
0a20931c68dc49c8bd08eda1486193d8,2760,66230,0,0,0,,0,0,0,,0,0,0,,1610,0,0,0,
06e9953eb191486d979e6b92b6601d9a,2740,823449,4,1,37,https://www.youtube.com/watch?v=TYeo5HNIECc,0,0,0,,4,1,37,https://www.youtube.com/watch?v=TYeo5HNIECc,2263,0,0,0,
993abf9d9dd84cccae3b8cbba00df320,2720,125171,293,165,619,https://www.youtube.com/watch?v=B8ByF1XV3Yg,280,159,555,https://www.youtube.com/watch?v=W5teHcEI8k8,619,288,619,https://www.youtube.com/watch?v=B8ByF1XV3Yg,0,0,0,0,
9c64ee54cc094bf7931398eaf0c072d6,2680,142670,385,179,416,https://www.youtube.com/watch?v=_39fkNLYos0,416,209,416,https://www.youtube.com/watch?v=_39fkNLYos0,355,150,355,https://www.youtube.com/watch?v=3beTdIJqSdY,1633,461,323,1924,https://www.twitch.tv/videos/2060515156
c371d4c7f516451bac8ae3a9a13dc7f2,2680,80506,219,95,608,https://www.youtube.com/watch?v=wkaQj2s2alA,219,95,608,https://www.youtube.com/watch?v=wkaQj2s2alA,0,0,0,,1143,220,140,220,https://www.twitch.tv/videos/2062667067
4b8f55c74e594978bb461a27b3924336,2680,38777,415,201,5445,https://www.youtube.com/watch?v=DZb-EneyfzI,406,154,1280,https://www.youtube.com/watch?v=rmwjwCE3Ov0,5445,1390,5445,https://www.youtube.com/watch?v=DZb-EneyfzI,819,0,0,0,
a0e2f9b9f851401bbd1736189d4b69b1,2670,68561,140,86,2490,https://www.youtube.com/watch?v=UdmPIB6YjQM,123,55,243,https://www.youtube.com/watch?v=yaOuyesedCU,342,123,2490,https://www.youtube.com/watch?v=UdmPIB6YjQM,0,0,0,0,
d0e0745dd98a4cab9c5e4ff43e3d246f,2670,79069,0,0,0,,0,0,0,,0,0,0,,0,0,0,0,
fbf616b4f812413dbe6b156c8a9d5e5f,2660,71815,0,0,0,,0,0,0,,0,0,0,,0,0,0,0,
339b4a73ce92470c97b1626405d5eb5b,2660,72850,54,29,407,https://www.youtube.com/watch?v=IfFnhi_UTMA,52,28,93,https://www.youtube.com/watch?v=qS9TkjksLew,154,71,407,https://www.youtube.com/watch?v=IfFnhi_UTMA,433,16,10,19,https://www.twitch.tv/videos/2069265431
c40c5082434e4b1ca8e19f82d54f83b2,2650,663494,3231,1268,11184,https://www.youtube.com/watch?v=OHDlV8OABIw,0,0,0,,3231,1268,11184,https://www.youtube.com/watch?v=OHDlV8OABIw,0,0,0,0,
f339d4e6913d4a03b39a75228f402153,2640,67690,123,73,281,https://www.youtube.com/watch?v=KQHU2hLNdMg,123,73,281,https://www.youtube.com/watch?v=KQHU2hLNdMg,0,0,0,,527,0,0,0,
0999b4ac6dbf496aacc1d48be59c4df0,2640,50584,157,48,267,https://www.youtube.com/watch?v=jAhY18Ef1zo,157,48,267,https://www.youtube.com/watch?v=jAhY18Ef1zo,0,0,0,,0,0,0,0,
6417469030e943748dfdba4ee26a08e4,2640,83617,140,70,276,https://www.youtube.com/watch?v=V64Ybz7WFf0,140,70,276,https://www.youtube.com/watch?v=V64Ybz7WFf0,0,0,0,,536,141,89,141,https://www.twitch.tv/videos/2062563817
02e7729df0424fbbb21b77ccd543b0be,2630,153099,97,40,1186,https://www.youtube.com/watch?v=r_0AbYBTP6c,23,14,23,https://www.youtube.com/watch?v=oYfR5VdXZhc,105,65,1186,https://www.youtube.com/watch?v=r_0AbYBTP6c,0,0,0,0,
a9faef4b712b4649ba60c7e8e262175a,2630,63827,67,22,3687,https://www.youtube.com/watch?v=Pz_H-rHJH9w,65,22,83,https://www.youtube.com/watch?v=MM6271JADsc,89,32,3687,https://www.youtube.com/watch?v=Pz_H-rHJH9w,0,0,0,0,
fd81a8861669442ca49c50bc4cfd4b5e,2620,119666,179,77,397,https://www.youtube.com/watch?v=5BNqE4etmqQ,187,93,397,https://www.youtube.com/watch?v=5BNqE4etmqQ,110,31,126,https://www.youtube.com/watch?v=k1-vcmX0Nyk,0,0,0,0,
c40a8ff66b3348dc8459766b74846feb,2620,0,0,0,0,,0,0,0,,0,0,0,,1771,181,124,266,https://www.twitch.tv/videos/2071182869
15bb576dcd8d45d397905a896e3e25f8,2620,74584,0,0,0,,0,0,0,,0,0,0,,0,0,0,0,
87968861d5794c01bfce46d51c8abfc7,2610,23977,0,0,0,,0,0,0,,0,0,0,,0,0,0,0,
965bb7d47d0243839535d38bc1bc66cc,2600,52031,156,70,434,https://www.youtube.com/watch?v=PWBtK80Qsg0,156,66,434,https://www.youtube.com/watch?v=PWBtK80Qsg0,92,70,92,https://www.youtube.com/watch?v=B5Ko80FQnCo,0,0,0,0,
7667228c716242d787e1e9cf37224896,2600,93585,0,0,0,,0,0,0,,0,0,0,,0,0,0,0,
ee0763f3339d45b493bf45488a8e7701,2590,80048,85,35,164,https://www.youtube.com/watch?v=HOAbzv6SSzQ,0,0,0,,85,35,164,https://www.youtube.com/watch?v=HOAbzv6SSzQ,22977,6108,2965,13489,https://www.twitch.tv/videos/2069932838
cc2a13ac075e4640b19020a51dcf9d88,2590,19672,2271,1311,2759,https://www.youtube.com/watch?v=MGg-X8rnuTo,2271,1311,2759,https://www.youtube.com/watch?v=MGg-X8rnuTo,0,0,0,,0,0,0,0,
46145dc9eaab4a84898468905a4759b0,2580,49749,35,17,39,https://www.youtube.com/watch?v=qXfKKflnpBA,0,0,0,,35,17,39,https://www.youtube.com/watch?v=qXfKKflnpBA,0,0,0,0,
bcbf00e1e98b4d5e8af20f29adbb0645,2580,131443,100,40,267,https://www.youtube.com/watch?v=lneOL4Iqm9w,89,41,195,https://www.youtube.com/watch?v=IkXe_rGpiyw,121,37,267,https://www.youtube.com/watch?v=lneOL4Iqm9w,0,0,0,0,
6dfe72bb90994dceb7b753908876307d,2570,56952,313,188,2440,https://www.youtube.com/watch?v=1TkruFTMgoA,288,151,2440,https://www.youtube.com/watch?v=1TkruFTMgoA,1557,1020,2410,https://www.youtube.com/watch?v=G4QuQki9UTA,0,0,0,0,
35f3bb64e69c432180b98dde239f3bdd,2570,95382,487,199,2526,https://www.youtube.com/watch?v=jRgUMQI9XAU,507,226,1963,https://www.youtube.com/watch?v=FFTcaAHHy6M,231,126,2526,https://www.youtube.com/watch?v=jRgUMQI9XAU,690,0,0,0,
8f0b41303e8a481689fe4309a565ecd3,2560,87004,162,125,524,https://www.youtube.com/watch?v=5snVhkOiBSA,147,74,162,https://www.youtube.com/watch?v=6CPl7Yo_gbE,409,288,524,https://www.youtube.com/watch?v=5snVhkOiBSA,766,96,85,96,https://www.twitch.tv/videos/2070123766
4e48e10b3c2f439c934b1db25679b972,2560,208130,691,207,841,https://www.youtube.com/watch?v=zS9D8QQyPJM,702,366,841,https://www.youtube.com/watch?v=zS9D8QQyPJM,116,90,168,https://www.youtube.com/watch?v=0qaPxw4yMHE,0,0,0,0,
29d3dea4a1684bec9592e2ccc3685c57,2560,72345,0,0,0,,0,0,0,,0,0,0,,0,0,0,0,
662341d52a8e413d8fe661c8da9470f0,2550,26255,187,82,371,https://www.youtube.com/watch?v=BLKZ8gSvRyU,187,82,371,https://www.youtube.com/watch?v=BLKZ8gSvRyU,0,0,0,,0,0,0,0,
84944da407dc4de9896c7b763132908c,2550,73212,456,141,5318,https://www.youtube.com/watch?v=BehgiGwdCKQ,225,84,5318,https://www.youtube.com/watch?v=BehgiGwdCKQ,474,242,2549,https://www.youtube.com/watch?v=LjU0YKW-eYs,0,0,0,0,
8fd3526ba2074df896bbcb47e713565b,2540,59844,160,92,449,https://www.youtube.com/watch?v=o2aO7V-Ln9k,149,44,172,https://www.youtube.com/watch?v=hYdmMEmRZoM,449,429,449,https://www.youtube.com/watch?v=o2aO7V-Ln9k,0,0,0,0,
5bbfc7c1b6584cef8c75f2f9044387d2,2520,95934,105,45,193,https://www.youtube.com/watch?v=SbK91-_EK1I,105,45,193,https://www.youtube.com/watch?v=SbK91-_EK1I,0,0,0,,0,0,0,0,
b0f00fccf8a14655911360748c4699cd,2520,95244,192,121,2091,https://www.youtube.com/watch?v=89gF4sidsVs,127,89,192,https://www.youtube.com/watch?v=_PsPNQecjJU,292,215,2091,https://www.youtube.com/watch?v=89gF4sidsVs,0,0,0,0,
118c05e7f751446abee5fc827fda0215,2510,772820,40,18,64,https://www.youtube.com/watch?v=HpdlnVD78d8,40,18,64,https://www.youtube.com/watch?v=HpdlnVD78d8,0,0,0,,0,0,0,0,
63a55bc5320e4f148ed0abd7991b0e01,2500,5832,0,0,0,,0,0,0,,0,0,0,,4759,735,596,1391,https://www.twitch.tv/videos/2045983196
ab64eaef68c94ab4afb3a89007c81e9c,2500,43225,249,54,401,https://www.youtube.com/watch?v=NTDBYJ34PKg,0,0,0,,249,54,401,https://www.youtube.com/watch?v=NTDBYJ34PKg,3252,319,182,433,https://www.twitch.tv/videos/2064361269
751596501f4f420a8a5c5c9d839efb22,2500,114243,0,0,0,,0,0,0,,0,0,0,,300,0,0,0,
9e3edec3eec54f49a065f1970471d473,2490,81775,307,221,491,https://www.youtube.com/watch?v=4th5WlhcWFA,307,221,491,https://www.youtube.com/watch?v=4th5WlhcWFA,0,0,0,,711,412,385,412,https://www.twitch.tv/videos/2071276600
eb9c18d484464a8e9ac12f44c761ce27,2490,63555,0,0,0,,0,0,0,,0,0,0,,727,0,0,0,
2c42a2d77b4c481bae57dc00a66c2f16,2490,212895,420,139,25525,https://www.youtube.com/watch?v=h_H7NLoFF_I,517,214,930,https://www.youtube.com/watch?v=BWZOugoo46c,183,70,25525,https://www.youtube.com/watch?v=h_H7NLoFF_I,0,0,0,0,
eb159df5d55b4730ab2955c5e2638e3f,2490,59835,80,24,287,https://www.youtube.com/watch?v=w3_7_eNKUEU,80,24,287,https://www.youtube.com/watch?v=w3_7_eNKUEU,0,0,0,,0,0,0,0,
4ac7e88bd2234040a1da03644b06a501,2480,11395,0,0,0,,0,0,0,,0,0,0,,0,0,0,0,
468e093c0a3144359842fd8e5d3f9800,2470,28622,173,46,221,https://www.youtube.com/watch?v=DAI5-WQFfXU,173,46,221,https://www.youtube.com/watch?v=DAI5-WQFfXU,0,0,0,,125,0,0,0,
d8008bc6129d49d4bebfe530c4d02751,2470,0,0,0,0,,0,0,0,,0,0,0,,0,0,0,0,
bd9c7d2e96094ce7b8ca032228bb13c7,2460,46268,125,6,125,https://www.youtube.com/watch?v=HGleqTioAWU,125,6,125,https://www.youtube.com/watch?v=HGleqTioAWU,0,0,0,,0,0,0,0,
17148f2477dd403ea3903391ef594e4a,2460,1406,0,0,0,,0,0,0,,0,0,0,,4322,0,0,0,
652d06b0251940bea32cd69dec3057e6,2460,93557,0,0,0,,0,0,0,,0,0,0,,0,0,0,0,
1ead15220cb842a79c3922d08d618e31,2450,3332,0,0,0,,0,0,0,,0,0,0,,0,0,0,0,
00ff650864404d0c9ce155ff4a82d804,2450,11017,75,45,138,https://www.youtube.com/watch?v=g0Gp--ze-8M,75,45,138,https://www.youtube.com/watch?v=g0Gp--ze-8M,0,0,0,,0,0,0,0,
8b027d3a3f374c9c8398b6dd751e5018,2440,42573,413,305,413,https://www.youtube.com/watch?v=bwRAj8S4qK0,0,0,0,,413,305,413,https://www.youtube.com/watch?v=bwRAj8S4qK0,36835,6451,2547,9549,https://www.twitch.tv/videos/2055786085
76165d25983b463eaa1da66c86a32b7c,2440,31338,48,25,120,https://www.youtube.com/watch?v=XKGJa0LCkGI,48,25,120,https://www.youtube.com/watch?v=XKGJa0LCkGI,0,0,0,,257,222,152,342,https://www.twitch.tv/videos/2059555580
5f9767b104b54292bf6dd29863c0c6b1,2430,116751,140,59,185,https://www.youtube.com/watch?v=4ps70Yf2qKA,140,59,185,https://www.youtube.com/watch?v=4ps70Yf2qKA,0,0,0,,0,0,0,0,
92354b79050d4a2dbdb2289a7498a662,2420,34686,0,0,0,,0,0,0,,0,0,0,,0,0,0,0,
bf197e3d2cd6400db5f7e397427965e5,2420,69786,116,71,464,https://www.youtube.com/watch?v=s0e4TkliyQs,115,64,185,https://www.youtube.com/watch?v=W_Sv8jqEI90,464,427,464,https://www.youtube.com/watch?v=s0e4TkliyQs,109,0,0,0,
a577528125314beab91d127043218bb2,2420,80515,93,40,93,https://www.youtube.com/watch?v=j5RkHgxfo0g,93,40,93,https://www.youtube.com/watch?v=j5RkHgxfo0g,0,0,0,,0,0,0,0,
38ecb20931514383b2d93885136c6b68,2410,71961,250,52,443,https://www.youtube.com/watch?v=IR7H-ovcxZc,245,51,395,https://www.youtube.com/watch?v=tOqY99oYuUQ,443,283,443,https://www.youtube.com/watch?v=IR7H-ovcxZc,0,0,0,0,
42e2bc7c16734352b2e18a82e48844ec,2410,271351,254,148,633,https://www.youtube.com/watch?v=_sWjlOUSNa8,254,148,633,https://www.youtube.com/watch?v=_sWjlOUSNa8,0,0,0,,0,0,0,0,
c8c87552da404928bcb9fcbafd896591,2410,29410,323,140,862,https://www.youtube.com/watch?v=xx5RBq629K0,346,143,595,https://www.youtube.com/watch?v=sHj-GAjTufA,192,125,862,https://www.youtube.com/watch?v=xx5RBq629K0,0,0,0,0,
27a500a69f2b425bb5ab44750df0fac8,2400,89432,0,0,0,,0,0,0,,0,0,0,,0,0,0,0,
0f9d996c066a406dbe04161776c17461,2400,99814,156,103,320,https://www.youtube.com/watch?v=qOunpvdiREA,156,103,320,https://www.youtube.com/watch?v=qOunpvdiREA,0,0,0,,0,0,0,0,
d9e29a148c3d45e99a6ee30802a8da38,2400,1684,0,0,0,,0,0,0,,0,0,0,,1205,0,0,0,
5fa2dee0fba64112aa476441cd6ff982,2400,49719,490,242,974,https://www.youtube.com/watch?v=M9EHs5uZ-Kg,490,242,974,https://www.youtube.com/watch?v=M9EHs5uZ-Kg,0,0,0,,0,0,0,0,
90c317900736475a8c5cae632bdd0960,2400,152459,0,0,0,,0,0,0,,0,0,0,,0,0,0,0,
98f0c92052e74bdc969388a4710655cd,2400,142962,248,139,352,https://www.youtube.com/watch?v=lkjIJNgKQf0,352,220,352,https://www.youtube.com/watch?v=lkjIJNgKQf0,144,59,144,https://www.youtube.com/watch?v=vL9oy-3TjNI,0,0,0,0,
c79ef93aca644e7083eeb8196e5cee85,2390,32580,0,0,0,,0,0,0,,0,0,0,,5101,0,0,0,
9b33b75521bd43bca3346790ac65559c,2380,140636,11,5,38,https://www.youtube.com/watch?v=p2eGT8xqObs,0,0,0,,11,5,38,https://www.youtube.com/watch?v=p2eGT8xqObs,7275,590,324,1191,https://www.twitch.tv/videos/2072141926
e68bb26e386a4d49a2f521f8abc83376,2380,43505,227,99,227,https://www.youtube.com/watch?v=hZzQaTuvVtw,0,0,0,,227,99,227,https://www.youtube.com/watch?v=hZzQaTuvVtw,3536,236,187,350,https://www.twitch.tv/videos/2059812539
dca4ac320dfd431b930d798a34f6056a,2380,98339,0,0,0,,0,0,0,,0,0,0,,0,0,0,0,
0a9e04624456419c814b77a7aa12678b,2370,142607,0,0,0,,0,0,0,,0,0,0,,0,0,0,0,
daf01d921fcd4d59876e7f574a083aba,2370,73219,146,73,586,https://www.youtube.com/watch?v=cFP-kQdnoo0,146,73,586,https://www.youtube.com/watch?v=cFP-kQdnoo0,0,0,0,,0,0,0,0,
b2313ef4c37542c89796ae94dfb8228d,2370,56745,356,112,1638,https://www.youtube.com/watch?v=Y5keW0iSE-o,356,112,1638,https://www.youtube.com/watch?v=Y5keW0iSE-o,0,0,0,,0,0,0,0,
11dd1f817a6b4c80a066aedd8e0fa419,2370,58569,194,82,313,https://www.youtube.com/watch?v=TzgsNMfhFPQ,225,87,313,https://www.youtube.com/watch?v=TzgsNMfhFPQ,111,60,170,https://www.youtube.com/watch?v=erFj62ekO5M,0,0,0,0,
b975eb70ed174bbda87e181be25bd1c5,2370,73005,362,231,362,https://www.youtube.com/watch?v=YKReXf3jr98,362,231,362,https://www.youtube.com/watch?v=YKReXf3jr98,0,0,0,,0,0,0,0,
f146e7f1a1164dbfab960ea34873afb5,2360,87206,73,47,73,https://www.youtube.com/watch?v=S-DsmWVUWl4,0,0,0,,73,47,73,https://www.youtube.com/watch?v=S-DsmWVUWl4,98,0,0,0,
62d6466e900941d9b516c95cf222aa40,2360,9570,0,0,0,,0,0,0,,0,0,0,,433,0,0,0,
13f9e814151e487aa60c4f50a4a23a27,2340,84276,0,0,0,,0,0,0,,0,0,0,,0,0,0,0,
d55860f26114410c97af27ba1269e3ed,2340,105937,94,39,228,https://www.youtube.com/watch?v=e6GfuvXWoKI,94,39,228,https://www.youtube.com/watch?v=e6GfuvXWoKI,0,0,0,,1201,170,142,266,https://www.twitch.tv/videos/2059764868
432458f2f15549919dc6e3706ccbd417,2340,91834,217,76,247,https://www.youtube.com/watch?v=fJoWqesoSUA,0,0,0,,217,76,247,https://www.youtube.com/watch?v=fJoWqesoSUA,0,0,0,0,
b19d58b07131413a92b4bd16e37e8e38,2330,10892,0,0,0,,0,0,0,,0,0,0,,0,0,0,0,
1756e5a7f5a04ff6a7b5f482201b5cfc,2330,58166,563,268,1510,https://www.youtube.com/watch?v=11rZUNzw-Io,0,0,0,,563,268,1510,https://www.youtube.com/watch?v=11rZUNzw-Io,19473,1123,395,2529,https://www.twitch.tv/videos/2058539956
6e1845e76035452287436153470e8656,2330,94402,247,205,247,https://www.youtube.com/watch?v=1Vt-Zr7XVws,247,205,247,https://www.youtube.com/watch?v=1Vt-Zr7XVws,0,0,0,,475,0,0,0,
bcbde4d998e341418ebdf3e26884811d,2330,50686,148,90,2170,https://www.youtube.com/watch?v=dfPnm1z5jfU,148,90,2170,https://www.youtube.com/watch?v=dfPnm1z5jfU,0,0,0,,0,0,0,0,
9b8fe3ac0f30473f87290d314dfda74e,2320,64707,0,0,0,,0,0,0,,0,0,0,,0,0,0,0,
edc63a5ab371435ea8614134d401c517,2310,88378,0,0,0,,0,0,0,,0,0,0,,0,0,0,0,
4c34c44a98974b709f7dbc7618847fd6,2310,126299,426,151,3135,https://www.youtube.com/watch?v=aJE9LbzS0aE,0,0,0,,426,151,3135,https://www.youtube.com/watch?v=aJE9LbzS0aE,10518,1531,772,2087,https://www.twitch.tv/videos/2054861178
6443d56896a848dd820e339b5f81e292,2310,52309,360,170,3539,https://www.youtube.com/watch?v=nAPa53Z7PsA,288,263,360,https://www.youtube.com/watch?v=FImzgueiVZc,3539,4,3539,https://www.youtube.com/watch?v=nAPa53Z7PsA,3932,274,211,410,https://www.twitch.tv/videos/2072276879
9012b1827e8141bd9d56d1a04b2f7ad1,2300,83481,248,38,424,https://www.youtube.com/watch?v=RtDxB0-w6_c,248,38,424,https://www.youtube.com/watch?v=RtDxB0-w6_c,0,0,0,,0,0,0,0,
1e71d9b4bbb1411b84e1aa428a79c9bc,2300,29098,187,64,5878,https://www.youtube.com/watch?v=_EDfPbh8uqw,186,69,560,https://www.youtube.com/watch?v=i5HXOIk-cLI,201,54,5878,https://www.youtube.com/watch?v=_EDfPbh8uqw,0,0,0,0,
25904d8b82c84d74a8abffb804647e21,2290,105868,0,0,0,,0,0,0,,0,0,0,,404,0,0,0,
c21d4186912d4652a7fb5a1b3ef382b6,2290,54622,229,137,1017,https://www.youtube.com/watch?v=3Ps8NIue_Uo,217,131,1017,https://www.youtube.com/watch?v=3Ps8NIue_Uo,373,213,883,https://www.youtube.com/watch?v=dcWChg6whSo,1377,352,228,570,https://www.twitch.tv/videos/2061536325
3f12c2866e564c3086183c6e75ef79eb,2290,56183,0,0,0,,0,0,0,,0,0,0,,0,0,0,0,
75b388425b774a9f99a4483e295a13f0,2290,115581,400,187,1374,https://www.youtube.com/watch?v=--Ur-UqtNmM,400,187,1374,https://www.youtube.com/watch?v=--Ur-UqtNmM,0,0,0,,332,0,0,0,
c01af5d5f9b74ac29b51dcae0dc55a2d,2290,159452,195,89,3069,https://www.youtube.com/watch?v=1599o44jPzo,342,212,342,https://www.youtube.com/watch?v=fM7ke1p9wpE,169,69,3069,https://www.youtube.com/watch?v=1599o44jPzo,0,0,0,0,
284024f40bb34b429debb78e7dbf3391,2280,37337,17,1,17,https://www.youtube.com/watch?v=F5dSUS-o-iQ,0,0,0,,17,1,17,https://www.youtube.com/watch?v=F5dSUS-o-iQ,0,0,0,0,
1e10c82a40224474bba81c3a9e293c51,2270,0,0,0,0,,0,0,0,,0,0,0,,3623,0,0,0,
02168475e7ca4234b57d53f495bf3bbc,2270,118649,90,30,132,https://www.youtube.com/watch?v=6716ospoAgQ,90,30,132,https://www.youtube.com/watch?v=6716ospoAgQ,0,0,0,,0,0,0,0,
73a6eae6a16942ef8726b2c475fef9e0,2270,130860,0,0,0,,0,0,0,,0,0,0,,0,0,0,0,
536213f7ad4545f5a318156568763a35,2270,64851,79,39,182,https://www.youtube.com/watch?v=k0DAxPUmyX8,78,37,182,https://www.youtube.com/watch?v=k0DAxPUmyX8,165,104,165,https://www.youtube.com/watch?v=DWvZS6qsH8I,0,0,0,0,
9c913230c732455c9604dae9ebcfa64e,2260,15986,2,0,13,https://www.youtube.com/watch?v=xweSBd8yyrw,0,0,0,,2,0,13,https://www.youtube.com/watch?v=xweSBd8yyrw,811,275,189,548,https://www.twitch.tv/videos/2066099448
65a52797bec24b9bb2df5201068873a4,2260,28255,123,104,455,https://www.youtube.com/watch?v=ZSbk2KLylFg,123,104,455,https://www.youtube.com/watch?v=ZSbk2KLylFg,0,0,0,,0,0,0,0,
3896e47ba9f64b7082eee3980734ab14,2260,197783,0,0,0,,0,0,0,,0,0,0,,0,0,0,0,
08a9cb204a03447bbba896df3ee6a096,2260,10770,0,0,0,,0,0,0,,0,0,0,,405,0,0,0,
8961bc96eec34a99ad58505bae3f58f1,2250,70223,184,124,2052,https://www.youtube.com/watch?v=J4VIg5UrzJ4,184,124,2052,https://www.youtube.com/watch?v=J4VIg5UrzJ4,0,0,0,,0,0,0,0,
3b0031a4b57f46719f06cbf7c5cc42b6,2240,51497,222,70,1760,https://www.youtube.com/watch?v=qqw_ffvkRlI,230,78,1760,https://www.youtube.com/watch?v=qqw_ffvkRlI,189,69,374,https://www.youtube.com/watch?v=I4JiWy35Yao,0,0,0,0,
3a4fe2f4720747ceabc87b3327ab2b17,2220,45591,179,98,613,https://www.youtube.com/watch?v=s_yyoSo4k4U,174,89,613,https://www.youtube.com/watch?v=s_yyoSo4k4U,213,191,213,https://www.youtube.com/watch?v=bnFSQCvXBvE,0,0,0,0,
cb57ce29683a4cff930848f8c9850665,2210,45425,0,0,0,,0,0,0,,0,0,0,,293,91,88,91,https://www.twitch.tv/videos/2072394763
7ce04ee5bb63467f8b70a69136049218,2210,25096,0,0,0,,0,0,0,,0,0,0,,1544,226,152,249,https://www.twitch.tv/videos/2061565464
0c09a69445864b44adbba11b487f9b1a,2210,59980,528,69,2126,https://www.youtube.com/watch?v=LvAl7HuSnYg,186,50,186,https://www.youtube.com/watch?v=ETkM_9tFL_c,574,128,2126,https://www.youtube.com/watch?v=LvAl7HuSnYg,703,0,0,0,
a7874e2ea7a44640a4ad427680a1dc9a,2210,66764,204,69,270,https://www.youtube.com/watch?v=tk-uBNB8XgU,204,69,270,https://www.youtube.com/watch?v=tk-uBNB8XgU,0,0,0,,0,0,0,0,
6c812a2f61ac470f8e3b30a92dca9d81,2210,67525,105,45,2649,https://www.youtube.com/watch?v=gtxz8-Dt5oo,133,71,2649,https://www.youtube.com/watch?v=gtxz8-Dt5oo,76,22,238,https://www.youtube.com/watch?v=pk0znIu9jbs,0,0,0,0,
e76a030f33bc48a58257b261f95ee3af,2200,68464,287,112,1427,https://www.youtube.com/watch?v=X53zLMskKrM,263,86,1427,https://www.youtube.com/watch?v=X53zLMskKrM,632,601,783,https://www.youtube.com/watch?v=6qFPmuOLBIA,0,0,0,0,
1c4d1b6728454276a4a5c4e0d6a94a20,2200,0,0,0,0,,0,0,0,,0,0,0,,0,0,0,0,
80c426d23cdb4dcda1d1a0a1bd7e0245,2200,12975,126,53,213,https://www.youtube.com/watch?v=FtZhjcZeS7M,126,53,213,https://www.youtube.com/watch?v=FtZhjcZeS7M,0,0,0,,6044,264,110,597,https://www.twitch.tv/videos/2048647107
8d0693c271284b76a407c9f6faffcfdc,2190,37416,70,37,100,https://www.youtube.com/watch?v=mSrCQdf3S1A,72,51,100,https://www.youtube.com/watch?v=mSrCQdf3S1A,36,22,44,https://www.youtube.com/watch?v=buz-9EwTbAM,0,0,0,0,
4de89158f20a4d0e8023f15db8a9526e,2190,15607,575,122,2791,https://www.youtube.com/watch?v=wbFI898aOQc,0,0,0,,575,122,2791,https://www.youtube.com/watch?v=wbFI898aOQc,0,0,0,0,
491a6000ce4b472c9b4f8c1dcfdb772c,2190,48803,76,42,336,https://www.youtube.com/watch?v=f6_QeFCS-fU,95,42,255,https://www.youtube.com/watch?v=3mwz2xCH0n0,54,42,336,https://www.youtube.com/watch?v=f6_QeFCS-fU,716,143,91,169,https://www.twitch.tv/videos/2062460381
4f93fe928d264a299c6589e09fbda21e,2180,160915,0,0,0,,0,0,0,,0,0,0,,0,0,0,0,
326e254f0da14bc6bfc5d379164cf5c6,2180,43320,0,0,0,,0,0,0,,0,0,0,,0,0,0,0,
d45c287a84b6485e8ff3400cf50f5db7,2180,161779,0,0,0,,0,0,0,,0,0,0,,2550,378,292,500,https://www.twitch.tv/videos/2065413317
9ef5ec69554f46e887a9ac0fe54b4f41,2160,80638,372,181,544,https://www.youtube.com/watch?v=54cSdHN7QtA,372,181,544,https://www.youtube.com/watch?v=54cSdHN7QtA,0,0,0,,0,0,0,0,
b8d723ac79eb47229a23adc4029a5bd5,2160,0,0,0,0,,0,0,0,,0,0,0,,0,0,0,0,
50433c34f368460c9cda947f292a62b4,2150,147324,287,157,508,https://www.youtube.com/watch?v=bHiMBBYIyWQ,289,168,508,https://www.youtube.com/watch?v=bHiMBBYIyWQ,174,67,174,https://www.youtube.com/watch?v=F_B_G84qF2U,0,0,0,0,
93a4d479e67242d58d3ff80307d3bc84,2150,88439,133,76,652,https://www.youtube.com/watch?v=Ff_FykSVgCY,158,90,313,https://www.youtube.com/watch?v=lH5xh_rLPSc,116,57,652,https://www.youtube.com/watch?v=Ff_FykSVgCY,73,0,0,0,
1901cef25e9940e7b3da42d3c189cada,2140,25951,0,0,0,,0,0,0,,0,0,0,,0,0,0,0,
9a496e9b261f401dba4991a9f4c7048e,2130,51796,326,162,783,https://www.youtube.com/watch?v=oVydljrS4Fo,327,158,783,https://www.youtube.com/watch?v=oVydljrS4Fo,243,210,781,https://www.youtube.com/watch?v=UJ_IGZvrVOs,0,0,0,0,
59005edeef174395915757d45718177d,2130,89104,141,38,353,https://www.youtube.com/watch?v=WG4tymfkrnc,147,46,353,https://www.youtube.com/watch?v=WG4tymfkrnc,23,13,23,https://www.youtube.com/watch?v=GtfOgspcwng,0,0,0,0,
b5c9831f97f4427a88a96d7c4ee40539,2130,181990,64,26,171,https://www.youtube.com/watch?v=JBdjul-MC_M,64,26,171,https://www.youtube.com/watch?v=JBdjul-MC_M,0,0,0,,928,293,224,2209,https://www.twitch.tv/videos/2060527633
6d185bad1ade4f54b0a23d2d9f3f3198,2120,26919,0,0,0,,0,0,0,,0,0,0,,0,0,0,0,
c2bbc6bca92c4825b72d635634197e2b,2120,36389,230,161,582,https://www.youtube.com/watch?v=LhkrwBmCDak,230,161,582,https://www.youtube.com/watch?v=LhkrwBmCDak,0,0,0,,0,0,0,0,
6eeed5b0702a45df8470a617ee2c5243,2120,23028,0,0,0,,0,0,0,,0,0,0,,0,0,0,0,
93e7079bd21c499f9004e79d18489d28,2110,435758,0,0,0,,0,0,0,,0,0,0,,88,0,0,0,
62e0c4a2dc274095a08c49a7850d3b78,2100,30772,0,0,0,,0,0,0,,0,0,0,,1473,0,0,0,
2161dd499b2b493096ab04591890b15b,2100,51594,272,95,459,https://www.youtube.com/watch?v=-faIeAx2-oo,272,95,459,https://www.youtube.com/watch?v=-faIeAx2-oo,0,0,0,,740,186,139,244,https://www.twitch.tv/videos/2067188929
c41a24bf9c8f48ee9454119057088688,2080,76930,0,0,0,,0,0,0,,0,0,0,,0,0,0,0,
7b2d1d71057b4ac2a16109b980a99e28,2080,42795,266,77,1392,https://www.youtube.com/watch?v=rMuj5jKxyOI,284,68,1392,https://www.youtube.com/watch?v=rMuj5jKxyOI,156,77,811,https://www.youtube.com/watch?v=78kbF5RFd3g,0,0,0,0,
de362d2d371446d898953e74e27abd2a,2080,153696,183,95,728,https://www.youtube.com/watch?v=j-vZWzBpnik,169,80,258,https://www.youtube.com/watch?v=mF1Y9wAn8J8,194,102,728,https://www.youtube.com/watch?v=j-vZWzBpnik,0,0,0,0,
677ae7ec361d4d3c9981bca8fbb974c8,2070,64980,98,42,374,https://www.youtube.com/watch?v=L6QPJuoz0RA,91,42,129,https://www.youtube.com/watch?v=2hYNOzFAEOw,374,287,374,https://www.youtube.com/watch?v=L6QPJuoz0RA,366,0,0,0,
d3a3eab7a3e34ea98784c44e3691c726,2060,66852,137,48,1045,https://www.youtube.com/watch?v=CarQNVTl_jQ,163,101,1045,https://www.youtube.com/watch?v=CarQNVTl_jQ,101,36,345,https://www.youtube.com/watch?v=XocyFWxNu2E,0,0,0,0,
275aaf8046a144198dee96d20bce8b1a,2060,45254,94,30,113,https://www.youtube.com/watch?v=t0Z39na9GT8,94,30,113,https://www.youtube.com/watch?v=t0Z39na9GT8,0,0,0,,0,0,0,0,
6b36f446b10e4ea99d5d80d60beeee21,2060,40071,0,0,0,,0,0,0,,0,0,0,,8333,0,0,0,
0414bb8fc082472a9434bd4a463a9865,2050,64963,0,0,0,,0,0,0,,0,0,0,,144,0,0,0,
95f3f004ed9641139567827519f6b35e,2050,106939,73,52,248,https://www.youtube.com/watch?v=D9iOciqmOH8,101,65,248,https://www.youtube.com/watch?v=D9iOciqmOH8,60,7,60,https://www.youtube.com/watch?v=F-t46R0Xcfo,260,0,0,0,
9ad37d3249e24861bc8cb84368883258,2050,61794,62,17,199,https://www.youtube.com/watch?v=41eerzxmzoE,65,23,199,https://www.youtube.com/watch?v=41eerzxmzoE,44,13,170,https://www.youtube.com/watch?v=IL7rh2qb85Y,0,0,0,0,
27bbe711f5e848a9bc8accc73fc79471,2040,43083,81,47,121,https://www.youtube.com/watch?v=PuYslqdpfFE,93,31,121,https://www.youtube.com/watch?v=PuYslqdpfFE,81,53,81,https://www.youtube.com/watch?v=TO02Q0YQwj0,0,0,0,0,
160f90709224412f9cfc2aaa88e89a57,2040,37075,53,20,249,https://www.youtube.com/watch?v=CHcAYjThcFQ,53,20,249,https://www.youtube.com/watch?v=CHcAYjThcFQ,0,0,0,,0,0,0,0,
01edfa8163ad42cd85f56ef4dce2609e,2040,44614,73,45,256,https://www.youtube.com/watch?v=qzCU5Suhrv0,72,44,121,https://www.youtube.com/watch?v=kRSJglLlB0E,256,140,256,https://www.youtube.com/watch?v=qzCU5Suhrv0,0,0,0,0,
041976bda8b8410a99af25fc4cb87970,2040,35236,201,114,449,https://www.youtube.com/watch?v=-nAl3SV0aNo,186,89,449,https://www.youtube.com/watch?v=-nAl3SV0aNo,236,141,329,https://www.youtube.com/watch?v=pqwDlroHgYQ,36,0,0,0,
854282eb3f32406aa85dd53f14748228,2030,32272,106,45,106,https://www.youtube.com/watch?v=FI1Ifn8ozyg,0,0,0,,106,45,106,https://www.youtube.com/watch?v=FI1Ifn8ozyg,6608,545,242,2874,https://www.twitch.tv/videos/2050966802
d889f67fe7b84a38a9742ab2a47f346a,2030,61348,119,86,1246,https://www.youtube.com/watch?v=iw0-13lP3rA,93,56,244,https://www.youtube.com/watch?v=0VneS5sASgk,1213,525,1246,https://www.youtube.com/watch?v=iw0-13lP3rA,1937,327,258,450,https://www.twitch.tv/videos/2062557610
db4fd03c50654057bd32b9201666b345,2020,74936,223,139,1507,https://www.youtube.com/watch?v=sJ7R5whFPx8,241,142,1507,https://www.youtube.com/watch?v=sJ7R5whFPx8,125,57,328,https://www.youtube.com/watch?v=NMxdj6izB4c,2104,0,0,0,
00c158176a504c9bb865b32276e79eb1,2020,63066,200,81,496,https://www.youtube.com/watch?v=z6Q14sUAPt0,214,93,496,https://www.youtube.com/watch?v=z6Q14sUAPt0,136,65,224,https://www.youtube.com/watch?v=UQ63HbfCrIs,0,0,0,0,
ab069c9401bc4bd09eea8f5ece525d54,2010,267260,332,145,499,https://www.youtube.com/watch?v=LeC-NhDFCbA,332,145,499,https://www.youtube.com/watch?v=LeC-NhDFCbA,0,0,0,,0,0,0,0,
14d334ad35f146ecbb047d1c20652fe1,2010,305532,0,0,0,,0,0,0,,0,0,0,,0,0,0,0,
3039dc305f614cd89e8ee8d028dea0ff,2010,44729,0,0,0,,0,0,0,,0,0,0,,0,0,0,0,
4b7c733a13d247ec84844698ecc7ba0c,2010,124640,0,0,0,,0,0,0,,0,0,0,,2521,243,175,327,https://www.twitch.tv/videos/2059468902
d418b8a185f449b3a15c1656ba654780,2000,113569,72,30,121,https://www.youtube.com/watch?v=aNNnMN1eva0,72,30,121,https://www.youtube.com/watch?v=aNNnMN1eva0,0,0,0,,0,0,0,0,
83eff3b0de694818876092eaabd35b4a,2000,56566,74,49,196,https://www.youtube.com/watch?v=w_XTJD1Av5Q,74,49,196,https://www.youtube.com/watch?v=w_XTJD1Av5Q,101,44,150,https://www.youtube.com/watch?v=CZv8sUjUABg,0,0,0,0,
d576c2396a004f3c8dd91baf14254898,1990,55755,22,10,33,https://www.youtube.com/watch?v=Bs0nKDunnm8,0,0,0,,22,10,33,https://www.youtube.com/watch?v=Bs0nKDunnm8,2304,146,117,193,https://www.twitch.tv/videos/2062346553
8564954960ba466fa7f17bc0e0ea5e8e,1990,36918,0,0,0,,0,0,0,,0,0,0,,259,0,0,0,
6fa1245c717d4af68589205df5ab6427,1980,42820,153,65,2180,https://www.youtube.com/watch?v=wdIzOwfKDBI,146,64,310,https://www.youtube.com/watch?v=VPURM6SGiCQ,487,110,2180,https://www.youtube.com/watch?v=wdIzOwfKDBI,341,89,58,264,https://www.twitch.tv/videos/2066328106
afb88fe247b6416e8b9156a9a7e60f38,1970,151723,294,146,4205,https://www.youtube.com/watch?v=RuZwtrtqgY0,235,118,782,https://www.youtube.com/watch?v=u87z1cpPMFs,786,166,4205,https://www.youtube.com/watch?v=RuZwtrtqgY0,0,0,0,0,
1310ffb60dcf40eaaf6a08890e632234,1960,78212,263,144,263,https://www.youtube.com/watch?v=tazcNLSM8Q0,263,144,263,https://www.youtube.com/watch?v=tazcNLSM8Q0,0,0,0,,0,0,0,0,
6d2945d11f504edb9962f742b54f6553,1950,26794,65,37,101,https://www.youtube.com/watch?v=hpCR-60mc4s,63,26,95,https://www.youtube.com/watch?v=rY4tKWvcNko,101,87,101,https://www.youtube.com/watch?v=hpCR-60mc4s,941,40,26,62,https://www.twitch.tv/videos/2065399885
02cf3719d4f44b7dbedc324ef8b0702e,1950,24236,210,80,737,https://www.youtube.com/watch?v=1ezcfH9WgQ4,396,82,737,https://www.youtube.com/watch?v=1ezcfH9WgQ4,160,62,310,https://www.youtube.com/watch?v=F6pcaOzBwzQ,0,0,0,0,
1dab397f9530482e96216024b42f5ef3,1950,71412,0,0,0,,0,0,0,,0,0,0,,238,0,0,0,
9d74c909706a450ea35c1777cac79e77,1950,150124,163,74,431,https://www.youtube.com/watch?v=hSj_cU8IVgw,169,85,431,https://www.youtube.com/watch?v=hSj_cU8IVgw,38,30,303,https://www.youtube.com/watch?v=VueEMAQLZwE,0,0,0,0,
14561bf5e63844f58b60deb87f443507,1950,0,0,0,0,,0,0,0,,0,0,0,,686,113,66,113,https://www.twitch.tv/videos/2061380209
2c7d4ba3c9f04cb1806b8d89250b4521,1940,38534,26,5,28,https://www.youtube.com/watch?v=IT-IugYMkSo,27,2,28,https://www.youtube.com/watch?v=IT-IugYMkSo,16,10,16,https://www.youtube.com/watch?v=BoyNQZBPxDQ,0,0,0,0,
aa9fa329d639488dbb860b8f8b3235f8,1940,55036,1144,758,1905,https://www.youtube.com/watch?v=KqGsvzQANCc,1213,810,1905,https://www.youtube.com/watch?v=KqGsvzQANCc,389,240,389,https://www.youtube.com/watch?v=bK-DejDZvo4,1285,209,139,610,https://www.twitch.tv/videos/2070402858
3bbbe40f23e344fa8889d410b7315383,1940,31236,0,0,0,,0,0,0,,0,0,0,,1741,0,0,0,
08158657738a4949bce0cbbc36c4e701,1940,72966,109,60,122,https://www.youtube.com/watch?v=1B3foBzSd0c,109,60,122,https://www.youtube.com/watch?v=1B3foBzSd0c,0,0,0,,0,0,0,0,
55e9448a0a9040f99dc8ea1cf86cbad5,1930,180338,1182,118,2266,https://www.youtube.com/watch?v=yQCUp6KuDR0,0,0,0,,1182,118,2266,https://www.youtube.com/watch?v=yQCUp6KuDR0,1469,0,0,0,
fe5a0ac164a940c79e430eab9995da2e,1930,179538,0,0,0,,0,0,0,,0,0,0,,117,0,0,0,
e32a7d950f5a4b53ab2f47d225aec4fd,1920,51228,96,65,106,https://www.youtube.com/watch?v=VufQHCfJfGw,96,65,106,https://www.youtube.com/watch?v=VufQHCfJfGw,0,0,0,,0,0,0,0,
c805a5c2c4fb4a068a65267452aa4da5,1920,71747,47,9,94,https://www.youtube.com/watch?v=YdD9FSohLUk,47,9,94,https://www.youtube.com/watch?v=YdD9FSohLUk,0,0,0,,0,0,0,0,
29294f0665864cee8bb2b48697b9e84f,1920,61804,164,82,1845,https://www.youtube.com/watch?v=huEl1xzwb9s,164,81,241,https://www.youtube.com/watch?v=bWyfekLgyVU,1845,1511,1845,https://www.youtube.com/watch?v=huEl1xzwb9s,82,0,0,0,
4a1e39ee23e6423fbfd3a15b1e28c8f3,1920,42615,105,68,243,https://www.youtube.com/watch?v=ne12v3tNvh4,105,68,243,https://www.youtube.com/watch?v=ne12v3tNvh4,0,0,0,,0,0,0,0,
b34b0381ce8e40f2b24fa0a96a1e1bd5,1920,65501,0,0,0,,0,0,0,,0,0,0,,0,0,0,0,
9767904fedef42febaa98e9162973356,1910,361848,153,66,689,https://www.youtube.com/watch?v=kn-wze1udHs,252,82,689,https://www.youtube.com/watch?v=kn-wze1udHs,97,30,165,https://www.youtube.com/watch?v=zwPvh6uSYks,0,0,0,0,
80ea9b92d31c48b8b2cf2ca5bacc2a08,1910,81931,301,247,470,https://www.youtube.com/watch?v=2LZA-SmzLkA,301,247,470,https://www.youtube.com/watch?v=2LZA-SmzLkA,0,0,0,,0,0,0,0,
15b8c0a77287451395102506f90ec98b,1910,641,0,0,0,,0,0,0,,0,0,0,,0,0,0,0,
48b978b1705a4f61a760b05280000b34,1900,8144,0,0,0,,0,0,0,,0,0,0,,1310,0,0,0,
d1dcec3b0dbe4e39b2907be832c467a1,1900,0,0,0,0,,0,0,0,,0,0,0,,0,0,0,0,
084c49d869114256af18c13cc4b56414,1900,28310,0,0,0,,0,0,0,,0,0,0,,0,0,0,0,
3e48227b123a4137a0cf1755b1142a6c,1900,50514,214,52,405,https://www.youtube.com/watch?v=CbHau3fpJaw,214,52,405,https://www.youtube.com/watch?v=CbHau3fpJaw,0,0,0,,0,0,0,0,
75ddc749133b4c498eb35ceac1e2a0b2,1900,13272,1946,874,3806,https://www.youtube.com/watch?v=7CDZkTCcWlY,0,0,0,,1946,874,3806,https://www.youtube.com/watch?v=7CDZkTCcWlY,0,0,0,0,
256dd6464e974e118dc8103d5e9eb0b3,1890,37429,112,48,353,https://www.youtube.com/watch?v=atI-ewhNwIw,112,44,343,https://www.youtube.com/watch?v=1uxeu2OV4is,112,55,353,https://www.youtube.com/watch?v=atI-ewhNwIw,0,0,0,0,
d2b1ba87da034210bbe54bfa1c01bc41,1870,34271,67,55,71,https://www.youtube.com/watch?v=7Ud4QiAzVkA,67,55,71,https://www.youtube.com/watch?v=7Ud4QiAzVkA,0,0,0,,8351,395,216,575,https://www.twitch.tv/videos/2071182463
8de4919964114a0e8627e93166bf0efb,1870,10225,158,73,170,https://www.youtube.com/watch?v=INR9h41Lr38,150,78,170,https://www.youtube.com/watch?v=INR9h41Lr38,168,73,168,https://www.youtube.com/watch?v=ZKwOBk6yC90,0,0,0,0,
16b8db1818764f81addb322d109b5da3,1870,70476,671,292,790,https://www.youtube.com/watch?v=Re_B1UDcvD0,671,292,790,https://www.youtube.com/watch?v=Re_B1UDcvD0,0,0,0,,0,0,0,0,
ed4666af39034d54913aba64cfea6f47,1870,109579,74,36,287,https://www.youtube.com/watch?v=XBDioDH1r98,74,36,287,https://www.youtube.com/watch?v=XBDioDH1r98,0,0,0,,0,0,0,0,
0b91169f9d504a479f0e1010ae4edda1,1860,5451,0,0,0,,0,0,0,,0,0,0,,0,0,0,0,
ba2b5274997b4bf2af6bc69290463f35,1860,0,0,0,0,,0,0,0,,0,0,0,,0,0,0,0,
6b8922c9532e435eb4f03cabc8bb23b1,1850,58578,213,39,4860,https://www.youtube.com/watch?v=ADULLSsUtKQ,126,14,256,https://www.youtube.com/watch?v=pfWuZY4qlVM,2218,851,4860,https://www.youtube.com/watch?v=ADULLSsUtKQ,2401,0,0,0,
33918eea49984fb499619652ce58a4fa,1850,48776,127,44,290,https://www.youtube.com/watch?v=D5aYyICzoNk,127,44,290,https://www.youtube.com/watch?v=D5aYyICzoNk,0,0,0,,0,0,0,0,
829ebc1f7fc34bd1b770298799fccaa7,1850,35157,177,128,763,https://www.youtube.com/watch?v=bFFmuJEh1Io,177,128,763,https://www.youtube.com/watch?v=bFFmuJEh1Io,0,0,0,,0,0,0,0,
d710be5717d04f2a995ac6384100df20,1840,60167,70,40,70,https://www.youtube.com/watch?v=Jq3AQJy2yBI,0,0,0,,70,40,70,https://www.youtube.com/watch?v=Jq3AQJy2yBI,0,0,0,0,
b95eb39c5bb74de687696afbc31fb836,1840,35146,108,75,185,https://www.youtube.com/watch?v=lVtAV6r8BXc,108,75,185,https://www.youtube.com/watch?v=lVtAV6r8BXc,0,0,0,,124,0,0,0,
83a59a0d6537461fb429af7e3af1d152,1840,243110,50,38,67,https://www.youtube.com/watch?v=Tx7A-4yDxQs,53,45,67,https://www.youtube.com/watch?v=Tx7A-4yDxQs,50,16,50,https://www.youtube.com/watch?v=wdQFpjDVSAI,0,0,0,0,
52643019126449999714c7b659b6539c,1830,55454,0,0,0,,0,0,0,,0,0,0,,399,0,0,0,
cb52afa541704e6e8f1098a20679135c,1830,104387,0,0,0,,0,0,0,,0,0,0,,153,0,0,0,
edbd401267284e8886c1fd27d08283d4,1830,70123,960,382,8370,https://www.youtube.com/watch?v=Id6IO8-E6d4,916,326,2649,https://www.youtube.com/watch?v=TnB4Kvf8aAw,1290,438,8370,https://www.youtube.com/watch?v=Id6IO8-E6d4,954,0,0,0,
6f382359f4d0436e9e1d4f87e4696e76,1830,43373,230,86,1516,https://www.youtube.com/watch?v=oVUOwsZgmbI,201,60,289,https://www.youtube.com/watch?v=MNRosfzNKRk,1516,865,1516,https://www.youtube.com/watch?v=oVUOwsZgmbI,0,0,0,0,
af40da4e1fc24360bf9ed4eb828bf912,1820,104,0,0,0,,0,0,0,,0,0,0,,0,0,0,0,
3584322d47f14c7aa8f6e98511d3c54a,1810,3732,0,0,0,,0,0,0,,0,0,0,,1105,0,0,0,
2a20316d245d406193331300bb44fdec,1800,18185,0,0,0,,0,0,0,,0,0,0,,3353,816,464,3277,https://www.twitch.tv/videos/2050940836
b7fa120fd2264ecca8f9f02ece2850a9,1800,97925,66,43,1857,https://www.youtube.com/watch?v=_ouz5N4HYXQ,64,42,204,https://www.youtube.com/watch?v=quMXWvavFFg,312,239,1857,https://www.youtube.com/watch?v=_ouz5N4HYXQ,126,0,0,0,
b632def93af34129ad1a2a6f01a8277f,1800,80512,0,0,0,,0,0,0,,0,0,0,,0,0,0,0,
5b40a93fac8646f48fca66add3d3642c,1800,119207,114,64,570,https://www.youtube.com/watch?v=5TUozysIJl8,114,64,570,https://www.youtube.com/watch?v=5TUozysIJl8,0,0,0,,0,0,0,0,
be84d60f2d0e452ab7d66eaeb957477f,1790,69675,45,16,105,https://www.youtube.com/watch?v=_h1fv-_D0Qs,45,16,105,https://www.youtube.com/watch?v=_h1fv-_D0Qs,0,0,0,,0,0,0,0,
3a43445829024217b728d04d5398b61c,1780,65465,209,93,3418,https://www.youtube.com/watch?v=ZDxy6_bkafc,207,88,492,https://www.youtube.com/watch?v=qz9KCkVTGV4,3418,1055,3418,https://www.youtube.com/watch?v=ZDxy6_bkafc,0,0,0,0,
70d5f64a7e324d7584d7e5116d6dc5a2,1780,51668,216,183,387,https://www.youtube.com/watch?v=VYrJBffpQGI,216,183,387,https://www.youtube.com/watch?v=VYrJBffpQGI,0,0,0,,0,0,0,0,
2af83bdd7db644d88ffdaf123c38619b,1780,39371,66,32,130,https://www.youtube.com/watch?v=RMIWocreBnA,66,32,130,https://www.youtube.com/watch?v=RMIWocreBnA,0,0,0,,0,0,0,0,
7c147c43030b44b9ae244d82c387c82a,1770,35701,71,42,95,https://www.youtube.com/watch?v=6cIH0sLHAqE,76,48,95,https://www.youtube.com/watch?v=6cIH0sLHAqE,60,14,60,https://www.youtube.com/watch?v=gykT5vdzfws,0,0,0,0,
34d968321e3c40aabf759ad22d33bb3a,1770,0,0,0,0,,0,0,0,,0,0,0,,0,0,0,0,
0ac7e05c8a3842e7bd1401652ce2bf4f,1760,51060,237,125,2688,https://www.youtube.com/watch?v=TeP7aN0vPCs,201,90,329,https://www.youtube.com/watch?v=1msslYz1_Bc,1973,645,2688,https://www.youtube.com/watch?v=TeP7aN0vPCs,0,0,0,0,
de610557c5c041df85e41e7f2f5490f5,1750,35651,23,15,23,https://www.youtube.com/watch?v=xmuuhrrFhcQ,0,0,0,,23,15,23,https://www.youtube.com/watch?v=xmuuhrrFhcQ,0,0,0,0,
0bef54320f364c5a9289fceac64c5411,1750,58491,0,0,0,,0,0,0,,0,0,0,,0,0,0,0,
2463286fd3154219afa631c73d178147,1750,160143,188,94,538,https://www.youtube.com/watch?v=C9LVa8b2r7A,188,94,538,https://www.youtube.com/watch?v=C9LVa8b2r7A,0,0,0,,0,0,0,0,
b49c2970f97b4fd4a6762b3e9ba94f8e,1740,13034,0,0,0,,0,0,0,,0,0,0,,8527,887,409,7039,https://www.twitch.tv/videos/2068356128
0a178f2c7b994a4ea8eb845ebd489a5a,1740,36182,63,21,146,https://www.youtube.com/watch?v=KRRAUvuOhZA,63,21,146,https://www.youtube.com/watch?v=KRRAUvuOhZA,0,0,0,,188,0,0,0,
fbb142bcb07a4808b0164c41ab1877ea,1730,77267,712,190,4158,https://www.youtube.com/watch?v=uO5isCmSg-U,104,13,164,https://www.youtube.com/watch?v=TA-Pb8OjVGw,1680,975,4158,https://www.youtube.com/watch?v=uO5isCmSg-U,0,0,0,0,
9efea510313f4733b4d0b5e3cfb6988b,1730,351917,38,31,196,https://www.youtube.com/watch?v=7Oi4-DBE92c,52,44,54,https://www.youtube.com/watch?v=5-U7UAuVSpQ,17,13,196,https://www.youtube.com/watch?v=7Oi4-DBE92c,0,0,0,0,
7da08de1840847b99c6fe9a44a1ca0ac,1730,29741,101,47,244,https://www.youtube.com/watch?v=GW-9nAV_Ldg,101,47,244,https://www.youtube.com/watch?v=GW-9nAV_Ldg,0,0,0,,0,0,0,0,
60602526ae1d48688c23a74b3cb527e8,1720,64362,130,65,161,https://www.youtube.com/watch?v=99cZupvKO4E,130,65,161,https://www.youtube.com/watch?v=99cZupvKO4E,0,0,0,,0,0,0,0,
3430201d0e1f4672a58faf16ee0f2761,1720,46480,257,117,257,https://www.youtube.com/watch?v=KILBhTOwtYo,257,117,257,https://www.youtube.com/watch?v=KILBhTOwtYo,0,0,0,,1296,123,82,123,https://www.twitch.tv/videos/2063446167
e8c89b4aec4d45fbbb76533eb3db0428,1710,66044,173,71,2465,https://www.youtube.com/watch?v=ES3Xj9nNkx4,118,46,1122,https://www.youtube.com/watch?v=mkh1TCGVRqY,2030,179,2465,https://www.youtube.com/watch?v=ES3Xj9nNkx4,0,0,0,0,
cb8dab545aa1409c8c6cf887f8825485,1710,49619,83,44,166,https://www.youtube.com/watch?v=AwG3eRviKV4,83,44,166,https://www.youtube.com/watch?v=AwG3eRviKV4,0,0,0,,0,0,0,0,
c6d51e51df5a49f28bf25901f78a955b,1700,89122,26,12,79,https://www.youtube.com/watch?v=9UnTTEOg4g4,79,58,79,https://www.youtube.com/watch?v=9UnTTEOg4g4,19,8,33,https://www.youtube.com/watch?v=ZHaSh1WRo1M,309,0,0,0,
1f445fb1ee7447c2add6738b86570b2e,1690,67893,0,0,0,,0,0,0,,0,0,0,,0,0,0,0,
80e2f3365bfd4479a3594c3278311103,1690,4897,84,39,142,https://www.youtube.com/watch?v=t2wAMVxjrv0,0,0,0,,84,39,142,https://www.youtube.com/watch?v=t2wAMVxjrv0,2056,478,278,646,https://www.twitch.tv/videos/2059237588
988d1a83ff6c4f82af6be42946987c36,1690,110516,150,79,6728,https://www.youtube.com/watch?v=fJpOkMC-Tl8,140,77,427,https://www.youtube.com/watch?v=_slmymNt-HA,1518,531,6728,https://www.youtube.com/watch?v=fJpOkMC-Tl8,0,0,0,0,
44b22851b9df4612bec834e2cfde9489,1690,476308,66,31,245,https://www.youtube.com/watch?v=c0yDu-qZjNE,59,25,91,https://www.youtube.com/watch?v=CvMgwhMXf8k,245,119,245,https://www.youtube.com/watch?v=c0yDu-qZjNE,0,0,0,0,
32a08f858ffb4d6aba0624647cf8cf2d,1690,38285,77,35,1072,https://www.youtube.com/watch?v=d0vMP7yleL0,83,37,1072,https://www.youtube.com/watch?v=d0vMP7yleL0,57,26,80,https://www.youtube.com/watch?v=MuQlQjVBnOM,0,0,0,0,
cd4c94db2aed435794cc7e55999016e7,1690,76509,145,69,2196,https://www.youtube.com/watch?v=5Ih1_rcsvuw,145,69,2196,https://www.youtube.com/watch?v=5Ih1_rcsvuw,0,0,0,,219,106,64,249,https://www.twitch.tv/videos/2060239562
db2f279f9960492082f3ae6ad20aca91,1680,35138,137,47,143,https://www.youtube.com/watch?v=QGv9_KWjt-Q,137,47,143,https://www.youtube.com/watch?v=QGv9_KWjt-Q,0,0,0,,441,0,0,0,
70874043d50b4e3a873742127251caa5,1680,65576,85,44,210,https://www.youtube.com/watch?v=t6Fg8Htspu0,85,44,210,https://www.youtube.com/watch?v=t6Fg8Htspu0,0,0,0,,0,0,0,0,
895f655b68e34434992fe2a9ebbc725a,1680,28029,120,31,135,https://www.youtube.com/watch?v=jcCp6MJf3fc,120,31,135,https://www.youtube.com/watch?v=jcCp6MJf3fc,0,0,0,,0,0,0,0,
ecbeda5532474bdb8d08d4e15ce98d89,1680,25281,228,74,228,https://www.youtube.com/watch?v=qzaiCp9DZV0,228,74,228,https://www.youtube.com/watch?v=qzaiCp9DZV0,0,0,0,,2707,0,0,0,
d2b6390494b94f44ac75b6e53780a09c,1670,19928,128,100,134,https://www.youtube.com/watch?v=zLGXf5FQA8g,128,100,134,https://www.youtube.com/watch?v=zLGXf5FQA8g,0,0,0,,45,0,0,0,
712d031e7f004ed99aa1dfdb176cff32,1670,67423,116,63,503,https://www.youtube.com/watch?v=BxuIwz2qr-Q,116,67,206,https://www.youtube.com/watch?v=kQ8C6EJAi-w,257,58,503,https://www.youtube.com/watch?v=BxuIwz2qr-Q,316,0,0,0,
c4651b162abb45c3a85640e3d456fa71,1670,43181,58,32,65,https://www.youtube.com/watch?v=bTRtdEGBx54,58,32,65,https://www.youtube.com/watch?v=bTRtdEGBx54,0,0,0,,336,0,0,0,
8bf9e6165251449daa9b1b36af10e5bd,1670,83306,235,59,467,https://www.youtube.com/watch?v=t06lPxjLmt4,235,59,467,https://www.youtube.com/watch?v=t06lPxjLmt4,0,0,0,,0,0,0,0,
637b3a1eb03443248ebd1caba56e6b5a,1670,60293,137,44,1641,https://www.youtube.com/watch?v=VhsSxy_k_po,143,47,377,https://www.youtube.com/watch?v=e9MC7xqMnvc,131,42,1641,https://www.youtube.com/watch?v=VhsSxy_k_po,0,0,0,0,
9c0184b0f01a4af4a4c2c56139682fb9,1670,31607,294,122,1594,https://www.youtube.com/watch?v=svdqHEWmZms,330,124,1594,https://www.youtube.com/watch?v=svdqHEWmZms,17,13,114,https://www.youtube.com/watch?v=rTyXwVWYPpc,111,0,0,0,
0693a90c3539472db663f0f8cac9ee37,1670,52632,0,0,0,,0,0,0,,0,0,0,,628,86,49,86,https://www.twitch.tv/videos/2060726076
572c03fa49b54d4b95935321b4722b68,1660,136821,43,16,733,https://www.youtube.com/watch?v=LvV0fVVXmhw,0,0,0,,43,16,733,https://www.youtube.com/watch?v=LvV0fVVXmhw,1465,0,0,0,
86e86bf2d8e54e9083613e7398e1e7ac,1660,33118,0,0,0,,0,0,0,,0,0,0,,1499,406,328,1433,https://www.twitch.tv/videos/2072123143
90446c6f1b704ff6b0fbbf017f0a68c5,1660,33621,275,118,379,https://www.youtube.com/watch?v=8fVJQMRmXK4,278,116,379,https://www.youtube.com/watch?v=8fVJQMRmXK4,211,149,211,https://www.youtube.com/watch?v=ObdUlN7w34k,0,0,0,0,
df7bcc29e3204005877b25cdad9206b7,1660,74617,66,31,132,https://www.youtube.com/watch?v=G-a5eRxdEoY,51,28,108,https://www.youtube.com/watch?v=jlVyTq8TgWc,76,35,132,https://www.youtube.com/watch?v=G-a5eRxdEoY,0,0,0,0,
8ad9544f4e4f42a09ec1ecb6b514729f,1660,48310,0,0,0,,0,0,0,,0,0,0,,0,0,0,0,
f5a683eeac6b4936b44d547c1e4edbc2,1660,64175,175,105,1325,https://www.youtube.com/watch?v=-1GAN6d9omA,158,100,1325,https://www.youtube.com/watch?v=-1GAN6d9omA,220,181,220,https://www.youtube.com/watch?v=UuMDI4N1K4M,0,0,0,0,
f96c65701df94732853d86ffd893081e,1660,46441,153,93,203,https://www.youtube.com/watch?v=J0oDbOcYxvg,153,93,203,https://www.youtube.com/watch?v=J0oDbOcYxvg,0,0,0,,0,0,0,0,
bf124655587e4f5b937d695be814d25d,1660,112669,134,87,145,https://www.youtube.com/watch?v=Q_Sot4Sz_Tw,134,87,145,https://www.youtube.com/watch?v=Q_Sot4Sz_Tw,0,0,0,,0,0,0,0,
6eefc3826f4f49a0b28a5288c5e0d83e,1650,18305,343,146,492,https://www.youtube.com/watch?v=-28ru6BhYSI,194,192,194,https://www.youtube.com/watch?v=MA4FHI5Kb7o,492,99,492,https://www.youtube.com/watch?v=-28ru6BhYSI,1186,231,170,231,https://www.twitch.tv/videos/2065450281
889bc532fb85455bae33baf0aa7ec003,1640,116789,80,36,425,https://www.youtube.com/watch?v=Ih-pmLbvWso,79,33,425,https://www.youtube.com/watch?v=Ih-pmLbvWso,123,57,123,https://www.youtube.com/watch?v=D3Ea4NbkMCg,0,0,0,0,
8cace62dbfc34c2a9a2a348e479cdbb1,1640,161798,0,0,0,,0,0,0,,0,0,0,,0,0,0,0,
e9047e02eb6340ff940114f754c76875,1640,36187,157,64,309,https://www.youtube.com/watch?v=mNnrx0iBCnA,157,64,309,https://www.youtube.com/watch?v=mNnrx0iBCnA,0,0,0,,0,0,0,0,
86853cb239d740ce953573ba74bd08bd,1640,57115,0,0,0,,0,0,0,,0,0,0,,1566,296,158,496,https://www.twitch.tv/videos/2060497645
644ed2200e8a446bae2920103d1015e3,1640,52687,148,67,758,https://www.youtube.com/watch?v=VSYE-DD3U6c,148,67,758,https://www.youtube.com/watch?v=VSYE-DD3U6c,0,0,0,,0,0,0,0,
83e0f3520699474ba7f017e5e4388a5f,1640,16419,182,77,2159,https://www.youtube.com/watch?v=roFh2v-6Lhk,182,77,2159,https://www.youtube.com/watch?v=roFh2v-6Lhk,0,0,0,,0,0,0,0,
e39607950249427da8b60fa012115e44,1630,80972,131,63,283,https://www.youtube.com/watch?v=70khzB_mg0M,131,63,283,https://www.youtube.com/watch?v=70khzB_mg0M,0,0,0,,0,0,0,0,
72a83f60773546dba886008320809d70,1630,332199,86,39,179,https://www.youtube.com/watch?v=7uF_9wFNH7I,86,39,179,https://www.youtube.com/watch?v=7uF_9wFNH7I,0,0,0,,7464,0,0,0,
e0f419006f244a51804050ede1d1a5aa,1620,295837,218,143,10054,https://www.youtube.com/watch?v=wUGt-o_w4Ag,218,143,650,https://www.youtube.com/watch?v=mCiF9vU-63k,5051,2442,10054,https://www.youtube.com/watch?v=wUGt-o_w4Ag,0,0,0,0,
734477be3c5d42afbdde5356c6a6e8ee,1620,14873,26,11,60,https://www.youtube.com/watch?v=XVrRJc4bRe4,27,11,60,https://www.youtube.com/watch?v=XVrRJc4bRe4,25,12,42,https://www.youtube.com/watch?v=BHY8ZXrQu7c,0,0,0,0,
597fbfe660ae4e6d92bb20bd7e6f3738,1620,8476,0,0,0,,0,0,0,,0,0,0,,674,0,0,0,
2875db54b5d74d01b301d63d36dd6fbf,1610,26053,166,76,833,https://www.youtube.com/watch?v=2fXOvzVKCzc,165,79,833,https://www.youtube.com/watch?v=2fXOvzVKCzc,223,72,223,https://www.youtube.com/watch?v=DHPN92_RfJI,0,0,0,0,
8d65d936f3c7411ab8a812d7ebc70cdf,1610,66,0,0,0,,0,0,0,,0,0,0,,254,0,0,0,
cbd9ed35dc0045aa9c57bb9ee14b02e0,1600,681532,10,4,18,https://www.youtube.com/watch?v=54DmxKYeV5U,0,0,0,,10,4,18,https://www.youtube.com/watch?v=54DmxKYeV5U,0,0,0,0,
cd6b428bead74294b2d660b49a58edd3,1600,31930,49,16,49,https://www.youtube.com/watch?v=iRftyes6v40,49,16,49,https://www.youtube.com/watch?v=iRftyes6v40,0,0,0,,835,0,0,0,
e8eb343e61df420bbfa5de7fea1a90b2,1600,16953,44,22,44,https://www.youtube.com/watch?v=UnM52hsGhj0,44,22,44,https://www.youtube.com/watch?v=UnM52hsGhj0,0,0,0,,0,0,0,0,
891c39f050e048aebafaafc90a1c4cbd,1600,1933,0,0,0,,0,0,0,,0,0,0,,148,0,0,0,
0da343539de64a169fe51ad653e5c73d,1600,30316,58,15,93,https://www.youtube.com/watch?v=bwNoMzLwzNg,52,22,93,https://www.youtube.com/watch?v=bwNoMzLwzNg,68,1,68,https://www.youtube.com/watch?v=nwFhKAQS7RE,0,0,0,0,
e5f4b34c47844699a1c9c6dc3326cf6b,1600,48690,145,82,230,https://www.youtube.com/watch?v=ED3JoCm7VAU,142,87,230,https://www.youtube.com/watch?v=ED3JoCm7VAU,145,8,145,https://www.youtube.com/watch?v=D_eo7eFaHYU,75,0,0,0,
b023ec32c6b5474e95c7faf252925b8e,1600,27976,51,34,131,https://www.youtube.com/watch?v=aKLW8Us1chU,51,34,131,https://www.youtube.com/watch?v=aKLW8Us1chU,0,0,0,,143,0,0,0,
73a96bba42b444df98487ed22f97c240,1590,8811,0,0,0,,0,0,0,,0,0,0,,0,0,0,0,
1be04e1564c34845bee20467cdb8cfd1,1590,94620,0,0,0,,0,0,0,,0,0,0,,0,0,0,0,
c8dcd97e1e0b454aaeb9e14106c115ec,1590,1599,0,0,0,,0,0,0,,0,0,0,,1672,0,0,0,
0f7d7faa487642d0a8ff6d5fc8dbc394,1590,129199,235,100,611,https://www.youtube.com/watch?v=RCTKGqoToYY,210,172,611,https://www.youtube.com/watch?v=RCTKGqoToYY,403,60,468,https://www.youtube.com/watch?v=bQRFJnbGph4,643,717,505,717,https://www.twitch.tv/videos/2064437302
5da8c6fb027049cc8bc2030c56e8c489,1590,24169,150,93,206,https://www.youtube.com/watch?v=6fmFIlUcMSM,124,104,206,https://www.youtube.com/watch?v=6fmFIlUcMSM,180,53,180,https://www.youtube.com/watch?v=8JJVISx6T24,126,0,0,0,
5c164e07f385482181bf3289b030d748,1590,67169,168,126,1247,https://www.youtube.com/watch?v=Y3WhrHRMwXk,168,126,1247,https://www.youtube.com/watch?v=Y3WhrHRMwXk,0,0,0,,941,35,16,40,https://www.twitch.tv/videos/2052986517
7e50374d02184a429cfc6dfba9b52e2f,1590,2809,63,43,135,https://www.youtube.com/watch?v=11mekzCjQC4,63,43,135,https://www.youtube.com/watch?v=11mekzCjQC4,0,0,0,,0,0,0,0,
c0650390209e4600ad314d66a0cea1b8,1590,43171,83,28,100,https://www.youtube.com/watch?v=8x-OD2RM5HE,83,28,100,https://www.youtube.com/watch?v=8x-OD2RM5HE,0,0,0,,0,0,0,0,
30f59fd702d5417c9225bc729bf7ec32,1580,126221,154,81,374,https://www.youtube.com/watch?v=PqGpnLcvVhg,154,81,374,https://www.youtube.com/watch?v=PqGpnLcvVhg,0,0,0,,0,0,0,0,
66830cad0b9949689741b0dc5ef39d29,1570,37303,110,91,139,https://www.youtube.com/watch?v=w666bl8fftg,110,91,139,https://www.youtube.com/watch?v=w666bl8fftg,0,0,0,,0,0,0,0,
5d73e7f013034d06b58decaf4b2b385c,1570,27409,0,0,0,,0,0,0,,0,0,0,,0,0,0,0,
d3ae105969be4117ade8be2e8d19c008,1560,0,0,0,0,,0,0,0,,0,0,0,,2152,0,0,0,
7616b12f36f64fc89cd1b78c47cb0a03,1560,12230,0,0,0,,0,0,0,,0,0,0,,0,0,0,0,
3506a4f43442492e83c6fbe4cdb09aba,1550,39860,260,129,816,https://www.youtube.com/watch?v=KhrGxuDoOKs,239,128,397,https://www.youtube.com/watch?v=0y8nB7WRU0w,393,334,816,https://www.youtube.com/watch?v=KhrGxuDoOKs,0,0,0,0,
4d44c28a73394954a4d1bf2a1b2c162c,1550,78389,91,37,1289,https://www.youtube.com/watch?v=SOxyXByN0UI,84,26,175,https://www.youtube.com/watch?v=VupcYy3fkgs,784,306,1289,https://www.youtube.com/watch?v=SOxyXByN0UI,0,0,0,0,
c4df5c9723704291a4d51d973a4bdfd5,1550,28458,197,118,303,https://www.youtube.com/watch?v=BABN3HZaC1g,197,118,303,https://www.youtube.com/watch?v=BABN3HZaC1g,0,0,0,,0,0,0,0,
e8be1d48c5a249cebcef72b17653ef34,1550,25938,100,43,394,https://www.youtube.com/watch?v=tg4Fe-PkbzM,95,40,190,https://www.youtube.com/watch?v=5VpdmUAZPGA,138,107,394,https://www.youtube.com/watch?v=tg4Fe-PkbzM,0,0,0,0,
a960b283b1124f44bc4bf2a16199977a,1540,9299,898,257,1761,https://www.youtube.com/watch?v=9qIlfrDMS7o,0,0,0,,898,257,1761,https://www.youtube.com/watch?v=9qIlfrDMS7o,3863,414,206,570,https://www.twitch.tv/videos/2070316542
f3085e3337f34b178380b52e3ca429af,1540,58036,149,90,149,https://www.youtube.com/watch?v=08i5U6YaXpw,0,0,0,,149,90,149,https://www.youtube.com/watch?v=08i5U6YaXpw,854,0,0,0,
3430389926a942cbacde9b444b3a6653,1540,48611,54,36,54,https://www.youtube.com/watch?v=8mc8HYk1Oeg,0,0,0,,54,36,54,https://www.youtube.com/watch?v=8mc8HYk1Oeg,0,0,0,0,
c192b6e25df841ad85cbc8bbf0bd8bfe,1540,87263,145,57,228,https://www.youtube.com/watch?v=KNt5bdkzCXM,145,57,228,https://www.youtube.com/watch?v=KNt5bdkzCXM,0,0,0,,0,0,0,0,
b0e88b4d4e5d41c4b5edd07540dc3637,1530,106850,62,17,90,https://www.youtube.com/watch?v=1DuTa2pzmEo,65,23,90,https://www.youtube.com/watch?v=1DuTa2pzmEo,30,11,51,https://www.youtube.com/watch?v=5UBFjcwu7vo,0,0,0,0,
60234dcffd2b42f097a78aaf121d410f,1530,14334,169,92,293,https://www.youtube.com/watch?v=Eqq-6-VBSMc,169,92,293,https://www.youtube.com/watch?v=Eqq-6-VBSMc,0,0,0,,181,0,0,0,
20a90dc3baab4736890b96a827912448,1510,37447,78,50,78,https://www.youtube.com/watch?v=jEx8cF0Lv1k,78,50,78,https://www.youtube.com/watch?v=jEx8cF0Lv1k,0,0,0,,0,0,0,0,
ffb8b8f15321474a98628cb638631bf1,1510,117224,128,49,838,https://www.youtube.com/watch?v=q5dj8O1jlmg,189,79,838,https://www.youtube.com/watch?v=q5dj8O1jlmg,19,7,19,https://www.youtube.com/watch?v=J6slIQGVdNc,0,0,0,0,
8020c505099f474ca81da3023926485f,1510,71820,101,65,316,https://www.youtube.com/watch?v=TLL2Bcp1nmg,77,64,316,https://www.youtube.com/watch?v=TLL2Bcp1nmg,113,76,138,https://www.youtube.com/watch?v=942cWfGJ8P0,0,0,0,0,
ced6b5d82fc848a5a0f45a1b3da4cfae,1510,64927,51,31,506,https://www.youtube.com/watch?v=dBSwJ_SWEOI,56,29,132,https://www.youtube.com/watch?v=yRDQiABlvgI,47,38,506,https://www.youtube.com/watch?v=dBSwJ_SWEOI,128,25,18,69,https://www.twitch.tv/videos/2059747880
58bb51ba1bba485a98cbf859fb5687f4,1510,34273,779,481,2077,https://www.youtube.com/watch?v=pc0xLDNGy5Y,792,554,2077,https://www.youtube.com/watch?v=pc0xLDNGy5Y,465,302,779,https://www.youtube.com/watch?v=cbjS3d3aGMQ,1678,0,0,0,
500bd7cdaaa84adeb894c40ebd7f28ed,1510,0,0,0,0,,0,0,0,,0,0,0,,0,0,0,0,
906fcc288c6840858711cb82b4ebf5f0,1510,38767,199,43,201,https://www.youtube.com/watch?v=Nw5KHxmJxzE,198,59,198,https://www.youtube.com/watch?v=iGFVjNuV3rg,201,27,201,https://www.youtube.com/watch?v=Nw5KHxmJxzE,0,0,0,0,
6d61885259b744a28c7b92c0785e8fe9,1510,136290,0,0,0,,0,0,0,,0,0,0,,851,0,0,0,
a2b284f283b84af89441a229194ab72f,1500,0,0,0,0,,0,0,0,,0,0,0,,0,0,0,0,
1ff951f194d6455393ba37814e5cc750,1500,29494,0,0,0,,0,0,0,,0,0,0,,0,0,0,0,
d766d15cb84b4aa9b33122097eefff76,1490,0,0,0,0,,0,0,0,,0,0,0,,11340,0,0,0,
d20c66018a094127805133f051037124,1490,58697,267,180,267,https://www.youtube.com/watch?v=lp4c1yRBmkI,0,0,0,,267,180,267,https://www.youtube.com/watch?v=lp4c1yRBmkI,1253,126,112,245,https://www.twitch.tv/videos/2066405507
23ebdf629748450497d6cded6d82152e,1480,97128,0,0,0,,0,0,0,,0,0,0,,0,0,0,0,
bc0a5179a82542999692655e5f077e29,1480,8761,0,0,0,,0,0,0,,0,0,0,,288,0,0,0,
7eb39f4278b04ed485060a084cd07876,1480,43878,50,16,1473,https://www.youtube.com/watch?v=93vsLi_5yUM,50,16,1473,https://www.youtube.com/watch?v=93vsLi_5yUM,0,0,0,,0,0,0,0,
c0ae01f224734769a38c39b97fb6dbb7,1480,39356,110,43,156,https://www.youtube.com/watch?v=5wIDcXWR410,110,43,156,https://www.youtube.com/watch?v=5wIDcXWR410,0,0,0,,178,0,0,0,
e7e219a17a7644cd9d28a2ab871f5f7c,1480,31432,247,150,386,https://www.youtube.com/watch?v=XOKg8GHM7Ws,288,280,288,https://www.youtube.com/watch?v=CSBhITVbROo,181,111,386,https://www.youtube.com/watch?v=XOKg8GHM7Ws,1791,162,101,389,https://www.twitch.tv/videos/2072275953
9087489bcb234de9bb2a8942a1562a61,1460,69834,0,0,0,,0,0,0,,0,0,0,,0,0,0,0,
84be0f1e2b414125b39c80648897dd7a,1460,19152,0,0,0,,0,0,0,,0,0,0,,1563,770,634,770,https://www.twitch.tv/videos/2068215826
1b45eb3857ab407cb97447882c2ae525,1460,50692,56,30,74,https://www.youtube.com/watch?v=k_hA3UWwo2E,56,30,74,https://www.youtube.com/watch?v=k_hA3UWwo2E,0,0,0,,0,0,0,0,
6b2ebe86ad7c4eda910035c42927391d,1460,48121,85,22,110,https://www.youtube.com/watch?v=Th5H6w6RRjk,85,22,110,https://www.youtube.com/watch?v=Th5H6w6RRjk,0,0,0,,0,0,0,0,
4d8babea181e44df9855f3aafc06eb2c,1460,37433,242,90,2980,https://www.youtube.com/watch?v=jNhimZyiv30,191,94,434,https://www.youtube.com/watch?v=FRNjL5JT0ec,259,85,2980,https://www.youtube.com/watch?v=jNhimZyiv30,0,0,0,0,
325c292889f542688512641841b4ed8a,1450,47513,217,142,708,https://www.youtube.com/watch?v=QcrqtsG7mPc,212,139,708,https://www.youtube.com/watch?v=QcrqtsG7mPc,491,310,491,https://www.youtube.com/watch?v=bt-LZVfS89o,0,0,0,0,
1be625b10e2f4e65bab5b19d10a4d0b1,1450,17764,0,0,0,,0,0,0,,0,0,0,,0,0,0,0,
5903a0f7274043058d817894a9b39e75,1440,29755,5,1,20,https://www.youtube.com/watch?v=VwnxF1k7208,0,0,0,,5,1,20,https://www.youtube.com/watch?v=VwnxF1k7208,0,0,0,0,
8125f51f9526408790a77c1c7b4a053b,1440,28193,46,31,46,https://www.youtube.com/watch?v=v-u24fadRb0,0,0,0,,46,31,46,https://www.youtube.com/watch?v=v-u24fadRb0,1069,363,272,505,https://www.twitch.tv/videos/2065392322
9be037b96ffa41c9a080edf332650649,1440,55643,8,4,262,https://www.youtube.com/watch?v=bv4ClljjMA4,95,44,262,https://www.youtube.com/watch?v=bv4ClljjMA4,4,2,9,https://www.youtube.com/watch?v=7aTDCBylvgI,0,0,0,0,
0ab16bd60230422d97f73e6810be221c,1440,54574,226,124,873,https://www.youtube.com/watch?v=TAtokegH-t0,226,124,873,https://www.youtube.com/watch?v=TAtokegH-t0,323,277,682,https://www.youtube.com/watch?v=bFfAh66VkMs,0,0,0,0,
1025a2d1ea674c649b1e7934895bd419,1440,35613,205,66,339,https://www.youtube.com/watch?v=Ke_dyVkj9RY,205,66,339,https://www.youtube.com/watch?v=Ke_dyVkj9RY,0,0,0,,0,0,0,0,
ba5ed25718a7421cb15cd0ec62df723e,1440,64687,282,143,3874,https://www.youtube.com/watch?v=keakkY3MaKU,251,129,512,https://www.youtube.com/watch?v=-5_yhd96oGc,385,176,3874,https://www.youtube.com/watch?v=keakkY3MaKU,364,54,39,54,https://www.twitch.tv/videos/2065302409
60a400d6a5d841f78b352675c383dbef,1430,31820,40,35,40,https://www.youtube.com/watch?v=6xt_kF3dfwk,40,35,40,https://www.youtube.com/watch?v=6xt_kF3dfwk,0,0,0,,0,0,0,0,
d210d8dfc0ec4a97907b9cebb5413ae3,1420,56731,294,151,430,https://www.youtube.com/watch?v=cbHbGs06yAk,294,151,430,https://www.youtube.com/watch?v=cbHbGs06yAk,0,0,0,,0,0,0,0,
1e0ca2c7a8d7493baa62b792d78e7b07,1420,107046,207,74,3153,https://www.youtube.com/watch?v=NMWMnsNrp00,146,39,273,https://www.youtube.com/watch?v=0OF1hxEYggU,3153,957,3153,https://www.youtube.com/watch?v=NMWMnsNrp00,0,0,0,0,
a881100803aa4abc84dc3cc814dca0e7,1420,24683,28,15,72,https://www.youtube.com/watch?v=ijWO1iYqyNU,28,15,72,https://www.youtube.com/watch?v=ijWO1iYqyNU,0,0,0,,0,0,0,0,
6adad1ae67dc495dae88cefa06446593,1410,97791,0,0,0,,0,0,0,,0,0,0,,0,0,0,0,
351e16ae67e14d5e8c7294284c2ded4d,1410,37037,192,126,284,https://www.youtube.com/watch?v=7V8YpdXEtq4,172,110,231,https://www.youtube.com/watch?v=ABrB5yJzCjk,284,142,284,https://www.youtube.com/watch?v=7V8YpdXEtq4,0,0,0,0,
ef6a53a9d04c4f8a93bc6203234d5932,1410,73335,0,0,0,,0,0,0,,0,0,0,,0,0,0,0,
acac9c479b4b42ba99d0bdfa2004ee5f,1410,28698,19,3,25,https://www.youtube.com/watch?v=QOt9u9yv980,0,0,0,,19,3,25,https://www.youtube.com/watch?v=QOt9u9yv980,871,87,84,87,https://www.twitch.tv/videos/2072239867
01ba034aab854ec680fe6f1ddc7008e2,1400,61667,216,117,1630,https://www.youtube.com/watch?v=3E5y-tOuVUQ,105,84,395,https://www.youtube.com/watch?v=cLrwPCo0JE8,1038,445,1630,https://www.youtube.com/watch?v=3E5y-tOuVUQ,0,0,0,0,
c3b80401914d46cdb1c0e69d4015723b,1400,29204,0,0,0,,0,0,0,,0,0,0,,0,0,0,0,
95f8bb8a92c1450b8b5993f740b39338,1400,411458,215,142,11483,https://www.youtube.com/watch?v=1Gu0DvgI64Q,47,22,102,https://www.youtube.com/watch?v=_KYddnjDQwI,518,392,11483,https://www.youtube.com/watch?v=1Gu0DvgI64Q,129,19,12,36,https://www.twitch.tv/videos/2061571456
336bda71d5384b73826d7c9b7adef2aa,1400,38483,0,0,0,,0,0,0,,0,0,0,,1631,0,0,0,
c16daca9d8b84b18a38ab97cdcd7577a,1390,115893,203,93,598,https://www.youtube.com/watch?v=mCwOXgiNrvQ,215,103,598,https://www.youtube.com/watch?v=mCwOXgiNrvQ,98,69,144,https://www.youtube.com/watch?v=O5oi_K6iBVY,0,0,0,0,
a9e5491563fd4b05896ef9a8cb2ee7d7,1390,96994,110,60,463,https://www.youtube.com/watch?v=c8Mhbj82tNE,110,60,463,https://www.youtube.com/watch?v=c8Mhbj82tNE,0,0,0,,0,0,0,0,
7bd1bc8b491d47e0b7cf0a573c36120e,1390,54802,183,106,962,https://www.youtube.com/watch?v=5l9A4bKqHN8,178,107,433,https://www.youtube.com/watch?v=3yHNxO3VgW0,207,81,962,https://www.youtube.com/watch?v=5l9A4bKqHN8,0,0,0,0,
e214241ed6574d939e398051ae25921d,1390,20482,95,27,244,https://www.youtube.com/watch?v=saZ4ocpSyAM,94,39,97,https://www.youtube.com/watch?v=ttm_kFhQcU0,244,8,244,https://www.youtube.com/watch?v=saZ4ocpSyAM,0,0,0,0,
a7410ae72f2d4648bcf192c21abd7c32,1390,44154,0,0,0,,0,0,0,,0,0,0,,152,0,0,0,
7eec0f9233fa49ed92c4f60fb8a82694,1380,24297,29,15,44,https://www.youtube.com/watch?v=27zLR6Tzwo0,0,0,0,,29,15,44,https://www.youtube.com/watch?v=27zLR6Tzwo0,0,0,0,0,
2ce65a2b0dd14d80afc6dd18b440bc06,1380,0,0,0,0,,0,0,0,,0,0,0,,2456,0,0,0,
55889d2ac7c34549b9baa54bd5c899f3,1380,0,0,0,0,,0,0,0,,0,0,0,,23,0,0,0,
6c4992a47ccc4c3bb997d3c49ddc2ec8,1380,28708,121,59,2478,https://www.youtube.com/watch?v=b2mybCOyuzE,129,73,427,https://www.youtube.com/watch?v=6im7gJGxPR8,82,25,2478,https://www.youtube.com/watch?v=b2mybCOyuzE,388,99,65,153,https://www.twitch.tv/videos/2059720731
7327248ff3f04589bca9e61665448ae8,1380,44846,146,42,183,https://www.youtube.com/watch?v=2GriT7IR9Ws,146,42,183,https://www.youtube.com/watch?v=2GriT7IR9Ws,0,0,0,,322,0,0,0,
eec1f137ea78444185a4268f72f59611,1380,41390,63,15,77,https://www.youtube.com/watch?v=9wUKqtqYM8U,63,15,77,https://www.youtube.com/watch?v=9wUKqtqYM8U,0,0,0,,0,0,0,0,
2d1106498d254b0c8f7a8de7cdf60f68,1370,15530,0,0,0,,0,0,0,,0,0,0,,2157,0,0,0,
7e8fe40622974698a75d14d78006e009,1370,24400,0,0,0,,0,0,0,,0,0,0,,1253,343,306,343,https://www.twitch.tv/videos/2070170528
c7a0e87fdeb94bcc883307e49f520173,1370,50288,35,7,35,https://www.youtube.com/watch?v=DKkAsX0jQrk,35,7,35,https://www.youtube.com/watch?v=DKkAsX0jQrk,0,0,0,,0,0,0,0,
4dd71b1079284bdb8ba90198317e524d,1370,71263,176,111,480,https://www.youtube.com/watch?v=L6DkSuDONo8,188,123,480,https://www.youtube.com/watch?v=L6DkSuDONo8,46,31,72,https://www.youtube.com/watch?v=MAzF996-qCs,0,0,0,0,
ed28c754bb704dbf8a296f7008c2b5e4,1370,59426,46,22,593,https://www.youtube.com/watch?v=-T8Xcj1w4jE,50,27,254,https://www.youtube.com/watch?v=1WaBt0QQZl0,31,10,593,https://www.youtube.com/watch?v=-T8Xcj1w4jE,798,76,69,326,https://www.twitch.tv/videos/2072139689
9e6e69bfb48e4be0a8eecc737a6a0ba1,1360,19940,227,129,227,https://www.youtube.com/watch?v=0hQQl86Yv3A,0,0,0,,227,129,227,https://www.youtube.com/watch?v=0hQQl86Yv3A,264,0,0,0,
6ab090baa4624f1c8fca28312799e826,1360,40154,0,0,0,,0,0,0,,0,0,0,,695,0,0,0,
e3157ce546a640029cfcccb9107f8154,1350,71264,12,4,20,https://www.youtube.com/watch?v=QZRewtHEWik,0,0,0,,12,4,20,https://www.youtube.com/watch?v=QZRewtHEWik,0,0,0,0,
ce59f11c200841dab2e8a5e30655a827,1350,195942,0,0,0,,0,0,0,,0,0,0,,27,0,0,0,
cc1bad00639b4149b277f0d2e99c2abe,1350,36625,90,33,195,https://www.youtube.com/watch?v=hZFFKWhlu6Q,70,29,145,https://www.youtube.com/watch?v=MbkpTArGhmc,108,34,195,https://www.youtube.com/watch?v=hZFFKWhlu6Q,0,0,0,0,
6ff6adcddc934a3b94e45448e1912539,1350,201195,6,1,8,https://www.youtube.com/watch?v=j1KJgmLgS4U,0,0,0,,6,1,8,https://www.youtube.com/watch?v=j1KJgmLgS4U,1864,139,102,304,https://www.twitch.tv/videos/2067381294
6861903583ee45d191ddc03faf6cd0d8,1340,19197,0,0,0,,0,0,0,,0,0,0,,650,89,71,102,https://www.twitch.tv/videos/2070357156
969122fc1adf4d8798a043b4754c893e,1340,12947,90,79,114,https://www.youtube.com/watch?v=B_PVZ8NM2MY,90,79,114,https://www.youtube.com/watch?v=B_PVZ8NM2MY,0,0,0,,0,0,0,0,
260f0fb7a8b1421394c38114230479bb,1340,37166,83,19,309,https://www.youtube.com/watch?v=iViStOWM3cc,82,19,223,https://www.youtube.com/watch?v=-ddlzBuFGm0,191,34,309,https://www.youtube.com/watch?v=iViStOWM3cc,27,0,0,0,
46fbbed7900f4e84bd73e0bb85a3598a,1340,50540,74,34,74,https://www.youtube.com/watch?v=-4Z299kfjAw,74,34,74,https://www.youtube.com/watch?v=-4Z299kfjAw,0,0,0,,0,0,0,0,
bf425f4bc9154c00918ed885bdced632,1330,76773,98,24,104,https://www.youtube.com/watch?v=dADNKZDNYJ0,98,24,104,https://www.youtube.com/watch?v=dADNKZDNYJ0,0,0,0,,0,0,0,0,
e5433e4a21eb49e2bcd508e3b12fba6d,1330,126465,62,36,153,https://www.youtube.com/watch?v=LHR7YyDTLu4,62,36,153,https://www.youtube.com/watch?v=LHR7YyDTLu4,0,0,0,,192,17,13,19,https://www.twitch.tv/videos/2072220993
6510332f58be4d86b0007c77a622c959,1330,177925,253,119,355,https://www.youtube.com/watch?v=WLbhzbzttrw,253,110,355,https://www.youtube.com/watch?v=WLbhzbzttrw,238,144,254,https://www.youtube.com/watch?v=hUf9Qii3lbI,1951,398,298,1306,https://www.twitch.tv/videos/2070153580
de1fec02e4ab43aa948a415621abc524,1330,33935,43,12,150,https://www.youtube.com/watch?v=PuqJ0clyp4g,35,8,86,https://www.youtube.com/watch?v=NvBZEx_hehM,150,90,150,https://www.youtube.com/watch?v=PuqJ0clyp4g,0,0,0,0,
fcb4d9b8cd4a49dba6b421d97c179065,1330,55940,47,18,71,https://www.youtube.com/watch?v=YfxNlrAe8kk,47,18,71,https://www.youtube.com/watch?v=YfxNlrAe8kk,0,0,0,,494,32,27,67,https://www.twitch.tv/videos/2068386350
8044e4d538ab4e16b1952c8e42dee12e,1330,94965,47,28,93,https://www.youtube.com/watch?v=A1_jEj1aoP0,47,28,93,https://www.youtube.com/watch?v=A1_jEj1aoP0,0,0,0,,0,0,0,0,
5ff20156ebbf4390a3573d6a94aed8df,1320,44605,239,17,239,https://www.youtube.com/watch?v=K8Dj1LlMAxg,239,17,239,https://www.youtube.com/watch?v=K8Dj1LlMAxg,0,0,0,,0,0,0,0,
b8ce93818de34a93901147e5d9857170,1320,48293,106,37,141,https://www.youtube.com/watch?v=9SLe2M_w_uo,106,37,141,https://www.youtube.com/watch?v=9SLe2M_w_uo,0,0,0,,0,0,0,0,
7688233f5720451aaa24c7ca75614e35,1310,26617,40,30,40,https://www.youtube.com/watch?v=U8oKZMj8zlQ,40,30,40,https://www.youtube.com/watch?v=U8oKZMj8zlQ,0,0,0,,0,0,0,0,
a73b969a7fe24a9aaeb9bc1c63ca6450,1310,53579,114,56,168,https://www.youtube.com/watch?v=SdvKS6OTkcs,0,0,0,,114,56,168,https://www.youtube.com/watch?v=SdvKS6OTkcs,4021,764,679,894,https://www.twitch.tv/videos/2071803832
e22310d783c24889ac275bd84b6c7a0a,1310,56915,0,0,0,,0,0,0,,0,0,0,,4275,270,179,339,https://www.twitch.tv/videos/2071244834
d4e45d5ea1bf4a3a887b9f99ef60fda3,1310,28792,0,0,0,,0,0,0,,0,0,0,,0,0,0,0,
439d515bd7c94c74bd434909e413837a,1310,22366,0,0,0,,0,0,0,,0,0,0,,136,0,0,0,
0afd7ebcb7024553b7be91a3406cf942,1310,27266,0,0,0,,0,0,0,,0,0,0,,0,0,0,0,
d4b4a16e0ccc4bb49ff82c8584e6ed79,1300,35744,83,40,353,https://www.youtube.com/watch?v=CPWWAwfwjuE,73,40,353,https://www.youtube.com/watch?v=CPWWAwfwjuE,129,38,237,https://www.youtube.com/watch?v=FFfopov5Ubo,0,0,0,0,
9379ed7f979440218e22b8db58dd0dd1,1300,68181,312,160,555,https://www.youtube.com/watch?v=0Gc_l4IgaC8,312,160,555,https://www.youtube.com/watch?v=0Gc_l4IgaC8,0,0,0,,86,0,0,0,
29c3016ed9f24c38a1abc7e0e49026ad,1300,557,278,226,388,https://www.youtube.com/watch?v=6apfpOlRdhw,388,317,388,https://www.youtube.com/watch?v=6apfpOlRdhw,169,135,169,https://www.youtube.com/watch?v=gbCkgwkQGQw,1240,298,249,715,https://www.twitch.tv/videos/2067396122
f227226fd52e4fbe801b4c89acfe4887,1300,29346,47,24,129,https://www.youtube.com/watch?v=mi-gDSxpu-U,47,24,129,https://www.youtube.com/watch?v=mi-gDSxpu-U,0,0,0,,0,0,0,0,
eda6bf91049349e08f0f269fb4f8c0f9,1290,14156,89,52,1534,https://www.youtube.com/watch?v=A7O-paRrqs4,90,51,213,https://www.youtube.com/watch?v=GJJq-EM8gfY,62,53,1534,https://www.youtube.com/watch?v=A7O-paRrqs4,142,0,0,0,
a112fc34dd9944a5a15f50c1c078aa3e,1290,87622,226,128,303,https://www.youtube.com/watch?v=2r-FXAvbU2A,234,144,303,https://www.youtube.com/watch?v=2r-FXAvbU2A,98,77,98,https://www.youtube.com/watch?v=Iq8Ilw-7oAQ,0,0,0,0,
8483ae3c14ca488394d427d271854d88,1290,20176,269,144,453,https://www.youtube.com/watch?v=Z_A2IviJcvM,269,144,453,https://www.youtube.com/watch?v=Z_A2IviJcvM,0,0,0,,0,0,0,0,
e210fb08b0744535a907823fa9f062cc,1290,23995,49,21,159,https://www.youtube.com/watch?v=Qu4HaKLuHg8,142,82,159,https://www.youtube.com/watch?v=Qu4HaKLuHg8,41,12,49,https://www.youtube.com/watch?v=7-L5loeznA8,326,76,66,113,https://www.twitch.tv/videos/2065506590
cd9733cb91b6400aae0bc23e3f25d7eb,1280,33668,0,0,0,,0,0,0,,0,0,0,,0,0,0,0,
f7bfeaf6288f4afe80b62dab32698a0c,1280,388242,68,22,136,https://www.youtube.com/watch?v=5vcs7TQ05v8,68,22,136,https://www.youtube.com/watch?v=5vcs7TQ05v8,24,19,117,https://www.youtube.com/watch?v=2Xw9_1Kvxt4,275,0,0,0,
2a897c484c05483f9a46467e8f448314,1280,62179,209,164,266,https://www.youtube.com/watch?v=StCH3VuBN0U,209,164,266,https://www.youtube.com/watch?v=StCH3VuBN0U,0,0,0,,2706,0,0,0,
89036aadc62d496aa73c0a0076d67f41,1280,35891,100,40,310,https://www.youtube.com/watch?v=bG-5ugXOExQ,100,40,310,https://www.youtube.com/watch?v=bG-5ugXOExQ,71,61,135,https://www.youtube.com/watch?v=fM8A09RTXJ8,1464,263,182,339,https://www.twitch.tv/videos/2060670374
c377cbfa47984f0ba9242b1f6e3dfc75,1280,51828,170,103,250,https://www.youtube.com/watch?v=kUOdzcZGfoc,170,103,250,https://www.youtube.com/watch?v=kUOdzcZGfoc,0,0,0,,0,0,0,0,
303c4cd8cf334f01805afdd8df5adc7f,1280,46913,286,102,793,https://www.youtube.com/watch?v=RL0dl2KRkfE,286,102,793,https://www.youtube.com/watch?v=RL0dl2KRkfE,0,0,0,,0,0,0,0,
f4da0eee989545d2ade906b022a50e8c,1280,42531,84,57,120,https://www.youtube.com/watch?v=ASN7RWVkDgo,84,57,120,https://www.youtube.com/watch?v=ASN7RWVkDgo,0,0,0,,2555,273,111,2311,https://www.twitch.tv/videos/2059877402
b4c7b27b49584c9e9bd3a9c2c5015cd6,1280,124222,2528,221,4882,https://www.youtube.com/watch?v=aMQnDuLcfHI,0,0,0,,2528,221,4882,https://www.youtube.com/watch?v=aMQnDuLcfHI,0,0,0,0,
62f37fa0a2f44083945f03db36e50dff,1280,21906,117,45,215,https://www.youtube.com/watch?v=uVTuxeJWmis,117,45,215,https://www.youtube.com/watch?v=uVTuxeJWmis,0,0,0,,0,0,0,0,
5612ac8b150e45e5a7381a2c07e9671a,1270,45820,75,14,206,https://www.youtube.com/watch?v=DaSrkbp6jDg,75,14,206,https://www.youtube.com/watch?v=DaSrkbp6jDg,0,0,0,,0,0,0,0,
319383cd0cd4438990dbb916862cdbfc,1270,27492,149,52,495,https://www.youtube.com/watch?v=RI8hKGPn8hc,149,52,495,https://www.youtube.com/watch?v=RI8hKGPn8hc,138,57,205,https://www.youtube.com/watch?v=A6fyO_0Ko9w,0,0,0,0,
7a93714b53274fbaad48bef3b409d458,1270,52290,96,42,616,https://www.youtube.com/watch?v=UEvM06pIUbs,96,42,616,https://www.youtube.com/watch?v=UEvM06pIUbs,294,29,521,https://www.youtube.com/watch?v=Umc4fqf_krY,0,0,0,0,
310c827bd2b34fa58413b09453226ee9,1270,0,0,0,0,,0,0,0,,0,0,0,,0,0,0,0,
9de536d111214c379ec6969a52d92442,1270,58442,86,54,86,https://www.youtube.com/watch?v=OHj256dUzps,86,54,86,https://www.youtube.com/watch?v=OHj256dUzps,0,0,0,,0,0,0,0,
21a80fdbdff448b98102b0d8ffa70888,1270,0,0,0,0,,0,0,0,,0,0,0,,0,0,0,0,
5ce810e28ea54f5bacd55573589f4e4e,1270,52430,49,34,114,https://www.youtube.com/watch?v=o1eQyZoxL8Q,44,14,55,https://www.youtube.com/watch?v=RJMrIV5JQSU,103,66,114,https://www.youtube.com/watch?v=o1eQyZoxL8Q,0,0,0,0,
f9444f6d790344a4a51a301110665229,1270,52876,64,24,109,https://www.youtube.com/watch?v=TkJLp83Vhus,75,39,101,https://www.youtube.com/watch?v=PrpbaZIdk1g,27,11,109,https://www.youtube.com/watch?v=TkJLp83Vhus,0,0,0,0,
64dc8c2de5de4c43906e515ec03f79c6,1260,72095,0,0,0,,0,0,0,,0,0,0,,0,0,0,0,
5356357f112b46db862b472a4aafcee8,1260,21043,29,19,223,https://www.youtube.com/watch?v=ejORh8u8eS8,126,90,223,https://www.youtube.com/watch?v=ejORh8u8eS8,29,8,29,https://www.youtube.com/watch?v=y2Srlnqb4rQ,1155,54,30,54,https://www.twitch.tv/videos/2060442777
564b411dc4874310be6f8ee9bb7a0312,1260,49972,179,89,252,https://www.youtube.com/watch?v=QTC5k6-ptj8,179,89,252,https://www.youtube.com/watch?v=QTC5k6-ptj8,0,0,0,,0,0,0,0,
e2df9d4aea8b4cb4b8e38c31cbf73036,1260,46115,63,33,139,https://www.youtube.com/watch?v=Ryl0Uv-ASeE,53,9,108,https://www.youtube.com/watch?v=quD1MdLJxlI,139,97,139,https://www.youtube.com/watch?v=Ryl0Uv-ASeE,0,0,0,0,
2f80e2f83d254bbdbf48b9c8b3fca995,1260,36598,157,59,1256,https://www.youtube.com/watch?v=0DAyZJdr1TU,157,59,1256,https://www.youtube.com/watch?v=0DAyZJdr1TU,0,0,0,,0,0,0,0,
e308f7f536c8462baf851d52cdff7fb9,1260,39286,0,0,0,,0,0,0,,0,0,0,,0,0,0,0,
1140618a96154395909d53257bffe0e6,1250,40342,211,86,211,https://www.youtube.com/watch?v=SQF14w0kcy0,211,86,211,https://www.youtube.com/watch?v=SQF14w0kcy0,0,0,0,,0,0,0,0,
137917ec279a4eb0827cb302b9bdac7b,1250,129029,0,0,0,,0,0,0,,0,0,0,,746,0,0,0,
eaa1d55ba99c40ce82413701233efdbd,1230,45957,60,25,78,https://www.youtube.com/watch?v=MBja6d2gETo,60,25,78,https://www.youtube.com/watch?v=MBja6d2gETo,0,0,0,,0,0,0,0,
1257fb7258eb49ad8cf58ed64b800056,1230,29708,0,0,0,,0,0,0,,0,0,0,,421,73,47,101,https://www.twitch.tv/videos/2060357351
82d5f7612b7645f3a77dd954a0e30b24,1230,25254,83,27,95,https://www.youtube.com/watch?v=tuzjT5rS6os,83,27,95,https://www.youtube.com/watch?v=tuzjT5rS6os,0,0,0,,0,0,0,0,
e9a30300d33f4c2e9b1c3bd1d64148cc,1230,25581,97,39,686,https://www.youtube.com/watch?v=ubR2PL2XCZU,96,31,686,https://www.youtube.com/watch?v=ubR2PL2XCZU,167,133,548,https://www.youtube.com/watch?v=Q0ULMPB7_KI,0,0,0,0,
4267c862353e410388f1eaa5a5d85017,1230,26210,73,34,134,https://www.youtube.com/watch?v=68Bfphvl1JM,95,45,134,https://www.youtube.com/watch?v=68Bfphvl1JM,36,21,39,https://www.youtube.com/watch?v=aLeihYuoKIE,0,0,0,0,
46e494bf06c640da95ad1b0b81631d98,1230,83916,130,39,850,https://www.youtube.com/watch?v=fRNb3h6oBJY,43,18,501,https://www.youtube.com/watch?v=ULAAXmtOYGM,526,107,850,https://www.youtube.com/watch?v=fRNb3h6oBJY,773,115,83,140,https://www.twitch.tv/videos/2067403111
d4c077fa180a460cabadc4e2838d1855,1230,56572,0,0,0,,0,0,0,,0,0,0,,0,0,0,0,
6f56b6d6dc114fd494cacb95948cb815,1220,15924,79,38,163,https://www.youtube.com/watch?v=niH6lHvsRfI,79,38,163,https://www.youtube.com/watch?v=niH6lHvsRfI,0,0,0,,0,0,0,0,
eb38f509e8464ba19ba8579e0b99e262,1220,25302,153,94,1573,https://www.youtube.com/watch?v=cFCi5b9e46E,153,106,1573,https://www.youtube.com/watch?v=cFCi5b9e46E,186,51,336,https://www.youtube.com/watch?v=nM3Pmlso574,0,0,0,0,
a7810f3ba1af43ff888ccbbe477a1356,1220,45099,235,80,2752,https://www.youtube.com/watch?v=oPfoUxNyWEc,527,116,2752,https://www.youtube.com/watch?v=oPfoUxNyWEc,94,36,433,https://www.youtube.com/watch?v=9AGFEfT6908,0,0,0,0,
30f58f5fd3994b9a8751b3f44e543c17,1220,79153,32,13,55,https://www.youtube.com/watch?v=gQ7LBhRSm4Q,32,13,55,https://www.youtube.com/watch?v=gQ7LBhRSm4Q,0,0,0,,0,0,0,0,
73675987096b486287784fc466b881be,1220,81796,205,79,2509,https://www.youtube.com/watch?v=tvJsx_BWnbg,205,79,236,https://www.youtube.com/watch?v=d8vGBEYJ1ck,334,220,2509,https://www.youtube.com/watch?v=tvJsx_BWnbg,0,0,0,0,
ac5176c53ad7447b8d63f82f65ba7200,1220,51998,30,6,140,https://www.youtube.com/watch?v=6WnKlKTva-c,0,0,0,,30,6,140,https://www.youtube.com/watch?v=6WnKlKTva-c,2597,481,405,481,https://www.twitch.tv/videos/2068607341
43056077596a49349ee4bea028f670f6,1220,67529,145,83,249,https://www.youtube.com/watch?v=gUaIC1ujw6U,145,83,249,https://www.youtube.com/watch?v=gUaIC1ujw6U,0,0,0,,270,47,27,47,https://www.twitch.tv/videos/2061384808
17b1d3fb1e1944dabd5e6a45f94e2f6b,1220,31813,66,31,97,https://www.youtube.com/watch?v=FnLHtTexBhg,66,31,97,https://www.youtube.com/watch?v=FnLHtTexBhg,0,0,0,,0,0,0,0,
5aaaa518ae674ae1a1162e8454a460f9,1210,22074,0,0,0,,0,0,0,,0,0,0,,1395,155,110,206,https://www.twitch.tv/videos/2062412485
306117a48f3445baad1d6a919ed340bb,1210,44650,0,0,0,,0,0,0,,0,0,0,,157,0,0,0,
03c9aa020ec14f7494dd142676c94405,1210,6936,0,0,0,,0,0,0,,0,0,0,,2619,0,0,0,
1b863baf309a4ff587385012bb5bde51,1210,105856,142,61,450,https://www.youtube.com/watch?v=H18F3659Ozw,142,61,142,https://www.youtube.com/watch?v=NLCCICaFF4U,241,231,450,https://www.youtube.com/watch?v=H18F3659Ozw,346,0,0,0,
ad43fda31b7842dc8e7854840b974614,1210,40370,71,26,149,https://www.youtube.com/watch?v=k64gHf5pWg8,71,26,149,https://www.youtube.com/watch?v=k64gHf5pWg8,0,0,0,,0,0,0,0,
7c18bc597298484c8f2925759fc1ac4a,1200,49899,359,163,740,https://www.youtube.com/watch?v=jXSvl1jTe9Y,359,163,740,https://www.youtube.com/watch?v=jXSvl1jTe9Y,0,0,0,,353,473,249,473,https://www.twitch.tv/videos/2059627360
c2012638512742e2801d0ced54f61711,1200,53709,156,74,348,https://www.youtube.com/watch?v=0vg616MVndM,156,74,348,https://www.youtube.com/watch?v=0vg616MVndM,0,0,0,,0,0,0,0,
d29682522104427fb366fa19a0521bc3,1200,19082,0,0,0,,0,0,0,,0,0,0,,521,0,0,0,
fd62c955979d4f14b788100154fb26e8,1200,18805,56,30,112,https://www.youtube.com/watch?v=5OCHTb8CatU,74,38,112,https://www.youtube.com/watch?v=5OCHTb8CatU,39,12,56,https://www.youtube.com/watch?v=NkqnoP3QLM8,920,90,81,131,https://www.twitch.tv/videos/2062493246
c1aa10208a06439481231599b25845b0,1200,25697,90,54,249,https://www.youtube.com/watch?v=vgm7PvlUSPg,85,59,249,https://www.youtube.com/watch?v=vgm7PvlUSPg,130,37,232,https://www.youtube.com/watch?v=EPIqP09IF0o,0,0,0,0,
62080edda26345efbf8bc2bab0ab4136,1190,22304,134,7,134,https://www.youtube.com/watch?v=DzHSbqCw-0A,134,7,134,https://www.youtube.com/watch?v=DzHSbqCw-0A,0,0,0,,0,0,0,0,
ce360f47c38c4f82875228e007cf6c2d,1190,22041,0,0,0,,0,0,0,,0,0,0,,0,0,0,0,
9031798ec1884b52b17df470b6c379b2,1190,33102,85,52,500,https://www.youtube.com/watch?v=KYgM8C2A_2k,90,57,500,https://www.youtube.com/watch?v=KYgM8C2A_2k,31,20,31,https://www.youtube.com/watch?v=X7Z7-7_Ds64,0,0,0,0,
fe555b322c784b5b9c2297c585bc9352,1180,34754,39,21,45,https://www.youtube.com/watch?v=OP2ojiTu-dU,39,21,45,https://www.youtube.com/watch?v=OP2ojiTu-dU,0,0,0,,0,0,0,0,
9e5e58a212584007b1ab1f22f5c59438,1180,76466,121,55,284,https://www.youtube.com/watch?v=l149y1PrtAA,121,55,284,https://www.youtube.com/watch?v=l149y1PrtAA,0,0,0,,0,0,0,0,
f5838bbd59cf4922897b71efe3dc25af,1180,9798,0,0,0,,0,0,0,,0,0,0,,969,0,0,0,
0f2ad43c618943d19d5101f2d3c49ac9,1180,44200,507,383,507,https://www.youtube.com/watch?v=JGh4cBHWMV0,0,0,0,,507,383,507,https://www.youtube.com/watch?v=JGh4cBHWMV0,184,0,0,0,
91025114208d41b2bff535d6e277017e,1170,47632,34,18,54,https://www.youtube.com/watch?v=KKk9-4gGcvA,34,18,54,https://www.youtube.com/watch?v=KKk9-4gGcvA,0,0,0,,0,0,0,0,
01871d8239314affaf7032899ce6502f,1170,273295,0,0,0,,0,0,0,,0,0,0,,0,0,0,0,
d9205a7681c74bacae6e0c413aff1ab1,1170,33232,129,92,561,https://www.youtube.com/watch?v=HJYo32daC84,118,65,259,https://www.youtube.com/watch?v=MA4wzmgihk4,352,185,561,https://www.youtube.com/watch?v=HJYo32daC84,0,0,0,0,
d0c2bb3e9091413e8d245bdc217e9420,1170,27394,162,85,311,https://www.youtube.com/watch?v=mwzjhroJBfY,126,74,311,https://www.youtube.com/watch?v=mwzjhroJBfY,278,145,308,https://www.youtube.com/watch?v=t-HIZ6e4fbg,0,0,0,0,
8a8bc32109654a41a7cae0a9f235d9fb,1160,23412,0,0,0,,0,0,0,,0,0,0,,468,0,0,0,
c6ce333916b446d48d27be05df1a218e,1160,14829,139,92,212,https://www.youtube.com/watch?v=c9KjghVwwwU,66,52,66,https://www.youtube.com/watch?v=Ld-WxegWhlI,212,133,212,https://www.youtube.com/watch?v=c9KjghVwwwU,449,48,36,48,https://www.twitch.tv/videos/2066481066
90405cb21f7743639684632f6bc57a46,1160,5053,0,0,0,,0,0,0,,0,0,0,,0,0,0,0,
ba654048cca44792b683eb7c929654aa,1160,62691,216,114,216,https://www.youtube.com/watch?v=qFa_ltM9Ino,216,114,216,https://www.youtube.com/watch?v=qFa_ltM9Ino,0,0,0,,0,0,0,0,
445a732fc0f64712b3213b4cd98fbdd3,1160,20824,113,111,160,https://www.youtube.com/watch?v=rfxDwg92d3E,113,111,160,https://www.youtube.com/watch?v=rfxDwg92d3E,0,0,0,,477,0,0,0,
6cd8cdc530d14e2d9d0a9cd20cb6b05c,1150,35699,132,35,613,https://www.youtube.com/watch?v=AfaUfKdKpeE,105,28,613,https://www.youtube.com/watch?v=AfaUfKdKpeE,324,245,470,https://www.youtube.com/watch?v=JZYUl8Cc6vM,0,0,0,0,
84cccbea595d4bc69426d5c75f1ac3a4,1150,52255,76,64,157,https://www.youtube.com/watch?v=5XOEZH6bU0k,76,64,157,https://www.youtube.com/watch?v=5XOEZH6bU0k,0,0,0,,0,0,0,0,
e312462015a2454087c9fe83dd939994,1150,7548,107,40,181,https://www.youtube.com/watch?v=n-QZozhHnG0,107,40,181,https://www.youtube.com/watch?v=n-QZozhHnG0,0,0,0,,0,0,0,0,
8b732f3260e0427f9cf795b93ada310a,1150,24557,74,32,187,https://www.youtube.com/watch?v=wBmIq3PirdA,74,32,187,https://www.youtube.com/watch?v=wBmIq3PirdA,0,0,0,,1354,340,290,808,https://www.twitch.tv/videos/2072214088
37df80920d2b4363b3fd69fd3c6be31c,1140,0,0,0,0,,0,0,0,,0,0,0,,0,0,0,0,
aff718d907904c398ec8d685b71436a1,1140,14961,98,48,200,https://www.youtube.com/watch?v=gE-laWiSEh0,98,46,200,https://www.youtube.com/watch?v=gE-laWiSEh0,199,112,199,https://www.youtube.com/watch?v=eL5hZxFYmfc,304,0,0,0,
218f418c23084e87a498d1c4fad724ae,1140,0,0,0,0,,0,0,0,,0,0,0,,0,0,0,0,
793ec2d37c544cc7915d3dc3e9902e1d,1140,28574,54,19,61,https://www.youtube.com/watch?v=Ut8GMSY12_A,54,19,61,https://www.youtube.com/watch?v=Ut8GMSY12_A,0,0,0,,910,0,0,0,
7adb64ec154e4c4995c21c15f849eb9f,1140,33760,0,0,0,,0,0,0,,0,0,0,,0,0,0,0,
5da1b6db7796434f9180d2f5e210ea6c,1130,38721,108,48,1509,https://www.youtube.com/watch?v=OahAH1WhVFE,101,40,193,https://www.youtube.com/watch?v=OtWKezSqmHM,130,63,1509,https://www.youtube.com/watch?v=OahAH1WhVFE,0,0,0,0,
d45dc740a9e340c98d3eaf6923baa07a,1130,42618,0,0,0,,0,0,0,,0,0,0,,0,0,0,0,
a66441bdef584fe0806c4be0fd2cf53a,1130,42914,0,0,0,,0,0,0,,0,0,0,,0,0,0,0,
d1f20b59a19e4ec499d423a7ba65d602,1130,28875,0,0,0,,0,0,0,,0,0,0,,0,0,0,0,
ee7cfe445bc84d6fa7fff5df6fbf0d32,1130,26219,124,45,299,https://www.youtube.com/watch?v=zENjaYL9BVs,124,45,299,https://www.youtube.com/watch?v=zENjaYL9BVs,0,0,0,,594,100,89,162,https://www.twitch.tv/videos/2067269952
c964cb46cc9d411aaca372f9e459d2dc,1120,52259,0,0,0,,0,0,0,,0,0,0,,184,0,0,0,
a09298c0b6ab4dcda7cfe945f47f445f,1120,27680,48,26,64,https://www.youtube.com/watch?v=6FkzV7GheMM,56,27,64,https://www.youtube.com/watch?v=6FkzV7GheMM,29,18,29,https://www.youtube.com/watch?v=oikNKclJZKI,0,0,0,0,
9a7b7c9c31da44aca5a68395a2e69488,1120,523168,6,1,35,https://www.youtube.com/watch?v=EtxfNziYcW8,6,1,35,https://www.youtube.com/watch?v=EtxfNziYcW8,0,0,0,,94,6,6,20,https://www.twitch.tv/videos/2072928858
ec9a791b8152478b95858b199b866ef9,1110,41743,42,16,42,https://www.youtube.com/watch?v=yK2dmb9WU4Y,42,16,42,https://www.youtube.com/watch?v=yK2dmb9WU4Y,0,0,0,,380,0,0,0,
364f94fc7493453e9f53787ade8e35c6,1110,161088,320,217,445,https://www.youtube.com/watch?v=oChzECQH540,445,429,445,https://www.youtube.com/watch?v=oChzECQH540,196,6,196,https://www.youtube.com/watch?v=zSDnTs0LGUQ,10,0,0,0,
ec183b10574a449f91e43ab216976a60,1110,48198,246,60,3575,https://www.youtube.com/watch?v=Xvxcc8IRhNA,67,42,1205,https://www.youtube.com/watch?v=mU823ranpUM,1904,902,3575,https://www.youtube.com/watch?v=Xvxcc8IRhNA,417,261,206,320,https://www.twitch.tv/videos/2069372174
a5c12a1268af408c9a3ed6adbb72c53c,1110,56330,86,5,89,https://www.youtube.com/watch?v=jm33Y5DC_KM,86,5,89,https://www.youtube.com/watch?v=jm33Y5DC_KM,0,0,0,,0,0,0,0,
1e06211caf4f4afa98125699a4c66b5d,1110,0,0,0,0,,0,0,0,,0,0,0,,0,0,0,0,
f3914ae7ae6541198b6b5f4d63febe48,1100,25140,125,46,405,https://www.youtube.com/watch?v=PLU-dc1Ee20,116,46,168,https://www.youtube.com/watch?v=Dk8fBqYEMbg,321,171,405,https://www.youtube.com/watch?v=PLU-dc1Ee20,0,0,0,0,
db52957b67e94991b36e41e4a20fb52a,1100,0,0,0,0,,0,0,0,,0,0,0,,52,0,0,0,
7259f7e619e943018e64fb24d4d20e34,1100,17106,104,91,104,https://www.youtube.com/watch?v=a6c7KdfnByY,104,91,104,https://www.youtube.com/watch?v=a6c7KdfnByY,0,0,0,,0,0,0,0,
45d38ce14fb644c0890823d444a33276,1100,19813,61,39,61,https://www.youtube.com/watch?v=4kX8Rb6mTXE,61,39,61,https://www.youtube.com/watch?v=4kX8Rb6mTXE,0,0,0,,0,0,0,0,
d80f5bc1e3ce4c35aa3eced40cc3bddc,1100,13980,288,88,1633,https://www.youtube.com/watch?v=DmHIrW0kY4Y,312,79,1248,https://www.youtube.com/watch?v=A0BGc4NlLhw,166,102,1633,https://www.youtube.com/watch?v=DmHIrW0kY4Y,214,0,0,0,
7a9b7ab0d5bd411195d77800ff778a90,1090,18214,6,1,548,https://www.youtube.com/watch?v=EUW9RnEKNX8,0,0,0,,6,1,548,https://www.youtube.com/watch?v=EUW9RnEKNX8,59,0,0,0,
a823412858b749f7bd2bff3739ec55b7,1090,40972,67,47,147,https://www.youtube.com/watch?v=DG2Y8CG4xxQ,67,47,147,https://www.youtube.com/watch?v=DG2Y8CG4xxQ,0,0,0,,369,0,0,0,
515abc7c33164a98be134d1c7fec84e2,1090,28254,0,0,0,,0,0,0,,0,0,0,,259,0,0,0,
2f966e51210f49ba9dce2ac90e3ada18,1090,19221,0,0,0,,0,0,0,,0,0,0,,439,55,34,103,https://www.twitch.tv/videos/2064751016
3d33f15ad27c406abfd68d6c16e0b53d,1080,69083,0,0,0,,0,0,0,,0,0,0,,0,0,0,0,
da503b835e2a41d58433ebf6960db356,1080,21205,28,6,46,https://www.youtube.com/watch?v=9sebnS4nwzQ,28,6,46,https://www.youtube.com/watch?v=9sebnS4nwzQ,0,0,0,,709,0,0,0,
48e18dcee4e640c6b5ede6a8bdc84ade,1080,20462,0,0,0,,0,0,0,,0,0,0,,0,0,0,0,
80ab9bb70476442a9d426cff2626046e,1080,42474,185,68,1287,https://www.youtube.com/watch?v=XcjQMghzpnA,171,64,255,https://www.youtube.com/watch?v=-5jAGJ0FFIY,433,413,1287,https://www.youtube.com/watch?v=XcjQMghzpnA,0,0,0,0,
b80c21b76e7849f0a0fa94194fe2ad4b,1080,16073,99,71,135,https://www.youtube.com/watch?v=HWX6F95EZD8,99,71,131,https://www.youtube.com/watch?v=hwbTUZx89cM,75,65,135,https://www.youtube.com/watch?v=HWX6F95EZD8,425,187,116,417,https://www.twitch.tv/videos/2065379943
e66d389ebb604096bfa99178e1a13c27,1070,9908,0,0,0,,0,0,0,,0,0,0,,2913,110,100,241,https://www.twitch.tv/videos/2063309980
3588ee10f67c4911b544e48223c57c7d,1070,21293,0,0,0,,0,0,0,,0,0,0,,0,0,0,0,
d57b7459ef5949ef96672a96fb33d8a2,1060,36855,226,118,2574,https://www.youtube.com/watch?v=gBxpj05HIDk,214,100,770,https://www.youtube.com/watch?v=LT-J2wr6YZQ,2574,1023,2574,https://www.youtube.com/watch?v=gBxpj05HIDk,0,0,0,0,
a60c8fc0a1324bf8b65053231ee22373,1060,382091,47,21,119,https://www.youtube.com/watch?v=9wNBnLqOygQ,47,21,119,https://www.youtube.com/watch?v=9wNBnLqOygQ,56,41,95,https://www.youtube.com/watch?v=XRuQ6h77OAE,64,8,7,83,https://www.twitch.tv/videos/2072260395
b115a7f57f664800a9f71a25eaf73b92,1060,50283,50,15,82,https://www.youtube.com/watch?v=EVsoj15hz9A,50,15,82,https://www.youtube.com/watch?v=EVsoj15hz9A,0,0,0,,0,0,0,0,
7299d6e9ebff46c9ae859fa5c6f27206,1060,19982,110,97,261,https://www.youtube.com/watch?v=USpqxTP4NSo,96,82,96,https://www.youtube.com/watch?v=l80e4pbV4Ug,124,111,261,https://www.youtube.com/watch?v=USpqxTP4NSo,2518,302,204,415,https://www.twitch.tv/videos/2061628551
6e845fd52d044ab598cc4ca35ba91f88,1060,7089,0,0,0,,0,0,0,,0,0,0,,0,0,0,0,
b79ac08a857c4553921c04c3b14b89ea,1050,58113,93,30,902,https://www.youtube.com/watch?v=WsnFqoU3qFo,590,527,902,https://www.youtube.com/watch?v=WsnFqoU3qFo,73,23,849,https://www.youtube.com/watch?v=5WNLdIZ8nj0,448,13,9,90,https://www.twitch.tv/videos/2069334227
19a2801d800547e58c6560aa1accf3e4,1050,43191,53,25,117,https://www.youtube.com/watch?v=EJH9yBO4s1w,55,26,117,https://www.youtube.com/watch?v=EJH9yBO4s1w,31,8,39,https://www.youtube.com/watch?v=brTXDlFr1jU,269,0,0,0,
bb1cda940e0a44b3a25f3e368c19c490,1050,20511,121,59,147,https://www.youtube.com/watch?v=_LVg-ibLgC0,121,59,147,https://www.youtube.com/watch?v=_LVg-ibLgC0,0,0,0,,0,0,0,0,
78aa93aa7916451982b716f2e8952d38,1050,56676,0,0,0,,0,0,0,,0,0,0,,0,0,0,0,
78d441a2d6584d078a6ce202238d36b9,1040,24235,0,0,0,,0,0,0,,0,0,0,,0,0,0,0,
20bfe5495db6453eaadbc55322c856f9,1040,30263,177,2,177,https://www.youtube.com/watch?v=nwa3UndUALQ,177,2,177,https://www.youtube.com/watch?v=nwa3UndUALQ,0,0,0,,0,0,0,0,
61e81c6f534247b486b8125bd34fa960,1040,57678,0,0,0,,0,0,0,,0,0,0,,18203,697,347,1758,https://www.twitch.tv/videos/2067054672
4b7ea2bd72234f9882b8e992b622b001,1040,56370,0,0,0,,0,0,0,,0,0,0,,0,0,0,0,
54a8fe908e2040bfb366aca0e67cc23f,1040,20576,37,19,61,https://www.youtube.com/watch?v=Die_2KRAz7c,37,19,61,https://www.youtube.com/watch?v=Die_2KRAz7c,0,0,0,,0,0,0,0,
46a8009adbca4aa083af580b50b69306,1030,19540,46,24,247,https://www.youtube.com/watch?v=hTsSeIjipQg,25,22,74,https://www.youtube.com/watch?v=ZBLHYmTx7HA,170,59,247,https://www.youtube.com/watch?v=hTsSeIjipQg,438,64,40,93,https://www.twitch.tv/videos/2059624277
6e6fd1311d2f42228faa8b1ccb0fa589,1030,41744,147,49,335,https://www.youtube.com/watch?v=HyXK4qJamw4,111,41,335,https://www.youtube.com/watch?v=HyXK4qJamw4,184,116,184,https://www.youtube.com/watch?v=0OXVsqKZfN0,0,0,0,0,
b72be2e34f9a41d598ea5332c1facb7b,1030,30689,0,0,0,,0,0,0,,0,0,0,,296,0,0,0,
55bc57cea7dc41649e94e2cfe970621f,1030,35642,128,66,3415,https://www.youtube.com/watch?v=sXJL-h4cPIc,117,59,193,https://www.youtube.com/watch?v=JRBquu2SmDA,302,169,3415,https://www.youtube.com/watch?v=sXJL-h4cPIc,56,0,0,0,
e46d27918a77488ca5b4144eb1b978df,1020,54847,0,0,0,,0,0,0,,0,0,0,,0,0,0,0,
7d6a4fa5389c461bb553b8190c5e951f,1020,56442,0,0,0,,0,0,0,,0,0,0,,0,0,0,0,
b84f2dfff8ce4ca1af82bfc44405f1e7,1020,39314,108,58,2118,https://www.youtube.com/watch?v=bMwSLIJ89aA,81,35,2118,https://www.youtube.com/watch?v=bMwSLIJ89aA,176,76,1027,https://www.youtube.com/watch?v=mjUto6NnvxQ,0,0,0,0,
25b1a8ceab1d439491fb4e98013cd0fc,1020,23669,159,93,359,https://www.youtube.com/watch?v=81jFtrZIEXo,136,75,200,https://www.youtube.com/watch?v=-ZZw4LhoCXY,269,204,359,https://www.youtube.com/watch?v=81jFtrZIEXo,555,114,53,114,https://www.twitch.tv/videos/2057764833
ad26bb0363ef42c7988f79ef9b07dfcc,1020,49213,0,0,0,,0,0,0,,0,0,0,,0,0,0,0,
0d7502e74c394a7f82a07c31fee877ff,1020,33054,9,3,9,https://www.youtube.com/watch?v=BH4CTi1uUh4,0,0,0,,9,3,9,https://www.youtube.com/watch?v=BH4CTi1uUh4,0,0,0,0,
9e05802075c343a3bf2778550d5157da,1020,37586,143,42,251,https://www.youtube.com/watch?v=JUaXgh_YivU,143,42,251,https://www.youtube.com/watch?v=JUaXgh_YivU,120,48,192,https://www.youtube.com/watch?v=p_Jemw0xVsU,0,0,0,0,
018244f1ad404c9eaa4ddf747c3bafa0,1020,117364,86,52,463,https://www.youtube.com/watch?v=h9_oq_kv0g8,86,52,463,https://www.youtube.com/watch?v=h9_oq_kv0g8,0,0,0,,0,0,0,0,
46388caf23e34f09b145fff0fa25b897,1010,37944,30,17,30,https://www.youtube.com/watch?v=xqSWP2j71UQ,30,17,30,https://www.youtube.com/watch?v=xqSWP2j71UQ,0,0,0,,747,76,52,105,https://www.twitch.tv/videos/2060634708
9deb096c2fb943a7ae7487bf25e28026,1010,51140,95,46,267,https://www.youtube.com/watch?v=Sm3yi_tdlIg,94,40,152,https://www.youtube.com/watch?v=D4tn3648LDI,267,169,267,https://www.youtube.com/watch?v=Sm3yi_tdlIg,867,169,130,361,https://www.twitch.tv/videos/2068462656
2efe1ad069184a7e94b0583b452ffac4,1010,67297,38,18,64,https://www.youtube.com/watch?v=b5aoFd8blXM,38,18,64,https://www.youtube.com/watch?v=b5aoFd8blXM,0,0,0,,0,0,0,0,
b839a67d928b4d8a9340bf0184be0a7d,1010,73064,0,0,0,,0,0,0,,0,0,0,,0,0,0,0,
838f883ea01f431f97bfe9dbf3064422,1000,32714,0,0,0,,0,0,0,,0,0,0,,103,0,0,0,
1eef416d7ad94b6aa728e10d6da10304,1000,47886,0,0,0,,0,0,0,,0,0,0,,0,0,0,0,
b596a01b8b6a48e4a96cb67b2d5cdccd,1000,38822,0,0,0,,0,0,0,,0,0,0,,415,76,45,76,https://www.twitch.tv/videos/2061529901
2cc874f341184fb799b01c399477c0b4,1000,31865,184,118,674,https://www.youtube.com/watch?v=YSyk1MSmTtk,184,118,674,https://www.youtube.com/watch?v=YSyk1MSmTtk,0,0,0,,143,0,0,0,
64ae0a79da14460e85e36ee3c7f7759f,1000,40518,0,0,0,,0,0,0,,0,0,0,,0,0,0,0,
0f6d2110d7fa4f298e4345745a7e71b1,1000,22787,0,0,0,,0,0,0,,0,0,0,,0,0,0,0,
bf03fd8b5b55481590ea63338c5cdd20,1000,10290,538,339,538,https://www.youtube.com/watch?v=nz3FqPzUhD4,0,0,0,,538,339,538,https://www.youtube.com/watch?v=nz3FqPzUhD4,1409,2853,764,2853,https://www.twitch.tv/videos/2051919997
7c88a51800fd4984ad24ba803d3760dd,999,15219,0,0,0,,0,0,0,,0,0,0,,0,0,0,0,
00156e6583fe4923b7a32d8564e3ea4c,998,28137,0,0,0,,0,0,0,,0,0,0,,265,0,0,0,
b4de9155a5f34284a41224c38e70c67e,996,37785,0,0,0,,0,0,0,,0,0,0,,43,0,0,0,
4b9b64309ea0491bbde3b86b6c34bdd0,991,60698,97,50,1383,https://www.youtube.com/watch?v=ztyyeYo8wWs,77,45,127,https://www.youtube.com/watch?v=S2qvK21OsU0,1383,1022,1383,https://www.youtube.com/watch?v=ztyyeYo8wWs,0,0,0,0,
5f9ded46df28474bbd1470d761700f30,987,638333,0,0,0,,0,0,0,,0,0,0,,715,0,0,0,
7a0eb6cbe5a94663888ef35a63ab3b5a,978,25113,237,147,237,https://www.youtube.com/watch?v=BvbrJKOfkOI,0,0,0,,237,147,237,https://www.youtube.com/watch?v=BvbrJKOfkOI,969,145,124,232,https://www.twitch.tv/videos/2059747952
5396c3113555413f8b8d722d44b413d3,975,19091,0,0,0,,0,0,0,,0,0,0,,0,0,0,0,
021e4f709f1a4c56b8cd200c476db3e7,972,20406,0,0,0,,0,0,0,,0,0,0,,0,0,0,0,
d70830a282b9446f89bc9d82c88b8db3,970,61611,71,41,1174,https://www.youtube.com/watch?v=utH5E5vwxJI,71,41,143,https://www.youtube.com/watch?v=18XW9pglcoA,616,372,1174,https://www.youtube.com/watch?v=utH5E5vwxJI,230,0,0,0,
d552c8b266414973b7044a2bd737a549,968,17788,117,24,151,https://www.youtube.com/watch?v=Wv4cUkNhPmM,115,17,151,https://www.youtube.com/watch?v=Wv4cUkNhPmM,117,43,127,https://www.youtube.com/watch?v=246kIPj27Go,96,0,0,0,
8402646577b24bd5918bda8690e790b4,967,105090,677,235,8696,https://www.youtube.com/watch?v=kAIHqkex5_I,0,0,0,,677,235,8696,https://www.youtube.com/watch?v=kAIHqkex5_I,391,322,242,554,https://www.twitch.tv/videos/2070221304
8b810380ed254a5e8a85b65552ba4e61,964,29936,535,342,535,https://www.youtube.com/watch?v=fBTcNfrLLNQ,0,0,0,,535,342,535,https://www.youtube.com/watch?v=fBTcNfrLLNQ,7243,1208,867,3595,https://www.twitch.tv/videos/2066526657
091ac99f10804fe3b417a0f285731b4e,963,42088,90,50,150,https://www.youtube.com/watch?v=YeQejOBldA0,90,50,150,https://www.youtube.com/watch?v=YeQejOBldA0,0,0,0,,315,47,40,51,https://www.twitch.tv/videos/2069285754
b32d16e391cb490aaea0e1d2e366f839,963,12731,137,28,259,https://www.youtube.com/watch?v=aTLWSZpUNro,225,35,259,https://www.youtube.com/watch?v=aTLWSZpUNro,92,22,225,https://www.youtube.com/watch?v=-3rQ4BwnMmc,62,0,0,0,
b5d3dfb81219492cb11a34291aab8cc8,960,27119,71,40,81,https://www.youtube.com/watch?v=M_NKTUOWQLE,71,40,81,https://www.youtube.com/watch?v=M_NKTUOWQLE,0,0,0,,0,0,0,0,
8d8b1382b7154504819e1db08ecbe8ee,956,13266,65,41,86,https://www.youtube.com/watch?v=2PfKWDBZUrU,65,41,86,https://www.youtube.com/watch?v=2PfKWDBZUrU,0,0,0,,0,0,0,0,
aab094af87d74f3cbcb332bdac03fa23,955,14671,70,32,90,https://www.youtube.com/watch?v=Axubde5Rqfw,70,32,90,https://www.youtube.com/watch?v=Axubde5Rqfw,0,0,0,,0,0,0,0,
accb26f2db2746e898b68ab07dd3c5bc,952,46838,50,21,124,https://www.youtube.com/watch?v=YdSYK0tCbq4,50,21,124,https://www.youtube.com/watch?v=YdSYK0tCbq4,0,0,0,,257,0,0,0,
15711ba2b93a46c295901d775aaf314e,951,31374,0,0,0,,0,0,0,,0,0,0,,0,0,0,0,
9b5ec085252a4f6e9ba04cac0ad49e65,948,47136,0,0,0,,0,0,0,,0,0,0,,2195,0,0,0,
0dc671f00179414c959171b6625785a0,945,24529,141,46,2348,https://www.youtube.com/watch?v=y2qUYJE3Jr0,134,41,301,https://www.youtube.com/watch?v=C2Lp9UBcncg,259,113,2348,https://www.youtube.com/watch?v=y2qUYJE3Jr0,0,0,0,0,
3b9a06751f3c415993d424480d4d5060,941,121409,75,43,83,https://www.youtube.com/watch?v=LP7jH45620A,75,43,83,https://www.youtube.com/watch?v=LP7jH45620A,0,0,0,,0,0,0,0,
fbfe453800444cdd8a35eb8abf365f32,939,54125,0,0,0,,0,0,0,,0,0,0,,0,0,0,0,
5b85294949544a5f8855715acadf66a5,939,19523,96,46,154,https://www.youtube.com/watch?v=Gy1-NtXZ2r0,96,46,154,https://www.youtube.com/watch?v=Gy1-NtXZ2r0,0,0,0,,784,93,69,332,https://www.twitch.tv/videos/2070024246
34973abcef4e41b29add2b476ce0a7fb,938,10986,0,0,0,,0,0,0,,0,0,0,,20,0,0,0,
f9f38aebd04f4a219e165e0c6e1fb347,936,14851,0,0,0,,0,0,0,,0,0,0,,0,0,0,0,
ef03340f293242f89fe15f2f828dbf7f,934,7217,54,32,137,https://www.youtube.com/watch?v=cJqcjkQ1M7E,54,32,137,https://www.youtube.com/watch?v=cJqcjkQ1M7E,82,32,106,https://www.youtube.com/watch?v=bLrhplLDvA8,258,32,19,143,https://www.twitch.tv/videos/2071259395
a5647aba47dc4bb48eaa0cde6de7c6bd,934,38897,149,26,149,https://www.youtube.com/watch?v=441gei9Gk90,149,26,149,https://www.youtube.com/watch?v=441gei9Gk90,0,0,0,,0,0,0,0,
3c1783f6914f414b830c836829d1afa2,934,18618,213,95,466,https://www.youtube.com/watch?v=zMzecLZMIhg,189,94,438,https://www.youtube.com/watch?v=fICoKqS7_DE,422,261,466,https://www.youtube.com/watch?v=zMzecLZMIhg,166,0,0,0,
4e4721deba7c4681b1172714a29e6f19,932,70914,89,44,10180,https://www.youtube.com/watch?v=DgN_etacdv4,76,30,129,https://www.youtube.com/watch?v=spxCT02EwMQ,163,108,10180,https://www.youtube.com/watch?v=DgN_etacdv4,0,0,0,0,
be56f6cf87ab4da7b132b9d62c74bc2e,932,23661,51,12,245,https://www.youtube.com/watch?v=je0gaC7Xevg,51,12,101,https://www.youtube.com/watch?v=Wn3KWmSUkZA,128,31,245,https://www.youtube.com/watch?v=je0gaC7Xevg,0,0,0,0,
f1020d6d2f904704a363cf21806327a1,932,17098,0,0,0,,0,0,0,,0,0,0,,213,0,0,0,
a2188c1a225e4f93a64e3385fa02d779,930,44500,72,58,93,https://www.youtube.com/watch?v=v7Yb1JEERbY,72,32,72,https://www.youtube.com/watch?v=IlB1hLyzTVM,78,59,93,https://www.youtube.com/watch?v=v7Yb1JEERbY,0,0,0,0,
607a7be9721741c48e2901609c294ada,929,71214,20,9,20,https://www.youtube.com/watch?v=9pNDKUSZZ4I,20,9,20,https://www.youtube.com/watch?v=9pNDKUSZZ4I,0,0,0,,1584,108,82,180,https://www.twitch.tv/videos/2065109598
cbc46416a6eb4c66952dd5c2c7602e2b,929,25952,0,0,0,,0,0,0,,0,0,0,,0,0,0,0,
956591dc2e40411688b8f8e3079bc5e3,928,70334,155,63,386,https://www.youtube.com/watch?v=iSNQOT2bFyw,154,65,292,https://www.youtube.com/watch?v=B0ssIlKKMxI,156,36,386,https://www.youtube.com/watch?v=iSNQOT2bFyw,0,0,0,0,
10c8c9b647e7464f9d95c7c1a865da01,924,24017,88,19,177,https://www.youtube.com/watch?v=EtS9gKiUmLw,72,19,177,https://www.youtube.com/watch?v=EtS9gKiUmLw,105,4,167,https://www.youtube.com/watch?v=wHzUluvNPSc,1330,0,0,0,
c03a8219bd254619959f9308af6a3bba,922,17819,69,41,69,https://www.youtube.com/watch?v=TwOFcl9oY1A,0,0,0,,69,41,69,https://www.youtube.com/watch?v=TwOFcl9oY1A,165,0,0,0,
7df81b926eec4a998d5ffcd67b59ff5e,920,18582,77,47,231,https://www.youtube.com/watch?v=TxksIT-zZmA,77,47,231,https://www.youtube.com/watch?v=TxksIT-zZmA,0,0,0,,0,0,0,0,
e212d468e3e64ad5b8f22f61bc4e06f7,920,27722,34,10,56,https://www.youtube.com/watch?v=_PdeIZnbOBU,34,10,56,https://www.youtube.com/watch?v=_PdeIZnbOBU,0,0,0,,0,0,0,0,
c52b95b6a42d48f0ae888720492a5a46,916,37485,78,35,848,https://www.youtube.com/watch?v=-O_l-mKh2xI,151,91,848,https://www.youtube.com/watch?v=-O_l-mKh2xI,40,16,144,https://www.youtube.com/watch?v=wvHvFkrS-qU,0,0,0,0,
6ef3b507ab8e41d499c59d8cf8b65202,915,0,0,0,0,,0,0,0,,0,0,0,,0,0,0,0,
f560e7811b454fe489044165c53dba83,914,35307,46,26,74,https://www.youtube.com/watch?v=nUziHeCimII,46,26,74,https://www.youtube.com/watch?v=nUziHeCimII,0,0,0,,0,0,0,0,
c26ea894da5741df9e1bc62044f6bce7,913,3857,0,0,0,,0,0,0,,0,0,0,,194,35,19,35,https://www.twitch.tv/videos/2060101642
a6a789d93f3a4352b251a51b43f98d2c,912,18862,184,60,469,https://www.youtube.com/watch?v=klWnjk41daE,184,60,469,https://www.youtube.com/watch?v=klWnjk41daE,0,0,0,,0,0,0,0,
f702d43aeff84979ad97438d0b1d8bcc,911,8528,12,3,12,https://www.youtube.com/watch?v=trpSb9QOObs,0,0,0,,12,3,12,https://www.youtube.com/watch?v=trpSb9QOObs,222,125,85,189,https://www.twitch.tv/videos/2067349660
e2e79e4b7c8f41c7be66dfc9e5da1da6,905,15264,0,0,0,,0,0,0,,0,0,0,,1300,0,0,0,
034c0cb04f884faa8f2b6a02ff090ad1,905,0,0,0,0,,0,0,0,,0,0,0,,0,0,0,0,
bdcf0d95e6544ebaaddbfba94839cd6b,901,28681,59,21,3085,https://www.youtube.com/watch?v=OSFy-V4hXPo,65,25,146,https://www.youtube.com/watch?v=ZFdxxXuqSZ0,38,21,3085,https://www.youtube.com/watch?v=OSFy-V4hXPo,0,0,0,0,
85aa19ec73ce4db08ba1bf3d0f1807ce,901,37263,122,61,181,https://www.youtube.com/watch?v=xnabnboSEsc,130,67,181,https://www.youtube.com/watch?v=xnabnboSEsc,28,25,28,https://www.youtube.com/watch?v=cHqvdC53_v0,0,0,0,0,
0ec3bf23ccba41659f6d91e424fb2b4a,899,34326,74,69,84,https://www.youtube.com/watch?v=u05eFtC6UEc,74,69,84,https://www.youtube.com/watch?v=u05eFtC6UEc,0,0,0,,0,0,0,0,
995bff308e7f4df3aa33305fc0ddde8e,899,34100,56,3,56,https://www.youtube.com/watch?v=F15sT-cup7U,56,3,56,https://www.youtube.com/watch?v=F15sT-cup7U,0,0,0,,0,0,0,0,
3a963b6901c7467da3d9c8bd74df9da6,896,30011,81,63,123,https://www.youtube.com/watch?v=XEaq62ptfOQ,81,63,94,https://www.youtube.com/watch?v=eAyJ9vn31nA,86,70,123,https://www.youtube.com/watch?v=XEaq62ptfOQ,0,0,0,0,
cfa15a7e93824927ad4b84a519b0ab68,892,117015,405,122,3661,https://www.youtube.com/watch?v=wvtrtTG_8Zg,46,12,53,https://www.youtube.com/watch?v=0wttGvbzB2Y,582,438,3661,https://www.youtube.com/watch?v=wvtrtTG_8Zg,0,0,0,0,
a8e44e51a99c487694e2525dc57c85ca,892,40430,48,12,107,https://www.youtube.com/watch?v=BIGEHu3jOiE,58,21,107,https://www.youtube.com/watch?v=BIGEHu3jOiE,10,2,20,https://www.youtube.com/watch?v=8RSIBNIzHKo,408,0,0,0,
6efa004da8424662bae62d420d82d722,891,55323,0,0,0,,0,0,0,,0,0,0,,0,0,0,0,
4a64836a88024358a7401530fed8e0f8,890,99395,57,29,9353,https://www.youtube.com/watch?v=2HIJ6tYbefE,47,23,74,https://www.youtube.com/watch?v=XfqD_Ycdk3U,185,81,9353,https://www.youtube.com/watch?v=2HIJ6tYbefE,4884,561,267,894,https://www.twitch.tv/videos/2062439580
6df15d678de844d1a7f08226c02d6183,887,4162,0,0,0,,0,0,0,,0,0,0,,0,0,0,0,
1ea5aa0a7a7d401b897630667cf4b44e,878,34458,282,100,599,https://www.youtube.com/watch?v=V_FnHwVxXxc,262,99,506,https://www.youtube.com/watch?v=wKRl1RxNN0k,380,186,599,https://www.youtube.com/watch?v=V_FnHwVxXxc,159,0,0,0,
7ca8ec94cb4640ccb27719cbfc8a8df0,878,37417,103,65,103,https://www.youtube.com/watch?v=6blUyStZRCQ,0,0,0,,103,65,103,https://www.youtube.com/watch?v=6blUyStZRCQ,0,0,0,0,
6db0d51e6ac9410f84f79e57448b8a60,874,90825,143,34,1617,https://www.youtube.com/watch?v=as_fNDPRfbI,137,43,579,https://www.youtube.com/watch?v=q0gEIvoq9w8,149,25,1617,https://www.youtube.com/watch?v=as_fNDPRfbI,0,0,0,0,
3410ce8f1b78487f8025485a6c09b1b8,874,23406,205,193,205,https://www.youtube.com/watch?v=7OpRkyjHKDs,205,193,205,https://www.youtube.com/watch?v=7OpRkyjHKDs,0,0,0,,0,0,0,0,
2450f1c7cf8f46c8aa30afaa922c9642,868,17156,28,16,84,https://www.youtube.com/watch?v=9EJKg_8J3dI,36,17,84,https://www.youtube.com/watch?v=9EJKg_8J3dI,10,9,10,https://www.youtube.com/watch?v=eIVlsBwF5xQ,321,33,21,102,https://www.twitch.tv/videos/2066409953
8a5468bc4c7d44989e5ee4864a9b941a,866,67283,54,22,121,https://www.youtube.com/watch?v=vzdIYBQGOvg,54,22,121,https://www.youtube.com/watch?v=vzdIYBQGOvg,0,0,0,,0,0,0,0,
399a496d028447a58924b2660d0fc187,862,10344,0,0,0,,0,0,0,,0,0,0,,0,0,0,0,
bb56715066e548c297232372a16ab083,862,52558,3,1,29,https://www.youtube.com/watch?v=LDaFOyWEAH8,9,0,9,https://www.youtube.com/watch?v=oLZ6ht2wRFk,2,1,29,https://www.youtube.com/watch?v=LDaFOyWEAH8,1313,50,41,152,https://www.twitch.tv/videos/2067145712
687568c1c9254c8ab34e7b6efbdd6dbc,862,91183,77,33,228,https://www.youtube.com/watch?v=5Wb4dqRiWV8,77,33,228,https://www.youtube.com/watch?v=5Wb4dqRiWV8,0,0,0,,0,0,0,0,
95fa8eef249d4edca59594271fedc487,861,24496,0,0,0,,0,0,0,,0,0,0,,0,0,0,0,
a6dfb7b286fe43ebbec2fd53b9cf032c,860,5883,44,14,82,https://www.youtube.com/watch?v=0aEqVgLJHCQ,44,14,82,https://www.youtube.com/watch?v=0aEqVgLJHCQ,0,0,0,,0,0,0,0,
b586a78c976b44859e93d12f47bef826,859,24000,15,5,15,https://www.youtube.com/watch?v=-ngeR0CDkek,15,5,15,https://www.youtube.com/watch?v=-ngeR0CDkek,0,0,0,,0,0,0,0,
3df940c5d9d3488b941948d3e21c8edc,857,3180,0,0,0,,0,0,0,,0,0,0,,0,0,0,0,
65c0e7f6562d419e944caea644836c1f,856,11218,261,138,700,https://www.youtube.com/watch?v=qcITWho7qP4,251,139,700,https://www.youtube.com/watch?v=qcITWho7qP4,368,59,368,https://www.youtube.com/watch?v=Ht6xOM_-0j0,157,43,39,57,https://www.twitch.tv/videos/2068384396
689bcf2176f84f86a4fb53800f25ea7a,856,1472,0,0,0,,0,0,0,,0,0,0,,0,0,0,0,
a1ef171711404951a987f4c9bc5e64f0,853,43629,85,29,206,https://www.youtube.com/watch?v=6bR98Wl8c3g,77,1,77,https://www.youtube.com/watch?v=FonLgVmHdGY,94,55,206,https://www.youtube.com/watch?v=6bR98Wl8c3g,0,0,0,0,
5a901d793927414493afa87af0c4baec,853,15593,136,99,616,https://www.youtube.com/watch?v=FKkHWG8HzgA,136,99,616,https://www.youtube.com/watch?v=FKkHWG8HzgA,0,0,0,,793,121,100,171,https://www.twitch.tv/videos/2068494822
2e8c364f691740dd81c0fa61727a9790,853,157824,0,0,0,,0,0,0,,0,0,0,,3029,127,82,325,https://www.twitch.tv/videos/2067399716
0294dc5e3fb14312b472bb05af5ad329,850,21520,0,0,0,,0,0,0,,0,0,0,,0,0,0,0,
7c6d1a181c90471887696ff9637aed03,848,26772,0,0,0,,0,0,0,,0,0,0,,0,0,0,0,
1d14efa0dfb34515831c46b7dfddf819,845,1174,158,117,486,https://www.youtube.com/watch?v=Wlhbzl9UAXs,486,478,486,https://www.youtube.com/watch?v=Wlhbzl9UAXs,139,113,317,https://www.youtube.com/watch?v=rN3j2SY_7-w,0,0,0,0,
4082168d753e42b7aca1d25e759d09a7,844,26420,72,46,1593,https://www.youtube.com/watch?v=4j7BvZIJOEo,71,41,199,https://www.youtube.com/watch?v=sciMfFpgC5M,525,425,1593,https://www.youtube.com/watch?v=4j7BvZIJOEo,271,72,54,135,https://www.twitch.tv/videos/2059685506
30bc516401f24514aaecce081979ab50,844,14320,0,0,0,,0,0,0,,0,0,0,,0,0,0,0,
8e2559d9a7714ecd9cb0448b4d28f8d2,842,23285,0,0,0,,0,0,0,,0,0,0,,4516,160,74,722,https://www.twitch.tv/videos/2061536244
44ae1f339250472c82d1fc4ffb3610ad,839,29817,0,0,0,,0,0,0,,0,0,0,,635,73,51,258,https://www.twitch.tv/videos/2072958432
684aeef535fb4dd2a483746cdaab5065,839,52384,38,9,38,https://www.youtube.com/watch?v=kdy633UfvuY,38,9,38,https://www.youtube.com/watch?v=kdy633UfvuY,0,0,0,,152,0,0,0,
18d1c00e0bde4ddbb8be5eafe0967dfe,832,25935,96,49,321,https://www.youtube.com/watch?v=FjjC4msL9ro,91,45,321,https://www.youtube.com/watch?v=FjjC4msL9ro,289,186,313,https://www.youtube.com/watch?v=7A3ZLW_PXIA,0,0,0,0,
94f9966aa28a45e1ab4b94507037d1d7,830,64354,129,60,165,https://www.youtube.com/watch?v=IGTvFK0Zi88,129,60,165,https://www.youtube.com/watch?v=IGTvFK0Zi88,0,0,0,,0,0,0,0,
ff063abda8d24869b8d34267e673958f,828,0,0,0,0,,0,0,0,,0,0,0,,0,0,0,0,
73f219fc31294239804b67151318e0a8,826,42234,0,0,0,,0,0,0,,0,0,0,,263,0,0,0,
ecbe9a46c7ec4f3d8fe217012c39d490,825,283972,0,0,0,,0,0,0,,0,0,0,,0,0,0,0,
686fa700c1ee4d179ed277d5b101f8a4,824,25160,0,0,0,,0,0,0,,0,0,0,,0,0,0,0,
d9baa82223d04494abd266da86171d95,824,0,0,0,0,,0,0,0,,0,0,0,,665,0,0,0,
13a3d049cda44b9e8da24006e642dd78,822,23088,0,0,0,,0,0,0,,0,0,0,,2878,147,120,216,https://www.twitch.tv/videos/2069960977
fa2a2255fa7d4aa7b5b54dea5dd2b1c4,820,34226,104,33,195,https://www.youtube.com/watch?v=sW7_5IMaXuo,111,42,195,https://www.youtube.com/watch?v=sW7_5IMaXuo,56,33,56,https://www.youtube.com/watch?v=2jEdMH5oOOY,0,0,0,0,
50a5bb8d33e14c81813bd0d02dc34b58,819,0,0,0,0,,0,0,0,,0,0,0,,0,0,0,0,
b5ff000d6dd74683b17965294f1c4bf7,817,27232,51,16,63,https://www.youtube.com/watch?v=XrkKLYB-lXw,51,16,63,https://www.youtube.com/watch?v=XrkKLYB-lXw,0,0,0,,767,19,15,25,https://www.twitch.tv/videos/2067162635
853afd5eb42e4f61bb0f9478aa8c1661,816,0,0,0,0,,0,0,0,,0,0,0,,0,0,0,0,
f1dff6bebe3a4fa7a4b9c05f91bdc42b,815,0,0,0,0,,0,0,0,,0,0,0,,0,0,0,0,
3e41189706dd483db4e407c295b058ce,813,48773,13,5,36,https://www.youtube.com/watch?v=eYvcRP3POEI,13,4,36,https://www.youtube.com/watch?v=eYvcRP3POEI,6,5,6,https://www.youtube.com/watch?v=ajRqoWnGIhw,3078,276,119,510,https://www.twitch.tv/videos/2064353072
3c0a36d022cf4d47af7af109819ebfec,809,7330,0,0,0,,0,0,0,,0,0,0,,0,0,0,0,
7754a4ea82814b7fbbecfcf459382001,809,173865,28,10,427,https://www.youtube.com/watch?v=Ib6vB9H6g4E,0,0,0,,28,10,427,https://www.youtube.com/watch?v=Ib6vB9H6g4E,1475,265,174,438,https://www.twitch.tv/videos/2064180190
62c12910ed8543ffaa91b4ad33f71fec,807,9302,147,117,147,https://www.youtube.com/watch?v=8uHsPtb2PTY,147,117,147,https://www.youtube.com/watch?v=8uHsPtb2PTY,0,0,0,,0,0,0,0,
63adc221665b47e6b9d638e66029958d,805,20352,58,12,58,https://www.youtube.com/watch?v=cAvrK1Guyvo,58,12,58,https://www.youtube.com/watch?v=cAvrK1Guyvo,0,0,0,,175,0,0,0,
2ee2acc29fac42c5b130558543cbdf00,804,9189,161,101,913,https://www.youtube.com/watch?v=NRd2mVJW1g8,168,99,286,https://www.youtube.com/watch?v=PfEiMa4_HqI,116,102,913,https://www.youtube.com/watch?v=NRd2mVJW1g8,159,44,42,73,https://www.twitch.tv/videos/2068392492
29a3d514ca274f6fb966f9d70bed4b52,804,75106,0,0,0,,0,0,0,,0,0,0,,0,0,0,0,
945e26a69e2145219406bf2ca0d59554,802,21207,0,0,0,,0,0,0,,0,0,0,,688,60,42,74,https://www.twitch.tv/videos/2064309030
0df008566e92461eb808c5b3ba9c7f0f,802,22289,140,60,1060,https://www.youtube.com/watch?v=7dozdhb2pOM,74,51,761,https://www.youtube.com/watch?v=VbTEvI1H_jM,399,301,1060,https://www.youtube.com/watch?v=7dozdhb2pOM,0,0,0,0,
9bf758b113b048bc9331f244b619e4b2,802,53204,73,35,810,https://www.youtube.com/watch?v=TDItx5dGJcI,73,35,810,https://www.youtube.com/watch?v=TDItx5dGJcI,0,0,0,,192,0,0,0,
313ac2707d2548d18d1dfb62809ae162,800,24218,0,0,0,,0,0,0,,0,0,0,,0,0,0,0,
7f7e1579979c49249dc65783d457e890,799,15779,67,52,89,https://www.youtube.com/watch?v=lhJNy8FksDg,76,53,89,https://www.youtube.com/watch?v=lhJNy8FksDg,55,16,55,https://www.youtube.com/watch?v=zdngz6m8xJU,316,80,58,119,https://www.twitch.tv/videos/2066369782
a9986f3ad4f340f297e9eb132a05ac84,797,13623,0,0,0,,0,0,0,,0,0,0,,405,96,67,144,https://www.twitch.tv/videos/2067415299
a725f6babc5f44779d7389886c6cd7b7,796,15516,80,44,244,https://www.youtube.com/watch?v=5c7pNobPYtY,80,43,244,https://www.youtube.com/watch?v=5c7pNobPYtY,80,45,112,https://www.youtube.com/watch?v=RGcL9Jb3k2A,0,0,0,0,
efe21404e1e344dda7e75ecb2c160895,793,18754,0,0,0,,0,0,0,,0,0,0,,0,0,0,0,
75e2a9a237e14297976b9b8946818de5,793,1522,0,0,0,,0,0,0,,0,0,0,,0,0,0,0,
b96e4730713c48899004d4af5975fe21,792,4900,0,0,0,,0,0,0,,0,0,0,,249,19,11,19,https://www.twitch.tv/videos/2062391380
58374cba861d4267a84ad689bb6ce91a,791,26424,56,9,79,https://www.youtube.com/watch?v=Avv7r0Ev-uA,56,9,79,https://www.youtube.com/watch?v=Avv7r0Ev-uA,0,0,0,,0,0,0,0,
bbc277041cb743639026fb5b0db9c3bb,791,34146,0,0,0,,0,0,0,,0,0,0,,4110,0,0,0,
ccf93d7646f249dfa3454f5a60f466c8,789,18332,58,29,1133,https://www.youtube.com/watch?v=BVekAXbngNY,58,29,120,https://www.youtube.com/watch?v=M079phbubI0,1133,114,1133,https://www.youtube.com/watch?v=BVekAXbngNY,0,0,0,0,
415ca337b1104450acbed1eb046c0a58,788,62627,0,0,0,,0,0,0,,0,0,0,,257,0,0,0,
5db725f32b5e4e1380ad64110b88c91d,787,412812,1285,620,5518,https://www.youtube.com/watch?v=4ZVv410njo8,187,173,187,https://www.youtube.com/watch?v=7Kn0dEqhUKA,1574,813,5518,https://www.youtube.com/watch?v=4ZVv410njo8,93,0,0,0,
17946118c2d641819c847aba0c491e13,786,3739,0,0,0,,0,0,0,,0,0,0,,3913,0,0,0,
1594067d444e4a53abb95bc1aa40e6db,783,23247,0,0,0,,0,0,0,,0,0,0,,397,38,22,38,https://www.twitch.tv/videos/2061394685
30a4362c1143491ea0ed5383c4882251,783,28973,0,0,0,,0,0,0,,0,0,0,,0,0,0,0,
a753be70dd194989835b604e4b249363,781,25723,0,0,0,,0,0,0,,0,0,0,,632,30,17,43,https://www.twitch.tv/videos/2060962169
06a61409f4334b0eb8a5f647b819c78b,781,46813,44,10,119,https://www.youtube.com/watch?v=ED9wmoiLhRc,44,10,119,https://www.youtube.com/watch?v=ED9wmoiLhRc,0,0,0,,0,0,0,0,
f2e0ed58531e4cd79d743120c960b6a9,778,158,0,0,0,,0,0,0,,0,0,0,,0,0,0,0,
9539cc114b7648efb72bafc3a7358ae6,775,0,0,0,0,,0,0,0,,0,0,0,,1975,0,0,0,
c2b9638d8dd54888a91caa8a67366907,772,14564,50,4,63,https://www.youtube.com/watch?v=vkbQyp3_mqk,50,4,63,https://www.youtube.com/watch?v=vkbQyp3_mqk,0,0,0,,1725,0,0,0,
6f68d3f50edf4814b59a4a018090b180,772,12788,118,73,368,https://www.youtube.com/watch?v=4b7lbfBOEws,118,73,368,https://www.youtube.com/watch?v=4b7lbfBOEws,0,0,0,,0,0,0,0,
548f8fcaa1b24e878b97d572df450bcb,772,147221,31,19,118,https://www.youtube.com/watch?v=bEHs8kE1mXA,74,13,118,https://www.youtube.com/watch?v=bEHs8kE1mXA,25,19,33,https://www.youtube.com/watch?v=zPoutiPFsy8,0,0,0,0,
f6d83aa286de43568b4e8f9e0976615a,771,86844,29,3,69,https://www.youtube.com/watch?v=mbRWGRMpkfI,56,19,69,https://www.youtube.com/watch?v=mbRWGRMpkfI,18,2,25,https://www.youtube.com/watch?v=ScC6I-4xRao,0,0,0,0,
9cfe61128e134f8dad9bb6ebf568cd71,769,15565,63,34,71,https://www.youtube.com/watch?v=nu8mYT6d4Lw,63,34,71,https://www.youtube.com/watch?v=nu8mYT6d4Lw,0,0,0,,642,171,147,218,https://www.twitch.tv/videos/2067288043
9715832a3f2b4469a59c5d277aa4fc34,769,16822,38,11,61,https://www.youtube.com/watch?v=RJpGkt5qKlc,38,11,61,https://www.youtube.com/watch?v=RJpGkt5qKlc,0,0,0,,0,0,0,0,
a1880ae475fe44fc92760277c3f850ed,766,6381,0,0,0,,0,0,0,,0,0,0,,602,0,0,0,
3204abe8247b45f08481bef65884ebc3,765,2827,0,0,0,,0,0,0,,0,0,0,,1311,84,48,84,https://www.twitch.tv/videos/2060875645
28e04c3575d84bd48e2de545801d4d06,765,17477,0,0,0,,0,0,0,,0,0,0,,0,0,0,0,
96f73c5682e942ef888a3313031c7f58,761,11208,0,0,0,,0,0,0,,0,0,0,,0,0,0,0,
798dda88504941b08a086b309c81b4ef,757,18223,104,61,167,https://www.youtube.com/watch?v=Xib2xKVhEJ8,104,61,167,https://www.youtube.com/watch?v=Xib2xKVhEJ8,0,0,0,,0,0,0,0,
49f14b84269f458099232c2a21b2ba74,756,19531,90,35,115,https://www.youtube.com/watch?v=IpQsg781SRg,90,35,115,https://www.youtube.com/watch?v=IpQsg781SRg,0,0,0,,0,0,0,0,
c725e2accdfc42c7b4314d81cf2b8daa,754,28790,83,38,263,https://www.youtube.com/watch?v=7hIxczwJQ6k,63,29,263,https://www.youtube.com/watch?v=7hIxczwJQ6k,120,103,158,https://www.youtube.com/watch?v=2dpalXYHqQU,475,0,0,0,
1145b6f48caf4756a889a437025c3db2,751,20397,40,13,92,https://www.youtube.com/watch?v=9a77uUn7TVE,45,13,92,https://www.youtube.com/watch?v=9a77uUn7TVE,13,10,25,https://www.youtube.com/watch?v=-RcbW7HdHZ0,311,105,87,302,https://www.twitch.tv/videos/2059489192
971c91b32e9b4e1abfdafe711cb9e440,751,32565,255,142,412,https://www.youtube.com/watch?v=9psSJXjUVbI,99,64,99,https://www.youtube.com/watch?v=JB1skT7HoLw,412,219,412,https://www.youtube.com/watch?v=9psSJXjUVbI,0,0,0,0,
d695f574875549f28432ee0a9bbf6235,751,8331,0,0,0,,0,0,0,,0,0,0,,385,0,0,0,
833f3b796f48477aae3b8e902270ab36,748,31889,0,0,0,,0,0,0,,0,0,0,,3,0,0,0,
899208f999aa4121ae2b67abb3190674,746,9022,18,5,52,https://www.youtube.com/watch?v=amqicKkea94,0,0,0,,18,5,52,https://www.youtube.com/watch?v=amqicKkea94,3806,279,166,360,https://www.twitch.tv/videos/2064214297
eef7776c596141afb7efb9c1790bcb64,746,32161,24,11,32,https://www.youtube.com/watch?v=yFUiNcNcDzk,0,0,0,,24,11,32,https://www.youtube.com/watch?v=yFUiNcNcDzk,1570,543,365,930,https://www.twitch.tv/videos/2064402184
ee1be8631b3e4abdbcc12dbe96d5268f,745,26212,116,52,242,https://www.youtube.com/watch?v=E7Ei9KXPxU0,116,52,242,https://www.youtube.com/watch?v=E7Ei9KXPxU0,0,0,0,,0,0,0,0,
d573ba517ed043a780491c40a7aaa22e,744,0,0,0,0,,0,0,0,,0,0,0,,0,0,0,0,
970ee869c72747eeb83f71f3c533fab3,744,18439,0,0,0,,0,0,0,,0,0,0,,1582,0,0,0,
20327c35cc9d4deba93299b790d7d721,737,14294,194,86,855,https://www.youtube.com/watch?v=Gk7g0V2a2xM,154,94,750,https://www.youtube.com/watch?v=U8ODVaQyoTY,302,70,855,https://www.youtube.com/watch?v=Gk7g0V2a2xM,0,0,0,0,
0f97f20ec79649e687590a4dc7328a21,736,19001,0,0,0,,0,0,0,,0,0,0,,241,18,16,48,https://www.twitch.tv/videos/2068387080
ab7fb3b59bef4d869388be703ffa8c01,735,11776,0,0,0,,0,0,0,,0,0,0,,0,0,0,0,
9381d47d490245a9b90fa8beb9a68b5c,735,20625,0,0,0,,0,0,0,,0,0,0,,0,0,0,0,
0a55a882e4ae4a1e9c1e77ea001aa91b,735,25207,0,0,0,,0,0,0,,0,0,0,,1116,28,21,70,https://www.twitch.tv/videos/2063341092
50a1d5a17d2a40d2b7388173c9bf925d,735,52521,0,0,0,,0,0,0,,0,0,0,,0,0,0,0,
9fb9fe13bf124da3a1affb24c5bba5e2,734,20756,34,14,34,https://www.youtube.com/watch?v=00NpiMf5vYs,34,14,34,https://www.youtube.com/watch?v=00NpiMf5vYs,0,0,0,,0,0,0,0,
b8c13d7702844995a0b4a66eda4d31bc,731,11285,12,7,12,https://www.youtube.com/watch?v=yCKVp1BxT6s,0,0,0,,12,7,12,https://www.youtube.com/watch?v=yCKVp1BxT6s,400,108,61,108,https://www.twitch.tv/videos/2060653340
a666cf6707d14cdbbe6581a8964aabd0,730,17769,25,17,25,https://www.youtube.com/watch?v=l5kczv9iDiY,0,0,0,,25,17,25,https://www.youtube.com/watch?v=l5kczv9iDiY,614,89,74,148,https://www.twitch.tv/videos/2068142839
0528d5a963af400884b2db8484a0d152,729,9218,317,33,493,https://www.youtube.com/watch?v=MDcOQn4f-Lg,24,10,24,https://www.youtube.com/watch?v=EFIxdEzjbf0,405,225,493,https://www.youtube.com/watch?v=MDcOQn4f-Lg,378,41,31,75,https://www.twitch.tv/videos/2070157951
eb54f557a3734bfda57ecddd8df07681,729,8180,68,39,267,https://www.youtube.com/watch?v=gYmgKOzYnZM,68,39,267,https://www.youtube.com/watch?v=gYmgKOzYnZM,0,0,0,,222,56,43,90,https://www.twitch.tv/videos/2063505977
de6ab52e6aca42d2ab88274244e772fc,728,23209,100,20,100,https://www.youtube.com/watch?v=jh-TUbFFRhs,100,20,100,https://www.youtube.com/watch?v=jh-TUbFFRhs,0,0,0,,0,0,0,0,
0e17da7ad6e94a73a2ce539bb6ea293d,723,0,0,0,0,,0,0,0,,0,0,0,,0,0,0,0,
a3f2963a57094502a10845075cdee88c,722,1038,92,52,117,https://www.youtube.com/watch?v=pwqHpmzCcXg,67,4,67,https://www.youtube.com/watch?v=DVc-zAaK62E,117,101,117,https://www.youtube.com/watch?v=pwqHpmzCcXg,0,0,0,0,
521efecabae94dd6b1d21bc5e8543fcb,722,13699,374,180,2434,https://www.youtube.com/watch?v=ELxotx3LTUo,374,223,522,https://www.youtube.com/watch?v=lHXl0y-A6_8,383,65,2434,https://www.youtube.com/watch?v=ELxotx3LTUo,324,0,0,0,
edaf166616b545ee8e88dc38620d637c,720,12457,0,0,0,,0,0,0,,0,0,0,,0,0,0,0,
43acb25e255340d09b50283f0308d1ff,718,142779,125,92,189,https://www.youtube.com/watch?v=hlvkt8PiwDE,125,92,189,https://www.youtube.com/watch?v=hlvkt8PiwDE,0,0,0,,0,0,0,0,
e44a37ed06c749da9aeea8e16b309a84,711,28529,0,0,0,,0,0,0,,0,0,0,,27,0,0,0,
d475848a566848dc9f6ad02707d87e2a,709,58773,95,46,375,https://www.youtube.com/watch?v=nDUD5YNii00,95,27,375,https://www.youtube.com/watch?v=nDUD5YNii00,140,72,188,https://www.youtube.com/watch?v=N1Scfa7DiCs,0,0,0,0,
80dda735a7784d7fb999892874a05f0c,707,10562,588,408,588,https://www.youtube.com/watch?v=lc2slJf5iHU,0,0,0,,588,408,588,https://www.youtube.com/watch?v=lc2slJf5iHU,3162,308,295,927,https://www.twitch.tv/videos/2066032508
68ded9e397c846acb7b85224713b8b80,706,17934,0,0,0,,0,0,0,,0,0,0,,0,0,0,0,
8489d002b1704612bd0dd23f9a14ed51,706,29837,89,41,132,https://www.youtube.com/watch?v=tV8pG-GR6rQ,89,41,132,https://www.youtube.com/watch?v=tV8pG-GR6rQ,0,0,0,,124,23,19,45,https://www.twitch.tv/videos/2067442367
607d6173383c4118a32171fbcfc98e60,702,17963,39,11,73,https://www.youtube.com/watch?v=iU0Sw98TAX0,0,0,0,,39,11,73,https://www.youtube.com/watch?v=iU0Sw98TAX0,9082,0,0,0,
489752f0b42c49b785d43f1207429983,700,19971,122,89,162,https://www.youtube.com/watch?v=dsBRPVaxUd4,122,89,162,https://www.youtube.com/watch?v=dsBRPVaxUd4,0,0,0,,0,0,0,0,
f232bcca5fe54991838fd1e2551b3527,697,209,9,5,9,https://www.youtube.com/watch?v=g7YTSkDVCAU,0,0,0,,9,5,9,https://www.youtube.com/watch?v=g7YTSkDVCAU,0,0,0,0,
747fb5e9d30240a1ac42fbf37e86b55d,697,14046,162,31,162,https://www.youtube.com/watch?v=SGuj3fbp0EA,0,0,0,,162,31,162,https://www.youtube.com/watch?v=SGuj3fbp0EA,292,16,9,23,https://www.twitch.tv/videos/2066510628
8a3a04df8f6048d19825cdfef59ecdc1,694,18267,0,0,0,,0,0,0,,0,0,0,,0,0,0,0,
facccde0b22e4f66bc41f54815fced73,692,25064,130,94,148,https://www.youtube.com/watch?v=XHH9LbwPgJc,130,94,148,https://www.youtube.com/watch?v=XHH9LbwPgJc,0,0,0,,0,0,0,0,
94b3f738cde248e3bf6061f1692d6337,692,160676,0,0,0,,0,0,0,,0,0,0,,0,0,0,0,
03c9d83a4c534b65a5743b381eb2ce33,691,9673,49,26,129,https://www.youtube.com/watch?v=yrebnArAqf4,50,33,129,https://www.youtube.com/watch?v=yrebnArAqf4,35,12,53,https://www.youtube.com/watch?v=Lz2YhjTCv5I,365,0,0,0,
fceadce7c37f4cc08bc747aa79c3cf9e,690,32840,127,65,2724,https://www.youtube.com/watch?v=_94WFh9Nvo0,127,54,245,https://www.youtube.com/watch?v=QUWOfzuZSd4,748,564,2724,https://www.youtube.com/watch?v=_94WFh9Nvo0,0,0,0,0,
e83a22c584774763a3b91d557141604d,689,6856,41,31,446,https://www.youtube.com/watch?v=p8S8uQBmouE,0,0,0,,41,31,446,https://www.youtube.com/watch?v=p8S8uQBmouE,1243,197,125,328,https://www.twitch.tv/videos/2068264269
c747687c19704747b4cae2d4d5715aa0,688,9169,0,0,0,,0,0,0,,0,0,0,,3641,0,0,0,
72f9ebd5a53f46199a492667190c0fc4,688,13214,26,2,32,https://www.youtube.com/watch?v=4VBIEeckkRo,32,1,32,https://www.youtube.com/watch?v=4VBIEeckkRo,17,4,26,https://www.youtube.com/watch?v=o5SCw2798-Y,444,0,0,0,
41ec65fd72424aa0b90cdfefd49bd35e,687,12677,84,32,138,https://www.youtube.com/watch?v=LxcFxDGjlP4,84,32,138,https://www.youtube.com/watch?v=LxcFxDGjlP4,0,0,0,,0,0,0,0,
263db06cfe814d4397e6fc8bc593e70e,686,41120,0,0,0,,0,0,0,,0,0,0,,0,0,0,0,
53a39a5e2de449ccb192683b9df38fdf,684,40425,0,0,0,,0,0,0,,0,0,0,,0,0,0,0,
209aec95c4ac42339796a28ce4757393,683,6086,0,0,0,,0,0,0,,0,0,0,,0,0,0,0,
a92fe8f83bb3411eaae75ac82954ff16,682,8403,52,12,273,https://www.youtube.com/watch?v=cnvrBJgd7ZE,50,11,86,https://www.youtube.com/watch?v=45JEelPBT8s,273,32,273,https://www.youtube.com/watch?v=cnvrBJgd7ZE,0,0,0,0,
01fc7842da284adaad67d3774a4b2a6c,682,5038,54,12,116,https://www.youtube.com/watch?v=KjJ40ChaEnk,54,12,116,https://www.youtube.com/watch?v=KjJ40ChaEnk,0,0,0,,0,0,0,0,
b8ccfa7aec6a419ca8ad1a91d9fafdf6,681,0,0,0,0,,0,0,0,,0,0,0,,1568,108,65,108,https://www.twitch.tv/videos/2061701915
aebb6a94560d43fb9807229237897119,678,9434,0,0,0,,0,0,0,,0,0,0,,1974,90,75,444,https://www.twitch.tv/videos/2063159514
d792696470b54bd4947a59b10759a636,677,28100,66,31,90,https://www.youtube.com/watch?v=GeSSfk1aDg4,66,31,90,https://www.youtube.com/watch?v=GeSSfk1aDg4,0,0,0,,0,0,0,0,
0fbdfcc1b9cf41fdb840cf2f546d9324,677,5246,19,9,93,https://www.youtube.com/watch?v=fUG4cXVGrJ4,16,6,93,https://www.youtube.com/watch?v=fUG4cXVGrJ4,40,28,83,https://www.youtube.com/watch?v=EafkMxTxUdM,0,0,0,0,
2047c8ae25624470b90251b1fd9502d5,677,25634,95,60,95,https://www.youtube.com/watch?v=QteZlHp3prc,95,60,95,https://www.youtube.com/watch?v=QteZlHp3prc,0,0,0,,0,0,0,0,
ff1dd127b71b4c3597dcb53c47782994,676,21396,1144,110,3191,https://www.youtube.com/watch?v=7dYejghA0uc,0,0,0,,1144,110,3191,https://www.youtube.com/watch?v=7dYejghA0uc,3447,266,179,500,https://www.twitch.tv/videos/2059682712
179483442df04a16bbcb193ae5356feb,675,8269,0,0,0,,0,0,0,,0,0,0,,0,0,0,0,
2e925787fbf44ad2807e581ed98c7f53,673,12095,89,55,100,https://www.youtube.com/watch?v=w7qPxI682eY,89,55,100,https://www.youtube.com/watch?v=w7qPxI682eY,0,0,0,,219,193,159,284,https://www.twitch.tv/videos/2071124781
a2ee4a74f9ca40f5b6218de51736b9c8,672,30491,56,27,102,https://www.youtube.com/watch?v=oA-pGMdRLWA,56,27,102,https://www.youtube.com/watch?v=oA-pGMdRLWA,0,0,0,,0,0,0,0,
08268c9de16e423381e351aeef8f7ffb,671,15837,102,69,216,https://www.youtube.com/watch?v=RP7JMDyYCrc,102,69,216,https://www.youtube.com/watch?v=RP7JMDyYCrc,0,0,0,,0,0,0,0,
a0dbf7095446402ea77b11d8cced5a4b,670,16408,13,10,62,https://www.youtube.com/watch?v=0qzyY2wP3Rc,62,24,62,https://www.youtube.com/watch?v=0qzyY2wP3Rc,13,10,13,https://www.youtube.com/watch?v=E5t2elHRTH0,0,0,0,0,
5f413dce55614542940c58900ef1c82c,669,13424,77,14,77,https://www.youtube.com/watch?v=MbIn5tBgtiY,77,14,77,https://www.youtube.com/watch?v=MbIn5tBgtiY,0,0,0,,629,54,42,80,https://www.twitch.tv/videos/2067345910
a0467c81a3014fbf83029acffe5b1d3f,668,31943,0,0,0,,0,0,0,,0,0,0,,1114,85,63,130,https://www.twitch.tv/videos/2059547141
75a90497bfc2480f954c276b70f7b1c3,668,111006,91,79,758,https://www.youtube.com/watch?v=QHq9NTCkQjQ,758,696,758,https://www.youtube.com/watch?v=QHq9NTCkQjQ,88,62,753,https://www.youtube.com/watch?v=geiFoQQhk3Q,6527,254,135,807,https://www.twitch.tv/videos/2070316392
3f3abaed158f420e84f9d1d5f4492b1d,668,32904,46,18,145,https://www.youtube.com/watch?v=T6xGIMfM-OQ,46,18,145,https://www.youtube.com/watch?v=T6xGIMfM-OQ,0,0,0,,434,47,37,79,https://www.twitch.tv/videos/2059749432
139504fddc7f4168b2852e4ffc685794,668,21658,0,0,0,,0,0,0,,0,0,0,,0,0,0,0,
278f93ad57b14f01a71f1e89598ee503,668,5369,65,34,65,https://www.youtube.com/watch?v=reryWoH7F_A,65,34,65,https://www.youtube.com/watch?v=reryWoH7F_A,0,0,0,,0,0,0,0,
f45249f9d8094f9d85f6d02aec4af029,667,27042,57,16,10132,https://www.youtube.com/watch?v=0_0mmR9BKcw,40,14,57,https://www.youtube.com/watch?v=6k14WMhRctI,10132,3622,10132,https://www.youtube.com/watch?v=0_0mmR9BKcw,0,0,0,0,
4caaacdde06c4a0a9662e0d1e07114e0,667,8447,81,33,123,https://www.youtube.com/watch?v=RGTvQTkwc7U,81,33,123,https://www.youtube.com/watch?v=RGTvQTkwc7U,0,0,0,,0,0,0,0,
b93b5ffedc3f4310af888462d65e4082,665,21744,22,17,26,https://www.youtube.com/watch?v=i0lwCQ10VMo,22,17,26,https://www.youtube.com/watch?v=i0lwCQ10VMo,0,0,0,,82,9,7,17,https://www.twitch.tv/videos/2068609491
515f61904a1a45688ea0d7bc1e7d499e,664,142939,352,42,409,https://www.youtube.com/watch?v=RbBNoDRXo-s,0,0,0,,352,42,409,https://www.youtube.com/watch?v=RbBNoDRXo-s,6,0,0,0,
c344e1ecd1b54dceb0abd98e351177fa,662,16124,87,84,87,https://www.youtube.com/watch?v=p2bwbz49ycY,87,84,87,https://www.youtube.com/watch?v=p2bwbz49ycY,0,0,0,,0,0,0,0,
d8b0b4e36c614d328620461a295572a1,661,23937,78,34,251,https://www.youtube.com/watch?v=ZVPWI0w9uxg,83,33,251,https://www.youtube.com/watch?v=ZVPWI0w9uxg,54,34,54,https://www.youtube.com/watch?v=7YHeN90506Q,116,0,0,0,
bb775b8f85574398af290f5be009d40e,661,1218,0,0,0,,0,0,0,,0,0,0,,0,0,0,0,
fcf611e0ddc5474b9836eb8aa2fe1d24,660,47653,11,3,58,https://www.youtube.com/watch?v=7Q_cNqNSiPc,0,0,0,,11,3,58,https://www.youtube.com/watch?v=7Q_cNqNSiPc,0,0,0,0,
6c3eeb48b7764f11804ff8110d5d990b,660,60217,41,18,137,https://www.youtube.com/watch?v=FaCwsEx_aXo,41,20,80,https://www.youtube.com/watch?v=4fm3U9H3sqg,137,17,137,https://www.youtube.com/watch?v=FaCwsEx_aXo,0,0,0,0,
f513e865b8aa4afab938316563c4955f,659,28756,0,0,0,,0,0,0,,0,0,0,,464,0,0,0,
049cb6d09a3b4db49962aa5b8e468a3f,659,17384,196,81,583,https://www.youtube.com/watch?v=6ylXouX1VGQ,196,81,583,https://www.youtube.com/watch?v=6ylXouX1VGQ,0,0,0,,147,35,33,101,https://www.twitch.tv/videos/2072242162
183c98a5b67141469d956ff89efe35ec,659,11024,166,88,427,https://www.youtube.com/watch?v=Xst7K5MYv2c,135,45,166,https://www.youtube.com/watch?v=yqe1JVVI2u8,427,186,427,https://www.youtube.com/watch?v=Xst7K5MYv2c,0,0,0,0,
8c59e356f1564e068e1c81ac7de1a4e3,658,25065,74,32,86,https://www.youtube.com/watch?v=2gdixUY3Y9w,74,32,86,https://www.youtube.com/watch?v=2gdixUY3Y9w,0,0,0,,0,0,0,0,
6c5d547cdebf4daf813ac8b66c9fb873,658,11346,0,0,0,,0,0,0,,0,0,0,,0,0,0,0,
e888326df83d41f680960f24bb55c670,658,10972,65,52,87,https://www.youtube.com/watch?v=r1yvajL0HF8,65,52,87,https://www.youtube.com/watch?v=r1yvajL0HF8,0,0,0,,0,0,0,0,
376881e818cc47c2a045ca4cb8361380,657,29591,0,0,0,,0,0,0,,0,0,0,,159,111,86,221,https://www.twitch.tv/videos/2071100679
1b8f1c5c6e784ef4930d7e0f1dc35e4e,657,0,0,0,0,,0,0,0,,0,0,0,,0,0,0,0,
9b64082043fc451f9dd5edc793fa8605,656,8653,25,4,62,https://www.youtube.com/watch?v=8NXV7KmLx1o,0,0,0,,25,4,62,https://www.youtube.com/watch?v=8NXV7KmLx1o,0,0,0,0,
f220baaf52864d7eba4b39877bc2afd2,654,11390,0,0,0,,0,0,0,,0,0,0,,1146,0,0,0,
00de1290ff0a4edda4db0385a6ba3300,653,18278,0,0,0,,0,0,0,,0,0,0,,1434,147,120,235,https://www.twitch.tv/videos/2062379101
80ae039e7c3e4e90b6b3994ead599307,652,33839,87,29,91,https://www.youtube.com/watch?v=un7rV5Bq_yI,87,29,91,https://www.youtube.com/watch?v=un7rV5Bq_yI,0,0,0,,0,0,0,0,
4c12d4acc74d46e3b336d51c07523305,652,11726,139,65,740,https://www.youtube.com/watch?v=i7da8LnDHw4,163,74,740,https://www.youtube.com/watch?v=i7da8LnDHw4,64,40,133,https://www.youtube.com/watch?v=cQg1HkxqgiM,0,0,0,0,
506d9c6fdbd34c8aa5fda64d90d96ac2,650,40636,65,38,67,https://www.youtube.com/watch?v=49a1krf2X0I,65,38,67,https://www.youtube.com/watch?v=49a1krf2X0I,0,0,0,,0,0,0,0,
77f4700c452c4200a4e62effa2884b4a,648,22992,25,21,65,https://www.youtube.com/watch?v=JEaqN75tBmo,25,21,65,https://www.youtube.com/watch?v=JEaqN75tBmo,0,0,0,,706,0,0,0,
8bd1aad0ee834101b6042c08495a31be,644,14619,70,28,75,https://www.youtube.com/watch?v=T2oaWahm554,70,28,75,https://www.youtube.com/watch?v=T2oaWahm554,0,0,0,,197,51,37,51,https://www.twitch.tv/videos/2065339101
75efe1c591fa4cba93c4938c58cfed27,644,0,0,0,0,,0,0,0,,0,0,0,,0,0,0,0,
1ee3a662da8a439887a931727cb07317,644,69869,58,40,95,https://www.youtube.com/watch?v=T_bzU6sFY4k,58,40,95,https://www.youtube.com/watch?v=T_bzU6sFY4k,0,0,0,,0,0,0,0,
7aeffe1ba0c443d5aa4721247b801593,644,50892,113,58,319,https://www.youtube.com/watch?v=n9gfLFhj3FU,94,49,217,https://www.youtube.com/watch?v=wCYiIKnI67A,233,82,319,https://www.youtube.com/watch?v=n9gfLFhj3FU,0,0,0,0,
33d7e63ca02941ea86df9a57a8036f12,643,33340,0,0,0,,0,0,0,,0,0,0,,0,0,0,0,
d33940525b7f4b9db9ce85e08b4c175e,642,19138,1653,723,2060,https://www.youtube.com/watch?v=aaC7hUmC6Kg,2060,723,2060,https://www.youtube.com/watch?v=aaC7hUmC6Kg,1040,476,1653,https://www.youtube.com/watch?v=jpRKk6nobiM,5757,0,0,0,
0a000a22ebd84abf860bcd5ef0a5ed60,642,16163,13,3,38,https://www.youtube.com/watch?v=YibPGc-EaL4,0,0,0,,13,3,38,https://www.youtube.com/watch?v=YibPGc-EaL4,1596,0,0,0,
45baafce0f294208a063a496814b7986,642,25385,57,21,97,https://www.youtube.com/watch?v=Sv4OZeu7Y-g,52,16,97,https://www.youtube.com/watch?v=Sv4OZeu7Y-g,93,65,93,https://www.youtube.com/watch?v=8d_AAfbeQq4,0,0,0,0,
8729a18bfb7848d880a59da20b281640,641,2039,0,0,0,,0,0,0,,0,0,0,,591,0,0,0,
c7344bac508b46f2a20c4bb6861f33ab,641,4423,0,0,0,,0,0,0,,0,0,0,,0,0,0,0,
2131a63328214b7f9a1022dae6890d66,640,20900,101,33,144,https://www.youtube.com/watch?v=4V-YwHbmSIk,104,30,144,https://www.youtube.com/watch?v=4V-YwHbmSIk,70,54,70,https://www.youtube.com/watch?v=FtfrvQqUS9U,277,0,0,0,
960c19dbf65f4b7fa27439d1ede2af21,640,22210,0,0,0,,0,0,0,,0,0,0,,0,0,0,0,
4077520d348749e49598cd5fa1058b6a,638,42489,11,4,52,https://www.youtube.com/watch?v=MruXsj6g2oE,11,4,52,https://www.youtube.com/watch?v=MruXsj6g2oE,45,22,45,https://www.youtube.com/watch?v=gJlUkcHMLvI,202,0,0,0,
a1d00cd951ed45afb01e1668dfae6592,636,7775,0,0,0,,0,0,0,,0,0,0,,0,0,0,0,
00a208caab334f6daf286ebb92cfd9da,636,8317,71,39,254,https://www.youtube.com/watch?v=cAAlLFddDAc,92,72,254,https://www.youtube.com/watch?v=cAAlLFddDAc,25,3,124,https://www.youtube.com/watch?v=um2rdhT39gE,311,0,0,0,
4d4410bdde7d4107809dc6e1e2ce0e0e,635,17868,133,97,209,https://www.youtube.com/watch?v=4GQEjQLsYkw,209,136,209,https://www.youtube.com/watch?v=4GQEjQLsYkw,116,61,133,https://www.youtube.com/watch?v=e4DTIsW0ycg,0,0,0,0,
f5260b1a196a43f8b4aff1cc742a67f4,634,1603,0,0,0,,0,0,0,,0,0,0,,0,0,0,0,
8e858eb26f3b4ca2beab2baccc887893,632,13319,0,0,0,,0,0,0,,0,0,0,,1897,255,158,828,https://www.twitch.tv/videos/2059532271
677a773535814b5fa2d557da2f80bb89,629,13828,17,1,18,https://www.youtube.com/watch?v=MGEoqkjl5js,17,1,18,https://www.youtube.com/watch?v=MGEoqkjl5js,0,0,0,,373,0,0,0,
66d986eaa59347b0b18c5ed103cb173e,629,27721,18,9,43,https://www.youtube.com/watch?v=eEd3TZkQStI,18,9,43,https://www.youtube.com/watch?v=eEd3TZkQStI,0,0,0,,0,0,0,0,
13992a4fb59649ada3a2adf027b5b35a,629,29993,69,37,767,https://www.youtube.com/watch?v=Bt9j084_tSg,66,32,140,https://www.youtube.com/watch?v=eW91UOBlZW8,114,109,767,https://www.youtube.com/watch?v=Bt9j084_tSg,3682,45,35,59,https://www.twitch.tv/videos/2062505782
19cd90980abe4f038f8f226f4f1bcabb,629,22259,9,8,176,https://www.youtube.com/watch?v=oZo4IWsYTPw,176,152,176,https://www.youtube.com/watch?v=oZo4IWsYTPw,9,7,43,https://www.youtube.com/watch?v=vaqFc8RT0as,316,0,0,0,
3034b51ec8ad439fa7033773a72a5c4a,628,9993,13,4,42,https://www.youtube.com/watch?v=EWjdaks87rU,0,0,0,,13,4,42,https://www.youtube.com/watch?v=EWjdaks87rU,2638,303,192,448,https://www.twitch.tv/videos/2062248690
aef2ed42d49343f28394b6335695b5ac,627,38938,3,0,16,https://www.youtube.com/watch?v=l89rqKZ9log,0,0,0,,3,0,16,https://www.youtube.com/watch?v=l89rqKZ9log,2706,201,128,447,https://www.twitch.tv/videos/2070097513
44332b31031149f5bd411f415cbb531e,626,16794,62,41,1943,https://www.youtube.com/watch?v=dyfP__JEKZA,62,41,1943,https://www.youtube.com/watch?v=dyfP__JEKZA,0,0,0,,226,47,40,50,https://www.twitch.tv/videos/2066315018
e55e67f2f7f64a6da7ae604df1652f5e,626,219266,22,17,1683,https://www.youtube.com/watch?v=_7bjrqJ1eRw,0,0,0,,22,17,1683,https://www.youtube.com/watch?v=_7bjrqJ1eRw,0,0,0,0,
0800162a149e420ea0386c9506e710b7,625,26339,56,28,80,https://www.youtube.com/watch?v=va9u7swtbdU,80,55,80,https://www.youtube.com/watch?v=va9u7swtbdU,32,1,32,https://www.youtube.com/watch?v=U7pRUCTKE3o,0,0,0,0,
e4a78a4115b7463eb3e42f1cbbd59aa0,623,34127,28,11,68,https://www.youtube.com/watch?v=u1PCw63xT70,32,15,68,https://www.youtube.com/watch?v=u1PCw63xT70,12,4,12,https://www.youtube.com/watch?v=WNk8GBMC8KQ,0,0,0,0,
f5a37da60cb74069a7dc13867404521f,622,33348,0,0,0,,0,0,0,,0,0,0,,0,0,0,0,
7441319fa18e4556a8ee9ef4e6396ee0,622,43519,11,6,44,https://www.youtube.com/watch?v=HWmCZ_34Bbw,18,11,44,https://www.youtube.com/watch?v=HWmCZ_34Bbw,7,2,29,https://www.youtube.com/watch?v=r_hKZEEttPk,0,0,0,0,
27f5926236d04e34a08fdb7ab83940bc,622,14011,126,50,165,https://www.youtube.com/watch?v=94cGquyvHBs,126,50,165,https://www.youtube.com/watch?v=94cGquyvHBs,0,0,0,,0,0,0,0,
15ec206bfc374aaaa594bc12e9887a69,622,6209,0,0,0,,0,0,0,,0,0,0,,934,146,128,193,https://www.twitch.tv/videos/2072793881
19ccc34670ad4ea6b4d8bc5aaafdf876,620,12446,0,0,0,,0,0,0,,0,0,0,,0,0,0,0,
5f8e197a06bc453e8d9e0a1c6cb92f1c,619,18359,11,3,178,https://www.youtube.com/watch?v=456SaCBCBrg,0,0,0,,11,3,178,https://www.youtube.com/watch?v=456SaCBCBrg,1334,197,169,585,https://www.twitch.tv/videos/2064200166
0f11420beab0442eae0208ac63d4474c,618,9429,42,3,58,https://www.youtube.com/watch?v=TCgksvnqtE0,42,3,58,https://www.youtube.com/watch?v=TCgksvnqtE0,0,0,0,,0,0,0,0,
f7c5ff874d1d4528a36c0a54d27017a3,617,44281,24,10,110,https://www.youtube.com/watch?v=pVLA50rKgcI,24,10,110,https://www.youtube.com/watch?v=pVLA50rKgcI,0,0,0,,0,0,0,0,
d81baabd1eed4717ad9910f97420d0b8,617,19197,0,0,0,,0,0,0,,0,0,0,,0,0,0,0,
d15b3fadead04e7399faaeb47fdf37f9,613,24054,127,55,127,https://www.youtube.com/watch?v=B_AhsLtfs3c,0,0,0,,127,55,127,https://www.youtube.com/watch?v=B_AhsLtfs3c,0,0,0,0,
d7b96c6024ce479f9b8f8c0a5439c9af,612,7626,152,54,901,https://www.youtube.com/watch?v=I0aEzoMJp1o,0,0,0,,152,54,901,https://www.youtube.com/watch?v=I0aEzoMJp1o,1776,106,91,198,https://www.twitch.tv/videos/2068360515
1f9790fcccf04b5b871fea65e7f59e30,612,26550,160,102,260,https://www.youtube.com/watch?v=tUMC4xymsIg,0,0,0,,160,102,260,https://www.youtube.com/watch?v=tUMC4xymsIg,0,0,0,0,
75e0561f549f4775b90601a9d308340a,611,35041,78,27,136,https://www.youtube.com/watch?v=cfQbiS6zb98,78,27,136,https://www.youtube.com/watch?v=cfQbiS6zb98,0,0,0,,0,0,0,0,
9b424d3a99ef4fc3b17bc7fef92fefd3,610,3895,34,22,67,https://www.youtube.com/watch?v=we9EOc1EX88,34,22,67,https://www.youtube.com/watch?v=we9EOc1EX88,0,0,0,,350,0,0,0,
75f110ca5e9a4b7db3c57912baf5ca27,609,63621,922,918,108889,https://www.youtube.com/watch?v=D652R9taEaw,922,918,922,https://www.youtube.com/watch?v=dWZQn0yG7n0,54558,45455,108889,https://www.youtube.com/watch?v=D652R9taEaw,0,0,0,0,
d3a8aafb4fdf4bbe9e6205126d717631,609,22696,0,0,0,,0,0,0,,0,0,0,,0,0,0,0,
0737e12eaffb420ca4a5b43b0786e69a,608,21033,0,0,0,,0,0,0,,0,0,0,,0,0,0,0,
3e079110e939428085c1f1040ec756f9,608,8355,0,0,0,,0,0,0,,0,0,0,,0,0,0,0,
d564ef4ee383435787e18dee18247631,607,21660,89,39,182,https://www.youtube.com/watch?v=g7GXCZ1mewE,87,37,160,https://www.youtube.com/watch?v=FEWrRgJWnV8,159,51,182,https://www.youtube.com/watch?v=g7GXCZ1mewE,209,30,21,82,https://www.twitch.tv/videos/2072294274
e07cd7e29645414481d441fcfd4fd456,606,22916,16,7,42,https://www.youtube.com/watch?v=eawRG2bF1FU,0,0,0,,16,7,42,https://www.youtube.com/watch?v=eawRG2bF1FU,0,0,0,0,
49c4f54141434226960845b2a46c432b,605,24692,47,17,157,https://www.youtube.com/watch?v=RAKX2QBC-Hg,47,17,157,https://www.youtube.com/watch?v=RAKX2QBC-Hg,0,0,0,,0,0,0,0,
bf195265fa5944d894dc53baf7143645,605,20024,68,14,151,https://www.youtube.com/watch?v=LcS0E6oYBrc,77,16,151,https://www.youtube.com/watch?v=LcS0E6oYBrc,54,10,54,https://www.youtube.com/watch?v=qaZNUocxmVw,0,0,0,0,
6fa5098cd1c644c5871a47a7e56803dc,604,10902,465,177,896,https://www.youtube.com/watch?v=bLnvy4Nb_Yo,465,177,896,https://www.youtube.com/watch?v=bLnvy4Nb_Yo,0,0,0,,0,0,0,0,
bc7d14416ba24cc8819f0753e1f595f5,602,14177,106,28,136,https://www.youtube.com/watch?v=dkDfbjvq_OI,106,28,136,https://www.youtube.com/watch?v=dkDfbjvq_OI,0,0,0,,0,0,0,0,
169c2f21a36649dea2b55c105fd6f337,601,27026,30,29,30,https://www.youtube.com/watch?v=AINyXSw9gzI,30,29,30,https://www.youtube.com/watch?v=AINyXSw9gzI,0,0,0,,266,0,0,0,
74c75f221fbb4cffa67de26881bae17d,601,31766,180,48,331,https://www.youtube.com/watch?v=8FTS80nbER4,180,24,331,https://www.youtube.com/watch?v=8FTS80nbER4,150,136,205,https://www.youtube.com/watch?v=ud6IkJx5QIE,0,0,0,0,
e18809f0a5d8461e81607dc3b3d492c5,600,7646,0,0,0,,0,0,0,,0,0,0,,0,0,0,0,
647a4992105c4f18b92239156e0064fb,598,10027,101,37,1869,https://www.youtube.com/watch?v=u8zpThHk-24,73,28,115,https://www.youtube.com/watch?v=FbHNDuk1yD8,579,258,1869,https://www.youtube.com/watch?v=u8zpThHk-24,136,33,25,55,https://www.twitch.tv/videos/2060608172
0d080db8809848e2ba918799b2f7885b,596,25193,51,28,98,https://www.youtube.com/watch?v=p0pMJdDPKvY,51,28,98,https://www.youtube.com/watch?v=p0pMJdDPKvY,0,0,0,,0,0,0,0,
cd90274cae394fa7be47a5535b563882,596,0,0,0,0,,0,0,0,,0,0,0,,0,0,0,0,
a59b5e9b4b3f423faa754bb0c1c5e9f7,596,19028,0,0,0,,0,0,0,,0,0,0,,12,0,0,0,
683db9d9b58f4dd883966c82581a7b60,595,18247,51,19,89,https://www.youtube.com/watch?v=UXrdeD3_tuk,51,19,89,https://www.youtube.com/watch?v=UXrdeD3_tuk,0,0,0,,0,0,0,0,
cf38ee666e104dce949c195f5ac58da2,595,167351,51,24,2473,https://www.youtube.com/watch?v=k75C8ytnNgg,49,19,143,https://www.youtube.com/watch?v=k5j-O3ZL1JE,82,28,2473,https://www.youtube.com/watch?v=k75C8ytnNgg,0,0,0,0,
7342482fda6d40f98e078505a24825d4,594,28278,76,39,285,https://www.youtube.com/watch?v=MMJ2lza_VFU,66,25,146,https://www.youtube.com/watch?v=HAqOuXVFIuk,285,134,285,https://www.youtube.com/watch?v=MMJ2lza_VFU,0,0,0,0,
41cb0d8b18a94a06ba490858e66e9991,594,8997,8,6,20,https://www.youtube.com/watch?v=WIm1ySh5D88,0,0,0,,8,6,20,https://www.youtube.com/watch?v=WIm1ySh5D88,799,60,45,83,https://www.twitch.tv/videos/2069226483
c506f1ab266f47e2be683220533a4790,594,22834,0,0,0,,0,0,0,,0,0,0,,0,0,0,0,
bee7e3be201d4df089b9d73d384b75c5,594,815,0,0,0,,0,0,0,,0,0,0,,0,0,0,0,
6c3a22611ac24eb19cec3bd7c78a8705,592,157644,50,30,177,https://www.youtube.com/watch?v=im6txXNwilg,50,30,177,https://www.youtube.com/watch?v=im6txXNwilg,0,0,0,,0,0,0,0,
df6e2520044744f0957a83db74b386bb,590,15191,0,0,0,,0,0,0,,0,0,0,,0,0,0,0,
395eade6d67445e1831010cac52ab444,588,8227,83,45,152,https://www.youtube.com/watch?v=DaIbW78-moo,81,45,152,https://www.youtube.com/watch?v=DaIbW78-moo,116,33,116,https://www.youtube.com/watch?v=_M7QY-VvtZE,511,112,81,222,https://www.twitch.tv/videos/2064452498
fe70a0055df1453a82bea6582d3072fa,587,22801,70,29,135,https://www.youtube.com/watch?v=1Bg30LhEVLA,70,29,135,https://www.youtube.com/watch?v=1Bg30LhEVLA,0,0,0,,0,0,0,0,
e6289383cf754a77bfae7574b4e198e0,586,1064,177,110,243,https://www.youtube.com/watch?v=DsNryS3z_dM,0,0,0,,177,110,243,https://www.youtube.com/watch?v=DsNryS3z_dM,0,0,0,0,
7af8f321e84542dc9ccda160152fbf0b,584,19417,128,33,346,https://www.youtube.com/watch?v=99k3EuqwCko,128,33,346,https://www.youtube.com/watch?v=99k3EuqwCko,0,0,0,,0,0,0,0,
7531ceacd52e43b4a29ba4dc18a3f56c,582,20113,52,29,454,https://www.youtube.com/watch?v=56ZVSPCvTkg,0,0,0,,52,29,454,https://www.youtube.com/watch?v=56ZVSPCvTkg,1258,353,205,1302,https://www.twitch.tv/videos/2052687758
6159040406fc4e6cb73dbf9734717703,582,70747,0,0,0,,0,0,0,,0,0,0,,2094,167,47,388,https://www.twitch.tv/videos/2059762347
5f5bc23799fd4376b594972a3fd36587,582,12877,0,0,0,,0,0,0,,0,0,0,,34,0,0,0,
3f74c9c84fac427ea0e3d147c6027e82,580,8312,15,9,40,https://www.youtube.com/watch?v=r0uV0mus9Ac,15,9,40,https://www.youtube.com/watch?v=r0uV0mus9Ac,0,0,0,,0,0,0,0,
82d775c8bb1740c0a6db1037d3bf5fe0,580,13276,61,33,63,https://www.youtube.com/watch?v=4fRCeo34rRQ,61,33,63,https://www.youtube.com/watch?v=4fRCeo34rRQ,0,0,0,,0,0,0,0,
9760ffdb528f40a7bd010589f2ce06c4,578,24810,24,6,90,https://www.youtube.com/watch?v=TIxLY2orPPc,0,0,0,,24,6,90,https://www.youtube.com/watch?v=TIxLY2orPPc,614,72,45,76,https://www.twitch.tv/videos/2061492421
f461b26ba47b4e37a90d2ca4fa5fa329,578,14705,161,71,307,https://www.youtube.com/watch?v=gOUWdXAh2d4,161,71,307,https://www.youtube.com/watch?v=gOUWdXAh2d4,0,0,0,,0,0,0,0,
f36c774fbf4847e1afdf66a1e4806ea3,578,12204,352,89,608,https://www.youtube.com/watch?v=UdUjBZCf6nU,0,0,0,,352,89,608,https://www.youtube.com/watch?v=UdUjBZCf6nU,779,318,233,1041,https://www.twitch.tv/videos/2062492263
7342e2aefa41449880565dfd15a35cad,578,16064,71,28,83,https://www.youtube.com/watch?v=jCTAUxFHQo0,71,28,83,https://www.youtube.com/watch?v=jCTAUxFHQo0,0,0,0,,0,0,0,0,
968f0b8c521942d6939234c70f49747a,577,9153,82,33,92,https://www.youtube.com/watch?v=Vxd7GvTF8i8,82,33,92,https://www.youtube.com/watch?v=Vxd7GvTF8i8,0,0,0,,1599,0,0,0,
e50da8792cd94b009eaa8dd4be738d59,577,10721,0,0,0,,0,0,0,,0,0,0,,783,86,70,242,https://www.twitch.tv/videos/2061823259
adb7f358e8134f30ac0919a74c9d171b,576,12167,0,0,0,,0,0,0,,0,0,0,,1444,219,178,673,https://www.twitch.tv/videos/2059745621
1fdc000815cc476dbc9d19aa431305b5,575,7135,129,44,751,https://www.youtube.com/watch?v=QVfg-OAV9jE,138,78,260,https://www.youtube.com/watch?v=VprIDAAvqQM,114,36,751,https://www.youtube.com/watch?v=QVfg-OAV9jE,0,0,0,0,
f5493e350f514aae860e4fbc529adf4c,573,2877,0,0,0,,0,0,0,,0,0,0,,0,0,0,0,
b3fb28fe6a0e4fcfb8014e7a4070ca09,571,31369,77,58,92,https://www.youtube.com/watch?v=uNmcNCRQ8io,77,58,92,https://www.youtube.com/watch?v=uNmcNCRQ8io,0,0,0,,0,0,0,0,
c4ad3b6c4fe94f9a8142895fd869dfb9,570,3845,0,0,0,,0,0,0,,0,0,0,,1576,0,0,0,
d50700c1329b485f8ba3831dfad094be,570,20577,8,7,8,https://www.youtube.com/watch?v=h3PFJYSFdY4,0,0,0,,8,7,8,https://www.youtube.com/watch?v=h3PFJYSFdY4,63,0,0,0,
31073a45106c442cbe11fd4368e162fe,569,13838,0,0,0,,0,0,0,,0,0,0,,1870,181,75,281,https://www.twitch.tv/videos/2063325747
3c25eacbe340484cb36fc0920546d756,569,3259,0,0,0,,0,0,0,,0,0,0,,161,0,0,0,
d59c12b12b964a498ee7c29574171ade,569,2859,0,0,0,,0,0,0,,0,0,0,,1050,0,0,0,
aba9c942b0d2418b8db52e37fcd54dea,569,12740,0,0,0,,0,0,0,,0,0,0,,0,0,0,0,
c2362f5ca48445a89fd081c4b2bc74d4,569,14115,56,32,416,https://www.youtube.com/watch?v=S0yI13xlC94,54,26,86,https://www.youtube.com/watch?v=UVH61VTnueI,416,42,416,https://www.youtube.com/watch?v=S0yI13xlC94,102,0,0,0,
5964947a5624455cba648007ec04a0b9,568,9589,55,51,217,https://www.youtube.com/watch?v=sd_jPl1MKZ4,48,43,55,https://www.youtube.com/watch?v=wRQmVxQs9zc,217,209,217,https://www.youtube.com/watch?v=sd_jPl1MKZ4,0,0,0,0,
5e931b583dfe4fdc98d10e4dceaf2c93,568,20659,16,15,45,https://www.youtube.com/watch?v=-cH6mzwAg-Y,0,0,0,,16,15,45,https://www.youtube.com/watch?v=-cH6mzwAg-Y,997,138,125,288,https://www.twitch.tv/videos/2063400543
cf3f6ac6a22446ce912bbdc59c9f64ae,566,36562,46,19,3188,https://www.youtube.com/watch?v=8-mEbnqimuE,38,14,116,https://www.youtube.com/watch?v=UwOk8_eGwgE,2456,380,3188,https://www.youtube.com/watch?v=8-mEbnqimuE,290,93,77,93,https://www.twitch.tv/videos/2068387508
aabaf7767fa5449b86f58160496d0d4c,566,24630,77,34,153,https://www.youtube.com/watch?v=3PENS8F9Row,77,34,153,https://www.youtube.com/watch?v=3PENS8F9Row,0,0,0,,0,0,0,0,
490d50310ffe4de4aac9c6368b49a0aa,566,12063,25,10,37,https://www.youtube.com/watch?v=EnqhCdJIcS0,0,0,0,,25,10,37,https://www.youtube.com/watch?v=EnqhCdJIcS0,0,0,0,0,
01bebf0363a94b16b2313053c90a1c8a,566,12811,164,87,2405,https://www.youtube.com/watch?v=UsVMzj_3yMc,128,72,600,https://www.youtube.com/watch?v=O6vpFvjx1_k,1360,1060,2405,https://www.youtube.com/watch?v=UsVMzj_3yMc,323,42,41,42,https://www.twitch.tv/videos/2072939121
948c874aac8c4c7fa088b380e79b2154,564,16832,73,71,81,https://www.youtube.com/watch?v=SEv4adLbVZE,81,80,81,https://www.youtube.com/watch?v=SEv4adLbVZE,65,62,65,https://www.youtube.com/watch?v=I9ABUclvSgQ,0,0,0,0,
a2f9fd3568f3467aa35e411dbde1ab45,564,17151,180,49,269,https://www.youtube.com/watch?v=V90WzZSC9eU,0,0,0,,180,49,269,https://www.youtube.com/watch?v=V90WzZSC9eU,0,0,0,0,
d035333252764e9e8376858cde0b3bca,563,22333,15,5,43,https://www.youtube.com/watch?v=vt_5ZC3TD4w,26,8,43,https://www.youtube.com/watch?v=vt_5ZC3TD4w,10,5,18,https://www.youtube.com/watch?v=c-5qSofCKaE,685,31,25,48,https://www.twitch.tv/videos/2070267230
b5e6939c87f34003b2faf4bb3a72ca14,562,11059,104,19,350,https://www.youtube.com/watch?v=40LPAvwSjEE,104,19,350,https://www.youtube.com/watch?v=40LPAvwSjEE,0,0,0,,0,0,0,0,
5cfc673e9de1433096a85e9236895c79,561,15280,0,0,0,,0,0,0,,0,0,0,,0,0,0,0,
20897307019d49adb4869274427efeb6,561,0,0,0,0,,0,0,0,,0,0,0,,0,0,0,0,
e28e3e0d6eeb41fd836c199f4007b4df,561,5117,70,60,120,https://www.youtube.com/watch?v=HlpeWBmjJlc,65,52,120,https://www.youtube.com/watch?v=HlpeWBmjJlc,75,69,76,https://www.youtube.com/watch?v=QvJkbJSkeo0,2591,175,116,959,https://www.twitch.tv/videos/2064355976
defbc693cb874182807b768593439616,560,17181,1507,411,1507,https://www.youtube.com/watch?v=2pUsTx0hgrs,0,0,0,,1507,411,1507,https://www.youtube.com/watch?v=2pUsTx0hgrs,1219,159,153,159,https://www.twitch.tv/videos/2072210008
8881d23b0a3c426590c8a2509e363ec1,560,78263,198,125,6483,https://www.youtube.com/watch?v=Gv3jhSV_Kt8,37,18,37,https://www.youtube.com/watch?v=NGGJEUxcVao,458,137,6483,https://www.youtube.com/watch?v=Gv3jhSV_Kt8,938,147,100,224,https://www.twitch.tv/videos/2063376256
6b43c568bdf044e4a4ae0bae0cb9fff2,557,14816,121,76,448,https://www.youtube.com/watch?v=FuLjuMxco6Q,129,71,216,https://www.youtube.com/watch?v=X-gD-S4V2c8,97,82,448,https://www.youtube.com/watch?v=FuLjuMxco6Q,0,0,0,0,
fc6a8de6e0e14e05a11b1d35dfce1d71,556,28930,276,15,514,https://www.youtube.com/watch?v=t97pDh82Gk0,38,11,38,https://www.youtube.com/watch?v=o3tehmds_xQ,514,18,514,https://www.youtube.com/watch?v=t97pDh82Gk0,0,0,0,0,
2ea398a50afd48c3a9e3a819186a4375,556,4600,184,85,460,https://www.youtube.com/watch?v=mWmULzMNcRM,194,70,460,https://www.youtube.com/watch?v=mWmULzMNcRM,146,101,146,https://www.youtube.com/watch?v=rKNuKZ6lr3c,98,0,0,0,
572256c2d1774c4fa8f4543eebb2fed0,555,26209,0,0,0,,0,0,0,,0,0,0,,0,0,0,0,
2bb77726114545919cfdd3a66bc359de,555,10794,0,0,0,,0,0,0,,0,0,0,,0,0,0,0,
d7963784d96543e28a290361d38efe30,553,43514,3544,3412,38692,https://www.youtube.com/watch?v=KM0GsvrCqSk,793,763,793,https://www.youtube.com/watch?v=n2zbWlVyKO4,6295,6061,38692,https://www.youtube.com/watch?v=KM0GsvrCqSk,25,0,0,0,
f1af649939f441ef83a72bac4dc974e3,551,16078,0,0,0,,0,0,0,,0,0,0,,0,0,0,0,
e9fa90c6824c47abbfd114e9cd9b4125,549,17362,49,9,69,https://www.youtube.com/watch?v=a-XmGbZ6_jk,49,9,69,https://www.youtube.com/watch?v=a-XmGbZ6_jk,0,0,0,,0,0,0,0,
684b648e422749e28b15aa79e69b89ad,548,23775,58,23,60,https://www.youtube.com/watch?v=wpFBltnpL8g,58,23,60,https://www.youtube.com/watch?v=wpFBltnpL8g,0,0,0,,0,0,0,0,
8f4142c5ead94656b4744b425d800fb8,547,61199,8,0,36,https://www.youtube.com/watch?v=v1hOY2ffsQc,8,0,36,https://www.youtube.com/watch?v=v1hOY2ffsQc,0,0,0,,0,0,0,0,
76fa8c4a5bbd4076add6ce8fcb185930,546,3760,90,81,207,https://www.youtube.com/watch?v=KBdqPDY0QPI,90,81,207,https://www.youtube.com/watch?v=KBdqPDY0QPI,0,0,0,,0,0,0,0,
318268a48a3c47b7a56609c204d02b03,545,2480,0,0,0,,0,0,0,,0,0,0,,0,0,0,0,
05434bb7cec84c04baa9a81aaf7373d0,545,16761,0,0,0,,0,0,0,,0,0,0,,0,0,0,0,
c6286d22a9344325bb1609918d442b93,544,30473,46,39,264,https://www.youtube.com/watch?v=UFCOgro4cwE,32,31,46,https://www.youtube.com/watch?v=F7F0T4tUnCo,188,161,264,https://www.youtube.com/watch?v=UFCOgro4cwE,64,0,0,0,
9d7ed986f4814efa83488c733d773bb6,543,53597,0,0,0,,0,0,0,,0,0,0,,0,0,0,0,
220353f9b2634c84953cc7d243fbc6a0,542,35081,31,16,101,https://www.youtube.com/watch?v=BBoTp1-zMTU,31,16,101,https://www.youtube.com/watch?v=BBoTp1-zMTU,0,0,0,,0,0,0,0,
dec8ff1f1ef243ccb8fa65edb7a813bd,542,5119,65,47,161,https://www.youtube.com/watch?v=DEi60nC53PI,81,49,97,https://www.youtube.com/watch?v=_ZN8-EAeQCg,13,9,161,https://www.youtube.com/watch?v=DEi60nC53PI,332,0,0,0,
7e8a980a0df847dca63486f95fd619de,542,12330,0,0,0,,0,0,0,,0,0,0,,905,232,153,232,https://www.twitch.tv/videos/2063299272
7bf1f37dccbe4c72860c81a2772b91e1,541,184057,54,37,66,https://www.youtube.com/watch?v=jrH0QxdLYtw,45,24,61,https://www.youtube.com/watch?v=PPvrfrwMXdI,56,45,66,https://www.youtube.com/watch?v=jrH0QxdLYtw,38,0,0,0,
2dc0dcb6a02e41b1b37c55639a898a68,541,24186,46,19,59,https://www.youtube.com/watch?v=W2IESYQLVWI,46,19,59,https://www.youtube.com/watch?v=W2IESYQLVWI,0,0,0,,0,0,0,0,
182c265206924dccb716fc21b37486b0,540,8715,0,0,0,,0,0,0,,0,0,0,,0,0,0,0,
2c83b5b4c0644e9d94c4221ba9543cc5,540,9322,0,0,0,,0,0,0,,0,0,0,,240,0,0,0,
ffe6a7983e434702a68fe18c169e3164,539,4287,238,91,273,https://www.youtube.com/watch?v=UhxMQy-K4DQ,238,91,273,https://www.youtube.com/watch?v=UhxMQy-K4DQ,0,0,0,,76,0,0,0,
497385ad229548cdb0c80d89b70d050f,539,23866,151,73,2430,https://www.youtube.com/watch?v=wpLdFWIbFVk,130,72,216,https://www.youtube.com/watch?v=QnoayiOYjxc,327,105,2430,https://www.youtube.com/watch?v=wpLdFWIbFVk,0,0,0,0,
ffdc53dc3c764656a2f76031ee262b60,538,6970,0,0,0,,0,0,0,,0,0,0,,226,4,3,4,https://www.twitch.tv/videos/2073122819
d9cc0ae8d8d74a9092b760cceb412f56,537,13274,0,0,0,,0,0,0,,0,0,0,,0,0,0,0,
521477be11a44c43b063b394757b2342,537,31339,55,28,130,https://www.youtube.com/watch?v=Jrxx7thyNT0,54,28,111,https://www.youtube.com/watch?v=swbryxR4neA,111,40,130,https://www.youtube.com/watch?v=Jrxx7thyNT0,0,0,0,0,
71cb4ba2455f4b7ca91945b5104d5686,536,19768,0,0,0,,0,0,0,,0,0,0,,0,0,0,0,
0a067d81cfe24b39b770b67ad89b61a7,533,0,0,0,0,,0,0,0,,0,0,0,,0,0,0,0,
8460a099a32044a5aa602f780dec94f2,532,90,0,0,0,,0,0,0,,0,0,0,,6,0,0,0,
5bbd1c2531594775a4b74928e630dd59,532,35299,0,0,0,,0,0,0,,0,0,0,,2443,154,119,421,https://www.twitch.tv/videos/2061112278
c79b5a5a5c8b4d8f917afdfc16c01961,531,11565,0,0,0,,0,0,0,,0,0,0,,2184,0,0,0,
eeb6c761ff6040e1997e529eb1692d5e,531,17556,0,0,0,,0,0,0,,0,0,0,,0,0,0,0,
3daee44c0bab401386813cff327a10a2,527,53243,0,0,0,,0,0,0,,0,0,0,,0,0,0,0,
a0f657e0538e4269af88094fa1c3dacb,526,4541,275,228,1468,https://www.youtube.com/watch?v=7NUFVSmzizw,238,202,1468,https://www.youtube.com/watch?v=7NUFVSmzizw,317,267,604,https://www.youtube.com/watch?v=3Z_-m_yMCpM,0,0,0,0,
7653119a278b4ea59d2af5e2ba7d30e0,524,7377,101,31,179,https://www.youtube.com/watch?v=vapvyrFhMoY,141,86,179,https://www.youtube.com/watch?v=vapvyrFhMoY,92,13,107,https://www.youtube.com/watch?v=F8Lp9NXE3MU,0,0,0,0,
2d95e2e1191046b1bb35697b37bda595,523,46897,49,24,52,https://www.youtube.com/watch?v=DQ-KAU3ZXrk,49,24,52,https://www.youtube.com/watch?v=DQ-KAU3ZXrk,0,0,0,,0,0,0,0,
3dd8c72cab6d494dbd6fbf0a0e3dc41a,523,17088,145,85,2498,https://www.youtube.com/watch?v=3XLlvoje5PY,132,71,1514,https://www.youtube.com/watch?v=skprRZU3Dvg,343,90,2498,https://www.youtube.com/watch?v=3XLlvoje5PY,42,20,16,105,https://www.twitch.tv/videos/2066106611
0aa8c41f04bf4f12b9a8281353ea448a,522,14052,0,0,0,,0,0,0,,0,0,0,,3903,995,964,995,https://www.twitch.tv/videos/2072303129
91f5b04be2e74f64b03e0774cc275748,521,20099,0,0,0,,0,0,0,,0,0,0,,0,0,0,0,
504678b9fa2f4506879ba42b27a13dff,521,14554,92,47,441,https://www.youtube.com/watch?v=NmNWInQkOAs,91,47,308,https://www.youtube.com/watch?v=WxjW3JiZvD4,185,47,441,https://www.youtube.com/watch?v=NmNWInQkOAs,0,0,0,0,
5b10cd7b61384d3180f4a39f127d50c1,517,9979,0,0,0,,0,0,0,,0,0,0,,0,0,0,0,
b16b9643e24d404a8de6d66551451b85,517,3949,0,0,0,,0,0,0,,0,0,0,,2592,467,328,593,https://www.twitch.tv/videos/2064177552
4e7110080135486ba1d83d3e5cdbf0ca,516,3554,173,96,968,https://www.youtube.com/watch?v=IjoPeRt0nms,174,97,968,https://www.youtube.com/watch?v=IjoPeRt0nms,83,50,83,https://www.youtube.com/watch?v=s9ihBLGsJhE,165,0,0,0,
bd04e64364a545d39069ab05e09c8156,515,15329,64,34,272,https://www.youtube.com/watch?v=36hmfaBlkdY,64,31,204,https://www.youtube.com/watch?v=dz2pLCA4MU4,66,37,272,https://www.youtube.com/watch?v=36hmfaBlkdY,0,0,0,0,
a00240316f524d218d889d00a8b42721,514,43446,72,48,235,https://www.youtube.com/watch?v=av4-Q7bxNvY,62,38,72,https://www.youtube.com/watch?v=EWZYUdQQJnA,235,149,235,https://www.youtube.com/watch?v=av4-Q7bxNvY,0,0,0,0,
9870111c23124c19a12de7bbdeb8abc1,514,6944,45,13,63,https://www.youtube.com/watch?v=0wtX6c9U6nQ,45,13,63,https://www.youtube.com/watch?v=0wtX6c9U6nQ,0,0,0,,0,0,0,0,
b9b727200b664a98bc1a8fd76d3cdb9c,512,9246,65,10,209,https://www.youtube.com/watch?v=4c09oqzS2ZA,65,10,77,https://www.youtube.com/watch?v=i3lHGW6r1fo,119,44,209,https://www.youtube.com/watch?v=4c09oqzS2ZA,0,0,0,0,
fadd7b36ed6b4173a4cc4299af1e72b5,511,8685,71,12,91,https://www.youtube.com/watch?v=Vd7Z0q7d47s,71,12,91,https://www.youtube.com/watch?v=Vd7Z0q7d47s,0,0,0,,190,0,0,0,
586377912f314b4d8c3be33760526ae0,510,60326,35,7,61,https://www.youtube.com/watch?v=EOwyaHjnKuM,21,2,23,https://www.youtube.com/watch?v=vzdvXXjA6Rs,35,12,61,https://www.youtube.com/watch?v=EOwyaHjnKuM,0,0,0,0,
3e4c23394dde46f58f89cba536b208d5,510,12663,46,23,51,https://www.youtube.com/watch?v=My_9VoiMFgo,46,23,51,https://www.youtube.com/watch?v=My_9VoiMFgo,0,0,0,,0,0,0,0,
1053fad74222424c83f1498fc7896d75,509,248066,32,11,54,https://www.youtube.com/watch?v=FyepP6uGxm0,32,11,54,https://www.youtube.com/watch?v=FyepP6uGxm0,0,0,0,,0,0,0,0,
d6afb902dbe04e35ab52f961f538f9bd,506,9316,0,0,0,,0,0,0,,0,0,0,,94,0,0,0,
87f156d485c047ec9c137894c7452da4,505,6262,0,0,0,,0,0,0,,0,0,0,,541,0,0,0,
4b9dd40ad6f94e5fb03be5c79c6bcd25,505,6257,14,0,27,https://www.youtube.com/watch?v=WsWloOXE0JE,27,1,27,https://www.youtube.com/watch?v=WsWloOXE0JE,1,0,1,https://www.youtube.com/watch?v=8yh2eBzoGnk,17,0,0,0,
0b8d1c0fa1b14df6821e85def645425e,505,32763,98,50,1121,https://www.youtube.com/watch?v=8dwkropOhQA,90,41,155,https://www.youtube.com/watch?v=C80xy_PTM6s,665,512,1121,https://www.youtube.com/watch?v=8dwkropOhQA,87,63,56,63,https://www.twitch.tv/videos/2070172903
1760601b33854f2ab58b6217bd2cfedf,505,29925,75,54,82,https://www.youtube.com/watch?v=CyPS-o96bXA,75,54,82,https://www.youtube.com/watch?v=CyPS-o96bXA,0,0,0,,0,0,0,0,
14d68e1fc65f4206b0c45d65970c0215,504,26249,73,38,229,https://www.youtube.com/watch?v=Dw_EJI5dXO4,73,35,173,https://www.youtube.com/watch?v=3_8DeygyEx0,229,146,229,https://www.youtube.com/watch?v=Dw_EJI5dXO4,0,0,0,0,
52136fb3529d4f5eb5225ade4209b8b3,504,11040,36,22,123,https://www.youtube.com/watch?v=NlIdvlq6AXg,36,22,123,https://www.youtube.com/watch?v=NlIdvlq6AXg,0,0,0,,0,0,0,0,
19f507cc460a426cb02013fb203bd0a7,504,12484,0,0,0,,0,0,0,,0,0,0,,399,0,0,0,
3bc6afb820df4f59b2c6ff1c25d1eed3,503,54374,66,44,10065,https://www.youtube.com/watch?v=wqSdgBUxuE8,59,36,171,https://www.youtube.com/watch?v=2cpFSKH3wUE,291,220,10065,https://www.youtube.com/watch?v=wqSdgBUxuE8,0,0,0,0,
2971554445614cfaaccddd9cde93c599,502,17142,32,15,32,https://www.youtube.com/watch?v=Lece0FYqTLM,0,0,0,,32,15,32,https://www.youtube.com/watch?v=Lece0FYqTLM,476,131,105,268,https://www.twitch.tv/videos/2061545419
e306270e80094416818cfddb33153419,502,10740,0,0,0,,0,0,0,,0,0,0,,0,0,0,0,
d1fc8e7219584287bc20234b6ab64dd9,501,8706,0,0,0,,0,0,0,,0,0,0,,0,0,0,0,
7dc8617f6004470c8a65a67a9abdf661,501,14531,29,14,78,https://www.youtube.com/watch?v=_DGKC5h7HGM,29,14,78,https://www.youtube.com/watch?v=_DGKC5h7HGM,0,0,0,,184,0,0,0,
95eabea4e8014fedb5d34ea27137a4ca,500,20878,0,0,0,,0,0,0,,0,0,0,,0,0,0,0,
027dc46502ee4350ba597000191659ae,500,5644,50,5,50,https://www.youtube.com/watch?v=nwUx5OHw75E,50,5,50,https://www.youtube.com/watch?v=nwUx5OHw75E,0,0,0,,2,0,0,0,
bee9506c5d714205bfc69573280852c2,499,29155,58,18,1286,https://www.youtube.com/watch?v=uRBv0por5iY,66,21,111,https://www.youtube.com/watch?v=-WaqEWdvl8g,58,18,1286,https://www.youtube.com/watch?v=uRBv0por5iY,1850,253,174,392,https://www.twitch.tv/videos/2061445641
284904fe0fc5485f926eb7941427d8f4,498,7521,0,0,0,,0,0,0,,0,0,0,,0,0,0,0,
c3e1a96f96334696af38e93fa8178085,497,7830,16,5,108,https://www.youtube.com/watch?v=GpApzlkDQrQ,56,26,56,https://www.youtube.com/watch?v=vsAUqosofF4,13,5,108,https://www.youtube.com/watch?v=GpApzlkDQrQ,985,0,0,0,
7c0acdc8fe2449deb487cbb827b51723,495,19136,187,50,327,https://www.youtube.com/watch?v=sVXZmr1O5U8,187,45,189,https://www.youtube.com/watch?v=GmwaNmtnYgI,207,194,327,https://www.youtube.com/watch?v=sVXZmr1O5U8,24,0,0,0,
5c5880d994854afbbea0a35716bce186,495,8990,34,19,102,https://www.youtube.com/watch?v=iJ97xjfG2Lo,34,19,102,https://www.youtube.com/watch?v=iJ97xjfG2Lo,0,0,0,,1455,0,0,0,
3a932cc8813343b6bb5d822cb2f53558,495,16152,21,11,92,https://www.youtube.com/watch?v=-hQfYAUUB6o,0,0,0,,21,11,92,https://www.youtube.com/watch?v=-hQfYAUUB6o,2654,240,75,375,https://www.twitch.tv/videos/2059479789
4eecf80e6ecc4644a7ff08314e6e0c82,494,6740,68,29,209,https://www.youtube.com/watch?v=vWT5l2XY2aE,95,12,209,https://www.youtube.com/watch?v=vWT5l2XY2aE,68,33,80,https://www.youtube.com/watch?v=QOSpFB2K1Eg,224,0,0,0,
01d150623c984f3d8d7de4b1859afadd,494,9500,19,5,49,https://www.youtube.com/watch?v=BxiUjW_s0Uw,0,0,0,,19,5,49,https://www.youtube.com/watch?v=BxiUjW_s0Uw,0,0,0,0,
ee5418c900a7400fa44c821eaaca0218,493,10718,3,0,200,https://www.youtube.com/watch?v=MTNPpGYV9Ec,0,0,0,,3,0,200,https://www.youtube.com/watch?v=MTNPpGYV9Ec,489,27,5,55,https://www.twitch.tv/videos/2044870376
83ec4919298a4ad5984e3da31109a4c8,493,4488,172,155,437,https://www.youtube.com/watch?v=8M0clIV_KsU,0,0,0,,172,155,437,https://www.youtube.com/watch?v=8M0clIV_KsU,4595,1311,646,2319,https://www.twitch.tv/videos/2067069807
7677c9c71c0a4decad1472b7ecc604bb,493,4621,0,0,0,,0,0,0,,0,0,0,,491,23,12,23,https://www.twitch.tv/videos/2059747436
4abb927b8dc049768d63b4a8e229e8cc,493,0,0,0,0,,0,0,0,,0,0,0,,0,0,0,0,
09db2ab40bc54cae831b5514b68be313,491,0,0,0,0,,0,0,0,,0,0,0,,0,0,0,0,
a984f1576f124e80a1a8a5ff78efa4db,490,9964,0,0,0,,0,0,0,,0,0,0,,0,0,0,0,
7a2ad28d7377465a8721724cfce9ffb5,489,6054,0,0,0,,0,0,0,,0,0,0,,0,0,0,0,
bd16ea1e11d9475eb53a108ba90ea6a3,488,36918,39,23,136,https://www.youtube.com/watch?v=lrHvxmbGtb4,39,23,70,https://www.youtube.com/watch?v=-D-DEwAkrno,38,24,136,https://www.youtube.com/watch?v=lrHvxmbGtb4,0,0,0,0,
12f51c457b27425fa98fe89c24ccb61c,486,6278,142,60,648,https://www.youtube.com/watch?v=kbVrr6pTxm0,131,58,340,https://www.youtube.com/watch?v=pB4LbgcvBHI,648,308,648,https://www.youtube.com/watch?v=kbVrr6pTxm0,0,0,0,0,
2ea9fee301f94b70bc5ed51d628006a9,485,24875,45,5,49,https://www.youtube.com/watch?v=0aBbQ8JWeZc,46,5,49,https://www.youtube.com/watch?v=0aBbQ8JWeZc,42,4,42,https://www.youtube.com/watch?v=-0fj50QGJLQ,166,0,0,0,
b1c9458ca89b44bab0f09883ef40c45c,485,21384,95,37,1263,https://www.youtube.com/watch?v=ztS3Ccv_1l8,94,36,191,https://www.youtube.com/watch?v=CIPHrSRVKEM,121,43,1263,https://www.youtube.com/watch?v=ztS3Ccv_1l8,0,0,0,0,
1cdbceb7ad414bb59b3a9563a93fe840,482,5484,111,37,189,https://www.youtube.com/watch?v=RXdqiM3oR80,111,37,189,https://www.youtube.com/watch?v=RXdqiM3oR80,0,0,0,,0,0,0,0,
d5492ff86b504660a62f34b27c9a2830,480,5840,0,0,0,,0,0,0,,0,0,0,,0,0,0,0,
aa673b95b03540288c87dbaa59477ef9,477,28670,87,38,4478,https://www.youtube.com/watch?v=stPf6kAfWbM,87,38,155,https://www.youtube.com/watch?v=qAfy6nRdsqE,2267,979,4478,https://www.youtube.com/watch?v=stPf6kAfWbM,0,0,0,0,
dbe3f9880dec4a03bcc1943343455a6c,477,22304,80,28,80,https://www.youtube.com/watch?v=IeX6NSXcxqo,80,28,80,https://www.youtube.com/watch?v=IeX6NSXcxqo,0,0,0,,0,0,0,0,
76dd6a38f28f442a87ee5c5ee75b1a29,476,2505,0,0,0,,0,0,0,,0,0,0,,0,0,0,0,
cf506fa1dffe441eadad8010f3f7725c,476,12227,0,0,0,,0,0,0,,0,0,0,,805,0,0,0,
b2e19555d1f441a8a0e3f53b6507863e,475,23726,43,13,79,https://www.youtube.com/watch?v=lP4F6F1I9SA,43,13,64,https://www.youtube.com/watch?v=VPtupT8nrnQ,79,52,79,https://www.youtube.com/watch?v=lP4F6F1I9SA,109,0,0,0,
3f387cab9bb0470aaf322bce5f436f18,472,10481,67,37,831,https://www.youtube.com/watch?v=okJprPcnOEY,63,24,78,https://www.youtube.com/watch?v=mQVjE3CFzTY,506,319,831,https://www.youtube.com/watch?v=okJprPcnOEY,0,0,0,0,
0446516df6074a4ba8a0f3639b17de46,470,6176,155,102,736,https://www.youtube.com/watch?v=bzo-yFSvBWU,133,87,281,https://www.youtube.com/watch?v=Ppn0wzU7kAo,736,664,736,https://www.youtube.com/watch?v=bzo-yFSvBWU,0,0,0,0,
1225d23bc1814140bc0093c1407f06b3,470,29580,65,39,125,https://www.youtube.com/watch?v=cKZXUW1BsxQ,69,39,125,https://www.youtube.com/watch?v=cKZXUW1BsxQ,57,32,57,https://www.youtube.com/watch?v=O7DpoPhA16E,35,0,0,0,
d1719d9d50c347efa498bb8644447392,469,0,0,0,0,,0,0,0,,0,0,0,,0,0,0,0,
66345fc8147b45e99d6eba1b0df6ba7c,468,24209,64,29,200,https://www.youtube.com/watch?v=QKvI6oDZgzI,64,24,117,https://www.youtube.com/watch?v=UDYWJ8wz-qU,115,81,200,https://www.youtube.com/watch?v=QKvI6oDZgzI,0,0,0,0,
c85f3da0538546c499238b23d273f627,468,10073,168,102,1235,https://www.youtube.com/watch?v=Af7ElodFK_k,168,102,1235,https://www.youtube.com/watch?v=Af7ElodFK_k,0,0,0,,205,0,0,0,
61c75f9fbf044b54872197eec7c9bafa,467,112838,74,41,1009,https://www.youtube.com/watch?v=H9Loxofzy1g,33,18,105,https://www.youtube.com/watch?v=yljS8z4IzNQ,703,310,1009,https://www.youtube.com/watch?v=H9Loxofzy1g,0,0,0,0,
08959069eae342deab6803454669b60e,467,0,0,0,0,,0,0,0,,0,0,0,,0,0,0,0,
45dc3a8a88054fc6adf55549304aca1c,467,8820,33,29,56,https://www.youtube.com/watch?v=mcKla56XhvY,33,29,56,https://www.youtube.com/watch?v=mcKla56XhvY,0,0,0,,0,0,0,0,
eb4cd9453fb04a3ea056ec068b02348f,466,46906,27,6,66,https://www.youtube.com/watch?v=0i5jnOfQKKM,30,20,39,https://www.youtube.com/watch?v=-9bli5OQYmA,27,6,66,https://www.youtube.com/watch?v=0i5jnOfQKKM,123,51,30,62,https://www.twitch.tv/videos/2070346198
fad52a34935b402a819aa4bb504453da,465,20432,34,17,165,https://www.youtube.com/watch?v=APR1GKlBOTo,38,27,165,https://www.youtube.com/watch?v=APR1GKlBOTo,31,8,42,https://www.youtube.com/watch?v=c-Cm_XAzb3o,0,0,0,0,
7e8047d78da3487a8e9dd33c67554d30,465,16583,0,0,0,,0,0,0,,0,0,0,,81,0,0,0,
9959d43cae9b49dbbcd666f742322b4a,465,12697,0,0,0,,0,0,0,,0,0,0,,462,30,16,44,https://www.twitch.tv/videos/2064503719
0ad03ee6159c4d37a4feccbc49ba3dcf,463,27612,18,7,157,https://www.youtube.com/watch?v=uTe_4605xLU,18,7,157,https://www.youtube.com/watch?v=uTe_4605xLU,0,0,0,,110,0,0,0,
e911a56d410b4949aee1d3a8dc84f4ad,463,23036,14,12,512,https://www.youtube.com/watch?v=jMxHAbt3Pvg,13,7,15,https://www.youtube.com/watch?v=JylS8Kc2r5U,289,196,512,https://www.youtube.com/watch?v=jMxHAbt3Pvg,0,0,0,0,
17a340801a7d4697be53c472c621993d,463,21067,0,0,0,,0,0,0,,0,0,0,,588,0,0,0,
2bffdc20e3cb48de9bf46600f62d248e,463,19780,36,5,42,https://www.youtube.com/watch?v=GfmBYeJ7GHk,36,5,42,https://www.youtube.com/watch?v=GfmBYeJ7GHk,0,0,0,,225,0,0,0,
df16e863bea643d3a8a90ccb5577ed04,463,17426,73,4,95,https://www.youtube.com/watch?v=E9qJuhNhLI0,73,4,95,https://www.youtube.com/watch?v=E9qJuhNhLI0,0,0,0,,0,0,0,0,
37e88453b9cb48b1863bc455328b34c1,461,6651,0,0,0,,0,0,0,,0,0,0,,919,394,346,656,https://www.twitch.tv/videos/2064237894
62ca936be6c645a7bf2222b67086800a,461,130354,0,0,0,,0,0,0,,0,0,0,,937,129,110,320,https://www.twitch.tv/videos/2069848507
7b578956fab14341919193c03ca3ab32,460,10570,34,14,52,https://www.youtube.com/watch?v=2NAJlXTwPYo,34,14,52,https://www.youtube.com/watch?v=2NAJlXTwPYo,0,0,0,,0,0,0,0,
f0f6694a60de4fb799b3f315abbaf7b6,459,19727,0,0,0,,0,0,0,,0,0,0,,0,0,0,0,
3513b73ded994bc3a92a70c9632c9856,458,7745,0,0,0,,0,0,0,,0,0,0,,6433,373,188,813,https://www.twitch.tv/videos/2065523684
ce013f56157740e59c7735bd51356260,456,16144,0,0,0,,0,0,0,,0,0,0,,292,0,0,0,
6c9b67b00b3c4940a6af6a6604b0b1fd,455,11053,0,0,0,,0,0,0,,0,0,0,,0,0,0,0,
de7f8ba1753d4e4cb95e6ac99007eacc,455,3099,196,112,677,https://www.youtube.com/watch?v=2Jw838D3HLo,196,193,279,https://www.youtube.com/watch?v=RH6ogSWLC7k,375,92,677,https://www.youtube.com/watch?v=2Jw838D3HLo,0,0,0,0,
2dc29f6b05584c718c60034af9883496,455,76970,0,0,0,,0,0,0,,0,0,0,,0,0,0,0,
26eba1f0fabf425aa5769e01e855ea28,454,22671,67,27,95,https://www.youtube.com/watch?v=5OcmMTwI2Zw,67,27,95,https://www.youtube.com/watch?v=5OcmMTwI2Zw,0,0,0,,0,0,0,0,
9189101a4bb740de969b772dde92125a,453,5678,0,0,0,,0,0,0,,0,0,0,,1150,0,0,0,
0c3b5ae85d2940b8b73a92d72dc0d313,453,6580,63,38,85,https://www.youtube.com/watch?v=m5hKl37eU_U,63,38,85,https://www.youtube.com/watch?v=m5hKl37eU_U,0,0,0,,0,0,0,0,
100af980504b4bd38c8b2192d1e71b29,450,18820,0,0,0,,0,0,0,,0,0,0,,0,0,0,0,
4c127c01ba31487599018fc81ff1a3dd,447,23425,6,2,20,https://www.youtube.com/watch?v=NXGdoNvu_Ec,6,2,20,https://www.youtube.com/watch?v=NXGdoNvu_Ec,0,0,0,,0,0,0,0,
9e3222bedec44f1a8fecdc237c020cbd,447,125431,31,18,36,https://www.youtube.com/watch?v=NimyI8ZCYrQ,0,0,0,,31,18,36,https://www.youtube.com/watch?v=NimyI8ZCYrQ,319,12,9,26,https://www.twitch.tv/videos/2069233728
7b0c97dee5844e27a54e93e92c8cfc91,445,8644,0,0,0,,0,0,0,,0,0,0,,2904,318,166,318,https://www.twitch.tv/videos/2059529902
238b4a68bcde4f3bbf18b0b01f66ec43,445,25005,48,28,69,https://www.youtube.com/watch?v=f4aScWKPDr0,63,27,69,https://www.youtube.com/watch?v=f4aScWKPDr0,33,30,33,https://www.youtube.com/watch?v=61g1ogI_2Ak,0,0,0,0,
3869b056864b4e60a6420aa6011f09fd,445,9831,0,0,0,,0,0,0,,0,0,0,,0,0,0,0,
9bb20f60d5c440d39eb4f14fbe48a296,444,6296,38,6,69,https://www.youtube.com/watch?v=MuCKYadGPfU,37,6,53,https://www.youtube.com/watch?v=58cwL6BdYE4,69,36,69,https://www.youtube.com/watch?v=MuCKYadGPfU,0,0,0,0,
62b7ee328a7b42b0a1da0ab3bc22d1db,443,23667,48,22,530,https://www.youtube.com/watch?v=DB5I6mxZTgQ,48,21,103,https://www.youtube.com/watch?v=S1yRoTDiB1Y,284,271,530,https://www.youtube.com/watch?v=DB5I6mxZTgQ,561,107,76,178,https://www.twitch.tv/videos/2060701712
b3f711673fea4ec5b6f87c023353594d,443,13144,65,22,232,https://www.youtube.com/watch?v=t4m94gzGASE,40,30,41,https://www.youtube.com/watch?v=oWr_0e7zC0k,109,21,232,https://www.youtube.com/watch?v=t4m94gzGASE,0,0,0,0,
954590604f0e49e88fadc8ce6dafba1b,443,13957,113,49,225,https://www.youtube.com/watch?v=-afojS2CmAA,129,60,207,https://www.youtube.com/watch?v=fUl9q-ghhzo,68,33,225,https://www.youtube.com/watch?v=-afojS2CmAA,0,0,0,0,
04efe2883aff4fb189084cb815c7c036,443,0,0,0,0,,0,0,0,,0,0,0,,0,0,0,0,
acd2bce38d2140e2b625b3eb9a830624,442,7016,0,0,0,,0,0,0,,0,0,0,,0,0,0,0,
8db6aab32c8e45c8a70d0850bfcd3e5c,442,20330,20,5,36,https://www.youtube.com/watch?v=FlYY_xBCXmM,20,5,36,https://www.youtube.com/watch?v=FlYY_xBCXmM,0,0,0,,123,0,0,0,
10550198223845c9a95ff1993088b464,440,6295,37,11,37,https://www.youtube.com/watch?v=57yrDbHKhJo,37,11,37,https://www.youtube.com/watch?v=57yrDbHKhJo,0,0,0,,0,0,0,0,
b21dcc4162384eee9edd3ca7251795f2,439,10688,67,25,586,https://www.youtube.com/watch?v=tv-urEvQ5lw,67,25,586,https://www.youtube.com/watch?v=tv-urEvQ5lw,0,0,0,,0,0,0,0,
ce408f8b30704b42a7492f0e40684317,438,15678,0,0,0,,0,0,0,,0,0,0,,299,0,0,0,
e2e125618df1445c9da9494bbd643b95,436,24427,31,12,52,https://www.youtube.com/watch?v=dq2XqQO06nI,31,12,52,https://www.youtube.com/watch?v=dq2XqQO06nI,0,0,0,,23,0,0,0,
15bc73fc2acf4a7695bab31fdea450f0,435,11475,42,39,42,https://www.youtube.com/watch?v=juXg4Z57JFo,42,39,42,https://www.youtube.com/watch?v=juXg4Z57JFo,0,0,0,,0,0,0,0,
64d9adbc552c487db0cdf42ac3845e18,434,34234,0,0,0,,0,0,0,,0,0,0,,51,107,99,107,https://www.twitch.tv/videos/2071257574
20b9316c0979495fbff724be3442d4a4,433,53213,53,23,926,https://www.youtube.com/watch?v=dX-GIX6v0YQ,53,23,190,https://www.youtube.com/watch?v=tI_sOKSRwE0,46,22,926,https://www.youtube.com/watch?v=dX-GIX6v0YQ,14,0,0,0,
7c781489389447e682388caccae7fb1c,433,12732,10,1,16,https://www.youtube.com/watch?v=HnYShy7ye2s,0,0,0,,10,1,16,https://www.youtube.com/watch?v=HnYShy7ye2s,759,53,45,166,https://www.twitch.tv/videos/2068080682
5f6dcf3b9b71405498aa07a2b80cb5ec,432,63240,45,1,54,https://www.youtube.com/watch?v=UvVcaKE-QoI,0,0,0,,45,1,54,https://www.youtube.com/watch?v=UvVcaKE-QoI,430,64,49,110,https://www.twitch.tv/videos/2067397091
ff445c140e9a4211960268c261e18fba,431,10329,0,0,0,,0,0,0,,0,0,0,,1404,228,130,240,https://www.twitch.tv/videos/2061600598
f998ba5e4a2f4cd9a979e034d338bfe9,430,11406,0,0,0,,0,0,0,,0,0,0,,0,0,0,0,
83f96fd6cab64f4da581c50cd2a31b82,430,4462,0,0,0,,0,0,0,,0,0,0,,3570,0,0,0,
c79c2ac57f9048eebdc1b9329209e19f,428,14707,0,0,0,,0,0,0,,0,0,0,,278,0,0,0,
acc708b79f1c4e388466b407387e7cb5,427,27974,25,9,41,https://www.youtube.com/watch?v=teoLQlKIFF4,25,9,41,https://www.youtube.com/watch?v=teoLQlKIFF4,0,0,0,,0,0,0,0,
031da54f73f94adf8159ef0d3bfeb52b,427,33032,45,21,75,https://www.youtube.com/watch?v=tYaXrzntJ_o,45,21,75,https://www.youtube.com/watch?v=tYaXrzntJ_o,0,0,0,,0,0,0,0,
6e6cb9a2886849918f253d6c6002727f,426,3386,158,79,912,https://www.youtube.com/watch?v=GaHFG3BTYkg,150,80,368,https://www.youtube.com/watch?v=UJLTlg6OXxk,253,61,912,https://www.youtube.com/watch?v=GaHFG3BTYkg,0,0,0,0,
f16af590d65d4d07bb6603aed00a1a78,424,0,0,0,0,,0,0,0,,0,0,0,,0,0,0,0,
20b358775f2c4e7aa0a9f4e5090fe557,424,0,0,0,0,,0,0,0,,0,0,0,,0,0,0,0,
2afeb8ff2471460da2f02cb36c0c6345,423,4821,0,0,0,,0,0,0,,0,0,0,,1316,0,0,0,
5c70a4710fca4b86ac63d56b0e894284,423,22874,0,0,0,,0,0,0,,0,0,0,,0,0,0,0,
6c166d9128e74147a5c0b1dbf89c885c,423,5623,28,9,66,https://www.youtube.com/watch?v=m1Cy6rga5Qg,28,9,66,https://www.youtube.com/watch?v=m1Cy6rga5Qg,0,0,0,,0,0,0,0,
d1ea458cb9094770ab63aa0bfc487981,422,7198,25,3,35,https://www.youtube.com/watch?v=IgUYgpI_A-g,35,4,35,https://www.youtube.com/watch?v=IgUYgpI_A-g,15,1,15,https://www.youtube.com/watch?v=LS7zKLoGxHk,0,0,0,0,
994fcc5db40840ae990cf1ce43728548,421,11812,54,25,99,https://www.youtube.com/watch?v=PUL8ornry2g,54,25,99,https://www.youtube.com/watch?v=PUL8ornry2g,0,0,0,,0,0,0,0,
8a86c4d0f4ce462a92c6bf09c027e432,421,94478,72,48,106,https://www.youtube.com/watch?v=Mb7Ub8ZAW3o,72,48,106,https://www.youtube.com/watch?v=Mb7Ub8ZAW3o,0,0,0,,0,0,0,0,
ff88906b47654805b8370426415f1183,421,18669,0,0,0,,0,0,0,,0,0,0,,1217,183,104,183,https://www.twitch.tv/videos/2060662020
e57eccbb01a64ef2990cad149cd08364,419,8771,0,0,0,,0,0,0,,0,0,0,,1610,217,156,221,https://www.twitch.tv/videos/2069181533
7051e693d03645bda16b3591f06ebd3f,417,18307,0,0,0,,0,0,0,,0,0,0,,0,0,0,0,
c7400e2934c646e49f7df1816de41360,416,16472,9,5,9,https://www.youtube.com/watch?v=AgZYifPcvPo,9,5,9,https://www.youtube.com/watch?v=AgZYifPcvPo,0,0,0,,27,4,3,4,https://www.twitch.tv/videos/2066247986
c8cb49db0c6842afa1a9bb8bb2620e8f,416,21538,0,0,0,,0,0,0,,0,0,0,,0,0,0,0,
1a95847597f04ae39d6f0d9caba04a5f,416,13102,0,0,0,,0,0,0,,0,0,0,,1081,111,83,157,https://www.twitch.tv/videos/2059711527
22b0dfc3703e477d9ce6880cdbfafd91,416,13839,0,0,0,,0,0,0,,0,0,0,,1514,141,79,141,https://www.twitch.tv/videos/2060595586
5fbf4f6751f24d03a5723670cd500aca,415,9619,0,0,0,,0,0,0,,0,0,0,,699,158,150,159,https://www.twitch.tv/videos/2071245494
8c494e45ce5b462aa744d46bbdc54021,415,74533,0,0,0,,0,0,0,,0,0,0,,201,0,0,0,
b0ec0f1ffbd8426982e7ca40d4b1064b,415,8805,0,0,0,,0,0,0,,0,0,0,,0,0,0,0,
c4bc52355d334a98bdaa1e57c05673ad,415,53583,300,130,18811,https://www.youtube.com/watch?v=cV4GL7C-hxI,0,0,0,,300,130,18811,https://www.youtube.com/watch?v=cV4GL7C-hxI,0,0,0,0,
4a2df649332047d3b733c88209925f4c,415,6366,0,0,0,,0,0,0,,0,0,0,,920,466,290,466,https://www.twitch.tv/videos/2062322058
2103bcf7923d4f74b2d043bffef71cc1,413,16707,38,8,158,https://www.youtube.com/watch?v=L8H9JqgJKsk,38,8,158,https://www.youtube.com/watch?v=L8H9JqgJKsk,0,0,0,,0,0,0,0,
993f7baff5d24cf69d077e30f7fd1a9d,413,19911,111,37,111,https://www.youtube.com/watch?v=WXNEqo00PyQ,111,37,111,https://www.youtube.com/watch?v=WXNEqo00PyQ,0,0,0,,0,0,0,0,
c1ca3c2282084d0ebbdeb3896801aec9,412,5077,46,32,232,https://www.youtube.com/watch?v=MHuOH4qIgcU,45,30,232,https://www.youtube.com/watch?v=MHuOH4qIgcU,47,34,47,https://www.youtube.com/watch?v=C6yXjs9aPGo,112,0,0,0,
4bdf9ee9f53f4785b37a9d9dbd2a0da8,412,14927,55,20,97,https://www.youtube.com/watch?v=9GzN_4Ag_sk,55,20,97,https://www.youtube.com/watch?v=9GzN_4Ag_sk,53,23,77,https://www.youtube.com/watch?v=cSUpH69FWII,0,0,0,0,
f656e3210df449889b6ad9e72acd7a72,412,4855,140,67,336,https://www.youtube.com/watch?v=kKNl4_eQUu4,140,67,336,https://www.youtube.com/watch?v=kKNl4_eQUu4,0,0,0,,0,0,0,0,
64199c3fe4914883a1a9b4a68dc332be,412,5980,0,0,0,,0,0,0,,0,0,0,,145,0,0,0,
b7b1cb60f1c24c0ea4fb1f506d3e247a,411,8862,2,0,740,https://www.youtube.com/watch?v=LfrqXBL_0ds,0,0,0,,2,0,740,https://www.youtube.com/watch?v=LfrqXBL_0ds,669,94,77,387,https://www.twitch.tv/videos/2061674002
2efed2f9e0c54ec4b58fc27154bd09ac,409,15826,0,0,0,,0,0,0,,0,0,0,,199,0,0,0,
2d20aadf97d847939178a297b535b431,409,206445,0,0,0,,0,0,0,,0,0,0,,0,0,0,0,
107ad23090e649b8935850f3d78ded99,405,13636,29,18,89,https://www.youtube.com/watch?v=dkCA4n1Mo-A,30,19,89,https://www.youtube.com/watch?v=dkCA4n1Mo-A,19,17,19,https://www.youtube.com/watch?v=RjSUQMw9DG4,71,0,0,0,
af04c9cb9b56499bb305a49ba7fd2eef,403,6404,0,0,0,,0,0,0,,0,0,0,,0,0,0,0,
3849edba2b2e411f8564e9c1d1aaaa51,403,36324,81,34,104,https://www.youtube.com/watch?v=B9OpL3pE-CY,81,34,104,https://www.youtube.com/watch?v=B9OpL3pE-CY,0,0,0,,0,0,0,0,
5b1bd72acc95440cb3aa381c89cfca3c,402,19216,28,15,50,https://www.youtube.com/watch?v=gafrfvxT4rk,28,15,50,https://www.youtube.com/watch?v=gafrfvxT4rk,0,0,0,,0,0,0,0,
323c21f9e49f47d48609f698a3f81fd5,402,4417,16,5,23,https://www.youtube.com/watch?v=sxbUxqN4mXk,23,7,23,https://www.youtube.com/watch?v=sxbUxqN4mXk,9,3,9,https://www.youtube.com/watch?v=Dl3e9LhEhqI,0,0,0,0,
80b6efc8007f4f6d84ce2f93862ae319,401,32963,32,10,97,https://www.youtube.com/watch?v=5L8pbbf9HAQ,32,10,97,https://www.youtube.com/watch?v=5L8pbbf9HAQ,0,0,0,,0,0,0,0,
e802bcea6eb04ce6aa9041aa5e06ceae,401,12684,0,0,0,,0,0,0,,0,0,0,,0,0,0,0,
aa182728aa6d44c4ae37caa7cdb8ed29,399,13644,21,14,62,https://www.youtube.com/watch?v=-I-Vj16FEFE,21,14,62,https://www.youtube.com/watch?v=-I-Vj16FEFE,0,0,0,,219,7,5,10,https://www.twitch.tv/videos/2072239822
a2c7c34474174cd2bffcc17a32aeec21,399,13263,19,9,608,https://www.youtube.com/watch?v=nc-HeBvikOU,48,20,608,https://www.youtube.com/watch?v=nc-HeBvikOU,17,6,57,https://www.youtube.com/watch?v=7JkftCh08hw,469,106,81,119,https://www.twitch.tv/videos/2064372354
1e4f8348a36e4ab3abda426f1810513a,399,9345,39,9,82,https://www.youtube.com/watch?v=_BEKM3pCCzo,39,9,82,https://www.youtube.com/watch?v=_BEKM3pCCzo,0,0,0,,0,0,0,0,
0490d9546bce4068a0f52b39046bdf91,399,2209,160,36,244,https://www.youtube.com/watch?v=4QoWrv9Bmrg,160,36,244,https://www.youtube.com/watch?v=4QoWrv9Bmrg,0,0,0,,475,268,182,367,https://www.twitch.tv/videos/2062508517
23354f18e2a94c9187fd0560fd874eeb,397,7816,9,7,38,https://www.youtube.com/watch?v=VEVkgh3Li1o,0,0,0,,9,7,38,https://www.youtube.com/watch?v=VEVkgh3Li1o,1059,170,130,543,https://www.twitch.tv/videos/2070295683
f771e51357eb44d2820afd47aba3b546,396,8777,0,0,0,,0,0,0,,0,0,0,,278,0,0,0,
3b83206e75d14605a947a0b0b24650e0,396,8894,62,25,87,https://www.youtube.com/watch?v=PLvESy4fteU,84,26,87,https://www.youtube.com/watch?v=PLvESy4fteU,35,2,35,https://www.youtube.com/watch?v=He208dTsCkg,0,0,0,0,
71527d28bef840c282650e040a446374,396,2836,0,0,0,,0,0,0,,0,0,0,,299,0,0,0,
60da3bb357d64f998006b8ca3043fd00,394,12247,74,38,120,https://www.youtube.com/watch?v=aQEf4S-nwC8,74,38,120,https://www.youtube.com/watch?v=aQEf4S-nwC8,0,0,0,,0,0,0,0,
42ff41f7d6884ae8b93ed46415376d83,394,9421,23,13,43,https://www.youtube.com/watch?v=OZcdSjmVbP4,19,13,43,https://www.youtube.com/watch?v=OZcdSjmVbP4,27,12,27,https://www.youtube.com/watch?v=27Y6Tzx87sQ,0,0,0,0,
789a5da3ba8146e9ac10a8814f096b49,392,14143,0,0,0,,0,0,0,,0,0,0,,0,0,0,0,
41ad2f1c78f0406ab5460f38115002d7,391,13776,51,18,52,https://www.youtube.com/watch?v=zlqIrhqr1yk,51,24,52,https://www.youtube.com/watch?v=zlqIrhqr1yk,4,1,4,https://www.youtube.com/watch?v=GDhJnYlSw7E,0,0,0,0,
5d1f5182f62642a8a2e3ae5d3ead1014,390,14773,28,12,70,https://www.youtube.com/watch?v=dCAbWwX2S1U,26,12,70,https://www.youtube.com/watch?v=dCAbWwX2S1U,30,13,35,https://www.youtube.com/watch?v=A757TMJK7to,0,0,0,0,
b3b24f0ebecc45118f88f12042bd59c8,389,50993,16,5,61,https://www.youtube.com/watch?v=khS9Ymu0VBg,16,5,61,https://www.youtube.com/watch?v=khS9Ymu0VBg,0,0,0,,0,0,0,0,
8527ad14c0a348e19d1dc223e0abac20,389,7730,0,0,0,,0,0,0,,0,0,0,,857,61,52,61,https://www.twitch.tv/videos/2069326562
a22035a68721415e830d1d7b8ffd172d,388,1852,98,23,545,https://www.youtube.com/watch?v=JHlldZQIHAA,90,23,545,https://www.youtube.com/watch?v=JHlldZQIHAA,186,31,259,https://www.youtube.com/watch?v=XdDLGMMajTA,0,0,0,0,
236bfe277b89428dacb6ecc89fdb6ca2,387,0,0,0,0,,0,0,0,,0,0,0,,0,0,0,0,
fb5a1dbf496e4e7fb1e7698bb92c4acf,386,21904,0,0,0,,0,0,0,,0,0,0,,0,0,0,0,
05055e62d34241888df31217ac25e671,386,19357,11,8,53,https://www.youtube.com/watch?v=TlYU5Ka9qio,11,8,53,https://www.youtube.com/watch?v=TlYU5Ka9qio,0,0,0,,1250,240,141,240,https://www.twitch.tv/videos/2061376449
5507154831064d69906acc64c76b1c99,380,10271,67,55,67,https://www.youtube.com/watch?v=AmD5YTjHQW0,67,55,67,https://www.youtube.com/watch?v=AmD5YTjHQW0,0,0,0,,1438,353,260,512,https://www.twitch.tv/videos/2067400775
6d1e2248e6844ac29d3f28d3b3e178f4,380,1272,0,0,0,,0,0,0,,0,0,0,,1913,131,97,324,https://www.twitch.tv/videos/2061447842
8e84c388bf0e4f9481434a0eb392a0da,378,7628,103,58,1526,https://www.youtube.com/watch?v=BW_JiLpPZaE,98,53,435,https://www.youtube.com/watch?v=I5Iy2OX9By4,1526,257,1526,https://www.youtube.com/watch?v=BW_JiLpPZaE,0,0,0,0,
3a29989f3f71430f88f1535125a1d32c,377,28414,0,0,0,,0,0,0,,0,0,0,,0,0,0,0,
405cf0a502a6496bacfe7e49647e7e28,377,13822,23,8,43,https://www.youtube.com/watch?v=AwqpzGhlaQ8,25,10,43,https://www.youtube.com/watch?v=AwqpzGhlaQ8,6,2,7,https://www.youtube.com/watch?v=88yr4Cixp6c,1052,172,133,432,https://www.twitch.tv/videos/2065359918
6bb99d03979041aa909d87375acaf92d,377,57767,40,6,50,https://www.youtube.com/watch?v=PkI1EYJ1Kqk,31,9,31,https://www.youtube.com/watch?v=KArYRiumnWA,50,3,50,https://www.youtube.com/watch?v=PkI1EYJ1Kqk,0,0,0,0,
8ae8129571fe478283e45a20972b94c2,376,4613,35,31,35,https://www.youtube.com/watch?v=pUlSac5kd9k,35,31,35,https://www.youtube.com/watch?v=pUlSac5kd9k,0,0,0,,0,0,0,0,
3434e3ca02904364b763c86e75fa6d4a,376,43508,223,34,2835,https://www.youtube.com/watch?v=LFBZBSBAe0A,19,17,19,https://www.youtube.com/watch?v=SW0hQ1oaBYU,276,80,2835,https://www.youtube.com/watch?v=LFBZBSBAe0A,1330,140,128,230,https://www.twitch.tv/videos/2063362266
9434be74cca5450789bf73aa4359b542,376,11552,0,0,0,,0,0,0,,0,0,0,,0,0,0,0,
14b8fa0f43664c31a5d634b20f9112d9,375,35537,128,48,454,https://www.youtube.com/watch?v=4zeSlQm2_QY,112,39,210,https://www.youtube.com/watch?v=E0TaBLsX80k,407,50,454,https://www.youtube.com/watch?v=4zeSlQm2_QY,0,0,0,0,
d2585e0ae32c467e8fc868eb531400a4,375,5005,84,41,178,https://www.youtube.com/watch?v=viUZtuoQdzI,80,40,157,https://www.youtube.com/watch?v=xg-_uBl9fcw,147,49,178,https://www.youtube.com/watch?v=viUZtuoQdzI,0,0,0,0,
28e5717b1964475ca59ce02d81cb2796,373,9280,18,11,18,https://www.youtube.com/watch?v=DbI14OgyRe4,0,0,0,,18,11,18,https://www.youtube.com/watch?v=DbI14OgyRe4,501,336,244,411,https://www.twitch.tv/videos/2069306430
21fcf23549a74111bbe31c949245e2cd,373,11182,14,6,27,https://www.youtube.com/watch?v=7Hl7CY8if9w,14,6,27,https://www.youtube.com/watch?v=7Hl7CY8if9w,0,0,0,,0,0,0,0,
9de74d9cd68f481396a3dbd76d529a24,373,40504,1721,550,15381,https://www.youtube.com/watch?v=18mOGdFsqD4,0,0,0,,1721,550,15381,https://www.youtube.com/watch?v=18mOGdFsqD4,0,0,0,0,
4b305df8ba4546b48c8ec1cda5efb7e2,372,55256,41,16,88,https://www.youtube.com/watch?v=BOCul-qJqAg,37,16,88,https://www.youtube.com/watch?v=BOCul-qJqAg,46,16,46,https://www.youtube.com/watch?v=KmK5de-sZ-w,0,0,0,0,
27a484e8f53a433396e73bea886fa2cb,372,19487,0,0,0,,0,0,0,,0,0,0,,0,0,0,0,
a8e0ec03cb0a4e0292228e1a6ed35e6a,372,6987,464,118,752,https://www.youtube.com/watch?v=F9HWvAZ04YE,0,0,0,,464,118,752,https://www.youtube.com/watch?v=F9HWvAZ04YE,837,33,26,78,https://www.twitch.tv/videos/2063103784
52ff14aabd804801a6e589681fc2fb4d,372,38811,29,15,69,https://www.youtube.com/watch?v=gk6vGHJx04o,26,17,69,https://www.youtube.com/watch?v=gk6vGHJx04o,30,7,45,https://www.youtube.com/watch?v=Rejzc5-rIy4,1642,266,216,266,https://www.twitch.tv/videos/2067802756
b359f595b54b4edc8969423a8b5658ff,372,9568,7,2,112,https://www.youtube.com/watch?v=6VPrKBNzm6w,67,15,112,https://www.youtube.com/watch?v=6VPrKBNzm6w,6,1,9,https://www.youtube.com/watch?v=AmanqB0G71c,0,0,0,0,
cce33288177341058833d8b4a093b03f,371,19887,35,14,471,https://www.youtube.com/watch?v=On8fHEXB3Ec,35,8,54,https://www.youtube.com/watch?v=wrZs2Z1JXYY,243,171,471,https://www.youtube.com/watch?v=On8fHEXB3Ec,0,0,0,0,
9ee3c9b53c0048329175370a5868300b,371,27081,49,6,78,https://www.youtube.com/watch?v=HV4iPJWQP-c,78,3,78,https://www.youtube.com/watch?v=HV4iPJWQP-c,21,9,21,https://www.youtube.com/watch?v=sh04XXN5fH4,0,0,0,0,
564a0f351ed941cb8c112f8bc759ced6,371,8243,0,0,0,,0,0,0,,0,0,0,,89,0,0,0,
bef9339ef369421985354d6c47ff9373,370,2729,177,174,177,https://www.youtube.com/watch?v=SqbE8xmZqZE,177,174,177,https://www.youtube.com/watch?v=SqbE8xmZqZE,0,0,0,,0,0,0,0,
f5a99c6ea78e4023b1bc84c1502f432d,370,7957,41,22,66,https://www.youtube.com/watch?v=l3Qu1Cqlaz0,41,22,66,https://www.youtube.com/watch?v=l3Qu1Cqlaz0,0,0,0,,0,0,0,0,
876c11fba4af4235857127b9af87093e,369,17048,0,0,0,,0,0,0,,0,0,0,,0,0,0,0,
c265c71f4d2744919a319f0f38c008f9,369,12118,103,75,140,https://www.youtube.com/watch?v=10t2dI8xTk4,0,0,0,,103,75,140,https://www.youtube.com/watch?v=10t2dI8xTk4,3959,0,0,0,
c5ac07b79a304f37b039266446fd4f3b,369,15112,16,3,27,https://www.youtube.com/watch?v=Uy2xFaqGVHY,18,6,27,https://www.youtube.com/watch?v=Uy2xFaqGVHY,4,1,4,https://www.youtube.com/watch?v=p6lfC1Z9lDg,0,0,0,0,
5000b613025542c498cd6ab2287865c6,369,909,0,0,0,,0,0,0,,0,0,0,,2286,0,0,0,
b4b4fcedc8264cb5b90584935aebf110,368,5918,121,56,583,https://www.youtube.com/watch?v=4xlAUaw2QHo,121,53,242,https://www.youtube.com/watch?v=ER8f6tcQMjw,321,103,583,https://www.youtube.com/watch?v=4xlAUaw2QHo,223,47,37,57,https://www.twitch.tv/videos/2065373629
ae5e1ce2a3074d07818716492277408c,368,1520,0,0,0,,0,0,0,,0,0,0,,1159,0,0,0,
fbc25614b5c24774b849d42ccf45eae6,368,4604,0,0,0,,0,0,0,,0,0,0,,846,0,0,0,
da165e838dfe49aea3f91457f3825657,368,7714,22,5,22,https://www.youtube.com/watch?v=z_xW7-CZOa4,0,0,0,,22,5,22,https://www.youtube.com/watch?v=z_xW7-CZOa4,0,0,0,0,
a2ceea65ce58431085b1366a0cfe9c61,368,6819,3,0,4,https://www.youtube.com/watch?v=oBRoj7L3WM4,0,0,0,,3,0,4,https://www.youtube.com/watch?v=oBRoj7L3WM4,0,0,0,0,
8fbd23f4e2ad442bb230aea8f433cd49,366,18289,34,10,138,https://www.youtube.com/watch?v=L64-rf0Gb7I,29,8,54,https://www.youtube.com/watch?v=k1qd3yxgJI0,126,67,138,https://www.youtube.com/watch?v=L64-rf0Gb7I,17,0,0,0,
a64ba9e0b7dd4de58ffbdf9ca043a90b,366,9021,75,37,329,https://www.youtube.com/watch?v=pukRWuWFNT4,75,52,329,https://www.youtube.com/watch?v=pukRWuWFNT4,71,27,80,https://www.youtube.com/watch?v=KaqHGoNcbcA,0,0,0,0,
78a38db1e825465db12a5155d4cd6d97,364,12731,60,16,90,https://www.youtube.com/watch?v=UKt0jwEn5hQ,60,16,90,https://www.youtube.com/watch?v=UKt0jwEn5hQ,0,0,0,,0,0,0,0,
db4caa3fc50540e3bd7caecd69e2dab8,364,13648,44,21,85,https://www.youtube.com/watch?v=CsRd_7RrKQg,44,21,85,https://www.youtube.com/watch?v=CsRd_7RrKQg,0,0,0,,0,0,0,0,
3750eae778e9453eaeee75956a8dabc6,364,3963,83,43,422,https://www.youtube.com/watch?v=d1DSAnqO4w8,83,54,422,https://www.youtube.com/watch?v=d1DSAnqO4w8,95,12,117,https://www.youtube.com/watch?v=ve0pKh02ZxE,1984,955,562,955,https://www.twitch.tv/videos/2061350476
76f2fa6f1aa44f0a816a01a1b277430a,363,8787,58,33,299,https://www.youtube.com/watch?v=Q_yh2TlRSwc,62,32,299,https://www.youtube.com/watch?v=Q_yh2TlRSwc,51,44,102,https://www.youtube.com/watch?v=W4Q5U3mfpOw,0,0,0,0,
370f66a57c0341b0adef5bcbad64ff90,362,12965,28,12,52,https://www.youtube.com/watch?v=oWbzft4PhQA,28,12,52,https://www.youtube.com/watch?v=oWbzft4PhQA,0,0,0,,0,0,0,0,
4fc02db3aab84e6cb526c02405d18c6e,362,16924,0,0,0,,0,0,0,,0,0,0,,149,0,0,0,
e4bea3dcc8934426a57516d4d6b373f4,358,1320,0,0,0,,0,0,0,,0,0,0,,1501,412,145,833,https://www.twitch.tv/videos/2068254603
da3d722ffea34b5b87fbb62c6026cba2,357,12279,20,0,20,https://www.youtube.com/watch?v=ryDrfcgbQzc,20,0,20,https://www.youtube.com/watch?v=ryDrfcgbQzc,0,0,0,,108,0,0,0,
bd119628dae64d45b71b44e0f158f23a,357,3457,0,0,0,,0,0,0,,0,0,0,,2591,337,289,431,https://www.twitch.tv/videos/2068325296
3b0f8e9ace2b46a087a665d5c10b38dd,357,6163,57,19,84,https://www.youtube.com/watch?v=54ZND8XLiyo,0,0,0,,57,19,84,https://www.youtube.com/watch?v=54ZND8XLiyo,0,0,0,0,
592e288d58c94472ba3da9108d4747c8,356,0,0,0,0,,0,0,0,,0,0,0,,0,0,0,0,
3981c01691a44d708da1191e9546eaad,355,21869,43,25,126,https://www.youtube.com/watch?v=Vok7wqWp9bo,43,25,126,https://www.youtube.com/watch?v=Vok7wqWp9bo,0,0,0,,0,0,0,0,
f6a02208132e4cdeb72d84d1fb487384,354,932,0,0,0,,0,0,0,,0,0,0,,0,0,0,0,
5298121274154e4b9154e8ac47d98beb,354,9988,49,22,73,https://www.youtube.com/watch?v=hbU0DPvArcE,48,22,73,https://www.youtube.com/watch?v=hbU0DPvArcE,55,36,55,https://www.youtube.com/watch?v=Z6AFPTdARGs,0,0,0,0,
6ec876adec524585af913c1585e8df1f,354,9327,0,0,0,,0,0,0,,0,0,0,,1222,0,0,0,
12d506583827419e9eb3b64ec551a94d,354,2560,50,15,98,https://www.youtube.com/watch?v=JMJAUU2ACp4,50,15,98,https://www.youtube.com/watch?v=JMJAUU2ACp4,0,0,0,,18,0,0,0,
f479e1403f614727a5f2a2be339bad74,353,7045,143,52,5810,https://www.youtube.com/watch?v=K_uzVxeWaeg,0,0,0,,143,52,5810,https://www.youtube.com/watch?v=K_uzVxeWaeg,1204,350,304,422,https://www.twitch.tv/videos/2070858560
b96f58f4373a4b65977afe5f2829e9e4,353,59437,36,11,71,https://www.youtube.com/watch?v=4gWYL6QcFik,37,14,71,https://www.youtube.com/watch?v=4gWYL6QcFik,36,6,36,https://www.youtube.com/watch?v=Z3Yzp0kCWY4,232,67,51,80,https://www.twitch.tv/videos/2064417325
8013fa67a08945a5b4b976156b6f610f,353,6179,0,0,0,,0,0,0,,0,0,0,,318,0,0,0,
1c096a5610c0459b84c74213c3b30f85,351,13272,0,0,0,,0,0,0,,0,0,0,,175,25,17,25,https://www.twitch.tv/videos/2064513499
7731172cfcaa4e668762473a7b9d509a,351,7599,43,14,225,https://www.youtube.com/watch?v=ksyG_2n4QbM,0,0,0,,43,14,225,https://www.youtube.com/watch?v=ksyG_2n4QbM,435,44,26,49,https://www.twitch.tv/videos/2062282016
d23dbc9d1db64c42821697d1bac8fb66,351,8954,124,50,242,https://www.youtube.com/watch?v=FY-vDo1bZ5A,124,50,242,https://www.youtube.com/watch?v=FY-vDo1bZ5A,0,0,0,,0,0,0,0,
ae7dbe93a8cc4651b5ddb7b539e85d6b,350,21128,35,7,35,https://www.youtube.com/watch?v=N5WlPQg7k0I,35,7,35,https://www.youtube.com/watch?v=N5WlPQg7k0I,0,0,0,,0,0,0,0,
366df9da61654531a6581169c70a0432,349,10276,0,0,0,,0,0,0,,0,0,0,,0,0,0,0,
7003e3e3a24244ffb5ebfbbdc20c97f8,349,7782,54,21,89,https://www.youtube.com/watch?v=2swJuE1_zqw,54,21,89,https://www.youtube.com/watch?v=2swJuE1_zqw,0,0,0,,0,0,0,0,
836015916a40475bb608e8c6a69b6a09,348,23927,33,26,56,https://www.youtube.com/watch?v=Kk5b7uygbc0,0,0,0,,33,26,56,https://www.youtube.com/watch?v=Kk5b7uygbc0,0,0,0,0,
1391c9808cd64cecb670a24b210ebc3f,347,0,0,0,0,,0,0,0,,0,0,0,,0,0,0,0,
5ae7e41f9b9a420d9217a0b2c6755f52,347,3453,0,0,0,,0,0,0,,0,0,0,,0,0,0,0,
fad69c2a625446829ef410d9ef277c8f,346,8367,218,101,457,https://www.youtube.com/watch?v=HR5tOpPDhtU,223,219,223,https://www.youtube.com/watch?v=ccCjWw1tEbg,161,66,457,https://www.youtube.com/watch?v=HR5tOpPDhtU,0,0,0,0,
1204e14e13fb4e1e9dcbd47e1a8dc7b2,346,6491,126,70,126,https://www.youtube.com/watch?v=LjZIMY6tAyU,0,0,0,,126,70,126,https://www.youtube.com/watch?v=LjZIMY6tAyU,616,0,0,0,
60a64aca51ed4528895fe35b08231670,346,7966,0,0,0,,0,0,0,,0,0,0,,299,28,22,28,https://www.twitch.tv/videos/2067417679
6503172c78774a0fa639255ac2e7e85a,344,10652,38,21,105,https://www.youtube.com/watch?v=ew1mombjTbk,38,21,105,https://www.youtube.com/watch?v=ew1mombjTbk,43,26,73,https://www.youtube.com/watch?v=oLEDW7I4RUY,0,0,0,0,
a56567301c734548bad86e8ace7d9140,344,49984,50,31,74,https://www.youtube.com/watch?v=59qFdp6UEq4,0,0,0,,50,31,74,https://www.youtube.com/watch?v=59qFdp6UEq4,0,0,0,0,
1058d6e9f351455389e8a7a716ea26ff,343,14780,24,12,189,https://www.youtube.com/watch?v=am11u4YykLc,24,12,189,https://www.youtube.com/watch?v=am11u4YykLc,0,0,0,,2559,174,136,319,https://www.twitch.tv/videos/2064404992
1d1e155c827e4ed2a0596c256983c22d,343,25482,3,2,4,https://www.youtube.com/watch?v=uDsZ2F0W5I4,0,0,0,,3,2,4,https://www.youtube.com/watch?v=uDsZ2F0W5I4,1172,196,132,279,https://www.twitch.tv/videos/2060554784
0e9aeecbe8f04a62ab781cf2e520eba0,343,2364,47,22,152,https://www.youtube.com/watch?v=jx4KMGWvn6I,0,0,0,,47,22,152,https://www.youtube.com/watch?v=jx4KMGWvn6I,3693,781,369,1847,https://www.twitch.tv/videos/2050863224
f46e5ebb899548cab53d24f1901315b0,341,12399,48,35,48,https://www.youtube.com/watch?v=nhOO_8JsrVE,48,35,48,https://www.youtube.com/watch?v=nhOO_8JsrVE,0,0,0,,147,0,0,0,
8ba365057cdb4ba5ba9c27c02c7c7f3d,341,155,0,0,0,,0,0,0,,0,0,0,,1056,0,0,0,
6695a7e8f824489881f2c321501a36a6,341,19865,26,13,70,https://www.youtube.com/watch?v=UCOkZx9Lh4g,26,13,70,https://www.youtube.com/watch?v=UCOkZx9Lh4g,0,0,0,,0,0,0,0,
c97b665a89c34600be01f83eb1f77063,341,8506,26,22,46,https://www.youtube.com/watch?v=dnM_F-gOSiA,0,0,0,,26,22,46,https://www.youtube.com/watch?v=dnM_F-gOSiA,0,0,0,0,
517ef8a3c92b4216b2cabffcb2ec3aaf,338,15206,0,0,0,,0,0,0,,0,0,0,,0,0,0,0,
23826e240c9f40a39ff844a76de91c84,338,1554,0,0,0,,0,0,0,,0,0,0,,0,0,0,0,
36e84e22a57148769dd1f1b0c90cbabd,338,1101,0,0,0,,0,0,0,,0,0,0,,993,0,0,0,
12f22a9f1ecf4807a61eee4d628d4bd3,337,4438,0,0,0,,0,0,0,,0,0,0,,0,0,0,0,
d44dc8542b4f4dacab8f54b7e3483728,337,8626,67,39,407,https://www.youtube.com/watch?v=WPo0JjFtOoY,67,39,407,https://www.youtube.com/watch?v=WPo0JjFtOoY,0,0,0,,0,0,0,0,
ca161c4e0ef54cd4a311705625caf164,336,9177,147,121,147,https://www.youtube.com/watch?v=AUDwXH2wbtU,0,0,0,,147,121,147,https://www.youtube.com/watch?v=AUDwXH2wbtU,2348,130,101,237,https://www.twitch.tv/videos/2063365420
38ae17784f894dc190a28b89e5555cd3,336,2415,0,0,0,,0,0,0,,0,0,0,,0,0,0,0,
1cddca10dd334373b8f51b3b0ed2efe4,336,12340,14,5,98,https://www.youtube.com/watch?v=u2FXAQfH9Zw,0,0,0,,14,5,98,https://www.youtube.com/watch?v=u2FXAQfH9Zw,0,0,0,0,
92954c3082f74d239222d16aa5c69667,336,14104,0,0,0,,0,0,0,,0,0,0,,0,0,0,0,
e32b6351f1684034955171b93b1c5e63,335,0,0,0,0,,0,0,0,,0,0,0,,1691,258,148,329,https://www.twitch.tv/videos/2061346599
87df5b92303e4410884b8c52ff2c4e0d,335,9732,6,2,41,https://www.youtube.com/watch?v=UPWokNFSWDE,0,0,0,,6,2,41,https://www.youtube.com/watch?v=UPWokNFSWDE,419,137,87,384,https://www.twitch.tv/videos/2067253365
0f5e3935971449daa91b654886313110,334,8140,0,0,0,,0,0,0,,0,0,0,,2246,0,0,0,
d50d9b85f098470c8220cd99de802b17,330,15378,33,14,59,https://www.youtube.com/watch?v=tzJ9CzqBLPk,34,14,59,https://www.youtube.com/watch?v=tzJ9CzqBLPk,4,3,4,https://www.youtube.com/watch?v=5XzCg6p53hg,0,0,0,0,
b0df22881775422093e3e64a63b01a5a,330,14583,47,33,54,https://www.youtube.com/watch?v=Fd1TXKj4-08,52,33,52,https://www.youtube.com/watch?v=tCopxi_5dUA,36,31,54,https://www.youtube.com/watch?v=Fd1TXKj4-08,114,0,0,0,
04ceb6c0caf740f4a694cad25f537c1f,330,10413,85,29,141,https://www.youtube.com/watch?v=PipBdhF_DyM,29,8,29,https://www.youtube.com/watch?v=O-uLb-PfQnY,141,51,141,https://www.youtube.com/watch?v=PipBdhF_DyM,119,0,0,0,
cc85e4120c0746b7925c898a963f0747,327,18195,9,3,23,https://www.youtube.com/watch?v=V7kq9OJbb8o,12,5,23,https://www.youtube.com/watch?v=V7kq9OJbb8o,4,1,6,https://www.youtube.com/watch?v=OEUtagRTFd0,0,0,0,0,
57843e9c870647729c2438a7a7077008,327,6229,0,0,0,,0,0,0,,0,0,0,,103,0,0,0,
281576aa13244a6e8671de0896a890c6,326,15873,0,0,0,,0,0,0,,0,0,0,,345,0,0,0,
3f2e41bdee4145f59fa97830ba3f5edb,326,192,22,15,22,https://www.youtube.com/watch?v=Dd0OsLmNJXc,0,0,0,,22,15,22,https://www.youtube.com/watch?v=Dd0OsLmNJXc,1168,257,205,396,https://www.twitch.tv/videos/2066548787
8b0dbadf9faa4815923944437f1c1abb,325,31812,10,3,68,https://www.youtube.com/watch?v=zZ492Gl36O0,0,0,0,,10,3,68,https://www.youtube.com/watch?v=zZ492Gl36O0,0,0,0,0,
31c7fada1ab24cbd83ab4ae698955a29,324,4482,73,49,360,https://www.youtube.com/watch?v=UiBi4Wwzyoc,73,49,360,https://www.youtube.com/watch?v=UiBi4Wwzyoc,0,0,0,,0,0,0,0,
779093d7bffe454aac7df7aea003f150,322,3618,0,0,0,,0,0,0,,0,0,0,,0,0,0,0,
6e965d00e9c04598956d0dbcd7518511,322,74844,0,0,0,,0,0,0,,0,0,0,,0,0,0,0,
7e1072448d24495f8cac5163c0290989,322,5976,60,40,142,https://www.youtube.com/watch?v=w9L1uChpzPU,60,40,142,https://www.youtube.com/watch?v=w9L1uChpzPU,0,0,0,,0,0,0,0,
73755322c8e74479864369766f924be1,322,15967,0,0,0,,0,0,0,,0,0,0,,4771,530,401,867,https://www.twitch.tv/videos/2065211339
a8a366c9d633476d8a2fa879f91172ac,321,19711,0,0,0,,0,0,0,,0,0,0,,0,0,0,0,
5c3ea93753724a63b32071a7a580af7b,321,14718,3,2,7,https://www.youtube.com/watch?v=YwwwNqN5RFo,0,0,0,,3,2,7,https://www.youtube.com/watch?v=YwwwNqN5RFo,1856,58,39,129,https://www.twitch.tv/videos/2062513424
0591345aa6634a73ac41f08af6d4e06e,320,10246,53,22,219,https://www.youtube.com/watch?v=Gh1kY061Q50,53,22,109,https://www.youtube.com/watch?v=D7LDkUPXM8Y,128,58,219,https://www.youtube.com/watch?v=Gh1kY061Q50,0,0,0,0,
4f2a933e597d4360b8dc52ceaa0d1cff,320,2144,70,14,82,https://www.youtube.com/watch?v=lwrEu6cc-ws,70,14,82,https://www.youtube.com/watch?v=lwrEu6cc-ws,0,0,0,,0,0,0,0,
93bf43bc175742cd8c7af6b80687cd84,319,5973,0,0,0,,0,0,0,,0,0,0,,1274,0,0,0,
3ffe754930804f09ac328f7e6e9c53bd,318,11787,51,23,358,https://www.youtube.com/watch?v=eu0vOv6TPRc,74,30,358,https://www.youtube.com/watch?v=eu0vOv6TPRc,43,20,102,https://www.youtube.com/watch?v=dZJeTHEMyw8,0,0,0,0,
e41bf48a09d64e4aa3d96064a9a63b08,317,22571,13,5,16,https://www.youtube.com/watch?v=pZ1yA1eNmVw,13,5,16,https://www.youtube.com/watch?v=pZ1yA1eNmVw,0,0,0,,78,0,0,0,
b386124230514f5fa128ad046e85f12f,316,3910,12,3,13,https://www.youtube.com/watch?v=YnY-A8PpkMI,12,3,13,https://www.youtube.com/watch?v=YnY-A8PpkMI,0,0,0,,258,44,31,194,https://www.twitch.tv/videos/2067349523
cffb719c9d4645d4a2d6eefca66902d9,316,3519,0,0,0,,0,0,0,,0,0,0,,606,0,0,0,
ba795eb1ea0f4fea888b1bfff3d5be86,315,7862,18,2,25,https://www.youtube.com/watch?v=_jDKjRSTlAA,0,0,0,,18,2,25,https://www.youtube.com/watch?v=_jDKjRSTlAA,2803,231,140,449,https://www.twitch.tv/videos/2063160102
dbf7b5a346e645f7be7d0d19d2193bc5,315,17131,0,0,0,,0,0,0,,0,0,0,,0,0,0,0,
7f494e37d17544878977d81e26b13897,314,170,0,0,0,,0,0,0,,0,0,0,,0,0,0,0,
3083d2b8192843958b2852553cb3bc70,314,2474,0,0,0,,0,0,0,,0,0,0,,276,104,60,136,https://www.twitch.tv/videos/2059769590
f44835c18dac441f910f4eb821ffd7ce,312,8918,46,33,85,https://www.youtube.com/watch?v=qyr1EkN4B-s,0,0,0,,46,33,85,https://www.youtube.com/watch?v=qyr1EkN4B-s,2844,194,157,256,https://www.twitch.tv/videos/2072283631
4d9730dc400443e6b8edb719febd5f46,312,2785,0,0,0,,0,0,0,,0,0,0,,0,0,0,0,
9a1010457a0e40b398120afabf5626f2,312,3352,0,0,0,,0,0,0,,0,0,0,,0,0,0,0,
75f054a2cc1c4f9fa406626859d3765e,311,10809,11,8,2448,https://www.youtube.com/watch?v=RbX4UPyvGNg,0,0,0,,11,8,2448,https://www.youtube.com/watch?v=RbX4UPyvGNg,559,53,44,53,https://www.twitch.tv/videos/2068382240
9bd9d680d6cf48d1a7171430f286fcb1,310,9848,23,11,52,https://www.youtube.com/watch?v=17aTyKUrJZo,23,11,52,https://www.youtube.com/watch?v=17aTyKUrJZo,0,0,0,,0,0,0,0,
682e400513134d0bacfa85513958c64d,310,5852,72,64,72,https://www.youtube.com/watch?v=CzRhlm574Dw,0,0,0,,72,64,72,https://www.youtube.com/watch?v=CzRhlm574Dw,691,286,198,286,https://www.twitch.tv/videos/2064229561
20915e6ca29e46589858783bae3a4885,310,7509,68,39,108,https://www.youtube.com/watch?v=tij-5Dw2SKU,0,0,0,,68,39,108,https://www.youtube.com/watch?v=tij-5Dw2SKU,0,0,0,0,
2df2e0bc14fa4450a0d17d294b5a0bc0,309,20540,4,2,7,https://www.youtube.com/watch?v=LIOVqRSfeik,0,0,0,,4,2,7,https://www.youtube.com/watch?v=LIOVqRSfeik,0,0,0,0,
f18f778f8a8b468cbe7dcd350228e3fb,309,2296,5,2,8,https://www.youtube.com/watch?v=JKOgGt0jWag,0,0,0,,5,2,8,https://www.youtube.com/watch?v=JKOgGt0jWag,1815,0,0,0,
9350b5c36c9e4f3faf01dfdda5b263f5,308,3418,0,0,0,,0,0,0,,0,0,0,,929,141,103,141,https://www.twitch.tv/videos/2065301963
f2b0bc3e82024bd3ae1c7cb5fe926829,308,8353,48,25,58,https://www.youtube.com/watch?v=v5cAYFwyXFo,48,25,58,https://www.youtube.com/watch?v=v5cAYFwyXFo,0,0,0,,0,0,0,0,
0527000bcba9495993dd16a298ca6629,308,1086,0,0,0,,0,0,0,,0,0,0,,0,0,0,0,
09ceaec049b74c6bbe11eca7d4aa3cf6,307,7694,0,0,0,,0,0,0,,0,0,0,,0,0,0,0,
533e7b1b50ba448292c09c5845d68eb6,307,3382,55,21,107,https://www.youtube.com/watch?v=RFxwXfC0W-o,55,21,107,https://www.youtube.com/watch?v=RFxwXfC0W-o,0,0,0,,59,42,34,80,https://www.twitch.tv/videos/2066355686
64e20992295c4be984e9af0a470d6440,306,4150,0,0,0,,0,0,0,,0,0,0,,4342,381,285,955,https://www.twitch.tv/videos/2069325109
2a2b7990365f4a1bb1d8acf1ae0f2f32,306,21448,32,14,88,https://www.youtube.com/watch?v=RZFVpEtqYZY,32,16,88,https://www.youtube.com/watch?v=RZFVpEtqYZY,27,1,36,https://www.youtube.com/watch?v=z5-PgZzv3eg,91,4,3,9,https://www.twitch.tv/videos/2072278197
be1bfb3aafb34118808fd5a5c059ffaf,304,26653,0,0,0,,0,0,0,,0,0,0,,516,539,407,1520,https://www.twitch.tv/videos/2059651937
e1421ddfd4e442b490e2a74656a2838d,304,314,0,0,0,,0,0,0,,0,0,0,,777,0,0,0,
3d5a0befb7b042f697f70d5fb3d6ab94,303,7978,0,0,0,,0,0,0,,0,0,0,,0,0,0,0,
819cc1636ec94c0ab290b4513c6d629d,303,4023,60,13,87,https://www.youtube.com/watch?v=PVYDhoLT1fY,0,0,0,,60,13,87,https://www.youtube.com/watch?v=PVYDhoLT1fY,2964,649,268,1085,https://www.twitch.tv/videos/2060097868
e290f49c193149708cd72747639d5ced,303,12913,41,37,97,https://www.youtube.com/watch?v=KuHkWMUK52g,33,25,35,https://www.youtube.com/watch?v=Na9Fk3hnpFA,72,48,97,https://www.youtube.com/watch?v=KuHkWMUK52g,0,0,0,0,
984a03604a2d4573afc33967b1fa0a72,301,13449,47,21,66,https://www.youtube.com/watch?v=1XqECwQnYso,47,21,66,https://www.youtube.com/watch?v=1XqECwQnYso,0,0,0,,0,0,0,0,
e94e1e38a611403192e4db197c2d9d91,300,7433,0,0,0,,0,0,0,,0,0,0,,0,0,0,0,
7232734df59c4e099205c7685007d8d4,300,60463,5,3,7,https://www.youtube.com/watch?v=N6atAnOYW5s,0,0,0,,5,3,7,https://www.youtube.com/watch?v=N6atAnOYW5s,729,29,18,53,https://www.twitch.tv/videos/2060689645
480715845a044cb780b135e2bfd0ded8,299,12646,36,16,42,https://www.youtube.com/watch?v=A65-GhHecQY,36,16,42,https://www.youtube.com/watch?v=A65-GhHecQY,0,0,0,,0,0,0,0,
66097c1553b44a319b2f2ebe78a61d28,299,6128,0,0,0,,0,0,0,,0,0,0,,0,0,0,0,
389bd53524c74c44a32d72279b288b17,298,2104,14,8,14,https://www.youtube.com/watch?v=mxXQNbb1Buo,0,0,0,,14,8,14,https://www.youtube.com/watch?v=mxXQNbb1Buo,0,0,0,0,
fe8d6fb5e9284433953fb181f0fb20ce,298,3934,0,0,0,,0,0,0,,0,0,0,,0,0,0,0,
65b062ea07ad41129c44c73d583e6f92,297,12971,0,0,0,,0,0,0,,0,0,0,,0,0,0,0,
9abd60c00f0f412b978a2398b13ac4e8,297,37367,0,0,0,,0,0,0,,0,0,0,,0,0,0,0,
96ff628d2280470b833174c32200a749,297,4167,92,47,351,https://www.youtube.com/watch?v=ysEWwZkhoN8,92,47,351,https://www.youtube.com/watch?v=ysEWwZkhoN8,0,0,0,,0,0,0,0,
95df3846ff6644429227e9e058994ad8,297,11885,44,26,65,https://www.youtube.com/watch?v=q23hlgR2Sek,44,26,65,https://www.youtube.com/watch?v=q23hlgR2Sek,0,0,0,,0,0,0,0,
2af109d54b1c49968b572aa2b59664ab,297,11919,0,0,0,,0,0,0,,0,0,0,,0,0,0,0,
6d5302878a2a4d369cb812efdc6232bd,296,2690,0,0,0,,0,0,0,,0,0,0,,403,0,0,0,
b00b0e3472e1464ab477bbef9639b47d,294,15258,0,0,0,,0,0,0,,0,0,0,,0,0,0,0,
5734f8f1aa53439e84769631937e0dd7,293,0,0,0,0,,0,0,0,,0,0,0,,0,0,0,0,
9d5365bf17564326a578781a38b72bea,292,0,0,0,0,,0,0,0,,0,0,0,,0,0,0,0,
e773129f910c4bd182f3b702c9ec1b55,292,8107,23,15,28,https://www.youtube.com/watch?v=2PsZ00XDGMc,23,15,28,https://www.youtube.com/watch?v=2PsZ00XDGMc,0,0,0,,0,0,0,0,
1e59cd43a10a44edb1407fb8ba8529a8,291,9489,15,7,88,https://www.youtube.com/watch?v=TBZbjpBg4_k,88,78,88,https://www.youtube.com/watch?v=TBZbjpBg4_k,14,7,17,https://www.youtube.com/watch?v=8tckceD7H6I,0,0,0,0,
921b0b3a8dd64a5494720801af95ba06,291,1179,169,98,465,https://www.youtube.com/watch?v=Jvb9Llt2lX8,67,59,272,https://www.youtube.com/watch?v=7jQ7C8gLHos,342,137,465,https://www.youtube.com/watch?v=Jvb9Llt2lX8,0,0,0,0,
c194064ba23845cd9ef020dd9db79895,291,7356,0,0,0,,0,0,0,,0,0,0,,1130,208,164,336,https://www.twitch.tv/videos/2063219087
d5f59c2707ee449dadea1d736de1b9ef,291,0,0,0,0,,0,0,0,,0,0,0,,2318,0,0,0,
67b37e4e1f2f49d88a047d650b70be91,290,1245,0,0,0,,0,0,0,,0,0,0,,1351,41,35,93,https://www.twitch.tv/videos/2059348957
99f95450781349058c1c4098d6fe9f41,289,4318,57,20,642,https://www.youtube.com/watch?v=kalFUrIlAb4,56,15,100,https://www.youtube.com/watch?v=eYjIlnxdknA,374,290,642,https://www.youtube.com/watch?v=kalFUrIlAb4,0,0,0,0,
8c0ff863d66348898311ee83d16257b5,289,3285,33,21,42,https://www.youtube.com/watch?v=60R79Hij25Q,33,21,42,https://www.youtube.com/watch?v=60R79Hij25Q,0,0,0,,83,0,0,0,
56f4716f4b694eb3a29ad539035a262c,289,1591,183,94,663,https://www.youtube.com/watch?v=BPNGwhWFB4Y,122,90,663,https://www.youtube.com/watch?v=BPNGwhWFB4Y,244,98,244,https://www.youtube.com/watch?v=V6EXIIElc4o,0,0,0,0,
7d0d99e77f624bdc934b17212a39a894,289,602,0,0,0,,0,0,0,,0,0,0,,2014,243,189,322,https://www.twitch.tv/videos/2059704035
bc5f0ae969564d15a5e85bfbe4df3164,287,9012,0,0,0,,0,0,0,,0,0,0,,38,0,0,0,
52fc7c19da6847319816774b66ff9184,286,6172,31,0,31,https://www.youtube.com/watch?v=j5ZyItx5k1s,31,0,31,https://www.youtube.com/watch?v=j5ZyItx5k1s,0,0,0,,0,0,0,0,
890c5d306c5f4a218f861c8a98a1e74a,286,4844,0,0,0,,0,0,0,,0,0,0,,67,0,0,0,
670df075e5f9402bbcb6369685838b02,285,5153,18,12,21,https://www.youtube.com/watch?v=tP4KydluDUo,18,12,21,https://www.youtube.com/watch?v=tP4KydluDUo,0,0,0,,0,0,0,0,
483a76d7ad1d464aa290606959ddddec,285,11011,88,52,268,https://www.youtube.com/watch?v=EfAPuso9Dy8,95,58,268,https://www.youtube.com/watch?v=EfAPuso9Dy8,39,16,47,https://www.youtube.com/watch?v=D3GBWEoKyX8,73,8,7,8,https://www.twitch.tv/videos/2071216505
b1651e8028234aaa9e6167f6ec9f6979,285,6768,0,0,0,,0,0,0,,0,0,0,,0,0,0,0,
d61dc44af2ba4985a85de19b5b29cf64,284,30640,0,0,0,,0,0,0,,0,0,0,,0,0,0,0,
836540821b58433e9e04bea62c49cf2d,283,0,0,0,0,,0,0,0,,0,0,0,,362,0,0,0,
26b00f5ff5bf4b5a8dcb6c5c34e1b4f6,282,2587,0,0,0,,0,0,0,,0,0,0,,918,387,373,851,https://www.twitch.tv/videos/2066861654
bd7947d2357941039893b911b18f3b4c,282,17622,26,16,126,https://www.youtube.com/watch?v=bWbdxEIEpgg,33,11,126,https://www.youtube.com/watch?v=bWbdxEIEpgg,24,18,24,https://www.youtube.com/watch?v=pXhBrFjB3t4,453,43,24,112,https://www.twitch.tv/videos/2065256083
b511c9a0eba7474fbb8ac8d02ff357b7,282,11000,51,21,151,https://www.youtube.com/watch?v=hzhtCZPCSdo,51,21,151,https://www.youtube.com/watch?v=hzhtCZPCSdo,0,0,0,,0,0,0,0,
df7b08cd72224681a63e6e85e0753132,281,17356,0,0,0,,0,0,0,,0,0,0,,101,0,0,0,
3f62f160b225436188d6ab2707966b11,281,13398,0,0,0,,0,0,0,,0,0,0,,0,0,0,0,
db67d9cacbcf4797ba2d41a6d115e2ff,280,5860,59,11,96,https://www.youtube.com/watch?v=FE8ZRTF1e9k,59,11,96,https://www.youtube.com/watch?v=FE8ZRTF1e9k,0,0,0,,0,0,0,0,
279a45d6a8f9445389b9b8cdbcb72ae8,279,25165,652,57,652,https://www.youtube.com/watch?v=g3v11EABj4s,0,0,0,,652,57,652,https://www.youtube.com/watch?v=g3v11EABj4s,174,0,0,0,
a2ca2eb4da5b4df3aa59637e1dbc260b,279,1782,84,2,84,https://www.youtube.com/watch?v=P5U56uoFyec,0,0,0,,84,2,84,https://www.youtube.com/watch?v=P5U56uoFyec,561,0,0,0,
03e9bea117bd4b5ba189b48f1617d9bb,279,7500,46,25,46,https://www.youtube.com/watch?v=OSE_krQ0Euk,46,25,46,https://www.youtube.com/watch?v=OSE_krQ0Euk,0,0,0,,0,0,0,0,
dfc411c6b5d24d97b944f527ddfd2f0b,277,14454,54,20,83,https://www.youtube.com/watch?v=SNrN2GkKiOw,54,20,83,https://www.youtube.com/watch?v=SNrN2GkKiOw,0,0,0,,0,0,0,0,
ea2b16c153d34b2d900cefbffcb07bff,277,1388,0,0,0,,0,0,0,,0,0,0,,1101,0,0,0,
d859857097fe4e9d90a2d840c0e7fca1,277,14681,0,0,0,,0,0,0,,0,0,0,,193,42,40,42,https://www.twitch.tv/videos/2072296389
3180bc4f141e4edfa2775078350d7ef8,276,8253,0,0,0,,0,0,0,,0,0,0,,647,27,23,27,https://www.twitch.tv/videos/2069349443
c485c46db92a4cda909347804da07153,274,16525,0,0,0,,0,0,0,,0,0,0,,307,0,0,0,
cb5ff5f1898a45b1bc27a32057a1fa91,273,3260,46,18,71,https://www.youtube.com/watch?v=xLwz0drOuZI,32,9,42,https://www.youtube.com/watch?v=uOXdBFfwuXQ,62,25,71,https://www.youtube.com/watch?v=xLwz0drOuZI,590,158,93,170,https://www.twitch.tv/videos/2060325520
bb0466e52fe240099d8498548b2fad3e,272,14303,0,0,0,,0,0,0,,0,0,0,,80,0,0,0,
cbb0ea239d8e4f65a46ada52dfb778e3,272,2427,0,0,0,,0,0,0,,0,0,0,,285,0,0,0,
0a9ce04e6eee4c6d8dde6eb5a0f56c20,272,7356,14,8,71,https://www.youtube.com/watch?v=tP2xSuQBXvA,53,13,71,https://www.youtube.com/watch?v=tP2xSuQBXvA,14,7,15,https://www.youtube.com/watch?v=5hpvSqAMNug,0,0,0,0,
f3fe9fb6de2a477fae878a39924c15bd,271,4015,0,0,0,,0,0,0,,0,0,0,,1373,356,259,457,https://www.twitch.tv/videos/2065305321
6fa20242354646ad8e8feea8d52e514e,271,6284,14,0,54,https://www.youtube.com/watch?v=yzuKO4-XjuY,0,0,0,,14,0,54,https://www.youtube.com/watch?v=yzuKO4-XjuY,0,0,0,0,
5226367de740445789ec9b65a84d65c5,271,5366,25,4,52,https://www.youtube.com/watch?v=u0bXRRR2JA4,23,4,52,https://www.youtube.com/watch?v=u0bXRRR2JA4,28,1,49,https://www.youtube.com/watch?v=UIQ86xdAJL4,209,0,0,0,
fa83a68ebfff419983124d69373ede6f,271,1765,0,0,0,,0,0,0,,0,0,0,,1128,394,273,630,https://www.twitch.tv/videos/2062368681
238b751368474f798a737e7cf1f4a87b,270,3366,12,6,113,https://www.youtube.com/watch?v=yC7ebMl9ej8,0,0,0,,12,6,113,https://www.youtube.com/watch?v=yC7ebMl9ej8,816,177,117,374,https://www.twitch.tv/videos/2066336349
0f813d66362d4fc29dad8261e04e8d43,269,339,0,0,0,,0,0,0,,0,0,0,,125,0,0,0,
59654ead905a4db2bbcb33812148555f,269,13308,18,6,46,https://www.youtube.com/watch?v=vIC9dW5EcNw,18,6,46,https://www.youtube.com/watch?v=vIC9dW5EcNw,0,0,0,,0,0,0,0,
c72045d5b8714411af64d5c9d29cea97,269,8805,41,31,151,https://www.youtube.com/watch?v=kba1z727fow,41,31,55,https://www.youtube.com/watch?v=juC7C9Nm4tA,83,78,151,https://www.youtube.com/watch?v=kba1z727fow,0,0,0,0,
6542ad533b67427ab99e5b2277ace17d,268,6238,108,97,199,https://www.youtube.com/watch?v=QequAjUyC6c,108,97,199,https://www.youtube.com/watch?v=QequAjUyC6c,0,0,0,,0,0,0,0,
21f5355738614770afb34b761a4c45af,268,2968,0,0,0,,0,0,0,,0,0,0,,0,0,0,0,
e7ac18c2e713426692cfd0ef7fe2b897,268,0,0,0,0,,0,0,0,,0,0,0,,136,26,16,55,https://www.twitch.tv/videos/2071172741
6790376d72ef4bb992cef011444aeeb6,268,29847,36,17,500,https://www.youtube.com/watch?v=3EZeACNwJIs,22,15,51,https://www.youtube.com/watch?v=QB65KsGW66w,500,100,500,https://www.youtube.com/watch?v=3EZeACNwJIs,0,0,0,0,
f24626ac0ce34975a3b3fd6d8455f4f7,266,5447,182,55,250,https://www.youtube.com/watch?v=dxG_5v4daf8,0,0,0,,182,55,250,https://www.youtube.com/watch?v=dxG_5v4daf8,149,0,0,0,
8a8a1d0901c04d568be19e2d8bbc9ca1,266,23507,77,34,1811,https://www.youtube.com/watch?v=DwpmQtPYRZQ,0,0,0,,77,34,1811,https://www.youtube.com/watch?v=DwpmQtPYRZQ,0,0,0,0,
faa4994019724702a9da315a8c3641bc,265,192,108,106,172,https://www.youtube.com/watch?v=zYNJZAGwvNw,172,169,172,https://www.youtube.com/watch?v=zYNJZAGwvNw,45,43,45,https://www.youtube.com/watch?v=KgmctFwyZNs,0,0,0,0,
07930a961f0b4078a14f0a57f0a93965,265,17513,46,26,53,https://www.youtube.com/watch?v=zlcrnIYy6B8,46,26,53,https://www.youtube.com/watch?v=zlcrnIYy6B8,0,0,0,,0,0,0,0,
a1f8a0af53c34922b0c66ebdf4b3381d,264,13697,52,0,52,https://www.youtube.com/watch?v=IjZiWEElYoI,52,0,52,https://www.youtube.com/watch?v=IjZiWEElYoI,0,0,0,,0,0,0,0,
a6a155230538488e8488f01160598837,264,16092,0,0,0,,0,0,0,,0,0,0,,0,0,0,0,
c92baa46ff4e41c9918ad2427c0853d6,264,13977,0,0,0,,0,0,0,,0,0,0,,2911,262,212,682,https://www.twitch.tv/videos/2061595193
67bee95d50024c5e8868842f1ab31ff4,263,11806,42,38,42,https://www.youtube.com/watch?v=P_Fp0DD3UiM,42,38,42,https://www.youtube.com/watch?v=P_Fp0DD3UiM,0,0,0,,0,0,0,0,
566e5b6f438a4cacb3e4036eb9ffe9b8,263,6800,74,29,140,https://www.youtube.com/watch?v=JO6UXGhdubo,74,29,140,https://www.youtube.com/watch?v=JO6UXGhdubo,0,0,0,,0,0,0,0,
d09b9f800b7940deb1f8a2b58a302f07,263,2507,0,0,0,,0,0,0,,0,0,0,,3737,543,358,885,https://www.twitch.tv/videos/2065483085
ca8d038d311e4cccb2deded15cee89cd,262,12223,20,8,30,https://www.youtube.com/watch?v=m7BrrKSwqAI,20,8,30,https://www.youtube.com/watch?v=m7BrrKSwqAI,0,0,0,,13,0,0,0,
943129b96d2341bcb7b25a66c9da2354,262,5123,17,7,191,https://www.youtube.com/watch?v=5crbyDTTajc,16,6,43,https://www.youtube.com/watch?v=HlE-5reYobU,117,24,191,https://www.youtube.com/watch?v=5crbyDTTajc,15422,385,175,759,https://www.twitch.tv/videos/2054758880
d8520b0d7b424141bf19b3254d264960,262,4378,38,28,38,https://www.youtube.com/watch?v=JojWtgMFxMA,38,28,38,https://www.youtube.com/watch?v=JojWtgMFxMA,0,0,0,,0,0,0,0,
bff3b878d9864ff893bd79d1f2a7a849,261,11488,14,8,48,https://www.youtube.com/watch?v=G6GtCkLf55A,14,8,48,https://www.youtube.com/watch?v=G6GtCkLf55A,29,23,35,https://www.youtube.com/watch?v=m6fz_I8k4M8,53,10,8,13,https://www.twitch.tv/videos/2067424047
d2e2645a97a14ce4b58a7884c0e6ec56,260,27207,0,0,0,,0,0,0,,0,0,0,,523,52,40,158,https://www.twitch.tv/videos/2067370497
3146e3f4f06a4fcdb48c0db510d15387,260,2709,0,0,0,,0,0,0,,0,0,0,,8,0,0,0,
15a0bf7611c5483d8d0a106b6a1e6c18,260,5857,0,0,0,,0,0,0,,0,0,0,,0,0,0,0,
0ff25ac169ee4ed584abd2591cb72a59,259,11665,29,3,29,https://www.youtube.com/watch?v=7CbI2UGzys0,29,3,29,https://www.youtube.com/watch?v=7CbI2UGzys0,0,0,0,,0,0,0,0,
736cc97520834b3cac0f06d39fba5101,258,14993,0,0,0,,0,0,0,,0,0,0,,0,0,0,0,
72ee59fb29644f8b88a4dd3d7e91fe39,258,7171,58,49,67,https://www.youtube.com/watch?v=Pn7jChy1Dps,58,49,67,https://www.youtube.com/watch?v=Pn7jChy1Dps,0,0,0,,0,0,0,0,
0e136a936a574815a311e6e801ce3ca6,257,6065,87,40,90,https://www.youtube.com/watch?v=NMPXIlhrNnU,87,40,90,https://www.youtube.com/watch?v=NMPXIlhrNnU,0,0,0,,8,0,0,0,
703cea871ebf4ab6a8b2704f7611197b,257,7348,44,10,44,https://www.youtube.com/watch?v=ivyrFKXnOW0,44,10,44,https://www.youtube.com/watch?v=ivyrFKXnOW0,0,0,0,,0,0,0,0,
921e0a5b34fe4e5897bc5da84457a0b8,256,6423,0,0,0,,0,0,0,,0,0,0,,236,0,0,0,
619f48c4546c481bbc52aadc12c3e48f,256,1077,38,21,38,https://www.youtube.com/watch?v=muctP5aWJMs,0,0,0,,38,21,38,https://www.youtube.com/watch?v=muctP5aWJMs,847,162,139,464,https://www.twitch.tv/videos/2060541586
760be43ef62847d8a7e937cc206280f2,256,1409,49,9,63,https://www.youtube.com/watch?v=Ewi1N6w12g0,49,9,63,https://www.youtube.com/watch?v=Ewi1N6w12g0,0,0,0,,81,0,0,0,
da028e87249944c2a8c86defb7ad3919,255,2999,0,0,0,,0,0,0,,0,0,0,,0,0,0,0,
577fdbca86fa4414a153b5ebdcab90d4,255,1864,54,5,62,https://www.youtube.com/watch?v=QpDycSTGpsw,0,0,0,,54,5,62,https://www.youtube.com/watch?v=QpDycSTGpsw,539,50,37,74,https://www.twitch.tv/videos/2066384513
975ec89d484d499aa1beece0c6731a15,255,11568,0,0,0,,0,0,0,,0,0,0,,0,0,0,0,
4599283c135c4e779cc5068b2bc37156,255,2031,0,0,0,,0,0,0,,0,0,0,,424,203,176,532,https://www.twitch.tv/videos/2068229190
00d9cb7b0bcd451999f4fd33dd84be6c,254,27019,31,10,4619,https://www.youtube.com/watch?v=XVUUnmxwdKg,43,21,43,https://www.youtube.com/watch?v=XaGW7c5zmyc,28,9,4619,https://www.youtube.com/watch?v=XVUUnmxwdKg,2889,223,184,403,https://www.twitch.tv/videos/2066388379
a2b11fd42f704616bf87b12a0d9bac9a,253,4629,10,9,10,https://www.youtube.com/watch?v=pziRrDvEIxU,0,0,0,,10,9,10,https://www.youtube.com/watch?v=pziRrDvEIxU,560,51,38,64,https://www.twitch.tv/videos/2068626421
a091320108954092a07650dd8a31a451,253,11044,0,0,0,,0,0,0,,0,0,0,,0,0,0,0,
4fd8f28a829a45d997ea23d5d4ccc7b5,253,10785,0,0,0,,0,0,0,,0,0,0,,74,0,0,0,
9ee558b898964252a06e2c423f8d58ad,252,0,0,0,0,,0,0,0,,0,0,0,,0,0,0,0,
ab540a5b73bb4dfa85cebffb70fad5db,252,3515,52,9,52,https://www.youtube.com/watch?v=daaz7C1_FJ4,52,9,52,https://www.youtube.com/watch?v=daaz7C1_FJ4,0,0,0,,669,0,0,0,
c6e955ae1fce48678120bc086a436073,251,5838,47,14,95,https://www.youtube.com/watch?v=ZTu9065jjcQ,47,14,95,https://www.youtube.com/watch?v=ZTu9065jjcQ,0,0,0,,0,0,0,0,
17143fd7a2eb41aab006783b2584dda7,250,6125,0,0,0,,0,0,0,,0,0,0,,196,0,0,0,
cd0b2f63c88e4b4abd5b83296a5d7866,250,3292,0,0,0,,0,0,0,,0,0,0,,3531,388,144,642,https://www.twitch.tv/videos/2048987201
1f8e9051b89f40fea13780bcd4a8ef7d,250,2991,0,0,0,,0,0,0,,0,0,0,,79,0,0,0,
84c8fdf79dae4be1a4969a641f0e1acd,249,12999,0,0,0,,0,0,0,,0,0,0,,0,0,0,0,
3a44da0674144e61bff60415cc09a678,249,5510,12,6,13,https://www.youtube.com/watch?v=TFh7LYx07lU,12,6,13,https://www.youtube.com/watch?v=TFh7LYx07lU,0,0,0,,0,0,0,0,
b7f134e273ed4418bbb70033d782bea3,248,32377,0,0,0,,0,0,0,,0,0,0,,0,0,0,0,
7a160bd129144664804dd3fc08fceeb1,248,17869,0,0,0,,0,0,0,,0,0,0,,1298,0,0,0,
c232b3088a6e49b997b325d5de9a3013,247,1908,29,3,32,https://www.youtube.com/watch?v=MF8EpTPYZtw,29,3,32,https://www.youtube.com/watch?v=MF8EpTPYZtw,0,0,0,,125,0,0,0,
0f74555e05794780adc4eb0b9096f727,247,90,90,45,90,https://www.youtube.com/watch?v=KOSPnOPrvd4,0,0,0,,90,45,90,https://www.youtube.com/watch?v=KOSPnOPrvd4,89,0,0,0,
5c85ca3ffbfc4ff6b0591c29fc92b7eb,246,3973,50,29,114,https://www.youtube.com/watch?v=Vtwel8F9kjE,61,31,114,https://www.youtube.com/watch?v=Vtwel8F9kjE,27,7,32,https://www.youtube.com/watch?v=4GRDBGkUL2o,0,0,0,0,
66f7f39ae20e44d39c8ed53da5ca53e7,246,3240,0,0,0,,0,0,0,,0,0,0,,1919,0,0,0,
904217f39af144a9b922beab57e61ae4,246,5769,38,25,88,https://www.youtube.com/watch?v=LoP8N_Efdrs,38,25,88,https://www.youtube.com/watch?v=LoP8N_Efdrs,0,0,0,,82,0,0,0,
acb95c574d8444cd80102796e0d56edd,246,8413,26,5,47,https://www.youtube.com/watch?v=nKSlH2n_k1Q,26,5,47,https://www.youtube.com/watch?v=nKSlH2n_k1Q,0,0,0,,224,0,0,0,
abda6c94394b47ba885c34417e3a4d08,244,6617,48,28,48,https://www.youtube.com/watch?v=wMCQK2x8GIA,0,0,0,,48,28,48,https://www.youtube.com/watch?v=wMCQK2x8GIA,504,138,109,186,https://www.twitch.tv/videos/2063352344
9643c650b1804107b85de1f08010aa9d,241,10564,41,23,125,https://www.youtube.com/watch?v=VXI9Yfw54S0,41,23,52,https://www.youtube.com/watch?v=JLf4zQvQjxI,71,22,125,https://www.youtube.com/watch?v=VXI9Yfw54S0,74,14,11,20,https://www.twitch.tv/videos/2071244444
7179f903569e4fa9842b5c5ea3f7a645,239,10408,22,10,73,https://www.youtube.com/watch?v=AVaFp80TEoQ,22,10,73,https://www.youtube.com/watch?v=AVaFp80TEoQ,0,0,0,,390,0,0,0,
156aba6fe34b4d648a3fd210550963c7,239,0,0,0,0,,0,0,0,,0,0,0,,95,0,0,0,
356186a5552f499baab4ac520b7d4235,238,10768,45,27,91,https://www.youtube.com/watch?v=7Ny5Ph5MorU,50,22,91,https://www.youtube.com/watch?v=7Ny5Ph5MorU,45,28,45,https://www.youtube.com/watch?v=pktAYDrB9Xo,0,0,0,0,
fb72bfcead034da2abef22637e7b2b3c,238,4142,12,3,17,https://www.youtube.com/watch?v=ELgmMcSRgAg,0,0,0,,12,3,17,https://www.youtube.com/watch?v=ELgmMcSRgAg,993,102,71,140,https://www.twitch.tv/videos/2063403981
ee8addc35a0041fe8c02f6b22c1d2289,237,15644,0,0,0,,0,0,0,,0,0,0,,206,0,0,0,
bf7122f997f04401b0a6938abaded38c,236,14038,40,28,40,https://www.youtube.com/watch?v=7d9riNjzNec,40,28,40,https://www.youtube.com/watch?v=7d9riNjzNec,0,0,0,,0,0,0,0,
830fd8d5a40e44d1a71b83fe876e1ac5,236,8108,35,11,51,https://www.youtube.com/watch?v=Q2mqbphJOOQ,0,0,0,,35,11,51,https://www.youtube.com/watch?v=Q2mqbphJOOQ,0,0,0,0,
3d35a29bba214ae4b28ba6babd1b4974,235,2244,0,0,0,,0,0,0,,0,0,0,,24,0,0,0,
67b3f32472774d3191ecfea12f60a990,234,7074,15,8,24,https://www.youtube.com/watch?v=RLTH2o5Y19U,15,8,24,https://www.youtube.com/watch?v=RLTH2o5Y19U,0,0,0,,88,8,6,10,https://www.twitch.tv/videos/2066402985
e3451dd6f3c0444c888eb6f67704613a,234,2975,63,32,242,https://www.youtube.com/watch?v=bIXYoDFVTdA,63,32,242,https://www.youtube.com/watch?v=bIXYoDFVTdA,0,0,0,,0,0,0,0,
a16471805f7f44f88237b42c79b9f3a2,233,7195,0,0,0,,0,0,0,,0,0,0,,0,0,0,0,
fbd0d260a09c47b1a9dcc73fd41e7eca,233,2555,0,0,0,,0,0,0,,0,0,0,,6037,186,122,254,https://www.twitch.tv/videos/2059692063
bbd618a3874d4ae2ba5af36a23bc1914,232,0,0,0,0,,0,0,0,,0,0,0,,4832,2389,1794,3120,https://www.twitch.tv/videos/2066526496
b9eb00549c554290a7dbc5cd05910239,231,4380,76,36,751,https://www.youtube.com/watch?v=XKbHd0RoHo4,76,36,76,https://www.youtube.com/watch?v=l1jSs4f4lFQ,383,25,751,https://www.youtube.com/watch?v=XKbHd0RoHo4,0,0,0,0,
09c9c71c41e24e7d9498ce41a78dae1c,231,9944,5,2,5,https://www.youtube.com/watch?v=kWfXinXCC0Q,0,0,0,,5,2,5,https://www.youtube.com/watch?v=kWfXinXCC0Q,232,26,20,65,https://www.twitch.tv/videos/2064223832
40a4357f990e4fd8ad2ac18c26603925,230,2510,34,21,250,https://www.youtube.com/watch?v=RX7dfSuUln4,32,18,250,https://www.youtube.com/watch?v=RX7dfSuUln4,68,39,94,https://www.youtube.com/watch?v=PJ7eZpypH-M,1266,78,66,242,https://www.twitch.tv/videos/2066403002
d3a0a421fd184f9fa51856096d01e85b,230,13064,73,20,75,https://www.youtube.com/watch?v=qN3HcgZ5A0M,73,20,75,https://www.youtube.com/watch?v=qN3HcgZ5A0M,0,0,0,,0,0,0,0,
9d0fb5c59ea745f09934f3cfd932c393,228,845,278,233,358,https://www.youtube.com/watch?v=uieYFX-nYks,358,352,358,https://www.youtube.com/watch?v=uieYFX-nYks,246,217,311,https://www.youtube.com/watch?v=vQeclKK42ME,0,0,0,0,
d11123a75b874ad2bb120bb237e94c8d,228,414,208,31,313,https://www.youtube.com/watch?v=2rOcyVOOdgg,0,0,0,,208,31,313,https://www.youtube.com/watch?v=2rOcyVOOdgg,2522,0,0,0,
7150d8a73d2a4cf590f83c8dfcfc1bd2,228,1084,0,0,0,,0,0,0,,0,0,0,,0,0,0,0,
4766ec1a407f4271bca77fb81487e81a,227,10095,6,3,328,https://www.youtube.com/watch?v=By3ulgjc24E,0,0,0,,6,3,328,https://www.youtube.com/watch?v=By3ulgjc24E,2933,248,86,402,https://www.twitch.tv/videos/2055663260
294b1c29030244c784387782c0cb6aee,226,1942,130,22,231,https://www.youtube.com/watch?v=4J5FLMEs-G0,130,22,231,https://www.youtube.com/watch?v=4J5FLMEs-G0,0,0,0,,0,0,0,0,
af34d62a8f4e4ca180c11f11c2832893,226,3791,0,0,0,,0,0,0,,0,0,0,,0,0,0,0,
af89613e72874e219c00ab0c89b6c641,225,45315,77,30,157,https://www.youtube.com/watch?v=JJy3VhRjWn8,80,37,157,https://www.youtube.com/watch?v=JJy3VhRjWn8,1,0,1,https://www.youtube.com/watch?v=2A2p2Ic1Wcw,5,0,0,0,
0b0668c6206c4500bdcbc281ee58680c,225,13008,522,83,522,https://www.youtube.com/watch?v=f_mMuOQtBBo,0,0,0,,522,83,522,https://www.youtube.com/watch?v=f_mMuOQtBBo,2320,241,187,273,https://www.twitch.tv/videos/2068432938
f7758d944fd8438a86bfe1235c7bcd17,224,11573,3,1,18,https://www.youtube.com/watch?v=HkoIp88C3Z0,0,0,0,,3,1,18,https://www.youtube.com/watch?v=HkoIp88C3Z0,0,0,0,0,
90a8ac8d7653460298ba85cb7e4d3bc9,224,8487,0,0,0,,0,0,0,,0,0,0,,51,0,0,0,
3df5dcf41cdb46c7b7de73e502ce4ae1,223,7255,81,78,134,https://www.youtube.com/watch?v=zANLlWWbhGw,0,0,0,,81,78,134,https://www.youtube.com/watch?v=zANLlWWbhGw,451,73,56,320,https://www.twitch.tv/videos/2072273814
a7bb915cc1a0474080d7dbf6d245daf4,223,9269,18,10,27,https://www.youtube.com/watch?v=UsRQORAGkp0,18,10,27,https://www.youtube.com/watch?v=UsRQORAGkp0,0,0,0,,33,0,0,0,
04ca68439fd14d088c77eb0069e6414f,223,11067,45,16,145,https://www.youtube.com/watch?v=82I2Hbh3hsU,45,17,68,https://www.youtube.com/watch?v=IDhIoCqu0kQ,48,12,145,https://www.youtube.com/watch?v=82I2Hbh3hsU,98,41,35,65,https://www.twitch.tv/videos/2071293132
cbaa062d8a2443b1b2b1efd92d9bd3bb,223,1378,0,0,0,,0,0,0,,0,0,0,,0,0,0,0,
b39949e93e184c85bde930a33d1bee66,222,2803,73,25,136,https://www.youtube.com/watch?v=5t3ARSajnmQ,73,25,136,https://www.youtube.com/watch?v=5t3ARSajnmQ,0,0,0,,0,0,0,0,
e84d584c7c574b50b0a9efc240ef74a3,222,8012,4,1,4,https://www.youtube.com/watch?v=IdayGnmFJik,0,0,0,,4,1,4,https://www.youtube.com/watch?v=IdayGnmFJik,0,0,0,0,
9099b86c3fe84a138b0bc1f258bca138,222,6917,25,14,64,https://www.youtube.com/watch?v=bqQ8xLFFPNY,25,14,64,https://www.youtube.com/watch?v=bqQ8xLFFPNY,0,0,0,,0,0,0,0,
8ae87582ab1e4b31bfd38310afda77bd,221,1588,27,19,192,https://www.youtube.com/watch?v=iiiQHWelHj8,0,0,0,,27,19,192,https://www.youtube.com/watch?v=iiiQHWelHj8,819,130,79,153,https://www.twitch.tv/videos/2062493275
16104c4d611242ec9ebc07f7e34966ce,221,14937,43,17,57,https://www.youtube.com/watch?v=tv2hbCm1bXQ,43,17,57,https://www.youtube.com/watch?v=tv2hbCm1bXQ,0,0,0,,0,0,0,0,
63730ec82db64ce5a51464cf24f9a4aa,221,173,0,0,0,,0,0,0,,0,0,0,,414,0,0,0,
d3b5f619038a4c488d36aeaeddc0f790,220,4186,79,32,164,https://www.youtube.com/watch?v=k6PUkAQF9dw,79,32,164,https://www.youtube.com/watch?v=k6PUkAQF9dw,0,0,0,,0,0,0,0,
94ca3090942d4ca38a71b8f1b65c7343,220,12835,119,79,2180,https://www.youtube.com/watch?v=Z-AZXvPPObU,95,53,119,https://www.youtube.com/watch?v=VaRTNu5uGww,2180,136,2180,https://www.youtube.com/watch?v=Z-AZXvPPObU,106,21,19,79,https://www.twitch.tv/videos/2066172537
ec332c6e824044698204e6dba3e5fbfc,219,2618,22,20,22,https://www.youtube.com/watch?v=vK2-1jM8gSo,22,20,22,https://www.youtube.com/watch?v=vK2-1jM8gSo,0,0,0,,295,31,28,51,https://www.twitch.tv/videos/2070291280
44ed1695f2ea4c7790735fdd335aae78,218,1132,91,58,181,https://www.youtube.com/watch?v=2QgcpdrZsmo,0,0,0,,91,58,181,https://www.youtube.com/watch?v=2QgcpdrZsmo,1203,278,175,537,https://www.twitch.tv/videos/2061515745
a89f7ee46cc14dff93675ce5bb82a692,218,231,0,0,0,,0,0,0,,0,0,0,,1402,0,0,0,
c4268d9874b14b3282613fa11102ce4b,217,11597,357,186,10399,https://www.youtube.com/watch?v=n1frSG2GI0Q,0,0,0,,357,186,10399,https://www.youtube.com/watch?v=n1frSG2GI0Q,23,0,0,0,
7f34e1e57aee461c8de6f8a112d45294,217,2630,56,24,76,https://www.youtube.com/watch?v=d_VYCYxU7ng,56,24,76,https://www.youtube.com/watch?v=d_VYCYxU7ng,0,0,0,,0,0,0,0,
809ddec4aec2402ea41adeba2f8520ec,217,14021,28,2,59,https://www.youtube.com/watch?v=7VPCj6l74Hw,0,0,0,,28,2,59,https://www.youtube.com/watch?v=7VPCj6l74Hw,731,0,0,0,
993f1ef8dae74aa3a752a5b4766cc022,217,2390,0,0,0,,0,0,0,,0,0,0,,0,0,0,0,
df292544db27442ea21604a7c6217587,217,8845,0,0,0,,0,0,0,,0,0,0,,0,0,0,0,
25619abc5e0d4f79839e48d83234eaf8,215,2954,13,10,19,https://www.youtube.com/watch?v=U-7sJDhn8zk,13,10,19,https://www.youtube.com/watch?v=U-7sJDhn8zk,0,0,0,,574,52,39,91,https://www.twitch.tv/videos/2065374952
5bc9033b30954bedb0e2442e8470d5a2,215,2536,0,0,0,,0,0,0,,0,0,0,,0,0,0,0,
4d4db7afb4b84af7b4d54889a5f93947,213,8448,42,26,42,https://www.youtube.com/watch?v=64DG09ypg94,0,0,0,,42,26,42,https://www.youtube.com/watch?v=64DG09ypg94,0,0,0,0,
08ad5252798346418db059ade21ae522,212,4723,0,0,0,,0,0,0,,0,0,0,,0,0,0,0,
1f378a6e115046ffa1a17f9079285d4a,212,2617,7,5,594,https://www.youtube.com/watch?v=50kvm9GwG9s,30,18,73,https://www.youtube.com/watch?v=dqSt7DM9Jo0,6,3,594,https://www.youtube.com/watch?v=50kvm9GwG9s,73,37,26,40,https://www.twitch.tv/videos/2062510539
a76d4171e74448fd9d1a6eaf183be3ff,211,9725,0,0,0,,0,0,0,,0,0,0,,527,0,0,0,
5ea1e4c39e1640e4bdacbc872f264f16,211,8004,28,12,28,https://www.youtube.com/watch?v=stMHCelvfMs,28,12,28,https://www.youtube.com/watch?v=stMHCelvfMs,0,0,0,,0,0,0,0,
95694a64c0fe4b5c987344f1edcec826,210,8976,19,6,1188,https://www.youtube.com/watch?v=tBrDsBTAq3s,146,29,146,https://www.youtube.com/watch?v=-qfNY71oHxw,18,6,1188,https://www.youtube.com/watch?v=tBrDsBTAq3s,758,96,84,136,https://www.twitch.tv/videos/2066194163
f1d9ff59d3d74b0ebb4268de53698dbf,208,5914,0,0,0,,0,0,0,,0,0,0,,629,37,21,104,https://www.twitch.tv/videos/2059627808
fbaedf1cfc684f70b539e6a0ff6698be,208,101184,0,0,0,,0,0,0,,0,0,0,,0,0,0,0,
d8b5835bc6aa46119cc7ddd4447e780f,207,32558,5,2,10,https://www.youtube.com/watch?v=Wq6GmuA19CU,0,0,0,,5,2,10,https://www.youtube.com/watch?v=Wq6GmuA19CU,1704,111,83,210,https://www.twitch.tv/videos/2062354130
4cebb92683d548089e998ec18a484930,207,10868,34,17,51,https://www.youtube.com/watch?v=1zFrV7dmhkQ,34,17,51,https://www.youtube.com/watch?v=1zFrV7dmhkQ,0,0,0,,0,0,0,0,
93f634fe42104563b8c2343813098b46,207,2292,0,0,0,,0,0,0,,0,0,0,,845,29,17,51,https://www.twitch.tv/videos/2061454249
40f76b568f384790a1a089bb6619ddb2,207,1453,130,2,221,https://www.youtube.com/watch?v=YnaLUIIJweU,221,4,221,https://www.youtube.com/watch?v=YnaLUIIJweU,39,0,39,https://www.youtube.com/watch?v=thQ-MqdSMcU,359,120,81,436,https://www.twitch.tv/videos/2064223474
e26c1adf28244a09b8c29704ac1de1ca,206,13236,0,0,0,,0,0,0,,0,0,0,,0,0,0,0,
bd39e88e6dd24e659b135b7fe96bef5b,206,416,0,0,0,,0,0,0,,0,0,0,,0,0,0,0,
c8bd7c9fcc714269b8092571f2622867,206,490,0,0,0,,0,0,0,,0,0,0,,0,0,0,0,
837cc45c90974caa9f07699c3899fa7b,204,7908,39,16,82,https://www.youtube.com/watch?v=uYIOfHqMwfY,39,16,82,https://www.youtube.com/watch?v=uYIOfHqMwfY,0,0,0,,113,28,22,45,https://www.twitch.tv/videos/2065358971
bf6401d2159c40a8a616defa8c2c4a66,203,23762,9,4,26,https://www.youtube.com/watch?v=7Fur6cR3BBA,0,0,0,,9,4,26,https://www.youtube.com/watch?v=7Fur6cR3BBA,741,103,88,180,https://www.twitch.tv/videos/2059807519
c11749c10e1941a9adb2a231eee2f2ea,203,994,86,22,101,https://www.youtube.com/watch?v=uZzG9hv1P7E,91,27,101,https://www.youtube.com/watch?v=uZzG9hv1P7E,82,12,82,https://www.youtube.com/watch?v=xqIbjz0RHMs,0,0,0,0,
d21ddfb9a7a540f6b4f259edf36065ca,202,1631,0,0,0,,0,0,0,,0,0,0,,0,0,0,0,
2dfcc511bca64a678926415857b097e9,201,0,0,0,0,,0,0,0,,0,0,0,,0,0,0,0,
12479712313d4ddda715483e1f93ee9d,201,3565,41,21,41,https://www.youtube.com/watch?v=2P4tpliZF04,41,21,41,https://www.youtube.com/watch?v=2P4tpliZF04,0,0,0,,0,0,0,0,
a0981cb8e7234c52a2fe52e0be9929b9,200,9650,0,0,0,,0,0,0,,0,0,0,,0,0,0,0,
738317b741174fff8eefca31fc2de9fe,200,15506,13,6,31,https://www.youtube.com/watch?v=qQrvGCqhLzw,13,6,31,https://www.youtube.com/watch?v=qQrvGCqhLzw,0,0,0,,0,0,0,0,
cfe0c2386d794c229d71c5a6a7e28333,200,10017,18,6,25,https://www.youtube.com/watch?v=94WQqJpwCuo,0,0,0,,18,6,25,https://www.youtube.com/watch?v=94WQqJpwCuo,0,0,0,0,
29c5ea1a6723412587c63a4ee1c1b910,200,6822,35,11,94,https://www.youtube.com/watch?v=-OJ5LyPnjxY,35,11,94,https://www.youtube.com/watch?v=-OJ5LyPnjxY,0,0,0,,0,0,0,0,
e180d8dd00df4b7aba78d8cd4a0baf5e,199,2389,0,0,0,,0,0,0,,0,0,0,,0,0,0,0,
22a21c1a529f4817b8790629d8b4590f,199,3339,25,9,25,https://www.youtube.com/watch?v=QFZhBcP0srM,25,9,25,https://www.youtube.com/watch?v=QFZhBcP0srM,0,0,0,,96,0,0,0,
de8c5ca15afd4534a822e5a1a9c2784e,198,1672,0,0,0,,0,0,0,,0,0,0,,1944,0,0,0,
4859b57db8e043f1965e56324f137097,198,12209,2522,1167,2522,https://www.youtube.com/watch?v=85gbLtrXGGs,0,0,0,,2522,1167,2522,https://www.youtube.com/watch?v=85gbLtrXGGs,360,118,93,216,https://www.twitch.tv/videos/2070265816
df6443487ffb4142aea2b053b4aa8db7,198,8867,0,0,0,,0,0,0,,0,0,0,,1423,148,108,148,https://www.twitch.tv/videos/2065382173
698d1cca0e1f417892c954dabe0aacf8,197,1210,0,0,0,,0,0,0,,0,0,0,,2082,0,0,0,
a5a59537edc54be3919408276c556bd7,197,4679,21,4,21,https://www.youtube.com/watch?v=ivSWU59SjQQ,21,4,21,https://www.youtube.com/watch?v=ivSWU59SjQQ,0,0,0,,0,0,0,0,
3dc59c2e8b424c9e812fb48048ebdef8,196,4855,5,4,24,https://www.youtube.com/watch?v=0jkb-2cqknE,0,0,0,,5,4,24,https://www.youtube.com/watch?v=0jkb-2cqknE,1369,219,146,295,https://www.twitch.tv/videos/2065316014
202d7c3df0a0489288ace48e1e81ac9f,196,4430,0,0,0,,0,0,0,,0,0,0,,70,0,0,0,
870465c233f0486eb5f710ede69af779,196,3645,0,0,0,,0,0,0,,0,0,0,,484,67,58,67,https://www.twitch.tv/videos/2069444490
68da57d983e34588a1bb37783d3c4074,196,3820,0,0,0,,0,0,0,,0,0,0,,4133,72,64,72,https://www.twitch.tv/videos/2070251216
df079afa77ea4a65baedaaa701936050,195,0,0,0,0,,0,0,0,,0,0,0,,0,0,0,0,
6d1b01658ae74a7f91c7f60b5abe1cb2,194,71125,17,7,36,https://www.youtube.com/watch?v=qxr9BvekPhE,14,6,30,https://www.youtube.com/watch?v=9lJQCz98QfY,33,32,36,https://www.youtube.com/watch?v=qxr9BvekPhE,0,0,0,0,
59ea0c3b836c4dee8ba08df9bb73be86,194,0,0,0,0,,0,0,0,,0,0,0,,0,0,0,0,
a3afce163c9341c992f526816d9d5440,194,2275,31,2,76,https://www.youtube.com/watch?v=w5v37alAjR4,31,2,76,https://www.youtube.com/watch?v=w5v37alAjR4,0,0,0,,56,0,0,0,
3986345f7cae4fc5ba3b7fd3a8dceba0,194,841,0,0,0,,0,0,0,,0,0,0,,0,0,0,0,
f30f6a2e994641b5af169b97f2aad13b,194,6571,0,0,0,,0,0,0,,0,0,0,,548,0,0,0,
7a7e366c81d54d03a07cb2c6cb382884,194,5414,0,0,0,,0,0,0,,0,0,0,,0,0,0,0,
770a8d28e9bd4641acb6a0b2a9d07ef9,193,1549,0,0,0,,0,0,0,,0,0,0,,333,0,0,0,
b4607ee6ce914078ae3704617ca03333,193,1592,0,0,0,,0,0,0,,0,0,0,,501,0,0,0,
4de233ea7dfc4a7da1738ab627babd48,193,5689,42,27,72,https://www.youtube.com/watch?v=wZAT_S5Gejw,42,27,72,https://www.youtube.com/watch?v=wZAT_S5Gejw,0,0,0,,0,0,0,0,
b7ff77850f1945b5bd73f8a0b1ec0033,191,2252,0,0,0,,0,0,0,,0,0,0,,187,0,0,0,
53a6613b12f7463d9e973f8ddd679210,190,2958,0,0,0,,0,0,0,,0,0,0,,0,0,0,0,
2d306a5821ff4e478bbff317bd6e382e,189,18949,0,0,0,,0,0,0,,0,0,0,,0,0,0,0,
41edcbf09b764ff8af8154582cd86512,188,2113,105,66,115,https://www.youtube.com/watch?v=cS5p-Z0Puvo,105,66,115,https://www.youtube.com/watch?v=cS5p-Z0Puvo,0,0,0,,0,0,0,0,
fe1304d2a7694657a0922ac4fee53977,187,2728,0,0,0,,0,0,0,,0,0,0,,340,0,0,0,
2afd93f378e14e78ad944fa86a84ed98,187,3129,42,16,49,https://www.youtube.com/watch?v=acg2slQz_TU,42,16,49,https://www.youtube.com/watch?v=acg2slQz_TU,0,0,0,,0,0,0,0,
b3a1f0922f7440f3bb1adbfa7a04bd09,187,5882,25,14,80,https://www.youtube.com/watch?v=7TpmCfc0ZCo,0,0,0,,25,14,80,https://www.youtube.com/watch?v=7TpmCfc0ZCo,750,293,204,318,https://www.twitch.tv/videos/2066402801
f9174719d2a148eea3b406e332e4fcab,187,5620,49,23,106,https://www.youtube.com/watch?v=sYZWCSHx_fw,49,23,106,https://www.youtube.com/watch?v=sYZWCSHx_fw,0,0,0,,0,0,0,0,
33546b9ad5a8408589405f9467063dd7,186,965,0,0,0,,0,0,0,,0,0,0,,2041,107,33,292,https://www.twitch.tv/videos/2058646761
dc0f8e297afc4531ac04e46808f7ef6d,186,2474,19,9,25,https://www.youtube.com/watch?v=Up7Y5xQ_6aQ,19,9,25,https://www.youtube.com/watch?v=Up7Y5xQ_6aQ,0,0,0,,1042,87,73,168,https://www.twitch.tv/videos/2068371405
04e8814df3b54af0b0c7edc34b4cdda0,185,2538,43,37,43,https://www.youtube.com/watch?v=J48xH7c21zQ,43,37,43,https://www.youtube.com/watch?v=J48xH7c21zQ,0,0,0,,0,0,0,0,
9814a60f7b004019a6e3ab7b2520a7c2,184,3787,24,5,47,https://www.youtube.com/watch?v=6PCZp9EdNag,24,5,47,https://www.youtube.com/watch?v=6PCZp9EdNag,0,0,0,,54,0,0,0,
ae2d7595c5b94d0786e2fcd5c8973c06,183,2445,0,0,0,,0,0,0,,0,0,0,,0,0,0,0,
789a7f5d025349b4ace0925f9e17fdd7,183,647,0,0,0,,0,0,0,,0,0,0,,0,0,0,0,
a46ad933ff6f4d0c91cc1069f0329265,182,3410,0,0,0,,0,0,0,,0,0,0,,0,0,0,0,
acc6cc72bdb74a74a719cc41baf0aade,182,3546,93,23,300,https://www.youtube.com/watch?v=m_B0FrhJucQ,94,25,111,https://www.youtube.com/watch?v=Mvqf2t7cvOE,65,8,300,https://www.youtube.com/watch?v=m_B0FrhJucQ,0,0,0,0,
c274c90379ca4e57a79251976cda3e54,182,5749,22,5,42,https://www.youtube.com/watch?v=L1uCJDsHwtw,22,5,42,https://www.youtube.com/watch?v=L1uCJDsHwtw,0,0,0,,306,23,19,25,https://www.twitch.tv/videos/2065455624
7a570b5273ae4e359a6491aba1313011,182,362,0,0,0,,0,0,0,,0,0,0,,1933,212,127,212,https://www.twitch.tv/videos/2061562988
0134d1ae91784122b79954c2c8571aef,181,0,0,0,0,,0,0,0,,0,0,0,,412,0,0,0,
cdfe7ee6d1f943dfbc5153f82f827393,181,2023,0,0,0,,0,0,0,,0,0,0,,0,0,0,0,
85ab3b48d46e4a8ab1d4b5d46fd97c41,180,12852,0,0,0,,0,0,0,,0,0,0,,0,0,0,0,
dfa5fefa546a40d5a677ddfff02ff3e1,178,6885,6,4,14,https://www.youtube.com/watch?v=shcdqrI4fpw,0,0,0,,6,4,14,https://www.youtube.com/watch?v=shcdqrI4fpw,430,36,32,648,https://www.twitch.tv/videos/2060647120
75eb49d99170441ab784d7bec7378d21,176,6859,12,4,26,https://www.youtube.com/watch?v=nrF6TogUDVo,0,0,0,,12,4,26,https://www.youtube.com/watch?v=nrF6TogUDVo,984,63,44,264,https://www.twitch.tv/videos/2062382656
6d76e6b27f164061a216ec2831bd8dd3,174,1609,0,0,0,,0,0,0,,0,0,0,,700,92,49,106,https://www.twitch.tv/videos/2060502790
c6704a4edfef443ba46ba7f0db0c4ff9,174,4958,27,14,80,https://www.youtube.com/watch?v=_kH2MXKGUUE,27,14,80,https://www.youtube.com/watch?v=_kH2MXKGUUE,0,0,0,,0,0,0,0,
c5e956bdce614dddbeddfaf6ada4200d,174,7611,53,22,120,https://www.youtube.com/watch?v=sL41wxGS0-Q,53,22,120,https://www.youtube.com/watch?v=sL41wxGS0-Q,0,0,0,,0,0,0,0,
2e7fa2f9a4ba4ca6a0ea1397839aafca,174,5085,20,15,36,https://www.youtube.com/watch?v=r5CTWdR2PNc,20,14,36,https://www.youtube.com/watch?v=r5CTWdR2PNc,20,16,20,https://www.youtube.com/watch?v=F3ShEhnRa_o,0,0,0,0,
b0b2b517ea67432981e41a49aa88bc67,174,2429,0,0,0,,0,0,0,,0,0,0,,485,29,25,45,https://www.twitch.tv/videos/2069310076
1bbbb184005d4213b9f3caa2b69eecfc,174,5316,0,0,0,,0,0,0,,0,0,0,,0,0,0,0,
56e0088d20b04a059da9932476fc9a5b,173,19467,0,0,0,,0,0,0,,0,0,0,,2651,275,201,326,https://www.twitch.tv/videos/2067387134
0a67a8d822094ca3a59963f0fac8798a,173,600,88,67,212,https://www.youtube.com/watch?v=n1BWOLRiPCM,93,70,212,https://www.youtube.com/watch?v=n1BWOLRiPCM,23,16,180,https://www.youtube.com/watch?v=4_AdXx_mU24,0,0,0,0,
f0cf456a9f204645a4b468f8cbefb150,172,1491,0,0,0,,0,0,0,,0,0,0,,1488,184,175,218,https://www.twitch.tv/videos/2072865503
f9247dd02dd24e209eba623edcd8354b,172,4945,59,31,67,https://www.youtube.com/watch?v=U64n9aq5_QQ,63,38,67,https://www.youtube.com/watch?v=U64n9aq5_QQ,56,31,56,https://www.youtube.com/watch?v=08OMvp3JjL0,0,0,0,0,
652b28416c394eed93337f121c0dcbf5,172,3471,68,40,115,https://www.youtube.com/watch?v=f16UjqCmjUo,67,39,70,https://www.youtube.com/watch?v=HThoonOg4es,115,91,115,https://www.youtube.com/watch?v=f16UjqCmjUo,0,0,0,0,
1266255bc3ec481abc9d970be9f14f6d,172,0,0,0,0,,0,0,0,,0,0,0,,0,0,0,0,
cb0679cc04a44f8f9871bc78196b299e,171,3461,0,0,0,,0,0,0,,0,0,0,,0,0,0,0,
aac7be72efc74efe9e77148fd4af7151,171,4168,64,3,82,https://www.youtube.com/watch?v=YSYgdWVWqpo,64,3,82,https://www.youtube.com/watch?v=YSYgdWVWqpo,0,0,0,,0,0,0,0,
904f58005872497b82964fff25490152,171,6192,34,33,34,https://www.youtube.com/watch?v=q4F55Fbb0gQ,34,33,34,https://www.youtube.com/watch?v=q4F55Fbb0gQ,0,0,0,,96,55,49,231,https://www.twitch.tv/videos/2059755898
502f8130b1c04139a8c1933801f479b4,171,3846,0,0,0,,0,0,0,,0,0,0,,1891,0,0,0,
d017bd7855e547298906060f0e9b442e,170,2892,1568,817,1568,https://www.youtube.com/watch?v=H7ziIZZ4BJ4,0,0,0,,1568,817,1568,https://www.youtube.com/watch?v=H7ziIZZ4BJ4,750,110,88,344,https://www.twitch.tv/videos/2059542013
ec198b33036c436591c01ee93976b6a3,170,2975,34,21,153,https://www.youtube.com/watch?v=x1kt05amsWQ,34,21,153,https://www.youtube.com/watch?v=x1kt05amsWQ,0,0,0,,0,0,0,0,
d836b4139ddc4b1e9cbf117d74d8456a,170,5640,1517,298,2293,https://www.youtube.com/watch?v=Hm-AU9HgWZE,0,0,0,,1517,298,2293,https://www.youtube.com/watch?v=Hm-AU9HgWZE,0,0,0,0,
04cb051e69c74105ae2f7b62ea29d1e2,169,3533,0,0,0,,0,0,0,,0,0,0,,0,0,0,0,
d8fa0fb407c043cb9b65ab66c2221e8d,168,65759,2,1,5,https://www.youtube.com/watch?v=zqQ9VhpAjdU,0,0,0,,2,1,5,https://www.youtube.com/watch?v=zqQ9VhpAjdU,1982,49,35,171,https://www.twitch.tv/videos/2064363436
26e2e1583d404f48b879375ef74ae33a,168,5713,22,7,52,https://www.youtube.com/watch?v=tMniqYmJZBE,22,7,52,https://www.youtube.com/watch?v=tMniqYmJZBE,0,0,0,,0,0,0,0,
28c152a7489b4402960bd4bd36b7229b,168,14883,52,22,2205,https://www.youtube.com/watch?v=J35m0pUtqQY,52,24,242,https://www.youtube.com/watch?v=SZcYdYvEpus,40,17,2205,https://www.youtube.com/watch?v=J35m0pUtqQY,69,32,24,49,https://www.twitch.tv/videos/2071323563
886b8f7841a341af80b6faed09b18ba1,167,1018,0,0,0,,0,0,0,,0,0,0,,445,44,36,50,https://www.twitch.tv/videos/2069311390
e443b9e0c3524137ba2774625c6c78cd,166,1599,0,0,0,,0,0,0,,0,0,0,,473,78,51,142,https://www.twitch.tv/videos/2069338973
de454734403e4c8cb03961dec481ff6d,166,6163,33,0,33,https://www.youtube.com/watch?v=D-bqY2e_JSA,0,0,0,,33,0,33,https://www.youtube.com/watch?v=D-bqY2e_JSA,313,58,44,92,https://www.twitch.tv/videos/2066371020
43767b3656dc4ff2a25145a986199dd2,165,4461,0,0,0,,0,0,0,,0,0,0,,0,0,0,0,
40de95e169c84f728ba397fb8480cd44,164,3870,138,116,188,https://www.youtube.com/watch?v=CcDocZsJ1Hs,0,0,0,,138,116,188,https://www.youtube.com/watch?v=CcDocZsJ1Hs,0,0,0,0,
becdcbab308f4fa18540982596eebbd5,162,1302,30,27,30,https://www.youtube.com/watch?v=krUCDf5nloM,0,0,0,,30,27,30,https://www.youtube.com/watch?v=krUCDf5nloM,5228,407,244,544,https://www.twitch.tv/videos/2062415781
8c43feaf0d8644889a53f191f4934f15,161,5734,0,0,0,,0,0,0,,0,0,0,,0,0,0,0,
c913750a779d48658a6fd696271235c8,160,3334,0,0,0,,0,0,0,,0,0,0,,0,0,0,0,
765aac9aab75405cbe3e6a574f62ce20,160,961,63,18,88,https://www.youtube.com/watch?v=FNj4q_grTJA,62,15,88,https://www.youtube.com/watch?v=FNj4q_grTJA,65,21,65,https://www.youtube.com/watch?v=pR4csqueLOQ,0,0,0,0,
358be1981a1b485aa1c47b3ddf3f38bb,160,15205,57,51,57,https://www.youtube.com/watch?v=iS6laGRNJFI,57,51,57,https://www.youtube.com/watch?v=iS6laGRNJFI,0,0,0,,0,0,0,0,
354734963c7d49588387bbba859a05a2,160,0,0,0,0,,0,0,0,,0,0,0,,0,0,0,0,
521d3e3d5e6e410aababfb8f290749b6,160,2270,0,0,0,,0,0,0,,0,0,0,,376,0,0,0,
a13421f0201540ecaccd5c207b15c425,160,8613,44,20,90,https://www.youtube.com/watch?v=rmY77v-muLg,46,31,90,https://www.youtube.com/watch?v=rmY77v-muLg,12,3,17,https://www.youtube.com/watch?v=r1wMIPCAxF4,0,0,0,0,
ce15f0e1016b4a1e87ea09d0c98e8eb8,160,2069,0,0,0,,0,0,0,,0,0,0,,28,0,0,0,
85340d14d5654ac3b28b39b007a7dea7,159,6393,18,12,32,https://www.youtube.com/watch?v=uiv3HQP7ZxI,18,12,32,https://www.youtube.com/watch?v=uiv3HQP7ZxI,0,0,0,,0,0,0,0,
eab02228a491402a824805ab47174ff4,159,0,0,0,0,,0,0,0,,0,0,0,,0,0,0,0,
442edbdb59fe4979a2be3e5183258cf8,158,5060,51,35,107,https://www.youtube.com/watch?v=BdiJ73ArslE,51,35,107,https://www.youtube.com/watch?v=BdiJ73ArslE,0,0,0,,0,0,0,0,
302b50b5cf4844d58868013404b1ec3f,157,3546,32,20,42,https://www.youtube.com/watch?v=D0nzzFbnDsE,32,20,42,https://www.youtube.com/watch?v=D0nzzFbnDsE,0,0,0,,0,0,0,0,
fc8cf370daaf4201bd988b19e70d99a5,157,10014,120,9,3246,https://www.youtube.com/watch?v=7x5VoQ9mayw,47,9,47,https://www.youtube.com/watch?v=RqhRha_JI-s,387,13,3246,https://www.youtube.com/watch?v=7x5VoQ9mayw,0,0,0,0,
372e74ff33744071a5488cb758e2323a,157,2040,0,0,0,,0,0,0,,0,0,0,,0,0,0,0,
c2b01c98f9a946a9ae34ed7d7abbd8df,156,1379,0,0,0,,0,0,0,,0,0,0,,0,0,0,0,
a8bee4c680a54cf29b34d90bf7230ab1,156,2658,0,0,0,,0,0,0,,0,0,0,,1736,149,107,228,https://www.twitch.tv/videos/2059485085
843d99233b474827a2f0bc417ffd3852,155,4969,14,4,37,https://www.youtube.com/watch?v=wtZx2OWEG9Y,14,4,37,https://www.youtube.com/watch?v=wtZx2OWEG9Y,0,0,0,,1879,1568,1082,4194,https://www.twitch.tv/videos/2063256584
de5f8aaf92814bb79eb91adb0efc8f1d,154,6246,12,4,40,https://www.youtube.com/watch?v=4UqJ1pUrOq4,12,4,40,https://www.youtube.com/watch?v=4UqJ1pUrOq4,0,0,0,,0,0,0,0,
704fc1f053134276ab03c19687cfcca6,154,0,0,0,0,,0,0,0,,0,0,0,,0,0,0,0,
a5e5533ac342488a94003dc77869ddf9,154,2749,51,29,123,https://www.youtube.com/watch?v=fgNBM7xvN-I,51,29,123,https://www.youtube.com/watch?v=fgNBM7xvN-I,7,3,7,https://www.youtube.com/watch?v=yK0KK1UcLpw,0,0,0,0,
a426decd1d4e4ace84ae2b31a9826251,153,21,0,0,0,,0,0,0,,0,0,0,,0,0,0,0,
290bbaa329eb45b1a267bfd7e35c3b14,153,7184,25,9,32,https://www.youtube.com/watch?v=MFbqvpqpaH4,0,0,0,,25,9,32,https://www.youtube.com/watch?v=MFbqvpqpaH4,446,56,41,149,https://www.twitch.tv/videos/2063373818
4ba065758aa94ce18cfe227cc37b1afe,151,1126,66,32,207,https://www.youtube.com/watch?v=SIsTQ_TUJ8Y,0,0,0,,66,32,207,https://www.youtube.com/watch?v=SIsTQ_TUJ8Y,1580,348,262,1005,https://www.twitch.tv/videos/2072114377
98c577d538f84d75a3c34e0f9d13c8a3,151,3742,0,0,0,,0,0,0,,0,0,0,,175,0,0,0,
46a16e41f2af4523adeb4556f2e0b0d5,151,3104,0,0,0,,0,0,0,,0,0,0,,8427,669,234,956,https://www.twitch.tv/videos/2066195528
3e86fddd8145474691e77ba761a6b2a5,150,14025,62,36,126,https://www.youtube.com/watch?v=2BoqBFKdGFE,0,0,0,,62,36,126,https://www.youtube.com/watch?v=2BoqBFKdGFE,916,0,0,0,
c56801a52568414ca54724a3c24c3417,148,9479,24,22,24,https://www.youtube.com/watch?v=A2F14Gh0T-4,0,0,0,,24,22,24,https://www.youtube.com/watch?v=A2F14Gh0T-4,1677,238,187,381,https://www.twitch.tv/videos/2068348848
a0b5f8b54a534dfcb66154002e97e4cc,147,0,0,0,0,,0,0,0,,0,0,0,,134,0,0,0,
2e05bf5968cf4b3789a1316f5b05d857,147,44350,67,19,132,https://www.youtube.com/watch?v=wBYwe8epVog,0,0,0,,67,19,132,https://www.youtube.com/watch?v=wBYwe8epVog,0,0,0,0,
61960ee5da5144fa9dd18f453f29c1f5,147,1055,84,40,392,https://www.youtube.com/watch?v=q38XT7id_qs,84,40,392,https://www.youtube.com/watch?v=q38XT7id_qs,0,0,0,,0,0,0,0,
09ec73a6068c43579f5d2818ad0491d1,146,5272,0,0,0,,0,0,0,,0,0,0,,0,0,0,0,
ec2bb7a7428a43268780ea2e37fd1546,146,2069,0,0,0,,0,0,0,,0,0,0,,0,0,0,0,
21d69425cef1457180b1857cb6f8a6b6,146,24173,0,0,0,,0,0,0,,0,0,0,,202,0,0,0,
844adbe9800c4c52863267075afd2c7f,146,6232,7,1,16,https://www.youtube.com/watch?v=RXG4ILIG7rM,0,0,0,,7,1,16,https://www.youtube.com/watch?v=RXG4ILIG7rM,0,0,0,0,
05e8faf10ef24e02adff107bf7747aff,145,6579,0,0,0,,0,0,0,,0,0,0,,0,0,0,0,
985e77a95dcc46e38b513ab638c5ed25,145,7635,0,0,0,,0,0,0,,0,0,0,,517,0,0,0,
a24116ba22c84747818b7be8cd8eb733,145,1711,17,3,27,https://www.youtube.com/watch?v=qpashQqQldw,17,3,27,https://www.youtube.com/watch?v=qpashQqQldw,0,0,0,,207,34,32,34,https://www.twitch.tv/videos/2072194161
f314b215c987471888b4477dc4d8bf08,144,0,0,0,0,,0,0,0,,0,0,0,,0,0,0,0,
ef2c9ea8d1644ce283daada94023648b,143,5523,21,13,113,https://www.youtube.com/watch?v=j0qsw2zYz0U,21,13,113,https://www.youtube.com/watch?v=j0qsw2zYz0U,0,0,0,,0,0,0,0,
04e61f47cdf542c7b5a3b3ae569fc021,143,2880,227,136,394,https://www.youtube.com/watch?v=UMxZGm_P0Wk,223,125,227,https://www.youtube.com/watch?v=KCVaDTky42g,394,166,394,https://www.youtube.com/watch?v=UMxZGm_P0Wk,356,192,172,331,https://www.twitch.tv/videos/2064152598
a84b1b6deabc462b9cf994fd02304b5b,143,738,0,0,0,,0,0,0,,0,0,0,,1507,0,0,0,
38c92430ea8d4620a584b5cf60eee321,142,6239,132,0,132,https://www.youtube.com/watch?v=7MXz7m_YT38,0,0,0,,132,0,132,https://www.youtube.com/watch?v=7MXz7m_YT38,0,0,0,0,
433b2802b62441a39c721400926d59eb,142,1803,34,8,34,https://www.youtube.com/watch?v=F7x-MwtjG6U,34,8,34,https://www.youtube.com/watch?v=F7x-MwtjG6U,0,0,0,,0,0,0,0,
a920d67ea25f449491121763b3117f95,142,4719,23,10,28,https://www.youtube.com/watch?v=HjjNRq_y0EE,23,10,28,https://www.youtube.com/watch?v=HjjNRq_y0EE,0,0,0,,254,54,52,87,https://www.twitch.tv/videos/2065496250
7d467d2119684242aacc405728e88bf9,141,1976,0,0,0,,0,0,0,,0,0,0,,0,0,0,0,
c83b621071d441f391ec9f23cf764ebd,141,4495,0,0,0,,0,0,0,,0,0,0,,0,0,0,0,
2c6b5ad20b4e4bdc85310b791d02b364,141,3906,188,47,1764,https://www.youtube.com/watch?v=fY0kc1qoSZY,0,0,0,,188,47,1764,https://www.youtube.com/watch?v=fY0kc1qoSZY,882,206,137,467,https://www.twitch.tv/videos/2061439388
c08ae8d7412d407c8b233f6e445d081c,140,1289,2,0,7,https://www.youtube.com/watch?v=YUylX4OnWyw,0,0,0,,2,0,7,https://www.youtube.com/watch?v=YUylX4OnWyw,542,38,26,102,https://www.twitch.tv/videos/2071836887
2608bc34d1f8497da55ab0cf4d0d7f0e,140,2972,80,64,1859,https://www.youtube.com/watch?v=DaNv0LsiMYY,50,1,58,https://www.youtube.com/watch?v=P8V1da5L5PQ,269,112,1859,https://www.youtube.com/watch?v=DaNv0LsiMYY,1188,247,182,296,https://www.twitch.tv/videos/2068274313
b54b6078ea9a439399a6cf675607edcd,139,0,0,0,0,,0,0,0,,0,0,0,,133,0,0,0,
6b5f0c6b2ff74b0b9f906f5000298b91,139,5653,0,0,0,,0,0,0,,0,0,0,,0,0,0,0,
dc27d7819dac471f907e0ace5131580f,138,2763,11,10,12,https://www.youtube.com/watch?v=0aeQd2kMEdc,0,0,0,,11,10,12,https://www.youtube.com/watch?v=0aeQd2kMEdc,772,171,119,462,https://www.twitch.tv/videos/2067432821
5205602b7f5a424eaefc557e4fb55823,137,1492,0,0,0,,0,0,0,,0,0,0,,148,0,0,0,
7fd852303a6c4087a1a99fde1fa92bfc,137,18422,62,46,7322,https://www.youtube.com/watch?v=oZvvxH6sxJI,0,0,0,,62,46,7322,https://www.youtube.com/watch?v=oZvvxH6sxJI,0,0,0,0,
13b4e9aa6e064daeae11a136e2ec03fd,137,6457,0,0,0,,0,0,0,,0,0,0,,0,0,0,0,
624948114ff449e79fc17a68a43ecd68,136,1565,51,0,51,https://www.youtube.com/watch?v=wT2BZg42tQo,51,0,51,https://www.youtube.com/watch?v=wT2BZg42tQo,0,0,0,,457,0,0,0,
34d0e3dda9044ab6866e2876aa07478c,136,9670,0,0,0,,0,0,0,,0,0,0,,83,0,0,0,
9b5bfa83a91e411fbeebfb68e8a56733,135,2821,0,0,0,,0,0,0,,0,0,0,,0,0,0,0,
90c230602c7542daa149c6f6edebc7c4,135,1370,0,0,0,,0,0,0,,0,0,0,,0,0,0,0,
f7c5066e776943ef9f277e3f41232272,135,4271,0,0,0,,0,0,0,,0,0,0,,0,0,0,0,
8cb91728d2fa43a59f63dc73a1dc8f7b,134,2448,0,0,0,,0,0,0,,0,0,0,,0,0,0,0,
240c765d12ae40ab85e53fb39eb22b03,134,2175,0,0,0,,0,0,0,,0,0,0,,4384,0,0,0,
0a293e8cda6645709e6fb92f7b66f069,134,1815,164,3,164,https://www.youtube.com/watch?v=f2u4p9Gi7_0,0,0,0,,164,3,164,https://www.youtube.com/watch?v=f2u4p9Gi7_0,287,57,47,100,https://www.twitch.tv/videos/2069286723
0c97b425059d4ac893cae0f804f4ccbc,132,6444,23,9,52,https://www.youtube.com/watch?v=A-fnkvCKoPI,22,8,49,https://www.youtube.com/watch?v=gtXVJiI93TI,45,38,52,https://www.youtube.com/watch?v=A-fnkvCKoPI,0,0,0,0,
8362a08808604c0fbe3eaf6e945b3267,132,87,0,0,0,,0,0,0,,0,0,0,,0,0,0,0,
b850c220033a4b6d83c9b9b70b04647b,129,2247,33,20,33,https://www.youtube.com/watch?v=HOPSS-R-u_I,33,20,33,https://www.youtube.com/watch?v=HOPSS-R-u_I,0,0,0,,128,0,0,0,
7ccac8385e2d41f69aab04b7f2b23cac,129,1509,0,0,0,,0,0,0,,0,0,0,,1279,270,211,342,https://www.twitch.tv/videos/2065202765
47d591738d2449a496e7ce140b539662,126,925,0,0,0,,0,0,0,,0,0,0,,1638,206,125,339,https://www.twitch.tv/videos/2065947334
005fac2329ee48cb97ab0c8f1219323b,126,926,110,57,273,https://www.youtube.com/watch?v=O3zpuNsX42A,172,98,273,https://www.youtube.com/watch?v=O3zpuNsX42A,110,57,110,https://www.youtube.com/watch?v=67pC_BZ53uY,9,0,0,0,
803435ca691f43a4b02360926fee23d1,125,4811,0,0,0,,0,0,0,,0,0,0,,1263,71,50,92,https://www.twitch.tv/videos/2063256673
1ccf3d7852d34137b9cc70343dcc41bf,124,19032,554,179,775,https://www.youtube.com/watch?v=ZmsRQMTLKrM,0,0,0,,554,179,775,https://www.youtube.com/watch?v=ZmsRQMTLKrM,59,11,11,28,https://www.twitch.tv/videos/2067223694
8b1758159f754a3a8d7f26dcf12c008f,124,6185,0,0,0,,0,0,0,,0,0,0,,0,0,0,0,
fef1577c0352446c8e371b9fd9e7cc73,123,4247,0,0,3,https://www.youtube.com/watch?v=mRZ9a90A_Kc,0,0,0,,0,0,3,https://www.youtube.com/watch?v=mRZ9a90A_Kc,95,13,11,15,https://www.twitch.tv/videos/2072253729
c85822960da341bb8f5323219b233bd1,123,6248,9,3,9,https://www.youtube.com/watch?v=W_opZx6QE8g,0,0,0,,9,3,9,https://www.youtube.com/watch?v=W_opZx6QE8g,0,0,0,0,
75da31a9fa4e4dafac9e98135bfab373,123,0,0,0,0,,0,0,0,,0,0,0,,0,0,0,0,
a9396c8dd95e43b29c694b14afa07ac4,122,1124,0,0,0,,0,0,0,,0,0,0,,1583,472,364,747,https://www.twitch.tv/videos/2067689718
8fdfa107052d44b990d12045a71b3c8c,122,3391,47,10,78,https://www.youtube.com/watch?v=I42BXnzPT0k,47,10,78,https://www.youtube.com/watch?v=I42BXnzPT0k,0,0,0,,0,0,0,0,
93bad1d4b0c54c8781e3775d13a62c38,121,3059,487,449,487,https://www.youtube.com/watch?v=j-jc_Qi1tlE,0,0,0,,487,449,487,https://www.youtube.com/watch?v=j-jc_Qi1tlE,60,0,0,0,
3c567ec581484049ae43ef1fc976964d,121,17432,0,0,0,,0,0,0,,0,0,0,,0,0,0,0,
82dcae1da14844ee88960a76041e7c27,121,462,0,0,0,,0,0,0,,0,0,0,,284,0,0,0,
3fbdaff2a59b4bbfb4780d22428bd66e,121,2023,7,6,10,https://www.youtube.com/watch?v=TsDil4nQVVc,0,0,0,,7,6,10,https://www.youtube.com/watch?v=TsDil4nQVVc,0,0,0,0,
2479e2782c0b4a7880004832c84a336b,121,1653,23,0,32,https://www.youtube.com/watch?v=tQRD85H4xHI,0,0,0,,23,0,32,https://www.youtube.com/watch?v=tQRD85H4xHI,226,0,0,0,
67dc6d443cff47a4bc6a31a56e8b72f5,120,8894,34,12,78,https://www.youtube.com/watch?v=wKue2QTXkZY,34,12,78,https://www.youtube.com/watch?v=wKue2QTXkZY,0,0,0,,0,0,0,0,
c7e9651357c34574a3e8dd7d8e62ab18,120,57,0,0,0,,0,0,0,,0,0,0,,80,0,0,0,
507e6557d0f240ef8b9226610f17b729,118,481,0,0,0,,0,0,0,,0,0,0,,46,0,0,0,
5dd38c1bf796414399e7c80092c1d984,117,27568,43,17,1136,https://www.youtube.com/watch?v=QofeKo_2EwY,15,9,55,https://www.youtube.com/watch?v=NWDSJVTFaTw,75,26,1136,https://www.youtube.com/watch?v=QofeKo_2EwY,8,0,0,0,
513c300c8af04b8a84d18f665b66481f,117,3315,0,0,0,,0,0,0,,0,0,0,,0,0,0,0,
c9e933e250e747f88f8cbf4857ec7f3b,117,0,0,0,0,,0,0,0,,0,0,0,,2733,849,467,849,https://www.twitch.tv/videos/2060306608
0979940d57534fc0948e24369aa495c5,116,1140,0,0,0,,0,0,0,,0,0,0,,2427,0,0,0,
4082a4a1c5784e6c8bea9b58de009664,115,4003,15,5,35,https://www.youtube.com/watch?v=690pKOo_SzE,0,0,0,,15,5,35,https://www.youtube.com/watch?v=690pKOo_SzE,0,0,0,0,
c8c0ab1d59fb4608ab1e460e946fa88a,114,552,97,96,125,https://www.youtube.com/watch?v=WuQ5WHgEi-k,97,96,125,https://www.youtube.com/watch?v=WuQ5WHgEi-k,0,0,0,,0,0,0,0,
061fa27713ec453ebf41c21eb58b7719,113,928,62,38,99,https://www.youtube.com/watch?v=TfkFcDO8_H4,62,38,99,https://www.youtube.com/watch?v=TfkFcDO8_H4,0,0,0,,0,0,0,0,
352894d7c4eb4c9f87e248eae450183a,113,8797,26,9,173,https://www.youtube.com/watch?v=8bQd9yvhAMc,0,0,0,,26,9,173,https://www.youtube.com/watch?v=8bQd9yvhAMc,0,0,0,0,
7badd33c853240e280db61899f381ff2,113,1428,13,6,558,https://www.youtube.com/watch?v=xY9P8yADNt4,20,7,36,https://www.youtube.com/watch?v=uxxHbL1Tlno,7,6,558,https://www.youtube.com/watch?v=xY9P8yADNt4,0,0,0,0,
a1d3d37caa68474288b903f309db32a1,113,7190,15,4,30,https://www.youtube.com/watch?v=LcGzPze-hHM,15,4,30,https://www.youtube.com/watch?v=LcGzPze-hHM,0,0,0,,0,0,0,0,
f3a1ec7e996e4897ba4e34376f7c0be2,113,342,139,58,139,https://www.youtube.com/watch?v=5FobHn4Tz5M,0,0,0,,139,58,139,https://www.youtube.com/watch?v=5FobHn4Tz5M,220,91,75,144,https://www.twitch.tv/videos/2065248660
9b2c7b20d02241b3b82492a5e78a71c0,113,0,0,0,0,,0,0,0,,0,0,0,,0,0,0,0,
226eb1e34c924ae2914d960039905d08,112,9133,37,18,473,https://www.youtube.com/watch?v=Fm6ZVAk9Zl4,23,13,111,https://www.youtube.com/watch?v=yeFfhyMLd8M,98,47,473,https://www.youtube.com/watch?v=Fm6ZVAk9Zl4,0,0,0,0,
af132d32a46342178ed398b3c4243e80,112,1288,16,8,16,https://www.youtube.com/watch?v=_jxK7za3ckI,16,8,16,https://www.youtube.com/watch?v=_jxK7za3ckI,0,0,0,,0,0,0,0,
6c0cf217099345ffac2159da29448a7c,112,3561,47,40,180,https://www.youtube.com/watch?v=2LSsMDQGzAA,69,59,180,https://www.youtube.com/watch?v=2LSsMDQGzAA,43,35,43,https://www.youtube.com/watch?v=SHwJEfiPXCk,30,34,29,79,https://www.twitch.tv/videos/2071229707
65f0266aa5484b4e9f244e856e0d88b3,110,33,0,0,0,,0,0,0,,0,0,0,,446,0,0,0,
d26893447610406da66ee14abfbd5868,110,1043,68,43,103,https://www.youtube.com/watch?v=v-VUjw0zhcU,68,43,103,https://www.youtube.com/watch?v=v-VUjw0zhcU,0,0,0,,0,0,0,0,
6db478d80f2843edbe9b6ba6f8ac3e05,110,5404,0,0,0,,0,0,0,,0,0,0,,0,0,0,0,
8882f2de2e6947e190be5b4f63a4e626,110,0,0,0,0,,0,0,0,,0,0,0,,0,0,0,0,
09945e9139af4f3a96e6adfd73139d35,109,446,10,2,15,https://www.youtube.com/watch?v=xu2Lk7tsK70,0,0,0,,10,2,15,https://www.youtube.com/watch?v=xu2Lk7tsK70,884,228,161,367,https://www.twitch.tv/videos/2064134721
6eac5ce6527b4513bcff4b38d277b5cc,109,1302,38,11,54,https://www.youtube.com/watch?v=49CX3nauFUc,38,11,54,https://www.youtube.com/watch?v=49CX3nauFUc,0,0,0,,0,0,0,0,
4ec87ced65c74722927e8fd3f219a653,109,2327,33,17,47,https://www.youtube.com/watch?v=PiWpDjPDWxw,0,0,0,,33,17,47,https://www.youtube.com/watch?v=PiWpDjPDWxw,41,0,0,0,
07ad147bcc7b4bf381e697e2c5578404,109,3665,0,0,0,,0,0,0,,0,0,0,,0,0,0,0,
8b5d6e9353ba46789fa6a2cfd94f69b2,109,2248,8,2,10,https://www.youtube.com/watch?v=MrcALleNBNw,0,0,0,,8,2,10,https://www.youtube.com/watch?v=MrcALleNBNw,95,8,6,8,https://www.twitch.tv/videos/2068346428
86a9d44f3d7c47769122c762db7c37e9,108,1676,16,12,16,https://www.youtube.com/watch?v=4ypzuXi9jGU,0,0,0,,16,12,16,https://www.youtube.com/watch?v=4ypzuXi9jGU,1698,379,270,895,https://www.twitch.tv/videos/2060371620
cde66ce63cec4a7a819968ef01489eb9,107,800,0,0,0,,0,0,0,,0,0,0,,356,55,40,71,https://www.twitch.tv/videos/2067319757
07fec8d9014a41c28216345a5adb1533,106,485,0,0,0,,0,0,0,,0,0,0,,510,35,5,38,https://www.twitch.tv/videos/2048046850
cbb9eb3e239f4a28a05b8e82884f4e5b,106,1874,26,8,95,https://www.youtube.com/watch?v=dmbWNaZgNpg,26,8,95,https://www.youtube.com/watch?v=dmbWNaZgNpg,0,0,0,,0,0,0,0,
58f233e089ca45c8bc1969b471183766,106,18152,0,0,0,,0,0,0,,0,0,0,,0,0,0,0,
b18dea7632bc49db974a22d6eb6660fb,105,5801,3,1,21,https://www.youtube.com/watch?v=gvaLSU5XhaE,0,0,0,,3,1,21,https://www.youtube.com/watch?v=gvaLSU5XhaE,304,57,40,121,https://www.twitch.tv/videos/2071264747
68671ee09add4d87b8038acebc5b48a4,105,689,0,0,0,,0,0,0,,0,0,0,,492,0,0,0,
6b21f41580a64cc7ab15d219a612723b,105,0,0,0,0,,0,0,0,,0,0,0,,4023,0,0,0,
2ff6c25f8e5943d2ac0a6a006f5784c3,105,639,28,8,43,https://www.youtube.com/watch?v=vBg7MDU0VbA,0,0,0,,28,8,43,https://www.youtube.com/watch?v=vBg7MDU0VbA,354,47,31,47,https://www.twitch.tv/videos/2063298142
2b1ef81172474b6b8409100be2f30da7,105,340,14,11,76,https://www.youtube.com/watch?v=jkr1lVFZLRw,0,0,0,,14,11,76,https://www.youtube.com/watch?v=jkr1lVFZLRw,315,431,338,594,https://www.twitch.tv/videos/2071119082
76a17ecab93c4c3db069c9a5d8d0ecf5,104,1290,131,27,330,https://www.youtube.com/watch?v=1B_EhpEBkAE,82,17,131,https://www.youtube.com/watch?v=oxzGic7y2ik,330,87,330,https://www.youtube.com/watch?v=1B_EhpEBkAE,1360,202,86,551,https://www.twitch.tv/videos/2055354602
74beedbc5f694a2c94fe73545ba4037d,104,7227,0,0,0,,0,0,0,,0,0,0,,50,0,0,0,
af7aeeb720454113b850b898d93b8ab2,104,541,0,0,0,,0,0,0,,0,0,0,,0,0,0,0,
be4cf0f0dbca4973992d2cb553c1c2bc,103,545,0,0,0,,0,0,0,,0,0,0,,767,94,81,180,https://www.twitch.tv/videos/2072211497
2928a7d5624e4af8b1331eabae6bda17,102,532,243,149,243,https://www.youtube.com/watch?v=2UN8BWm5ioU,0,0,0,,243,149,243,https://www.youtube.com/watch?v=2UN8BWm5ioU,574,62,45,133,https://www.twitch.tv/videos/2065432143
43b63a022b664691827cd276aff6e4f4,102,4457,27,7,41,https://www.youtube.com/watch?v=YNqItvgQMQg,27,7,41,https://www.youtube.com/watch?v=YNqItvgQMQg,0,0,0,,0,0,0,0,
76b44153656540e7ab449a9f57cef7ce,102,2324,31,16,43,https://www.youtube.com/watch?v=dpkH0yZSkvE,31,16,43,https://www.youtube.com/watch?v=dpkH0yZSkvE,0,0,0,,53,19,15,26,https://www.twitch.tv/videos/2066574912
c489b78388904133a8b93cd4d0470aad,102,3835,234,109,1271,https://www.youtube.com/watch?v=rdoJEC_d9UM,0,0,0,,234,109,1271,https://www.youtube.com/watch?v=rdoJEC_d9UM,453,22,16,22,https://www.twitch.tv/videos/2065394370
77364942d7f24440bbde8efa71c724df,102,6499,0,0,0,,0,0,0,,0,0,0,,389,26,16,57,https://www.twitch.tv/videos/2060624542
53b98a4bbf49419fb4516525846d4d35,100,238,0,0,0,,0,0,0,,0,0,0,,1901,0,0,0,
e5f12d1681344318a53695ef5bc11fbc,99,2252,0,0,0,,0,0,0,,0,0,0,,176,0,0,0,
8fecd29b2aea40cabf5b9a58aeace0a9,99,2846,8,2,17,https://www.youtube.com/watch?v=aPevaYKK3vI,9,2,16,https://www.youtube.com/watch?v=oAhSEHKNBYw,4,2,17,https://www.youtube.com/watch?v=aPevaYKK3vI,17,0,0,0,
2d25a18a83af462a8d4062e162017a1a,99,3944,9,1,13,https://www.youtube.com/watch?v=XROn0rCei4g,0,0,0,,9,1,13,https://www.youtube.com/watch?v=XROn0rCei4g,494,0,0,0,
c8e7047c84614b1bb8e9f352c7dac95e,98,1226,0,0,0,,0,0,0,,0,0,0,,620,44,39,49,https://www.twitch.tv/videos/2069381581
98fd913e544f4725afdd28ad05f3e737,97,7605,34,21,96,https://www.youtube.com/watch?v=EwiLftB_oG4,34,21,96,https://www.youtube.com/watch?v=EwiLftB_oG4,0,0,0,,0,0,0,0,
5cdecbd7413e4c9e9cb56373a186ccec,97,382,98,42,150,https://www.youtube.com/watch?v=EGSWtEjI_rU,0,0,0,,98,42,150,https://www.youtube.com/watch?v=EGSWtEjI_rU,175,51,37,51,https://www.twitch.tv/videos/2065434457
a3bbe09809e141e5b0658a79ba63f977,96,2632,9,5,119,https://www.youtube.com/watch?v=-id_iphASvY,0,0,0,,9,5,119,https://www.youtube.com/watch?v=-id_iphASvY,320,37,27,102,https://www.twitch.tv/videos/2060684314
40fd0ce414e8465880489531775662e7,96,1139,54,43,75,https://www.youtube.com/watch?v=EOCKf-W0bVQ,0,0,0,,54,43,75,https://www.youtube.com/watch?v=EOCKf-W0bVQ,0,0,0,0,
93162af392cc4e70bb6d404a14190c19,94,1733,0,0,0,,0,0,0,,0,0,0,,0,0,0,0,
8064b5c85fc64d10ae3e9d3a4c0dfd8f,93,719,0,0,0,,0,0,0,,0,0,0,,2754,139,122,301,https://www.twitch.tv/videos/2071329492
8cbdee1cfd644878b7392bd1c996c185,92,2693,0,0,0,,0,0,0,,0,0,0,,126,0,0,0,
135224fe261040639a802804b52f22db,91,2518,0,0,0,,0,0,0,,0,0,0,,620,72,60,206,https://www.twitch.tv/videos/2063250158
431a9bc2ab514e39bb80e323419b4c9a,91,240,0,0,0,,0,0,0,,0,0,0,,0,0,0,0,
c29627e1a48a4ea8b21c858aba1836d0,90,1318,9,2,17,https://www.youtube.com/watch?v=cA22N5absgs,0,0,0,,9,2,17,https://www.youtube.com/watch?v=cA22N5absgs,84,0,0,0,
16e0b967de004b45b5c10302382ad43e,90,855,68,10,75,https://www.youtube.com/watch?v=H_hiHPgtfvw,0,0,0,,68,10,75,https://www.youtube.com/watch?v=H_hiHPgtfvw,124,44,32,81,https://www.twitch.tv/videos/2072792195
ad6455da071543ab88cd4855a11cf39b,90,2444,38,17,53,https://www.youtube.com/watch?v=bcxuh7AaKgs,40,20,53,https://www.youtube.com/watch?v=bcxuh7AaKgs,28,17,37,https://www.youtube.com/watch?v=KKIwgZ7FHBQ,0,0,0,0,
c441bf25222246ac8f1a67477d047520,89,0,0,0,0,,0,0,0,,0,0,0,,0,0,0,0,
d39880395a4b4f3d980819da82cbd90f,89,1517,0,0,0,,0,0,0,,0,0,0,,579,101,66,181,https://www.twitch.tv/videos/2065342247
976b29c2cb6e4092957f42da56b4c7c6,89,9344,0,0,0,,0,0,0,,0,0,0,,469,0,0,0,
5a60a41d2a604bc68368158cd0b1cc12,88,3236,9,3,32,https://www.youtube.com/watch?v=e5V5EAyC5z4,9,3,32,https://www.youtube.com/watch?v=e5V5EAyC5z4,0,0,0,,262,98,68,146,https://www.twitch.tv/videos/2062477354
e0535f2d38f04d26aca33772bccb33b8,88,2907,14,8,100,https://www.youtube.com/watch?v=dcqD-iA1mYE,0,0,0,,14,8,100,https://www.youtube.com/watch?v=dcqD-iA1mYE,305,210,169,249,https://www.twitch.tv/videos/2065340939
fec8644970684cffbbae8dd37a52d59c,87,770,0,0,0,,0,0,0,,0,0,0,,70,0,0,0,
e93b2dd2339a422f8ab3d21c9d95161c,87,673,26,22,41,https://www.youtube.com/watch?v=c21FtZ0Zpto,0,0,0,,26,22,41,https://www.youtube.com/watch?v=c21FtZ0Zpto,341,43,34,57,https://www.twitch.tv/videos/2069325223
e83fb599bfc7426cb3a4d54b107ab568,86,686,17,5,17,https://www.youtube.com/watch?v=X4k5bIzP9R8,0,0,0,,17,5,17,https://www.youtube.com/watch?v=X4k5bIzP9R8,0,0,0,0,
16dba95f038f4b5ca6d3599c80ebe118,86,1375,0,0,0,,0,0,0,,0,0,0,,0,0,0,0,
f6c33980cbb9463d88229e058bd54b3f,85,721,33,3,33,https://www.youtube.com/watch?v=dhmL5i0Y0Zo,0,0,0,,33,3,33,https://www.youtube.com/watch?v=dhmL5i0Y0Zo,0,0,0,0,
1fa9ddce23964bab8edddf7f18dad2f3,85,222,0,0,0,,0,0,0,,0,0,0,,1239,205,147,343,https://www.twitch.tv/videos/2064386203
e9569c3f60c541ab83899c09079feaa2,84,1376,5,2,22,https://www.youtube.com/watch?v=ONjLWs-P5cU,0,0,0,,5,2,22,https://www.youtube.com/watch?v=ONjLWs-P5cU,866,85,63,263,https://www.twitch.tv/videos/2070349806
7a5f358662cc4ba6bfe35586eb344bd3,84,241,0,0,0,,0,0,0,,0,0,0,,736,0,0,0,
cd13255567c04182914111635ed1530f,84,14039,0,0,0,,0,0,0,,0,0,0,,462,33,19,41,https://www.twitch.tv/videos/2061684796
22d30950218c4df4adf0488b412f56b9,83,250,80,36,101,https://www.youtube.com/watch?v=2LP_N-oI8us,0,0,0,,80,36,101,https://www.youtube.com/watch?v=2LP_N-oI8us,0,0,0,0,
f5c278ed50af44b6a78e8436020c871f,82,1172,0,0,0,,0,0,0,,0,0,0,,0,0,0,0,
fd638ba6820241d1b3367afab0c6ab3e,82,5072,19,13,43,https://www.youtube.com/watch?v=T9JbxPoINug,19,13,43,https://www.youtube.com/watch?v=T9JbxPoINug,0,0,0,,0,0,0,0,
1618171723d84cbe8b57cd69fa6f477f,81,973,0,0,0,,0,0,0,,0,0,0,,564,0,0,0,
249c62cfb8b64d7880c681c55c0e761a,81,1453,0,0,0,,0,0,0,,0,0,0,,0,0,0,0,
949f184abcc84a82b8e9f333b41a2109,80,4065,8,3,63,https://www.youtube.com/watch?v=phtXc6_FtbU,0,0,0,,8,3,63,https://www.youtube.com/watch?v=phtXc6_FtbU,1252,241,154,324,https://www.twitch.tv/videos/2069369214
4d96aeef13f949e19026682e337db138,80,1752,2,0,5,https://www.youtube.com/watch?v=8hvAoX8HLL0,0,0,0,,2,0,5,https://www.youtube.com/watch?v=8hvAoX8HLL0,2380,205,144,230,https://www.twitch.tv/videos/2062412211
f35a552c958c4e798cac3bff3f5fff2b,80,390,0,0,0,,0,0,0,,0,0,0,,472,101,71,163,https://www.twitch.tv/videos/2068199834
288ba70f1a044c72a65ed9cf3b425d13,80,2828,32,12,61,https://www.youtube.com/watch?v=Oggjphl9bVk,32,12,61,https://www.youtube.com/watch?v=Oggjphl9bVk,0,0,0,,0,0,0,0,
bedd14283dd34a639c5f77a95856ecad,80,1476,56,32,62,https://www.youtube.com/watch?v=PSJw44SgWZE,56,32,62,https://www.youtube.com/watch?v=PSJw44SgWZE,0,0,0,,0,0,0,0,
fe1bd62313574733ab86c1a56b7143ab,79,811,0,0,0,,0,0,0,,0,0,0,,1647,0,0,0,
a127ff7335ae467d961641bcf84f1e2f,79,6050,331,204,331,https://www.youtube.com/watch?v=5Mmi2XqAopY,0,0,0,,331,204,331,https://www.youtube.com/watch?v=5Mmi2XqAopY,1770,561,408,946,https://www.twitch.tv/videos/2071200713
8868dd9b4d75481397fd841b8ef6c55d,78,1508,189,66,189,https://www.youtube.com/watch?v=fx5uhXjimug,0,0,0,,189,66,189,https://www.youtube.com/watch?v=fx5uhXjimug,8,0,0,0,
b9a09f50375248aebc3d6afdb7f5adf6,78,1095,0,0,0,,0,0,0,,0,0,0,,659,251,195,349,https://www.twitch.tv/videos/2066425127
bb21226dc1db41e294f545133948115b,78,1508,11,1,23,https://www.youtube.com/watch?v=8Eexm7YxdMU,11,1,23,https://www.youtube.com/watch?v=8Eexm7YxdMU,0,0,0,,0,0,0,0,
82bc06ac5c6e42cf80ec426c5b31a3c3,78,2570,0,0,0,,0,0,0,,0,0,0,,0,0,0,0,
606b5d09425246eda64b4c462ecfbcb4,77,760,31,4,31,https://www.youtube.com/watch?v=kz9qThPWdZc,0,0,0,,31,4,31,https://www.youtube.com/watch?v=kz9qThPWdZc,0,0,0,0,
0a1bdead9a3946cabce4e439a1c8970e,77,0,0,0,0,,0,0,0,,0,0,0,,23,0,0,0,
ce08f5426e7b43cab916a327f491f74d,77,1102,0,0,0,,0,0,0,,0,0,0,,0,0,0,0,
2cf39ef13e434910b3681d75d2ebfab3,76,16867,0,0,0,,0,0,0,,0,0,0,,0,0,0,0,
c6af4f23c6ce4adab5301d79b0bd343a,75,972,5,4,5,https://www.youtube.com/watch?v=2PvObfNS-8s,0,0,0,,5,4,5,https://www.youtube.com/watch?v=2PvObfNS-8s,2187,321,234,1765,https://www.twitch.tv/videos/2070124260
988b153a77804b24a6ca99ffd7e298c3,74,2527,0,0,0,,0,0,0,,0,0,0,,0,0,0,0,
b6309af8c78c41d288f472a45ebd8f33,73,1094,33,6,82,https://www.youtube.com/watch?v=HRUtvwScyjQ,32,8,42,https://www.youtube.com/watch?v=_jFOOYyG9sU,37,0,82,https://www.youtube.com/watch?v=HRUtvwScyjQ,6,0,0,0,
423ee3a5dbd549f19893a1823856b8dc,72,146,5,4,14,https://www.youtube.com/watch?v=2lonIs1aGco,0,0,0,,5,4,14,https://www.youtube.com/watch?v=2lonIs1aGco,331,29,20,45,https://www.twitch.tv/videos/2066386138
7a8c9d29e4f44a1489379cbc04f81fce,72,751,0,0,0,,0,0,0,,0,0,0,,92,0,0,0,
09b00ccde152498b808efe7317bd52f0,72,1088,0,0,0,,0,0,0,,0,0,0,,2087,719,486,861,https://www.twitch.tv/videos/2060718457
12ece01ae7004e9195e79309f0cdae40,71,473,0,0,0,,0,0,0,,0,0,0,,2305,0,0,0,
cd1224f4756340c594f3c36245e9b4d4,70,335,0,0,0,,0,0,0,,0,0,0,,558,201,133,356,https://www.twitch.tv/videos/2069229835
4392368e4dea40ccb6b6bca109e75d62,70,2490,0,0,0,,0,0,0,,0,0,0,,377,0,0,0,
fd1f154909d743129d5d6f58813bf231,70,3348,0,0,0,,0,0,0,,0,0,0,,0,0,0,0,
64b7b65875bb4ed09bb706ef8741259e,70,541,0,0,0,,0,0,0,,0,0,0,,0,0,0,0,
025ce8dccaa4466c80061aa308c378c3,69,2209,0,0,0,,0,0,0,,0,0,0,,40,0,0,0,
a1a4762aa1eb4d95be1c0c7a528a8336,68,3472,3,0,29,https://www.youtube.com/watch?v=xjw0McFW1Ks,0,0,0,,3,0,29,https://www.youtube.com/watch?v=xjw0McFW1Ks,965,348,250,696,https://www.twitch.tv/videos/2063322010
82ceab659cbe441fb2f6555fdcacad6c,68,1052,0,0,0,,0,0,0,,0,0,0,,0,0,0,0,
45850b41e06641ef9dc11aa3d94c9738,66,2843,0,0,0,,0,0,0,,0,0,0,,0,0,0,0,
577251897dc7463393b68c5b6f96559b,66,718,1,0,2,https://www.youtube.com/watch?v=zhyuDhDYm4Q,0,0,0,,1,0,2,https://www.youtube.com/watch?v=zhyuDhDYm4Q,243,31,23,49,https://www.twitch.tv/videos/2070315214
40bb881e52be4d8b9c66a60be89e0504,66,1727,24,10,103,https://www.youtube.com/watch?v=-4P1nlObyMg,17,9,29,https://www.youtube.com/watch?v=xBAxiGSpBdA,28,15,103,https://www.youtube.com/watch?v=-4P1nlObyMg,0,0,0,0,
6c8f616ab73c449d8eb8e3888c2c8bfe,65,49,0,0,0,,0,0,0,,0,0,0,,877,150,58,217,https://www.twitch.tv/videos/2051983316
8326ce0c22374e78932a2c9ac621d0f8,63,2162,0,0,0,,0,0,0,,0,0,0,,0,0,0,0,
1daf23905a3d4aa9a59273e563e33382,63,735,84,16,84,https://www.youtube.com/watch?v=yGaS1FyACF8,0,0,0,,84,16,84,https://www.youtube.com/watch?v=yGaS1FyACF8,1390,133,129,255,https://www.twitch.tv/videos/2070407463
a324be13dcdb4acbbe722638fc2dbfa4,62,3967,35,15,50,https://www.youtube.com/watch?v=G23AjEPJc7A,35,15,50,https://www.youtube.com/watch?v=G23AjEPJc7A,0,0,0,,16,0,0,0,
5fe4d02afe22460b97267f12c11bdb94,62,912,0,0,0,,0,0,0,,0,0,0,,1,0,0,0,
7de64f4deb0946baa8d6b0da69699194,61,566,0,0,0,,0,0,0,,0,0,0,,60,0,0,0,
a9ada11d61114319885597db6a0725fb,60,242,0,0,0,,0,0,0,,0,0,0,,641,137,90,145,https://www.twitch.tv/videos/2062407747
742791b5c8404969abd68d95e9f79f93,60,132,0,0,0,,0,0,0,,0,0,0,,74,29,26,29,https://www.twitch.tv/videos/2070267808
9272afe9ef72434082d9b5621857afd0,59,1963,0,0,0,,0,0,0,,0,0,0,,29,0,0,0,
98619914a2eb4b07bd6bc0a02066e455,59,1481,10,4,10,https://www.youtube.com/watch?v=6D6RbVBJMHo,0,0,0,,10,4,10,https://www.youtube.com/watch?v=6D6RbVBJMHo,381,186,121,301,https://www.twitch.tv/videos/2061357587
061fb9c63b7e45bb85ea7e6bd4fe3745,59,2066,0,0,0,,0,0,0,,0,0,0,,171,18,17,23,https://www.twitch.tv/videos/2072242482
47cd428eee8640cb80afaa4ef9bb55e0,59,2638,62,16,62,https://www.youtube.com/watch?v=1PIh3UNzsQ0,0,0,0,,62,16,62,https://www.youtube.com/watch?v=1PIh3UNzsQ0,1171,140,103,365,https://www.twitch.tv/videos/2071161086
5111bbfaa63a43eca5d6940bc07e2f1d,56,1337,0,0,0,,0,0,0,,0,0,0,,0,0,0,0,
25a4b44b043947d1b1e1708c60569700,55,22,0,0,0,,0,0,0,,0,0,0,,0,0,0,0,
2c2db11a23aa43298ab96e60a20692d7,55,102,0,0,0,,0,0,0,,0,0,0,,1520,0,0,0,
bcc486093c6041fe83ff0eacf6a7be4f,55,1867,0,0,0,,0,0,0,,0,0,0,,0,0,0,0,
dc9cd2bc942d427d8cc73370d1194f9e,54,1079,41,12,41,https://www.youtube.com/watch?v=oi56tUXBPpk,41,12,41,https://www.youtube.com/watch?v=oi56tUXBPpk,0,0,0,,0,0,0,0,
73289529c73440e19129c28714996ead,54,741,0,0,0,,0,0,0,,0,0,0,,0,0,0,0,
f9d27b07ff84433b8397b0587f339e27,53,5344,32,22,127,https://www.youtube.com/watch?v=MECv6ko0pM0,0,0,0,,32,22,127,https://www.youtube.com/watch?v=MECv6ko0pM0,151,24,8,50,https://www.twitch.tv/videos/2052973386
964a0dde279c45ea85ffc6ad5d266206,53,996,0,0,0,,0,0,0,,0,0,0,,43,0,0,0,
74acc3b3c4db41d2a13cce887ad2a856,53,2919,0,0,0,,0,0,0,,0,0,0,,1579,0,0,0,
822b9b7a9eca49df9bfd617a19b274b0,52,447,0,0,0,,0,0,0,,0,0,0,,0,0,0,0,
3475b2087d9a4d799c10bd3ac5f45437,52,0,0,0,0,,0,0,0,,0,0,0,,304,0,0,0,
7180ef027197417da8c0143be2d45fa2,52,1700,13,7,58,https://www.youtube.com/watch?v=yIPY1XOZm3o,0,0,0,,13,7,58,https://www.youtube.com/watch?v=yIPY1XOZm3o,350,121,85,363,https://www.twitch.tv/videos/2060639349
15625a3e3ee14c64ae7a76fc4b6eb8cc,51,335,0,0,0,,0,0,0,,0,0,0,,0,0,0,0,
d148768158984ce8b3a8214b1fb3dafc,51,0,0,0,0,,0,0,0,,0,0,0,,53,0,0,0,
423ecad01c524c4595027051fcaa9ba7,50,0,0,0,0,,0,0,0,,0,0,0,,376,0,0,0,
188108fa6e2e41afb060e4038e49d4ab,50,1619,29,6,67,https://www.youtube.com/watch?v=wrf9xCK_eJI,29,6,67,https://www.youtube.com/watch?v=wrf9xCK_eJI,0,0,0,,687,0,0,0,
fdfbb61702604db683986fa8ba14f9dc,50,175,13,12,15,https://www.youtube.com/watch?v=W_0S-1EoqfY,0,0,0,,13,12,15,https://www.youtube.com/watch?v=W_0S-1EoqfY,135,38,36,48,https://www.twitch.tv/videos/2067445443
ba27c499a50f4cac87e6e5b94da18292,50,802,0,0,0,,0,0,0,,0,0,0,,312,98,72,136,https://www.twitch.tv/videos/2066480927
bd8b9130e88a44c98f1bdcbed402ae01,50,621,0,0,0,,0,0,0,,0,0,0,,0,0,0,0,
32ae564b306c42cab2e1a4a8a9d6adfe,49,337,8,3,24,https://www.youtube.com/watch?v=Z1l80Z5MAUk,0,0,0,,8,3,24,https://www.youtube.com/watch?v=Z1l80Z5MAUk,878,373,306,454,https://www.twitch.tv/videos/2072134942
4af53c3526f7435a8aac99f42dccb392,49,154,0,0,0,,0,0,0,,0,0,0,,84,0,0,0,
748fbe1808eb4156bccfc72a447725a2,49,111,0,0,0,,0,0,0,,0,0,0,,408,102,65,141,https://www.twitch.tv/videos/2061511367
bc69cb667d6548dfb067b40d68c3056d,49,0,0,0,0,,0,0,0,,0,0,0,,2986,176,100,176,https://www.twitch.tv/videos/2060683400
e9892d83b9f64d9fadc72c225caa55c4,49,2009,0,0,0,,0,0,0,,0,0,0,,0,0,0,0,
5b0963427f8e4f04a35cb0e71d95698d,48,0,0,0,0,,0,0,0,,0,0,0,,0,0,0,0,
1090032399054c2bb010a0a7287b2006,48,485,9,8,9,https://www.youtube.com/watch?v=vZ8dSWTVlbA,9,8,9,https://www.youtube.com/watch?v=vZ8dSWTVlbA,0,0,0,,0,0,0,0,
255a5e79f9d14e6492d741b95f78cb7c,47,731,0,0,0,,0,0,0,,0,0,0,,2330,106,76,106,https://www.twitch.tv/videos/2064960253
50c9dbd2624f41408f2b6a9ccf61e447,47,0,0,0,0,,0,0,0,,0,0,0,,167,57,44,111,https://www.twitch.tv/videos/2065211107
e8da498df6844f83b6550334f54c2f14,47,1401,0,0,0,,0,0,0,,0,0,0,,0,0,0,0,
6bf231719d5e485fa0cdee99905858d4,46,465,69,43,137,https://www.youtube.com/watch?v=W8YZ6Z8ZJt0,0,0,0,,69,43,137,https://www.youtube.com/watch?v=W8YZ6Z8ZJt0,226,21,18,145,https://www.twitch.tv/videos/2061820454
c0b0ee4a080a4752bcbe186688cbafc2,46,614,0,0,0,,0,0,0,,0,0,0,,342,0,0,0,
0e6b5ea24de64f3bbe6767999faef4c8,46,87,0,0,0,,0,0,0,,0,0,0,,0,0,0,0,
b3e0bc9dd06f4774b492e6d50dd92be2,45,49,0,0,0,,0,0,0,,0,0,0,,149,69,59,80,https://www.twitch.tv/videos/2069300488
965ff8a77ab845aaac693d9c7a56f82d,45,2752,2,0,11,https://www.youtube.com/watch?v=UuenR8Nx93E,0,0,0,,2,0,11,https://www.youtube.com/watch?v=UuenR8Nx93E,367,137,99,243,https://www.twitch.tv/videos/2064370327
28e6f7c12a3b45899e7508058f926af9,44,3094,13,9,24,https://www.youtube.com/watch?v=8sdBHVDhNl0,0,0,0,,13,9,24,https://www.youtube.com/watch?v=8sdBHVDhNl0,651,106,60,460,https://www.twitch.tv/videos/2062332005
a3452262e11348c88afea4031b0323a8,43,4099,15,7,1046,https://www.youtube.com/watch?v=WhbvwTtG38s,0,0,0,,15,7,1046,https://www.youtube.com/watch?v=WhbvwTtG38s,48,0,0,0,
2d3deb7610dd4329ba77597dfdd13043,42,912,0,0,0,,0,0,0,,0,0,0,,1432,147,119,172,https://www.twitch.tv/videos/2072222699
107fac8e77f74af8ba95491ae9492642,41,47,2,0,5,https://www.youtube.com/watch?v=VOy7zLJPsio,3,1,5,https://www.youtube.com/watch?v=VOy7zLJPsio,0,0,0,https://www.youtube.com/watch?v=mD6OFiOzcQE,248,46,31,87,https://www.twitch.tv/videos/2067274499
d5db964012f14dd8a19d9fa7596c1ffd,41,543,0,0,0,,0,0,0,,0,0,0,,0,0,0,0,
76355385e14341a5b8360ea9d19d831e,40,187,0,0,0,,0,0,0,,0,0,0,,0,0,0,0,
f158cd39f9384021918af95fe7a4998e,39,74,0,0,0,,0,0,0,,0,0,0,,122,0,0,0,
c6e0676b98ba4c69aa167ab8dc5f0870,39,1970,4,3,4,https://www.youtube.com/watch?v=4LtEytHEtEU,0,0,0,,4,3,4,https://www.youtube.com/watch?v=4LtEytHEtEU,58,11,10,20,https://www.twitch.tv/videos/2070204358
eadf377f5cbd41ac9842c3f5559268f6,39,494,0,0,0,,0,0,0,,0,0,0,,183,35,21,69,https://www.twitch.tv/videos/2063044925
1f28ef7a3c88413d846f01c6d9c36e2d,39,343,0,0,0,,0,0,0,,0,0,0,,0,0,0,0,
d7cf0379e5df43269f50cfebedcffab9,39,118,0,0,0,,0,0,0,,0,0,0,,68,0,0,0,
2a25c205cc374cbeb8c8ccfe988ec9cc,38,763,0,0,0,,0,0,0,,0,0,0,,1109,202,106,202,https://www.twitch.tv/videos/2059592848
e04b970f339243258cb0dc0c5735274a,38,1000,0,0,0,,0,0,0,,0,0,0,,0,0,0,0,
9ff652451cbd4ad098bf20dd9748ce12,38,862,0,0,0,,0,0,0,,0,0,0,,2173,73,61,142,https://www.twitch.tv/videos/2061840640
e3b9c06f64d84a0dabb3e97c0caacaca,38,1716,14,12,16,https://www.youtube.com/watch?v=kaqe6w4-o7A,0,0,0,,14,12,16,https://www.youtube.com/watch?v=kaqe6w4-o7A,0,0,0,0,
4efffd7632e94c9faad30a543c3e1150,38,1355,26,7,30,https://www.youtube.com/watch?v=9kCX2xkKLXc,0,0,0,,26,7,30,https://www.youtube.com/watch?v=9kCX2xkKLXc,87,8,7,8,https://www.twitch.tv/videos/2071217531
0a0df52f847d482e90955a9cb5d1c84c,37,28,9,2,11,https://www.youtube.com/watch?v=49TbfNy6UlY,0,0,0,,9,2,11,https://www.youtube.com/watch?v=49TbfNy6UlY,88,0,0,0,
22f16847ee064b1bafd9bbe15bd31284,37,537,0,0,0,,0,0,0,,0,0,0,,498,35,22,36,https://www.twitch.tv/videos/2059577957
90e99deb6e044db38dac17f268bc4ed3,37,203,0,0,0,,0,0,0,,0,0,0,,0,0,0,0,
d9f302ca07b54664a88124d64442abac,36,5986,45,9,45,https://www.youtube.com/watch?v=DTl16QJMASU,0,0,0,,45,9,45,https://www.youtube.com/watch?v=DTl16QJMASU,115,0,0,0,
bb724895ca584788a6d550f5e5833add,36,24165,0,0,0,,0,0,0,,0,0,0,,0,0,0,0,
256252fdd3d1437995088c56e674fcf0,35,56,0,0,0,,0,0,0,,0,0,0,,603,106,73,134,https://www.twitch.tv/videos/2060620274
0b53549edaf5490ca350ef17aee7b8b9,35,183,0,0,0,,0,0,0,,0,0,0,,468,77,41,128,https://www.twitch.tv/videos/2072274211
20181f161f2c42d49003d8dee458dd5e,35,313,0,0,0,,0,0,0,,0,0,0,,24,0,0,0,
359bb9450c49401da7b002980d4f97df,35,74,14,0,18,https://www.youtube.com/watch?v=u4ECK7Up_no,0,0,0,,14,0,18,https://www.youtube.com/watch?v=u4ECK7Up_no,704,179,133,277,https://www.twitch.tv/videos/2064571490
904e3c91b4e1427f9b2d69f69aa3b13c,32,2029,41,34,43,https://www.youtube.com/watch?v=RhUG0-syHWU,41,34,43,https://www.youtube.com/watch?v=RhUG0-syHWU,0,0,0,,0,0,0,0,
9be839573d1a4944a93740ca42fa65d4,32,625,22,15,246,https://www.youtube.com/watch?v=sygNznv7_rk,0,0,0,,22,15,246,https://www.youtube.com/watch?v=sygNznv7_rk,318,62,37,189,https://www.twitch.tv/videos/2069122674
cf04151a6d704a4fa008a4df2962ac68,32,8180,0,0,0,,0,0,0,,0,0,0,,0,0,0,0,
df02d1a89bc74c928c825773996bbb7b,32,1520,0,0,0,,0,0,0,,0,0,0,,712,114,93,174,https://www.twitch.tv/videos/2064194896
6bcb75418dd24274b2fe4b8e60a94999,32,1578,4,3,28,https://www.youtube.com/watch?v=xFT_GWVjCJk,4,3,28,https://www.youtube.com/watch?v=xFT_GWVjCJk,0,0,0,,412,0,0,0,
c269bafe425f470e957731c454b8925c,31,1310,0,0,0,,0,0,0,,0,0,0,,360,0,0,0,
8723ccecdfd84d92b1de24f9d6a86bcc,31,461,8,0,8,https://www.youtube.com/watch?v=1Jx-tG8J42U,0,0,0,,8,0,8,https://www.youtube.com/watch?v=1Jx-tG8J42U,1658,323,258,581,https://www.twitch.tv/videos/2059909851
faa39b1bc1f647af9f6f33d6174c30d0,31,677,0,0,0,,0,0,0,,0,0,0,,0,0,0,0,
8c0482285da84b4b97556ccc0d2c8dd9,31,0,0,0,0,,0,0,0,,0,0,0,,84,0,0,0,
02056e6aaa51485ea4f90eb41a7612cf,30,849,16,5,16,https://www.youtube.com/watch?v=FQaZQwe-2R0,16,5,16,https://www.youtube.com/watch?v=FQaZQwe-2R0,0,0,0,,0,0,0,0,
30180ea70e514772a5d14174b23037d5,29,900,25,23,25,https://www.youtube.com/watch?v=_OjH02PH9oo,25,23,25,https://www.youtube.com/watch?v=_OjH02PH9oo,0,0,0,,58,0,0,0,
27ac8b1e87af421dad890df4884e9f4b,29,467,0,0,0,,0,0,0,,0,0,0,,0,0,0,0,
ce065a7b5f8a4557821b27b0b9c2f1e3,28,157,18,8,92,https://www.youtube.com/watch?v=D6JVHeEiCQQ,55,21,92,https://www.youtube.com/watch?v=D6JVHeEiCQQ,18,8,21,https://www.youtube.com/watch?v=14GATZQNv4c,7,0,0,0,
4f917f1ccdd74d34a3746c379282b6fe,28,282,64,20,182,https://www.youtube.com/watch?v=f2GbzDCT7fA,64,20,64,https://www.youtube.com/watch?v=TBTgqaUIN4g,110,16,182,https://www.youtube.com/watch?v=f2GbzDCT7fA,136,58,51,106,https://www.twitch.tv/videos/2066317460
0eba942738504c8182c861668195c39e,27,106,0,0,0,,0,0,0,,0,0,0,,430,0,0,0,
7ee1b473a5584a1a85973acfa45e0e1d,27,0,0,0,0,,0,0,0,,0,0,0,,0,0,0,0,
7ca56a8380d245b3b7e5398d12178478,27,260,0,0,0,,0,0,0,,0,0,0,,131,17,14,20,https://www.twitch.tv/videos/2070077607
7360e8cae69b4d4fbe91510c776b1c5e,26,831,2,0,21,https://www.youtube.com/watch?v=bcn269-8j38,0,0,0,,2,0,21,https://www.youtube.com/watch?v=bcn269-8j38,122,43,33,144,https://www.twitch.tv/videos/2063291235
9f68c1ebda2041c9a221d47733e3cab9,26,941,0,0,0,,0,0,0,,0,0,0,,0,0,0,0,
65abc9bdfc964ec39f4ee1464a2011a5,26,47,0,0,0,,0,0,0,,0,0,0,,314,96,80,143,https://www.twitch.tv/videos/2065282754
7f9832eb0b6549d3a48a8219ce272241,26,101,0,0,0,,0,0,0,,0,0,0,,0,0,0,0,
40fca873cd074b01baa8f9b006f50d00,25,3909,0,0,0,,0,0,0,,0,0,0,,0,0,0,0,
28e15053de0b42b19476c21349bbcfc4,25,0,0,0,0,,0,0,0,,0,0,0,,9,0,0,0,
2dce35ef53c345f4bbc667ed6246694a,25,299,29,28,73,https://www.youtube.com/watch?v=_cTH3FdwPtw,0,0,0,,29,28,73,https://www.youtube.com/watch?v=_cTH3FdwPtw,0,0,0,0,
3040b4d9d4374815a4e0af0c887a42fc,24,123,0,0,0,,0,0,0,,0,0,0,,510,204,130,850,https://www.twitch.tv/videos/2060749648
286c24a67720434bbb4290d49fb42a54,23,564,55,31,94,https://www.youtube.com/watch?v=WrNWYRdHrqw,0,0,0,,55,31,94,https://www.youtube.com/watch?v=WrNWYRdHrqw,0,0,0,0,
cf51f722dc714a0cbb022f89fa311014,19,588,0,0,0,,0,0,0,,0,0,0,,0,0,0,0,
ef5da0bd8595474e8630994b11c3eb46,15,55,19,8,30,https://www.youtube.com/watch?v=KJsbQFuqz8Y,0,0,0,,19,8,30,https://www.youtube.com/watch?v=KJsbQFuqz8Y,217,97,70,197,https://www.twitch.tv/videos/2059770921
d007ab56aa654d77b10cffc2f993db25,15,43,0,0,0,,0,0,0,,0,0,0,,0,0,0,0,
6bafc37ce1b546b7ac83b78293f23937,15,0,0,0,0,,0,0,0,,0,0,0,,276,252,215,252,https://www.twitch.tv/videos/2069081745
a6815e229f914db2a936ad70c285cea2,14,480,0,0,0,,0,0,0,,0,0,0,,456,73,51,83,https://www.twitch.tv/videos/2062160603
d10e889e2e1443eb8f35b4426fd27a34,13,157,30,4,37,https://www.youtube.com/watch?v=6lbADwVR_MI,23,3,23,https://www.youtube.com/watch?v=Qm8KGhVUBhA,37,4,37,https://www.youtube.com/watch?v=6lbADwVR_MI,36,0,0,0,
4b6b92e9aea74d7481d50636f088e9be,11,1047,0,0,0,,0,0,0,,0,0,0,,0,0,0,0,
58588863643843439cebc85ef72654bb,11,787,46,26,437,https://www.youtube.com/watch?v=-D4oDTmcrjQ,0,0,0,,46,26,437,https://www.youtube.com/watch?v=-D4oDTmcrjQ,0,0,0,0,
6f99d9c96d224c50939959d18cfb5cd8,11,11,0,0,0,,0,0,0,,0,0,0,,124,31,22,31,https://www.twitch.tv/videos/2065383102
b00e6f77d15a43c7a2007b9ede7962e0,11,0,0,0,0,,0,0,0,,0,0,0,,0,0,0,0,
d31487befff947a49249b790f2c0d289,9,0,0,0,0,,0,0,0,,0,0,0,,756,0,0,0,
4e5a8a6380764f9b9f28732968e4aac8,8,0,0,0,0,,0,0,0,,0,0,0,,176,35,22,56,https://www.twitch.tv/videos/2067467663
9cd8c8962dd94213804603687f9b0f5d,6,0,0,0,0,,0,0,0,,0,0,0,,0,0,0,0,
5a59b23a201f4b2d8729b0f4b33c9e6b,6,49,3,0,5,https://www.youtube.com/watch?v=630v6Qim8fI,0,0,0,,3,0,5,https://www.youtube.com/watch?v=630v6Qim8fI,37,4,3,4,https://www.twitch.tv/videos/2073116106
986e3f84da6c4e72af71cb69bbfdc339,5,0,0,0,0,,0,0,0,,0,0,0,,73,0,0,0,
19fdf3885dcf4d45bdf768a6f3fd99b4,3,0,0,0,0,,0,0,0,,0,0,0,,601,0,0,0,
1d3631ca7ad344bd92f467db0f3c9b06,2,0,0,0,0,,0,0,0,,0,0,0,,0,0,0,0,
1306cff16376404eae39a5d879132395,0,0,0,0,0,,0,0,0,,0,0,0,,93,0,0,0,
ed051ffc6cd643c287a678fea774e644,0,0,0,0,0,,0,0,0,,0,0,0,,2850,0,0,0,
afa3e309e41044c5bffe17466607d481,0,0,0,0,0,,0,0,0,,0,0,0,,7668,5687,3050,10875,https://www.twitch.tv/videos/2062477578
3cfc2b54a543469b92a95ff1e3f1da54,0,0,0,0,0,,0,0,0,,0,0,0,,1679,0,0,0,
4dd7cfc58ae54c1fa6211ba9b1c607ec,0,0,0,0,0,,0,0,0,,0,0,0,,1536,176,123,247,https://www.twitch.tv/videos/2062489430
030de4222329412d9beafbe24a584d0b,0,0,0,0,0,,0,0,0,,0,0,0,,11,0,0,0,
7425576151124e11a94609fd1b8687bc,0,0,0,0,0,,0,0,0,,0,0,0,,723,131,104,218,https://www.twitch.tv/videos/2065290507
63dea00fb3094d46853159efa259b014,0,0,0,0,0,,0,0,0,,0,0,0,,16164,242,184,555,https://www.twitch.tv/videos/2062798103
fd5a1e004f224586aa65f9c5b374cc4a,0,0,0,0,0,,0,0,0,,0,0,0,,876,322,242,432,https://www.twitch.tv/videos/2072064920
a3a1caa89669445db63f22b9a3af88b0,0,0,0,0,0,,0,0,0,,0,0,0,,1030,162,105,188,https://www.twitch.tv/videos/2062675691
f5034a946bf249c780a864c19efda669,0,0,0,0,0,,0,0,0,,0,0,0,,319,21,15,99,https://www.twitch.tv/videos/2059582050
6a6547a3f19d4870a6f11b88c60a5296,0,0,0,0,0,,0,0,0,,0,0,0,,3168,266,220,589,https://www.twitch.tv/videos/2065248835
c2777df3c8d341f4a1f0bb9cda8d9365,0,0,0,0,0,,0,0,0,,0,0,0,,1301,0,0,0,
c88fdec84b7f4f2bb1c2e4983579050a,0,0,0,0,0,,0,0,0,,0,0,0,,94,19,12,25,https://www.twitch.tv/videos/2061535232
dd9bf471b0304627877f38daaec5407b,0,0,0,0,0,,0,0,0,,0,0,0,,422,81,65,232,https://www.twitch.tv/videos/2061257128
9ca05592c52f42649191751f18cb70e6,0,0,0,0,0,,0,0,0,,0,0,0,,2120,93,81,196,https://www.twitch.tv/videos/2071300488
9c85aee2166449c395c18b0bc06f89e2,0,0,0,0,0,,0,0,0,,0,0,0,,323,0,0,0,
921d25072caf403ea797c3d5f61f84cf,0,0,0,0,0,,0,0,0,,0,0,0,,1203,103,72,103,https://www.twitch.tv/videos/2064334618
88526add0348499c95bd5838a5f35989,0,0,0,0,0,,0,0,0,,0,0,0,,987,162,119,228,https://www.twitch.tv/videos/2071285171
cfc7bcf869514c70a5091672d3acb031,0,0,0,0,0,,0,0,0,,0,0,0,,198,5,3,5,https://www.twitch.tv/videos/2066008372
3de6bc82438b451abf5ebe76a366be24,0,0,0,0,0,,0,0,0,,0,0,0,,2663,771,427,2083,https://www.twitch.tv/videos/2063879433
d93ec185504e45e2894865980da489a9,0,0,0,0,0,,0,0,0,,0,0,0,,1028,275,239,275,https://www.twitch.tv/videos/2069443196
ec045a49833c4c2fa7b7012ca7544e18,0,0,0,0,0,,0,0,0,,0,0,0,,1531,145,111,145,https://www.twitch.tv/videos/2066401817
c29bc8bf78dd417980491f19333c8fa2,0,0,0,0,0,,0,0,0,,0,0,0,,10223,1531,802,3072,https://www.twitch.tv/videos/2065103434
326e21d5b6e7446698969bbd8be1b564,0,0,0,0,0,,0,0,0,,0,0,0,,2074,189,129,305,https://www.twitch.tv/videos/2069318077
644e669aa31443fe9a61a14e75ebd21e,0,0,0,0,0,,0,0,0,,0,0,0,,6168,555,396,1386,https://www.twitch.tv/videos/2067133940
70767b08ebd9437b980405c3aba89434,0,0,0,0,0,,0,0,0,,0,0,0,,4499,403,236,997,https://www.twitch.tv/videos/2063538874
e698befe9649448885d93094cd4dc6a9,0,0,0,0,0,,0,0,0,,0,0,0,,3134,188,136,237,https://www.twitch.tv/videos/2064406413
60cc7f18c0fe438280af5a81b31eb923,0,0,0,0,0,,0,0,0,,0,0,0,,1731,106,64,169,https://www.twitch.tv/videos/2063388416
480aca28939a4eb5bf558a710e21709c,0,0,0,0,0,,0,0,0,,0,0,0,,1828,150,114,571,https://www.twitch.tv/videos/2059403300
2af6cb0e15ce4839ba711b47608d4f4d,0,0,0,0,0,,0,0,0,,0,0,0,,3912,342,283,367,https://www.twitch.tv/videos/2071303612
057faa70622247bd933959412bbeb667,0,0,0,0,0,,0,0,0,,0,0,0,,1085,368,245,368,https://www.twitch.tv/videos/2063402402
22eea06367f4430d816e38dfb68a26cf,0,0,0,0,0,,0,0,0,,0,0,0,,634,118,99,186,https://www.twitch.tv/videos/2071358339
15ee6c1788974e31aefed5cc023781af,0,0,0,0,0,,0,0,0,,0,0,0,,0,0,0,0,
288d3972d3164ee595228b8a5959ac00,0,0,0,0,0,,0,0,0,,0,0,0,,2770,254,226,295,https://www.twitch.tv/videos/2066313286
eeefa43ecaf74f7b822dde3f0e7683d4,0,0,0,0,0,,0,0,0,,0,0,0,,1150,160,92,178,https://www.twitch.tv/videos/2071903221
d79b58ef1a2844be892c7295e25ccb81,0,0,0,0,0,,0,0,0,,0,0,0,,192,18,15,18,https://www.twitch.tv/videos/2069397739
9e64bba43928414884503de36f805c48,0,0,0,0,0,,0,0,0,,0,0,0,,22018,3269,837,5442,https://www.twitch.tv/videos/2053909091
a17fcdf32a124beba3fba16299aed2b3,0,0,0,0,0,,0,0,0,,0,0,0,,7727,882,50,882,https://www.twitch.tv/videos/2045948200
ad2aef5af5074f14af7f6ddf7899743a,0,0,0,0,0,,0,0,0,,0,0,0,,2163,0,0,0,
170e76a9d21c42978143f41526df72cc,0,0,0,0,0,,0,0,0,,0,0,0,,1117,0,0,0,
e32a4d49fba7459fbdf9e242288fa18c,0,0,0,0,0,,0,0,0,,0,0,0,,3924,838,592,924,https://www.twitch.tv/videos/2071205488
c19464dad8004852b7766700723601de,0,0,0,0,0,,0,0,0,,0,0,0,,5260,0,0,0,
828ab4c66f5f43f298d237374a266b7e,0,0,0,0,0,,0,0,0,,0,0,0,,2155,279,237,717,https://www.twitch.tv/videos/2066171538
76489786a22c4162970f9c288157db6b,0,0,0,0,0,,0,0,0,,0,0,0,,1425,204,155,405,https://www.twitch.tv/videos/2066017328
f9641107ffee492cbec14839b1958144,0,0,0,0,0,,0,0,0,,0,0,0,,2474,0,0,0,
0572bddb85b24166820f34f39164f99c,0,0,0,0,0,,0,0,0,,0,0,0,,472,0,0,0,
daa0d327175a43dc9bb627bc6db7de56,0,0,0,0,0,,0,0,0,,0,0,0,,1263,0,0,0,
1a95bb88e451498ca3491b69af964588,0,0,0,0,0,,0,0,0,,0,0,0,,32300,1803,555,5515,https://www.twitch.tv/videos/2044145997
e4421bd8d15848c09fa4ad4df162c858,0,0,0,0,0,,0,0,0,,0,0,0,,317,40,23,56,https://www.twitch.tv/videos/2060471604
36beb36f581f44d393dcf0af2b194789,0,0,0,0,0,,0,0,0,,0,0,0,,5799,797,275,1262,https://www.twitch.tv/videos/2068332670
a8782a18c0644ce0b5c1a5dab4ee622e,0,0,0,0,0,,0,0,0,,0,0,0,,4731,2031,1554,2031,https://www.twitch.tv/videos/2066365536
cda9668f324445a7bd507094ad6946b8,0,0,0,0,0,,0,0,0,,0,0,0,,320,21,16,32,https://www.twitch.tv/videos/2072112256
711514ca9ac74041a4461b2259622a68,0,0,0,0,0,,0,0,0,,0,0,0,,355,226,192,330,https://www.twitch.tv/videos/2069219837
b8495fc4bb174140acf0ebd7d64fe044,0,0,0,0,0,,0,0,0,,0,0,0,,2685,323,196,365,https://www.twitch.tv/videos/2059891417
6c7336d4605540c6871de5f96874129c,0,0,0,0,0,,0,0,0,,0,0,0,,19153,1837,833,3939,https://www.twitch.tv/videos/2062530288
06337167c1a14d82b6a7f7cc71eac813,0,0,0,0,0,,0,0,0,,0,0,0,,668,94,57,111,https://www.twitch.tv/videos/2062520542
ec1dec0e956c41ea97dfcebe96bc41b4,0,0,0,0,0,,0,0,0,,0,0,0,,11240,0,0,0,
80a5a785f7954a579ffc0241310d67d1,0,0,0,0,0,,0,0,0,,0,0,0,,170,40,29,43,https://www.twitch.tv/videos/2069200427
c7f53f2fbdbe4db488629ab4d738a16a,0,0,0,0,0,,0,0,0,,0,0,0,,362,204,160,505,https://www.twitch.tv/videos/2060354105
4fadb90960a844daab26191bb158d3a3,0,0,0,0,0,,0,0,0,,0,0,0,,3087,563,508,760,https://www.twitch.tv/videos/2066401072
6a963053004f4deaa0dbdf875db41879,0,0,0,0,0,,0,0,0,,0,0,0,,243,13,8,20,https://www.twitch.tv/videos/2064303241
7dd086a606284ba6b7b584f8b00dc190,0,0,0,0,0,,0,0,0,,0,0,0,,269,59,54,85,https://www.twitch.tv/videos/2068388135
6908430ccb204a1b9d95ee7a1711cae3,0,0,0,0,0,,0,0,0,,0,0,0,,2494,163,107,214,https://www.twitch.tv/videos/2072371707
ba562aad440d483e988d3ce7e7217c94,0,0,0,0,0,,0,0,0,,0,0,0,,28844,5071,2016,10945,https://www.twitch.tv/videos/2068958197
a5773880b0f040a9abbecacf3eb0eb29,0,0,0,0,0,,0,0,0,,0,0,0,,2294,0,0,0,
b6519fbc0d6941d4b43ce1742a14b0b2,0,0,0,0,0,,0,0,0,,0,0,0,,776,159,107,200,https://www.twitch.tv/videos/2071175902
fa59e2edc64c432ebaeeb66b2a53ab2d,0,0,0,0,0,,0,0,0,,0,0,0,,1296,172,108,192,https://www.twitch.tv/videos/2060614373
228427b15b964f1396b5a7b5eb224a21,0,0,0,0,0,,0,0,0,,0,0,0,,56,0,0,0,
31f4c00be9eb41a1a6be0356614048fd,0,0,0,0,0,,0,0,0,,0,0,0,,2760,179,74,455,https://www.twitch.tv/videos/2066320050
5b62816b7dee4c13856f3c21629be3c4,0,0,0,0,0,,0,0,0,,0,0,0,,19916,2116,661,3156,https://www.twitch.tv/videos/2060409012
05552126457e4ebf9218498250286efd,0,0,0,0,0,,0,0,0,,0,0,0,,1216,105,75,107,https://www.twitch.tv/videos/2064439473
4e4cbcbc0acf410ea5a50e4a6bbafd01,0,0,0,0,0,,0,0,0,,0,0,0,,204,177,133,264,https://www.twitch.tv/videos/2068901917
03c018f2d3064da6ac4899bef1d600c5,0,0,0,0,0,,0,0,0,,0,0,0,,6072,2963,1080,3596,https://www.twitch.tv/videos/2064329416
31a4ca5b5d554c13902eff32302e5eb9,0,0,0,0,0,,0,0,0,,0,0,0,,561,156,92,197,https://www.twitch.tv/videos/2059705987
0bf9cacb06354af1a90efc4198546994,0,0,0,0,0,,0,0,0,,0,0,0,,129,0,0,0,
22c4cd83790e401ca8055a64554cf3a7,0,0,0,0,0,,0,0,0,,0,0,0,,163,0,0,0,
b1b462c602904499a13c056be34c6dd5,0,0,0,0,0,,0,0,0,,0,0,0,,3775,0,0,0,
f99b7c49c1c8472681987ac2d1ff87bc,0,0,0,0,0,,0,0,0,,0,0,0,,244916,40371,12593,76693,https://www.twitch.tv/videos/2051590707
f84598913e654789a80556fd38388dfb,0,0,0,0,0,,0,0,0,,0,0,0,,1556,0,0,0,
f0bc26cfe4a8451d863a8d8cbd6313ed,0,0,0,0,0,,0,0,0,,0,0,0,,9,0,0,0,
2f6cee890853475a8bf91f5ed45f8d4f,0,0,0,0,0,,0,0,0,,0,0,0,,535,64,55,68,https://www.twitch.tv/videos/2070302280
d91ffcc2823f4121a2caa347a8c2a507,0,0,0,0,0,,0,0,0,,0,0,0,,752,97,87,110,https://www.twitch.tv/videos/2067256249
b92f05ad314c4937b09cd603f9ebd64b,0,0,0,0,0,,0,0,0,,0,0,0,,343,16,15,16,https://www.twitch.tv/videos/2072124944
fdb0805c65e24f13b7f23e50e0db8ae2,0,0,0,0,0,,0,0,0,,0,0,0,,5352,565,472,1376,https://www.twitch.tv/videos/2068970134
007847e77d894f199e1272cf81e02730,0,0,0,0,0,,0,0,0,,0,0,0,,688,0,0,0,
fe62d50e41af4aa29c3e2b0cfc62fb3d,0,0,0,0,0,,0,0,0,,0,0,0,,396,199,145,266,https://www.twitch.tv/videos/2062468560
e58a5a6f40e040d79bbcd139824d6fc7,0,0,0,0,0,,0,0,0,,0,0,0,,2912,508,324,675,https://www.twitch.tv/videos/2064188391
547aa467c2ce497e9d95c4a085effe0d,0,0,0,0,0,,0,0,0,,0,0,0,,1433,0,0,0,
38391974f5af4fbbb6224e3d6f2f7fb3,0,0,0,0,0,,0,0,0,,0,0,0,,5961,582,435,641,https://www.twitch.tv/videos/2067376182
224e3ebb4c0540098ce414cc6e79df9d,0,0,0,0,0,,0,0,0,,0,0,0,,47,0,0,0,
bf277797951346fe991c27c79a6c5081,0,0,0,0,0,,0,0,0,,0,0,0,,8304,650,315,974,https://www.twitch.tv/videos/2061494702
4b1df07f3a3443f8a7edd00323f2814f,0,0,0,0,0,,0,0,0,,0,0,0,,211,0,0,0,
7cd55e03d87c4c77843a437ec0703670,0,0,0,0,0,,0,0,0,,0,0,0,,3152,0,0,0,
3a2199639669433faff0591468bcfa10,0,0,0,0,0,,0,0,0,,0,0,0,,1130,47,30,72,https://www.twitch.tv/videos/2062466040
7180d8a493134a9c932fe790eb17f2e9,0,0,0,0,0,,0,0,0,,0,0,0,,8777,328,244,934,https://www.twitch.tv/videos/2071087845
4cb08241fbce4905a83ed02de6a1af9c,0,0,0,0,0,,0,0,0,,0,0,0,,3462,432,180,591,https://www.twitch.tv/videos/2045173891
