VTuber ID,Video Type,Title,Publish Time,URL,Thumbnail URL
887b37336c9c4730809ace8b5e38df17,live,中午開玩⭐遊戲討論進 !dc |🌿訂閱新貼圖上架 ʚ₍⑅ᐢ‸ ̫ ‸ᐢ₎ɞ,2024-01-29T20:54:39Z,https://www.twitch.tv/isyourlulu,https://static-cdn.jtvnw.net/previews-ttv/live_user_isyourlulu-{width}x{height}.jpg
2694a505a0e0441bb99b49e8ce1f7473,live,【1/31】DAY9 每天都是好MS寶｜紅包活動記得填表單抽獎 !紅包｜!yt !綠界 !會員 !7tv !指令 !勇士,2024-01-30T19:01:12Z,https://www.twitch.tv/kannazukilubee,https://static-cdn.jtvnw.net/previews-ttv/live_user_kannazukilubee-{width}x{height}.jpg
6bd49f94afb144e995247388ca8c42a8,live,【橙Yuzumi】【中/日】 Sekiro ٩(◦`꒳´◦)۶ ｜!LINE貼圖,2024-01-31T03:59:37Z,https://www.twitch.tv/yuzumi_neon,https://static-cdn.jtvnw.net/previews-ttv/live_user_yuzumi_neon-{width}x{height}.jpg
53707f0116dc4fca8614ac7139e40b83,live,【兄妹加班台#45】生存大作：霧所王國！感謝佐翎冠名贊助播出！【喪屍迪】Ft.  @chengmimeow,2024-01-31T05:29:12Z,https://www.twitch.tv/siaodi12398,https://static-cdn.jtvnw.net/previews-ttv/live_user_siaodi12398-{width}x{height}.jpg
3e86fddd8145474691e77ba761a6b2a5,live,1/31 ฅ^•ﻌ•^ฅ 2/7開始有點數抽獎活動 已在dc公告唷~ !委託 !dc !肉泥加碼 !吊飾,2024-01-31T05:49:52Z,https://www.twitch.tv/yinyin_neko,https://static-cdn.jtvnw.net/previews-ttv/live_user_yinyin_neko-{width}x{height}.jpg
09b00ccde152498b808efe7317bd52f0,live,【希米】1/31 生日加班台DAY20٩(｡・ω・｡)و | @himmi0111 | !DC !新片 !委託,2024-01-31T07:57:24Z,https://www.twitch.tv/himmi0111,https://static-cdn.jtvnw.net/previews-ttv/live_user_himmi0111-{width}x{height}.jpg
fd6a0236861940389e15ef85b16c6069,live,烟花🐑－0131－加班台Day21🎀｜ZZZZZzzz  !加班 ꜀(^. .^꜀ )꜆੭,2024-01-31T07:57:33Z,https://www.twitch.tv/hennie2001,https://static-cdn.jtvnw.net/previews-ttv/live_user_hennie2001-{width}x{height}.jpg
becdcbab308f4fa18540982596eebbd5,live,【加班】先唱歌聊聊天後 瓦寶寶團出發 !sr點歌 @onisosweet0112,2024-01-31T10:04:05Z,https://www.twitch.tv/onisosweet0112,https://static-cdn.jtvnw.net/previews-ttv/live_user_onisosweet0112-{width}x{height}.jpg
afa3e309e41044c5bffe17466607d481,live,雪雪๐•ᴗ•๐ 1/31 單中 晚點蓋蓋房子 @yukkkkiouo 紫勾勾申請中 ♡初配信準備中♡,2024-01-31T10:22:07Z,https://www.twitch.tv/yukkkkiouo,https://static-cdn.jtvnw.net/previews-ttv/live_user_yukkkkiouo-{width}x{height}.jpg
310862830fb648b78cca7e581e2622a7,live,◆ 加班台DAY89 ◆ 久久沒按開機鍵，忘記開機鍵在左邊還是右邊 // !紅包挑戰 !加班 !周邊 !350 //【赤羽亞矢】,2024-01-31T10:27:34Z,https://www.twitch.tv/ayaakahane,https://static-cdn.jtvnw.net/previews-ttv/live_user_ayaakahane-{width}x{height}.jpg
fe1304d2a7694657a0922ac4fee53977,live,【0131】【尼爾】什麼時候可以玩完【樂媞絲】 #暮樂朝歡,2024-01-31T10:59:29Z,https://www.twitch.tv/lettice_0605,https://static-cdn.jtvnw.net/previews-ttv/live_user_lettice_0605-{width}x{height}.jpg
28a930938667442288010b333937e2ab,live,🦊焦兒🍡休息中午12點起床，週邊販售中！衝刺350自主訂閱積分💙魔競娛樂「魔儲」註冊輸入推薦碼享200元折價| @joerze |!YT !工商 !週邊 !親姊姊 看台裝7tv,2024-01-31T10:59:52Z,https://www.twitch.tv/joerze,https://static-cdn.jtvnw.net/previews-ttv/live_user_joerze-{width}x{height}.jpg
970ee869c72747eeb83f71f3c533fab3,live,⭐噪音悠玄⭐2/1 冥界年末加班台 Day47 初見新追隨+1分鐘💙 天氣變熱了 記得穿多一點悠 | !加班 !ㄆㄕㄕ !周邊 !伺服器 !偷打 !小白粉 !上香,2024-01-31T11:28:43Z,https://www.twitch.tv/youxuan_ghost,https://static-cdn.jtvnw.net/previews-ttv/live_user_youxuan_ghost-{width}x{height}.jpg
3809ec8a42634d11aa1b7b8f99755c6a,live,【琉花】1/31 IZCR 一天好MS寶 | !周邊 | !LINE貼圖,2024-01-31T11:34:02Z,https://www.twitch.tv/mayberuu,https://static-cdn.jtvnw.net/previews-ttv/live_user_mayberuu-{width}x{height}.jpg
67d6807619064938a78832b4106de5c0,live,【雙人加班台】睡覺ˇ去 @siaodi12398,2024-01-31T11:47:54Z,https://www.twitch.tv/chengmimeow,https://static-cdn.jtvnw.net/previews-ttv/live_user_chengmimeow-{width}x{height}.jpg
8ae87582ab1e4b31bfd38310afda77bd,live,1/31 ✟基利斯抓基，沒毛病吧(´⊙ω⊙`)✞,2024-01-31T12:30:49Z,https://www.twitch.tv/karit0920,https://static-cdn.jtvnw.net/previews-ttv/live_user_karit0920-{width}x{height}.jpg
5ba11a0bf35147d499259ad5608a7de1,live,海燈節更新掛個台/蝦拉拉,2024-01-31T12:34:34Z,https://www.twitch.tv/shalalashrimp,https://static-cdn.jtvnw.net/previews-ttv/live_user_shalalashrimp-{width}x{height}.jpg
7299d6e9ebff46c9ae859fa5c6f27206,live,【幻獸帕魯-D6】｜第三據點布置中｜今年朝紫勾勾努力｜遊戲個人勢ก(ｰ̀ωｰ́ก)｜!週邊 !dc !斗內｜,2024-01-31T12:34:41Z,https://www.twitch.tv/rakuraku66,https://static-cdn.jtvnw.net/previews-ttv/live_user_rakuraku66-{width}x{height}.jpg
a83b6d485350402b90238deb371ae654,live,【夢娜】二週年加班台開始~ !加班 !同樂加時【加班台Day166】【歡迎掛台】,2024-01-31T12:41:21Z,https://www.twitch.tv/monna_nana,https://static-cdn.jtvnw.net/previews-ttv/live_user_monna_nana-{width}x{height}.jpg
10c8c9b647e7464f9d95c7c1a865da01,live,20240131｜帕瑪森義大利麵｜3.0新衣服回饋企劃中!募資 !委託  ｜ @suitoumi_0217,2024-01-31T13:01:31Z,https://www.twitch.tv/suitoumi_0217,https://static-cdn.jtvnw.net/previews-ttv/live_user_suitoumi_0217-{width}x{height}.jpg
6ec876adec524585af913c1585e8df1f,live,咩,2024-01-31T13:04:26Z,https://www.twitch.tv/sakaikisaku,https://static-cdn.jtvnw.net/previews-ttv/live_user_sakaikisaku-{width}x{height}.jpg
61e81c6f534247b486b8125bd34fa960,live,【BLUE】上工了老鐵 @blue_kao,2024-01-31T13:05:25Z,https://www.twitch.tv/blue_kao,https://static-cdn.jtvnw.net/previews-ttv/live_user_blue_kao-{width}x{height}.jpg
843d99233b474827a2f0bc417ffd3852,live,【抹茶】01/31｜加班Day2 帕魯帕魯帕魯帕魯｜魔儲合作 !爸爸 !加班 !抽獎 🍵 Palworld｜ @isuzumaccha ｜掛台感謝 (◍•ᴗ•◍)❤ #茶室營業中,2024-01-31T13:10:02Z,https://www.twitch.tv/isuzumaccha,https://static-cdn.jtvnw.net/previews-ttv/live_user_isuzumaccha-{width}x{height}.jpg
76165d25983b463eaa1da66c86a32b7c,live,【致命公司】跟著大家撿垃圾  | 歡迎大家1%掛台 | @yorurovtuber @akaushirotte @mayko0327 @blackbee231010 @nekomiyakairosu @yune0520 @yunxi_ouo @arofischer,2024-01-31T13:12:16Z,https://www.twitch.tv/yorurovtuber,https://static-cdn.jtvnw.net/previews-ttv/live_user_yorurovtuber-{width}x{height}.jpg
058021ae015448cda91651a6bd41cdc6,live,【幻獸帕(多)魯】在地表最強法務部做事情之前，我們低調行事。Ep.6 我好想跟你們帕帕帕整晚,2024-01-31T13:14:42Z,https://www.twitch.tv/komaru0611,https://static-cdn.jtvnw.net/previews-ttv/live_user_komaru0611-{width}x{height}.jpg
cd0b2f63c88e4b4abd5b83296a5d7866,live,"31/1 我尋尋覓覓尋尋覓覓 喵bღ ❣❣❣ 歡迎Follow, 揪團, 幫掛台 (=• ω •=)み‐❣",2024-01-31T13:19:36Z,https://www.twitch.tv/me0wi3ai3y,https://static-cdn.jtvnw.net/previews-ttv/live_user_me0wi3ai3y-{width}x{height}.jpg
6b8922c9532e435eb4f03cabc8bb23b1,live,掛原神..! 人休息去了,2024-01-31T13:23:55Z,https://www.twitch.tv/asamikoraru,https://static-cdn.jtvnw.net/previews-ttv/live_user_asamikoraru-{width}x{height}.jpg
70767b08ebd9437b980405c3aba89434,live,【∋∋】最近作息有點過於正常，起床會繼續畫圖，睡覺給大家掛點數 •́‸ก | !委託 | @mshixx,2024-01-31T13:25:30Z,https://www.twitch.tv/mshixx,https://static-cdn.jtvnw.net/previews-ttv/live_user_mshixx-{width}x{height}.jpg
76489786a22c4162970f9c288157db6b,live,吃個燒肉跟店員鐵籠戰！！台語加班D81【人中之龍7】#2,2024-01-31T13:50:11Z,https://www.twitch.tv/shang_wolf,https://static-cdn.jtvnw.net/previews-ttv/live_user_shang_wolf-{width}x{height}.jpg
607d6173383c4118a32171fbcfc98e60,live,˶˚ ᗨ ˚˶ 唱GER  ㄏ  @musha0324,2024-01-31T13:59:56Z,https://www.twitch.tv/musha0324,https://static-cdn.jtvnw.net/previews-ttv/live_user_musha0324-{width}x{height}.jpg
8bf35c3b9a9e461d825a9170555b71c2,live,【澪Rei】練歌 !YT 中文/Eng/日本語,2024-01-31T14:02:10Z,https://www.twitch.tv/reirei_neon,https://static-cdn.jtvnw.net/previews-ttv/live_user_reirei_neon-{width}x{height}.jpg
a1a4762aa1eb4d95be1c0c7a528a8336,live,鬼轉打瓦！加班台 ✿ 幸運星星絕讚加班中｜ !加班、!BOSS、!DC｜▶ @sumihatsu,2024-01-31T14:31:22Z,https://www.twitch.tv/sumihatsu,https://static-cdn.jtvnw.net/previews-ttv/live_user_sumihatsu-{width}x{height}.jpg
a3452262e11348c88afea4031b0323a8,live,好想抽閒雲!!!!!,2024-01-31T15:02:48Z,https://www.twitch.tv/haivender,https://static-cdn.jtvnw.net/previews-ttv/live_user_haivender-{width}x{height}.jpg
15c9a54b946a40c38c07ea2f9efddfa5,live,【煌Kirali】最後一天來拼紫勾勾 邊喝酒邊聊天,2024-01-31T15:15:01Z,https://www.twitch.tv/kirali_neon,https://static-cdn.jtvnw.net/previews-ttv/live_user_kirali_neon-{width}x{height}.jpg
7a88afc5eb644d76b35ed4ca968259bb,live,【 吧噗 🍦】01/31 我要玩遊戲!! 💤,2024-01-31T15:17:59Z,https://www.twitch.tv/babu_desu,https://static-cdn.jtvnw.net/previews-ttv/live_user_babu_desu-{width}x{height}.jpg
d29682522104427fb366fa19a0521bc3,live,【饅頭招招】1/31二月份失業，又沒有陪喝酒，開到睡著(應該啦) !性孕 @mane_044,2024-01-31T15:31:29Z,https://www.twitch.tv/mane_044,https://static-cdn.jtvnw.net/previews-ttv/live_user_mane_044-{width}x{height}.jpg
1d2404a7bd5a4baab9473392d62e7ca9,live,【Enshrouded~霧の王国~】玩新游戲!!2日目┊!yt !x【あえぷろ/灰薔薇ティア】,2024-01-31T15:44:51Z,https://www.twitch.tv/haibara_aepro,https://static-cdn.jtvnw.net/previews-ttv/live_user_haibara_aepro-{width}x{height}.jpg
0572bddb85b24166820f34f39164f99c,live,⑨②  ||| 今天剩下38.48~ ฅ^•ﻌ•^ฅ,2024-01-31T16:08:38Z,https://www.twitch.tv/nininaowo,https://static-cdn.jtvnw.net/previews-ttv/live_user_nininaowo-{width}x{height}.jpg
828ab4c66f5f43f298d237374a266b7e,live,璃璃兒🐈【不留檔】1/31 KTV酒雜台💕 !YT @0lilier0 @h_piau,2024-01-31T16:10:03Z,https://www.twitch.tv/0lilier0,https://static-cdn.jtvnw.net/previews-ttv/live_user_0lilier0-{width}x{height}.jpg
5535c9524eb046c38e172ebfa06b302f,live,🔴AR60 ASIA【#原神 / Genshin】掉寶啟動，和閒雲約會中(作業台)  ▹ @ruroroisme ◃,2024-01-31T16:12:29Z,https://www.twitch.tv/ruroroisme,https://static-cdn.jtvnw.net/previews-ttv/live_user_ruroroisme-{width}x{height}.jpg
6073eb006b764614915e90b5c54ce7e6,live,2/1 晚餐後睡著 作息炸裂那就熬夜 !桌布圖 !頭貼┃掛台感謝♡ @enola0305 ｜愛諾拉ღ,2024-01-31T16:28:58Z,https://www.twitch.tv/enola0305,https://static-cdn.jtvnw.net/previews-ttv/live_user_enola0305-{width}x{height}.jpg
f7c48554816643cdb8d343e6e9e6d313,live,【RELIVE_諾櫻NOE🌸】別人的身體裡都是才華，你的身體裡都是珍珠奶茶🌸會有人找我打瓦嗎?,2024-01-31T16:29:43Z,https://www.twitch.tv/re_noe_,https://static-cdn.jtvnw.net/previews-ttv/live_user_re_noe_-{width}x{height}.jpg
8723ccecdfd84d92b1de24f9d6a86bcc,live,2/1  二月份了QQ  | 小頭幫幫主  忠誠換小吉 @bofu0520,2024-01-31T16:40:38Z,https://www.twitch.tv/bofu0520,https://static-cdn.jtvnw.net/previews-ttv/live_user_bofu0520-{width}x{height}.jpg
5c3ea93753724a63b32071a7a580af7b,live,貓到天亮,2024-01-31T16:59:10Z,https://www.twitch.tv/siro9527,https://static-cdn.jtvnw.net/previews-ttv/live_user_siro9527-{width}x{height}.jpg
ed28c754bb704dbf8a296f7008c2b5e4,live,(掛睡 領原石) 突發直播🔴 日常深夜台 #109 #原神 4.4版本更新了 探索璃月新地區✨【陽一Youichi 香港Vtuber】,2024-01-31T17:30:25Z,https://www.twitch.tv/youichi_vtu3e,https://static-cdn.jtvnw.net/previews-ttv/live_user_youichi_vtu3e-{width}x{height}.jpg
6510332f58be4d86b0007c77a622c959,live,新瑪奇英雄傳 Vindictus│埃拉赫的湊卡丹,2024-01-31T17:31:32Z,https://www.twitch.tv/narumitakii,https://static-cdn.jtvnw.net/previews-ttv/live_user_narumitakii-{width}x{height}.jpg
49bb221fc77f440cae0c007a73f99aab,live,楓之谷逃獄中 Day22 ⋮ !加班 !尼魯貼圖 !DC !綠界,2024-01-31T18:01:07Z,https://www.twitch.tv/ukuruniru,https://static-cdn.jtvnw.net/previews-ttv/live_user_ukuruniru-{width}x{height}.jpg
b596a01b8b6a48e4a96cb67b2d5cdccd,live,2/1 我的膝蓋中了一箭,2024-01-31T18:15:17Z,https://www.twitch.tv/eagle_egg,https://static-cdn.jtvnw.net/previews-ttv/live_user_eagle_egg-{width}x{height}.jpg
e17f42aa104040deae2ee3f3b1e85ed8,live,【肉肉薔蒔】02/01,2024-01-31T18:25:14Z,https://www.twitch.tv/aishakumo,https://static-cdn.jtvnw.net/previews-ttv/live_user_aishakumo-{width}x{height}.jpg
00d9cb7b0bcd451999f4fd33dd84be6c,live,【阿楓轟炸】20240201_以初次接觸遊戲的心態看台，不要劇透.提示唷！募資2.0中！（訂閱會講ARA ARA）【Vtuber】,2024-01-31T18:34:19Z,https://www.twitch.tv/maple_1206,https://static-cdn.jtvnw.net/previews-ttv/live_user_maple_1206-{width}x{height}.jpg
7ef2dc851df94f5aa7f632c736b4307e,live,【無聲掛台】補回失去的點數吧!【香港Vtuber/十六夜蒼月】,2024-01-31T18:39:24Z,https://www.twitch.tv/aotuki_channel,https://static-cdn.jtvnw.net/previews-ttv/live_user_aotuki_channel-{width}x{height}.jpg
5bbd1c2531594775a4b74928e630dd59,live,[ 瓦 ] 又要抱著快200ping打瓦惹⭐掛台感謝⭐ !指令 !uid @minamoto__kenta,2024-01-31T19:03:43Z,https://www.twitch.tv/minamoto__kenta,https://static-cdn.jtvnw.net/previews-ttv/live_user_minamoto__kenta-{width}x{height}.jpg
52ff14aabd804801a6e589681fc2fb4d,live,殘月 EclipseYuki Eng/中   JP CN 雙修,2024-01-31T19:06:49Z,https://www.twitch.tv/eclipseyuki,https://static-cdn.jtvnw.net/previews-ttv/live_user_eclipseyuki-{width}x{height}.jpg
26b00f5ff5bf4b5a8dcb6c5c34e1b4f6,live,【伊德海拉 Yidhra】02/01 半夜睡不著來打特戰！💜｜Valorant｜The Finals｜Lethal Company｜ @yidhra0727 @nessi_gts,2024-01-31T19:31:40Z,https://www.twitch.tv/yidhra0727,https://static-cdn.jtvnw.net/previews-ttv/live_user_yidhra0727-{width}x{height}.jpg
a9396c8dd95e43b29c694b14afa07ac4,live,不知道要幹啥,2024-01-31T19:40:03Z,https://www.twitch.tv/mihiru0110,https://static-cdn.jtvnw.net/previews-ttv/live_user_mihiru0110-{width}x{height}.jpg