VTuber ID,Video Type,Title,Publish Time,URL,Thumbnail URL
6fa1245c717d4af68589205df5ab6427,live,【易恆】加班台Day5 工作時間!! |免費加班台累積活動中| !DC !YT,2024-02-03T19:31:00Z,https://www.twitch.tv/nycaknug,https://static-cdn.jtvnw.net/previews-ttv/live_user_nycaknug-{width}x{height}.jpg
5535c9524eb046c38e172ebfa06b302f,live,🔴AR60 ASIA【#原神 / Genshin】隔壁棚『黑天鵝』代抽預約中，周日也能健檢《星穹鐵道》，萌新健檢&滷肉幫到你家  ▹ @ruroroisme ◃,2024-02-03T19:55:39Z,https://www.twitch.tv/ruroroisme,https://static-cdn.jtvnw.net/previews-ttv/live_user_ruroroisme-{width}x{height}.jpg
09b00ccde152498b808efe7317bd52f0,live,【希米】2/5 生日加班台DAY25٩(｡・ω・｡)و | @himmi0111 | !DC !新片 !委託,2024-02-04T00:07:06Z,https://www.twitch.tv/himmi0111,https://static-cdn.jtvnw.net/previews-ttv/live_user_himmi0111-{width}x{height}.jpg
970ee869c72747eeb83f71f3c533fab3,live,⭐噪音悠玄⭐2/5 冥界年末加班台 Day51 初見新追隨+1分鐘💙 ：（ 您的電腦發生問題，因此必須重新啟動 | !加班 !ㄆㄕㄕ !周邊 !伺服器 !偷打 !小白粉 !上香,2024-02-04T03:14:10Z,https://www.twitch.tv/youxuan_ghost,https://static-cdn.jtvnw.net/previews-ttv/live_user_youxuan_ghost-{width}x{height}.jpg
76165d25983b463eaa1da66c86a32b7c,live,【日常台】夜彩是隨心所欲的帕魯  | 歡迎大家1%掛台 | @yorurovtuber,2024-02-04T05:11:37Z,https://www.twitch.tv/yorurovtuber,https://static-cdn.jtvnw.net/previews-ttv/live_user_yorurovtuber-{width}x{height}.jpg
52ff14aabd804801a6e589681fc2fb4d,live,殘月 EclipseYuki Eng/中   JP CN 雙修  衝刺! MS桃源境 AT50,2024-02-04T10:41:09Z,https://www.twitch.tv/eclipseyuki,https://static-cdn.jtvnw.net/previews-ttv/live_user_eclipseyuki-{width}x{height}.jpg
887b37336c9c4730809ace8b5e38df17,live,PC🍓100等✦歡迎++刷任 |🌿訂閱新貼圖上架 (ᕑᗢᓫ∗)˒,2024-02-04T21:49:07Z,https://www.twitch.tv/isyourlulu,https://static-cdn.jtvnw.net/previews-ttv/live_user_isyourlulu-{width}x{height}.jpg
c7f53f2fbdbe4db488629ab4d738a16a,live,"❤️Palworld / 幻獸帕魯/Phasmophobia❤️周一了,所以新年的周表做什麼好?WW ft.",2024-02-05T03:19:55Z,https://www.twitch.tv/yanyuanxi,https://static-cdn.jtvnw.net/previews-ttv/live_user_yanyuanxi-{width}x{height}.jpg
5c3ea93753724a63b32071a7a580af7b,live,貓到天亮,2024-02-05T05:54:15Z,https://www.twitch.tv/siro9527,https://static-cdn.jtvnw.net/previews-ttv/live_user_siro9527-{width}x{height}.jpg
9d9c6477329245cbb2557895f4f15686,live,/ᐠ. ̫ .ᐟ\ 0205 有種小小放假一天的感覺 .ᐟ.ᐟ ⸜♡⸝ ✿ !LINE !周邊 !DC !COVER,2024-02-05T06:06:49Z,https://www.twitch.tv/iitifox,https://static-cdn.jtvnw.net/previews-ttv/live_user_iitifox-{width}x{height}.jpg
aef2ed42d49343f28394b6335695b5ac,live,碧藍幻想relink 0205,2024-02-05T07:10:04Z,https://www.twitch.tv/yuncream,https://static-cdn.jtvnw.net/previews-ttv/live_user_yuncream-{width}x{height}.jpg
0979940d57534fc0948e24369aa495c5,live,鬥陣我的愛,2024-02-05T07:33:35Z,https://www.twitch.tv/dkxy19,https://static-cdn.jtvnw.net/previews-ttv/live_user_dkxy19-{width}x{height}.jpg
a3bbe09809e141e5b0658a79ba63f977,live,【之沙Zssa】鐵道，啟動！ | @zssa_alton | 本台支援7tv→ !7tv【2/4】,2024-02-05T08:00:15Z,https://www.twitch.tv/zssa_alton,https://static-cdn.jtvnw.net/previews-ttv/live_user_zssa_alton-{width}x{height}.jpg
4599283c135c4e779cc5068b2bc37156,live,下課來稍微打一下積分好了w 歡迎掛台和揪團哦><,2024-02-05T08:23:51Z,https://www.twitch.tv/hoshizorara,https://static-cdn.jtvnw.net/previews-ttv/live_user_hoshizorara-{width}x{height}.jpg
05552126457e4ebf9218498250286efd,live,【加班台】我實在想不到標題｜!加班 !委託 !賣場 !介紹,2024-02-05T08:27:30Z,https://www.twitch.tv/yuzi06,https://static-cdn.jtvnw.net/previews-ttv/live_user_yuzi06-{width}x{height}.jpg
93bf43bc175742cd8c7af6b80687cd84,live,[細雪送遊戲] 0205 為捨抹我還在帕魯,2024-02-05T08:41:29Z,https://www.twitch.tv/miya3127,https://static-cdn.jtvnw.net/previews-ttv/live_user_miya3127-{width}x{height}.jpg
c17ad3ef81904c26982024c9af1f0f3a,live,🍑只是爲了讓自己乖巧而開的作業台 0502🍑正在慢速調回開台頻率 請多陪伴米哈魯aka讓她賺廣告費🍑 最近換新ID啦 @kannazukimiharu 神無月米哈魯,2024-02-05T09:00:20Z,https://www.twitch.tv/kannazukimiharu,https://static-cdn.jtvnw.net/previews-ttv/live_user_kannazukimiharu-{width}x{height}.jpg
5fbf4f6751f24d03a5723670cd500aca,live,【阿柴】有沒有一種可能其實我會畫圖| 2/5 Mon.[中/Eng] 委託開放中 !委託 !DC !抖內,2024-02-05T09:18:38Z,https://www.twitch.tv/qianchai_cc,https://static-cdn.jtvnw.net/previews-ttv/live_user_qianchai_cc-{width}x{height}.jpg
0aa8c41f04bf4f12b9a8281353ea448a,live,果果🍓－0205 －耐久台啟動 ( ¯•ω•¯ ) ♡  │ !抽獎,2024-02-05T09:29:58Z,https://www.twitch.tv/strawberry0908,https://static-cdn.jtvnw.net/previews-ttv/live_user_strawberry0908-{width}x{height}.jpg
fd6a0236861940389e15ef85b16c6069,live,烟花🐑－0205－加班台Day25🎀｜地下城時間!  !加班 ꜀(^. .^꜀ )꜆੭,2024-02-05T09:46:37Z,https://www.twitch.tv/hennie2001,https://static-cdn.jtvnw.net/previews-ttv/live_user_hennie2001-{width}x{height}.jpg
8064b5c85fc64d10ae3e9d3a4c0dfd8f,live,【廟口石頭村】hahamida  | 連動猛獸派對先來撿個垃圾ヽ(・∀・)ﾉ!綠界斗內新音效,2024-02-05T09:54:29Z,https://www.twitch.tv/hahacocm,https://static-cdn.jtvnw.net/previews-ttv/live_user_hahacocm-{width}x{height}.jpg
a84b1b6deabc462b9cf994fd02304b5b,live,【我家的貓貓好胖】,2024-02-05T10:04:27Z,https://www.twitch.tv/uriah0616,https://static-cdn.jtvnw.net/previews-ttv/live_user_uriah0616-{width}x{height}.jpg
9ff652451cbd4ad098bf20dd9748ce12,live,休閒台 | 差點淋雨 | @acs166 | !掛台,2024-02-05T10:10:30Z,https://www.twitch.tv/acs166,https://static-cdn.jtvnw.net/previews-ttv/live_user_acs166-{width}x{height}.jpg
bf6401d2159c40a8a616defa8c2c4a66,live,【碧藍配信】我覺得我今天可以通關主線耶，有沒有機會從第5章通到刷原初的巴哈姆特 (夢想兔子閉嘴)【水天一色】,2024-02-05T11:17:06Z,https://www.twitch.tv/mizutenishoku,https://static-cdn.jtvnw.net/previews-ttv/live_user_mizutenishoku-{width}x{height}.jpg
afa3e309e41044c5bffe17466607d481,live,雪雪๐•ᴗ•๐ 2/5 給我武器呀 晚點有探險的話鬼轉 @yukkkkiouo 紫勾勾申請中 ♡初配信準備中♡,2024-02-05T11:28:44Z,https://www.twitch.tv/yukkkkiouo,https://static-cdn.jtvnw.net/previews-ttv/live_user_yukkkkiouo-{width}x{height}.jpg
d8fa0fb407c043cb9b65ab66c2221e8d,live,【希耶】2/5 [原神/鐵道] 又是一個濕冷的天氣｜訂閱告急｜有砸砸｜!魔儲  @ca0510,2024-02-05T11:55:53Z,https://www.twitch.tv/ca0510,https://static-cdn.jtvnw.net/previews-ttv/live_user_ca0510-{width}x{height}.jpg
f479e1403f614727a5f2a2be339bad74,live,0205【突發】半夜槍火!精神時光屋!! @chalortti,2024-02-05T11:56:15Z,https://www.twitch.tv/chalortti,https://static-cdn.jtvnw.net/previews-ttv/live_user_chalortti-{width}x{height}.jpg
09945e9139af4f3a96e6adfd73139d35,live,『春節挑戰ing』 2/5 鵝鴨殺連動滿滿16人  婆ㄉ台： @molilyqq,2024-02-05T11:56:17Z,https://www.twitch.tv/mayko0327,https://static-cdn.jtvnw.net/previews-ttv/live_user_mayko0327-{width}x{height}.jpg
a83b6d485350402b90238deb371ae654,live,【夢娜】二週年加班台開始~ !加班 !同樂加時【加班台Day173】【歡迎掛台】,2024-02-05T12:10:17Z,https://www.twitch.tv/monna_nana,https://static-cdn.jtvnw.net/previews-ttv/live_user_monna_nana-{width}x{height}.jpg
9e64bba43928414884503de36f805c48,live,2/5 先魔物再MS !vpn  !表單 | 掛台抽哀鳳 | YT訂閱不用錢 !YT,2024-02-05T12:12:22Z,https://www.twitch.tv/wen620,https://static-cdn.jtvnw.net/previews-ttv/live_user_wen620-{width}x{height}.jpg
310862830fb648b78cca7e581e2622a7,live,◆ 加班台DAY94 ◆ 有自製紅包可以印唷~ // !紅包挑戰 !加班 !周邊 !350 //【赤羽亞矢】,2024-02-05T12:28:03Z,https://www.twitch.tv/ayaakahane,https://static-cdn.jtvnw.net/previews-ttv/live_user_ayaakahane-{width}x{height}.jpg
bf03fd8b5b55481590ea63338c5cdd20,live,2/6 加班台day106 MapleLand & KMS 대만인  !加班 !貼圖 !週邊 / 揪團每10人2分 / !DC / @komorikuma_vtuber / 7tv++,2024-02-05T12:28:20Z,https://www.twitch.tv/komorikuma_vtuber,https://static-cdn.jtvnw.net/previews-ttv/live_user_komorikuma_vtuber-{width}x{height}.jpg
2694a505a0e0441bb99b49e8ce1f7473,live,【2/5】DAY14 人真的不能每天出門會感冒｜紅包活動記得填表單抽獎 !紅包｜!yt !綠界 !會員 !7tv !指令 !勇士,2024-02-05T12:29:35Z,https://www.twitch.tv/kannazukilubee,https://static-cdn.jtvnw.net/previews-ttv/live_user_kannazukilubee-{width}x{height}.jpg
dc0f8e297afc4531ac04e46808f7ef6d,live,【直男台】散發正能量！不要評論雙方！希望能快點落幕 不要網路惡循環,2024-02-05T12:33:39Z,https://www.twitch.tv/cat8times,https://static-cdn.jtvnw.net/previews-ttv/live_user_cat8times-{width}x{height}.jpg
5507154831064d69906acc64c76b1c99,live,【DBD遊雜】突然一次過了屠殺線哪就鬼轉吧！｜ !SA指令  ｜0205｜ @44yomi44,2024-02-05T12:35:42Z,https://www.twitch.tv/44yomi44,https://static-cdn.jtvnw.net/previews-ttv/live_user_44yomi44-{width}x{height}.jpg
7299d6e9ebff46c9ae859fa5c6f27206,live,【晚餐+作業台】｜今年朝紫勾勾努力｜遊戲個人勢ก(ｰ̀ωｰ́ก)｜!週邊 !dc !斗內｜,2024-02-05T12:41:28Z,https://www.twitch.tv/rakuraku66,https://static-cdn.jtvnw.net/previews-ttv/live_user_rakuraku66-{width}x{height}.jpg
9b5ec085252a4f6e9ba04cac0ad49e65,live,【加班台】深夜帕魯台！收集材料抓新帕魯！∥ 有點歌 ∥ 有砸砸【賽琳Serlin】,2024-02-05T12:42:46Z,https://www.twitch.tv/serlin0312,https://static-cdn.jtvnw.net/previews-ttv/live_user_serlin0312-{width}x{height}.jpg
f5034a946bf249c780a864c19efda669,live,鬼轉時間OAO|Fazhe法喆|02/05,2024-02-05T12:46:13Z,https://www.twitch.tv/fazhe1211,https://static-cdn.jtvnw.net/previews-ttv/live_user_fazhe1211-{width}x{height}.jpg
1756e5a7f5a04ff6a7b5f482201b5cfc,live,【iZ4】2/5｜睡覺都在夢到我開台當機==｜!週邊 !聖誕 !YT @kiyomi425alice,2024-02-05T12:47:14Z,https://www.twitch.tv/kiyomi425alice,https://static-cdn.jtvnw.net/previews-ttv/live_user_kiyomi425alice-{width}x{height}.jpg
3083d2b8192843958b2852553cb3bc70,live,就獵個龍@fesiamei @mobi_asp !dc !throw !sr點歌,2024-02-05T12:47:42Z,https://www.twitch.tv/akitsuki61dd,https://static-cdn.jtvnw.net/previews-ttv/live_user_akitsuki61dd-{width}x{height}.jpg
a9ada11d61114319885597db6a0725fb,live,細胞神曲｜細胞神曲啟動 P5,2024-02-05T12:50:12Z,https://www.twitch.tv/minami_1098,https://static-cdn.jtvnw.net/previews-ttv/live_user_minami_1098-{width}x{height}.jpg
66c812bb04844241af1d1c7539b5e251,live,來繼續農一下，感覺再晚幾天就沒人玩了(欸｜碧藍幻想Relink｜Granblue Fantasy: Relink,2024-02-05T12:56:07Z,https://www.twitch.tv/remon031158,https://static-cdn.jtvnw.net/previews-ttv/live_user_remon031158-{width}x{height}.jpg
2f966e51210f49ba9dce2ac90e3ada18,live,ʚ ruriilive ɞ 0205 每日一問今天帕嗎？ | 2月1日的飲料還能喝嗎？| 新斗內特效 | 新目標500追隨 @rurii0303,2024-02-05T12:58:04Z,https://www.twitch.tv/rurii0303,https://static-cdn.jtvnw.net/previews-ttv/live_user_rurii0303-{width}x{height}.jpg
b7b1cb60f1c24c0ea4fb1f506d3e247a,live,0205｜【600追加班台D9】我整個爆開(`д´)遊戲－ㄆㄌ，好...好玩🥺 Palworld / 幻獸帕魯｜CN、EN👌🏻 Vtuber,2024-02-05T12:58:39Z,https://www.twitch.tv/hanamorilunaria,https://static-cdn.jtvnw.net/previews-ttv/live_user_hanamorilunaria-{width}x{height}.jpg
c82ab1b4f8f64d1f84cae4ce09aa0dea,live,快樂星期一｜汐Seki｜!週邊 !指令,2024-02-05T13:00:28Z,https://www.twitch.tv/seki_meridian,https://static-cdn.jtvnw.net/previews-ttv/live_user_seki_meridian-{width}x{height}.jpg
8881d23b0a3c426590c8a2509e363ec1,live,【VALORANT→League of Legends】有些人是真的很欠罵【 @bridget013 】,2024-02-05T13:02:13Z,https://www.twitch.tv/bridget013,https://static-cdn.jtvnw.net/previews-ttv/live_user_bridget013-{width}x{height}.jpg
a3ce195c0069494c99849d0b1a10a7fd,live,【#StreetFighter6】0205重新習慣新按鈕位置QQ！-OD波勒戒day12-｜#悠白 #Ubye,2024-02-05T13:03:51Z,https://www.twitch.tv/konyunubye,https://static-cdn.jtvnw.net/previews-ttv/live_user_konyunubye-{width}x{height}.jpg
62b7ee328a7b42b0a1da0ab3bc22d1db,live,【亞羅Aro】鵝鴨殺-連動完有時間來個觀眾場【台灣/男性/個人勢/Vtuber】,2024-02-05T13:05:26Z,https://www.twitch.tv/arofischer,https://static-cdn.jtvnw.net/previews-ttv/live_user_arofischer-{width}x{height}.jpg
4c34c44a98974b709f7dbc7618847fd6,live,DC有桌布可領!!/又是好冷ㄉ一天｜原神後人龍8｜ !YT 更新  !DC !抽尾巴 !推特 !魔儲(｢･ω･)｢,2024-02-05T13:05:59Z,https://www.twitch.tv/5l5l3,https://static-cdn.jtvnw.net/previews-ttv/live_user_5l5l3-{width}x{height}.jpg
10c8c9b647e7464f9d95c7c1a865da01,live,20240205｜要過年了耶｜3.0新衣服回饋企劃中!募資 !委託  ｜ @suitoumi_0217,2024-02-05T13:17:24Z,https://www.twitch.tv/suitoumi_0217,https://static-cdn.jtvnw.net/previews-ttv/live_user_suitoumi_0217-{width}x{height}.jpg
342b158ba02d4103a1407d62fe786f5e,live,2/5【虹月Neon】真的前進咚咚島,2024-02-05T13:18:33Z,https://www.twitch.tv/nijitsukineon,https://static-cdn.jtvnw.net/previews-ttv/live_user_nijitsukineon-{width}x{height}.jpg
ff445c140e9a4211960268c261e18fba,live,【牟毗_MoBi】親子圍毆巨大爬行類實驗,2024-02-05T13:24:00Z,https://www.twitch.tv/mobi_asp,https://static-cdn.jtvnw.net/previews-ttv/live_user_mobi_asp-{width}x{height}.jpg
28e5717b1964475ca59ce02d81cb2796,live,【帕魯】今天繼續和員工們和帕魯獸打工!  ฅ(´-ω-`)ฅ @planet_murray @queeckort @hinata_kuma0418,2024-02-05T13:29:38Z,https://www.twitch.tv/caroline0723333,https://static-cdn.jtvnw.net/previews-ttv/live_user_caroline0723333-{width}x{height}.jpg
dd9bf471b0304627877f38daaec5407b,live,突發做點週表/聊聊天/歡迎聊天【歡迎~追隨與訂閱或掛台】,2024-02-05T13:31:48Z,https://www.twitch.tv/ola_bear,https://static-cdn.jtvnw.net/previews-ttv/live_user_ola_bear-{width}x{height}.jpg
78195639f2464c75a84f79d46120e28a,live,2/5 包拍立得+工作檯  副頻道： @hana_dance   ｜!拍立得  !副,2024-02-05T13:32:13Z,https://www.twitch.tv/hana_yuuka,https://static-cdn.jtvnw.net/previews-ttv/live_user_hana_yuuka-{width}x{height}.jpg
480aca28939a4eb5bf558a710e21709c,live,劫,2024-02-05T13:32:39Z,https://www.twitch.tv/siyuandao,https://static-cdn.jtvnw.net/previews-ttv/live_user_siyuandao-{width}x{height}.jpg
886b8f7841a341af80b6faed09b18ba1,live,【2/5 VALORANT】 練槍時刻來了!! 不會玩遊戲的我來了!,2024-02-05T13:41:12Z,https://www.twitch.tv/mimiko13920,https://static-cdn.jtvnw.net/previews-ttv/live_user_mimiko13920-{width}x{height}.jpg
a960b283b1124f44bc4bf2a16199977a,live,Soulmask ݁ ˖✧  @muiii0x0,2024-02-05T13:44:06Z,https://www.twitch.tv/muiii0x0,https://static-cdn.jtvnw.net/previews-ttv/live_user_muiii0x0-{width}x{height}.jpg
b8495fc4bb174140acf0ebd7d64fe044,live,P位農因子 (っ ॑꒳ ॑c),2024-02-05T13:48:38Z,https://www.twitch.tv/lilaccat2020,https://static-cdn.jtvnw.net/previews-ttv/live_user_lilaccat2020-{width}x{height}.jpg
3e86fddd8145474691e77ba761a6b2a5,live,2/5 久違 ฅ^•ﻌ•^ฅ 2/7開始有點數抽獎活動 已在dc公告唷~ !委託 !dc !肉泥加碼 !吊飾,2024-02-05T13:49:10Z,https://www.twitch.tv/yinyin_neko,https://static-cdn.jtvnw.net/previews-ttv/live_user_yinyin_neko-{width}x{height}.jpg
0528d5a963af400884b2db8484a0d152,live,【熊熊美之台】該把藍之圓盤打完了【Aikunkuma】,2024-02-05T13:53:40Z,https://www.twitch.tv/aikunkuma_vtuber,https://static-cdn.jtvnw.net/previews-ttv/live_user_aikunkuma_vtuber-{width}x{height}.jpg
04ca68439fd14d088c77eb0069e6414f,live,【VALORANT】這禮拜春節假期要到了耶【ようこ❤️‍🩹 / #新人vtuber 】,2024-02-05T13:59:45Z,https://www.twitch.tv/yokovtuberch,https://static-cdn.jtvnw.net/previews-ttv/live_user_yokovtuberch-{width}x{height}.jpg
7232734df59c4e099205c7685007d8d4,live,【煙米子】2/5 偷偷畫妻妻,2024-02-05T14:02:28Z,https://www.twitch.tv/kihom1234,https://static-cdn.jtvnw.net/previews-ttv/live_user_kihom1234-{width}x{height}.jpg
c51f84b3ec9c4501a364a6a4982fa284,live,【中文/English】Lv.52 巴巴東巴巴砰 | Tarkov Kappa✅  !塔科夫設定 !魔儲  | !新片 !vpn  !7tv 點歌打!sr｜🌪風絮 @fengxu_vt,2024-02-05T14:03:08Z,https://www.twitch.tv/fengxu_vt,https://static-cdn.jtvnw.net/previews-ttv/live_user_fengxu_vt-{width}x{height}.jpg
fcb4d9b8cd4a49dba6b421d97c179065,live,今天目標搬家! #追隨追起來 #六月草 #觀眾場 #麻鼠食光,2024-02-05T14:04:35Z,https://www.twitch.tv/mayasuzume,https://static-cdn.jtvnw.net/previews-ttv/live_user_mayasuzume-{width}x{height}.jpg
d45c287a84b6485e8ff3400cf50f5db7,live,✧ 罐樂透啟動，年前的打ㄆ練習｜02/05｜ @can1021 【罐罐】!7tv !魔儲,2024-02-05T14:04:42Z,https://www.twitch.tv/can1021,https://static-cdn.jtvnw.net/previews-ttv/live_user_can1021-{width}x{height}.jpg
00d9cb7b0bcd451999f4fd33dd84be6c,live,【阿楓轟炸】20240205_以初次接觸遊戲的心態看台，不要劇透.提示唷！募資2.0中！（訂閱會講ARA ARA）【Vtuber】,2024-02-05T14:05:05Z,https://www.twitch.tv/maple_1206,https://static-cdn.jtvnw.net/previews-ttv/live_user_maple_1206-{width}x{height}.jpg
f36c774fbf4847e1afdf66a1e4806ea3,live,0205 | 新手Ri來打一下加拿大原神  ft. @sagakanroo @ayazukihanoku,2024-02-05T14:05:20Z,https://www.twitch.tv/rivia1122,https://static-cdn.jtvnw.net/previews-ttv/live_user_rivia1122-{width}x{height}.jpg
677a773535814b5fa2d557da2f80bb89,live,【MapleStory】回到戰地監獄 魔儲訂閱活動進行中 !魔儲【猫月ましろ】,2024-02-05T14:08:15Z,https://www.twitch.tv/nekotukimashiro,https://static-cdn.jtvnw.net/previews-ttv/live_user_nekotukimashiro-{width}x{height}.jpg
61e81c6f534247b486b8125bd34fa960,live,【BLUE】撤離七次先死五次 @blue_kao,2024-02-05T14:13:43Z,https://www.twitch.tv/blue_kao,https://static-cdn.jtvnw.net/previews-ttv/live_user_blue_kao-{width}x{height}.jpg
a1a4762aa1eb4d95be1c0c7a528a8336,live,瓦羅蘭！加班台 ✿ 幸運星星絕讚加班中｜ !加班、!BOSS、!DC｜▶ @sumihatsu,2024-02-05T14:32:25Z,https://www.twitch.tv/sumihatsu,https://static-cdn.jtvnw.net/previews-ttv/live_user_sumihatsu-{width}x{height}.jpg
bd119628dae64d45b71b44e0f158f23a,live,🪐2/5｜今天要早睡  ☽ 委託開放中、目前到四月 ☾,2024-02-05T14:37:06Z,https://www.twitch.tv/elinoralumiere,https://static-cdn.jtvnw.net/previews-ttv/live_user_elinoralumiere-{width}x{height}.jpg
fe1304d2a7694657a0922ac4fee53977,live,【0205】【霧鎖王國】今天要換幾次遊戲【樂媞絲】 #暮樂朝歡,2024-02-05T14:37:08Z,https://www.twitch.tv/lettice_0605,https://static-cdn.jtvnw.net/previews-ttv/live_user_lettice_0605-{width}x{height}.jpg
26b00f5ff5bf4b5a8dcb6c5c34e1b4f6,live,【伊德海拉 Yidhra】02/05 小開一下！今天絕對不通霄！💜｜Valorant｜The Finals｜Lethal Company｜ @yidhra0727,2024-02-05T14:42:03Z,https://www.twitch.tv/yidhra0727,https://static-cdn.jtvnw.net/previews-ttv/live_user_yidhra0727-{width}x{height}.jpg
e50da8792cd94b009eaa8dd4be738d59,live,【日麻】 有人在地下城暈了 鬼轉日麻 | 赤川蓮 | ft.  - @akakawaren_1030   |ft. @sandao0606 @peraser1126,2024-02-05T14:45:19Z,https://www.twitch.tv/akakawaren_1030,https://static-cdn.jtvnw.net/previews-ttv/live_user_akakawaren_1030-{width}x{height}.jpg
d5f59c2707ee449dadea1d736de1b9ef,live,【菈娜 . Lana】2/5 帕魯後遺症 ٩(｡・ω・｡)و,2024-02-05T14:49:25Z,https://www.twitch.tv/lanacyberstars,https://static-cdn.jtvnw.net/previews-ttv/live_user_lanacyberstars-{width}x{height}.jpg
ebe5c5f9d67f44f3bc5e70b413ce9df7,live,【突發！】繼續跟幻月一起霧起來～！【依可露】,2024-02-05T14:59:30Z,https://www.twitch.tv/ekorru,https://static-cdn.jtvnw.net/previews-ttv/live_user_ekorru-{width}x{height}.jpg
d39880395a4b4f3d980819da82cbd90f,live,[240205] 瓦瓦瓦 @ch1n_haneda,2024-02-05T15:00:09Z,https://www.twitch.tv/ch1n_haneda,https://static-cdn.jtvnw.net/previews-ttv/live_user_ch1n_haneda-{width}x{height}.jpg
2a20316d245d406193331300bb44fdec,live,【可可洛 希亞】2/5 夜深了 唱唱歌 可能又要通霄✞,2024-02-05T15:03:32Z,https://www.twitch.tv/cocoroshiya,https://static-cdn.jtvnw.net/previews-ttv/live_user_cocoroshiya-{width}x{height}.jpg
19234cc590224c45912a14487f756dc5,live,【薇恩黛娜】周表戰士,2024-02-05T15:03:56Z,https://www.twitch.tv/venomdianh,https://static-cdn.jtvnw.net/previews-ttv/live_user_venomdianh-{width}x{height}.jpg
188108fa6e2e41afb060e4038e49d4ab,live,蜜柑醬🍊 過年前最後一開,2024-02-05T15:18:53Z,https://www.twitch.tv/light_mikan,https://static-cdn.jtvnw.net/previews-ttv/live_user_light_mikan-{width}x{height}.jpg
1058d6e9f351455389e8a7a716ea26ff,live,【 原神 | Genshin 】海燈節開始了，今天也有新的活動告知；,2024-02-05T15:19:55Z,https://www.twitch.tv/toujipaisen,https://static-cdn.jtvnw.net/previews-ttv/live_user_toujipaisen-{width}x{height}.jpg
98619914a2eb4b07bd6bc0a02066e455,live,[遊雜]其實~我本來十點半要開的~你們信嗎?~來陪我聊聊天吧![七小汐],2024-02-05T15:22:10Z,https://www.twitch.tv/chnang12,https://static-cdn.jtvnw.net/previews-ttv/live_user_chnang12-{width}x{height}.jpg
8bf35c3b9a9e461d825a9170555b71c2,live,【澪Rei】繼續在段位場訓練！ !YT 中文/Eng/日本語,2024-02-05T15:31:13Z,https://www.twitch.tv/reirei_neon,https://static-cdn.jtvnw.net/previews-ttv/live_user_reirei_neon-{width}x{height}.jpg
949f184abcc84a82b8e9f333b41a2109,live,2/5  還是帕 @piqiuuu  ✧*｡٩(ˊᗜˋ*)و✧*｡,2024-02-05T15:39:04Z,https://www.twitch.tv/lupulu0524,https://static-cdn.jtvnw.net/previews-ttv/live_user_lupulu0524-{width}x{height}.jpg
7d0d99e77f624bdc934b17212a39a894,live,久違的動派~ @rikuyua_0x0 @shiyoru5786 @orangeeneko @sandanqwq,2024-02-05T15:43:13Z,https://www.twitch.tv/rinusaki,https://static-cdn.jtvnw.net/previews-ttv/live_user_rinusaki-{width}x{height}.jpg
3005ff0c09064d7f924c506e1e9c18ba,live,【猫夜凜】睡醒起床把P解決 | @nekoyarin |  !語音 !猫韻  | 2/5,2024-02-05T15:48:38Z,https://www.twitch.tv/nekoyarin,https://static-cdn.jtvnw.net/previews-ttv/live_user_nekoyarin-{width}x{height}.jpg
8125f51f9526408790a77c1c7b4a053b,live,❣️雜談❣️想不到吧!! 今天!親到算賺到啦／聊天室打!親到 來親到!!!,2024-02-05T15:49:45Z,https://www.twitch.tv/sesney720,https://static-cdn.jtvnw.net/previews-ttv/live_user_sesney720-{width}x{height}.jpg
5a60a41d2a604bc68368158cd0b1cc12,live,[鵝鴨殺]被約玩惹~關台重開~  /感謝最近揪團 @laozhangmy @lovelovegogo,2024-02-05T15:51:55Z,https://www.twitch.tv/akaushirotte,https://static-cdn.jtvnw.net/previews-ttv/live_user_akaushirotte-{width}x{height}.jpg
854282eb3f32406aa85dd53f14748228,live,2/6 君惜竹是我爸  沒上翡翠我睡不著,2024-02-05T16:11:17Z,https://www.twitch.tv/binbin0707,https://static-cdn.jtvnw.net/previews-ttv/live_user_binbin0707-{width}x{height}.jpg
423ecad01c524c4595027051fcaa9ba7,live,2/6★【雜談】聊聊天爬爬山(?ฅ^•ﻌ•^ฅ@mimi_0222  ||歡迎掛台❤,2024-02-05T16:15:48Z,https://www.twitch.tv/mimi_0222,https://static-cdn.jtvnw.net/previews-ttv/live_user_mimi_0222-{width}x{height}.jpg
405cf0a502a6496bacfe7e49647e7e28,live,[Altic_Sou]健身環大冒險Ring Fit Adventure - EP16 平日運動[TW/EN] !斗內 !加班,2024-02-05T16:19:40Z,https://www.twitch.tv/altic_sou,https://static-cdn.jtvnw.net/previews-ttv/live_user_altic_sou-{width}x{height}.jpg
17a340801a7d4697be53c472c621993d,live,👑《 子民推推 | 猛鬼大廈 》👑,2024-02-05T16:20:09Z,https://www.twitch.tv/longhua_v,https://static-cdn.jtvnw.net/previews-ttv/live_user_longhua_v-{width}x{height}.jpg
6c8f616ab73c449d8eb8e3888c2c8bfe,live,【蘿時瘋🥐】我的人生就像連敗一樣:) @eloy_moon !飯友,2024-02-05T16:24:16Z,https://www.twitch.tv/eloy_moon,https://static-cdn.jtvnw.net/previews-ttv/live_user_eloy_moon-{width}x{height}.jpg
8723ccecdfd84d92b1de24f9d6a86bcc,live,2/6 描邊大濕Day4  | 小頭幫幫主  忠誠換小吉 @bofu0520,2024-02-05T16:28:03Z,https://www.twitch.tv/bofu0520,https://static-cdn.jtvnw.net/previews-ttv/live_user_bofu0520-{width}x{height}.jpg
87df5b92303e4410884b8c52ff2c4e0d,live,這又是一個你們不知道我在做什麼，但我有在做什麼的台。,2024-02-05T16:45:01Z,https://www.twitch.tv/vankaku,https://static-cdn.jtvnw.net/previews-ttv/live_user_vankaku-{width}x{height}.jpg
4ba065758aa94ce18cfe227cc37b1afe,live,2/6🐰霍格華茲 ᕱ⑅ᕱ 來當巫師囉 🐰天災的魔兔成功降臨⛄️ @shinyuki2511,2024-02-05T17:03:35Z,https://www.twitch.tv/shinyuki2511,https://static-cdn.jtvnw.net/previews-ttv/live_user_shinyuki2511-{width}x{height}.jpg
c79b5a5a5c8b4d8f917afdfc16c01961,live,時間會偷走人和物 卻不會帶走我們的回憶໒꒱˚.//首次參與網絡歌手的原創曲!!《時間偷走了的貓》⏱️🐱 - DS ft.椛音かのん【椛音Kanon】,2024-02-05T17:13:47Z,https://www.twitch.tv/flowersunshineee,https://static-cdn.jtvnw.net/previews-ttv/live_user_flowersunshineee-{width}x{height}.jpg