VTuber ID,Video Type,Title,Publish Time,URL,Thumbnail URL
964a0dde279c45ea85ffc6ad5d266206,live,【加班台Day18】12/1 又溺,2024-11-29T20:02:34Z,https://www.twitch.tv/palinnnn0622,https://static-cdn.jtvnw.net/previews-ttv/live_user_palinnnn0622-{width}x{height}.jpg
fbd0d260a09c47b1a9dcc73fd41e7eca,live,11/30 宇紫醬☔ │摸魚FAFA│掛台台│祁煜色色新刊 買動漫通販中,2024-11-29T20:08:55Z,https://www.twitch.tv/h6x6h,https://static-cdn.jtvnw.net/previews-ttv/live_user_h6x6h-{width}x{height}.jpg
c9ece3513c804b3db003cd8fca683857,live,【新瑪奇／新手台／因為出門所以先掛機釣魚】11/29-12/05喝水條雙倍達成目標，只要滿一次就是50瓶!!! // !魔儲  !綠界 //【@re_winnie】,2024-11-29T23:53:59Z,https://www.twitch.tv/re_winnie,https://static-cdn.jtvnw.net/previews-ttv/live_user_re_winnie-{width}x{height}.jpg
bf03fd8b5b55481590ea63338c5cdd20,live,12/0ˇ1 加班Day30 !加班 / Artale歡迎領新手物資 / 揪團每10人+2分鐘 / !週邊 / !DC / @komorikuma_vtuber,2024-11-30T11:54:51Z,https://www.twitch.tv/komorikuma_vtuber,https://static-cdn.jtvnw.net/previews-ttv/live_user_komorikuma_vtuber-{width}x{height}.jpg
5f68c9b585ad40c0ada7697c9b7f5055,live,12/01 | 說罷，霸總狠狠的把女主丟到沙發上 | 加班Day 206 | !老婆!吃什麼 !加班 +7tv !周邊 推薦自主訂閱 | @lino_0606 老婆: @harumi_ouo,2024-11-30T13:06:14Z,https://www.twitch.tv/lino_0606,https://static-cdn.jtvnw.net/previews-ttv/live_user_lino_0606-{width}x{height}.jpg
a9396c8dd95e43b29c694b14afa07ac4,live,睡了一波麥一下｜汪汪｜!加班｜!減班,2024-11-30T17:41:21Z,https://www.twitch.tv/mihiru0110,https://static-cdn.jtvnw.net/previews-ttv/live_user_mihiru0110-{width}x{height}.jpg
7a570b5273ae4e359a6491aba1313011,live,✦ 12/1 ✦ 起來囉  ♡ 拼紫勾歡迎掛台 ♡  | @chloelancemay |,2024-11-30T18:48:27Z,https://www.twitch.tv/chloelancemay,https://static-cdn.jtvnw.net/previews-ttv/live_user_chloelancemay-{width}x{height}.jpg
76165d25983b463eaa1da66c86a32b7c,live,【日常】測試敲敲門 (゜∀゜)   @yorurovtuber 【靛之森Ainomori】|【夜彩Yoruro】感謝揪團:,2024-11-30T20:49:41Z,https://www.twitch.tv/yorurovtuber,https://static-cdn.jtvnw.net/previews-ttv/live_user_yorurovtuber-{width}x{height}.jpg
480aca28939a4eb5bf558a710e21709c,live,路有凍死骨 亂世 /揪團加班轉盤 !加班,2024-11-30T20:51:25Z,https://www.twitch.tv/siyuandao,https://static-cdn.jtvnw.net/previews-ttv/live_user_siyuandao-{width}x{height}.jpg
1a95bb88e451498ca3491b69af964588,live,12/1 超想睡ㄉ  | !加班 !貼圖 !手把 !台規 !音量 | @hsuanhsuandesu,2024-11-30T22:57:59Z,https://www.twitch.tv/hsuanhsuandesu,https://static-cdn.jtvnw.net/previews-ttv/live_user_hsuanhsuandesu-{width}x{height}.jpg
14b644d58ff14ef1b491ef3d451e9e06,live,早安寶寶  |  @ruri525 ღ |,2024-11-30T23:16:59Z,https://www.twitch.tv/ruri525,https://static-cdn.jtvnw.net/previews-ttv/live_user_ruri525-{width}x{height}.jpg
8746bf3b3b5843e7b00f6ec23fefb6b1,live,【加班台】台灣的釣魚台XD 寫真集販售中!! 綠界暫時爆了 買寫真可以直接抖內歐付寶再私訊喔！【!生日】【!回饋】 【!魔儲】,2024-12-01T01:34:40Z,https://www.twitch.tv/kokuyoku_hyolan,https://static-cdn.jtvnw.net/previews-ttv/live_user_kokuyoku_hyolan-{width}x{height}.jpg
d93ec185504e45e2894865980da489a9,live,【工作台 12/1】久違的活人作息 寫論文到中午去學校做實驗(〃'▽'〃),2024-12-01T01:42:12Z,https://www.twitch.tv/yuenya17,https://static-cdn.jtvnw.net/previews-ttv/live_user_yuenya17-{width}x{height}.jpg
c7f53f2fbdbe4db488629ab4d738a16a,live,❤️逆水寒❤️伺服器:楓橋夜泊  名字:柳緣惜 幫會:陌雨閣 今天是小惜小師妹ft.,2024-12-01T01:56:03Z,https://www.twitch.tv/yanyuanxi,https://static-cdn.jtvnw.net/previews-ttv/live_user_yanyuanxi-{width}x{height}.jpg
fdb0805c65e24f13b7f23e50e0db8ae2,live,🔴【掛台抽獎】觀眾場可以排隊一起玩! 今天是媽咪生日欸 ฅ•ω•ฅ @lunymeow_tw | ✧拚紫勾感謝掛台✧| 加班台DAY73,2024-12-01T02:50:45Z,https://www.twitch.tv/lunymeow_tw,https://static-cdn.jtvnw.net/previews-ttv/live_user_lunymeow_tw-{width}x{height}.jpg
887b37336c9c4730809ace8b5e38df17,live,《逆水寒》賞金鏢局❤️所有江湖偶遇都是宿命相逢🔥日月如壁+好友 ^•𖥦•^.ᐟ｜⭐註冊魔儲獲得200元‿✦ !魔儲 !MP !DC,2024-12-01T03:23:19Z,https://www.twitch.tv/isyourlulu,https://static-cdn.jtvnw.net/previews-ttv/live_user_isyourlulu-{width}x{height}.jpg
23d18a6678794320b2d3f9d468b9b3a4,live,為了在歐藤面前演示那隻蜘蛛+蚊子合體抖動的多誇張…我的脖子扭到了QAQ！！！！ 魔性0姐←嗲音是讓觀眾崩潰的AOE攻擊！？ ꙳ ˖.✧.˖☾˖.✦.˖凜澪月˖.✧.˖☾˖.✦.˖ ꙳ ✧ 聒噪系人妻四足古飛龍 ✦ 老公 ⇉ @altonlee,2024-12-01T05:16:14Z,https://www.twitch.tv/linlingyue,https://static-cdn.jtvnw.net/previews-ttv/live_user_linlingyue-{width}x{height}.jpg
67d6807619064938a78832b4106de5c0,live,【Supervive】全新的吃雞遊戲來了，米米能不能發揮他在LOL的實力呢～？  Ft.喪屍迪 @siaodi12398,2024-12-01T05:55:09Z,https://www.twitch.tv/chengmimeow,https://static-cdn.jtvnw.net/previews-ttv/live_user_chengmimeow-{width}x{height}.jpg
53707f0116dc4fca8614ac7139e40b83,live,【迪米加班台】最新電競神作！夫妻帶隊勝利！MOBA+大逃殺｜SUPERVIVE！【喪屍迪】Ft.  @chengmimeow,2024-12-01T05:55:11Z,https://www.twitch.tv/siaodi12398,https://static-cdn.jtvnw.net/previews-ttv/live_user_siaodi12398-{width}x{height}.jpg
62ca936be6c645a7bf2222b67086800a,live,WAA @twlonelyash,2024-12-01T06:15:00Z,https://www.twitch.tv/twlonelyash,https://static-cdn.jtvnw.net/previews-ttv/live_user_twlonelyash-{width}x{height}.jpg
dbbb8592c30840c8b00ae8091a684e5c,live,《小颯颯》今天開到12點! | 12月了呢 今年剩最後一個月囉！ | 月均觀到達6 cos克拉拉 | 降落初見掛台大感謝 | !dc |,2024-12-01T06:22:37Z,https://www.twitch.tv/xiaosasa_,https://static-cdn.jtvnw.net/previews-ttv/live_user_xiaosasa_-{width}x{height}.jpg
f479e1403f614727a5f2a2be339bad74,live,1201【加班台day162】12月了 obs該乖了 @chalortti,2024-12-01T06:47:13Z,https://www.twitch.tv/chalortti,https://static-cdn.jtvnw.net/previews-ttv/live_user_chalortti-{width}x{height}.jpg
f36c774fbf4847e1afdf66a1e4806ea3,live,1201•【快1700啦】• 跟美女們打OW 混入了流特 @rubyvalentine_ @mutuer,2024-12-01T06:53:42Z,https://www.twitch.tv/rivia1122,https://static-cdn.jtvnw.net/previews-ttv/live_user_rivia1122-{width}x{height}.jpg
db6b14a0319e4f639bfcf8d4309c064d,live,APEX ❄️好冷哦~享用棉被把自己捲起來~嗚哇❄️  @rtea0527,2024-12-01T06:54:04Z,https://www.twitch.tv/rtea0527,https://static-cdn.jtvnw.net/previews-ttv/live_user_rtea0527-{width}x{height}.jpg
6aefa292dc61441e98c787efb0067922,live,【隨興歌雜】工作使我快樂 有開影音抖內｜!dc !yt !抖內【羽芝扉扉 Uchi Fifi】,2024-12-01T07:00:02Z,https://www.twitch.tv/uchififi,https://static-cdn.jtvnw.net/previews-ttv/live_user_uchififi-{width}x{height}.jpg
0a55a882e4ae4a1e9c1e77ea001aa91b,live,【隨心】開一下 | FT.   | 推薦. @mine_uncle @elysiumlica @mo_chen_ @chen_520 @siati1021 | #掛,2024-12-01T07:14:43Z,https://www.twitch.tv/sueisin,https://static-cdn.jtvnw.net/previews-ttv/live_user_sueisin-{width}x{height}.jpg
0448e6929687421c9e0435832765b9fe,live,12/1 寶可夢完鬼轉配｜@ryoueg ｜,2024-12-01T07:15:39Z,https://www.twitch.tv/ryoueg,https://static-cdn.jtvnw.net/previews-ttv/live_user_ryoueg-{width}x{height}.jpg
0572bddb85b24166820f34f39164f99c,live,【𝟡𝟚】想戒網癮嗎? 我的電腦可以幫你  ฅ^•ﻌ•^ฅ,2024-12-01T07:16:42Z,https://www.twitch.tv/nininaowo,https://static-cdn.jtvnw.net/previews-ttv/live_user_nininaowo-{width}x{height}.jpg
2d25a18a83af462a8d4062e162017a1a,live,〔ARK: Survival Ascended〕🦖ㄉㄅ畫質恐龍上線(ゝ∀･)✨｜Vtuber｜台V🥩1201,2024-12-01T07:18:53Z,https://www.twitch.tv/rex_erica,https://static-cdn.jtvnw.net/previews-ttv/live_user_rex_erica-{width}x{height}.jpg
e63fe9e27be44403b222fb0319c027b6,live,12/1 ER菜雞啄啄 換本月VIP俗投進來,2024-12-01T07:19:53Z,https://www.twitch.tv/hitomiohlala,https://static-cdn.jtvnw.net/previews-ttv/live_user_hitomiohlala-{width}x{height}.jpg
2a25c205cc374cbeb8c8ccfe988ec9cc,live,【沁涵ハン】12/01│喉嚨好多了│開放觀眾場│!遊戲房│ @c703450201 │,2024-12-01T07:22:04Z,https://www.twitch.tv/c703450201,https://static-cdn.jtvnw.net/previews-ttv/live_user_c703450201-{width}x{height}.jpg
8b027d3a3f374c9c8398b6dd751e5018,live,12/01｜上個月我開了17天！=口= !碗仔翅,2024-12-01T07:32:07Z,https://www.twitch.tv/lisheng_tw,https://static-cdn.jtvnw.net/previews-ttv/live_user_lisheng_tw-{width}x{height}.jpg
aef2ed42d49343f28394b6335695b5ac,live,戰鎚 鼠疫2 1201,2024-12-01T07:40:07Z,https://www.twitch.tv/yuncream,https://static-cdn.jtvnw.net/previews-ttv/live_user_yuncream-{width}x{height}.jpg
2e266a71aa3d4a67bb8d9a2a0b573319,live,【仔魚】- 12/1 特戰天梯 ( ^∀^)ﾉ !LINE !歌單 !rk,2024-12-01T07:46:14Z,https://www.twitch.tv/ziifish,https://static-cdn.jtvnw.net/previews-ttv/live_user_ziifish-{width}x{height}.jpg
6b21f41580a64cc7ab15d219a612723b,live,[ zuzu ] 欸黑  !台規,2024-12-01T07:53:11Z,https://www.twitch.tv/zuzu_lemon_,https://static-cdn.jtvnw.net/previews-ttv/live_user_zuzu_lemon_-{width}x{height}.jpg
f6a4e7aa8d0c4e5cb39d199845ec4d02,live,12/01 蘇ㄆ把餔-3 | @vtuber_amiru,2024-12-01T08:17:03Z,https://www.twitch.tv/vtuber_amiru,https://static-cdn.jtvnw.net/previews-ttv/live_user_vtuber_amiru-{width}x{height}.jpg
ead3db33c54e411baa75a4bad3b48aee,live,【Monster Hunter: World】打一下，隨時鬼轉｜12/01｜,2024-12-01T08:25:09Z,https://www.twitch.tv/awabiscay,https://static-cdn.jtvnw.net/previews-ttv/live_user_awabiscay-{width}x{height}.jpg
9b33b75521bd43bca3346790ac65559c,live,⋆ 荻珥 𝓓𝓮𝓪𝓻  ⋆    12/1 聖誕荻襲將至◝(*ˊᗜˋ*)◜      @mtow9140  🍬    | !民代 !YT,2024-12-01T08:32:18Z,https://www.twitch.tv/mtow9140,https://static-cdn.jtvnw.net/previews-ttv/live_user_mtow9140-{width}x{height}.jpg
6861903583ee45d191ddc03faf6cd0d8,live,【 Monster Hunter: World】手拉手開刷聚魔之地!!【兔乃艾露 @usanoeru 】,2024-12-01T08:35:02Z,https://www.twitch.tv/usanoeru,https://static-cdn.jtvnw.net/previews-ttv/live_user_usanoeru-{width}x{height}.jpg
ba562aad440d483e988d3ce7e7217c94,live,[貓宮香草]  12/1 速刷通行證 ，  想儲值找ME魔儲 !魔儲  !DC,2024-12-01T08:48:03Z,https://www.twitch.tv/vanilla_shironeko,https://static-cdn.jtvnw.net/previews-ttv/live_user_vanilla_shironeko-{width}x{height}.jpg
619f48c4546c481bbc52aadc12c3e48f,live,✦Astral Party✦ 12.01｜看完永夜星河ㄌ!!!!｜!指令 !賭松果｜ @ritta_tta @xiaomao_0317,2024-12-01T08:50:48Z,https://www.twitch.tv/ritta_tta,https://static-cdn.jtvnw.net/previews-ttv/live_user_ritta_tta-{width}x{height}.jpg
f8ade397837d42f7a9167e0d4f20fc56,live,12/01 今天瘋狂上分,2024-12-01T09:00:48Z,https://www.twitch.tv/kurokiri_teikou,https://static-cdn.jtvnw.net/previews-ttv/live_user_kurokiri_teikou-{width}x{height}.jpg
310862830fb648b78cca7e581e2622a7,live,♦ 2024.12.01 ♦ 《逆水寒》賞金鏢局 所有江湖偶遇都是宿命相逢 跟aya一起探索大世界｜ YT新頻道上片囉｜ @ayaakahane ｜ !3D募資 !周邊【赤羽亞矢】,2024-12-01T09:31:21Z,https://www.twitch.tv/ayaakahane,https://static-cdn.jtvnw.net/previews-ttv/live_user_ayaakahane-{width}x{height}.jpg
3d786b116dbc437e8684d7b46567a1e5,live,【#活俠傳】學中文囉 🛸💨 百百波美 ⌇ BarkBarkPomi｜影音抖內開放中｜!YT !DC !抖內,2024-12-01T10:00:10Z,https://www.twitch.tv/barkbarkpomi,https://static-cdn.jtvnw.net/previews-ttv/live_user_barkbarkpomi-{width}x{height}.jpg
4544974bc5624035ae7bb0c9ed33e44e,live,【瓦西瓦瓦 / Vaswawa】做作業啦哈哈><,2024-12-01T10:03:04Z,https://www.twitch.tv/vaswawa0000,https://static-cdn.jtvnw.net/previews-ttv/live_user_vaswawa0000-{width}x{height}.jpg
c22cb6790eaf4fcc8ac47633e0ab6c49,live,【逆水寒】新鮮人初入江湖✨期待看到男角有沒有什麼差別待遇｜佩青 @Peiching_Renatus,2024-12-01T10:09:56Z,https://www.twitch.tv/peiching_renatus,https://static-cdn.jtvnw.net/previews-ttv/live_user_peiching_renatus-{width}x{height}.jpg
e58a5a6f40e040d79bbcd139824d6fc7,live,12/1 ₍ᐢ.‸.ᐢ₎⑅ o【雨咩】感冒喉嚨不舒服 繼續努力練個APEX!  !比賽 !隊友 | 自主訂閱加強版300積分再努力!  感謝大家幫忙掛台♡ | !簽到 !魔儲 輸入優惠碼領取折價卷 | @yumie0306,2024-12-01T10:16:12Z,https://www.twitch.tv/yumie0306,https://static-cdn.jtvnw.net/previews-ttv/live_user_yumie0306-{width}x{height}.jpg
624948114ff449e79fc17a68a43ecd68,live,[12/01] 小開一下呀歡迎追隨掛台,2024-12-01T10:21:26Z,https://www.twitch.tv/nekofumi_yuyu,https://static-cdn.jtvnw.net/previews-ttv/live_user_nekofumi_yuyu-{width}x{height}.jpg
6c7336d4605540c6871de5f96874129c,live,觀眾場，聖誕禮包開賣囉| !活動 !魔儲 | 掛台開5%音量♪ | @mibao1013,2024-12-01T10:26:53Z,https://www.twitch.tv/mibao1013,https://static-cdn.jtvnw.net/previews-ttv/live_user_mibao1013-{width}x{height}.jpg
9e64bba43928414884503de36f805c48,live,12/1 包租婆來收租了 特戰天梯賽 12月台聚可以報名了 !桌曆 !VPN !台聚  | 掛台抽哀鳳 | 訂閱YT !YT,2024-12-01T10:29:43Z,https://www.twitch.tv/wen620,https://static-cdn.jtvnw.net/previews-ttv/live_user_wen620-{width}x{height}.jpg
a1a4762aa1eb4d95be1c0c7a528a8336,live,咒！火佛修一心薩嘸哞 ✿ 自主訂閱福利DC裡邊請｜!魔儲、 !加班、!DC、!周邊｜▶ @sumihatsu,2024-12-01T10:34:14Z,https://www.twitch.tv/sumihatsu,https://static-cdn.jtvnw.net/previews-ttv/live_user_sumihatsu-{width}x{height}.jpg
9ca05592c52f42649191751f18cb70e6,live,【中文/日本語】12/1 隨筆日誌(PC) - 養生一下,2024-12-01T10:44:16Z,https://www.twitch.tv/sinonyuki,https://static-cdn.jtvnw.net/previews-ttv/live_user_sinonyuki-{width}x{height}.jpg
08a612f1ecf84b619a8899a5caed28c1,live,【小內】女少 omg🦈｜!dc @nerukozwz,2024-12-01T10:46:06Z,https://www.twitch.tv/nerukozwz,https://static-cdn.jtvnw.net/previews-ttv/live_user_nerukozwz-{width}x{height}.jpg
cd38e82545b04cb8a3e047fe41f2ba40,live,✧倪恪斯Nyx ✦重回Elin的懷抱,2024-12-01T10:46:25Z,https://www.twitch.tv/nyx_boshi,https://static-cdn.jtvnw.net/previews-ttv/live_user_nyx_boshi-{width}x{height}.jpg
38391974f5af4fbbb6224e3d6f2f7fb3,live,🐣 拍得之門3  !會員 ❤️@kurosakiyuu \\自主訂閱 感謝支持 💙 !是日行程 !2game 12/1,2024-12-01T10:47:48Z,https://www.twitch.tv/kurosakiyuu,https://static-cdn.jtvnw.net/previews-ttv/live_user_kurosakiyuu-{width}x{height}.jpg
80c426d23cdb4dcda1d1a0a1bd7e0245,live,★ 阿嚕 ★1201 玩  ･ﾟ･(つд`ﾟ)･ﾟ･,2024-12-01T10:52:19Z,https://www.twitch.tv/sun294g,https://static-cdn.jtvnw.net/previews-ttv/live_user_sun294g-{width}x{height}.jpg
d11123a75b874ad2bb120bb237e94c8d,live,【國/粵/EN】apex! 不開心嗎? 沒關係我陪你~ 陪伴台~ 4000追衝剌中 ~ 黑龍直到永遠！ │掛忠點&獎學金! 免費輕鬆拿周邊│喜歡的話可以幫我按個追隨唷! (ﾉ>ω<)ﾉ !抽獎 !dc !coins查詢 !獎學金,2024-12-01T10:57:04Z,https://www.twitch.tv/imyukodesu,https://static-cdn.jtvnw.net/previews-ttv/live_user_imyukodesu-{width}x{height}.jpg
99f6f80397b34d0b9a0cfd40f3801a35,live,【💜遊戲廢可】先說今天會玩爆 ૮₍ ´ ꒳ `₎ა  但要先工作 QQ｜@coc𝗼𝗿𝟬_0303 | !YT !DC !歌單 !吃 !牙牙測驗,2024-12-01T11:02:15Z,https://www.twitch.tv/cocor0_0303,https://static-cdn.jtvnw.net/previews-ttv/live_user_cocor0_0303-{width}x{height}.jpg
1afd3fcb51954f6ebb2b73a6cb849d40,live,【突發】生活好煩 甚麼時候出SAO|ft:觀眾場,2024-12-01T11:03:17Z,https://www.twitch.tv/ilbis0120,https://static-cdn.jtvnw.net/previews-ttv/live_user_ilbis0120-{width}x{height}.jpg
5535c9524eb046c38e172ebfa06b302f,live,🔴【米遊日】崩鐵「星期日」代抽預約！『米家遊戲+鳴潮』全健檢&滷肉幫到你家｜ UID安心儲值→ !LD !曼德洛 (10單送月卡) ▹ @ruroroisme ◃,2024-12-01T11:03:21Z,https://www.twitch.tv/ruroroisme,https://static-cdn.jtvnw.net/previews-ttv/live_user_ruroroisme-{width}x{height}.jpg
2694a505a0e0441bb99b49e8ce1f7473,live,【12/1】新的一個月啦！晚點要來抽抽HITBOX｜  @kannazukilubee ｜!抽獎 !yt !抖內 !會員 !7tv !指令 !手機殼 !投稿,2024-12-01T11:11:18Z,https://www.twitch.tv/kannazukilubee,https://static-cdn.jtvnw.net/previews-ttv/live_user_kannazukilubee-{width}x{height}.jpg
6bf231719d5e485fa0cdee99905858d4,live,【12/1】鼻涕妖怪,2024-12-01T11:30:46Z,https://www.twitch.tv/xiaoke0109,https://static-cdn.jtvnw.net/previews-ttv/live_user_xiaoke0109-{width}x{height}.jpg
6443d56896a848dd820e339b5f81e292,live,【雜談】✿昨日跟今日份的快樂分享，晚一點打LOL✿｜黟龍龍Yironron,2024-12-01T11:31:41Z,https://www.twitch.tv/yironron,https://static-cdn.jtvnw.net/previews-ttv/live_user_yironron-{width}x{height}.jpg
36beb36f581f44d393dcf0af2b194789,live,【沃夫曼】12/1 怎麼就十二月了,2024-12-01T11:32:21Z,https://www.twitch.tv/lswoofman,https://static-cdn.jtvnw.net/previews-ttv/live_user_lswoofman-{width}x{height}.jpg
3e41189706dd483db4e407c295b058ce,live,【絢音Ayane】OMORI #9 我以為已經要結束了餒(‘､3_ヽ)_【中文/日本語】⚠完全初見嚴禁暴雷ネタバレ厳禁⚠  @ayane1019,2024-12-01T11:35:08Z,https://www.twitch.tv/ayane1019,https://static-cdn.jtvnw.net/previews-ttv/live_user_ayane1019-{width}x{height}.jpg
a84b1b6deabc462b9cf994fd02304b5b,live,【一起肚子餓，開放大家參加】,2024-12-01T11:38:01Z,https://www.twitch.tv/uriah0616,https://static-cdn.jtvnw.net/previews-ttv/live_user_uriah0616-{width}x{height}.jpg
b6a105f12b904256ba356935ae46657f,live,✧茉茉𝕄𝕆𝕄𝕆✧今天沒聊天環節⋆ʚ⭑ɞ⋆!dc,2024-12-01T11:46:04Z,https://www.twitch.tv/shiroganemomo,https://static-cdn.jtvnw.net/previews-ttv/live_user_shiroganemomo-{width}x{height}.jpg
d804bcd787db4333bca9dccd268ed32a,live,【12/01】拓荒M6啊!!!(´◓Д◔`)要瘋!!｜!掉寶,2024-12-01T11:48:24Z,https://www.twitch.tv/menhou,https://static-cdn.jtvnw.net/previews-ttv/live_user_menhou-{width}x{height}.jpg
6a963053004f4deaa0dbdf875db41879,live,(歡迎加入)素材蒐集完了，來蓋城堡 /// 12/01 /// !DC !推特,2024-12-01T11:50:49Z,https://www.twitch.tv/yamakage_haaru,https://static-cdn.jtvnw.net/previews-ttv/live_user_yamakage_haaru-{width}x{height}.jpg
9a7b7c9c31da44aca5a68395a2e69488,live,新感覚！無声透明Vtuber放送中,2024-12-01T11:52:43Z,https://www.twitch.tv/trombeningen,https://static-cdn.jtvnw.net/previews-ttv/live_user_trombeningen-{width}x{height}.jpg
bd7947d2357941039893b911b18f3b4c,live,"12/01【Dark Hours】求生 (貪婪模式) ft. 芭奈醬, 戀芸吹雪, 白草莓小天才",2024-12-01T11:53:28Z,https://www.twitch.tv/minazukitouka,https://static-cdn.jtvnw.net/previews-ttv/live_user_minazukitouka-{width}x{height}.jpg
5f8e197a06bc453e8d9e0a1c6cb92f1c,live,【咕咕嚕諾姆】| 【FF14】It's Eden!!! Day.5 (召喚 被蛋雕 確認方法) 🥐20241201🥐 @gurugnome,2024-12-01T11:54:15Z,https://www.twitch.tv/gurugnome,https://static-cdn.jtvnw.net/previews-ttv/live_user_gurugnome-{width}x{height}.jpg
cda9668f324445a7bd507094ad6946b8,live,【Dark Hours】正式版 連動 @may12125 @minazukitouka @ooo222222  {戀芸吹雪4我Live}  12/01,2024-12-01T11:54:40Z,https://www.twitch.tv/rich80112,https://static-cdn.jtvnw.net/previews-ttv/live_user_rich80112-{width}x{height}.jpg
8e858eb26f3b4ca2beab2baccc887893,live,🌙【我是10點半就洗澡上床睡覺的好寶寶】 合作恐怖探索遊戲www~  @lanningyue,2024-12-01T11:57:33Z,https://www.twitch.tv/lanningyue,https://static-cdn.jtvnw.net/previews-ttv/live_user_lanningyue-{width}x{height}.jpg
caf08c74dd7b4919bca49eef394d5475,live,【崩鐵】來解一下活動跟配差分隊伍  ʕ⸝⸝⸝OⰙOʔ ｜感謝揪團！感謝追隨！感謝掛台～  !簽到 !DC !YT !IG !X !bsky ｜推推寶 @mayko0327 @sunya_owo,2024-12-01T11:59:07Z,https://www.twitch.tv/molilyqq,https://static-cdn.jtvnw.net/previews-ttv/live_user_molilyqq-{width}x{height}.jpg
db3a6f094c3146c2ab6f2f267337f132,live,【夏提】不知不覺就十二月了！ 來唱唱歌給大家聽！,2024-12-01T12:00:13Z,https://www.twitch.tv/siati1021,https://static-cdn.jtvnw.net/previews-ttv/live_user_siati1021-{width}x{height}.jpg
a6815e229f914db2a936ad70c285cea2,live,繼續手抽筋 |【小月月 | @small_moonmoon 】,2024-12-01T12:00:18Z,https://www.twitch.tv/small_moonmoon,https://static-cdn.jtvnw.net/previews-ttv/live_user_small_moonmoon-{width}x{height}.jpg
fec8644970684cffbbae8dd37a52d59c,live,【英雄聯盟】召喚之夜：與大福並肩作戰 │ League Of Legends !DC,2024-12-01T12:00:27Z,https://www.twitch.tv/oriyukioxo,https://static-cdn.jtvnw.net/previews-ttv/live_user_oriyukioxo-{width}x{height}.jpg
5dc565de88a948ecb092cce178aafe60,live,【希姆】沉迷塔科夫PVE 到處打王！？ || 1 DEC,2024-12-01T12:00:48Z,https://www.twitch.tv/himutwv,https://static-cdn.jtvnw.net/previews-ttv/live_user_himutwv-{width}x{height}.jpg
dc3e05e0c12b4e0a93dc230f30925ee0,live,【土司喵】海姆海姆海姆！@toast_meow,2024-12-01T12:01:32Z,https://www.twitch.tv/toast_meow,https://static-cdn.jtvnw.net/previews-ttv/live_user_toast_meow-{width}x{height}.jpg
a3bbe09809e141e5b0658a79ba63f977,live,【之沙Zssa】要開一輩子卡車喔 | 歐卡雜談台 | 歡迎來聊天或掛台聽音樂/拿忠誠點 | Ft. @littlerice | @zssa_alton | 本台支援7tv→ !7tv【12/1】,2024-12-01T12:01:32Z,https://www.twitch.tv/zssa_alton,https://static-cdn.jtvnw.net/previews-ttv/live_user_zssa_alton-{width}x{height}.jpg
d57b7459ef5949ef96672a96fb33d8a2,live,☾⋆1201⋆☽ │一番街觀眾場│EV聯賽友人場來LA! 來集點拿專屬桌布><!!│!dc !會員dc !集點結束,2024-12-01T12:01:39Z,https://www.twitch.tv/youlazylingyue,https://static-cdn.jtvnw.net/previews-ttv/live_user_youlazylingyue-{width}x{height}.jpg
c41044006a014ed28107f33221a7de98,live,繼續武俠,2024-12-01T12:01:44Z,https://www.twitch.tv/asa_ifrit,https://static-cdn.jtvnw.net/previews-ttv/live_user_asa_ifrit-{width}x{height}.jpg
8150f530d858418282811429cc32622b,live,打星之彩~轉服到PVE01-X0053啦!!! 《 Once Human 七日世界 》,2024-12-01T12:01:46Z,https://www.twitch.tv/mengcynia,https://static-cdn.jtvnw.net/previews-ttv/live_user_mengcynia-{width}x{height}.jpg
a83b6d485350402b90238deb371ae654,live,【夢娜】12月到現在一頓飯都沒吃過...真不知道以後要怎麼活下去 | Valheim | !花露水簽到 | 掛台請開5%音量【歡迎掛台幫主播拿個紫鈎鈎】,2024-12-01T12:02:07Z,https://www.twitch.tv/monna_nana,https://static-cdn.jtvnw.net/previews-ttv/live_user_monna_nana-{width}x{height}.jpg
86e86bf2d8e54e9083613e7398e1e7ac,live,絕伊甸DAY6,2024-12-01T12:02:50Z,https://www.twitch.tv/azutobi,https://static-cdn.jtvnw.net/previews-ttv/live_user_azutobi-{width}x{height}.jpg
28e6f7c12a3b45899e7508058f926af9,live,12/1 hohoho聖誕月 | @phivy | 點歌!sr !棉花糖 !dc【國/粵/ENG】,2024-12-01T12:04:52Z,https://www.twitch.tv/phivy,https://static-cdn.jtvnw.net/previews-ttv/live_user_phivy-{width}x{height}.jpg
89036aadc62d496aa73c0a0076d67f41,live,【加班台Day92】!!【紅葉谷いつき/紅葉谷幾月】,2024-12-01T12:07:08Z,https://www.twitch.tv/ooouuo,https://static-cdn.jtvnw.net/previews-ttv/live_user_ooouuo-{width}x{height}.jpg
7ead9e2cac544a7cb00444ef6b4698d1,live,【連動】全境封鎖,2024-12-01T12:07:18Z,https://www.twitch.tv/hibiki_meridianproject,https://static-cdn.jtvnw.net/previews-ttv/live_user_hibiki_meridianproject-{width}x{height}.jpg
7d0d99e77f624bdc934b17212a39a894,live,新手之路 @zeyue0417  || !周邊 !DC !綠界,2024-12-01T12:08:43Z,https://www.twitch.tv/rinusaki,https://static-cdn.jtvnw.net/previews-ttv/live_user_rinusaki-{width}x{height}.jpg
4e1dd2ab9e4b4c71bced0c5987cf9be7,live,[紅妻]露恰完稿，有空就接表情模板｜純聊天室Live,2024-12-01T12:09:19Z,https://www.twitch.tv/rsundae,https://static-cdn.jtvnw.net/previews-ttv/live_user_rsundae-{width}x{height}.jpg
be1a18aa8599409ba250e5345e62fed6,live,2024/12/1【玩遊戲】2024年只剩31天！追隨告急！ ٩(๑˃̵ᴗ˂̵๑)۶｜目標1500追！歡迎掛台追隨 @kisa0921,2024-12-01T12:11:20Z,https://www.twitch.tv/kisa0921,https://static-cdn.jtvnw.net/previews-ttv/live_user_kisa0921-{width}x{height}.jpg
6d144d78d2284fbcafa2428a5d132733,live,12/1【VALORANT】｜自主訓練，歡迎搭訕｜【柯姬Kogi 台灣Vtuber】｜ @kogivt,2024-12-01T12:17:38Z,https://www.twitch.tv/kogivt,https://static-cdn.jtvnw.net/previews-ttv/live_user_kogivt-{width}x{height}.jpg
6510332f58be4d86b0007c77a622c959,live,新瑪奇英雄傳 Vindictus│還有5天,2024-12-01T12:19:18Z,https://www.twitch.tv/narumitakii,https://static-cdn.jtvnw.net/previews-ttv/live_user_narumitakii-{width}x{height}.jpg
32b83b466c11418bb380623a95944302,live,成為一個會讀空氣的人【無界V】,2024-12-01T12:24:48Z,https://www.twitch.tv/mao_mukai,https://static-cdn.jtvnw.net/previews-ttv/live_user_mao_mukai-{width}x{height}.jpg
13992a4fb59649ada3a2adf027b5b35a,live,ღ Michelle ღ❤ Steinberg UR22C開玩啦，清楚系蜜雪只玩全年齡版，歡迎掛台收聽唷 ☪初見歡迎 ☪陪伴系☆ﾟ.*･｡ !魔儲,2024-12-01T12:26:27Z,https://www.twitch.tv/michelle_tw,https://static-cdn.jtvnw.net/previews-ttv/live_user_michelle_tw-{width}x{height}.jpg
12ece01ae7004e9195e79309f0cdae40,live,🍌 ▶大家都鼻塞過敏  ⎚ 鼻音猴🍌  ( ๑ •̀ ㅁ •́ ฅ ),2024-12-01T12:26:36Z,https://www.twitch.tv/monkeykii,https://static-cdn.jtvnw.net/previews-ttv/live_user_monkeykii-{width}x{height}.jpg
c489b78388904133a8b93cd4d0470aad,live,【VALORANT／逍遙盃】12/1 先自己練習，晚點有約團訓練！｜!魔儲 !YT｜努力拚紫勾｜,2024-12-01T12:27:34Z,https://www.twitch.tv/izumifuyutsuki,https://static-cdn.jtvnw.net/previews-ttv/live_user_izumifuyutsuki-{width}x{height}.jpg
06337167c1a14d82b6a7f7cc71eac813,live,認真修電腦模擬器vs硬體笨蛋！【✦PC Building Simulatorr✦】【轉生勞贖資金募集中！！！】 掛台♥/音樂輪播♥/初見♥/搭訕♥,2024-12-01T12:28:36Z,https://www.twitch.tv/shinoakira0725,https://static-cdn.jtvnw.net/previews-ttv/live_user_shinoakira0725-{width}x{height}.jpg
27c0252056e84aa28da6dcebb8e86e85,live,【Kemuri🥮染月  煙】一起來見證桐生酥酥的冒險٩(｡・ω・｡)و,2024-12-01T12:32:23Z,https://www.twitch.tv/kemuriyan,https://static-cdn.jtvnw.net/previews-ttv/live_user_kemuriyan-{width}x{height}.jpg
be4cf0f0dbca4973992d2cb553c1c2bc,live,【遊戲配信】【!DC !魔儲 !fish】【Vtuber ⨀ K牛奶糖人】嗨~仙女們交出你的拋額(๑•̀ㅁ•́ฅ)【紫勾努力中】  ft. @kmilksugarman_vtuber,2024-12-01T12:35:19Z,https://www.twitch.tv/kmilksugarman_vtuber,https://static-cdn.jtvnw.net/previews-ttv/live_user_kmilksugarman_vtuber-{width}x{height}.jpg
9ca368e73d514656ade48dc946f55956,live,【TSMATCH火柴】20241201｜回來ㄌ!!!｜!贊助 !dc !yt,2024-12-01T12:39:56Z,https://www.twitch.tv/tsmatch96,https://static-cdn.jtvnw.net/previews-ttv/live_user_tsmatch96-{width}x{height}.jpg
0e9aeecbe8f04a62ab781cf2e520eba0,live,12/01 12月第一開 累了就休  | 訂閱告急!!  @shen_0828 |每月300訂閱積分衝壓|嘎旋與魔儲合作啦| !加班 !周邊 !簽到,2024-12-01T12:41:22Z,https://www.twitch.tv/shen_0828,https://static-cdn.jtvnw.net/previews-ttv/live_user_shen_0828-{width}x{height}.jpg
3034b51ec8ad439fa7033773a72a5c4a,live,【阿弦】1201｜打個積分 ฅ^•ﻌ•^ฅ,2024-12-01T12:42:46Z,https://www.twitch.tv/luxian1215,https://static-cdn.jtvnw.net/previews-ttv/live_user_luxian1215-{width}x{height}.jpg
e17f42aa104040deae2ee3f3b1e85ed8,live,【肉肉薔蒔】12/01 12月ㄉ第一天  !滑鼠墊,2024-12-01T12:45:53Z,https://www.twitch.tv/aishakumo,https://static-cdn.jtvnw.net/previews-ttv/live_user_aishakumo-{width}x{height}.jpg
ee5418c900a7400fa44c821eaaca0218,live,20241201 很不幸的，下次古戰卡到農曆年,2024-12-01T12:47:19Z,https://www.twitch.tv/shounenwind,https://static-cdn.jtvnw.net/previews-ttv/live_user_shounenwind-{width}x{height}.jpg
5226367de740445789ec9b65a84d65c5,live,【原神】新地圖探索【柚晞Yuzuki】,2024-12-01T12:57:24Z,https://www.twitch.tv/yuuki0217,https://static-cdn.jtvnw.net/previews-ttv/live_user_yuuki0217-{width}x{height}.jpg
93bad1d4b0c54c8781e3775d13a62c38,live,【AI評評理】全新企劃！PTT？Dcard？人類到底都在想什麼？ | @feuera1225,2024-12-01T12:57:58Z,https://www.twitch.tv/feuera1225,https://static-cdn.jtvnw.net/previews-ttv/live_user_feuera1225-{width}x{height}.jpg
b6f8117355b24e9c8a8a4c813a72aec9,live,【薩爾達傳說:智慧的再現】鬼轉 體驗美女救英雄的感覺~公主初體驗! #初見歡迎,2024-12-01T12:58:20Z,https://www.twitch.tv/himekawa_rino,https://static-cdn.jtvnw.net/previews-ttv/live_user_himekawa_rino-{width}x{height}.jpg
17946118c2d641819c847aba0c491e13,live,我今天吃到地瓜條了 | !簽到  |✧@kyusho9999 |,2024-12-01T12:59:11Z,https://www.twitch.tv/kyusho9999,https://static-cdn.jtvnw.net/previews-ttv/live_user_kyusho9999-{width}x{height}.jpg
70af0f70b6284690a524eb87aaa1d296,live,唯唯兒 | 12/1  2024快要結束了!!!  | !DC !YT !周邊,2024-12-01T12:59:34Z,https://www.twitch.tv/kazehaya_yui,https://static-cdn.jtvnw.net/previews-ttv/live_user_kazehaya_yui-{width}x{height}.jpg
74beedbc5f694a2c94fe73545ba4037d,live,"【Devour】嗯。。。所以爲什麽我會在這裏呢？ ft: Hyakki Riku, Sakuya, Hezaki Minami [初見歡迎!]",2024-12-01T12:59:36Z,https://www.twitch.tv/yomi_arina,https://static-cdn.jtvnw.net/previews-ttv/live_user_yomi_arina-{width}x{height}.jpg
4c34c44a98974b709f7dbc7618847fd6,live,12/1 可以看DC公告 先ZZZ再養女兒再看逆水寒｜!魔儲   ( *・ω・)✄,2024-12-01T13:00:14Z,https://www.twitch.tv/5l5l3,https://static-cdn.jtvnw.net/previews-ttv/live_user_5l5l3-{width}x{height}.jpg
66c812bb04844241af1d1c7539b5e251,live,壓線處理活動，順便打一下混沌｜崩壞：星穹鐵道,2024-12-01T13:00:35Z,https://www.twitch.tv/remon031158,https://static-cdn.jtvnw.net/previews-ttv/live_user_remon031158-{width}x{height}.jpg
40f76b568f384790a1a089bb6619ddb2,live,［萊玩遊戲菈］我是粉紅吸吸麻糬! 繼續吸吸! | 星之卡比 探索發現 Kirby and the Forgotten Land | 今年的目標: 1000追! | 歡迎追隨! 聊天! 掛台! | 今日特別推推: @crestelast,2024-12-01T13:01:06Z,https://www.twitch.tv/wizardesslyra,https://static-cdn.jtvnw.net/previews-ttv/live_user_wizardesslyra-{width}x{height}.jpg
6559d42f66684b8f80b4cd4589addd85,live,明天雜談台 ～但現在想聊天～ ｜鴨鴨伊比｜!指令說明,2024-12-01T13:01:46Z,https://www.twitch.tv/ahiruibi,https://static-cdn.jtvnw.net/previews-ttv/live_user_ahiruibi-{width}x{height}.jpg
6c2b07e387644ff1898d8c536747dcb0,live,【直播】Lethal Company【DS 兔澤瑛芽 彌歌魚 |企鵝麵】,2024-12-01T13:02:14Z,https://www.twitch.tv/kiyominoodle8989,https://static-cdn.jtvnw.net/previews-ttv/live_user_kiyominoodle8989-{width}x{height}.jpg
aa182728aa6d44c4ae37caa7cdb8ed29,live,【原神】拜訪龍媽媽！既然恰斯卡是龍養大的，那恰斯卡會和龍打架嗎？,2024-12-01T13:02:49Z,https://www.twitch.tv/eikawa_tsubasa,https://static-cdn.jtvnw.net/previews-ttv/live_user_eikawa_tsubasa-{width}x{height}.jpg
df49a373151f4d21a118829e7ee471c0,live,瓦瓦瓦瓦瓦瓦   @muna_0326 @soufflehaveen @sevensunset,2024-12-01T13:03:25Z,https://www.twitch.tv/muna_0326,https://static-cdn.jtvnw.net/previews-ttv/live_user_muna_0326-{width}x{height}.jpg
dfa5fefa546a40d5a677ddfff02ff3e1,live,【OW2】跟朋朋OOOOO   @rubyvalentine_ @rivia1122 @mutuer,2024-12-01T13:03:45Z,https://www.twitch.tv/rubyvalentine_,https://static-cdn.jtvnw.net/previews-ttv/live_user_rubyvalentine_-{width}x{height}.jpg
0c05eca1975b40b3a0b54d3dfd61055d,live,12/01 勁尻12月💜【對馬戰鬼】｜ @zobolucifer  掛台請開1%音量UwU,2024-12-01T13:05:13Z,https://www.twitch.tv/zobolucifer,https://static-cdn.jtvnw.net/previews-ttv/live_user_zobolucifer-{width}x{height}.jpg
a60c8fc0a1324bf8b65053231ee22373,live,【Resident Evil 4】跟愛旭莉憶起 被困在教堂裡 超恐怖喔 @青椒Peaman,2024-12-01T13:05:55Z,https://www.twitch.tv/peamanbell,https://static-cdn.jtvnw.net/previews-ttv/live_user_peamanbell-{width}x{height}.jpg
b42416c629e64c948f75aff4ff5c9a8a,live,【🍁Artale】真的在刷刷石巨人的黑水晶ww｜紫勾勾努力中✔️｜想更認識渡渡 !指令,2024-12-01T13:06:22Z,https://www.twitch.tv/aesopdu,https://static-cdn.jtvnw.net/previews-ttv/live_user_aesopdu-{width}x{height}.jpg
f9d27b07ff84433b8397b0587f339e27,live,[WOWs]阿...要做甚麼來著...,2024-12-01T13:09:26Z,https://www.twitch.tv/singgggg0610,https://static-cdn.jtvnw.net/previews-ttv/live_user_singgggg0610-{width}x{height}.jpg
3750eae778e9453eaeee75956a8dabc6,live,｜✦ 繪圖雜談台 ✦｜ 標題好像很專業｜訂閱目標達成芒化抽一位｜,2024-12-01T13:10:07Z,https://www.twitch.tv/mangxiang782,https://static-cdn.jtvnw.net/previews-ttv/live_user_mangxiang782-{width}x{height}.jpg
46e494bf06c640da95ad1b0b81631d98,live,1201 Artale 繼續來練練打火機｜ !魔儲,2024-12-01T13:11:06Z,https://www.twitch.tv/ose0219,https://static-cdn.jtvnw.net/previews-ttv/live_user_ose0219-{width}x{height}.jpg
d7963784d96543e28a290361d38efe30,live,肉羹麵把湯倒掉之後 還是肉跟麵,2024-12-01T13:12:23Z,https://www.twitch.tv/jeanneovo,https://static-cdn.jtvnw.net/previews-ttv/live_user_jeanneovo-{width}x{height}.jpg
ed28c754bb704dbf8a296f7008c2b5e4,live,[01/12] (國/粵) 星期日晚陽一伴你傾💬🎙️ 做週表聊聊天 歡迎初見和降落 !原創曲 !新Cover !DC 陽一Youichi @youichi_vtu3e,2024-12-01T13:17:03Z,https://www.twitch.tv/youichi_vtu3e,https://static-cdn.jtvnw.net/previews-ttv/live_user_youichi_vtu3e-{width}x{height}.jpg
090be1be8d29429183e190e22fc4be22,live,先來親簽拍立得！後面再來魔物獵人一下下 究竟新手獵人可不可以打死冰呪龍呢？【Ness9s奈斯糖】,2024-12-01T13:17:41Z,https://www.twitch.tv/ness9s1222,https://static-cdn.jtvnw.net/previews-ttv/live_user_ness9s1222-{width}x{height}.jpg
a0ba9fee8a7747cab74e98ed61fb4a68,live,🔹結果今天還是來當店員了 / @kaede4moko4_ttv @monluosha @bookworm9487 @kisa_kisacat @yakumio @alicekifikar / !DC !委託 🔹12/01🔹,2024-12-01T13:17:42Z,https://www.twitch.tv/yuuuuuuuuuumi_,https://static-cdn.jtvnw.net/previews-ttv/live_user_yuuuuuuuuuumi_-{width}x{height}.jpg
2d9ef8be75c34daf9ce9d17ecbbe0f7a,live,九日｜ 是這遊戲太難還是我太廢QAQ #11,2024-12-01T13:19:46Z,https://www.twitch.tv/milktea___life,https://static-cdn.jtvnw.net/previews-ttv/live_user_milktea___life-{width}x{height}.jpg
e18c43e19e9b4fc8af0cdc24c33ae476,live,12/01 | 十二月第一天<3 !dc |掛台要留5%音量 | !掛超過四台不算!  某西西 @yuyue_0105,2024-12-01T13:20:12Z,https://www.twitch.tv/hedgehog259,https://static-cdn.jtvnw.net/previews-ttv/live_user_hedgehog259-{width}x{height}.jpg
44f1d1ad14034bd3949ad6f84624f0e4,live,ɞ§¹¹28 ⊰ɷ 冬眠過後趁槍熱 直接開瓦 ɷ⊱ | 💙2.0立繪解鎖中💙 | ɷ⊱掛台5% | !yt ⊱ !dc ⊱ !貼圖 ⊱ !魔儲 | @shiki_nzm,2024-12-01T13:29:00Z,https://www.twitch.tv/shiki_nzm,https://static-cdn.jtvnw.net/previews-ttv/live_user_shiki_nzm-{width}x{height}.jpg
339b1998ac594ab2b45bedc3038d6cf0,live,【嗚虎~我是積分最棒人之今天帶斧頭幫一起上金！~~~(੭•̀ω•́)੭✧⃛】,2024-12-01T13:29:03Z,https://www.twitch.tv/liya0914,https://static-cdn.jtvnw.net/previews-ttv/live_user_liya0914-{width}x{height}.jpg
3513b73ded994bc3a92a70c9632c9856,live,小小玩一下｜不要問笨問題｜打招呼統一說早安 (つ´ω`)つ,2024-12-01T13:29:08Z,https://www.twitch.tv/boxhead1005,https://static-cdn.jtvnw.net/previews-ttv/live_user_boxhead1005-{width}x{height}.jpg
a8e0ec03cb0a4e0292228e1a6ed35e6a,live,【異世界瘋食堂】支援輸贏 !太太 !DC,2024-12-01T13:29:29Z,https://www.twitch.tv/liweng0821,https://static-cdn.jtvnw.net/previews-ttv/live_user_liweng0821-{width}x{height}.jpg
68671ee09add4d87b8038acebc5b48a4,live,下禮拜再DLC | @norieee_v | 12/1,2024-12-01T13:29:36Z,https://www.twitch.tv/norieee_v,https://static-cdn.jtvnw.net/previews-ttv/live_user_norieee_v-{width}x{height}.jpg
77533b0fb2324e33bff67fbbf4daf13f,live,【厲鬼2.0 重製版】恐怖RPG 劇情向 ⇀ 觀眾做的遊戲 厲鬼索命原來是十年前鎮上的一個祕密...【Vtuber 諳石】,2024-12-01T13:31:21Z,https://www.twitch.tv/ansekich,https://static-cdn.jtvnw.net/previews-ttv/live_user_ansekich-{width}x{height}.jpg
4e4cbcbc0acf410ea5a50e4a6bbafd01,live,11/28 好冷ㄛ @mjfresh1203 @radfeesh,2024-12-01T13:31:43Z,https://www.twitch.tv/chun2_,https://static-cdn.jtvnw.net/previews-ttv/live_user_chun2_-{width}x{height}.jpg
1257fb7258eb49ad8cf58ed64b800056,live,🐾12/1🌻【歌雜｜終於考完了~~】🌻【中/日/Baby EN】 嗚安nya！儲值找魔儲！ 🐾 !點歌 周邊賣場開放中,2024-12-01T13:31:53Z,https://www.twitch.tv/nekoshimanola,https://static-cdn.jtvnw.net/previews-ttv/live_user_nekoshimanola-{width}x{height}.jpg
f072e780d0c84ca08c27020e1f2de365,live,今天很雜啦，來好好安排這幾天的行程ㄅ,2024-12-01T13:32:04Z,https://www.twitch.tv/mitsumu888,https://static-cdn.jtvnw.net/previews-ttv/live_user_mitsumu888-{width}x{height}.jpg
c4268d9874b14b3282613fa11102ce4b,live,[EN/中] New Season BABYYYYY!!! + Free life advice | !discord !tts !farm,2024-12-01T13:36:24Z,https://www.twitch.tv/klausvacuos,https://static-cdn.jtvnw.net/previews-ttv/live_user_klausvacuos-{width}x{height}.jpg
6d2945d11f504edb9962f742b54f6553,live,【遊戲配信】艾德大狼狼要怎樣才可以做飯飯給他吃呢？ @regi_unifurst,2024-12-01T13:37:23Z,https://www.twitch.tv/regi_unifurst,https://static-cdn.jtvnw.net/previews-ttv/live_user_regi_unifurst-{width}x{height}.jpg
5c5880d994854afbbea0a35716bce186,live,魔物獵人 刷錢刷素材摟~,2024-12-01T13:39:49Z,https://www.twitch.tv/shiina_yui,https://static-cdn.jtvnw.net/previews-ttv/live_user_shiina_yui-{width}x{height}.jpg
c92baa46ff4e41c9918ad2427c0853d6,live,☑️拚紫勾勾｜看台抽PS5｜ Day62 🐻 感謝掛台｜!簽到 !揪團 !抽獎,2024-12-01T13:43:34Z,https://www.twitch.tv/iamca6,https://static-cdn.jtvnw.net/previews-ttv/live_user_iamca6-{width}x{height}.jpg
1058d6e9f351455389e8a7a716ea26ff,live,【 JP￤CN 】【 原神￤ゼンゼロ 】沒有特別的計畫；,2024-12-01T13:48:37Z,https://www.twitch.tv/toujipaisen,https://static-cdn.jtvnw.net/previews-ttv/live_user_toujipaisen-{width}x{height}.jpg
5b62816b7dee4c13856f3c21629be3c4,live,【Mica】｜2024/12/1｜噢買尬,2024-12-01T13:49:34Z,https://www.twitch.tv/mica1130,https://static-cdn.jtvnw.net/previews-ttv/live_user_mica1130-{width}x{height}.jpg
25619abc5e0d4f79839e48d83234eaf8,live,【貓神牧場】今天想當一下農場主❄ @hope_demeter,2024-12-01T13:53:38Z,https://www.twitch.tv/hope_demeter,https://static-cdn.jtvnw.net/previews-ttv/live_user_hope_demeter-{width}x{height}.jpg
19c3bdcc95134ef38ad98df3f92f3ccb,live,【白羽電腦課】bramble: the mountain king荊棘：群山之王🕊️雖然我很香!!但是不要吃我!!⛅,2024-12-01T13:57:58Z,https://www.twitch.tv/vtuber8u,https://static-cdn.jtvnw.net/previews-ttv/live_user_vtuber8u-{width}x{height}.jpg
afa3e309e41044c5bffe17466607d481,live,雪雪๐•ᴗ•๐ 12/1 偷偷 @yukkkkiouo !自主訂閱支援 !魔儲 使用推薦碼註冊拿200元折價卷,2024-12-01T13:58:15Z,https://www.twitch.tv/yukkkkiouo,https://static-cdn.jtvnw.net/previews-ttv/live_user_yukkkkiouo-{width}x{height}.jpg
b7fa120fd2264ecca8f9f02ece2850a9,live,隨意聊天天 | 歡迎挂台 | 初見歡迎【悠人】,2024-12-01T13:59:25Z,https://www.twitch.tv/tokina_hiroto,https://static-cdn.jtvnw.net/previews-ttv/live_user_tokina_hiroto-{width}x{height}.jpg
607d6173383c4118a32171fbcfc98e60,live,"1201  (,,> <,,)♡    !dc !7Tv !sns !簽",2024-12-01T13:59:46Z,https://www.twitch.tv/musha0324,https://static-cdn.jtvnw.net/previews-ttv/live_user_musha0324-{width}x{height}.jpg
ef5da0bd8595474e8630994b11c3eb46,live,【荼荼突發】12/01 先工作看鴨鴨 等等練槍 @komori_tutuu,2024-12-01T13:59:48Z,https://www.twitch.tv/komori_tutuu,https://static-cdn.jtvnw.net/previews-ttv/live_user_komori_tutuu-{width}x{height}.jpg
2928a7d5624e4af8b1331eabae6bda17,live,12/01【工作雜談】今天來做週表&蓋亞記憶體ov+)/  今天開到01:30,2024-12-01T13:59:48Z,https://www.twitch.tv/setahbn,https://static-cdn.jtvnw.net/previews-ttv/live_user_setahbn-{width}x{height}.jpg
350b440f9436415c8499526d4c6f3dfd,live,雜談 ☾ 週表製作。晚點網癮犯了就去TFT | @zami0707 | !twitter !魔儲 #初見歡迎,2024-12-01T14:00:09Z,https://www.twitch.tv/zami0707,https://static-cdn.jtvnw.net/previews-ttv/live_user_zami0707-{width}x{height}.jpg
25b5885afcdc4430be0d822464ccff91,live,【暮政的ASMR初體驗】平平無奇的吃飯(句號) =u= #暮政 #Vtype,2024-12-01T14:03:19Z,https://www.twitch.tv/muzheng_804,https://static-cdn.jtvnw.net/previews-ttv/live_user_muzheng_804-{width}x{height}.jpg
cb52afa541704e6e8f1098a20679135c,live,►Vtuber Awen◄『Minecraft』一起來逛逛!!Greenfield!!,2024-12-01T14:06:27Z,https://www.twitch.tv/awenvt,https://static-cdn.jtvnw.net/previews-ttv/live_user_awenvt-{width}x{height}.jpg
09945e9139af4f3a96e6adfd73139d35,live,『MWAH !!』  12/01 被黑蜂醬約的話就只能赴約了對8  ｜ Ft. @｜掛台感謝(⁎⁍̴̛ᴗ⁍̴̛⁎)｜婆ㄉ台： @molilyqq,2024-12-01T14:06:47Z,https://www.twitch.tv/mayko0327,https://static-cdn.jtvnw.net/previews-ttv/live_user_mayko0327-{width}x{height}.jpg
2a2b7990365f4a1bb1d8acf1ae0f2f32,live,畫A-Z表~ 畫畫雜談,2024-12-01T14:09:13Z,https://www.twitch.tv/voidbornewarden,https://static-cdn.jtvnw.net/previews-ttv/live_user_voidbornewarden-{width}x{height}.jpg
59904dcbea754d238b0710e75262d119,live,12/1 新電腦測試sf6┇!贊助 !dc !認真一把 !社群┇,2024-12-01T14:12:33Z,https://www.twitch.tv/noobiceowo,https://static-cdn.jtvnw.net/previews-ttv/live_user_noobiceowo-{width}x{height}.jpg
02d67d58d59644be9cdf0b1179419637,live,1201 拉卡羊又衝動了，進來陪悠娜做周表聊聊天，來的及的話就射一下,2024-12-01T14:12:59Z,https://www.twitch.tv/moriameyuna,https://static-cdn.jtvnw.net/previews-ttv/live_user_moriameyuna-{width}x{height}.jpg
e9a9d88bf69e4c83842fe05b3ae1601b,live,《逆水寒》賞金鏢局 所有江湖偶遇都是宿命相逢｜!指令 !DC,2024-12-01T14:14:36Z,https://www.twitch.tv/homete416,https://static-cdn.jtvnw.net/previews-ttv/live_user_homete416-{width}x{height}.jpg
f44835c18dac441f910f4eb821ffd7ce,live,[Yukki] 12/1 12月了 下雨天想打槍槍 (有新short） 🔔!yt🔔 !頭香 !cover !周邊,2024-12-01T14:14:38Z,https://www.twitch.tv/yukkiwee,https://static-cdn.jtvnw.net/previews-ttv/live_user_yukkiwee-{width}x{height}.jpg
75eb49d99170441ab784d7bec7378d21,live,〖緹婭💤〗開玩!｜逆水寒I｜2024/12/01 !DC !YT,2024-12-01T14:16:33Z,https://www.twitch.tv/tiavannessa,https://static-cdn.jtvnw.net/previews-ttv/live_user_tiavannessa-{width}x{height}.jpg
9959d43cae9b49dbbcd666f742322b4a,live,"1201 玩個Ast等等再換A(??? ,,ԾㅂԾ,,",2024-12-01T14:17:14Z,https://www.twitch.tv/bear_ghost_haha,https://static-cdn.jtvnw.net/previews-ttv/live_user_bear_ghost_haha-{width}x{height}.jpg
a188f157d0384e0db5ae73605240d68b,live,工作陪伴台 誰陪誰啊 不確定 12/01 !DC !YT !斗內,2024-12-01T14:17:26Z,https://www.twitch.tv/koharuhana526,https://static-cdn.jtvnw.net/previews-ttv/live_user_koharuhana526-{width}x{height}.jpg
d9e5219a4cd84ac59bc35faa94729f01,live,ʚ 希比 ɞ 偷襲 睡前打個麻將丨 @hebemegami !cover,2024-12-01T14:18:06Z,https://www.twitch.tv/hebemegami,https://static-cdn.jtvnw.net/previews-ttv/live_user_hebemegami-{width}x{height}.jpg
4c42b9f574e7438d8aea8b099e451505,live,奈米手弦月的傷眼繪圖實況-畫圖畫畫圖~,2024-12-01T14:19:37Z,https://www.twitch.tv/moon520,https://static-cdn.jtvnw.net/previews-ttv/live_user_moon520-{width}x{height}.jpg
bff3b878d9864ff893bd79d1f2a7a849,live,【初蹄試玩】 都給我下地獄 －地獄判官!?冥界打工仔【希里| vtuber】,2024-12-01T14:22:08Z,https://www.twitch.tv/xiri0117,https://static-cdn.jtvnw.net/previews-ttv/live_user_xiri0117-{width}x{height}.jpg
4cc07f3cbfed434090bba391bc15fd6d,live,開服報到 11月桌布開放兌換啦！加班台day72【12/1】 !委託 !米彼 !一周年周邊 !加班 \ @amibeeq /,2024-12-01T14:22:46Z,https://www.twitch.tv/amibeeq,https://static-cdn.jtvnw.net/previews-ttv/live_user_amibeeq-{width}x{height}.jpg
9b424d3a99ef4fc3b17bc7fef92fefd3,live,【中文】剛剛做完打打A輕鬆~你們在做什麽呢？,2024-12-01T14:25:13Z,https://www.twitch.tv/laomi_my,https://static-cdn.jtvnw.net/previews-ttv/live_user_laomi_my-{width}x{height}.jpg