VTuber ID,Video Type,Title,Publish Time,URL,Thumbnail URL
eff26caff6bd4720957cefaf8f6fc87a,live,2/5 ✦ 芙芙 ✦ ┃ 遊戲! ┃哪有人這時候開台!!好奇怪!!!┃ @sifnee ┃990追感謝 ┃ !魔儲,2026-02-04T20:31:04Z,https://www.twitch.tv/sifnee,https://static-cdn.jtvnw.net/previews-ttv/live_user_sifnee-{width}x{height}.jpg
c5fe413a473d4638b53fb3f9019aabbe,live,▌帕蘿妮 0-0,2026-02-05T07:22:17Z,https://www.twitch.tv/paroniie,https://static-cdn.jtvnw.net/previews-ttv/live_user_paroniie-{width}x{height}.jpg
44f1d1ad14034bd3949ad6f84624f0e4,live,ʚ嘻希呦ɞ ɶ 起床拉 ↬歡迎溺屎🫧 !歌單,2026-02-05T12:18:55Z,https://www.twitch.tv/shiki_nzm,https://static-cdn.jtvnw.net/previews-ttv/live_user_shiki_nzm-{width}x{height}.jpg
ede21f904daf4a9b978efe15b0d9a31f,live,2/5 噴錢搂  | !簽到!YT!補簽 @asin_owo 老婆 @anzaiouo],2026-02-05T13:43:09Z,https://www.twitch.tv/asin_owo,https://static-cdn.jtvnw.net/previews-ttv/live_user_asin_owo-{width}x{height}.jpg
8723ccecdfd84d92b1de24f9d6a86bcc,live,2/5 (눈‸눈) @bofu0520,2026-02-05T14:00:05Z,https://www.twitch.tv/bofu0520,https://static-cdn.jtvnw.net/previews-ttv/live_user_bofu0520-{width}x{height}.jpg
949f184abcc84a82b8e9f333b41a2109,live,2/5 工作一下鬼轉 五六日不開 FF46(2/8)在M31 !一番賞 !賣貨便 !衣服 !kusdom  ✧*｡٩(ˊᗜˋ*)و✧*｡,2026-02-05T15:04:56Z,https://www.twitch.tv/lupulu0524,https://static-cdn.jtvnw.net/previews-ttv/live_user_lupulu0524-{width}x{height}.jpg
ec12bbfb27d24091aa6a7d64ff9429ea,live,卯ㄨ畫委託 FF46 G17.G18 (六.日),2026-02-05T15:54:22Z,https://www.twitch.tv/rongchuhan,https://static-cdn.jtvnw.net/previews-ttv/live_user_rongchuhan-{width}x{height}.jpg
d09b9f800b7940deb1f8a2b58a302f07,live,🐨gg,2026-02-05T17:06:47Z,https://www.twitch.tv/kimmyje,https://static-cdn.jtvnw.net/previews-ttv/live_user_kimmyje-{width}x{height}.jpg
e17f42aa104040deae2ee3f3b1e85ed8,live,【肉肉薔蒔】2/06  絕航練習 謝謝raib     喵!  !6人電競  !yt  !滑鼠墊 !簽到,2026-02-05T17:07:28Z,https://www.twitch.tv/aishakumo,https://static-cdn.jtvnw.net/previews-ttv/live_user_aishakumo-{width}x{height}.jpg
aef2ed42d49343f28394b6335695b5ac,live,2/6 抽愛彌斯《鳴潮，Ready or Not，鳴潮》求掛台QAQ找玩伴~ @yuncream 指令:!SR、!songlist、!DC、!斗內,2026-02-05T18:00:40Z,https://www.twitch.tv/yuncream,https://static-cdn.jtvnw.net/previews-ttv/live_user_yuncream-{width}x{height}.jpg
887b37336c9c4730809ace8b5e38df17,live,２/６更新⭐歡迎+百頁꒰( ˶´ᵕ`˶ )꒱｜🍹跟露一起喝西瓜氣泡‿打指令 !西瓜,2026-02-05T22:15:46Z,https://www.twitch.tv/isyourlulu,https://static-cdn.jtvnw.net/previews-ttv/live_user_isyourlulu-{width}x{height}.jpg
e4488c7dece84f7580bc0ab130222e08,live,【夜鵺Yaya】🦉早安,2026-02-05T22:56:07Z,https://www.twitch.tv/hyakuya0719,https://static-cdn.jtvnw.net/previews-ttv/live_user_hyakuya0719-{width}x{height}.jpg
6c7336d4605540c6871de5f96874129c,live,꣑୧◟早安觀眾場┇ 拉霸拉無線滑鼠跟千元點數卡 ┇掛台是好咪魚  @mibao1013,2026-02-05T23:37:39Z,https://www.twitch.tv/mibao1013,https://static-cdn.jtvnw.net/previews-ttv/live_user_mibao1013-{width}x{height}.jpg
9b6ebeb957fe4fed84a5472b6b3bd13c,live,【2/6】今天認份當條魚被炸得酥酥脆脆～(順便打打通行證 | FT :  @murasakikusei_0419 |  推薦、揪團 :,2026-02-05T23:38:53Z,https://www.twitch.tv/snow1544,https://static-cdn.jtvnw.net/previews-ttv/live_user_snow1544-{width}x{height}.jpg
e210fb08b0744535a907823fa9f062cc,live,【暗區突圍】早上就是要做任務阿  (JP/中) !貓砂 !暗區  #初見歡迎 #歡迎掛台,2026-02-05T23:50:13Z,https://www.twitch.tv/felis0423,https://static-cdn.jtvnw.net/previews-ttv/live_user_felis0423-{width}x{height}.jpg
6826120624a244d4ab9522b5845db071,live,| 唱聊 | 哇咧  要不要投點棉花糖 |  !轉盤 !抽圍巾 !嗨逼訂閱 !罵人轉盤 !情人節活動 | 想要紫勾勾☑️ !布丁,2026-02-05T23:57:27Z,https://www.twitch.tv/qingnong613,https://static-cdn.jtvnw.net/previews-ttv/live_user_qingnong613-{width}x{height}.jpg
936b7b3d4250469d94b53ebc7e4936f6,live,黑夜君臨 深夜5 測學者 下午1點仁王3,2026-02-05T23:59:45Z,https://www.twitch.tv/kis0467,https://static-cdn.jtvnw.net/previews-ttv/live_user_kis0467-{width}x{height}.jpg
bf03fd8b5b55481590ea63338c5cdd20,live,FF46週五 攤位F26 !週邊 !DC / 訂閱送10分鐘加班 / 揪團每10人2分鐘 / @komorikuma_vtuber,2026-02-06T00:00:03Z,https://www.twitch.tv/komorikuma_vtuber,https://static-cdn.jtvnw.net/previews-ttv/live_user_komorikuma_vtuber-{width}x{height}.jpg
33ce96c886d341879ce66c4f7892c421,live,-w-  早上好傳奇!  !SR !賭 !簽到,2026-02-06T00:10:47Z,https://www.twitch.tv/neneko0324,https://static-cdn.jtvnw.net/previews-ttv/live_user_neneko0324-{width}x{height}.jpg
62ca936be6c645a7bf2222b67086800a,live,開扁@twlonelyash,2026-02-06T00:28:21Z,https://www.twitch.tv/twlonelyash,https://static-cdn.jtvnw.net/previews-ttv/live_user_twlonelyash-{width}x{height}.jpg
3bc36efc33ba4410be1d509a39074ceb,live,【煦Hiyori】早安突發！來陪你們排隊了！,2026-02-06T00:30:06Z,https://www.twitch.tv/hiyori_teraz,https://static-cdn.jtvnw.net/previews-ttv/live_user_hiyori_teraz-{width}x{height}.jpg
a9f28d3e3d2a4ecb93ff10955be791d1,live,【宵Yoruno】早安 !asmr !dc !手機殼 !澡堂指令 !隊友,2026-02-06T00:36:08Z,https://www.twitch.tv/yoruno_moonlit,https://static-cdn.jtvnw.net/previews-ttv/live_user_yoruno_moonlit-{width}x{height}.jpg
4071b27c63424e1f9882ebe04a884586,live,【02/06】 ߹ ~ ߹  !晚餐,2026-02-06T00:36:15Z,https://www.twitch.tv/snowwolf0627,https://static-cdn.jtvnw.net/previews-ttv/live_user_snowwolf0627-{width}x{height}.jpg