VTuber ID,Video Type,Title,Publish Time,URL,Thumbnail URL
887b37336c9c4730809ace8b5e38df17,live,日本在下雨...☔歡迎+好友 ฅ ̳͒•ˑ̫• ̳͒ฅ♡｜🎀訂閱‿成為蝶寶 ⁺˳✿ ₊ !魔法工坊,2026-09-28T15:20:16Z,https://www.twitch.tv/isyourlulu,https://static-cdn.jtvnw.net/previews-ttv/live_user_isyourlulu-{width}x{height}.jpg
3a13b2827ef048859006a3acb74c175a,live,9/28 二開 ft.【!指令 !觀眾場 !簽 !偷金幣 !抖內】,2026-09-28T15:35:33Z,https://www.twitch.tv/yanran_feretto,https://static-cdn.jtvnw.net/previews-ttv/live_user_yanran_feretto-{width}x{height}.jpg
17946118c2d641819c847aba0c491e13,live,九笙 ❖ 09.29°˖✧  訂閱打折最後幾天！| !點播 | 自主訂閱幫幫忙~,2026-09-28T16:00:44Z,https://www.twitch.tv/kyusho9999,https://static-cdn.jtvnw.net/previews-ttv/live_user_kyusho9999-{width}x{height}.jpg
fd5a1e004f224586aa65f9c5b374cc4a,live,【芙森家】o928 ꔫ ｜YT1000訂努力中｜無聲 我很難過 不想說話 專心工作 留下來陪陪我好嗎 ܤ | ✐ᝰ @crush_freya_ ♡｜!YT !斗內,2026-09-28T17:30:00Z,https://www.twitch.tv/crush_freya_,https://static-cdn.jtvnw.net/previews-ttv/live_user_crush_freya_-{width}x{height}.jpg
729621ce509b4641ad8cde76dec037d0,live,【09/29】 加班台D16||影音抖內開放中!!!||希妮·亞里絲🤍SinnieAris✨ !yt !手機殼 !加班台規則 !希希努娃 !實體回饋,2026-09-28T18:37:01Z,https://www.twitch.tv/sinniearis,https://static-cdn.jtvnw.net/previews-ttv/live_user_sinniearis-{width}x{height}.jpg
58d43efc5b4046148d02de0e65ef9120,live,【空之軌跡the2nd】第五章！必須守護的事物！【youtube雙開】,2026-09-29T00:25:06Z,https://www.twitch.tv/fly20232,https://static-cdn.jtvnw.net/previews-ttv/live_user_fly20232-{width}x{height}.jpg
ed426712876641848613137bef236d26,live,【冬雲凜】早安凜好 今天是遊戲日| @samui_0521 | 9/29,2026-09-29T01:02:24Z,https://www.twitch.tv/samui_0521,https://static-cdn.jtvnw.net/previews-ttv/live_user_samui_0521-{width}x{height}.jpg
c5fe413a473d4638b53fb3f9019aabbe,live,0-0 試試,2026-09-29T01:06:28Z,https://www.twitch.tv/paroniie,https://static-cdn.jtvnw.net/previews-ttv/live_user_paroniie-{width}x{height}.jpg
aaa45dc386714427ba862f691d4471ac,live,09.29｜早安！當你虛擬同事一起工作聊聊天｜!周邊 !指令 | @poolloop0808,2026-09-29T01:10:43Z,https://www.twitch.tv/poolloop0808,https://static-cdn.jtvnw.net/previews-ttv/live_user_poolloop0808-{width}x{height}.jpg
56dc4f6ade114f04b6ed4022cfdddf55,live,【無聊台】9/29 當家豪要沒錢ㄌ，這是量販皮，有創DC跟脆也可以去看看歐,2026-09-29T01:26:02Z,https://www.twitch.tv/rice_7109,https://static-cdn.jtvnw.net/previews-ttv/live_user_rice_7109-{width}x{height}.jpg
62ca936be6c645a7bf2222b67086800a,live,塔塔鼠鼠!!@twlonelyash,2026-09-29T01:40:19Z,https://www.twitch.tv/twlonelyash,https://static-cdn.jtvnw.net/previews-ttv/live_user_twlonelyash-{width}x{height}.jpg
ce4d344e37cd403cbb5325010144d393,live,【9/29】我要上黃金QWQ 紫勾勾and加班台Dayˇ29 ˇ加班轉盤，揪團轉盤   !加班台 !周邊 !抽獎 !愛寒寒   |遊戲|  @samui_gamer,2026-09-29T02:01:53Z,https://www.twitch.tv/samui_gamer,https://static-cdn.jtvnw.net/previews-ttv/live_user_samui_gamer-{width}x{height}.jpg
ed4666af39034d54913aba64cfea6f47,live,【Diablo4】有更新有更新有更新!【蒼神子貓/VTuber】長期開台 歡迎掛台 #初見歡迎 #降落歡迎,2026-09-29T02:11:01Z,https://www.twitch.tv/aoikamikoneko,https://static-cdn.jtvnw.net/previews-ttv/live_user_aoikamikoneko-{width}x{height}.jpg
13a4e83f2bbc4d18bb27520a4dceef72,live,⧉˖· 09/29 - 一覺醒來 全世界的特戰英豪玩家水平下降一百萬倍 只有我還保留銅牌水平 | FF47場後通販上架啦 ෆ | !通販 !now !貼圖 !DC  @samoago,2026-09-29T02:20:54Z,https://www.twitch.tv/samoago,https://static-cdn.jtvnw.net/previews-ttv/live_user_samoago-{width}x{height}.jpg
5e931b583dfe4fdc98d10e4dceaf2c93,live,《✅拚紫勾轉盤》早安好睏 第二階段(3/6)幫掛台大感謝!!!/番茄鐘啟動 !SR點歌 !晚餐 !委託 !找茶,2026-09-29T02:34:45Z,https://www.twitch.tv/anchya1122,https://static-cdn.jtvnw.net/previews-ttv/live_user_anchya1122-{width}x{height}.jpg
6d36ce9cdedb4806ad5c00a3496b9e4f,live,「米歪20260929 今天來走一點以前的人設 」ଳ⊹༝,2026-09-29T02:57:14Z,https://www.twitch.tv/m1wai,https://static-cdn.jtvnw.net/previews-ttv/live_user_m1wai-{width}x{height}.jpg
683c47ffba3246cb8574a6f2667208d1,live,【♠09.29】嚇得我的多力多滋撒了一地▼▲►▼▲►▼▼▲▼▲►▼▲►▼▲►▼▲►▼▲►▼▼▲►▼►▼▲►▼▼▲►▼▲►▼▲►▼▼►▼▲►▼▲►▼▼▲▼▲►▼▲►▼►▼▲►▼▲►▼▲▲►▼▲►▼►▼▲▼▲►▼▲▲►▼►▼ 我還需要尿布｜⎝( ◠‿◠)⎠,2026-09-29T02:59:16Z,https://www.twitch.tv/aelis_chamamatti,https://static-cdn.jtvnw.net/previews-ttv/live_user_aelis_chamamatti-{width}x{height}.jpg
f466201465ac40ef9f3aefc9b08a39d1,live,多人跳王 & @miaflamel 、 @jiulu1111 👾 @nove_exe,2026-09-29T03:00:01Z,https://www.twitch.tv/nove_exe,https://static-cdn.jtvnw.net/previews-ttv/live_user_nove_exe-{width}x{height}.jpg
788611c913b04d999011628637657bee,live,逼瘋日 🎮 不是到底為什麼要玩JUMP KING = = 根本是自尊心大奮鬥  Ft.諾芙、玖璐  △ 米婭,2026-09-29T03:00:24Z,https://www.twitch.tv/miaflamel,https://static-cdn.jtvnw.net/previews-ttv/live_user_miaflamel-{width}x{height}.jpg
7e8fe40622974698a75d14d78006e009,live,09/29| 嘟嘟嘟 ❤ 歡迎自主訂閲 𖤐 加强版等級2 ❣ !綠界 @ninawinnnina,2026-09-29T03:01:16Z,https://www.twitch.tv/ninawinnnina,https://static-cdn.jtvnw.net/previews-ttv/live_user_ninawinnnina-{width}x{height}.jpg
44ae1f339250472c82d1fc4ffb3610ad,live,【09/29加班DAY237】悠閒吃個早午餐，下午我要把惡靈7解決掉 ❅ !指令 !簽到 !賭雪球,2026-09-29T03:09:43Z,https://www.twitch.tv/sharronsu_ch,https://static-cdn.jtvnw.net/previews-ttv/live_user_sharronsu_ch-{width}x{height}.jpg
3a932cc8813343b6bb5d822cb2f53558,live,【 娜歐蜜 】9/29 - 吃肉肉變肉肉｜烤肉節快樂｜!2.0 !dc,2026-09-29T03:14:48Z,https://www.twitch.tv/naomi_vtuber,https://static-cdn.jtvnw.net/previews-ttv/live_user_naomi_vtuber-{width}x{height}.jpg
c099b7e8d46c418d8e17097d496f3b83,live,【踢踢】9.29 |   連假後ㄉ第一天  ദ്ദി₍ᐢ .ᆺ.ᐢ₎🥕  運動後我死掉ㄌ  |  !幸運兔團 ✦耶比✦,2026-09-29T03:22:22Z,https://www.twitch.tv/ttspoon,https://static-cdn.jtvnw.net/previews-ttv/live_user_ttspoon-{width}x{height}.jpg
1a95bb88e451498ca3491b69af964588,live,9/29 到底要怎樣才能不盤腿坐  | !簽到 !小g電競 !gosh !gearup !台規  | @hsuanhsuandesu ⌯ᐢᗜᐢ⌯ಣ,2026-09-29T03:23:22Z,https://www.twitch.tv/hsuanhsuandesu,https://static-cdn.jtvnw.net/previews-ttv/live_user_hsuanhsuandesu-{width}x{height}.jpg
644e669aa31443fe9a61a14e75ebd21e,live,【Local樓可】月表日+流年運勢公告會│ @lccoi_ │09/29,2026-09-29T03:33:11Z,https://www.twitch.tv/lccoi_,https://static-cdn.jtvnw.net/previews-ttv/live_user_lccoi_-{width}x{height}.jpg
a666cf6707d14cdbbe6581a8964aabd0,live,畫委託聊天有阿白 @byton1213 2026/09/29,2026-09-29T03:39:30Z,https://www.twitch.tv/yuyuyuyuyuichan,https://static-cdn.jtvnw.net/previews-ttv/live_user_yuyuyuyuyuichan-{width}x{height}.jpg
ba795eb1ea0f4fea888b1bfff3d5be86,live,【0929】天氣開始冷了痛苦｜ !小蠢蠢,2026-09-29T03:45:46Z,https://www.twitch.tv/safety__no1,https://static-cdn.jtvnw.net/previews-ttv/live_user_safety__no1-{width}x{height}.jpg
7d3b310a867942cab270e48f7a397e0d,live,【森嵜光】[09/29]〔魔獸世界 永恆〕玩看看新種族小D @morisakihikari00 #初見歡迎 #台V #森放送 #男v #初見歡迎 #鳴潮代打/角色代抽/,2026-09-29T04:02:44Z,https://www.twitch.tv/morisakihikari00,https://static-cdn.jtvnw.net/previews-ttv/live_user_morisakihikari00-{width}x{height}.jpg
fa59e2edc64c432ebaeeb66b2a53ab2d,live,୨ৎ 09/29⊹✾麥快地下城你幹嘛!我要陪我媽!!✾等級2加強版!努力中~❁ @datura_cherish ❁!集資進度 ₍^.  ̫ .^₎ ୭,2026-09-29T04:04:02Z,https://www.twitch.tv/datura_cherish,https://static-cdn.jtvnw.net/previews-ttv/live_user_datura_cherish-{width}x{height}.jpg
7a160bd129144664804dd3fc08fceeb1,live,[兔森] 狗狗? | @usamori |,2026-09-29T04:05:28Z,https://www.twitch.tv/usamori,https://static-cdn.jtvnw.net/previews-ttv/live_user_usamori-{width}x{height}.jpg
4eb87102a0f44516a6ed011faeeff00d,live,【9/29】回歸接單 三角洲2周年快樂 | 雙頻台 | !阿呆電競 !wirforce 感謝揪團 :,2026-09-29T04:19:02Z,https://www.twitch.tv/tsukiyo_v,https://static-cdn.jtvnw.net/previews-ttv/live_user_tsukiyo_v-{width}x{height}.jpg
14b644d58ff14ef1b491ef3d451e9e06,live,𓇢 𓆸  ✧° 0929 我說我睡很飽 真得   ও˖ ࣪⊹  | @ruri525 ღ | @chichi6400,2026-09-29T04:48:33Z,https://www.twitch.tv/ruri525,https://static-cdn.jtvnw.net/previews-ttv/live_user_ruri525-{width}x{height}.jpg
83ec4919298a4ad5984e3da31109a4c8,live,🐈貓糰🔸𝟢𝟫𝟤𝟫 ⸝ 三條路-1｜!訂閱 !IG !ExitLag @umidan1207,2026-09-29T04:52:54Z,https://www.twitch.tv/umidan1207,https://static-cdn.jtvnw.net/previews-ttv/live_user_umidan1207-{width}x{height}.jpg
13c69e2cf2ff4dc1907bbae9a87a8c0f,live,𝟫𝟤𝟫 ◜𝜗𝜚 下午1瓦 神話神話神話,2026-09-29T05:04:04Z,https://www.twitch.tv/yanyantuuwu,https://static-cdn.jtvnw.net/previews-ttv/live_user_yanyantuuwu-{width}x{height}.jpg
edfed5b0978a4fb98f94319bfc639d98,live,【工作台】ฅ^•ﻌ•^ฅ｜指令：!sr !好想佐菈｜綠界開菈｜ @zora0309vt ｜,2026-09-29T05:04:42Z,https://www.twitch.tv/zora0309vt,https://static-cdn.jtvnw.net/previews-ttv/live_user_zora0309vt-{width}x{height}.jpg
3074c76068684cda8678977864cd530c,live,【 09 / 29 】健身拳擊打打1小時   / @liliv083 / !委託 / !累計福利 / !簽到,2026-09-29T05:09:08Z,https://www.twitch.tv/liliv0831,https://static-cdn.jtvnw.net/previews-ttv/live_user_liliv0831-{width}x{height}.jpg
7cbd1f537c3d4e67b38b9f9e31cb93d6,live,⿻⁎· 0929◞ 感謝睿睿贊助的新螢幕 感覺世界都明亮起來了 ⦙⦙⦙自主訂閱告急⦙⦙⦙  !釣魚!周邊!DC!斗內!YT!指令 ⦙⦙⦙,2026-09-29T05:10:03Z,https://www.twitch.tv/nank404,https://static-cdn.jtvnw.net/previews-ttv/live_user_nank404-{width}x{height}.jpg
f227226fd52e4fbe801b4c89acfe4887,live,【突發】不知道幹嘛，只好隨便唱唱【緒莉亞】,2026-09-29T05:17:37Z,https://www.twitch.tv/shiliyahamster,https://static-cdn.jtvnw.net/previews-ttv/live_user_shiliyahamster-{width}x{height}.jpg
d1d879cfccf7411296dcc765ca40e39c,live,【緣伊】0929 嗚嗚嗚好久不見 || !周邊 !簽到 !委託 || @linyuan0122,2026-09-29T05:24:52Z,https://www.twitch.tv/linyuan0122,https://static-cdn.jtvnw.net/previews-ttv/live_user_linyuan0122-{width}x{height}.jpg
97b10f7c6f434fa1a80f76e6740a9c6b,live,⊹ 離緋緋 ᯽ 花間絮語 ⊹▸工 作 中 𐔌՞. .՞𐦯  小暈小開晚上要出門跟美女約會  ◂︙  @mitsuki3i,2026-09-29T05:27:11Z,https://www.twitch.tv/mitsuki3i,https://static-cdn.jtvnw.net/previews-ttv/live_user_mitsuki3i-{width}x{height}.jpg
4071b27c63424e1f9882ebe04a884586,live,୨୧ 白金RK ୨୧ !斗影片,2026-09-29T05:35:40Z,https://www.twitch.tv/snowwolf0627,https://static-cdn.jtvnw.net/previews-ttv/live_user_snowwolf0627-{width}x{height}.jpg
e4bea3dcc8934426a57516d4d6b373f4,live,唱歌 ✨ 喔喔~哎呀哎呀哎呀哎唷喂呀  | 贈訂滿20份抽蛋糕 🍰 層三餅乾&抽獎 !sub !dc 🛒 !shop !抖內,2026-09-29T05:35:42Z,https://www.twitch.tv/neoneon_n,https://static-cdn.jtvnw.net/previews-ttv/live_user_neoneon_n-{width}x{height}.jpg
c163cb7f683c453fa8a994ebbb09ede8,live,💙🌟【宇佐美Mizuki】ʚ★ɞ ✧2026✦0929✦ 要死了幹嘛把自己逼成這樣啊 要畫不玩了要死ㄌ 超累ㄉ 還一直瘋狂做惡夢,2026-09-29T05:40:12Z,https://www.twitch.tv/usamimizuki_1107,https://static-cdn.jtvnw.net/previews-ttv/live_user_usamimizuki_1107-{width}x{height}.jpg
2f966e51210f49ba9dce2ac90e3ada18,live,ʚ @rurii0303 ɞ 0929 非常好作息 (⑉･̆༥･̆⑉)｜長期忠誠點數兌換 頭像驚喜包 10月改為Q版全身,2026-09-29T05:54:11Z,https://www.twitch.tv/rurii0303,https://static-cdn.jtvnw.net/previews-ttv/live_user_rurii0303-{width}x{height}.jpg
0448e6929687421c9e0435832765b9fe,live,9/29【紫勾勾努力中...！】快樂的瓦瓦日！究竟今天能不能上白金呢！｜ @ryoueg ｜ft.萊伊、西亞、小珂、小青爭,2026-09-29T05:55:44Z,https://www.twitch.tv/ryoueg,https://static-cdn.jtvnw.net/previews-ttv/live_user_ryoueg-{width}x{height}.jpg
6eefc3826f4f49a0b28a5288c5e0d83e,live,【歌回】久違一唱 | !簽到,2026-09-29T05:57:10Z,https://www.twitch.tv/seenah0707,https://static-cdn.jtvnw.net/previews-ttv/live_user_seenah0707-{width}x{height}.jpg
899208f999aa4121ae2b67abb3190674,live,畫 9/30(三)開鏡 頭貼活動到10/1 !揪團!簽到!恨蝶蝶,2026-09-29T06:00:20Z,https://www.twitch.tv/sebiarash,https://static-cdn.jtvnw.net/previews-ttv/live_user_sebiarash-{width}x{height}.jpg
670990d65f7b459ba2a3728c39d4cb9a,live,【LOL⚔️】和小米先來單中練練,2026-09-29T06:00:51Z,https://www.twitch.tv/ichii_aetris,https://static-cdn.jtvnw.net/previews-ttv/live_user_ichii_aetris-{width}x{height}.jpg
7805f5aaa7be47878ebcf88c6ff4669a,live,【 璃Miri 】阿莓教我打LOL！！！ft. 阿莓,2026-09-29T06:01:47Z,https://www.twitch.tv/miri_aetris,https://static-cdn.jtvnw.net/previews-ttv/live_user_miri_aetris-{width}x{height}.jpg
d9e5219a4cd84ac59bc35faa94729f01,live,ʚ 希比 ɞ 放假來點香香的 好康的🌸𓍯𓂃𓏧♡🐾丨 @hebemegami !歌單 !轉盤,2026-09-29T06:03:03Z,https://www.twitch.tv/hebemegami,https://static-cdn.jtvnw.net/previews-ttv/live_user_hebemegami-{width}x{height}.jpg
bf277797951346fe991c27c79a6c5081,live,09/29【白兔】晚上20:00 天月麻雀 觀眾場~｜ @rabbit1102 ｜#天月麻雀,2026-09-29T06:07:22Z,https://www.twitch.tv/rabbit1102,https://static-cdn.jtvnw.net/previews-ttv/live_user_rabbit1102-{width}x{height}.jpg
c6af4f23c6ce4adab5301d79b0bd343a,live,【🧡可諾 】午安鬼武者時間，話說有人會玩瓦羅蘭嗎 | !聯名上衣 | 拚加強版等級1️⃣ | 感謝大家的自主訂閱!|嗷嗷!,2026-09-29T06:09:47Z,https://www.twitch.tv/konodino,https://static-cdn.jtvnw.net/previews-ttv/live_user_konodino-{width}x{height}.jpg
936b7b3d4250469d94b53ebc7e4936f6,live,黑夜君臨 深度5 自由參加 明天鳴潮改版抽心月狐6+5,2026-09-29T06:11:49Z,https://www.twitch.tv/kis0467,https://static-cdn.jtvnw.net/previews-ttv/live_user_kis0467-{width}x{height}.jpg
e099cf09b8674b988f17828aab2f7d86,live,【繪圖工作台】來想一下秋冬衣裝的設計~喉嚨不舒服話少｜掛台音量最低請開5%【日陽ʜɪɴᴀᴛᴀ】,2026-09-29T06:21:16Z,https://www.twitch.tv/hinata945,https://static-cdn.jtvnw.net/previews-ttv/live_user_hinata945-{width}x{height}.jpg
c06b6f1eb79d41ecb17aaaf80e035daa,live,【作業台-拿鐵】寫一業+玩一下！從墾丁回來，好想獺友們！+ (˶´⚰︎`˵)〃｜認真獺｜+ 20260929 + #忠誠點數換抽獎券 #米克什好帥 #航天快樂員二是本獺 #浪浪飼料券 #獺好惹 #獺可愛,2026-09-29T06:24:43Z,https://www.twitch.tv/roci_1117,https://static-cdn.jtvnw.net/previews-ttv/live_user_roci_1117-{width}x{height}.jpg
803435ca691f43a4b02360926fee23d1,live,【柚香】好久不見 | 關於【星渡島】：!表單 | 09/29,2026-09-29T06:25:24Z,https://www.twitch.tv/yukou_ouo,https://static-cdn.jtvnw.net/previews-ttv/live_user_yukou_ouo-{width}x{height}.jpg
9f7bf6b3d935460e83896a0fe28012e9,live,【繪圖工作台🎨0929】今天要畫忠誠點的嗶姆光線～～｜!指令 !委託 !布丁｜🩷點歌查詢 → !歌單 !點播查詢,2026-09-29T06:27:50Z,https://www.twitch.tv/yazawaribii,https://static-cdn.jtvnw.net/previews-ttv/live_user_yazawaribii-{width}x{height}.jpg
e210fb08b0744535a907823fa9f062cc,live,【三角洲】早安午安晚安 (JP/中) !貓砂 !愛兔猻 !暗區 !儲值 !男娘電競 #初見歡迎 #歡迎掛台,2026-09-29T06:28:04Z,https://www.twitch.tv/felis0423,https://static-cdn.jtvnw.net/previews-ttv/live_user_felis0423-{width}x{height}.jpg