V5##VTuber ID,YouTube Subscriber Count,YouTube View Count,YouTube Recent Total Median View Count,YouTube Recent Total Popularity,YouTube Recent Total Highest View Count,YouTube Recent Total Highest Viewed URL,YouTube Recent Livestream Median View Count,YouTube Recent Livestream Popularity,YouTube Recent Livestream Highest View Count,YouTube Recent Livestream Highest Viewed URL,YouTube Recent Video Median View Count,YouTube Recent Video Popularity,YouTube Recent Video Highest View Count,YouTube Recent Video Highest Viewed URL,Twitch Follower Count,Twitch Recent Median View Count,Twitch Recent Popularity,Twitch Recent Highest View Count,Twitch Recent Highest Viewed URL
1c5619a4ece046dd8ba68ed343489ca3,511000,103276952,87293,30851,320245,https://www.youtube.com/watch?v=XeAI8duRKVc,10188,2137,12589,https://www.youtube.com/watch?v=kcIzcU_OopA,113869,56452,320245,https://www.youtube.com/watch?v=XeAI8duRKVc,31617,0,0,0,
f6a4e7aa8d0c4e5cb39d199845ec4d02,452000,50105807,10849,6191,51281,https://www.youtube.com/watch?v=n1764TwIAc0,10052,4522,14273,https://www.youtube.com/watch?v=casHYBQqhSs,11350,6725,51281,https://www.youtube.com/watch?v=n1764TwIAc0,101237,29660,10479,70427,https://www.twitch.tv/videos/2219612044
664e1b310cf343b78623f99b31e40fae,394000,57986556,2904,753,6745,https://www.youtube.com/watch?v=_t5Zckmdr4Q,2904,805,5786,https://www.youtube.com/watch?v=ktS2G2Ymsxk,4177,717,6745,https://www.youtube.com/watch?v=_t5Zckmdr4Q,17246,0,0,0,
5535c9524eb046c38e172ebfa06b302f,352000,90679850,12769,4714,75587,https://www.youtube.com/watch?v=ImLGH57Yo7s,13344,4613,75587,https://www.youtube.com/watch?v=ImLGH57Yo7s,12686,4814,74155,https://www.youtube.com/watch?v=IVPcUF9oOeg,69894,6221,1235,42870,https://www.twitch.tv/videos/2225611216
4b6b055ada4d4f0ab63b7ad02a3fa3ef,227000,16961166,3433,1784,12362,https://www.youtube.com/watch?v=D140fm3D7pI,3433,1160,11763,https://www.youtube.com/watch?v=bMOrgC3vrRM,7519,2933,12362,https://www.youtube.com/watch?v=D140fm3D7pI,54899,2319,1568,8133,https://www.twitch.tv/videos/2213760565
a9f6574e98f34b20a05269134930fb50,222000,8548677,10560,5347,103066,https://www.youtube.com/watch?v=zLjk0Zgsi8Y,10704,5464,19793,https://www.youtube.com/watch?v=A8QGeMqmyOQ,10560,4026,103066,https://www.youtube.com/watch?v=zLjk0Zgsi8Y,0,0,0,0,
7c06b9e316ce4ac18ce836cd72442bbe,202000,40918855,8297,1855,31831,https://www.youtube.com/watch?v=aAfxPi5T4nk,8118,1744,16331,https://www.youtube.com/watch?v=XUrEGzxTajE,14148,2287,31831,https://www.youtube.com/watch?v=aAfxPi5T4nk,49529,5365,2625,10809,https://www.twitch.tv/videos/2226709887
abd64c9a64e04fb1b23faa2480c1c106,190000,65987246,13616,4319,46278,https://www.youtube.com/watch?v=gDdKEGMe3yc,4058,2337,4157,https://www.youtube.com/watch?v=GZUDbmxtf-s,15032,5917,46278,https://www.youtube.com/watch?v=gDdKEGMe3yc,1920,149,104,160,https://www.twitch.tv/videos/2228379922
312fdd3c5e6d4aefa73fd3860ecc5613,181000,22329465,17065,5607,31661,https://www.youtube.com/watch?v=vmmkIK6TIGY,15767,5577,31652,https://www.youtube.com/watch?v=GO0GPJllSPs,20831,9574,31661,https://www.youtube.com/watch?v=vmmkIK6TIGY,12720,0,0,0,
265a18972d244affae35711cfd1f9931,163000,15414882,5541,2594,27507,https://www.youtube.com/watch?v=0K_dL6835O0,4735,2716,27507,https://www.youtube.com/watch?v=0K_dL6835O0,7238,1823,7878,https://www.youtube.com/watch?v=6UYwBnezXwc,6378,1092,393,1617,https://www.twitch.tv/videos/2210356361
e93bd1102e214cbaa71cc5b2e4a53595,152000,20241067,15347,7732,36788,https://www.youtube.com/watch?v=14GCBzxU4LY,17650,8187,36788,https://www.youtube.com/watch?v=14GCBzxU4LY,14738,2668,26041,https://www.youtube.com/watch?v=axbDxH5fbdk,65236,22617,4497,50990,https://www.twitch.tv/videos/2213747961
21428cae24af4607bffe25cb2746daa6,148000,0,0,0,0,,0,0,0,,0,0,0,,0,0,0,0,
c04f006e69e04000a68cd0c41f888eb2,141000,8896658,13922,5622,37073,https://www.youtube.com/watch?v=7UYC32rX3zk,13922,5622,37073,https://www.youtube.com/watch?v=7UYC32rX3zk,0,0,0,,0,0,0,0,
f110fd69b66941bab04de9ada563c6ac,137000,12288041,4211,1823,15221,https://www.youtube.com/watch?v=-kqhq8us4SA,4162,1838,12684,https://www.youtube.com/watch?v=g7KUrzbbmyY,9466,882,15221,https://www.youtube.com/watch?v=-kqhq8us4SA,5256,0,0,0,
bafb134fd2f849898d6242d1f5f683cc,129000,15813510,7113,3335,24200,https://www.youtube.com/watch?v=BJ6U2dwhdMs,6825,3132,14346,https://www.youtube.com/watch?v=fVt2uZJSpAk,19243,8256,24200,https://www.youtube.com/watch?v=BJ6U2dwhdMs,27674,9692,6049,14759,https://www.twitch.tv/videos/2212052991
c82ab1b4f8f64d1f84cae4ce09aa0dea,127000,16088377,11189,6352,21999,https://www.youtube.com/watch?v=HM8sNtX80IQ,14294,6352,21999,https://www.youtube.com/watch?v=HM8sNtX80IQ,7631,3501,11189,https://www.youtube.com/watch?v=PEnSW_y9T40,39077,20178,5926,28905,https://www.twitch.tv/videos/2216346375
2741a90689f342548daad7f760b0a8f7,122000,22766042,71970,24792,159053,https://www.youtube.com/watch?v=qfzuzWwuObg,12536,8113,16854,https://www.youtube.com/watch?v=xwa7mcA6ptM,110602,44587,159053,https://www.youtube.com/watch?v=qfzuzWwuObg,2949,0,0,0,
a3ce195c0069494c99849d0b1a10a7fd,116000,11032684,2214,739,16834,https://www.youtube.com/watch?v=ONFQqj0RyuQ,1364,581,3849,https://www.youtube.com/watch?v=jB1EAIvYeYQ,8016,3876,16834,https://www.youtube.com/watch?v=ONFQqj0RyuQ,17853,4117,1854,14846,https://www.twitch.tv/videos/2212707860
0641a9c8b9a94994aaa33e0c86fef75b,113000,17080310,10996,4802,73508,https://www.youtube.com/watch?v=hoI2sCEqZAw,6033,3576,8952,https://www.youtube.com/watch?v=sid-hDYHkm8,21344,13155,73508,https://www.youtube.com/watch?v=hoI2sCEqZAw,4947,0,0,0,
58abad4aa8de49efb785367503dfd92c,113000,12147070,6709,4111,71287,https://www.youtube.com/watch?v=bkWAzht_jO0,9200,4141,71287,https://www.youtube.com/watch?v=bkWAzht_jO0,4213,3233,8326,https://www.youtube.com/watch?v=j6JjTYr18U8,0,0,0,0,
494d2c5daf9f4a8a8e4538687e6be14c,112000,4614831,2805,423,3128,https://www.youtube.com/watch?v=paVCWIdAdLI,2805,423,3128,https://www.youtube.com/watch?v=paVCWIdAdLI,0,0,0,,0,0,0,0,
ab4f892ca62e4043b6287bdfe50b145d,111000,17491311,1256,583,2759,https://www.youtube.com/watch?v=clKpnJNlW10,1256,583,2759,https://www.youtube.com/watch?v=clKpnJNlW10,0,0,0,,1433,0,0,0,
d837e8fda137492c9d77882b98ff863a,110000,19570354,23057,9638,198373,https://www.youtube.com/watch?v=WdHpnYLE49M,12372,5947,23057,https://www.youtube.com/watch?v=BtZp0gUE-NA,93463,37891,198373,https://www.youtube.com/watch?v=WdHpnYLE49M,3502,0,0,0,
f1b5f88144e14bd188e17b2f98303713,104000,4229555,35493,19784,64198,https://www.youtube.com/watch?v=VK2HmwjIcDY,6789,2980,6789,https://www.youtube.com/watch?v=Ja4kxBRrM2s,64198,36587,64198,https://www.youtube.com/watch?v=VK2HmwjIcDY,0,0,0,0,
b126053a1356460ebf85a874a6a55aca,102000,32928705,3225,1377,118902,https://www.youtube.com/watch?v=7-FP10aVdm0,3380,1722,7558,https://www.youtube.com/watch?v=qYsj4PgPKOE,2263,208,118902,https://www.youtube.com/watch?v=7-FP10aVdm0,0,0,0,0,
c65e7caaf81a43249d5132b9fe312b24,102000,5114594,18251,7362,34120,https://www.youtube.com/watch?v=p5sxuLXpmlg,18462,7942,34120,https://www.youtube.com/watch?v=p5sxuLXpmlg,1833,162,1833,https://www.youtube.com/watch?v=bVwOFoAPOCo,0,0,0,0,
e78cffa246c24a1c88031151cad8c385,101000,6641257,3150,1022,18583,https://www.youtube.com/watch?v=qGCiIfkyVu4,2328,452,3633,https://www.youtube.com/watch?v=rYf6EHtCy9w,4260,1343,18583,https://www.youtube.com/watch?v=qGCiIfkyVu4,1806,0,0,0,
04d2ff1dde6b4bb68503a734274f4b7e,101000,6466255,5273,1849,20641,https://www.youtube.com/watch?v=pyFF59rjYtk,5273,1849,20641,https://www.youtube.com/watch?v=pyFF59rjYtk,5589,2936,9581,https://www.youtube.com/watch?v=VyDqikf13-w,0,0,0,0,
6dc75ab227e34c928598bde8f2d324bf,101000,15803865,31756,16826,179699,https://www.youtube.com/watch?v=ErYsUC2PM9Y,8595,5642,25579,https://www.youtube.com/watch?v=DwQAmAhSL5Q,40057,19661,179699,https://www.youtube.com/watch?v=ErYsUC2PM9Y,0,0,0,0,
b4a1791208fd4d85b7b08ee2bad0c236,100000,7986451,7792,3139,22000,https://www.youtube.com/watch?v=cC5tPBDsJG4,7682,3139,17287,https://www.youtube.com/watch?v=Bv0narcxNR4,15159,3266,22000,https://www.youtube.com/watch?v=cC5tPBDsJG4,0,0,0,0,
fa5a7cdc259543259af42bb23f1e4041,98700,15564201,7953,4545,275506,https://www.youtube.com/watch?v=rgbfxO7bM2A,4945,2420,8865,https://www.youtube.com/watch?v=CPRYxR8s86M,47671,28114,275506,https://www.youtube.com/watch?v=rgbfxO7bM2A,0,0,0,0,
98e3a5838fec4a6caa936ae35485de23,94000,6123765,3395,1880,23152,https://www.youtube.com/watch?v=28tUXiu83_8,2569,1244,10623,https://www.youtube.com/watch?v=lEYtLvLS4FU,6127,3005,23152,https://www.youtube.com/watch?v=28tUXiu83_8,0,0,0,0,
9cec24b011ee45648eb404066c997f49,84100,10419412,8472,4404,22144,https://www.youtube.com/watch?v=i3Mqm_etPY4,8450,4404,22144,https://www.youtube.com/watch?v=i3Mqm_etPY4,13945,4742,14765,https://www.youtube.com/watch?v=w3ofvFfAon0,26818,8630,3484,9878,https://www.twitch.tv/videos/2206051392
a9b855767b2d432c9f263e3427ff33a6,83700,8169653,6499,2654,11176,https://www.youtube.com/watch?v=A27hS1BQtpM,7933,3262,11176,https://www.youtube.com/watch?v=A27hS1BQtpM,4294,1690,6913,https://www.youtube.com/watch?v=gRXHonkFtsE,0,0,0,0,
ea4c1a67c2e445ad8028768616ceb659,78400,7884930,3770,2246,13526,https://www.youtube.com/watch?v=i1IK30gf9eY,4049,1593,8445,https://www.youtube.com/watch?v=ug8JGhRaTy4,3599,2830,13526,https://www.youtube.com/watch?v=i1IK30gf9eY,0,0,0,0,
01f26342ae4e419280bcfd6ec6e86db1,77600,5564139,0,0,0,,0,0,0,,0,0,0,,4612,0,0,0,
8746bf3b3b5843e7b00f6ec23fefb6b1,76200,35474773,0,0,0,,0,0,0,,0,0,0,,7183,2129,1093,5275,https://www.twitch.tv/videos/2213740707
0bf0ec441dc6489583f7218e02ab6a89,76100,7796044,2192,465,9625,https://www.youtube.com/watch?v=oYCxQc2lpnM,2800,590,7519,https://www.youtube.com/watch?v=sRlONlbafdU,589,243,9625,https://www.youtube.com/watch?v=oYCxQc2lpnM,0,0,0,0,
702c74978d8f4adab79f292cbecb49a4,74000,5570110,2721,1725,100999,https://www.youtube.com/watch?v=wlDk0VKspiU,8790,3497,9867,https://www.youtube.com/watch?v=Qi0JTRFPIN0,2091,1469,100999,https://www.youtube.com/watch?v=wlDk0VKspiU,12271,1116,813,1132,https://www.twitch.tv/videos/2225974828
ec65566d949944ffb1e2723f97ded6e0,72800,328241,0,0,0,,0,0,0,,0,0,0,,7517,0,0,0,
c0c033c9c8014562b58a7124b6b22fb0,72300,770998,903,535,19409,https://www.youtube.com/watch?v=QPDA4aD0hWI,903,592,4691,https://www.youtube.com/watch?v=e9wEQYZc6j4,1180,146,19409,https://www.youtube.com/watch?v=QPDA4aD0hWI,0,0,0,0,
3f4650e05ceb41008bd16869780b7af1,71600,19080903,19869,6199,74675,https://www.youtube.com/watch?v=lubd3A2ZXRQ,8951,6199,11098,https://www.youtube.com/watch?v=kgGhZnZH_1I,31091,9596,74675,https://www.youtube.com/watch?v=lubd3A2ZXRQ,0,0,0,0,
cd42e06c40534d9eac7e30a434e47d43,70500,5001833,1842,1065,4308,https://www.youtube.com/watch?v=SFiX5OoxYl4,2000,1706,4308,https://www.youtube.com/watch?v=SFiX5OoxYl4,1767,703,3580,https://www.youtube.com/watch?v=6C328nEUKfk,2186,0,0,0,
1ccdbe5d48934f4cbabc86512dd1d357,69700,4307352,7040,3071,22552,https://www.youtube.com/watch?v=axm9bkIMPIc,5818,923,11368,https://www.youtube.com/watch?v=AOUXigPyqeM,7406,5883,22552,https://www.youtube.com/watch?v=axm9bkIMPIc,0,0,0,0,
9d9c6477329245cbb2557895f4f15686,69700,4663699,3833,1504,9202,https://www.youtube.com/watch?v=d9Lnk8fSYMs,0,0,0,,3833,1504,9202,https://www.youtube.com/watch?v=d9Lnk8fSYMs,145314,22070,5683,92291,https://www.twitch.tv/videos/2225567599
5f12df329c6144e1a6c596f4fbcb9e81,67100,3880236,7263,3346,21364,https://www.youtube.com/watch?v=9Mehh8jj3Nc,7008,3878,15315,https://www.youtube.com/watch?v=odw58LJWSUE,13344,2873,21364,https://www.youtube.com/watch?v=9Mehh8jj3Nc,0,0,0,0,
1323f1b775bf43659f8b8ec2899522cd,65400,3308710,2057,1118,4614,https://www.youtube.com/watch?v=LOxTOmAkx58,2376,1118,4614,https://www.youtube.com/watch?v=LOxTOmAkx58,1165,1000,1895,https://www.youtube.com/watch?v=Wb6Bw1J1qMA,0,0,0,0,
4b6655120fbd4431a8f7894cac4a4d49,65000,6255676,1402,646,13855,https://www.youtube.com/watch?v=qEmd3ycKu0Q,1739,759,13855,https://www.youtube.com/watch?v=qEmd3ycKu0Q,986,623,3491,https://www.youtube.com/watch?v=ifxTzRg8E6g,0,0,0,0,
e113ace92bbe445385bcc4635a9ca570,63100,13724,0,0,0,,0,0,0,,0,0,0,,0,0,0,0,
512b64ec20174d018540516e9edf2b2f,62900,7284031,700,334,2598,https://www.youtube.com/watch?v=GEQR0VewrxI,631,330,1194,https://www.youtube.com/watch?v=0nstXbe-Nhg,792,451,2598,https://www.youtube.com/watch?v=GEQR0VewrxI,1056,0,0,0,
8a4988902b5640e6ae1829285307c636,60800,4440367,0,0,0,,0,0,0,,0,0,0,,0,0,0,0,
8bf35c3b9a9e461d825a9170555b71c2,60400,3942104,8777,4493,41554,https://www.youtube.com/watch?v=h8KsSmqmbdg,8777,3596,14508,https://www.youtube.com/watch?v=qozuESgSEeU,23463,15854,41554,https://www.youtube.com/watch?v=h8KsSmqmbdg,22379,12025,6785,39778,https://www.twitch.tv/videos/2205946727
17c335762a694402b8cb9a96b2865572,58400,4047133,1848,1197,76899,https://www.youtube.com/watch?v=cewrA5-jOiM,2175,1332,76899,https://www.youtube.com/watch?v=cewrA5-jOiM,821,622,1014,https://www.youtube.com/watch?v=yNMBk8V7JV4,0,0,0,0,
66c812bb04844241af1d1c7539b5e251,56600,38235906,271,142,4889,https://www.youtube.com/watch?v=hPC1-D1j4VM,254,118,1272,https://www.youtube.com/watch?v=pwdo_pHLVX4,1389,561,4889,https://www.youtube.com/watch?v=hPC1-D1j4VM,1087,35,25,86,https://www.twitch.tv/videos/2220624324
a8ce4642418b4fe8ba1471a32097f4c4,56500,2752663,1034,329,2136,https://www.youtube.com/watch?v=_6QnkQlA9bE,980,426,2136,https://www.youtube.com/watch?v=_6QnkQlA9bE,1198,127,2081,https://www.youtube.com/watch?v=pUUdCiryR-s,0,0,0,0,
4544974bc5624035ae7bb0c9ed33e44e,55500,4187909,3645,1019,15680,https://www.youtube.com/watch?v=xO2NDcVdkcw,3474,980,8232,https://www.youtube.com/watch?v=D49h1QjFXYQ,10107,2773,15680,https://www.youtube.com/watch?v=xO2NDcVdkcw,3793,3047,2466,5366,https://www.twitch.tv/videos/2226388037
7ead9e2cac544a7cb00444ef6b4698d1,55300,4586779,6064,2214,10136,https://www.youtube.com/watch?v=TxEb-o49T8U,6390,3093,10136,https://www.youtube.com/watch?v=TxEb-o49T8U,4363,956,4388,https://www.youtube.com/watch?v=2H0paByo5wo,15877,5690,2586,17993,https://www.twitch.tv/videos/2223133204
15c9a54b946a40c38c07ea2f9efddfa5,55200,5444598,13702,6215,25882,https://www.youtube.com/watch?v=Px_EY6Rq468,12176,5851,25882,https://www.youtube.com/watch?v=Px_EY6Rq468,17593,7254,22529,https://www.youtube.com/watch?v=FYkN3y9ZIns,27026,39170,18430,69980,https://www.twitch.tv/videos/2214508207
2694a505a0e0441bb99b49e8ce1f7473,54800,3502207,2938,1485,9164,https://www.youtube.com/watch?v=5KKxMKAusks,1847,1620,1847,https://www.youtube.com/watch?v=c8K6l0aWz4M,3105,1251,9164,https://www.youtube.com/watch?v=5KKxMKAusks,39075,11344,4407,23328,https://www.twitch.tv/videos/2216423034
1b63d89e0b1a4b579de6d99e25eaff8f,52500,6654771,2921,1794,36370,https://www.youtube.com/watch?v=NQFm8eRWSIY,2878,1621,5444,https://www.youtube.com/watch?v=6UcsPq-uFOE,3039,2028,36370,https://www.youtube.com/watch?v=NQFm8eRWSIY,4688,0,0,0,
6c872a4043b84e4493877a42af684d1d,50800,4884243,4086,1435,22104,https://www.youtube.com/watch?v=Od21sL5I7WY,2554,958,6466,https://www.youtube.com/watch?v=anWpNJQDuNk,7314,2574,22104,https://www.youtube.com/watch?v=Od21sL5I7WY,3211,1362,875,1418,https://www.twitch.tv/videos/2222260450
5c4241def363418d9b7167d8369d0350,50100,2319903,0,0,0,,0,0,0,,0,0,0,,43,0,0,0,
ba59bb31bbcd4cf3a481c4cf72918fb0,49300,5846858,3219,1749,13352,https://www.youtube.com/watch?v=R0HfP1Va2s8,3107,1745,4209,https://www.youtube.com/watch?v=9nzaFRXyP64,13352,1846,13352,https://www.youtube.com/watch?v=R0HfP1Va2s8,0,0,0,0,
6bd49f94afb144e995247388ca8c42a8,48700,2792306,9072,5704,14403,https://www.youtube.com/watch?v=2ttzzZ5TtDg,9463,6858,13387,https://www.youtube.com/watch?v=IklvBaxNK28,7120,2591,14403,https://www.youtube.com/watch?v=2ttzzZ5TtDg,35804,39160,17577,75338,https://www.twitch.tv/videos/2229037695
7e81a72484054a5c89f3826ebc8946be,47700,2714247,2573,1296,14854,https://www.youtube.com/watch?v=VMi5FwWjUN4,2040,1150,11524,https://www.youtube.com/watch?v=nsdajHoqv3Q,3830,2420,14854,https://www.youtube.com/watch?v=VMi5FwWjUN4,2486,3614,2496,5155,https://www.twitch.tv/videos/2228080167
ce2a2c07a74640fc8d3b39d022b16dd9,47700,3275001,3091,1223,59383,https://www.youtube.com/watch?v=-CRqdDNcraA,2043,983,4743,https://www.youtube.com/watch?v=NJbIT9uJTuY,7951,2862,59383,https://www.youtube.com/watch?v=-CRqdDNcraA,0,0,0,0,
c41044006a014ed28107f33221a7de98,47000,4069541,2236,775,3634,https://www.youtube.com/watch?v=td6hp_7DgqI,2220,775,3634,https://www.youtube.com/watch?v=td6hp_7DgqI,2367,1111,2599,https://www.youtube.com/watch?v=ecj3rPM9zcM,5179,0,0,0,
658e63bebdca421ca934b0bf6aa2bcd8,46600,4010352,2596,1138,5741,https://www.youtube.com/watch?v=LTtNfs8g9Bs,2620,1138,5741,https://www.youtube.com/watch?v=LTtNfs8g9Bs,1991,1104,2456,https://www.youtube.com/watch?v=DP2GNygsSQc,10064,1064,800,2504,https://www.twitch.tv/videos/2229215399
22ca620b93c94e5cb48175bbecf8d3af,46200,4758497,3270,1415,9889,https://www.youtube.com/watch?v=f13luUFBUKE,2634,1415,3021,https://www.youtube.com/watch?v=A9cSoLgX3Kg,5206,2334,9889,https://www.youtube.com/watch?v=f13luUFBUKE,0,0,0,0,
64c779f8cc214e7a9b570c7b3fc128cc,45200,3153625,1659,650,7154,https://www.youtube.com/watch?v=SUstcb04qf4,1419,831,4451,https://www.youtube.com/watch?v=PtKE9rS0xVk,4572,484,7154,https://www.youtube.com/watch?v=SUstcb04qf4,4417,693,566,794,https://www.twitch.tv/videos/2223859250
f5ff982730f54cd4826ff0530a4288c2,44700,2784555,4788,2067,51794,https://www.youtube.com/watch?v=He5LzLB9-Eo,7603,2249,51794,https://www.youtube.com/watch?v=He5LzLB9-Eo,3765,1885,4220,https://www.youtube.com/watch?v=JeclJjWTEBI,0,0,0,0,
dee8efe8990e458c915e4f6a6a16b49f,43800,4987206,596,341,100904,https://www.youtube.com/watch?v=G1EHTvA7H54,441,259,781,https://www.youtube.com/watch?v=Q1FXeFF6Aas,4571,1186,100904,https://www.youtube.com/watch?v=G1EHTvA7H54,3274,223,171,407,https://www.twitch.tv/videos/2223168218
1cfadb0d2e154a258c3177ff8264336f,43600,3402969,742,473,841,https://www.youtube.com/watch?v=lzPaWTGUM1s,0,0,0,,742,473,841,https://www.youtube.com/watch?v=lzPaWTGUM1s,0,0,0,0,
a6a4e83ae23140e6bd1f7c817af8f864,42800,1836313,6761,3333,32274,https://www.youtube.com/watch?v=FTnxrUwayy8,6019,3333,17432,https://www.youtube.com/watch?v=_00_WaDgbnM,25415,8620,32274,https://www.youtube.com/watch?v=FTnxrUwayy8,5264,1634,885,1634,https://www.twitch.tv/videos/2218190414
d797701ab1564b62906f91a341134a9e,42000,2284812,717,434,10177,https://www.youtube.com/watch?v=uArTwAETMa8,1549,531,6887,https://www.youtube.com/watch?v=mO9lIygEFOM,661,429,10177,https://www.youtube.com/watch?v=uArTwAETMa8,3163,0,0,0,
575d15d21f7240e1ad72935bf7fa0465,41900,1274573,954,633,2317,https://www.youtube.com/watch?v=pw4MrDwuo8Y,954,633,2317,https://www.youtube.com/watch?v=pw4MrDwuo8Y,0,0,0,,0,0,0,0,
c5fe413a473d4638b53fb3f9019aabbe,41000,2814260,2689,819,26616,https://www.youtube.com/watch?v=e6Sw28N0EIo,1065,285,2367,https://www.youtube.com/watch?v=sGWEYZSAIQc,5877,2641,26616,https://www.youtube.com/watch?v=e6Sw28N0EIo,4101,1532,1141,8617,https://www.twitch.tv/videos/2218630376
029dfaf0b42a45839661df6dc99efcdd,41000,898686,1426,922,6179,https://www.youtube.com/watch?v=DjKEgm_fcpI,1182,680,2171,https://www.youtube.com/watch?v=1Sy0g7DyD3g,2749,1050,6179,https://www.youtube.com/watch?v=DjKEgm_fcpI,535,0,0,0,
4b8137b8ba4e4a4dad994e2e07e351fe,40300,2046217,610,256,10338,https://www.youtube.com/watch?v=L2Lr6yP8jSU,597,196,1094,https://www.youtube.com/watch?v=pkwd864Pq3I,1411,437,10338,https://www.youtube.com/watch?v=L2Lr6yP8jSU,1479,369,238,684,https://www.twitch.tv/videos/2223977228
3681a0b4e4bd48888473b1884f6ee420,39700,3954934,1229,412,4943,https://www.youtube.com/watch?v=LAKy-dhUOcs,1241,450,4943,https://www.youtube.com/watch?v=LAKy-dhUOcs,832,331,2201,https://www.youtube.com/watch?v=kvOX5cRE8og,0,0,0,0,
6fb8c6dea7404638a9d78d4b0d84f64c,39500,3196581,1104,476,3924,https://www.youtube.com/watch?v=EXiE0Fg13Z4,1246,569,3924,https://www.youtube.com/watch?v=EXiE0Fg13Z4,835,186,2023,https://www.youtube.com/watch?v=pTUDJRb9zJ8,0,0,0,0,
4c3cae772e974f8fb8e04f4cc9c8cd8d,39100,1855507,2207,1201,3836,https://www.youtube.com/watch?v=tdVC1rfsPzc,2207,1201,3573,https://www.youtube.com/watch?v=7S2YBqdbfbw,2341,1277,3836,https://www.youtube.com/watch?v=tdVC1rfsPzc,0,0,0,0,
d5fdf5fc55d14476908e416e6d43c121,39000,1317313,2346,1182,26997,https://www.youtube.com/watch?v=wVHqOSXdivM,2081,1053,26997,https://www.youtube.com/watch?v=wVHqOSXdivM,3830,2051,6695,https://www.youtube.com/watch?v=w-EQcqHmZJ4,0,0,0,0,
a000aa1d3ea7489c993277d33ab2457e,38900,2307117,2087,957,3920,https://www.youtube.com/watch?v=BCvNmYSv_Ms,2088,973,3920,https://www.youtube.com/watch?v=BCvNmYSv_Ms,1995,670,2312,https://www.youtube.com/watch?v=_s7021ULirE,3267,3645,3254,6005,https://www.twitch.tv/videos/2228494307
911d3403c8e84dc3b0c4a2f6017698b6,37400,667345,865,456,5071,https://www.youtube.com/watch?v=S8hGfBVYszA,865,500,2566,https://www.youtube.com/watch?v=P3uz1lCE1W8,735,365,5071,https://www.youtube.com/watch?v=S8hGfBVYszA,1753,499,335,499,https://www.twitch.tv/videos/2221537077
e350c8b7e41045419ee1ac73bc78921b,37400,3672582,1231,795,14404,https://www.youtube.com/watch?v=tr6wyiFW9Rg,1185,517,3514,https://www.youtube.com/watch?v=xl60qYxTXPo,3555,1984,14404,https://www.youtube.com/watch?v=tr6wyiFW9Rg,0,0,0,0,
23ec5ecfb8c14ea893576783f1790643,37300,3107458,3746,1266,11657,https://www.youtube.com/watch?v=7ld9xSzikjg,2532,1111,11657,https://www.youtube.com/watch?v=7ld9xSzikjg,6738,2706,9443,https://www.youtube.com/watch?v=6kt_ajmvbXQ,720,0,0,0,
5c7beefaa54444e3b0443d7abd93c1f7,37200,3978911,4017,2187,111081,https://www.youtube.com/watch?v=2mxUlyB0Kw8,3512,2055,7830,https://www.youtube.com/watch?v=Z8eFb6OV-Ec,6105,2348,111081,https://www.youtube.com/watch?v=2mxUlyB0Kw8,3522,645,370,1360,https://www.twitch.tv/videos/2221514178
be6c475c291d45a0a7349abdb70be20d,36700,10821251,2094,983,5041,https://www.youtube.com/watch?v=RwhEI5v1Mmw,2002,983,3446,https://www.youtube.com/watch?v=ZHinWM6vyFM,4267,2058,5041,https://www.youtube.com/watch?v=RwhEI5v1Mmw,0,0,0,0,
f985903969ad4e8b839e919aabe94480,36200,468612,328,147,1274,https://www.youtube.com/watch?v=_BXD-mVgxx4,329,148,1228,https://www.youtube.com/watch?v=vmt3K5SETkU,271,99,1274,https://www.youtube.com/watch?v=_BXD-mVgxx4,0,0,0,0,
fd6a0236861940389e15ef85b16c6069,35700,657108,4546,53,4546,https://www.youtube.com/watch?v=oEzIv4yq098,0,0,0,,4546,53,4546,https://www.youtube.com/watch?v=oEzIv4yq098,131252,45701,23585,84381,https://www.twitch.tv/videos/2211205749
60282d578bb747b8b232dba81168a5b6,35700,1646364,1964,781,5298,https://www.youtube.com/watch?v=BJ2plGfI-zA,1995,800,5298,https://www.youtube.com/watch?v=BJ2plGfI-zA,1964,743,2724,https://www.youtube.com/watch?v=icfLbfhQ58Q,0,0,0,0,
62e5d9c4ad1e4d7a9fb61fe531c4b940,35500,1363116,0,0,0,,0,0,0,,0,0,0,,0,0,0,0,
20f0e269ce554a00920de0444bc22aaf,35300,3132673,777,530,5654,https://www.youtube.com/watch?v=8DbWtlF7j5M,1351,611,2540,https://www.youtube.com/watch?v=jBBMZm-C1_Q,691,372,5654,https://www.youtube.com/watch?v=8DbWtlF7j5M,0,0,0,0,
2760c9a44c20464d8e140e6367ed1cdf,35300,1684706,1028,485,2062,https://www.youtube.com/watch?v=5Iu9qHR017w,1028,485,2062,https://www.youtube.com/watch?v=5Iu9qHR017w,0,0,0,,613,0,0,0,
b08047f2566246ac995e03a5db727cfe,35000,1732095,505,246,879,https://www.youtube.com/watch?v=fG-TBRxHtMo,505,246,879,https://www.youtube.com/watch?v=fG-TBRxHtMo,0,0,0,,6934,437,302,665,https://www.twitch.tv/videos/2221566256
4fc5a770272a43f1bb0a1d12aa3a9b46,33500,3297454,1065,394,7534,https://www.youtube.com/watch?v=oLhbxVlfG34,1200,983,1788,https://www.youtube.com/watch?v=dImSPfLx32Q,1065,355,7534,https://www.youtube.com/watch?v=oLhbxVlfG34,0,0,0,0,
9ca368e73d514656ade48dc946f55956,33200,4082821,1159,673,1646,https://www.youtube.com/watch?v=Cp1EfOHLw0g,1159,673,1646,https://www.youtube.com/watch?v=Cp1EfOHLw0g,0,0,0,,6967,1368,677,2165,https://www.twitch.tv/videos/2211212103
1f54bc2ce03344728234e590bfb0134f,32700,372786,588,340,781,https://www.youtube.com/watch?v=IM47_sUtZfQ,561,238,781,https://www.youtube.com/watch?v=IM47_sUtZfQ,651,453,686,https://www.youtube.com/watch?v=Ojl-5oX8Bkc,1587,361,341,566,https://www.twitch.tv/videos/2228359212
8f12066334ed4c4dae19ca1152781e59,32200,649595,672,352,4863,https://www.youtube.com/watch?v=hhdhTJKZObI,643,325,1622,https://www.youtube.com/watch?v=thbiyCredfE,1761,629,4863,https://www.youtube.com/watch?v=hhdhTJKZObI,361,0,0,0,
626750f4e7a745619c171c44fb1efcc0,32100,3056997,734,334,7624,https://www.youtube.com/watch?v=eH8LQA0m5RI,737,346,2050,https://www.youtube.com/watch?v=DQVBymghfis,694,301,7624,https://www.youtube.com/watch?v=eH8LQA0m5RI,6307,188,145,452,https://www.twitch.tv/videos/2221554924
bc0b8c437eda4361b2a10003013f49cf,31900,323598,0,0,0,,0,0,0,,0,0,0,,0,0,0,0,
50a0835b66844b0ab84f573934f20989,31800,1090947,4289,2266,24549,https://www.youtube.com/watch?v=0-OdNsNxwyM,4059,1971,5348,https://www.youtube.com/watch?v=5zmpr9TZoco,16831,7193,24549,https://www.youtube.com/watch?v=0-OdNsNxwyM,0,0,0,0,
e73551cd98ec47388899522353fc89e3,31400,2133143,0,0,0,,0,0,0,,0,0,0,,567,0,0,0,
6c88799c6f45407faf0f9ea007b0dcab,31400,1545483,2042,920,4668,https://www.youtube.com/watch?v=dgegtaRxnW8,2042,920,4668,https://www.youtube.com/watch?v=dgegtaRxnW8,0,0,0,,0,0,0,0,
ebe5c5f9d67f44f3bc5e70b413ce9df7,31200,1372725,937,442,6146,https://www.youtube.com/watch?v=MmMUWNBMX_o,781,404,1401,https://www.youtube.com/watch?v=RiFr_3-3n00,1155,464,6146,https://www.youtube.com/watch?v=MmMUWNBMX_o,5504,1579,541,2896,https://www.twitch.tv/videos/2210274854
d81d1032a43642eca36e82ba9a3c39c5,31100,1330106,0,0,0,,0,0,0,,0,0,0,,10322,427,192,716,https://www.twitch.tv/videos/2214706342
660531d691fb49c6a454bff9b0fb8c9e,30900,958294,242,135,271,https://www.youtube.com/watch?v=nWyJ1pypyJw,213,179,213,https://www.youtube.com/watch?v=gSSgc-Buum8,271,92,271,https://www.youtube.com/watch?v=nWyJ1pypyJw,764,388,299,717,https://www.twitch.tv/videos/2226560760
84a911e2b05f4919a32e0c1618e32a7d,30800,803553,0,0,0,,0,0,0,,0,0,0,,0,0,0,0,
73b97b1a35c84579aa8ffcd6534efad3,30700,2615380,2897,1149,37071,https://www.youtube.com/watch?v=7wtVgRed-bo,1355,619,6139,https://www.youtube.com/watch?v=sohpFKZFkwE,6271,3480,37071,https://www.youtube.com/watch?v=7wtVgRed-bo,9391,293,282,385,https://www.twitch.tv/videos/2225766004
31f17632340f4e7fbd0ced07193dd81b,30300,1423724,1263,568,7800,https://www.youtube.com/watch?v=SpO4YidIjV4,1085,511,1546,https://www.youtube.com/watch?v=0-Us8mUhKMo,2145,917,7800,https://www.youtube.com/watch?v=SpO4YidIjV4,0,0,0,0,
f928118054aa4e11aa4ec88504d8b886,30100,1499322,785,268,5651,https://www.youtube.com/watch?v=seZrNxnIVUw,785,303,1988,https://www.youtube.com/watch?v=qVtBqCDFZ-0,747,258,5651,https://www.youtube.com/watch?v=seZrNxnIVUw,1256,918,698,2193,https://www.twitch.tv/videos/2226549805
521fb650b9534787b19c8762957fb5d2,30100,0,0,0,0,,0,0,0,,0,0,0,,0,0,0,0,
f18407d79b4b43ffa6adf629d1723a8f,29100,1275,0,0,0,,0,0,0,,0,0,0,,0,0,0,0,
6943bbfc993443d4b3853833b3bb1a66,28900,4816133,5782,1976,108602,https://www.youtube.com/watch?v=QzQgTW0nVd4,1898,1152,3299,https://www.youtube.com/watch?v=FXTOrXn98Ow,12106,6479,108602,https://www.youtube.com/watch?v=QzQgTW0nVd4,0,0,0,0,
30114f720b104e7f89d9dc0399a00dd4,28500,36043,0,0,0,,0,0,0,,0,0,0,,0,0,0,0,
729621ce509b4641ad8cde76dec037d0,28400,1112208,940,475,1933,https://www.youtube.com/watch?v=SAtIUosxaxk,884,475,1670,https://www.youtube.com/watch?v=8KMzu-iAPos,1280,427,1933,https://www.youtube.com/watch?v=SAtIUosxaxk,1595,1776,1299,1776,https://www.twitch.tv/videos/2223083390
2ce2f9977d4a4dc0844e518369e11e6b,28300,2010318,0,0,0,,0,0,0,,0,0,0,,0,0,0,0,
1edf4940878546569e52dd06c95b8581,27900,1267077,770,373,6777,https://www.youtube.com/watch?v=NK93FNYK8BY,739,326,1085,https://www.youtube.com/watch?v=EP7Zveobv44,871,474,6777,https://www.youtube.com/watch?v=NK93FNYK8BY,0,0,0,0,
d1694c709e0f489fbd07fc9bc67c0a66,27700,1210318,1084,557,2433,https://www.youtube.com/watch?v=IEqSH9vBySA,1125,585,2433,https://www.youtube.com/watch?v=IEqSH9vBySA,684,465,1064,https://www.youtube.com/watch?v=_NqSioRBVvg,957,385,374,1517,https://www.twitch.tv/videos/2224685080
95de1fe6727944e68404aec425d09170,27400,0,0,0,0,,0,0,0,,0,0,0,,3552,0,0,0,
d1dd83b6e8a24df4b61f766cff45113c,27300,14990329,441,145,5634,https://www.youtube.com/watch?v=snPz4aNz2qU,371,136,681,https://www.youtube.com/watch?v=q-xRMHG1U-M,1532,667,5634,https://www.youtube.com/watch?v=snPz4aNz2qU,437,467,440,1717,https://www.twitch.tv/videos/2225208766
f6a8c59d8b8d4e009d4e147ec268cd73,27200,1033879,2219,933,5628,https://www.youtube.com/watch?v=l0yYTIbEifw,2219,933,5628,https://www.youtube.com/watch?v=l0yYTIbEifw,0,0,0,,3416,0,0,0,
896f74ae454b42a890e413bddc690335,27100,295984,318,154,1010,https://www.youtube.com/watch?v=L7ZRomi1bjE,318,154,1010,https://www.youtube.com/watch?v=L7ZRomi1bjE,0,0,0,,1662,484,425,1303,https://www.twitch.tv/videos/2223084008
b42416c629e64c948f75aff4ff5c9a8a,26900,834388,709,361,2038,https://www.youtube.com/watch?v=BanFd5otXE8,680,378,2038,https://www.youtube.com/watch?v=BanFd5otXE8,1157,272,1938,https://www.youtube.com/watch?v=zrHQA6A1RLU,2685,251,152,251,https://www.twitch.tv/videos/2219843708
0825b7bbb6134dbc98a132cc1782fb1f,26900,894342,681,333,8626,https://www.youtube.com/watch?v=ztDQ1hT0pbk,710,434,1262,https://www.youtube.com/watch?v=apgKVQANRrA,623,177,8626,https://www.youtube.com/watch?v=ztDQ1hT0pbk,0,0,0,0,
868f29ec868047fdb2a80a91f49fc55a,26400,403945,262,132,7097,https://www.youtube.com/watch?v=iqJiVpNdgk0,237,126,845,https://www.youtube.com/watch?v=0mIz7eqOvOA,585,289,7097,https://www.youtube.com/watch?v=iqJiVpNdgk0,1090,456,272,538,https://www.twitch.tv/videos/2224002053
b0fa9fc53f99425db4cca93d2d48a91f,26300,737669,0,0,0,,0,0,0,,0,0,0,,0,0,0,0,
e069724ddab54dd690d6c3425574effd,26200,2566753,8217,3075,27954,https://www.youtube.com/watch?v=1i6Uk_LAe1o,3088,1408,4866,https://www.youtube.com/watch?v=joObL8P-DP8,11715,5463,27954,https://www.youtube.com/watch?v=1i6Uk_LAe1o,2028,863,551,863,https://www.twitch.tv/videos/2220682896
f7c48554816643cdb8d343e6e9e6d313,26200,1376999,1359,925,1892,https://www.youtube.com/watch?v=PjXsI-vne5Q,1359,809,1892,https://www.youtube.com/watch?v=PjXsI-vne5Q,1359,1041,1359,https://www.youtube.com/watch?v=OYs0Non3fsY,8733,991,373,4042,https://www.twitch.tv/videos/2212251561
3be86a2a9cb447f393d235132e157789,26000,1805816,2173,865,3496,https://www.youtube.com/watch?v=2W_OuXFKErQ,2173,865,3496,https://www.youtube.com/watch?v=2W_OuXFKErQ,0,0,0,,0,0,0,0,
b6f68e0e323f45458752f3a7ec6a08f2,26000,1679058,1193,520,3177,https://www.youtube.com/watch?v=HEYMb3uXgkA,1189,612,1556,https://www.youtube.com/watch?v=8l0gWOf1BTE,1335,247,3177,https://www.youtube.com/watch?v=HEYMb3uXgkA,1543,1269,846,2692,https://www.twitch.tv/videos/2226534082
19234cc590224c45912a14487f756dc5,25900,1796856,1151,309,8201,https://www.youtube.com/watch?v=CzKgJSn8vWg,595,214,662,https://www.youtube.com/watch?v=MPH49V0pwdc,1279,579,8201,https://www.youtube.com/watch?v=CzKgJSn8vWg,3362,2352,1710,3439,https://www.twitch.tv/videos/2217945581
02d67d58d59644be9cdf0b1179419637,25900,726273,689,361,6669,https://www.youtube.com/watch?v=4Ua7CJV4OuE,458,305,769,https://www.youtube.com/watch?v=01B9PIgM5aI,1334,439,6669,https://www.youtube.com/watch?v=4Ua7CJV4OuE,1350,412,293,712,https://www.twitch.tv/videos/2229192018
8267ea37c12a471a8a038f501832e099,25800,1345926,588,273,10395,https://www.youtube.com/watch?v=6ojPLZRX5Q8,510,175,2342,https://www.youtube.com/watch?v=zrkcPtWn5KQ,1265,622,10395,https://www.youtube.com/watch?v=6ojPLZRX5Q8,0,0,0,0,
de0e98c9266449b7874a942cbbb63a0d,25600,1749795,0,0,0,,0,0,0,,0,0,0,,3230,0,0,0,
0d717ed7ec134fb6ac94ce9dc4e25658,25500,915414,2697,1420,8552,https://www.youtube.com/watch?v=CUupGVRHJ1U,2590,1415,6512,https://www.youtube.com/watch?v=YM_c3l9S30k,7041,5106,8552,https://www.youtube.com/watch?v=CUupGVRHJ1U,0,0,0,0,
e7fd5d01e57c42658be2bf1e3ad5d696,25400,0,0,0,0,,0,0,0,,0,0,0,,0,0,0,0,
6ce5f9e78ea946d8a2fd4191005557aa,25300,645835,1346,616,18765,https://www.youtube.com/watch?v=Neko4H6sNMU,955,418,1673,https://www.youtube.com/watch?v=cricycb5Dfk,2440,673,18765,https://www.youtube.com/watch?v=Neko4H6sNMU,464,0,0,0,
6929e06cd9ed49739cadaa35115847c7,25200,865809,951,456,4353,https://www.youtube.com/watch?v=HpL9Xzb3Fy8,1216,486,4353,https://www.youtube.com/watch?v=HpL9Xzb3Fy8,548,156,671,https://www.youtube.com/watch?v=JHf2m33GEwI,0,0,0,0,
f928e57423634094b3d7d8461321c028,25200,525975,1005,439,7563,https://www.youtube.com/watch?v=oInwHLsNACM,796,424,1481,https://www.youtube.com/watch?v=fh_6e3dGNbk,1972,1349,7563,https://www.youtube.com/watch?v=oInwHLsNACM,1561,1013,811,2069,https://www.twitch.tv/videos/2228272335
d6c4708f6eb94ac6ad7668363b132248,25100,2199977,177,105,518,https://www.youtube.com/watch?v=_NsPO8hpOnE,178,106,518,https://www.youtube.com/watch?v=_NsPO8hpOnE,103,55,103,https://www.youtube.com/watch?v=EavSGAAFq70,0,0,0,0,
22c8ee785f7446e5978bab336fda92cb,25000,1035274,1611,601,2863,https://www.youtube.com/watch?v=6bQtkY4wIdI,1635,623,2863,https://www.youtube.com/watch?v=6bQtkY4wIdI,580,227,580,https://www.youtube.com/watch?v=tlqcq6FCz7k,0,0,0,0,
4fd17e8877024633876c5d85bc81e56b,24900,2763264,2313,1188,27990,https://www.youtube.com/watch?v=xwJJTPK3rfU,1774,753,4327,https://www.youtube.com/watch?v=8_38cQ7Gocg,16057,6905,27990,https://www.youtube.com/watch?v=xwJJTPK3rfU,0,0,0,0,
5ba11a0bf35147d499259ad5608a7de1,24500,1298345,630,318,1997,https://www.youtube.com/watch?v=4kE-8ax4apo,630,318,1997,https://www.youtube.com/watch?v=4kE-8ax4apo,0,0,0,,4119,0,0,0,
9af7c10c618844f08a327d38753124bd,24500,688264,501,357,1036,https://www.youtube.com/watch?v=zKCqxKq6S3k,1036,602,1036,https://www.youtube.com/watch?v=zKCqxKq6S3k,370,336,633,https://www.youtube.com/watch?v=0X-G0rWMfbg,9562,2670,881,12830,https://www.twitch.tv/videos/2227967663
bed13deb3871443980e131a466519b54,24200,1619756,0,0,0,,0,0,0,,0,0,0,,0,0,0,0,
222a91c2efbe47628911ee0b2413ae3e,24000,1764852,0,0,0,,0,0,0,,0,0,0,,2352,49,44,49,https://www.twitch.tv/videos/2227475325
3197e5649c65405cbbe6e5f1a44cf8e1,24000,1110583,710,337,3570,https://www.youtube.com/watch?v=IN8HratsI10,698,274,1267,https://www.youtube.com/watch?v=hifcTOGbzzY,3570,618,3570,https://www.youtube.com/watch?v=IN8HratsI10,0,0,0,0,
e150e350532b4327b26989dd43cd3bad,23700,818989,1195,544,52864,https://www.youtube.com/watch?v=MIRwBDJj8Og,874,368,1511,https://www.youtube.com/watch?v=DK6eiesuphM,14310,7351,52864,https://www.youtube.com/watch?v=MIRwBDJj8Og,287,0,0,0,
824c0c36956f4a73bb3ec479dd8e4da8,23400,1175671,559,277,4549,https://www.youtube.com/watch?v=3R1wcSRiDJg,496,297,1420,https://www.youtube.com/watch?v=sTu4toMrADo,800,262,4549,https://www.youtube.com/watch?v=3R1wcSRiDJg,1858,0,0,0,
59110c6bf6e64ce6bdf86b40246dc106,23400,558154,961,443,1827,https://www.youtube.com/watch?v=64OhZCbkgzE,961,443,1827,https://www.youtube.com/watch?v=64OhZCbkgzE,0,0,0,,0,0,0,0,
7c00b7dc73a240dc84d68be389732a0c,23300,1003048,358,232,435,https://www.youtube.com/watch?v=urOBkDlW-f8,358,232,435,https://www.youtube.com/watch?v=urOBkDlW-f8,0,0,0,,0,0,0,0,
e14d4aac184c4ccdba6f2a9718cfea62,22800,917685,1760,669,8489,https://www.youtube.com/watch?v=v_cSl_nWq0E,1600,633,3162,https://www.youtube.com/watch?v=kRLu43R6ne0,3952,1757,8489,https://www.youtube.com/watch?v=v_cSl_nWq0E,0,0,0,0,
cb94019fb4714e168b47d6757995efc3,22800,792318,3671,1680,6578,https://www.youtube.com/watch?v=W4gsy2kEN-k,3354,1659,6058,https://www.youtube.com/watch?v=--VEzDemZ-Y,5852,2217,6578,https://www.youtube.com/watch?v=W4gsy2kEN-k,1337,2864,2042,3590,https://www.twitch.tv/videos/2226588640
7081557634db487fa467b0bd2f939f66,22800,832764,0,0,0,,0,0,0,,0,0,0,,0,0,0,0,
951dd0b605d04163b38de18262e9a438,22500,542796,2485,567,4705,https://www.youtube.com/watch?v=IJWmdPTfkE4,2485,567,4705,https://www.youtube.com/watch?v=IJWmdPTfkE4,0,0,0,,1063,459,262,540,https://www.twitch.tv/videos/2219869295
fe569b0c059e406daf57eb2acd11cc21,22300,1260218,748,311,9031,https://www.youtube.com/watch?v=U0Cv9J-LIFk,478,265,802,https://www.youtube.com/watch?v=js2KfFBpCaw,1436,625,9031,https://www.youtube.com/watch?v=U0Cv9J-LIFk,0,0,0,0,
d35707348d554507a98f97eb59230efc,22000,1172685,755,325,1426,https://www.youtube.com/watch?v=gImOtWzviw4,746,283,1399,https://www.youtube.com/watch?v=d8QcYa4EL5o,1426,576,1426,https://www.youtube.com/watch?v=gImOtWzviw4,1499,0,0,0,
a667c79cb8284de29d5843dc3eafcc57,21600,286768,565,164,2155,https://www.youtube.com/watch?v=PZEfevQc1uk,565,164,2155,https://www.youtube.com/watch?v=PZEfevQc1uk,0,0,0,,0,0,0,0,
60716febdfe949248e8f67d85634bec5,21400,8016880,90,17,472,https://www.youtube.com/watch?v=xLCSqplZrKM,0,0,0,,90,17,472,https://www.youtube.com/watch?v=xLCSqplZrKM,0,0,0,0,
2a310e9273014b12a0517d13d25697e1,21000,863489,416,225,4191,https://www.youtube.com/watch?v=MKa1V2BGOcM,379,208,668,https://www.youtube.com/watch?v=Taie75nwJdk,1049,438,4191,https://www.youtube.com/watch?v=MKa1V2BGOcM,0,0,0,0,
dad6fb7439d744739755a9a7c6c18d20,20800,1485126,1385,711,4003,https://www.youtube.com/watch?v=SsQ934TT-50,1385,711,2543,https://www.youtube.com/watch?v=BB1FdCyNNUs,1203,614,4003,https://www.youtube.com/watch?v=SsQ934TT-50,1021,557,318,653,https://www.twitch.tv/videos/2225483388
334133534368487780dfa99b7c9f5949,20700,8360866,388,93,741,https://www.youtube.com/watch?v=5YrKMzaCrSI,388,93,741,https://www.youtube.com/watch?v=5YrKMzaCrSI,0,0,0,,0,0,0,0,
3dda133703f64b019d7eea0c5cb55335,20600,532131,0,0,0,,0,0,0,,0,0,0,,19543,1669,685,1800,https://www.twitch.tv/videos/2210736844
80f7b111f0e044abae4c37f6a96b5957,20500,492421,582,315,73161,https://www.youtube.com/watch?v=J-V3PFASyn4,579,287,735,https://www.youtube.com/watch?v=YSYmnWtblSM,73161,2625,73161,https://www.youtube.com/watch?v=J-V3PFASyn4,0,0,0,0,
ae4eaef845fc4daaa8106a51a590e145,20200,853759,695,360,3110,https://www.youtube.com/watch?v=m8n0bcHbZf8,981,496,3110,https://www.youtube.com/watch?v=m8n0bcHbZf8,271,164,1175,https://www.youtube.com/watch?v=kiYF92EGA1U,0,0,0,0,
67d6807619064938a78832b4106de5c0,20000,861025,150,69,479,https://www.youtube.com/watch?v=e8_yXkb0U2I,150,69,479,https://www.youtube.com/watch?v=e8_yXkb0U2I,0,0,0,,2808,410,253,1112,https://www.twitch.tv/videos/2220652925
927ce160c29f4465ba196c3e1b8fee1c,19800,811377,2671,1378,10409,https://www.youtube.com/watch?v=0F8UFgE9Tzw,2330,1357,10409,https://www.youtube.com/watch?v=0F8UFgE9Tzw,5181,1399,6094,https://www.youtube.com/watch?v=PUAbssoMsy0,1457,4530,3230,5510,https://www.twitch.tv/videos/2219899095
71cee502a14d4ef1b9b0264fa2db8987,19500,889014,1215,552,7516,https://www.youtube.com/watch?v=0untUNv-RJw,1239,414,7516,https://www.youtube.com/watch?v=0untUNv-RJw,1204,681,3624,https://www.youtube.com/watch?v=3a9Ioq3Z260,6418,2739,1033,4615,https://www.twitch.tv/videos/2220419769
9265e640081f4625bd36cd1235c75bc7,19500,31755,0,0,0,,0,0,0,,0,0,0,,1661,0,0,0,
c0c35f0471774be2b33163ae20f2d6bb,19400,828122,606,282,3340,https://www.youtube.com/watch?v=kzX4ekzGF14,606,282,3340,https://www.youtube.com/watch?v=kzX4ekzGF14,0,0,0,,0,0,0,0,
f7c8264349654390a5e39810dc012a38,19400,1140899,595,268,2418,https://www.youtube.com/watch?v=kHahCZ93CYE,727,273,2418,https://www.youtube.com/watch?v=kHahCZ93CYE,135,35,144,https://www.youtube.com/watch?v=6NzwIMD_a4w,0,0,0,0,
549ccdec24884233bd675a2bab77cacf,19400,844043,0,0,0,,0,0,0,,0,0,0,,0,0,0,0,
fe1abd28f3114015ac31ae1821e8dd3f,19400,410598,1606,651,2355,https://www.youtube.com/watch?v=s36HXA8GWhE,1606,651,2355,https://www.youtube.com/watch?v=s36HXA8GWhE,1642,838,2286,https://www.youtube.com/watch?v=FixhaT3S-xc,1252,949,776,1415,https://www.twitch.tv/videos/2222118942
efe550a729e14dbab790a3f73205d8ed,19100,819097,707,440,1409,https://www.youtube.com/watch?v=4exYnHgXmRs,714,452,1409,https://www.youtube.com/watch?v=4exYnHgXmRs,678,429,982,https://www.youtube.com/watch?v=J9W_mnUK8wY,0,0,0,0,
5d00575c06d74f588238857d7dec1b02,19100,1353639,2140,1096,13902,https://www.youtube.com/watch?v=DAcBNastzUE,2053,1074,5394,https://www.youtube.com/watch?v=gvpd4-E3kX0,10636,1777,13902,https://www.youtube.com/watch?v=DAcBNastzUE,0,0,0,0,
c9ece3513c804b3db003cd8fca683857,19000,697700,359,267,652,https://www.youtube.com/watch?v=ova0XWpVBec,359,267,652,https://www.youtube.com/watch?v=ova0XWpVBec,0,0,0,,6596,400,215,4091,https://www.twitch.tv/videos/2222591982
2a28e77671ae43d7bccec54e7e956dd9,18600,196070,0,0,0,,0,0,0,,0,0,0,,0,0,0,0,
cd88de8b4bc84a71975df9afb42192b8,18400,1233886,805,363,2317,https://www.youtube.com/watch?v=2WWB3LjNn9c,841,496,2317,https://www.youtube.com/watch?v=2WWB3LjNn9c,394,96,399,https://www.youtube.com/watch?v=NPADRCpod1Q,3442,0,0,0,
25388daec64e40f38ca0e5a3a88fedb7,18400,465226,1259,778,44220,https://www.youtube.com/watch?v=Vq6v0C9KolE,1028,707,2494,https://www.youtube.com/watch?v=M-fFHMpBtVQ,3813,1311,44220,https://www.youtube.com/watch?v=Vq6v0C9KolE,1262,833,627,1077,https://www.twitch.tv/videos/2224108722
f2a403cb46354371837550730a397bd1,18300,1107701,293,175,675,https://www.youtube.com/watch?v=rRe-iQnTHYs,338,177,675,https://www.youtube.com/watch?v=rRe-iQnTHYs,174,173,174,https://www.youtube.com/watch?v=qsVqwLQxI28,0,0,0,0,
ec4bc8d279af43eaba4679b762bbbc59,18200,498284,1967,591,8051,https://www.youtube.com/watch?v=chkPyiflKQQ,1195,517,3506,https://www.youtube.com/watch?v=F2aB14nzu1I,2217,830,8051,https://www.youtube.com/watch?v=chkPyiflKQQ,0,0,0,0,
aa1ff405338c41b98ff7197eb4d90349,18100,395753,598,248,6193,https://www.youtube.com/watch?v=1iIpajgRdT8,407,168,760,https://www.youtube.com/watch?v=7i-qaNIjl_A,1129,566,6193,https://www.youtube.com/watch?v=1iIpajgRdT8,0,0,0,0,
2be709cdd22f4a63a95504731ba79afd,17900,583710,461,159,751,https://www.youtube.com/watch?v=cfOT-HztINA,456,190,751,https://www.youtube.com/watch?v=cfOT-HztINA,461,138,461,https://www.youtube.com/watch?v=B3u0tlnTDPQ,0,0,0,0,
05e831b267914fc5b4d9b28de1f648dc,17800,778632,1763,536,2242,https://www.youtube.com/watch?v=pc0OL0VHIto,1763,536,2242,https://www.youtube.com/watch?v=pc0OL0VHIto,0,0,0,,0,0,0,0,
8150f530d858418282811429cc32622b,17700,959391,812,331,2773,https://www.youtube.com/watch?v=W5VKpYE6dSc,812,331,2773,https://www.youtube.com/watch?v=W5VKpYE6dSc,0,0,0,,10211,932,428,1956,https://www.twitch.tv/videos/2225700400
8dbec1de49be44d897f1c894427f3165,17600,358734,934,417,13678,https://www.youtube.com/watch?v=wvPGt8tnoDc,895,363,1370,https://www.youtube.com/watch?v=o1JWg_m-_84,10392,3735,13678,https://www.youtube.com/watch?v=wvPGt8tnoDc,1331,1595,1212,1756,https://www.twitch.tv/videos/2222109016
3809ec8a42634d11aa1b7b8f99755c6a,17600,992471,0,0,0,,0,0,0,,0,0,0,,58808,9360,3683,17278,https://www.twitch.tv/videos/2206748479
adc9d30b5940427e96ae92238f0f8b83,17400,364874,380,145,3094,https://www.youtube.com/watch?v=mylvwcUvU6E,380,114,781,https://www.youtube.com/watch?v=aADG-nJWA8Q,1720,1206,3094,https://www.youtube.com/watch?v=mylvwcUvU6E,723,0,0,0,
67d348e6690c43729cce031e70a26645,17000,499689,1313,704,4067,https://www.youtube.com/watch?v=qrrbLpTgo_E,1313,525,1565,https://www.youtube.com/watch?v=GXUQ8vpLejM,2373,2099,4067,https://www.youtube.com/watch?v=qrrbLpTgo_E,21818,2550,1158,3270,https://www.twitch.tv/videos/2214642678
b63a5ee44acf4498827a3fd984ab23e0,16900,1016097,437,115,533,https://www.youtube.com/watch?v=F5NV6DGx_Uw,437,115,533,https://www.youtube.com/watch?v=F5NV6DGx_Uw,0,0,0,,0,0,0,0,
ed426712876641848613137bef236d26,16900,295532,3696,3303,16276,https://www.youtube.com/watch?v=4n4FDq9Up3c,4855,3409,16276,https://www.youtube.com/watch?v=4n4FDq9Up3c,2595,1938,12911,https://www.youtube.com/watch?v=7eV4DVH_53M,1978,2704,2287,4307,https://www.twitch.tv/videos/2228785249
491a6000ce4b472c9b4f8c1dcfdb772c,16800,2715247,4946,2193,57275,https://www.youtube.com/watch?v=F4_H6lthH1s,1125,589,11175,https://www.youtube.com/watch?v=bF-oeVXNQfQ,10398,3487,57275,https://www.youtube.com/watch?v=F4_H6lthH1s,889,0,0,0,
239947732521428d946087065b7c8e17,16600,854808,1053,490,2440,https://www.youtube.com/watch?v=7zghSrxWN9c,1104,494,2440,https://www.youtube.com/watch?v=7zghSrxWN9c,862,490,1290,https://www.youtube.com/watch?v=lfJBwV6qVTQ,0,0,0,0,
d3a75c3d9f204420808f38ed629becf4,16500,394324,478,240,1605,https://www.youtube.com/watch?v=yxw7r0QtiPw,434,228,1605,https://www.youtube.com/watch?v=yxw7r0QtiPw,588,292,856,https://www.youtube.com/watch?v=troc-WtvKyo,1561,646,456,646,https://www.twitch.tv/videos/2222411434
da4a58b114b94469a0a93f6b8ee7512d,16500,364901,1023,354,2948,https://www.youtube.com/watch?v=RL6elPlaNQg,1290,396,2948,https://www.youtube.com/watch?v=RL6elPlaNQg,571,269,1128,https://www.youtube.com/watch?v=Q0lTpplxmAM,10454,253,245,253,https://www.twitch.tv/videos/2229176594
05be4fb717614738a87daac46157ddb1,16400,910728,737,416,22752,https://www.youtube.com/watch?v=JkSfhSi3P8w,886,492,22752,https://www.youtube.com/watch?v=JkSfhSi3P8w,373,80,573,https://www.youtube.com/watch?v=CeyMOthgBKU,0,0,0,0,
9e351b7cdabd45c49c64074bc7d947ce,16200,0,0,0,0,,0,0,0,,0,0,0,,12221,0,0,0,
e9ec2395070144b0af7231570e06a743,16200,409536,532,306,2116,https://www.youtube.com/watch?v=q_sxSDDSjs4,532,306,2116,https://www.youtube.com/watch?v=q_sxSDDSjs4,879,258,1633,https://www.youtube.com/watch?v=e2jULaHuVe4,0,0,0,0,
14a9a08fbdc641e8ac8c384dedfccf0a,16200,243710,5997,2119,10462,https://www.youtube.com/watch?v=dphHUo_-rKI,0,0,0,,5997,2119,10462,https://www.youtube.com/watch?v=dphHUo_-rKI,345,0,0,0,
6c7a8b443aa942a89a83485c98d10559,16000,1287003,519,199,1976,https://www.youtube.com/watch?v=piKcjyfzy8k,527,256,1976,https://www.youtube.com/watch?v=piKcjyfzy8k,469,77,759,https://www.youtube.com/watch?v=t8bE_JCPoVo,0,0,0,0,
a060cd640cf44c2bb8d78d8ff2411e68,15800,290291,2889,1104,21314,https://www.youtube.com/watch?v=Ht64m5rgMDo,2473,1599,13644,https://www.youtube.com/watch?v=1PkF0pe1mI4,3680,667,21314,https://www.youtube.com/watch?v=Ht64m5rgMDo,0,0,0,0,
9335c3076be84149abfbef91ac0e9e68,15500,323723,605,330,1114,https://www.youtube.com/watch?v=f0gRR62FkVs,605,330,760,https://www.youtube.com/watch?v=Y1kTfgGpcg8,517,282,1114,https://www.youtube.com/watch?v=f0gRR62FkVs,655,214,164,214,https://www.twitch.tv/videos/2224004242
0b63fa89b80e4649b0297d156ed1c791,15500,1023869,1078,606,2350,https://www.youtube.com/watch?v=81BKNRR1n7g,1078,606,2350,https://www.youtube.com/watch?v=81BKNRR1n7g,0,0,0,,0,0,0,0,
0f595c5e48be4f29befb358388a61f8b,15400,1197450,361,181,3436,https://www.youtube.com/watch?v=YUeeiOJ_0hY,354,176,481,https://www.youtube.com/watch?v=nHQyokIs1AI,2246,964,3436,https://www.youtube.com/watch?v=YUeeiOJ_0hY,333,0,0,0,
e9a9d88bf69e4c83842fe05b3ae1601b,15400,582805,284,53,825,https://www.youtube.com/watch?v=zMZLVDhyPNU,721,401,825,https://www.youtube.com/watch?v=zMZLVDhyPNU,213,43,284,https://www.youtube.com/watch?v=uIGPHcdFASM,8343,2201,1467,4568,https://www.twitch.tv/videos/2214544229
470d1cb40a5e460e8cdc1414c5fd1a34,15400,288535,337,210,666,https://www.youtube.com/watch?v=kOCmTK0hf-k,333,207,480,https://www.youtube.com/watch?v=_iiJqNmc4bs,666,533,666,https://www.youtube.com/watch?v=kOCmTK0hf-k,1292,0,0,0,
d32bd28cd67b4e64a56b24f9a76dadcd,15200,801401,0,0,0,,0,0,0,,0,0,0,,309,0,0,0,
dcebd098c3ea479ba2b0e32a2696a5ec,15100,457859,813,378,16899,https://www.youtube.com/watch?v=9lIMbfqnoJ4,754,339,2296,https://www.youtube.com/watch?v=WWtb3d92g5k,7878,881,16899,https://www.youtube.com/watch?v=9lIMbfqnoJ4,0,0,0,0,
767afb93c0454b6291ea94d28ae5b5de,15100,18517,0,0,0,,0,0,0,,0,0,0,,5303,0,0,0,
de266b34e79c49b48fa566e9fb1a24af,15100,686527,1006,336,5516,https://www.youtube.com/watch?v=A_Nf4D8gaK0,1022,358,2382,https://www.youtube.com/watch?v=XVep3UvuvIU,550,111,5516,https://www.youtube.com/watch?v=A_Nf4D8gaK0,238,0,0,0,
55be1972142c44799f83ce3db4f14fbd,14900,828570,512,293,1688,https://www.youtube.com/watch?v=LFoXP_sJvcs,431,268,860,https://www.youtube.com/watch?v=OJGXlmFykds,804,350,1688,https://www.youtube.com/watch?v=LFoXP_sJvcs,0,0,0,0,
77533b0fb2324e33bff67fbbf4daf13f,14900,3618320,588,399,3000,https://www.youtube.com/watch?v=cGGviSXxFRI,2281,1612,3000,https://www.youtube.com/watch?v=cGGviSXxFRI,573,391,783,https://www.youtube.com/watch?v=ilS_8vtlsYM,1444,26,20,32,https://www.twitch.tv/videos/2225680791
cdb5c89f61c94949a989457cf549b7e4,14500,620636,841,431,1816,https://www.youtube.com/watch?v=zK1wwwblFS0,841,477,1120,https://www.youtube.com/watch?v=EkaUcKjYKXY,878,328,1816,https://www.youtube.com/watch?v=zK1wwwblFS0,0,0,0,0,
1d2404a7bd5a4baab9473392d62e7ca9,14500,419104,533,144,841,https://www.youtube.com/watch?v=DzgvH-QsE8w,533,144,841,https://www.youtube.com/watch?v=DzgvH-QsE8w,0,0,0,,7961,1174,339,2848,https://www.twitch.tv/videos/2223129005
3d786b116dbc437e8684d7b46567a1e5,14400,188063,8392,2248,35054,https://www.youtube.com/watch?v=WcoRVwhVOiU,0,0,0,,8392,2248,35054,https://www.youtube.com/watch?v=WcoRVwhVOiU,0,0,0,0,
18bd2d37e2e64f0cab20ec6a2b2f2474,14400,445782,636,218,7650,https://www.youtube.com/watch?v=1u98-1_kmq8,397,178,1265,https://www.youtube.com/watch?v=M0PrgiWXhIY,1079,672,7650,https://www.youtube.com/watch?v=1u98-1_kmq8,1451,271,189,379,https://www.twitch.tv/videos/2220543938
0bfd032de03c48a4bd7d1f4505335a7d,14400,438211,413,243,828,https://www.youtube.com/watch?v=JbLePtTwbSY,413,243,828,https://www.youtube.com/watch?v=JbLePtTwbSY,0,0,0,,0,0,0,0,
99f6f80397b34d0b9a0cfd40f3801a35,14300,176403,3834,1931,39807,https://www.youtube.com/watch?v=TVfzQtmyyds,0,0,0,,3834,1931,39807,https://www.youtube.com/watch?v=TVfzQtmyyds,0,0,0,0,
2d57d202ef8e46a5871302b944309bc2,14200,1600136,76,48,428,https://www.youtube.com/watch?v=4ckMSeNP0Xg,76,48,121,https://www.youtube.com/watch?v=V6pLq1QSs-8,242,82,428,https://www.youtube.com/watch?v=4ckMSeNP0Xg,0,0,0,0,
5a934764983e45959855735b79bcc90e,14000,165994,6396,2865,30526,https://www.youtube.com/watch?v=9aG-anVkWic,0,0,0,,6396,2865,30526,https://www.youtube.com/watch?v=9aG-anVkWic,0,0,0,0,
28a930938667442288010b333937e2ab,13900,1128022,455,418,6425,https://www.youtube.com/watch?v=3UVrVZ8Q9OQ,0,0,0,,455,418,6425,https://www.youtube.com/watch?v=3UVrVZ8Q9OQ,7518,1434,870,4978,https://www.twitch.tv/videos/2209318821
75ddc749133b4c498eb35ceac1e2a0b2,13700,715473,1616,834,38706,https://www.youtube.com/watch?v=iio1eo50PBc,1365,737,5304,https://www.youtube.com/watch?v=u1PlRt0sn_w,5683,2665,38706,https://www.youtube.com/watch?v=iio1eo50PBc,0,0,0,0,
ed3f69b9de7c43f3a32b4e7dfdb5bfd0,13700,373282,403,154,1060,https://www.youtube.com/watch?v=2G7A_Qq_mYQ,380,154,1031,https://www.youtube.com/watch?v=TB3dZgBC_oc,844,325,1060,https://www.youtube.com/watch?v=2G7A_Qq_mYQ,0,0,0,0,
6aefa292dc61441e98c787efb0067922,13600,110165,5554,1255,24494,https://www.youtube.com/watch?v=Y4khLXkJ1W4,0,0,0,,5554,1255,24494,https://www.youtube.com/watch?v=Y4khLXkJ1W4,0,0,0,0,
c540124532e14ceb8e9ffc654a0ec4c9,13500,11551584,335,188,93764,https://www.youtube.com/watch?v=Yyxux6GwDJM,209,86,377,https://www.youtube.com/watch?v=rk5dWNWxnyQ,16137,5798,93764,https://www.youtube.com/watch?v=Yyxux6GwDJM,829,26,19,98,https://www.twitch.tv/videos/2222912884
215d93a2bd634b4cbeed0e88ae6d6e14,13400,4378167,756,506,98924,https://www.youtube.com/watch?v=EkIJdRPkS0Q,618,220,2224,https://www.youtube.com/watch?v=ImPGU_-IzMw,2800,1302,98924,https://www.youtube.com/watch?v=EkIJdRPkS0Q,144,0,0,0,
aaa45dc386714427ba862f691d4471ac,13300,763923,1483,716,6758,https://www.youtube.com/watch?v=NQvdHWZQVvI,1483,615,2005,https://www.youtube.com/watch?v=g88VlP6hdTQ,1516,835,6758,https://www.youtube.com/watch?v=NQvdHWZQVvI,847,0,0,0,
d5c19a6328af48ba88bf41b2dd757f14,13300,512683,327,213,1036,https://www.youtube.com/watch?v=mJEiQTtW9gM,322,155,1036,https://www.youtube.com/watch?v=mJEiQTtW9gM,544,303,821,https://www.youtube.com/watch?v=EuZrc5f_AOo,0,0,0,0,
abc7acc71b474ebebecfde51ad5f88e1,13300,432920,239,148,352,https://www.youtube.com/watch?v=zTYijmFV8jo,239,148,352,https://www.youtube.com/watch?v=zTYijmFV8jo,0,0,0,,1678,0,0,0,
08184fac3ec1408a8009f2e7078794dd,13300,612483,813,390,1338,https://www.youtube.com/watch?v=idOCeTuKC0s,813,390,900,https://www.youtube.com/watch?v=weeGCV7miiw,1060,428,1338,https://www.youtube.com/watch?v=idOCeTuKC0s,0,0,0,0,
090be1be8d29429183e190e22fc4be22,13200,637933,219,99,3624,https://www.youtube.com/watch?v=tZDPJd3N4KM,214,84,348,https://www.youtube.com/watch?v=DgOQGg3Wd_U,322,143,3624,https://www.youtube.com/watch?v=tZDPJd3N4KM,2984,217,167,239,https://www.twitch.tv/videos/2226455078
221563b6b46245379c6dc6328c9d0447,13100,900937,832,191,920,https://www.youtube.com/watch?v=uif1NAquaSU,0,0,0,,832,191,920,https://www.youtube.com/watch?v=uif1NAquaSU,0,0,0,0,
793e165182584e9aaee5dcc331abbb1e,13000,440369,0,0,0,,0,0,0,,0,0,0,,1833,0,0,0,
390346240f4748bd9d81e472411c20c2,12700,283862,216,160,216,https://www.youtube.com/watch?v=A5BLkBXNL2Y,216,160,216,https://www.youtube.com/watch?v=A5BLkBXNL2Y,0,0,0,,3581,230,170,230,https://www.twitch.tv/videos/2223211864
a0d4fad2fd3d4e4981947642a9dbafc4,12700,166285,16152,6747,32389,https://www.youtube.com/watch?v=zuX9ltoHQwQ,0,0,0,,16152,6747,32389,https://www.youtube.com/watch?v=zuX9ltoHQwQ,330,0,0,0,
936b23e5e87144108c5d3f09f194c8b8,12500,955450,382,163,3628,https://www.youtube.com/watch?v=b4JazRGHjFM,382,163,603,https://www.youtube.com/watch?v=7ca4Ab_0TAg,478,180,3628,https://www.youtube.com/watch?v=b4JazRGHjFM,6946,0,0,0,
5d8a211269e449868dc84cc422ae0ec7,12300,302326,627,251,878,https://www.youtube.com/watch?v=AID1MQdEOnI,657,302,878,https://www.youtube.com/watch?v=AID1MQdEOnI,244,228,269,https://www.youtube.com/watch?v=RO9Uww7TOg8,0,0,0,0,
88aa589d4a3648738e49243d2056d03b,12300,536907,589,292,8887,https://www.youtube.com/watch?v=nukQk6FO13k,557,284,1526,https://www.youtube.com/watch?v=BKurOqBWYME,1025,345,8887,https://www.youtube.com/watch?v=nukQk6FO13k,1474,0,0,0,
15cbed02d2f74630b04b73515909c1f4,12200,388283,328,116,645,https://www.youtube.com/watch?v=D5id6MjsED0,328,116,645,https://www.youtube.com/watch?v=D5id6MjsED0,0,0,0,,2343,334,179,346,https://www.twitch.tv/videos/2218216056
14770d49681b44c1a6a7fcbdc265f539,12200,606560,2330,592,4418,https://www.youtube.com/watch?v=m7FBgoJO38U,2330,592,4418,https://www.youtube.com/watch?v=m7FBgoJO38U,0,0,0,,0,0,0,0,
fd7a69505569429fb845ac056825f3a9,12200,432045,283,153,3671,https://www.youtube.com/watch?v=tXjb_vFcsBU,265,153,1030,https://www.youtube.com/watch?v=r0yXQ105j0Y,571,135,3671,https://www.youtube.com/watch?v=tXjb_vFcsBU,0,0,0,0,
6a30fc9ee6f24d839198497406c63cc1,12200,1208886,160,55,575,https://www.youtube.com/watch?v=7ROBCRsFZSY,173,80,227,https://www.youtube.com/watch?v=4EdLM0D4XSs,122,10,575,https://www.youtube.com/watch?v=7ROBCRsFZSY,421,49,28,50,https://www.twitch.tv/videos/2218933954
a9f28d3e3d2a4ecb93ff10955be791d1,12000,103382,7205,6267,23871,https://www.youtube.com/watch?v=YgAR7IUIgkA,0,0,0,,7205,6267,23871,https://www.youtube.com/watch?v=YgAR7IUIgkA,299,0,0,0,
920d34819cf944e99cf469f7552d535f,12000,1099095,2407,1144,5287,https://www.youtube.com/watch?v=v-M8LULj2vw,2023,850,4328,https://www.youtube.com/watch?v=8j5T-OTvzWw,3459,1693,5287,https://www.youtube.com/watch?v=v-M8LULj2vw,0,0,0,0,
139f3f1818a2420aa35d5471adaf1a73,11900,337950,518,278,1955,https://www.youtube.com/watch?v=atsFSksE7hs,518,278,1955,https://www.youtube.com/watch?v=atsFSksE7hs,0,0,0,,0,0,0,0,
fa3bc2669fe041dfaa0765278ffd6330,11800,406909,0,0,0,,0,0,0,,0,0,0,,2664,0,0,0,
b77374e93bbf4e289a5b6082a7b43c3c,11800,617426,323,185,991,https://www.youtube.com/watch?v=EEZ47oNlWso,307,183,695,https://www.youtube.com/watch?v=pD29OP21Pnc,973,262,991,https://www.youtube.com/watch?v=EEZ47oNlWso,0,0,0,0,
6559d42f66684b8f80b4cd4589addd85,11700,625853,314,141,439,https://www.youtube.com/watch?v=9NGJIYuGtKA,315,200,439,https://www.youtube.com/watch?v=9NGJIYuGtKA,66,18,67,https://www.youtube.com/watch?v=Q1kWl1-VoZg,3474,185,125,219,https://www.twitch.tv/videos/2219012982
656455380d524045b9f75d6082563f94,11700,1025490,258,131,2556,https://www.youtube.com/watch?v=WB-bvZR99tI,235,130,432,https://www.youtube.com/watch?v=HCf4pdBN5o4,543,241,2556,https://www.youtube.com/watch?v=WB-bvZR99tI,552,0,0,0,
7b2c8df9fd9d4f33bd5ec0c38f12826f,11700,0,0,0,0,,0,0,0,,0,0,0,,6310,0,0,0,
c88554bbf263412da16e7a17fd03e467,11600,101266,636,360,2225,https://www.youtube.com/watch?v=osQDYQMsOYk,636,360,2225,https://www.youtube.com/watch?v=osQDYQMsOYk,0,0,0,,0,0,0,0,
b57162e62056494d85f1743abdbad648,11600,541360,774,244,1256,https://www.youtube.com/watch?v=Vr3cJXAhPuU,776,330,1256,https://www.youtube.com/watch?v=Vr3cJXAhPuU,543,138,818,https://www.youtube.com/watch?v=0-C38vvlAcc,314,57,39,57,https://www.twitch.tv/videos/2224858745
b165ca888a7d4f61b754ac53ca374f11,11500,699718,689,191,689,https://www.youtube.com/watch?v=zXb98iyBXNk,689,191,689,https://www.youtube.com/watch?v=zXb98iyBXNk,0,0,0,,0,0,0,0,
d2c76258b7ff45ee88e3585c4c9ed0c1,11500,325154,501,219,2460,https://www.youtube.com/watch?v=gzViuhVqKV4,501,219,2460,https://www.youtube.com/watch?v=gzViuhVqKV4,0,0,0,,3681,0,0,0,
126103200de947a7a3c2ac3971eef633,11500,601954,994,348,5512,https://www.youtube.com/watch?v=UvJGZSpf7IQ,880,221,1704,https://www.youtube.com/watch?v=RVgwejNq5fw,4413,2015,5512,https://www.youtube.com/watch?v=UvJGZSpf7IQ,0,0,0,0,
7ef2dc851df94f5aa7f632c736b4307e,11400,374636,466,216,789,https://www.youtube.com/watch?v=YPy5ZMzQ_Do,474,245,789,https://www.youtube.com/watch?v=YPy5ZMzQ_Do,319,32,319,https://www.youtube.com/watch?v=_tni-ckOI2o,557,0,0,0,
8ee549546bb14154b5e1fcaf3dd51f09,11400,12221,0,0,0,,0,0,0,,0,0,0,,975,0,0,0,
bf197e3d2cd6400db5f7e397427965e5,11400,124045,212,150,895,https://www.youtube.com/watch?v=37X4SxkA64s,192,134,895,https://www.youtube.com/watch?v=37X4SxkA64s,321,266,708,https://www.youtube.com/watch?v=_sq5-ItUjEM,138,58,46,58,https://www.twitch.tv/videos/2224871353
88f782b3b6c6492c926f70e4a13390c9,11300,492754,346,116,5942,https://www.youtube.com/watch?v=rD3zPn821aU,318,106,514,https://www.youtube.com/watch?v=aIdn0BcPbEo,1529,752,5942,https://www.youtube.com/watch?v=rD3zPn821aU,416,170,92,242,https://www.twitch.tv/videos/2223360276
bac1f0b8e8d149d4a48cfd30d7d7ad74,11300,651110,508,249,25956,https://www.youtube.com/watch?v=g8xVFqSPcLc,505,302,726,https://www.youtube.com/watch?v=HDNwfDqV2d0,1552,68,25956,https://www.youtube.com/watch?v=g8xVFqSPcLc,0,0,0,0,
bb08b8a2a44746499cbe1be1932fa5f9,11100,47248,0,0,0,,0,0,0,,0,0,0,,1,0,0,0,
22fd5004e4a34134b6855525e01cda73,11000,262907,236,126,684,https://www.youtube.com/watch?v=OO48NhaJv0g,229,94,275,https://www.youtube.com/watch?v=4GU5Gjn-YCc,519,271,684,https://www.youtube.com/watch?v=OO48NhaJv0g,0,0,0,0,
d5aa3e4d1b5e4346baaa0db456048bfa,10900,154468,278,113,621,https://www.youtube.com/watch?v=ftVnxyx5oA0,272,101,565,https://www.youtube.com/watch?v=tKeWOXfgltU,604,253,621,https://www.youtube.com/watch?v=ftVnxyx5oA0,0,0,0,0,
75d0bd5fa58a4a5fb479e3b2ebae82a7,10900,363565,268,153,494,https://www.youtube.com/watch?v=h_N3Tciwt-E,268,153,494,https://www.youtube.com/watch?v=h_N3Tciwt-E,0,0,0,,0,0,0,0,
91919c2ad07a4db88e0b4cfbc1739940,10900,298978,828,503,11383,https://www.youtube.com/watch?v=_zpvkRrz_EY,854,566,11383,https://www.youtube.com/watch?v=_zpvkRrz_EY,261,105,336,https://www.youtube.com/watch?v=hJebiV68wao,0,0,0,0,
72cc5bf1729245618e1f10da0b796d53,10800,377012,468,195,1079,https://www.youtube.com/watch?v=pgza57fDYd8,468,195,1079,https://www.youtube.com/watch?v=pgza57fDYd8,0,0,0,,1516,0,0,0,
ed28c754bb704dbf8a296f7008c2b5e4,10800,98729,89,25,439,https://www.youtube.com/watch?v=IYqiULyVh6Y,89,25,439,https://www.youtube.com/watch?v=IYqiULyVh6Y,0,0,0,,5964,111,80,208,https://www.twitch.tv/videos/2225464445
365db081229a4efeb4630f19587a96b2,10800,389736,512,212,4948,https://www.youtube.com/watch?v=d1IaK6QVsJA,507,205,4948,https://www.youtube.com/watch?v=d1IaK6QVsJA,769,607,769,https://www.youtube.com/watch?v=-VQi_ssFgD8,0,0,0,0,
0448e6929687421c9e0435832765b9fe,10800,181924,485,192,807,https://www.youtube.com/watch?v=OmM7kfPvCWg,479,201,807,https://www.youtube.com/watch?v=OmM7kfPvCWg,688,160,688,https://www.youtube.com/watch?v=PrIYjnRdeYw,1384,294,246,567,https://www.twitch.tv/videos/2227349985
1eec022f916a46b58f5124936afdabe3,10700,138052,274,120,528,https://www.youtube.com/watch?v=MGCkeiLE2W0,269,118,501,https://www.youtube.com/watch?v=YxQ9E7g5S6E,528,335,528,https://www.youtube.com/watch?v=MGCkeiLE2W0,0,0,0,0,
49eca1ea30a8425a8967677070c95627,10700,164716,2177,1048,15074,https://www.youtube.com/watch?v=_RJKTuwU7a0,1713,1172,7035,https://www.youtube.com/watch?v=vMysVwYEOlI,4564,714,15074,https://www.youtube.com/watch?v=_RJKTuwU7a0,0,0,0,0,
43864254e678407fae3dc899f7155912,10600,368549,277,141,714,https://www.youtube.com/watch?v=CrliMsaUQjk,269,137,670,https://www.youtube.com/watch?v=IU-g8kuNrnk,342,162,714,https://www.youtube.com/watch?v=CrliMsaUQjk,0,0,0,0,
c518b228a5a849179ab26f28d230036e,10600,110628,254,107,978,https://www.youtube.com/watch?v=OLWqhuVYs08,263,110,978,https://www.youtube.com/watch?v=OLWqhuVYs08,113,102,113,https://www.youtube.com/watch?v=XkfMjXyPTck,0,0,0,0,
2d8030df89d042fba678da36c8f68aea,10600,401864,523,487,523,https://www.youtube.com/watch?v=JGiDN3-Dcdo,523,487,523,https://www.youtube.com/watch?v=JGiDN3-Dcdo,0,0,0,,0,0,0,0,
192d2decee72410e8346c135c4ac6e00,10600,171813,1915,771,27354,https://www.youtube.com/watch?v=ED0wYmLtHJk,1650,920,6649,https://www.youtube.com/watch?v=Jlwf-4qbgGo,2031,618,27354,https://www.youtube.com/watch?v=ED0wYmLtHJk,1723,0,0,0,
a7145a6e0ede44dfbef984d9dc22534f,10500,516518,444,57,456,https://www.youtube.com/watch?v=LJH1tsv6LZY,444,57,456,https://www.youtube.com/watch?v=LJH1tsv6LZY,0,0,0,,0,0,0,0,
42844ee6e0cc47938829b43a3101b9bb,10500,100950,2116,882,2116,https://www.youtube.com/watch?v=ReLb4-sVECs,0,0,0,,2116,882,2116,https://www.youtube.com/watch?v=ReLb4-sVECs,4642,3369,1526,8431,https://www.twitch.tv/videos/2223226567
3005ff0c09064d7f924c506e1e9c18ba,10500,291967,1265,706,1701,https://www.youtube.com/watch?v=bWWPxCaqyog,0,0,0,,1265,706,1701,https://www.youtube.com/watch?v=bWWPxCaqyog,14551,2632,1245,8713,https://www.twitch.tv/videos/2224048175
51cd04cab0de47d4b2b5a156bbe2dfb0,10400,280838,462,138,2396,https://www.youtube.com/watch?v=URQIJu1BL3o,462,149,617,https://www.youtube.com/watch?v=YsxI646V-7s,534,107,2396,https://www.youtube.com/watch?v=URQIJu1BL3o,0,0,0,0,
3569cab127ab4bf9af790de9a999a5f8,10400,299183,377,231,823,https://www.youtube.com/watch?v=1GVSwnwHlcI,406,263,823,https://www.youtube.com/watch?v=1GVSwnwHlcI,179,168,179,https://www.youtube.com/watch?v=IBLV5-1sX_E,521,427,298,459,https://www.twitch.tv/videos/2223168441
8c3af9f56a3f4f1d84fcfcfa9f280c8d,10400,598539,352,172,1269,https://www.youtube.com/watch?v=gGDUFbEpbv8,352,172,1269,https://www.youtube.com/watch?v=gGDUFbEpbv8,0,0,0,,0,0,0,0,
9d153fd60b584d31b600bca66a86e452,10300,513915,452,203,832,https://www.youtube.com/watch?v=CXTSSBHQHdM,353,134,502,https://www.youtube.com/watch?v=my6W5R0kChc,605,293,832,https://www.youtube.com/watch?v=CXTSSBHQHdM,0,0,0,0,
fefbcad20d8344c79c74a103d0ea45b2,10300,257225,211,123,294,https://www.youtube.com/watch?v=E1Fxci6xkYQ,211,123,294,https://www.youtube.com/watch?v=E1Fxci6xkYQ,0,0,0,,0,0,0,0,
a11814b8fb494b0c88170f182aa37cf9,10200,291586,572,234,1194,https://www.youtube.com/watch?v=SEhf_YTVFlA,575,240,1194,https://www.youtube.com/watch?v=SEhf_YTVFlA,324,143,324,https://www.youtube.com/watch?v=CJ1BVpooK_k,0,0,0,0,
e02e777312df43b986f089339652402e,10100,0,0,0,0,,0,0,0,,0,0,0,,0,0,0,0,
53c811a3e7814de2b76dd4e0c241a9e5,10100,100381,302,137,7954,https://www.youtube.com/watch?v=ZR9D08wjamQ,293,130,1533,https://www.youtube.com/watch?v=KhUPTZnrev0,4428,1741,7954,https://www.youtube.com/watch?v=ZR9D08wjamQ,268,0,0,0,
14d83faa414c415097d577d2da9636ce,10000,548331,202,163,253,https://www.youtube.com/watch?v=whOoo-BC88E,202,163,253,https://www.youtube.com/watch?v=whOoo-BC88E,0,0,0,,0,0,0,0,
8dd4a8b4598e483e9112b2b1a9466013,9990,2544899,148,74,2110,https://www.youtube.com/watch?v=6Z9QcJhL-rw,147,69,192,https://www.youtube.com/watch?v=aDISHPRVCUE,448,104,2110,https://www.youtube.com/watch?v=6Z9QcJhL-rw,249,0,0,0,
7cecb437e7a54e07a29c3a164565957d,9850,236977,410,200,4411,https://www.youtube.com/watch?v=TsMot_91Rxc,488,213,1435,https://www.youtube.com/watch?v=T0c7V__0eIE,312,119,4411,https://www.youtube.com/watch?v=TsMot_91Rxc,0,0,0,0,
96fc771ccb55485bb770997ec43e1ce1,9800,203164,2399,193,24248,https://www.youtube.com/watch?v=4Bjk8LrM1aI,284,41,304,https://www.youtube.com/watch?v=k9XLmbhzyug,14371,1034,24248,https://www.youtube.com/watch?v=4Bjk8LrM1aI,0,0,0,0,
1a520f3d2665454f985490e42467ae27,9560,194832,353,167,537,https://www.youtube.com/watch?v=6P5h_ZT7beY,353,142,517,https://www.youtube.com/watch?v=1jW7GDWmhIU,537,506,537,https://www.youtube.com/watch?v=6P5h_ZT7beY,0,0,0,0,
1434ae451f81469da327f32c387b9df0,9520,233206,275,130,485,https://www.youtube.com/watch?v=DgOyy8IPCoo,275,130,485,https://www.youtube.com/watch?v=DgOyy8IPCoo,0,0,0,,0,0,0,0,
8faff7aecb9d4e12917ea0144696e2de,9410,288326,456,174,1254,https://www.youtube.com/watch?v=e_n6u8X_uY4,465,221,1254,https://www.youtube.com/watch?v=e_n6u8X_uY4,124,35,124,https://www.youtube.com/watch?v=tXbRjTUkPn8,0,0,0,0,
99e291fd358849b8877df76fba0a672e,9300,340009,886,473,3202,https://www.youtube.com/watch?v=tXmvHxHqtfQ,818,358,1103,https://www.youtube.com/watch?v=jBejefNMA_Q,1403,1235,3202,https://www.youtube.com/watch?v=tXmvHxHqtfQ,0,0,0,0,
340d9b553db042bdb8294ba2f9fd6990,9270,188934,314,137,720,https://www.youtube.com/watch?v=hpuMb-bFNy4,320,131,720,https://www.youtube.com/watch?v=hpuMb-bFNy4,314,167,314,https://www.youtube.com/watch?v=rtqMRWGPvMA,1095,0,0,0,
4b53aa789e544bd9aaecc9fbc79e4bbe,9160,660603,315,210,315,https://www.youtube.com/watch?v=Sx9xBUcgPhM,315,210,315,https://www.youtube.com/watch?v=Sx9xBUcgPhM,0,0,0,,0,0,0,0,
423dd7da92be47f4af7273c5f74efb27,9160,387937,313,143,313,https://www.youtube.com/watch?v=5OEw0wxa1FU,0,0,0,,313,143,313,https://www.youtube.com/watch?v=5OEw0wxa1FU,37787,2046,551,5441,https://www.twitch.tv/videos/2222151805
65d554df176e4b849379d015fb333abf,9160,56268,331,190,825,https://www.youtube.com/watch?v=8zIcHuSQTzI,326,173,825,https://www.youtube.com/watch?v=8zIcHuSQTzI,489,230,489,https://www.youtube.com/watch?v=s3ivHMX7reg,0,0,0,0,
c4bc52355d334a98bdaa1e57c05673ad,9080,913932,500,303,9523,https://www.youtube.com/watch?v=jOlsbmmR8Lk,465,220,875,https://www.youtube.com/watch?v=T9z9Xp1lUIE,6566,1661,9523,https://www.youtube.com/watch?v=jOlsbmmR8Lk,0,0,0,0,
5e0db06126544cfd944fc86a327be67a,9070,50422,294,103,709,https://www.youtube.com/watch?v=YHN3KCp8m1s,302,119,431,https://www.youtube.com/watch?v=X71E8mTI7Jo,294,71,709,https://www.youtube.com/watch?v=YHN3KCp8m1s,0,0,0,0,
b4bf821f6a6a440996f4fd9cddaf250b,9030,339190,225,70,2194,https://www.youtube.com/watch?v=ZLbctCW2Uo0,223,58,341,https://www.youtube.com/watch?v=iAEi2IaSpB4,2194,154,2194,https://www.youtube.com/watch?v=ZLbctCW2Uo0,0,0,0,0,
63a55bc5320e4f148ed0abd7991b0e01,9000,488079,875,355,5105,https://www.youtube.com/watch?v=sqqMdzXTXmg,0,0,0,,875,355,5105,https://www.youtube.com/watch?v=sqqMdzXTXmg,6465,1296,637,2079,https://www.twitch.tv/videos/2217223637
92335c98e0b244eda7a8660694d90f70,8980,59760,343,179,1658,https://www.youtube.com/watch?v=-oD9Ups_G6U,335,131,521,https://www.youtube.com/watch?v=RBJ1DUaDZSQ,377,235,1658,https://www.youtube.com/watch?v=-oD9Ups_G6U,0,0,0,0,
914f6caed3ff4348824d966f76662bc2,8960,625024,830,364,1826,https://www.youtube.com/watch?v=gn5r4xDuaFE,830,337,1826,https://www.youtube.com/watch?v=gn5r4xDuaFE,839,563,1234,https://www.youtube.com/watch?v=QPqv_Ulls18,0,0,0,0,
3367168108de48adb898018c257db64f,8930,59454,328,84,439,https://www.youtube.com/watch?v=uxv3CXE_JM0,328,84,439,https://www.youtube.com/watch?v=uxv3CXE_JM0,0,0,0,,0,0,0,0,
5d2231ea88fd474d8a11e5a759899216,8900,490396,429,204,1227,https://www.youtube.com/watch?v=5t8AXW3QMY4,430,216,1227,https://www.youtube.com/watch?v=5t8AXW3QMY4,314,188,688,https://www.youtube.com/watch?v=TqbL8bbK7k8,206,0,0,0,
b7f222493f4d4bd1be65f1c08300b45e,8870,315944,225,109,449,https://www.youtube.com/watch?v=kVSP5c_H-xw,225,109,449,https://www.youtube.com/watch?v=kVSP5c_H-xw,0,0,0,,0,0,0,0,
ad4d805afc1549348584aacb24035f89,8830,55848,274,126,487,https://www.youtube.com/watch?v=-5AQUsBEMqA,290,135,487,https://www.youtube.com/watch?v=-5AQUsBEMqA,56,0,56,https://www.youtube.com/watch?v=iHOBT-ABSLc,0,0,0,0,
645fc774332a469ebd03f1a822ebe2be,8720,620006,537,249,747,https://www.youtube.com/watch?v=dO6UANWAYmI,538,289,747,https://www.youtube.com/watch?v=dO6UANWAYmI,365,74,365,https://www.youtube.com/watch?v=2qFbuGdljNs,0,0,0,0,
e11a32eec71e4b49aba5525ba012a02a,8710,322561,417,123,1217,https://www.youtube.com/watch?v=CzSW-Ee6zyc,409,119,926,https://www.youtube.com/watch?v=zPysPzkuEDw,904,210,1217,https://www.youtube.com/watch?v=CzSW-Ee6zyc,152,0,0,0,
c51f84b3ec9c4501a364a6a4982fa284,8700,293598,0,0,0,,0,0,0,,0,0,0,,2808,209,189,318,https://www.twitch.tv/videos/2228266088
c163cb7f683c453fa8a994ebbb09ede8,8690,148689,353,212,1356,https://www.youtube.com/watch?v=x5AVaFelH-w,0,0,0,,353,212,1356,https://www.youtube.com/watch?v=x5AVaFelH-w,0,0,0,0,
13c69e2cf2ff4dc1907bbae9a87a8c0f,8690,409355,168,96,314,https://www.youtube.com/watch?v=mxBEdXsTKCc,168,96,314,https://www.youtube.com/watch?v=mxBEdXsTKCc,0,0,0,,1582,352,310,747,https://www.twitch.tv/videos/2223764772
bdc034d3afcd4456b6da2b96a2e460ef,8670,814508,74,14,74,https://www.youtube.com/watch?v=zuqBrkD8JhI,74,14,74,https://www.youtube.com/watch?v=zuqBrkD8JhI,0,0,0,,1531,57,32,57,https://www.twitch.tv/videos/2219070492
b0f523194beb4abca2b433e9e41d912c,8660,101428,7804,4445,14352,https://www.youtube.com/watch?v=ydc9tFUm_m8,0,0,0,,7804,4445,14352,https://www.youtube.com/watch?v=ydc9tFUm_m8,7391,0,0,0,
d407b30c72a841bd82af1f5cc8ec0667,8570,346001,472,243,1017,https://www.youtube.com/watch?v=_EgcaHKkKeU,472,243,1017,https://www.youtube.com/watch?v=_EgcaHKkKeU,0,0,0,,5462,0,0,0,
703ae2c7ccc9431382a5b0f2c35e6ec1,8520,272518,786,246,1376,https://www.youtube.com/watch?v=w9svQzLJn_Y,786,215,1190,https://www.youtube.com/watch?v=RpXXvNp0u4g,1080,421,1376,https://www.youtube.com/watch?v=w9svQzLJn_Y,0,0,0,0,
7298d2db845840d7ab462c7628967f4e,8420,339620,286,169,316,https://www.youtube.com/watch?v=VUu60lxnQYI,286,169,316,https://www.youtube.com/watch?v=VUu60lxnQYI,0,0,0,,0,0,0,0,
209a528363cd411886ec9e5d086ff1bc,8380,647215,471,160,1613,https://www.youtube.com/watch?v=OHpEbIeFjOE,480,164,801,https://www.youtube.com/watch?v=FFvlqoAKhTU,365,147,1613,https://www.youtube.com/watch?v=OHpEbIeFjOE,684,0,0,0,
8e96dc48c7714f258034d97d8b9a7f51,8350,44177,435,182,694,https://www.youtube.com/watch?v=qGyhNp8oU6M,414,182,694,https://www.youtube.com/watch?v=qGyhNp8oU6M,551,216,691,https://www.youtube.com/watch?v=vlBDgUD3lrw,0,0,0,0,
0249265256814f61978f6d492fe1c15d,8340,224927,486,37,591,https://www.youtube.com/watch?v=-qzu2gSMKlg,486,37,591,https://www.youtube.com/watch?v=-qzu2gSMKlg,0,0,0,,0,0,0,0,
836f66b079c4466db64a8b3bc9295450,8330,199918,298,137,663,https://www.youtube.com/watch?v=zsHBPyRzpqQ,276,170,356,https://www.youtube.com/watch?v=YB6ih49JEPo,347,112,663,https://www.youtube.com/watch?v=zsHBPyRzpqQ,0,0,0,0,
ef67b676c0334ef182151f473469c1f1,8330,376599,716,238,3842,https://www.youtube.com/watch?v=8w3ywiVysKA,627,287,1219,https://www.youtube.com/watch?v=kVlc0tdqbN0,875,80,3842,https://www.youtube.com/watch?v=8w3ywiVysKA,0,0,0,0,
4571c7a211b945f3b608c0066f7e73e4,8280,1519710,328,217,2383,https://www.youtube.com/watch?v=xr62A2XRthk,328,217,2383,https://www.youtube.com/watch?v=xr62A2XRthk,0,0,0,,765,0,0,0,
0471d5082a2e419786e141d6424c9150,8270,372647,758,379,1345,https://www.youtube.com/watch?v=TLRv8304Ces,0,0,0,,758,379,1345,https://www.youtube.com/watch?v=TLRv8304Ces,6344,0,0,0,
f53807443055490f87b85ded6caee0aa,8210,330583,247,102,1052,https://www.youtube.com/watch?v=VPLFEsMTCrk,252,135,415,https://www.youtube.com/watch?v=CsLnALlp6cE,131,63,1052,https://www.youtube.com/watch?v=VPLFEsMTCrk,385,0,0,0,
099a5fd0d27d4fc892f684793ac18c99,8190,734642,2353,1096,26181,https://www.youtube.com/watch?v=VKfyQnOpsXw,699,374,789,https://www.youtube.com/watch?v=GjXfQ_vG7G4,2728,1157,26181,https://www.youtube.com/watch?v=VKfyQnOpsXw,0,0,0,0,
82e63a8d4ae14beab89e13b43b35fce3,8160,122829,264,141,4188,https://www.youtube.com/watch?v=2rAZ0qaM7F0,233,130,4188,https://www.youtube.com/watch?v=2rAZ0qaM7F0,480,241,480,https://www.youtube.com/watch?v=A0wApl2Q0Aw,0,0,0,0,
310862830fb648b78cca7e581e2622a7,8120,220192,626,251,981,https://www.youtube.com/watch?v=ocBIOZAmcHI,0,0,0,,626,251,981,https://www.youtube.com/watch?v=ocBIOZAmcHI,43368,3534,1514,6396,https://www.twitch.tv/videos/2218815291
cf66d52e3a4146dbaf03c1578fc25c47,8120,0,0,0,0,,0,0,0,,0,0,0,,953,0,0,0,
7b58646f89cb4b7cbcdce819499c475f,8100,121429,305,159,981,https://www.youtube.com/watch?v=1JNSj1A8tTg,321,211,367,https://www.youtube.com/watch?v=HxZ1KUpHfNg,262,151,981,https://www.youtube.com/watch?v=1JNSj1A8tTg,0,0,0,0,
71e1a399885b48e79c9a98e973e6b5e3,8020,2133081,5708,2430,132515,https://www.youtube.com/watch?v=c8rI1r6FlcY,0,0,0,,5708,2430,132515,https://www.youtube.com/watch?v=c8rI1r6FlcY,480,123,96,134,https://www.twitch.tv/videos/2220608955
74c26216c39a40d1a9f1c5f63fa4d344,8000,293913,312,220,700,https://www.youtube.com/watch?v=bBA7yQ0a1v4,312,220,700,https://www.youtube.com/watch?v=bBA7yQ0a1v4,0,0,0,,0,0,0,0,
538d1d2058da4bdea1c7f43f088e995b,7950,203936,341,40,395,https://www.youtube.com/watch?v=laSfMf39580,341,40,395,https://www.youtube.com/watch?v=laSfMf39580,0,0,0,,3285,0,0,0,
41a8958a1a4a4cc8b404d04da033400e,7900,331118,0,0,0,,0,0,0,,0,0,0,,493,0,0,0,
823311ac8226476e8d1e323f536bf8b1,7890,146397,2182,690,2182,https://www.youtube.com/watch?v=hGWky-Br_G4,2182,690,2182,https://www.youtube.com/watch?v=hGWky-Br_G4,0,0,0,,672,0,0,0,
b92c6e4c3bea4b938077a8f152f78083,7850,56241,0,0,0,,0,0,0,,0,0,0,,0,0,0,0,
1c94e6e4d8cf4f8d9195385a9024275a,7820,79340,0,0,0,,0,0,0,,0,0,0,,407,0,0,0,
56abcaadabbe44dbbd18ab0ecfe1037f,7790,274410,289,97,624,https://www.youtube.com/watch?v=twL-REIb8nk,300,148,624,https://www.youtube.com/watch?v=twL-REIb8nk,201,40,270,https://www.youtube.com/watch?v=4t1Zlm-kk7E,0,0,0,0,
976e0cf401784d3f874dc85b2b2c5839,7780,320857,292,160,860,https://www.youtube.com/watch?v=BMQ2jGkTUWM,292,160,766,https://www.youtube.com/watch?v=v_EOvEVznyk,468,163,860,https://www.youtube.com/watch?v=BMQ2jGkTUWM,1748,253,181,271,https://www.twitch.tv/videos/2221527097
ad56a56e509c4b6fa0cf11ca959e3c72,7770,148428,262,103,1388,https://www.youtube.com/watch?v=APkMfOaTero,352,94,526,https://www.youtube.com/watch?v=bTZW6BAKyc8,183,103,1388,https://www.youtube.com/watch?v=APkMfOaTero,124,0,0,0,
95e5788cabf340e397e2726def426229,7730,207372,454,228,1030,https://www.youtube.com/watch?v=FTpduKgaU4o,452,229,1030,https://www.youtube.com/watch?v=FTpduKgaU4o,459,217,943,https://www.youtube.com/watch?v=mz5TUiVir8E,0,0,0,0,
6c0758764e674c6db2f985710fcfbd7b,7590,296011,644,235,2049,https://www.youtube.com/watch?v=AYpu6rM82pU,631,233,1086,https://www.youtube.com/watch?v=oWlfgt8cQ9M,960,386,2049,https://www.youtube.com/watch?v=AYpu6rM82pU,0,0,0,0,
247215e876d24dae9932464b75fc577c,7590,438627,232,90,6994,https://www.youtube.com/watch?v=-915f85RVHc,228,78,516,https://www.youtube.com/watch?v=mPGEmCOEfPs,312,141,6994,https://www.youtube.com/watch?v=-915f85RVHc,0,0,0,0,
1d14efa0dfb34515831c46b7dfddf819,7510,292886,758,345,8320,https://www.youtube.com/watch?v=11fN7hxo0xg,457,193,820,https://www.youtube.com/watch?v=caSW7wroehM,1734,805,8320,https://www.youtube.com/watch?v=11fN7hxo0xg,0,0,0,0,
ab19e58312b74ebd9b68e27aeb0adde5,7510,303841,342,153,1270,https://www.youtube.com/watch?v=nW5tNpS0Ogc,295,153,920,https://www.youtube.com/watch?v=qnyVthmX1rE,529,147,1270,https://www.youtube.com/watch?v=nW5tNpS0Ogc,0,0,0,0,
38fcf8bc7f3f45d68bab44577c019c84,7470,250861,598,239,2939,https://www.youtube.com/watch?v=fxAjlciFL4E,521,196,915,https://www.youtube.com/watch?v=8TMao9Ww_u0,959,411,2939,https://www.youtube.com/watch?v=fxAjlciFL4E,0,0,0,0,
824bd7df6923453292dec9ff3e3f664a,7460,332602,305,143,1139,https://www.youtube.com/watch?v=jXXN8kboUco,354,160,1139,https://www.youtube.com/watch?v=jXXN8kboUco,125,66,270,https://www.youtube.com/watch?v=sn-oaYFWlBM,578,0,0,0,
1254f176d93548aca5ac7f4b53313f71,7410,2329108,50,22,544,https://www.youtube.com/watch?v=VzcTh0RTRc0,44,17,92,https://www.youtube.com/watch?v=BDW9N5ZwHFQ,105,46,544,https://www.youtube.com/watch?v=VzcTh0RTRc0,1547,19,13,32,https://www.twitch.tv/videos/2226677971
a168211aa3dd451cb33e09b80df0ea0a,7390,217666,141,62,582,https://www.youtube.com/watch?v=XHfczZOElsA,141,62,582,https://www.youtube.com/watch?v=XHfczZOElsA,114,83,151,https://www.youtube.com/watch?v=N63Oh_GGOlo,499,33,26,35,https://www.twitch.tv/videos/2223813648
3e269031fb4b45aaa0906ca424190ce2,7310,138149,283,186,888,https://www.youtube.com/watch?v=kYQWvL8gLio,388,301,388,https://www.youtube.com/watch?v=pBd8sWX6AIw,179,139,888,https://www.youtube.com/watch?v=kYQWvL8gLio,8923,1807,850,3301,https://www.twitch.tv/videos/2217092191
13a520e0a60c4aeea42f1c4d613e7e10,7240,236882,0,0,0,,0,0,0,,0,0,0,,498,0,0,0,
03b825a2908749099e40cd4a4d1169aa,7230,173060,303,67,386,https://www.youtube.com/watch?v=c4L_kazhy1E,303,67,386,https://www.youtube.com/watch?v=c4L_kazhy1E,0,0,0,,0,0,0,0,
556c69847bc14bc7be03b3e40e52ac98,7190,149303,416,147,620,https://www.youtube.com/watch?v=s2dhFoqBg5o,416,147,620,https://www.youtube.com/watch?v=s2dhFoqBg5o,0,0,0,,1735,0,0,0,
2d6886120def4c148c70514433d77e1e,7160,378194,845,530,1894,https://www.youtube.com/watch?v=q6nUaYHBFzs,835,524,1186,https://www.youtube.com/watch?v=AYd4ggPgRek,1894,1145,1894,https://www.youtube.com/watch?v=q6nUaYHBFzs,0,0,0,0,
aa9fa329d639488dbb860b8f8b3235f8,7150,253892,2996,982,9789,https://www.youtube.com/watch?v=wmIDCH8ishM,2996,982,9789,https://www.youtube.com/watch?v=wmIDCH8ishM,0,0,0,,2241,491,350,646,https://www.twitch.tv/videos/2224134365
f42c6f5877f14a38aef3f3b515769149,7140,653538,411,263,956,https://www.youtube.com/watch?v=AmPRfmgOXVU,411,231,956,https://www.youtube.com/watch?v=AmPRfmgOXVU,440,269,604,https://www.youtube.com/watch?v=g799gr8rXYk,0,0,0,0,
1d5ee3e2653b4ae5b1050533f8d1ae31,7120,11439,0,0,0,,0,0,0,,0,0,0,,0,0,0,0,
e1e11ed8ecb24ab6ad7e1d4c4c39f563,7110,216416,191,135,660,https://www.youtube.com/watch?v=vo-aWNQtqko,159,104,245,https://www.youtube.com/watch?v=BK-KJeJYjmw,660,573,660,https://www.youtube.com/watch?v=vo-aWNQtqko,0,0,0,0,
3e1c8d17663e49158b54330fdac1a308,7080,69475,0,0,0,,0,0,0,,0,0,0,,838,0,0,0,
650652d2db7b4c1bbc27a201cff37639,7070,223610,0,0,0,,0,0,0,,0,0,0,,0,0,0,0,
df0c2ce19ccf4e26ac1a18065f85dacc,7060,300787,370,249,1120,https://www.youtube.com/watch?v=ISY3_FBpN-Q,357,240,742,https://www.youtube.com/watch?v=gF1s3Douai4,922,558,1120,https://www.youtube.com/watch?v=ISY3_FBpN-Q,0,0,0,0,
6eec62ae2c9849de8ca895cef44ec952,7010,299374,260,126,7327,https://www.youtube.com/watch?v=aIflBVjenYY,200,85,303,https://www.youtube.com/watch?v=M7_pzRWKNCw,1182,818,7327,https://www.youtube.com/watch?v=aIflBVjenYY,860,191,115,386,https://www.twitch.tv/videos/2223922473
ecd7e504a0b64480a4127a25678e4b4a,7000,93831,0,0,0,,0,0,0,,0,0,0,,0,0,0,0,
543ddfe1d70d4a19920f6daa1959b3b4,6980,0,0,0,0,,0,0,0,,0,0,0,,0,0,0,0,
7f72433f23da4bf8bfbf7ee3904eb7ca,6910,263620,321,141,771,https://www.youtube.com/watch?v=AG7yeIxQcQc,321,141,771,https://www.youtube.com/watch?v=AG7yeIxQcQc,0,0,0,,842,0,0,0,
36a96262405a4d4683db73d8403bf8b7,6900,560795,799,308,2018,https://www.youtube.com/watch?v=bquawRlYz8k,794,291,1847,https://www.youtube.com/watch?v=iFF5zzdLPsI,966,308,2018,https://www.youtube.com/watch?v=bquawRlYz8k,0,0,0,0,
0c09a69445864b44adbba11b487f9b1a,6830,163977,392,315,539,https://www.youtube.com/watch?v=LRC_hAByCUA,0,0,0,,392,315,539,https://www.youtube.com/watch?v=LRC_hAByCUA,812,0,0,0,
558d8602fdeb4f3cb4ce484babb30577,6800,286376,401,70,17318,https://www.youtube.com/watch?v=E-3oHT0DDv0,341,56,980,https://www.youtube.com/watch?v=-BIBXyCdhWU,865,749,17318,https://www.youtube.com/watch?v=E-3oHT0DDv0,0,0,0,0,
554ca19c3d924cacac1f680675b9fdd2,6760,146300,0,0,0,,0,0,0,,0,0,0,,401,0,0,0,
c4ffb821927d406682f3f17edfdf3bcd,6690,144729,251,126,630,https://www.youtube.com/watch?v=DozD3q_TWuY,267,138,630,https://www.youtube.com/watch?v=DozD3q_TWuY,83,34,92,https://www.youtube.com/watch?v=yvZkfGUu1l8,0,0,0,0,
80f4d6e50af64a48be812258498e86c0,6680,338837,0,0,0,,0,0,0,,0,0,0,,161,0,0,0,
c4c40346f25443958f26010756c4693a,6680,413205,274,115,579,https://www.youtube.com/watch?v=7S8FIEpnCeM,274,115,579,https://www.youtube.com/watch?v=7S8FIEpnCeM,0,0,0,,90,0,0,0,
fe660ff34f8a41e4ac75bd6f9ac67400,6680,254273,643,273,13095,https://www.youtube.com/watch?v=PRWpe0SczuM,442,242,1512,https://www.youtube.com/watch?v=5p4CEOFOdEo,1559,793,13095,https://www.youtube.com/watch?v=PRWpe0SczuM,0,0,0,0,
ac2b3c839ed14b12af1acecf322a15bd,6640,202370,556,104,6627,https://www.youtube.com/watch?v=OBCgi_RLD_E,256,60,596,https://www.youtube.com/watch?v=FgjooDb4x0U,758,133,6627,https://www.youtube.com/watch?v=OBCgi_RLD_E,0,0,0,0,
f40b8e8debf14680b5cc88bae98918f7,6560,205371,711,457,711,https://www.youtube.com/watch?v=HYnJsxrkz5c,711,457,711,https://www.youtube.com/watch?v=HYnJsxrkz5c,0,0,0,,0,0,0,0,
557a590ea9764e8c99e72415d1837d52,6510,21054,0,0,0,,0,0,0,,0,0,0,,0,0,0,0,
c72226925ba94855b9fcc88fc2a25acc,6500,474137,499,236,722,https://www.youtube.com/watch?v=xH-UVCZW-t8,500,290,722,https://www.youtube.com/watch?v=xH-UVCZW-t8,271,127,706,https://www.youtube.com/watch?v=J6MY1ZzW-X8,0,0,0,0,
ad2a1148ff4747229694f9aa2c3645d9,6470,433240,451,158,4133,https://www.youtube.com/watch?v=uO7dNarCfzE,346,141,533,https://www.youtube.com/watch?v=jNBRAlYM2ic,565,245,4133,https://www.youtube.com/watch?v=uO7dNarCfzE,0,0,0,0,
715cc1261d7e42c18135d47bd1cf2500,6430,120541,372,127,731,https://www.youtube.com/watch?v=66Cm85Jb2ag,0,0,0,,372,127,731,https://www.youtube.com/watch?v=66Cm85Jb2ag,5101,308,241,690,https://www.twitch.tv/videos/2221597391
65ab938b60074946af1ea65a002c70df,6430,1823210,208,87,6505,https://www.youtube.com/watch?v=f_p_pdlnNK8,86,30,149,https://www.youtube.com/watch?v=SnfMCLvUzEg,513,149,6505,https://www.youtube.com/watch?v=f_p_pdlnNK8,561,0,0,0,
3ec59b8cb4114af7be754daa0b1b1ced,6420,251247,519,224,667,https://www.youtube.com/watch?v=_ficIUCMLxs,515,243,667,https://www.youtube.com/watch?v=_ficIUCMLxs,611,206,611,https://www.youtube.com/watch?v=p1vX7AanZk8,0,0,0,0,
2885972c2d0943e6b697bdc5e72c1d4a,6420,112366,385,212,4633,https://www.youtube.com/watch?v=sknBcXu9LbI,380,204,461,https://www.youtube.com/watch?v=7LxWP71EFYA,4633,1273,4633,https://www.youtube.com/watch?v=sknBcXu9LbI,0,0,0,0,
ebc44e2ba78f4790b832d02c31410262,6380,270003,312,145,1378,https://www.youtube.com/watch?v=lFtmUL5uH_g,296,100,363,https://www.youtube.com/watch?v=56y11SUPF0U,516,349,1378,https://www.youtube.com/watch?v=lFtmUL5uH_g,166,145,88,145,https://www.twitch.tv/videos/2219948146
5b6584a73478450d9db3f44b918580fd,6300,0,0,0,0,,0,0,0,,0,0,0,,973,0,0,0,
1c2de2bbc8ec43c49a84e3b3e67c8ca9,6290,325285,0,0,0,,0,0,0,,0,0,0,,0,0,0,0,
febd22ec0bec4ecdbcd383be8c2694c3,6280,0,0,0,0,,0,0,0,,0,0,0,,2504,1300,1154,2167,https://www.twitch.tv/videos/2227376129
dc3e05e0c12b4e0a93dc230f30925ee0,6280,161550,215,77,215,https://www.youtube.com/watch?v=e18--zB6wh4,0,0,0,,215,77,215,https://www.youtube.com/watch?v=e18--zB6wh4,5387,402,241,402,https://www.twitch.tv/videos/2219737695
fe1d3152398b44e39d69f7ef78e73a8c,6270,313335,1026,357,1651,https://www.youtube.com/watch?v=6QXLaPfqLww,1026,357,1651,https://www.youtube.com/watch?v=6QXLaPfqLww,0,0,0,,0,0,0,0,
c4470a1419984fb8aec0851f225b177a,6260,493664,324,110,475,https://www.youtube.com/watch?v=vxWzS2bLhog,341,72,475,https://www.youtube.com/watch?v=vxWzS2bLhog,208,118,336,https://www.youtube.com/watch?v=ngqsEAoB-Ro,0,0,0,0,
5fc94cdcf7594a3ba5ce001ba405d3be,6250,293037,698,207,1151,https://www.youtube.com/watch?v=_st3L6U3oFM,704,209,1151,https://www.youtube.com/watch?v=_st3L6U3oFM,264,203,264,https://www.youtube.com/watch?v=T-Y8myu2Chs,1271,0,0,0,
281c7713c21e41bcb6e81365f328ab8c,6240,216067,557,414,935,https://www.youtube.com/watch?v=7_2r6leHKcI,557,414,935,https://www.youtube.com/watch?v=7_2r6leHKcI,0,0,0,,0,0,0,0,
4482e4f0cea64f92aa78b2513c7ed897,6240,412388,406,216,725,https://www.youtube.com/watch?v=LUUOOp5iSf8,359,207,677,https://www.youtube.com/watch?v=_nec5ErWrQ0,725,562,725,https://www.youtube.com/watch?v=LUUOOp5iSf8,0,0,0,0,
fffd31d236a2479c9070bcc171bdc13d,6230,139066,560,149,692,https://www.youtube.com/watch?v=sQI9A-jr25k,560,149,692,https://www.youtube.com/watch?v=sQI9A-jr25k,0,0,0,,0,0,0,0,
468c9630d37b4c41bb6b0305dc1143cf,6230,381519,283,132,659,https://www.youtube.com/watch?v=OYXtyZTEpJc,283,132,659,https://www.youtube.com/watch?v=OYXtyZTEpJc,0,0,0,,1030,0,0,0,
1af2e898b30a47518c54d7cb52ea92db,6220,86687,0,0,0,,0,0,0,,0,0,0,,1230,0,0,0,
da3a3993bd8946da824d66d5a5d456e2,6220,292986,716,194,1319,https://www.youtube.com/watch?v=HeDXRpetla8,716,194,1319,https://www.youtube.com/watch?v=HeDXRpetla8,0,0,0,,0,0,0,0,
2adc6f9aabb64fd892ff5d29ebdd5c44,6210,146114,0,0,0,,0,0,0,,0,0,0,,0,0,0,0,
16c4a9b7211a44f6b98d8e1aebf4ea70,6210,193806,293,138,413,https://www.youtube.com/watch?v=EreF1ZEU9yw,247,115,413,https://www.youtube.com/watch?v=EreF1ZEU9yw,340,161,340,https://www.youtube.com/watch?v=qY16wt259_o,665,0,0,0,
420208d1dcb74abfa325fc1f6a27e17b,6200,251413,540,255,822,https://www.youtube.com/watch?v=wWRvOwC1te8,510,249,822,https://www.youtube.com/watch?v=wWRvOwC1te8,640,321,640,https://www.youtube.com/watch?v=n_FTHau-MWc,1350,0,0,0,
5dbed684176349d28353d5293085cd9c,6150,195497,664,259,1498,https://www.youtube.com/watch?v=qUb91oZ0c88,765,259,1498,https://www.youtube.com/watch?v=qUb91oZ0c88,374,241,694,https://www.youtube.com/watch?v=Vj9lh7xEUeA,0,0,0,0,
5cdf289b83524643af7ab2f2c8788adf,6150,218385,247,145,1707,https://www.youtube.com/watch?v=VTBFhzVu-iw,221,89,411,https://www.youtube.com/watch?v=-Mewwog-zR8,1110,260,1707,https://www.youtube.com/watch?v=VTBFhzVu-iw,0,0,0,0,
66aa1c91546a4cfdab43faa119cea04a,6070,152,0,0,0,,0,0,0,,0,0,0,,4002,0,0,0,
94c7cb6122bd4dcab2d8660ddc5f5508,6070,200267,165,72,272,https://www.youtube.com/watch?v=wma79IM1POs,165,72,272,https://www.youtube.com/watch?v=wma79IM1POs,0,0,0,,398,27,20,28,https://www.twitch.tv/videos/2220653219
77e980ab542a4db6a34b5ac9c8f3948b,6070,259172,373,168,3380,https://www.youtube.com/watch?v=c0muWXYHjIQ,369,175,551,https://www.youtube.com/watch?v=vogZQPodKh4,1393,117,3380,https://www.youtube.com/watch?v=c0muWXYHjIQ,619,0,0,0,
1dd6fdbb4f764fc3a18747c8adbf0692,6030,174974,264,114,1135,https://www.youtube.com/watch?v=k1dOggU2pq8,250,132,1135,https://www.youtube.com/watch?v=k1dOggU2pq8,440,54,440,https://www.youtube.com/watch?v=xvSTT93m9WY,0,0,0,0,
4558095012964943921cd8a376a192fd,6020,146087,1169,486,7445,https://www.youtube.com/watch?v=x8vD7BY2XbU,827,341,1953,https://www.youtube.com/watch?v=ZrITurdepzk,2325,1186,7445,https://www.youtube.com/watch?v=x8vD7BY2XbU,3197,1471,1224,1768,https://www.twitch.tv/videos/2227452819
9b33b75521bd43bca3346790ac65559c,6020,1138228,506,226,6070,https://www.youtube.com/watch?v=ZGPEmJEbmg8,405,160,434,https://www.youtube.com/watch?v=hOjvpQF4qT8,550,235,6070,https://www.youtube.com/watch?v=ZGPEmJEbmg8,7687,659,326,888,https://www.twitch.tv/videos/2216290801
b54e216619d14031a317b820113e4084,6000,246927,100,41,166,https://www.youtube.com/watch?v=-7HyutNCcZg,107,77,166,https://www.youtube.com/watch?v=-7HyutNCcZg,69,38,125,https://www.youtube.com/watch?v=j-rcw5If5EM,0,0,0,0,
5cb1c062f5f94b44a41ae658f4a53f0c,5980,102428,0,0,0,,0,0,0,,0,0,0,,11277,1370,618,2534,https://www.twitch.tv/videos/2215387788
350516d81d0944fd8dde463cbd4fd279,5960,558095,687,620,1943,https://www.youtube.com/watch?v=KTM2FHgUXdQ,211,120,211,https://www.youtube.com/watch?v=155K4UrDOLI,1315,670,1943,https://www.youtube.com/watch?v=KTM2FHgUXdQ,0,0,0,0,
80f41a215cbc487b99f9015de3b58cf0,5940,237476,0,0,0,,0,0,0,,0,0,0,,0,0,0,0,
6603f7e70b684a07a3dac687460bacc5,5940,186216,84,40,171,https://www.youtube.com/watch?v=NkuMxZ9x2sk,84,40,171,https://www.youtube.com/watch?v=NkuMxZ9x2sk,0,0,0,,1086,72,53,100,https://www.twitch.tv/videos/2224065444
3c5b24ec5e7e4451a917bb1683298c05,5930,284250,0,0,0,,0,0,0,,0,0,0,,0,0,0,0,
a83b6d485350402b90238deb371ae654,5920,82003,0,0,0,,0,0,0,,0,0,0,,3395,1120,900,1491,https://www.twitch.tv/videos/2227361916
2a5b6a733ac54aba9490db8f504378d1,5850,106413,0,0,0,,0,0,0,,0,0,0,,0,0,0,0,
0158495d5a2542a98181c2ddd21b90af,5830,0,0,0,0,,0,0,0,,0,0,0,,0,0,0,0,
4fd21f7726694ecfb8e81e5352487a7b,5820,205560,221,88,278,https://www.youtube.com/watch?v=JSHX39WVznI,224,89,278,https://www.youtube.com/watch?v=JSHX39WVznI,47,19,47,https://www.youtube.com/watch?v=bhRteG49kII,0,0,0,0,
0851296bdf4c4516b2506b8cce5151da,5800,550833,189,126,541,https://www.youtube.com/watch?v=hW-IXpTAvj8,148,131,231,https://www.youtube.com/watch?v=CKCzFznPg0s,259,121,541,https://www.youtube.com/watch?v=hW-IXpTAvj8,0,0,0,0,
24e82c81100a446c89de043b738483e9,5780,498869,0,0,0,,0,0,0,,0,0,0,,0,0,0,0,
08be94e874d448f8a2794a44c61e8d8f,5720,404305,322,198,508,https://www.youtube.com/watch?v=Q93aXqDp3PQ,322,198,508,https://www.youtube.com/watch?v=Q93aXqDp3PQ,0,0,0,,0,0,0,0,
696e947cd8624e609553d6786d21f11c,5700,110515,319,242,531,https://www.youtube.com/watch?v=GlkaFSR33yU,298,197,446,https://www.youtube.com/watch?v=MlvsdXwERSU,531,318,531,https://www.youtube.com/watch?v=GlkaFSR33yU,0,0,0,0,
1a3a0feb188e499ab4972c971d639f58,5700,233394,504,13,682,https://www.youtube.com/watch?v=swuAVm8u4kI,504,13,682,https://www.youtube.com/watch?v=swuAVm8u4kI,0,0,0,,0,0,0,0,
25938d6d61cc45379bb0b98da7924ddf,5690,138454,0,0,0,,0,0,0,,0,0,0,,0,0,0,0,
b58761a33d75486f8aa0bf3f5bf07fe5,5680,60613,0,0,0,,0,0,0,,0,0,0,,1819,0,0,0,
5f0afd7885894861925e7030c096297e,5650,296808,477,212,839,https://www.youtube.com/watch?v=c-4wYXRqcGU,445,212,839,https://www.youtube.com/watch?v=c-4wYXRqcGU,559,191,559,https://www.youtube.com/watch?v=-9vfkIS2blw,0,0,0,0,
bf58297d50a741e5b1808ec4c445f216,5630,211180,389,229,5384,https://www.youtube.com/watch?v=jKzhAYw5KG4,342,224,587,https://www.youtube.com/watch?v=Ul5oRzt8hQ4,670,245,5384,https://www.youtube.com/watch?v=jKzhAYw5KG4,0,0,0,0,
03c018f2d3064da6ac4899bef1d600c5,5580,42512,3650,3412,3650,https://www.youtube.com/watch?v=gvvIUw8tyEw,0,0,0,,3650,3412,3650,https://www.youtube.com/watch?v=gvvIUw8tyEw,16694,7929,2958,11552,https://www.twitch.tv/videos/2222376331
757f1b20f7bd459ebd8949da907dceea,5560,236334,231,109,507,https://www.youtube.com/watch?v=LOXbvpkjFtM,231,109,507,https://www.youtube.com/watch?v=LOXbvpkjFtM,250,155,402,https://www.youtube.com/watch?v=1Ym7aqs9eo4,0,0,0,0,
d9e5219a4cd84ac59bc35faa94729f01,5550,131547,278,85,1310,https://www.youtube.com/watch?v=v4l3brX-ESo,0,0,0,,278,85,1310,https://www.youtube.com/watch?v=v4l3brX-ESo,7264,249,228,860,https://www.twitch.tv/videos/2219511378
0b1217df534d441bbdeb11d5f2a6465b,5520,26243,255,129,763,https://www.youtube.com/watch?v=Vsu6kb-7c9E,255,129,763,https://www.youtube.com/watch?v=Vsu6kb-7c9E,0,0,0,,794,0,0,0,
a51be890a1f443ea87bee45c9d8acf13,5510,565944,422,69,1979,https://www.youtube.com/watch?v=ApAJZykpPxw,0,0,0,,422,69,1979,https://www.youtube.com/watch?v=ApAJZykpPxw,12632,2976,820,4152,https://www.twitch.tv/videos/2223766070
3cf4da41775b4e608f4dde5859cdda74,5480,661836,2820,2098,6429,https://www.youtube.com/watch?v=xXB3TmV23bs,0,0,0,,2820,2098,6429,https://www.youtube.com/watch?v=xXB3TmV23bs,0,0,0,0,
44052b3832774bd7a4e4151f044c0901,5480,89741,0,0,0,,0,0,0,,0,0,0,,2142,0,0,0,
1569b00373564846b894f47403376c6b,5480,194967,341,131,2519,https://www.youtube.com/watch?v=POA_gwjXQ74,268,125,471,https://www.youtube.com/watch?v=iLzOc3OVq3s,1063,341,2519,https://www.youtube.com/watch?v=POA_gwjXQ74,0,0,0,0,
8c6bc741e4614154a63e987f930a468d,5470,191596,529,181,922,https://www.youtube.com/watch?v=UbWwC7GkNUM,529,181,922,https://www.youtube.com/watch?v=UbWwC7GkNUM,0,0,0,,0,0,0,0,
8309d31b418642db83f0cf56b38fc9ad,5460,415904,537,290,1576,https://www.youtube.com/watch?v=X6jCGERYSiU,568,290,1576,https://www.youtube.com/watch?v=X6jCGERYSiU,533,233,537,https://www.youtube.com/watch?v=ITvhk1aD79E,125,0,0,0,
a1470eec8f9349668adfbad2f25329b1,5440,888,0,0,0,,0,0,0,,0,0,0,,1501,0,0,0,
e17f42aa104040deae2ee3f3b1e85ed8,5440,261398,0,0,0,,0,0,0,,0,0,0,,37290,9578,3212,17902,https://www.twitch.tv/videos/2206791554
d2a7b2d142ea4076afcfc7263b9e09fd,5420,282205,409,172,1583,https://www.youtube.com/watch?v=-pxxy-ceV-g,360,155,444,https://www.youtube.com/watch?v=-YfVP_jYunc,787,231,1583,https://www.youtube.com/watch?v=-pxxy-ceV-g,743,242,235,242,https://www.twitch.tv/videos/2229158561
f819220249044c7ca97126c828833c9b,5370,0,0,0,0,,0,0,0,,0,0,0,,0,0,0,0,
6e51f06f6a02439d82b213b623cda4e8,5350,191176,645,216,1494,https://www.youtube.com/watch?v=qABtQCsdo80,577,211,1494,https://www.youtube.com/watch?v=qABtQCsdo80,726,220,923,https://www.youtube.com/watch?v=RLkNidSSu94,0,0,0,0,
410a9fff47f5491d98c47a4fa25ddf83,5310,6704,0,0,0,,0,0,0,,0,0,0,,0,0,0,0,
a5f7302f9f1a4fcdb2471c4bc52a05fb,5300,154360,886,384,2380,https://www.youtube.com/watch?v=uUHwhO3csfM,901,409,2380,https://www.youtube.com/watch?v=uUHwhO3csfM,584,281,620,https://www.youtube.com/watch?v=q1IS9LiRIPw,0,0,0,0,
7e088cf828bf4e02ae65bb8a1f6a8b89,5290,186915,128,70,159,https://www.youtube.com/watch?v=GCsQrKJnEfo,128,70,159,https://www.youtube.com/watch?v=GCsQrKJnEfo,0,0,0,,203,0,0,0,
49196eec11454f589d4d6e52f1b1bbe8,5270,287628,158,74,502,https://www.youtube.com/watch?v=JY8pP1OhEKc,158,63,324,https://www.youtube.com/watch?v=8LqOlsOq4tE,306,108,502,https://www.youtube.com/watch?v=JY8pP1OhEKc,0,0,0,0,
effe96469a7348c786d01ccea8cf71cb,5270,158273,0,0,0,,0,0,0,,0,0,0,,0,0,0,0,
8fae79a84cd049fd8a2ea50528a75e2b,5240,443183,0,0,0,,0,0,0,,0,0,0,,2038,0,0,0,
f6c34086d07a4322b9d4ebc538bada96,5220,69803,465,228,675,https://www.youtube.com/watch?v=C55lCTCvVJs,465,228,675,https://www.youtube.com/watch?v=C55lCTCvVJs,0,0,0,,0,0,0,0,
93a4d479e67242d58d3ff80307d3bc84,5200,138238,218,65,703,https://www.youtube.com/watch?v=VIEAfWIOiUo,217,68,368,https://www.youtube.com/watch?v=hCXAscW_IA8,578,27,703,https://www.youtube.com/watch?v=VIEAfWIOiUo,85,0,0,0,
9604bd9896fc421ba131a9a6e11d50b0,5170,323176,352,163,996,https://www.youtube.com/watch?v=y0IZHxAmZ30,282,157,616,https://www.youtube.com/watch?v=-iPrnyyj-28,621,201,996,https://www.youtube.com/watch?v=y0IZHxAmZ30,0,0,0,0,
b473dffe721745f6beb34b5a49e9aeda,5150,408745,668,317,957,https://www.youtube.com/watch?v=FvRhE2EaqmM,668,317,957,https://www.youtube.com/watch?v=FvRhE2EaqmM,0,0,0,,0,0,0,0,
f9c9c29a9fb143539ade06564b99b233,5150,0,0,0,0,,0,0,0,,0,0,0,,0,0,0,0,
7fdfd0346667458a8657626f03434b59,5130,131208,349,158,574,https://www.youtube.com/watch?v=ArdnOkfHpW4,349,158,574,https://www.youtube.com/watch?v=ArdnOkfHpW4,0,0,0,,0,0,0,0,
4cd21df2b76148b182903cc0aebe2bfa,5120,156688,245,113,665,https://www.youtube.com/watch?v=jfPMSXbc3bg,245,113,461,https://www.youtube.com/watch?v=b1NGPPK-IFQ,411,135,665,https://www.youtube.com/watch?v=jfPMSXbc3bg,0,0,0,0,
c8c87552da404928bcb9fcbafd896591,5100,102834,441,214,1048,https://www.youtube.com/watch?v=3s2Q773lx1E,449,216,883,https://www.youtube.com/watch?v=r9TQEzfvj0c,425,213,1048,https://www.youtube.com/watch?v=3s2Q773lx1E,0,0,0,0,
788611c913b04d999011628637657bee,5100,311277,308,167,2959,https://www.youtube.com/watch?v=wgr5rm9sUuM,253,122,618,https://www.youtube.com/watch?v=SY-5480dfa8,882,326,2959,https://www.youtube.com/watch?v=wgr5rm9sUuM,0,0,0,0,
b10149a2a1ee4ffcbf1dacb1b1722f9f,5090,109737,182,91,373,https://www.youtube.com/watch?v=Dl3yZ5E3y9c,182,91,373,https://www.youtube.com/watch?v=Dl3yZ5E3y9c,0,0,0,,817,0,0,0,
3c16d0b797bf49c3a4a6c043802ee2ec,5090,27805,0,0,0,,0,0,0,,0,0,0,,0,0,0,0,
7f9d223a684e44e8b8d30bedcc07f1fa,5080,162881,277,166,801,https://www.youtube.com/watch?v=CoTj9d2wH3g,278,169,801,https://www.youtube.com/watch?v=CoTj9d2wH3g,198,77,198,https://www.youtube.com/watch?v=6Abnqfltgy4,0,0,0,0,
33717d815310491da465eb6258a70b1c,5070,219023,295,98,372,https://www.youtube.com/watch?v=KA8enwZYB2A,268,65,331,https://www.youtube.com/watch?v=O0tzvqCHrw8,324,126,372,https://www.youtube.com/watch?v=KA8enwZYB2A,0,0,0,0,
62e820e937ef4f4aaea0073bc5b21063,5050,121781,286,141,1273,https://www.youtube.com/watch?v=-zF-rza67rA,283,162,1273,https://www.youtube.com/watch?v=-zF-rza67rA,569,99,569,https://www.youtube.com/watch?v=ezXgJ-ii0Ko,0,0,0,0,
08a612f1ecf84b619a8899a5caed28c1,5000,210394,557,311,4450,https://www.youtube.com/watch?v=CStWAD9J5yk,556,285,1145,https://www.youtube.com/watch?v=poUsHsEbano,3143,893,4450,https://www.youtube.com/watch?v=CStWAD9J5yk,20679,1619,614,2430,https://www.twitch.tv/videos/2207759024
bf48aafcc9464111b358a4595cc7311c,4990,108355,459,148,679,https://www.youtube.com/watch?v=PN1ok6MoYV0,459,148,679,https://www.youtube.com/watch?v=PN1ok6MoYV0,0,0,0,,0,0,0,0,
c40c5082434e4b1ca8e19f82d54f83b2,4990,1416858,1159,571,10684,https://www.youtube.com/watch?v=0QMA3T_3G-U,0,0,0,,1159,571,10684,https://www.youtube.com/watch?v=0QMA3T_3G-U,0,0,0,0,
7ebc0dc9fdf3442688ecd63bbdc30c51,4970,149422,531,297,1708,https://www.youtube.com/watch?v=VhxP_YcTI3o,531,297,1708,https://www.youtube.com/watch?v=VhxP_YcTI3o,0,0,0,,0,0,0,0,
6f9d63518a69442a88ac602a3b37bf18,4950,245394,398,212,1240,https://www.youtube.com/watch?v=W3MKlUeTGaQ,398,284,1240,https://www.youtube.com/watch?v=W3MKlUeTGaQ,354,54,460,https://www.youtube.com/watch?v=BOszZty1D3E,0,0,0,0,
c430f1e7cfee4440b2b537c80a2a667d,4950,156360,471,218,648,https://www.youtube.com/watch?v=b5JT_90PcPU,471,218,648,https://www.youtube.com/watch?v=b5JT_90PcPU,0,0,0,,0,0,0,0,
e68d9d0d1b344998b5b8adc60f321b50,4940,126787,304,165,304,https://www.youtube.com/watch?v=Y6rPFdX1Ni0,304,165,304,https://www.youtube.com/watch?v=Y6rPFdX1Ni0,0,0,0,,0,0,0,0,
86154ca2dc964847b37297138aa65b9f,4930,158016,243,111,547,https://www.youtube.com/watch?v=a1OlGBpdBDM,243,111,547,https://www.youtube.com/watch?v=a1OlGBpdBDM,0,0,0,,962,0,0,0,
de81b740d66c439685aa37491d27efc4,4920,453504,0,0,0,,0,0,0,,0,0,0,,4322,348,266,466,https://www.twitch.tv/videos/2219779287
9e213402f2f54c42866d4f62545921b4,4910,82735,197,110,757,https://www.youtube.com/watch?v=pbb_D1gs8i0,163,63,197,https://www.youtube.com/watch?v=jc_iKxr9to4,757,203,757,https://www.youtube.com/watch?v=pbb_D1gs8i0,422,0,0,0,
94082eb7d950471b934592394ad3e4c8,4890,182717,560,366,1242,https://www.youtube.com/watch?v=9MPVzlaymBI,552,366,1242,https://www.youtube.com/watch?v=9MPVzlaymBI,925,435,1192,https://www.youtube.com/watch?v=aPcqQgEBaog,0,0,0,0,
c321746bebe740cb98625ca4cf6fb9a7,4810,109886,0,0,0,,0,0,0,,0,0,0,,0,0,0,0,
fceadce7c37f4cc08bc747aa79c3cf9e,4760,79895,249,132,945,https://www.youtube.com/watch?v=xITYkjsuvFw,207,126,945,https://www.youtube.com/watch?v=xITYkjsuvFw,553,207,630,https://www.youtube.com/watch?v=jp8Sb5pB0uA,0,0,0,0,
b6a105f12b904256ba356935ae46657f,4760,104610,0,0,0,,0,0,0,,0,0,0,,7757,12574,9948,15781,https://www.twitch.tv/videos/2228995313
c897f2f0ae414985aa623bfe2dfe8f1c,4760,101095,130,41,252,https://www.youtube.com/watch?v=htOMwN3vGIA,129,40,252,https://www.youtube.com/watch?v=htOMwN3vGIA,234,171,234,https://www.youtube.com/watch?v=_X4Y3yYFe24,0,0,0,0,
887b37336c9c4730809ace8b5e38df17,4750,24594,0,0,0,,0,0,0,,0,0,0,,47344,0,0,0,
d13fdb8fdd3049e5bf80b5ab0fa8a1a6,4730,297874,285,122,593,https://www.youtube.com/watch?v=wwN3L0Q9t7o,272,128,559,https://www.youtube.com/watch?v=M7jQtj9Ajwc,326,82,593,https://www.youtube.com/watch?v=wwN3L0Q9t7o,0,0,0,0,
1e71d9b4bbb1411b84e1aa428a79c9bc,4730,56518,150,41,564,https://www.youtube.com/watch?v=HVbcmbQnf6s,159,39,362,https://www.youtube.com/watch?v=-PZ4HF6GYpE,125,116,564,https://www.youtube.com/watch?v=HVbcmbQnf6s,0,0,0,0,
d96ffd71ce0d4f508b270703149a6669,4710,156179,157,68,252,https://www.youtube.com/watch?v=DXaHpYVZs2Y,152,61,252,https://www.youtube.com/watch?v=DXaHpYVZs2Y,213,142,213,https://www.youtube.com/watch?v=4c31w1HydXU,0,0,0,0,
1937fa889b474d339713d1117f435018,4690,439311,123,58,174,https://www.youtube.com/watch?v=JyV3xmvVNM0,0,0,0,,123,58,174,https://www.youtube.com/watch?v=JyV3xmvVNM0,5690,947,460,1675,https://www.twitch.tv/videos/2219664851
443df65de03b4bd581708efc29b283ab,4670,68203,0,0,0,,0,0,0,,0,0,0,,2322,0,0,0,
9b11be3138284ff3904d3292d6aaa284,4670,205400,153,66,226,https://www.youtube.com/watch?v=APJnuEK4k-U,189,34,226,https://www.youtube.com/watch?v=APJnuEK4k-U,138,81,220,https://www.youtube.com/watch?v=TGj3KjNpL6Q,0,0,0,0,
f7b1eada802e4ed89c306c6641d243b3,4660,170178,292,129,764,https://www.youtube.com/watch?v=c8Tb7yKNjSI,214,97,312,https://www.youtube.com/watch?v=fz46mHMMAH0,488,310,764,https://www.youtube.com/watch?v=c8Tb7yKNjSI,400,0,0,0,
62f0f99b50d84bef91d06efdfe1c011e,4660,124744,0,0,0,,0,0,0,,0,0,0,,0,0,0,0,
0999b4ac6dbf496aacc1d48be59c4df0,4630,106485,207,124,1217,https://www.youtube.com/watch?v=7hd7RPpxzWI,206,91,259,https://www.youtube.com/watch?v=F-eI8WrvKoY,457,442,1217,https://www.youtube.com/watch?v=7hd7RPpxzWI,0,0,0,0,
925d91a363914edfb035fe6c08946be9,4630,109758,345,148,728,https://www.youtube.com/watch?v=CiHVkD4Yqws,345,148,728,https://www.youtube.com/watch?v=CiHVkD4Yqws,0,0,0,,0,0,0,0,
058021ae015448cda91651a6bd41cdc6,4610,167490,303,130,3101,https://www.youtube.com/watch?v=0cdeP4qbYzQ,259,130,1914,https://www.youtube.com/watch?v=t4kDTZ49FeQ,386,160,3101,https://www.youtube.com/watch?v=0cdeP4qbYzQ,2166,142,85,171,https://www.twitch.tv/videos/2220909844
c9ac78b9004c4c26ba4107ccefe399ec,4570,150524,111,56,215,https://www.youtube.com/watch?v=mB05Aa26KGA,123,57,215,https://www.youtube.com/watch?v=mB05Aa26KGA,68,4,68,https://www.youtube.com/watch?v=4kguR0pkGtw,0,0,0,0,
592e95fcfa4e4610959b5635e449813d,4560,276720,440,201,440,https://www.youtube.com/watch?v=YXegjA9bOd8,0,0,0,,440,201,440,https://www.youtube.com/watch?v=YXegjA9bOd8,776,0,0,0,
36f4fa8dbd7740c3ae5ac02b890fa502,4560,257914,139,89,1884,https://www.youtube.com/watch?v=Ej1kRqGJVNk,124,69,747,https://www.youtube.com/watch?v=5JDhldDfEF0,1398,444,1884,https://www.youtube.com/watch?v=Ej1kRqGJVNk,1152,0,0,0,
2a3824dd5c0a46f597b27dd183283aea,4550,512670,266,122,3611,https://www.youtube.com/watch?v=TKGqzNAso4g,209,44,454,https://www.youtube.com/watch?v=_BwSAgg0_ZE,541,246,3611,https://www.youtube.com/watch?v=TKGqzNAso4g,0,0,0,0,
836fc798e2ec48b9985333de75d490ac,4550,376334,0,0,0,,0,0,0,,0,0,0,,0,0,0,0,
81387cdce77a4a9b9338145b28ae9ff6,4540,79574,0,0,0,,0,0,0,,0,0,0,,0,0,0,0,
6073eb006b764614915e90b5c54ce7e6,4540,242680,0,0,0,,0,0,0,,0,0,0,,2784,452,291,896,https://www.twitch.tv/videos/2226309537
ea7d228d8fb2462f95aef21fc5bd4fb8,4530,626506,940,335,1773,https://www.youtube.com/watch?v=wJ9oRjEwkA4,940,335,1773,https://www.youtube.com/watch?v=wJ9oRjEwkA4,0,0,0,,0,0,0,0,
9a496e9b261f401dba4991a9f4c7048e,4520,104759,600,247,7632,https://www.youtube.com/watch?v=4oUGD0p73ic,571,209,1137,https://www.youtube.com/watch?v=Z8zF8ss3ykg,866,686,7632,https://www.youtube.com/watch?v=4oUGD0p73ic,0,0,0,0,
f9c7e5b8bcae492aa838379fb3190c20,4500,166035,159,95,227,https://www.youtube.com/watch?v=urb29fVhCns,159,95,227,https://www.youtube.com/watch?v=urb29fVhCns,0,0,0,,0,0,0,0,
d0b68b633fba4c02a627751778973f36,4500,93450,926,707,1330,https://www.youtube.com/watch?v=6kgk84sG9b8,926,707,1330,https://www.youtube.com/watch?v=6kgk84sG9b8,0,0,0,,0,0,0,0,
ac1ce1eeaffa4e58a8155c20d8f85ff3,4480,104881,665,331,1188,https://www.youtube.com/watch?v=_Hd_MK6XuAw,666,338,1188,https://www.youtube.com/watch?v=_Hd_MK6XuAw,573,159,763,https://www.youtube.com/watch?v=TvuUumT11tU,0,0,0,0,
1f2b5204983b4d5ebe0a9352de3a66f6,4480,106610,303,20,303,https://www.youtube.com/watch?v=I4rMrBR64ws,303,20,303,https://www.youtube.com/watch?v=I4rMrBR64ws,0,0,0,,0,0,0,0,
0fa88d7be0ba4850abea150aa73fe440,4470,238132,625,478,677,https://www.youtube.com/watch?v=WMP9g6BpGUY,625,478,677,https://www.youtube.com/watch?v=WMP9g6BpGUY,0,0,0,,0,0,0,0,
1158cc8efbb64d169dd3f2c9512c5bb5,4460,47907,0,0,0,,0,0,0,,0,0,0,,565,274,228,360,https://www.twitch.tv/videos/2224871029
b3c1a09b09a54b9a8078d3310d151efe,4460,101299,148,54,549,https://www.youtube.com/watch?v=Tnd8qEUtb_A,148,54,164,https://www.youtube.com/watch?v=WTviHTXscBc,128,74,549,https://www.youtube.com/watch?v=Tnd8qEUtb_A,0,0,0,0,
59c0d89447d54786966ba8ecd5649d63,4450,148586,176,109,731,https://www.youtube.com/watch?v=cI2VqcI-7io,174,97,358,https://www.youtube.com/watch?v=O1tJ66O04aM,554,333,731,https://www.youtube.com/watch?v=cI2VqcI-7io,886,121,97,121,https://www.twitch.tv/videos/2224871731
4762b7be8b764f19a33a7cf167c2ea64,4430,88927,79,47,114,https://www.youtube.com/watch?v=hl5PRmy2Dok,48,25,48,https://www.youtube.com/watch?v=gwmGqXmc1wY,110,58,114,https://www.youtube.com/watch?v=hl5PRmy2Dok,0,0,0,0,
16197a62aec94bcfa2e73220f291369b,4410,76431,0,0,0,,0,0,0,,0,0,0,,0,0,0,0,
175cfc69dbb34f1a8987f24a935db17f,4380,171101,384,244,3704,https://www.youtube.com/watch?v=EQTyqfnduaU,375,244,784,https://www.youtube.com/watch?v=3V33ZiYxyXI,2386,499,3704,https://www.youtube.com/watch?v=EQTyqfnduaU,0,0,0,0,
a99bc695c89d41e391a5abf6e781c911,4380,268678,146,60,909,https://www.youtube.com/watch?v=hZA4bMOMhM8,90,19,90,https://www.youtube.com/watch?v=6Y3xpeUrsX0,165,64,909,https://www.youtube.com/watch?v=hZA4bMOMhM8,0,0,0,0,
490a48eedc944f9cb74501e6eefeb04d,4380,202880,344,156,476,https://www.youtube.com/watch?v=8v3uA-1TLJ4,344,156,476,https://www.youtube.com/watch?v=8v3uA-1TLJ4,0,0,0,,2278,249,100,365,https://www.twitch.tv/videos/2215540027
613b1c970cbf444980eba674ab40d807,4350,147518,0,0,0,,0,0,0,,0,0,0,,0,0,0,0,
b9569d6e438b473ba61d88c0230899f5,4350,179914,256,133,646,https://www.youtube.com/watch?v=iePM0fIeayw,266,160,330,https://www.youtube.com/watch?v=k1_tf3U_A08,256,94,646,https://www.youtube.com/watch?v=iePM0fIeayw,0,0,0,0,
4865c3feac234584909168181b7dc2be,4330,94757,102,61,161,https://www.youtube.com/watch?v=Wg-aRGUt-no,102,61,161,https://www.youtube.com/watch?v=Wg-aRGUt-no,0,0,0,,208,0,0,0,
c21605e81c714d7d9d66a627984dc30b,4330,0,0,0,0,,0,0,0,,0,0,0,,0,0,0,0,
f4fc9f87ed4b4f05a339b1f1a1d621b6,4330,89078,544,147,965,https://www.youtube.com/watch?v=vVlJOgH5gZY,544,147,965,https://www.youtube.com/watch?v=vVlJOgH5gZY,0,0,0,,0,0,0,0,
2e266a71aa3d4a67bb8d9a2a0b573319,4310,227495,0,0,0,,0,0,0,,0,0,0,,41094,5220,2447,11625,https://www.twitch.tv/videos/2216292673
e1b2337b79d1449e9ae6a754ec74050d,4300,447193,338,153,443,https://www.youtube.com/watch?v=Ve9LpJd2Ps8,338,153,443,https://www.youtube.com/watch?v=Ve9LpJd2Ps8,0,0,0,,0,0,0,0,
65d2f574783c4c6297aaa915a891acda,4250,14235,0,0,0,,0,0,0,,0,0,0,,0,0,0,0,
d41f0a9dfdec46929f6f9534f8d79167,4250,48808,0,0,0,,0,0,0,,0,0,0,,0,0,0,0,
e8c89b4aec4d45fbbb76533eb3db0428,4250,92459,94,37,10192,https://www.youtube.com/watch?v=2VKieQjqV60,93,29,292,https://www.youtube.com/watch?v=FRA3tPNrAcM,5210,2307,10192,https://www.youtube.com/watch?v=2VKieQjqV60,0,0,0,0,
eafb808b078844fdab1d8ed561dbd462,4220,123486,386,116,1251,https://www.youtube.com/watch?v=Oqs9DAT_11o,386,116,1251,https://www.youtube.com/watch?v=Oqs9DAT_11o,0,0,0,,0,0,0,0,
872627e5c7a248bfb41a055dee03029a,4190,98918,48,28,70,https://www.youtube.com/watch?v=oDQphIRQcoA,48,28,70,https://www.youtube.com/watch?v=oDQphIRQcoA,0,0,0,,0,0,0,0,
f53e734fd8ec432da4632f30e899338b,4160,116811,359,167,1129,https://www.youtube.com/watch?v=TA6KH_ZHcms,359,167,1129,https://www.youtube.com/watch?v=TA6KH_ZHcms,0,0,0,,0,0,0,0,
93bad1d4b0c54c8781e3775d13a62c38,4150,145753,491,244,3368,https://www.youtube.com/watch?v=NzlBZS4AKh0,412,168,639,https://www.youtube.com/watch?v=OohtJPQIIuM,603,383,3368,https://www.youtube.com/watch?v=NzlBZS4AKh0,440,53,37,71,https://www.twitch.tv/videos/2221547519
9d0fb5c59ea745f09934f3cfd932c393,4130,85284,376,212,7452,https://www.youtube.com/watch?v=P516jZS6NV8,371,193,666,https://www.youtube.com/watch?v=oiEWlX1wjY4,652,311,7452,https://www.youtube.com/watch?v=P516jZS6NV8,0,0,0,0,
48fd85a178c24579ac7d8f43f1e5bc39,4120,155271,0,0,0,,0,0,0,,0,0,0,,196,0,0,0,
627d42f52e604f3e8eadc7f04ef74d2a,4110,56525,0,0,0,,0,0,0,,0,0,0,,1968,236,178,408,https://www.twitch.tv/videos/2218505803
6dfe72bb90994dceb7b753908876307d,4110,174180,315,221,875,https://www.youtube.com/watch?v=5gIPtO9TJf8,315,221,875,https://www.youtube.com/watch?v=5gIPtO9TJf8,0,0,0,,0,0,0,0,
f332651666ff4dcfab45f08a39a62d8d,4080,0,0,0,0,,0,0,0,,0,0,0,,0,0,0,0,
98187e2cc8c34f5d8e0853bffc1a30c9,4070,115834,194,21,337,https://www.youtube.com/watch?v=kQXewHZOZiw,208,21,337,https://www.youtube.com/watch?v=kQXewHZOZiw,126,89,194,https://www.youtube.com/watch?v=JVEKEcf2dLc,0,0,0,0,
ccc1420185ad46d49d40b6b774db9b11,4010,182283,233,93,394,https://www.youtube.com/watch?v=8vGwghp9Qjw,233,93,394,https://www.youtube.com/watch?v=8vGwghp9Qjw,0,0,0,,643,123,74,160,https://www.twitch.tv/videos/2224692466
99cc071a06b949bf8515609757fa9d7e,4000,162130,75,28,127,https://www.youtube.com/watch?v=PHwsj7dIQKo,80,32,127,https://www.youtube.com/watch?v=PHwsj7dIQKo,75,25,75,https://www.youtube.com/watch?v=RGDGTL6GXEw,486,0,0,0,
0715c3b900ad423fa1b981cf4fc15c8f,4000,109026,91,31,455,https://www.youtube.com/watch?v=p9NE7ljHTTk,91,31,455,https://www.youtube.com/watch?v=p9NE7ljHTTk,0,0,0,,0,0,0,0,
3e6a09fe4ef744f987e27ae0f06cdf09,3990,54100,1150,896,20472,https://www.youtube.com/watch?v=j8K5raax6OE,1130,855,6085,https://www.youtube.com/watch?v=8knmcc61X6Y,4076,1217,20472,https://www.youtube.com/watch?v=j8K5raax6OE,0,0,0,0,
e93734c51e5141419d44dc147f1c5420,3960,215387,0,0,0,,0,0,0,,0,0,0,,0,0,0,0,
bdaa84ad3c7841d6a9ec8774ed9d40a9,3950,81740,663,280,896,https://www.youtube.com/watch?v=3pGBRzVvrRw,663,280,896,https://www.youtube.com/watch?v=3pGBRzVvrRw,0,0,0,,0,0,0,0,
a052e4ff345b41919ab0f13a5b10ff02,3940,201501,368,185,516,https://www.youtube.com/watch?v=3jKUHIuyqfs,365,221,408,https://www.youtube.com/watch?v=SVmfvj-Jw4k,516,156,516,https://www.youtube.com/watch?v=3jKUHIuyqfs,1830,0,0,0,
9e3edec3eec54f49a065f1970471d473,3910,114937,424,29,477,https://www.youtube.com/watch?v=EbWXSvhycT8,424,29,477,https://www.youtube.com/watch?v=EbWXSvhycT8,0,0,0,,786,0,0,0,
cc882664d9794fb88b06a5a0aa1591ae,3880,222480,0,0,0,,0,0,0,,0,0,0,,0,0,0,0,
b211eff7fcd04d47b81ed440890edabb,3870,96571,0,0,0,,0,0,0,,0,0,0,,391,0,0,0,
123c79d3170e451eae2f0cc3543621f3,3840,327028,380,190,2444,https://www.youtube.com/watch?v=-pQTtdwDc6A,305,155,527,https://www.youtube.com/watch?v=jmqzQm6AorE,611,519,2444,https://www.youtube.com/watch?v=-pQTtdwDc6A,0,0,0,0,
bc70de85cb744f13bffae8a81ebd6bb4,3840,91884,0,0,0,,0,0,0,,0,0,0,,0,0,0,0,
0def37f8b1024539acb6aaf387f3029e,3840,48655,127,58,1400,https://www.youtube.com/watch?v=3l31KHsx5tg,496,380,688,https://www.youtube.com/watch?v=A9mDtNIwMic,39,30,1400,https://www.youtube.com/watch?v=3l31KHsx5tg,6981,845,459,2155,https://www.twitch.tv/videos/2222866321
cd44db2c12a54568963299704aa8d4a6,3830,99743,0,0,0,,0,0,0,,0,0,0,,0,0,0,0,
afb88fe247b6416e8b9156a9a7e60f38,3830,113708,165,65,506,https://www.youtube.com/watch?v=JbwL90tDnrE,165,79,506,https://www.youtube.com/watch?v=JbwL90tDnrE,272,36,490,https://www.youtube.com/watch?v=q3jVw9fpI5o,0,0,0,0,
4a44ee7065ae41ad8d70469297599df8,3830,1060622,53,49,53,https://www.youtube.com/watch?v=ll7r-Ej3FsM,53,49,53,https://www.youtube.com/watch?v=ll7r-Ej3FsM,0,0,0,,0,0,0,0,
1c1896c15b2e412e84b3951706eb2963,3820,17156,0,0,0,,0,0,0,,0,0,0,,0,0,0,0,
1f54eafd17434cd9bd175d27b72c2228,3820,145319,446,188,1116,https://www.youtube.com/watch?v=vAgHtOgv-Is,496,188,1116,https://www.youtube.com/watch?v=vAgHtOgv-Is,351,213,962,https://www.youtube.com/watch?v=8n3B9h8x_rw,0,0,0,0,
7ae1c13d53fb44f49f386eef43c63ee4,3820,99841,150,81,1475,https://www.youtube.com/watch?v=Iv_RPL8DiAQ,126,76,210,https://www.youtube.com/watch?v=R789bsEQ0VY,512,179,1475,https://www.youtube.com/watch?v=Iv_RPL8DiAQ,52,0,0,0,
529328632b0b4701a469ebc14413f855,3790,123233,193,84,511,https://www.youtube.com/watch?v=rfe354i731I,252,168,345,https://www.youtube.com/watch?v=ijnBDgmjXA4,160,59,511,https://www.youtube.com/watch?v=rfe354i731I,0,0,0,0,
7f049d05ff3a4946998b9ddd7df409fd,3790,110424,469,148,976,https://www.youtube.com/watch?v=LAz9Iw-86DM,469,148,976,https://www.youtube.com/watch?v=LAz9Iw-86DM,0,0,0,,1947,472,381,1098,https://www.twitch.tv/videos/2229211291
9f6a577ab2ab4beba810a02fffc98cee,3760,228814,0,0,0,,0,0,0,,0,0,0,,0,0,0,0,
6037df04e04745699bff00fb7b0d1fd0,3750,114223,127,46,335,https://www.youtube.com/watch?v=D4XUjtNYYVQ,127,46,335,https://www.youtube.com/watch?v=D4XUjtNYYVQ,0,0,0,,0,0,0,0,
1b075296e7774f4089c84e663a469197,3750,5605,0,0,0,,0,0,0,,0,0,0,,3519,0,0,0,
8f0b41303e8a481689fe4309a565ecd3,3750,134275,479,289,769,https://www.youtube.com/watch?v=B1Oex66LtEM,479,289,769,https://www.youtube.com/watch?v=B1Oex66LtEM,0,0,0,,1060,775,586,868,https://www.twitch.tv/videos/2219834149
342b158ba02d4103a1407d62fe786f5e,3740,160330,217,114,565,https://www.youtube.com/watch?v=VRT5EdS6SLg,45,26,59,https://www.youtube.com/watch?v=m5RdWyQfG1c,429,115,565,https://www.youtube.com/watch?v=VRT5EdS6SLg,1710,64,49,117,https://www.twitch.tv/videos/2223190251
6b8922c9532e435eb4f03cabc8bb23b1,3710,145973,315,70,1169,https://www.youtube.com/watch?v=DeJTkF8aI9w,187,64,443,https://www.youtube.com/watch?v=m9vwW2f5oNA,704,309,1169,https://www.youtube.com/watch?v=DeJTkF8aI9w,2594,0,0,0,
3c1783f6914f414b830c836829d1afa2,3690,63940,181,113,738,https://www.youtube.com/watch?v=PXf1Wnxvvbc,174,92,332,https://www.youtube.com/watch?v=HauckExFb1M,380,208,738,https://www.youtube.com/watch?v=PXf1Wnxvvbc,186,0,0,0,
9db6beb02e774aa7a97ba8674a5a8f9d,3690,74307,0,0,0,,0,0,0,,0,0,0,,118,0,0,0,
601b56797a3246f49cead93e9e190a49,3690,142311,0,0,0,,0,0,0,,0,0,0,,0,0,0,0,
d17f504657b84cd9af8a3d405713e918,3680,182310,495,163,1946,https://www.youtube.com/watch?v=t0Ttok2w9F0,457,143,706,https://www.youtube.com/watch?v=cC2u8KpNIzs,930,382,1946,https://www.youtube.com/watch?v=t0Ttok2w9F0,0,0,0,0,
3727892a417b429aa063c7300e132966,3660,209733,304,92,322,https://www.youtube.com/watch?v=QLJZE8EdlWk,304,92,322,https://www.youtube.com/watch?v=QLJZE8EdlWk,0,0,0,,0,0,0,0,
caebfeea12c840f0ae0f0e2beb57b4e2,3660,169750,272,227,272,https://www.youtube.com/watch?v=_G-tpBJgToE,0,0,0,,272,227,272,https://www.youtube.com/watch?v=_G-tpBJgToE,0,0,0,0,
75b388425b774a9f99a4483e295a13f0,3660,184180,341,163,1445,https://www.youtube.com/watch?v=5AE_cK2AElU,357,167,1445,https://www.youtube.com/watch?v=5AE_cK2AElU,197,99,573,https://www.youtube.com/watch?v=_z4qSVm1VYM,391,0,0,0,
97cb83f1afcc4dd083f2f89f12477014,3640,11565,0,0,0,,0,0,0,,0,0,0,,0,0,0,0,
038ee6280ef742bcad8450ad52049944,3630,220908,154,63,497,https://www.youtube.com/watch?v=s0gf3t9JV8g,201,86,497,https://www.youtube.com/watch?v=s0gf3t9JV8g,84,29,108,https://www.youtube.com/watch?v=Xg_-c20Xkec,0,0,0,0,
8b027d3a3f374c9c8398b6dd751e5018,3630,98880,466,280,691,https://www.youtube.com/watch?v=ygL-KtdQ3Po,0,0,0,,466,280,691,https://www.youtube.com/watch?v=ygL-KtdQ3Po,38292,4889,1717,11866,https://www.twitch.tv/videos/2215503455
cf648a09bdbc45429f4fae7dfff1a040,3620,155700,0,0,0,,0,0,0,,0,0,0,,8390,0,0,0,
19c3bdcc95134ef38ad98df3f92f3ccb,3620,166153,310,133,659,https://www.youtube.com/watch?v=JOL2z5KM-m4,310,133,659,https://www.youtube.com/watch?v=JOL2z5KM-m4,0,0,0,,643,92,73,202,https://www.twitch.tv/videos/2229178997
4b79f7afd84a42b98d11bd1c5cb6478c,3620,81543,0,0,0,,0,0,0,,0,0,0,,0,0,0,0,
041976bda8b8410a99af25fc4cb87970,3620,104739,231,126,6992,https://www.youtube.com/watch?v=2gcSsTPWdcA,149,117,384,https://www.youtube.com/watch?v=C74tNFfObuI,585,197,6992,https://www.youtube.com/watch?v=2gcSsTPWdcA,117,93,49,93,https://www.twitch.tv/videos/2218084373
ec183b10574a449f91e43ab216976a60,3620,327303,476,246,3362,https://www.youtube.com/watch?v=jFnSVaIaBrc,438,234,542,https://www.youtube.com/watch?v=VUoIhvCURPg,1448,548,3362,https://www.youtube.com/watch?v=jFnSVaIaBrc,727,848,684,1267,https://www.twitch.tv/videos/2229380377
20f361a84fb3439999c550c10fcf5642,3620,80190,174,87,314,https://www.youtube.com/watch?v=Fpsb2ciIeQw,174,87,314,https://www.youtube.com/watch?v=Fpsb2ciIeQw,0,0,0,,1367,407,367,565,https://www.twitch.tv/videos/2229210037
8e6719bf286244e3ad9e27fd1d363953,3600,95990,0,0,0,,0,0,0,,0,0,0,,0,0,0,0,
cc2a13ac075e4640b19020a51dcf9d88,3600,59863,0,0,0,,0,0,0,,0,0,0,,0,0,0,0,
32b83b466c11418bb380623a95944302,3600,248871,147,16,509,https://www.youtube.com/watch?v=7arq-cgxzyw,0,0,0,,147,16,509,https://www.youtube.com/watch?v=7arq-cgxzyw,2349,310,195,528,https://www.twitch.tv/videos/2226557023
c01af5d5f9b74ac29b51dcae0dc55a2d,3590,196397,344,98,4832,https://www.youtube.com/watch?v=tPkCNPICGMw,305,138,472,https://www.youtube.com/watch?v=z44pjXWxOu4,979,33,4832,https://www.youtube.com/watch?v=tPkCNPICGMw,0,0,0,0,
c90914afde364f5e982414615662f5a7,3580,271147,202,127,675,https://www.youtube.com/watch?v=ZrB6ENk0evE,208,172,675,https://www.youtube.com/watch?v=ZrB6ENk0evE,88,59,101,https://www.youtube.com/watch?v=V8Rb7Hmk6wo,918,305,230,370,https://www.twitch.tv/videos/2224012261
02e7729df0424fbbb21b77ccd543b0be,3550,526258,89,22,502,https://www.youtube.com/watch?v=EX4IIVn-d6g,0,0,0,,89,22,502,https://www.youtube.com/watch?v=EX4IIVn-d6g,0,0,0,0,
34edb431f7da4a43b2a6a9d79d2858d1,3540,156214,363,96,1024,https://www.youtube.com/watch?v=MPLCCBY1jCM,415,119,1024,https://www.youtube.com/watch?v=MPLCCBY1jCM,145,51,193,https://www.youtube.com/watch?v=uvqTl6KufNw,0,0,0,0,
a9f1edc233804d4b90a9996219a3b14b,3540,114887,147,61,345,https://www.youtube.com/watch?v=STiV75XnXJ0,143,60,345,https://www.youtube.com/watch?v=STiV75XnXJ0,321,161,321,https://www.youtube.com/watch?v=Bv67O1HxM3A,0,0,0,0,
ba41581d315943fdaebe0dc981020d1c,3540,140954,248,137,688,https://www.youtube.com/watch?v=iMvGWMqWUlQ,218,140,688,https://www.youtube.com/watch?v=iMvGWMqWUlQ,550,111,550,https://www.youtube.com/watch?v=7AJ0L0HrFoY,0,0,0,0,
381bb87f90794f2a909775a87c192dc5,3520,35642,0,0,0,,0,0,0,,0,0,0,,4717,0,0,0,
35f3bb64e69c432180b98dde239f3bdd,3520,162655,368,129,596,https://www.youtube.com/watch?v=OOAK1H-62ec,301,129,596,https://www.youtube.com/watch?v=OOAK1H-62ec,479,105,513,https://www.youtube.com/watch?v=mER6g2xe5zc,702,0,0,0,
7aca9b05fe654223a3702531383002a8,3510,5962,0,0,0,,0,0,0,,0,0,0,,2544,0,0,0,
84944da407dc4de9896c7b763132908c,3500,123234,167,92,1500,https://www.youtube.com/watch?v=5Qm_lCPt_xM,131,55,307,https://www.youtube.com/watch?v=EpqrrM5AXLs,1085,557,1500,https://www.youtube.com/watch?v=5Qm_lCPt_xM,0,0,0,0,
76cafd8f4f5e41cbad5e0520520fcc1b,3500,0,0,0,0,,0,0,0,,0,0,0,,0,0,0,0,
07b9e0f7118446be96cc2d12f5d8ad02,3490,127588,300,227,329,https://www.youtube.com/watch?v=bsOixl65DaI,0,0,0,,300,227,329,https://www.youtube.com/watch?v=bsOixl65DaI,12159,1087,496,1882,https://www.twitch.tv/videos/2205861061
c21d4186912d4652a7fb5a1b3ef382b6,3490,97258,348,203,416,https://www.youtube.com/watch?v=X-GhVyYufw0,348,203,416,https://www.youtube.com/watch?v=X-GhVyYufw0,0,0,0,,1969,411,267,497,https://www.twitch.tv/videos/2219653003
7748d3ab76f34e06abb9d116bb432de2,3490,55621,0,0,0,,0,0,0,,0,0,0,,1710,0,0,0,
4bfaeda5b1f242959a992d6ad8b8a036,3460,127169,73,43,189,https://www.youtube.com/watch?v=qGpqSBipD0g,76,40,189,https://www.youtube.com/watch?v=qGpqSBipD0g,71,47,71,https://www.youtube.com/watch?v=Y4PARIesvEU,439,0,0,0,
e7e219a17a7644cd9d28a2ab871f5f7c,3450,57752,33,4,252,https://www.youtube.com/watch?v=wbEFOVH92XU,0,0,0,,33,4,252,https://www.youtube.com/watch?v=wbEFOVH92XU,2073,340,262,454,https://www.twitch.tv/videos/2225814377
069ca07d5dd84cd3bf42e21a085d98fb,3410,25276,0,0,0,,0,0,0,,0,0,0,,173,0,0,0,
7a0c5fe0fe2f4427afe500c85ec958cb,3390,216518,0,0,0,,0,0,0,,0,0,0,,0,0,0,0,
c17ad3ef81904c26982024c9af1f0f3a,3390,123089,140,75,211,https://www.youtube.com/watch?v=gz6U7Mo8Gv4,140,75,211,https://www.youtube.com/watch?v=gz6U7Mo8Gv4,0,0,0,,3311,632,504,1093,https://www.twitch.tv/videos/2221883503
a246e7561e5f40799a48eeca69951b7b,3370,143561,233,54,353,https://www.youtube.com/watch?v=S9yidnw1fKs,233,54,353,https://www.youtube.com/watch?v=S9yidnw1fKs,0,0,0,,117,0,0,0,
7a88afc5eb644d76b35ed4ca968259bb,3360,82213,2034,1144,3211,https://www.youtube.com/watch?v=I0M-YkKeOqk,0,0,0,,2034,1144,3211,https://www.youtube.com/watch?v=I0M-YkKeOqk,14746,1402,727,2574,https://www.twitch.tv/videos/2215601631
288f2fba52bf4d6b9e0ba66e03439837,3360,50701,180,12,180,https://www.youtube.com/watch?v=XVufWIj0OSk,180,12,180,https://www.youtube.com/watch?v=XVufWIj0OSk,0,0,0,,2427,199,173,352,https://www.twitch.tv/videos/2221544719
536213f7ad4545f5a318156568763a35,3350,87795,77,14,114,https://www.youtube.com/watch?v=l0s5WUgYXLU,77,14,114,https://www.youtube.com/watch?v=l0s5WUgYXLU,0,0,0,,0,0,0,0,
a0e2f9b9f851401bbd1736189d4b69b1,3350,83941,128,62,163,https://www.youtube.com/watch?v=Ojc7EWJxbdM,128,62,163,https://www.youtube.com/watch?v=Ojc7EWJxbdM,0,0,0,,0,0,0,0,
54b0131ceb734643b23b1eefee31cca0,3350,226997,214,119,214,https://www.youtube.com/watch?v=iuqLfOuoKIY,214,119,214,https://www.youtube.com/watch?v=iuqLfOuoKIY,0,0,0,,768,0,0,0,
58e377df63f745fc8473368b20afe2ae,3330,170015,90,38,302,https://www.youtube.com/watch?v=xWgjAlOIkIQ,90,38,302,https://www.youtube.com/watch?v=xWgjAlOIkIQ,0,0,0,,260,10,8,22,https://www.twitch.tv/videos/2228380669
3e340f9122814acc84ff51a0aec8ae13,3310,84781,148,35,288,https://www.youtube.com/watch?v=QV86csbvdLA,172,35,288,https://www.youtube.com/watch?v=QV86csbvdLA,18,2,18,https://www.youtube.com/watch?v=k8DJcD48T80,0,0,0,0,
0e8150c7419f4c1d94d8ccfb41a04280,3300,313264,0,0,0,,0,0,0,,0,0,0,,0,0,0,0,
325c292889f542688512641841b4ed8a,3300,127014,388,144,2208,https://www.youtube.com/watch?v=akbWwqz3NVE,379,129,947,https://www.youtube.com/watch?v=HvYwLlZcFHI,456,412,2208,https://www.youtube.com/watch?v=akbWwqz3NVE,0,0,0,0,
c379e3f4f1eb41869ec465481b182e50,3300,152082,673,268,2995,https://www.youtube.com/watch?v=8-eyvd0tEm4,928,442,2995,https://www.youtube.com/watch?v=8-eyvd0tEm4,565,149,1349,https://www.youtube.com/watch?v=hcw7Z34ICYQ,0,0,0,0,
9ceaafbe1a9a41bb9526b113354e03cc,3300,245626,173,105,369,https://www.youtube.com/watch?v=w1McvmTZ8cA,173,105,369,https://www.youtube.com/watch?v=w1McvmTZ8cA,0,0,0,,0,0,0,0,
70a7428607b845fc959fb7d4859d018b,3290,280086,0,0,0,,0,0,0,,0,0,0,,19066,3143,1123,10733,https://www.twitch.tv/videos/2214659566
3bcfb277595f489ba52734d6f21c08e1,3270,0,0,0,0,,0,0,0,,0,0,0,,0,0,0,0,
8e249f04f6cb48bda24f1513a472f4d8,3270,203677,46,19,52,https://www.youtube.com/watch?v=-QnYqRrdElU,0,0,0,,46,19,52,https://www.youtube.com/watch?v=-QnYqRrdElU,0,0,0,0,
4576d781ddae45d59fc83c8d25385983,3260,71135,194,11,194,https://www.youtube.com/watch?v=HNGUcF2JRvE,194,11,194,https://www.youtube.com/watch?v=HNGUcF2JRvE,0,0,0,,253,0,0,0,
52b5fa7ff03945368644f52035a5e798,3260,182332,47,26,154,https://www.youtube.com/watch?v=8lBa2EwdtN4,48,28,154,https://www.youtube.com/watch?v=8lBa2EwdtN4,14,11,14,https://www.youtube.com/watch?v=YBuE6fSXu3Q,0,0,0,0,
bddcd7d262a2434f9b6d77150fbbc72c,3250,43280,0,0,0,,0,0,0,,0,0,0,,0,0,0,0,
def76c5c31fe4466b5ae6e6940ae6e58,3250,290680,386,169,1407,https://www.youtube.com/watch?v=4HK9rNI65aQ,392,194,1407,https://www.youtube.com/watch?v=4HK9rNI65aQ,319,88,326,https://www.youtube.com/watch?v=h_r9EpNw5fY,0,0,0,0,
2ba32c49f08849f9a109b7e485c9c5a5,3240,28612,1269,500,9339,https://www.youtube.com/watch?v=8VGWTBj0ot0,0,0,0,,1269,500,9339,https://www.youtube.com/watch?v=8VGWTBj0ot0,0,0,0,0,
8c25e14dcc3a4f71895d58924c69dc0a,3240,147766,446,182,515,https://www.youtube.com/watch?v=sHw527C10fg,446,182,515,https://www.youtube.com/watch?v=sHw527C10fg,0,0,0,,0,0,0,0,
2c42a2d77b4c481bae57dc00a66c2f16,3240,319469,534,257,735,https://www.youtube.com/watch?v=-m8UOtUXcag,534,257,735,https://www.youtube.com/watch?v=-m8UOtUXcag,0,0,0,,0,0,0,0,
8fd3526ba2074df896bbcb47e713565b,3230,81913,220,101,448,https://www.youtube.com/watch?v=nu73w-YTXQA,220,101,448,https://www.youtube.com/watch?v=nu73w-YTXQA,0,0,0,,0,0,0,0,
c371d4c7f516451bac8ae3a9a13dc7f2,3230,95438,174,78,280,https://www.youtube.com/watch?v=o0jrrP-eaOs,174,78,280,https://www.youtube.com/watch?v=o0jrrP-eaOs,0,0,0,,1247,76,58,95,https://www.twitch.tv/videos/2219881944
6bf5f37da9e74d539963689b6b0256a5,3220,352171,296,132,750,https://www.youtube.com/watch?v=RGv6Ton1Q5M,187,101,429,https://www.youtube.com/watch?v=toWCRKKV70M,606,298,750,https://www.youtube.com/watch?v=RGv6Ton1Q5M,0,0,0,0,
7ddebf4d8f6d4c63a4fc7268d8113c10,3210,212129,693,124,699,https://www.youtube.com/watch?v=nOfmwqnl8D8,0,0,0,,693,124,699,https://www.youtube.com/watch?v=nOfmwqnl8D8,3852,547,223,1132,https://www.twitch.tv/videos/2216428702
f2ad5f187c9141ab8830b8eaf81c3aee,3200,179049,262,130,490,https://www.youtube.com/watch?v=CaMQejVG8kY,262,130,490,https://www.youtube.com/watch?v=CaMQejVG8kY,0,0,0,,0,0,0,0,
ea62d2e6bc854e7a81b01a2362be310f,3200,201579,0,0,0,,0,0,0,,0,0,0,,350,0,0,0,
67fdbfa65ee94cc688783102ef4f1ce5,3190,30571,0,0,0,,0,0,0,,0,0,0,,0,0,0,0,
63f45366143549d8a2d26406445e0077,3180,136901,0,0,0,,0,0,0,,0,0,0,,0,0,0,0,
4c34c44a98974b709f7dbc7618847fd6,3180,158538,523,231,579,https://www.youtube.com/watch?v=v1ybj3rbLcQ,0,0,0,,523,231,579,https://www.youtube.com/watch?v=v1ybj3rbLcQ,11022,1232,455,2662,https://www.twitch.tv/videos/2223190969
4d01ec47d0804a47a9fef6d9d01d9c29,3160,84654,0,0,0,,0,0,0,,0,0,0,,2081,134,103,386,https://www.twitch.tv/videos/2229265036
fe8ee7b57ae74a1388127b81b136c7ea,3160,78890,0,0,0,,0,0,0,,0,0,0,,437,0,0,0,
cd542f88cc8b47d087301d567b7cebca,3150,84964,345,207,1258,https://www.youtube.com/watch?v=gDUFksYTF4M,322,205,1258,https://www.youtube.com/watch?v=gDUFksYTF4M,633,361,1080,https://www.youtube.com/watch?v=M8qYoPdeQHg,0,0,0,0,
edf9e466820347828b0d2d10e5e9bb72,3150,188778,101,55,296,https://www.youtube.com/watch?v=HFxg5dzz784,109,55,296,https://www.youtube.com/watch?v=HFxg5dzz784,55,49,122,https://www.youtube.com/watch?v=hyTDJTb26lc,360,24,12,24,https://www.twitch.tv/videos/2217952472
428251b7832a48219276fb6e5f644e86,3150,381537,176,73,1126,https://www.youtube.com/watch?v=ruBMA9uKWqc,146,87,188,https://www.youtube.com/watch?v=7d_kBt2lNEY,176,73,1126,https://www.youtube.com/watch?v=ruBMA9uKWqc,242,0,0,0,
edbd401267284e8886c1fd27d08283d4,3140,41956,283,106,2672,https://www.youtube.com/watch?v=qsN05P18_-c,276,88,602,https://www.youtube.com/watch?v=reqCdZPJ7lI,2672,120,2672,https://www.youtube.com/watch?v=qsN05P18_-c,1015,0,0,0,
bcbde4d998e341418ebdf3e26884811d,3140,73798,241,123,356,https://www.youtube.com/watch?v=S5VPqZdHVX8,242,128,356,https://www.youtube.com/watch?v=S5VPqZdHVX8,181,53,181,https://www.youtube.com/watch?v=b15WTV8e6Ds,0,0,0,0,
907d39ec8a394cdcb645bd4b2e6351e7,3140,74762,0,0,0,,0,0,0,,0,0,0,,0,0,0,0,
53707f0116dc4fca8614ac7139e40b83,3140,185662,65,31,153,https://www.youtube.com/watch?v=S3mTLlLNk4k,65,31,153,https://www.youtube.com/watch?v=S3mTLlLNk4k,0,0,0,,4248,606,440,1171,https://www.twitch.tv/videos/2219776654
d177ac8568a14720b35bcc1a829aff51,3140,93652,315,150,911,https://www.youtube.com/watch?v=yJhwtqUzL4U,331,150,911,https://www.youtube.com/watch?v=yJhwtqUzL4U,110,101,110,https://www.youtube.com/watch?v=0cNq_fk8414,0,0,0,0,
8d5345223f364c7d8cc7203ee0ffafd6,3130,152826,0,0,0,,0,0,0,,0,0,0,,0,0,0,0,
38ecb20931514383b2d93885136c6b68,3130,95559,233,71,565,https://www.youtube.com/watch?v=sbKqrR1JpGA,249,81,565,https://www.youtube.com/watch?v=sbKqrR1JpGA,141,22,301,https://www.youtube.com/watch?v=A8_wLlDk2Ig,0,0,0,0,
993abf9d9dd84cccae3b8cbba00df320,3130,138182,287,63,302,https://www.youtube.com/watch?v=wL88eWpscMs,287,63,302,https://www.youtube.com/watch?v=wL88eWpscMs,0,0,0,,0,0,0,0,
c7a3d726bb4243cabb70dfd1e9545cd0,3110,133129,0,0,0,,0,0,0,,0,0,0,,0,0,0,0,
4d347ba9ca0c41c59cda553ebe4af5b1,3110,112603,150,86,535,https://www.youtube.com/watch?v=kFuX0Z03ND4,148,77,219,https://www.youtube.com/watch?v=dQ1XxKnxbJo,535,460,535,https://www.youtube.com/watch?v=kFuX0Z03ND4,1240,0,0,0,
c28d59f83d9345de91d208cf7732bac5,3100,79270,0,0,0,,0,0,0,,0,0,0,,0,0,0,0,
3b0031a4b57f46719f06cbf7c5cc42b6,3090,85687,187,87,491,https://www.youtube.com/watch?v=PHQzPqUOutE,206,91,491,https://www.youtube.com/watch?v=PHQzPqUOutE,124,81,298,https://www.youtube.com/watch?v=1UFUWBnsMpY,0,0,0,0,
7e957469a0c2404fa4a863ed9f75945c,3090,129619,108,49,327,https://www.youtube.com/watch?v=cOMQ1WZThDw,108,49,327,https://www.youtube.com/watch?v=cOMQ1WZThDw,0,0,0,,0,0,0,0,
8961bc96eec34a99ad58505bae3f58f1,3060,114171,154,34,325,https://www.youtube.com/watch?v=PT6meuJYamE,154,34,325,https://www.youtube.com/watch?v=PT6meuJYamE,0,0,0,,0,0,0,0,
8b69d6c508194b93b14fc056038160ab,3060,72063,70,45,70,https://www.youtube.com/watch?v=h9YgTHS-iZE,70,45,70,https://www.youtube.com/watch?v=h9YgTHS-iZE,0,0,0,,1704,0,0,0,
490449b3ec824ea99ea3ccd38ac94c38,3050,30151,0,0,0,,0,0,0,,0,0,0,,0,0,0,0,
99d1a2e0c8c047d2ad998e02d4dd9621,3050,96710,0,0,0,,0,0,0,,0,0,0,,0,0,0,0,
eda6bf91049349e08f0f269fb4f8c0f9,3030,52948,126,45,471,https://www.youtube.com/watch?v=6mZcHeVxBKY,148,51,265,https://www.youtube.com/watch?v=repy3346JHg,101,18,471,https://www.youtube.com/watch?v=6mZcHeVxBKY,167,0,0,0,
2ad1be21723f4f8ca8efe98f93008b11,3020,72943,345,177,726,https://www.youtube.com/watch?v=KNdgR543ouE,277,174,520,https://www.youtube.com/watch?v=88joZUC8sgQ,631,285,726,https://www.youtube.com/watch?v=KNdgR543ouE,0,0,0,0,
2ceecb98e47845eab5e3d8d33bd53895,3020,88038,260,52,260,https://www.youtube.com/watch?v=gCevq6tzuq4,260,52,260,https://www.youtube.com/watch?v=gCevq6tzuq4,0,0,0,,0,0,0,0,
96be1e561acd4a75817c6424d9d4f9f0,3010,117563,51,25,300,https://www.youtube.com/watch?v=DpjL-iqjUsA,0,0,0,,51,25,300,https://www.youtube.com/watch?v=DpjL-iqjUsA,3845,242,170,630,https://www.twitch.tv/videos/2228871082
432458f2f15549919dc6e3706ccbd417,3010,146559,31,6,31,https://www.youtube.com/watch?v=Rn1Wdh-VTGg,0,0,0,,31,6,31,https://www.youtube.com/watch?v=Rn1Wdh-VTGg,0,0,0,0,
65a06925c0fa47649984627f5989ab1c,3010,0,0,0,0,,0,0,0,,0,0,0,,0,0,0,0,
c6dab598fcee4b6b9bff76d2e8ffc8e6,3000,167719,0,0,0,,0,0,0,,0,0,0,,736,0,0,0,
46145dc9eaab4a84898468905a4759b0,2990,59476,41,27,615,https://www.youtube.com/watch?v=Edu2GcpBNyc,0,0,0,,41,27,615,https://www.youtube.com/watch?v=Edu2GcpBNyc,0,0,0,0,
e76a030f33bc48a58257b261f95ee3af,2990,90184,205,75,492,https://www.youtube.com/watch?v=UQXQNNWFiu8,205,75,492,https://www.youtube.com/watch?v=UQXQNNWFiu8,0,0,0,,0,0,0,0,
da189f9d282e4c31a4a8024d11fe368d,2960,116794,154,75,367,https://www.youtube.com/watch?v=9KPI5YPpl8o,154,75,367,https://www.youtube.com/watch?v=9KPI5YPpl8o,0,0,0,,0,0,0,0,
fda1d7f773b04b6898f5180e21e47874,2930,0,0,0,0,,0,0,0,,0,0,0,,0,0,0,0,
543d63ab162746ee93d723ed4a79ba8d,2930,235715,0,0,0,,0,0,0,,0,0,0,,0,0,0,0,
a188f157d0384e0db5ae73605240d68b,2910,111318,621,435,7077,https://www.youtube.com/watch?v=famR2aRxyjI,573,465,1998,https://www.youtube.com/watch?v=X4sT4gxdi-w,988,226,7077,https://www.youtube.com/watch?v=famR2aRxyjI,110,90,86,144,https://www.twitch.tv/videos/2225575853
abe3d72887f24ec6a36a7bf0d65d0124,2910,83569,888,326,6636,https://www.youtube.com/watch?v=zj7B-RL_gNE,715,324,1712,https://www.youtube.com/watch?v=AaE22MvJ78Q,1856,431,6636,https://www.youtube.com/watch?v=zj7B-RL_gNE,0,0,0,0,
a9faef4b712b4649ba60c7e8e262175a,2910,72301,58,20,79,https://www.youtube.com/watch?v=_VKCemynRA8,58,20,79,https://www.youtube.com/watch?v=_VKCemynRA8,0,0,0,,0,0,0,0,
368336c76b5b4ba1b28e5381d0b8b26d,2900,72442,335,136,1026,https://www.youtube.com/watch?v=LjrKbodCh_k,302,97,948,https://www.youtube.com/watch?v=xiuUgzUmqKQ,620,335,1026,https://www.youtube.com/watch?v=LjrKbodCh_k,0,0,0,0,
3a4fe2f4720747ceabc87b3327ab2b17,2880,63268,150,58,534,https://www.youtube.com/watch?v=oOcEfqC3pIM,151,60,323,https://www.youtube.com/watch?v=97sfwMhF99M,88,46,534,https://www.youtube.com/watch?v=oOcEfqC3pIM,0,0,0,0,
fbb142bcb07a4808b0164c41ab1877ea,2880,159021,303,96,10528,https://www.youtube.com/watch?v=KiGDvUQDYXE,180,46,303,https://www.youtube.com/watch?v=OnD42dJPRlg,1059,389,10528,https://www.youtube.com/watch?v=KiGDvUQDYXE,0,0,0,0,
c9510d2324d34b6fbd19ce627bf2bbac,2870,0,0,0,0,,0,0,0,,0,0,0,,0,0,0,0,
e9c48535f2af4f638e5a4c54ffa7862c,2860,145154,54,35,64,https://www.youtube.com/watch?v=S-OAZbX76HY,54,35,64,https://www.youtube.com/watch?v=S-OAZbX76HY,0,0,0,,0,0,0,0,
00c158176a504c9bb865b32276e79eb1,2850,98536,251,72,656,https://www.youtube.com/watch?v=V3HzTe8c3NM,272,101,656,https://www.youtube.com/watch?v=V3HzTe8c3NM,77,45,109,https://www.youtube.com/watch?v=huMBNwUmqPY,0,0,0,0,
e810dcd23c334fd184d254718517764e,2850,184576,68,27,87,https://www.youtube.com/watch?v=BcCnvtTCRwo,68,27,87,https://www.youtube.com/watch?v=BcCnvtTCRwo,0,0,0,,0,0,0,0,
42e2bc7c16734352b2e18a82e48844ec,2830,332198,376,128,700,https://www.youtube.com/watch?v=6A4N1WpZUSE,376,128,700,https://www.youtube.com/watch?v=6A4N1WpZUSE,0,0,0,,0,0,0,0,
4b8f55c74e594978bb461a27b3924336,2830,51183,353,223,353,https://www.youtube.com/watch?v=ni7_kDQkZBY,353,223,353,https://www.youtube.com/watch?v=ni7_kDQkZBY,0,0,0,,829,0,0,0,
5fb934ba9c8642d1bf932cb58a43f60d,2820,36183,0,0,0,,0,0,0,,0,0,0,,0,0,0,0,
c2bbc6bca92c4825b72d635634197e2b,2790,49364,177,85,221,https://www.youtube.com/watch?v=A_LMBoxVKok,177,85,221,https://www.youtube.com/watch?v=A_LMBoxVKok,0,0,0,,0,0,0,0,
fd81a8861669442ca49c50bc4cfd4b5e,2790,137170,128,87,164,https://www.youtube.com/watch?v=OEVXy_9PrvM,128,87,164,https://www.youtube.com/watch?v=OEVXy_9PrvM,0,0,0,,0,0,0,0,
02cf3719d4f44b7dbedc324ef8b0702e,2790,50748,265,144,658,https://www.youtube.com/watch?v=Vxxr4TZ3IAc,255,112,641,https://www.youtube.com/watch?v=7G4faWiIo-4,622,185,658,https://www.youtube.com/watch?v=Vxxr4TZ3IAc,0,0,0,0,
a97d7491246145a5a7e224d6bd010f9b,2790,88104,0,0,0,,0,0,0,,0,0,0,,0,0,0,0,
5f9767b104b54292bf6dd29863c0c6b1,2790,146265,168,111,1351,https://www.youtube.com/watch?v=6xwHjDfeuCs,136,90,337,https://www.youtube.com/watch?v=awNTqHD5a1Q,408,255,1351,https://www.youtube.com/watch?v=6xwHjDfeuCs,0,0,0,0,
510bdce263cc479ca12d1fad64bfc65e,2780,100514,870,254,2085,https://www.youtube.com/watch?v=EI_IZRLvSlw,975,572,2085,https://www.youtube.com/watch?v=EI_IZRLvSlw,223,99,625,https://www.youtube.com/watch?v=PHycUHj_Fd8,0,0,0,0,
6417469030e943748dfdba4ee26a08e4,2770,88632,94,81,256,https://www.youtube.com/watch?v=q6f35jxSHpA,109,91,256,https://www.youtube.com/watch?v=q6f35jxSHpA,79,12,79,https://www.youtube.com/watch?v=ejlzOiSVWvk,918,310,244,387,https://www.twitch.tv/videos/2225560643
0a20931c68dc49c8bd08eda1486193d8,2770,66925,0,0,0,,0,0,0,,0,0,0,,1595,0,0,0,
eb159df5d55b4730ab2955c5e2638e3f,2760,72139,100,55,827,https://www.youtube.com/watch?v=NuJc25q-ep8,173,82,827,https://www.youtube.com/watch?v=NuJc25q-ep8,72,44,293,https://www.youtube.com/watch?v=fdzvG-iJ9VQ,0,0,0,0,
965bb7d47d0243839535d38bc1bc66cc,2750,59505,159,80,286,https://www.youtube.com/watch?v=vM2KUuPt0xw,159,80,286,https://www.youtube.com/watch?v=vM2KUuPt0xw,0,0,0,,0,0,0,0,
4e48e10b3c2f439c934b1db25679b972,2750,239488,897,288,1099,https://www.youtube.com/watch?v=pm8_p6M0BJA,897,288,1099,https://www.youtube.com/watch?v=pm8_p6M0BJA,0,0,0,,0,0,0,0,
bcbf00e1e98b4d5e8af20f29adbb0645,2740,151720,514,238,514,https://www.youtube.com/watch?v=ltcqCONaVyE,0,0,0,,514,238,514,https://www.youtube.com/watch?v=ltcqCONaVyE,0,0,0,0,
9012b1827e8141bd9d56d1a04b2f7ad1,2730,106869,171,64,206,https://www.youtube.com/watch?v=X3_6k8u-u3k,171,64,206,https://www.youtube.com/watch?v=X3_6k8u-u3k,0,0,0,,0,0,0,0,
f339d4e6913d4a03b39a75228f402153,2730,6492,0,0,0,,0,0,0,,0,0,0,,526,0,0,0,
9c64ee54cc094bf7931398eaf0c072d6,2730,152032,0,0,0,,0,0,0,,0,0,0,,1803,493,353,851,https://www.twitch.tv/videos/2220689256
06e9953eb191486d979e6b92b6601d9a,2730,759209,3,2,7,https://www.youtube.com/watch?v=CO0fp8VFAb8,3,1,7,https://www.youtube.com/watch?v=CO0fp8VFAb8,3,2,3,https://www.youtube.com/watch?v=BUCoIUxs0-Y,2257,0,0,0,
0ac7e05c8a3842e7bd1401652ce2bf4f,2730,100666,205,102,1333,https://www.youtube.com/watch?v=tQhQ_zoUQa4,183,91,526,https://www.youtube.com/watch?v=kMdy50nnF60,580,208,1333,https://www.youtube.com/watch?v=tQhQ_zoUQa4,0,0,0,0,
468e093c0a3144359842fd8e5d3f9800,2720,36868,0,0,0,,0,0,0,,0,0,0,,142,0,0,0,
c3bec3f382754230b178f8278eb550fb,2710,55816,193,85,711,https://www.youtube.com/watch?v=P0nNlrDi_vM,191,77,518,https://www.youtube.com/watch?v=heBFQPAGQHw,217,85,711,https://www.youtube.com/watch?v=P0nNlrDi_vM,0,0,0,0,
6443d56896a848dd820e339b5f81e292,2710,65364,261,87,319,https://www.youtube.com/watch?v=_bn9Xctcw_8,261,87,319,https://www.youtube.com/watch?v=_bn9Xctcw_8,0,0,0,,4199,486,312,722,https://www.twitch.tv/videos/2227464068
0ab16bd60230422d97f73e6810be221c,2680,129239,283,165,1526,https://www.youtube.com/watch?v=YmwNcJQYU8M,275,96,520,https://www.youtube.com/watch?v=KwwXR6yjRSs,837,350,1526,https://www.youtube.com/watch?v=YmwNcJQYU8M,0,0,0,0,
11dd1f817a6b4c80a066aedd8e0fa419,2680,67735,278,21,1261,https://www.youtube.com/watch?v=3gvYDuo4kmI,278,21,1261,https://www.youtube.com/watch?v=3gvYDuo4kmI,0,0,0,,0,0,0,0,
b2313ef4c37542c89796ae94dfb8228d,2670,74587,349,174,606,https://www.youtube.com/watch?v=gbJTG0-4HZs,349,174,606,https://www.youtube.com/watch?v=gbJTG0-4HZs,0,0,0,,0,0,0,0,
339b4a73ce92470c97b1626405d5eb5b,2670,75249,47,24,57,https://www.youtube.com/watch?v=wG8PfEPm7nM,47,30,57,https://www.youtube.com/watch?v=mQKuDYNj83k,47,24,57,https://www.youtube.com/watch?v=wG8PfEPm7nM,439,10,8,10,https://www.twitch.tv/videos/2226540432
59005edeef174395915757d45718177d,2660,113602,163,47,529,https://www.youtube.com/watch?v=FJ0TuYVxnBQ,195,92,294,https://www.youtube.com/watch?v=CRgaHTOOx0M,86,25,529,https://www.youtube.com/watch?v=FJ0TuYVxnBQ,0,0,0,0,
5fa2dee0fba64112aa476441cd6ff982,2660,68337,292,186,673,https://www.youtube.com/watch?v=qAQaRBTJCXk,285,175,427,https://www.youtube.com/watch?v=LvWLaDjeERs,659,558,673,https://www.youtube.com/watch?v=qAQaRBTJCXk,0,0,0,0,
d0e0745dd98a4cab9c5e4ff43e3d246f,2650,80419,0,0,0,,0,0,0,,0,0,0,,0,0,0,0,
50433c34f368460c9cda947f292a62b4,2650,182897,432,237,904,https://www.youtube.com/watch?v=8eJXh-t01cw,432,237,904,https://www.youtube.com/watch?v=8eJXh-t01cw,0,0,0,,0,0,0,0,
2a897c484c05483f9a46467e8f448314,2650,128429,216,50,974,https://www.youtube.com/watch?v=Kvz_CqNLJ3E,275,80,974,https://www.youtube.com/watch?v=Kvz_CqNLJ3E,112,46,502,https://www.youtube.com/watch?v=G6tYfv9Clio,2838,0,0,0,
662341d52a8e413d8fe661c8da9470f0,2640,34323,268,123,316,https://www.youtube.com/watch?v=gnkKpZ42oO0,268,123,316,https://www.youtube.com/watch?v=gnkKpZ42oO0,0,0,0,,0,0,0,0,
256dd6464e974e118dc8103d5e9eb0b3,2640,55130,162,46,416,https://www.youtube.com/watch?v=2vugMTeGPek,153,46,416,https://www.youtube.com/watch?v=2vugMTeGPek,318,125,351,https://www.youtube.com/watch?v=V9Fk1lh5NZ8,0,0,0,0,
fbf616b4f812413dbe6b156c8a9d5e5f,2620,68589,0,0,0,,0,0,0,,0,0,0,,0,0,0,0,
5bbfc7c1b6584cef8c75f2f9044387d2,2610,113191,96,29,165,https://www.youtube.com/watch?v=5pwyGUrgwfM,96,29,165,https://www.youtube.com/watch?v=5pwyGUrgwfM,0,0,0,,0,0,0,0,
2ee2acc29fac42c5b130558543cbdf00,2610,52152,262,101,846,https://www.youtube.com/watch?v=crGj2Kf6X-Q,252,97,846,https://www.youtube.com/watch?v=crGj2Kf6X-Q,582,132,743,https://www.youtube.com/watch?v=O0mY9gAKz-8,375,50,39,141,https://www.twitch.tv/videos/2226522457
118c05e7f751446abee5fc827fda0215,2600,783534,84,40,267,https://www.youtube.com/watch?v=R-jn0Fp71go,84,40,267,https://www.youtube.com/watch?v=R-jn0Fp71go,0,0,0,,0,0,0,0,
87968861d5794c01bfce46d51c8abfc7,2600,24523,0,0,0,,0,0,0,,0,0,0,,0,0,0,0,
b0f00fccf8a14655911360748c4699cd,2600,101639,0,0,0,,0,0,0,,0,0,0,,0,0,0,0,
76165d25983b463eaa1da66c86a32b7c,2600,33205,73,39,111,https://www.youtube.com/watch?v=qRD1UGSoLc0,72,40,86,https://www.youtube.com/watch?v=S9ykT7RmlcM,111,0,111,https://www.youtube.com/watch?v=qRD1UGSoLc0,447,231,183,436,https://www.twitch.tv/videos/2221065551
3a43445829024217b728d04d5398b61c,2580,100929,231,140,566,https://www.youtube.com/watch?v=Pwp8PCCJgNs,232,161,566,https://www.youtube.com/watch?v=Pwp8PCCJgNs,91,30,91,https://www.youtube.com/watch?v=TCogqy5MPjc,0,0,0,0,
c40a8ff66b3348dc8459766b74846feb,2570,0,0,0,0,,0,0,0,,0,0,0,,1794,0,0,0,
3ffbac2f7ae8478ca7b33d400d6e657e,2570,14540,145,71,246,https://www.youtube.com/watch?v=5ExKWp9ON5A,145,71,246,https://www.youtube.com/watch?v=5ExKWp9ON5A,0,0,0,,0,0,0,0,
ab64eaef68c94ab4afb3a89007c81e9c,2570,47763,0,0,0,,0,0,0,,0,0,0,,3961,774,399,1271,https://www.twitch.tv/videos/2210271400
6fa1245c717d4af68589205df5ab6427,2570,68008,227,111,931,https://www.youtube.com/watch?v=r43tfD6Zrp8,227,135,515,https://www.youtube.com/watch?v=8a1ClBHLgGk,219,98,931,https://www.youtube.com/watch?v=r43tfD6Zrp8,394,0,0,0,
0f9d996c066a406dbe04161776c17461,2560,109954,126,75,246,https://www.youtube.com/watch?v=qH227DeSvk4,121,50,246,https://www.youtube.com/watch?v=qH227DeSvk4,191,107,191,https://www.youtube.com/watch?v=tnfwswUw8vU,0,0,0,0,
00ff650864404d0c9ce155ff4a82d804,2560,14461,323,11,323,https://www.youtube.com/watch?v=U5T5wcP53z8,323,11,323,https://www.youtube.com/watch?v=U5T5wcP53z8,0,0,0,,0,0,0,0,
305290c734e94a74881ae46c49ea18c4,2560,31284,2124,1328,3862,https://www.youtube.com/watch?v=FmM-p6QNEsM,2124,1328,3862,https://www.youtube.com/watch?v=FmM-p6QNEsM,0,0,0,,3592,1564,1182,2794,https://www.twitch.tv/videos/2225754686
2f0a0ee6478c45ae8af28953b4c370be,2550,73770,347,148,2254,https://www.youtube.com/watch?v=O3FimG8pM0s,342,146,1086,https://www.youtube.com/watch?v=urHAemIHRi8,2254,613,2254,https://www.youtube.com/watch?v=O3FimG8pM0s,0,0,0,0,
29d3dea4a1684bec9592e2ccc3685c57,2550,57238,32,4,32,https://www.youtube.com/watch?v=KavNHQVOrV4,0,0,0,,32,4,32,https://www.youtube.com/watch?v=KavNHQVOrV4,0,0,0,0,
5db725f32b5e4e1380ad64110b88c91d,2550,509759,140,75,159,https://www.youtube.com/watch?v=sDJutz0q6jU,140,75,159,https://www.youtube.com/watch?v=sDJutz0q6jU,0,0,0,,122,0,0,0,
f2dc08b1c55843d9a3d1e0461ebf57c1,2550,140233,430,253,1777,https://www.youtube.com/watch?v=k0cncWl9q8c,302,174,489,https://www.youtube.com/watch?v=6yh9G4DhZvo,586,350,1777,https://www.youtube.com/watch?v=k0cncWl9q8c,0,0,0,0,
e68bb26e386a4d49a2f521f8abc83376,2540,47369,0,0,0,,0,0,0,,0,0,0,,3563,143,125,196,https://www.twitch.tv/videos/2226566303
daf01d921fcd4d59876e7f574a083aba,2540,48984,0,0,0,,0,0,0,,0,0,0,,0,0,0,0,
644ed2200e8a446bae2920103d1015e3,2530,77188,108,56,383,https://www.youtube.com/watch?v=zTl2DkeiJgc,111,57,383,https://www.youtube.com/watch?v=zTl2DkeiJgc,23,12,23,https://www.youtube.com/watch?v=mWD2k31Hqi0,0,0,0,0,
01bebf0363a94b16b2313053c90a1c8a,2530,46368,218,147,3086,https://www.youtube.com/watch?v=F6Ch2qw7eNA,183,131,371,https://www.youtube.com/watch?v=4FqfD483DWs,496,265,3086,https://www.youtube.com/watch?v=F6Ch2qw7eNA,363,0,0,0,
16b8db1818764f81addb322d109b5da3,2520,119131,773,342,943,https://www.youtube.com/watch?v=IITVJYdfVC4,627,323,943,https://www.youtube.com/watch?v=IITVJYdfVC4,784,342,784,https://www.youtube.com/watch?v=h5jjxsMdlCY,0,0,0,0,
1901cef25e9940e7b3da42d3c189cada,2520,30035,0,0,0,,0,0,0,,0,0,0,,0,0,0,0,
7667228c716242d787e1e9cf37224896,2520,95384,0,0,0,,0,0,0,,0,0,0,,0,0,0,0,
dba1db65ba874e18a33d8465d52d8f2e,2510,64320,212,114,1642,https://www.youtube.com/watch?v=F0n_cGYVAS8,178,98,335,https://www.youtube.com/watch?v=JsY0BOqZQKQ,489,189,1642,https://www.youtube.com/watch?v=F0n_cGYVAS8,0,0,0,0,
a0c76cedf0e346a18586077a38f302d8,2500,96280,0,0,0,,0,0,0,,0,0,0,,147,0,0,0,
854282eb3f32406aa85dd53f14748228,2490,41418,250,63,250,https://www.youtube.com/watch?v=b49PvhwjvOk,250,63,250,https://www.youtube.com/watch?v=b49PvhwjvOk,0,0,0,,8263,646,140,1166,https://www.twitch.tv/videos/2217976487
db4fd03c50654057bd32b9201666b345,2490,103312,228,108,291,https://www.youtube.com/watch?v=T-2v9D1ceTk,228,108,291,https://www.youtube.com/watch?v=T-2v9D1ceTk,0,0,0,,2321,0,0,0,
eb9c18d484464a8e9ac12f44c761ce27,2480,63850,0,0,0,,0,0,0,,0,0,0,,719,0,0,0,
dadb89bee9044261848ad444625d94f7,2480,15377,86,40,548,https://www.youtube.com/watch?v=E51oWTJw_TQ,86,38,394,https://www.youtube.com/watch?v=X76PBLFVo_E,298,241,548,https://www.youtube.com/watch?v=E51oWTJw_TQ,0,0,0,0,
a577528125314beab91d127043218bb2,2470,86227,41,3,41,https://www.youtube.com/watch?v=J01JPg1jxQY,41,3,41,https://www.youtube.com/watch?v=J01JPg1jxQY,0,0,0,,0,0,0,0,
652d06b0251940bea32cd69dec3057e6,2470,95556,0,0,0,,0,0,0,,0,0,0,,0,0,0,0,
9ad37d3249e24861bc8cb84368883258,2460,79745,96,59,484,https://www.youtube.com/watch?v=EnxnDzDLrcE,99,60,201,https://www.youtube.com/watch?v=SjTiLm0Qxyo,57,29,484,https://www.youtube.com/watch?v=EnxnDzDLrcE,0,0,0,0,
751596501f4f420a8a5c5c9d839efb22,2460,114611,0,0,0,,0,0,0,,0,0,0,,297,0,0,0,
8402646577b24bd5918bda8690e790b4,2460,298063,914,408,1214,https://www.youtube.com/watch?v=anIqcPdMRp0,0,0,0,,914,408,1214,https://www.youtube.com/watch?v=anIqcPdMRp0,1122,340,254,971,https://www.twitch.tv/videos/2229039999
e8be1d48c5a249cebcef72b17653ef34,2450,18718,0,0,0,,0,0,0,,0,0,0,,0,0,0,0,
bd9c7d2e96094ce7b8ca032228bb13c7,2450,47075,0,0,0,,0,0,0,,0,0,0,,0,0,0,0,
7b2d1d71057b4ac2a16109b980a99e28,2450,51352,0,0,0,,0,0,0,,0,0,0,,0,0,0,0,
29294f0665864cee8bb2b48697b9e84f,2450,89708,280,130,539,https://www.youtube.com/watch?v=4Rf3gdgCfIU,280,123,390,https://www.youtube.com/watch?v=bVfeLocmZw4,539,175,539,https://www.youtube.com/watch?v=4Rf3gdgCfIU,103,0,0,0,
03f5b3fed856438c9a53d30fdfadd9b7,2440,33518,163,86,4452,https://www.youtube.com/watch?v=8WhZAwIJEUY,216,108,336,https://www.youtube.com/watch?v=8ZIpasev2hs,123,45,4452,https://www.youtube.com/watch?v=8WhZAwIJEUY,0,0,0,0,
de362d2d371446d898953e74e27abd2a,2430,212316,144,68,455,https://www.youtube.com/watch?v=fIBaLLIa5nY,144,62,361,https://www.youtube.com/watch?v=ybFPHSJfX44,455,75,455,https://www.youtube.com/watch?v=fIBaLLIa5nY,0,0,0,0,
d55860f26114410c97af27ba1269e3ed,2430,113368,203,101,510,https://www.youtube.com/watch?v=cXNjOMhSiPo,203,101,510,https://www.youtube.com/watch?v=cXNjOMhSiPo,0,0,0,,1261,141,99,218,https://www.twitch.tv/videos/2220683321
d889f67fe7b84a38a9742ab2a47f346a,2430,91486,209,56,494,https://www.youtube.com/watch?v=swUSL2-KLTc,114,56,124,https://www.youtube.com/watch?v=4GQmkt9OQiM,372,87,494,https://www.youtube.com/watch?v=swUSL2-KLTc,2385,309,217,421,https://www.twitch.tv/videos/2218715285
98f0c92052e74bdc969388a4710655cd,2430,146011,0,0,0,,0,0,0,,0,0,0,,0,0,0,0,
9d74c909706a450ea35c1777cac79e77,2430,192550,286,119,644,https://www.youtube.com/watch?v=AJBdCPrUPMw,286,124,644,https://www.youtube.com/watch?v=AJBdCPrUPMw,195,7,423,https://www.youtube.com/watch?v=PvtDP1443po,581,231,131,335,https://www.twitch.tv/videos/2224003474
4ac7e88bd2234040a1da03644b06a501,2420,12500,0,0,0,,0,0,0,,0,0,0,,0,0,0,0,
d8008bc6129d49d4bebfe530c4d02751,2420,0,0,0,0,,0,0,0,,0,0,0,,0,0,0,0,
b975eb70ed174bbda87e181be25bd1c5,2420,76455,209,131,209,https://www.youtube.com/watch?v=lqbxcCS4iaY,209,131,209,https://www.youtube.com/watch?v=lqbxcCS4iaY,0,0,0,,0,0,0,0,
90446c6f1b704ff6b0fbbf017f0a68c5,2420,61026,357,179,818,https://www.youtube.com/watch?v=DfdN06pTlUA,362,192,505,https://www.youtube.com/watch?v=2NF7ovqq-nw,353,49,818,https://www.youtube.com/watch?v=DfdN06pTlUA,0,0,0,0,
4d8babea181e44df9855f3aafc06eb2c,2420,76251,202,49,286,https://www.youtube.com/watch?v=m7B8EHxQjdA,202,49,286,https://www.youtube.com/watch?v=m7B8EHxQjdA,0,0,0,,0,0,0,0,
62e0c4a2dc274095a08c49a7850d3b78,2410,35268,0,0,0,,0,0,0,,0,0,0,,1613,0,0,0,
30f59fd702d5417c9225bc729bf7ec32,2410,176194,331,153,659,https://www.youtube.com/watch?v=v9LVnyoyYEI,329,148,659,https://www.youtube.com/watch?v=v9LVnyoyYEI,563,404,563,https://www.youtube.com/watch?v=3znmjT2RAGU,0,0,0,0,
a7874e2ea7a44640a4ad427680a1dc9a,2400,72044,257,95,503,https://www.youtube.com/watch?v=UDGcGZxT3EE,257,95,503,https://www.youtube.com/watch?v=UDGcGZxT3EE,0,0,0,,0,0,0,0,
160f90709224412f9cfc2aaa88e89a57,2400,51095,148,74,308,https://www.youtube.com/watch?v=zxBz_s2IdxY,148,74,308,https://www.youtube.com/watch?v=zxBz_s2IdxY,0,0,0,,0,0,0,0,
1ead15220cb842a79c3922d08d618e31,2400,4152,0,0,0,,0,0,0,,0,0,0,,0,0,0,0,
6c812a2f61ac470f8e3b30a92dca9d81,2390,72440,0,0,0,,0,0,0,,0,0,0,,0,0,0,0,
275aaf8046a144198dee96d20bce8b1a,2390,53655,224,71,585,https://www.youtube.com/watch?v=clOftOReH2M,224,71,585,https://www.youtube.com/watch?v=clOftOReH2M,0,0,0,,0,0,0,0,
27a500a69f2b425bb5ab44750df0fac8,2380,90567,0,0,0,,0,0,0,,0,0,0,,0,0,0,0,
92354b79050d4a2dbdb2289a7498a662,2380,36223,0,0,0,,0,0,0,,0,0,0,,0,0,0,0,
b19d58b07131413a92b4bd16e37e8e38,2380,11089,0,0,0,,0,0,0,,0,0,0,,0,0,0,0,
ab5709b7d3074c6db2a57995d5b1c328,2370,68756,672,370,2273,https://www.youtube.com/watch?v=lL_jxmPDXYM,667,377,2273,https://www.youtube.com/watch?v=lL_jxmPDXYM,758,363,1428,https://www.youtube.com/watch?v=VHoaglQx1ec,0,0,0,0,
62d6466e900941d9b516c95cf222aa40,2370,2038,42,32,42,https://www.youtube.com/watch?v=-GRTZNr_-IE,0,0,0,,42,32,42,https://www.youtube.com/watch?v=-GRTZNr_-IE,483,29,21,66,https://www.twitch.tv/videos/2223148157
cb57ce29683a4cff930848f8c9850665,2370,47416,0,0,0,,0,0,0,,0,0,0,,344,0,0,0,
0a9e04624456419c814b77a7aa12678b,2360,143698,0,0,0,,0,0,0,,0,0,0,,0,0,0,0,
7da08de1840847b99c6fe9a44a1ca0ac,2360,46266,155,82,589,https://www.youtube.com/watch?v=Cxrfro3YEtA,151,68,300,https://www.youtube.com/watch?v=RHmXpoI_JQI,589,371,589,https://www.youtube.com/watch?v=Cxrfro3YEtA,0,0,0,0,
90c317900736475a8c5cae632bdd0960,2360,154751,0,0,0,,0,0,0,,0,0,0,,0,0,0,0,
02168475e7ca4234b57d53f495bf3bbc,2350,127429,67,21,291,https://www.youtube.com/watch?v=qO6dSLQGqtw,67,21,291,https://www.youtube.com/watch?v=qO6dSLQGqtw,0,0,0,,0,0,0,0,
60234dcffd2b42f097a78aaf121d410f,2350,45997,178,62,250,https://www.youtube.com/watch?v=3-GF_0WjokA,178,62,250,https://www.youtube.com/watch?v=3-GF_0WjokA,0,0,0,,207,0,0,0,
3896e47ba9f64b7082eee3980734ab14,2340,216234,153,58,271,https://www.youtube.com/watch?v=nSUrYU4d_tA,153,58,271,https://www.youtube.com/watch?v=nSUrYU4d_tA,0,0,0,,0,0,0,0,
f146e7f1a1164dbfab960ea34873afb5,2340,89382,0,0,0,,0,0,0,,0,0,0,,97,0,0,0,
6e1845e76035452287436153470e8656,2340,100712,161,115,195,https://www.youtube.com/watch?v=naTIp-fO7WQ,161,115,195,https://www.youtube.com/watch?v=naTIp-fO7WQ,0,0,0,,467,0,0,0,
65a52797bec24b9bb2df5201068873a4,2330,24704,122,75,254,https://www.youtube.com/watch?v=nVlAzZN9LBI,122,75,254,https://www.youtube.com/watch?v=nVlAzZN9LBI,0,0,0,,0,0,0,0,
284024f40bb34b429debb78e7dbf3391,2330,42781,0,0,0,,0,0,0,,0,0,0,,0,0,0,0,
01edfa8163ad42cd85f56ef4dce2609e,2330,52348,95,26,219,https://www.youtube.com/watch?v=ynXU7RSqiYA,95,26,219,https://www.youtube.com/watch?v=ynXU7RSqiYA,0,0,0,,0,0,0,0,
3589be2c85dc460aa8de768c7a228730,2320,77309,402,194,1001,https://www.youtube.com/watch?v=apguDR536-0,385,183,914,https://www.youtube.com/watch?v=rGsSYHqO4wY,953,354,1001,https://www.youtube.com/watch?v=apguDR536-0,0,0,0,0,
f5a683eeac6b4936b44d547c1e4edbc2,2310,74102,191,85,520,https://www.youtube.com/watch?v=ebPicS537Ho,188,87,336,https://www.youtube.com/watch?v=ai9RRymH55w,330,83,520,https://www.youtube.com/watch?v=ebPicS537Ho,0,0,0,0,
e0f419006f244a51804050ede1d1a5aa,2310,450597,135,50,4692,https://www.youtube.com/watch?v=fIu-pIE0StY,120,34,148,https://www.youtube.com/watch?v=C0Efwqv3jvo,4692,745,4692,https://www.youtube.com/watch?v=fIu-pIE0StY,0,0,0,0,
9c913230c732455c9604dae9ebcfa64e,2300,17353,1,0,11,https://www.youtube.com/watch?v=ZxNdo5CkjxY,0,0,0,,1,0,11,https://www.youtube.com/watch?v=ZxNdo5CkjxY,878,270,218,366,https://www.twitch.tv/videos/2222294194
d9205a7681c74bacae6e0c413aff1ab1,2300,57303,129,93,579,https://www.youtube.com/watch?v=ijswFvqCYJU,125,91,176,https://www.youtube.com/watch?v=OORE09oTtqM,579,347,579,https://www.youtube.com/watch?v=ijswFvqCYJU,0,0,0,0,
969122fc1adf4d8798a043b4754c893e,2290,15168,329,165,805,https://www.youtube.com/watch?v=4ax9djChU7U,321,165,597,https://www.youtube.com/watch?v=pVnjtmFh-GQ,688,246,805,https://www.youtube.com/watch?v=4ax9djChU7U,0,0,0,0,
edc63a5ab371435ea8614134d401c517,2290,89516,0,0,0,,0,0,0,,0,0,0,,0,0,0,0,
3f12c2866e564c3086183c6e75ef79eb,2290,57055,0,0,0,,0,0,0,,0,0,0,,0,0,0,0,
80c426d23cdb4dcda1d1a0a1bd7e0245,2290,14851,0,0,0,,0,0,0,,0,0,0,,6088,189,5,189,https://www.twitch.tv/videos/2204941286
9b8fe3ac0f30473f87290d314dfda74e,2290,31702,341,20,432,https://www.youtube.com/watch?v=O--U_w-sNUc,261,20,311,https://www.youtube.com/watch?v=Uov7gyZ6AZI,402,157,432,https://www.youtube.com/watch?v=O--U_w-sNUc,0,0,0,0,
f96c65701df94732853d86ffd893081e,2280,50336,714,353,1261,https://www.youtube.com/watch?v=srPecKTMaIk,714,353,1261,https://www.youtube.com/watch?v=srPecKTMaIk,0,0,0,,0,0,0,0,
d95e3d9eed1a4e87a736a882a1fb9288,2270,222253,157,108,675,https://www.youtube.com/watch?v=TFpl1q5cTSU,157,108,675,https://www.youtube.com/watch?v=TFpl1q5cTSU,0,0,0,,64,0,0,0,
25904d8b82c84d74a8abffb804647e21,2270,107868,0,0,0,,0,0,0,,0,0,0,,396,0,0,0,
7ce04ee5bb63467f8b70a69136049218,2260,25659,0,0,0,,0,0,0,,0,0,0,,1611,273,188,390,https://www.twitch.tv/videos/2221551090
ed4666af39034d54913aba64cfea6f47,2260,136301,189,85,382,https://www.youtube.com/watch?v=vSdbDGRqebg,198,86,382,https://www.youtube.com/watch?v=vSdbDGRqebg,38,26,56,https://www.youtube.com/watch?v=a9gr9fvJaSo,0,0,0,0,
d576c2396a004f3c8dd91baf14254898,2250,66271,59,23,378,https://www.youtube.com/watch?v=Tuda2vbS8OU,59,23,378,https://www.youtube.com/watch?v=Tuda2vbS8OU,0,0,0,,2546,95,74,419,https://www.twitch.tv/videos/2229010848
73a6eae6a16942ef8726b2c475fef9e0,2240,132288,0,0,0,,0,0,0,,0,0,0,,0,0,0,0,
9ef5ec69554f46e887a9ac0fe54b4f41,2230,82928,250,60,526,https://www.youtube.com/watch?v=f7p2bHmSckk,250,60,526,https://www.youtube.com/watch?v=f7p2bHmSckk,0,0,0,,0,0,0,0,
8d0693c271284b76a407c9f6faffcfdc,2220,38813,84,58,84,https://www.youtube.com/watch?v=eWj2gZ_2iTg,84,58,84,https://www.youtube.com/watch?v=eWj2gZ_2iTg,0,0,0,,0,0,0,0,
3e48227b123a4137a0cf1755b1142a6c,2220,60966,130,58,201,https://www.youtube.com/watch?v=Ak9poXcB69s,130,58,201,https://www.youtube.com/watch?v=Ak9poXcB69s,0,0,0,,0,0,0,0,
08a9cb204a03447bbba896df3ee6a096,2210,11045,0,0,0,,0,0,0,,0,0,0,,394,0,0,0,
d418b8a185f449b3a15c1656ba654780,2210,147417,159,62,6183,https://www.youtube.com/watch?v=PA4JpLJapw4,81,62,123,https://www.youtube.com/watch?v=vjm5cYbHSE8,347,68,6183,https://www.youtube.com/watch?v=PA4JpLJapw4,0,0,0,0,
4de89158f20a4d0e8023f15db8a9526e,2190,25087,172,15,515,https://www.youtube.com/watch?v=q3fhdY6PRJI,0,0,0,,172,15,515,https://www.youtube.com/watch?v=q3fhdY6PRJI,0,0,0,0,
d45c287a84b6485e8ff3400cf50f5db7,2170,163858,0,0,0,,0,0,0,,0,0,0,,3280,1373,949,3256,https://www.twitch.tv/videos/2221608867
988d1a83ff6c4f82af6be42946987c36,2170,102655,200,68,302,https://www.youtube.com/watch?v=FCRpBQ5lfeI,159,95,266,https://www.youtube.com/watch?v=xO4AMKSocZc,302,40,302,https://www.youtube.com/watch?v=FCRpBQ5lfeI,0,0,0,0,
326e254f0da14bc6bfc5d379164cf5c6,2160,37866,0,0,0,,0,0,0,,0,0,0,,0,0,0,0,
2463286fd3154219afa631c73d178147,2160,185249,120,53,167,https://www.youtube.com/watch?v=IFWA0y_PmkE,120,53,167,https://www.youtube.com/watch?v=IFWA0y_PmkE,0,0,0,,0,0,0,0,
6c4992a47ccc4c3bb997d3c49ddc2ec8,2160,47659,168,108,394,https://www.youtube.com/watch?v=013c-97uOKA,157,107,262,https://www.youtube.com/watch?v=h7GJkBqDCrY,394,253,394,https://www.youtube.com/watch?v=013c-97uOKA,636,117,102,117,https://www.twitch.tv/videos/2226774018
3430201d0e1f4672a58faf16ee0f2761,2150,59865,235,95,497,https://www.youtube.com/watch?v=tdzKJ5UpPF8,244,97,497,https://www.youtube.com/watch?v=tdzKJ5UpPF8,60,8,60,https://www.youtube.com/watch?v=mB9DQXboEY4,1324,0,0,0,
b174714646ea40e28ce32affabe3e93e,2150,17255,263,204,6086,https://www.youtube.com/watch?v=IQsDXWvuueM,293,270,740,https://www.youtube.com/watch?v=tR9oZIgVilA,263,90,6086,https://www.youtube.com/watch?v=IQsDXWvuueM,0,0,0,0,
d3a3eab7a3e34ea98784c44e3691c726,2150,73886,200,94,532,https://www.youtube.com/watch?v=cQ6ABywv1OA,200,122,532,https://www.youtube.com/watch?v=cQ6ABywv1OA,153,52,265,https://www.youtube.com/watch?v=Z6FRhbPHrGI,0,0,0,0,
4f93fe928d264a299c6589e09fbda21e,2150,161705,0,0,0,,0,0,0,,0,0,0,,0,0,0,0,
0ede84dfc1ff426cb42643d7390d2937,2140,248461,183,73,603,https://www.youtube.com/watch?v=8drC6j0iVLA,175,53,304,https://www.youtube.com/watch?v=WhfPirE53Fs,195,148,603,https://www.youtube.com/watch?v=8drC6j0iVLA,1257,271,210,282,https://www.twitch.tv/videos/2228360311
b7fa120fd2264ecca8f9f02ece2850a9,2140,126286,90,47,1013,https://www.youtube.com/watch?v=q9DmsB2EpY4,87,47,166,https://www.youtube.com/watch?v=B4y-3w2qs6M,494,75,1013,https://www.youtube.com/watch?v=q9DmsB2EpY4,134,0,0,0,
1c4d1b6728454276a4a5c4e0d6a94a20,2140,0,0,0,0,,0,0,0,,0,0,0,,0,0,0,0,
b5c9831f97f4427a88a96d7c4ee40539,2140,189731,150,136,150,https://www.youtube.com/watch?v=xTS8UH9PCpE,150,136,150,https://www.youtube.com/watch?v=xTS8UH9PCpE,0,0,0,,1182,413,300,823,https://www.twitch.tv/videos/2227356424
27bbe711f5e848a9bc8accc73fc79471,2130,45145,0,0,0,,0,0,0,,0,0,0,,0,0,0,0,
b8d723ac79eb47229a23adc4029a5bd5,2130,0,0,0,0,,0,0,0,,0,0,0,,0,0,0,0,
3039dc305f614cd89e8ee8d028dea0ff,2120,57304,0,0,0,,0,0,0,,0,0,0,,0,0,0,0,
b95eb39c5bb74de687696afbc31fb836,2120,44200,150,115,296,https://www.youtube.com/watch?v=rEja60O4rdM,150,115,296,https://www.youtube.com/watch?v=rEja60O4rdM,0,0,0,,272,66,43,78,https://www.twitch.tv/videos/2215433934
2161dd499b2b493096ab04591890b15b,2110,53213,0,0,0,,0,0,0,,0,0,0,,826,0,0,0,
d2b6390494b94f44ac75b6e53780a09c,2100,29669,153,65,640,https://www.youtube.com/watch?v=NHAPpzNMoEs,154,65,382,https://www.youtube.com/watch?v=05V4sVSOX9k,106,46,640,https://www.youtube.com/watch?v=NHAPpzNMoEs,60,0,0,0,
c41a24bf9c8f48ee9454119057088688,2100,79019,79,50,79,https://www.youtube.com/watch?v=x0dkRg9KqSg,0,0,0,,79,50,79,https://www.youtube.com/watch?v=x0dkRg9KqSg,0,0,0,0,
93e7079bd21c499f9004e79d18489d28,2100,446809,0,0,0,,0,0,0,,0,0,0,,87,0,0,0,
fad69c2a625446829ef410d9ef277c8f,2090,49600,182,97,526,https://www.youtube.com/watch?v=-FwlBGexC_c,179,95,219,https://www.youtube.com/watch?v=EUyGtxrhNZI,428,100,526,https://www.youtube.com/watch?v=-FwlBGexC_c,0,0,0,0,
6eeed5b0702a45df8470a617ee2c5243,2080,23066,0,0,0,,0,0,0,,0,0,0,,0,0,0,0,
64bba754590e41c5b58df1c536d4e865,2080,37081,246,138,521,https://www.youtube.com/watch?v=jxgzp5NrnuA,283,157,521,https://www.youtube.com/watch?v=jxgzp5NrnuA,186,73,247,https://www.youtube.com/watch?v=kvIEx-Q3Olw,344,0,0,0,
7c147c43030b44b9ae244d82c387c82a,2080,25970,77,29,332,https://www.youtube.com/watch?v=SHqdZeNT3Jc,71,25,95,https://www.youtube.com/watch?v=J3i42hajCEE,332,252,332,https://www.youtube.com/watch?v=SHqdZeNT3Jc,0,0,0,0,
5da8c6fb027049cc8bc2030c56e8c489,2080,39468,0,0,0,,0,0,0,,0,0,0,,136,0,0,0,
58bb51ba1bba485a98cbf859fb5687f4,2080,69979,161,67,670,https://www.youtube.com/watch?v=pJ6zthv1EG8,130,51,164,https://www.youtube.com/watch?v=V8EdzctGc50,378,95,670,https://www.youtube.com/watch?v=pJ6zthv1EG8,1698,0,0,0,
6b36f446b10e4ea99d5d80d60beeee21,2070,45717,0,0,0,,0,0,0,,0,0,0,,8354,0,0,0,
2f80e2f83d254bbdbf48b9c8b3fca995,2070,62511,260,144,702,https://www.youtube.com/watch?v=byMIHPCYknA,260,144,702,https://www.youtube.com/watch?v=byMIHPCYknA,0,0,0,,0,0,0,0,
0bef54320f364c5a9289fceac64c5411,2070,62899,108,22,625,https://www.youtube.com/watch?v=RG0Ot-5_TYg,55,20,111,https://www.youtube.com/watch?v=_tB3juppWvE,472,184,625,https://www.youtube.com/watch?v=RG0Ot-5_TYg,62,5,2,5,https://www.twitch.tv/videos/2224031706
a7a327b0dde5424f88618e9b5d89d224,2070,33729,291,134,699,https://www.youtube.com/watch?v=CCiOR5pIFy0,291,134,699,https://www.youtube.com/watch?v=CCiOR5pIFy0,0,0,0,,0,0,0,0,
83e0f3520699474ba7f017e5e4388a5f,2070,27725,239,116,1211,https://www.youtube.com/watch?v=bY3WiihSfxU,255,132,1211,https://www.youtube.com/watch?v=bY3WiihSfxU,192,11,192,https://www.youtube.com/watch?v=Q0cUbfmJZBs,0,0,0,0,
677ae7ec361d4d3c9981bca8fbb974c8,2070,63869,0,0,0,,0,0,0,,0,0,0,,365,0,0,0,
c805a5c2c4fb4a068a65267452aa4da5,2060,76010,86,41,119,https://www.youtube.com/watch?v=-fkMGUoTY5s,78,38,119,https://www.youtube.com/watch?v=-fkMGUoTY5s,105,73,105,https://www.youtube.com/watch?v=ucH60k_lg60,0,0,0,0,
d2b1ba87da034210bbe54bfa1c01bc41,2050,40990,96,24,172,https://www.youtube.com/watch?v=zRaIS3VZRpk,96,24,172,https://www.youtube.com/watch?v=zRaIS3VZRpk,0,0,0,,8491,435,203,559,https://www.twitch.tv/videos/2216322060
9379ed7f979440218e22b8db58dd0dd1,2050,105255,329,193,531,https://www.youtube.com/watch?v=l-7UrLoWvIw,324,169,495,https://www.youtube.com/watch?v=Zp5ixkNDVr4,531,234,531,https://www.youtube.com/watch?v=l-7UrLoWvIw,348,557,375,651,https://www.twitch.tv/videos/2219035814
4a1e39ee23e6423fbfd3a15b1e28c8f3,2040,45191,0,0,0,,0,0,0,,0,0,0,,0,0,0,0,
8de4919964114a0e8627e93166bf0efb,2040,0,0,0,0,,0,0,0,,0,0,0,,0,0,0,0,
5da1b6db7796434f9180d2f5e210ea6c,2040,124377,80,24,965,https://www.youtube.com/watch?v=EIg8Sdyux0U,138,48,387,https://www.youtube.com/watch?v=Y0O6XQKcjtw,36,15,965,https://www.youtube.com/watch?v=EIg8Sdyux0U,0,0,0,0,
2875db54b5d74d01b301d63d36dd6fbf,2040,39009,124,49,346,https://www.youtube.com/watch?v=hi3AP6q3TK8,130,53,346,https://www.youtube.com/watch?v=hi3AP6q3TK8,10,8,10,https://www.youtube.com/watch?v=Oe_amcOsFMY,0,0,0,0,
95f3f004ed9641139567827519f6b35e,2040,108924,0,0,0,,0,0,0,,0,0,0,,254,0,0,0,
b3f711673fea4ec5b6f87c023353594d,2030,75420,237,61,1392,https://www.youtube.com/watch?v=Oi3caT1z79U,242,59,1392,https://www.youtube.com/watch?v=Oi3caT1z79U,71,61,71,https://www.youtube.com/watch?v=Ee6M8u7Qej4,0,0,0,0,
32a08f858ffb4d6aba0624647cf8cf2d,2030,53949,114,37,181,https://www.youtube.com/watch?v=neqMB-u7vYk,123,45,181,https://www.youtube.com/watch?v=neqMB-u7vYk,54,20,119,https://www.youtube.com/watch?v=__dUcmsozUw,0,0,0,0,
0414bb8fc082472a9434bd4a463a9865,2020,65530,0,0,0,,0,0,0,,0,0,0,,141,0,0,0,
ab069c9401bc4bd09eea8f5ece525d54,2020,299866,425,174,490,https://www.youtube.com/watch?v=V4bVEmVkuSA,425,174,490,https://www.youtube.com/watch?v=V4bVEmVkuSA,0,0,0,,0,0,0,0,
ba5ed25718a7421cb15cd0ec62df723e,2010,93441,205,95,322,https://www.youtube.com/watch?v=MWf4k9lCveE,205,95,322,https://www.youtube.com/watch?v=MWf4k9lCveE,0,0,0,,404,0,0,0,
14d334ad35f146ecbb047d1c20652fe1,2010,317490,0,0,0,,0,0,0,,0,0,0,,0,0,0,0,
c85f3da0538546c499238b23d273f627,2010,62332,158,57,406,https://www.youtube.com/watch?v=iRj2W1RkcWI,147,50,406,https://www.youtube.com/watch?v=iRj2W1RkcWI,365,69,365,https://www.youtube.com/watch?v=ZfgFFigCYnI,328,131,109,217,https://www.twitch.tv/videos/2223191112
33918eea49984fb499619652ce58a4fa,2010,73365,5132,3110,11780,https://www.youtube.com/watch?v=T4pRGd7x6hk,5132,3110,11780,https://www.youtube.com/watch?v=T4pRGd7x6hk,0,0,0,,0,0,0,0,
cb52afa541704e6e8f1098a20679135c,2000,112187,48,15,118,https://www.youtube.com/watch?v=ZZpzhX0kAcg,48,15,118,https://www.youtube.com/watch?v=ZZpzhX0kAcg,0,0,0,,182,0,0,0,
4b7c733a13d247ec84844698ecc7ba0c,2000,42232,0,0,0,,0,0,0,,0,0,0,,2644,251,197,589,https://www.twitch.tv/videos/2222956051
1310ffb60dcf40eaaf6a08890e632234,2000,83650,959,865,959,https://www.youtube.com/watch?v=s75DrTkESGc,959,865,959,https://www.youtube.com/watch?v=s75DrTkESGc,0,0,0,,0,0,0,0,
e32a7d950f5a4b53ab2f47d225aec4fd,1990,54399,120,46,124,https://www.youtube.com/watch?v=VLOEa80dlLE,120,46,124,https://www.youtube.com/watch?v=VLOEa80dlLE,0,0,0,,0,0,0,0,
3a8f78d98fd344cb9d32358e5c96eace,1990,43467,498,199,12366,https://www.youtube.com/watch?v=1SYQ6riCidA,0,0,0,,498,199,12366,https://www.youtube.com/watch?v=1SYQ6riCidA,104,0,0,0,
75a90497bfc2480f954c276b70f7b1c3,1980,152404,271,45,652,https://www.youtube.com/watch?v=BE-pRmXu-6E,271,45,652,https://www.youtube.com/watch?v=BE-pRmXu-6E,0,0,0,,6983,238,35,358,https://www.twitch.tv/videos/2214810064
e9047e02eb6340ff940114f754c76875,1970,45917,108,58,206,https://www.youtube.com/watch?v=HQzG4MysHPw,108,58,206,https://www.youtube.com/watch?v=HQzG4MysHPw,0,0,0,,0,0,0,0,
8564954960ba466fa7f17bc0e0ea5e8e,1970,37432,0,0,0,,0,0,0,,0,0,0,,294,0,0,0,
80ea9b92d31c48b8b2cf2ca5bacc2a08,1970,47172,159,55,464,https://www.youtube.com/watch?v=xklGIGCBtU0,159,55,464,https://www.youtube.com/watch?v=xklGIGCBtU0,0,0,0,,0,0,0,0,
5b40a93fac8646f48fca66add3d3642c,1970,136293,196,85,418,https://www.youtube.com/watch?v=fqZdWYeMrIg,196,85,418,https://www.youtube.com/watch?v=fqZdWYeMrIg,0,0,0,,0,0,0,0,
6d2945d11f504edb9962f742b54f6553,1960,29836,36,18,92,https://www.youtube.com/watch?v=vas3ZvorTsM,70,36,92,https://www.youtube.com/watch?v=vas3ZvorTsM,18,15,21,https://www.youtube.com/watch?v=kgG-4l9R3zA,994,170,113,188,https://www.twitch.tv/videos/2219793512
9767904fedef42febaa98e9162973356,1960,390276,224,59,447,https://www.youtube.com/watch?v=kqUqPenpmIw,224,59,447,https://www.youtube.com/watch?v=kqUqPenpmIw,0,0,0,,0,0,0,0,
2af83bdd7db644d88ffdaf123c38619b,1950,48233,146,73,220,https://www.youtube.com/watch?v=q4kpSI-T0L8,146,73,220,https://www.youtube.com/watch?v=q4kpSI-T0L8,0,0,0,,0,0,0,0,
6f382359f4d0436e9e1d4f87e4696e76,1950,51385,135,103,316,https://www.youtube.com/watch?v=gHgYFl6Jbjs,135,103,316,https://www.youtube.com/watch?v=gHgYFl6Jbjs,0,0,0,,0,0,0,0,
443ba741722742d5b7d5f76c3e7b445b,1940,97382,158,106,515,https://www.youtube.com/watch?v=3Witfuhw4vM,188,79,384,https://www.youtube.com/watch?v=G9Mw56D1uxA,146,118,515,https://www.youtube.com/watch?v=3Witfuhw4vM,0,0,0,0,
d210d8dfc0ec4a97907b9cebb5413ae3,1930,96629,355,221,625,https://www.youtube.com/watch?v=B3qeV02fMR8,355,221,625,https://www.youtube.com/watch?v=B3qeV02fMR8,0,0,0,,0,0,0,0,
1dab397f9530482e96216024b42f5ef3,1930,71103,0,0,0,,0,0,0,,0,0,0,,235,0,0,0,
a7810f3ba1af43ff888ccbbe477a1356,1930,28906,282,43,579,https://www.youtube.com/watch?v=nB3A1c2QIz0,273,50,438,https://www.youtube.com/watch?v=S-RA1zT8oDs,292,36,579,https://www.youtube.com/watch?v=nB3A1c2QIz0,284,222,128,363,https://www.twitch.tv/videos/2223254347
08158657738a4949bce0cbbc36c4e701,1930,74336,100,99,100,https://www.youtube.com/watch?v=OqGodZWjKwo,100,99,100,https://www.youtube.com/watch?v=OqGodZWjKwo,0,0,0,,0,0,0,0,
b32d16e391cb490aaea0e1d2e366f839,1930,23480,109,38,487,https://www.youtube.com/watch?v=-bldpwIIgLc,183,39,487,https://www.youtube.com/watch?v=-bldpwIIgLc,103,17,143,https://www.youtube.com/watch?v=OWFyCb0ogPE,76,0,0,0,
60602526ae1d48688c23a74b3cb527e8,1920,76004,0,0,0,,0,0,0,,0,0,0,,0,0,0,0,
b34b0381ce8e40f2b24fa0a96a1e1bd5,1920,76545,0,0,0,,0,0,0,,0,0,0,,0,0,0,0,
14561bf5e63844f58b60deb87f443507,1920,0,0,0,0,,0,0,0,,0,0,0,,756,0,0,0,
c79b5a5a5c8b4d8f917afdfc16c01961,1920,59291,1843,485,1843,https://www.youtube.com/watch?v=EARkhhh7_c8,0,0,0,,1843,485,1843,https://www.youtube.com/watch?v=EARkhhh7_c8,2570,695,556,738,https://www.twitch.tv/videos/2227639816
572c03fa49b54d4b95935321b4722b68,1910,215691,83,30,1038,https://www.youtube.com/watch?v=znvu1mf_7WE,0,0,0,,83,30,1038,https://www.youtube.com/watch?v=znvu1mf_7WE,1493,0,0,0,
084c49d869114256af18c13cc4b56414,1910,29154,0,0,0,,0,0,0,,0,0,0,,0,0,0,0,
83a59a0d6537461fb429af7e3af1d152,1910,245346,157,153,157,https://www.youtube.com/watch?v=M_-mGCO5fUU,0,0,0,,157,153,157,https://www.youtube.com/watch?v=M_-mGCO5fUU,0,0,0,0,
319383cd0cd4438990dbb916862cdbfc,1900,53484,165,96,937,https://www.youtube.com/watch?v=MSEEeyuegjg,156,89,286,https://www.youtube.com/watch?v=V9p0-cJxhYo,531,196,937,https://www.youtube.com/watch?v=MSEEeyuegjg,0,0,0,0,
70d5f64a7e324d7584d7e5116d6dc5a2,1900,57978,0,0,0,,0,0,0,,0,0,0,,0,0,0,0,
3bbbe40f23e344fa8889d410b7315383,1900,31540,0,0,0,,0,0,0,,0,0,0,,1719,0,0,0,
889bc532fb85455bae33baf0aa7ec003,1900,143778,122,32,204,https://www.youtube.com/watch?v=3BlVsI-rf-4,122,32,204,https://www.youtube.com/watch?v=3BlVsI-rf-4,0,0,0,,0,0,0,0,
fe5a0ac164a940c79e430eab9995da2e,1900,180367,0,0,0,,0,0,0,,0,0,0,,117,0,0,0,
3506a4f43442492e83c6fbe4cdb09aba,1900,44878,199,14,347,https://www.youtube.com/watch?v=NhrbNvJUJxs,0,0,0,,199,14,347,https://www.youtube.com/watch?v=NhrbNvJUJxs,0,0,0,0,
01ba034aab854ec680fe6f1ddc7008e2,1880,89819,143,45,184,https://www.youtube.com/watch?v=-4vj-OizTSg,158,78,184,https://www.youtube.com/watch?v=-4vj-OizTSg,40,8,131,https://www.youtube.com/watch?v=0L_HjW4hxZg,0,0,0,0,
48b978b1705a4f61a760b05280000b34,1880,8375,0,0,0,,0,0,0,,0,0,0,,1293,0,0,0,
d80f5bc1e3ce4c35aa3eced40cc3bddc,1880,38043,299,118,1410,https://www.youtube.com/watch?v=pCuh1mi3i1w,295,97,465,https://www.youtube.com/watch?v=aU4pOeDiANM,833,139,1410,https://www.youtube.com/watch?v=pCuh1mi3i1w,266,0,0,0,
8b7a4cfb12e54a309645f0e077bb088a,1880,88310,250,95,367,https://www.youtube.com/watch?v=_2b9sUhH09E,250,95,367,https://www.youtube.com/watch?v=_2b9sUhH09E,0,0,0,,0,0,0,0,
2a20316d245d406193331300bb44fdec,1870,20035,0,0,0,,0,0,0,,0,0,0,,4166,8968,6360,8968,https://www.twitch.tv/videos/2222456662
55e9448a0a9040f99dc8ea1cf86cbad5,1870,0,0,0,0,,0,0,0,,0,0,0,,1399,0,0,0,
9c0184b0f01a4af4a4c2c56139682fb9,1860,39925,0,0,0,,0,0,0,,0,0,0,,0,0,0,0,
15b8c0a77287451395102506f90ec98b,1860,641,0,0,0,,0,0,0,,0,0,0,,0,0,0,0,
d1dcec3b0dbe4e39b2907be832c467a1,1860,0,0,0,0,,0,0,0,,0,0,0,,0,0,0,0,
829ebc1f7fc34bd1b770298799fccaa7,1860,38114,0,0,0,,0,0,0,,0,0,0,,0,0,0,0,
0a178f2c7b994a4ea8eb845ebd489a5a,1840,39583,62,28,108,https://www.youtube.com/watch?v=r9jRLKDDmyU,62,28,108,https://www.youtube.com/watch?v=r9jRLKDDmyU,0,0,0,,190,0,0,0,
83eff3b0de694818876092eaabd35b4a,1840,67846,116,42,187,https://www.youtube.com/watch?v=5LtE4P1zFrs,116,42,187,https://www.youtube.com/watch?v=5LtE4P1zFrs,0,0,0,,0,0,0,0,
e3b2ba3f0767417a911eedeb6604ec7f,1830,1812,0,0,0,,0,0,0,,0,0,0,,0,0,0,0,
0b91169f9d504a479f0e1010ae4edda1,1830,5486,0,0,0,,0,0,0,,0,0,0,,0,0,0,0,
9efea510313f4733b4d0b5e3cfb6988b,1810,382250,22,21,22,https://www.youtube.com/watch?v=YcstCpu2nBA,22,21,22,https://www.youtube.com/watch?v=YcstCpu2nBA,0,0,0,,0,0,0,0,
be84d60f2d0e452ab7d66eaeb957477f,1790,73393,78,19,85,https://www.youtube.com/watch?v=MXJYjW_gx7o,78,19,85,https://www.youtube.com/watch?v=MXJYjW_gx7o,0,0,0,,0,0,0,0,
7a93714b53274fbaad48bef3b409d458,1790,76585,298,202,808,https://www.youtube.com/watch?v=5MHMjAhIvYg,298,202,808,https://www.youtube.com/watch?v=5MHMjAhIvYg,0,0,0,,0,0,0,0,
7653119a278b4ea59d2af5e2ba7d30e0,1790,64434,349,145,9643,https://www.youtube.com/watch?v=WyPekAgsp04,302,135,394,https://www.youtube.com/watch?v=83RUhBeD1-I,495,227,9643,https://www.youtube.com/watch?v=WyPekAgsp04,0,0,0,0,
b632def93af34129ad1a2a6f01a8277f,1790,80834,0,0,0,,0,0,0,,0,0,0,,0,0,0,0,
de610557c5c041df85e41e7f2f5490f5,1790,37929,12,3,118,https://www.youtube.com/watch?v=tB0sNQakGRA,0,0,0,,12,3,118,https://www.youtube.com/watch?v=tB0sNQakGRA,0,0,0,0,
cd4c94db2aed435794cc7e55999016e7,1790,84003,84,37,580,https://www.youtube.com/watch?v=ysHs1TrkBIM,83,28,278,https://www.youtube.com/watch?v=GbhIfG3wHC0,508,332,580,https://www.youtube.com/watch?v=ysHs1TrkBIM,265,70,55,87,https://www.twitch.tv/videos/2224907685
637b3a1eb03443248ebd1caba56e6b5a,1780,66817,224,72,250,https://www.youtube.com/watch?v=y_Ni9eItVFw,224,72,250,https://www.youtube.com/watch?v=y_Ni9eItVFw,0,0,0,,0,0,0,0,
7e8fe40622974698a75d14d78006e009,1780,70221,328,148,614,https://www.youtube.com/watch?v=yi68Vw1qHvI,266,233,266,https://www.youtube.com/watch?v=0jW5qD3OIWw,341,147,614,https://www.youtube.com/watch?v=yi68Vw1qHvI,1579,531,388,1193,https://www.twitch.tv/videos/2223058192
6eefc3826f4f49a0b28a5288c5e0d83e,1780,22136,302,193,302,https://www.youtube.com/watch?v=5E8HZcnePek,0,0,0,,302,193,302,https://www.youtube.com/watch?v=5E8HZcnePek,1521,0,0,0,
3584322d47f14c7aa8f6e98511d3c54a,1780,771,0,0,0,,0,0,0,,0,0,0,,1082,0,0,0,
af40da4e1fc24360bf9ed4eb828bf912,1780,104,0,0,0,,0,0,0,,0,0,0,,0,0,0,0,
5dc565de88a948ecb092cce178aafe60,1770,456355,262,124,585,https://www.youtube.com/watch?v=G70h_-suzJw,269,125,585,https://www.youtube.com/watch?v=G70h_-suzJw,91,51,91,https://www.youtube.com/watch?v=jx-vFmJw_ZM,0,0,0,0,
62f37fa0a2f44083945f03db36e50dff,1770,32502,121,55,436,https://www.youtube.com/watch?v=UeVdqE3AyXI,121,55,436,https://www.youtube.com/watch?v=UeVdqE3AyXI,0,0,0,,0,0,0,0,
dbabd28a98cf447189088251a5b973d4,1770,16539,81,40,351,https://www.youtube.com/watch?v=hSuHOtwadiY,208,40,208,https://www.youtube.com/watch?v=Fxuq9F7Z7gw,70,42,351,https://www.youtube.com/watch?v=hSuHOtwadiY,158,0,0,0,
0dc671f00179414c959171b6625785a0,1770,53777,150,86,447,https://www.youtube.com/watch?v=ZB9Gjf5agbQ,145,72,215,https://www.youtube.com/watch?v=RvHvwiSiG7I,447,314,447,https://www.youtube.com/watch?v=ZB9Gjf5agbQ,0,0,0,0,
52643019126449999714c7b659b6539c,1770,46031,0,0,0,,0,0,0,,0,0,0,,370,0,0,0,
bf124655587e4f5b937d695be814d25d,1770,126415,249,51,249,https://www.youtube.com/watch?v=Dmmjx2_xV-o,249,51,249,https://www.youtube.com/watch?v=Dmmjx2_xV-o,0,0,0,,0,0,0,0,
712d031e7f004ed99aa1dfdb176cff32,1760,75777,165,31,286,https://www.youtube.com/watch?v=Q1NtW_-H4y8,0,0,0,,165,31,286,https://www.youtube.com/watch?v=Q1NtW_-H4y8,314,0,0,0,
70874043d50b4e3a873742127251caa5,1760,69091,125,67,185,https://www.youtube.com/watch?v=QqwQmu9n2qM,125,67,185,https://www.youtube.com/watch?v=QqwQmu9n2qM,0,0,0,,0,0,0,0,
b49c2970f97b4fd4a6762b3e9ba94f8e,1760,13913,152,64,152,https://www.youtube.com/watch?v=bMmPy2ZYCyk,0,0,0,,152,64,152,https://www.youtube.com/watch?v=bMmPy2ZYCyk,8748,711,424,3474,https://www.twitch.tv/videos/2204330376
aff718d907904c398ec8d685b71436a1,1760,27451,147,19,432,https://www.youtube.com/watch?v=o5dWS_sAuwY,138,11,206,https://www.youtube.com/watch?v=tcuQWM_2idg,179,26,432,https://www.youtube.com/watch?v=o5dWS_sAuwY,321,0,0,0,
c6d51e51df5a49f28bf25901f78a955b,1750,94339,2,1,2,https://www.youtube.com/watch?v=9qsxGI57I5s,0,0,0,,2,1,2,https://www.youtube.com/watch?v=9qsxGI57I5s,337,0,0,0,
4d44c28a73394954a4d1bf2a1b2c162c,1750,90839,118,27,383,https://www.youtube.com/watch?v=D-FRi4isLLE,126,26,204,https://www.youtube.com/watch?v=nH9Q_yEW37Q,104,28,383,https://www.youtube.com/watch?v=D-FRi4isLLE,0,0,0,0,
a960b283b1124f44bc4bf2a16199977a,1740,23880,436,275,445,https://www.youtube.com/watch?v=B4RqzC3u124,0,0,0,,436,275,445,https://www.youtube.com/watch?v=B4RqzC3u124,4252,479,169,1579,https://www.twitch.tv/videos/2216410527
66830cad0b9949689741b0dc5ef39d29,1730,44980,151,73,1789,https://www.youtube.com/watch?v=iSaa1wfsNIo,145,48,171,https://www.youtube.com/watch?v=FVRrIaIc_9Q,1789,1140,1789,https://www.youtube.com/watch?v=iSaa1wfsNIo,0,0,0,0,
72a83f60773546dba886008320809d70,1730,342927,103,49,217,https://www.youtube.com/watch?v=tGPSQrzmjzA,103,49,217,https://www.youtube.com/watch?v=tGPSQrzmjzA,0,0,0,,8163,2784,1140,3283,https://www.twitch.tv/videos/2215232403
8bf9e6165251449daa9b1b36af10e5bd,1730,9009,0,0,0,,0,0,0,,0,0,0,,0,0,0,0,
0f7d7faa487642d0a8ff6d5fc8dbc394,1730,143210,197,58,268,https://www.youtube.com/watch?v=12sA9uDUfak,232,89,268,https://www.youtube.com/watch?v=12sA9uDUfak,124,58,124,https://www.youtube.com/watch?v=m2plaeWGlUM,945,724,539,829,https://www.twitch.tv/videos/2224120219
34d968321e3c40aabf759ad22d33bb3a,1730,0,0,0,0,,0,0,0,,0,0,0,,0,0,0,0,
d20c66018a094127805133f051037124,1730,68096,0,0,0,,0,0,0,,0,0,0,,1395,164,132,174,https://www.twitch.tv/videos/2224625269
db2f279f9960492082f3ae6ad20aca91,1720,38031,493,94,493,https://www.youtube.com/watch?v=wZ1-axwfBQ4,0,0,0,,493,94,493,https://www.youtube.com/watch?v=wZ1-axwfBQ4,488,0,0,0,
cb8dab545aa1409c8c6cf887f8825485,1720,56074,0,0,0,,0,0,0,,0,0,0,,0,0,0,0,
e39607950249427da8b60fa012115e44,1710,87002,120,30,220,https://www.youtube.com/watch?v=nhqbwrgxY6Q,120,30,220,https://www.youtube.com/watch?v=nhqbwrgxY6Q,0,0,0,,0,0,0,0,
44b22851b9df4612bec834e2cfde9489,1710,484149,99,49,198,https://www.youtube.com/watch?v=XpbRfDSSDzM,97,49,198,https://www.youtube.com/watch?v=XpbRfDSSDzM,145,122,145,https://www.youtube.com/watch?v=zmJQHc-TDnY,0,0,0,0,
7eec0f9233fa49ed92c4f60fb8a82694,1700,33290,52,27,5458,https://www.youtube.com/watch?v=mRcdba8Xf10,0,0,0,,52,27,5458,https://www.youtube.com/watch?v=mRcdba8Xf10,880,151,106,178,https://www.twitch.tv/videos/2219817142
1f445fb1ee7447c2add6738b86570b2e,1700,68679,0,0,0,,0,0,0,,0,0,0,,0,0,0,0,
df7bcc29e3204005877b25cdad9206b7,1700,77960,55,23,71,https://www.youtube.com/watch?v=j-2g6gO_MI0,55,23,68,https://www.youtube.com/watch?v=cB6eFKPRGJ0,49,26,71,https://www.youtube.com/watch?v=j-2g6gO_MI0,0,0,0,0,
0dc64e677ea0451095971685f0618966,1700,81602,191,87,246,https://www.youtube.com/watch?v=YE6VbdB4MDc,191,87,246,https://www.youtube.com/watch?v=YE6VbdB4MDc,0,0,0,,0,0,0,0,
1e0ca2c7a8d7493baa62b792d78e7b07,1690,123292,184,43,383,https://www.youtube.com/watch?v=Ta7OjMGAhh8,184,43,383,https://www.youtube.com/watch?v=Ta7OjMGAhh8,0,0,0,,0,0,0,0,
b023ec32c6b5474e95c7faf252925b8e,1690,32552,73,64,79,https://www.youtube.com/watch?v=3qoVQtquAQQ,73,64,79,https://www.youtube.com/watch?v=3qoVQtquAQQ,0,0,0,,144,0,0,0,
ecbeda5532474bdb8d08d4e15ce98d89,1690,24978,0,0,0,,0,0,0,,0,0,0,,2864,0,0,0,
734477be3c5d42afbdde5356c6a6e8ee,1690,19024,0,0,0,https://www.youtube.com/watch?v=_Ds01AnMwP4,0,0,0,,0,0,0,https://www.youtube.com/watch?v=_Ds01AnMwP4,0,0,0,0,
8483ae3c14ca488394d427d271854d88,1690,32277,95,38,187,https://www.youtube.com/watch?v=P3B8-ywGSAQ,95,38,187,https://www.youtube.com/watch?v=P3B8-ywGSAQ,0,0,0,,0,0,0,0,
895f655b68e34434992fe2a9ebbc725a,1680,5364,0,0,0,,0,0,0,,0,0,0,,0,0,0,0,
0da343539de64a169fe51ad653e5c73d,1680,33816,59,16,84,https://www.youtube.com/watch?v=dJNxJfrdLLg,51,16,84,https://www.youtube.com/watch?v=dJNxJfrdLLg,68,49,68,https://www.youtube.com/watch?v=MYh7djCPVaQ,0,0,0,0,
6fa5098cd1c644c5871a47a7e56803dc,1670,33536,373,146,592,https://www.youtube.com/watch?v=7SBvnQY-_lU,373,146,592,https://www.youtube.com/watch?v=7SBvnQY-_lU,0,0,0,,0,0,0,0,
c0ae01f224734769a38c39b97fb6dbb7,1670,45180,161,86,243,https://www.youtube.com/watch?v=vHw9I6eMEGg,161,86,243,https://www.youtube.com/watch?v=vHw9I6eMEGg,0,0,0,,229,85,57,85,https://www.twitch.tv/videos/2221600944
80e2f3365bfd4479a3594c3278311103,1660,5109,0,0,0,,0,0,0,,0,0,0,,2132,140,91,140,https://www.twitch.tv/videos/2221228618
b0e88b4d4e5d41c4b5edd07540dc3637,1660,114391,96,28,136,https://www.youtube.com/watch?v=qAR0o0O55zQ,96,28,136,https://www.youtube.com/watch?v=qAR0o0O55zQ,0,0,0,,0,0,0,0,
8125f51f9526408790a77c1c7b4a053b,1660,38687,0,0,0,,0,0,0,,0,0,0,,1674,215,151,240,https://www.twitch.tv/videos/2222378621
c1aa10208a06439481231599b25845b0,1660,46765,112,62,752,https://www.youtube.com/watch?v=ZKA4Iqat5zI,101,35,199,https://www.youtube.com/watch?v=HQ3qGBXxhSE,528,239,752,https://www.youtube.com/watch?v=ZKA4Iqat5zI,0,0,0,0,
95f8bb8a92c1450b8b5993f740b39338,1660,553576,33,32,33,https://www.youtube.com/watch?v=WIfNKYm8GcQ,33,32,33,https://www.youtube.com/watch?v=WIfNKYm8GcQ,0,0,0,,167,23,22,23,https://www.twitch.tv/videos/2229199260
906fcc288c6840858711cb82b4ebf5f0,1650,42517,48,24,48,https://www.youtube.com/watch?v=krHAXunz7Ao,0,0,0,,48,24,48,https://www.youtube.com/watch?v=krHAXunz7Ao,0,0,0,0,
5c164e07f385482181bf3289b030d748,1650,75157,43,34,66,https://www.youtube.com/watch?v=TYRVD9tvDw4,43,34,66,https://www.youtube.com/watch?v=TYRVD9tvDw4,0,0,0,,953,87,29,182,https://www.twitch.tv/videos/2223211217
f9444f6d790344a4a51a301110665229,1650,68152,139,68,227,https://www.youtube.com/watch?v=IWjpRBn9NcI,138,63,227,https://www.youtube.com/watch?v=IWjpRBn9NcI,149,80,149,https://www.youtube.com/watch?v=oPaEiw1MM-Y,0,0,0,0,
fa4fe8c441404dcf85dda8b8bce34a9a,1650,36086,279,107,876,https://www.youtube.com/watch?v=_63xiQG9wz0,279,125,405,https://www.youtube.com/watch?v=mJg9VAGyvBk,274,69,876,https://www.youtube.com/watch?v=_63xiQG9wz0,0,0,0,0,
7bd1bc8b491d47e0b7cf0a573c36120e,1650,77785,237,158,316,https://www.youtube.com/watch?v=qqDfxqx-yDg,158,146,158,https://www.youtube.com/watch?v=YuShxY58GRY,316,170,316,https://www.youtube.com/watch?v=qqDfxqx-yDg,0,0,0,0,
c4651b162abb45c3a85640e3d456fa71,1650,45025,39,26,63,https://www.youtube.com/watch?v=jSsmh6oIOQs,39,26,63,https://www.youtube.com/watch?v=jSsmh6oIOQs,0,0,0,,329,0,0,0,
ced6b5d82fc848a5a0f45a1b3da4cfae,1650,70956,78,48,136,https://www.youtube.com/watch?v=7WJvCHiHY1E,83,50,136,https://www.youtube.com/watch?v=7WJvCHiHY1E,23,5,23,https://www.youtube.com/watch?v=bAog9zMKHy4,156,14,12,46,https://www.twitch.tv/videos/2224888184
c4df5c9723704291a4d51d973a4bdfd5,1640,30869,0,0,0,,0,0,0,,0,0,0,,0,0,0,0,
0693a90c3539472db663f0f8cac9ee37,1640,52976,0,0,0,,0,0,0,,0,0,0,,628,0,0,0,
891c39f050e048aebafaafc90a1c4cbd,1640,3519,0,0,0,,0,0,0,,0,0,0,,144,0,0,0,
8ad9544f4e4f42a09ec1ecb6b514729f,1640,52026,864,690,864,https://www.youtube.com/watch?v=SsOAPFGnuVY,0,0,0,,864,690,864,https://www.youtube.com/watch?v=SsOAPFGnuVY,0,0,0,0,
86853cb239d740ce953573ba74bd08bd,1630,57560,0,0,0,,0,0,0,,0,0,0,,1666,174,99,188,https://www.twitch.tv/videos/2219784807
8020c505099f474ca81da3023926485f,1630,82483,106,44,398,https://www.youtube.com/watch?v=mMibexpdW5U,106,44,398,https://www.youtube.com/watch?v=mMibexpdW5U,0,0,0,,0,0,0,0,
c192b6e25df841ad85cbc8bbf0bd8bfe,1630,97368,142,80,238,https://www.youtube.com/watch?v=VvSXrBNDqAk,143,82,238,https://www.youtube.com/watch?v=VvSXrBNDqAk,133,79,133,https://www.youtube.com/watch?v=qR6Gdq4GgY0,0,0,0,0,
9087489bcb234de9bb2a8942a1562a61,1620,71613,0,0,0,,0,0,0,,0,0,0,,0,0,0,0,
86e86bf2d8e54e9083613e7398e1e7ac,1620,33649,0,0,0,,0,0,0,,0,0,0,,1523,235,189,254,https://www.twitch.tv/videos/2229139417
ffb8b8f15321474a98628cb638631bf1,1620,134982,101,66,576,https://www.youtube.com/watch?v=hd2IZL3cF9U,96,17,101,https://www.youtube.com/watch?v=LW0LHhx0YTE,446,176,576,https://www.youtube.com/watch?v=hd2IZL3cF9U,0,0,0,0,
8cace62dbfc34c2a9a2a348e479cdbb1,1620,162034,0,0,0,,0,0,0,,0,0,0,,0,0,0,0,
4dd71b1079284bdb8ba90198317e524d,1620,61590,114,55,177,https://www.youtube.com/watch?v=xFA1lk66FkQ,114,55,177,https://www.youtube.com/watch?v=xFA1lk66FkQ,0,0,0,,0,0,0,0,
e8eb343e61df420bbfa5de7fea1a90b2,1620,18900,0,0,0,,0,0,0,,0,0,0,,0,0,0,0,
1be04e1564c34845bee20467cdb8cfd1,1610,101286,0,0,0,,0,0,0,,0,0,0,,0,0,0,0,
e5f4b34c47844699a1c9c6dc3326cf6b,1610,0,0,0,0,,0,0,0,,0,0,0,,76,0,0,0,
597fbfe660ae4e6d92bb20bd7e6f3738,1610,9025,67,57,67,https://www.youtube.com/watch?v=JV-4BeLvwOY,67,57,67,https://www.youtube.com/watch?v=JV-4BeLvwOY,0,0,0,,669,0,0,0,
75f110ca5e9a4b7db3c57912baf5ca27,1610,157854,240,86,404,https://www.youtube.com/watch?v=TB7YG98-1SE,240,86,404,https://www.youtube.com/watch?v=TB7YG98-1SE,0,0,0,,333,514,283,783,https://www.twitch.tv/videos/2218113852
6cd8cdc530d14e2d9d0a9cd20cb6b05c,1610,49380,156,62,649,https://www.youtube.com/watch?v=ZYrR3L_cJHQ,154,61,649,https://www.youtube.com/watch?v=ZYrR3L_cJHQ,553,425,634,https://www.youtube.com/watch?v=7Pz38-g7838,0,0,0,0,
cc1bad00639b4149b277f0d2e99c2abe,1600,54365,107,37,559,https://www.youtube.com/watch?v=Fl6OByoiqVg,105,36,188,https://www.youtube.com/watch?v=X8qTxdaAZ1c,559,86,559,https://www.youtube.com/watch?v=Fl6OByoiqVg,0,0,0,0,
7e50374d02184a429cfc6dfba9b52e2f,1600,4176,0,0,0,,0,0,0,,0,0,0,,0,0,0,0,
8d65d936f3c7411ab8a812d7ebc70cdf,1590,80,0,0,0,,0,0,0,,0,0,0,,249,0,0,0,
cbd9ed35dc0045aa9c57bb9ee14b02e0,1590,684304,6,2,17,https://www.youtube.com/watch?v=L4Qx20HuUdQ,0,0,0,,6,2,17,https://www.youtube.com/watch?v=L4Qx20HuUdQ,0,0,0,0,
a6a789d93f3a4352b251a51b43f98d2c,1590,31374,329,72,395,https://www.youtube.com/watch?v=cRUpbZfyXlY,329,72,395,https://www.youtube.com/watch?v=cRUpbZfyXlY,0,0,0,,0,0,0,0,
9be037b96ffa41c9a080edf332650649,1590,61927,125,72,182,https://www.youtube.com/watch?v=Xy5wMFbL0Mo,125,72,182,https://www.youtube.com/watch?v=Xy5wMFbL0Mo,0,0,0,,0,0,0,0,
49c4f54141434226960845b2a46c432b,1590,33656,78,53,118,https://www.youtube.com/watch?v=RsetkK_yKao,78,53,118,https://www.youtube.com/watch?v=RsetkK_yKao,0,0,0,,0,0,0,0,
73a96bba42b444df98487ed22f97c240,1580,8997,0,0,0,,0,0,0,,0,0,0,,0,0,0,0,
2e8c364f691740dd81c0fa61727a9790,1580,546194,757,272,1360,https://www.youtube.com/watch?v=dUr0-R-ysQk,0,0,0,,757,272,1360,https://www.youtube.com/watch?v=dUr0-R-ysQk,3204,64,32,192,https://www.twitch.tv/videos/2222323630
fe5e2d95569c47f29e863a8212ed7c60,1570,57859,0,0,0,,0,0,0,,0,0,0,,0,0,0,0,
cd6b428bead74294b2d660b49a58edd3,1570,32168,0,0,0,,0,0,0,,0,0,0,,841,44,38,44,https://www.twitch.tv/videos/2226583589
049cb6d09a3b4db49962aa5b8e468a3f,1570,41391,250,82,366,https://www.youtube.com/watch?v=dnE2cibgR9k,250,82,366,https://www.youtube.com/watch?v=dnE2cibgR9k,0,0,0,,474,0,0,0,
f3914ae7ae6541198b6b5f4d63febe48,1570,39825,188,90,740,https://www.youtube.com/watch?v=AaU23cTAa84,188,90,740,https://www.youtube.com/watch?v=AaU23cTAa84,0,0,0,,0,0,0,0,
1025a2d1ea674c649b1e7934895bd419,1570,42765,209,41,223,https://www.youtube.com/watch?v=BR1iO7iMnSw,209,41,223,https://www.youtube.com/watch?v=BR1iO7iMnSw,0,0,0,,0,0,0,0,
351e16ae67e14d5e8c7294284c2ded4d,1570,46137,0,0,0,,0,0,0,,0,0,0,,0,0,0,0,
1b45eb3857ab407cb97447882c2ae525,1570,54994,53,13,63,https://www.youtube.com/watch?v=0cEriw_qMqU,53,13,63,https://www.youtube.com/watch?v=0cEriw_qMqU,0,0,0,,0,0,0,0,
fd62c955979d4f14b788100154fb26e8,1560,20066,63,15,869,https://www.youtube.com/watch?v=LfPm4SVO--4,63,3,113,https://www.youtube.com/watch?v=YFeg4tmUC2c,450,328,869,https://www.youtube.com/watch?v=LfPm4SVO--4,1034,55,33,68,https://www.twitch.tv/videos/2228259439
13992a4fb59649ada3a2adf027b5b35a,1560,41857,105,47,126,https://www.youtube.com/watch?v=WNphIbaKO_s,105,47,126,https://www.youtube.com/watch?v=WNphIbaKO_s,0,0,0,,3730,32,23,37,https://www.twitch.tv/videos/2221532599
ad43fda31b7842dc8e7854840b974614,1560,51987,192,86,548,https://www.youtube.com/watch?v=jBIRSLdBsW8,192,86,548,https://www.youtube.com/watch?v=jBIRSLdBsW8,0,0,0,,0,0,0,0,
a9e5491563fd4b05896ef9a8cb2ee7d7,1560,103833,89,80,111,https://www.youtube.com/watch?v=uOfCKPJpRJc,89,80,111,https://www.youtube.com/watch?v=uOfCKPJpRJc,0,0,0,,0,0,0,0,
5d73e7f013034d06b58decaf4b2b385c,1560,27549,0,0,0,,0,0,0,,0,0,0,,0,0,0,0,
7eb39f4278b04ed485060a084cd07876,1550,47570,75,34,276,https://www.youtube.com/watch?v=HAGaX1RyNwY,75,34,276,https://www.youtube.com/watch?v=HAGaX1RyNwY,0,0,0,,0,0,0,0,
6510332f58be4d86b0007c77a622c959,1550,203547,373,191,1029,https://www.youtube.com/watch?v=7aoB7_lIVGY,422,221,1029,https://www.youtube.com/watch?v=7aoB7_lIVGY,312,49,414,https://www.youtube.com/watch?v=oieTnOKnYVY,2262,371,295,592,https://www.twitch.tv/videos/2219761932
3430389926a942cbacde9b444b3a6653,1540,49121,9,1,9,https://www.youtube.com/watch?v=qK2GEa0Votw,0,0,0,,9,1,9,https://www.youtube.com/watch?v=qK2GEa0Votw,0,0,0,0,
c52b95b6a42d48f0ae888720492a5a46,1540,88794,81,25,209,https://www.youtube.com/watch?v=0SSg-BYk4tI,88,45,209,https://www.youtube.com/watch?v=0SSg-BYk4tI,29,17,139,https://www.youtube.com/watch?v=LXG9qcTefes,0,0,0,0,
60a400d6a5d841f78b352675c383dbef,1540,36130,145,28,430,https://www.youtube.com/watch?v=_7Z-ZQe32nw,145,24,191,https://www.youtube.com/watch?v=YRjxPm2g6B8,243,220,430,https://www.youtube.com/watch?v=_7Z-ZQe32nw,0,0,0,0,
c0650390209e4600ad314d66a0cea1b8,1540,0,0,0,0,,0,0,0,,0,0,0,,0,0,0,0,
7c18bc597298484c8f2925759fc1ac4a,1540,62055,108,40,140,https://www.youtube.com/watch?v=gxpN9XVhr5Y,108,40,140,https://www.youtube.com/watch?v=gxpN9XVhr5Y,0,0,0,,522,207,137,232,https://www.twitch.tv/videos/2220557752
4a64836a88024358a7401530fed8e0f8,1540,195582,138,49,38507,https://www.youtube.com/watch?v=njCoDgYh-h8,91,45,186,https://www.youtube.com/watch?v=VDEAqesBMBw,438,57,38507,https://www.youtube.com/watch?v=njCoDgYh-h8,5314,618,248,953,https://www.twitch.tv/videos/2214621983
7616b12f36f64fc89cd1b78c47cb0a03,1530,3720,0,0,0,,0,0,0,,0,0,0,,0,0,0,0,
6f56b6d6dc114fd494cacb95948cb815,1530,22466,98,71,103,https://www.youtube.com/watch?v=sDUv3EKaVrU,85,57,103,https://www.youtube.com/watch?v=sDUv3EKaVrU,98,85,98,https://www.youtube.com/watch?v=IIfkzwO7OGk,0,0,0,0,
e214241ed6574d939e398051ae25921d,1530,26667,28,17,28,https://www.youtube.com/watch?v=wAER0DDmn6A,0,0,0,,28,17,28,https://www.youtube.com/watch?v=wAER0DDmn6A,0,0,0,0,
c377cbfa47984f0ba9242b1f6e3dfc75,1530,9708,7,3,38,https://www.youtube.com/watch?v=0SdnKLLYlsg,0,0,0,,7,3,38,https://www.youtube.com/watch?v=0SdnKLLYlsg,0,0,0,0,
f3085e3337f34b178380b52e3ca429af,1520,58786,0,0,0,,0,0,0,,0,0,0,,881,0,0,0,
c16daca9d8b84b18a38ab97cdcd7577a,1520,141268,260,104,752,https://www.youtube.com/watch?v=rDcVn86Eo9w,260,104,752,https://www.youtube.com/watch?v=rDcVn86Eo9w,0,0,0,,0,0,0,0,
d57b7459ef5949ef96672a96fb33d8a2,1520,58081,190,135,336,https://www.youtube.com/watch?v=Gp2wZaFsckw,190,135,336,https://www.youtube.com/watch?v=Gp2wZaFsckw,0,0,0,,708,289,190,309,https://www.twitch.tv/videos/2220631913
6d61885259b744a28c7b92c0785e8fe9,1510,139920,0,0,0,,0,0,0,,0,0,0,,873,0,0,0,
1be625b10e2f4e65bab5b19d10a4d0b1,1510,17985,0,0,0,,0,0,0,,0,0,0,,0,0,0,0,
a112fc34dd9944a5a15f50c1c078aa3e,1510,98317,157,98,169,https://www.youtube.com/watch?v=F-LpXQZQTE4,0,0,0,,157,98,169,https://www.youtube.com/watch?v=F-LpXQZQTE4,0,0,0,0,
eb38f509e8464ba19ba8579e0b99e262,1510,47313,144,50,214,https://www.youtube.com/watch?v=d6OfidxXRlk,144,50,214,https://www.youtube.com/watch?v=d6OfidxXRlk,0,0,0,,0,0,0,0,
d3ae105969be4117ade8be2e8d19c008,1510,0,0,0,0,,0,0,0,,0,0,0,,2113,0,0,0,
8b732f3260e0427f9cf795b93ada310a,1500,36494,86,33,199,https://www.youtube.com/watch?v=F3DOB_nBq-8,86,33,199,https://www.youtube.com/watch?v=F3DOB_nBq-8,0,0,0,,2049,435,290,524,https://www.twitch.tv/videos/2219033360
9031798ec1884b52b17df470b6c379b2,1500,40422,73,34,146,https://www.youtube.com/watch?v=cSliyxaZi4I,73,34,146,https://www.youtube.com/watch?v=cSliyxaZi4I,0,0,0,,0,0,0,0,
1ff951f194d6455393ba37814e5cc750,1500,29647,0,0,0,,0,0,0,,0,0,0,,0,0,0,0,
54a8fe908e2040bfb366aca0e67cc23f,1490,30538,69,41,114,https://www.youtube.com/watch?v=jz8--0j8q7c,70,43,114,https://www.youtube.com/watch?v=jz8--0j8q7c,43,28,43,https://www.youtube.com/watch?v=OgfgVUjD1kw,0,0,0,0,
6b2ebe86ad7c4eda910035c42927391d,1490,49392,0,0,0,,0,0,0,,0,0,0,,0,0,0,0,
ef03340f293242f89fe15f2f828dbf7f,1480,24649,139,65,351,https://www.youtube.com/watch?v=_WA0J4iC3CU,139,65,351,https://www.youtube.com/watch?v=_WA0J4iC3CU,0,0,0,,450,50,38,92,https://www.twitch.tv/videos/2227476479
84be0f1e2b414125b39c80648897dd7a,1480,20435,0,0,0,,0,0,0,,0,0,0,,1772,0,0,0,
20a90dc3baab4736890b96a827912448,1480,37778,161,41,161,https://www.youtube.com/watch?v=31pUyjVi-AY,161,41,161,https://www.youtube.com/watch?v=31pUyjVi-AY,0,0,0,,0,0,0,0,
d78d72ce0aac4c9d9c5c16604209ced3,1470,49722,385,256,621,https://www.youtube.com/watch?v=Llq1tjjYLmA,411,227,621,https://www.youtube.com/watch?v=Llq1tjjYLmA,285,270,285,https://www.youtube.com/watch?v=jwFfeQY3UwI,0,0,0,0,
bc0a5179a82542999692655e5f077e29,1470,8693,0,0,0,,0,0,0,,0,0,0,,293,0,0,0,
a881100803aa4abc84dc3cc814dca0e7,1460,27450,23,13,93,https://www.youtube.com/watch?v=hWZJv-CJLx4,23,10,43,https://www.youtube.com/watch?v=o027wJSlsBk,93,71,93,https://www.youtube.com/watch?v=hWZJv-CJLx4,0,0,0,0,
a2b284f283b84af89441a229194ab72f,1460,0,0,0,0,,0,0,0,,0,0,0,,0,0,0,0,
fcb4d9b8cd4a49dba6b421d97c179065,1460,62716,92,28,113,https://www.youtube.com/watch?v=N2wKteWOvBE,92,28,113,https://www.youtube.com/watch?v=N2wKteWOvBE,0,0,0,,659,179,153,253,https://www.twitch.tv/videos/2227485842
20327c35cc9d4deba93299b790d7d721,1460,46403,164,56,10296,https://www.youtube.com/watch?v=JxNi5CbFzx4,152,56,436,https://www.youtube.com/watch?v=comZZFwWuao,504,211,10296,https://www.youtube.com/watch?v=JxNi5CbFzx4,0,0,0,0,
d766d15cb84b4aa9b33122097eefff76,1460,0,0,0,0,,0,0,0,,0,0,0,,11155,0,0,0,
ba654048cca44792b683eb7c929654aa,1450,58553,266,151,382,https://www.youtube.com/watch?v=4ZLtsl0aglY,266,151,382,https://www.youtube.com/watch?v=4ZLtsl0aglY,0,0,0,,0,0,0,0,
f227226fd52e4fbe801b4c89acfe4887,1450,35617,96,21,139,https://www.youtube.com/watch?v=9b6R9y4AORE,96,21,139,https://www.youtube.com/watch?v=9b6R9y4AORE,0,0,0,,0,0,0,0,
f7bfeaf6288f4afe80b62dab32698a0c,1440,437408,81,33,294,https://www.youtube.com/watch?v=BJI5gWZWKgc,88,43,137,https://www.youtube.com/watch?v=uifD4k8lToA,78,32,294,https://www.youtube.com/watch?v=BJI5gWZWKgc,308,0,0,0,
a73b969a7fe24a9aaeb9bc1c63ca6450,1430,59961,157,84,211,https://www.youtube.com/watch?v=B-qbmcjkQIw,157,84,211,https://www.youtube.com/watch?v=B-qbmcjkQIw,0,0,0,,4250,696,490,1223,https://www.twitch.tv/videos/2226346870
4c8efd1d28d04eeabd21a3c337f154b9,1430,24275,150,79,281,https://www.youtube.com/watch?v=80cE3gzQMgs,152,78,281,https://www.youtube.com/watch?v=80cE3gzQMgs,148,93,148,https://www.youtube.com/watch?v=aZmupZuE4ws,0,0,0,0,
1140618a96154395909d53257bffe0e6,1430,46315,188,102,218,https://www.youtube.com/watch?v=6E3Gp7s6IPQ,188,102,218,https://www.youtube.com/watch?v=6E3Gp7s6IPQ,0,0,0,,0,0,0,0,
5612ac8b150e45e5a7381a2c07e9671a,1430,53395,80,13,332,https://www.youtube.com/watch?v=56tgSozqaCM,80,13,332,https://www.youtube.com/watch?v=56tgSozqaCM,0,0,0,,0,0,0,0,
793ec2d37c544cc7915d3dc3e9902e1d,1430,39562,22,5,513,https://www.youtube.com/watch?v=Epxq4jM-Efs,0,0,0,,22,5,513,https://www.youtube.com/watch?v=Epxq4jM-Efs,1353,93,77,408,https://www.twitch.tv/videos/2227298177
73675987096b486287784fc466b881be,1430,91687,171,99,322,https://www.youtube.com/watch?v=daDie6gOWFY,171,99,322,https://www.youtube.com/watch?v=daDie6gOWFY,0,0,0,,0,0,0,0,
89036aadc62d496aa73c0a0076d67f41,1420,39944,91,58,136,https://www.youtube.com/watch?v=JitQpG8Dx4o,91,58,136,https://www.youtube.com/watch?v=JitQpG8Dx4o,0,0,0,,1702,214,169,469,https://www.twitch.tv/videos/2228253021
acac9c479b4b42ba99d0bdfa2004ee5f,1420,29297,0,0,0,,0,0,0,,0,0,0,,916,60,42,73,https://www.twitch.tv/videos/2224830278
5903a0f7274043058d817894a9b39e75,1420,30046,4,1,14,https://www.youtube.com/watch?v=HfvdziDy-h8,0,0,0,,4,1,14,https://www.youtube.com/watch?v=HfvdziDy-h8,0,0,0,0,
6adad1ae67dc495dae88cefa06446593,1410,100325,0,0,0,,0,0,0,,0,0,0,,0,0,0,0,
19a2801d800547e58c6560aa1accf3e4,1410,60758,98,40,190,https://www.youtube.com/watch?v=R4IlyDk4dew,98,36,190,https://www.youtube.com/watch?v=R4IlyDk4dew,92,70,92,https://www.youtube.com/watch?v=h-2gN_QCtZU,367,0,0,0,
260f0fb7a8b1421394c38114230479bb,1410,42455,78,40,174,https://www.youtube.com/watch?v=9f8j8ZuMGow,78,40,174,https://www.youtube.com/watch?v=9f8j8ZuMGow,0,0,0,,30,0,0,0,
d748a977fcd24752ad9e038468713bf2,1410,51329,163,84,246,https://www.youtube.com/watch?v=bdufyseejas,165,84,246,https://www.youtube.com/watch?v=bdufyseejas,41,32,41,https://www.youtube.com/watch?v=SoEXrAK8pX0,0,0,0,0,
46e494bf06c640da95ad1b0b81631d98,1410,129390,421,120,470,https://www.youtube.com/watch?v=nzN4o97MIMQ,0,0,0,,421,120,470,https://www.youtube.com/watch?v=nzN4o97MIMQ,785,74,51,220,https://www.twitch.tv/videos/2221195939
de1fec02e4ab43aa948a415621abc524,1400,84692,47,16,81,https://www.youtube.com/watch?v=8WgdZwjJ2lM,47,16,81,https://www.youtube.com/watch?v=8WgdZwjJ2lM,0,0,0,,0,0,0,0,
5fbcb045887b4a87878773dbf5f63e26,1400,51297,418,203,839,https://www.youtube.com/watch?v=0Y4QIXQDw7Q,385,196,839,https://www.youtube.com/watch?v=0Y4QIXQDw7Q,706,217,706,https://www.youtube.com/watch?v=R1Ley5tV70c,0,0,0,0,
5ce810e28ea54f5bacd55573589f4e4e,1400,78525,49,14,84,https://www.youtube.com/watch?v=LL9ScwYeIFg,49,14,84,https://www.youtube.com/watch?v=LL9ScwYeIFg,0,0,0,,0,0,0,0,
f4da0eee989545d2ade906b022a50e8c,1400,35373,150,116,150,https://www.youtube.com/watch?v=Ollh1m89XcI,150,116,150,https://www.youtube.com/watch?v=Ollh1m89XcI,0,0,0,,2903,350,55,473,https://www.twitch.tv/videos/2206817153
7327248ff3f04589bca9e61665448ae8,1400,45948,0,0,0,,0,0,0,,0,0,0,,321,0,0,0,
ce59f11c200841dab2e8a5e30655a827,1400,210805,0,0,0,,0,0,0,,0,0,0,,27,0,0,0,
5ff20156ebbf4390a3573d6a94aed8df,1400,47495,107,84,157,https://www.youtube.com/watch?v=29HQwT6itaI,107,84,157,https://www.youtube.com/watch?v=29HQwT6itaI,0,0,0,,0,0,0,0,
17610c1e36214c0f8002456d8b0bcf36,1390,64902,229,80,6006,https://www.youtube.com/watch?v=0q9ZU24RpBM,212,75,343,https://www.youtube.com/watch?v=dtDEbSoDO_g,246,197,6006,https://www.youtube.com/watch?v=0q9ZU24RpBM,0,0,0,0,
c7a0e87fdeb94bcc883307e49f520173,1390,52250,78,30,117,https://www.youtube.com/watch?v=4_rhggFJWAI,78,30,117,https://www.youtube.com/watch?v=4_rhggFJWAI,0,0,0,,0,0,0,0,
1b863baf309a4ff587385012bb5bde51,1390,123541,84,46,557,https://www.youtube.com/watch?v=pwQ5_S_YWVg,84,38,240,https://www.youtube.com/watch?v=cnXXBennN7I,132,103,557,https://www.youtube.com/watch?v=pwQ5_S_YWVg,350,0,0,0,
eaa1d55ba99c40ce82413701233efdbd,1380,51383,130,54,263,https://www.youtube.com/watch?v=0L-Om-zgsCE,130,54,263,https://www.youtube.com/watch?v=0L-Om-zgsCE,0,0,0,,0,0,0,0,
336bda71d5384b73826d7c9b7adef2aa,1380,38882,0,0,0,,0,0,0,,0,0,0,,1626,0,0,0,
5b85294949544a5f8855715acadf66a5,1380,34121,104,47,280,https://www.youtube.com/watch?v=npQ0etoY7CM,117,48,280,https://www.youtube.com/watch?v=npQ0etoY7CM,39,3,39,https://www.youtube.com/watch?v=ecFJEB4Djgs,1055,232,132,506,https://www.twitch.tv/videos/2217985334
d0c2bb3e9091413e8d245bdc217e9420,1380,38202,83,52,132,https://www.youtube.com/watch?v=-QM8Jxa0l10,83,52,132,https://www.youtube.com/watch?v=-QM8Jxa0l10,0,0,0,,0,0,0,0,
a7410ae72f2d4648bcf192c21abd7c32,1380,46589,79,42,106,https://www.youtube.com/watch?v=DdlZgzJG-2c,79,42,106,https://www.youtube.com/watch?v=DdlZgzJG-2c,0,0,0,,156,0,0,0,
bf425f4bc9154c00918ed885bdced632,1370,78977,99,45,112,https://www.youtube.com/watch?v=pkIc2aZcH0o,99,45,112,https://www.youtube.com/watch?v=pkIc2aZcH0o,0,0,0,,0,0,0,0,
d4b4a16e0ccc4bb49ff82c8584e6ed79,1370,41025,100,29,423,https://www.youtube.com/watch?v=olofYiFz_ZE,82,14,113,https://www.youtube.com/watch?v=QtTYqo3HV1w,262,62,423,https://www.youtube.com/watch?v=olofYiFz_ZE,0,0,0,0,
30f58f5fd3994b9a8751b3f44e543c17,1370,91414,133,59,133,https://www.youtube.com/watch?v=VXtdUwL4twI,133,59,133,https://www.youtube.com/watch?v=VXtdUwL4twI,0,0,0,,0,0,0,0,
eec1f137ea78444185a4268f72f59611,1370,43075,68,55,68,https://www.youtube.com/watch?v=nC_uTYmEWQE,68,55,68,https://www.youtube.com/watch?v=nC_uTYmEWQE,0,0,0,,0,0,0,0,
43056077596a49349ee4bea028f670f6,1370,75575,315,126,407,https://www.youtube.com/watch?v=BDSmHUDUCks,315,126,407,https://www.youtube.com/watch?v=BDSmHUDUCks,0,0,0,,300,77,47,99,https://www.twitch.tv/videos/2221346887
84cccbea595d4bc69426d5c75f1ac3a4,1370,61658,123,47,616,https://www.youtube.com/watch?v=Uq_mm3PaetQ,140,58,616,https://www.youtube.com/watch?v=Uq_mm3PaetQ,98,29,123,https://www.youtube.com/watch?v=U-AGZcXVF4U,0,0,0,0,
303c4cd8cf334f01805afdd8df5adc7f,1370,51449,171,103,261,https://www.youtube.com/watch?v=x6_JVH0jyQg,171,103,261,https://www.youtube.com/watch?v=x6_JVH0jyQg,0,0,0,,0,0,0,0,
e3157ce546a640029cfcccb9107f8154,1360,72664,3,2,11,https://www.youtube.com/watch?v=o9rQNd3_I9w,0,0,0,,3,2,11,https://www.youtube.com/watch?v=o9rQNd3_I9w,0,0,0,0,
2ce65a2b0dd14d80afc6dd18b440bc06,1360,0,0,0,0,,0,0,0,,0,0,0,,2445,0,0,0,
55889d2ac7c34549b9baa54bd5c899f3,1360,0,0,0,0,,0,0,0,,0,0,0,,23,0,0,0,
6ab090baa4624f1c8fca28312799e826,1350,40348,0,0,0,,0,0,0,,0,0,0,,691,0,0,0,
6ff6adcddc934a3b94e45448e1912539,1350,201727,0,0,0,,0,0,0,,0,0,0,,1881,160,120,192,https://www.twitch.tv/videos/2218099024
9e05802075c343a3bf2778550d5157da,1350,45226,56,34,111,https://www.youtube.com/watch?v=-1-DTPfap7U,56,36,111,https://www.youtube.com/watch?v=-1-DTPfap7U,19,1,19,https://www.youtube.com/watch?v=cezDbL_d3es,0,0,0,0,
a60c8fc0a1324bf8b65053231ee22373,1350,400374,102,52,368,https://www.youtube.com/watch?v=nYjGoHP_2TM,101,52,368,https://www.youtube.com/watch?v=nYjGoHP_2TM,198,131,258,https://www.youtube.com/watch?v=iXwAWuEb9TA,86,23,19,31,https://www.twitch.tv/videos/2224056953
46fbbed7900f4e84bd73e0bb85a3598a,1350,51274,0,0,0,,0,0,0,,0,0,0,,0,0,0,0,
1257fb7258eb49ad8cf58ed64b800056,1350,32187,0,0,0,,0,0,0,,0,0,0,,466,0,0,0,
ee7cfe445bc84d6fa7fff5df6fbf0d32,1350,33929,74,45,139,https://www.youtube.com/watch?v=_-7Us3F9AYA,74,45,139,https://www.youtube.com/watch?v=_-7Us3F9AYA,0,0,0,,692,52,36,67,https://www.twitch.tv/videos/2219804315
c725e2accdfc42c7b4314d81cf2b8daa,1350,39728,0,0,0,,0,0,0,,0,0,0,,492,0,0,0,
b8ce93818de34a93901147e5d9857170,1350,71787,78,28,195,https://www.youtube.com/watch?v=CiLv5LgZXhk,106,39,195,https://www.youtube.com/watch?v=CiLv5LgZXhk,66,26,90,https://www.youtube.com/watch?v=1FcfojWi-_g,0,0,0,0,
8044e4d538ab4e16b1952c8e42dee12e,1350,102550,44,8,101,https://www.youtube.com/watch?v=Mnj7rwIYMgQ,47,7,101,https://www.youtube.com/watch?v=Mnj7rwIYMgQ,13,9,13,https://www.youtube.com/watch?v=fLNJi2MWWX8,0,0,0,0,
accb26f2db2746e898b68ab07dd3c5bc,1340,66894,111,56,308,https://www.youtube.com/watch?v=M2eYNDy53LQ,111,56,308,https://www.youtube.com/watch?v=M2eYNDy53LQ,0,0,0,,371,0,0,0,
4e4721deba7c4681b1172714a29e6f19,1340,103263,134,40,161,https://www.youtube.com/watch?v=R_TIMBryQTY,134,40,161,https://www.youtube.com/watch?v=R_TIMBryQTY,0,0,0,,0,0,0,0,
e210fb08b0744535a907823fa9f062cc,1340,34635,0,0,0,,0,0,0,,0,0,0,,364,0,0,0,
cad7f93653b54779932a6809a5f3a769,1340,76042,325,136,605,https://www.youtube.com/watch?v=-1mG7eNlZa0,333,155,605,https://www.youtube.com/watch?v=-1mG7eNlZa0,132,71,132,https://www.youtube.com/watch?v=9cjdfb0vDu4,0,0,0,0,
29c3016ed9f24c38a1abc7e0e49026ad,1340,819,0,0,0,,0,0,0,,0,0,0,,1544,0,0,0,
a823412858b749f7bd2bff3739ec55b7,1340,53077,229,68,553,https://www.youtube.com/watch?v=P28ka19s2Wo,229,68,553,https://www.youtube.com/watch?v=P28ka19s2Wo,0,0,0,,377,0,0,0,
6861903583ee45d191ddc03faf6cd0d8,1340,19963,35,11,100,https://www.youtube.com/watch?v=w6_ES5_kInM,0,0,0,,35,11,100,https://www.youtube.com/watch?v=w6_ES5_kInM,730,158,124,231,https://www.twitch.tv/videos/2218145387
9e6e69bfb48e4be0a8eecc737a6a0ba1,1330,45,0,0,0,,0,0,0,,0,0,0,,259,0,0,0,
91025114208d41b2bff535d6e277017e,1330,54337,130,50,305,https://www.youtube.com/watch?v=aXPI94h4ecI,130,50,305,https://www.youtube.com/watch?v=aXPI94h4ecI,0,0,0,,0,0,0,0,
da503b835e2a41d58433ebf6960db356,1330,43552,0,0,0,,0,0,0,,0,0,0,,717,0,0,0,
d70830a282b9446f89bc9d82c88b8db3,1330,101172,76,44,190,https://www.youtube.com/watch?v=YtgR5PFMBH0,90,61,190,https://www.youtube.com/watch?v=YtgR5PFMBH0,28,18,28,https://www.youtube.com/watch?v=OV29ij3mmNI,233,0,0,0,
7688233f5720451aaa24c7ca75614e35,1330,31055,0,0,0,,0,0,0,,0,0,0,,0,0,0,0,
564b411dc4874310be6f8ee9bb7a0312,1320,54452,102,52,139,https://www.youtube.com/watch?v=fFsiQf7M0m8,102,52,139,https://www.youtube.com/watch?v=fFsiQf7M0m8,0,0,0,,0,0,0,0,
1fdc000815cc476dbc9d19aa431305b5,1320,26078,132,56,377,https://www.youtube.com/watch?v=pQcggAyLIpA,128,48,377,https://www.youtube.com/watch?v=pQcggAyLIpA,287,182,287,https://www.youtube.com/watch?v=3nyCzvAGTbg,0,0,0,0,
38391974f5af4fbbb6224e3d6f2f7fb3,1320,47657,103,74,579,https://www.youtube.com/watch?v=CqatoiNGGB4,137,83,464,https://www.youtube.com/watch?v=Aj7Ypia16Ac,68,55,579,https://www.youtube.com/watch?v=CqatoiNGGB4,6099,575,433,3835,https://www.twitch.tv/videos/2228880251
d7963784d96543e28a290361d38efe30,1320,83192,136,67,243,https://www.youtube.com/watch?v=NBX75qSv_Dc,136,67,243,https://www.youtube.com/watch?v=NBX75qSv_Dc,0,0,0,,576,168,155,314,https://www.twitch.tv/videos/2221522061
e5433e4a21eb49e2bcd508e3b12fba6d,1320,101930,51,33,75,https://www.youtube.com/watch?v=onl5MYv2Tf8,51,33,75,https://www.youtube.com/watch?v=onl5MYv2Tf8,0,0,0,,191,0,0,0,
9de536d111214c379ec6969a52d92442,1310,62269,0,0,0,,0,0,0,,0,0,0,,0,0,0,0,
e2df9d4aea8b4cb4b8e38c31cbf73036,1310,47713,0,0,0,,0,0,0,,0,0,0,,0,0,0,0,
e9a30300d33f4c2e9b1c3bd1d64148cc,1310,27295,0,0,0,,0,0,0,,0,0,0,,0,0,0,0,
d4e45d5ea1bf4a3a887b9f99ef60fda3,1300,29353,0,0,0,,0,0,0,,0,0,0,,0,0,0,0,
7607603e2b5f422fbdee3d495f62a411,1290,28349,166,78,252,https://www.youtube.com/watch?v=iUTQVpbazjs,199,112,252,https://www.youtube.com/watch?v=iUTQVpbazjs,58,44,58,https://www.youtube.com/watch?v=NvPs9NiO1VI,0,0,0,0,
445a732fc0f64712b3213b4cd98fbdd3,1280,24194,0,0,0,,0,0,0,,0,0,0,,537,0,0,0,
ff1dd127b71b4c3597dcb53c47782994,1280,55088,825,143,1465,https://www.youtube.com/watch?v=u29pNeJvpjM,0,0,0,,825,143,1465,https://www.youtube.com/watch?v=u29pNeJvpjM,3896,0,0,0,
cd9733cb91b6400aae0bc23e3f25d7eb,1280,34086,10,0,10,https://www.youtube.com/watch?v=WP1QbypqsK0,0,0,0,,10,0,10,https://www.youtube.com/watch?v=WP1QbypqsK0,0,0,0,0,
82d5f7612b7645f3a77dd954a0e30b24,1280,28372,0,0,0,,0,0,0,,0,0,0,,0,0,0,0,
7c6d1a181c90471887696ff9637aed03,1270,48352,314,138,770,https://www.youtube.com/watch?v=3_A_m7ZZ6WA,314,138,770,https://www.youtube.com/watch?v=3_A_m7ZZ6WA,0,0,0,,0,0,0,0,
018244f1ad404c9eaa4ddf747c3bafa0,1270,145907,84,45,171,https://www.youtube.com/watch?v=qmy7avFqcWc,84,45,171,https://www.youtube.com/watch?v=qmy7avFqcWc,0,0,0,,0,0,0,0,
4267c862353e410388f1eaa5a5d85017,1270,30082,129,42,199,https://www.youtube.com/watch?v=PK7ma1x7Hjw,129,42,199,https://www.youtube.com/watch?v=PK7ma1x7Hjw,0,0,0,,0,0,0,0,
5356357f112b46db862b472a4aafcee8,1270,22362,69,31,138,https://www.youtube.com/watch?v=db3BemEEaUU,103,61,138,https://www.youtube.com/watch?v=db3BemEEaUU,13,5,13,https://www.youtube.com/watch?v=dXVOq1ln0Dk,1214,0,0,0,
b79ac08a857c4553921c04c3b14b89ea,1260,71022,48,40,539,https://www.youtube.com/watch?v=OJgU04MmgNM,132,82,247,https://www.youtube.com/watch?v=JKjCvkK8I94,45,30,539,https://www.youtube.com/watch?v=OJgU04MmgNM,476,0,0,0,
a2c7c34474174cd2bffcc17a32aeec21,1260,44020,113,49,507,https://www.youtube.com/watch?v=KPXVxkFch2E,99,38,375,https://www.youtube.com/watch?v=Au2hdW3LEZc,293,71,507,https://www.youtube.com/watch?v=KPXVxkFch2E,760,81,65,177,https://www.twitch.tv/videos/2219887398
364f94fc7493453e9f53787ade8e35c6,1260,179869,71,12,153,https://www.youtube.com/watch?v=pIdqfI-D8uk,71,12,153,https://www.youtube.com/watch?v=pIdqfI-D8uk,0,0,0,,10,0,0,0,
21a80fdbdff448b98102b0d8ffa70888,1260,149,0,0,0,,0,0,0,,0,0,0,,0,0,0,0,
7d6a4fa5389c461bb553b8190c5e951f,1250,70797,0,0,0,,0,0,0,,0,0,0,,0,0,0,0,
310c827bd2b34fa58413b09453226ee9,1250,0,0,0,0,,0,0,0,,0,0,0,,0,0,0,0,
eb54f557a3734bfda57ecddd8df07681,1250,17026,173,44,477,https://www.youtube.com/watch?v=mSoVNZOVzOE,150,31,265,https://www.youtube.com/watch?v=JW0x8WC93y0,302,76,477,https://www.youtube.com/watch?v=mSoVNZOVzOE,389,133,99,154,https://www.twitch.tv/videos/2226529082
9e5e58a212584007b1ab1f22f5c59438,1250,83917,112,50,273,https://www.youtube.com/watch?v=KE0gk6ajBY8,112,50,273,https://www.youtube.com/watch?v=KE0gk6ajBY8,0,0,0,,0,0,0,0,
e308f7f536c8462baf851d52cdff7fb9,1240,39556,0,0,0,,0,0,0,,0,0,0,,0,0,0,0,
64dc8c2de5de4c43906e515ec03f79c6,1240,75594,0,0,0,,0,0,0,,0,0,0,,0,0,0,0,
9cdf183fa1ee43c2906cca70884a6278,1240,18502,151,69,254,https://www.youtube.com/watch?v=iV4QUs-oFsU,151,69,254,https://www.youtube.com/watch?v=iV4QUs-oFsU,0,0,0,,0,0,0,0,
c2362f5ca48445a89fd081c4b2bc74d4,1240,39106,185,63,1292,https://www.youtube.com/watch?v=IQKfiMW6ulI,185,63,1292,https://www.youtube.com/watch?v=IQKfiMW6ulI,0,0,0,,107,0,0,0,
03c9aa020ec14f7494dd142676c94405,1240,7336,0,0,0,,0,0,0,,0,0,0,,2668,0,0,0,
137917ec279a4eb0827cb302b9bdac7b,1240,131974,0,0,0,,0,0,0,,0,0,0,,734,0,0,0,
7c0acdc8fe2449deb487cbb827b51723,1240,48594,319,192,741,https://www.youtube.com/watch?v=JMgyBaNhsRk,308,206,387,https://www.youtube.com/watch?v=7Vg8EJ5rHLw,426,60,741,https://www.youtube.com/watch?v=JMgyBaNhsRk,36,0,0,0,
c6ce333916b446d48d27be05df1a218e,1230,16883,108,48,148,https://www.youtube.com/watch?v=GLmzfQzLzPo,108,48,148,https://www.youtube.com/watch?v=GLmzfQzLzPo,0,0,0,,463,45,30,63,https://www.twitch.tv/videos/2219729028
c2012638512742e2801d0ced54f61711,1230,58588,84,51,144,https://www.youtube.com/watch?v=ilySD2Xv6eU,84,51,144,https://www.youtube.com/watch?v=ilySD2Xv6eU,0,0,0,,0,0,0,0,
bf03fd8b5b55481590ea63338c5cdd20,1230,20755,256,44,433,https://www.youtube.com/watch?v=Na-wOjkGHps,256,44,433,https://www.youtube.com/watch?v=Na-wOjkGHps,0,0,0,,1629,0,0,0,
306117a48f3445baad1d6a919ed340bb,1220,46519,197,1,197,https://www.youtube.com/watch?v=3lqz9-LdnZ0,197,1,197,https://www.youtube.com/watch?v=3lqz9-LdnZ0,0,0,0,,157,0,0,0,
7259f7e619e943018e64fb24d4d20e34,1220,21266,218,24,336,https://www.youtube.com/watch?v=of6wTccfWLg,218,24,336,https://www.youtube.com/watch?v=of6wTccfWLg,0,0,0,,0,0,0,0,
8f1a38101d324afcbfc7df27d5d1e0a9,1220,165294,119,56,2137,https://www.youtube.com/watch?v=u2SCxnp3AVQ,119,56,2137,https://www.youtube.com/watch?v=u2SCxnp3AVQ,0,0,0,,0,0,0,0,
17b1d3fb1e1944dabd5e6a45f94e2f6b,1220,33418,67,27,73,https://www.youtube.com/watch?v=hpGSKYNYd0I,67,27,73,https://www.youtube.com/watch?v=hpGSKYNYd0I,0,0,0,,0,0,0,0,
65c0e7f6562d419e944caea644836c1f,1220,30336,132,49,172,https://www.youtube.com/watch?v=shiSsfrbV7A,132,49,172,https://www.youtube.com/watch?v=shiSsfrbV7A,0,0,0,,221,18,14,19,https://www.twitch.tv/videos/2225721773
d4c077fa180a460cabadc4e2838d1855,1210,56955,0,0,0,,0,0,0,,0,0,0,,0,0,0,0,
a3f2963a57094502a10845075cdee88c,1210,59885,431,57,9387,https://www.youtube.com/watch?v=uLJE6bz56ic,0,0,0,,431,57,9387,https://www.youtube.com/watch?v=uLJE6bz56ic,0,0,0,0,
e312462015a2454087c9fe83dd939994,1210,10934,82,48,216,https://www.youtube.com/watch?v=FIJe9gWUBZg,82,48,216,https://www.youtube.com/watch?v=FIJe9gWUBZg,0,0,0,,0,0,0,0,
f58318cdd690482c9d19fb68bca374a4,1210,44912,468,298,23187,https://www.youtube.com/watch?v=7G0D7ZjKMZw,360,282,2493,https://www.youtube.com/watch?v=1EjNnsTRI5A,1070,875,23187,https://www.youtube.com/watch?v=7G0D7ZjKMZw,0,0,0,0,
ac5176c53ad7447b8d63f82f65ba7200,1210,53030,0,0,0,,0,0,0,,0,0,0,,2572,0,0,0,
489752f0b42c49b785d43f1207429983,1210,32545,92,44,134,https://www.youtube.com/watch?v=9lvD6czNc_Y,92,44,134,https://www.youtube.com/watch?v=9lvD6czNc_Y,0,0,0,,0,0,0,0,
45d38ce14fb644c0890823d444a33276,1200,22453,74,63,411,https://www.youtube.com/watch?v=4Et9zQwKc6E,57,44,143,https://www.youtube.com/watch?v=HHQVl9zzLno,340,148,411,https://www.youtube.com/watch?v=4Et9zQwKc6E,0,0,0,0,
2f966e51210f49ba9dce2ac90e3ada18,1200,19661,0,0,0,,0,0,0,,0,0,0,,541,94,72,94,https://www.twitch.tv/videos/2224027262
5aaaa518ae674ae1a1162e8454a460f9,1200,22676,0,0,0,,0,0,0,,0,0,0,,1428,123,79,149,https://www.twitch.tv/videos/2221549644
1ea5aa0a7a7d401b897630667cf4b44e,1190,54911,207,82,328,https://www.youtube.com/watch?v=u12-uyP6l2Q,207,82,328,https://www.youtube.com/watch?v=u12-uyP6l2Q,0,0,0,,743,225,176,636,https://www.twitch.tv/videos/2219984708
506d9c6fdbd34c8aa5fda64d90d96ac2,1190,72703,80,49,422,https://www.youtube.com/watch?v=Xfcz3gdgrbc,80,49,422,https://www.youtube.com/watch?v=Xfcz3gdgrbc,0,0,0,,0,0,0,0,
0f2ad43c618943d19d5101f2d3c49ac9,1190,103156,56,30,59,https://www.youtube.com/watch?v=hAFx63yi6yQ,53,24,53,https://www.youtube.com/watch?v=d0I7cGlfdKU,59,36,59,https://www.youtube.com/watch?v=hAFx63yi6yQ,180,0,0,0,
62080edda26345efbf8bc2bab0ab4136,1190,22867,0,0,0,,0,0,0,,0,0,0,,0,0,0,0,
6f68d3f50edf4814b59a4a018090b180,1190,23490,401,313,554,https://www.youtube.com/watch?v=Pag1Ub7WcC4,401,313,554,https://www.youtube.com/watch?v=Pag1Ub7WcC4,0,0,0,,0,0,0,0,
a09298c0b6ab4dcda7cfe945f47f445f,1190,29364,132,88,132,https://www.youtube.com/watch?v=95JYSQyyBmE,132,88,132,https://www.youtube.com/watch?v=95JYSQyyBmE,0,0,0,,0,0,0,0,
25b1a8ceab1d439491fb4e98013cd0fc,1190,17952,89,57,118,https://www.youtube.com/watch?v=xQ5Zh9tD5Ng,89,57,118,https://www.youtube.com/watch?v=xQ5Zh9tD5Ng,0,0,0,,570,0,0,0,
1e06211caf4f4afa98125699a4c66b5d,1180,0,0,0,0,,0,0,0,,0,0,0,,0,0,0,0,
fe555b322c784b5b9c2297c585bc9352,1180,35871,82,56,110,https://www.youtube.com/watch?v=u8799b3BhC4,82,56,110,https://www.youtube.com/watch?v=u8799b3BhC4,0,0,0,,0,0,0,0,
cc641478434a4af8bb042c88f6588b2b,1180,42277,378,47,744,https://www.youtube.com/watch?v=ihc76oWvSz0,381,69,744,https://www.youtube.com/watch?v=ihc76oWvSz0,97,10,109,https://www.youtube.com/watch?v=PJTUZ0jPp8k,0,0,0,0,
d29682522104427fb366fa19a0521bc3,1180,19173,0,0,0,,0,0,0,,0,0,0,,515,0,0,0,
9deb096c2fb943a7ae7487bf25e28026,1180,64311,93,47,644,https://www.youtube.com/watch?v=Bavrt95vPXc,89,45,158,https://www.youtube.com/watch?v=judRqiGW07Q,644,567,644,https://www.youtube.com/watch?v=Bavrt95vPXc,966,126,90,276,https://www.twitch.tv/videos/2227500488
9de74d9cd68f481396a3dbd76d529a24,1180,93012,181,98,715,https://www.youtube.com/watch?v=xAEsgQtfULA,174,82,502,https://www.youtube.com/watch?v=X074D6UJKFQ,541,358,715,https://www.youtube.com/watch?v=xAEsgQtfULA,0,0,0,0,
6df15d678de844d1a7f08226c02d6183,1180,7054,177,51,197,https://www.youtube.com/watch?v=TjAPtCzKz5Q,166,61,177,https://www.youtube.com/watch?v=hpgygidlSIM,197,45,197,https://www.youtube.com/watch?v=TjAPtCzKz5Q,0,0,0,0,
2cc874f341184fb799b01c399477c0b4,1170,38458,252,39,389,https://www.youtube.com/watch?v=A2mDdGBQbuE,252,39,389,https://www.youtube.com/watch?v=A2mDdGBQbuE,0,0,0,,143,0,0,0,
5d02c4219e484617979165267cbd8d7f,1170,7000,0,0,0,,0,0,0,,0,0,0,,8,0,0,0,
091ac99f10804fe3b417a0f285731b4e,1170,68592,153,74,306,https://www.youtube.com/watch?v=c3gKUTboKhU,153,74,306,https://www.youtube.com/watch?v=c3gKUTboKhU,0,0,0,,367,78,54,81,https://www.twitch.tv/videos/2225665186
b115a7f57f664800a9f71a25eaf73b92,1170,37657,85,42,199,https://www.youtube.com/watch?v=wIvrP8mjWPc,85,42,199,https://www.youtube.com/watch?v=wIvrP8mjWPc,0,0,0,,0,0,0,0,
27f5926236d04e34a08fdb7ab83940bc,1170,30851,257,108,375,https://www.youtube.com/watch?v=fzu3E4WdAKM,257,108,375,https://www.youtube.com/watch?v=fzu3E4WdAKM,0,0,0,,0,0,0,0,
01871d8239314affaf7032899ce6502f,1160,277264,0,0,0,,0,0,0,,0,0,0,,0,0,0,0,
3dd8c72cab6d494dbd6fbf0a0e3dc41a,1160,41923,183,110,519,https://www.youtube.com/watch?v=QcGG9fWyOTY,183,110,519,https://www.youtube.com/watch?v=QcGG9fWyOTY,0,0,0,,210,76,66,360,https://www.twitch.tv/videos/2227225281
9b2c7b20d02241b3b82492a5e78a71c0,1160,74359,104,46,796,https://www.youtube.com/watch?v=N8zfLJcMMYg,92,36,309,https://www.youtube.com/watch?v=nlpc2YkJr1s,156,80,796,https://www.youtube.com/watch?v=N8zfLJcMMYg,0,0,0,0,
a66441bdef584fe0806c4be0fd2cf53a,1160,45084,148,80,179,https://www.youtube.com/watch?v=IjXRJY47oc0,148,80,179,https://www.youtube.com/watch?v=IjXRJY47oc0,0,0,0,,0,0,0,0,
9a7b7c9c31da44aca5a68395a2e69488,1160,540794,42,16,287,https://www.youtube.com/watch?v=due_juOPi50,42,16,287,https://www.youtube.com/watch?v=due_juOPi50,93,51,93,https://www.youtube.com/watch?v=TUMPXI4yIZw,98,5,4,13,https://www.twitch.tv/videos/2227358739
90405cb21f7743639684632f6bc57a46,1160,5178,67,54,81,https://www.youtube.com/watch?v=cOlszWHGFQM,67,54,81,https://www.youtube.com/watch?v=cOlszWHGFQM,0,0,0,,0,0,0,0,
f5838bbd59cf4922897b71efe3dc25af,1150,2143,0,0,0,,0,0,0,,0,0,0,,946,0,0,0,
c964cb46cc9d411aaca372f9e459d2dc,1140,52727,122,41,140,https://www.youtube.com/watch?v=gngdnNpMeic,122,41,140,https://www.youtube.com/watch?v=gngdnNpMeic,0,0,0,,212,0,0,0,
6db0d51e6ac9410f84f79e57448b8a60,1140,109137,123,80,250,https://www.youtube.com/watch?v=FcHnRwQgwao,150,83,250,https://www.youtube.com/watch?v=FcHnRwQgwao,31,17,52,https://www.youtube.com/watch?v=6AN3hp8Y0KQ,0,0,0,0,
bdcf0d95e6544ebaaddbfba94839cd6b,1130,40836,114,46,225,https://www.youtube.com/watch?v=7tLvXb7YRvg,117,54,225,https://www.youtube.com/watch?v=7tLvXb7YRvg,72,26,72,https://www.youtube.com/watch?v=q68C4U5cOsU,0,0,0,0,
fa2a2255fa7d4aa7b5b54dea5dd2b1c4,1130,43369,79,34,132,https://www.youtube.com/watch?v=6I3kURbNS4Q,79,34,132,https://www.youtube.com/watch?v=6I3kURbNS4Q,0,0,0,,0,0,0,0,
bb1cda940e0a44b3a25f3e368c19c490,1130,23402,246,233,368,https://www.youtube.com/watch?v=c8m5lZojW-o,246,233,368,https://www.youtube.com/watch?v=c8m5lZojW-o,0,0,0,,0,0,0,0,
61e81c6f534247b486b8125bd34fa960,1130,61623,0,0,0,,0,0,0,,0,0,0,,18565,638,248,1305,https://www.twitch.tv/videos/2210247373
b80c21b76e7849f0a0fa94194fe2ad4b,1120,17655,7,1,42,https://www.youtube.com/watch?v=MMmzCWnXNqo,0,0,0,,7,1,42,https://www.youtube.com/watch?v=MMmzCWnXNqo,762,412,304,743,https://www.twitch.tv/videos/2225766939
be56f6cf87ab4da7b132b9d62c74bc2e,1120,31511,88,36,1453,https://www.youtube.com/watch?v=eOOaa-agO8I,66,29,204,https://www.youtube.com/watch?v=Ok0X_EudzFk,524,390,1453,https://www.youtube.com/watch?v=eOOaa-agO8I,0,0,0,0,
8a8bc32109654a41a7cae0a9f235d9fb,1120,5798,0,0,0,,0,0,0,,0,0,0,,458,0,0,0,
6e6fd1311d2f42228faa8b1ccb0fa589,1120,50133,139,57,212,https://www.youtube.com/watch?v=ghEKR5PrEG4,139,57,212,https://www.youtube.com/watch?v=ghEKR5PrEG4,0,0,0,,0,0,0,0,
687568c1c9254c8ab34e7b6efbdd6dbc,1120,131785,103,53,702,https://www.youtube.com/watch?v=7U7UZoKPOpg,103,52,287,https://www.youtube.com/watch?v=3pZV5QWoa-Y,702,120,702,https://www.youtube.com/watch?v=7U7UZoKPOpg,0,0,0,0,
6e845fd52d044ab598cc4ca35ba91f88,1110,7377,0,0,0,,0,0,0,,0,0,0,,0,0,0,0,
4eecf80e6ecc4644a7ff08314e6e0c82,1110,154394,138,75,92689,https://www.youtube.com/watch?v=ECCcb2fpxOk,109,51,402,https://www.youtube.com/watch?v=Y9XyykTdYlM,313,128,92689,https://www.youtube.com/watch?v=ECCcb2fpxOk,244,0,0,0,
5a901d793927414493afa87af0c4baec,1110,17854,108,38,248,https://www.youtube.com/watch?v=pQ2rW8NB7lM,114,55,248,https://www.youtube.com/watch?v=pQ2rW8NB7lM,16,1,16,https://www.youtube.com/watch?v=uHA0HSXaztk,953,0,0,0,
e212d468e3e64ad5b8f22f61bc4e06f7,1110,31837,30,7,47,https://www.youtube.com/watch?v=UEn-C0OiGMo,38,10,47,https://www.youtube.com/watch?v=UEn-C0OiGMo,17,7,17,https://www.youtube.com/watch?v=G_S45QGTYo4,0,0,0,0,
ec9a791b8152478b95858b199b866ef9,1110,43284,61,23,94,https://www.youtube.com/watch?v=pAY_zyRnki0,61,23,94,https://www.youtube.com/watch?v=pAY_zyRnki0,0,0,0,,384,0,0,0,
b84f2dfff8ce4ca1af82bfc44405f1e7,1110,49916,74,37,527,https://www.youtube.com/watch?v=NBHWYxtqxsY,66,24,88,https://www.youtube.com/watch?v=VOGtb-E2d6g,495,274,527,https://www.youtube.com/watch?v=NBHWYxtqxsY,0,0,0,0,
d1f20b59a19e4ec499d423a7ba65d602,1110,28965,0,0,0,,0,0,0,,0,0,0,,0,0,0,0,
747fb5e9d30240a1ac42fbf37e86b55d,1110,46647,73,39,496,https://www.youtube.com/watch?v=3wHTrxP4JhI,81,34,159,https://www.youtube.com/watch?v=NyIkXeS5VPE,67,43,496,https://www.youtube.com/watch?v=3wHTrxP4JhI,310,0,0,0,
d552c8b266414973b7044a2bd737a549,1110,25749,441,55,441,https://www.youtube.com/watch?v=dQDGecu_-e8,0,0,0,,441,55,441,https://www.youtube.com/watch?v=dQDGecu_-e8,102,0,0,0,
37df80920d2b4363b3fd69fd3c6be31c,1110,0,0,0,0,,0,0,0,,0,0,0,,0,0,0,0,
0df008566e92461eb808c5b3ba9c7f0f,1100,38612,81,43,246,https://www.youtube.com/watch?v=VlPSLtbsXws,81,43,246,https://www.youtube.com/watch?v=VlPSLtbsXws,0,0,0,,0,0,0,0,
70c982c2dffc4cd08c90431abcc8be97,1100,13086,275,154,3813,https://www.youtube.com/watch?v=bjMICI7Crrw,271,154,3813,https://www.youtube.com/watch?v=bjMICI7Crrw,1654,231,1654,https://www.youtube.com/watch?v=H3X7-nCQVBE,0,0,0,0,
218f418c23084e87a498d1c4fad724ae,1100,0,0,0,0,,0,0,0,,0,0,0,,0,0,0,0,
3d33f15ad27c406abfd68d6c16e0b53d,1090,69833,0,0,0,,0,0,0,,0,0,0,,0,0,0,0,
55bc57cea7dc41649e94e2cfe970621f,1090,3986,0,0,0,,0,0,0,,0,0,0,,131,178,167,178,https://www.twitch.tv/videos/2228394853
1145b6f48caf4756a889a437025c3db2,1090,33023,35,7,5141,https://www.youtube.com/watch?v=KWYeMgnUkm0,0,0,0,,35,7,5141,https://www.youtube.com/watch?v=KWYeMgnUkm0,544,0,0,0,
a5c12a1268af408c9a3ed6adbb72c53c,1090,56825,0,0,0,,0,0,0,,0,0,0,,0,0,0,0,
7299d6e9ebff46c9ae859fa5c6f27206,1080,20547,0,0,0,,0,0,0,,0,0,0,,2887,93,66,146,https://www.twitch.tv/videos/2220732350
bd04e64364a545d39069ab05e09c8156,1080,48494,187,68,832,https://www.youtube.com/watch?v=0n8LhQrRwHk,187,68,538,https://www.youtube.com/watch?v=KUEuQrfGU0E,338,75,832,https://www.youtube.com/watch?v=0n8LhQrRwHk,0,0,0,0,
12f51c457b27425fa98fe89c24ccb61c,1080,16538,157,65,183,https://www.youtube.com/watch?v=HKAolhDEKB0,157,65,183,https://www.youtube.com/watch?v=HKAolhDEKB0,0,0,0,,0,0,0,0,
20bfe5495db6453eaadbc55322c856f9,1080,31427,0,0,0,,0,0,0,,0,0,0,,0,0,0,0,
7a9b7ab0d5bd411195d77800ff778a90,1080,20249,110,33,150,https://www.youtube.com/watch?v=EWKDT4lg-k4,0,0,0,,110,33,150,https://www.youtube.com/watch?v=EWKDT4lg-k4,59,0,0,0,
86957fa57641453e9fcb73550e58b64f,1080,20578,136,98,946,https://www.youtube.com/watch?v=H-ajKViCq8A,147,106,350,https://www.youtube.com/watch?v=W_h5YeWFyuM,135,61,946,https://www.youtube.com/watch?v=H-ajKViCq8A,303,0,0,0,
395eade6d67445e1831010cac52ab444,1080,21247,193,73,353,https://www.youtube.com/watch?v=H24pUUzdFtI,193,73,353,https://www.youtube.com/watch?v=H24pUUzdFtI,0,0,0,,773,0,0,0,
948d1078ceaf4b39b3bef86fdab85482,1080,6629,0,0,0,,0,0,0,,0,0,0,,0,0,0,0,
e66d389ebb604096bfa99178e1a13c27,1070,10073,0,0,0,,0,0,0,,0,0,0,,3055,132,80,169,https://www.twitch.tv/videos/2219802466
db52957b67e94991b36e41e4a20fb52a,1070,0,0,0,0,,0,0,0,,0,0,0,,52,0,0,0,
7bf1f37dccbe4c72860c81a2772b91e1,1070,377218,57,30,131,https://www.youtube.com/watch?v=jPje-zwQmMk,57,30,131,https://www.youtube.com/watch?v=jPje-zwQmMk,64,58,103,https://www.youtube.com/watch?v=ToPJ55jwxy4,44,0,0,0,
10c8c9b647e7464f9d95c7c1a865da01,1070,32737,226,77,360,https://www.youtube.com/watch?v=Z1XWX01Sqp4,290,110,360,https://www.youtube.com/watch?v=Z1XWX01Sqp4,43,27,43,https://www.youtube.com/watch?v=dzCm2WhgeY8,1505,164,121,212,https://www.twitch.tv/videos/2225353358
de7f8ba1753d4e4cb95e6ac99007eacc,1070,16297,122,47,149,https://www.youtube.com/watch?v=zjJCtwuiEPQ,122,47,149,https://www.youtube.com/watch?v=zjJCtwuiEPQ,0,0,0,,0,0,0,0,
48e18dcee4e640c6b5ede6a8bdc84ade,1060,20581,0,0,0,,0,0,0,,0,0,0,,0,0,0,0,
3588ee10f67c4911b544e48223c57c7d,1060,21571,55,13,55,https://www.youtube.com/watch?v=AaEYHLbhYSs,0,0,0,,55,13,55,https://www.youtube.com/watch?v=AaEYHLbhYSs,0,0,0,0,
3b9a06751f3c415993d424480d4d5060,1060,127661,140,113,495,https://www.youtube.com/watch?v=k6j8WxT-Ams,140,113,495,https://www.youtube.com/watch?v=k6j8WxT-Ams,0,0,0,,0,0,0,0,
1eef416d7ad94b6aa728e10d6da10304,1060,49953,0,0,0,,0,0,0,,0,0,0,,0,0,0,0,
46a8009adbca4aa083af580b50b69306,1060,21029,40,25,107,https://www.youtube.com/watch?v=slgOhnGBWmc,40,25,107,https://www.youtube.com/watch?v=slgOhnGBWmc,0,0,0,,454,11,7,17,https://www.twitch.tv/videos/2218846862
956591dc2e40411688b8f8e3079bc5e3,1060,85571,104,45,742,https://www.youtube.com/watch?v=wyPOW5QMQEU,104,45,742,https://www.youtube.com/watch?v=wyPOW5QMQEU,0,0,0,,0,0,0,0,
2efe1ad069184a7e94b0583b452ffac4,1060,77987,62,14,213,https://www.youtube.com/watch?v=LkB0I-lAx40,62,14,115,https://www.youtube.com/watch?v=UpKeJTeTdS4,110,28,213,https://www.youtube.com/watch?v=LkB0I-lAx40,0,0,0,0,
b1c9458ca89b44bab0f09883ef40c45c,1060,40040,132,59,245,https://www.youtube.com/watch?v=37c_NxpgpKQ,132,59,245,https://www.youtube.com/watch?v=37c_NxpgpKQ,0,0,0,,0,0,0,0,
a725f6babc5f44779d7389886c6cd7b7,1050,26987,73,33,225,https://www.youtube.com/watch?v=RM40armW2UI,77,39,139,https://www.youtube.com/watch?v=9OHZlZcfiSc,40,29,225,https://www.youtube.com/watch?v=RM40armW2UI,0,0,0,0,
cfa15a7e93824927ad4b84a519b0ab68,1050,149786,575,450,1060,https://www.youtube.com/watch?v=WqX6MJxG2bA,0,0,0,,575,450,1060,https://www.youtube.com/watch?v=WqX6MJxG2bA,0,0,0,0,
4b7ea2bd72234f9882b8e992b622b001,1050,58121,0,0,0,,0,0,0,,0,0,0,,0,0,0,0,
4082168d753e42b7aca1d25e759d09a7,1050,32500,102,54,183,https://www.youtube.com/watch?v=YTGBRgQaGPE,102,54,183,https://www.youtube.com/watch?v=YTGBRgQaGPE,0,0,0,,439,74,53,105,https://www.twitch.tv/videos/2220531658
515abc7c33164a98be134d1c7fec84e2,1050,29170,0,0,0,,0,0,0,,0,0,0,,254,0,0,0,
8b810380ed254a5e8a85b65552ba4e61,1050,33741,179,54,224,https://www.youtube.com/watch?v=z2ArFzy5_Vk,0,0,0,,179,54,224,https://www.youtube.com/watch?v=z2ArFzy5_Vk,8145,588,317,850,https://www.twitch.tv/videos/2228289005
a2188c1a225e4f93a64e3385fa02d779,1050,50485,341,126,352,https://www.youtube.com/watch?v=ZaKgejTM6So,84,71,84,https://www.youtube.com/watch?v=cIZMTDRbCqU,346,127,352,https://www.youtube.com/watch?v=ZaKgejTM6So,0,0,0,0,
798dda88504941b08a086b309c81b4ef,1050,34016,126,46,584,https://www.youtube.com/watch?v=thJHKJme96U,120,35,296,https://www.youtube.com/watch?v=7N7-MTguMHs,183,164,584,https://www.youtube.com/watch?v=thJHKJme96U,0,0,0,0,
73f22d41c523451296a370bc2d2f4e00,1040,16198,262,118,599,https://www.youtube.com/watch?v=wCvCR1kEL94,254,115,599,https://www.youtube.com/watch?v=wCvCR1kEL94,394,220,597,https://www.youtube.com/watch?v=2-LAS3gfIRo,0,0,0,0,
9b5ec085252a4f6e9ba04cac0ad49e65,1040,54111,0,0,0,,0,0,0,,0,0,0,,2439,180,150,180,https://www.twitch.tv/videos/2225685714
18d1c00e0bde4ddbb8be5eafe0967dfe,1040,40315,125,36,182,https://www.youtube.com/watch?v=eijoQdNuUJQ,125,36,182,https://www.youtube.com/watch?v=eijoQdNuUJQ,0,0,0,,0,0,0,0,
46388caf23e34f09b145fff0fa25b897,1040,39843,0,0,0,,0,0,0,,0,0,0,,841,0,0,0,
c506f1ab266f47e2be683220533a4790,1040,28091,0,0,0,,0,0,0,,0,0,0,,0,0,0,0,
78d441a2d6584d078a6ce202238d36b9,1030,24781,0,0,0,,0,0,0,,0,0,0,,0,0,0,0,
c03a8219bd254619959f9308af6a3bba,1030,18670,0,0,0,,0,0,0,,0,0,0,,172,0,0,0,
c2b9638d8dd54888a91caa8a67366907,1030,18469,78,66,196,https://www.youtube.com/watch?v=rwwEzHUc8zY,78,66,196,https://www.youtube.com/watch?v=rwwEzHUc8zY,0,0,0,,1986,171,155,798,https://www.twitch.tv/videos/2219113358
7194df8aca7745c1b2a61dd91e56c6b8,1030,36746,270,117,371,https://www.youtube.com/watch?v=oS3y3PZKKgc,270,99,371,https://www.youtube.com/watch?v=oS3y3PZKKgc,254,195,357,https://www.youtube.com/watch?v=khOodE4QGQk,0,0,0,0,
78aa93aa7916451982b716f2e8952d38,1030,57506,0,0,0,,0,0,0,,0,0,0,,0,0,0,0,
0d7502e74c394a7f82a07c31fee877ff,1030,33268,0,0,0,,0,0,0,,0,0,0,,0,0,0,0,
ccf93d7646f249dfa3454f5a60f466c8,1030,29787,85,43,162,https://www.youtube.com/watch?v=BG_sgy3KgZk,87,44,162,https://www.youtube.com/watch?v=BG_sgy3KgZk,11,8,11,https://www.youtube.com/watch?v=CEUZHf_U5Mk,0,0,0,0,
e46d27918a77488ca5b4144eb1b978df,1020,57120,39,37,39,https://www.youtube.com/watch?v=TYN2hHkes-c,0,0,0,,39,37,39,https://www.youtube.com/watch?v=TYN2hHkes-c,0,0,0,0,
b72be2e34f9a41d598ea5332c1facb7b,1020,30997,0,0,0,,0,0,0,,0,0,0,,316,0,0,0,
aab094af87d74f3cbcb332bdac03fa23,1020,17660,66,38,707,https://www.youtube.com/watch?v=wLaqZIJ6O5Q,66,38,707,https://www.youtube.com/watch?v=wLaqZIJ6O5Q,0,0,0,,0,0,0,0,
8d8b1382b7154504819e1db08ecbe8ee,1010,16301,80,37,97,https://www.youtube.com/watch?v=GYpPF3qVw7I,80,37,97,https://www.youtube.com/watch?v=GYpPF3qVw7I,0,0,0,,0,0,0,0,
5396c3113555413f8b8d722d44b413d3,1010,22554,181,21,301,https://www.youtube.com/watch?v=xRXJI_XfJOo,181,21,301,https://www.youtube.com/watch?v=xRXJI_XfJOo,0,0,0,,0,0,0,0,
a8a366c9d633476d8a2fa879f91172ac,1010,137439,0,0,0,,0,0,0,,0,0,0,,0,0,0,0,
ad26bb0363ef42c7988f79ef9b07dfcc,1010,49572,0,0,0,,0,0,0,,0,0,0,,0,0,0,0,
b596a01b8b6a48e4a96cb67b2d5cdccd,1010,39469,64,15,64,https://www.youtube.com/watch?v=UUxJ85HhC8Q,64,15,64,https://www.youtube.com/watch?v=UUxJ85HhC8Q,0,0,0,,427,0,0,0,
3410ce8f1b78487f8025485a6c09b1b8,1010,28561,75,45,149,https://www.youtube.com/watch?v=x7V3wjZTifo,75,45,149,https://www.youtube.com/watch?v=x7V3wjZTifo,0,0,0,,0,0,0,0,
f656e3210df449889b6ad9e72acd7a72,1010,25661,381,161,2050,https://www.youtube.com/watch?v=jZRqDbb9sPA,378,160,674,https://www.youtube.com/watch?v=DQKfz72Cp-E,2050,974,2050,https://www.youtube.com/watch?v=jZRqDbb9sPA,0,0,0,0,
6b43c568bdf044e4a4ae0bae0cb9fff2,1000,54021,187,59,275,https://www.youtube.com/watch?v=JNEpcWXI6_s,187,59,260,https://www.youtube.com/watch?v=3anu_nmfYYE,194,180,275,https://www.youtube.com/watch?v=JNEpcWXI6_s,0,0,0,0,
b4de9155a5f34284a41224c38e70c67e,1000,40640,0,0,0,,0,0,0,,0,0,0,,44,0,0,0,
4b9b64309ea0491bbde3b86b6c34bdd0,1000,62611,153,52,153,https://www.youtube.com/watch?v=fMc7m4MIRgs,153,52,153,https://www.youtube.com/watch?v=fMc7m4MIRgs,0,0,0,,0,0,0,0,
5f9ded46df28474bbd1470d761700f30,1000,641512,21,13,400,https://www.youtube.com/watch?v=mQmvUztiXIE,0,0,0,,21,13,400,https://www.youtube.com/watch?v=mQmvUztiXIE,759,125,45,243,https://www.twitch.tv/videos/2204209772
b5d3dfb81219492cb11a34291aab8cc8,1000,28918,147,129,269,https://www.youtube.com/watch?v=UeejVeXI9zE,147,129,269,https://www.youtube.com/watch?v=UeejVeXI9zE,0,0,0,,0,0,0,0,
179eb3fd3fb34ffe93859dd945b1b3a6,1000,3759,0,0,0,,0,0,0,,0,0,0,,0,0,0,0,
521efecabae94dd6b1d21bc5e8543fcb,1000,28121,144,40,286,https://www.youtube.com/watch?v=uXPaM-voGyI,190,56,286,https://www.youtube.com/watch?v=uXPaM-voGyI,87,24,101,https://www.youtube.com/watch?v=HW93jkpImC4,376,22,17,34,https://www.twitch.tv/videos/2223230834
7754a4ea82814b7fbbecfcf459382001,1000,211320,12,3,405,https://www.youtube.com/watch?v=EAogcYMBmz4,0,0,0,,12,3,405,https://www.youtube.com/watch?v=EAogcYMBmz4,1814,290,220,745,https://www.twitch.tv/videos/2222938643
838f883ea01f431f97bfe9dbf3064422,992,33304,0,0,0,,0,0,0,,0,0,0,,103,0,0,0,
0f6d2110d7fa4f298e4345745a7e71b1,992,14346,0,0,0,,0,0,0,,0,0,0,,0,0,0,0,
345b2eb5c8bf4d7d9fa72176f67de440,990,23639,15,7,49,https://www.youtube.com/watch?v=rzHohdOeFQw,0,0,0,,15,7,49,https://www.youtube.com/watch?v=rzHohdOeFQw,665,190,125,244,https://www.twitch.tv/videos/2223222442
7a0eb6cbe5a94663888ef35a63ab3b5a,984,25572,0,0,0,,0,0,0,,0,0,0,,1070,108,104,239,https://www.twitch.tv/videos/2221429201
0ec3bf23ccba41659f6d91e424fb2b4a,982,37355,152,97,347,https://www.youtube.com/watch?v=Uw40Vu9FOSQ,152,97,347,https://www.youtube.com/watch?v=Uw40Vu9FOSQ,0,0,0,,0,0,0,0,
00156e6583fe4923b7a32d8564e3ea4c,980,28380,0,0,0,,0,0,0,,0,0,0,,277,0,0,0,
7ca8ec94cb4640ccb27719cbfc8a8df0,977,46496,81,39,91,https://www.youtube.com/watch?v=qphr1K_rCAM,81,39,91,https://www.youtube.com/watch?v=qphr1K_rCAM,0,0,0,,0,0,0,0,
3a963b6901c7467da3d9c8bd74df9da6,972,38843,146,13,146,https://www.youtube.com/watch?v=MzjWavH_Tgg,146,13,146,https://www.youtube.com/watch?v=MzjWavH_Tgg,0,0,0,,0,0,0,0,
7c88a51800fd4984ad24ba803d3760dd,972,15349,0,0,0,,0,0,0,,0,0,0,,0,0,0,0,
021e4f709f1a4c56b8cd200c476db3e7,971,21067,0,0,0,,0,0,0,,0,0,0,,0,0,0,0,
8489d002b1704612bd0dd23f9a14ed51,969,39063,139,48,245,https://www.youtube.com/watch?v=aBKmQBgUpjw,139,48,245,https://www.youtube.com/watch?v=aBKmQBgUpjw,0,0,0,,176,0,0,0,
99e9616a2f73426d8c0a672dd20d9ad3,965,163554,337,127,1311,https://www.youtube.com/watch?v=uSc-GcDekno,251,96,653,https://www.youtube.com/watch?v=NoPfVdt6PxM,764,196,1311,https://www.youtube.com/watch?v=uSc-GcDekno,58,0,0,0,
9bf758b113b048bc9331f244b619e4b2,965,59923,114,57,320,https://www.youtube.com/watch?v=l_z7fuVysOg,101,27,114,https://www.youtube.com/watch?v=ItAlUZkTCPs,196,63,320,https://www.youtube.com/watch?v=l_z7fuVysOg,217,28,22,28,https://www.twitch.tv/videos/2224849876
d564ef4ee383435787e18dee18247631,961,43292,2278,1525,4510,https://www.youtube.com/watch?v=-6YVIlJtLvI,0,0,0,,2278,1525,4510,https://www.youtube.com/watch?v=-6YVIlJtLvI,253,0,0,0,
7f7e1579979c49249dc65783d457e890,955,19218,0,0,0,,0,0,0,,0,0,0,,376,0,0,0,
f702d43aeff84979ad97438d0b1d8bcc,955,9384,234,55,234,https://www.youtube.com/watch?v=F9aZWcNa-Rw,0,0,0,,234,55,234,https://www.youtube.com/watch?v=F9aZWcNa-Rw,480,0,0,0,
a5647aba47dc4bb48eaa0cde6de7c6bd,954,39851,0,0,0,,0,0,0,,0,0,0,,0,0,0,0,
2131a63328214b7f9a1022dae6890d66,951,36119,139,73,461,https://www.youtube.com/watch?v=eArHWk9lkGU,139,73,461,https://www.youtube.com/watch?v=eArHWk9lkGU,0,0,0,,298,0,0,0,
fbfe453800444cdd8a35eb8abf365f32,950,54977,0,0,0,,0,0,0,,0,0,0,,0,0,0,0,
f560e7811b454fe489044165c53dba83,949,41720,62,25,187,https://www.youtube.com/watch?v=ToAeBRULZCc,62,25,187,https://www.youtube.com/watch?v=ToAeBRULZCc,0,0,0,,0,0,0,0,
94f9966aa28a45e1ab4b94507037d1d7,948,75180,169,80,446,https://www.youtube.com/watch?v=_TgVFXPH6HQ,176,96,446,https://www.youtube.com/watch?v=_TgVFXPH6HQ,49,32,57,https://www.youtube.com/watch?v=OnupqDQnuY4,0,0,0,0,
45baafce0f294208a063a496814b7986,945,34370,74,41,267,https://www.youtube.com/watch?v=C71mV5O3MuE,87,43,132,https://www.youtube.com/watch?v=T2RqgwuEX_0,55,24,267,https://www.youtube.com/watch?v=C71mV5O3MuE,0,0,0,0,
995bff308e7f4df3aa33305fc0ddde8e,944,36975,124,69,129,https://www.youtube.com/watch?v=UKmu9zCG7hw,124,69,129,https://www.youtube.com/watch?v=UKmu9zCG7hw,0,0,0,,0,0,0,0,
b516b71a9e8d43b8a377dabe1f9057dd,944,23384,188,78,415,https://www.youtube.com/watch?v=M_6RCzL3Y1A,188,78,415,https://www.youtube.com/watch?v=M_6RCzL3Y1A,0,0,0,,210,21,16,44,https://www.twitch.tv/videos/2223151180
ee1be8631b3e4abdbcc12dbe96d5268f,943,33996,115,51,268,https://www.youtube.com/watch?v=AUxkj6GRzms,115,51,268,https://www.youtube.com/watch?v=AUxkj6GRzms,0,0,0,,0,0,0,0,
9715832a3f2b4469a59c5d277aa4fc34,942,22469,63,19,97,https://www.youtube.com/watch?v=_4aaX2nk5yk,63,19,97,https://www.youtube.com/watch?v=_4aaX2nk5yk,0,0,0,,0,0,0,0,
7df81b926eec4a998d5ffcd67b59ff5e,938,20802,119,50,178,https://www.youtube.com/watch?v=b1oDVSs_Vtc,119,50,178,https://www.youtube.com/watch?v=b1oDVSs_Vtc,0,0,0,,0,0,0,0,
497385ad229548cdb0c80d89b70d050f,938,43790,144,52,479,https://www.youtube.com/watch?v=nQsg29aRdT0,144,47,217,https://www.youtube.com/watch?v=Vt3KCCpMHqY,268,83,479,https://www.youtube.com/watch?v=nQsg29aRdT0,0,0,0,0,
a8e44e51a99c487694e2525dc57c85ca,937,41538,10,5,31,https://www.youtube.com/watch?v=qf3qQqdpKOg,31,5,31,https://www.youtube.com/watch?v=qf3qQqdpKOg,7,5,13,https://www.youtube.com/watch?v=5-u3WcCNN34,791,102,82,365,https://www.twitch.tv/videos/2229845911
bbd618a3874d4ae2ba5af36a23bc1914,937,12080,600,269,2868,https://www.youtube.com/watch?v=6SvbrFM0-a8,640,269,681,https://www.youtube.com/watch?v=XRJjvzir4aM,364,304,2868,https://www.youtube.com/watch?v=6SvbrFM0-a8,6946,2725,1070,5032,https://www.twitch.tv/videos/2210104506
15711ba2b93a46c295901d775aaf314e,935,31542,0,0,0,,0,0,0,,0,0,0,,0,0,0,0,
372962c805114682a4d16b75c13c80ed,932,32924,142,56,342,https://www.youtube.com/watch?v=reCVTYf69c4,140,61,303,https://www.youtube.com/watch?v=dUI0fpd9bcE,342,45,342,https://www.youtube.com/watch?v=reCVTYf69c4,0,0,0,0,
85aa19ec73ce4db08ba1bf3d0f1807ce,930,41001,134,41,174,https://www.youtube.com/watch?v=hslVDr-xKGY,134,41,174,https://www.youtube.com/watch?v=hslVDr-xKGY,0,0,0,,0,0,0,0,
188bbf1349f1482cbd24d06ba720cf17,930,6883,266,115,1144,https://www.youtube.com/watch?v=nhLEWPT1Fi0,265,106,1144,https://www.youtube.com/watch?v=nhLEWPT1Fi0,392,131,392,https://www.youtube.com/watch?v=rcwOKZXQfWw,0,0,0,0,
0fbdfcc1b9cf41fdb840cf2f546d9324,926,13258,56,31,454,https://www.youtube.com/watch?v=BuXm9jIiFnQ,57,32,454,https://www.youtube.com/watch?v=BuXm9jIiFnQ,30,5,30,https://www.youtube.com/watch?v=Le4C2IU49tc,0,0,0,0,
34973abcef4e41b29add2b476ce0a7fb,922,4529,0,0,0,,0,0,0,,0,0,0,,19,0,0,0,
f1020d6d2f904704a363cf21806327a1,920,17312,0,0,0,,0,0,0,,0,0,0,,210,0,0,0,
95fa8eef249d4edca59594271fedc487,915,27696,100,16,100,https://www.youtube.com/watch?v=wFL6ymmCpSw,100,16,100,https://www.youtube.com/watch?v=wFL6ymmCpSw,0,0,0,,0,0,0,0,
b586a78c976b44859e93d12f47bef826,915,24817,0,0,0,,0,0,0,,0,0,0,,0,0,0,0,
684aeef535fb4dd2a483746cdaab5065,913,60533,75,22,97,https://www.youtube.com/watch?v=UkHoH-WQX3w,75,22,97,https://www.youtube.com/watch?v=UkHoH-WQX3w,0,0,0,,167,0,0,0,
607a7be9721741c48e2901609c294ada,913,72507,0,0,0,,0,0,0,,0,0,0,,1561,0,0,0,
f9f38aebd04f4a219e165e0c6e1fb347,910,14909,0,0,0,,0,0,0,,0,0,0,,0,0,0,0,
41ec65fd72424aa0b90cdfefd49bd35e,909,19015,166,140,166,https://www.youtube.com/watch?v=7Pz_lFX9xtE,166,140,166,https://www.youtube.com/watch?v=7Pz_lFX9xtE,0,0,0,,0,0,0,0,
49f14b84269f458099232c2a21b2ba74,904,23307,0,0,0,,0,0,0,,0,0,0,,0,0,0,0,
aabaf7767fa5449b86f58160496d0d4c,903,40699,187,88,410,https://www.youtube.com/watch?v=EPHWQTKF4H4,187,88,410,https://www.youtube.com/watch?v=EPHWQTKF4H4,0,0,0,,0,0,0,0,
6efa004da8424662bae62d420d82d722,900,58466,0,0,0,,0,0,0,,0,0,0,,0,0,0,0,
6ef3b507ab8e41d499c59d8cf8b65202,898,0,0,0,0,,0,0,0,,0,0,0,,0,0,0,0,
44ae1f339250472c82d1fc4ffb3610ad,894,30940,73,63,73,https://www.youtube.com/watch?v=FIT0JhmLts4,0,0,0,,73,63,73,https://www.youtube.com/watch?v=FIT0JhmLts4,1129,774,582,1775,https://www.twitch.tv/videos/2217909386
a0f657e0538e4269af88094fa1c3dacb,892,14258,181,118,191,https://www.youtube.com/watch?v=AJlEMqsvUQE,181,118,191,https://www.youtube.com/watch?v=AJlEMqsvUQE,0,0,0,,0,0,0,0,
44332b31031149f5bd411f415cbb531e,890,23827,75,28,177,https://www.youtube.com/watch?v=0vV7LMHTsec,81,29,177,https://www.youtube.com/watch?v=0vV7LMHTsec,35,10,36,https://www.youtube.com/watch?v=GtgxbqLTCXE,242,0,0,0,
3e41189706dd483db4e407c295b058ce,889,56056,20,7,77,https://www.youtube.com/watch?v=tv4OKczhfwI,20,8,77,https://www.youtube.com/watch?v=tv4OKczhfwI,24,4,33,https://www.youtube.com/watch?v=9IznBfCXmHY,3180,318,170,661,https://www.twitch.tv/videos/2214691857
c26ea894da5741df9e1bc62044f6bce7,883,3914,0,0,0,,0,0,0,,0,0,0,,225,116,112,116,https://www.twitch.tv/videos/2229142680
4c12d4acc74d46e3b336d51c07523305,882,21508,134,75,442,https://www.youtube.com/watch?v=RKtlpvEDWmI,130,75,361,https://www.youtube.com/watch?v=jBbu2VcIsks,249,130,442,https://www.youtube.com/watch?v=RKtlpvEDWmI,0,0,0,0,
2450f1c7cf8f46c8aa30afaa922c9642,882,17798,0,0,0,,0,0,0,,0,0,0,,326,0,0,0,
de49994d9fd14067bf9ea5b4fbac7229,880,18891,168,92,434,https://www.youtube.com/watch?v=F1HvHcxvgUU,168,92,434,https://www.youtube.com/watch?v=F1HvHcxvgUU,0,0,0,,226,50,40,99,https://www.twitch.tv/videos/2223160783
8a5468bc4c7d44989e5ee4864a9b941a,875,69836,77,42,130,https://www.youtube.com/watch?v=LTiAlRjgH5M,77,42,130,https://www.youtube.com/watch?v=LTiAlRjgH5M,0,0,0,,0,0,0,0,
034c0cb04f884faa8f2b6a02ff090ad1,874,0,0,0,0,,0,0,0,,0,0,0,,0,0,0,0,
8e2559d9a7714ecd9cb0448b4d28f8d2,873,24670,0,0,0,,0,0,0,,0,0,0,,4843,292,166,1795,https://www.twitch.tv/videos/2206892053
d33940525b7f4b9db9ce85e08b4c175e,870,23706,99,42,160,https://www.youtube.com/watch?v=kn73Qk0ibmo,109,59,160,https://www.youtube.com/watch?v=kn73Qk0ibmo,57,33,58,https://www.youtube.com/watch?v=hF46dtH_G7U,6065,190,122,222,https://www.twitch.tv/videos/2219800310
43acb25e255340d09b50283f0308d1ff,864,207086,37,24,499,https://www.youtube.com/watch?v=agUFowfCpAE,37,18,93,https://www.youtube.com/watch?v=CuFcoBPlH9g,499,182,499,https://www.youtube.com/watch?v=agUFowfCpAE,0,0,0,0,
06a61409f4334b0eb8a5f647b819c78b,864,51894,29,20,57,https://www.youtube.com/watch?v=UyGdMvJ7Ih8,54,25,57,https://www.youtube.com/watch?v=UyGdMvJ7Ih8,29,15,29,https://www.youtube.com/watch?v=eeLaNspO-io,0,0,0,0,
03c9d83a4c534b65a5743b381eb2ce33,864,14959,84,37,228,https://www.youtube.com/watch?v=M_XZJinLYnw,87,40,228,https://www.youtube.com/watch?v=M_XZJinLYnw,22,8,22,https://www.youtube.com/watch?v=5QRV2liAT1M,435,58,39,118,https://www.twitch.tv/videos/2220762945
a1ef171711404951a987f4c9bc5e64f0,862,45572,0,0,0,,0,0,0,,0,0,0,,0,0,0,0,
c45e260cafa14b3fab4030fb339ed1ab,861,37383,144,49,541,https://www.youtube.com/watch?v=7m8JF-yk_h8,159,49,541,https://www.youtube.com/watch?v=7m8JF-yk_h8,27,20,65,https://www.youtube.com/watch?v=veqlPkGNhlE,23,0,0,0,
607d6173383c4118a32171fbcfc98e60,859,23362,45,19,63,https://www.youtube.com/watch?v=bf3fXKKqkF4,0,0,0,,45,19,63,https://www.youtube.com/watch?v=bf3fXKKqkF4,10618,0,0,0,
0f74555e05794780adc4eb0b9096f727,859,6775,165,11,165,https://www.youtube.com/watch?v=esFxULnp2NA,165,11,165,https://www.youtube.com/watch?v=esFxULnp2NA,0,0,0,,99,0,0,0,
399a496d028447a58924b2660d0fc187,859,174,0,0,0,,0,0,0,,0,0,0,,0,0,0,0,
30a4362c1143491ea0ed5383c4882251,858,33694,157,84,277,https://www.youtube.com/watch?v=0J42vkYA8OA,157,84,277,https://www.youtube.com/watch?v=0J42vkYA8OA,0,0,0,,0,0,0,0,
647a4992105c4f18b92239156e0064fb,857,16347,172,81,316,https://www.youtube.com/watch?v=UP1A9h1-564,172,81,316,https://www.youtube.com/watch?v=UP1A9h1-564,0,0,0,,148,0,0,0,
bb56715066e548c297232372a16ab083,857,52233,2,0,111,https://www.youtube.com/watch?v=U5g9HlXKJek,8,4,18,https://www.youtube.com/watch?v=gZjBLHOiZ8Y,0,0,111,https://www.youtube.com/watch?v=U5g9HlXKJek,1354,31,19,60,https://www.twitch.tv/videos/2221551957
a6dfb7b286fe43ebbec2fd53b9cf032c,857,7088,0,0,0,,0,0,0,,0,0,0,,0,0,0,0,
954590604f0e49e88fadc8ce6dafba1b,855,33674,125,55,7073,https://www.youtube.com/watch?v=gWWeO76hc88,121,54,161,https://www.youtube.com/watch?v=mq1YQYdXEsU,595,121,7073,https://www.youtube.com/watch?v=gWWeO76hc88,0,0,0,0,
d475848a566848dc9f6ad02707d87e2a,852,79756,151,56,251,https://www.youtube.com/watch?v=KY4LXJ8GOiM,151,56,251,https://www.youtube.com/watch?v=KY4LXJ8GOiM,0,0,0,,0,0,0,0,
ffe6a7983e434702a68fe18c169e3164,851,24927,163,73,321,https://www.youtube.com/watch?v=REYuUtw2aTU,163,73,321,https://www.youtube.com/watch?v=REYuUtw2aTU,0,0,0,,363,56,52,60,https://www.twitch.tv/videos/2227460154
504678b9fa2f4506879ba42b27a13dff,845,31692,185,79,745,https://www.youtube.com/watch?v=5py9nBL2204,135,71,745,https://www.youtube.com/watch?v=5py9nBL2204,442,252,512,https://www.youtube.com/watch?v=7atjy0HNFnA,0,0,0,0,
70af0f70b6284690a524eb87aaa1d296,844,48132,316,75,1981,https://www.youtube.com/watch?v=5LZapEFBwtU,0,0,0,,316,75,1981,https://www.youtube.com/watch?v=5LZapEFBwtU,2843,189,127,342,https://www.twitch.tv/videos/2218108105
01fc7842da284adaad67d3774a4b2a6c,843,11113,101,44,149,https://www.youtube.com/watch?v=EFNa7BgZLYM,101,44,149,https://www.youtube.com/watch?v=EFNa7BgZLYM,0,0,0,,0,0,0,0,
689bcf2176f84f86a4fb53800f25ea7a,843,1479,0,0,0,,0,0,0,,0,0,0,,0,0,0,0,
fff74fa431cd4468b177675010504ee1,841,9232,92,38,551,https://www.youtube.com/watch?v=_RocgVpfAXw,81,36,245,https://www.youtube.com/watch?v=cPDRmVH-bhs,310,143,551,https://www.youtube.com/watch?v=_RocgVpfAXw,126,0,0,0,
0294dc5e3fb14312b472bb05af5ad329,841,21640,0,0,0,,0,0,0,,0,0,0,,0,0,0,0,
b5ff000d6dd74683b17965294f1c4bf7,839,28308,0,0,0,,0,0,0,,0,0,0,,772,0,0,0,
3cf7289a95834ae1a25d4cb2909a1a9e,838,14707,82,25,362,https://www.youtube.com/watch?v=fm8LgJ4DQFc,84,33,362,https://www.youtube.com/watch?v=fm8LgJ4DQFc,77,22,147,https://www.youtube.com/watch?v=_eEUXMdd8Zs,0,0,0,0,
30bc516401f24514aaecce081979ab50,834,14406,0,0,0,,0,0,0,,0,0,0,,0,0,0,0,
ecbe9a46c7ec4f3d8fe217012c39d490,834,316127,30,24,30,https://www.youtube.com/watch?v=875GXa0sReM,30,24,30,https://www.youtube.com/watch?v=875GXa0sReM,0,0,0,,0,0,0,0,
62c12910ed8543ffaa91b4ad33f71fec,833,9234,0,0,0,,0,0,0,,0,0,0,,0,0,0,0,
686fa700c1ee4d179ed277d5b101f8a4,828,26564,0,0,0,,0,0,0,,0,0,0,,0,0,0,0,
a92fe8f83bb3411eaae75ac82954ff16,828,15695,0,0,0,,0,0,0,,0,0,0,,0,0,0,0,
a753be70dd194989835b604e4b249363,825,28649,0,0,0,,0,0,0,,0,0,0,,673,47,28,47,https://www.twitch.tv/videos/2220108888
286c24a67720434bbb4290d49fb42a54,822,24313,142,63,665,https://www.youtube.com/watch?v=tkjaKVBxYs4,184,63,665,https://www.youtube.com/watch?v=tkjaKVBxYs4,98,33,122,https://www.youtube.com/watch?v=ha7_B6oxgZ4,0,0,0,0,
ff063abda8d24869b8d34267e673958f,821,0,0,0,0,,0,0,0,,0,0,0,,0,0,0,0,
f479e1403f614727a5f2a2be339bad74,820,10089,0,0,0,,0,0,0,,0,0,0,,2162,0,0,0,
74c75f221fbb4cffa67de26881bae17d,820,40745,173,71,306,https://www.youtube.com/watch?v=vKwil5HMccA,173,71,306,https://www.youtube.com/watch?v=vKwil5HMccA,0,0,0,,0,0,0,0,
0aa8c41f04bf4f12b9a8281353ea448a,820,33107,0,0,0,,0,0,0,,0,0,0,,4553,411,87,994,https://www.twitch.tv/videos/2226626371
13a3d049cda44b9e8da24006e642dd78,819,23549,0,0,0,,0,0,0,,0,0,0,,2852,0,0,0,
58374cba861d4267a84ad689bb6ce91a,817,27800,74,27,77,https://www.youtube.com/watch?v=0EYw85ZzYn4,74,27,77,https://www.youtube.com/watch?v=0EYw85ZzYn4,0,0,0,,0,0,0,0,
6d144d78d2284fbcafa2428a5d132733,816,24973,424,103,544,https://www.youtube.com/watch?v=NVTGsSleFNw,0,0,0,,424,103,544,https://www.youtube.com/watch?v=NVTGsSleFNw,590,49,42,101,https://www.twitch.tv/videos/2219835603
29a3d514ca274f6fb966f9d70bed4b52,815,76277,40,5,40,https://www.youtube.com/watch?v=Gcm3oyoOaj0,0,0,0,,40,5,40,https://www.youtube.com/watch?v=Gcm3oyoOaj0,462,210,187,244,https://www.twitch.tv/videos/2225553036
352894d7c4eb4c9f87e248eae450183a,810,39079,399,74,798,https://www.youtube.com/watch?v=fobtJmPWkwk,480,293,798,https://www.youtube.com/watch?v=fobtJmPWkwk,70,30,322,https://www.youtube.com/watch?v=_LImdhWhfa0,0,0,0,0,
9cfe61128e134f8dad9bb6ebf568cd71,810,17450,17,2,17,https://www.youtube.com/watch?v=AzWcseiin6I,0,0,0,,17,2,17,https://www.youtube.com/watch?v=AzWcseiin6I,824,180,157,236,https://www.twitch.tv/videos/2223075678
8e84dbdebec446bab8c82b3f0467f398,807,21627,243,137,552,https://www.youtube.com/watch?v=XoFJ1sEHX18,243,137,552,https://www.youtube.com/watch?v=XoFJ1sEHX18,0,0,0,,0,0,0,0,
4e7110080135486ba1d83d3e5cdbf0ca,805,8074,163,87,229,https://www.youtube.com/watch?v=qhrS-amBdcI,163,87,229,https://www.youtube.com/watch?v=qhrS-amBdcI,0,0,0,,268,32,24,32,https://www.twitch.tv/videos/2223895798
f1dff6bebe3a4fa7a4b9c05f91bdc42b,804,0,0,0,0,,0,0,0,,0,0,0,,0,0,0,0,
73f219fc31294239804b67151318e0a8,803,38556,0,0,0,,0,0,0,,0,0,0,,262,0,0,0,
f6d83aa286de43568b4e8f9e0976615a,802,23097,0,0,0,,0,0,0,,0,0,0,,0,0,0,0,
63adc221665b47e6b9d638e66029958d,801,21026,0,0,0,,0,0,0,,0,0,0,,173,0,0,0,
971c91b32e9b4e1abfdafe711cb9e440,800,35881,54,20,201,https://www.youtube.com/watch?v=Bl2N5Zp8Yiw,63,28,201,https://www.youtube.com/watch?v=Bl2N5Zp8Yiw,20,15,20,https://www.youtube.com/watch?v=tqrdr3rhA5c,0,0,0,0,
d9baa82223d04494abd266da86171d95,800,0,0,0,0,,0,0,0,,0,0,0,,659,0,0,0,
853afd5eb42e4f61bb0f9478aa8c1661,799,0,0,0,0,,0,0,0,,0,0,0,,0,0,0,0,
a9986f3ad4f340f297e9eb132a05ac84,799,15200,0,0,0,,0,0,0,,0,0,0,,438,0,0,0,
bc7d14416ba24cc8819f0753e1f595f5,798,22213,117,54,498,https://www.youtube.com/watch?v=Hx_rVBpe_tA,115,37,139,https://www.youtube.com/watch?v=UNGnA1adPq4,498,312,498,https://www.youtube.com/watch?v=Hx_rVBpe_tA,0,0,0,0,
313ac2707d2548d18d1dfb62809ae162,795,26376,232,180,232,https://www.youtube.com/watch?v=LDOtyK3VZAQ,0,0,0,,232,180,232,https://www.youtube.com/watch?v=LDOtyK3VZAQ,0,0,0,0,
50a5bb8d33e14c81813bd0d02dc34b58,794,0,0,0,0,,0,0,0,,0,0,0,,0,0,0,0,
fe70a0055df1453a82bea6582d3072fa,794,32605,113,42,132,https://www.youtube.com/watch?v=uJ0pAFQa1aw,113,42,132,https://www.youtube.com/watch?v=uJ0pAFQa1aw,0,0,0,,0,0,0,0,
80dda735a7784d7fb999892874a05f0c,794,14391,0,0,0,,0,0,0,,0,0,0,,3636,833,330,1128,https://www.twitch.tv/videos/2212783143
945e26a69e2145219406bf2ca0d59554,794,21314,0,0,0,,0,0,0,,0,0,0,,698,65,34,102,https://www.twitch.tv/videos/2226496178
278f93ad57b14f01a71f1e89598ee503,792,7066,0,0,0,,0,0,0,,0,0,0,,0,0,0,0,
1cdbceb7ad414bb59b3a9563a93fe840,791,19829,0,0,0,,0,0,0,,0,0,0,,0,0,0,0,
899208f999aa4121ae2b67abb3190674,791,10724,10,3,64,https://www.youtube.com/watch?v=LYepa2X53D4,0,0,0,,10,3,64,https://www.youtube.com/watch?v=LYepa2X53D4,4016,303,200,373,https://www.twitch.tv/videos/2218084660
f461b26ba47b4e37a90d2ca4fa5fa329,790,24305,101,43,156,https://www.youtube.com/watch?v=mjCcXojNOL8,105,42,156,https://www.youtube.com/watch?v=mjCcXojNOL8,74,44,131,https://www.youtube.com/watch?v=ZhEJaqDiqOM,0,0,0,0,
415ca337b1104450acbed1eb046c0a58,788,63592,0,0,0,,0,0,0,,0,0,0,,268,0,0,0,
14b8fa0f43664c31a5d634b20f9112d9,784,71291,162,84,670,https://www.youtube.com/watch?v=ayQhrba596Q,156,53,285,https://www.youtube.com/watch?v=DKl-AQVfBNw,437,128,670,https://www.youtube.com/watch?v=ayQhrba596Q,0,0,0,0,
17946118c2d641819c847aba0c491e13,782,3879,0,0,0,,0,0,0,,0,0,0,,4662,1963,1202,2746,https://www.twitch.tv/videos/2219033624
1594067d444e4a53abb95bc1aa40e6db,782,23671,0,0,0,,0,0,0,,0,0,0,,429,48,31,72,https://www.twitch.tv/videos/2227506331
548f8fcaa1b24e878b97d572df450bcb,781,151106,29,24,29,https://www.youtube.com/watch?v=9eZdDKu9UkE,29,24,29,https://www.youtube.com/watch?v=9eZdDKu9UkE,0,0,0,,0,0,0,0,
6873f5b9a88c42ba980878bbffb5682a,781,37298,299,95,714,https://www.youtube.com/watch?v=gRkCWS_t2HQ,302,152,714,https://www.youtube.com/watch?v=gRkCWS_t2HQ,246,69,257,https://www.youtube.com/watch?v=xrxxFvsuf5w,0,0,0,0,
1eef7c0894a547a2bff186f6a735145a,780,21295,153,92,260,https://www.youtube.com/watch?v=019OhE0Hh4Y,153,92,260,https://www.youtube.com/watch?v=019OhE0Hh4Y,0,0,0,,0,0,0,0,
b96e4730713c48899004d4af5975fe21,780,4947,0,0,0,,0,0,0,,0,0,0,,251,0,0,0,
efe21404e1e344dda7e75ecb2c160895,778,18877,0,0,0,,0,0,0,,0,0,0,,0,0,0,0,
0e17da7ad6e94a73a2ce539bb6ea293d,777,13871,77,14,83,https://www.youtube.com/watch?v=eYE3fFdxQu8,80,26,83,https://www.youtube.com/watch?v=eYE3fFdxQu8,32,4,32,https://www.youtube.com/watch?v=W-AM1V3M5yw,0,0,0,0,
7e1072448d24495f8cac5163c0290989,777,15766,122,54,333,https://www.youtube.com/watch?v=veBpFA0F2Sc,128,61,333,https://www.youtube.com/watch?v=veBpFA0F2Sc,88,19,104,https://www.youtube.com/watch?v=2PpmO0dgqOw,82,24,18,25,https://www.twitch.tv/videos/2221634475
d792696470b54bd4947a59b10759a636,776,33487,66,48,68,https://www.youtube.com/watch?v=aJeyy7jaMqI,66,48,68,https://www.youtube.com/watch?v=aJeyy7jaMqI,0,0,0,,0,0,0,0,
9539cc114b7648efb72bafc3a7358ae6,775,0,0,0,0,,0,0,0,,0,0,0,,1983,0,0,0,
515f61904a1a45688ea0d7bc1e7d499e,774,173349,208,42,859,https://www.youtube.com/watch?v=ehTBisrFRsI,0,0,0,,208,42,859,https://www.youtube.com/watch?v=ehTBisrFRsI,6,0,0,0,
b5e6939c87f34003b2faf4bb3a72ca14,774,17026,227,21,308,https://www.youtube.com/watch?v=aKCPBjTgZSU,227,21,308,https://www.youtube.com/watch?v=aKCPBjTgZSU,0,0,0,,0,0,0,0,
1ee3a662da8a439887a931727cb07317,774,79133,91,38,508,https://www.youtube.com/watch?v=AdPbX-ztFaQ,91,38,508,https://www.youtube.com/watch?v=AdPbX-ztFaQ,0,0,0,,0,0,0,0,
75e2a9a237e14297976b9b8946818de5,772,1554,0,0,0,,0,0,0,,0,0,0,,0,0,0,0,
77f4700c452c4200a4e62effa2884b4a,771,29074,44,33,44,https://www.youtube.com/watch?v=VU60NKcMCfg,44,33,44,https://www.youtube.com/watch?v=VU60NKcMCfg,0,0,0,,720,0,0,0,
9fb9fe13bf124da3a1affb24c5bba5e2,771,25214,59,41,86,https://www.youtube.com/watch?v=vxxwuAKON6o,59,41,86,https://www.youtube.com/watch?v=vxxwuAKON6o,0,0,0,,0,0,0,0,
3204abe8247b45f08481bef65884ebc3,769,2899,0,0,0,,0,0,0,,0,0,0,,1317,123,116,123,https://www.twitch.tv/videos/2228547349
d8b0b4e36c614d328620461a295572a1,767,29682,62,18,103,https://www.youtube.com/watch?v=wIG23lWYp_0,62,18,103,https://www.youtube.com/watch?v=wIG23lWYp_0,0,0,0,,122,0,0,0,
f2e0ed58531e4cd79d743120c960b6a9,762,0,0,0,0,,0,0,0,,0,0,0,,0,0,0,0,
0446516df6074a4ba8a0f3639b17de46,761,13132,95,39,95,https://www.youtube.com/watch?v=rybxkOgLxAI,95,39,95,https://www.youtube.com/watch?v=rybxkOgLxAI,0,0,0,,0,0,0,0,
f0afa83a8d2d4cc6bb9eb80655bbe40d,759,9799,118,29,161,https://www.youtube.com/watch?v=08s2GlP-XAY,118,29,161,https://www.youtube.com/watch?v=08s2GlP-XAY,0,0,0,,0,0,0,0,
f45249f9d8094f9d85f6d02aec4af029,758,30831,0,0,0,,0,0,0,,0,0,0,,0,0,0,0,
3f3abaed158f420e84f9d1d5f4492b1d,758,41679,64,30,108,https://www.youtube.com/watch?v=gZ0fmDrzu5w,64,30,108,https://www.youtube.com/watch?v=gZ0fmDrzu5w,0,0,0,,492,37,28,107,https://www.twitch.tv/videos/2223967923
bee432690bb44e03940ab4a86bbbbdfd,756,13802,158,56,268,https://www.youtube.com/watch?v=Eo8XyBMPNn4,158,56,268,https://www.youtube.com/watch?v=Eo8XyBMPNn4,0,0,0,,0,0,0,0,
a666cf6707d14cdbbe6581a8964aabd0,756,18773,0,0,0,,0,0,0,,0,0,0,,676,137,115,352,https://www.twitch.tv/videos/2227177101
0d080db8809848e2ba918799b2f7885b,756,32648,72,31,167,https://www.youtube.com/watch?v=5sXJXDeSCCs,72,31,167,https://www.youtube.com/watch?v=5sXJXDeSCCs,0,0,0,,0,0,0,0,
376881e818cc47c2a045ca4cb8361380,753,32801,0,0,0,,0,0,0,,0,0,0,,468,0,0,0,
b8c13d7702844995a0b4a66eda4d31bc,752,11904,6,4,30,https://www.youtube.com/watch?v=TJWWsYzfrLU,0,0,0,,6,4,30,https://www.youtube.com/watch?v=TJWWsYzfrLU,574,97,66,122,https://www.twitch.tv/videos/2222336550
a1880ae475fe44fc92760277c3f850ed,752,6432,0,0,0,,0,0,0,,0,0,0,,595,0,0,0,
0f97f20ec79649e687590a4dc7328a21,752,19154,12,9,12,https://www.youtube.com/watch?v=UyKi7UV5ugo,0,0,0,,12,9,12,https://www.youtube.com/watch?v=UyKi7UV5ugo,271,0,0,0,
28e04c3575d84bd48e2de545801d4d06,752,17558,0,0,0,,0,0,0,,0,0,0,,0,0,0,0,
7aeffe1ba0c443d5aa4721247b801593,751,80501,471,75,471,https://www.youtube.com/watch?v=yVhUj20bdY0,0,0,0,,471,75,471,https://www.youtube.com/watch?v=yVhUj20bdY0,0,0,0,0,
de6ab52e6aca42d2ab88274244e772fc,750,24119,0,0,0,,0,0,0,,0,0,0,,0,0,0,0,
d695f574875549f28432ee0a9bbf6235,748,8495,8,2,13,https://www.youtube.com/watch?v=RGh53pXvamA,0,0,0,,8,2,13,https://www.youtube.com/watch?v=RGh53pXvamA,421,34,20,39,https://www.twitch.tv/videos/2223968914
e3451dd6f3c0444c888eb6f67704613a,748,20892,145,57,724,https://www.youtube.com/watch?v=9dZm80IwgmY,145,57,724,https://www.youtube.com/watch?v=9dZm80IwgmY,0,0,0,,0,0,0,0,
b322780e7b80404193373149bfa8e86d,745,9215,171,115,349,https://www.youtube.com/watch?v=9HN6nzig00s,171,115,349,https://www.youtube.com/watch?v=9HN6nzig00s,0,0,0,,0,0,0,0,
4caaacdde06c4a0a9662e0d1e07114e0,745,11601,93,62,304,https://www.youtube.com/watch?v=-dqEKiJpUiw,93,62,304,https://www.youtube.com/watch?v=-dqEKiJpUiw,0,0,0,,0,0,0,0,
a22035a68721415e830d1d7b8ffd172d,744,8340,124,15,440,https://www.youtube.com/watch?v=IdyEaF3VHx8,88,12,202,https://www.youtube.com/watch?v=ssVUDREjGp8,282,109,440,https://www.youtube.com/watch?v=IdyEaF3VHx8,1814,0,0,0,
183c98a5b67141469d956ff89efe35ec,742,12275,0,0,0,,0,0,0,,0,0,0,,0,0,0,0,
c747687c19704747b4cae2d4d5715aa0,740,10862,0,0,0,,0,0,0,,0,0,0,,3869,233,144,302,https://www.twitch.tv/videos/2226395718
96f73c5682e942ef888a3313031c7f58,739,11328,0,0,0,,0,0,0,,0,0,0,,0,0,0,0,
15bc73fc2acf4a7695bab31fdea450f0,739,21354,36,35,220,https://www.youtube.com/watch?v=8MwhH9WH0DQ,128,124,220,https://www.youtube.com/watch?v=8MwhH9WH0DQ,25,24,25,https://www.youtube.com/watch?v=i6s-0cQAFQo,0,0,0,0,
0a55a882e4ae4a1e9c1e77ea001aa91b,739,50392,409,18,409,https://www.youtube.com/watch?v=eJUXy27kI8s,0,0,0,,409,18,409,https://www.youtube.com/watch?v=eJUXy27kI8s,1248,82,60,105,https://www.twitch.tv/videos/2221436169
eef7776c596141afb7efb9c1790bcb64,738,32706,0,0,0,,0,0,0,,0,0,0,,1529,276,205,882,https://www.twitch.tv/videos/2228224182
d2c5b1c430fa45c8b9be0b8be65d8a6b,736,7967,48,8,51,https://www.youtube.com/watch?v=90naT5fmWdM,49,13,51,https://www.youtube.com/watch?v=90naT5fmWdM,37,2,37,https://www.youtube.com/watch?v=CUIHOvilvJM,299,27,20,33,https://www.twitch.tv/videos/2222364293
d573ba517ed043a780491c40a7aaa22e,736,0,0,0,0,,0,0,0,,0,0,0,,0,0,0,0,
b0b9e352f71d4a03ace9972ddec4ec56,736,19770,133,63,242,https://www.youtube.com/watch?v=w5Obt_hQSNU,133,63,242,https://www.youtube.com/watch?v=w5Obt_hQSNU,0,0,0,,0,0,0,0,
970ee869c72747eeb83f71f3c533fab3,734,18970,0,0,0,,0,0,0,,0,0,0,,1579,0,0,0,
a2ee4a74f9ca40f5b6218de51736b9c8,732,36971,37,14,40,https://www.youtube.com/watch?v=9fjfR5ARAGg,37,14,40,https://www.youtube.com/watch?v=9fjfR5ARAGg,0,0,0,,0,0,0,0,
ab7fb3b59bef4d869388be703ffa8c01,732,11928,0,0,0,,0,0,0,,0,0,0,,0,0,0,0,
2ea398a50afd48c3a9e3a819186a4375,732,14118,136,61,216,https://www.youtube.com/watch?v=wVuds8mRvlw,136,61,216,https://www.youtube.com/watch?v=wVuds8mRvlw,0,0,0,,115,0,0,0,
0a000a22ebd84abf860bcd5ef0a5ed60,731,21734,48,17,174,https://www.youtube.com/watch?v=j9fW8r5kRsY,0,0,0,,48,17,174,https://www.youtube.com/watch?v=j9fW8r5kRsY,1652,0,0,0,
50a1d5a17d2a40d2b7388173c9bf925d,730,52782,0,0,0,,0,0,0,,0,0,0,,0,0,0,0,
6c3a22611ac24eb19cec3bd7c78a8705,726,180225,121,60,233,https://www.youtube.com/watch?v=IpMXZ2UcuUU,121,60,233,https://www.youtube.com/watch?v=IpMXZ2UcuUU,0,0,0,,0,0,0,0,
6c3eeb48b7764f11804ff8110d5d990b,724,66699,61,29,91,https://www.youtube.com/watch?v=_2ccaN158uI,61,29,91,https://www.youtube.com/watch?v=_2ccaN158uI,0,0,0,,0,0,0,0,
32a5b834b2bf4912bcd54ac00ae13285,722,2011,0,0,0,,0,0,0,,0,0,0,,1621,257,197,257,https://www.twitch.tv/videos/2223997097
f232bcca5fe54991838fd1e2551b3527,721,323,0,0,0,,0,0,0,,0,0,0,,0,0,0,0,
08268c9de16e423381e351aeef8f7ffb,717,18078,88,52,88,https://www.youtube.com/watch?v=IH4zl1qmF0c,88,52,88,https://www.youtube.com/watch?v=IH4zl1qmF0c,0,0,0,,0,0,0,0,
e83a22c584774763a3b91d557141604d,717,5617,7,5,31,https://www.youtube.com/watch?v=3vCkGa9KMm0,13,9,13,https://www.youtube.com/watch?v=u3rXC0EkxoM,6,4,31,https://www.youtube.com/watch?v=3vCkGa9KMm0,1694,771,432,873,https://www.twitch.tv/videos/2222097627
5f413dce55614542940c58900ef1c82c,717,14213,128,89,130,https://www.youtube.com/watch?v=x3Lyv4plPfM,129,104,130,https://www.youtube.com/watch?v=x3Lyv4plPfM,54,9,54,https://www.youtube.com/watch?v=_DUcV_Egm2o,693,56,47,56,https://www.twitch.tv/videos/2225900715
7af8f321e84542dc9ccda160152fbf0b,716,40659,89,40,305,https://www.youtube.com/watch?v=I3MLeydGPdw,112,40,305,https://www.youtube.com/watch?v=I3MLeydGPdw,59,30,66,https://www.youtube.com/watch?v=9y0fFiATEaM,0,0,0,0,
0528d5a963af400884b2db8484a0d152,712,11088,0,0,0,,0,0,0,,0,0,0,,406,53,36,142,https://www.twitch.tv/videos/2220561472
3034b51ec8ad439fa7033773a72a5c4a,711,12530,7,4,19,https://www.youtube.com/watch?v=BVdF4uCwTH0,0,0,0,,7,4,19,https://www.youtube.com/watch?v=BVdF4uCwTH0,2888,208,178,305,https://www.twitch.tv/videos/2221381446
7441319fa18e4556a8ee9ef4e6396ee0,711,52272,39,23,148,https://www.youtube.com/watch?v=eMe_0VBlHa8,40,26,148,https://www.youtube.com/watch?v=eMe_0VBlHa8,18,7,19,https://www.youtube.com/watch?v=cenYtm_4vF8,0,0,0,0,
220353f9b2634c84953cc7d243fbc6a0,706,40201,92,41,657,https://www.youtube.com/watch?v=ToEsX9DPWUM,92,41,657,https://www.youtube.com/watch?v=ToEsX9DPWUM,0,0,0,,0,0,0,0,
75e0561f549f4775b90601a9d308340a,705,47679,93,24,330,https://www.youtube.com/watch?v=hHJxqLsYDfc,94,24,330,https://www.youtube.com/watch?v=hHJxqLsYDfc,77,41,77,https://www.youtube.com/watch?v=xqy2txmYRlE,0,0,0,0,
68ded9e397c846acb7b85224713b8b80,704,18285,0,0,0,,0,0,0,,0,0,0,,0,0,0,0,
a76c19e10aa4463f92f0d2e0f30ab84a,703,17851,132,56,569,https://www.youtube.com/watch?v=ILlA2JyuI-w,120,47,355,https://www.youtube.com/watch?v=99wwlLoATA0,235,105,569,https://www.youtube.com/watch?v=ILlA2JyuI-w,0,0,0,0,
e888326df83d41f680960f24bb55c670,702,12947,75,43,208,https://www.youtube.com/watch?v=NPwGxmZLC18,75,43,208,https://www.youtube.com/watch?v=NPwGxmZLC18,0,0,0,,0,0,0,0,
72f9ebd5a53f46199a492667190c0fc4,702,13771,0,0,0,,0,0,0,,0,0,0,,471,23,18,46,https://www.twitch.tv/videos/2225707314
aebb6a94560d43fb9807229237897119,701,11019,0,0,0,,0,0,0,,0,0,0,,2145,133,110,137,https://www.twitch.tv/videos/2224902426
53a39a5e2de449ccb192683b9df38fdf,700,42418,64,33,238,https://www.youtube.com/watch?v=V-HhqnlWQx0,0,0,0,,64,33,238,https://www.youtube.com/watch?v=V-HhqnlWQx0,0,0,0,0,
facccde0b22e4f66bc41f54815fced73,699,25551,170,80,170,https://www.youtube.com/watch?v=O-Z5ycdNbWE,170,80,170,https://www.youtube.com/watch?v=O-Z5ycdNbWE,0,0,0,,0,0,0,0,
e44a37ed06c749da9aeea8e16b309a84,699,28660,0,0,0,,0,0,0,,0,0,0,,28,0,0,0,
6bddfe8d54104f4192c56e4935a871de,698,20641,126,42,470,https://www.youtube.com/watch?v=KV3P9jZ1N-w,122,44,409,https://www.youtube.com/watch?v=kqvo0uIj-oQ,470,28,470,https://www.youtube.com/watch?v=KV3P9jZ1N-w,80,35,30,65,https://www.twitch.tv/videos/2224991674
f5a37da60cb74069a7dc13867404521f,697,42768,496,135,569,https://www.youtube.com/watch?v=yMtCQoPGx4U,0,0,0,,496,135,569,https://www.youtube.com/watch?v=yMtCQoPGx4U,0,0,0,0,
fb23227395a04a26abe441d1ac7978de,695,76023,0,0,0,,0,0,0,,0,0,0,,40,0,0,0,
8c59e356f1564e068e1c81ac7de1a4e3,694,27952,111,39,117,https://www.youtube.com/watch?v=B9lKdg_SvTs,111,39,117,https://www.youtube.com/watch?v=B9lKdg_SvTs,0,0,0,,0,0,0,0,
8a3a04df8f6048d19825cdfef59ecdc1,694,18715,0,0,0,,0,0,0,,0,0,0,,0,0,0,0,
6c5d547cdebf4daf813ac8b66c9fb873,693,13935,0,0,0,,0,0,0,,0,0,0,,0,0,0,0,
5964947a5624455cba648007ec04a0b9,693,12140,178,130,204,https://www.youtube.com/watch?v=xaU5j39rGfM,178,130,204,https://www.youtube.com/watch?v=xaU5j39rGfM,0,0,0,,0,0,0,0,
b93b5ffedc3f4310af888462d65e4082,692,24909,51,24,128,https://www.youtube.com/watch?v=juRkIN_PN1U,51,24,128,https://www.youtube.com/watch?v=juRkIN_PN1U,0,0,0,,132,24,21,49,https://www.twitch.tv/videos/2225938446
179483442df04a16bbcb193ae5356feb,691,8453,0,0,0,,0,0,0,,0,0,0,,0,0,0,0,
94b3f738cde248e3bf6061f1692d6337,691,163532,0,0,0,,0,0,0,,0,0,0,,0,0,0,0,
2047c8ae25624470b90251b1fd9502d5,689,26522,51,3,51,https://www.youtube.com/watch?v=JSWYOy6HWfw,51,3,51,https://www.youtube.com/watch?v=JSWYOy6HWfw,0,0,0,,0,0,0,0,
8bd1aad0ee834101b6042c08495a31be,688,16160,0,0,0,,0,0,0,,0,0,0,,216,19,13,34,https://www.twitch.tv/videos/2218949154
4d4410bdde7d4107809dc6e1e2ce0e0e,686,20701,65,20,67,https://www.youtube.com/watch?v=-LJ1YL4kcnY,66,34,67,https://www.youtube.com/watch?v=-LJ1YL4kcnY,34,20,34,https://www.youtube.com/watch?v=G_l3YgJuuD8,0,0,0,0,
0b8d1c0fa1b14df6821e85def645425e,684,43946,96,49,224,https://www.youtube.com/watch?v=t6ufmVPhHrM,96,49,224,https://www.youtube.com/watch?v=t6ufmVPhHrM,0,0,0,,118,57,40,69,https://www.twitch.tv/videos/2224903837
76f2fa6f1aa44f0a816a01a1b277430a,683,22689,78,18,186,https://www.youtube.com/watch?v=ZW2DSGX5aFg,78,18,186,https://www.youtube.com/watch?v=ZW2DSGX5aFg,0,0,0,,28,0,0,0,
507d48eff3d44b6cba7b707e321e01e7,682,10789,134,43,176,https://www.youtube.com/watch?v=hzA8SsgZGsE,151,57,176,https://www.youtube.com/watch?v=hzA8SsgZGsE,44,26,57,https://www.youtube.com/watch?v=oOaq2AiV5QA,517,65,48,92,https://www.twitch.tv/videos/2222366705
95eabea4e8014fedb5d34ea27137a4ca,682,27258,112,23,242,https://www.youtube.com/watch?v=HxI7d5KWmD4,112,23,242,https://www.youtube.com/watch?v=HxI7d5KWmD4,0,0,0,,0,0,0,0,
209aec95c4ac42339796a28ce4757393,681,6213,0,0,0,,0,0,0,,0,0,0,,0,0,0,0,
263db06cfe814d4397e6fc8bc593e70e,679,41227,0,0,0,,0,0,0,,0,0,0,,0,0,0,0,
20915e6ca29e46589858783bae3a4885,679,19006,102,65,102,https://www.youtube.com/watch?v=jWUEBpkE-Ss,0,0,0,,102,65,102,https://www.youtube.com/watch?v=jWUEBpkE-Ss,0,0,0,0,
cf3f6ac6a22446ce912bbdc59c9f64ae,679,38703,51,2,51,https://www.youtube.com/watch?v=GaWCcGulGHk,51,2,51,https://www.youtube.com/watch?v=GaWCcGulGHk,0,0,0,,352,0,0,0,
b2e19555d1f441a8a0e3f53b6507863e,679,34106,65,23,375,https://www.youtube.com/watch?v=Jng3DCIC6_I,65,23,375,https://www.youtube.com/watch?v=Jng3DCIC6_I,0,0,0,,110,0,0,0,
96ff628d2280470b833174c32200a749,678,16553,83,32,185,https://www.youtube.com/watch?v=HjBcyqaHFNY,106,56,185,https://www.youtube.com/watch?v=HjBcyqaHFNY,34,22,47,https://www.youtube.com/watch?v=XmUlOteoIFM,0,0,0,0,
a0dbf7095446402ea77b11d8cced5a4b,677,16867,134,112,134,https://www.youtube.com/watch?v=j9RlKLXSYRY,134,112,134,https://www.youtube.com/watch?v=j9RlKLXSYRY,0,0,0,,0,0,0,0,
683db9d9b58f4dd883966c82581a7b60,677,21912,63,18,161,https://www.youtube.com/watch?v=5vDy2p6OB2c,63,18,161,https://www.youtube.com/watch?v=5vDy2p6OB2c,0,0,0,,0,0,0,0,
00a208caab334f6daf286ebb92cfd9da,675,10033,59,19,68,https://www.youtube.com/watch?v=F8eck-a5fio,59,19,68,https://www.youtube.com/watch?v=F8eck-a5fio,0,0,0,,337,0,0,0,
45e104a6eabe4967a6cb84e720dd8e74,675,24834,2,0,151,https://www.youtube.com/watch?v=z1T1ypT-cDg,100,28,100,https://www.youtube.com/watch?v=66o-tQeZ6zI,1,0,151,https://www.youtube.com/watch?v=z1T1ypT-cDg,1232,509,344,722,https://www.twitch.tv/videos/2227481255
fcf611e0ddc5474b9836eb8aa2fe1d24,674,50903,8,3,23,https://www.youtube.com/watch?v=6Y7foKJYlsc,0,0,0,,8,3,23,https://www.youtube.com/watch?v=6Y7foKJYlsc,0,0,0,0,
b3fb28fe6a0e4fcfb8014e7a4070ca09,673,39081,136,67,292,https://www.youtube.com/watch?v=akMv4trVIWw,136,67,292,https://www.youtube.com/watch?v=akMv4trVIWw,0,0,0,,0,0,0,0,
1f9790fcccf04b5b871fea65e7f59e30,671,30852,207,112,215,https://www.youtube.com/watch?v=K80WD_pSeCA,0,0,0,,207,112,215,https://www.youtube.com/watch?v=K80WD_pSeCA,0,0,0,0,
a0467c81a3014fbf83029acffe5b1d3f,671,11875,0,0,0,,0,0,0,,0,0,0,,1143,79,45,124,https://www.twitch.tv/videos/2223890438
c3e1a96f96334696af38e93fa8178085,671,40953,3,0,16,https://www.youtube.com/watch?v=1-nybRmWTL8,0,0,0,,3,0,16,https://www.youtube.com/watch?v=1-nybRmWTL8,1059,41,30,62,https://www.twitch.tv/videos/2219905189
521477be11a44c43b063b394757b2342,670,37706,97,31,369,https://www.youtube.com/watch?v=PbeCI5Z9s2w,101,36,369,https://www.youtube.com/watch?v=PbeCI5Z9s2w,24,10,27,https://www.youtube.com/watch?v=IuDXRnzzhxU,0,0,0,0,
9b64082043fc451f9dd5edc793fa8605,669,9331,3,2,6,https://www.youtube.com/watch?v=jdFbz4ol5Is,0,0,0,,3,2,6,https://www.youtube.com/watch?v=jdFbz4ol5Is,917,310,225,333,https://www.twitch.tv/videos/2223693856
bb775b8f85574398af290f5be009d40e,668,1266,0,0,0,,0,0,0,,0,0,0,,0,0,0,0,
80ae039e7c3e4e90b6b3994ead599307,663,34844,57,35,73,https://www.youtube.com/watch?v=wpChykr_Uj4,57,35,73,https://www.youtube.com/watch?v=wpChykr_Uj4,0,0,0,,0,0,0,0,
c344e1ecd1b54dceb0abd98e351177fa,662,16468,0,0,0,,0,0,0,,0,0,0,,0,0,0,0,
e28e3e0d6eeb41fd836c199f4007b4df,661,6046,143,8,143,https://www.youtube.com/watch?v=Tz8AFYQKuhI,0,0,0,,143,8,143,https://www.youtube.com/watch?v=Tz8AFYQKuhI,2755,0,0,0,
89742766181f469b807f397325a2a6bf,661,11394,71,39,305,https://www.youtube.com/watch?v=0W6W3VWiI6s,71,39,305,https://www.youtube.com/watch?v=0W6W3VWiI6s,0,0,0,,312,0,0,0,
4077520d348749e49598cd5fa1058b6a,661,49608,25,17,78,https://www.youtube.com/watch?v=7p21hXGp1hk,25,17,78,https://www.youtube.com/watch?v=7p21hXGp1hk,0,0,0,,212,0,0,0,
b8ccfa7aec6a419ca8ad1a91d9fafdf6,661,0,0,0,0,,0,0,0,,0,0,0,,1951,224,132,758,https://www.twitch.tv/videos/2225061012
f513e865b8aa4afab938316563c4955f,660,29182,0,0,0,,0,0,0,,0,0,0,,456,0,0,0,
1b8f1c5c6e784ef4930d7e0f1dc35e4e,659,0,0,0,0,,0,0,0,,0,0,0,,0,0,0,0,
c7344bac508b46f2a20c4bb6861f33ab,659,4768,0,0,0,,0,0,0,,0,0,0,,0,0,0,0,
aef2ed42d49343f28394b6335695b5ac,659,104644,1,0,5,https://www.youtube.com/watch?v=aPMFMOilDhE,0,0,0,,1,0,5,https://www.youtube.com/watch?v=aPMFMOilDhE,2893,193,145,389,https://www.twitch.tv/videos/2218062489
3bc6afb820df4f59b2c6ff1c25d1eed3,658,80233,96,31,433,https://www.youtube.com/watch?v=3ars43u8Z8U,92,31,180,https://www.youtube.com/watch?v=-J5czmYCvkM,111,30,433,https://www.youtube.com/watch?v=3ars43u8Z8U,0,0,0,0,
5c5880d994854afbbea0a35716bce186,657,14839,48,21,130,https://www.youtube.com/watch?v=o8JLbxYTR7Q,48,21,130,https://www.youtube.com/watch?v=o8JLbxYTR7Q,0,0,0,,1688,0,0,0,
b21dcc4162384eee9edd3ca7251795f2,657,17069,66,31,110,https://www.youtube.com/watch?v=UID26i7iSqI,66,31,110,https://www.youtube.com/watch?v=UID26i7iSqI,0,0,0,,0,0,0,0,
139504fddc7f4168b2852e4ffc685794,656,21740,0,0,0,,0,0,0,,0,0,0,,0,0,0,0,
5f8e197a06bc453e8d9e0a1c6cb92f1c,654,20641,11,6,62,https://www.youtube.com/watch?v=mdqnmjmCjbI,0,0,0,,11,6,62,https://www.youtube.com/watch?v=mdqnmjmCjbI,1428,187,150,439,https://www.twitch.tv/videos/2220678053
f220baaf52864d7eba4b39877bc2afd2,654,11599,0,0,0,,0,0,0,,0,0,0,,1189,0,0,0,
66d986eaa59347b0b18c5ed103cb173e,653,29557,45,30,74,https://www.youtube.com/watch?v=Cfk0VSIw0YE,45,30,74,https://www.youtube.com/watch?v=Cfk0VSIw0YE,0,0,0,,0,0,0,0,
0800162a149e420ea0386c9506e710b7,652,27668,18,2,93,https://www.youtube.com/watch?v=jS-HRG50JU0,0,0,0,,18,2,93,https://www.youtube.com/watch?v=jS-HRG50JU0,0,0,0,0,
d59c12b12b964a498ee7c29574171ade,651,6564,135,29,173,https://www.youtube.com/watch?v=MHmzUQQcDLE,0,0,0,,135,29,173,https://www.youtube.com/watch?v=MHmzUQQcDLE,1134,0,0,0,
e9fa90c6824c47abbfd114e9cd9b4125,651,20344,46,18,123,https://www.youtube.com/watch?v=V6wtwn8BBtk,46,18,123,https://www.youtube.com/watch?v=V6wtwn8BBtk,0,0,0,,0,0,0,0,
00de1290ff0a4edda4db0385a6ba3300,651,19050,0,0,0,,0,0,0,,0,0,0,,1510,0,0,0,
6159040406fc4e6cb73dbf9734717703,650,94493,81,3,2465,https://www.youtube.com/watch?v=cZ4nFnPXJ2A,0,0,0,,81,3,2465,https://www.youtube.com/watch?v=cZ4nFnPXJ2A,2131,180,29,246,https://www.twitch.tv/videos/2227394952
f5260b1a196a43f8b4aff1cc742a67f4,646,5151,0,0,0,,0,0,0,,0,0,0,,0,0,0,0,
f7c5ff874d1d4528a36c0a54d27017a3,645,47865,36,14,88,https://www.youtube.com/watch?v=LIyhB-421TQ,36,14,88,https://www.youtube.com/watch?v=LIyhB-421TQ,0,0,0,,0,0,0,0,
2971554445614cfaaccddd9cde93c599,645,19147,565,266,565,https://www.youtube.com/watch?v=jqqFRuWJkHk,0,0,0,,565,266,565,https://www.youtube.com/watch?v=jqqFRuWJkHk,752,142,96,234,https://www.twitch.tv/videos/2227475023
8968a24fb6bf4f08b1611e694c98eb40,645,30411,81,36,609,https://www.youtube.com/watch?v=6qmdj_DbUHA,81,36,131,https://www.youtube.com/watch?v=ihDmXwRNSN0,302,17,609,https://www.youtube.com/watch?v=6qmdj_DbUHA,0,0,0,0,
169c2f21a36649dea2b55c105fd6f337,644,29501,88,35,126,https://www.youtube.com/watch?v=cX6RtKbCVBA,88,35,126,https://www.youtube.com/watch?v=cX6RtKbCVBA,0,0,0,,265,0,0,0,
8e858eb26f3b4ca2beab2baccc887893,643,13509,0,0,0,,0,0,0,,0,0,0,,1981,102,72,106,https://www.twitch.tv/videos/2224027603
b9b727200b664a98bc1a8fd76d3cdb9c,643,13139,103,43,224,https://www.youtube.com/watch?v=mRYBwNikAI4,103,43,224,https://www.youtube.com/watch?v=mRYBwNikAI4,0,0,0,,0,0,0,0,
a64ba9e0b7dd4de58ffbdf9ca043a90b,642,20432,109,58,743,https://www.youtube.com/watch?v=4YqOQonY_wg,109,50,179,https://www.youtube.com/watch?v=IHMgbvss00Y,417,133,743,https://www.youtube.com/watch?v=4YqOQonY_wg,0,0,0,0,
7342482fda6d40f98e078505a24825d4,641,31673,156,75,196,https://www.youtube.com/watch?v=rWYtnLgtnkY,156,75,196,https://www.youtube.com/watch?v=rWYtnLgtnkY,0,0,0,,0,0,0,0,
becdcbab308f4fa18540982596eebbd5,639,5535,0,0,0,,0,0,0,,0,0,0,,5853,332,244,541,https://www.twitch.tv/videos/2227444539
f36c774fbf4847e1afdf66a1e4806ea3,639,9814,0,0,0,,0,0,0,,0,0,0,,1447,379,304,544,https://www.twitch.tv/videos/2220710726
62b7ee328a7b42b0a1da0ab3bc22d1db,639,38958,75,30,432,https://www.youtube.com/watch?v=8e1qgw-ZUkQ,75,30,253,https://www.youtube.com/watch?v=GiM-8U1jf2c,432,44,432,https://www.youtube.com/watch?v=8e1qgw-ZUkQ,828,59,44,142,https://www.twitch.tv/videos/2219841738
cf38ee666e104dce949c195f5ac58da2,638,185145,102,79,528,https://www.youtube.com/watch?v=uofD0LBe5PA,75,10,138,https://www.youtube.com/watch?v=wUt_Y6L6qd8,464,230,528,https://www.youtube.com/watch?v=uofD0LBe5PA,0,0,0,0,
960c19dbf65f4b7fa27439d1ede2af21,636,22386,0,0,0,,0,0,0,,0,0,0,,0,0,0,0,
7caa52181a744f68be9e3995c7adec24,635,4008,254,59,1203,https://www.youtube.com/watch?v=lC51Tx1k3x8,0,0,0,,254,59,1203,https://www.youtube.com/watch?v=lC51Tx1k3x8,0,0,0,0,
3e079110e939428085c1f1040ec756f9,634,8279,0,0,0,,0,0,0,,0,0,0,,0,0,0,0,
75efe1c591fa4cba93c4938c58cfed27,634,0,0,0,0,,0,0,0,,0,0,0,,0,0,0,0,
9b424d3a99ef4fc3b17bc7fef92fefd3,634,2138,52,28,118,https://www.youtube.com/watch?v=vsSXMG7zi5s,52,28,118,https://www.youtube.com/watch?v=vsSXMG7zi5s,0,0,0,,352,0,0,0,
d3a8aafb4fdf4bbe9e6205126d717631,632,25062,0,0,0,,0,0,0,,0,0,0,,0,0,0,0,
dec8ff1f1ef243ccb8fa65edb7a813bd,631,7743,108,71,120,https://www.youtube.com/watch?v=uD_lBec7UHo,108,71,120,https://www.youtube.com/watch?v=uD_lBec7UHo,0,0,0,,337,0,0,0,
15ec206bfc374aaaa594bc12e9887a69,630,6461,0,0,0,,0,0,0,,0,0,0,,1110,449,288,621,https://www.twitch.tv/videos/2220945923
677a773535814b5fa2d557da2f80bb89,629,14648,16,11,16,https://www.youtube.com/watch?v=R1xEnFM0poo,16,11,16,https://www.youtube.com/watch?v=R1xEnFM0poo,0,0,0,,407,0,0,0,
bf195265fa5944d894dc53baf7143645,628,2859,50,7,50,https://www.youtube.com/watch?v=Etdg4j1RRcI,50,7,50,https://www.youtube.com/watch?v=Etdg4j1RRcI,0,0,0,,0,0,0,0,
a1d00cd951ed45afb01e1668dfae6592,627,7865,0,0,0,,0,0,0,,0,0,0,,0,0,0,0,
e63047f70b0b4a7eba70e7d8cbd507ec,626,23889,60,57,534,https://www.youtube.com/watch?v=x2WieHFgCm4,60,57,60,https://www.youtube.com/watch?v=6ehV7Eve30s,282,234,534,https://www.youtube.com/watch?v=x2WieHFgCm4,0,0,0,0,
f99429e8c2324c5db10f11c3a2c51b5d,626,4487,364,215,1528,https://www.youtube.com/watch?v=CoI4zhYYjOA,0,0,0,,364,215,1528,https://www.youtube.com/watch?v=CoI4zhYYjOA,0,0,0,0,
e4a78a4115b7463eb3e42f1cbbd59aa0,625,34837,0,0,0,,0,0,0,,0,0,0,,0,0,0,0,
490d50310ffe4de4aac9c6368b49a0aa,625,14724,28,10,320,https://www.youtube.com/watch?v=VB3OdLBtwqc,70,11,70,https://www.youtube.com/watch?v=v7--VlXlFlc,26,9,320,https://www.youtube.com/watch?v=VB3OdLBtwqc,0,0,0,0,
19cd90980abe4f038f8f226f4f1bcabb,624,22753,0,0,0,,0,0,0,,0,0,0,,312,0,0,0,
d7b96c6024ce479f9b8f8c0a5439c9af,622,9425,22,12,22,https://www.youtube.com/watch?v=8O334Zwob_8,0,0,0,,22,12,22,https://www.youtube.com/watch?v=8O334Zwob_8,1841,165,88,165,https://www.twitch.tv/videos/2218087521
8729a18bfb7848d880a59da20b281640,622,0,0,0,0,,0,0,0,,0,0,0,,576,0,0,0,
76fa8c4a5bbd4076add6ce8fcb185930,621,5868,0,0,0,,0,0,0,,0,0,0,,0,0,0,0,
e55e67f2f7f64a6da7ae604df1652f5e,621,222680,21,7,29,https://www.youtube.com/watch?v=Lelhz41F7J0,0,0,0,,21,7,29,https://www.youtube.com/watch?v=Lelhz41F7J0,0,0,0,0,
8881d23b0a3c426590c8a2509e363ec1,619,80126,41,27,276,https://www.youtube.com/watch?v=M0d3izHSBZ4,42,37,64,https://www.youtube.com/watch?v=YXr_500_Iq0,16,5,276,https://www.youtube.com/watch?v=M0d3izHSBZ4,1370,122,114,268,https://www.twitch.tv/videos/2224921851
e07cd7e29645414481d441fcfd4fd456,618,24802,19,8,78,https://www.youtube.com/watch?v=OEwuqOtpvvw,0,0,0,,19,8,78,https://www.youtube.com/watch?v=OEwuqOtpvvw,0,0,0,0,
0f11420beab0442eae0208ac63d4474c,617,9857,0,0,0,,0,0,0,,0,0,0,,0,0,0,0,
31c7fada1ab24cbd83ab4ae698955a29,616,35453,83,22,104,https://www.youtube.com/watch?v=_yWQ6mR4jwQ,83,22,104,https://www.youtube.com/watch?v=_yWQ6mR4jwQ,0,0,0,,0,0,0,0,
d15b3fadead04e7399faaeb47fdf37f9,616,24365,0,0,0,,0,0,0,,0,0,0,,0,0,0,0,
968f0b8c521942d6939234c70f49747a,616,9836,0,0,0,,0,0,0,,0,0,0,,1675,0,0,0,
a59b5e9b4b3f423faa754bb0c1c5e9f7,614,19400,0,0,0,,0,0,0,,0,0,0,,12,0,0,0,
4bdf9ee9f53f4785b37a9d9dbd2a0da8,614,23736,83,48,194,https://www.youtube.com/watch?v=iOJmq_8p9mU,90,53,194,https://www.youtube.com/watch?v=iOJmq_8p9mU,55,22,62,https://www.youtube.com/watch?v=XRwY8nmoTYs,0,0,0,0,
7342e2aefa41449880565dfd15a35cad,614,17622,96,61,119,https://www.youtube.com/watch?v=QXBCLeK6P-E,96,61,119,https://www.youtube.com/watch?v=QXBCLeK6P-E,0,0,0,,0,0,0,0,
c6286d22a9344325bb1609918d442b93,613,35248,71,19,71,https://www.youtube.com/watch?v=mqUKAmZWp4Q,71,19,71,https://www.youtube.com/watch?v=mqUKAmZWp4Q,0,0,0,,66,0,0,0,
83ec4919298a4ad5984e3da31109a4c8,611,7076,0,0,0,,0,0,0,,0,0,0,,5476,1114,373,1642,https://www.twitch.tv/videos/2222346839
19ccc34670ad4ea6b4d8bc5aaafdf876,608,12533,0,0,0,,0,0,0,,0,0,0,,0,0,0,0,
0737e12eaffb420ca4a5b43b0786e69a,608,21669,94,32,94,https://www.youtube.com/watch?v=2DSndJ2gD6A,94,32,94,https://www.youtube.com/watch?v=2DSndJ2gD6A,0,0,0,,0,0,0,0,
7531ceacd52e43b4a29ba4dc18a3f56c,607,21764,0,0,0,,0,0,0,,0,0,0,,1619,487,254,774,https://www.twitch.tv/videos/2222185442
f94ba8ea1a5441c4852d53e8f528ee20,606,10845,261,100,426,https://www.youtube.com/watch?v=xbPW_wd5CMU,265,100,426,https://www.youtube.com/watch?v=xbPW_wd5CMU,134,103,157,https://www.youtube.com/watch?v=w7Ji6TRz__I,350,254,34,391,https://www.twitch.tv/videos/2213761041
a2f9fd3568f3467aa35e411dbde1ab45,605,22844,39,12,39,https://www.youtube.com/watch?v=l-PMebRULTY,0,0,0,,39,12,39,https://www.youtube.com/watch?v=l-PMebRULTY,0,0,0,0,
3f387cab9bb0470aaf322bce5f436f18,604,19314,65,24,387,https://www.youtube.com/watch?v=EWWcdDsSOno,59,24,135,https://www.youtube.com/watch?v=scJiz65-28Y,387,121,387,https://www.youtube.com/watch?v=EWWcdDsSOno,0,0,0,0,
e18809f0a5d8461e81607dc3b3d492c5,601,7808,0,0,0,,0,0,0,,0,0,0,,0,0,0,0,
22d30950218c4df4adf0488b412f56b9,600,12107,129,65,223,https://www.youtube.com/watch?v=ztMUHjCiOcs,129,65,223,https://www.youtube.com/watch?v=ztMUHjCiOcs,0,0,0,,0,0,0,0,
26eba1f0fabf425aa5769e01e855ea28,599,34986,83,52,124,https://www.youtube.com/watch?v=RaR2cmQWCSY,83,52,124,https://www.youtube.com/watch?v=RaR2cmQWCSY,0,0,0,,0,0,0,0,
e6289383cf754a77bfae7574b4e198e0,597,1739,0,0,0,,0,0,0,,0,0,0,,0,0,0,0,
e50da8792cd94b009eaa8dd4be738d59,597,1751,0,0,0,,0,0,0,,0,0,0,,911,321,211,366,https://www.twitch.tv/videos/2226694503
3daee44c0bab401386813cff327a10a2,597,59491,25,0,42,https://www.youtube.com/watch?v=rC5GrGtMh-4,0,0,0,,25,0,42,https://www.youtube.com/watch?v=rC5GrGtMh-4,0,0,0,0,
df6e2520044744f0957a83db74b386bb,597,15320,0,0,0,,0,0,0,,0,0,0,,0,0,0,0,
61c75f9fbf044b54872197eec7c9bafa,596,159777,276,74,1029,https://www.youtube.com/watch?v=1jYFIBzULgE,117,57,171,https://www.youtube.com/watch?v=3jY3HpQpNOo,715,369,1029,https://www.youtube.com/watch?v=1jYFIBzULgE,0,0,0,0,
cd90274cae394fa7be47a5535b563882,593,0,0,0,0,,0,0,0,,0,0,0,,0,0,0,0,
41cb0d8b18a94a06ba490858e66e9991,593,9169,0,0,0,,0,0,0,,0,0,0,,818,0,0,0,
8460a099a32044a5aa602f780dec94f2,591,16866,156,49,701,https://www.youtube.com/watch?v=b1EsBLx9mg0,131,62,459,https://www.youtube.com/watch?v=Pil8D-_DzQ8,157,41,701,https://www.youtube.com/watch?v=b1EsBLx9mg0,8,0,0,0,
dbe3f9880dec4a03bcc1943343455a6c,591,23306,46,42,127,https://www.youtube.com/watch?v=HXvkdYfF0d0,0,0,0,,46,42,127,https://www.youtube.com/watch?v=HXvkdYfF0d0,0,0,0,0,
faa4994019724702a9da315a8c3641bc,591,8039,243,77,357,https://www.youtube.com/watch?v=I7D7pezb7_k,243,77,357,https://www.youtube.com/watch?v=I7D7pezb7_k,0,0,0,,0,0,0,0,
608b617ad99c4f18b97d10560e254b4b,590,11302,121,46,286,https://www.youtube.com/watch?v=OLrVhsWWl-0,121,46,286,https://www.youtube.com/watch?v=OLrVhsWWl-0,0,0,0,,0,0,0,0,
5e931b583dfe4fdc98d10e4dceaf2c93,590,21183,3,2,114,https://www.youtube.com/watch?v=MNklmkxHgmk,0,0,0,,3,2,114,https://www.youtube.com/watch?v=MNklmkxHgmk,1214,431,239,782,https://www.twitch.tv/videos/2217984413
3a932cc8813343b6bb5d822cb2f53558,588,23397,20,8,414,https://www.youtube.com/watch?v=qISgfPZgfAY,0,0,0,,20,8,414,https://www.youtube.com/watch?v=qISgfPZgfAY,2853,336,201,494,https://www.twitch.tv/videos/2216229092
adb7f358e8134f30ac0919a74c9d171b,587,12261,0,0,0,,0,0,0,,0,0,0,,1738,2957,2370,29302,https://www.twitch.tv/videos/2220679244
bee7e3be201d4df089b9d73d384b75c5,586,850,0,0,0,,0,0,0,,0,0,0,,0,0,0,0,
9760ffdb528f40a7bd010589f2ce06c4,586,26043,10,3,41,https://www.youtube.com/watch?v=KEtbNe4FnQg,0,0,0,,10,3,41,https://www.youtube.com/watch?v=KEtbNe4FnQg,691,228,138,327,https://www.twitch.tv/videos/2219661755
3f74c9c84fac427ea0e3d147c6027e82,586,10109,15,6,53,https://www.youtube.com/watch?v=2sR8cIMeXzk,0,0,0,,15,6,53,https://www.youtube.com/watch?v=2sR8cIMeXzk,0,0,0,0,
1551bebc6c26453e9893f342c68002bd,585,7869,148,76,897,https://www.youtube.com/watch?v=Vd0iH65jPas,148,76,897,https://www.youtube.com/watch?v=Vd0iH65jPas,0,0,0,,88,84,74,179,https://www.twitch.tv/videos/2228200289
2913f17e61014f7691e016fae8468404,584,19873,175,51,272,https://www.youtube.com/watch?v=elhFRrSXV_I,87,59,264,https://www.youtube.com/watch?v=Gj5OcmnlNPo,272,10,272,https://www.youtube.com/watch?v=elhFRrSXV_I,200,50,28,81,https://www.twitch.tv/videos/2218023606
3e4c23394dde46f58f89cba536b208d5,584,14505,127,52,235,https://www.youtube.com/watch?v=ooDszrXW8wA,127,52,235,https://www.youtube.com/watch?v=ooDszrXW8wA,0,0,0,,0,0,0,0,
fc6a8de6e0e14e05a11b1d35dfce1d71,583,29798,57,13,89,https://www.youtube.com/watch?v=juvqvzbtcbo,62,17,89,https://www.youtube.com/watch?v=juvqvzbtcbo,53,0,53,https://www.youtube.com/watch?v=aALGY4QRwfQ,0,0,0,0,
3c25eacbe340484cb36fc0920546d756,582,3566,0,0,0,,0,0,0,,0,0,0,,173,0,0,0,
948c874aac8c4c7fa088b380e79b2154,579,17513,0,0,0,,0,0,0,,0,0,0,,0,0,0,0,
31073a45106c442cbe11fd4368e162fe,579,14175,0,0,0,,0,0,0,,0,0,0,,2111,209,70,1087,https://www.twitch.tv/videos/2211093515
66345fc8147b45e99d6eba1b0df6ba7c,578,27326,40,18,48,https://www.youtube.com/watch?v=OlyZhrSDFUw,37,16,42,https://www.youtube.com/watch?v=jQhZVr0ZzoE,48,22,48,https://www.youtube.com/watch?v=OlyZhrSDFUw,0,0,0,0,
c4ad3b6c4fe94f9a8142895fd869dfb9,577,4081,0,0,0,,0,0,0,,0,0,0,,1553,0,0,0,
05434bb7cec84c04baa9a81aaf7373d0,575,17578,22,9,345,https://www.youtube.com/watch?v=hFUdfWCQI9A,0,0,0,,22,9,345,https://www.youtube.com/watch?v=hFUdfWCQI9A,0,0,0,0,
00d9cb7b0bcd451999f4fd33dd84be6c,573,47895,59,28,1846,https://www.youtube.com/watch?v=Cw1-Pq2l7K8,55,22,194,https://www.youtube.com/watch?v=mlLMUcwgtxM,106,49,1846,https://www.youtube.com/watch?v=Cw1-Pq2l7K8,3283,349,257,471,https://www.twitch.tv/videos/2229243436
d035333252764e9e8376858cde0b3bca,573,26791,23,14,43,https://www.youtube.com/watch?v=giuuKofD_uY,0,0,0,,23,14,43,https://www.youtube.com/watch?v=giuuKofD_uY,680,39,24,48,https://www.twitch.tv/videos/2218087427
82d775c8bb1740c0a6db1037d3bf5fe0,569,13556,0,0,0,,0,0,0,,0,0,0,,0,0,0,0,
f5493e350f514aae860e4fbc529adf4c,569,2989,0,0,0,,0,0,0,,0,0,0,,0,0,0,0,
d50700c1329b485f8ba3831dfad094be,567,20694,0,0,0,,0,0,0,,0,0,0,,63,0,0,0,
defbc693cb874182807b768593439616,567,17616,0,0,0,,0,0,0,,0,0,0,,1414,351,210,660,https://www.twitch.tv/videos/2221465518
bee9506c5d714205bfc69573280852c2,566,30870,0,0,0,,0,0,0,,0,0,0,,1917,166,131,197,https://www.twitch.tv/videos/2223816990
1225d23bc1814140bc0093c1407f06b3,566,12658,87,15,93,https://www.youtube.com/watch?v=r_3BEzhuhFc,87,15,93,https://www.youtube.com/watch?v=r_3BEzhuhFc,0,0,0,,44,0,0,0,
2dc0dcb6a02e41b1b37c55639a898a68,565,25417,52,23,60,https://www.youtube.com/watch?v=dBfcwX1vIgY,52,23,60,https://www.youtube.com/watch?v=dBfcwX1vIgY,0,0,0,,0,0,0,0,
339b1998ac594ab2b45bedc3038d6cf0,564,2228,0,0,0,,0,0,0,,0,0,0,,620,124,93,171,https://www.twitch.tv/videos/2224045317
684b648e422749e28b15aa79e69b89ad,564,24914,0,0,0,,0,0,0,,0,0,0,,0,0,0,0,
71cb4ba2455f4b7ca91945b5104d5686,563,20888,0,0,0,,0,0,0,,0,0,0,,0,0,0,0,
483a76d7ad1d464aa290606959ddddec,563,24576,173,51,338,https://www.youtube.com/watch?v=fUovTTticto,188,68,338,https://www.youtube.com/watch?v=fUovTTticto,69,26,93,https://www.youtube.com/watch?v=R1ov5QKVXRk,280,254,213,396,https://www.twitch.tv/videos/2220572805
9870111c23124c19a12de7bbdeb8abc1,557,8277,37,21,39,https://www.youtube.com/watch?v=szlVJCA6Z_g,37,21,39,https://www.youtube.com/watch?v=szlVJCA6Z_g,0,0,0,,0,0,0,0,
99f95450781349058c1c4098d6fe9f41,557,13532,259,132,744,https://www.youtube.com/watch?v=-XJKSjtcjG8,253,109,567,https://www.youtube.com/watch?v=vQMYya_oGjU,744,646,744,https://www.youtube.com/watch?v=-XJKSjtcjG8,0,0,0,0,
fad52a34935b402a819aa4bb504453da,557,23268,74,39,118,https://www.youtube.com/watch?v=y1_w5CkHqDE,74,39,118,https://www.youtube.com/watch?v=y1_w5CkHqDE,0,0,0,,0,0,0,0,
921b0b3a8dd64a5494720801af95ba06,557,9998,122,50,223,https://www.youtube.com/watch?v=O5Z8MJHbXsQ,122,54,223,https://www.youtube.com/watch?v=O5Z8MJHbXsQ,142,24,142,https://www.youtube.com/watch?v=s6PRnm_ipHQ,0,0,0,0,
bd16ea1e11d9475eb53a108ba90ea6a3,553,42920,64,30,169,https://www.youtube.com/watch?v=owPe0okuqLc,65,31,169,https://www.youtube.com/watch?v=owPe0okuqLc,17,8,17,https://www.youtube.com/watch?v=S2A0pnIoP2A,0,0,0,0,
aba9c942b0d2418b8db52e37fcd54dea,552,13070,0,0,0,,0,0,0,,0,0,0,,0,0,0,0,
318268a48a3c47b7a56609c204d02b03,551,2688,0,0,0,,0,0,0,,0,0,0,,0,0,0,0,
a00240316f524d218d889d00a8b42721,551,48623,109,54,131,https://www.youtube.com/watch?v=DPcTuBkX7Ts,109,54,131,https://www.youtube.com/watch?v=DPcTuBkX7Ts,0,0,0,,0,0,0,0,
14d68e1fc65f4206b0c45d65970c0215,551,30840,44,10,173,https://www.youtube.com/watch?v=SazT_3YvADI,49,12,173,https://www.youtube.com/watch?v=SazT_3YvADI,17,2,17,https://www.youtube.com/watch?v=YFWrQ3ihVak,0,0,0,0,
f1af649939f441ef83a72bac4dc974e3,550,16662,0,0,0,,0,0,0,,0,0,0,,0,0,0,0,
8f4142c5ead94656b4744b425d800fb8,548,63923,94,50,195,https://www.youtube.com/watch?v=PuvpHaq6mm4,94,50,195,https://www.youtube.com/watch?v=PuvpHaq6mm4,0,0,0,,0,0,0,0,
5cfc673e9de1433096a85e9236895c79,547,15436,0,0,0,,0,0,0,,0,0,0,,0,0,0,0,
ca8d038d311e4cccb2deded15cee89cd,545,25138,53,29,233,https://www.youtube.com/watch?v=TmylvSMB5X8,53,31,233,https://www.youtube.com/watch?v=TmylvSMB5X8,26,20,34,https://www.youtube.com/watch?v=MpJrccIJEx4,99,29,25,39,https://www.twitch.tv/videos/2225716531
6c2b07e387644ff1898d8c536747dcb0,542,9861,171,126,196,https://www.youtube.com/watch?v=VjTONwE7t9g,171,126,196,https://www.youtube.com/watch?v=VjTONwE7t9g,0,0,0,,142,0,0,0,
0b0f8cd64c904508910707412b2c307f,541,9984,120,54,1467,https://www.youtube.com/watch?v=j6x4scRr_r8,116,45,197,https://www.youtube.com/watch?v=PDCTdjwsMhw,574,384,1467,https://www.youtube.com/watch?v=j6x4scRr_r8,0,0,0,0,
5f6dcf3b9b71405498aa07a2b80cb5ec,541,68109,21,11,30,https://www.youtube.com/watch?v=LfX_k8bxmPk,0,0,0,,21,11,30,https://www.youtube.com/watch?v=LfX_k8bxmPk,703,141,113,219,https://www.twitch.tv/videos/2221539028
0490d9546bce4068a0f52b39046bdf91,540,3754,0,0,0,,0,0,0,,0,0,0,,812,0,0,0,
5bbd1c2531594775a4b74928e630dd59,536,38345,0,0,0,,0,0,0,,0,0,0,,2806,223,156,380,https://www.twitch.tv/videos/2222275893
acc6cc72bdb74a74a719cc41baf0aade,536,12007,92,50,177,https://www.youtube.com/watch?v=OSLnauJXAdw,92,50,177,https://www.youtube.com/watch?v=OSLnauJXAdw,0,0,0,,0,0,0,0,
eb4cd9453fb04a3ea056ec068b02348f,534,58835,0,0,0,,0,0,0,,0,0,0,,150,30,20,40,https://www.twitch.tv/videos/2219810800
ffdc53dc3c764656a2f76031ee262b60,532,7106,87,77,87,https://www.youtube.com/watch?v=MRsUQZId_6Q,0,0,0,,87,77,87,https://www.youtube.com/watch?v=MRsUQZId_6Q,249,62,53,62,https://www.twitch.tv/videos/2226531570
2c83b5b4c0644e9d94c4221ba9543cc5,532,9486,0,0,0,,0,0,0,,0,0,0,,246,0,0,0,
d9cc0ae8d8d74a9092b760cceb412f56,532,7908,0,0,0,,0,0,0,,0,0,0,,0,0,0,0,
40fd0ce414e8465880489531775662e7,532,18500,132,88,607,https://www.youtube.com/watch?v=7oNw9mq7fiE,105,46,382,https://www.youtube.com/watch?v=kqwPJGTxZUA,414,169,607,https://www.youtube.com/watch?v=7oNw9mq7fiE,0,0,0,0,
0a067d81cfe24b39b770b67ad89b61a7,531,0,0,0,0,,0,0,0,,0,0,0,,0,0,0,0,
1760601b33854f2ab58b6217bd2cfedf,529,31391,39,15,82,https://www.youtube.com/watch?v=usayMtc7_Bg,39,15,82,https://www.youtube.com/watch?v=usayMtc7_Bg,0,0,0,,0,0,0,0,
7ca610bac41843a28abba9e947aa9ded,529,27150,500,413,500,https://www.youtube.com/watch?v=qcjitM4lOfg,0,0,0,,500,413,500,https://www.youtube.com/watch?v=qcjitM4lOfg,2412,306,221,773,https://www.twitch.tv/videos/2226578640
182c265206924dccb716fc21b37486b0,528,8745,0,0,0,,0,0,0,,0,0,0,,0,0,0,0,
0c3b5ae85d2940b8b73a92d72dc0d313,528,10596,55,15,231,https://www.youtube.com/watch?v=K1Ut-3Qvue0,65,33,231,https://www.youtube.com/watch?v=K1Ut-3Qvue0,15,6,51,https://www.youtube.com/watch?v=g4W1uATFFK8,320,183,149,226,https://www.twitch.tv/videos/2220699667
837cc45c90974caa9f07699c3899fa7b,527,23110,55,18,476,https://www.youtube.com/watch?v=6QnQHI8auHI,60,31,244,https://www.youtube.com/watch?v=fB3cyp4azgQ,25,11,476,https://www.youtube.com/watch?v=6QnQHI8auHI,308,40,32,78,https://www.twitch.tv/videos/2225704701
7dc8617f6004470c8a65a67a9abdf661,527,15417,51,7,80,https://www.youtube.com/watch?v=ODeIS3uuFxM,51,7,80,https://www.youtube.com/watch?v=ODeIS3uuFxM,0,0,0,,218,0,0,0,
b16b9643e24d404a8de6d66551451b85,524,2471,0,0,0,,0,0,0,,0,0,0,,2633,566,472,1920,https://www.twitch.tv/videos/2226165680
7003e3e3a24244ffb5ebfbbdc20c97f8,523,11185,46,20,129,https://www.youtube.com/watch?v=eNpRTBDGGRo,46,20,129,https://www.youtube.com/watch?v=eNpRTBDGGRo,0,0,0,,0,0,0,0,
fb72bfcead034da2abef22637e7b2b3c,522,12803,40,18,91,https://www.youtube.com/watch?v=2P7xpwY5oHc,37,10,40,https://www.youtube.com/watch?v=7mejki01ve0,76,19,91,https://www.youtube.com/watch?v=2P7xpwY5oHc,1140,112,101,131,https://www.twitch.tv/videos/2225708327
c1ca3c2282084d0ebbdeb3896801aec9,521,10175,60,53,213,https://www.youtube.com/watch?v=XUHhglxvSVY,65,45,213,https://www.youtube.com/watch?v=XUHhglxvSVY,57,53,58,https://www.youtube.com/watch?v=hOgeEVW4rxo,215,23,19,38,https://www.twitch.tv/videos/2217966091
91f5b04be2e74f64b03e0774cc275748,521,20579,73,21,73,https://www.youtube.com/watch?v=Xj6Hh-QkP6A,73,21,73,https://www.youtube.com/watch?v=Xj6Hh-QkP6A,0,0,0,,0,0,0,0,
943129b96d2341bcb7b25a66c9da2354,520,9959,57,20,126,https://www.youtube.com/watch?v=fqh0twmHcO4,57,20,126,https://www.youtube.com/watch?v=fqh0twmHcO4,0,0,0,,15604,470,199,1380,https://www.twitch.tv/videos/2214489425
6bff712e91fe4fc19332873f9db07c2a,519,13033,175,111,934,https://www.youtube.com/watch?v=SUBdGd3uRek,141,89,423,https://www.youtube.com/watch?v=RrPX6IPpMCk,351,169,934,https://www.youtube.com/watch?v=SUBdGd3uRek,0,0,0,0,
aa673b95b03540288c87dbaa59477ef9,519,33614,45,38,108,https://www.youtube.com/watch?v=SwvVwAlYBmI,45,38,108,https://www.youtube.com/watch?v=SwvVwAlYBmI,0,0,0,,0,0,0,0,
3b83206e75d14605a947a0b0b24650e0,518,21676,0,0,0,,0,0,0,,0,0,0,,0,0,0,0,
284904fe0fc5485f926eb7941427d8f4,518,8524,0,0,0,,0,0,0,,0,0,0,,0,0,0,0,
6e6cb9a2886849918f253d6c6002727f,518,11114,0,0,0,,0,0,0,,0,0,0,,0,0,0,0,
dbfaa5f3d01142df8a05c4946a0a22dc,517,10903,177,54,354,https://www.youtube.com/watch?v=GJRWtgTYX54,193,79,354,https://www.youtube.com/watch?v=GJRWtgTYX54,82,28,300,https://www.youtube.com/watch?v=kyDw4yGDhe8,0,0,0,0,
6542ad533b67427ab99e5b2277ace17d,516,13720,89,24,110,https://www.youtube.com/watch?v=Ky1PglroNKM,99,43,110,https://www.youtube.com/watch?v=Ky1PglroNKM,52,3,52,https://www.youtube.com/watch?v=pDN0o8gwm9Q,0,0,0,0,
e6794eac6ea541c5a9e5570a041ac3b9,516,5522,87,34,120,https://www.youtube.com/watch?v=s1p36K0r4Us,63,22,87,https://www.youtube.com/watch?v=9g5bIcG1Ygo,120,48,120,https://www.youtube.com/watch?v=s1p36K0r4Us,707,206,147,257,https://www.twitch.tv/videos/2219832267
45dc3a8a88054fc6adf55549304aca1c,515,10309,0,0,0,,0,0,0,,0,0,0,,0,0,0,0,
2d95e2e1191046b1bb35697b37bda595,515,47626,0,0,0,,0,0,0,,0,0,0,,0,0,0,0,
5b10cd7b61384d3180f4a39f127d50c1,514,10056,0,0,0,,0,0,0,,0,0,0,,0,0,0,0,
ee5418c900a7400fa44c821eaaca0218,512,11654,1,0,15,https://www.youtube.com/watch?v=2oeacZdakOY,0,0,0,,1,0,15,https://www.youtube.com/watch?v=2oeacZdakOY,534,32,14,104,https://www.twitch.tv/videos/2209413103
d6afb902dbe04e35ab52f961f538f9bd,512,9837,67,25,171,https://www.youtube.com/watch?v=b8iMtDeeDjY,84,25,171,https://www.youtube.com/watch?v=b8iMtDeeDjY,14,5,14,https://www.youtube.com/watch?v=yRCmOL0ogkI,97,8,4,16,https://www.twitch.tv/videos/2217801774
e911a56d410b4949aee1d3a8dc84f4ad,512,27385,36,10,82,https://www.youtube.com/watch?v=NzBQIYye7n0,36,10,82,https://www.youtube.com/watch?v=NzBQIYye7n0,0,0,0,,0,0,0,0,
2ea9fee301f94b70bc5ed51d628006a9,511,25603,0,0,0,,0,0,0,,0,0,0,,171,0,0,0,
1053fad74222424c83f1498fc7896d75,511,251916,0,0,0,,0,0,0,,0,0,0,,0,0,0,0,
01d150623c984f3d8d7de4b1859afadd,509,9858,13,10,13,https://www.youtube.com/watch?v=-MnkcE4wfQ8,0,0,0,,13,10,13,https://www.youtube.com/watch?v=-MnkcE4wfQ8,0,0,0,0,
586377912f314b4d8c3be33760526ae0,509,61100,0,0,0,,0,0,0,,0,0,0,,0,0,0,0,
107ad23090e649b8935850f3d78ded99,509,15625,62,33,96,https://www.youtube.com/watch?v=zVZR4RO6HaI,55,30,70,https://www.youtube.com/watch?v=MPvG8nWuUFA,96,80,96,https://www.youtube.com/watch?v=zVZR4RO6HaI,88,0,0,0,
fadd7b36ed6b4173a4cc4299af1e72b5,509,8941,0,0,0,,0,0,0,,0,0,0,,190,0,0,0,
23354f18e2a94c9187fd0560fd874eeb,509,12828,5,2,2829,https://www.youtube.com/watch?v=Mw2AzYf5Tzc,0,0,0,,5,2,2829,https://www.youtube.com/watch?v=Mw2AzYf5Tzc,1349,144,85,223,https://www.twitch.tv/videos/2220652559
4c127c01ba31487599018fc81ff1a3dd,509,24194,14,5,97,https://www.youtube.com/watch?v=rqGIqwR59d0,17,6,97,https://www.youtube.com/watch?v=rqGIqwR59d0,13,4,13,https://www.youtube.com/watch?v=80X-WRw-Xsk,0,0,0,0,
8a86c4d0f4ce462a92c6bf09c027e432,507,115049,317,132,633,https://www.youtube.com/watch?v=OGUdPld8oZM,317,132,633,https://www.youtube.com/watch?v=OGUdPld8oZM,0,0,0,,0,0,0,0,
5298121274154e4b9154e8ac47d98beb,506,20599,61,26,152,https://www.youtube.com/watch?v=_HSA8MY6wbM,61,23,152,https://www.youtube.com/watch?v=_HSA8MY6wbM,55,42,55,https://www.youtube.com/watch?v=FZJb2ss-PtA,0,0,0,0,
87f156d485c047ec9c137894c7452da4,505,6479,0,0,0,,0,0,0,,0,0,0,,528,0,0,0,
52136fb3529d4f5eb5225ade4209b8b3,504,11560,0,0,0,,0,0,0,,0,0,0,,0,0,0,0,
027dc46502ee4350ba597000191659ae,504,5922,0,0,0,,0,0,0,,0,0,0,,36,34,30,37,https://www.twitch.tv/videos/2228295449
4b9dd40ad6f94e5fb03be5c79c6bcd25,504,6801,0,0,0,,0,0,0,,0,0,0,,17,0,0,0,
8fbd23f4e2ad442bb230aea8f433cd49,501,24494,45,9,65,https://www.youtube.com/watch?v=XdA_lGFH9l0,43,10,65,https://www.youtube.com/watch?v=XdA_lGFH9l0,57,5,57,https://www.youtube.com/watch?v=jiaJWMSt958,21,0,0,0,
60da3bb357d64f998006b8ca3043fd00,500,16329,63,37,146,https://www.youtube.com/watch?v=SaT-bNuaRO4,68,39,146,https://www.youtube.com/watch?v=SaT-bNuaRO4,45,15,45,https://www.youtube.com/watch?v=JUYLYMW2EWE,0,0,0,0,
e306270e80094416818cfddb33153419,500,12732,0,0,0,,0,0,0,,0,0,0,,0,0,0,0,
0e9aeecbe8f04a62ab781cf2e520eba0,498,9381,435,92,680,https://www.youtube.com/watch?v=DTm9xy69ifA,0,0,0,,435,92,680,https://www.youtube.com/watch?v=DTm9xy69ifA,4622,1187,749,53910,https://www.twitch.tv/videos/2223163126
3750eae778e9453eaeee75956a8dabc6,498,7483,0,0,0,,0,0,0,,0,0,0,,2283,803,725,803,https://www.twitch.tv/videos/2227449335
031da54f73f94adf8159ef0d3bfeb52b,498,44466,77,36,574,https://www.youtube.com/watch?v=Ttf5S0ZoHBQ,77,28,105,https://www.youtube.com/watch?v=2Tq6kLpgbHU,320,241,574,https://www.youtube.com/watch?v=Ttf5S0ZoHBQ,0,0,0,0,
19f507cc460a426cb02013fb203bd0a7,497,12855,0,0,0,,0,0,0,,0,0,0,,400,0,0,0,
4b305df8ba4546b48c8ec1cda5efb7e2,496,76555,176,8,592,https://www.youtube.com/watch?v=h5jS-qOJTNA,0,0,0,,176,8,592,https://www.youtube.com/watch?v=h5jS-qOJTNA,0,0,0,0,
238b751368474f798a737e7cf1f4a87b,496,10263,19,3,181,https://www.youtube.com/watch?v=y9JHL9iR2rY,90,36,181,https://www.youtube.com/watch?v=y9JHL9iR2rY,10,2,159,https://www.youtube.com/watch?v=ubeJhX8Bn9M,1344,134,108,290,https://www.twitch.tv/videos/2221537374
d1fc8e7219584287bc20234b6ab64dd9,495,8823,0,0,0,,0,0,0,,0,0,0,,0,0,0,0,
8e84c388bf0e4f9481434a0eb392a0da,495,11616,6,2,6,https://www.youtube.com/watch?v=0IBXIDpyjZs,0,0,0,,6,2,6,https://www.youtube.com/watch?v=0IBXIDpyjZs,0,0,0,0,
2bffdc20e3cb48de9bf46600f62d248e,495,21787,62,12,62,https://www.youtube.com/watch?v=-CTa7omFeqs,62,12,62,https://www.youtube.com/watch?v=-CTa7omFeqs,0,0,0,,279,0,0,0,
3b0f8e9ace2b46a087a665d5c10b38dd,492,7837,0,0,0,,0,0,0,,0,0,0,,0,0,0,0,
4abb927b8dc049768d63b4a8e229e8cc,489,0,0,0,0,,0,0,0,,0,0,0,,0,0,0,0,
7a2ad28d7377465a8721724cfce9ffb5,488,6449,0,0,0,,0,0,0,,0,0,0,,0,0,0,0,
09db2ab40bc54cae831b5514b68be313,488,0,0,0,0,,0,0,0,,0,0,0,,0,0,0,0,
7677c9c71c0a4decad1472b7ecc604bb,488,4765,1,0,1,https://www.youtube.com/watch?v=8OuCkBWXRdk,0,0,0,,1,0,1,https://www.youtube.com/watch?v=8OuCkBWXRdk,492,18,17,19,https://www.twitch.tv/videos/2228328046
80b6efc8007f4f6d84ce2f93862ae319,487,76004,18,12,53,https://www.youtube.com/watch?v=DvW7n_Bn92M,18,12,53,https://www.youtube.com/watch?v=DvW7n_Bn92M,0,0,0,,0,0,0,0,
09c9c71c41e24e7d9498ce41a78dae1c,487,14562,98,34,106,https://www.youtube.com/watch?v=fdg_LcGoVDA,98,34,106,https://www.youtube.com/watch?v=fdg_LcGoVDA,0,0,0,,459,95,56,163,https://www.twitch.tv/videos/2226235028
72edc688855047cbbbe495e3f2af9fda,486,16021,139,50,433,https://www.youtube.com/watch?v=QvLejwkwmgk,142,59,433,https://www.youtube.com/watch?v=QvLejwkwmgk,80,31,96,https://www.youtube.com/watch?v=N98JgWyQiWE,0,0,0,0,
b359f595b54b4edc8969423a8b5658ff,481,14943,58,19,142,https://www.youtube.com/watch?v=0MOTof6XD-w,63,30,142,https://www.youtube.com/watch?v=0MOTof6XD-w,6,3,13,https://www.youtube.com/watch?v=ALebcN93R2Q,0,0,0,0,
100af980504b4bd38c8b2192d1e71b29,480,22746,58,16,58,https://www.youtube.com/watch?v=CPa73-tknrU,58,16,58,https://www.youtube.com/watch?v=CPa73-tknrU,0,0,0,,0,0,0,0,
28e5717b1964475ca59ce02d81cb2796,479,11264,34,12,142,https://www.youtube.com/watch?v=JpEn1A4LXdM,0,0,0,,34,12,142,https://www.youtube.com/watch?v=JpEn1A4LXdM,1252,403,282,634,https://www.twitch.tv/videos/2222317022
e290f49c193149708cd72747639d5ced,479,19575,110,51,226,https://www.youtube.com/watch?v=eMm2jwVmVkw,110,51,226,https://www.youtube.com/watch?v=eMm2jwVmVkw,0,0,0,,0,0,0,0,
37e88453b9cb48b1863bc455328b34c1,478,6826,0,0,0,,0,0,0,,0,0,0,,1160,65,60,246,https://www.twitch.tv/videos/2223075521
9959d43cae9b49dbbcd666f742322b4a,476,15623,2250,1874,2250,https://www.youtube.com/watch?v=B3tKyTngFNs,0,0,0,,2250,1874,2250,https://www.youtube.com/watch?v=B3tKyTngFNs,538,13,7,25,https://www.twitch.tv/videos/2226650274
7c781489389447e682388caccae7fb1c,476,15157,9,2,441,https://www.youtube.com/watch?v=vyqI9JsYhH8,0,0,0,,9,2,441,https://www.youtube.com/watch?v=vyqI9JsYhH8,823,61,51,93,https://www.twitch.tv/videos/2227520993
20b9316c0979495fbff724be3442d4a4,474,70722,31,13,174,https://www.youtube.com/watch?v=10d5vfS5eNs,34,17,69,https://www.youtube.com/watch?v=GaDvEUyMdOQ,11,2,174,https://www.youtube.com/watch?v=10d5vfS5eNs,18,0,0,0,
e58a5a6f40e040d79bbcd139824d6fc7,470,40479,656,235,6196,https://www.youtube.com/watch?v=crEpkfeo2PQ,0,0,0,,656,235,6196,https://www.youtube.com/watch?v=crEpkfeo2PQ,5025,3820,2322,37919,https://www.twitch.tv/videos/2212093327
acc708b79f1c4e388466b407387e7cb5,469,30944,31,22,267,https://www.youtube.com/watch?v=4Dwo3Wm686A,31,22,267,https://www.youtube.com/watch?v=4Dwo3Wm686A,0,0,0,,0,0,0,0,
d26893447610406da66ee14abfbd5868,469,8608,95,39,291,https://www.youtube.com/watch?v=ZhXPKP_Y5j4,95,39,291,https://www.youtube.com/watch?v=ZhXPKP_Y5j4,0,0,0,,0,0,0,0,
17a340801a7d4697be53c472c621993d,468,21634,0,0,0,,0,0,0,,0,0,0,,628,88,75,183,https://www.twitch.tv/videos/2219792870
b4b4fcedc8264cb5b90584935aebf110,467,8211,81,55,211,https://www.youtube.com/watch?v=p-cY8PQMUAE,81,55,211,https://www.youtube.com/watch?v=p-cY8PQMUAE,0,0,0,,234,0,0,0,
ff88906b47654805b8370426415f1183,465,20727,73,51,73,https://www.youtube.com/watch?v=-SQsTEPgOtk,0,0,0,,73,51,73,https://www.youtube.com/watch?v=-SQsTEPgOtk,1783,1485,908,2503,https://www.twitch.tv/videos/2219619278
0ad03ee6159c4d37a4feccbc49ba3dcf,465,29101,15,3,33,https://www.youtube.com/watch?v=et6JJaNIpw4,15,3,33,https://www.youtube.com/watch?v=et6JJaNIpw4,0,0,0,,130,0,0,0,
76dd6a38f28f442a87ee5c5ee75b1a29,463,1944,0,0,0,,0,0,0,,0,0,0,,0,0,0,0,
d1719d9d50c347efa498bb8644447392,462,0,0,0,0,,0,0,0,,0,0,0,,0,0,0,0,
7e8047d78da3487a8e9dd33c67554d30,462,16741,0,0,0,,0,0,0,,0,0,0,,90,20,13,54,https://www.twitch.tv/videos/2223657776
6bb99d03979041aa909d87375acaf92d,462,67255,81,45,453,https://www.youtube.com/watch?v=8T-hyNsLIBo,80,42,453,https://www.youtube.com/watch?v=8T-hyNsLIBo,351,119,367,https://www.youtube.com/watch?v=7z4WXvR6dtM,0,0,0,0,
5507154831064d69906acc64c76b1c99,461,13936,35,12,552,https://www.youtube.com/watch?v=EywwcAjOI3Y,0,0,0,,35,12,552,https://www.youtube.com/watch?v=EywwcAjOI3Y,2075,492,237,1099,https://www.twitch.tv/videos/2210282806
af04c9cb9b56499bb305a49ba7fd2eef,461,8155,0,0,0,,0,0,0,,0,0,0,,0,0,0,0,
3513b73ded994bc3a92a70c9632c9856,460,7786,0,0,0,,0,0,0,,0,0,0,,6744,326,212,426,https://www.twitch.tv/videos/2218178289
6c9b67b00b3c4940a6af6a6604b0b1fd,459,11349,0,0,0,,0,0,0,,0,0,0,,0,0,0,0,
405cf0a502a6496bacfe7e49647e7e28,459,16771,32,10,88,https://www.youtube.com/watch?v=WqHwkq9Rfsk,35,11,88,https://www.youtube.com/watch?v=WqHwkq9Rfsk,4,0,5,https://www.youtube.com/watch?v=Fx1j5-choDo,1209,115,65,239,https://www.twitch.tv/videos/2224166128
08959069eae342deab6803454669b60e,459,0,0,0,0,,0,0,0,,0,0,0,,0,0,0,0,
62ca936be6c645a7bf2222b67086800a,458,125052,15,9,15,https://www.youtube.com/watch?v=yL3mEPwbrv8,0,0,0,,15,9,15,https://www.youtube.com/watch?v=yL3mEPwbrv8,1059,79,50,96,https://www.twitch.tv/videos/2218909504
7b578956fab14341919193c03ca3ab32,457,10704,0,0,0,,0,0,0,,0,0,0,,0,0,0,0,
2dc29f6b05584c718c60034af9883496,457,83157,0,0,0,,0,0,0,,0,0,0,,0,0,0,0,
9bb20f60d5c440d39eb4f14fbe48a296,457,6582,15,7,40,https://www.youtube.com/watch?v=emAd8AJY1tI,0,0,0,,15,7,40,https://www.youtube.com/watch?v=emAd8AJY1tI,0,0,0,0,
22b0dfc3703e477d9ce6880cdbfafd91,456,15198,146,34,251,https://www.youtube.com/watch?v=EIYoLg5cKM0,146,34,251,https://www.youtube.com/watch?v=EIYoLg5cKM0,0,0,0,,1672,0,0,0,
3d23ff5303d54cc58e5a69aa53b1db50,456,17441,161,51,754,https://www.youtube.com/watch?v=xK5XhjR49V0,163,54,754,https://www.youtube.com/watch?v=xK5XhjR49V0,84,27,84,https://www.youtube.com/watch?v=ddp13K2vVss,0,0,0,0,
238b4a68bcde4f3bbf18b0b01f66ec43,456,26408,0,0,0,,0,0,0,,0,0,0,,0,0,0,0,
ce013f56157740e59c7735bd51356260,455,18093,622,252,622,https://www.youtube.com/watch?v=j0ha9qNDhIM,0,0,0,,622,252,622,https://www.youtube.com/watch?v=j0ha9qNDhIM,353,0,0,0,
aa182728aa6d44c4ae37caa7cdb8ed29,454,16644,42,28,105,https://www.youtube.com/watch?v=bqU3cfK4F8c,42,28,105,https://www.youtube.com/watch?v=bqU3cfK4F8c,0,0,0,,222,10,8,13,https://www.twitch.tv/videos/2220715315
1e4f8348a36e4ab3abda426f1810513a,453,10561,80,30,80,https://www.youtube.com/watch?v=lSypCORuKsA,80,30,80,https://www.youtube.com/watch?v=lSypCORuKsA,0,0,0,,0,0,0,0,
df16e863bea643d3a8a90ccb5577ed04,453,17549,0,0,0,,0,0,0,,0,0,0,,0,0,0,0,
9e3222bedec44f1a8fecdc237c020cbd,452,128935,97,6,105,https://www.youtube.com/watch?v=3VuVXP9W4uI,0,0,0,,97,6,105,https://www.youtube.com/watch?v=3VuVXP9W4uI,334,0,0,0,
3869b056864b4e60a6420aa6011f09fd,452,10745,67,14,67,https://www.youtube.com/watch?v=omqlRGDIffY,67,14,67,https://www.youtube.com/watch?v=omqlRGDIffY,0,0,0,,0,0,0,0,
3849edba2b2e411f8564e9c1d1aaaa51,451,43493,112,63,224,https://www.youtube.com/watch?v=tJ45BBaVjEg,79,58,224,https://www.youtube.com/watch?v=tJ45BBaVjEg,147,73,147,https://www.youtube.com/watch?v=jXwdYvHUJV8,0,0,0,0,
9189101a4bb740de969b772dde92125a,450,5667,0,0,0,,0,0,0,,0,0,0,,1143,101,98,159,https://www.twitch.tv/videos/2226312886
8db6aab32c8e45c8a70d0850bfcd3e5c,450,21957,64,17,231,https://www.youtube.com/watch?v=INrxz76-UkU,64,17,231,https://www.youtube.com/watch?v=INrxz76-UkU,0,0,0,,134,11,10,11,https://www.twitch.tv/videos/2229885821
b9086ee5f7b54353a5ba85c973b2e2af,449,10370,159,49,696,https://www.youtube.com/watch?v=Adf9-kSVlxU,145,44,345,https://www.youtube.com/watch?v=9CnPlGFo5wc,475,284,696,https://www.youtube.com/watch?v=Adf9-kSVlxU,0,0,0,0,
1f378a6e115046ffa1a17f9079285d4a,448,5884,0,0,0,,0,0,0,,0,0,0,,90,0,0,0,
b7b1cb60f1c24c0ea4fb1f506d3e247a,447,12044,3,0,3,https://www.youtube.com/watch?v=9NiecvNncMg,0,0,0,,3,0,3,https://www.youtube.com/watch?v=9NiecvNncMg,1202,147,98,340,https://www.twitch.tv/videos/2220643230
302b50b5cf4844d58868013404b1ec3f,447,5326,0,0,0,,0,0,0,,0,0,0,,0,0,0,0,
f0f6694a60de4fb799b3f315abbaf7b6,447,19758,0,0,0,,0,0,0,,0,0,0,,0,0,0,0,
d2585e0ae32c467e8fc868eb531400a4,447,6568,15,9,15,https://www.youtube.com/watch?v=tlN31Hs6_jc,0,0,0,,15,9,15,https://www.youtube.com/watch?v=tlN31Hs6_jc,0,0,0,0,
082df6a588424bc9aaa378c53b34315c,446,15458,94,70,148,https://www.youtube.com/watch?v=aJhcstM47eU,93,72,148,https://www.youtube.com/watch?v=aJhcstM47eU,115,39,115,https://www.youtube.com/watch?v=_TDMSd8sRI8,139,53,45,57,https://www.twitch.tv/videos/2228304906
e72542ff8bb14e47929b037c626c320a,446,6048,167,82,384,https://www.youtube.com/watch?v=0U6pJoG89lM,166,80,267,https://www.youtube.com/watch?v=enP9Jv1nV5k,384,116,384,https://www.youtube.com/watch?v=0U6pJoG89lM,0,0,0,0,
5b1bd72acc95440cb3aa381c89cfca3c,445,20354,57,3,57,https://www.youtube.com/watch?v=sWn6dzbTXfA,57,3,57,https://www.youtube.com/watch?v=sWn6dzbTXfA,0,0,0,,0,0,0,0,
f9174719d2a148eea3b406e332e4fcab,445,18670,124,49,260,https://www.youtube.com/watch?v=1ZWa2Bm3y90,124,49,260,https://www.youtube.com/watch?v=1ZWa2Bm3y90,0,0,0,,0,0,0,0,
932fd42911c74016bc7da418abd29f0f,444,5573,105,35,166,https://www.youtube.com/watch?v=TQ3u2qQsUZI,119,47,166,https://www.youtube.com/watch?v=TQ3u2qQsUZI,21,9,57,https://www.youtube.com/watch?v=qPXerhTRxpo,50,0,0,0,
ce408f8b30704b42a7492f0e40684317,443,16751,0,0,0,,0,0,0,,0,0,0,,293,0,0,0,
10550198223845c9a95ff1993088b464,443,6462,0,0,0,,0,0,0,,0,0,0,,0,0,0,0,
64d9adbc552c487db0cdf42ac3845e18,442,35606,83,40,85,https://www.youtube.com/watch?v=M5hD62YpQns,83,40,85,https://www.youtube.com/watch?v=M5hD62YpQns,0,0,0,,61,64,49,78,https://www.twitch.tv/videos/2226621799
e2e125618df1445c9da9494bbd643b95,441,25799,21,7,25,https://www.youtube.com/watch?v=TccWIMylaro,21,7,25,https://www.youtube.com/watch?v=TccWIMylaro,0,0,0,,26,0,0,0,
994fcc5db40840ae990cf1ce43728548,438,12086,0,0,0,,0,0,0,,0,0,0,,0,0,0,0,
83f4ec63112c46d1801fc596894c3e47,438,9943,181,84,560,https://www.youtube.com/watch?v=PBWPJ8OVYXc,181,84,364,https://www.youtube.com/watch?v=UFGGuRdZmgw,264,125,560,https://www.youtube.com/watch?v=PBWPJ8OVYXc,0,0,0,0,
1058d6e9f351455389e8a7a716ea26ff,435,23087,53,21,108,https://www.youtube.com/watch?v=yozFfkpAveE,56,25,106,https://www.youtube.com/watch?v=ZWx3Nq3i5dk,18,12,108,https://www.youtube.com/watch?v=yozFfkpAveE,2778,230,185,340,https://www.twitch.tv/videos/2225730009
2103bcf7923d4f74b2d043bffef71cc1,434,19422,36,32,85,https://www.youtube.com/watch?v=HT1uRR3Yiv8,36,32,85,https://www.youtube.com/watch?v=HT1uRR3Yiv8,0,0,0,,0,0,0,0,
bef9339ef369421985354d6c47ff9373,434,3575,38,8,57,https://www.youtube.com/watch?v=TExl-I4qw3s,57,7,57,https://www.youtube.com/watch?v=TExl-I4qw3s,20,9,20,https://www.youtube.com/watch?v=qLdMOQmsU-M,0,0,0,0,
566e5b6f438a4cacb3e4036eb9ffe9b8,434,17032,70,36,212,https://www.youtube.com/watch?v=KY864V6gbRE,71,36,212,https://www.youtube.com/watch?v=KY864V6gbRE,37,36,37,https://www.youtube.com/watch?v=hNrEXeT0xak,0,0,0,0,
04efe2883aff4fb189084cb815c7c036,433,0,0,0,0,,0,0,0,,0,0,0,,0,0,0,0,
c79c2ac57f9048eebdc1b9329209e19f,433,16012,0,0,0,,0,0,0,,0,0,0,,287,0,0,0,
04ceb6c0caf740f4a694cad25f537c1f,430,13483,136,64,652,https://www.youtube.com/watch?v=3LV-rSZVvKU,52,13,157,https://www.youtube.com/watch?v=8PoPMEj4PRE,142,70,652,https://www.youtube.com/watch?v=3LV-rSZVvKU,163,0,0,0,
3981c01691a44d708da1191e9546eaad,430,25557,87,33,115,https://www.youtube.com/watch?v=rKI-RmCaj_0,87,33,115,https://www.youtube.com/watch?v=rKI-RmCaj_0,0,0,0,,0,0,0,0,
5d1f5182f62642a8a2e3ae5d3ead1014,429,16870,99,36,102,https://www.youtube.com/watch?v=Ipy7d00S-NQ,99,36,102,https://www.youtube.com/watch?v=Ipy7d00S-NQ,0,0,0,,0,0,0,0,
0a67a8d822094ca3a59963f0fac8798a,429,8451,126,67,179,https://www.youtube.com/watch?v=dtH-Jzk64EE,126,67,179,https://www.youtube.com/watch?v=dtH-Jzk64EE,0,0,0,,0,0,0,0,
e57eccbb01a64ef2990cad149cd08364,428,9040,0,0,0,,0,0,0,,0,0,0,,1708,217,197,411,https://www.twitch.tv/videos/2217877084
67b37e4e1f2f49d88a047d650b70be91,428,4621,48,26,457,https://www.youtube.com/watch?v=YZKd0RZiMqk,47,25,149,https://www.youtube.com/watch?v=-XxOMY5W6sM,457,121,457,https://www.youtube.com/watch?v=YZKd0RZiMqk,1551,41,30,91,https://www.twitch.tv/videos/2222223703
4a2df649332047d3b733c88209925f4c,428,7305,0,0,0,,0,0,0,,0,0,0,,1099,344,260,691,https://www.twitch.tv/videos/2219684336
41ad2f1c78f0406ab5460f38115002d7,428,15345,71,12,80,https://www.youtube.com/watch?v=Y16ElD-2bbI,71,12,80,https://www.youtube.com/watch?v=Y16ElD-2bbI,0,0,0,,0,0,0,0,
acd2bce38d2140e2b625b3eb9a830624,428,7388,0,0,0,,0,0,0,,0,0,0,,0,0,0,0,
993f7baff5d24cf69d077e30f7fd1a9d,428,20816,45,37,45,https://www.youtube.com/watch?v=OXVYVt7PVmQ,45,37,45,https://www.youtube.com/watch?v=OXVYVt7PVmQ,0,0,0,,0,0,0,0,
52ff14aabd804801a6e589681fc2fb4d,427,45612,25,8,71,https://www.youtube.com/watch?v=v2MUe4k3UwM,21,5,71,https://www.youtube.com/watch?v=v2MUe4k3UwM,26,15,69,https://www.youtube.com/watch?v=PIURfg0-Ts0,1669,0,0,0,
f998ba5e4a2f4cd9a979e034d338bfe9,427,11061,0,0,0,,0,0,0,,0,0,0,,0,0,0,0,
8ba365057cdb4ba5ba9c27c02c7c7f3d,427,558,0,0,0,,0,0,0,,0,0,0,,1121,0,0,0,
c7400e2934c646e49f7df1816de41360,427,16945,37,25,59,https://www.youtube.com/watch?v=k77smnTYB_w,37,25,59,https://www.youtube.com/watch?v=k77smnTYB_w,0,0,0,,28,0,0,0,
1a95847597f04ae39d6f0d9caba04a5f,426,14246,0,0,0,,0,0,0,,0,0,0,,1154,106,70,165,https://www.twitch.tv/videos/2224025749
2afeb8ff2471460da2f02cb36c0c6345,426,4688,0,0,0,,0,0,0,,0,0,0,,1328,0,0,0,
7051e693d03645bda16b3591f06ebd3f,426,19196,67,6,72,https://www.youtube.com/watch?v=8no08WxZRAg,0,0,0,,67,6,72,https://www.youtube.com/watch?v=8no08WxZRAg,0,0,0,0,
d44dc8542b4f4dacab8f54b7e3483728,424,17382,55,14,55,https://www.youtube.com/watch?v=dNdSUFsn69s,55,14,55,https://www.youtube.com/watch?v=dNdSUFsn69s,0,0,0,,0,0,0,0,
ff445c140e9a4211960268c261e18fba,423,10369,0,0,0,,0,0,0,,0,0,0,,1440,79,53,79,https://www.twitch.tv/videos/2221555595
d1ea458cb9094770ab63aa0bfc487981,423,7531,0,0,0,,0,0,0,,0,0,0,,0,0,0,0,
8527ad14c0a348e19d1dc223e0abac20,423,8428,125,47,170,https://www.youtube.com/watch?v=vTkwWxvidQk,125,47,170,https://www.youtube.com/watch?v=vTkwWxvidQk,0,0,0,,0,0,0,0,
83f96fd6cab64f4da581c50cd2a31b82,423,4582,0,0,0,,0,0,0,,0,0,0,,3514,0,0,0,
5fbf4f6751f24d03a5723670cd500aca,422,10502,0,0,0,,0,0,0,,0,0,0,,780,164,135,234,https://www.twitch.tv/videos/2227153566
12d506583827419e9eb3b64ec551a94d,422,2479,79,46,471,https://www.youtube.com/watch?v=39GgLBDTeTQ,75,34,101,https://www.youtube.com/watch?v=2C9ovel8Q9s,166,56,471,https://www.youtube.com/watch?v=39GgLBDTeTQ,21,0,0,0,
58588863643843439cebc85ef72654bb,422,16381,114,53,482,https://www.youtube.com/watch?v=6wgPY_MLOGI,151,90,482,https://www.youtube.com/watch?v=6wgPY_MLOGI,59,8,344,https://www.youtube.com/watch?v=JtCpmABzO1c,0,0,0,0,
f5a99c6ea78e4023b1bc84c1502f432d,422,10250,53,32,123,https://www.youtube.com/watch?v=oLd7NXw9JKU,53,32,123,https://www.youtube.com/watch?v=oLd7NXw9JKU,0,0,0,,0,0,0,0,
f16af590d65d4d07bb6603aed00a1a78,420,0,0,0,0,,0,0,0,,0,0,0,,0,0,0,0,
5c70a4710fca4b86ac63d56b0e894284,418,23070,0,0,0,,0,0,0,,0,0,0,,0,0,0,0,
ec332c6e824044698204e6dba3e5fbfc,416,7083,70,35,74,https://www.youtube.com/watch?v=uciZqN1sOLI,70,35,74,https://www.youtube.com/watch?v=uciZqN1sOLI,0,0,0,,419,52,31,52,https://www.twitch.tv/videos/2225741111
bc77dc55cf9b4be88c878ac4b5c07438,415,0,0,0,0,,0,0,0,,0,0,0,,58,0,0,0,
4f2a933e597d4360b8dc52ceaa0d1cff,414,2977,0,0,0,,0,0,0,,0,0,0,,0,0,0,0,
6503172c78774a0fa639255ac2e7e85a,414,13846,43,19,74,https://www.youtube.com/watch?v=UmzckdijTCQ,43,19,74,https://www.youtube.com/watch?v=UmzckdijTCQ,0,0,0,,0,0,0,0,
e4bea3dcc8934426a57516d4d6b373f4,413,1621,0,0,0,,0,0,0,,0,0,0,,2383,581,321,980,https://www.twitch.tv/videos/2225625685
6c166d9128e74147a5c0b1dbf89c885c,413,5897,0,0,0,,0,0,0,,0,0,0,,0,0,0,0,
3434e3ca02904364b763c86e75fa6d4a,413,46605,170,50,190,https://www.youtube.com/watch?v=LxTXTl2bYzM,0,0,0,,170,50,190,https://www.youtube.com/watch?v=LxTXTl2bYzM,1451,125,81,135,https://www.twitch.tv/videos/2221493315
20b358775f2c4e7aa0a9f4e5090fe557,411,0,0,0,0,,0,0,0,,0,0,0,,0,0,0,0,
04ca68439fd14d088c77eb0069e6414f,411,20682,39,14,462,https://www.youtube.com/watch?v=wW-B5cJF5kk,39,14,126,https://www.youtube.com/watch?v=wdUqlnrG1Oc,38,15,462,https://www.youtube.com/watch?v=wW-B5cJF5kk,243,59,43,61,https://www.twitch.tv/videos/2224048750
c8cb49db0c6842afa1a9bb8bb2620e8f,410,21860,0,0,0,,0,0,0,,0,0,0,,0,0,0,0,
40a4357f990e4fd8ad2ac18c26603925,410,6499,48,17,120,https://www.youtube.com/watch?v=U2rX6D0fbjI,48,17,120,https://www.youtube.com/watch?v=U2rX6D0fbjI,18,16,18,https://www.youtube.com/watch?v=RMddA9_DU7A,1508,56,52,154,https://www.twitch.tv/videos/2227285335
bff3b878d9864ff893bd79d1f2a7a849,409,21258,125,56,332,https://www.youtube.com/watch?v=6YJonPniZnY,125,56,332,https://www.youtube.com/watch?v=6YJonPniZnY,0,0,0,,71,6,5,23,https://www.twitch.tv/videos/2224068147
b0ec0f1ffbd8426982e7ca40d4b1064b,409,8868,0,0,0,,0,0,0,,0,0,0,,0,0,0,0,
dd0401d23f5444c69b9d10db3b22d444,408,7242,88,43,330,https://www.youtube.com/watch?v=zFPDQUP5HMo,88,43,330,https://www.youtube.com/watch?v=zFPDQUP5HMo,0,0,0,,7,0,0,0,
8ae8129571fe478283e45a20972b94c2,408,5344,46,8,107,https://www.youtube.com/watch?v=5Cb5CCBgTRo,32,17,46,https://www.youtube.com/watch?v=okV5wOHSCIw,107,7,107,https://www.youtube.com/watch?v=5Cb5CCBgTRo,0,0,0,0,
64199c3fe4914883a1a9b4a68dc332be,407,6028,0,0,0,,0,0,0,,0,0,0,,145,0,0,0,
f771e51357eb44d2820afd47aba3b546,406,9235,0,0,0,,0,0,0,,0,0,0,,276,33,27,33,https://www.twitch.tv/videos/2225723600
26b00f5ff5bf4b5a8dcb6c5c34e1b4f6,405,3425,0,0,0,,0,0,0,,0,0,0,,2378,950,692,1546,https://www.twitch.tv/videos/2228937396
8c494e45ce5b462aa744d46bbdc54021,405,76168,0,0,0,,0,0,0,,0,0,0,,226,61,37,124,https://www.twitch.tv/videos/2227130427
323c21f9e49f47d48609f698a3f81fd5,405,4576,0,0,0,,0,0,0,,0,0,0,,0,0,0,0,
fbc25614b5c24774b849d42ccf45eae6,405,4959,6,5,7,https://www.youtube.com/watch?v=aYGwo3fVlt8,0,0,0,,6,5,7,https://www.youtube.com/watch?v=aYGwo3fVlt8,892,64,55,67,https://www.twitch.tv/videos/2224771170
c265c71f4d2744919a319f0f38c008f9,403,14506,104,7,360,https://www.youtube.com/watch?v=wXC75Jx5zG0,0,0,0,,104,7,360,https://www.youtube.com/watch?v=wXC75Jx5zG0,4198,1412,990,2174,https://www.twitch.tv/videos/2220426331
42ff41f7d6884ae8b93ed46415376d83,402,10218,0,0,0,,0,0,0,,0,0,0,,0,0,0,0,
370f66a57c0341b0adef5bcbad64ff90,402,15193,34,9,445,https://www.youtube.com/watch?v=LSwsl09TML4,30,7,52,https://www.youtube.com/watch?v=5HDIwBa7JFE,258,113,445,https://www.youtube.com/watch?v=LSwsl09TML4,0,0,0,0,
8294034d112e4e139bf58b38185c1a4f,400,10297,0,0,0,,0,0,0,,0,0,0,,72,0,0,0,
c5ac07b79a304f37b039266446fd4f3b,399,18744,0,0,0,,0,0,0,,0,0,0,,0,0,0,0,
e802bcea6eb04ce6aa9041aa5e06ceae,398,12810,0,0,0,,0,0,0,,0,0,0,,0,0,0,0,
4c466d73397a4899b4ca26f90aaf57ad,398,10293,0,0,0,,0,0,0,,0,0,0,,85,96,86,189,https://www.twitch.tv/videos/2225796247
7731172cfcaa4e668762473a7b9d509a,398,10617,0,0,0,,0,0,0,,0,0,0,,537,38,32,130,https://www.twitch.tv/videos/2223410901
2d20aadf97d847939178a297b535b431,397,207524,0,0,0,,0,0,0,,0,0,0,,0,0,0,0,
1d1e155c827e4ed2a0596c256983c22d,397,29026,116,45,537,https://www.youtube.com/watch?v=Ck48CjoNs44,0,0,0,,116,45,537,https://www.youtube.com/watch?v=Ck48CjoNs44,1559,235,149,578,https://www.twitch.tv/videos/2225480247
533e7b1b50ba448292c09c5845d68eb6,397,5790,93,28,93,https://www.youtube.com/watch?v=meMraNt72M0,93,28,93,https://www.youtube.com/watch?v=meMraNt72M0,0,0,0,,172,0,0,0,
085ed0ddc3294678b9570fdbcf581c64,395,1384,0,0,0,,0,0,0,,0,0,0,,30687,371,165,1043,https://www.twitch.tv/videos/2219823921
d23dbc9d1db64c42821697d1bac8fb66,394,11960,77,19,100,https://www.youtube.com/watch?v=YyRRIBRPIqc,62,10,100,https://www.youtube.com/watch?v=YyRRIBRPIqc,93,29,93,https://www.youtube.com/watch?v=DfgUcGfmlVg,0,0,0,0,
44f1d1ad14034bd3949ad6f84624f0e4,393,8395,90,32,177,https://www.youtube.com/watch?v=JByzl8u6X6Q,92,32,177,https://www.youtube.com/watch?v=JByzl8u6X6Q,40,29,42,https://www.youtube.com/watch?v=FsUfHeBlois,428,140,102,268,https://www.twitch.tv/videos/2226675774
71527d28bef840c282650e040a446374,392,2887,0,0,0,,0,0,0,,0,0,0,,293,0,0,0,
d7e9a44c2bbe439b9f062d64dc1b96f3,392,12702,100,39,275,https://www.youtube.com/watch?v=vXZ664bDWX8,99,38,275,https://www.youtube.com/watch?v=vXZ664bDWX8,130,43,130,https://www.youtube.com/watch?v=cE8q-7siIEM,0,0,0,0,
8c0ff863d66348898311ee83d16257b5,391,5081,80,55,102,https://www.youtube.com/watch?v=GfqeHMTE1vU,80,55,102,https://www.youtube.com/watch?v=GfqeHMTE1vU,0,0,0,,93,0,0,0,
b3b24f0ebecc45118f88f12042bd59c8,390,56904,47,16,120,https://www.youtube.com/watch?v=KbelFO-zTDo,26,10,73,https://www.youtube.com/watch?v=VnR1nwV9o9s,48,24,120,https://www.youtube.com/watch?v=KbelFO-zTDo,0,0,0,0,
cb5ff5f1898a45b1bc27a32057a1fa91,390,5071,0,0,0,,0,0,0,,0,0,0,,1417,185,142,185,https://www.twitch.tv/videos/2224033117
a2ca2eb4da5b4df3aa59637e1dbc260b,390,2813,60,38,60,https://www.youtube.com/watch?v=r-MIMwbD-jE,0,0,0,,60,38,60,https://www.youtube.com/watch?v=r-MIMwbD-jE,707,217,138,217,https://www.twitch.tv/videos/2220649187
6695a7e8f824489881f2c321501a36a6,388,21342,28,12,74,https://www.youtube.com/watch?v=faN7uDVjhPM,28,12,74,https://www.youtube.com/watch?v=faN7uDVjhPM,0,0,0,,0,0,0,0,
789a5da3ba8146e9ac10a8814f096b49,387,14249,0,0,0,,0,0,0,,0,0,0,,0,0,0,0,
fb5a1dbf496e4e7fb1e7698bb92c4acf,385,21999,0,0,0,,0,0,0,,0,0,0,,0,0,0,0,
6d1e2248e6844ac29d3f28d3b3e178f4,385,1336,0,0,0,,0,0,0,,0,0,0,,2040,0,0,0,
da165e838dfe49aea3f91457f3825657,384,8265,1,0,1,https://www.youtube.com/watch?v=WLDCgIp_C5A,0,0,0,,1,0,1,https://www.youtube.com/watch?v=WLDCgIp_C5A,0,0,0,0,
5226367de740445789ec9b65a84d65c5,383,10005,91,37,158,https://www.youtube.com/watch?v=p_gADWnBtSg,91,37,158,https://www.youtube.com/watch?v=p_gADWnBtSg,0,0,0,,224,0,0,0,
ae5e1ce2a3074d07818716492277408c,383,2036,47,19,47,https://www.youtube.com/watch?v=B17x6VYyM80,0,0,0,,47,19,47,https://www.youtube.com/watch?v=B17x6VYyM80,1207,125,94,174,https://www.twitch.tv/videos/2225744016
05055e62d34241888df31217ac25e671,382,19774,0,0,0,,0,0,0,,0,0,0,,1293,0,0,0,
5000b613025542c498cd6ab2287865c6,382,1256,0,0,0,,0,0,0,,0,0,0,,2589,376,339,426,https://www.twitch.tv/videos/2228270950
00ddd14a74df4e2488319ea2ce25770c,382,689,0,0,0,,0,0,0,,0,0,0,,963,496,380,849,https://www.twitch.tv/videos/2220524213
cce33288177341058833d8b4a093b03f,381,21862,42,31,597,https://www.youtube.com/watch?v=hayjd3w5R-g,20,11,42,https://www.youtube.com/watch?v=HjK4fh1_Unw,531,161,597,https://www.youtube.com/watch?v=hayjd3w5R-g,0,0,0,0,
4d9730dc400443e6b8edb719febd5f46,381,3390,0,0,0,,0,0,0,,0,0,0,,0,0,0,0,
236bfe277b89428dacb6ecc89fdb6ca2,381,0,0,0,0,,0,0,0,,0,0,0,,0,0,0,0,
2c6b5ad20b4e4bdc85310b791d02b364,381,11071,104,47,669,https://www.youtube.com/watch?v=cVo7Zwhx1KQ,0,0,0,,104,47,669,https://www.youtube.com/watch?v=cVo7Zwhx1KQ,1493,367,227,500,https://www.twitch.tv/videos/2220737033
819cc1636ec94c0ab290b4513c6d629d,379,5240,0,0,0,,0,0,0,,0,0,0,,3688,1134,691,1796,https://www.twitch.tv/videos/2215027648
bd7947d2357941039893b911b18f3b4c,379,23203,87,33,200,https://www.youtube.com/watch?v=kLZ1Jdw5Md8,87,33,200,https://www.youtube.com/watch?v=kLZ1Jdw5Md8,0,0,0,,519,48,34,89,https://www.twitch.tv/videos/2220548777
9ee3c9b53c0048329175370a5868300b,378,30319,98,18,171,https://www.youtube.com/watch?v=16S7JCswj0Y,98,10,116,https://www.youtube.com/watch?v=8FbJdf39deY,134,40,171,https://www.youtube.com/watch?v=16S7JCswj0Y,0,0,0,0,
0591345aa6634a73ac41f08af6d4e06e,377,13098,55,32,211,https://www.youtube.com/watch?v=aONt1CqrdPg,55,32,211,https://www.youtube.com/watch?v=aONt1CqrdPg,0,0,0,,0,0,0,0,
836015916a40475bb608e8c6a69b6a09,377,25737,84,5,132,https://www.youtube.com/watch?v=3Oxtnz-vmm4,0,0,0,,84,5,132,https://www.youtube.com/watch?v=3Oxtnz-vmm4,0,0,0,0,
95694a64c0fe4b5c987344f1edcec826,376,13919,28,14,540,https://www.youtube.com/watch?v=xYPdrcIaR3U,53,20,65,https://www.youtube.com/watch?v=kb5_ZeCW_YM,26,12,540,https://www.youtube.com/watch?v=xYPdrcIaR3U,883,66,48,152,https://www.twitch.tv/videos/2229124146
b1ba066a7bc44c93a4ca264f2144f5bd,376,7242,7,2,1514,https://www.youtube.com/watch?v=f_Q1KRO3slA,78,8,78,https://www.youtube.com/watch?v=LS2tK6evyd4,7,2,1514,https://www.youtube.com/watch?v=f_Q1KRO3slA,693,126,85,186,https://www.twitch.tv/videos/2222365434
87df5b92303e4410884b8c52ff2c4e0d,376,11429,10,4,38,https://www.youtube.com/watch?v=rXptJaSIaeQ,0,0,0,,10,4,38,https://www.youtube.com/watch?v=rXptJaSIaeQ,704,181,133,400,https://www.twitch.tv/videos/2224034498
1204e14e13fb4e1e9dcbd47e1a8dc7b2,376,3774,0,0,0,,0,0,0,,0,0,0,,666,18,13,37,https://www.twitch.tv/videos/2225656671
21fcf23549a74111bbe31c949245e2cd,376,11429,37,12,37,https://www.youtube.com/watch?v=gC2Wq7yN5-I,0,0,0,,37,12,37,https://www.youtube.com/watch?v=gC2Wq7yN5-I,0,0,0,0,
fdb0805c65e24f13b7f23e50e0db8ae2,376,34918,0,0,0,,0,0,0,,0,0,0,,6188,3664,3047,5432,https://www.twitch.tv/videos/2225591279
bd119628dae64d45b71b44e0f158f23a,375,3942,68,59,68,https://www.youtube.com/watch?v=g4W5kufftzI,0,0,0,,68,59,68,https://www.youtube.com/watch?v=g4W5kufftzI,2798,450,370,559,https://www.twitch.tv/videos/2227471025
b572cb7de27446e3bcda5135f6a23d8a,375,4129,112,58,436,https://www.youtube.com/watch?v=mMATUTCZMmA,115,65,408,https://www.youtube.com/watch?v=M9-uw-Hsp5s,103,58,436,https://www.youtube.com/watch?v=mMATUTCZMmA,0,0,0,0,
6ec876adec524585af913c1585e8df1f,374,10751,0,0,0,,0,0,0,,0,0,0,,1244,0,0,0,
a2ceea65ce58431085b1366a0cfe9c61,374,6913,0,0,0,,0,0,0,,0,0,0,,0,0,0,0,
667d1f10770d4512a5350b74bcb3efc0,374,8042,151,67,346,https://www.youtube.com/watch?v=XLuDYH2va8g,151,67,346,https://www.youtube.com/watch?v=XLuDYH2va8g,0,0,0,,0,0,0,0,
9434be74cca5450789bf73aa4359b542,374,11933,0,0,0,,0,0,0,,0,0,0,,0,0,0,0,
2a2b7990365f4a1bb1d8acf1ae0f2f32,373,35317,36,18,1419,https://www.youtube.com/watch?v=7fC_JEix0hY,37,16,138,https://www.youtube.com/watch?v=4zDWbx64gUs,23,20,1419,https://www.youtube.com/watch?v=7fC_JEix0hY,98,6,4,8,https://www.twitch.tv/videos/2227530584
27a484e8f53a433396e73bea886fa2cb,373,19579,0,0,0,,0,0,0,,0,0,0,,0,0,0,0,
a8e0ec03cb0a4e0292228e1a6ed35e6a,373,7883,0,0,0,,0,0,0,,0,0,0,,850,29,23,81,https://www.twitch.tv/videos/2225450018
db4caa3fc50540e3bd7caecd69e2dab8,373,14292,53,20,69,https://www.youtube.com/watch?v=fDIlk9QBdDo,67,34,69,https://www.youtube.com/watch?v=fDIlk9QBdDo,9,7,9,https://www.youtube.com/watch?v=mmZ_2I7ZAhI,0,0,0,0,
3a29989f3f71430f88f1535125a1d32c,373,28686,0,0,0,,0,0,0,,0,0,0,,0,0,0,0,
ae5ffb6b5338483c91ff1b883d51a3e7,372,4014,0,0,0,,0,0,0,,0,0,0,,0,0,0,0,
b96f58f4373a4b65977afe5f2829e9e4,372,66303,39,18,84,https://www.youtube.com/watch?v=jtSbQjb-8fQ,39,18,84,https://www.youtube.com/watch?v=jtSbQjb-8fQ,0,0,0,,295,109,69,167,https://www.twitch.tv/videos/2226688926
bdd0c04996154ef0be37c1f65b3b8866,370,5448,142,70,343,https://www.youtube.com/watch?v=MwPOU8eyDGM,142,73,343,https://www.youtube.com/watch?v=MwPOU8eyDGM,67,60,67,https://www.youtube.com/watch?v=Wvakrfo28aA,0,0,0,0,
1cddca10dd334373b8f51b3b0ed2efe4,368,14389,36,19,61,https://www.youtube.com/watch?v=7mUZfJpUQb8,0,0,0,,36,19,61,https://www.youtube.com/watch?v=7mUZfJpUQb8,0,0,0,0,
d2f9e9b19102408bbef636a6458934e6,368,2685,65,17,78,https://www.youtube.com/watch?v=7NCh5wtqRvE,66,14,78,https://www.youtube.com/watch?v=7NCh5wtqRvE,25,20,25,https://www.youtube.com/watch?v=5abtiv53kaE,0,0,0,0,
564a0f351ed941cb8c112f8bc759ced6,367,8486,0,0,0,,0,0,0,,0,0,0,,84,0,0,0,
22a83c82e1914eb68b12e76b4ccb277c,367,6414,66,26,126,https://www.youtube.com/watch?v=eMQHJtK693Q,67,43,126,https://www.youtube.com/watch?v=eMQHJtK693Q,59,0,71,https://www.youtube.com/watch?v=7GJax3ym1wA,0,0,0,0,
c72045d5b8714411af64d5c9d29cea97,363,11713,42,24,146,https://www.youtube.com/watch?v=jCBqPREZvao,42,24,146,https://www.youtube.com/watch?v=jCBqPREZvao,0,0,0,,0,0,0,0,
da3d722ffea34b5b87fbb62c6026cba2,361,12419,0,0,0,,0,0,0,,0,0,0,,138,0,0,0,
843d99233b474827a2f0bc417ffd3852,360,13991,38,12,136,https://www.youtube.com/watch?v=PyB55Kt_dzs,37,11,69,https://www.youtube.com/watch?v=E-Ssfq9vm80,38,25,136,https://www.youtube.com/watch?v=PyB55Kt_dzs,3541,1527,289,3832,https://www.twitch.tv/videos/2223579872
92954c3082f74d239222d16aa5c69667,359,15672,0,0,0,,0,0,0,,0,0,0,,0,0,0,0,
bff58c28269748eb99103a257886309a,358,7205,101,22,197,https://www.youtube.com/watch?v=m91cr-xSyX8,101,33,197,https://www.youtube.com/watch?v=m91cr-xSyX8,79,10,109,https://www.youtube.com/watch?v=31P-NdyXgQc,0,0,0,0,
ae7dbe93a8cc4651b5ddb7b539e85d6b,358,22037,41,1,41,https://www.youtube.com/watch?v=WqF3_qNMLNo,41,1,41,https://www.youtube.com/watch?v=WqF3_qNMLNo,0,0,0,,0,0,0,0,
b0df22881775422093e3e64a63b01a5a,356,19256,53,14,82,https://www.youtube.com/watch?v=hu62JdRje4o,82,18,82,https://www.youtube.com/watch?v=hu62JdRje4o,25,10,25,https://www.youtube.com/watch?v=HacQFiRHHZk,122,0,0,0,
4fc02db3aab84e6cb526c02405d18c6e,355,17116,0,0,0,,0,0,0,,0,0,0,,146,0,0,0,
876c11fba4af4235857127b9af87093e,355,17106,0,0,0,,0,0,0,,0,0,0,,0,0,0,0,
8013fa67a08945a5b4b976156b6f610f,355,6264,0,0,0,,0,0,0,,0,0,0,,325,0,0,0,
b511c9a0eba7474fbb8ac8d02ff357b7,355,15899,66,30,218,https://www.youtube.com/watch?v=MVSgubstMwM,66,30,218,https://www.youtube.com/watch?v=MVSgubstMwM,0,0,0,,0,0,0,0,
9bd9d680d6cf48d1a7171430f286fcb1,354,11979,38,33,81,https://www.youtube.com/watch?v=zWaLg2ek7lg,39,35,81,https://www.youtube.com/watch?v=zWaLg2ek7lg,34,19,34,https://www.youtube.com/watch?v=Gs-VmVqXipY,0,0,0,0,
a56567301c734548bad86e8ace7d9140,353,49717,53,9,83,https://www.youtube.com/watch?v=gg1UJ7aeTiQ,0,0,0,,53,9,83,https://www.youtube.com/watch?v=gg1UJ7aeTiQ,0,0,0,0,
f44835c18dac441f910f4eb821ffd7ce,353,15486,193,110,193,https://www.youtube.com/watch?v=lS5KfwIaV1E,0,0,0,,193,110,193,https://www.youtube.com/watch?v=lS5KfwIaV1E,2906,202,154,279,https://www.twitch.tv/videos/2220689850
8b0dbadf9faa4815923944437f1c1abb,353,35412,15,4,62,https://www.youtube.com/watch?v=mOm5r1VDxKA,0,0,0,,15,4,62,https://www.youtube.com/watch?v=mOm5r1VDxKA,0,0,0,0,
1391c9808cd64cecb670a24b210ebc3f,351,0,0,0,0,,0,0,0,,0,0,0,,0,0,0,0,
f2b0bc3e82024bd3ae1c7cb5fe926829,351,9442,54,16,65,https://www.youtube.com/watch?v=PNrt7c494z4,54,16,65,https://www.youtube.com/watch?v=PNrt7c494z4,0,0,0,,0,0,0,0,
17143fd7a2eb41aab006783b2584dda7,350,7904,91,15,196,https://www.youtube.com/watch?v=kW5AaKlIaxg,91,15,196,https://www.youtube.com/watch?v=kW5AaKlIaxg,0,0,0,,368,560,508,902,https://www.twitch.tv/videos/2228630358
366df9da61654531a6581169c70a0432,350,0,0,0,0,,0,0,0,,0,0,0,,336,0,0,0,
95df3846ff6644429227e9e058994ad8,349,14615,64,18,145,https://www.youtube.com/watch?v=pcAILK8jupU,64,18,145,https://www.youtube.com/watch?v=pcAILK8jupU,0,0,0,,0,0,0,0,
60a64aca51ed4528895fe35b08231670,349,8894,12,2,32,https://www.youtube.com/watch?v=s2emE0CJaOg,18,4,32,https://www.youtube.com/watch?v=s2emE0CJaOg,5,0,15,https://www.youtube.com/watch?v=bHYzBdkaioY,309,11,9,28,https://www.twitch.tv/videos/2227485691
ba795eb1ea0f4fea888b1bfff3d5be86,346,8854,7,4,29,https://www.youtube.com/watch?v=kLIZ6xrpOpA,0,0,0,,7,4,29,https://www.youtube.com/watch?v=kLIZ6xrpOpA,3303,371,213,782,https://www.twitch.tv/videos/2222102310
f6a02208132e4cdeb72d84d1fb487384,346,241,0,0,0,,0,0,0,,0,0,0,,0,0,0,0,
3f2e41bdee4145f59fa97830ba3f5edb,345,356,43,27,45,https://www.youtube.com/watch?v=8N_aE-vMbJc,0,0,0,,43,27,45,https://www.youtube.com/watch?v=8N_aE-vMbJc,1694,356,269,518,https://www.twitch.tv/videos/2218215764
f46e5ebb899548cab53d24f1901315b0,345,13233,70,22,70,https://www.youtube.com/watch?v=UGM_zpnGwas,70,22,70,https://www.youtube.com/watch?v=UGM_zpnGwas,0,0,0,,139,0,0,0,
9099b86c3fe84a138b0bc1f258bca138,345,11371,39,14,57,https://www.youtube.com/watch?v=jDvoIStx2yI,39,14,57,https://www.youtube.com/watch?v=jDvoIStx2yI,0,0,0,,0,0,0,0,
a2b11fd42f704616bf87b12a0d9bac9a,344,9041,0,0,0,,0,0,0,,0,0,0,,665,0,0,0,
c97b665a89c34600be01f83eb1f77063,344,8793,0,0,0,,0,0,0,,0,0,0,,0,0,0,0,
d50d9b85f098470c8220cd99de802b17,343,17245,43,24,50,https://www.youtube.com/watch?v=RdwQwjoV0rc,43,24,50,https://www.youtube.com/watch?v=RdwQwjoV0rc,0,0,0,,0,0,0,0,
c194064ba23845cd9ef020dd9db79895,341,8492,16,15,16,https://www.youtube.com/watch?v=-ShsY3iwCks,0,0,0,,16,15,16,https://www.youtube.com/watch?v=-ShsY3iwCks,1396,148,120,403,https://www.twitch.tv/videos/2218046905
5ae7e41f9b9a420d9217a0b2c6755f52,341,3509,0,0,0,,0,0,0,,0,0,0,,0,0,0,0,
1c096a5610c0459b84c74213c3b30f85,340,13774,4,3,4,https://www.youtube.com/watch?v=BZM5Q6eR7qY,0,0,0,,4,3,4,https://www.youtube.com/watch?v=BZM5Q6eR7qY,226,21,16,31,https://www.twitch.tv/videos/2223330287
cc85e4120c0746b7925c898a963f0747,339,19716,52,12,239,https://www.youtube.com/watch?v=IY1ya92Y1F4,52,12,239,https://www.youtube.com/watch?v=IY1ya92Y1F4,0,0,0,,0,0,0,0,
db67d9cacbcf4797ba2d41a6d115e2ff,338,9079,79,32,99,https://www.youtube.com/watch?v=mCp_m6XstDE,79,32,99,https://www.youtube.com/watch?v=mCp_m6XstDE,0,0,0,,0,0,0,0,
577fdbca86fa4414a153b5ebdcab90d4,337,1891,0,0,0,,0,0,0,,0,0,0,,1150,176,133,289,https://www.twitch.tv/videos/2222271527
d3b5f619038a4c488d36aeaeddc0f790,336,6455,41,31,50,https://www.youtube.com/watch?v=7dPnQI8H2q8,41,31,50,https://www.youtube.com/watch?v=7dPnQI8H2q8,0,0,0,,0,0,0,0,
f466201465ac40ef9f3aefc9b08a39d1,335,4450,158,99,485,https://www.youtube.com/watch?v=7g83kxLKq3w,158,99,485,https://www.youtube.com/watch?v=7g83kxLKq3w,0,0,0,,384,77,76,253,https://www.twitch.tv/videos/2229773657
d11123a75b874ad2bb120bb237e94c8d,334,1779,0,0,0,,0,0,0,,0,0,0,,3096,0,0,0,
23826e240c9f40a39ff844a76de91c84,334,1670,0,0,0,,0,0,0,,0,0,0,,0,0,0,0,
12f22a9f1ecf4807a61eee4d628d4bd3,333,4446,0,0,0,,0,0,0,,0,0,0,,0,0,0,0,
b386124230514f5fa128ad046e85f12f,333,4584,30,28,56,https://www.youtube.com/watch?v=QMI4ZJFMVZA,30,28,56,https://www.youtube.com/watch?v=QMI4ZJFMVZA,0,0,0,,341,56,39,57,https://www.twitch.tv/videos/2221548016
517ef8a3c92b4216b2cabffcb2ec3aaf,333,15328,0,0,0,,0,0,0,,0,0,0,,0,0,0,0,
64e20992295c4be984e9af0a470d6440,333,4177,0,0,0,,0,0,0,,0,0,0,,4675,286,224,398,https://www.twitch.tv/videos/2219791940
3ffe754930804f09ac328f7e6e9c53bd,331,14693,58,12,98,https://www.youtube.com/watch?v=P0gDyhtV1xo,58,12,98,https://www.youtube.com/watch?v=P0gDyhtV1xo,0,0,0,,0,0,0,0,
0e136a936a574815a311e6e801ce3ca6,330,9095,116,73,472,https://www.youtube.com/watch?v=y2gtfriRXLk,116,73,472,https://www.youtube.com/watch?v=y2gtfriRXLk,0,0,0,,12,0,0,0,
0f5e3935971449daa91b654886313110,329,8218,0,0,0,,0,0,0,,0,0,0,,2226,0,0,0,
7d0d99e77f624bdc934b17212a39a894,329,502,0,0,0,,0,0,0,,0,0,0,,2700,557,418,653,https://www.twitch.tv/videos/2223234196
779093d7bffe454aac7df7aea003f150,329,3793,0,0,0,,0,0,0,,0,0,0,,0,0,0,0,
1f455594561b421da20dde10d1540981,329,16918,1414,830,1751,https://www.youtube.com/watch?v=jrUPyBhQgcQ,0,0,0,,1414,830,1751,https://www.youtube.com/watch?v=jrUPyBhQgcQ,5436,2301,552,4043,https://www.twitch.tv/videos/2218122126
e32b6351f1684034955171b93b1c5e63,329,0,0,0,0,,0,0,0,,0,0,0,,1728,0,0,0,
2df2e0bc14fa4450a0d17d294b5a0bc0,328,21130,0,0,0,,0,0,0,,0,0,0,,0,0,0,0,
40bb881e52be4d8b9c66a60be89e0504,328,17071,71,23,353,https://www.youtube.com/watch?v=JVvxPK_g1m4,72,26,353,https://www.youtube.com/watch?v=JVvxPK_g1m4,43,17,149,https://www.youtube.com/watch?v=nEb1iW3jK5U,0,0,0,0,
7232734df59c4e099205c7685007d8d4,328,65445,70,63,121,https://www.youtube.com/watch?v=FGE6Sq5oJtY,0,0,0,,70,63,121,https://www.youtube.com/watch?v=FGE6Sq5oJtY,788,66,35,179,https://www.twitch.tv/videos/2218000711
281576aa13244a6e8671de0896a890c6,327,17376,0,0,0,,0,0,0,,0,0,0,,351,29,19,35,https://www.twitch.tv/videos/2221580822
f1cd5373408f4509b94caed34d4c05e9,327,2946,62,34,160,https://www.youtube.com/watch?v=Tlz4d3OdvJQ,62,34,160,https://www.youtube.com/watch?v=Tlz4d3OdvJQ,0,0,0,,0,0,0,0,
ca161c4e0ef54cd4a311705625caf164,327,9704,0,0,0,,0,0,0,,0,0,0,,2311,0,0,0,
56f4716f4b694eb3a29ad539035a262c,325,2101,46,13,73,https://www.youtube.com/watch?v=KfMUrU20gBU,46,13,73,https://www.youtube.com/watch?v=KfMUrU20gBU,0,0,0,,0,0,0,0,
3083d2b8192843958b2852553cb3bc70,325,2552,0,0,0,,0,0,0,,0,0,0,,309,47,30,60,https://www.twitch.tv/videos/2227500374
682e400513134d0bacfa85513958c64d,325,8169,0,0,0,,0,0,0,,0,0,0,,780,0,0,0,
1672489021244abda07543ce42d6af07,325,3259,57,20,92,https://www.youtube.com/watch?v=CwStJ01IKF4,57,20,92,https://www.youtube.com/watch?v=CwStJ01IKF4,0,0,0,,0,0,0,0,
38ae17784f894dc190a28b89e5555cd3,325,581,0,0,0,,0,0,0,,0,0,0,,0,0,0,0,
905304e606344aba8c84b83717453f5e,324,17778,136,52,286,https://www.youtube.com/watch?v=XN5Gf-DSFHs,136,52,286,https://www.youtube.com/watch?v=XN5Gf-DSFHs,0,0,0,,0,0,0,0,
6e965d00e9c04598956d0dbcd7518511,324,75690,0,0,0,,0,0,0,,0,0,0,,0,0,0,0,
73755322c8e74479864369766f924be1,324,16461,0,0,0,,0,0,0,,0,0,0,,4795,984,784,1553,https://www.twitch.tv/videos/2217987384
ab540a5b73bb4dfa85cebffb70fad5db,324,4778,0,0,0,,0,0,0,,0,0,0,,693,0,0,0,
e41bf48a09d64e4aa3d96064a9a63b08,323,23842,10,4,16,https://www.youtube.com/watch?v=5zeV1NjrQKQ,10,4,16,https://www.youtube.com/watch?v=5zeV1NjrQKQ,0,0,0,,75,0,0,0,
dbf7b5a346e645f7be7d0d19d2193bc5,323,19443,66,13,66,https://www.youtube.com/watch?v=RcgQhBkXDRg,0,0,0,,66,13,66,https://www.youtube.com/watch?v=RcgQhBkXDRg,0,0,0,0,
93bf43bc175742cd8c7af6b80687cd84,323,6099,0,0,0,,0,0,0,,0,0,0,,1328,51,40,51,https://www.twitch.tv/videos/2224819593
fa83a68ebfff419983124d69373ede6f,322,3513,0,0,0,,0,0,0,,0,0,0,,1413,0,0,0,
5c3ea93753724a63b32071a7a580af7b,322,15652,9,6,85,https://www.youtube.com/watch?v=IoQ3kVmrnbQ,0,0,0,,9,6,85,https://www.youtube.com/watch?v=IoQ3kVmrnbQ,1844,16,12,24,https://www.twitch.tv/videos/2224829190
cffb719c9d4645d4a2d6eefca66902d9,321,3763,0,0,0,,0,0,0,,0,0,0,,603,0,0,0,
d23e5f9f3abf4b36b79c04f5265a8efc,321,6926,116,44,273,https://www.youtube.com/watch?v=h36uie0Kaqk,116,44,273,https://www.youtube.com/watch?v=h36uie0Kaqk,0,0,0,,140,0,0,0,
2656bc44436c45cca3e94e43a9a49c2d,321,18205,111,38,333,https://www.youtube.com/watch?v=u-KY3QPkWg4,113,46,333,https://www.youtube.com/watch?v=u-KY3QPkWg4,49,34,49,https://www.youtube.com/watch?v=4FTAzkDNa7Q,0,0,0,0,
356186a5552f499baab4ac520b7d4235,321,13593,0,0,0,,0,0,0,,0,0,0,,0,0,0,0,
f24626ac0ce34975a3b3fd6d8455f4f7,320,6601,29,17,73,https://www.youtube.com/watch?v=XwC7lkcnBeo,0,0,0,,29,17,73,https://www.youtube.com/watch?v=XwC7lkcnBeo,166,0,0,0,
4de233ea7dfc4a7da1738ab627babd48,320,12849,90,37,175,https://www.youtube.com/watch?v=blm-YvWc-7Y,90,37,175,https://www.youtube.com/watch?v=blm-YvWc-7Y,0,0,0,,0,0,0,0,
294b1c29030244c784387782c0cb6aee,319,4983,89,36,300,https://www.youtube.com/watch?v=OfQ751piPzA,89,36,300,https://www.youtube.com/watch?v=OfQ751piPzA,0,0,0,,0,0,0,0,
a5e5533ac342488a94003dc77869ddf9,319,12455,78,22,360,https://www.youtube.com/watch?v=B6PZ7_H2FYs,78,22,360,https://www.youtube.com/watch?v=B6PZ7_H2FYs,0,0,0,,0,0,0,0,
57843e9c870647729c2438a7a7077008,318,6971,0,0,0,,0,0,0,,0,0,0,,100,0,0,0,
da028e87249944c2a8c86defb7ad3919,318,4208,0,0,0,,0,0,0,,0,0,0,,0,0,0,0,
dfc411c6b5d24d97b944f527ddfd2f0b,317,17504,42,12,76,https://www.youtube.com/watch?v=kxwrF8UgELw,42,13,76,https://www.youtube.com/watch?v=kxwrF8UgELw,14,11,14,https://www.youtube.com/watch?v=iGwhlBEym2E,0,0,0,0,
f18f778f8a8b468cbe7dcd350228e3fb,317,2424,0,0,0,,0,0,0,,0,0,0,,1800,0,0,0,
c6e955ae1fce48678120bc086a436073,317,8953,88,19,207,https://www.youtube.com/watch?v=xJunJxWfsrg,88,19,207,https://www.youtube.com/watch?v=xJunJxWfsrg,0,0,0,,0,0,0,0,
49d38057272d4c4992cdbcb792c94d00,316,6291,128,39,252,https://www.youtube.com/watch?v=x9Oo87KS4tk,128,39,252,https://www.youtube.com/watch?v=x9Oo87KS4tk,0,0,0,,0,0,0,0,
74f214b764314c5aa446eb9981c94935,316,10377,103,75,233,https://www.youtube.com/watch?v=5FpiaJqacEs,103,75,233,https://www.youtube.com/watch?v=5FpiaJqacEs,0,0,0,,0,0,0,0,
3d5a0befb7b042f697f70d5fb3d6ab94,316,8214,0,0,0,,0,0,0,,0,0,0,,0,0,0,0,
7f494e37d17544878977d81e26b13897,313,170,0,0,0,,0,0,0,,0,0,0,,0,0,0,0,
984a03604a2d4573afc33967b1fa0a72,312,13691,0,0,0,,0,0,0,,0,0,0,,0,0,0,0,
9350b5c36c9e4f3faf01dfdda5b263f5,311,3534,0,0,0,,0,0,0,,0,0,0,,1000,170,140,286,https://www.twitch.tv/videos/2224017749
355d53b23acb4f4697b858ca06b25fb7,311,7331,136,59,569,https://www.youtube.com/watch?v=PHg5VezVH6Y,134,59,432,https://www.youtube.com/watch?v=6RtvMd-YzT8,177,160,569,https://www.youtube.com/watch?v=PHg5VezVH6Y,0,0,0,0,
66097c1553b44a319b2f2ebe78a61d28,311,6323,66,53,72,https://www.youtube.com/watch?v=XuXHEyGQGxU,66,53,72,https://www.youtube.com/watch?v=XuXHEyGQGxU,0,0,0,,0,0,0,0,
389bd53524c74c44a32d72279b288b17,310,2502,0,0,0,,0,0,0,,0,0,0,,0,0,0,0,
7a570b5273ae4e359a6491aba1313011,310,3190,8,6,47,https://www.youtube.com/watch?v=lgLX8iKn5MA,0,0,0,,8,6,47,https://www.youtube.com/watch?v=lgLX8iKn5MA,2748,312,258,534,https://www.twitch.tv/videos/2228294436
480715845a044cb780b135e2bfd0ded8,309,13179,0,0,0,,0,0,0,,0,0,0,,0,0,0,0,
75f054a2cc1c4f9fa406626859d3765e,307,2679,0,0,0,,0,0,0,,0,0,0,,550,0,0,0,
670df075e5f9402bbcb6369685838b02,307,6484,35,13,61,https://www.youtube.com/watch?v=IF3Xt9fXqqs,40,14,61,https://www.youtube.com/watch?v=IF3Xt9fXqqs,7,0,7,https://www.youtube.com/watch?v=VebVfYRmaho,0,0,0,0,
d21ddfb9a7a540f6b4f259edf36065ca,307,7504,30,13,240,https://www.youtube.com/watch?v=9gd4sfWNK1E,0,0,0,,30,13,240,https://www.youtube.com/watch?v=9gd4sfWNK1E,0,0,0,0,
59654ead905a4db2bbcb33812148555f,306,15873,16,3,38,https://www.youtube.com/watch?v=fe7M_UMbjgY,16,3,38,https://www.youtube.com/watch?v=fe7M_UMbjgY,0,0,0,,0,0,0,0,
e94e1e38a611403192e4db197c2d9d91,306,6732,0,0,0,,0,0,0,,0,0,0,,0,0,0,0,
d859857097fe4e9d90a2d840c0e7fca1,305,17449,19,7,19,https://www.youtube.com/watch?v=JTGz8pnNOKg,0,0,0,,19,7,19,https://www.youtube.com/watch?v=JTGz8pnNOKg,223,47,40,47,https://www.twitch.tv/videos/2226617573
09ceaec049b74c6bbe11eca7d4aa3cf6,305,7736,0,0,0,,0,0,0,,0,0,0,,0,0,0,0,
fe8d6fb5e9284433953fb181f0fb20ce,303,3976,0,0,0,,0,0,0,,0,0,0,,0,0,0,0,
1e59cd43a10a44edb1407fb8ba8529a8,302,10178,17,11,27,https://www.youtube.com/watch?v=kzNWq-_XAcw,0,0,0,,17,11,27,https://www.youtube.com/watch?v=kzNWq-_XAcw,0,0,0,0,
4e1dd2ab9e4b4c71bced0c5987cf9be7,302,12543,0,0,0,,0,0,0,,0,0,0,,2357,0,0,0,
e1421ddfd4e442b490e2a74656a2838d,301,198,0,0,0,,0,0,0,,0,0,0,,813,0,0,0,
619f48c4546c481bbc52aadc12c3e48f,300,1647,0,0,0,,0,0,0,,0,0,0,,1397,413,278,1870,https://www.twitch.tv/videos/2225766411
c485c46db92a4cda909347804da07153,299,18143,0,0,0,,0,0,0,,0,0,0,,299,0,0,0,
9abd60c00f0f412b978a2398b13ac4e8,299,37452,0,0,0,,0,0,0,,0,0,0,,0,0,0,0,
e773129f910c4bd182f3b702c9ec1b55,298,8552,0,0,0,,0,0,0,,0,0,0,,0,0,0,0,
c4268d9874b14b3282613fa11102ce4b,298,17925,0,0,0,,0,0,0,,0,0,0,,188,202,160,380,https://www.twitch.tv/videos/2229156350
33546b9ad5a8408589405f9467063dd7,298,1956,433,408,433,https://www.youtube.com/watch?v=gSbU2Rkkpp8,0,0,0,,433,408,433,https://www.youtube.com/watch?v=gSbU2Rkkpp8,2579,164,150,448,https://www.twitch.tv/videos/2216146866
d613059b356d4cc9b1c3e998f32d1a5a,297,12137,309,51,411,https://www.youtube.com/watch?v=f5OIQjMXIJ0,0,0,0,,309,51,411,https://www.youtube.com/watch?v=f5OIQjMXIJ0,3851,0,0,0,
890c5d306c5f4a218f861c8a98a1e74a,297,5146,0,0,0,,0,0,0,,0,0,0,,69,0,0,0,
4ba065758aa94ce18cfe227cc37b1afe,296,4548,47,5,47,https://www.youtube.com/watch?v=lS0M_-n6scs,0,0,0,,47,5,47,https://www.youtube.com/watch?v=lS0M_-n6scs,2286,468,332,637,https://www.twitch.tv/videos/2223897643
c92baa46ff4e41c9918ad2427c0853d6,296,16674,0,0,0,,0,0,0,,0,0,0,,3231,471,374,753,https://www.twitch.tv/videos/2226532758
28c152a7489b4402960bd4bd36b7229b,296,25426,72,30,471,https://www.youtube.com/watch?v=qlsx7F2NZx0,77,31,126,https://www.youtube.com/watch?v=r3TNOUgDgkw,48,30,471,https://www.youtube.com/watch?v=qlsx7F2NZx0,85,0,0,0,
be1bfb3aafb34118808fd5a5c059ffaf,296,27227,0,0,0,,0,0,0,,0,0,0,,521,0,0,0,
13a4e83f2bbc4d18bb27520a4dceef72,295,9033,0,0,0,,0,0,0,,0,0,0,,1782,1424,1170,1621,https://www.twitch.tv/videos/2222878591
d61dc44af2ba4985a85de19b5b29cf64,294,31790,0,0,0,,0,0,0,,0,0,0,,0,0,0,0,
0a9ce04e6eee4c6d8dde6eb5a0f56c20,294,10595,20,11,44,https://www.youtube.com/watch?v=Zp6mMJKtpy0,0,0,0,,20,11,44,https://www.youtube.com/watch?v=Zp6mMJKtpy0,0,0,0,0,
07930a961f0b4078a14f0a57f0a93965,293,19626,63,54,99,https://www.youtube.com/watch?v=hSQzpTMAnbE,63,54,99,https://www.youtube.com/watch?v=hSQzpTMAnbE,0,0,0,,0,0,0,0,
2af109d54b1c49968b572aa2b59664ab,293,11967,0,0,0,,0,0,0,,0,0,0,,0,0,0,0,
21f5355738614770afb34b761a4c45af,293,3142,0,0,0,,0,0,0,,0,0,0,,0,0,0,0,
f072e780d0c84ca08c27020e1f2de365,293,4826,71,31,84,https://www.youtube.com/watch?v=8l3yXYFSSNU,77,43,84,https://www.youtube.com/watch?v=8l3yXYFSSNU,37,24,37,https://www.youtube.com/watch?v=LaKzcyygOHo,470,49,34,190,https://www.twitch.tv/videos/2228373902
a5681ed32f994c57a107a0b9248fb228,292,1293,199,154,421,https://www.youtube.com/watch?v=D2Z-r2yuTwY,163,158,421,https://www.youtube.com/watch?v=D2Z-r2yuTwY,236,116,236,https://www.youtube.com/watch?v=C51x_yqAdkU,0,0,0,0,
6d5302878a2a4d369cb812efdc6232bd,291,2701,0,0,0,,0,0,0,,0,0,0,,447,0,0,0,
6790376d72ef4bb992cef011444aeeb6,291,44123,2972,1781,7115,https://www.youtube.com/watch?v=Aq3WsS6rP8M,89,55,89,https://www.youtube.com/watch?v=ABU9ivhiAXw,2986,1858,7115,https://www.youtube.com/watch?v=Aq3WsS6rP8M,0,0,0,0,
cbb0ea239d8e4f65a46ada52dfb778e3,289,2947,0,0,0,,0,0,0,,0,0,0,,346,0,0,0,
f3fe9fb6de2a477fae878a39924c15bd,289,4412,0,0,0,,0,0,0,,0,0,0,,1761,960,656,1136,https://www.twitch.tv/videos/2219489794
52fc7c19da6847319816774b66ff9184,289,6642,45,2,47,https://www.youtube.com/watch?v=1FNS8TD9zsI,45,2,47,https://www.youtube.com/watch?v=1FNS8TD9zsI,0,0,0,,0,0,0,0,
9d5365bf17564326a578781a38b72bea,288,0,0,0,0,,0,0,0,,0,0,0,,0,0,0,0,
3df5dcf41cdb46c7b7de73e502ce4ae1,287,9039,0,0,0,,0,0,0,,0,0,0,,603,0,0,0,
c11749c10e1941a9adb2a231eee2f2ea,286,3200,43,4,43,https://www.youtube.com/watch?v=0V4M5Wc0zUU,43,4,43,https://www.youtube.com/watch?v=0V4M5Wc0zUU,0,0,0,,0,0,0,0,
d09b9f800b7940deb1f8a2b58a302f07,286,3461,10,4,57,https://www.youtube.com/watch?v=UJMAJlL6OQM,0,0,0,,10,4,57,https://www.youtube.com/watch?v=UJMAJlL6OQM,3993,524,381,2081,https://www.twitch.tv/videos/2229362141
d5f59c2707ee449dadea1d736de1b9ef,285,0,0,0,0,,0,0,0,,0,0,0,,2281,0,0,0,
4599283c135c4e779cc5068b2bc37156,285,2250,0,0,0,,0,0,0,,0,0,0,,564,100,90,179,https://www.twitch.tv/videos/2223098350
66f7f39ae20e44d39c8ed53da5ca53e7,284,4534,0,0,0,,0,0,0,,0,0,0,,2164,0,0,0,
a13421f0201540ecaccd5c207b15c425,284,13180,34,13,556,https://www.youtube.com/watch?v=c3TP6cgh4Co,34,9,73,https://www.youtube.com/watch?v=fK2wLdSkD8U,83,30,556,https://www.youtube.com/watch?v=c3TP6cgh4Co,0,0,0,0,
4859b57db8e043f1965e56324f137097,282,24928,464,233,523,https://www.youtube.com/watch?v=p1BIZwMqOY4,0,0,0,,464,233,523,https://www.youtube.com/watch?v=p1BIZwMqOY4,856,134,100,349,https://www.twitch.tv/videos/2222213820
836540821b58433e9e04bea62c49cf2d,281,0,0,0,0,,0,0,0,,0,0,0,,354,0,0,0,
d8520b0d7b424141bf19b3254d264960,281,4883,63,45,63,https://www.youtube.com/watch?v=XlkLtzw-yq4,63,45,63,https://www.youtube.com/watch?v=XlkLtzw-yq4,0,0,0,,0,0,0,0,
df7b08cd72224681a63e6e85e0753132,280,17620,11,0,11,https://www.youtube.com/watch?v=eNf4pInylNo,0,0,0,,11,0,11,https://www.youtube.com/watch?v=eNf4pInylNo,105,0,0,0,
bc5f0ae969564d15a5e85bfbe4df3164,280,9057,0,0,0,,0,0,0,,0,0,0,,38,0,0,0,
5734f8f1aa53439e84769631937e0dd7,280,0,0,0,0,,0,0,0,,0,0,0,,0,0,0,0,
279a45d6a8f9445389b9b8cdbcb72ae8,279,26482,122,48,133,https://www.youtube.com/watch?v=x514PO2aT7s,0,0,0,,122,48,133,https://www.youtube.com/watch?v=x514PO2aT7s,211,75,45,75,https://www.twitch.tv/videos/2219852377
b39949e93e184c85bde930a33d1bee66,279,5367,82,34,162,https://www.youtube.com/watch?v=EcfvjAwufC8,82,34,162,https://www.youtube.com/watch?v=EcfvjAwufC8,0,0,0,,0,0,0,0,
7179f903569e4fa9842b5c5ea3f7a645,278,13147,111,32,153,https://www.youtube.com/watch?v=imRArsU2OpM,111,32,153,https://www.youtube.com/watch?v=imRArsU2OpM,0,0,0,,413,0,0,0,
acb95c574d8444cd80102796e0d56edd,278,10587,110,16,125,https://www.youtube.com/watch?v=hjA2cSTu86Q,110,16,125,https://www.youtube.com/watch?v=hjA2cSTu86Q,0,0,0,,225,0,0,0,
03e9bea117bd4b5ba189b48f1617d9bb,277,7683,0,0,0,,0,0,0,,0,0,0,,0,0,0,0,
0f813d66362d4fc29dad8261e04e8d43,277,402,0,0,0,,0,0,0,,0,0,0,,147,0,0,0,
4caacad18f2842a099e3f8cc31060aca,277,6810,94,43,319,https://www.youtube.com/watch?v=IOhiiq90LuE,113,56,319,https://www.youtube.com/watch?v=IOhiiq90LuE,64,17,80,https://www.youtube.com/watch?v=VLsjP0q2JOU,0,0,0,0,
b4607ee6ce914078ae3704617ca03333,276,14540,0,0,0,,0,0,0,,0,0,0,,523,0,0,0,
0dbf3f6f6521460782992a963122aed0,276,5031,154,100,728,https://www.youtube.com/watch?v=GqmMAGuFTs8,221,204,728,https://www.youtube.com/watch?v=GqmMAGuFTs8,152,87,273,https://www.youtube.com/watch?v=uZ23C0xqq-g,190,0,0,0,
bb0466e52fe240099d8498548b2fad3e,276,14812,0,0,0,,0,0,0,,0,0,0,,79,0,0,0,
abda6c94394b47ba885c34417e3a4d08,275,7802,0,0,0,,0,0,0,,0,0,0,,605,0,0,0,
9643c650b1804107b85de1f08010aa9d,275,2913,22,9,83,https://www.youtube.com/watch?v=mgQTav1g7qc,83,6,83,https://www.youtube.com/watch?v=mgQTav1g7qc,18,13,22,https://www.youtube.com/watch?v=PgK2LZ5M-5o,97,18,12,24,https://www.twitch.tv/videos/2222344379
7a160bd129144664804dd3fc08fceeb1,275,19876,15,14,15,https://www.youtube.com/watch?v=E7wKRTNWXlo,0,0,0,,15,14,15,https://www.youtube.com/watch?v=E7wKRTNWXlo,1765,276,239,537,https://www.twitch.tv/videos/2229075798
6d1b01658ae74a7f91c7f60b5abe1cb2,274,75980,52,42,100,https://www.youtube.com/watch?v=b4LUTZNzOTk,73,43,100,https://www.youtube.com/watch?v=b4LUTZNzOTk,52,0,52,https://www.youtube.com/watch?v=Rkmcxw6P0y4,0,0,0,0,
40f76b568f384790a1a089bb6619ddb2,274,4230,31,20,31,https://www.youtube.com/watch?v=lxMjrGOMrhU,0,0,0,,31,20,31,https://www.youtube.com/watch?v=lxMjrGOMrhU,605,151,126,326,https://www.twitch.tv/videos/2227488430
6fa20242354646ad8e8feea8d52e514e,274,6414,5,1,25,https://www.youtube.com/watch?v=MRDT12Isnxk,0,0,0,,5,1,25,https://www.youtube.com/watch?v=MRDT12Isnxk,0,0,0,0,
72ee59fb29644f8b88a4dd3d7e91fe39,273,8760,146,45,169,https://www.youtube.com/watch?v=NEX4bDHtnbw,146,45,169,https://www.youtube.com/watch?v=NEX4bDHtnbw,0,0,0,,0,0,0,0,
8a8a1d0901c04d568be19e2d8bbc9ca1,271,25981,0,0,0,,0,0,0,,0,0,0,,0,0,0,0,
0b0668c6206c4500bdcbc281ee58680c,271,17317,0,0,0,,0,0,0,,0,0,0,,2506,0,0,0,
7e26ddf485a84c0cb6d781a3bf432c55,270,1057,0,0,0,,0,0,0,,0,0,0,,2529,667,467,667,https://www.twitch.tv/videos/2222301508
703cea871ebf4ab6a8b2704f7611197b,268,8087,35,14,35,https://www.youtube.com/watch?v=c7K4aiyvtwc,35,14,35,https://www.youtube.com/watch?v=c7K4aiyvtwc,0,0,0,,0,0,0,0,
c232b3088a6e49b997b325d5de9a3013,268,2587,21,8,57,https://www.youtube.com/watch?v=VNsj8qSctVk,21,8,57,https://www.youtube.com/watch?v=VNsj8qSctVk,0,0,0,,127,0,0,0,
d2e2645a97a14ce4b58a7884c0e6ec56,267,27176,0,0,0,,0,0,0,,0,0,0,,644,57,41,77,https://www.twitch.tv/videos/2223987850
f9247dd02dd24e209eba623edcd8354b,267,12461,107,88,784,https://www.youtube.com/watch?v=aYyRilO2AXQ,0,0,0,,107,88,784,https://www.youtube.com/watch?v=aYyRilO2AXQ,271,166,132,402,https://www.twitch.tv/videos/2219609550
a6a155230538488e8488f01160598837,266,16585,4,2,41,https://www.youtube.com/watch?v=q685AEakJCc,0,0,0,,4,2,41,https://www.youtube.com/watch?v=q685AEakJCc,0,0,0,0,
b9eb00549c554290a7dbc5cd05910239,266,6119,104,83,501,https://www.youtube.com/watch?v=UOXdK6YDNl0,95,53,104,https://www.youtube.com/watch?v=UH_rb51YS9U,462,204,501,https://www.youtube.com/watch?v=UOXdK6YDNl0,0,0,0,0,
904217f39af144a9b922beab57e61ae4,265,6457,0,0,0,,0,0,0,,0,0,0,,244,0,0,0,
2608bc34d1f8497da55ab0cf4d0d7f0e,262,3777,0,0,0,,0,0,0,,0,0,0,,1462,221,170,680,https://www.twitch.tv/videos/2226462403
5e5a5e77c39148ef8f31ccc1c63fdcd4,262,3230,165,71,311,https://www.youtube.com/watch?v=wKP39tIWrjo,157,55,267,https://www.youtube.com/watch?v=a6Ymc67R6g8,210,134,311,https://www.youtube.com/watch?v=wKP39tIWrjo,26,0,0,0,
7f34e1e57aee461c8de6f8a112d45294,262,4160,62,32,126,https://www.youtube.com/watch?v=e399RM-fYS0,62,32,126,https://www.youtube.com/watch?v=e399RM-fYS0,0,0,0,,0,0,0,0,
5c85ca3ffbfc4ff6b0591c29fc92b7eb,261,5271,0,0,0,,0,0,0,,0,0,0,,0,0,0,0,
830fd8d5a40e44d1a71b83fe876e1ac5,260,8356,0,0,0,,0,0,0,,0,0,0,,0,0,0,0,
a132c46032c54886ab763bffbd0cf892,259,0,0,0,0,,0,0,0,,0,0,0,,0,0,0,0,
0ff25ac169ee4ed584abd2591cb72a59,258,11743,0,0,0,,0,0,0,,0,0,0,,0,0,0,0,
cd0b2f63c88e4b4abd5b83296a5d7866,257,3465,0,0,0,,0,0,0,,0,0,0,,3574,343,185,393,https://www.twitch.tv/videos/2219025133
a76d4171e74448fd9d1a6eaf183be3ff,256,11591,0,0,0,,0,0,0,,0,0,0,,676,153,128,260,https://www.twitch.tv/videos/2226602295
dc8226bfc9c64cf5bc768f387a41c48d,256,2391,130,117,395,https://www.youtube.com/watch?v=q8_G3262gi8,125,98,395,https://www.youtube.com/watch?v=q8_G3262gi8,207,138,284,https://www.youtube.com/watch?v=LUAsgFSoYb0,0,0,0,0,
e7ac18c2e713426692cfd0ef7fe2b897,256,20,0,0,0,,0,0,0,,0,0,0,,147,0,0,0,
4766ec1a407f4271bca77fb81487e81a,256,13661,3,0,632,https://www.youtube.com/watch?v=P_LXJw6i-Ms,0,0,0,,3,0,632,https://www.youtube.com/watch?v=P_LXJw6i-Ms,3241,661,404,1542,https://www.twitch.tv/videos/2224629974
760be43ef62847d8a7e937cc206280f2,256,1473,0,0,0,,0,0,0,,0,0,0,,82,0,0,0,
8ae87582ab1e4b31bfd38310afda77bd,254,1542,0,0,0,,0,0,0,,0,0,0,,961,326,186,1004,https://www.twitch.tv/videos/2221211739
44ed1695f2ea4c7790735fdd335aae78,254,2021,0,0,0,,0,0,0,,0,0,0,,1274,0,0,0,
809ddec4aec2402ea41adeba2f8520ec,253,15845,33,25,33,https://www.youtube.com/watch?v=cinP0yfNPuU,0,0,0,,33,25,33,https://www.youtube.com/watch?v=cinP0yfNPuU,885,0,0,0,
a091320108954092a07650dd8a31a451,253,11288,0,0,0,,0,0,0,,0,0,0,,0,0,0,0,
975ec89d484d499aa1beece0c6731a15,253,11585,0,0,0,,0,0,0,,0,0,0,,0,0,0,0,
9ee558b898964252a06e2c423f8d58ad,253,0,0,0,0,,0,0,0,,0,0,0,,0,0,0,0,
921e0a5b34fe4e5897bc5da84457a0b8,253,6760,0,0,0,,0,0,0,,0,0,0,,226,0,0,0,
67b3f32472774d3191ecfea12f60a990,252,7681,27,16,51,https://www.youtube.com/watch?v=x3zSnlWCGyg,27,16,51,https://www.youtube.com/watch?v=x3zSnlWCGyg,0,0,0,,100,18,13,39,https://www.twitch.tv/videos/2228392483
c22cb6790eaf4fcc8ac47633e0ab6c49,252,2640,95,69,191,https://www.youtube.com/watch?v=AV1KaLJf7og,95,69,191,https://www.youtube.com/watch?v=AV1KaLJf7og,0,0,0,,0,0,0,0,
1f8e9051b89f40fea13780bcd4a8ef7d,251,3305,0,0,0,,0,0,0,,0,0,0,,79,0,0,0,
aac7be72efc74efe9e77148fd4af7151,249,6099,0,0,0,,0,0,0,,0,0,0,,0,0,0,0,
2b1ef81172474b6b8409100be2f30da7,248,2687,13,4,56,https://www.youtube.com/watch?v=23KVfJyD2mo,0,0,0,,13,4,56,https://www.youtube.com/watch?v=23KVfJyD2mo,2329,1149,819,2544,https://www.twitch.tv/videos/2224098186
3a44da0674144e61bff60415cc09a678,246,5993,23,9,25,https://www.youtube.com/watch?v=ptsJcRYCPKs,23,9,25,https://www.youtube.com/watch?v=ptsJcRYCPKs,0,0,0,,0,0,0,0,
fc8cf370daaf4201bd988b19e70d99a5,245,15511,0,0,0,,0,0,0,,0,0,0,,0,0,0,0,
442edbdb59fe4979a2be3e5183258cf8,242,9515,83,41,111,https://www.youtube.com/watch?v=YBIUGNK3EKE,83,41,111,https://www.youtube.com/watch?v=YBIUGNK3EKE,0,0,0,,0,0,0,0,
e443b9e0c3524137ba2774625c6c78cd,242,1844,0,0,0,,0,0,0,,0,0,0,,542,48,40,141,https://www.twitch.tv/videos/2226596646
fbd0d260a09c47b1a9dcc73fd41e7eca,241,2609,0,0,0,,0,0,0,,0,0,0,,6231,0,0,0,
d3a0a421fd184f9fa51856096d01e85b,238,13665,65,44,67,https://www.youtube.com/watch?v=z8ayz9ve-HU,65,44,67,https://www.youtube.com/watch?v=z8ayz9ve-HU,0,0,0,,0,0,0,0,
a16471805f7f44f88237b42c79b9f3a2,238,7657,0,0,0,,0,0,0,,0,0,0,,0,0,0,0,
156aba6fe34b4d648a3fd210550963c7,236,0,0,0,0,,0,0,0,,0,0,0,,94,0,0,0,
94ca3090942d4ca38a71b8f1b65c7343,236,14574,0,0,0,,0,0,0,,0,0,0,,124,0,0,0,
41edcbf09b764ff8af8154582cd86512,236,2646,0,0,0,,0,0,0,,0,0,0,,0,0,0,0,
c5e956bdce614dddbeddfaf6ada4200d,235,11228,100,34,133,https://www.youtube.com/watch?v=1pjF-815Woc,100,34,133,https://www.youtube.com/watch?v=1pjF-815Woc,0,0,0,,0,0,0,0,
bf7122f997f04401b0a6938abaded38c,235,14299,0,0,0,,0,0,0,,0,0,0,,0,0,0,0,
90a8ac8d7653460298ba85cb7e4d3bc9,234,2859,0,0,0,,0,0,0,,0,0,0,,53,0,0,0,
25619abc5e0d4f79839e48d83234eaf8,234,4233,29,6,55,https://www.youtube.com/watch?v=90WzICM1kcw,34,7,55,https://www.youtube.com/watch?v=90WzICM1kcw,1,0,1,https://www.youtube.com/watch?v=3cmO2L9goAw,616,28,20,33,https://www.twitch.tv/videos/2226689161
08ad5252798346418db059ade21ae522,233,5226,42,5,155,https://www.youtube.com/watch?v=vv-RCSSGn5k,42,5,155,https://www.youtube.com/watch?v=vv-RCSSGn5k,0,0,0,,0,0,0,0,
652b28416c394eed93337f121c0dcbf5,233,6639,85,52,89,https://www.youtube.com/watch?v=zN2IREVD8iw,85,52,89,https://www.youtube.com/watch?v=zN2IREVD8iw,0,0,0,,0,0,0,0,
1090032399054c2bb010a0a7287b2006,233,4019,59,19,431,https://www.youtube.com/watch?v=jBonTIIhSgs,45,14,63,https://www.youtube.com/watch?v=2GNmGZL56P8,89,31,431,https://www.youtube.com/watch?v=jBonTIIhSgs,0,0,0,0,
4d4db7afb4b84af7b4d54889a5f93947,233,9202,0,0,0,,0,0,0,,0,0,0,,0,0,0,0,
ee8addc35a0041fe8c02f6b22c1d2289,232,15710,0,0,0,,0,0,0,,0,0,0,,207,38,35,38,https://www.twitch.tv/videos/2228318500
4cebb92683d548089e998ec18a484930,232,11557,70,30,78,https://www.youtube.com/watch?v=NuAsnrZKD3c,70,30,78,https://www.youtube.com/watch?v=NuAsnrZKD3c,0,0,0,,0,0,0,0,
df292544db27442ea21604a7c6217587,230,10808,0,0,0,,0,0,0,,0,0,0,,0,0,0,0,
6eac5ce6527b4513bcff4b38d277b5cc,229,6964,68,20,128,https://www.youtube.com/watch?v=04lx_4LO3o4,68,20,128,https://www.youtube.com/watch?v=04lx_4LO3o4,0,0,0,,0,0,0,0,
0bf305da1ec14c5c8447b9a007bc81f6,228,7576,138,69,280,https://www.youtube.com/watch?v=4UxMiZJlKdo,138,69,280,https://www.youtube.com/watch?v=4UxMiZJlKdo,0,0,0,,309,157,90,236,https://www.twitch.tv/videos/2224016768
7ee1b473a5584a1a85973acfa45e0e1d,227,3478,52,23,388,https://www.youtube.com/watch?v=QVPyfB4LI9E,52,23,388,https://www.youtube.com/watch?v=QVPyfB4LI9E,0,0,0,,0,0,0,0,
2683fa864bd24112b6f7d04afb096a4e,226,4191,187,143,641,https://www.youtube.com/watch?v=WtvXbPc5BfE,160,147,571,https://www.youtube.com/watch?v=Q_RIdDdTN1k,195,138,641,https://www.youtube.com/watch?v=WtvXbPc5BfE,51,0,0,0,
a24116ba22c84747818b7be8cd8eb733,226,5140,83,71,535,https://www.youtube.com/watch?v=vf7XP-TEPZ4,83,71,535,https://www.youtube.com/watch?v=vf7XP-TEPZ4,0,0,0,,254,32,22,38,https://www.twitch.tv/videos/2219735138
f7758d944fd8438a86bfe1235c7bcd17,226,11908,0,0,0,https://www.youtube.com/watch?v=ljzIMropmpg,0,0,0,,0,0,0,https://www.youtube.com/watch?v=ljzIMropmpg,401,45,31,80,https://www.twitch.tv/videos/2221519197
5e259658ed814cc894dfe408d10ecc6e,226,8592,128,50,214,https://www.youtube.com/watch?v=n5xf3nvrKcg,128,50,214,https://www.youtube.com/watch?v=n5xf3nvrKcg,0,0,0,,0,0,0,0,
4ba98a2155ad4b4392d8c5d7a51f4964,225,30422,249,144,2399,https://www.youtube.com/watch?v=_fi4U3H_wc4,229,142,468,https://www.youtube.com/watch?v=TNnVhUs944c,1027,581,2399,https://www.youtube.com/watch?v=_fi4U3H_wc4,0,0,0,0,
5ea1e4c39e1640e4bdacbc872f264f16,225,8186,0,0,0,,0,0,0,,0,0,0,,0,0,0,0,
e84d584c7c574b50b0a9efc240ef74a3,223,8139,0,0,0,,0,0,0,,0,0,0,,0,0,0,0,
c2f77009b4264e3fa09aa054c89bb40c,223,2156,144,99,440,https://www.youtube.com/watch?v=YaADgzyarws,158,104,323,https://www.youtube.com/watch?v=DaG0Q5KN34c,136,98,440,https://www.youtube.com/watch?v=YaADgzyarws,55,120,107,154,https://www.twitch.tv/videos/2229142894
16104c4d611242ec9ebc07f7e34966ce,223,16316,0,0,0,,0,0,0,,0,0,0,,0,0,0,0,
af89613e72874e219c00ab0c89b6c641,222,47007,55,29,80,https://www.youtube.com/watch?v=hifI7gwHP5Q,55,29,80,https://www.youtube.com/watch?v=hifI7gwHP5Q,0,0,0,,5,0,0,0,
63730ec82db64ce5a51464cf24f9a4aa,222,0,0,0,0,,0,0,0,,0,0,0,,407,0,0,0,
c274c90379ca4e57a79251976cda3e54,221,8059,57,27,95,https://www.youtube.com/watch?v=OuN8mW05lP4,57,27,95,https://www.youtube.com/watch?v=OuN8mW05lP4,0,0,0,,339,44,31,50,https://www.twitch.tv/videos/2219874076
a7bb915cc1a0474080d7dbf6d245daf4,221,9867,0,0,0,,0,0,0,,0,0,0,,40,4,3,5,https://www.twitch.tv/videos/2229220033
3986345f7cae4fc5ba3b7fd3a8dceba0,220,936,0,0,0,,0,0,0,,0,0,0,,0,0,0,0,
93f634fe42104563b8c2343813098b46,218,4315,33,28,56,https://www.youtube.com/watch?v=GyGNZu97Xkg,0,0,0,,33,28,56,https://www.youtube.com/watch?v=GyGNZu97Xkg,846,0,0,0,
cbaa062d8a2443b1b2b1efd92d9bd3bb,218,1391,0,0,0,,0,0,0,,0,0,0,,0,0,0,0,
1ccf3d7852d34137b9cc70343dcc41bf,217,78019,23,3,201,https://www.youtube.com/watch?v=_UHJZ_UcHV4,49,0,49,https://www.youtube.com/watch?v=BCUBn_j9Y18,10,4,201,https://www.youtube.com/watch?v=_UHJZ_UcHV4,105,17,12,31,https://www.twitch.tv/videos/2218933591
b3a1f0922f7440f3bb1adbfa7a04bd09,216,7394,0,0,0,,0,0,0,,0,0,0,,828,0,0,0,
bf6401d2159c40a8a616defa8c2c4a66,214,25036,16,3,45,https://www.youtube.com/watch?v=PwomAbLKHDU,0,0,0,,16,3,45,https://www.youtube.com/watch?v=PwomAbLKHDU,838,139,95,169,https://www.twitch.tv/videos/2226605946
76a17ecab93c4c3db069c9a5d8d0ecf5,213,20721,0,0,0,,0,0,0,,0,0,0,,1571,178,39,367,https://www.twitch.tv/videos/2204831337
5bc9033b30954bedb0e2442e8470d5a2,213,2593,0,0,0,,0,0,0,,0,0,0,,0,0,0,0,
22a21c1a529f4817b8790629d8b4590f,212,9433,0,0,0,,0,0,0,,0,0,0,,100,0,0,0,
dfa5fefa546a40d5a677ddfff02ff3e1,212,9060,0,0,0,,0,0,0,,0,0,0,,625,46,31,107,https://www.twitch.tv/videos/2221537931
d8b5835bc6aa46119cc7ddd4447e780f,211,33952,7,3,34,https://www.youtube.com/watch?v=vK2Rutxvr6I,0,0,0,,7,3,34,https://www.youtube.com/watch?v=vK2Rutxvr6I,1856,121,82,173,https://www.twitch.tv/videos/2227482831
3e86fddd8145474691e77ba761a6b2a5,210,23393,24,2,62,https://www.youtube.com/watch?v=hW2lqk-IMfQ,0,0,0,,24,2,62,https://www.youtube.com/watch?v=hW2lqk-IMfQ,977,140,83,205,https://www.twitch.tv/videos/2221554628
a22d4c8d3bc94bb1ac4b3e672dfa0f91,210,1597,312,62,312,https://www.youtube.com/watch?v=dLY-pHOgeIQ,312,62,312,https://www.youtube.com/watch?v=dLY-pHOgeIQ,0,0,0,,0,0,0,0,
7badd33c853240e280db61899f381ff2,209,6244,22,7,224,https://www.youtube.com/watch?v=coUej2V80Dw,30,12,63,https://www.youtube.com/watch?v=wR4YsH7Hk-o,12,5,224,https://www.youtube.com/watch?v=coUej2V80Dw,329,44,29,93,https://www.twitch.tv/videos/2220546150
a3afce163c9341c992f526816d9d5440,209,2527,45,29,45,https://www.youtube.com/watch?v=HGzdowRockw,45,29,45,https://www.youtube.com/watch?v=HGzdowRockw,0,0,0,,76,27,25,38,https://www.twitch.tv/videos/2228376429
f1d9ff59d3d74b0ebb4268de53698dbf,209,6037,0,0,0,,0,0,0,,0,0,0,,664,48,32,57,https://www.twitch.tv/videos/2228256920
904f58005872497b82964fff25490152,208,7464,50,21,135,https://www.youtube.com/watch?v=4IkMWgZoI18,51,29,135,https://www.youtube.com/watch?v=4IkMWgZoI18,13,12,13,https://www.youtube.com/watch?v=wxzb4kvvBLo,146,125,99,190,https://www.twitch.tv/videos/2228357500
789a7f5d025349b4ace0925f9e17fdd7,208,720,0,0,0,,0,0,0,,0,0,0,,0,0,0,0,
29c5ea1a6723412587c63a4ee1c1b910,207,7387,40,22,47,https://www.youtube.com/watch?v=2pmUFLvrM2k,40,22,47,https://www.youtube.com/watch?v=2pmUFLvrM2k,0,0,0,,0,0,0,0,
2e7fa2f9a4ba4ca6a0ea1397839aafca,207,6478,115,45,150,https://www.youtube.com/watch?v=AFRBD4WKr7o,115,45,150,https://www.youtube.com/watch?v=AFRBD4WKr7o,0,0,0,,0,0,0,0,
2afd93f378e14e78ad944fa86a84ed98,207,4817,0,0,0,,0,0,0,,0,0,0,,0,0,0,0,
c6704a4edfef443ba46ba7f0db0c4ff9,207,6472,0,0,0,,0,0,0,,0,0,0,,0,0,0,0,
ec198b33036c436591c01ee93976b6a3,206,3721,261,38,261,https://www.youtube.com/watch?v=8ziFyaqDat0,261,38,261,https://www.youtube.com/watch?v=8ziFyaqDat0,0,0,0,,0,0,0,0,
12479712313d4ddda715483e1f93ee9d,204,3759,0,0,0,,0,0,0,,0,0,0,,0,0,0,0,
bd39e88e6dd24e659b135b7fe96bef5b,204,441,0,0,0,,0,0,0,,0,0,0,,0,0,0,0,
424043d4c55449cd9317bc0923c13299,204,22591,128,22,128,https://www.youtube.com/watch?v=n1zt-eGLHNs,0,0,0,,128,22,128,https://www.youtube.com/watch?v=n1zt-eGLHNs,103,46,40,50,https://www.twitch.tv/videos/2227458117
a5a59537edc54be3919408276c556bd7,201,4888,0,0,0,,0,0,0,,0,0,0,,0,0,0,0,
04e8814df3b54af0b0c7edc34b4cdda0,201,3044,84,42,84,https://www.youtube.com/watch?v=hPCqmbbSB1Q,84,42,84,https://www.youtube.com/watch?v=hPCqmbbSB1Q,0,0,0,,0,0,0,0,
cfe0c2386d794c229d71c5a6a7e28333,200,10803,25,6,42,https://www.youtube.com/watch?v=TlPzyAUnhDo,0,0,0,,25,6,42,https://www.youtube.com/watch?v=TlPzyAUnhDo,0,0,0,0,
2dfcc511bca64a678926415857b097e9,199,0,0,0,0,,0,0,0,,0,0,0,,0,0,0,0,
78dea7b59be448329ec287a403f95a13,199,5684,14,7,663,https://www.youtube.com/watch?v=JUhnPCW1WTk,0,0,0,,14,7,663,https://www.youtube.com/watch?v=JUhnPCW1WTk,1117,228,161,878,https://www.twitch.tv/videos/2226594868
c8c0ab1d59fb4608ab1e460e946fa88a,199,1777,54,47,54,https://www.youtube.com/watch?v=mCJMpyKIY4s,0,0,0,,54,47,54,https://www.youtube.com/watch?v=mCJMpyKIY4s,0,0,0,0,
738317b741174fff8eefca31fc2de9fe,199,15872,0,0,0,,0,0,0,,0,0,0,,0,0,0,0,
dc0f8e297afc4531ac04e46808f7ef6d,198,10482,2214,394,2478,https://www.youtube.com/watch?v=2iAgjZGk5x4,0,0,0,,2214,394,2478,https://www.youtube.com/watch?v=2iAgjZGk5x4,1020,49,35,78,https://www.twitch.tv/videos/2219813868
de5f8aaf92814bb79eb91adb0efc8f1d,198,8008,19,8,71,https://www.youtube.com/watch?v=vgekN1Zp2pk,19,9,71,https://www.youtube.com/watch?v=vgekN1Zp2pk,2,1,2,https://www.youtube.com/watch?v=X4WPOC8sGzU,0,0,0,0,
df6443487ffb4142aea2b053b4aa8db7,197,9087,0,0,0,,0,0,0,,0,0,0,,1412,160,116,208,https://www.twitch.tv/videos/2220410468
d017bd7855e547298906060f0e9b442e,197,3139,0,0,0,,0,0,0,,0,0,0,,1032,155,126,774,https://www.twitch.tv/videos/2218047129
df079afa77ea4a65baedaaa701936050,196,0,0,0,0,,0,0,0,,0,0,0,,0,0,0,0,
3dc59c2e8b424c9e812fb48048ebdef8,196,5115,0,0,0,,0,0,0,,0,0,0,,1408,78,55,169,https://www.twitch.tv/videos/2219588613
192be77802a54229bb67b40c00978520,196,1165,379,115,379,https://www.youtube.com/watch?v=dn3InRA9i5s,0,0,0,,379,115,379,https://www.youtube.com/watch?v=dn3InRA9i5s,783,457,337,615,https://www.twitch.tv/videos/2225712794
c8bd7c9fcc714269b8092571f2622867,196,497,0,0,0,,0,0,0,,0,0,0,,0,0,0,0,
2e05bf5968cf4b3789a1316f5b05d857,196,48124,89,29,176,https://www.youtube.com/watch?v=aDIYtWp-uww,0,0,0,,89,29,176,https://www.youtube.com/watch?v=aDIYtWp-uww,0,0,0,0,
04e61f47cdf542c7b5a3b3ae569fc021,195,940,0,0,0,,0,0,0,,0,0,0,,617,185,168,346,https://www.twitch.tv/videos/2220652722
de8c5ca15afd4534a822e5a1a9c2784e,195,1716,0,0,0,,0,0,0,,0,0,0,,1914,3,2,3,https://www.twitch.tv/videos/2229952412
7a7e366c81d54d03a07cb2c6cb382884,194,5822,0,0,0,,0,0,0,,0,0,0,,0,0,0,0,
698d1cca0e1f417892c954dabe0aacf8,193,1319,0,0,0,,0,0,0,,0,0,0,,2115,0,0,0,
202d7c3df0a0489288ace48e1e81ac9f,193,4490,0,0,0,,0,0,0,,0,0,0,,81,0,0,0,
770a8d28e9bd4641acb6a0b2a9d07ef9,192,1559,0,0,0,,0,0,0,,0,0,0,,325,0,0,0,
f30f6a2e994641b5af169b97f2aad13b,192,6693,0,0,0,,0,0,0,,0,0,0,,545,0,0,0,
59ea0c3b836c4dee8ba08df9bb73be86,191,0,0,0,0,,0,0,0,,0,0,0,,0,0,0,0,
75eb49d99170441ab784d7bec7378d21,190,7254,0,0,0,,0,0,0,,0,0,0,,1035,49,34,121,https://www.twitch.tv/videos/2226424867
59e3094256344f8c83a3f4355b8b667b,188,950,0,0,0,,0,0,0,,0,0,0,,813,353,218,951,https://www.twitch.tv/videos/2226786202
624948114ff449e79fc17a68a43ecd68,187,2041,0,0,0,,0,0,0,,0,0,0,,669,237,190,944,https://www.twitch.tv/videos/2225671334
b932ddb915af47ec948b56d4bf901dab,187,1494,55,10,55,https://www.youtube.com/watch?v=nT2msEgq8xM,55,10,55,https://www.youtube.com/watch?v=nT2msEgq8xM,0,0,0,,0,0,0,0,
886a4e04bead4c5088c3d32896b28d9b,186,1166,0,0,0,,0,0,0,,0,0,0,,0,0,0,0,
a324be13dcdb4acbbe722638fc2dbfa4,185,9395,100,31,174,https://www.youtube.com/watch?v=X2iQvEmLtPQ,100,31,174,https://www.youtube.com/watch?v=X2iQvEmLtPQ,0,0,0,,68,15,13,17,https://www.twitch.tv/videos/2224000839
9814a60f7b004019a6e3ab7b2520a7c2,184,4049,0,0,0,,0,0,0,,0,0,0,,53,0,0,0,
85ab3b48d46e4a8ab1d4b5d46fd97c41,184,13199,0,0,0,,0,0,0,,0,0,0,,0,0,0,0,
fe1304d2a7694657a0922ac4fee53977,183,2753,0,0,0,,0,0,0,,0,0,0,,338,0,0,0,
2f5ddd3c62064c14b4d813e7543c87a8,183,4507,80,50,426,https://www.youtube.com/watch?v=dCJ46HOoL6I,106,80,328,https://www.youtube.com/watch?v=Kr_ksT9RtPA,76,49,426,https://www.youtube.com/watch?v=dCJ46HOoL6I,0,0,0,0,
6d76e6b27f164061a216ec2831bd8dd3,180,0,0,0,0,,0,0,0,,0,0,0,,838,54,38,82,https://www.twitch.tv/videos/2218948974
d8fa0fb407c043cb9b65ab66c2221e8d,179,66735,1,0,28,https://www.youtube.com/watch?v=926SNiflRsU,0,0,0,,1,0,28,https://www.youtube.com/watch?v=926SNiflRsU,2055,56,43,78,https://www.twitch.tv/videos/2223234045
ae2d7595c5b94d0786e2fcd5c8973c06,179,2464,0,0,0,,0,0,0,,0,0,0,,0,0,0,0,
e0535f2d38f04d26aca33772bccb33b8,179,5420,0,0,0,,0,0,0,,0,0,0,,765,136,80,256,https://www.twitch.tv/videos/2228318758
226eb1e34c924ae2914d960039905d08,179,20863,220,107,512,https://www.youtube.com/watch?v=G4ujYjfmXp4,30,20,31,https://www.youtube.com/watch?v=RwMLRqiObJs,425,166,512,https://www.youtube.com/watch?v=G4ujYjfmXp4,0,0,0,0,
26e2e1583d404f48b879375ef74ae33a,178,6072,0,0,0,,0,0,0,,0,0,0,,0,0,0,0,
c2b01c98f9a946a9ae34ed7d7abbd8df,178,1125,0,0,0,,0,0,0,,0,0,0,,0,0,0,0,
b0b2b517ea67432981e41a49aa88bc67,175,2478,0,0,0,,0,0,0,,0,0,0,,501,0,0,0,
6c0cf217099345ffac2159da29448a7c,175,6501,0,0,0,,0,0,0,,0,0,0,,111,47,31,47,https://www.twitch.tv/videos/2221491281
c56801a52568414ca54724a3c24c3417,175,17133,0,0,0,,0,0,0,,0,0,0,,1974,271,210,493,https://www.twitch.tv/videos/2226715968
1bbbb184005d4213b9f3caa2b69eecfc,175,5598,0,0,0,,0,0,0,,0,0,0,,0,0,0,0,
a46ad933ff6f4d0c91cc1069f0329265,174,3429,0,0,0,,0,0,0,,0,0,0,,0,0,0,0,
56e0088d20b04a059da9932476fc9a5b,174,20185,0,0,0,,0,0,0,,0,0,0,,2640,0,0,0,
f3a1ec7e996e4897ba4e34376f7c0be2,174,2481,0,0,0,,0,0,0,,0,0,0,,455,127,113,213,https://www.twitch.tv/videos/2220520297
bb21226dc1db41e294f545133948115b,174,8041,86,30,156,https://www.youtube.com/watch?v=xIyevBX8puQ,86,30,156,https://www.youtube.com/watch?v=xIyevBX8puQ,0,0,0,,890,0,0,0,
d564dc69725f4258b8b08d8d5df285a8,173,386,20,12,64,https://www.youtube.com/watch?v=Cl5ohmJSetk,25,15,64,https://www.youtube.com/watch?v=Cl5ohmJSetk,20,6,20,https://www.youtube.com/watch?v=JfQ9Ppeq8SM,25,20,18,54,https://www.twitch.tv/videos/2229169269
964a0dde279c45ea85ffc6ad5d266206,172,1637,0,0,0,,0,0,0,,0,0,0,,387,221,142,709,https://www.twitch.tv/videos/2217771711
61960ee5da5144fa9dd18f453f29c1f5,172,1617,1,0,1,https://www.youtube.com/watch?v=RcM0HqcUnHg,0,0,0,,1,0,1,https://www.youtube.com/watch?v=RcM0HqcUnHg,0,0,0,0,
0134d1ae91784122b79954c2c8571aef,171,0,0,0,0,,0,0,0,,0,0,0,,405,0,0,0,
85340d14d5654ac3b28b39b007a7dea7,171,8699,40,13,91,https://www.youtube.com/watch?v=AyRR0z2JPsk,40,13,91,https://www.youtube.com/watch?v=AyRR0z2JPsk,0,0,0,,0,0,0,0,
1266255bc3ec481abc9d970be9f14f6d,170,0,0,0,0,,0,0,0,,0,0,0,,0,0,0,0,
ffaf6da580a44e11bba9715e3c854958,170,3263,302,42,302,https://www.youtube.com/watch?v=pn9jA8iDeIs,0,0,0,,302,42,302,https://www.youtube.com/watch?v=pn9jA8iDeIs,160,0,0,0,
de454734403e4c8cb03961dec481ff6d,169,6364,36,34,36,https://www.youtube.com/watch?v=zMoLnl1hgZI,0,0,0,,36,34,36,https://www.youtube.com/watch?v=zMoLnl1hgZI,355,35,24,48,https://www.twitch.tv/videos/2219775421
433b2802b62441a39c721400926d59eb,168,2776,35,26,118,https://www.youtube.com/watch?v=YcASXYYVB2k,32,24,37,https://www.youtube.com/watch?v=EXlZtTo3YCE,118,70,118,https://www.youtube.com/watch?v=YcASXYYVB2k,0,0,0,0,
40de95e169c84f728ba397fb8480cd44,167,3936,0,0,0,,0,0,0,,0,0,0,,0,0,0,0,
886b8f7841a341af80b6faed09b18ba1,167,1046,0,0,0,,0,0,0,,0,0,0,,565,48,38,105,https://www.twitch.tv/videos/2227480299
765aac9aab75405cbe3e6a574f62ce20,167,1305,0,0,0,,0,0,0,,0,0,0,,0,0,0,0,
8c43feaf0d8644889a53f191f4934f15,166,5997,0,0,0,,0,0,0,,0,0,0,,0,0,0,0,
a0b5f8b54a534dfcb66154002e97e4cc,166,0,0,0,0,,0,0,0,,0,0,0,,151,0,0,0,
47cd428eee8640cb80afaa4ef9bb55e0,166,5481,87,19,172,https://www.youtube.com/watch?v=jqJkWI1ZlFo,114,54,172,https://www.youtube.com/watch?v=jqJkWI1ZlFo,35,5,87,https://www.youtube.com/watch?v=kTG2J2fWX4g,1362,358,242,476,https://www.twitch.tv/videos/2221523701
0c97b425059d4ac893cae0f804f4ccbc,165,8667,38,20,59,https://www.youtube.com/watch?v=kHjAS3hoVsE,38,20,59,https://www.youtube.com/watch?v=kHjAS3hoVsE,0,0,0,,0,0,0,0,
a5ced44a2bb74575a9cf9ea48f9ec890,164,3854,62,28,69,https://www.youtube.com/watch?v=rmKA--XYf-c,62,28,69,https://www.youtube.com/watch?v=rmKA--XYf-c,0,0,0,,0,0,0,0,
47d591738d2449a496e7ce140b539662,163,1087,0,0,0,,0,0,0,,0,0,0,,1951,124,110,218,https://www.twitch.tv/videos/2220625236
d148768158984ce8b3a8214b1fb3dafc,163,1414,0,0,0,,0,0,0,,0,0,0,,105,0,0,0,
358be1981a1b485aa1c47b3ddf3f38bb,162,15336,0,0,0,,0,0,0,,0,0,0,,0,0,0,0,
844adbe9800c4c52863267075afd2c7f,162,7161,11,5,61,https://www.youtube.com/watch?v=8dySFMoKBG0,0,0,0,,11,5,61,https://www.youtube.com/watch?v=8dySFMoKBG0,0,0,0,0,
5dd38c1bf796414399e7c80092c1d984,161,30298,85,23,622,https://www.youtube.com/watch?v=jJLCDXfN95k,92,91,174,https://www.youtube.com/watch?v=IAXI4vAA_lw,81,20,622,https://www.youtube.com/watch?v=jJLCDXfN95k,12,4,3,6,https://www.twitch.tv/videos/2224738016
b6cc2e3d23f34ba8bbeba181d19a714c,160,1968,10,3,14,https://www.youtube.com/watch?v=Cez13lJfAP4,0,0,0,,10,3,14,https://www.youtube.com/watch?v=Cez13lJfAP4,1941,290,235,1041,https://www.twitch.tv/videos/2223577954
ce15f0e1016b4a1e87ea09d0c98e8eb8,159,2219,0,0,0,,0,0,0,,0,0,0,,37,0,0,0,
372e74ff33744071a5488cb758e2323a,159,2106,0,0,0,,0,0,0,,0,0,0,,0,0,0,0,
54ea240f1bf1471981684464081645e7,157,2299,86,57,346,https://www.youtube.com/watch?v=r0rFd6Hr-nY,86,57,346,https://www.youtube.com/watch?v=r0rFd6Hr-nY,0,0,0,,324,32,31,51,https://www.twitch.tv/videos/2224207858
eab02228a491402a824805ab47174ff4,156,0,0,0,0,,0,0,0,,0,0,0,,0,0,0,0,
354734963c7d49588387bbba859a05a2,156,227,0,0,0,,0,0,0,,0,0,0,,0,0,0,0,
dc27d7819dac471f907e0ace5131580f,156,3499,0,0,0,,0,0,0,,0,0,0,,971,123,95,231,https://www.twitch.tv/videos/2224906133
38c92430ea8d4620a584b5cf60eee321,155,7437,89,44,157,https://www.youtube.com/watch?v=NthrhbdBmvY,157,64,157,https://www.youtube.com/watch?v=NthrhbdBmvY,59,35,89,https://www.youtube.com/watch?v=lcthokBwSt0,0,0,0,0,
a8bee4c680a54cf29b34d90bf7230ab1,155,2708,0,0,0,,0,0,0,,0,0,0,,1801,183,151,320,https://www.twitch.tv/videos/2227195130
521d3e3d5e6e410aababfb8f290749b6,153,2335,0,0,0,,0,0,0,,0,0,0,,380,0,0,0,
98c577d538f84d75a3c34e0f9d13c8a3,153,6135,0,0,0,,0,0,0,,0,0,0,,175,0,0,0,
704fc1f053134276ab03c19687cfcca6,152,0,0,0,0,,0,0,0,,0,0,0,,0,0,0,0,
290bbaa329eb45b1a267bfd7e35c3b14,151,7931,47,4,47,https://www.youtube.com/watch?v=SatoOTsGZdo,0,0,0,,47,4,47,https://www.youtube.com/watch?v=SatoOTsGZdo,449,45,42,85,https://www.twitch.tv/videos/2229212377
cbb9eb3e239f4a28a05b8e82884f4e5b,150,2881,0,0,0,,0,0,0,,0,0,0,,0,0,0,0,
06ebafa5a65643a2b59f83209b71faa2,150,1251,0,0,0,,0,0,0,,0,0,0,,0,0,0,0,
25b5885afcdc4430be0d822464ccff91,149,1489,23,5,112,https://www.youtube.com/watch?v=HV94xtP3Lc4,62,54,112,https://www.youtube.com/watch?v=HV94xtP3Lc4,3,1,36,https://www.youtube.com/watch?v=lJgelcAqpU4,146,50,28,50,https://www.twitch.tv/videos/2218965572
7ee7164af0d645a18422350715a1eef0,149,201,0,0,0,,0,0,0,,0,0,0,,244,45,36,84,https://www.twitch.tv/videos/2222381669
46a16e41f2af4523adeb4556f2e0b0d5,149,3125,0,0,0,,0,0,0,,0,0,0,,8525,678,334,1020,https://www.twitch.tv/videos/2211935531
b850c220033a4b6d83c9b9b70b04647b,148,2750,28,19,28,https://www.youtube.com/watch?v=2gTaHLEjfr8,28,19,28,https://www.youtube.com/watch?v=2gTaHLEjfr8,0,0,0,,162,0,0,0,
0a293e8cda6645709e6fb92f7b66f069,148,3057,29,8,29,https://www.youtube.com/watch?v=XRSdedJCFXs,29,8,29,https://www.youtube.com/watch?v=XRSdedJCFXs,0,0,0,,394,27,18,33,https://www.twitch.tv/videos/2224854563
09945e9139af4f3a96e6adfd73139d35,147,1248,8,6,22,https://www.youtube.com/watch?v=DelcLpbaBR4,0,0,0,,8,6,22,https://www.youtube.com/watch?v=DelcLpbaBR4,1229,320,170,407,https://www.twitch.tv/videos/2223811003
13b4e9aa6e064daeae11a136e2ec03fd,145,6987,0,0,0,,0,0,0,,0,0,0,,0,0,0,0,
985e77a95dcc46e38b513ab638c5ed25,144,7726,0,0,0,,0,0,0,,0,0,0,,511,0,0,0,
c83b621071d441f391ec9f23cf764ebd,144,4526,0,0,0,,0,0,0,,0,0,0,,0,0,0,0,
a920d67ea25f449491121763b3117f95,144,4963,4,3,16,https://www.youtube.com/watch?v=t_jhybmm8YE,0,0,0,,4,3,16,https://www.youtube.com/watch?v=t_jhybmm8YE,283,0,0,0,
09ec73a6068c43579f5d2818ad0491d1,143,5318,0,0,0,,0,0,0,,0,0,0,,0,0,0,0,
f314b215c987471888b4477dc4d8bf08,143,0,0,0,0,,0,0,0,,0,0,0,,0,0,0,0,
ef2c9ea8d1644ce283daada94023648b,143,6187,24,6,24,https://www.youtube.com/watch?v=gsoQSPZjDjs,24,6,24,https://www.youtube.com/watch?v=gsoQSPZjDjs,0,0,0,,0,0,0,0,
a84b1b6deabc462b9cf994fd02304b5b,142,785,0,0,0,,0,0,0,,0,0,0,,1623,117,70,366,https://www.twitch.tv/videos/2222271915
26ae367c497f410399b769ded171d29f,142,3344,44,22,705,https://www.youtube.com/watch?v=HrpswNVwZcY,44,19,93,https://www.youtube.com/watch?v=_NVNI6Qa6nY,56,23,705,https://www.youtube.com/watch?v=HrpswNVwZcY,0,0,0,0,
98619914a2eb4b07bd6bc0a02066e455,142,3722,4,2,6,https://www.youtube.com/watch?v=74Ih3sxAJio,0,0,0,,4,2,6,https://www.youtube.com/watch?v=74Ih3sxAJio,712,197,121,346,https://www.twitch.tv/videos/2218795695
2479e2782c0b4a7880004832c84a336b,142,2049,16,3,17,https://www.youtube.com/watch?v=5M61bqt40oE,0,0,0,,16,3,17,https://www.youtube.com/watch?v=5M61bqt40oE,272,0,0,0,
dc9cd2bc942d427d8cc73370d1194f9e,141,6534,106,59,130,https://www.youtube.com/watch?v=z-hyRLDl1vg,106,59,130,https://www.youtube.com/watch?v=z-hyRLDl1vg,0,0,0,,0,0,0,0,
4bc8631382ba4559bca22733663cdad5,140,2017,91,48,203,https://www.youtube.com/watch?v=JsktRlZYRXo,91,48,203,https://www.youtube.com/watch?v=JsktRlZYRXo,0,0,0,,0,0,0,0,
bedd14283dd34a639c5f77a95856ecad,140,3403,67,14,128,https://www.youtube.com/watch?v=wONPvrfs-n8,67,14,128,https://www.youtube.com/watch?v=wONPvrfs-n8,0,0,0,,0,0,0,0,
513c300c8af04b8a84d18f665b66481f,140,3913,93,27,94,https://www.youtube.com/watch?v=2Qt75OkmvVQ,0,0,0,,93,27,94,https://www.youtube.com/watch?v=2Qt75OkmvVQ,0,0,0,0,
7d467d2119684242aacc405728e88bf9,139,2010,0,0,0,,0,0,0,,0,0,0,,0,0,0,0,
74beedbc5f694a2c94fe73545ba4037d,139,8562,33,21,61,https://www.youtube.com/watch?v=A4oinjZhrz4,33,21,61,https://www.youtube.com/watch?v=A4oinjZhrz4,0,0,0,,89,26,23,40,https://www.twitch.tv/videos/2222380282
061fa27713ec453ebf41c21eb58b7719,139,1713,54,28,106,https://www.youtube.com/watch?v=W3A0rxzaAlg,54,28,106,https://www.youtube.com/watch?v=W3A0rxzaAlg,0,0,0,,0,0,0,0,
c489b78388904133a8b93cd4d0470aad,139,8999,316,43,606,https://www.youtube.com/watch?v=4DBgmsQB89o,0,0,0,,316,43,606,https://www.youtube.com/watch?v=4DBgmsQB89o,516,0,0,0,
8fdfa107052d44b990d12045a71b3c8c,138,3960,0,0,0,,0,0,0,,0,0,0,,0,0,0,0,
a9396c8dd95e43b29c694b14afa07ac4,138,2104,16,9,19,https://www.youtube.com/watch?v=446jv2sBH7I,0,0,0,,16,9,19,https://www.youtube.com/watch?v=446jv2sBH7I,2032,242,159,561,https://www.twitch.tv/videos/2227237020
0c05eca1975b40b3a0b54d3dfd61055d,138,1066,0,0,0,,0,0,0,,0,0,0,,2029,155,124,919,https://www.twitch.tv/videos/2228915786
a4a9cd639c7546538ee9635b9a14989d,137,2899,92,32,179,https://www.youtube.com/watch?v=6oKZ0f9okuc,92,32,179,https://www.youtube.com/watch?v=6oKZ0f9okuc,0,0,0,,0,0,0,0,
c08ae8d7412d407c8b233f6e445d081c,137,383,1,0,4,https://www.youtube.com/watch?v=-f4c00S1aPg,0,0,0,,1,0,4,https://www.youtube.com/watch?v=-f4c00S1aPg,593,38,25,107,https://www.twitch.tv/videos/2220457362
240c765d12ae40ab85e53fb39eb22b03,137,2223,0,0,0,,0,0,0,,0,0,0,,4399,122,88,672,https://www.twitch.tv/videos/2223852524
8b1758159f754a3a8d7f26dcf12c008f,136,6342,0,0,0,,0,0,0,,0,0,0,,0,0,0,0,
156c4271fe17425bb02fd7b24f5a2a7a,135,1318,0,0,0,,0,0,0,,0,0,0,,0,0,0,0,
7fd852303a6c4087a1a99fde1fa92bfc,134,18923,0,0,0,,0,0,0,,0,0,0,,0,0,0,0,
90c230602c7542daa149c6f6edebc7c4,133,1390,0,0,0,,0,0,0,,0,0,0,,0,0,0,0,
6cdaf0b035d04e3794a5accd5ed8b08f,133,635,45,40,53,https://www.youtube.com/watch?v=WtOTsAXYn04,45,40,53,https://www.youtube.com/watch?v=WtOTsAXYn04,0,0,0,,0,0,0,0,
5205602b7f5a424eaefc557e4fb55823,133,1612,0,0,0,,0,0,0,,0,0,0,,147,0,0,0,
ef1cf35ffd2a43bebf44cdc37e2678c9,133,554,0,0,0,,0,0,0,,0,0,0,,91,0,0,0,
c572dfdd998b439fb17f01f4633cfb31,132,5190,110,61,463,https://www.youtube.com/watch?v=L2CvpzWcbts,106,61,281,https://www.youtube.com/watch?v=HDNMtFf_5II,462,80,463,https://www.youtube.com/watch?v=L2CvpzWcbts,0,0,0,0,
7ccac8385e2d41f69aab04b7f2b23cac,131,1571,0,0,0,,0,0,0,,0,0,0,,1396,0,0,0,
3475b2087d9a4d799c10bd3ac5f45437,131,404,13,3,13,https://www.youtube.com/watch?v=eAblp7jurlw,0,0,0,,13,3,13,https://www.youtube.com/watch?v=eAblp7jurlw,894,173,127,382,https://www.twitch.tv/videos/2219808467
108ca56f150f457ca9f50c5179a7804e,130,76,0,0,0,,0,0,0,,0,0,0,,568,374,253,376,https://www.twitch.tv/videos/2221342357
58f233e089ca45c8bc1969b471183766,130,20028,124,13,173,https://www.youtube.com/watch?v=krzPYTnqPi8,124,13,173,https://www.youtube.com/watch?v=krzPYTnqPi8,0,0,0,,0,0,0,0,
f7c5066e776943ef9f277e3f41232272,129,4298,0,0,0,,0,0,0,,0,0,0,,0,0,0,0,
67dc6d443cff47a4bc6a31a56e8b72f5,129,10677,98,38,150,https://www.youtube.com/watch?v=uzWC4Fo9uTA,98,38,150,https://www.youtube.com/watch?v=uzWC4Fo9uTA,0,0,0,,0,0,0,0,
005fac2329ee48cb97ab0c8f1219323b,129,960,0,0,0,,0,0,0,,0,0,0,,9,0,0,0,
43b63a022b664691827cd276aff6e4f4,129,7413,65,34,86,https://www.youtube.com/watch?v=wtOHDQrmltM,65,34,86,https://www.youtube.com/watch?v=wtOHDQrmltM,0,0,0,,0,0,0,0,
a429c3010da544bab919814a3ea472a4,128,2951,2,0,24,https://www.youtube.com/watch?v=n-77GeB86h0,0,0,0,,2,0,24,https://www.youtube.com/watch?v=n-77GeB86h0,1565,485,471,1472,https://www.twitch.tv/videos/2218883717
87e486b2a37549cbaccc95bbf7d3f253,128,3692,0,0,0,,0,0,0,,0,0,0,,0,0,0,0,
c9e933e250e747f88f8cbf4857ec7f3b,128,0,0,0,0,,0,0,0,,0,0,0,,2929,0,0,0,
b18dea7632bc49db974a22d6eb6660fb,127,7274,7,3,24,https://www.youtube.com/watch?v=YWSmgjk1uZE,0,0,0,,7,3,24,https://www.youtube.com/watch?v=YWSmgjk1uZE,356,35,27,56,https://www.twitch.tv/videos/2218935079
fe1bd62313574733ab86c1a56b7143ab,126,603,0,0,0,,0,0,0,,0,0,0,,1624,0,0,0,
943d968e125448c68172c629e29920b3,126,1765,458,155,675,https://www.youtube.com/watch?v=It8rDJ_UHjY,0,0,0,,458,155,675,https://www.youtube.com/watch?v=It8rDJ_UHjY,607,252,191,275,https://www.twitch.tv/videos/2219906977
4ec87ced65c74722927e8fd3f219a653,126,2597,0,0,0,,0,0,0,,0,0,0,,197,0,0,0,
9fb51e14ba1c499eb6383a7a166a4d52,125,1101,65,39,282,https://www.youtube.com/watch?v=ei5kRSnLvyk,63,39,282,https://www.youtube.com/watch?v=ei5kRSnLvyk,74,46,74,https://www.youtube.com/watch?v=tYnEWCvVtEg,0,0,0,0,
803435ca691f43a4b02360926fee23d1,125,4878,0,0,0,,0,0,0,,0,0,0,,1316,102,79,162,https://www.twitch.tv/videos/2218824480
8362a08808604c0fbe3eaf6e945b3267,125,87,0,0,0,,0,0,0,,0,0,0,,0,0,0,0,
c85822960da341bb8f5323219b233bd1,125,6536,22,13,22,https://www.youtube.com/watch?v=veGlMYP8B-I,22,13,22,https://www.youtube.com/watch?v=veGlMYP8B-I,0,0,0,,0,0,0,0,
98fd913e544f4725afdd28ad05f3e737,124,9496,56,37,73,https://www.youtube.com/watch?v=gCc9OUSE9GU,56,37,73,https://www.youtube.com/watch?v=gCc9OUSE9GU,0,0,0,,0,0,0,0,
c7e9651357c34574a3e8dd7d8e62ab18,124,89,0,0,0,,0,0,0,,0,0,0,,100,0,0,0,
eaed529d7fc84fc8a80e56674981f615,124,1527,38,14,45,https://www.youtube.com/watch?v=u1jwqa3XwsQ,38,14,45,https://www.youtube.com/watch?v=u1jwqa3XwsQ,0,0,0,,0,0,0,0,
7c654d42b5f9447ab761a14b9ab42b77,124,1428,31,11,95,https://www.youtube.com/watch?v=TK8WDQsKHiw,31,11,95,https://www.youtube.com/watch?v=TK8WDQsKHiw,0,0,0,,120,56,34,102,https://www.twitch.tv/videos/2218960968
c543b53edfbd4b3c92f4801cb8d3346c,123,4398,77,34,210,https://www.youtube.com/watch?v=2Bh08U_lQRo,77,34,210,https://www.youtube.com/watch?v=2Bh08U_lQRo,126,61,184,https://www.youtube.com/watch?v=zQisQhryYQU,0,0,0,0,
3fbdaff2a59b4bbfb4780d22428bd66e,123,2145,15,9,15,https://www.youtube.com/watch?v=4EdcRd2am-E,0,0,0,,15,9,15,https://www.youtube.com/watch?v=4EdcRd2am-E,0,0,0,0,
288ba70f1a044c72a65ed9cf3b425d13,123,5370,27,8,164,https://www.youtube.com/watch?v=R5_RmCWt-cM,27,8,164,https://www.youtube.com/watch?v=R5_RmCWt-cM,0,0,0,,0,0,0,0,
23dda65e497d4888b87db304533b8138,122,4011,156,21,435,https://www.youtube.com/watch?v=TJ4BRGD478Q,0,0,0,,156,21,435,https://www.youtube.com/watch?v=TJ4BRGD478Q,4185,684,309,1992,https://www.twitch.tv/videos/2215106055
fd5a1e004f224586aa65f9c5b374cc4a,122,1240,0,0,0,,0,0,0,,0,0,0,,2439,553,491,1411,https://www.twitch.tv/videos/2220594713
af132d32a46342178ed398b3c4243e80,122,1614,11,5,11,https://www.youtube.com/watch?v=xRGDf6Dp-e0,11,5,11,https://www.youtube.com/watch?v=xRGDf6Dp-e0,0,0,0,,0,0,0,0,
82dcae1da14844ee88960a76041e7c27,121,469,0,0,0,,0,0,0,,0,0,0,,281,0,0,0,
5cdecbd7413e4c9e9cb56373a186ccec,121,505,0,0,0,,0,0,0,,0,0,0,,183,0,0,0,
23baf3f44f474b10acd1515fad003470,121,5501,41,29,72,https://www.youtube.com/watch?v=g2k7MMTZXoY,41,31,55,https://www.youtube.com/watch?v=in5lW-VW2zA,72,14,72,https://www.youtube.com/watch?v=g2k7MMTZXoY,0,0,0,0,
75da31a9fa4e4dafac9e98135bfab373,121,0,0,0,0,,0,0,0,,0,0,0,,0,0,0,0,
8fecd29b2aea40cabf5b9a58aeace0a9,121,3596,25,3,29,https://www.youtube.com/watch?v=V2fNUGdYpR4,25,3,29,https://www.youtube.com/watch?v=V2fNUGdYpR4,0,0,0,,32,0,0,0,
fef1577c0352446c8e371b9fd9e7cc73,121,4478,5,2,29,https://www.youtube.com/watch?v=z82TMlibSUI,0,0,0,,5,2,29,https://www.youtube.com/watch?v=z82TMlibSUI,104,17,15,19,https://www.twitch.tv/videos/2225684102
a3bbe09809e141e5b0658a79ba63f977,120,4675,7,3,94,https://www.youtube.com/watch?v=Jb0uUdVkwa8,0,0,0,,7,3,94,https://www.youtube.com/watch?v=Jb0uUdVkwa8,353,28,21,44,https://www.twitch.tv/videos/2227500155
698aa5547b7c4cf793b1411322d1b423,120,577,151,60,232,https://www.youtube.com/watch?v=xL08Tm1LPio,0,0,0,,151,60,232,https://www.youtube.com/watch?v=xL08Tm1LPio,557,208,166,305,https://www.twitch.tv/videos/2220651222
e9569c3f60c541ab83899c09079feaa2,120,6935,5,2,4722,https://www.youtube.com/watch?v=ladoyzDta50,0,0,0,,5,2,4722,https://www.youtube.com/watch?v=ladoyzDta50,1241,245,165,535,https://www.twitch.tv/videos/2220539792
a1d3d37caa68474288b903f309db32a1,120,7431,0,0,0,,0,0,0,,0,0,0,,0,0,0,0,
699b0baa82d0413aa073155683edcd56,119,365,0,0,0,,0,0,0,,0,0,0,,1778,223,173,642,https://www.twitch.tv/videos/2220719795
9a6937dfa24a4c0aa2233c83284be939,116,3887,531,179,558,https://www.youtube.com/watch?v=ARX8M5Mz3QQ,0,0,0,,531,179,558,https://www.youtube.com/watch?v=ARX8M5Mz3QQ,0,0,0,0,
68671ee09add4d87b8038acebc5b48a4,116,49,6,0,13,https://www.youtube.com/watch?v=gFOEtW6_Tdk,0,0,0,,6,0,13,https://www.youtube.com/watch?v=gFOEtW6_Tdk,661,169,91,169,https://www.twitch.tv/videos/2218190758
8b5d6e9353ba46789fa6a2cfd94f69b2,115,2707,25,8,36,https://www.youtube.com/watch?v=iB5254cA1PM,0,0,0,,25,8,36,https://www.youtube.com/watch?v=iB5254cA1PM,103,35,29,51,https://www.twitch.tv/videos/2228059645
8064b5c85fc64d10ae3e9d3a4c0dfd8f,115,1080,0,0,0,,0,0,0,,0,0,0,,2873,0,0,0,
0979940d57534fc0948e24369aa495c5,115,1153,0,0,0,,0,0,0,,0,0,0,,2628,183,136,292,https://www.twitch.tv/videos/2228166725
ad6455da071543ab88cd4855a11cf39b,114,3656,53,17,77,https://www.youtube.com/watch?v=5R_-IfDtFg4,53,17,77,https://www.youtube.com/watch?v=5R_-IfDtFg4,0,0,0,,0,0,0,0,
2928a7d5624e4af8b1331eabae6bda17,113,1552,0,0,0,,0,0,0,,0,0,0,,630,36,23,102,https://www.twitch.tv/videos/2224939277
be4cf0f0dbca4973992d2cb553c1c2bc,113,672,0,0,0,,0,0,0,,0,0,0,,886,103,74,135,https://www.twitch.tv/videos/2222346010
1e602bc3e53a4fd2a1cd28a053988fbc,113,1568,65,31,209,https://www.youtube.com/watch?v=AYfxiK-4Cvo,65,31,209,https://www.youtube.com/watch?v=AYfxiK-4Cvo,0,0,0,,0,0,0,0,
cde66ce63cec4a7a819968ef01489eb9,113,878,0,0,0,,0,0,0,,0,0,0,,375,0,0,0,
2ff6c25f8e5943d2ac0a6a006f5784c3,113,986,0,0,0,,0,0,0,,0,0,0,,376,27,16,27,https://www.twitch.tv/videos/2219700564
4082a4a1c5784e6c8bea9b58de009664,113,4130,0,0,0,,0,0,0,,0,0,0,,0,0,0,0,
54c49dea17ad4eb5aeb7ce1698dc01be,111,2441,83,53,206,https://www.youtube.com/watch?v=HEecMhReLis,83,53,206,https://www.youtube.com/watch?v=HEecMhReLis,115,55,170,https://www.youtube.com/watch?v=6owUI-Sx4X0,52,0,0,0,
65f0266aa5484b4e9f244e856e0d88b3,110,34,0,0,0,,0,0,0,,0,0,0,,437,0,0,0,
c29627e1a48a4ea8b21c858aba1836d0,110,1537,0,0,0,,0,0,0,,0,0,0,,159,52,35,52,https://www.twitch.tv/videos/2223870624
07fec8d9014a41c28216345a5adb1533,110,584,0,0,0,,0,0,0,,0,0,0,,500,0,0,0,
8882f2de2e6947e190be5b4f63a4e626,109,0,0,0,0,,0,0,0,,0,0,0,,0,0,0,0,
76b44153656540e7ab449a9f57cef7ce,108,2686,0,0,0,,0,0,0,,0,0,0,,58,0,0,0,
dc97af965a4942d281cc7365805233f1,107,2241,22,4,72,https://www.youtube.com/watch?v=EvPStRzeGqI,45,21,65,https://www.youtube.com/watch?v=0jNfhSrwBME,18,3,72,https://www.youtube.com/watch?v=EvPStRzeGqI,0,0,0,0,
af7aeeb720454113b850b898d93b8ab2,106,765,0,0,0,,0,0,0,,0,0,0,,0,0,0,0,
7168995b95ab439aa7cf1f3099d7bd88,106,13632,16,4,559,https://www.youtube.com/watch?v=dqAHCBQQS_w,0,0,0,,16,4,559,https://www.youtube.com/watch?v=dqAHCBQQS_w,1923,0,0,0,
f6c33980cbb9463d88229e058bd54b3f,105,899,0,0,0,,0,0,0,,0,0,0,,0,0,0,0,
77364942d7f24440bbde8efa71c724df,104,6600,0,0,0,,0,0,0,,0,0,0,,462,46,42,78,https://www.twitch.tv/videos/2220711910
f5c278ed50af44b6a78e8436020c871f,104,1785,12,5,21,https://www.youtube.com/watch?v=upeTMqgRW50,12,5,21,https://www.youtube.com/watch?v=upeTMqgRW50,0,0,0,,0,0,0,0,
fd638ba6820241d1b3367afab0c6ab3e,104,6753,81,34,116,https://www.youtube.com/watch?v=SUGu0g092Bw,90,43,116,https://www.youtube.com/watch?v=SUGu0g092Bw,60,8,60,https://www.youtube.com/watch?v=cFv5mDXwB8Q,0,0,0,0,
1fa9ddce23964bab8edddf7f18dad2f3,104,283,0,0,0,,0,0,0,,0,0,0,,1536,167,114,376,https://www.twitch.tv/videos/2219038815
a3452262e11348c88afea4031b0323a8,104,8614,18,7,72,https://www.youtube.com/watch?v=zCdfyNHmz7w,0,0,0,,18,7,72,https://www.youtube.com/watch?v=zCdfyNHmz7w,188,69,55,125,https://www.twitch.tv/videos/2228326127
6b21f41580a64cc7ab15d219a612723b,103,0,0,0,0,,0,0,0,,0,0,0,,4578,171,108,259,https://www.twitch.tv/videos/2224746941
e93b2dd2339a422f8ab3d21c9d95161c,103,780,0,0,0,,0,0,0,,0,0,0,,361,20,16,40,https://www.twitch.tv/videos/2219811064
53b98a4bbf49419fb4516525846d4d35,101,306,0,0,0,,0,0,0,,0,0,0,,1869,0,0,0,
4cc07f3cbfed434090bba391bc15fd6d,101,1015,332,259,587,https://www.youtube.com/watch?v=gA6xyeA8WB4,77,32,77,https://www.youtube.com/watch?v=YONm9ALs6pY,587,486,587,https://www.youtube.com/watch?v=gA6xyeA8WB4,1041,239,96,285,https://www.twitch.tv/videos/2215608412
09b00ccde152498b808efe7317bd52f0,100,1277,0,0,0,,0,0,0,,0,0,0,,2444,336,265,947,https://www.twitch.tv/videos/2225358275
1f28ef7a3c88413d846f01c6d9c36e2d,100,2339,35,13,82,https://www.youtube.com/watch?v=B68_cftrQE4,35,13,82,https://www.youtube.com/watch?v=B68_cftrQE4,0,0,0,,0,0,0,0,
c8e7047c84614b1bb8e9f352c7dac95e,98,1239,0,0,0,,0,0,0,,0,0,0,,623,51,38,83,https://www.twitch.tv/videos/2224674416
5a60a41d2a604bc68368158cd0b1cc12,98,3671,0,0,0,,0,0,0,,0,0,0,,473,163,141,217,https://www.twitch.tv/videos/2224030757
cd1224f4756340c594f3c36245e9b4d4,98,6187,0,0,0,,0,0,0,,0,0,0,,1096,205,198,2169,https://www.twitch.tv/videos/2218002738
11c279dd5d8e430ba442fec53dd1305e,98,674,77,5,89,https://www.youtube.com/watch?v=MHXFbHhK1xo,83,11,89,https://www.youtube.com/watch?v=MHXFbHhK1xo,22,2,22,https://www.youtube.com/watch?v=jLioSRGkHGo,0,0,0,0,
2d25a18a83af462a8d4062e162017a1a,98,4016,2,1,2,https://www.youtube.com/watch?v=pxFnJvfOEF4,0,0,0,,2,1,2,https://www.youtube.com/watch?v=pxFnJvfOEF4,495,46,36,67,https://www.twitch.tv/videos/2226436902
3040b4d9d4374815a4e0af0c887a42fc,97,8630,257,82,434,https://www.youtube.com/watch?v=kcYc9Arikk4,0,0,0,,257,82,434,https://www.youtube.com/watch?v=kcYc9Arikk4,910,165,154,325,https://www.twitch.tv/videos/2223231028
b9a09f50375248aebc3d6afdb7f5adf6,96,1884,293,61,502,https://www.youtube.com/watch?v=5hhbAosb6KE,0,0,0,,293,61,502,https://www.youtube.com/watch?v=5hhbAosb6KE,835,147,128,152,https://www.twitch.tv/videos/2226595612
d39880395a4b4f3d980819da82cbd90f,96,1646,0,0,0,,0,0,0,,0,0,0,,591,0,0,0,
4d96aeef13f949e19026682e337db138,95,1955,0,0,0,,0,0,0,,0,0,0,,2465,0,0,0,
423ecad01c524c4595027051fcaa9ba7,93,0,0,0,0,,0,0,0,,0,0,0,,762,0,0,0,
423ee3a5dbd549f19893a1823856b8dc,92,341,53,18,71,https://www.youtube.com/watch?v=OB0UO3a5y-c,0,0,0,,53,18,71,https://www.youtube.com/watch?v=OB0UO3a5y-c,390,32,24,53,https://www.twitch.tv/videos/2221373828
4eddb3c50fd84042a1d5a4be600fbb5e,92,993,0,0,0,,0,0,0,,0,0,0,,542,140,104,186,https://www.twitch.tv/videos/2222869019
135224fe261040639a802804b52f22db,92,2770,0,0,0,,0,0,0,,0,0,0,,635,0,0,0,
606b5d09425246eda64b4c462ecfbcb4,92,943,17,14,17,https://www.youtube.com/watch?v=Nj_hrrRY0Ig,17,14,17,https://www.youtube.com/watch?v=Nj_hrrRY0Ig,0,0,0,,0,0,0,0,
4f917f1ccdd74d34a3746c379282b6fe,92,2267,48,8,318,https://www.youtube.com/watch?v=gqWx2eAF18c,0,0,0,,48,8,318,https://www.youtube.com/watch?v=gqWx2eAF18c,701,225,158,581,https://www.twitch.tv/videos/2224771393
05d19eac5d22427f916e6fa59bf17b3b,91,4148,32,7,32,https://www.youtube.com/watch?v=mI1o6bzhkRY,0,0,0,,32,7,32,https://www.youtube.com/watch?v=mI1o6bzhkRY,1861,184,133,408,https://www.twitch.tv/videos/2226585080
20181f161f2c42d49003d8dee458dd5e,91,1027,0,0,0,,0,0,0,,0,0,0,,33,0,0,0,
8cbdee1cfd644878b7392bd1c996c185,91,2736,0,0,0,,0,0,0,,0,0,0,,139,27,19,32,https://www.twitch.tv/videos/2225724029
063fe3c0ae714b4ea4edaf79bda5dda0,91,0,0,0,0,,0,0,0,,0,0,0,,1911,292,261,623,https://www.twitch.tv/videos/2226559606
fec8644970684cffbbae8dd37a52d59c,91,806,0,0,0,,0,0,0,,0,0,0,,70,18,11,18,https://www.twitch.tv/videos/2220678146
16e0b967de004b45b5c10302382ad43e,91,1123,0,0,0,,0,0,0,,0,0,0,,189,64,39,69,https://www.twitch.tv/videos/2221381316
a127ff7335ae467d961641bcf84f1e2f,90,6522,0,0,0,,0,0,0,,0,0,0,,1980,444,236,766,https://www.twitch.tv/videos/2223907210
f35a552c958c4e798cac3bff3f5fff2b,90,347,0,0,0,,0,0,0,,0,0,0,,562,123,97,123,https://www.twitch.tv/videos/2224675574
12286b61ae55499b8c60101a4625b089,89,6409,0,0,0,,0,0,0,,0,0,0,,172,0,0,0,
4297ecbe09d04698a65f1778f5c16dc4,89,417,32,3,32,https://www.youtube.com/watch?v=MmwGLYlofvg,0,0,0,,32,3,32,https://www.youtube.com/watch?v=MmwGLYlofvg,0,0,0,0,
949f184abcc84a82b8e9f333b41a2109,89,4648,10,3,16,https://www.youtube.com/watch?v=bWhtJJSjXq8,0,0,0,,10,3,16,https://www.youtube.com/watch?v=bWhtJJSjXq8,1442,264,151,366,https://www.twitch.tv/videos/2218156105
ba8a72116b644175830141c0f93b4764,86,1856,31,12,77,https://www.youtube.com/watch?v=vqtFcG3Sgok,31,12,77,https://www.youtube.com/watch?v=vqtFcG3Sgok,0,0,0,,0,0,0,0,
c3945429509246f79c5f0a18594f696d,86,601,74,0,84,https://www.youtube.com/watch?v=FtUkoAfcsco,0,0,0,,74,0,84,https://www.youtube.com/watch?v=FtUkoAfcsco,2030,818,362,1756,https://www.twitch.tv/videos/2220799460
b6309af8c78c41d288f472a45ebd8f33,86,1452,0,0,0,,0,0,0,,0,0,0,,5,0,0,0,
c441bf25222246ac8f1a67477d047520,86,0,0,0,0,,0,0,0,,0,0,0,,0,0,0,0,
1daf23905a3d4aa9a59273e563e33382,86,3144,0,0,0,,0,0,0,,0,0,0,,1887,0,0,0,
a1a4762aa1eb4d95be1c0c7a528a8336,85,3601,0,0,0,,0,0,0,,0,0,0,,1320,187,119,670,https://www.twitch.tv/videos/2225743570
1357f282a9f04f6cbe3e215a0bd20482,85,3821,36,30,36,https://www.youtube.com/watch?v=VD6Aj8SJrLE,0,0,0,,36,30,36,https://www.youtube.com/watch?v=VD6Aj8SJrLE,274,74,63,100,https://www.twitch.tv/videos/2226586744
07e7b5801c93482daf6a6259ec569e43,85,395,0,0,0,,0,0,0,,0,0,0,,346,0,0,0,
7a5f358662cc4ba6bfe35586eb344bd3,85,321,0,0,0,,0,0,0,,0,0,0,,894,0,0,0,
342f808864164047acc8ddffe88c9618,84,1671,59,34,262,https://www.youtube.com/watch?v=_GFJuzHBqQo,0,0,0,,59,34,262,https://www.youtube.com/watch?v=_GFJuzHBqQo,547,159,133,697,https://www.twitch.tv/videos/2223061530
8868dd9b4d75481397fd841b8ef6c55d,84,1730,93,71,93,https://www.youtube.com/watch?v=FXUd28sAyCg,0,0,0,,93,71,93,https://www.youtube.com/watch?v=FXUd28sAyCg,8,0,0,0,
64b7b65875bb4ed09bb706ef8741259e,84,765,0,0,0,,0,0,0,,0,0,0,,0,0,0,0,
604dc5a26bb54f3d8a69c9df659d23d7,84,843,0,0,0,,0,0,0,,0,0,0,,432,112,100,156,https://www.twitch.tv/videos/2221523002
16dba95f038f4b5ca6d3599c80ebe118,84,1418,0,0,0,,0,0,0,,0,0,0,,0,0,0,0,
46821555a7af41e4aa70fe0fabd8a4f6,83,314,0,0,0,,0,0,0,,0,0,0,,368,93,70,268,https://www.twitch.tv/videos/2220524173
7de64f4deb0946baa8d6b0da69699194,83,745,39,37,39,https://www.youtube.com/watch?v=94lMJ9x-rr4,39,37,39,https://www.youtube.com/watch?v=94lMJ9x-rr4,0,0,0,,67,0,0,0,
cd13255567c04182914111635ed1530f,83,14189,0,0,0,,0,0,0,,0,0,0,,458,58,47,58,https://www.twitch.tv/videos/2225119346
1618171723d84cbe8b57cd69fa6f477f,83,984,0,0,0,,0,0,0,,0,0,0,,594,26,25,27,https://www.twitch.tv/videos/2229185578
54e70d7cc2fb4c6da0d833519331c770,82,2462,43,33,485,https://www.youtube.com/watch?v=P2Yu2rIAH2Q,0,0,0,,43,33,485,https://www.youtube.com/watch?v=P2Yu2rIAH2Q,930,519,431,865,https://www.twitch.tv/videos/2225520111
d710be5717d04f2a995ac6384100df20,81,575,288,79,493,https://www.youtube.com/watch?v=iPH7FBp-huE,83,24,83,https://www.youtube.com/watch?v=5AqRYaEMdPA,493,134,493,https://www.youtube.com/watch?v=iPH7FBp-huE,0,0,0,0,
7a8c9d29e4f44a1489379cbc04f81fce,81,7064,0,0,0,,0,0,0,,0,0,0,,124,15,12,23,https://www.twitch.tv/videos/2221340434
c6af4f23c6ce4adab5301d79b0bd343a,80,1026,0,0,0,,0,0,0,,0,0,0,,2362,600,441,865,https://www.twitch.tv/videos/2223010363
105f7890339346329ab408f423f617c3,80,3329,0,0,0,,0,0,0,,0,0,0,,1989,145,121,414,https://www.twitch.tv/videos/2220399272
c699beab8e8a4064849c977b67058447,79,1031,0,0,0,,0,0,0,,0,0,0,,336,57,47,99,https://www.twitch.tv/videos/2219808845
6c8f616ab73c449d8eb8e3888c2c8bfe,78,0,0,0,0,,0,0,0,,0,0,0,,1254,112,39,194,https://www.twitch.tv/videos/2223253562
7d11ed1b02104cf58efd2df6cbc1ef69,77,1189,0,0,0,,0,0,0,,0,0,0,,987,174,113,252,https://www.twitch.tv/videos/2226623210
188108fa6e2e41afb060e4038e49d4ab,77,2491,0,0,0,,0,0,0,,0,0,0,,734,131,110,333,https://www.twitch.tv/videos/2222353450
21247d29bc504e5bb833b8ae522ee72d,77,185,0,0,0,,0,0,0,,0,0,0,,222,38,26,54,https://www.twitch.tv/videos/2218026679
87ffb30de3914a299f6a586c7ec216ec,76,864,0,0,0,,0,0,0,,0,0,0,,167,0,0,0,
db3a6f094c3146c2ab6f2f267337f132,75,815,44,3,164,https://www.youtube.com/watch?v=mfqHAMaVuwE,0,0,0,,44,3,164,https://www.youtube.com/watch?v=mfqHAMaVuwE,321,316,242,490,https://www.twitch.tv/videos/2221519596
5949eae32b844c9e873474efb19f4e6d,74,1378,84,58,151,https://www.youtube.com/watch?v=WznZciEtlPk,84,60,151,https://www.youtube.com/watch?v=WznZciEtlPk,98,41,142,https://www.youtube.com/watch?v=mXp8sBqnXzA,0,0,0,0,
6c66740fc44a4a489e7a67ac93dd274e,72,1108,0,0,0,,0,0,0,,0,0,0,,407,0,0,0,
12ece01ae7004e9195e79309f0cdae40,71,506,0,0,0,,0,0,0,,0,0,0,,2301,0,0,0,
577251897dc7463393b68c5b6f96559b,71,891,1,0,2,https://www.youtube.com/watch?v=GRHeAoNPXLE,0,0,0,,1,0,2,https://www.youtube.com/watch?v=GRHeAoNPXLE,312,19,16,71,https://www.twitch.tv/videos/2229192105
822b9b7a9eca49df9bfd617a19b274b0,71,852,6,1,8,https://www.youtube.com/watch?v=6Hu9bJrV-Ac,6,1,8,https://www.youtube.com/watch?v=6Hu9bJrV-Ac,0,0,0,,0,0,0,0,
fd1f154909d743129d5d6f58813bf231,70,3610,0,0,0,,0,0,0,,0,0,0,,0,0,0,0,
982c25ae5cee423fb4bd95c881a6e6ad,69,278,80,71,168,https://www.youtube.com/watch?v=nVFUQNtICw0,124,107,168,https://www.youtube.com/watch?v=nVFUQNtICw0,28,23,28,https://www.youtube.com/watch?v=bgpK5qzdb2M,0,0,0,0,
4cdbc090126047f898b089440c8c618c,69,101,26,8,26,https://www.youtube.com/watch?v=yfHqkYFvWsY,26,8,26,https://www.youtube.com/watch?v=yfHqkYFvWsY,0,0,0,,94,37,37,46,https://www.twitch.tv/videos/2229781420
82ceab659cbe441fb2f6555fdcacad6c,68,1058,0,0,0,,0,0,0,,0,0,0,,0,0,0,0,
67784d7c61af482780ab0558083fcd1e,68,278,16,10,36,https://www.youtube.com/watch?v=3IFLa38vd1w,0,0,0,,16,10,36,https://www.youtube.com/watch?v=3IFLa38vd1w,303,41,32,123,https://www.twitch.tv/videos/2224834604
9895652479d04e30af5add19b08058e2,68,5199,0,0,0,,0,0,0,,0,0,0,,240,59,31,59,https://www.twitch.tv/videos/2217939224
025ce8dccaa4466c80061aa308c378c3,67,2269,0,0,0,,0,0,0,,0,0,0,,38,0,0,0,
45850b41e06641ef9dc11aa3d94c9738,66,2857,0,0,0,,0,0,0,,0,0,0,,0,0,0,0,
43d785b8082f43138988dacd0236bb67,66,1018,22,7,23,https://www.youtube.com/watch?v=H3eNMu116E0,0,0,0,,22,7,23,https://www.youtube.com/watch?v=H3eNMu116E0,483,99,59,136,https://www.twitch.tv/videos/2219782494
2c2db11a23aa43298ab96e60a20692d7,66,752,57,0,57,https://www.youtube.com/watch?v=7JrhXPZ0mh8,0,0,0,,57,0,57,https://www.youtube.com/watch?v=7JrhXPZ0mh8,1541,0,0,0,
ba27c499a50f4cac87e6e5b94da18292,65,1013,0,0,0,,0,0,0,,0,0,0,,598,159,125,225,https://www.twitch.tv/videos/2228365344
7180ef027197417da8c0143be2d45fa2,65,2217,13,1,31,https://www.youtube.com/watch?v=xBVpDmUragA,0,0,0,,13,1,31,https://www.youtube.com/watch?v=xBVpDmUragA,509,54,43,54,https://www.twitch.tv/videos/2224930302
965ff8a77ab845aaac693d9c7a56f82d,65,3506,2,0,15,https://www.youtube.com/watch?v=BP0VlJSNjZg,0,0,0,,2,0,15,https://www.youtube.com/watch?v=BP0VlJSNjZg,505,158,104,404,https://www.twitch.tv/videos/2227381907
fdfbb61702604db683986fa8ba14f9dc,64,256,0,0,0,,0,0,0,,0,0,0,,186,0,0,0,
0a0df52f847d482e90955a9cb5d1c84c,64,213,0,0,0,,0,0,0,,0,0,0,,114,0,0,0,
061fb9c63b7e45bb85ea7e6bd4fe3745,63,2122,0,0,0,,0,0,0,,0,0,0,,181,13,8,15,https://www.twitch.tv/videos/2221515215
25a4b44b043947d1b1e1708c60569700,62,44,0,0,0,,0,0,0,,0,0,0,,0,0,0,0,
32ae564b306c42cab2e1a4a8a9d6adfe,62,686,12,11,12,https://www.youtube.com/watch?v=9tPw5YEVUrs,0,0,0,,12,11,12,https://www.youtube.com/watch?v=9tPw5YEVUrs,1268,175,153,224,https://www.twitch.tv/videos/2228298490
d798cb880a814f61b472559384756a2c,62,1301,32,11,46,https://www.youtube.com/watch?v=ePoelwBm_4g,46,11,46,https://www.youtube.com/watch?v=ePoelwBm_4g,19,10,19,https://www.youtube.com/watch?v=Jbq0bbbmhwg,0,0,0,0,
742791b5c8404969abd68d95e9f79f93,62,140,0,0,0,,0,0,0,,0,0,0,,108,0,0,0,
a9ada11d61114319885597db6a0725fb,60,260,0,0,0,,0,0,0,,0,0,0,,650,71,64,71,https://www.twitch.tv/videos/2227494211
0bdff706ecb24c8aa773db2af30b702d,59,30,30,28,30,https://www.youtube.com/watch?v=9OeCxrSRgI0,0,0,0,,30,28,30,https://www.youtube.com/watch?v=9OeCxrSRgI0,461,0,0,0,
4c3e3e5338ae44feae581bbdffa8b811,57,1068,15,7,33,https://www.youtube.com/watch?v=1XE-YYpdO44,14,7,33,https://www.youtube.com/watch?v=1XE-YYpdO44,22,8,22,https://www.youtube.com/watch?v=kpop4ekp0is,191,46,33,61,https://www.twitch.tv/videos/2223177206
20aa88e16d77400b9bc4e72df1b2a588,57,0,0,0,0,,0,0,0,,0,0,0,,0,0,0,0,
c9f9ff24ef184b29a58c616412f1dbbc,57,0,0,0,0,,0,0,0,,0,0,0,,0,0,0,0,
f9d27b07ff84433b8397b0587f339e27,56,6745,21,10,40,https://www.youtube.com/watch?v=TJn9H-pFDIA,0,0,0,,21,10,40,https://www.youtube.com/watch?v=TJn9H-pFDIA,164,24,12,49,https://www.twitch.tv/videos/2227482057
f8e4654549304ea9933e02c2dcf48aae,56,1028,37,13,37,https://www.youtube.com/watch?v=FICXN2IrPeA,0,0,0,,37,13,37,https://www.youtube.com/watch?v=FICXN2IrPeA,661,0,0,0,
748fbe1808eb4156bccfc72a447725a2,56,135,0,0,0,,0,0,0,,0,0,0,,491,0,0,0,
6bf231719d5e485fa0cdee99905858d4,56,623,0,0,0,,0,0,0,,0,0,0,,416,37,30,105,https://www.twitch.tv/videos/2228295634
9be839573d1a4944a93740ca42fa65d4,56,2718,13,11,412,https://www.youtube.com/watch?v=3e42QbgAniY,0,0,0,,13,11,412,https://www.youtube.com/watch?v=3e42QbgAniY,535,101,75,305,https://www.twitch.tv/videos/2221295110
359bb9450c49401da7b002980d4f97df,54,153,3,1,5,https://www.youtube.com/watch?v=Pv73u02Lvzs,0,0,0,,3,1,5,https://www.youtube.com/watch?v=Pv73u02Lvzs,1009,256,221,422,https://www.twitch.tv/videos/2228352084
4367339e8b084849a8fc6d0af6208eb0,52,494,1,0,10,https://www.youtube.com/watch?v=mbzCGWWyBRo,0,0,0,,1,0,10,https://www.youtube.com/watch?v=mbzCGWWyBRo,0,0,0,0,
d7cf0379e5df43269f50cfebedcffab9,52,200,0,0,0,,0,0,0,,0,0,0,,86,0,0,0,
28e6f7c12a3b45899e7508058f926af9,51,3596,31,4,53,https://www.youtube.com/watch?v=C0lP05AXH5s,0,0,0,,31,4,53,https://www.youtube.com/watch?v=C0lP05AXH5s,870,87,28,786,https://www.twitch.tv/videos/2213932104
bd8b9130e88a44c98f1bdcbed402ae01,51,623,0,0,0,,0,0,0,,0,0,0,,0,0,0,0,
82af75b290f44cd8b9a97bc5addaaf58,50,513,36,20,42,https://www.youtube.com/watch?v=VlmcJ3_MreU,42,26,42,https://www.youtube.com/watch?v=VlmcJ3_MreU,30,14,30,https://www.youtube.com/watch?v=TbcTgot9uck,125,0,0,0,
bac6e533b9b74e2f9dfcf2a0381a9825,50,889,0,0,0,,0,0,0,,0,0,0,,0,0,0,0,
74acc3b3c4db41d2a13cce887ad2a856,50,3004,0,0,0,,0,0,0,,0,0,0,,1549,0,0,0,
b3e0bc9dd06f4774b492e6d50dd92be2,49,63,0,0,0,,0,0,0,,0,0,0,,183,41,39,75,https://www.twitch.tv/videos/2219695414
1afd3fcb51954f6ebb2b73a6cb849d40,48,55,0,0,0,,0,0,0,,0,0,0,,174,47,37,68,https://www.twitch.tv/videos/2222284307
904e3c91b4e1427f9b2d69f69aa3b13c,48,3688,103,53,107,https://www.youtube.com/watch?v=QHSrTrtz9xU,103,53,107,https://www.youtube.com/watch?v=QHSrTrtz9xU,0,0,0,,0,0,0,0,
5b0963427f8e4f04a35cb0e71d95698d,48,0,0,0,0,,0,0,0,,0,0,0,,0,0,0,0,
4af53c3526f7435a8aac99f42dccb392,47,174,0,0,0,,0,0,0,,0,0,0,,85,0,0,0,
d97c620f77bb48f990dc5b1c9ad10c75,47,66,10,9,12,https://www.youtube.com/watch?v=jqViZ6rKuwA,0,0,0,,10,9,12,https://www.youtube.com/watch?v=jqViZ6rKuwA,139,102,90,128,https://www.twitch.tv/videos/2226655328
1ea0189fc3ce47fb9461b6cab10d78fe,47,0,0,0,0,,0,0,0,,0,0,0,,32,0,0,0,
c0b0ee4a080a4752bcbe186688cbafc2,46,626,0,0,0,,0,0,0,,0,0,0,,350,81,64,87,https://www.twitch.tv/videos/2224068775
2d3deb7610dd4329ba77597dfdd13043,46,1166,0,0,0,,0,0,0,,0,0,0,,1547,121,92,256,https://www.twitch.tv/videos/2229148683
50c9dbd2624f41408f2b6a9ccf61e447,46,0,0,0,0,,0,0,0,,0,0,0,,212,0,0,0,
255a5e79f9d14e6492d741b95f78cb7c,46,771,0,0,0,,0,0,0,,0,0,0,,2316,171,119,171,https://www.twitch.tv/videos/2222302107
107fac8e77f74af8ba95491ae9492642,45,58,0,0,0,,0,0,0,,0,0,0,,348,62,48,140,https://www.twitch.tv/videos/2224816045
d5db964012f14dd8a19d9fa7596c1ffd,45,917,0,0,0,,0,0,0,,0,0,0,,0,0,0,0,
803b08925fae4e99a760dddbb217ae6e,45,330,130,69,185,https://www.youtube.com/watch?v=8oG3oRWjVI0,0,0,0,,130,69,185,https://www.youtube.com/watch?v=8oG3oRWjVI0,142,34,26,34,https://www.twitch.tv/videos/2224092023
13f0439da821404b9e40b290fff8856e,43,155,0,0,0,,0,0,0,,0,0,0,,0,0,0,0,
3d2b3ac59c0c4930b36d71c1c82ce0e0,43,1262,8,3,8,https://www.youtube.com/watch?v=-368VrqmWtM,0,0,0,,8,3,8,https://www.youtube.com/watch?v=-368VrqmWtM,0,0,0,0,
2dda08de535644fa81ba0f708f24e31d,42,66,0,0,0,,0,0,0,,0,0,0,,0,0,0,0,
2a25c205cc374cbeb8c8ccfe988ec9cc,41,770,0,0,0,,0,0,0,,0,0,0,,1125,0,0,0,
c6e0676b98ba4c69aa167ab8dc5f0870,40,2052,0,0,0,,0,0,0,,0,0,0,,60,0,0,0,
4efffd7632e94c9faad30a543c3e1150,40,1388,0,0,0,,0,0,0,,0,0,0,,93,30,18,30,https://www.twitch.tv/videos/2219768237
22f16847ee064b1bafd9bbe15bd31284,39,572,0,0,0,,0,0,0,,0,0,0,,540,0,0,0,
76355385e14341a5b8360ea9d19d831e,39,193,0,0,0,,0,0,0,,0,0,0,,0,0,0,0,
6bafc37ce1b546b7ac83b78293f23937,38,1286,0,0,0,,0,0,0,,0,0,0,,502,0,0,0,
40fca873cd074b01baa8f9b006f50d00,38,6620,61,19,213,https://www.youtube.com/watch?v=QjlgyL0_ow4,65,19,213,https://www.youtube.com/watch?v=QjlgyL0_ow4,24,4,97,https://www.youtube.com/watch?v=6-9XrkhRyiE,0,0,0,0,
e04b970f339243258cb0dc0c5735274a,38,1008,0,0,0,,0,0,0,,0,0,0,,0,0,0,0,
d9f302ca07b54664a88124d64442abac,38,6591,2,1,5,https://www.youtube.com/watch?v=LrFf2uQub1A,0,0,0,,2,1,5,https://www.youtube.com/watch?v=LrFf2uQub1A,115,12,2,12,https://www.twitch.tv/videos/2209544381
eadf377f5cbd41ac9842c3f5559268f6,38,556,0,0,0,,0,0,0,,0,0,0,,194,36,31,60,https://www.twitch.tv/videos/2221547518
68174e9c3013465896c92e0dcac300b2,38,142,0,0,0,,0,0,0,,0,0,0,,38,0,0,0,
dda9d5733f5f49f4aa77f147640040c3,37,71,0,0,0,,0,0,0,,0,0,0,,383,0,0,0,
e3b9c06f64d84a0dabb3e97c0caacaca,37,2481,0,0,0,,0,0,0,,0,0,0,,0,0,0,0,
9ff652451cbd4ad098bf20dd9748ce12,37,896,0,0,0,,0,0,0,,0,0,0,,2151,79,66,119,https://www.twitch.tv/videos/2220152186
8723ccecdfd84d92b1de24f9d6a86bcc,36,509,0,0,0,,0,0,0,,0,0,0,,2202,449,388,1084,https://www.twitch.tv/videos/2228312514
6bcb75418dd24274b2fe4b8e60a94999,36,1733,0,0,0,,0,0,0,,0,0,0,,415,0,0,0,
d007ab56aa654d77b10cffc2f993db25,36,471,28,14,57,https://www.youtube.com/watch?v=ogE-9NrG8NU,28,14,57,https://www.youtube.com/watch?v=ogE-9NrG8NU,0,0,0,,0,0,0,0,
6a915915ad2a4d29b524ebd50f2dbbe4,36,184,0,0,0,,0,0,0,,0,0,0,,802,107,24,582,https://www.twitch.tv/videos/2216178569
0b53549edaf5490ca350ef17aee7b8b9,35,186,0,0,0,,0,0,0,,0,0,0,,491,29,23,49,https://www.twitch.tv/videos/2220612812
df02d1a89bc74c928c825773996bbb7b,35,1590,0,0,0,,0,0,0,,0,0,0,,805,137,102,217,https://www.twitch.tv/videos/2218002990
28e15053de0b42b19476c21349bbcfc4,34,0,0,0,0,,0,0,0,,0,0,0,,10,0,0,0,
2dce35ef53c345f4bbc667ed6246694a,33,933,12,2,64,https://www.youtube.com/watch?v=o4il9rceQUw,0,0,0,,12,2,64,https://www.youtube.com/watch?v=o4il9rceQUw,0,0,0,0,
f4dd5cb31cc4403589b69fb7140c0010,33,1608,46,15,93,https://www.youtube.com/watch?v=P2hRqHaovWM,68,16,93,https://www.youtube.com/watch?v=P2hRqHaovWM,10,4,24,https://www.youtube.com/watch?v=_XjQ0_xJzpo,0,0,0,0,
f535c31fb7624e808c5b7f17f5a9bfd9,32,51,0,0,0,,0,0,0,,0,0,0,,375,0,0,0,
65abc9bdfc964ec39f4ee1464a2011a5,32,62,0,0,0,,0,0,0,,0,0,0,,393,0,0,0,
ef5da0bd8595474e8630994b11c3eb46,31,274,0,0,0,,0,0,0,,0,0,0,,627,151,105,406,https://www.twitch.tv/videos/2220497827
2e2a6c392c024bb2a68b681bc210c187,31,1289,2,0,25,https://www.youtube.com/watch?v=vsLNo65hGhI,0,0,0,,2,0,25,https://www.youtube.com/watch?v=vsLNo65hGhI,216,35,27,50,https://www.twitch.tv/videos/2218997114
c269bafe425f470e957731c454b8925c,31,1760,0,0,0,,0,0,0,,0,0,0,,372,0,0,0,
f10dc84fab2a41d385c2553b0f1d788b,30,398,74,49,132,https://www.youtube.com/watch?v=sHSlXVqROpQ,0,0,0,,74,49,132,https://www.youtube.com/watch?v=sHSlXVqROpQ,249,0,0,0,
0eba942738504c8182c861668195c39e,30,383,1,0,1,https://www.youtube.com/watch?v=gKEtp8rYs18,0,0,0,,1,0,1,https://www.youtube.com/watch?v=gKEtp8rYs18,459,0,0,0,
faa39b1bc1f647af9f6f33d6174c30d0,30,487,0,0,0,,0,0,0,,0,0,0,,0,0,0,0,
30180ea70e514772a5d14174b23037d5,29,977,0,0,0,,0,0,0,,0,0,0,,58,0,0,0,
73273454c7b4453a834a74701826e0b8,29,475,0,0,0,,0,0,0,,0,0,0,,282,466,315,651,https://www.twitch.tv/videos/2219707300
7ca56a8380d245b3b7e5398d12178478,27,286,0,0,0,,0,0,0,,0,0,0,,159,13,9,21,https://www.twitch.tv/videos/2218084329
b8495fc4bb174140acf0ebd7d64fe044,27,2347,0,0,0,,0,0,0,,0,0,0,,2739,145,105,314,https://www.twitch.tv/videos/2227449011
7360e8cae69b4d4fbe91510c776b1c5e,27,1384,6,0,35,https://www.youtube.com/watch?v=dpP9VmwAgeU,0,0,0,,6,0,35,https://www.youtube.com/watch?v=dpP9VmwAgeU,160,30,24,41,https://www.twitch.tv/videos/2219776425
9f68c1ebda2041c9a221d47733e3cab9,26,948,0,0,0,,0,0,0,,0,0,0,,0,0,0,0,
b9d51a073b4542ac800bd7c9e38d0902,26,698,37,20,37,https://www.youtube.com/watch?v=8eEVfXOp4CQ,0,0,0,,37,20,37,https://www.youtube.com/watch?v=8eEVfXOp4CQ,192,38,20,40,https://www.twitch.tv/videos/2222338148
7f9832eb0b6549d3a48a8219ce272241,26,122,0,0,0,,0,0,0,,0,0,0,,0,0,0,0,
59216a033f2b47128d190a5ed1add217,25,0,0,0,0,,0,0,0,,0,0,0,,234,14,8,31,https://www.twitch.tv/videos/2223275291
be2acc5c060b4975aea909a056cc9a65,25,273,0,0,0,,0,0,0,,0,0,0,,0,0,0,0,
c68bc0ba32f14d9b8669b0594435b68b,25,674,0,0,0,,0,0,0,,0,0,0,,179,25,21,25,https://www.twitch.tv/videos/2226655311
0a5bbdc460184f279cb8c7965a1d6098,23,81,77,18,77,https://www.youtube.com/watch?v=sR9qmLT-ocw,0,0,0,,77,18,77,https://www.youtube.com/watch?v=sR9qmLT-ocw,49,43,34,47,https://www.twitch.tv/videos/2224854680
eff26caff6bd4720957cefaf8f6fc87a,23,826,15,7,15,https://www.youtube.com/watch?v=g_7lmFk6E4g,0,0,0,,15,7,15,https://www.youtube.com/watch?v=g_7lmFk6E4g,409,157,120,157,https://www.twitch.tv/videos/2224003859
4f8936d4899d4e2c83bf949bc61b2bd2,22,0,0,0,0,,0,0,0,,0,0,0,,7,0,0,0,
33683e3255b14c38a3b5e373490aba4f,22,0,0,0,0,,0,0,0,,0,0,0,,42,18,16,20,https://www.twitch.tv/videos/2224716626
d4cd6eee95774ca389aebf3e783a8cd8,19,125,0,0,0,,0,0,0,,0,0,0,,430,148,118,500,https://www.twitch.tv/videos/2226901611
a6815e229f914db2a936ad70c285cea2,18,653,0,0,0,,0,0,0,,0,0,0,,470,25,20,122,https://www.twitch.tv/videos/2227167467
f82fe7762b1a4ba983f4a0c918ea70d5,18,690,17,7,41,https://www.youtube.com/watch?v=NXl-L1-pFlo,17,7,41,https://www.youtube.com/watch?v=NXl-L1-pFlo,0,0,0,,0,0,0,0,
4f9a2315c6b24c129e3af5f859b67602,17,383,7,3,22,https://www.youtube.com/watch?v=tCFi4VkxxoE,7,3,22,https://www.youtube.com/watch?v=tCFi4VkxxoE,0,0,0,,0,0,0,0,
cf51f722dc714a0cbb022f89fa311014,17,513,0,0,0,,0,0,0,,0,0,0,,0,0,0,0,
bc500108607f4b7d87f3effce3ab5fc5,17,3109,0,0,0,,0,0,0,,0,0,0,,127,28,17,40,https://www.twitch.tv/videos/2218836969
d460f1ea172d49f9a23f3277a391ce30,13,390,0,0,0,,0,0,0,,0,0,0,,430,57,39,132,https://www.twitch.tv/videos/2225653410
c20ea54c87f849de8013519b0fb3f97a,13,0,0,0,0,,0,0,0,,0,0,0,,0,0,0,0,
6f99d9c96d224c50939959d18cfb5cd8,12,528,528,435,528,https://www.youtube.com/watch?v=rSTPxZ5x-Iw,0,0,0,,528,435,528,https://www.youtube.com/watch?v=rSTPxZ5x-Iw,129,28,16,28,https://www.twitch.tv/videos/2218960653
4b6b92e9aea74d7481d50636f088e9be,12,1146,0,0,0,,0,0,0,,0,0,0,,0,0,0,0,
4e5a8a6380764f9b9f28732968e4aac8,12,0,0,0,0,,0,0,0,,0,0,0,,249,46,30,97,https://www.twitch.tv/videos/2224827751
b00e6f77d15a43c7a2007b9ede7962e0,10,0,0,0,0,,0,0,0,,0,0,0,,0,0,0,0,
5a59b23a201f4b2d8729b0f4b33c9e6b,10,1088,5,2,15,https://www.youtube.com/watch?v=suJkbtHNXGg,0,0,0,,5,2,15,https://www.youtube.com/watch?v=suJkbtHNXGg,75,12,7,12,https://www.twitch.tv/videos/2220633871
6bb236447ed9412a98c9b2d7c9069e10,9,15,0,0,0,,0,0,0,,0,0,0,,1551,0,0,0,
9cd8c8962dd94213804603687f9b0f5d,9,0,0,0,0,,0,0,0,,0,0,0,,0,0,0,0,
1d3631ca7ad344bd92f467db0f3c9b06,6,22,0,0,0,,0,0,0,,0,0,0,,0,0,0,0,
9bbcd920e31344c5b75cf9a0d5d17440,5,34,0,0,0,,0,0,0,,0,0,0,,559,111,59,111,https://www.twitch.tv/videos/2218103343
19fdf3885dcf4d45bdf768a6f3fd99b4,3,0,0,0,0,,0,0,0,,0,0,0,,599,29,15,29,https://www.twitch.tv/videos/2218046242
90abc79f7c844521bb3d136580df0f91,2,0,0,0,0,,0,0,0,,0,0,0,,0,0,0,0,
68d176b9f0b44a028730ae527fd2c0ad,1,0,0,0,0,,0,0,0,,0,0,0,,0,0,0,0,
1306cff16376404eae39a5d879132395,0,0,0,0,0,,0,0,0,,0,0,0,,97,0,0,0,
007847e77d894f199e1272cf81e02730,0,0,0,0,0,,0,0,0,,0,0,0,,683,0,0,0,
6c7336d4605540c6871de5f96874129c,0,0,0,0,0,,0,0,0,,0,0,0,,20329,775,149,1417,https://www.twitch.tv/videos/2204239719
e18c43e19e9b4fc8af0cdc24c33ae476,0,0,0,0,0,,0,0,0,,0,0,0,,1762,0,0,0,
22eea06367f4430d816e38dfb68a26cf,0,0,0,0,0,,0,0,0,,0,0,0,,925,128,94,163,https://www.twitch.tv/videos/2219788857
6a963053004f4deaa0dbdf875db41879,0,0,0,0,0,,0,0,0,,0,0,0,,337,43,29,43,https://www.twitch.tv/videos/2225687458
be1a18aa8599409ba250e5345e62fed6,0,0,0,0,0,,0,0,0,,0,0,0,,1275,169,70,309,https://www.twitch.tv/videos/2211210275
e4421bd8d15848c09fa4ad4df162c858,0,0,0,0,0,,0,0,0,,0,0,0,,342,60,34,60,https://www.twitch.tv/videos/2218908574
ec045a49833c4c2fa7b7012ca7544e18,0,0,0,0,0,,0,0,0,,0,0,0,,1581,0,0,0,
eeefa43ecaf74f7b822dde3f0e7683d4,0,0,0,0,0,,0,0,0,,0,0,0,,1300,201,126,281,https://www.twitch.tv/videos/2227154060
711514ca9ac74041a4461b2259622a68,0,0,0,0,0,,0,0,0,,0,0,0,,465,49,41,49,https://www.twitch.tv/videos/2225808507
921d25072caf403ea797c3d5f61f84cf,0,0,0,0,0,,0,0,0,,0,0,0,,1503,243,171,243,https://www.twitch.tv/videos/2222379202
8cbfffe3cac54065be4149b03b680d87,0,0,0,0,0,,0,0,0,,0,0,0,,536,142,98,191,https://www.twitch.tv/videos/2219047971
05552126457e4ebf9218498250286efd,0,0,0,0,0,,0,0,0,,0,0,0,,1302,0,0,0,
3f8cb5f649e24dc1929711e90e49b387,0,0,0,0,0,,0,0,0,,0,0,0,,70,0,0,0,
f9641107ffee492cbec14839b1958144,0,0,0,0,0,,0,0,0,,0,0,0,,2353,0,0,0,
5f68c9b585ad40c0ada7697c9b7f5055,0,0,0,0,0,,0,0,0,,0,0,0,,5164,1097,337,4854,https://www.twitch.tv/videos/2222755830
4e4cbcbc0acf410ea5a50e4a6bbafd01,0,0,0,0,0,,0,0,0,,0,0,0,,653,301,182,615,https://www.twitch.tv/videos/2225399811
6ec708afd89043b682eb82dacc36c3c9,0,0,0,0,0,,0,0,0,,0,0,0,,798,825,586,1189,https://www.twitch.tv/videos/2223115848
4dd7cfc58ae54c1fa6211ba9b1c607ec,0,0,0,0,0,,0,0,0,,0,0,0,,1579,170,115,475,https://www.twitch.tv/videos/2222264605
e32a4d49fba7459fbdf9e242288fa18c,0,0,0,0,0,,0,0,0,,0,0,0,,4379,479,288,664,https://www.twitch.tv/videos/2207739818
c2777df3c8d341f4a1f0bb9cda8d9365,0,0,0,0,0,,0,0,0,,0,0,0,,1385,0,0,0,
b6519fbc0d6941d4b43ce1742a14b0b2,0,0,0,0,0,,0,0,0,,0,0,0,,772,0,0,0,
5b62816b7dee4c13856f3c21629be3c4,0,0,0,0,0,,0,0,0,,0,0,0,,20567,1238,664,1989,https://www.twitch.tv/videos/2214465777
f5034a946bf249c780a864c19efda669,0,0,0,0,0,,0,0,0,,0,0,0,,375,14,8,38,https://www.twitch.tv/videos/2227439389
4c42b9f574e7438d8aea8b099e451505,0,0,0,0,0,,0,0,0,,0,0,0,,1086,166,131,207,https://www.twitch.tv/videos/2226661406
4fcbdf1b0a384ee58733b1e852edefa5,0,0,0,0,0,,0,0,0,,0,0,0,,580,220,160,373,https://www.twitch.tv/videos/2227502570
555fe6a78fdb4d8b9fa8a286377972e8,0,0,0,0,0,,0,0,0,,0,0,0,,799,1410,804,1410,https://www.twitch.tv/videos/2218935929
60cc7f18c0fe438280af5a81b31eb923,0,0,0,0,0,,0,0,0,,0,0,0,,1994,143,109,270,https://www.twitch.tv/videos/2221375063
ec1dec0e956c41ea97dfcebe96bc41b4,0,0,0,0,0,,0,0,0,,0,0,0,,11645,1162,557,1535,https://www.twitch.tv/videos/2210173903
36beb36f581f44d393dcf0af2b194789,0,0,0,0,0,,0,0,0,,0,0,0,,6039,769,343,1292,https://www.twitch.tv/videos/2206835252
480aca28939a4eb5bf558a710e21709c,0,0,0,0,0,,0,0,0,,0,0,0,,2140,130,96,678,https://www.twitch.tv/videos/2226362721
afa3e309e41044c5bffe17466607d481,0,0,0,0,0,,0,0,0,,0,0,0,,21313,13906,6565,40999,https://www.twitch.tv/videos/2229160522
057faa70622247bd933959412bbeb667,0,0,0,0,0,,0,0,0,,0,0,0,,1082,0,0,0,
3cfc2b54a543469b92a95ff1e3f1da54,0,0,0,0,0,,0,0,0,,0,0,0,,1745,940,597,1313,https://www.twitch.tv/videos/2218164095
cfc7bcf869514c70a5091672d3acb031,0,0,0,0,0,,0,0,0,,0,0,0,,242,0,0,0,
bf277797951346fe991c27c79a6c5081,0,0,0,0,0,,0,0,0,,0,0,0,,8732,795,377,1548,https://www.twitch.tv/videos/2222280171
dd9bf471b0304627877f38daaec5407b,0,0,0,0,0,,0,0,0,,0,0,0,,805,142,91,415,https://www.twitch.tv/videos/2225484390
1addf96267ac494bb73c9e6f6e1793b8,0,0,0,0,0,,0,0,0,,0,0,0,,2410,0,0,0,
a5b71bba2a2347a080ae3443d5ef47d5,0,0,0,0,0,,0,0,0,,0,0,0,,318,215,148,627,https://www.twitch.tv/videos/2226487864
ad2aef5af5074f14af7f6ddf7899743a,0,0,0,0,0,,0,0,0,,0,0,0,,2128,0,0,0,
fe62d50e41af4aa29c3e2b0cfc62fb3d,0,0,0,0,0,,0,0,0,,0,0,0,,656,126,77,203,https://www.twitch.tv/videos/2226490957
88526add0348499c95bd5838a5f35989,0,0,0,0,0,,0,0,0,,0,0,0,,1132,138,106,183,https://www.twitch.tv/videos/2223203845
9e64bba43928414884503de36f805c48,0,0,0,0,0,,0,0,0,,0,0,0,,25561,3226,1048,51275,https://www.twitch.tv/videos/2223247363
b92f05ad314c4937b09cd603f9ebd64b,0,0,0,0,0,,0,0,0,,0,0,0,,366,0,0,0,
6908430ccb204a1b9d95ee7a1711cae3,0,0,0,0,0,,0,0,0,,0,0,0,,2600,1109,759,1122,https://www.twitch.tv/videos/2223086995
3a2199639669433faff0591468bcfa10,0,0,0,0,0,,0,0,0,,0,0,0,,1144,69,61,148,https://www.twitch.tv/videos/2229264871
9ca05592c52f42649191751f18cb70e6,0,0,0,0,0,,0,0,0,,0,0,0,,2251,118,101,235,https://www.twitch.tv/videos/2226587640
1756e5a7f5a04ff6a7b5f482201b5cfc,0,0,0,0,0,,0,0,0,,0,0,0,,21797,2305,738,3859,https://www.twitch.tv/videos/2220257523
326e21d5b6e7446698969bbd8be1b564,0,0,0,0,0,,0,0,0,,0,0,0,,2186,134,109,180,https://www.twitch.tv/videos/2219710651
663275f544cb427c85f2adde495e7f00,0,0,0,0,0,,0,0,0,,0,0,0,,2125,530,250,1283,https://www.twitch.tv/videos/2218723229
288d3972d3164ee595228b8a5959ac00,0,0,0,0,0,,0,0,0,,0,0,0,,2833,237,151,557,https://www.twitch.tv/videos/2224056261
ba562aad440d483e988d3ce7e7217c94,0,0,0,0,0,,0,0,0,,0,0,0,,29313,3364,1462,6834,https://www.twitch.tv/videos/2225568277
228427b15b964f1396b5a7b5eb224a21,0,0,0,0,0,,0,0,0,,0,0,0,,56,0,0,0,
daa0d327175a43dc9bb627bc6db7de56,0,0,0,0,0,,0,0,0,,0,0,0,,1304,43,30,78,https://www.twitch.tv/videos/2224807969
ed051ffc6cd643c287a678fea774e644,0,0,0,0,0,,0,0,0,,0,0,0,,2830,0,0,0,
256252fdd3d1437995088c56e674fcf0,0,0,0,0,0,,0,0,0,,0,0,0,,875,228,182,857,https://www.twitch.tv/videos/2226339439
a3a1caa89669445db63f22b9a3af88b0,0,0,0,0,0,,0,0,0,,0,0,0,,1146,0,0,0,
224e3ebb4c0540098ce414cc6e79df9d,0,0,0,0,0,,0,0,0,,0,0,0,,47,0,0,0,
c7f53f2fbdbe4db488629ab4d738a16a,0,0,0,0,0,,0,0,0,,0,0,0,,521,96,66,347,https://www.twitch.tv/videos/2228169872
f0bc26cfe4a8451d863a8d8cbd6313ed,0,0,0,0,0,,0,0,0,,0,0,0,,8,0,0,0,
f8ade397837d42f7a9167e0d4f20fc56,0,0,0,0,0,,0,0,0,,0,0,0,,2469,1457,497,3617,https://www.twitch.tv/videos/2207772304
e353f482c5be4887838ea9fdf802ad91,0,0,0,0,0,,0,0,0,,0,0,0,,2144,0,0,0,
db6b14a0319e4f639bfcf8d4309c064d,0,0,0,0,0,,0,0,0,,0,0,0,,2332,723,507,928,https://www.twitch.tv/videos/2225421988
a5773880b0f040a9abbecacf3eb0eb29,0,0,0,0,0,,0,0,0,,0,0,0,,2319,0,0,0,
e698befe9649448885d93094cd4dc6a9,0,0,0,0,0,,0,0,0,,0,0,0,,3236,236,160,324,https://www.twitch.tv/videos/2219855166
1245d4764fdf41c397ecbcf52cc16858,0,0,0,0,0,,0,0,0,,0,0,0,,244,12,10,12,https://www.twitch.tv/videos/2227425196
2f6cee890853475a8bf91f5ed45f8d4f,0,0,0,0,0,,0,0,0,,0,0,0,,571,74,61,74,https://www.twitch.tv/videos/2225689848
170e76a9d21c42978143f41526df72cc,0,0,0,0,0,,0,0,0,,0,0,0,,1497,0,0,0,
3de6bc82438b451abf5ebe76a366be24,0,0,0,0,0,,0,0,0,,0,0,0,,3397,1171,641,2338,https://www.twitch.tv/videos/2206906856
31f4c00be9eb41a1a6be0356614048fd,0,0,0,0,0,,0,0,0,,0,0,0,,3127,271,131,846,https://www.twitch.tv/videos/2216148041
6a6547a3f19d4870a6f11b88c60a5296,0,0,0,0,0,,0,0,0,,0,0,0,,3341,555,462,555,https://www.twitch.tv/videos/2225615503
828ab4c66f5f43f298d237374a266b7e,0,0,0,0,0,,0,0,0,,0,0,0,,2494,511,374,1155,https://www.twitch.tv/videos/2224580953
030de4222329412d9beafbe24a584d0b,0,0,0,0,0,,0,0,0,,0,0,0,,11,0,0,0,
4fadb90960a844daab26191bb158d3a3,0,0,0,0,0,,0,0,0,,0,0,0,,3312,521,369,897,https://www.twitch.tv/videos/2226572192
31a4ca5b5d554c13902eff32302e5eb9,0,0,0,0,0,,0,0,0,,0,0,0,,1159,298,213,519,https://www.twitch.tv/videos/2226301404
16896dffcb474d7aa21540c944a2f7de,0,0,0,0,0,,0,0,0,,0,0,0,,1596,2518,2263,4019,https://www.twitch.tv/videos/2219786864
86a9d44f3d7c47769122c762db7c37e9,0,0,0,0,0,,0,0,0,,0,0,0,,1736,0,0,0,
2af6cb0e15ce4839ba711b47608d4f4d,0,0,0,0,0,,0,0,0,,0,0,0,,3953,260,218,260,https://www.twitch.tv/videos/2225772965
7cd55e03d87c4c77843a437ec0703670,0,0,0,0,0,,0,0,0,,0,0,0,,3126,0,0,0,
f0cf456a9f204645a4b468f8cbefb150,0,0,0,0,0,,0,0,0,,0,0,0,,1466,0,0,0,
fa59e2edc64c432ebaeeb66b2a53ab2d,0,0,0,0,0,,0,0,0,,0,0,0,,1552,433,316,575,https://www.twitch.tv/videos/2226497719
ffa52ddf68ff4b229dc09ad683d9d36d,0,0,0,0,0,,0,0,0,,0,0,0,,288,16,10,48,https://www.twitch.tv/videos/2225813361
0a1bdead9a3946cabce4e439a1c8970e,0,0,0,0,0,,0,0,0,,0,0,0,,24,0,0,0,
d93ec185504e45e2894865980da489a9,0,0,0,0,0,,0,0,0,,0,0,0,,1114,373,220,533,https://www.twitch.tv/videos/2224141670
9bef8e0d321d4dab973b7e98443937ea,0,0,0,0,0,,0,0,0,,0,0,0,,260,0,0,0,
0572bddb85b24166820f34f39164f99c,0,0,0,0,0,,0,0,0,,0,0,0,,575,0,0,0,
f84598913e654789a80556fd38388dfb,0,0,0,0,0,,0,0,0,,0,0,0,,1554,69,55,69,https://www.twitch.tv/videos/2224877399
cad8c81461ac41c887bdf3617ccdaee6,0,0,0,0,0,,0,0,0,,0,0,0,,731,85,56,90,https://www.twitch.tv/videos/2220586786
d79b58ef1a2844be892c7295e25ccb81,0,0,0,0,0,,0,0,0,,0,0,0,,205,0,0,0,
e2448cc1f0df41b08247cb7a51119a67,0,0,0,0,0,,0,0,0,,0,0,0,,312,203,108,330,https://www.twitch.tv/videos/2229824427
76489786a22c4162970f9c288157db6b,0,0,0,0,0,,0,0,0,,0,0,0,,1604,183,130,251,https://www.twitch.tv/videos/2227161923
644e669aa31443fe9a61a14e75ebd21e,0,0,0,0,0,,0,0,0,,0,0,0,,6784,1496,428,2202,https://www.twitch.tv/videos/2222131534
22c4cd83790e401ca8055a64554cf3a7,0,0,0,0,0,,0,0,0,,0,0,0,,169,0,0,0,
d91ffcc2823f4121a2caa347a8c2a507,0,0,0,0,0,,0,0,0,,0,0,0,,822,80,51,95,https://www.twitch.tv/videos/2221378026
40c846b91c4a44a980eddf20f0f789c0,0,0,0,0,0,,0,0,0,,0,0,0,,2265,325,184,498,https://www.twitch.tv/videos/2220665415
a34564e3f6574070b6e8e82f7bbfb2fa,0,0,0,0,0,,0,0,0,,0,0,0,,2145,842,726,842,https://www.twitch.tv/videos/2226462733
1a95bb88e451498ca3491b69af964588,0,0,0,0,0,,0,0,0,,0,0,0,,33138,1647,595,5337,https://www.twitch.tv/videos/2210004756
32aabdc7b41144a8b1bd28954cd3278c,0,0,0,0,0,,0,0,0,,0,0,0,,1548,197,112,290,https://www.twitch.tv/videos/2220581759
d804bcd787db4333bca9dccd268ed32a,0,0,0,0,0,,0,0,0,,0,0,0,,2320,808,289,994,https://www.twitch.tv/videos/2212727159
06337167c1a14d82b6a7f7cc71eac813,0,0,0,0,0,,0,0,0,,0,0,0,,763,92,68,104,https://www.twitch.tv/videos/2224016970
547aa467c2ce497e9d95c4a085effe0d,0,0,0,0,0,,0,0,0,,0,0,0,,1419,0,0,0,
7dd086a606284ba6b7b584f8b00dc190,0,0,0,0,0,,0,0,0,,0,0,0,,322,38,28,52,https://www.twitch.tv/videos/2218980416
7425576151124e11a94609fd1b8687bc,0,0,0,0,0,,0,0,0,,0,0,0,,1203,242,171,291,https://www.twitch.tv/videos/2227458961
9c85aee2166449c395c18b0bc06f89e2,0,0,0,0,0,,0,0,0,,0,0,0,,362,0,0,0,
4cb08241fbce4905a83ed02de6a1af9c,0,0,0,0,0,,0,0,0,,0,0,0,,3754,315,167,621,https://www.twitch.tv/videos/2213799896
cda9668f324445a7bd507094ad6946b8,0,0,0,0,0,,0,0,0,,0,0,0,,383,16,10,25,https://www.twitch.tv/videos/2222340513
c29bc8bf78dd417980491f19333c8fa2,0,0,0,0,0,,0,0,0,,0,0,0,,11419,1814,1128,2040,https://www.twitch.tv/videos/2225506737
c099b7e8d46c418d8e17097d496f3b83,0,0,0,0,0,,0,0,0,,0,0,0,,1703,726,576,1174,https://www.twitch.tv/videos/2219637213
63dea00fb3094d46853159efa259b014,0,0,0,0,0,,0,0,0,,0,0,0,,16545,0,0,0,
a17fcdf32a124beba3fba16299aed2b3,0,0,0,0,0,,0,0,0,,0,0,0,,7632,0,0,0,
