VTuber ID,Video Type,Title,Publish Time,URL,Thumbnail URL
7e26ddf485a84c0cb6d781a3bf432c55,live,ฅ՞•ﻌ•՞ฅ 0825 ➷ₑₑ 周一周二媽媽要帶小ee出門 不會在唷! | 掛台拿限量滑鼠墊! | @ee_1111 遊戲儲值選ee魔儲更划算! | !小ee,2024-08-24T17:26:44Z,https://www.twitch.tv/ee_1111,https://static-cdn.jtvnw.net/previews-ttv/live_user_ee_1111-{width}x{height}.jpg
f479e1403f614727a5f2a2be339bad74,live,0826【加班台DAY63】2.0!倒數六天!我好期待阿!!!  @chalortti,2024-08-25T06:29:25Z,https://www.twitch.tv/chalortti,https://static-cdn.jtvnw.net/previews-ttv/live_user_chalortti-{width}x{height}.jpg
2a897c484c05483f9a46467e8f448314,live,【加班台Day42】今天繼續悟空 | !加班 | @edrain1109 | 8/26,2024-08-25T12:49:04Z,https://www.twitch.tv/edrain1109,https://static-cdn.jtvnw.net/previews-ttv/live_user_edrain1109-{width}x{height}.jpg
8723ccecdfd84d92b1de24f9d6a86bcc,live,0826 阿巴巴(´ー`)想拚勾勾能否幫我1%掛台|!魔儲 |小頭幫幫主  忠誠換小吉 @bofu0520,2024-08-25T16:16:26Z,https://www.twitch.tv/bofu0520,https://static-cdn.jtvnw.net/previews-ttv/live_user_bofu0520-{width}x{height}.jpg
d1dd83b6e8a24df4b61f766cff45113c,live,【絕區零】✨歡迎揪團 ◆點歌台◆釣魚台 直播活動參加中➤已經擠進100名內了，可以用忠誠點數換大薯唷！掛台請幫我關瀏覽器的記憶體節省模式，才會算人數唷！@kazeimo,2024-08-25T17:20:16Z,https://www.twitch.tv/kazeimo,https://static-cdn.jtvnw.net/previews-ttv/live_user_kazeimo-{width}x{height}.jpg
644e669aa31443fe9a61a14e75ebd21e,live,【格林諾辰】希望我是你們的快樂寶│拚拚自主訂閱│08/26,2024-08-26T02:31:35Z,https://www.twitch.tv/nouchen_,https://static-cdn.jtvnw.net/previews-ttv/live_user_nouchen_-{width}x{height}.jpg
6c7336d4605540c6871de5f96874129c,live,⟣ 觀眾場 ⟢  | ★༩月餅開放預購囉⋆ | !月餅 !魔儲 | @mibao1013 | 掛台開音量♪,2024-08-26T05:04:55Z,https://www.twitch.tv/mibao1013,https://static-cdn.jtvnw.net/previews-ttv/live_user_mibao1013-{width}x{height}.jpg
887b37336c9c4730809ace8b5e38df17,live,PS5新手上露✨day3‿🎀dc領福利❤ !投稿 !掉寶 !代抽,2024-08-26T05:05:46Z,https://www.twitch.tv/isyourlulu,https://static-cdn.jtvnw.net/previews-ttv/live_user_isyourlulu-{width}x{height}.jpg
fa59e2edc64c432ebaeeb66b2a53ab2d,live,8/26❀工作臺❀揪團抽獎喔~靠邀我遲到❁紫勾努力中✾ @datura_cherish ❁,2024-08-26T07:03:42Z,https://www.twitch.tv/datura_cherish,https://static-cdn.jtvnw.net/previews-ttv/live_user_datura_cherish-{width}x{height}.jpg
fdb0805c65e24f13b7f23e50e0db8ae2,live,🔴【8/31抽獎】❤深夜聊天台~加班DAY38  | 揪團每1人+1分鐘 ฅ•ω•ฅ ✧拚紫勾掛台換抽獎券✧ @lunymeow_tw,2024-08-26T07:11:34Z,https://www.twitch.tv/lunymeow_tw,https://static-cdn.jtvnw.net/previews-ttv/live_user_lunymeow_tw-{width}x{height}.jpg
59e3094256344f8c83a3f4355b8b667b,live,【8/26】家樓下新開了一間早餐店 以後不用叫外送了★音量5%掛台 歡迎降落★ ｜!fish｜!花瓣｜ @tsukimireika ft.,2024-08-26T07:38:05Z,https://www.twitch.tv/tsukimireika,https://static-cdn.jtvnw.net/previews-ttv/live_user_tsukimireika-{width}x{height}.jpg
12ece01ae7004e9195e79309f0cdae40,live,🍌深呼吸 ▶ 蘋果梨香氣 ⎚ 香蕉是你的飯後水果🍌  ( ๑ •̀ ㅁ •́ ฅ ),2024-08-26T07:48:43Z,https://www.twitch.tv/monkeykii,https://static-cdn.jtvnw.net/previews-ttv/live_user_monkeykii-{width}x{height}.jpg
6bb236447ed9412a98c9b2d7c9069e10,live,【熊貓】08/26 加班Day39 英雄聯盟《觀眾場》~喵｜!魔儲｜!商店｜本日推推： @fuyudzuki_sakura ｜Ft：,2024-08-26T08:27:04Z,https://www.twitch.tv/panda0219work,https://static-cdn.jtvnw.net/previews-ttv/live_user_panda0219work-{width}x{height}.jpg
5b62816b7dee4c13856f3c21629be3c4,live,【Mica】｜2024/8/26｜把沉沒意志玩完 !活動 !賓果,2024-08-26T08:35:44Z,https://www.twitch.tv/mica1130,https://static-cdn.jtvnw.net/previews-ttv/live_user_mica1130-{width}x{height}.jpg
7425576151124e11a94609fd1b8687bc,live,0826 | 與白金將軍之戰 | 感謝所有老師們，我會努力！ | 你看到我了還不點進來，是想讓我求你嗎 | 遊戲儲值找 !魔儲 !2.0募資 初見醬肉大歡迎,2024-08-26T09:16:21Z,https://www.twitch.tv/cassandra_desu_,https://static-cdn.jtvnw.net/previews-ttv/live_user_cassandra_desu_-{width}x{height}.jpg
afa3e309e41044c5bffe17466607d481,live,雪雪๐•ᴗ•๐ 8/26 塔 @yukkkkiouo !自主訂閱支援 !魔儲 使用推薦碼註冊拿200元折價卷,2024-08-26T09:26:17Z,https://www.twitch.tv/yukkkkiouo,https://static-cdn.jtvnw.net/previews-ttv/live_user_yukkkkiouo-{width}x{height}.jpg
19234cc590224c45912a14487f756dc5,live,8/26快打一下下!| !NEWS !鴿子鴿子 !福利 !yt會員 !ff43,2024-08-26T09:40:27Z,https://www.twitch.tv/venomdianh,https://static-cdn.jtvnw.net/previews-ttv/live_user_venomdianh-{width}x{height}.jpg
b49c2970f97b4fd4a6762b3e9ba94f8e,live,這禮拜... 加班會結束嗎?,2024-08-26T09:51:32Z,https://www.twitch.tv/kisaragiyuzu220,https://static-cdn.jtvnw.net/previews-ttv/live_user_kisaragiyuzu220-{width}x{height}.jpg
656455380d524045b9f75d6082563f94,live,安安~喉嚨痛沒聲音不開麥啦~黑神話悟空~隨意探索練習打王一下【朵璃安Dorian】,2024-08-26T09:54:55Z,https://www.twitch.tv/vtuberdorian,https://static-cdn.jtvnw.net/previews-ttv/live_user_vtuberdorian-{width}x{height}.jpg
480aca28939a4eb5bf558a710e21709c,live,我回來了 /二周年 加班台開跑 !加班,2024-08-26T10:23:05Z,https://www.twitch.tv/siyuandao,https://static-cdn.jtvnw.net/previews-ttv/live_user_siyuandao-{width}x{height}.jpg
5000b613025542c498cd6ab2287865c6,live,🌧 ⁰⁸ / ₂₆ 🌧 今為了跟芳寶求婚今天也是努力的一天!斗內!沉沒意志 ⁛掛台感謝⁛ @nekoa_o,2024-08-26T10:55:09Z,https://www.twitch.tv/nekoa_o,https://static-cdn.jtvnw.net/previews-ttv/live_user_nekoa_o-{width}x{height}.jpg
e17f42aa104040deae2ee3f3b1e85ed8,live,【肉肉薔蒔】8/26,2024-08-26T10:59:03Z,https://www.twitch.tv/aishakumo,https://static-cdn.jtvnw.net/previews-ttv/live_user_aishakumo-{width}x{height}.jpg
8bf35c3b9a9e461d825a9170555b71c2,live,跳舞派對？!YT !通販 !LINE !DC !ff43 中文/Eng/日本語,2024-08-26T11:00:56Z,https://www.twitch.tv/reirei_neon,https://static-cdn.jtvnw.net/previews-ttv/live_user_reirei_neon-{width}x{height}.jpg
2ee2acc29fac42c5b130558543cbdf00,live,【ASMR】魔法店家白噪音！讓愛日梨休假期間無聲的陪伴你們一同工作吧！掛睡台 ☆ 休假用「橘 爱日梨Tachibana Aihiri」#新人vtuber #vtuber #初見歓迎  ★CH / ENG / JP / HK,2024-08-26T11:13:03Z,https://www.twitch.tv/tachibanaaihiri,https://static-cdn.jtvnw.net/previews-ttv/live_user_tachibanaaihiri-{width}x{height}.jpg
fd6a0236861940389e15ef85b16c6069,live,烟花－0826－今天是虛弱羊MAX，八點Ｇ丸宣傳好消息 ｜晚點上架FF43單品🪄︎︎◝✩ !who !周邊,2024-08-26T11:13:28Z,https://www.twitch.tv/hennie2001,https://static-cdn.jtvnw.net/previews-ttv/live_user_hennie2001-{width}x{height}.jpg
a5b71bba2a2347a080ae3443d5ef47d5,live,【VALORANT】20240825┃鬼轉瓦~~++ 🐾😺,2024-08-26T11:21:32Z,https://www.twitch.tv/nekomiyahikari,https://static-cdn.jtvnw.net/previews-ttv/live_user_nekomiyahikari-{width}x{height}.jpg
05d19eac5d22427f916e6fa59bf17b3b,live,【虛幻城RP】【8/26】 只有職位上升的菜鳥警察D7,2024-08-26T11:34:39Z,https://www.twitch.tv/orangecat331,https://static-cdn.jtvnw.net/previews-ttv/live_user_orangecat331-{width}x{height}.jpg
9e64bba43928414884503de36f805c48,live,8/26 黑悟空DAY3 !萬妖 !vpn !台聚 | 掛台抽哀鳳 | 訂閱YT !YT,2024-08-26T11:43:28Z,https://www.twitch.tv/wen620,https://static-cdn.jtvnw.net/previews-ttv/live_user_wen620-{width}x{height}.jpg
310862830fb648b78cca7e581e2622a7,live,◆ 2024.08.26 ◆ ㄌ // !立旗 !周邊 //【赤羽亞矢】,2024-08-26T11:55:44Z,https://www.twitch.tv/ayaakahane,https://static-cdn.jtvnw.net/previews-ttv/live_user_ayaakahane-{width}x{height}.jpg
7ddebf4d8f6d4c63a4fc7268d8113c10,live,【日下氷】加班Day5，烏拉拉烏拉烏拉拉壓哈壓哈【8/26】!DC !7TV !加班 @kusaka_ice,2024-08-26T11:57:38Z,https://www.twitch.tv/kusaka_ice,https://static-cdn.jtvnw.net/previews-ttv/live_user_kusaka_ice-{width}x{height}.jpg
9d9c6477329245cbb2557895f4f15686,live,/ᐠ. ̫ .ᐟ\ 0826 腸胃炎... ⸜♡⸝ 三周年LINE貼圖超可愛 .ᐟ.ᐟ !YT !LINE !手機殼 !周邊,2024-08-26T12:01:54Z,https://www.twitch.tv/iitifox,https://static-cdn.jtvnw.net/previews-ttv/live_user_iitifox-{width}x{height}.jpg
06337167c1a14d82b6a7f7cc71eac813,live,直接睡成白癡 666666  BGM/歡迎掛台/歡迎初見/歡迎搭訕(?),2024-08-26T12:23:46Z,https://www.twitch.tv/shinoakira0725,https://static-cdn.jtvnw.net/previews-ttv/live_user_shinoakira0725-{width}x{height}.jpg
66c812bb04844241af1d1c7539b5e251,live,今天要收完所有夥伴，真的很懷念教授的火力 ep3｜歧路旅人2,2024-08-26T12:29:44Z,https://www.twitch.tv/remon031158,https://static-cdn.jtvnw.net/previews-ttv/live_user_remon031158-{width}x{height}.jpg
b1ba066a7bc44c93a4ca264f2144f5bd,live,8/26 ◖凸待雜談◗ 新人畢業，以茶代酒！別人調酒我調茶 @AkiMiiieyy ｜!DC !棉花糖 !思念 !魔儲,2024-08-26T12:30:35Z,https://www.twitch.tv/akimiiieyy,https://static-cdn.jtvnw.net/previews-ttv/live_user_akimiiieyy-{width}x{height}.jpg
9af7c10c618844f08a327d38753124bd,live,【酒樂霧子】0826 | 再 再塔一下下就好 | @shurakukiriko | !7tv !yt !會員 !指令 !嗨嗶 !套組,2024-08-26T12:30:38Z,https://www.twitch.tv/shurakukiriko,https://static-cdn.jtvnw.net/previews-ttv/live_user_shurakukiriko-{width}x{height}.jpg
6d76e6b27f164061a216ec2831bd8dd3,live,【艾菈絲】我吃點東西 等一下喔,2024-08-26T12:34:49Z,https://www.twitch.tv/eihraz,https://static-cdn.jtvnw.net/previews-ttv/live_user_eihraz-{width}x{height}.jpg
c92baa46ff4e41c9918ad2427c0853d6,live,🧸今天【卡卡】拚紫勾勾幫掛台剛溫  !DC !YT @iamca6,2024-08-26T12:39:54Z,https://www.twitch.tv/iamca6,https://static-cdn.jtvnw.net/previews-ttv/live_user_iamca6-{width}x{height}.jpg
b8495fc4bb174140acf0ebd7d64fe044,live,輕鬆日常,2024-08-26T12:40:43Z,https://www.twitch.tv/lilaccat2020,https://static-cdn.jtvnw.net/previews-ttv/live_user_lilaccat2020-{width}x{height}.jpg
5f8e197a06bc453e8d9e0a1c6cb92f1c,live,【咕咕嚕諾姆】| 【黑神話：悟空】Vol.7 | !周邊 🥐20240826🥐 @gurugnome,2024-08-26T12:41:16Z,https://www.twitch.tv/gurugnome,https://static-cdn.jtvnw.net/previews-ttv/live_user_gurugnome-{width}x{height}.jpg
b93b5ffedc3f4310af888462d65e4082,live,塔啦塔啦,2024-08-26T12:52:41Z,https://www.twitch.tv/ookamisakuya,https://static-cdn.jtvnw.net/previews-ttv/live_user_ookamisakuya-{width}x{height}.jpg
0e9aeecbe8f04a62ab781cf2e520eba0,live,08/26 生日快到了 訂閱積分-5 @shen_0828 |每月300訂閱積分衝壓|嘎旋與魔儲合作啦| !加班 !周邊,2024-08-26T12:52:50Z,https://www.twitch.tv/shen_0828,https://static-cdn.jtvnw.net/previews-ttv/live_user_shen_0828-{width}x{height}.jpg
9ff652451cbd4ad098bf20dd9748ce12,live,apex真低南玩 | @acs166 | !掛台 !加班,2024-08-26T12:53:23Z,https://www.twitch.tv/acs166,https://static-cdn.jtvnw.net/previews-ttv/live_user_acs166-{width}x{height}.jpg
6bd49f94afb144e995247388ca8c42a8,live,【橙Yuzumi】 ._.  ｜ @yuzumi_neon   !手機殼 !LINE貼圖 !ff43,2024-08-26T12:57:13Z,https://www.twitch.tv/yuzumi_neon,https://static-cdn.jtvnw.net/previews-ttv/live_user_yuzumi_neon-{width}x{height}.jpg
45e104a6eabe4967a6cb84e720dd8e74,live,8/26_ft 動特(男友)、子夜(前夫)、湛露(媒婆),2024-08-26T12:59:28Z,https://www.twitch.tv/mijiaoas,https://static-cdn.jtvnw.net/previews-ttv/live_user_mijiaoas-{width}x{height}.jpg
76165d25983b463eaa1da66c86a32b7c,live,【日常】夜彩開台，但等等可能昏過去 (゜∀゜)【靛之森Ainomori】|【夜彩Yoruro】,2024-08-26T12:59:32Z,https://www.twitch.tv/yorurovtuber,https://static-cdn.jtvnw.net/previews-ttv/live_user_yorurovtuber-{width}x{height}.jpg
74beedbc5f694a2c94fe73545ba4037d,live,【虛幻城RP】Day5 我要開著我的新車去兜風！[夜見可奈] (CN/EN/JP OK) #虛幻城RP #gtarp,2024-08-26T12:59:45Z,https://www.twitch.tv/yomi_arina,https://static-cdn.jtvnw.net/previews-ttv/live_user_yomi_arina-{width}x{height}.jpg
a3452262e11348c88afea4031b0323a8,live,遇到了新的小女孩，她的花園究竟長什麼樣子？！,2024-08-26T13:00:21Z,https://www.twitch.tv/haivender,https://static-cdn.jtvnw.net/previews-ttv/live_user_haivender-{width}x{height}.jpg
3750eae778e9453eaeee75956a8dabc6,live,｜✦ 休閒台 ✦｜聊聊天? ｜加強版目標達成！芒化多抽一位！,2024-08-26T13:06:06Z,https://www.twitch.tv/mangxiang782,https://static-cdn.jtvnw.net/previews-ttv/live_user_mangxiang782-{width}x{height}.jpg
a429c3010da544bab919814a3ea472a4,live,【MHW】休閒MHW | @kijyou_yukino | 奶奶也想要酷酷的紫勾勾 | 遊戲雜談 | 25/8 【CN/JP】,2024-08-26T13:06:49Z,https://www.twitch.tv/kijyou_yukino,https://static-cdn.jtvnw.net/previews-ttv/live_user_kijyou_yukino-{width}x{height}.jpg
7a88afc5eb644d76b35ed4ca968259bb,live,【 吧噗 🍦】 08/26💤 晚上好好好捏,2024-08-26T13:13:43Z,https://www.twitch.tv/babu_desu,https://static-cdn.jtvnw.net/previews-ttv/live_user_babu_desu-{width}x{height}.jpg
886b8f7841a341af80b6faed09b18ba1,live,【8/26 虛幻城RPP】DAY10 今天提早值勤在警局玩電腦 你們應該不會這麼早搶劫吧!?,2024-08-26T13:15:16Z,https://www.twitch.tv/mimiko13920,https://static-cdn.jtvnw.net/previews-ttv/live_user_mimiko13920-{width}x{height}.jpg
5c5880d994854afbbea0a35716bce186,live,麥塊1.21 今天來和觀眾一起打終界龍,2024-08-26T13:16:18Z,https://www.twitch.tv/shiina_yui,https://static-cdn.jtvnw.net/previews-ttv/live_user_shiina_yui-{width}x{height}.jpg
f44835c18dac441f910f4eb821ffd7ce,live,[Yukki] 8/26 對 要來安排這週玩什麼！然後開玩 |🔔!yt🔔 !頭香,2024-08-26T13:22:31Z,https://www.twitch.tv/yukkiwee,https://static-cdn.jtvnw.net/previews-ttv/live_user_yukkiwee-{width}x{height}.jpg
a960b283b1124f44bc4bf2a16199977a,live,▸在哪裡跌倒就在哪裡跌倒,2024-08-26T13:25:12Z,https://www.twitch.tv/muiii0x0,https://static-cdn.jtvnw.net/previews-ttv/live_user_muiii0x0-{width}x{height}.jpg
5b85294949544a5f8855715acadf66a5,live,【#鬼燈流火】玩恐怖遊戲到底能不能嚇到卯貓呢? LIMBO｜銫希恩Cesium☄️,2024-08-26T13:30:15Z,https://www.twitch.tv/cesium_cat,https://static-cdn.jtvnw.net/previews-ttv/live_user_cesium_cat-{width}x{height}.jpg
b6cc2e3d23f34ba8bbeba181d19a714c,live,8/26  早安 我又醒囉 歡迎自主訂閱 |  !SOOP !水族箱 !魔儲,2024-08-26T13:36:01Z,https://www.twitch.tv/asft8822,https://static-cdn.jtvnw.net/previews-ttv/live_user_asft8822-{width}x{height}.jpg
23354f18e2a94c9187fd0560fd874eeb,live,【九日】手把可以用了！！！！,2024-08-26T13:36:28Z,https://www.twitch.tv/piscococo,https://static-cdn.jtvnw.net/previews-ttv/live_user_piscococo-{width}x{height}.jpg
8150f530d858418282811429cc32622b,live,前面玩一下七日後面聊天!!歡迎加入一起玩!!在22服伺服器~《 Once Human 七日世界 》 來玩玩 #OnceHuman #七日世界,2024-08-26T13:38:31Z,https://www.twitch.tv/mengcynia,https://static-cdn.jtvnw.net/previews-ttv/live_user_mengcynia-{width}x{height}.jpg
8881d23b0a3c426590c8a2509e363ec1,live,【GTAV#虛幻城rp】Day10，今天要來做甚麼呢？【 @bridget_burijitto 】,2024-08-26T13:49:22Z,https://www.twitch.tv/bridget_burijitto,https://static-cdn.jtvnw.net/previews-ttv/live_user_bridget_burijitto-{width}x{height}.jpg
604dc5a26bb54f3d8a69c9df659d23d7,live,【虛幻城rp】8/26 虛幻城Day10 |RP規則: !RP｜!享夢 涅姆企劃長期募集中,2024-08-26T13:51:36Z,https://www.twitch.tv/nemuvtubertw,https://static-cdn.jtvnw.net/previews-ttv/live_user_nemuvtubertw-{width}x{height}.jpg
3005ff0c09064d7f924c506e1e9c18ba,live,【猫夜凜】絕區清任務 | @nekoyarin |  !語音  | 8/26,2024-08-26T13:54:20Z,https://www.twitch.tv/nekoyarin,https://static-cdn.jtvnw.net/previews-ttv/live_user_nekoyarin-{width}x{height}.jpg
db3a6f094c3146c2ab6f2f267337f132,live,【夏提】今日的目標是買到自己的卡車！,2024-08-26T14:00:48Z,https://www.twitch.tv/siati1021,https://static-cdn.jtvnw.net/previews-ttv/live_user_siati1021-{width}x{height}.jpg
fa3bc2669fe041dfaa0765278ffd6330,live,耶 聊天,2024-08-26T14:00:59Z,https://www.twitch.tv/ouonao030,https://static-cdn.jtvnw.net/previews-ttv/live_user_ouonao030-{width}x{height}.jpg
a60c8fc0a1324bf8b65053231ee22373,live,【我是青椒不是青蛙】所以我的麵裡不需要有蒼蠅 @青椒Peaman,2024-08-26T14:02:48Z,https://www.twitch.tv/peamanbell,https://static-cdn.jtvnw.net/previews-ttv/live_user_peamanbell-{width}x{height}.jpg
0ede84dfc1ff426cb42643d7390d2937,live,【ENG/粵】Just building some farms today! !Come chat with me! 初見大歡迎 [HK/EN vtuber],2024-08-26T14:04:01Z,https://www.twitch.tv/donuteatdoodle,https://static-cdn.jtvnw.net/previews-ttv/live_user_donuteatdoodle-{width}x{height}.jpg
23ec5ecfb8c14ea893576783f1790643,live,【劫羅 】菜鳥的瓦羅蘭之路 第一次開瓦台 輕鬆玩玩~~,2024-08-26T14:04:24Z,https://www.twitch.tv/zerogabriel_st,https://static-cdn.jtvnw.net/previews-ttv/live_user_zerogabriel_st-{width}x{height}.jpg
a83b6d485350402b90238deb371ae654,live,【夢娜】二週年加班台開始~ !加班 !同樂加時【加班台Day350】【歡迎掛台】,2024-08-26T14:05:22Z,https://www.twitch.tv/monna_nana,https://static-cdn.jtvnw.net/previews-ttv/live_user_monna_nana-{width}x{height}.jpg
9bef8e0d321d4dab973b7e98443937ea,live,虛幻城GTA RP DAY? 【TWITCH直播】YT因ASMR被BAN來避難... 10月開啟新YT雙頻道｜ASMR音聲支持FANBOX｜►感謝您的喜歡 / Thank you for your like,2024-08-26T14:06:41Z,https://www.twitch.tv/xiachen_vtuber,https://static-cdn.jtvnw.net/previews-ttv/live_user_xiachen_vtuber-{width}x{height}.jpg
db6b14a0319e4f639bfcf8d4309c064d,live,悟空!⭐️~繼續降妖伏魔~⭐️第三章⭐️ @rtea0527,2024-08-26T14:12:13Z,https://www.twitch.tv/rtea0527,https://static-cdn.jtvnw.net/previews-ttv/live_user_rtea0527-{width}x{height}.jpg
62b7ee328a7b42b0a1da0ab3bc22d1db,live,【亞羅Aro】新槍彈辯駁V3-EP37-進入第五章【台灣/男性/個人勢/Vtuber】,2024-08-26T14:30:16Z,https://www.twitch.tv/arofischer,https://static-cdn.jtvnw.net/previews-ttv/live_user_arofischer-{width}x{height}.jpg
359bb9450c49401da7b002980d4f97df,live,8/26 | (中日交流)被捨棄的Seya哭哭中www | Monster Hunter: World,2024-08-26T14:33:21Z,https://www.twitch.tv/seyameow666,https://static-cdn.jtvnw.net/previews-ttv/live_user_seyameow666-{width}x{height}.jpg
44f1d1ad14034bd3949ad6f84624f0e4,live,【嘻希呦】不想貝雷帽 | DJ Time 🪼 !yt !dc !貼圖 @shiki_nzm,2024-08-26T14:34:14Z,https://www.twitch.tv/shiki_nzm,https://static-cdn.jtvnw.net/previews-ttv/live_user_shiki_nzm-{width}x{height}.jpg
d81d1032a43642eca36e82ba9a3c39c5,live,≠ ∧ ｏ｜8 . 26｜今天需要工作一下，陪嗎？,2024-08-26T14:34:28Z,https://www.twitch.tv/zao526,https://static-cdn.jtvnw.net/previews-ttv/live_user_zao526-{width}x{height}.jpg
f5034a946bf249c780a864c19efda669,live,偷開|Fazhe法喆|08/26|可以++,2024-08-26T14:38:04Z,https://www.twitch.tv/fazhe1211,https://static-cdn.jtvnw.net/previews-ttv/live_user_fazhe1211-{width}x{height}.jpg
a7810f3ba1af43ff888ccbbe477a1356,live,【Minecraft】呵呵 是誰窮得只剩下鑽石 是我 和我的同學  !dc !yt,2024-08-26T14:39:26Z,https://www.twitch.tv/tsunek1_3akana,https://static-cdn.jtvnw.net/previews-ttv/live_user_tsunek1_3akana-{width}x{height}.jpg
4e5a8a6380764f9b9f28732968e4aac8,live,Monday blue HSR and Pew Pew later~ | 26.08.2024 [EN/中],2024-08-26T14:40:55Z,https://www.twitch.tv/chueyvt,https://static-cdn.jtvnw.net/previews-ttv/live_user_chueyvt-{width}x{height}.jpg
58e377df63f745fc8473368b20afe2ae,live,【#遊戲】Vol. 656: 寶可夢 朱 零之秘寶 #3 藍之圓盤: 是圓形的學校地圖，好神奇的地方,2024-08-26T14:42:09Z,https://www.twitch.tv/yuutatsubasa,https://static-cdn.jtvnw.net/previews-ttv/live_user_yuutatsubasa-{width}x{height}.jpg
4fcbdf1b0a384ee58733b1e852edefa5,live,波熙║日常新手(灬ºωº灬) 𖤐 ˚   !魔儲 !dc,2024-08-26T14:43:20Z,https://www.twitch.tv/yukimaru3121,https://static-cdn.jtvnw.net/previews-ttv/live_user_yukimaru3121-{width}x{height}.jpg
4c34c44a98974b709f7dbc7618847fd6,live,8/26 解個東東來休息｜!魔儲   ( *・ω・)✄,2024-08-26T14:47:09Z,https://www.twitch.tv/5l5l3,https://static-cdn.jtvnw.net/previews-ttv/live_user_5l5l3-{width}x{height}.jpg
b80c21b76e7849f0a0fa94194fe2ad4b,live,【8/26工作台】來了！突發工作台！▞ 拚紫勾努力中！掛台感謝！▞ !yt !推特 !dc 點歌指令!SR ▞ @ronimacavtb,2024-08-26T14:51:17Z,https://www.twitch.tv/ronimacavtb,https://static-cdn.jtvnw.net/previews-ttv/live_user_ronimacavtb-{width}x{height}.jpg
e50da8792cd94b009eaa8dd4be738d59,live,【小唱】小唱會  晚點可能關台跑進度  | 赤川蓮 | @akakawaren_1030   |ft.,2024-08-26T15:00:41Z,https://www.twitch.tv/akakawaren_1030,https://static-cdn.jtvnw.net/previews-ttv/live_user_akakawaren_1030-{width}x{height}.jpg
0aa8c41f04bf4f12b9a8281353ea448a,live,果果🍓－0827 ( ¯•ω•¯ ) ♡ 今天是黏果生日 │!戰艦世界 !委託 !魔儲 !SNS  @strawberry0908 @meibabyouo,2024-08-26T15:02:17Z,https://www.twitch.tv/strawberry0908,https://static-cdn.jtvnw.net/previews-ttv/live_user_strawberry0908-{width}x{height}.jpg
0528d5a963af400884b2db8484a0d152,live,【早安熊之美】嗚嗚嗚啊啊啊【Aikunkuma】,2024-08-26T15:04:09Z,https://www.twitch.tv/aikunkuma_vtuber,https://static-cdn.jtvnw.net/previews-ttv/live_user_aikunkuma_vtuber-{width}x{height}.jpg
6861903583ee45d191ddc03faf6cd0d8,live,【魔物獵人Monster Hunter】從零開始的魔物獵人 再次挑戰用搖桿玩!!【兔乃艾露 @usanoeru 】,2024-08-26T15:05:19Z,https://www.twitch.tv/usanoeru,https://static-cdn.jtvnw.net/previews-ttv/live_user_usanoeru-{width}x{height}.jpg
d564dc69725f4258b8b08d8d5df285a8,live,【虛幻城rp】今天是渾沌的一天！！我想要搞事啊【白風希】,2024-08-26T15:06:43Z,https://www.twitch.tv/shirakazehorufen,https://static-cdn.jtvnw.net/previews-ttv/live_user_shirakazehorufen-{width}x{height}.jpg
b7b1cb60f1c24c0ea4fb1f506d3e247a,live,0826｜!周邊 《憶我》 ｜【委託開放中 !委託】｜!dc !棉花糖 !指令｜ @hanamorilunaria,2024-08-26T15:08:18Z,https://www.twitch.tv/hanamorilunaria,https://static-cdn.jtvnw.net/previews-ttv/live_user_hanamorilunaria-{width}x{height}.jpg
d889f67fe7b84a38a9742ab2a47f346a,live,《VALORANT》｜小小小小瓦一下 觀眾++｜【!新片 !黑歷史】 【 @enchan_twt 】,2024-08-26T15:22:37Z,https://www.twitch.tv/enchan_twt,https://static-cdn.jtvnw.net/previews-ttv/live_user_enchan_twt-{width}x{height}.jpg
abd64c9a64e04fb1b23faa2480c1c106,live,🔴一天兩動 猿神 啟動! ｜忠誠點數換Robux & Steam禮物卡｜!山雀飼料 !DC !YT｜山雀Vtuber,2024-08-26T15:23:17Z,https://www.twitch.tv/fh_molissa,https://static-cdn.jtvnw.net/previews-ttv/live_user_fh_molissa-{width}x{height}.jpg
7180ef027197417da8c0143be2d45fa2,live,0826 hi,2024-08-26T15:23:38Z,https://www.twitch.tv/molu72,https://static-cdn.jtvnw.net/previews-ttv/live_user_molu72-{width}x{height}.jpg
23dda65e497d4888b87db304533b8138,live,【哈娜比】你這個魯蛋｜黑神話：悟空｜0826,2024-08-26T15:25:44Z,https://www.twitch.tv/hanabii77,https://static-cdn.jtvnw.net/previews-ttv/live_user_hanabii77-{width}x{height}.jpg
09b00ccde152498b808efe7317bd52f0,live,【希米】8/26 回家米 | @himmi0111 | !DC !新片 !委託,2024-08-26T15:31:20Z,https://www.twitch.tv/himmi0111,https://static-cdn.jtvnw.net/previews-ttv/live_user_himmi0111-{width}x{height}.jpg
33546b9ad5a8408589405f9467063dd7,live,✧꙳◌ ₓ 啵啵妮 @boni_0x0 ₓ ◌꙳✧ 唱到想睡！！！！！！✧꙳◌ ₓ 唱  ₓ ◌꙳,2024-08-26T15:38:12Z,https://www.twitch.tv/boni_0x0,https://static-cdn.jtvnw.net/previews-ttv/live_user_boni_0x0-{width}x{height}.jpg
8dd4a8b4598e483e9112b2b1a9466013,live,代打一下魔域塔~然後就關台~,2024-08-26T15:49:29Z,https://www.twitch.tv/thgindoog_live,https://static-cdn.jtvnw.net/previews-ttv/live_user_thgindoog_live-{width}x{height}.jpg
3f2e41bdee4145f59fa97830ba3f5edb,live,【飛毒】深夜放毒電台 1700! 🐑 2.0周邊持續販售中 !周邊【08/27】,2024-08-26T16:01:45Z,https://www.twitch.tv/virus_flying,https://static-cdn.jtvnw.net/previews-ttv/live_user_virus_flying-{width}x{height}.jpg
7d0d99e77f624bdc934b17212a39a894,live,啊 越來越晚的時間w ||拼紫勾勾!感謝大家幫忙挂台~ || !周邊 !DC !綠界,2024-08-26T16:03:56Z,https://www.twitch.tv/rinusaki,https://static-cdn.jtvnw.net/previews-ttv/live_user_rinusaki-{width}x{height}.jpg
2a20316d245d406193331300bb44fdec,live,【可可洛 希亞】8/26 喔不 12點了 !好玩遊戲✞,2024-08-26T16:08:59Z,https://www.twitch.tv/cocoroshiya,https://static-cdn.jtvnw.net/previews-ttv/live_user_cocoroshiya-{width}x{height}.jpg
d45c287a84b6485e8ff3400cf50f5db7,live,✧ 我活著回來了｜自主訂閱告急｜拚紫勾勾與一百積分｜08/27｜ @can1021 【罐罐】!7tv !魔儲 !委託,2024-08-26T16:09:40Z,https://www.twitch.tv/can1021,https://static-cdn.jtvnw.net/previews-ttv/live_user_can1021-{width}x{height}.jpg
96be1e561acd4a75817c6424d9d4f9f0,live,【最喜歡半夜偷偷來害死一堆人】08/27 !點歌 !魔儲 !7TV 歡迎掛台、留言、聽歌 @hirum0405,2024-08-26T16:10:29Z,https://www.twitch.tv/hirum0405,https://static-cdn.jtvnw.net/previews-ttv/live_user_hirum0405-{width}x{height}.jpg
61e81c6f534247b486b8125bd34fa960,live,【BLUE】混水摸魚DAY2  @blue_kao,2024-08-26T16:18:21Z,https://www.twitch.tv/blue_kao,https://static-cdn.jtvnw.net/previews-ttv/live_user_blue_kao-{width}x{height}.jpg
60a64aca51ed4528895fe35b08231670,live,【鬼風】虛幻城 EP.10 ft.一堆人,2024-08-26T16:20:14Z,https://www.twitch.tv/ghostwind987,https://static-cdn.jtvnw.net/previews-ttv/live_user_ghostwind987-{width}x{height}.jpg
1ea5aa0a7a7d401b897630667cf4b44e,live,【酒雜作業】完了完了，怎麼要9月了？老樣子來做個週表、喝杯酒、聊聊吧！【蓋爾Gale】  @gale_vtuber,2024-08-26T16:27:45Z,https://www.twitch.tv/gale_vtuber,https://static-cdn.jtvnw.net/previews-ttv/live_user_gale_vtuber-{width}x{height}.jpg
5f413dce55614542940c58900ef1c82c,live,0827－晚安閒聊！,2024-08-26T16:34:51Z,https://www.twitch.tv/ziyueouo,https://static-cdn.jtvnw.net/previews-ttv/live_user_ziyueouo-{width}x{height}.jpg
7ca610bac41843a28abba9e947aa9ded,live,欸欸OBS我再給你一次機會 | !JC,2024-08-26T16:54:51Z,https://www.twitch.tv/carryvvvip,https://static-cdn.jtvnw.net/previews-ttv/live_user_carryvvvip-{width}x{height}.jpg